{
  "frames": [
    {
      "file_path": "/media/NFS/ttao/scannet/posed_images/scene0231_01/00000.jpg",
      "transform_matrix": [
        [
          0.896588,
          0.18387,
          -0.402892,
          3.700601
        ],
        [
          0.442057,
          -0.316612,
          0.839251,
          5.530195
        ],
        [
          0.026753,
          -0.930564,
          -0.365152,
          1.529438
        ],
        [
          0.0,
          0.0,
          0.0,
          1.0
        ]
      ]
    },
    {
      "file_path": "/media/NFS/ttao/scannet/posed_images/scene0231_01/00022.jpg",
      "transform_matrix": [
        [
          0.964849,
          0.117559,
          -0.235046,
          3.840829
        ],
        [
          0.26212,
          -0.365904,
          0.892977,
          5.475587
        ],
        [
          0.018973,
          -0.923198,
          -0.383857,
          1.557902
        ],
        [
          0.0,
          0.0,
          0.0,
          1.0
        ]
      ]
    },
    {
      "file_path": "/media/NFS/ttao/scannet/posed_images/scene0231_01/00026.jpg",
      "transform_matrix": [
        [
          0.973872,
          0.108505,
          -0.199498,
          3.877487
        ],
        [
          0.22599,
          -0.376413,
          0.898466,
          5.463287
        ],
        [
          0.022394,
          -0.920076,
          -0.3911,
          1.555388
        ],
        [
          0.0,
          0.0,
          0.0,
          1.0
        ]
      ]
    },
    {
      "file_path": "/media/NFS/ttao/scannet/posed_images/scene0231_01/00052.jpg",
      "transform_matrix": [
        [
          0.992722,
          0.078384,
          -0.091431,
          4.005977
        ],
        [
          0.117564,
          -0.466035,
          0.876921,
          5.389826
        ],
        [
          0.026127,
          -0.881287,
          -0.471858,
          1.514557
        ],
        [
          0.0,
          0.0,
          0.0,
          1.0
        ]
      ]
    },
    {
      "file_path": "/media/NFS/ttao/scannet/posed_images/scene0231_01/00065.jpg",
      "transform_matrix": [
        [
          0.993254,
          0.058956,
          -0.099852,
          4.024564
        ],
        [
          0.115958,
          -0.505469,
          0.855017,
          5.369195
        ],
        [
          -6.3e-05,
          -0.860828,
          -0.508896,
          1.496197
        ],
        [
          0.0,
          0.0,
          0.0,
          1.0
        ]
      ]
    },
    {
      "file_path": "/media/NFS/ttao/scannet/posed_images/scene0231_01/00069.jpg",
      "transform_matrix": [
        [
          0.993688,
          0.055418,
          -0.097533,
          4.025941
        ],
        [
          0.112161,
          -0.505663,
          0.855409,
          5.361233
        ],
        [
          -0.001914,
          -0.860949,
          -0.508688,
          1.492226
        ],
        [
          0.0,
          0.0,
          0.0,
          1.0
        ]
      ]
    },
    {
      "file_path": "/media/NFS/ttao/scannet/posed_images/scene0231_01/00091.jpg",
      "transform_matrix": [
        [
          0.99736,
          0.02904,
          -0.066549,
          4.023978
        ],
        [
          0.070945,
          -0.584817,
          0.808057,
          5.349426
        ],
        [
          -0.015453,
          -0.810646,
          -0.585333,
          1.446976
        ],
        [
          0.0,
          0.0,
          0.0,
          1.0
        ]
      ]
    },
    {
      "file_path": "/media/NFS/ttao/scannet/posed_images/scene0231_01/00100.jpg",
      "transform_matrix": [
        [
          0.999227,
          0.038644,
          0.007215,
          4.012078
        ],
        [
          0.015161,
          -0.548151,
          0.836242,
          5.360807
        ],
        [
          0.03627,
          -0.835486,
          -0.548314,
          1.456715
        ],
        [
          0.0,
          0.0,
          0.0,
          1.0
        ]
      ]
    },
    {
      "file_path": "/media/NFS/ttao/scannet/posed_images/scene0231_01/00113.jpg",
      "transform_matrix": [
        [
          0.995918,
          0.043454,
          0.079118,
          4.020308
        ],
        [
          -0.056116,
          -0.388481,
          0.919746,
          5.37159
        ],
        [
          0.070703,
          -0.920432,
          -0.384457,
          1.523653
        ],
        [
          0.0,
          0.0,
          0.0,
          1.0
        ]
      ]
    },
    {
      "file_path": "/media/NFS/ttao/scannet/posed_images/scene0231_01/00135.jpg",
      "transform_matrix": [
        [
          0.998247,
          0.05563,
          -0.020198,
          4.040607
        ],
        [
          0.029095,
          -0.164107,
          0.986013,
          5.368447
        ],
        [
          0.051538,
          -0.984873,
          -0.165438,
          1.636082
        ],
        [
          0.0,
          0.0,
          0.0,
          1.0
        ]
      ]
    },
    {
      "file_path": "/media/NFS/ttao/scannet/posed_images/scene0231_01/00148.jpg",
      "transform_matrix": [
        [
          0.964838,
          0.054405,
          -0.257154,
          4.055089
        ],
        [
          0.260714,
          -0.073721,
          0.962597,
          5.382212
        ],
        [
          0.033412,
          -0.995794,
          -0.085313,
          1.67151
        ],
        [
          0.0,
          0.0,
          0.0,
          1.0
        ]
      ]
    },
    {
      "file_path": "/media/NFS/ttao/scannet/posed_images/scene0231_01/00161.jpg",
      "transform_matrix": [
        [
          0.90287,
          0.062297,
          -0.425376,
          3.999448
        ],
        [
          0.428271,
          -0.043927,
          0.902582,
          5.389797
        ],
        [
          0.037543,
          -0.99709,
          -0.06634,
          1.680476
        ],
        [
          0.0,
          0.0,
          0.0,
          1.0
        ]
      ]
    },
    {
      "file_path": "/media/NFS/ttao/scannet/posed_images/scene0231_01/00169.jpg",
      "transform_matrix": [
        [
          0.850853,
          0.081957,
          -0.518973,
          4.013134
        ],
        [
          0.523764,
          -0.054311,
          0.85013,
          5.416574
        ],
        [
          0.041488,
          -0.995155,
          -0.089137,
          1.6669
        ],
        [
          0.0,
          0.0,
          0.0,
          1.0
        ]
      ]
    },
    {
      "file_path": "/media/NFS/ttao/scannet/posed_images/scene0231_01/00187.jpg",
      "transform_matrix": [
        [
          0.718705,
          0.191189,
          -0.668513,
          3.962391
        ],
        [
          0.695315,
          -0.197869,
          0.69093,
          5.429082
        ],
        [
          -0.00018,
          -0.961402,
          -0.275147,
          1.608966
        ],
        [
          0.0,
          0.0,
          0.0,
          1.0
        ]
      ]
    },
    {
      "file_path": "/media/NFS/ttao/scannet/posed_images/scene0231_01/00200.jpg",
      "transform_matrix": [
        [
          0.665337,
          0.286864,
          -0.689228,
          3.926966
        ],
        [
          0.746423,
          -0.272196,
          0.607258,
          5.403577
        ],
        [
          -0.013405,
          -0.918487,
          -0.395224,
          1.551834
        ],
        [
          0.0,
          0.0,
          0.0,
          1.0
        ]
      ]
    },
    {
      "file_path": "/media/NFS/ttao/scannet/posed_images/scene0231_01/00221.jpg",
      "transform_matrix": [
        [
          0.695411,
          0.377181,
          -0.611668,
          3.834946
        ],
        [
          0.718576,
          -0.356472,
          0.59714,
          5.294629
        ],
        [
          0.007187,
          -0.854788,
          -0.518927,
          1.500987
        ],
        [
          0.0,
          0.0,
          0.0,
          1.0
        ]
      ]
    },
    {
      "file_path": "/media/NFS/ttao/scannet/posed_images/scene0231_01/00234.jpg",
      "transform_matrix": [
        [
          0.73342,
          0.397765,
          -0.551251,
          3.826326
        ],
        [
          0.679774,
          -0.427263,
          0.596115,
          5.224047
        ],
        [
          0.001584,
          -0.811929,
          -0.583754,
          1.464631
        ],
        [
          0.0,
          0.0,
          0.0,
          1.0
        ]
      ]
    },
    {
      "file_path": "/media/NFS/ttao/scannet/posed_images/scene0231_01/00243.jpg",
      "transform_matrix": [
        [
          0.747757,
          0.413003,
          -0.519892,
          3.821917
        ],
        [
          0.663949,
          -0.471606,
          0.58031,
          5.194334
        ],
        [
          -0.005515,
          -0.779113,
          -0.62686,
          1.453554
        ],
        [
          0.0,
          0.0,
          0.0,
          1.0
        ]
      ]
    },
    {
      "file_path": "/media/NFS/ttao/scannet/posed_images/scene0231_01/00260.jpg",
      "transform_matrix": [
        [
          0.731692,
          0.446367,
          -0.515154,
          3.847099
        ],
        [
          0.681514,
          -0.493327,
          0.540524,
          5.184197
        ],
        [
          -0.012868,
          -0.746582,
          -0.665169,
          1.432585
        ],
        [
          0.0,
          0.0,
          0.0,
          1.0
        ]
      ]
    },
    {
      "file_path": "/media/NFS/ttao/scannet/posed_images/scene0231_01/00282.jpg",
      "transform_matrix": [
        [
          0.765645,
          0.441439,
          -0.467888,
          3.989128
        ],
        [
          0.643112,
          -0.541077,
          0.541887,
          5.264541
        ],
        [
          -0.013953,
          -0.715798,
          -0.698168,
          1.416522
        ],
        [
          0.0,
          0.0,
          0.0,
          1.0
        ]
      ]
    },
    {
      "file_path": "/media/NFS/ttao/scannet/posed_images/scene0231_01/00295.jpg",
      "transform_matrix": [
        [
          0.729569,
          0.439108,
          -0.524321,
          4.048728
        ],
        [
          0.683803,
          -0.481697,
          0.54807,
          5.322472
        ],
        [
          -0.011902,
          -0.758388,
          -0.651695,
          1.437358
        ],
        [
          0.0,
          0.0,
          0.0,
          1.0
        ]
      ]
    },
    {
      "file_path": "/media/NFS/ttao/scannet/posed_images/scene0231_01/00300.jpg",
      "transform_matrix": [
        [
          0.713854,
          0.422514,
          -0.558475,
          4.050234
        ],
        [
          0.699682,
          -0.463659,
          0.543567,
          5.349789
        ],
        [
          -0.029277,
          -0.778783,
          -0.62661,
          1.449601
        ],
        [
          0.0,
          0.0,
          0.0,
          1.0
        ]
      ]
    },
    {
      "file_path": "/media/NFS/ttao/scannet/posed_images/scene0231_01/00326.jpg",
      "transform_matrix": [
        [
          0.752577,
          0.23462,
          -0.615289,
          3.814599
        ],
        [
          0.658264,
          -0.293236,
          0.693326,
          5.538708
        ],
        [
          -0.017757,
          -0.926804,
          -0.375125,
          1.545559
        ],
        [
          0.0,
          0.0,
          0.0,
          1.0
        ]
      ]
    },
    {
      "file_path": "/media/NFS/ttao/scannet/posed_images/scene0231_01/00334.jpg",
      "transform_matrix": [
        [
          0.7432,
          0.179566,
          -0.644523,
          3.774622
        ],
        [
          0.668631,
          -0.234193,
          0.705752,
          5.602818
        ],
        [
          -0.024214,
          -0.955463,
          -0.294116,
          1.562181
        ],
        [
          0.0,
          0.0,
          0.0,
          1.0
        ]
      ]
    },
    {
      "file_path": "/media/NFS/ttao/scannet/posed_images/scene0231_01/00343.jpg",
      "transform_matrix": [
        [
          0.701629,
          0.144544,
          -0.697728,
          3.757382
        ],
        [
          0.712364,
          -0.164232,
          0.682323,
          5.707347
        ],
        [
          -0.015963,
          -0.975774,
          -0.218198,
          1.591768
        ],
        [
          0.0,
          0.0,
          0.0,
          1.0
        ]
      ]
    },
    {
      "file_path": "/media/NFS/ttao/scannet/posed_images/scene0231_01/00365.jpg",
      "transform_matrix": [
        [
          0.519043,
          0.05714,
          -0.852836,
          3.773958
        ],
        [
          0.852294,
          0.040955,
          0.521457,
          5.953753
        ],
        [
          0.064724,
          -0.997526,
          -0.027443,
          1.683013
        ],
        [
          0.0,
          0.0,
          0.0,
          1.0
        ]
      ]
    },
    {
      "file_path": "/media/NFS/ttao/scannet/posed_images/scene0231_01/00373.jpg",
      "transform_matrix": [
        [
          0.455636,
          0.017054,
          -0.890003,
          3.748013
        ],
        [
          0.887547,
          0.067936,
          0.455681,
          5.982446
        ],
        [
          0.068234,
          -0.997544,
          0.015818,
          1.703887
        ],
        [
          0.0,
          0.0,
          0.0,
          1.0
        ]
      ]
    },
    {
      "file_path": "/media/NFS/ttao/scannet/posed_images/scene0231_01/00399.jpg",
      "transform_matrix": [
        [
          -0.014537,
          -0.123619,
          -0.992223,
          3.679949
        ],
        [
          0.990347,
          0.135023,
          -0.031332,
          6.157862
        ],
        [
          0.137846,
          -0.983101,
          0.120463,
          1.764324
        ],
        [
          0.0,
          0.0,
          0.0,
          1.0
        ]
      ]
    },
    {
      "file_path": "/media/NFS/ttao/scannet/posed_images/scene0231_01/00408.jpg",
      "transform_matrix": [
        [
          -0.180224,
          -0.151884,
          -0.971828,
          3.683139
        ],
        [
          0.971888,
          0.12468,
          -0.199721,
          6.066269
        ],
        [
          0.151502,
          -0.980503,
          0.125144,
          1.768596
        ],
        [
          0.0,
          0.0,
          0.0,
          1.0
        ]
      ]
    },
    {
      "file_path": "/media/NFS/ttao/scannet/posed_images/scene0231_01/00417.jpg",
      "transform_matrix": [
        [
          -0.268498,
          -0.17877,
          -0.946547,
          3.733198
        ],
        [
          0.947524,
          0.127983,
          -0.292947,
          5.979055
        ],
        [
          0.173512,
          -0.975532,
          0.135026,
          1.766302
        ],
        [
          0.0,
          0.0,
          0.0,
          1.0
        ]
      ]
    },
    {
      "file_path": "/media/NFS/ttao/scannet/posed_images/scene0231_01/00443.jpg",
      "transform_matrix": [
        [
          -0.600222,
          -0.006692,
          -0.799806,
          3.840103
        ],
        [
          0.78966,
          0.154025,
          -0.593896,
          5.799341
        ],
        [
          0.127164,
          -0.988044,
          -0.087165,
          1.645464
        ],
        [
          0.0,
          0.0,
          0.0,
          1.0
        ]
      ]
    },
    {
      "file_path": "/media/NFS/ttao/scannet/posed_images/scene0231_01/00451.jpg",
      "transform_matrix": [
        [
          -0.654107,
          0.084193,
          -0.751702,
          3.851158
        ],
        [
          0.751767,
          0.182208,
          -0.633757,
          5.759666
        ],
        [
          0.083608,
          -0.979649,
          -0.182477,
          1.610685
        ],
        [
          0.0,
          0.0,
          0.0,
          1.0
        ]
      ]
    },
    {
      "file_path": "/media/NFS/ttao/scannet/posed_images/scene0231_01/00464.jpg",
      "transform_matrix": [
        [
          -0.728425,
          0.202183,
          -0.654614,
          3.875438
        ],
        [
          0.684124,
          0.266288,
          -0.679018,
          5.668674
        ],
        [
          0.03703,
          -0.942451,
          -0.332289,
          1.546992
        ],
        [
          0.0,
          0.0,
          0.0,
          1.0
        ]
      ]
    },
    {
      "file_path": "/media/NFS/ttao/scannet/posed_images/scene0231_01/00478.jpg",
      "transform_matrix": [
        [
          -0.756073,
          0.306546,
          -0.578259,
          3.909434
        ],
        [
          0.654476,
          0.359487,
          -0.665154,
          5.575986
        ],
        [
          0.003976,
          -0.881362,
          -0.472425,
          1.469579
        ],
        [
          0.0,
          0.0,
          0.0,
          1.0
        ]
      ]
    },
    {
      "file_path": "/media/NFS/ttao/scannet/posed_images/scene0231_01/00491.jpg",
      "transform_matrix": [
        [
          -0.739583,
          0.422145,
          -0.524224,
          3.940534
        ],
        [
          0.671672,
          0.412809,
          -0.615179,
          5.525068
        ],
        [
          -0.043291,
          -0.807083,
          -0.588849,
          1.425164
        ],
        [
          0.0,
          0.0,
          0.0,
          1.0
        ]
      ]
    },
    {
      "file_path": "/media/NFS/ttao/scannet/posed_images/scene0231_01/00512.jpg",
      "transform_matrix": [
        [
          -0.636344,
          0.361879,
          -0.681256,
          3.970722
        ],
        [
          0.770785,
          0.262864,
          -0.580338,
          5.307076
        ],
        [
          -0.030934,
          -0.894397,
          -0.446203,
          1.448336
        ],
        [
          0.0,
          0.0,
          0.0,
          1.0
        ]
      ]
    },
    {
      "file_path": "/media/NFS/ttao/scannet/posed_images/scene0231_01/00521.jpg",
      "transform_matrix": [
        [
          -0.685181,
          0.32014,
          -0.654245,
          3.966305
        ],
        [
          0.72733,
          0.252685,
          -0.638077,
          5.224497
        ],
        [
          -0.038956,
          -0.913051,
          -0.405982,
          1.467117
        ],
        [
          0.0,
          0.0,
          0.0,
          1.0
        ]
      ]
    },
    {
      "file_path": "/media/NFS/ttao/scannet/posed_images/scene0231_01/00538.jpg",
      "transform_matrix": [
        [
          -0.773279,
          0.180842,
          -0.60773,
          3.918753
        ],
        [
          0.634065,
          0.218945,
          -0.741637,
          5.163263
        ],
        [
          -0.001059,
          -0.958832,
          -0.283971,
          1.533333
        ],
        [
          0.0,
          0.0,
          0.0,
          1.0
        ]
      ]
    },
    {
      "file_path": "/media/NFS/ttao/scannet/posed_images/scene0231_01/00551.jpg",
      "transform_matrix": [
        [
          -0.750956,
          0.075898,
          -0.655976,
          3.872819
        ],
        [
          0.658871,
          0.152619,
          -0.736612,
          5.202631
        ],
        [
          0.044207,
          -0.985366,
          -0.164618,
          1.621531
        ],
        [
          0.0,
          0.0,
          0.0,
          1.0
        ]
      ]
    },
    {
      "file_path": "/media/NFS/ttao/scannet/posed_images/scene0231_01/00573.jpg",
      "transform_matrix": [
        [
          -0.916193,
          0.034089,
          -0.399285,
          3.644682
        ],
        [
          0.399613,
          0.152297,
          -0.903944,
          5.415803
        ],
        [
          0.029996,
          -0.987747,
          -0.153156,
          1.656848
        ],
        [
          0.0,
          0.0,
          0.0,
          1.0
        ]
      ]
    },
    {
      "file_path": "/media/NFS/ttao/scannet/posed_images/scene0231_01/00586.jpg",
      "transform_matrix": [
        [
          -0.96247,
          0.026996,
          -0.270041,
          3.483927
        ],
        [
          0.270669,
          0.167864,
          -0.947924,
          5.519732
        ],
        [
          0.01974,
          -0.98544,
          -0.168871,
          1.636853
        ],
        [
          0.0,
          0.0,
          0.0,
          1.0
        ]
      ]
    },
    {
      "file_path": "/media/NFS/ttao/scannet/posed_images/scene0231_01/00595.jpg",
      "transform_matrix": [
        [
          -0.993154,
          -0.001308,
          -0.116806,
          3.349654
        ],
        [
          0.114641,
          0.18101,
          -0.976777,
          5.602135
        ],
        [
          0.02242,
          -0.98348,
          -0.179621,
          1.652267
        ],
        [
          0.0,
          0.0,
          0.0,
          1.0
        ]
      ]
    },
    {
      "file_path": "/media/NFS/ttao/scannet/posed_images/scene0231_01/00616.jpg",
      "transform_matrix": [
        [
          -0.949868,
          -0.094659,
          0.297977,
          3.107985
        ],
        [
          -0.311842,
          0.218317,
          -0.924712,
          5.774438
        ],
        [
          0.022479,
          -0.971276,
          -0.236891,
          1.660814
        ],
        [
          0.0,
          0.0,
          0.0,
          1.0
        ]
      ]
    },
    {
      "file_path": "/media/NFS/ttao/scannet/posed_images/scene0231_01/00629.jpg",
      "transform_matrix": [
        [
          -0.876121,
          -0.165097,
          0.45294,
          3.042782
        ],
        [
          -0.481083,
          0.238695,
          -0.843554,
          5.736385
        ],
        [
          0.031154,
          -0.956957,
          -0.288551,
          1.641359
        ],
        [
          0.0,
          0.0,
          0.0,
          1.0
        ]
      ]
    },
    {
      "file_path": "/media/NFS/ttao/scannet/posed_images/scene0231_01/00638.jpg",
      "transform_matrix": [
        [
          -0.807542,
          -0.201961,
          0.554155,
          3.008216
        ],
        [
          -0.588844,
          0.222306,
          -0.777073,
          5.666248
        ],
        [
          0.033746,
          -0.95383,
          -0.298445,
          1.610906
        ],
        [
          0.0,
          0.0,
          0.0,
          1.0
        ]
      ]
    },
    {
      "file_path": "/media/NFS/ttao/scannet/posed_images/scene0231_01/00651.jpg",
      "transform_matrix": [
        [
          -0.732857,
          -0.258804,
          0.629238,
          3.05793
        ],
        [
          -0.680073,
          0.250772,
          -0.688922,
          5.65711
        ],
        [
          0.020501,
          -0.93281,
          -0.359786,
          1.650089
        ],
        [
          0.0,
          0.0,
          0.0,
          1.0
        ]
      ]
    },
    {
      "file_path": "/media/NFS/ttao/scannet/posed_images/scene0231_01/00673.jpg",
      "transform_matrix": [
        [
          -0.45802,
          -0.332512,
          0.824411,
          2.986024
        ],
        [
          -0.888941,
          0.169809,
          -0.425382,
          5.652952
        ],
        [
          0.001452,
          -0.927686,
          -0.373359,
          1.655402
        ],
        [
          0.0,
          0.0,
          0.0,
          1.0
        ]
      ]
    },
    {
      "file_path": "/media/NFS/ttao/scannet/posed_images/scene0231_01/00686.jpg",
      "transform_matrix": [
        [
          -0.307088,
          -0.368724,
          0.877348,
          2.956423
        ],
        [
          -0.951629,
          0.128631,
          -0.279028,
          5.683126
        ],
        [
          -0.00997,
          -0.920596,
          -0.390389,
          1.661792
        ],
        [
          0.0,
          0.0,
          0.0,
          1.0
        ]
      ]
    },
    {
      "file_path": "/media/NFS/ttao/scannet/posed_images/scene0231_01/00690.jpg",
      "transform_matrix": [
        [
          -0.268944,
          -0.371816,
          0.888494,
          2.96605
        ],
        [
          -0.963059,
          0.11688,
          -0.242602,
          5.723201
        ],
        [
          -0.013643,
          -0.920919,
          -0.389515,
          1.659009
        ],
        [
          0.0,
          0.0,
          0.0,
          1.0
        ]
      ]
    },
    {
      "file_path": "/media/NFS/ttao/scannet/posed_images/scene0231_01/00712.jpg",
      "transform_matrix": [
        [
          0.023382,
          -0.383558,
          0.923221,
          2.951186
        ],
        [
          -0.999084,
          0.024143,
          0.035334,
          5.817567
        ],
        [
          -0.035842,
          -0.923201,
          -0.382642,
          1.619857
        ],
        [
          0.0,
          0.0,
          0.0,
          1.0
        ]
      ]
    },
    {
      "file_path": "/media/NFS/ttao/scannet/posed_images/scene0231_01/00721.jpg",
      "transform_matrix": [
        [
          0.116149,
          -0.368591,
          0.922307,
          2.950187
        ],
        [
          -0.992163,
          8e-06,
          0.124949,
          5.829845
        ],
        [
          -0.046063,
          -0.929592,
          -0.365701,
          1.625543
        ],
        [
          0.0,
          0.0,
          0.0,
          1.0
        ]
      ]
    },
    {
      "file_path": "/media/NFS/ttao/scannet/posed_images/scene0231_01/00742.jpg",
      "transform_matrix": [
        [
          0.337532,
          -0.292779,
          0.894624,
          2.996723
        ],
        [
          -0.939168,
          -0.040613,
          0.341047,
          5.899136
        ],
        [
          -0.063518,
          -0.955317,
          -0.288678,
          1.604312
        ],
        [
          0.0,
          0.0,
          0.0,
          1.0
        ]
      ]
    },
    {
      "file_path": "/media/NFS/ttao/scannet/posed_images/scene0231_01/00751.jpg",
      "transform_matrix": [
        [
          0.39595,
          -0.239549,
          0.886476,
          3.040227
        ],
        [
          -0.9178,
          -0.072294,
          0.390405,
          5.962081
        ],
        [
          -0.029434,
          -0.968189,
          -0.248483,
          1.627976
        ],
        [
          0.0,
          0.0,
          0.0,
          1.0
        ]
      ]
    },
    {
      "file_path": "/media/NFS/ttao/scannet/posed_images/scene0231_01/00773.jpg",
      "transform_matrix": [
        [
          0.555584,
          -0.053987,
          0.829706,
          3.141969
        ],
        [
          -0.83145,
          -0.040987,
          0.554085,
          5.993225
        ],
        [
          0.004094,
          -0.9977,
          -0.067659,
          1.688017
        ],
        [
          0.0,
          0.0,
          0.0,
          1.0
        ]
      ]
    },
    {
      "file_path": "/media/NFS/ttao/scannet/posed_images/scene0231_01/00786.jpg",
      "transform_matrix": [
        [
          0.67567,
          -0.067169,
          0.734138,
          3.247714
        ],
        [
          -0.736771,
          -0.095667,
          0.66934,
          5.942682
        ],
        [
          0.025274,
          -0.993145,
          -0.114128,
          1.674195
        ],
        [
          0.0,
          0.0,
          0.0,
          1.0
        ]
      ]
    },
    {
      "file_path": "/media/NFS/ttao/scannet/posed_images/scene0231_01/00794.jpg",
      "transform_matrix": [
        [
          0.774898,
          -0.080964,
          0.62688,
          3.306776
        ],
        [
          -0.631542,
          -0.140343,
          0.762535,
          5.933268
        ],
        [
          0.02624,
          -0.986787,
          -0.159884,
          1.650339
        ],
        [
          0.0,
          0.0,
          0.0,
          1.0
        ]
      ]
    },
    {
      "file_path": "/media/NFS/ttao/scannet/posed_images/scene0231_01/00816.jpg",
      "transform_matrix": [
        [
          0.957278,
          -0.069846,
          0.280607,
          3.475595
        ],
        [
          -0.287979,
          -0.31819,
          0.903229,
          5.870362
        ],
        [
          0.026199,
          -0.94545,
          -0.324711,
          1.562709
        ],
        [
          0.0,
          0.0,
          0.0,
          1.0
        ]
      ]
    },
    {
      "file_path": "/media/NFS/ttao/scannet/posed_images/scene0231_01/00825.jpg",
      "transform_matrix": [
        [
          0.987961,
          -0.049939,
          0.146417,
          3.52336
        ],
        [
          -0.154206,
          -0.393447,
          0.906322,
          5.759441
        ],
        [
          0.012347,
          -0.91799,
          -0.396412,
          1.56075
        ],
        [
          0.0,
          0.0,
          0.0,
          1.0
        ]
      ]
    },
    {
      "file_path": "/media/NFS/ttao/scannet/posed_images/scene0231_01/00846.jpg",
      "transform_matrix": [
        [
          0.98628,
          -0.102137,
          0.129692,
          3.555768
        ],
        [
          -0.161507,
          -0.434411,
          0.886116,
          5.52691
        ],
        [
          -0.034166,
          -0.894905,
          -0.444947,
          1.521078
        ],
        [
          0.0,
          0.0,
          0.0,
          1.0
        ]
      ]
    },
    {
      "file_path": "/media/NFS/ttao/scannet/posed_images/scene0231_01/00851.jpg",
      "transform_matrix": [
        [
          0.977837,
          -0.132999,
          0.161696,
          3.537966
        ],
        [
          -0.20475,
          -0.446182,
          0.871205,
          5.497812
        ],
        [
          -0.043723,
          -0.885005,
          -0.463525,
          1.507033
        ],
        [
          0.0,
          0.0,
          0.0,
          1.0
        ]
      ]
    },
    {
      "file_path": "/media/NFS/ttao/scannet/posed_images/scene0231_01/00877.jpg",
      "transform_matrix": [
        [
          0.997493,
          -0.068748,
          -0.016743,
          3.486124
        ],
        [
          -0.027559,
          -0.595417,
          0.802944,
          5.263876
        ],
        [
          -0.06517,
          -0.80047,
          -0.595819,
          1.432558
        ],
        [
          0.0,
          0.0,
          0.0,
          1.0
        ]
      ]
    },
    {
      "file_path": "/media/NFS/ttao/scannet/posed_images/scene0231_01/00886.jpg",
      "transform_matrix": [
        [
          0.97789,
          0.080849,
          -0.192857,
          3.518087
        ],
        [
          0.201493,
          -0.611046,
          0.765521,
          5.141342
        ],
        [
          -0.055953,
          -0.787456,
          -0.613827,
          1.41948
        ],
        [
          0.0,
          0.0,
          0.0,
          1.0
        ]
      ]
    },
    {
      "file_path": "/media/NFS/ttao/scannet/posed_images/scene0231_01/00903.jpg",
      "transform_matrix": [
        [
          0.867006,
          0.212332,
          -0.450794,
          3.567185
        ],
        [
          0.485984,
          -0.560183,
          0.670831,
          4.992849
        ],
        [
          -0.110088,
          -0.800693,
          -0.588872,
          1.432975
        ],
        [
          0.0,
          0.0,
          0.0,
          1.0
        ]
      ]
    },
    {
      "file_path": "/media/NFS/ttao/scannet/posed_images/scene0231_01/00912.jpg",
      "transform_matrix": [
        [
          0.812404,
          0.244547,
          -0.529336,
          3.546747
        ],
        [
          0.570969,
          -0.517806,
          0.63708,
          4.926427
        ],
        [
          -0.118297,
          -0.819801,
          -0.560296,
          1.44781
        ],
        [
          0.0,
          0.0,
          0.0,
          1.0
        ]
      ]
    },
    {
      "file_path": "/media/NFS/ttao/scannet/posed_images/scene0231_01/00929.jpg",
      "transform_matrix": [
        [
          0.806204,
          0.318943,
          -0.498307,
          3.511758
        ],
        [
          0.584963,
          -0.55586,
          0.590624,
          4.731049
        ],
        [
          -0.088614,
          -0.767655,
          -0.634707,
          1.429233
        ],
        [
          0.0,
          0.0,
          0.0,
          1.0
        ]
      ]
    },
    {
      "file_path": "/media/NFS/ttao/scannet/posed_images/scene0231_01/00938.jpg",
      "transform_matrix": [
        [
          0.849033,
          0.298713,
          -0.43579,
          3.516834
        ],
        [
          0.521164,
          -0.608983,
          0.597935,
          4.639207
        ],
        [
          -0.086778,
          -0.734785,
          -0.672726,
          1.420599
        ],
        [
          0.0,
          0.0,
          0.0,
          1.0
        ]
      ]
    },
    {
      "file_path": "/media/NFS/ttao/scannet/posed_images/scene0231_01/00959.jpg",
      "transform_matrix": [
        [
          0.845723,
          0.3273,
          -0.421458,
          3.591745
        ],
        [
          0.523074,
          -0.66473,
          0.533411,
          4.555646
        ],
        [
          -0.105571,
          -0.671572,
          -0.73338,
          1.399388
        ],
        [
          0.0,
          0.0,
          0.0,
          1.0
        ]
      ]
    },
    {
      "file_path": "/media/NFS/ttao/scannet/posed_images/scene0231_01/00968.jpg",
      "transform_matrix": [
        [
          0.856172,
          0.309848,
          -0.413477,
          3.628343
        ],
        [
          0.50333,
          -0.680953,
          0.531941,
          4.530333
        ],
        [
          -0.116738,
          -0.663549,
          -0.738969,
          1.393883
        ],
        [
          0.0,
          0.0,
          0.0,
          1.0
        ]
      ]
    },
    {
      "file_path": "/media/NFS/ttao/scannet/posed_images/scene0231_01/00981.jpg",
      "transform_matrix": [
        [
          0.899568,
          0.258724,
          -0.351908,
          3.689605
        ],
        [
          0.424994,
          -0.704379,
          0.568533,
          4.550125
        ],
        [
          -0.100784,
          -0.660993,
          -0.743593,
          1.405425
        ],
        [
          0.0,
          0.0,
          0.0,
          1.0
        ]
      ]
    },
    {
      "file_path": "/media/NFS/ttao/scannet/posed_images/scene0231_01/01003.jpg",
      "transform_matrix": [
        [
          0.895502,
          0.228409,
          -0.381976,
          3.733471
        ],
        [
          0.4416,
          -0.562778,
          0.698763,
          4.73327
        ],
        [
          -0.055364,
          -0.794424,
          -0.604834,
          1.457776
        ],
        [
          0.0,
          0.0,
          0.0,
          1.0
        ]
      ]
    },
    {
      "file_path": "/media/NFS/ttao/scannet/posed_images/scene0231_01/01020.jpg",
      "transform_matrix": [
        [
          0.867236,
          0.196315,
          -0.457561,
          3.695862
        ],
        [
          0.497477,
          -0.379389,
          0.780116,
          5.021589
        ],
        [
          -0.020445,
          -0.904171,
          -0.426681,
          1.542124
        ],
        [
          0.0,
          0.0,
          0.0,
          1.0
        ]
      ]
    },
    {
      "file_path": "/media/NFS/ttao/scannet/posed_images/scene0231_01/01033.jpg",
      "transform_matrix": [
        [
          0.814184,
          0.147037,
          -0.56168,
          3.741801
        ],
        [
          0.580458,
          -0.228096,
          0.781691,
          5.247784
        ],
        [
          -0.013179,
          -0.962472,
          -0.271061,
          1.567446
        ],
        [
          0.0,
          0.0,
          0.0,
          1.0
        ]
      ]
    },
    {
      "file_path": "/media/NFS/ttao/scannet/posed_images/scene0231_01/01051.jpg",
      "transform_matrix": [
        [
          0.700238,
          0.156176,
          -0.696618,
          3.747974
        ],
        [
          0.713847,
          -0.166118,
          0.680314,
          5.541738
        ],
        [
          -0.009472,
          -0.97366,
          -0.227808,
          1.58298
        ],
        [
          0.0,
          0.0,
          0.0,
          1.0
        ]
      ]
    },
    {
      "file_path": "/media/NFS/ttao/scannet/posed_images/scene0231_01/01055.jpg",
      "transform_matrix": [
        [
          0.711686,
          0.166534,
          -0.682473,
          3.699138
        ],
        [
          0.702089,
          -0.135513,
          0.699075,
          5.59256
        ],
        [
          0.023936,
          -0.976679,
          -0.213364,
          1.586989
        ],
        [
          0.0,
          0.0,
          0.0,
          1.0
        ]
      ]
    },
    {
      "file_path": "/media/NFS/ttao/scannet/posed_images/scene0231_01/01072.jpg",
      "transform_matrix": [
        [
          0.593277,
          0.104512,
          -0.798185,
          3.532889
        ],
        [
          0.80441,
          -0.039069,
          0.592788,
          5.821517
        ],
        [
          0.030769,
          -0.993756,
          -0.10725,
          1.648993
        ],
        [
          0.0,
          0.0,
          0.0,
          1.0
        ]
      ]
    },
    {
      "file_path": "/media/NFS/ttao/scannet/posed_images/scene0231_01/01085.jpg",
      "transform_matrix": [
        [
          0.391282,
          0.047274,
          -0.919056,
          3.463934
        ],
        [
          0.919126,
          0.029725,
          0.392841,
          6.045927
        ],
        [
          0.04589,
          -0.99844,
          -0.03182,
          1.674935
        ],
        [
          0.0,
          0.0,
          0.0,
          1.0
        ]
      ]
    },
    {
      "file_path": "/media/NFS/ttao/scannet/posed_images/scene0231_01/01098.jpg",
      "transform_matrix": [
        [
          0.214834,
          0.086127,
          -0.972845,
          3.355493
        ],
        [
          0.974702,
          0.043979,
          0.219137,
          6.215226
        ],
        [
          0.061658,
          -0.995313,
          -0.0745,
          1.687535
        ],
        [
          0.0,
          0.0,
          0.0,
          1.0
        ]
      ]
    },
    {
      "file_path": "/media/NFS/ttao/scannet/posed_images/scene0231_01/01116.jpg",
      "transform_matrix": [
        [
          0.031302,
          0.002902,
          -0.999506,
          3.129423
        ],
        [
          0.995617,
          0.088088,
          0.031436,
          6.332869
        ],
        [
          0.088136,
          -0.996109,
          -0.000132,
          1.714308
        ],
        [
