{
  "frames": [
    {
      "file_path": "/media/NFS/ttao/scannet/posed_images/scene0265_02/00000.jpg",
      "transform_matrix": [
        [
          0.982328,
          0.092608,
          -0.162651,
          1.308411
        ],
        [
          0.180333,
          -0.700977,
          0.690008,
          0.90037
        ],
        [
          -0.050114,
          -0.707146,
          -0.70529,
          1.245945
        ],
        [
          0.0,
          0.0,
          0.0,
          1.0
        ]
      ]
    },
    {
      "file_path": "/media/NFS/ttao/scannet/posed_images/scene0265_02/00008.jpg",
      "transform_matrix": [
        [
          0.979617,
          0.095567,
          -0.176685,
          1.304975
        ],
        [
          0.192193,
          -0.701702,
          0.686058,
          0.884847
        ],
        [
          -0.058415,
          -0.706032,
          -0.705767,
          1.243395
        ],
        [
          0.0,
          0.0,
          0.0,
          1.0
        ]
      ]
    },
    {
      "file_path": "/media/NFS/ttao/scannet/posed_images/scene0265_02/00009.jpg",
      "transform_matrix": [
        [
          0.979761,
          0.093438,
          -0.177024,
          1.303903
        ],
        [
          0.191063,
          -0.70025,
          0.687855,
          0.883295
        ],
        [
          -0.059689,
          -0.707756,
          -0.703931,
          1.243984
        ],
        [
          0.0,
          0.0,
          0.0,
          1.0
        ]
      ]
    },
    {
      "file_path": "/media/NFS/ttao/scannet/posed_images/scene0265_02/00014.jpg",
      "transform_matrix": [
        [
          0.983752,
          0.082256,
          -0.159581,
          1.297885
        ],
        [
          0.171645,
          -0.691502,
          0.701686,
          0.878252
        ],
        [
          -0.052633,
          -0.717676,
          -0.694385,
          1.24774
        ],
        [
          0.0,
          0.0,
          0.0,
          1.0
        ]
      ]
    },
    {
      "file_path": "/media/NFS/ttao/scannet/posed_images/scene0265_02/00020.jpg",
      "transform_matrix": [
        [
          0.992321,
          0.05494,
          -0.110819,
          1.268486
        ],
        [
          0.117369,
          -0.70099,
          0.703447,
          0.878249
        ],
        [
          -0.039036,
          -0.711052,
          -0.702055,
          1.23944
        ],
        [
          0.0,
          0.0,
          0.0,
          1.0
        ]
      ]
    },
    {
      "file_path": "/media/NFS/ttao/scannet/posed_images/scene0265_02/00028.jpg",
      "transform_matrix": [
        [
          0.997535,
          0.007403,
          -0.069778,
          1.201653
        ],
        [
          0.05295,
          -0.731939,
          0.67931,
          0.878882
        ],
        [
          -0.046044,
          -0.68133,
          -0.730526,
          1.224072
        ],
        [
          0.0,
          0.0,
          0.0,
          1.0
        ]
      ]
    },
    {
      "file_path": "/media/NFS/ttao/scannet/posed_images/scene0265_02/00032.jpg",
      "transform_matrix": [
        [
          0.998836,
          -0.012983,
          -0.046453,
          1.174429
        ],
        [
          0.021568,
          -0.74122,
          0.670915,
          0.879941
        ],
        [
          -0.043143,
          -0.671136,
          -0.740078,
          1.221036
        ],
        [
          0.0,
          0.0,
          0.0,
          1.0
        ]
      ]
    },
    {
      "file_path": "/media/NFS/ttao/scannet/posed_images/scene0265_02/00039.jpg",
      "transform_matrix": [
        [
          0.998522,
          -0.038214,
          -0.038632,
          1.138732
        ],
        [
          -0.000405,
          -0.716161,
          0.697935,
          0.86515
        ],
        [
          -0.054338,
          -0.696888,
          -0.715118,
          1.220024
        ],
        [
          0.0,
          0.0,
          0.0,
          1.0
        ]
      ]
    },
    {
      "file_path": "/media/NFS/ttao/scannet/posed_images/scene0265_02/00040.jpg",
      "transform_matrix": [
        [
          0.998752,
          -0.040146,
          -0.029692,
          1.133921
        ],
        [
          -0.007618,
          -0.710176,
          0.703983,
          0.85974
        ],
        [
          -0.049349,
          -0.702878,
          -0.709596,
          1.21593
        ],
        [
          0.0,
          0.0,
          0.0,
          1.0
        ]
      ]
    },
    {
      "file_path": "/media/NFS/ttao/scannet/posed_images/scene0265_02/00046.jpg",
      "transform_matrix": [
        [
          0.996274,
          -0.075289,
          0.042063,
          1.105056
        ],
        [
          -0.08312,
          -0.70821,
          0.701092,
          0.843771
        ],
        [
          -0.022995,
          -0.701976,
          -0.711829,
          1.194815
        ],
        [
          0.0,
          0.0,
          0.0,
          1.0
        ]
      ]
    },
    {
      "file_path": "/media/NFS/ttao/scannet/posed_images/scene0265_02/00054.jpg",
      "transform_matrix": [
        [
          0.993637,
          -0.08911,
          0.068885,
          1.067169
        ],
        [
          -0.111687,
          -0.70051,
          0.704849,
          0.810777
        ],
        [
          -0.014555,
          -0.708058,
          -0.706005,
          1.150697
        ],
        [
          0.0,
          0.0,
          0.0,
          1.0
        ]
      ]
    },
    {
      "file_path": "/media/NFS/ttao/scannet/posed_images/scene0265_02/00056.jpg",
      "transform_matrix": [
        [
          0.994499,
          -0.073679,
          0.074448,
          1.058716
        ],
        [
          -0.104742,
          -0.695792,
          0.710565,
          0.800079
        ],
        [
          -0.000553,
          -0.714454,
          -0.699682,
          1.139378
        ],
        [
          0.0,
          0.0,
          0.0,
          1.0
        ]
      ]
    },
    {
      "file_path": "/media/NFS/ttao/scannet/posed_images/scene0265_02/00063.jpg",
      "transform_matrix": [
        [
          0.996827,
          -0.026972,
          0.074894,
          1.040444
        ],
        [
          -0.072484,
          -0.696453,
          0.713932,
          0.7682
        ],
        [
          0.032904,
          -0.717095,
          -0.696198,
          1.104801
        ],
        [
          0.0,
          0.0,
          0.0,
          1.0
        ]
      ]
    },
    {
      "file_path": "/media/NFS/ttao/scannet/posed_images/scene0265_02/00066.jpg",
      "transform_matrix": [
        [
          0.996493,
          -0.020653,
          0.081091,
          1.040931
        ],
        [
          -0.072205,
          -0.702012,
          0.708496,
          0.764144
        ],
        [
          0.042294,
          -0.711866,
          -0.701041,
          1.101848
        ],
        [
          0.0,
          0.0,
          0.0,
          1.0
        ]
      ]
    },
    {
      "file_path": "/media/NFS/ttao/scannet/posed_images/scene0265_02/00071.jpg",
      "transform_matrix": [
        [
          0.997157,
          -0.021446,
          0.072234,
          1.052953
        ],
        [
          -0.067215,
          -0.686431,
          0.724082,
          0.763241
        ],
        [
          0.034055,
          -0.726879,
          -0.685921,
          1.11125
        ],
        [
          0.0,
          0.0,
          0.0,
          1.0
        ]
      ]
    },
    {
      "file_path": "/media/NFS/ttao/scannet/posed_images/scene0265_02/00077.jpg",
      "transform_matrix": [
        [
          0.995745,
          -0.047425,
          0.079014,
          1.082864
        ],
        [
          -0.090122,
          -0.680179,
          0.727486,
          0.77744
        ],
        [
          0.019243,
          -0.731511,
          -0.681558,
          1.127646
        ],
        [
          0.0,
          0.0,
          0.0,
          1.0
        ]
      ]
    },
    {
      "file_path": "/media/NFS/ttao/scannet/posed_images/scene0265_02/00082.jpg",
      "transform_matrix": [
        [
          0.994001,
          -0.067957,
          0.085696,
          1.131843
        ],
        [
          -0.10903,
          -0.677482,
          0.727414,
          0.790308
        ],
        [
          0.008625,
          -0.732393,
          -0.680827,
          1.144794
        ],
        [
          0.0,
          0.0,
          0.0,
          1.0
        ]
      ]
    },
    {
      "file_path": "/media/NFS/ttao/scannet/posed_images/scene0265_02/00089.jpg",
      "transform_matrix": [
        [
          0.983514,
          -0.121668,
          0.133781,
          1.168919
        ],
        [
          -0.180607,
          -0.697878,
          0.693071,
          0.808293
        ],
        [
          0.009038,
          -0.705807,
          -0.708347,
          1.148162
        ],
        [
          0.0,
          0.0,
          0.0,
          1.0
        ]
      ]
    },
    {
      "file_path": "/media/NFS/ttao/scannet/posed_images/scene0265_02/00096.jpg",
      "transform_matrix": [
        [
          0.974433,
          -0.167827,
          0.149379,
          1.184844
        ],
        [
          -0.224655,
          -0.718269,
          0.658498,
          0.819986
        ],
        [
          -0.00322,
          -0.675221,
          -0.737608,
          1.143797
        ],
        [
          0.0,
          0.0,
          0.0,
          1.0
        ]
      ]
    },
    {
      "file_path": "/media/NFS/ttao/scannet/posed_images/scene0265_02/00100.jpg",
      "transform_matrix": [
        [
          0.971154,
          -0.188793,
          0.145662,
          1.187121
        ],
        [
          -0.237673,
          -0.716998,
          0.655305,
          0.825565
        ],
        [
          -0.019277,
          -0.671022,
          -0.741187,
          1.147105
        ],
        [
          0.0,
          0.0,
          0.0,
          1.0
        ]
      ]
    },
    {
      "file_path": "/media/NFS/ttao/scannet/posed_images/scene0265_02/00105.jpg",
      "transform_matrix": [
        [
          0.973175,
          -0.188326,
          0.132146,
          1.188431
        ],
        [
          -0.227344,
          -0.699145,
          0.677872,
          0.833197
        ],
        [
          -0.035272,
          -0.689731,
          -0.723206,
          1.16644
        ],
        [
          0.0,
          0.0,
          0.0,
          1.0
        ]
      ]
    },
    {
      "file_path": "/media/NFS/ttao/scannet/posed_images/scene0265_02/00106.jpg",
      "transform_matrix": [
        [
          0.974019,
          -0.184119,
          0.131859,
          1.188351
        ],
        [
          -0.22408,
          -0.699271,
          0.678829,
          0.835991
        ],
        [
          -0.03278,
          -0.690739,
          -0.72236,
          1.170765
        ],
        [
          0.0,
          0.0,
          0.0,
          1.0
        ]
      ]
    },
    {
      "file_path": "/media/NFS/ttao/scannet/posed_images/scene0265_02/00113.jpg",
      "transform_matrix": [
        [
          0.981019,
          -0.152002,
          0.120401,
          1.197979
        ],
        [
          -0.192675,
          -0.694158,
          0.693556,
          0.851646
        ],
        [
          -0.021845,
          -0.703591,
          -0.71027,
          1.196087
        ],
        [
          0.0,
          0.0,
          0.0,
          1.0
        ]
      ]
    },
    {
      "file_path": "/media/NFS/ttao/scannet/posed_images/scene0265_02/00117.jpg",
      "transform_matrix": [
        [
          0.982398,
          -0.14844,
          0.113399,
          1.21278
        ],
        [
          -0.184484,
          -0.675732,
          0.713688,
          0.860413
        ],
        [
          -0.029312,
          -0.722047,
          -0.691223,
          1.219793
        ],
        [
          0.0,
          0.0,
          0.0,
          1.0
        ]
      ]
    },
    {
      "file_path": "/media/NFS/ttao/scannet/posed_images/scene0265_02/00125.jpg",
      "transform_matrix": [
        [
          0.981992,
          -0.14831,
          0.117032,
          1.254801
        ],
        [
          -0.184209,
          -0.614124,
          0.76741,
          0.873163
        ],
        [
          -0.041942,
          -0.775149,
          -0.630385,
          1.264498
        ],
        [
          0.0,
          0.0,
          0.0,
          1.0
        ]
      ]
    },
    {
      "file_path": "/media/NFS/ttao/scannet/posed_images/scene0265_02/00131.jpg",
      "transform_matrix": [
        [
          0.983231,
          -0.146486,
          0.108621,
          1.284102
        ],
        [
          -0.173045,
          -0.561452,
          0.809214,
          0.879028
        ],
        [
          -0.057553,
          -0.81444,
          -0.577386,
          1.288772
        ],
        [
          0.0,
          0.0,
          0.0,
          1.0
        ]
      ]
    },
    {
      "file_path": "/media/NFS/ttao/scannet/posed_images/scene0265_02/00136.jpg",
      "transform_matrix": [
        [
          0.988817,
          -0.122114,
          0.085612,
          1.299918
        ],
        [
          -0.138516,
          -0.539254,
          0.830673,
          0.887169
        ],
        [
          -0.05527,
          -0.833242,
          -0.550139,
          1.304196
        ],
        [
          0.0,
          0.0,
          0.0,
          1.0
        ]
      ]
    },
    {
      "file_path": "/media/NFS/ttao/scannet/posed_images/scene0265_02/00137.jpg",
      "transform_matrix": [
        [
          0.989888,
          -0.117114,
          0.080036,
          1.301865
        ],
        [
          -0.130886,
          -0.536588,
          0.833632,
          0.88817
        ],
        [
          -0.054684,
          -0.835678,
          -0.54649,
          1.305457
        ],
        [
          0.0,
          0.0,
          0.0,
          1.0
        ]
      ]
    },
    {
      "file_path": "/media/NFS/ttao/scannet/posed_images/scene0265_02/00143.jpg",
      "transform_matrix": [
        [
          0.995295,
          -0.089499,
          0.037123,
          1.309343
        ],
        [
          -0.078112,
          -0.514461,
          0.853949,
          0.892793
        ],
        [
          -0.057329,
          -0.85283,
          -0.519031,
          1.312905
        ],
        [
          0.0,
          0.0,
          0.0,
          1.0
        ]
      ]
    },
    {
      "file_path": "/media/NFS/ttao/scannet/posed_images/scene0265_02/00148.jpg",
      "transform_matrix": [
        [
          0.997007,
          -0.077303,
          0.001352,
          1.311731
        ],
        [
          -0.037605,
          -0.469583,
          0.882087,
          0.896358
        ],
        [
          -0.067553,
          -0.879497,
          -0.471085,
          1.330216
        ],
        [
          0.0,
          0.0,
          0.0,
          1.0
        ]
      ]
    },
    {
      "file_path": "/media/NFS/ttao/scannet/posed_images/scene0265_02/00153.jpg",
      "transform_matrix": [
        [
          0.998818,
          -0.048598,
          -0.0011,
          1.311665
        ],
        [
          -0.018607,
          -0.403146,
          0.914946,
          0.901849
        ],
        [
          -0.044908,
          -0.913844,
          -0.403574,
          1.365057
        ],
        [
          0.0,
          0.0,
          0.0,
          1.0
        ]
      ]
    },
    {
      "file_path": "/media/NFS/ttao/scannet/posed_images/scene0265_02/00162.jpg",
      "transform_matrix": [
        [
          0.999215,
          -0.033706,
          0.020791,
          1.323063
        ],
        [
          -0.030717,
          -0.328263,
          0.944087,
          0.911147
        ],
        [
          -0.024997,
          -0.943985,
          -0.329041,
          1.408722
        ],
        [
          0.0,
          0.0,
          0.0,
          1.0
        ]
      ]
    },
    {
      "file_path": "/media/NFS/ttao/scannet/posed_images/scene0265_02/00164.jpg",
      "transform_matrix": [
        [
          0.999292,
          -0.032971,
          0.018117,
          1.326004
        ],
        [
          -0.027467,
          -0.310333,
          0.950231,
          0.910766
        ],
        [
          -0.025708,
          -0.950056,
          -0.311019,
          1.415878
        ],
        [
          0.0,
          0.0,
          0.0,
          1.0
        ]
      ]
    },
    {
      "file_path": "/media/NFS/ttao/scannet/posed_images/scene0265_02/00173.jpg",
      "transform_matrix": [
        [
          0.997707,
          -0.041089,
          0.053774,
          1.340725
        ],
        [
          -0.062104,
          -0.240146,
          0.968748,
          0.909104
        ],
        [
          -0.026891,
          -0.969867,
          -0.242147,
          1.453663
        ],
        [
          0.0,
          0.0,
          0.0,
          1.0
        ]
      ]
    },
    {
      "file_path": "/media/NFS/ttao/scannet/posed_images/scene0265_02/00176.jpg",
      "transform_matrix": [
        [
          0.997569,
          -0.042036,
          0.055583,
          1.343274
        ],
        [
          -0.063341,
          -0.21434,
          0.974703,
          0.907026
        ],
        [
          -0.029059,
          -0.975854,
          -0.216482,
          1.465762
        ],
        [
          0.0,
          0.0,
          0.0,
          1.0
        ]
      ]
    },
    {
      "file_path": "/media/NFS/ttao/scannet/posed_images/scene0265_02/00179.jpg",
      "transform_matrix": [
        [
          0.997382,
          -0.037259,
          0.061977,
          1.343113
        ],
        [
          -0.067899,
          -0.187587,
          0.979898,
          0.903972
        ],
        [
          -0.024884,
          -0.981541,
          -0.189626,
          1.477432
        ],
        [
          0.0,
          0.0,
          0.0,
          1.0
        ]
      ]
    },
    {
      "file_path": "/media/NFS/ttao/scannet/posed_images/scene0265_02/00188.jpg",
      "transform_matrix": [
        [
          0.99593,
          -0.035471,
          0.08286,
          1.349629
        ],
        [
          -0.087088,
          -0.141766,
          0.986062,
          0.898829
        ],
        [
          -0.02323,
          -0.989264,
          -0.144278,
          1.509765
        ],
        [
          0.0,
          0.0,
          0.0,
          1.0
        ]
      ]
    },
    {
      "file_path": "/media/NFS/ttao/scannet/posed_images/scene0265_02/00190.jpg",
      "transform_matrix": [
        [
          0.995818,
          -0.034036,
          0.084782,
          1.34887
        ],
        [
          -0.088546,
          -0.131068,
          0.987411,
          0.896886
        ],
        [
          -0.022495,
          -0.990789,
          -0.133534,
          1.518937
        ],
        [
          0.0,
          0.0,
          0.0,
          1.0
        ]
      ]
    },
    {
      "file_path": "/media/NFS/ttao/scannet/posed_images/scene0265_02/00198.jpg",
      "transform_matrix": [
        [
          0.993008,
          -0.024934,
          0.115383,
          1.349506
        ],
        [
          -0.117319,
          -0.100183,
          0.988028,
          0.89146
        ],
        [
          -0.013076,
          -0.994656,
          -0.102408,
          1.544047
        ],
        [
          0.0,
          0.0,
          0.0,
          1.0
        ]
      ]
    },
    {
      "file_path": "/media/NFS/ttao/scannet/posed_images/scene0265_02/00201.jpg",
      "transform_matrix": [
        [
          0.993099,
          -0.015056,
          0.116307,
          1.348105
        ],
        [
          -0.117172,
          -0.085356,
          0.989437,
          0.887136
        ],
        [
          -0.00497,
          -0.996237,
          -0.086531,
          1.555457
        ],
        [
          0.0,
          0.0,
          0.0,
          1.0
        ]
      ]
    },
    {
      "file_path": "/media/NFS/ttao/scannet/posed_images/scene0265_02/00208.jpg",
      "transform_matrix": [
        [
          0.993195,
          -0.003877,
          0.1164,
          1.344922
        ],
        [
          -0.116455,
          -0.04559,
          0.992149,
          0.874184
        ],
        [
          0.001461,
          -0.998953,
          -0.045731,
          1.578117
        ],
        [
          0.0,
          0.0,
          0.0,
          1.0
        ]
      ]
    },
    {
      "file_path": "/media/NFS/ttao/scannet/posed_images/scene0265_02/00211.jpg",
      "transform_matrix": [
        [
          0.992827,
          -0.007895,
          0.119298,
          1.346264
        ],
        [
          -0.119493,
          -0.032338,
          0.992308,
          0.868991
        ],
        [
          -0.003977,
          -0.999446,
          -0.033049,
          1.583021
        ],
        [
          0.0,
          0.0,
          0.0,
          1.0
        ]
      ]
    },
    {
      "file_path": "/media/NFS/ttao/scannet/posed_images/scene0265_02/00216.jpg",
      "transform_matrix": [
        [
          0.992422,
          -0.026498,
          0.119987,
          1.351266
        ],
        [
          -0.12144,
          -0.062522,
          0.990628,
          0.86645
        ],
        [
          -0.018748,
          -0.997692,
          -0.065266,
          1.563496
        ],
        [
          0.0,
          0.0,
          0.0,
          1.0
        ]
      ]
    },
    {
      "file_path": "/media/NFS/ttao/scannet/posed_images/scene0265_02/00224.jpg",
      "transform_matrix": [
        [
          0.989779,
          -0.057842,
          0.130352,
          1.364306
        ],
        [
          -0.13869,
          -0.177602,
          0.974281,
          0.867315
        ],
        [
          -0.033204,
          -0.982401,
          -0.183808,
          1.496186
        ],
        [
          0.0,
          0.0,
          0.0,
          1.0
        ]
      ]
    },
    {
      "file_path": "/media/NFS/ttao/scannet/posed_images/scene0265_02/00225.jpg",
      "transform_matrix": [
        [
          0.989762,
          -0.064388,
          0.127378,
          1.366152
        ],
        [
          -0.137291,
          -0.185533,
          0.973,
          0.865583
        ],
        [
          -0.039017,
          -0.980526,
          -0.192473,
          1.490943
        ],
        [
          0.0,
          0.0,
          0.0,
          1.0
        ]
      ]
    },
    {
      "file_path": "/media/NFS/ttao/scannet/posed_images/scene0265_02/00233.jpg",
      "transform_matrix": [
        [
          0.984101,
          -0.101545,
          0.14572,
          1.373549
        ],
        [
          -0.169157,
          -0.285745,
          0.943258,
          0.859417
        ],
        [
          -0.054145,
          -0.95291,
          -0.29838,
          1.430977
        ],
        [
          0.0,
          0.0,
          0.0,
          1.0
        ]
      ]
    },
    {
      "file_path": "/media/NFS/ttao/scannet/posed_images/scene0265_02/00238.jpg",
      "transform_matrix": [
        [
          0.981122,
          -0.116695,
          0.154213,
          1.374937
        ],
        [
          -0.185668,
          -0.345314,
          0.919938,
          0.857121
        ],
        [
          -0.054101,
          -0.931203,
          -0.360462,
          1.403102
        ],
        [
          0.0,
          0.0,
          0.0,
          1.0
        ]
      ]
    },
    {
      "file_path": "/media/NFS/ttao/scannet/posed_images/scene0265_02/00241.jpg",
      "transform_matrix": [
        [
          0.978111,
          -0.130163,
          0.162347,
          1.372255
        ],
        [
          -0.200032,
          -0.373229,
          0.905918,
          0.861862
        ],
        [
          -0.057325,
          -0.918563,
          -0.391096,
          1.387173
        ],
        [
          0.0,
          0.0,
          0.0,
          1.0
        ]
      ]
    },
    {
      "file_path": "/media/NFS/ttao/scannet/posed_images/scene0265_02/00245.jpg",
      "transform_matrix": [
        [
          0.977008,
          -0.137298,
          0.163106,
          1.369782
        ],
        [
          -0.206143,
          -0.41314,
          0.887029,
          0.862678
        ],
        [
          -0.054402,
          -0.900258,
          -0.431944,
          1.367592
        ],
        [
          0.0,
          0.0,
          0.0,
          1.0
        ]
      ]
    },
    {
      "file_path": "/media/NFS/ttao/scannet/posed_images/scene0265_02/00255.jpg",
      "transform_matrix": [
        [
          0.974839,
          -0.139949,
          0.173502,
          1.361829
        ],
        [
          -0.221473,
          -0.519867,
          0.825038,
          0.866968
        ],
        [
          -0.025266,
          -0.842705,
          -0.537782,
          1.315798
        ],
        [
          0.0,
          0.0,
          0.0,
          1.0
        ]
      ]
    },
    {
      "file_path": "/media/NFS/ttao/scannet/posed_images/scene0265_02/00259.jpg",
      "transform_matrix": [
        [
          0.973036,
          -0.136206,
          0.186143,
          1.364531
        ],
        [
          -0.230523,
          -0.54707,
          0.80472,
          0.866591
        ],
        [
          -0.007775,
          -0.825931,
          -0.563717,
          1.301795
        ],
        [
          0.0,
          0.0,
          0.0,
          1.0
        ]
      ]
    },
    {
      "file_path": "/media/NFS/ttao/scannet/posed_images/scene0265_02/00262.jpg",
      "transform_matrix": [
        [
          0.971229,
          -0.138995,
          0.193374,
          1.363712
        ],
        [
          -0.238128,
          -0.557005,
          0.795638,
          0.868811
        ],
        [
          -0.002879,
          -0.818795,
          -0.574079,
          1.29265
        ],
        [
          0.0,
          0.0,
          0.0,
          1.0
        ]
      ]
    },
    {
      "file_path": "/media/NFS/ttao/scannet/posed_images/scene0265_02/00267.jpg",
      "transform_matrix": [
        [
          0.96826,
          -0.157153,
          0.194357,
          1.369035
        ],
        [
          -0.249743,
          -0.577195,
          0.777479,
          0.871268
        ],
        [
          -0.010001,
          -0.801342,
          -0.598123,
          1.280563
        ],
        [
          0.0,
          0.0,
          0.0,
          1.0
        ]
      ]
    },
    {
      "file_path": "/media/NFS/ttao/scannet/posed_images/scene0265_02/00272.jpg",
      "transform_matrix": [
        [
          0.968471,
          -0.16655,
          0.185272,
          1.371535
        ],
        [
          -0.248718,
          -0.603755,
          0.757377,
          0.872621
        ],
        [
          -0.014282,
          -0.779578,
          -0.626143,
          1.266083
        ],
        [
          0.0,
          0.0,
          0.0,
          1.0
        ]
      ]
    },
    {
      "file_path": "/media/NFS/ttao/scannet/posed_images/scene0265_02/00276.jpg",
      "transform_matrix": [
        [
          0.972717,
          -0.163246,
          0.164842,
          1.372675
        ],
        [
          -0.231302,
          -0.627484,
          0.74348,
          0.872126
        ],
        [
          -0.017935,
          -0.761324,
          -0.648123,
          1.25615
        ],
        [
          0.0,
          0.0,
          0.0,
          1.0
        ]
      ]
    },
    {
      "file_path": "/media/NFS/ttao/scannet/posed_images/scene0265_02/00284.jpg",
      "transform_matrix": [
        [
          0.984975,
          -0.136969,
          0.105183,
          1.362819
        ],
        [
          -0.170245,
          -0.66788,
          0.724536,
          0.869309
        ],
        [
          -0.028989,
          -0.731557,
          -0.681163,
          1.239609
        ],
        [
          0.0,
          0.0,
          0.0,
          1.0
        ]
      ]
    },
    {
      "file_path": "/media/NFS/ttao/scannet/posed_images/scene0265_02/00290.jpg",
      "transform_matrix": [
        [
          0.996025,
          -0.075436,
          0.04737,
          1.3395
        ],
        [
          -0.086473,
          -0.691242,
          0.717431,
          0.870246
        ],
        [
          -0.021376,
          -0.718675,
          -0.695018,
          1.227752
        ],
        [
          0.0,
          0.0,
          0.0,
          1.0
        ]
      ]
    },
    {
      "file_path": "/media/NFS/ttao/scannet/posed_images/scene0265_02/00292.jpg",
      "transform_matrix": [
        [
          0.998075,
          -0.046794,
          0.04071,
          1.328279
        ],
        [
          -0.061818,
          -0.69702,
          0.714382,
          0.872789
        ],
        [
          -0.005053,
          -0.715523,
          -0.698571,
          1.223065
        ],
        [
          0.0,
          0.0,
          0.0,
          1.0
        ]
      ]
    },
    {
      "file_path": "/media/NFS/ttao/scannet/posed_images/scene0265_02/00298.jpg",
      "transform_matrix": [
        [
          0.998524,
          0.050866,
          0.019017,
          1.29133
        ],
        [
          0.023697,
          -0.723216,
          0.690215,
          0.889252
        ],
        [
          0.048862,
          -0.688746,
          -0.723354,
          1.204228
        ],
        [
          0.0,
          0.0,
          0.0,
          1.0
        ]
      ]
    },
    {
      "file_path": "/media/NFS/ttao/scannet/posed_images/scene0265_02/00302.jpg",
      "transform_matrix": [
        [
          0.994729,
          0.10083,
          -0.018661,
          1.268212
        ],
        [
          0.086677,
          -0.729548,
          0.678415,
          0.897852
        ],
        [
          0.05479,
          -0.676456,
          -0.734442,
          1.200498
        ],
        [
          0.0,
          0.0,
          0.0,
          1.0
        ]
      ]
    },
    {
      "file_path": "/media/NFS/ttao/scannet/posed_images/scene0265_02/00309.jpg",
      "transform_matrix": [
        [
          0.981969,
          0.164123,
          -0.09381,
          1.243895
        ],
        [
          0.182487,
          -0.693421,
          0.697041,
          0.908707
        ],
        [
          0.049351,
          -0.701592,
          -0.710868,
          1.210632
        ],
        [
          0.0,
          0.0,
          0.0,
          1.0
        ]
      ]
    },
    {
      "file_path": "/media/NFS/ttao/scannet/posed_images/scene0265_02/00316.jpg",
      "transform_matrix": [
        [
          0.958057,
          0.232258,
          -0.167875,
          1.248835
        ],
        [
          0.282408,
          -0.665627,
          0.690787,
          0.910724
        ],
        [
          0.048699,
          -0.709223,
          -0.7033,
          1.214131
        ],
        [
          0.0,
          0.0,
          0.0,
          1.0
        ]
      ]
    },
    {
      "file_path": "/media/NFS/ttao/scannet/posed_images/scene0265_02/00318.jpg",
      "transform_matrix": [
        [
          0.949378,
          0.249552,
          -0.190804,
          1.259139
        ],
        [
          0.310806,
          -0.657964,
          0.685918,
          0.913244
        ],
        [
          0.04563,
          -0.710498,
          -0.702218,
          1.217306
        ],
        [
          0.0,
          0.0,
          0.0,
          1.0
        ]
      ]
    },
    {
      "file_path": "/media/NFS/ttao/scannet/posed_images/scene0265_02/00327.jpg",
      "transform_matrix": [
        [
          0.903279,
          0.276157,
          -0.328366,
          1.335282
        ],
        [
          0.429045,
          -0.586205,
          0.687229,
          0.918968
        ],
        [
          -0.002707,
          -0.761643,
          -0.647991,
          1.247646
        ],
        [
          0.0,
          0.0,
          0.0,
          1.0
        ]
      ]
    },
    {
      "file_path": "/media/NFS/ttao/scannet/posed_images/scene0265_02/00332.jpg",
      "transform_matrix": [
        [
          0.892732,
          0.266163,
          -0.363574,
          1.363865
        ],
        [
          0.450424,
          -0.548839,
          0.704198,
          0.924815
        ],
        [
          -0.012112,
          -0.792423,
          -0.609852,
          1.266281
        ],
        [
          0.0,
          0.0,
          0.0,
          1.0
        ]
      ]
    },
    {
      "file_path": "/media/NFS/ttao/scannet/posed_images/scene0265_02/00333.jpg",
      "transform_matrix": [
        [
          0.891239,
          0.267559,
          -0.366204,
          1.366305
        ],
        [
          0.453441,
          -0.542035,
          0.707523,
          0.924188
        ],
        [
          -0.009191,
          -0.796624,
          -0.604405,
          1.270228
        ],
        [
          0.0,
          0.0,
          0.0,
          1.0
        ]
      ]
    },
    {
      "file_path": "/media/NFS/ttao/scannet/posed_images/scene0265_02/00343.jpg",
      "transform_matrix": [
        [
          0.897644,
          0.20935,
          -0.387824,
          1.367883
        ],
        [
          0.440526,
          -0.452413,
          0.775409,
          0.894698
        ],
        [
          -0.013125,
          -0.866888,
          -0.498331,
          1.310921
        ],
        [
          0.0,
          0.0,
          0.0,
          1.0
        ]
      ]
    },
    {
      "file_path": "/media/NFS/ttao/scannet/posed_images/scene0265_02/00347.jpg",
      "transform_matrix": [
        [
          0.89853,
          0.184725,
          -0.398146,
          1.360639
        ],
        [
          0.437921,
          -0.438216,
          0.784979,
          0.878993
        ],
        [
          -0.029468,
          -0.879684,
          -0.474645,
          1.32437
        ],
        [
          0.0,
          0.0,
          0.0,
          1.0
        ]
      ]
    },
    {
      "file_path": "/media/NFS/ttao/scannet/posed_images/scene0265_02/00352.jpg",
      "transform_matrix": [
        [
          0.910697,
          0.164529,
          -0.378895,
          1.358223
        ],
        [
          0.412377,
          -0.415422,
          0.810783,
          0.860385
        ],
        [
          -0.024003,
          -0.894625,
          -0.446172,
          1.337455
        ],
        [
          0.0,
          0.0,
          0.0,
          1.0
        ]
      ]
    },
    {
      "file_path": "/media/NFS/ttao/scannet/posed_images/scene0265_02/00353.jpg",
      "transform_matrix": [
        [
          0.911988,
          0.160985,
          -0.377308,
          1.35896
        ],
        [
          0.409487,
          -0.412092,
          0.813941,
          0.857412
        ],
        [
          -0.024454,
          -0.896807,
          -0.441744,
          1.338361
        ],
        [
          0.0,
          0.0,
          0.0,
          1.0
        ]
      ]
    },
    {
      "file_path": "/media/NFS/ttao/scannet/posed_images/scene0265_02/00361.jpg",
      "transform_matrix": [
        [
          0.915245,
          0.151571,
          -0.3733,
          1.367574
        ],
        [
          0.402877,
          -0.353643,
          0.844172,
          0.837657
        ],
        [
          -0.004063,
          -0.923018,
          -0.384734,
          1.356184
        ],
        [
          0.0,
          0.0,
          0.0,
          1.0
        ]
      ]
    },
    {
      "file_path": "/media/NFS/ttao/scannet/posed_images/scene0265_02/00367.jpg",
      "transform_matrix": [
        [
          0.924252,
          0.153032,
          -0.34977,
          1.374073
        ],
        [
          0.381521,
          -0.336273,
          0.861024,
          0.835424
        ],
        [
          0.014146,
          -0.929248,
          -0.369186,
          1.363941
        ],
        [
          0.0,
          0.0,
          0.0,
          1.0
        ]
      ]
    },
    {
      "file_path": "/media/NFS/ttao/scannet/posed_images/scene0265_02/00373.jpg",
      "transform_matrix": [
        [
          0.929154,
          0.154908,
          -0.335673,
          1.370924
        ],
        [
          0.368594,
          -0.318232,
          0.873422,
          0.832879
        ],
        [
          0.028479,
          -0.935271,
          -0.352785,
          1.375436
        ],
        [
          0.0,
          0.0,
          0.0,
          1.0
        ]
      ]
    },
    {
      "file_path": "/media/NFS/ttao/scannet/posed_images/scene0265_02/00376.jpg",
      "transform_matrix": [
        [
          0.930174,
          0.152505,
          -0.333944,
          1.376076
        ],
        [
          0.365821,
          -0.308604,
          0.878031,
          0.833138
        ],
        [
          0.030848,
          -0.938885,
          -0.342845,
          1.379363
        ],
        [
          0.0,
          0.0,
          0.0,
          1.0
        ]
      ]
    },
    {
      "file_path": "/media/NFS/ttao/scannet/posed_images/scene0265_02/00383.jpg",
      "transform_matrix": [
        [
          0.931101,
          0.135123,
          -0.33881,
          1.371456
        ],
        [
          0.363458,
          -0.265243,
          0.893053,
          0.836694
        ],
        [
          0.030806,
          -0.954666,
          -0.29608,
          1.402366
        ],
        [
          0.0,
          0.0,
          0.0,
          1.0
        ]
      ]
    },
    {
      "file_path": "/media/NFS/ttao/scannet/posed_images/scene0265_02/00386.jpg",
      "transform_matrix": [
        [
          0.931015,
          0.125067,
          -0.342884,
          1.370557
        ],
        [
          0.363782,
          -0.241864,
          0.899536,
          0.837713
        ],
        [
          0.02957,
          -0.962216,
          -0.270676,
          1.414055
        ],
        [
          0.0,
          0.0,
          0.0,
          1.0
        ]
      ]
    },
    {
      "file_path": "/media/NFS/ttao/scannet/posed_images/scene0265_02/00390.jpg",
      "transform_matrix": [
        [
          0.926691,
          0.113242,
          -0.358358,
          1.369005
        ],
        [
          0.374877,
          -0.210859,
          0.902777,
          0.838521
        ],
        [
          0.026669,
          -0.970935,
          -0.237853,
          1.437882
        ],
        [
          0.0,
          0.0,
          0.0,
          1.0
        ]
      ]
    },
    {
      "file_path": "/media/NFS/ttao/scannet/posed_images/scene0265_02/00397.jpg",
      "transform_matrix": [
        [
          0.918673,
          0.092175,
          -0.384113,
          1.372058
        ],
        [
          0.394412,
          -0.160192,
          0.904863,
          0.837448
        ],
        [
          0.021875,
          -0.982773,
