{
  "frames": [
    {
      "file_path": "/media/NFS/ttao/scannet/posed_images/scene0613_01/00000.jpg",
      "transform_matrix": [
        [
          0.227911,
          0.588733,
          -0.775532,
          5.182004
        ],
        [
          0.971874,
          -0.089025,
          0.218029,
          2.907972
        ],
        [
          0.059319,
          -0.80341,
          -0.592464,
          1.514886
        ],
        [
          0.0,
          0.0,
          0.0,
          1.0
        ]
      ]
    },
    {
      "file_path": "/media/NFS/ttao/scannet/posed_images/scene0613_01/00013.jpg",
      "transform_matrix": [
        [
          0.224232,
          0.591403,
          -0.774573,
          5.190332
        ],
        [
          0.972175,
          -0.080458,
          0.220004,
          2.910239
        ],
        [
          0.06779,
          -0.802352,
          -0.592988,
          1.517195
        ],
        [
          0.0,
          0.0,
          0.0,
          1.0
        ]
      ]
    },
    {
      "file_path": "/media/NFS/ttao/scannet/posed_images/scene0613_01/00030.jpg",
      "transform_matrix": [
        [
          0.184018,
          0.541461,
          -0.82034,
          5.194959
        ],
        [
          0.98125,
          -0.052519,
          0.185448,
          2.885818
        ],
        [
          0.057329,
          -0.839084,
          -0.540973,
          1.525886
        ],
        [
          0.0,
          0.0,
          0.0,
          1.0
        ]
      ]
    },
    {
      "file_path": "/media/NFS/ttao/scannet/posed_images/scene0613_01/00043.jpg",
      "transform_matrix": [
        [
          0.144678,
          0.488211,
          -0.86065,
          5.195532
        ],
        [
          0.988646,
          -0.035649,
          0.145972,
          2.880295
        ],
        [
          0.040584,
          -0.871997,
          -0.487825,
          1.536082
        ],
        [
          0.0,
          0.0,
          0.0,
          1.0
        ]
      ]
    },
    {
      "file_path": "/media/NFS/ttao/scannet/posed_images/scene0613_01/00064.jpg",
      "transform_matrix": [
        [
          0.057615,
          0.407106,
          -0.911562,
          5.209136
        ],
        [
          0.997647,
          0.010514,
          0.067751,
          2.892816
        ],
        [
          0.037166,
          -0.91332,
          -0.405542,
          1.548808
        ],
        [
          0.0,
          0.0,
          0.0,
          1.0
        ]
      ]
    },
    {
      "file_path": "/media/NFS/ttao/scannet/posed_images/scene0613_01/00069.jpg",
      "transform_matrix": [
        [
          0.039958,
          0.389529,
          -0.920147,
          5.204623
        ],
        [
          0.998353,
          0.022373,
          0.052826,
          2.890177
        ],
        [
          0.041164,
          -0.920743,
          -0.387993,
          1.551904
        ],
        [
          0.0,
          0.0,
          0.0,
          1.0
        ]
      ]
    },
    {
      "file_path": "/media/NFS/ttao/scannet/posed_images/scene0613_01/00082.jpg",
      "transform_matrix": [
        [
          -0.008718,
          0.372386,
          -0.928037,
          5.173525
        ],
        [
          0.998845,
          0.047105,
          0.009518,
          2.860641
        ],
        [
          0.04726,
          -0.926882,
          -0.372366,
          1.550059
        ],
        [
          0.0,
          0.0,
          0.0,
          1.0
        ]
      ]
    },
    {
      "file_path": "/media/NFS/ttao/scannet/posed_images/scene0613_01/00103.jpg",
      "transform_matrix": [
        [
          -0.138102,
          0.378184,
          -0.915371,
          5.114235
        ],
        [
          0.990333,
          0.064832,
          -0.122626,
          2.785489
        ],
        [
          0.012971,
          -0.923457,
          -0.383481,
          1.557765
        ],
        [
          0.0,
          0.0,
          0.0,
          1.0
        ]
      ]
    },
    {
      "file_path": "/media/NFS/ttao/scannet/posed_images/scene0613_01/00112.jpg",
      "transform_matrix": [
        [
          -0.209969,
          0.372776,
          -0.903853,
          5.082807
        ],
        [
          0.977558,
          0.096231,
          -0.187403,
          2.75399
        ],
        [
          0.017119,
          -0.922918,
          -0.384616,
          1.556908
        ],
        [
          0.0,
          0.0,
          0.0,
          1.0
        ]
      ]
    },
    {
      "file_path": "/media/NFS/ttao/scannet/posed_images/scene0613_01/00125.jpg",
      "transform_matrix": [
        [
          -0.335883,
          0.394994,
          -0.85508,
          4.984231
        ],
        [
          0.941892,
          0.136378,
          -0.306986,
          2.7475
        ],
        [
          -0.004643,
          -0.908505,
          -0.417848,
          1.570627
        ],
        [
          0.0,
          0.0,
          0.0,
          1.0
        ]
      ]
    },
    {
      "file_path": "/media/NFS/ttao/scannet/posed_images/scene0613_01/00150.jpg",
      "transform_matrix": [
        [
          -0.538004,
          0.405218,
          -0.739155,
          4.859362
        ],
        [
          0.841278,
          0.203038,
          -0.501027,
          2.736488
        ],
        [
          -0.052949,
          -0.891389,
          -0.450136,
          1.569681
        ],
        [
          0.0,
          0.0,
          0.0,
          1.0
        ]
      ]
    },
    {
      "file_path": "/media/NFS/ttao/scannet/posed_images/scene0613_01/00163.jpg",
      "transform_matrix": [
        [
          -0.599706,
          0.379972,
          -0.704254,
          4.831418
        ],
        [
          0.798001,
          0.218473,
          -0.561662,
          2.692437
        ],
        [
          -0.059556,
          -0.898827,
          -0.434238,
          1.567402
        ],
        [
          0.0,
          0.0,
          0.0,
          1.0
        ]
      ]
    },
    {
      "file_path": "/media/NFS/ttao/scannet/posed_images/scene0613_01/00168.jpg",
      "transform_matrix": [
        [
          -0.610118,
          0.360901,
          -0.705341,
          4.826681
        ],
        [
          0.790663,
          0.219949,
          -0.57138,
          2.660033
        ],
        [
          -0.051072,
          -0.906296,
          -0.419546,
          1.565227
        ],
        [
          0.0,
          0.0,
          0.0,
          1.0
        ]
      ]
    },
    {
      "file_path": "/media/NFS/ttao/scannet/posed_images/scene0613_01/00189.jpg",
      "transform_matrix": [
        [
          -0.704475,
          0.350487,
          -0.61715,
          4.782517
        ],
        [
          0.705036,
          0.245756,
          -0.665228,
          2.520206
        ],
        [
          -0.081485,
          -0.903749,
          -0.420235,
          1.548106
        ],
        [
          0.0,
          0.0,
          0.0,
          1.0
        ]
      ]
    },
    {
      "file_path": "/media/NFS/ttao/scannet/posed_images/scene0613_01/00198.jpg",
      "transform_matrix": [
        [
          -0.751875,
          0.314779,
          -0.579308,
          4.737619
        ],
        [
          0.656039,
          0.269851,
          -0.704835,
          2.498319
        ],
        [
          -0.065541,
          -0.909997,
          -0.409402,
          1.534184
        ],
        [
          0.0,
          0.0,
          0.0,
          1.0
        ]
      ]
    },
    {
      "file_path": "/media/NFS/ttao/scannet/posed_images/scene0613_01/00219.jpg",
      "transform_matrix": [
        [
          -0.863231,
          0.275444,
          -0.42304,
          4.622128
        ],
        [
          0.49775,
          0.32477,
          -0.80422,
          2.441462
        ],
        [
          -0.084127,
          -0.904795,
          -0.417454,
          1.524749
        ],
        [
          0.0,
          0.0,
          0.0,
          1.0
        ]
      ]
    },
    {
      "file_path": "/media/NFS/ttao/scannet/posed_images/scene0613_01/00228.jpg",
      "transform_matrix": [
        [
          -0.875557,
          0.257044,
          -0.409059,
          4.588324
        ],
        [
          0.477327,
          0.329581,
          -0.814577,
          2.376779
        ],
        [
          -0.074563,
          -0.908463,
          -0.411261,
          1.51728
        ],
        [
          0.0,
          0.0,
          0.0,
          1.0
        ]
      ]
    },
    {
      "file_path": "/media/NFS/ttao/scannet/posed_images/scene0613_01/00241.jpg",
      "transform_matrix": [
        [
          -0.882695,
          0.2502,
          -0.397806,
          4.540093
        ],
        [
          0.465153,
          0.344551,
          -0.815425,
          2.283043
        ],
        [
          -0.066955,
          -0.904812,
          -0.420515,
          1.518341
        ],
        [
          0.0,
          0.0,
          0.0,
          1.0
        ]
      ]
    },
    {
      "file_path": "/media/NFS/ttao/scannet/posed_images/scene0613_01/00258.jpg",
      "transform_matrix": [
        [
          -0.936701,
          0.208012,
          -0.281641,
          4.42731
        ],
        [
          0.341841,
          0.369323,
          -0.864144,
          2.224369
        ],
        [
          -0.075736,
          -0.905721,
          -0.417053,
          1.51673
        ],
        [
          0.0,
          0.0,
          0.0,
          1.0
        ]
      ]
    },
    {
      "file_path": "/media/NFS/ttao/scannet/posed_images/scene0613_01/00279.jpg",
      "transform_matrix": [
        [
          -0.997306,
          0.06494,
          -0.034107,
          4.219976
        ],
        [
          0.058968,
          0.433258,
          -0.899339,
          2.198696
        ],
        [
          -0.043626,
          -0.898927,
          -0.43592,
          1.511259
        ],
        [
          0.0,
          0.0,
          0.0,
          1.0
        ]
      ]
    },
    {
      "file_path": "/media/NFS/ttao/scannet/posed_images/scene0613_01/00288.jpg",
      "transform_matrix": [
        [
          -0.998983,
          0.044528,
          -0.007123,
          4.194609
        ],
        [
          0.025692,
          0.432198,
          -0.901413,
          2.151965
        ],
        [
          -0.037059,
          -0.900679,
          -0.432902,
          1.49881
        ],
        [
          0.0,
          0.0,
          0.0,
          1.0
        ]
      ]
    },
    {
      "file_path": "/media/NFS/ttao/scannet/posed_images/scene0613_01/00301.jpg",
      "transform_matrix": [
        [
          -0.993241,
          0.021478,
          0.114067,
          4.148356
        ],
        [
          -0.090616,
          0.470639,
          -0.877661,
          2.099804
        ],
        [
          -0.072535,
          -0.882064,
          -0.465511,
          1.495265
        ],
        [
          0.0,
          0.0,
          0.0,
          1.0
        ]
      ]
    },
    {
      "file_path": "/media/NFS/ttao/scannet/posed_images/scene0613_01/00314.jpg",
      "transform_matrix": [
        [
          -0.960001,
          -0.061086,
          0.273251,
          4.073428
        ],
        [
          -0.26746,
          0.488805,
          -0.830382,
          2.0759
        ],
        [
          -0.082842,
          -0.870252,
          -0.485592,
          1.507074
        ],
        [
          0.0,
          0.0,
          0.0,
          1.0
        ]
      ]
    },
    {
      "file_path": "/media/NFS/ttao/scannet/posed_images/scene0613_01/00331.jpg",
      "transform_matrix": [
        [
          -0.838709,
          -0.167387,
          0.518217,
          3.977352
        ],
        [
          -0.520057,
          0.528529,
          -0.670968,
          2.066166
        ],
        [
          -0.161581,
          -0.832249,
          -0.530332,
          1.493707
        ],
        [
          0.0,
          0.0,
          0.0,
          1.0
        ]
      ]
    },
    {
      "file_path": "/media/NFS/ttao/scannet/posed_images/scene0613_01/00339.jpg",
      "transform_matrix": [
        [
          -0.787411,
          -0.186223,
          0.587626,
          3.945308
        ],
        [
          -0.583656,
          0.531915,
          -0.613524,
          2.05794
        ],
        [
          -0.198314,
          -0.826068,
          -0.527526,
          1.492436
        ],
        [
          0.0,
          0.0,
          0.0,
          1.0
        ]
      ]
    },
    {
      "file_path": "/media/NFS/ttao/scannet/posed_images/scene0613_01/00356.jpg",
      "transform_matrix": [
        [
          -0.666196,
          -0.251641,
          0.70204,
          3.941085
        ],
        [
          -0.703196,
          0.525488,
          -0.478935,
          2.059083
        ],
        [
          -0.248393,
          -0.812736,
          -0.527031,
          1.488059
        ],
        [
          0.0,
          0.0,
          0.0,
          1.0
        ]
      ]
    },
    {
      "file_path": "/media/NFS/ttao/scannet/posed_images/scene0613_01/00374.jpg",
      "transform_matrix": [
        [
          -0.539638,
          -0.342514,
          0.769074,
          4.047895
        ],
        [
          -0.814465,
          0.443678,
          -0.373892,
          2.069799
        ],
        [
          -0.213158,
          -0.828151,
          -0.518392,
          1.511965
        ],
        [
          0.0,
          0.0,
          0.0,
          1.0
        ]
      ]
    },
    {
      "file_path": "/media/NFS/ttao/scannet/posed_images/scene0613_01/00391.jpg",
      "transform_matrix": [
        [
          -0.469925,
          -0.46708,
          0.749005,
          4.154884
        ],
        [
          -0.868857,
          0.39448,
          -0.299121,
          2.088974
        ],
        [
          -0.155754,
          -0.791342,
          -0.591201,
          1.511342
        ],
        [
          0.0,
          0.0,
          0.0,
          1.0
        ]
      ]
    },
    {
      "file_path": "/media/NFS/ttao/scannet/posed_images/scene0613_01/00404.jpg",
      "transform_matrix": [
        [
          -0.406671,
          -0.528478,
          0.745205,
          4.199824
        ],
        [
          -0.904967,
          0.344742,
          -0.249375,
          2.108864
        ],
        [
          -0.125114,
          -0.775799,
          -0.618451,
          1.513575
        ],
        [
          0.0,
          0.0,
          0.0,
          1.0
        ]
      ]
    },
    {
      "file_path": "/media/NFS/ttao/scannet/posed_images/scene0613_01/00421.jpg",
      "transform_matrix": [
        [
          -0.179852,
          -0.617069,
          0.766081,
          4.225852
        ],
        [
          -0.978699,
          0.190631,
          -0.076217,
          2.046489
        ],
        [
          -0.099007,
          -0.76347,
          -0.638209,
          1.510298
        ],
        [
          0.0,
          0.0,
          0.0,
          1.0
        ]
      ]
    },
    {
      "file_path": "/media/NFS/ttao/scannet/posed_images/scene0613_01/00438.jpg",
      "transform_matrix": [
        [
          0.103134,
          -0.642032,
          0.759709,
          4.239985
        ],
        [
          -0.989951,
          0.008039,
          0.141184,
          1.964437
        ],
        [
          -0.096752,
          -0.766636,
          -0.634751,
          1.497847
        ],
        [
          0.0,
          0.0,
          0.0,
          1.0
        ]
      ]
    },
    {
      "file_path": "/media/NFS/ttao/scannet/posed_images/scene0613_01/00451.jpg",
      "transform_matrix": [
        [
          0.194498,
          -0.643803,
          0.74006,
          4.277594
        ],
        [
          -0.971856,
          -0.024244,
          0.234326,
          1.939636
        ],
        [
          -0.132918,
          -0.764807,
          -0.630399,
          1.493274
        ],
        [
          0.0,
          0.0,
          0.0,
          1.0
        ]
      ]
    },
    {
      "file_path": "/media/NFS/ttao/scannet/posed_images/scene0613_01/00455.jpg",
      "transform_matrix": [
        [
          0.247552,
          -0.636871,
          0.730146,
          4.284711
        ],
        [
          -0.960219,
          -0.060762,
          0.272558,
          1.917455
        ],
        [
          -0.129219,
          -0.768572,
          -0.626577,
          1.491753
        ],
        [
          0.0,
          0.0,
          0.0,
          1.0
        ]
      ]
    },
    {
      "file_path": "/media/NFS/ttao/scannet/posed_images/scene0613_01/00481.jpg",
      "transform_matrix": [
        [
          0.546229,
          -0.577293,
          0.606932,
          4.300708
        ],
        [
          -0.825597,
          -0.248643,
          0.506524,
          1.735785
        ],
        [
          -0.141504,
          -0.777759,
          -0.612427,
          1.503265
        ],
        [
          0.0,
          0.0,
          0.0,
          1.0
        ]
      ]
    },
    {
      "file_path": "/media/NFS/ttao/scannet/posed_images/scene0613_01/00485.jpg",
      "transform_matrix": [
        [
          0.565936,
          -0.582731,
          0.583216,
          4.303834
        ],
        [
          -0.808478,
          -0.253697,
          0.531038,
          1.728843
        ],
        [
          -0.161492,
          -0.77205,
          -0.614702,
          1.504374
        ],
        [
          0.0,
          0.0,
          0.0,
          1.0
        ]
      ]
    },
    {
      "file_path": "/media/NFS/ttao/scannet/posed_images/scene0613_01/00503.jpg",
      "transform_matrix": [
        [
          0.76357,
          -0.474938,
          0.437487,
          4.295864
        ],
        [
          -0.632281,
          -0.412388,
          0.655863,
          1.618111
        ],
        [
          -0.13108,
          -0.777412,
          -0.615181,
          1.49906
        ],
        [
          0.0,
          0.0,
          0.0,
          1.0
        ]
      ]
    },
    {
      "file_path": "/media/NFS/ttao/scannet/posed_images/scene0613_01/00511.jpg",
      "transform_matrix": [
        [
          0.786832,
          -0.460235,
          0.411193,
          4.299494
        ],
        [
          -0.601821,
          -0.424511,
          0.676463,
          1.581726
        ],
        [
          -0.136776,
          -0.779727,
          -0.610998,
          1.502496
        ],
        [
          0.0,
          0.0,
          0.0,
          1.0
        ]
      ]
    },
    {
      "file_path": "/media/NFS/ttao/scannet/posed_images/scene0613_01/00528.jpg",
      "transform_matrix": [
        [
          0.836483,
          -0.413991,
          0.359038,
          4.29875
        ],
        [
          -0.529413,
          -0.441347,
          0.724524,
          1.538411
        ],
        [
          -0.141486,
          -0.79613,
          -0.588352,
          1.503642
        ],
        [
          0.0,
          0.0,
          0.0,
          1.0
        ]
      ]
    },
    {
      "file_path": "/media/NFS/ttao/scannet/posed_images/scene0613_01/00550.jpg",
      "transform_matrix": [
        [
          0.959901,
          -0.235766,
          0.151675,
          4.241153
        ],
        [
          -0.258318,
          -0.533654,
          0.805286,
          1.557023
        ],
        [
          -0.108917,
          -0.812174,
          -0.573157,
          1.485663
        ],
        [
          0.0,
          0.0,
          0.0,
          1.0
        ]
      ]
    },
    {
      "file_path": "/media/NFS/ttao/scannet/posed_images/scene0613_01/00563.jpg",
      "transform_matrix": [
        [
          0.976581,
          -0.174945,
          0.125241,
          4.205859
        ],
        [
          -0.199641,
          -0.519797,
          0.830635,
          1.606609
        ],
        [
          -0.080215,
          -0.836185,
          -0.542549,
          1.48068
        ],
        [
          0.0,
          0.0,
          0.0,
          1.0
        ]
      ]
    },
    {
      "file_path": "/media/NFS/ttao/scannet/posed_images/scene0613_01/00580.jpg",
      "transform_matrix": [
        [
          0.993071,
          -0.102166,
          0.058068,
          4.162561
        ],
        [
          -0.100268,
          -0.478944,
          0.872101,
          1.675337
        ],
        [
          -0.061288,
          -0.87188,
          -0.485869,
          1.468387
        ],
        [
          0.0,
          0.0,
          0.0,
          1.0
        ]
      ]
    },
    {
      "file_path": "/media/NFS/ttao/scannet/posed_images/scene0613_01/00584.jpg",
      "transform_matrix": [
        [
          0.995524,
          -0.087745,
          0.035111,
          4.158283
        ],
        [
          -0.072676,
          -0.473253,
          0.877924,
          1.686739
        ],
        [
          -0.060417,
          -0.876546,
          -0.477512,
          1.467273
        ],
        [
          0.0,
          0.0,
          0.0,
          1.0
        ]
      ]
    },
    {
      "file_path": "/media/NFS/ttao/scannet/posed_images/scene0613_01/00597.jpg",
      "transform_matrix": [
        [
          0.996847,
          -0.022019,
          -0.076227,
          4.178604
        ],
        [
          0.058827,
          -0.439572,
          0.896279,
          1.71955
        ],
        [
          -0.053242,
          -0.897937,
          -0.436891,
          1.461053
        ],
        [
          0.0,
          0.0,
          0.0,
          1.0
        ]
      ]
    },
    {
      "file_path": "/media/NFS/ttao/scannet/posed_images/scene0613_01/00623.jpg",
      "transform_matrix": [
        [
          0.91908,
          0.099943,
          -0.381186,
          4.266776
        ],
        [
          0.393932,
          -0.258624,
          0.882004,
          1.728319
        ],
        [
          -0.010434,
          -0.960794,
          -0.277067,
          1.472859
        ],
        [
          0.0,
          0.0,
          0.0,
          1.0
        ]
      ]
    },
    {
      "file_path": "/media/NFS/ttao/scannet/posed_images/scene0613_01/00627.jpg",
      "transform_matrix": [
        [
          0.900546,
          0.105444,
          -0.421779,
          4.282088
        ],
        [
          0.434604,
          -0.244301,
          0.866854,
          1.72685
        ],
        [
          -0.011636,
          -0.96395,
          -0.265831,
          1.471658
        ],
        [
          0.0,
          0.0,
          0.0,
          1.0
        ]
      ]
    },
    {
      "file_path": "/media/NFS/ttao/scannet/posed_images/scene0613_01/00653.jpg",
      "transform_matrix": [
        [
          0.831251,
          0.022606,
          -0.555437,
          4.279012
        ],
        [
          0.555875,
          -0.042693,
          0.830169,
          1.709109
        ],
        [
          -0.004947,
          -0.998832,
          -0.048055,
          1.490428
        ],
        [
          0.0,
          0.0,
          0.0,
          1.0
        ]
      ]
    },
    {
      "file_path": "/media/NFS/ttao/scannet/posed_images/scene0613_01/00657.jpg",
      "transform_matrix": [
        [
          0.826536,
          0.014196,
          -0.562705,
          4.270995
        ],
        [
          0.562833,
          -0.034307,
          0.825858,
          1.708733
        ],
        [
          -0.007581,
          -0.99931,
          -0.036346,
          1.489924
        ],
        [
          0.0,
          0.0,
          0.0,
          1.0
        ]
      ]
    },
    {
      "file_path": "/media/NFS/ttao/scannet/posed_images/scene0613_01/00670.jpg",
      "transform_matrix": [
        [
          0.787671,
          0.033286,
          -0.615196,
          4.242694
        ],
        [
          0.616092,
          -0.046366,
          0.786309,
          1.705726
        ],
        [
          -0.002351,
          -0.99837,
          -0.057028,
          1.49056
        ],
        [
          0.0,
          0.0,
          0.0,
          1.0
        ]
      ]
    },
    {
      "file_path": "/media/NFS/ttao/scannet/posed_images/scene0613_01/00696.jpg",
      "transform_matrix": [
        [
          0.659795,
          0.129003,
          -0.74029,
          4.229595
        ],
        [
          0.751382,
          -0.126145,
          0.647698,
          1.684695
        ],
        [
          -0.009829,
          -0.983588,
          -0.18016,
          1.475411
        ],
        [
          0.0,
          0.0,
          0.0,
          1.0
        ]
      ]
    },
    {
      "file_path": "/media/NFS/ttao/scannet/posed_images/scene0613_01/00700.jpg",
      "transform_matrix": [
        [
          0.660605,
          0.15838,
          -0.733837,
          4.221066
        ],
        [
          0.750486,
          -0.164419,
          0.640107,
          1.683613
        ],
        [
          -0.019277,
          -0.973592,
          -0.227479,
          1.468758
        ],
        [
          0.0,
          0.0,
          0.0,
          1.0
        ]
      ]
    },
    {
      "file_path": "/media/NFS/ttao/scannet/posed_images/scene0613_01/00722.jpg",
      "transform_matrix": [
        [
          0.734329,
          0.355324,
          -0.578364,
          4.147628
        ],
        [
          0.678693,
          -0.399003,
          0.616581,
          1.69054
        ],
        [
          -0.011683,
          -0.845306,
          -0.534155,
          1.439539
        ],
        [
          0.0,
          0.0,
          0.0,
          1.0
        ]
      ]
    },
    {
      "file_path": "/media/NFS/ttao/scannet/posed_images/scene0613_01/00730.jpg",
      "transform_matrix": [
        [
          0.747578,
          0.388588,
          -0.538635,
          4.120072
        ],
        [
          0.664048,
          -0.453134,
          0.594735,
          1.694693
        ],
        [
          -0.012967,
          -0.80229,
          -0.596794,
          1.433467
        ],
        [
          0.0,
          0.0,
          0.0,
          1.0
        ]
      ]
    },
    {
      "file_path": "/media/NFS/ttao/scannet/posed_images/scene0613_01/00743.jpg",
      "transform_matrix": [
        [
          0.750761,
          0.422045,
          -0.508169,
          4.086726
        ],
        [
          0.65907,
          -0.530444,
          0.533156,
          1.705231
        ],
        [
          -0.044539,
          -0.735192,
          -0.676394,
          1.415352
        ],
        [
          0.0,
          0.0,
          0.0,
          1.0
        ]
      ]
    },
    {
      "file_path": "/media/NFS/ttao/scannet/posed_images/scene0613_01/00760.jpg",
      "transform_matrix": [
        [
          0.647667,
          0.524468,
          -0.552685,
          4.019922
        ],
        [
          0.758092,
          -0.516237,
          0.398493,
          1.668407
        ],
        [
          -0.07632,
          -0.677077,
          -0.731944,
          1.404719
        ],
        [
          0.0,
          0.0,
          0.0,
          1.0
        ]
      ]
    },
    {
      "file_path": "/media/NFS/ttao/scannet/posed_images/scene0613_01/00777.jpg",
      "transform_matrix": [
        [
          0.370829,
          0.700552,
          -0.609683,
          4.100463
        ],
        [
          0.925412,
          -0.333944,
          0.179148,
          1.690644
        ],
        [
          -0.078097,
          -0.630641,
          -0.772135,
          1.408613
        ],
        [
          0.0,
          0.0,
          0.0,
          1.0
        ]
      ]
    },
    {
      "file_path": "/media/NFS/ttao/scannet/posed_images/scene0613_01/00790.jpg",
      "transform_matrix": [
        [
          0.168343,
          0.761343,
          -0.626113,
          4.259427
        ],
        [
          0.983608,
          -0.171383,
          0.056064,
          1.729899
        ],
        [
          -0.064621,
          -0.625288,
          -0.777714,
          1.417204
        ],
        [
          0.0,
          0.0,
          0.0,
          1.0
        ]
      ]
    },
    {
      "file_path": "/media/NFS/ttao/scannet/posed_images/scene0613_01/00803.jpg",
      "transform_matrix": [
        [
          0.097519,
          0.779606,
          -0.618632,
          4.33724
        ],
        [
          0.99398,
          -0.107492,
          0.021224,
          1.701326
        ],
        [
          -0.049951,
          -0.616977,
          -0.785395,
          1.404532
        ],
        [
          0.0,
          0.0,
          0.0,
          1.0
        ]
      ]
    },
    {
      "file_path": "/media/NFS/ttao/scannet/posed_images/scene0613_01/00820.jpg",
      "transform_matrix": [
        [
          0.084591,
          0.803721,
          -0.588963,
          4.384762
        ],
        [
          0.995352,
          -0.095463,
          0.012687,
          1.692821
        ],
        [
          -0.046028,
          -0.587299,
          -0.80806,
          1.391182
        ],
        [
          0.0,
          0.0,
          0.0,
          1.0
        ]
      ]
    },
    {
      "file_path": "/media/NFS/ttao/scannet/posed_images/scene0613_01/00829.jpg",
      "transform_matrix": [
        [
          0.034458,
          0.799784,
          -0.599298,
          4.428585
        ],
        [
          0.998401,
          -0.054433,
          -0.015238,
          1.744088
        ],
        [
          -0.044809,
          -0.597815,
          -0.800381,
          1.392024
        ],
        [
          0.0,
          0.0,
          0.0,
          1.0
        ]
      ]
    },
    {
      "file_path": "/media/NFS/ttao/scannet/posed_images/scene0613_01/00850.jpg",
      "transform_matrix": [
        [
          0.133502,
          0.748298,
          -0.64979,
          4.487786
        ],
        [
          0.988966,
          -0.058102,
          0.136277,
          1.79289
        ],
        [
          0.064222,
          -0.660813,
          -0.747797,
          1.390387
        ],
        [
          0.0,
          0.0,
          0.0,
          1.0
        ]
      ]
    },
    {
      "file_path": "/media/NFS/ttao/scannet/posed_images/scene0613_01/00859.jpg",
      "transform_matrix": [
        [
          0.147961,
          0.706516,
          -0.692057,
          4.509424
        ],
        [
          0.983925,
          -0.034408,
          0.175235,
          1.782618
        ],
        [
          0.099994,
          -0.706861,
          -0.700249,
          1.396866
        ],
        [
          0.0,
          0.0,
          0.0,
          1.0
        ]
      ]
    },
    {
      "file_path": "/media/NFS/ttao/scannet/posed_images/scene0613_01/00876.jpg",
      "transform_matrix": [
        [
          0.244777,
          0.645503,
          -0.723471,
          4.533256
        ],
        [
          0.959056,
          -0.051555,
          0.278485,
          1.796172
        ],
        [
          0.142464,
          -0.762016,
          -0.631693,
          1.400312
        ],
        [
          0.0,
          0.0,
          0.0,
          1.0
        ]
      ]
    },
    {
      "file_path": "/media/NFS/ttao/scannet/posed_images/scene0613_01/00889.jpg",
      "transform_matrix": [
        [
          0.395815,
          0.616122,
          -0.680974,
          4.535589
        ],
        [
          0.907527,
          -0.149027,
          0.392664,
          1.825754
        ],
        [
          0.140445,
          -0.773424,
          -0.618134,
          1.401572
        ],
        [
          0.0,
          0.0,
          0.0,
          1.0
        ]
      ]
    },
    {
      "file_path": "/media/NFS/ttao/scannet/posed_images/scene0613_01/00911.jpg",
      "transform_matrix": [
        [
          0.650509,
          0.531852,
          -0.542191,
          4.5486
        ],
        [
          0.749982,
          -0.337167,
          0.569075,
          1.8654
        ],
        [
          0.119855,
          -0.776822,
          -0.618209,
          1.402248
        ],
        [
          0.0,
          0.0,
          0.0,
          1.0
        ]
      ]
    },
    {
      "file_path": "/media/NFS/ttao/scannet/posed_images/scene0613_01/00923.jpg",
      "transform_matrix": [
        [
          0.730873,
          0.489491,
          -0.47563,
          4.551528
        ],
        [
          0.673965,
          -0.40765,
          0.616111,
          1.88409
        ],
        [
          0.107691,
          -0.770856,
          -0.62784,
          1.40559
        ],
        [
          0.0,
          0.0,
          0.0,
          1.0
        ]
      ]
    },
    {
      "file_path": "/media/NFS/ttao/scannet/posed_images/scene0613_01/00936.jpg",
      "transform_matrix": [
        [
          0.778612,
          0.44439,
          -0.443035,
          4.551512
        ],
        [
          0.618465,
          -0.42405,
          0.661576,
          1.931708
        ],
        [
          0.106129,
          -0.789113,
          -0.60501,
          1.422705
        ],
        [
          0.0,
          0.0,
          0.0,
          1.0
        ]
      ]
    },
    {
      "file_path": "/media/NFS/ttao/scannet/posed_images/scene0613_01/00953.jpg",
      "transform_matrix": [
        [
          0.736727,
          0.459521,
          -0.496058,
          4.566174
        ],
        [
          0.669784,
          -0.395175,
          0.62867,
          2.139313
        ],
        [
          0.092857,
          -0.79541,
          -0.598916,
          1.42389
        ],
        [
          0.0,
          0.0,
          0.0,
          1.0
        ]
      ]
    },
    {
      "file_path": "/media/NFS/ttao/scannet/posed_images/scene0613_01/00958.jpg",
      "transform_matrix": [
        [
          0.725073,
          0.452546,
          -0.519106,
          4.552457
        ],
        [
          0.68528,
          -0.399402,
          0.60899,
          2.193703
        ],
        [
          0.068264,
          -0.797296,
          -0.599716,
          1.428999
        ],
        [
          0.0,
          0.0,
          0.0,
          1.0
        ]
      ]
    },
    {
      "file_path": "/media/NFS/ttao/scannet/posed_images/scene0613_01/00971.jpg",
      "transform_matrix": [
        [
          0.772932,
          0.429897,
          -0.466652,
          4.513931
        ],
        [
          0.63158,
          -0.450954,
          0.630672,
          2.31174
        ],
        [
          0.060686,
          -0.782195,
          -0.620071,
          1.416059
        ],
        [
          0.0,
          0.0,
          0.0,
          1.0
        ]
      ]
    },
    {
      "file_path": "/media/NFS/ttao/scannet/posed_images/scene0613_01/00992.jpg",
      "transform_matrix": [
        [
          0.769275,
          0.522804,
          -0.367277,
          4.593079
        ],
        [
          0.628297,
          -0.514625,
          0.583441,
          2.532334
        ],
        [
          0.116016,
          -0.679585,
          -0.724365,
          1.455343
        ],
        [
          0.0,
          0.0,
          0.0,
          1.0
        ]
      ]
    },
    {
      "file_path": "/media/NFS/ttao/scannet/posed_images/scene0613_01/01009.jpg",
      "transform_matrix": [
        [
          0.496378,
          0.613693,
          -0.613995,
          4.641607
        ],
        [
          0.865764,
          -0.298028,
          0.402036,
          2.518172
        ],
        [
          0.063739,
          -0.731136,
          -0.679247,
          1.460022
        ],
        [
          0.0,
          0.0,
          0.0,
          1.0
        ]
      ]
    },
    {
      "file_path": "/media/NFS/ttao/scannet/posed_images/scene0613_01/01022.jpg",
      "transform_matrix": [
        [
          0.209939,
          0.623903,
          -0.752775,
          4.6983
        ],
        [
          0.975707,
          -0.08437,
          0.202185,
          2.583417
        ],
        [
          0.062632,
          -0.776934,
          -0.626459,
          1.460187
        ],
        [
          0.0,
          0.0,
          0.0,
          1.0
        ]
      ]
    },
    {
      "file_path": "/media/NFS/ttao/scannet/posed_images/scene0613_01/01035.jpg",
      "transform_matrix": [
        [
          0.008836,
          0.611145,
          -0.79147,
          4.755564
        ],
        [
          0.995999,
          0.065009,
          0.061317,
          2.630888
        ],
        [
          0.088926,
          -0.788845,
          -0.608125,
          1.468265
        ],
        [
          0.0,
          0.0,
          0.0,
          1.0
        ]
      ]
    },
    {
      "file_path": "/media/NFS/ttao/scannet/posed_images/scene0613_01/01048.jpg",
      "transform_matrix": [
        [
          0.01977,
          0.539229,
          -0.841928,
          4.800703
        ],
        [
          0.997222,
          0.049856,
          0.055348,
          2.614365
        ],
        [
          0.071821,
          -0.840682,
          -0.536745,
          1.491074
        ],
        [
          0.0,
          0.0,
          0.0,
          1.0
        ]
      ]
    },
    {
      "file_path": "/media/NFS/ttao/scannet/posed_images/scene0613_01/01065.jpg",
      "transform_matrix": [
        [
          0.020573,
          0.444003,
          -0.895789,
          4.862937
        ],
        [
          0.997818,
          0.047105,
          0.046264,
          2.655582
        ],
        [
          0.062738,
          -0.894786,
          -0.442065,
          1.525716
        ],
        [
          0.0,
          0.0,
          0.0,
          1.0
        ]
      ]
    },
    {
      "file_path": "/media/NFS/ttao/scannet/posed_images/scene0613_01/01069.jpg",
      "transform_matrix": [
        [
          0.011128,
          0.424775,
          -0.905231,
          4.87222
        ],
        [
          0.997275,
          0.061309,
          0.041029,
          2.67713
        ],
        [
          0.072927,
          -0.903221,
          -0.422935,
          1.533092
        ],
        [
          0.0,
          0.0,
          0.0,
          1.0
        ]
      ]
    },
    {
      "file_path": "/media/NFS/ttao/scannet/posed_images/scene0613_01/01091.jpg",
      "transform_matrix": [
        [
          -0.029387,
          0.251705,
          -0.967358,
          4.911242
        ],
        [
          0.997943,
          0.062558,
          -0.014038,
          2.70224
        ],
        [
          0.056982,
          -0.96578,
          -0.253025,
          1.575984
        ],
        [
          0.0,
          0.0,
          0.0,
          1.0
        ]
      ]
    },
    {
      "file_path": "/media/NFS/ttao/scannet/posed_images/scene0613_01/01100.jpg",
      "transform_matrix": [
        [
          -0.043771,
          0.162173,
          -0.985791,
          4.921797
        ],
        [
          0.997801,
          0.056248,
          -0.03505,
          2.690556
        ],
        [
          0.049765,
          -0.985158,
          -0.164278,
