{
  "frames": [
    {
      "file_path": "/media/NFS/ttao/scannet/posed_images/scene0468_02/00003.jpg",
      "transform_matrix": [
        [
          -0.012258,
          0.39173,
          -0.919999,
          2.560661
        ],
        [
          0.99892,
          -0.036453,
          -0.02883,
          3.859859
        ],
        [
          -0.04483,
          -0.919358,
          -0.39086,
          1.364709
        ],
        [
          0.0,
          0.0,
          0.0,
          1.0
        ]
      ]
    },
    {
      "file_path": "/media/NFS/ttao/scannet/posed_images/scene0468_02/00005.jpg",
      "transform_matrix": [
        [
          -0.006104,
          0.398631,
          -0.917091,
          2.558728
        ],
        [
          0.999009,
          -0.038007,
          -0.02317,
          3.85623
        ],
        [
          -0.044092,
          -0.916323,
          -0.398004,
          1.357262
        ],
        [
          0.0,
          0.0,
          0.0,
          1.0
        ]
      ]
    },
    {
      "file_path": "/media/NFS/ttao/scannet/posed_images/scene0468_02/00010.jpg",
      "transform_matrix": [
        [
          0.007294,
          0.439427,
          -0.898249,
          2.549734
        ],
        [
          0.999098,
          -0.04078,
          -0.011837,
          3.855834
        ],
        [
          -0.041832,
          -0.897352,
          -0.439328,
          1.344442
        ],
        [
          0.0,
          0.0,
          0.0,
          1.0
        ]
      ]
    },
    {
      "file_path": "/media/NFS/ttao/scannet/posed_images/scene0468_02/00021.jpg",
      "transform_matrix": [
        [
          0.004226,
          0.496002,
          -0.868311,
          2.536971
        ],
        [
          0.999311,
          -0.034123,
          -0.014628,
          3.841899
        ],
        [
          -0.036885,
          -0.86765,
          -0.495805,
          1.328492
        ],
        [
          0.0,
          0.0,
          0.0,
          1.0
        ]
      ]
    },
    {
      "file_path": "/media/NFS/ttao/scannet/posed_images/scene0468_02/00022.jpg",
      "transform_matrix": [
        [
          0.003647,
          0.496299,
          -0.868144,
          2.536233
        ],
        [
          0.999313,
          -0.033841,
          -0.015148,
          3.840654
        ],
        [
          -0.036897,
          -0.867492,
          -0.496081,
          1.328903
        ],
        [
          0.0,
          0.0,
          0.0,
          1.0
        ]
      ]
    },
    {
      "file_path": "/media/NFS/ttao/scannet/posed_images/scene0468_02/00029.jpg",
      "transform_matrix": [
        [
          -0.008073,
          0.481255,
          -0.876544,
          2.527694
        ],
        [
          0.999023,
          -0.034205,
          -0.02798,
          3.831361
        ],
        [
          -0.043448,
          -0.875913,
          -0.480508,
          1.346127
        ],
        [
          0.0,
          0.0,
          0.0,
          1.0
        ]
      ]
    },
    {
      "file_path": "/media/NFS/ttao/scannet/posed_images/scene0468_02/00038.jpg",
      "transform_matrix": [
        [
          0.017033,
          0.438942,
          -0.898354,
          2.523599
        ],
        [
          0.999305,
          -0.037285,
          0.00073,
          3.798209
        ],
        [
          -0.033174,
          -0.897741,
          -0.439272,
          1.365478
        ],
        [
          0.0,
          0.0,
          0.0,
          1.0
        ]
      ]
    },
    {
      "file_path": "/media/NFS/ttao/scannet/posed_images/scene0468_02/00043.jpg",
      "transform_matrix": [
        [
          0.023223,
          0.426174,
          -0.904343,
          2.526609
        ],
        [
          0.999226,
          -0.038629,
          0.007455,
          3.726029
        ],
        [
          -0.031757,
          -0.903816,
          -0.426741,
          1.362059
        ],
        [
          0.0,
          0.0,
          0.0,
          1.0
        ]
      ]
    },
    {
      "file_path": "/media/NFS/ttao/scannet/posed_images/scene0468_02/00045.jpg",
      "transform_matrix": [
        [
          0.029341,
          0.426118,
          -0.904192,
          2.52846
        ],
        [
          0.999071,
          -0.04108,
          0.01306,
          3.69447
        ],
        [
          -0.031579,
          -0.903734,
          -0.426927,
          1.352497
        ],
        [
          0.0,
          0.0,
          0.0,
          1.0
        ]
      ]
    },
    {
      "file_path": "/media/NFS/ttao/scannet/posed_images/scene0468_02/00052.jpg",
      "transform_matrix": [
        [
          0.034451,
          0.428056,
          -0.903096,
          2.535531
        ],
        [
          0.999248,
          -0.030837,
          0.023502,
          3.582846
        ],
        [
          -0.017789,
          -0.903226,
          -0.428796,
          1.29473
        ],
        [
          0.0,
          0.0,
          0.0,
          1.0
        ]
      ]
    },
    {
      "file_path": "/media/NFS/ttao/scannet/posed_images/scene0468_02/00060.jpg",
      "transform_matrix": [
        [
          -0.006983,
          0.46466,
          -0.885462,
          2.515612
        ],
        [
          0.999796,
          0.020038,
          0.002631,
          3.505965
        ],
        [
          0.018965,
          -0.885262,
          -0.464705,
          1.283456
        ],
        [
          0.0,
          0.0,
          0.0,
          1.0
        ]
      ]
    },
    {
      "file_path": "/media/NFS/ttao/scannet/posed_images/scene0468_02/00062.jpg",
      "transform_matrix": [
        [
          -0.015998,
          0.465653,
          -0.884823,
          2.511385
        ],
        [
          0.999474,
          0.032416,
          -0.001012,
          3.502914
        ],
        [
          0.028211,
          -0.884373,
          -0.465927,
          1.286826
        ],
        [
          0.0,
          0.0,
          0.0,
          1.0
        ]
      ]
    },
    {
      "file_path": "/media/NFS/ttao/scannet/posed_images/scene0468_02/00067.jpg",
      "transform_matrix": [
        [
          -0.003891,
          0.455409,
          -0.890274,
          2.503892
        ],
        [
          0.999556,
          0.028074,
          0.009992,
          3.509846
        ],
        [
          0.029544,
          -0.88984,
          -0.455316,
          1.303008
        ],
        [
          0.0,
          0.0,
          0.0,
          1.0
        ]
      ]
    },
    {
      "file_path": "/media/NFS/ttao/scannet/posed_images/scene0468_02/00078.jpg",
      "transform_matrix": [
        [
          0.034451,
          0.403676,
          -0.914253,
          2.483405
        ],
        [
          0.998342,
          0.028308,
          0.050119,
          3.5992
        ],
        [
          0.046112,
          -0.914464,
          -0.402031,
          1.365586
        ],
        [
          0.0,
          0.0,
          0.0,
          1.0
        ]
      ]
    },
    {
      "file_path": "/media/NFS/ttao/scannet/posed_images/scene0468_02/00081.jpg",
      "transform_matrix": [
        [
          0.05158,
          0.380891,
          -0.92318,
          2.490405
        ],
        [
          0.998024,
          0.01357,
          0.06136,
          3.619563
        ],
        [
          0.035899,
          -0.92452,
          -0.379438,
          1.348387
        ],
        [
          0.0,
          0.0,
          0.0,
          1.0
        ]
      ]
    },
    {
      "file_path": "/media/NFS/ttao/scannet/posed_images/scene0468_02/00085.jpg",
      "transform_matrix": [
        [
          0.074018,
          0.38619,
          -0.919445,
          2.474248
        ],
        [
          0.996575,
          0.005454,
          0.082518,
          3.648473
        ],
        [
          0.036882,
          -0.922403,
          -0.384464,
          1.351414
        ],
        [
          0.0,
          0.0,
          0.0,
          1.0
        ]
      ]
    },
    {
      "file_path": "/media/NFS/ttao/scannet/posed_images/scene0468_02/00093.jpg",
      "transform_matrix": [
        [
          0.077799,
          0.368143,
          -0.926508,
          2.420944
        ],
        [
          0.996561,
          -0.002125,
          0.082838,
          3.660348
        ],
        [
          0.028527,
          -0.929767,
          -0.367042,
          1.362447
        ],
        [
          0.0,
          0.0,
          0.0,
          1.0
        ]
      ]
    },
    {
      "file_path": "/media/NFS/ttao/scannet/posed_images/scene0468_02/00098.jpg",
      "transform_matrix": [
        [
          0.074336,
          0.385714,
          -0.919619,
          2.390134
        ],
        [
          0.996851,
          -0.003204,
          0.079235,
          3.638592
        ],
        [
          0.027616,
          -0.922613,
          -0.384738,
          1.357794
        ],
        [
          0.0,
          0.0,
          0.0,
          1.0
        ]
      ]
    },
    {
      "file_path": "/media/NFS/ttao/scannet/posed_images/scene0468_02/00102.jpg",
      "transform_matrix": [
        [
          0.093734,
          0.375955,
          -0.921885,
          2.355284
        ],
        [
          0.995354,
          -0.014896,
          0.095129,
          3.610328
        ],
        [
          0.022032,
          -0.926518,
          -0.375604,
          1.375961
        ],
        [
          0.0,
          0.0,
          0.0,
          1.0
        ]
      ]
    },
    {
      "file_path": "/media/NFS/ttao/scannet/posed_images/scene0468_02/00112.jpg",
      "transform_matrix": [
        [
          0.250017,
          0.327543,
          -0.911157,
          2.299296
        ],
        [
          0.968155,
          -0.097129,
          0.230741,
          3.511147
        ],
        [
          -0.012922,
          -0.93983,
          -0.341397,
          1.404884
        ],
        [
          0.0,
          0.0,
          0.0,
          1.0
        ]
      ]
    },
    {
      "file_path": "/media/NFS/ttao/scannet/posed_images/scene0468_02/00114.jpg",
      "transform_matrix": [
        [
          0.28613,
          0.316876,
          -0.904278,
          2.28918
        ],
        [
          0.95807,
          -0.109624,
          0.264737,
          3.496429
        ],
        [
          -0.015241,
          -0.94211,
          -0.334956,
          1.416496
        ],
        [
          0.0,
          0.0,
          0.0,
          1.0
        ]
      ]
    },
    {
      "file_path": "/media/NFS/ttao/scannet/posed_images/scene0468_02/00119.jpg",
      "transform_matrix": [
        [
          0.328832,
          0.274398,
          -0.903645,
          2.28767
        ],
        [
          0.943988,
          -0.123376,
          0.306048,
          3.470441
        ],
        [
          -0.027509,
          -0.953669,
          -0.299598,
          1.437408
        ],
        [
          0.0,
          0.0,
          0.0,
          1.0
        ]
      ]
    },
    {
      "file_path": "/media/NFS/ttao/scannet/posed_images/scene0468_02/00129.jpg",
      "transform_matrix": [
        [
          0.285946,
          0.210907,
          -0.934748,
          2.303715
        ],
        [
          0.958189,
          -0.073621,
          0.276505,
          3.441623
        ],
        [
          -0.010501,
          -0.97473,
          -0.22314,
          1.48764
        ],
        [
          0.0,
          0.0,
          0.0,
          1.0
        ]
      ]
    },
    {
      "file_path": "/media/NFS/ttao/scannet/posed_images/scene0468_02/00135.jpg",
      "transform_matrix": [
        [
          0.262046,
          0.183096,
          -0.947527,
          2.319257
        ],
        [
          0.965056,
          -0.049593,
          0.25731,
          3.454288
        ],
        [
          0.000122,
          -0.981843,
          -0.189694,
          1.530156
        ],
        [
          0.0,
          0.0,
          0.0,
          1.0
        ]
      ]
    },
    {
      "file_path": "/media/NFS/ttao/scannet/posed_images/scene0468_02/00142.jpg",
      "transform_matrix": [
        [
          0.26767,
          0.130562,
          -0.954623,
          2.334176
        ],
        [
          0.963483,
          -0.04375,
          0.264171,
          3.476529
        ],
        [
          -0.007274,
          -0.990474,
          -0.137505,
          1.544322
        ],
        [
          0.0,
          0.0,
          0.0,
          1.0
        ]
      ]
    },
    {
      "file_path": "/media/NFS/ttao/scannet/posed_images/scene0468_02/00147.jpg",
      "transform_matrix": [
        [
          0.256415,
          0.087262,
          -0.96262,
          2.342808
        ],
        [
          0.966564,
          -0.020569,
          0.255601,
          3.485771
        ],
        [
          0.002504,
          -0.995973,
          -0.089618,
          1.565537
        ],
        [
          0.0,
          0.0,
          0.0,
          1.0
        ]
      ]
    },
    {
      "file_path": "/media/NFS/ttao/scannet/posed_images/scene0468_02/00152.jpg",
      "transform_matrix": [
        [
          0.247115,
          0.025405,
          -0.968653,
          2.353049
        ],
        [
          0.968749,
          0.015663,
          0.24755,
          3.493442
        ],
        [
          0.021461,
          -0.999554,
          -0.020741,
          1.573971
        ],
        [
          0.0,
          0.0,
          0.0,
          1.0
        ]
      ]
    },
    {
      "file_path": "/media/NFS/ttao/scannet/posed_images/scene0468_02/00154.jpg",
      "transform_matrix": [
        [
          0.245212,
          0.013753,
          -0.969372,
          2.354847
        ],
        [
          0.969078,
          0.024945,
          0.245492,
          3.492546
        ],
        [
          0.027557,
          -0.999594,
          -0.007211,
          1.576643
        ],
        [
          0.0,
          0.0,
          0.0,
          1.0
        ]
      ]
    },
    {
      "file_path": "/media/NFS/ttao/scannet/posed_images/scene0468_02/00162.jpg",
      "transform_matrix": [
        [
          0.244472,
          -0.002572,
          -0.969653,
          2.36664
        ],
        [
          0.968904,
          0.040031,
          0.244177,
          3.495859
        ],
        [
          0.038188,
          -0.999195,
          0.012278,
          1.613161
        ],
        [
          0.0,
          0.0,
          0.0,
          1.0
        ]
      ]
    },
    {
      "file_path": "/media/NFS/ttao/scannet/posed_images/scene0468_02/00169.jpg",
      "transform_matrix": [
        [
          0.234502,
          -0.013379,
          -0.972023,
          2.372669
        ],
        [
          0.971374,
          0.042268,
          0.233764,
          3.486028
        ],
        [
          0.037958,
          -0.999017,
          0.022908,
          1.612294
        ],
        [
          0.0,
          0.0,
          0.0,
          1.0
        ]
      ]
    },
    {
      "file_path": "/media/NFS/ttao/scannet/posed_images/scene0468_02/00171.jpg",
      "transform_matrix": [
        [
          0.232468,
          -0.010791,
          -0.972544,
          2.37614
        ],
        [
          0.971911,
          0.040318,
          0.231869,
          3.487301
        ],
        [
          0.036709,
          -0.999129,
          0.019861,
          1.615994
        ],
        [
          0.0,
          0.0,
          0.0,
          1.0
        ]
      ]
    },
    {
      "file_path": "/media/NFS/ttao/scannet/posed_images/scene0468_02/00180.jpg",
      "transform_matrix": [
        [
          0.224645,
          0.058526,
          -0.972681,
          2.364734
        ],
        [
          0.973046,
          0.039909,
          0.227131,
          3.49006
        ],
        [
          0.052112,
          -0.997488,
          -0.047984,
          1.548006
        ],
        [
          0.0,
          0.0,
          0.0,
          1.0
        ]
      ]
    },
    {
      "file_path": "/media/NFS/ttao/scannet/posed_images/scene0468_02/00183.jpg",
      "transform_matrix": [
        [
          -Infinity,
          -Infinity,
          -Infinity,
          -Infinity
        ],
        [
          -Infinity,
          -Infinity,
          -Infinity,
          -Infinity
        ],
        [
          -Infinity,
          -Infinity,
          -Infinity,
          -Infinity
        ],
        [
          -Infinity,
          -Infinity,
          -Infinity,
          -Infinity
        ]
      ]
    },
    {
      "file_path": "/media/NFS/ttao/scannet/posed_images/scene0468_02/00190.jpg",
      "transform_matrix": [
        [
          0.20411,
          0.217426,
          -0.954497,
          2.349984
        ],
        [
          0.97765,
          0.004931,
          0.210184,
          3.49387
        ],
        [
          0.050406,
          -0.976064,
          -0.21156,
          1.473736
        ],
        [
          0.0,
          0.0,
          0.0,
          1.0
        ]
      ]
    },
    {
      "file_path": "/media/NFS/ttao/scannet/posed_images/scene0468_02/00198.jpg",
      "transform_matrix": [
        [
          0.166475,
          0.310745,
          -0.935801,
          2.347301
        ],
        [
          0.985971,
          -0.040725,
          0.161876,
          3.508842
        ],
        [
          0.012192,
          -0.949621,
          -0.313165,
          1.402546
        ],
        [
          0.0,
          0.0,
          0.0,
          1.0
        ]
      ]
    },
    {
      "file_path": "/media/NFS/ttao/scannet/posed_images/scene0468_02/00204.jpg",
      "transform_matrix": [
        [
          0.120147,
          0.385876,
          -0.914693,
          2.347655
        ],
        [
          0.992756,
          -0.047137,
          0.110515,
          3.513885
        ],
        [
          -0.000471,
          -0.921346,
          -0.388744,
          1.325894
        ],
        [
          0.0,
          0.0,
          0.0,
          1.0
        ]
      ]
    },
    {
      "file_path": "/media/NFS/ttao/scannet/posed_images/scene0468_02/00207.jpg",
      "transform_matrix": [
        [
          0.080473,
          0.390327,
          -0.917153,
          2.35788
        ],
        [
          0.996756,
          -0.032526,
          0.073614,
          3.506189
        ],
        [
          -0.001098,
          -0.920102,
          -0.391678,
          1.291578
        ],
        [
          0.0,
          0.0,
          0.0,
          1.0
        ]
      ]
    },
    {
      "file_path": "/media/NFS/ttao/scannet/posed_images/scene0468_02/00214.jpg",
      "transform_matrix": [
        [
          0.021474,
          0.441702,
          -0.896905,
          2.390765
        ],
        [
          0.999748,
          -0.003621,
          0.022153,
          3.490216
        ],
        [
          0.006537,
          -0.897154,
          -0.441669,
          1.260879
        ],
        [
          0.0,
          0.0,
          0.0,
          1.0
        ]
      ]
    },
    {
      "file_path": "/media/NFS/ttao/scannet/posed_images/scene0468_02/00217.jpg",
      "transform_matrix": [
        [
          0.025317,
          0.457604,
          -0.888796,
          2.409924
        ],
        [
          0.999522,
          0.004216,
          0.030641,
          3.494657
        ],
        [
          0.017768,
          -0.889146,
          -0.457278,
          1.251664
        ],
        [
          0.0,
          0.0,
          0.0,
          1.0
        ]
      ]
    },
    {
      "file_path": "/media/NFS/ttao/scannet/posed_images/scene0468_02/00228.jpg",
      "transform_matrix": [
        [
          -0.015621,
          0.55727,
          -0.830184,
          2.547217
        ],
        [
          0.999824,
          3.8e-05,
          -0.018787,
          3.495614
        ],
        [
          -0.010438,
          -0.830331,
          -0.557173,
          1.233099
        ],
        [
          0.0,
          0.0,
          0.0,
          1.0
        ]
      ]
    },
    {
      "file_path": "/media/NFS/ttao/scannet/posed_images/scene0468_02/00233.jpg",
      "transform_matrix": [
        [
          -0.082956,
          0.58354,
          -0.807836,
          2.603867
        ],
        [
          0.996493,
          0.057514,
          -0.060784,
          3.486678
        ],
        [
          0.010992,
          -0.810045,
          -0.586265,
          1.234522
        ],
        [
          0.0,
          0.0,
          0.0,
          1.0
        ]
      ]
    },
    {
      "file_path": "/media/NFS/ttao/scannet/posed_images/scene0468_02/00236.jpg",
      "transform_matrix": [
        [
          -0.114252,
          0.584925,
          -0.803,
          2.625968
        ],
        [
          0.99337,
          0.07768,
          -0.084754,
          3.490491
        ],
        [
          0.012802,
          -0.807359,
          -0.589922,
          1.24057
        ],
        [
          0.0,
          0.0,
          0.0,
          1.0
        ]
      ]
    },
    {
      "file_path": "/media/NFS/ttao/scannet/posed_images/scene0468_02/00245.jpg",
      "transform_matrix": [
        [
          -0.227083,
          0.551576,
          -0.802619,
          2.653504
        ],
        [
          0.973629,
          0.110041,
          -0.199844,
          3.553867
        ],
        [
          -0.021908,
          -0.826834,
          -0.562019,
          1.265643
        ],
        [
          0.0,
          0.0,
          0.0,
          1.0
        ]
      ]
    },
    {
      "file_path": "/media/NFS/ttao/scannet/posed_images/scene0468_02/00249.jpg",
      "transform_matrix": [
        [
          -0.299719,
          0.520192,
          -0.79973,
          2.64539
        ],
        [
          0.954008,
          0.168878,
          -0.247689,
          3.633456
        ],
        [
          0.006211,
          -0.837186,
          -0.546883,
          1.266842
        ],
        [
          0.0,
          0.0,
          0.0,
          1.0
        ]
      ]
    },
    {
      "file_path": "/media/NFS/ttao/scannet/posed_images/scene0468_02/00255.jpg",
      "transform_matrix": [
        [
          -0.409654,
          0.514649,
          -0.753206,
          2.630533
        ],
        [
          0.912224,
          0.236136,
          -0.334794,
          3.730063
        ],
        [
          0.005558,
          -0.824243,
          -0.566209,
          1.279463
        ],
        [
          0.0,
          0.0,
          0.0,
          1.0
        ]
      ]
    },
    {
      "file_path": "/media/NFS/ttao/scannet/posed_images/scene0468_02/00257.jpg",
      "transform_matrix": [
        [
          -0.441738,
          0.510405,
          -0.737803,
          2.624954
        ],
        [
          0.897144,
          0.251278,
          -0.363307,
          3.750306
        ],
        [
          -4e-05,
          -0.822402,
          -0.568906,
          1.285876
        ],
        [
          0.0,
          0.0,
          0.0,
          1.0
        ]
      ]
    },
    {
      "file_path": "/media/NFS/ttao/scannet/posed_images/scene0468_02/00266.jpg",
      "transform_matrix": [
        [
          -0.521042,
          0.457053,
          -0.720845,
          2.561316
        ],
        [
          0.853231,
          0.301314,
          -0.425685,
          3.838043
        ],
        [
          0.02264,
          -0.836847,
          -0.546969,
          1.291803
        ],
        [
          0.0,
          0.0,
          0.0,
          1.0
        ]
      ]
    },
    {
      "file_path": "/media/NFS/ttao/scannet/posed_images/scene0468_02/00271.jpg",
      "transform_matrix": [
        [
          -0.566976,
          0.411452,
          -0.713614,
          2.506504
        ],
        [
          0.822301,
          0.3338,
          -0.460868,
          3.884337
        ],
        [
          0.048579,
          -0.848107,
          -0.527594,
          1.281586
        ],
        [
          0.0,
          0.0,
          0.0,
          1.0
        ]
      ]
    },
    {
      "file_path": "/media/NFS/ttao/scannet/posed_images/scene0468_02/00276.jpg",
      "transform_matrix": [
        [
          -0.627588,
          0.402514,
          -0.66642,
          2.453098
        ],
        [
          0.777765,
          0.36247,
          -0.513514,
          3.920162
        ],
        [
          0.034861,
          -0.840594,
          -0.540543,
          1.290692
        ],
        [
          0.0,
          0.0,
          0.0,
          1.0
        ]
      ]
    },
    {
      "file_path": "/media/NFS/ttao/scannet/posed_images/scene0468_02/00281.jpg",
      "transform_matrix": [
        [
          -0.674584,
          0.383467,
          -0.630785,
          2.409702
        ],
        [
          0.73785,
          0.376492,
          -0.560206,
          3.952014
        ],
        [
          0.022665,
          -0.843331,
          -0.536916,
          1.303205
        ],
        [
          0.0,
          0.0,
          0.0,
          1.0
        ]
      ]
    },
    {
      "file_path": "/media/NFS/ttao/scannet/posed_images/scene0468_02/00290.jpg",
      "transform_matrix": [
        [
          -0.773701,
          0.281292,
          -0.567681,
          2.328192
        ],
        [
          0.633491,
          0.355852,
          -0.687066,
          4.009653
        ],
        [
          0.008745,
          -0.891204,
          -0.453519,
          1.318903
        ],
        [
          0.0,
          0.0,
          0.0,
          1.0
        ]
      ]
    },
    {
      "file_path": "/media/NFS/ttao/scannet/posed_images/scene0468_02/00297.jpg",
      "transform_matrix": [
        [
          -0.829612,
          0.21866,
          -0.513742,
          2.247283
        ],
        [
          0.558102,
          0.351627,
          -0.751586,
          4.054954
        ],
        [
          0.016304,
          -0.910245,
          -0.413748,
          1.356587
        ],
        [
          0.0,
          0.0,
          0.0,
          1.0
        ]
      ]
    },
    {
      "file_path": "/media/NFS/ttao/scannet/posed_images/scene0468_02/00299.jpg",
      "transform_matrix": [
        [
          -0.841633,
          0.212962,
          -0.496287,
          2.227402
        ],
        [
          0.539951,
          0.349417,
          -0.765742,
          4.066405
        ],
        [
          0.010337,
          -0.912445,
          -0.409069,
          1.360213
        ],
        [
          0.0,
          0.0,
          0.0,
          1.0
        ]
      ]
    },
    {
      "file_path": "/media/NFS/ttao/scannet/posed_images/scene0468_02/00307.jpg",
      "transform_matrix": [
        [
          -0.897699,
          0.211656,
          -0.386442,
          2.17921
        ],
        [
          0.440463,
          0.408611,
          -0.799393,
          4.084452
        ],
        [
          -0.011292,
          -0.887828,
          -0.460037,
          1.323693
        ],
        [
          0.0,
          0.0,
          0.0,
          1.0
        ]
      ]
    },
    {
      "file_path": "/media/NFS/ttao/scannet/posed_images/scene0468_02/00309.jpg",
      "transform_matrix": [
        [
          -0.907665,
          0.214239,
          -0.360897,
          2.179195
        ],
        [
          0.419443,
          0.433175,
          -0.797764,
          4.083789
        ],
        [
          -0.014581,
          -0.875478,
          -0.483038,
          1.310597
        ],
        [
          0.0,
          0.0,
          0.0,
          1.0
        ]
      ]
    },
    {
      "file_path": "/media/NFS/ttao/scannet/posed_images/scene0468_02/00319.jpg",
      "transform_matrix": [
        [
          -0.946613,
          0.196634,
          -0.255456,
          2.224604
        ],
        [
          0.320962,
          0.500891,
          -0.803798,
          4.07891
        ],
        [
          -0.030098,
          -0.842878,
          -0.537263,
          1.267928
        ],
        [
          0.0,
          0.0,
          0.0,
          1.0
        ]
      ]
    },
    {
      "file_path": "/media/NFS/ttao/scannet/posed_images/scene0468_02/00324.jpg",
      "transform_matrix": [
        [
          -0.947227,
          0.177742,
          -0.266775,
          2.251499
        ],
        [
          0.320074,
          0.478409,
          -0.817727,
          4.059738
        ],
        [
          -0.017716,
          -0.859961,
          -0.510053,
          1.295454
        ],
        [
          0.0,
          0.0,
          0.0,
          1.0
        ]
      ]
    },
    {
      "file_path": "/media/NFS/ttao/scannet/posed_images/scene0468_02/00331.jpg",
      "transform_matrix": [
        [
          -0.911975,
          0.204837,
          -0.355448,
          2.331536
        ],
        [
          0.407726,
          0.356684,
          -0.840557,
          4.031405
        ],
        [
          -0.045395,
          -0.911493,
          -0.408804,
          1.314169
        ],
        [
          0.0,
          0.0,
          0.0,
          1.0
        ]
      ]
    },
    {
      "file_path": "/media/NFS/ttao/scannet/posed_images/scene0468_02/00335.jpg",
      "transform_matrix": [
        [
          -0.896856,
          0.216457,
          -0.38574,
          2.361939
        ],
        [
          0.439888,
          0.345106,
          -0.829097,
          4.008958
        ],
        [
          -0.046343,
          -0.913263,
          -0.404727,
          1.32364
        ],
        [
          0.0,
          0.0,
          0.0,
          1.0
        ]
      ]
    },
    {
      "file_path": "/media/NFS/ttao/scannet/posed_images/scene0468_02/00342.jpg",
      "transform_matrix": [
        [
          -0.903657,
          0.192653,
          -0.382477,
          2.444138
        ],
        [
          0.427619,
          0.357189,
          -0.830397,
          3.96225
        ],
        [
          -0.023362,
          -0.913948,
          -0.405159,
          1.34395
        ],
        [
          0.0,
          0.0,
          0.0,
          1.0
        ]
      ]
    },
    {
      "file_path": "/media/NFS/ttao/scannet/posed_images/scene0468_02/00349.jpg",
      "transform_matrix": [
        [
          -0.931642,
          0.138532,
          -0.335934,
          2.499065
        ],
        [
          0.363356,
          0.36511,
          -0.857128,
          3.925318
        ],
        [
          0.003913,
          -0.9206,
          -0.390488,
          1.354851
        ],
        [
          0.0,
          0.0,
          0.0,
          1.0
        ]
      ]
    },
    {
      "file_path": "/media/NFS/ttao/scannet/posed_images/scene0468_02/00352.jpg",
      "transform_matrix": [
        [
          -0.937278,
          0.113547,
          -0.32957,
          2.495816
        ],
        [
          0.348142,
          0.352417,
          -0.868677,
          3.91913
        ],
        [
          0.017511,
          -0.928929,
          -0.369843,
          1.345931
        ],
        [
          0.0,
          0.0,
          0.0,
          1.0
        ]
      ]
    },
    {
      "file_path": "/media/NFS/ttao/scannet/posed_images/scene0468_02/00356.jpg",
      "transform_matrix": [
        [
          -0.946024,
          0.109684,
          -0.304973,
          2.486875
        ],
        [
          0.323895,
          0.353254,
          -0.87767,
          3.897136
        ],
        [
          0.011467,
          -0.929075,
          -0.369713,
          1.357349
        ],
        [
          0.0,
          0.0,
          0.0,
          1.0
        ]
      ]
    },
    {
      "file_path": "/media/NFS/ttao/scannet/posed_images/scene0468_02/00366.jpg",
      "transform_matrix": [
        [
          -0.958634,
          0.106746,
          -0.263869,
          2.417403
        ],
        [
          0.283849,
          0.2893,
          -0.914186,
          3.835963
        ],
        [
          -0.021248,
          -0.951268,
          -0.307633,
          1.385753
        ],
        [
          0.0,
          0.0,
          0.0,
          1.0
        ]
      ]
    },
    {
      "file_path": "/media/NFS/ttao/scannet/posed_images/scene0468_02/00371.jpg",
      "transform_matrix": [
        [
          -0.963147,
          0.091846,
          -0.252809,
          2.403849
        ],
        [
          0.268781,
          0.292851,
          -0.917603,
          3.801417
        ],
        [
          -0.010243,
          -0.951737,
          -0.306745,
          1.380352
        ],
        [
          0.0,
          0.0,
          0.0,
          1.0
        ]
      ]
    },
    {
      "file_path": "/media/NFS/ttao/scannet/posed_images/scene0468_02/00373.jpg",
      "transform_matrix": [
        [
          -0.963698,
          0.088858,
          -0.251775,
          2.402085
        ],
        [
          0.266895,
          0.294744,
          -0.917548,
          3.787418
        ],
        [
          -0.007322,
          -0.951436,
          -0.307759,
          1.378037
        ],
        [
          0.0,
          0.0,
          0.0,
          1.0
        ]
      ]
    },
    {
      "file_path": "/media/NFS/ttao/scannet/posed_images/scene0468_02/00383.jpg",
      "transform_matrix": [
        [
          -0.975287,
          0.074122,
          -0.208137,
          2.440433
        ],
        [
          0.220343,
          0.257002,
          -0.940957,
          3.715892
        ],
        [
          -0.016254,
          -0.963564,
          -0.266983,
          1.392166
        ],
        [
          0.0,
          0.0,
          0.0,
          1.0
        ]
      ]
    },
    {
      "file_path": "/media/NFS/ttao/scannet/posed_images/scene0468_02/00385.jpg",
      "transform_matrix": [
        [
          -0.974425,
          0.06425,
          -0.215333,
          2.453022
        ],
        [
          0.224657,
          0.256877,
          -0.93997,
          3.704065
        ],
        [
          -0.005079,
          -0.964306,
          -0.264741,
          1.386726
        ],
        [
          0.0,
          0.0,
          0.0,
          1.0
        ]
      ]
    },
    {
      "file_path": "/media/NFS/ttao/scannet/posed_images/scene0468_02/00394.jpg",
      "transform_matrix": [
        [
          -0.962679,
          0.043909,
          -0.26706,
          2.526659
        ],
        [
          0.269814,
          0.232984,
          -0.934302,
          3.630102
        ],
        [
          0.021196,
          -0.971489,
          -0.236136,
          1.411508
        ],
        [
          0.0,
          0.0,
          0.0,
          1.0
        ]
      ]
    },
    {
      "file_path": "/media/NFS/ttao/scannet/posed_images/scene0468_02/00400.jpg",
      "transform_matrix": [
        [
          -0.960732,
          0.030455,
          -0.2758,
          2.578876
        ],
        [
          0.275738,
          0.215862,
          -0.936682,
          3.593041
        ],
        [
          0.031008,
          -0.975949,
          -0.215783,
          1.417712
        ],
        [
          0.0,
          0.0,
          0.0,
          1.0
        ]
      ]
    },
    {
      "file_path": "/media/NFS/ttao/scannet/posed_images/scene0468_02/00406.jpg",
      "transform_matrix": [
        [
          -0.965207,
          0.025067,
          -0.260282,
          2.618471
        ],
        [
          0.259701,
          0.208016,
          -0.943019,
          3.554646
        ],
        [
          0.030504,
          -0.977804,
          -0.207288,
          1.42993
        ],
        [
          0.0,
          0.0,
          0.0,
          1.0
        ]
      ]
    },
    {
      "file_path": "/media/NFS/ttao/scannet/posed_images/scene0468_02/00407.jpg",
      "transform_matrix": [
        [
          -0.965882,
          0.024168,
          -0.257853,
          2.623729
        ],
        [
          0.257106,
          0.209137,
          -0.943482,
          3.549345
        ],
        [
          0.031124,
          -0.977588,
          -0.208216,
          1.429717
        ],
        [
          0.0,
          0.0,
          0.0,
          1.0
        ]
      ]
    },
    {
      "file_path": "/media/NFS/ttao/scannet/posed_images/scene0468_02/00418.jpg",
      "transform_matrix": [
        [
          -0.972425,
          0.007747,
          -0.233085,
          2.641685
        ],
        [
          0.23036,
          0.187786,
          -0.954815,
          3.469186
        ],
        [
          0.036373,
          -0.982179,
          -0.184393,
          1.431924
        ],
        [
          0.0,
          0.0,
          0.0,
          1.0
        ]
      ]
    },
    {
      "file_path": "/media/NFS/ttao/scannet/posed_images/scene0468_02/00419.jpg",
      "transform_matrix": [
        [
          -0.972914,
          0.004885,
          -0.231117,
          2.64054
        ],
        [
          0.227918,
          0.187349,
          -0.955486,
          3.459984
        ],
        [
          0.038632,
          -0.982281,
          -0.183388,
          1.429872
        ],
        [
          0.0,
          0.0,
          0.0,
          1.0
        ]
      ]
    },
    {
      "file_path": "/media/NFS/ttao/scannet/posed_images/scene0468_02/00425.jpg",
      "transform_matrix": [
        [
          -0.97836,
          0.005888,
          -0.206826,
          2.623895
        ],
        [
          0.204643,
          0.175104,
          -0.963048,
          3.370681
        ],
        [
          0.030545,
          -0.984532,
          -0.17252,
          1.417142
        ],
        [
          0.0,
          0.0,
          0.0,
          1.0
        ]
      ]
    },
    {
      "file_path": "/media/NFS/ttao/scannet/posed_images/scene0468_02/00435.jpg",
      "transform_matrix": [
        [
          -0.978765,
          0.02876,
          -0.202958,
          2.60557
        ],
        [
          0.203481,
          0.256066,
          -0.945001,
          3.265822
        ],
        [
          0.024792,
          -0.966231,
          -0.256481,
          1.388687
        ],
        [
          0.0,
          0.0,
          0.0,
          1.0
        ]
      ]
    },
    {
      "file_path": "/media/NFS/ttao/scannet/posed_images/scene0468_02/00438.jpg",
      "transform_matrix": [
        [
          -0.979195,
          0.022324,
          -0.201689,
          2.615652
        ],
        [
          0.19941,
          0.289955,
          -0.936035,
          3.246609
        ],
        [
          0.037585,
          -0.95678,
          -0.288374,
          1.367205
        ],
        [
          0.0,
          0.0,
          0.0,
          1.0
        ]
      ]
    },
    {
      "file_path": "/media/NFS/ttao/scannet/posed_images/scene0468_02/00445.jpg",
      "transform_matrix": [
        [
          -0.967149,
          0.049712,
          -0.2493,
          2.671711
        ],
        [
          0.250425,
          0.354878,
          -0.900749,
          3.213687
        ],
        [
          0.043693,
          -0.93359,
          -0.35567,
