{
  "frames": [
    {
      "file_path": "/media/NFS/ttao/scannet/posed_images/scene0034_02/00000.jpg",
      "transform_matrix": [
        [
          -0.540498,
          -0.460087,
          0.704402,
          2.111489
        ],
        [
          -0.840608,
          0.260249,
          -0.475026,
          2.467552
        ],
        [
          0.035233,
          -0.848876,
          -0.527416,
          1.457942
        ],
        [
          0.0,
          0.0,
          0.0,
          1.0
        ]
      ]
    },
    {
      "file_path": "/media/NFS/ttao/scannet/posed_images/scene0034_02/00004.jpg",
      "transform_matrix": [
        [
          -0.578599,
          -0.460037,
          0.67349,
          2.065727
        ],
        [
          -0.814173,
          0.276747,
          -0.510424,
          2.463388
        ],
        [
          0.048428,
          -0.843669,
          -0.534676,
          1.454027
        ],
        [
          0.0,
          0.0,
          0.0,
          1.0
        ]
      ]
    },
    {
      "file_path": "/media/NFS/ttao/scannet/posed_images/scene0034_02/00010.jpg",
      "transform_matrix": [
        [
          -0.563437,
          -0.457681,
          0.687799,
          1.98647
        ],
        [
          -0.825667,
          0.28321,
          -0.487921,
          2.436865
        ],
        [
          0.02852,
          -0.842805,
          -0.537462,
          1.444685
        ],
        [
          0.0,
          0.0,
          0.0,
          1.0
        ]
      ]
    },
    {
      "file_path": "/media/NFS/ttao/scannet/posed_images/scene0034_02/00015.jpg",
      "transform_matrix": [
        [
          -0.561001,
          -0.519319,
          0.644659,
          1.94988
        ],
        [
          -0.826595,
          0.309153,
          -0.470282,
          2.417297
        ],
        [
          0.044928,
          -0.796701,
          -0.602702,
          1.438502
        ],
        [
          0.0,
          0.0,
          0.0,
          1.0
        ]
      ]
    },
    {
      "file_path": "/media/NFS/ttao/scannet/posed_images/scene0034_02/00017.jpg",
      "transform_matrix": [
        [
          -0.548971,
          -0.516526,
          0.65714,
          1.937672
        ],
        [
          -0.835148,
          0.306931,
          -0.456423,
          2.415281
        ],
        [
          0.034058,
          -0.799371,
          -0.599871,
          1.434183
        ],
        [
          0.0,
          0.0,
          0.0,
          1.0
        ]
      ]
    },
    {
      "file_path": "/media/NFS/ttao/scannet/posed_images/scene0034_02/00020.jpg",
      "transform_matrix": [
        [
          -0.504637,
          -0.531672,
          0.680196,
          1.908226
        ],
        [
          -0.86333,
          0.312233,
          -0.396449,
          2.408334
        ],
        [
          -0.001598,
          -0.787296,
          -0.616573,
          1.404812
        ],
        [
          0.0,
          0.0,
          0.0,
          1.0
        ]
      ]
    },
    {
      "file_path": "/media/NFS/ttao/scannet/posed_images/scene0034_02/00028.jpg",
      "transform_matrix": [
        [
          -0.311907,
          -0.629054,
          0.712043,
          1.942659
        ],
        [
          -0.949792,
          0.225916,
          -0.216466,
          2.41882
        ],
        [
          -0.024693,
          -0.74381,
          -0.667935,
          1.405733
        ],
        [
          0.0,
          0.0,
          0.0,
          1.0
        ]
      ]
    },
    {
      "file_path": "/media/NFS/ttao/scannet/posed_images/scene0034_02/00032.jpg",
      "transform_matrix": [
        [
          -0.193056,
          -0.628877,
          0.753156,
          1.936861
        ],
        [
          -0.980491,
          0.152572,
          -0.123932,
          2.401993
        ],
        [
          -0.036972,
          -0.762388,
          -0.646063,
          1.411138
        ],
        [
          0.0,
          0.0,
          0.0,
          1.0
        ]
      ]
    },
    {
      "file_path": "/media/NFS/ttao/scannet/posed_images/scene0034_02/00036.jpg",
      "transform_matrix": [
        [
          -0.096569,
          -0.620521,
          0.778221,
          1.946694
        ],
        [
          -0.993882,
          0.102223,
          -0.041821,
          2.384877
        ],
        [
          -0.053601,
          -0.777498,
          -0.626596,
          1.419104
        ],
        [
          0.0,
          0.0,
          0.0,
          1.0
        ]
      ]
    },
    {
      "file_path": "/media/NFS/ttao/scannet/posed_images/scene0034_02/00041.jpg",
      "transform_matrix": [
        [
          -0.007719,
          -0.608643,
          0.793407,
          1.960067
        ],
        [
          -0.997958,
          0.054992,
          0.032477,
          2.365006
        ],
        [
          -0.063398,
          -0.791537,
          -0.607825,
          1.428096
        ],
        [
          0.0,
          0.0,
          0.0,
          1.0
        ]
      ]
    },
    {
      "file_path": "/media/NFS/ttao/scannet/posed_images/scene0034_02/00045.jpg",
      "transform_matrix": [
        [
          -0.066937,
          -0.5657,
          0.82189,
          1.971674
        ],
        [
          -0.997156,
          0.066517,
          -0.035428,
          2.381679
        ],
        [
          -0.034628,
          -0.821924,
          -0.568543,
          1.44235
        ],
        [
          0.0,
          0.0,
          0.0,
          1.0
        ]
      ]
    },
    {
      "file_path": "/media/NFS/ttao/scannet/posed_images/scene0034_02/00047.jpg",
      "transform_matrix": [
        [
          -0.105883,
          -0.555191,
          0.824955,
          1.981337
        ],
        [
          -0.994322,
          0.067967,
          -0.081881,
          2.385243
        ],
        [
          -0.01061,
          -0.828941,
          -0.559236,
          1.44638
        ],
        [
          0.0,
          0.0,
          0.0,
          1.0
        ]
      ]
    },
    {
      "file_path": "/media/NFS/ttao/scannet/posed_images/scene0034_02/00052.jpg",
      "transform_matrix": [
        [
          -0.226747,
          -0.531033,
          0.81645,
          2.020453
        ],
        [
          -0.972333,
          0.07509,
          -0.2212,
          2.368952
        ],
        [
          0.056157,
          -0.844018,
          -0.533367,
          1.459954
        ],
        [
          0.0,
          0.0,
          0.0,
          1.0
        ]
      ]
    },
    {
      "file_path": "/media/NFS/ttao/scannet/posed_images/scene0034_02/00055.jpg",
      "transform_matrix": [
        [
          -0.311235,
          -0.515642,
          0.798277,
          2.049217
        ],
        [
          -0.947629,
          0.105075,
          -0.301592,
          2.357523
        ],
        [
          0.071635,
          -0.850336,
          -0.521341,
          1.459796
        ],
        [
          0.0,
          0.0,
          0.0,
          1.0
        ]
      ]
    },
    {
      "file_path": "/media/NFS/ttao/scannet/posed_images/scene0034_02/00061.jpg",
      "transform_matrix": [
        [
          -0.504145,
          -0.488648,
          0.712083,
          2.086857
        ],
        [
          -0.854217,
          0.160812,
          -0.494422,
          2.361633
        ],
        [
          0.127087,
          -0.857533,
          -0.498484,
          1.478002
        ],
        [
          0.0,
          0.0,
          0.0,
          1.0
        ]
      ]
    },
    {
      "file_path": "/media/NFS/ttao/scannet/posed_images/scene0034_02/00067.jpg",
      "transform_matrix": [
        [
          -0.639489,
          -0.45533,
          0.619458,
          2.0734
        ],
        [
          -0.749848,
          0.191601,
          -0.633259,
          2.355115
        ],
        [
          0.169653,
          -0.869462,
          -0.463955,
          1.493855
        ],
        [
          0.0,
          0.0,
          0.0,
          1.0
        ]
      ]
    },
    {
      "file_path": "/media/NFS/ttao/scannet/posed_images/scene0034_02/00070.jpg",
      "transform_matrix": [
        [
          -0.668644,
          -0.459859,
          0.584333,
          2.044314
        ],
        [
          -0.716529,
          0.188426,
          -0.671626,
          2.363558
        ],
        [
          0.19875,
          -0.86777,
          -0.455492,
          1.478113
        ],
        [
          0.0,
          0.0,
          0.0,
          1.0
        ]
      ]
    },
    {
      "file_path": "/media/NFS/ttao/scannet/posed_images/scene0034_02/00073.jpg",
      "transform_matrix": [
        [
          -0.681734,
          -0.463093,
          0.566378,
          2.027051
        ],
        [
          -0.704133,
          0.205193,
          -0.679774,
          2.368793
        ],
        [
          0.198582,
          -0.86223,
          -0.465966,
          1.475187
        ],
        [
          0.0,
          0.0,
          0.0,
          1.0
        ]
      ]
    },
    {
      "file_path": "/media/NFS/ttao/scannet/posed_images/scene0034_02/00076.jpg",
      "transform_matrix": [
        [
          -0.700531,
          -0.459205,
          0.546248,
          1.993583
        ],
        [
          -0.688311,
          0.232738,
          -0.687066,
          2.375435
        ],
        [
          0.188372,
          -0.8573,
          -0.479117,
          1.464743
        ],
        [
          0.0,
          0.0,
          0.0,
          1.0
        ]
      ]
    },
    {
      "file_path": "/media/NFS/ttao/scannet/posed_images/scene0034_02/00081.jpg",
      "transform_matrix": [
        [
          -0.725709,
          -0.469634,
          0.502782,
          1.936182
        ],
        [
          -0.663385,
          0.283918,
          -0.692322,
          2.378895
        ],
        [
          0.182389,
          -0.835963,
          -0.51759,
          1.44301
        ],
        [
          0.0,
          0.0,
          0.0,
          1.0
        ]
      ]
    },
    {
      "file_path": "/media/NFS/ttao/scannet/posed_images/scene0034_02/00086.jpg",
      "transform_matrix": [
        [
          -0.749633,
          -0.479376,
          0.456342,
          1.892948
        ],
        [
          -0.63908,
          0.344964,
          -0.687442,
          2.38044
        ],
        [
          0.172121,
          -0.806969,
          -0.564956,
          1.422349
        ],
        [
          0.0,
          0.0,
          0.0,
          1.0
        ]
      ]
    },
    {
      "file_path": "/media/NFS/ttao/scannet/posed_images/scene0034_02/00091.jpg",
      "transform_matrix": [
        [
          -0.761803,
          -0.488121,
          0.425904,
          1.856765
        ],
        [
          -0.628602,
          0.39809,
          -0.66812,
          2.381589
        ],
        [
          0.156575,
          -0.7767,
          -0.6101,
          1.398991
        ],
        [
          0.0,
          0.0,
          0.0,
          1.0
        ]
      ]
    },
    {
      "file_path": "/media/NFS/ttao/scannet/posed_images/scene0034_02/00096.jpg",
      "transform_matrix": [
        [
          -0.754956,
          -0.499874,
          0.424461,
          1.842332
        ],
        [
          -0.643861,
          0.442198,
          -0.624422,
          2.381413
        ],
        [
          0.124437,
          -0.744705,
          -0.65569,
          1.380194
        ],
        [
          0.0,
          0.0,
          0.0,
          1.0
        ]
      ]
    },
    {
      "file_path": "/media/NFS/ttao/scannet/posed_images/scene0034_02/00100.jpg",
      "transform_matrix": [
        [
          -0.730723,
          -0.52091,
          0.441244,
          1.849246
        ],
        [
          -0.675784,
          0.46035,
          -0.575669,
          2.38103
        ],
        [
          0.096745,
          -0.71884,
          -0.688411,
          1.369303
        ],
        [
          0.0,
          0.0,
          0.0,
          1.0
        ]
      ]
    },
    {
      "file_path": "/media/NFS/ttao/scannet/posed_images/scene0034_02/00105.jpg",
      "transform_matrix": [
        [
          -0.680201,
          -0.547837,
          0.487033,
          1.870456
        ],
        [
          -0.72965,
          0.442322,
          -0.521501,
          2.388055
        ],
        [
          0.070272,
          -0.710089,
          -0.700596,
          1.353656
        ],
        [
          0.0,
          0.0,
          0.0,
          1.0
        ]
      ]
    },
    {
      "file_path": "/media/NFS/ttao/scannet/posed_images/scene0034_02/00109.jpg",
      "transform_matrix": [
        [
          -0.673974,
          -0.547997,
          0.495438,
          1.879441
        ],
        [
          -0.736278,
          0.443389,
          -0.511177,
          2.38487
        ],
        [
          0.060452,
          -0.709299,
          -0.702311,
          1.354159
        ],
        [
          0.0,
          0.0,
          0.0,
          1.0
        ]
      ]
    },
    {
      "file_path": "/media/NFS/ttao/scannet/posed_images/scene0034_02/00110.jpg",
      "transform_matrix": [
        [
          -0.675088,
          -0.542907,
          0.499508,
          1.87879
        ],
        [
          -0.735991,
          0.449061,
          -0.506618,
          2.380946
        ],
        [
          0.050737,
          -0.709645,
          -0.70273,
          1.355858
        ],
        [
          0.0,
          0.0,
          0.0,
          1.0
        ]
      ]
    },
    {
      "file_path": "/media/NFS/ttao/scannet/posed_images/scene0034_02/00116.jpg",
      "transform_matrix": [
        [
          -0.693711,
          -0.5241,
          0.49405,
          1.855198
        ],
        [
          -0.718195,
          0.451514,
          -0.529463,
          2.383106
        ],
        [
          0.054421,
          -0.722118,
          -0.689626,
          1.365288
        ],
        [
          0.0,
          0.0,
          0.0,
          1.0
        ]
      ]
    },
    {
      "file_path": "/media/NFS/ttao/scannet/posed_images/scene0034_02/00120.jpg",
      "transform_matrix": [
        [
          -0.730706,
          -0.483037,
          0.482436,
          1.818483
        ],
        [
          -0.6817,
          0.478167,
          -0.553752,
          2.386716
        ],
        [
          0.036797,
          -0.733507,
          -0.678685,
          1.371405
        ],
        [
          0.0,
          0.0,
          0.0,
          1.0
        ]
      ]
    },
    {
      "file_path": "/media/NFS/ttao/scannet/posed_images/scene0034_02/00125.jpg",
      "transform_matrix": [
        [
          -0.810967,
          -0.408284,
          0.41909,
          1.780303
        ],
        [
          -0.584746,
          0.540947,
          -0.604523,
          2.386501
        ],
        [
          0.020111,
          -0.73531,
          -0.677433,
          1.38241
        ],
        [
          0.0,
          0.0,
          0.0,
          1.0
        ]
      ]
    },
    {
      "file_path": "/media/NFS/ttao/scannet/posed_images/scene0034_02/00131.jpg",
      "transform_matrix": [
        [
          -0.896406,
          -0.314087,
          0.31274,
          1.75199
        ],
        [
          -0.442507,
          0.593761,
          -0.672038,
          2.400707
        ],
        [
          0.025386,
          -0.740808,
          -0.671237,
          1.388607
        ],
        [
          0.0,
          0.0,
          0.0,
          1.0
        ]
      ]
    },
    {
      "file_path": "/media/NFS/ttao/scannet/posed_images/scene0034_02/00133.jpg",
      "transform_matrix": [
        [
          -0.918724,
          -0.283404,
          0.275008,
          1.745804
        ],
        [
          -0.39388,
          0.607572,
          -0.689721,
          2.406454
        ],
        [
          0.028383,
          -0.741983,
          -0.669818,
          1.394643
        ],
        [
          0.0,
          0.0,
          0.0,
          1.0
        ]
      ]
    },
    {
      "file_path": "/media/NFS/ttao/scannet/posed_images/scene0034_02/00136.jpg",
      "transform_matrix": [
        [
          -0.951325,
          -0.216384,
          0.219452,
          1.731164
        ],
        [
          -0.308179,
          0.66179,
          -0.683417,
          2.417742
        ],
        [
          0.00265,
          -0.717782,
          -0.696262,
          1.402693
        ],
        [
          0.0,
          0.0,
          0.0,
          1.0
        ]
      ]
    },
    {
      "file_path": "/media/NFS/ttao/scannet/posed_images/scene0034_02/00141.jpg",
      "transform_matrix": [
        [
          -0.980019,
          -0.136607,
          0.144569,
          1.701453
        ],
        [
          -0.198617,
          0.71094,
          -0.674622,
          2.4428
        ],
        [
          -0.010622,
          -0.689857,
          -0.723868,
          1.397161
        ],
        [
          0.0,
          0.0,
          0.0,
          1.0
        ]
      ]
    },
    {
      "file_path": "/media/NFS/ttao/scannet/posed_images/scene0034_02/00145.jpg",
      "transform_matrix": [
        [
          -0.993205,
          -0.074739,
          0.089201,
          1.687699
        ],
        [
          -0.115659,
          0.71875,
          -0.685581,
          2.46225
        ],
        [
          -0.012873,
          -0.691239,
          -0.722511,
          1.402359
        ],
        [
          0.0,
          0.0,
          0.0,
          1.0
        ]
      ]
    },
    {
      "file_path": "/media/NFS/ttao/scannet/posed_images/scene0034_02/00151.jpg",
      "transform_matrix": [
        [
          -0.999334,
          0.01693,
          -0.032325,
          1.666027
        ],
        [
          0.034826,
          0.707003,
          -0.706353,
          2.473577
        ],
        [
          0.010895,
          -0.707008,
          -0.707122,
          1.408906
        ],
        [
          0.0,
          0.0,
          0.0,
          1.0
        ]
      ]
    },
    {
      "file_path": "/media/NFS/ttao/scannet/posed_images/scene0034_02/00152.jpg",
      "transform_matrix": [
        [
          -0.998405,
          0.02749,
          -0.049317,
          1.663727
        ],
        [
          0.054398,
          0.702284,
          -0.709816,
          2.473938
        ],
        [
          0.015121,
          -0.711366,
          -0.702659,
          1.410495
        ],
        [
          0.0,
          0.0,
          0.0,
          1.0
        ]
      ]
    },
    {
      "file_path": "/media/NFS/ttao/scannet/posed_images/scene0034_02/00160.jpg",
      "transform_matrix": [
        [
          -0.975711,
          0.110489,
          -0.189154,
          1.651756
        ],
        [
          0.217058,
          0.604094,
          -0.766783,
          2.474446
        ],
        [
          0.029546,
          -0.789217,
          -0.613404,
          1.455664
        ],
        [
          0.0,
          0.0,
          0.0,
          1.0
        ]
      ]
    },
    {
      "file_path": "/media/NFS/ttao/scannet/posed_images/scene0034_02/00161.jpg",
      "transform_matrix": [
        [
          -0.973015,
          0.115927,
          -0.199507,
          1.6483
        ],
        [
          0.229096,
          0.588477,
          -0.775377,
          2.474744
        ],
        [
          0.027518,
          -0.80016,
          -0.599156,
          1.462422
        ],
        [
          0.0,
          0.0,
          0.0,
          1.0
        ]
      ]
    },
    {
      "file_path": "/media/NFS/ttao/scannet/posed_images/scene0034_02/00169.jpg",
      "transform_matrix": [
        [
          -0.968454,
          0.096577,
          -0.229716,
          1.653155
        ],
        [
          0.248656,
          0.434971,
          -0.865431,
          2.487341
        ],
        [
          0.016339,
          -0.89525,
          -0.445264,
          1.524699
        ],
        [
          0.0,
          0.0,
          0.0,
          1.0
        ]
      ]
    },
    {
      "file_path": "/media/NFS/ttao/scannet/posed_images/scene0034_02/00170.jpg",
      "transform_matrix": [
        [
          -0.969427,
          0.065175,
          -0.236566,
          1.664084
        ],
        [
          0.24235,
          0.405344,
          -0.881455,
          2.491522
        ],
        [
          0.038441,
          -0.911838,
          -0.408746,
          1.54245
        ],
        [
          0.0,
          0.0,
          0.0,
          1.0
        ]
      ]
    },
    {
      "file_path": "/media/NFS/ttao/scannet/posed_images/scene0034_02/00175.jpg",
      "transform_matrix": [
        [
          -0.972233,
          0.032197,
          -0.23179,
          1.670419
        ],
        [
          0.230086,
          0.312274,
          -0.921708,
          2.506936
        ],
        [
          0.042706,
          -0.949446,
          -0.311011,
          1.559863
        ],
        [
          0.0,
          0.0,
          0.0,
          1.0
        ]
      ]
    },
    {
      "file_path": "/media/NFS/ttao/scannet/posed_images/scene0034_02/00182.jpg",
      "transform_matrix": [
        [
          -Infinity,
          -Infinity,
          -Infinity,
          -Infinity
        ],
        [
          -Infinity,
          -Infinity,
          -Infinity,
          -Infinity
        ],
        [
          -Infinity,
          -Infinity,
          -Infinity,
          -Infinity
        ],
        [
          -Infinity,
          -Infinity,
          -Infinity,
          -Infinity
        ]
      ]
    },
    {
      "file_path": "/media/NFS/ttao/scannet/posed_images/scene0034_02/00186.jpg",
      "transform_matrix": [
        [
          -Infinity,
          -Infinity,
          -Infinity,
          -Infinity
        ],
        [
          -Infinity,
          -Infinity,
          -Infinity,
          -Infinity
        ],
        [
          -Infinity,
          -Infinity,
          -Infinity,
          -Infinity
        ],
        [
          -Infinity,
          -Infinity,
          -Infinity,
          -Infinity
        ]
      ]
    },
    {
      "file_path": "/media/NFS/ttao/scannet/posed_images/scene0034_02/00187.jpg",
      "transform_matrix": [
        [
          -Infinity,
          -Infinity,
          -Infinity,
          -Infinity
        ],
        [
          -Infinity,
          -Infinity,
          -Infinity,
          -Infinity
        ],
        [
          -Infinity,
          -Infinity,
          -Infinity,
          -Infinity
        ],
        [
          -Infinity,
          -Infinity,
          -Infinity,
          -Infinity
        ]
      ]
    },
    {
      "file_path": "/media/NFS/ttao/scannet/posed_images/scene0034_02/00191.jpg",
      "transform_matrix": [
        [
          -Infinity,
          -Infinity,
          -Infinity,
          -Infinity
        ],
        [
          -Infinity,
          -Infinity,
          -Infinity,
          -Infinity
        ],
        [
          -Infinity,
          -Infinity,
          -Infinity,
          -Infinity
        ],
        [
          -Infinity,
          -Infinity,
          -Infinity,
          -Infinity
        ]
      ]
    },
    {
      "file_path": "/media/NFS/ttao/scannet/posed_images/scene0034_02/00196.jpg",
      "transform_matrix": [
        [
          -Infinity,
          -Infinity,
          -Infinity,
          -Infinity
        ],
        [
          -Infinity,
          -Infinity,
          -Infinity,
          -Infinity
        ],
        [
          -Infinity,
          -Infinity,
          -Infinity,
          -Infinity
        ],
        [
          -Infinity,
          -Infinity,
          -Infinity,
          -Infinity
        ]
      ]
    },
    {
      "file_path": "/media/NFS/ttao/scannet/posed_images/scene0034_02/00200.jpg",
      "transform_matrix": [
        [
          -Infinity,
          -Infinity,
          -Infinity,
          -Infinity
        ],
        [
          -Infinity,
          -Infinity,
          -Infinity,
          -Infinity
        ],
        [
          -Infinity,
          -Infinity,
          -Infinity,
          -Infinity
        ],
        [
          -Infinity,
          -Infinity,
          -Infinity,
          -Infinity
        ]
      ]
    },
    {
      "file_path": "/media/NFS/ttao/scannet/posed_images/scene0034_02/00206.jpg",
      "transform_matrix": [
        [
          -Infinity,
          -Infinity,
          -Infinity,
          -Infinity
        ],
        [
          -Infinity,
          -Infinity,
          -Infinity,
          -Infinity
        ],
        [
          -Infinity,
          -Infinity,
          -Infinity,
          -Infinity
        ],
        [
          -Infinity,
          -Infinity,
          -Infinity,
          -Infinity
        ]
      ]
    },
    {
      "file_path": "/media/NFS/ttao/scannet/posed_images/scene0034_02/00210.jpg",
      "transform_matrix": [
        [
          -0.947179,
          -0.139908,
          -0.28858,
          1.732219
        ],
        [
          0.292661,
          -0.009076,
          -0.956173,
          2.587342
        ],
        [
          0.131157,
          -0.990123,
          0.049542,
          1.702134
        ],
        [
          0.0,
          0.0,
          0.0,
          1.0
        ]
      ]
    },
    {
      "file_path": "/media/NFS/ttao/scannet/posed_images/scene0034_02/00212.jpg",
      "transform_matrix": [
        [
          -Infinity,
          -Infinity,
          -Infinity,
          -Infinity
        ],
        [
          -Infinity,
          -Infinity,
          -Infinity,
          -Infinity
        ],
        [
          -Infinity,
          -Infinity,
          -Infinity,
          -Infinity
        ],
        [
          -Infinity,
          -Infinity,
          -Infinity,
          -Infinity
        ]
      ]
    },
    {
      "file_path": "/media/NFS/ttao/scannet/posed_images/scene0034_02/00220.jpg",
      "transform_matrix": [
        [
          -0.9677,
          -0.162307,
          -0.192908,
          1.767812
        ],
        [
          0.211841,
          -0.108667,
          -0.971244,
          2.607719
        ],
        [
          0.136677,
          -0.980739,
          0.13954,
          1.712753
        ],
        [
          0.0,
          0.0,
          0.0,
          1.0
        ]
      ]
    },
    {
      "file_path": "/media/NFS/ttao/scannet/posed_images/scene0034_02/00221.jpg",
      "transform_matrix": [
        [
          -0.971001,
          -0.162985,
          -0.174911,
          1.766418
        ],
        [
          0.19466,
          -0.114228,
          -0.974197,
          2.61076
        ],
        [
          0.138799,
          -0.979994,
          0.142642,
          1.712611
        ],
        [
          0.0,
          0.0,
          0.0,
          1.0
        ]
      ]
    },
    {
      "file_path": "/media/NFS/ttao/scannet/posed_images/scene0034_02/00225.jpg",
      "transform_matrix": [
        [
          -0.980402,
          -0.176809,
          -0.086888,
          1.780329
        ],
        [
          0.111249,
          -0.132887,
          -0.984868,
          2.620848
        ],
        [
          0.162588,
          -0.975233,
          0.149953,
          1.712268
        ],
        [
          0.0,
          0.0,
          0.0,
          1.0
        ]
      ]
    },
    {
      "file_path": "/media/NFS/ttao/scannet/posed_images/scene0034_02/00232.jpg",
      "transform_matrix": [
        [
          -0.982637,
          -0.18142,
          0.038875,
          1.825156
        ],
        [
          -0.013714,
          -0.137929,
          -0.990347,
          2.623263
        ],
        [
          0.185031,
          -0.973685,
          0.133046,
          1.69795
        ],
        [
          0.0,
          0.0,
          0.0,
          1.0
        ]
      ]
    },
    {
      "file_path": "/media/NFS/ttao/scannet/posed_images/scene0034_02/00237.jpg",
      "transform_matrix": [
        [
          -0.97385,
          -0.202464,
          0.103072,
          1.844974
        ],
        [
          -0.085106,
          -0.095546,
          -0.99178,
          2.618959
        ],
        [
          0.210648,
          -0.974617,
          0.075817,
          1.691099
        ],
        [
          0.0,
          0.0,
          0.0,
          1.0
        ]
      ]
    },
    {
      "file_path": "/media/NFS/ttao/scannet/posed_images/scene0034_02/00241.jpg",
      "transform_matrix": [
        [
          -0.964729,
          -0.224879,
          0.136849,
          1.871807
        ],
        [
          -0.125069,
          -0.065891,
          -0.989958,
          2.605668
        ],
        [
          0.231638,
          -0.972156,
          0.035441,
          1.657514
        ],
        [
          0.0,
          0.0,
          0.0,
          1.0
        ]
      ]
    },
    {
      "file_path": "/media/NFS/ttao/scannet/posed_images/scene0034_02/00246.jpg",
      "transform_matrix": [
        [
          -0.945279,
          -0.264726,
          0.190702,
          1.888794
        ],
        [
          -0.19734,
          -0.001548,
          -0.980334,
          2.592636
        ],
        [
          0.259815,
          -0.964322,
          -0.050778,
          1.644009
        ],
        [
          0.0,
          0.0,
          0.0,
          1.0
        ]
      ]
    },
    {
      "file_path": "/media/NFS/ttao/scannet/posed_images/scene0034_02/00250.jpg",
      "transform_matrix": [
        [
          -0.926149,
          -0.302434,
          0.225348,
          1.930618
        ],
        [
          -0.249882,
          0.044504,
          -0.967253,
          2.57854
        ],
        [
          0.282501,
          -0.952131,
          -0.11679,
          1.6329
        ],
        [
          0.0,
          0.0,
          0.0,
          1.0
        ]
      ]
    },
    {
      "file_path": "/media/NFS/ttao/scannet/posed_images/scene0034_02/00251.jpg",
      "transform_matrix": [
        [
          -0.924911,
          -0.302572,
          0.230193,
          1.936302
        ],
        [
          -0.256983,
          0.051355,
          -0.96505,
          2.577158
        ],
        [
          0.280176,
          -0.951742,
          -0.125255,
          1.630284
        ],
        [
          0.0,
          0.0,
          0.0,
          1.0
        ]
      ]
    },
    {
      "file_path": "/media/NFS/ttao/scannet/posed_images/scene0034_02/00256.jpg",
      "transform_matrix": [
        [
          -0.902877,
          -0.330678,
          0.274708,
          1.968234
        ],
        [
          -0.319128,
          0.087393,
          -0.943673,
          2.570568
        ],
        [
          0.288045,
          -0.939689,
          -0.184434,
          1.611886
        ],
        [
          0.0,
          0.0,
          0.0,
          1.0
        ]
      ]
    },
    {
      "file_path": "/media/NFS/ttao/scannet/posed_images/scene0034_02/00260.jpg",
      "transform_matrix": [
        [
          -0.881055,
          -0.345914,
          0.322623,
          1.999062
        ],
        [
          -0.383192,
          0.122085,
          -0.915565,
          2.551616
        ],
        [
          0.277319,
          -0.93029,
          -0.240115,
          1.597535
        ],
        [
          0.0,
          0.0,
          0.0,
          1.0
        ]
      ]
    },
    {
      "file_path": "/media/NFS/ttao/scannet/posed_images/scene0034_02/00266.jpg",
      "transform_matrix": [
        [
          -0.813622,
          -0.390585,
          0.430654,
          2.04899
        ],
        [
          -0.523085,
          0.168453,
          -0.835468,
          2.509366
        ],
        [
          0.253776,
          -0.905023,
          -0.341366,
          1.566117
        ],
        [
          0.0,
          0.0,
          0.0,
          1.0
        ]
      ]
    },
    {
      "file_path": "/media/NFS/ttao/scannet/posed_images/scene0034_02/00271.jpg",
      "transform_matrix": [
        [
          -0.739852,
          -0.426028,
          0.520691,
          2.088161
        ],
        [
          -0.638734,
          0.201752,
          -0.742506,
          2.442311
        ],
        [
          0.211278,
          -0.881927,
          -0.421385,
          1.558592
        ],
        [
          0.0,
          0.0,
          0.0,
          1.0
        ]
      ]
    },
    {
      "file_path": "/media/NFS/ttao/scannet/posed_images/scene0034_02/00275.jpg",
      "transform_matrix": [
        [
          -0.661577,
          -0.441308,
          0.60627,
          2.119781
        ],
        [
          -0.726452,
          0.176679,
          -0.664117,
          2.389167
        ],
        [
          0.185965,
          -0.879791,
          -0.437476,
          1.553898
        ],
        [
          0.0,
          0.0,
          0.0,
          1.0
        ]
      ]
    },
    {
      "file_path": "/media/NFS/ttao/scannet/posed_images/scene0034_02/00276.jpg",
      "transform_matrix": [
        [
          -0.642014,
          -0.441691,
          0.626679,
          2.125984
        ],
        [
          -0.745322,
          0.167914,
          -0.645212,
          2.378519
        ],
        [
          0.179757,
          -0.881314,
          -0.437005,
          1.55749
        ],
        [
          0.0,
          0.0,
          0.0,
          1.0
        ]
      ]
    },
    {
      "file_path": "/media/NFS/ttao/scannet/posed_images/scene0034_02/00280.jpg",
      "transform_matrix": [
        [
          -0.554875,
          -0.437036,
          0.707894,
          2.159995
        ],
        [
          -0.819464,
          0.140344,
          -0.555683,
          2.34459
        ],
        [
          0.143505,
          -0.888427,
          -0.436008,
          1.535712
        ],
        [
          0.0,
          0.0,
          0.0,
          1.0
        ]
      ]
    },
    {
      "file_path": "/media/NFS/ttao/scannet/posed_images/scene0034_02/00288.jpg",
      "transform_matrix": [
        [
          -0.355299,
          -0.518598,
          0.7777,
          2.233463
        ],
        [
          -0.929951,
          0.111888,
          -0.350246,
          2.279783
        ],
        [
          0.094622,
          -0.847665,
          -0.522025,
          1.524416
        ],
        [
          0.0,
          0.0,
          0.0,
          1.0
        ]
      ]
    },
    {
      "file_path": "/media/NFS/ttao/scannet/posed_images/scene0034_02/00291.jpg",
      "transform_matrix": [
        [
          -0.272602,
          -0.537012,
          0.798315,
          2.288734
        ],
        [
          -0.957677,
          0.071744,
          -0.27876,
          2.298684
        ],
        [
          0.092423,
          -0.840519,
          -0.533841,
          1.50656
        ],
        [
          0.0,
          0.0,
          0.0,
          1.0
        ]
      ]
    },
    {
      "file_path": "/media/NFS/ttao/scannet/posed_images/scene0034_02/00294.jpg",
      "transform_matrix": [
        [
          -0.215586,
          -0.544847,
          0.810348,
          2.329473
        ],
        [
          -0.971907,
          0.039467,
          -0.232031,
          2.298857
        ],
        [
          0.09444,
          -0.837606,
          -0.53805,
          1.502462
        ],
        [
          0.0,
          0.0,
          0.0,
          1.0
        ]
      ]
    },
    {
      "file_path": "/media/NFS/ttao/scannet/posed_images/scene0034_02/00300.jpg",
      "transform_matrix": [
        [
          -0.089698,
          -0.560467,
          0.823305,
          2.439953
        ],
        [
          -0.993051,
          -0.012906,
          -0.116977,
          2.327019
        ],
        [
          0.076187,
          -0.828076,
          -0.555415,
          1.477688
        ],
        [
          0.0,
          0.0,
          0.0,
          1.0
        ]
      ]
    },
    {
      "file_path": "/media/NFS/ttao/scannet/posed_images/scene0034_02/00303.jpg",
      "transform_matrix": [
        [
          -0.044609,
          -0.568864,
          0.821221,
          2.478748
        ],
        [
          -0.997852,
          -0.014104,
          -0.063974,
          2.339426
        ],
        [
          0.047975,
          -0.822311,
          -0.567013,
          1.473981
        ],
        [
          0.0,
          0.0,
          0.0,
          1.0
        ]
      ]
    },
    {
      "file_path": "/media/NFS/ttao/scannet/posed_images/scene0034_02/00307.jpg",
      "transform_matrix": [
        [
          0.022009,
          -0.555029,
          0.83154,
          2.519333
        ],
        [
          -0.99934,
          -0.036266,
          0.002244,
          2.364287
        ],
        [
          0.028912,
          -0.83104,
          -0.555461,
          1.470594
        ],
        [
          0.0,
          0.0,
          0.0,
          1.0
        ]
      ]
    },
    {
      "file_path": "/media/NFS/ttao/scannet/posed_images/scene0034_02/00311.jpg",
      "transform_matrix": [
        [
          0.107026,
          -0.548676,
          0.829157,
          2.549899
        ],
        [
          -0.993791,
          -0.084551,
          0.072326,
          2.380459
        ],
        [
          0.030422,
          -0.831749,
          -0.554318,
          1.479146
        ],
        [
          0.0,
          0.0,
          0.0,
          1.0
        ]
      ]
    },
    {
      "file_path": "/media/NFS/ttao/scannet/posed_images/scene0034_02/00316.jpg",
      "transform_matrix": [
        [
          0.22477,
          -0.538151,
          0.812325,
          2.568884
        ],
        [
          -0.973982,
          -0.14883,
          0.170903,
          2.408799
        ],
        [
          0.028927,
          -0.829604,
          -0.557602,
          1.472821
        ],
        [
          0.0,
          0.0,
          0.0,
          1.0
        ]
      ]
    },
    {
      "file_path": "/media/NFS/ttao/scannet/posed_images/scene0034_02/00321.jpg",
      "transform_matrix": [
        [
          0.368279,
          -0.530375,
          0.763591,
          2.594826
        ],
        [
          -0.929647,
          -0.219987,
          0.295569,
          2.42621
        ],
        [
          0.011217,
          -0.818723,
          -0.574079,
          1.472643
        ],
        [
          0.0,
          0.0,
          0.0,
          1.0
        ]
      ]
    },
    {
      "file_path": "/media/NFS/ttao/scannet/posed_images/scene0034_02/00325.jpg",
      "transform_matrix": [
        [
          0.496303,
          -0.499732,
          0.709895,
          2.6058
        ],
        [
          -0.868107,
          -0.293685,
          0.400173,
          2.422472
        ],
        [
          0.008507,
          -0.814872,
          -0.579578,
          1.466835
        ],
        [
          0.0,
          0.0,
          0.0,
          1.0
        ]
      ]
    },
    {
      "file_path": "/media/NFS/ttao/scannet/posed_images/scene0034_02/00330.jpg",
      "transform_matrix": [
