{
  "frames": [
    {
      "file_path": "/media/NFS/ttao/scannet/posed_images/scene0025_02/00000.jpg",
      "transform_matrix": [
        [
          -0.607054,
          0.363322,
          -0.70674,
          1.820931
        ],
        [
          0.794621,
          0.286451,
          -0.53528,
          2.891555
        ],
        [
          0.007967,
          -0.886534,
          -0.462595,
          1.544821
        ],
        [
          0.0,
          0.0,
          0.0,
          1.0
        ]
      ]
    },
    {
      "file_path": "/media/NFS/ttao/scannet/posed_images/scene0025_02/00008.jpg",
      "transform_matrix": [
        [
          -0.625701,
          0.335051,
          -0.704442,
          1.791362
        ],
        [
          0.780019,
          0.278268,
          -0.560479,
          2.882596
        ],
        [
          0.008235,
          -0.900171,
          -0.435459,
          1.565879
        ],
        [
          0.0,
          0.0,
          0.0,
          1.0
        ]
      ]
    },
    {
      "file_path": "/media/NFS/ttao/scannet/posed_images/scene0025_02/00011.jpg",
      "transform_matrix": [
        [
          -0.642492,
          0.306334,
          -0.702398,
          1.777229
        ],
        [
          0.766236,
          0.267881,
          -0.584056,
          2.902944
        ],
        [
          0.009244,
          -0.913455,
          -0.406836,
          1.567707
        ],
        [
          0.0,
          0.0,
          0.0,
          1.0
        ]
      ]
    },
    {
      "file_path": "/media/NFS/ttao/scannet/posed_images/scene0025_02/00017.jpg",
      "transform_matrix": [
        [
          -0.654696,
          0.266027,
          -0.707532,
          1.758744
        ],
        [
          0.755702,
          0.251314,
          -0.604777,
          2.916221
        ],
        [
          0.016926,
          -0.930629,
          -0.365572,
          1.596289
        ],
        [
          0.0,
          0.0,
          0.0,
          1.0
        ]
      ]
    },
    {
      "file_path": "/media/NFS/ttao/scannet/posed_images/scene0025_02/00020.jpg",
      "transform_matrix": [
        [
          -0.65787,
          0.240705,
          -0.71363,
          1.758126
        ],
        [
          0.752666,
          0.24344,
          -0.611744,
          2.921796
        ],
        [
          0.026477,
          -0.939573,
          -0.341323,
          1.59382
        ],
        [
          0.0,
          0.0,
          0.0,
          1.0
        ]
      ]
    },
    {
      "file_path": "/media/NFS/ttao/scannet/posed_images/scene0025_02/00024.jpg",
      "transform_matrix": [
        [
          -0.664022,
          0.220599,
          -0.71443,
          1.746527
        ],
        [
          0.747254,
          0.229265,
          -0.623738,
          2.931498
        ],
        [
          0.026197,
          -0.948037,
          -0.317081,
          1.615719
        ],
        [
          0.0,
          0.0,
          0.0,
          1.0
        ]
      ]
    },
    {
      "file_path": "/media/NFS/ttao/scannet/posed_images/scene0025_02/00032.jpg",
      "transform_matrix": [
        [
          -0.672563,
          0.164126,
          -0.72161,
          1.739307
        ],
        [
          0.739505,
          0.186133,
          -0.646906,
          2.953383
        ],
        [
          0.028141,
          -0.968719,
          -0.246558,
          1.647438
        ],
        [
          0.0,
          0.0,
          0.0,
          1.0
        ]
      ]
    },
    {
      "file_path": "/media/NFS/ttao/scannet/posed_images/scene0025_02/00038.jpg",
      "transform_matrix": [
        [
          -0.679372,
          0.122492,
          -0.723498,
          1.741127
        ],
        [
          0.733122,
          0.155479,
          -0.662086,
          2.969757
        ],
        [
          0.031389,
          -0.980215,
          -0.19543,
          1.663946
        ],
        [
          0.0,
          0.0,
          0.0,
          1.0
        ]
      ]
    },
    {
      "file_path": "/media/NFS/ttao/scannet/posed_images/scene0025_02/00039.jpg",
      "transform_matrix": [
        [
          -0.680577,
          0.119025,
          -0.722944,
          1.740751
        ],
        [
          0.731985,
          0.153313,
          -0.663847,
          2.971464
        ],
        [
          0.031822,
          -0.980983,
          -0.191465,
          1.669968
        ],
        [
          0.0,
          0.0,
          0.0,
          1.0
        ]
      ]
    },
    {
      "file_path": "/media/NFS/ttao/scannet/posed_images/scene0025_02/00045.jpg",
      "transform_matrix": [
        [
          -0.694496,
          0.089148,
          -0.713952,
          1.741634
        ],
        [
          0.71878,
          0.130251,
          -0.682928,
          2.991613
        ],
        [
          0.032112,
          -0.987465,
          -0.154536,
          1.682715
        ],
        [
          0.0,
          0.0,
          0.0,
          1.0
        ]
      ]
    },
    {
      "file_path": "/media/NFS/ttao/scannet/posed_images/scene0025_02/00053.jpg",
      "transform_matrix": [
        [
          -0.722937,
          0.061966,
          -0.688129,
          1.749218
        ],
        [
          0.690173,
          0.110859,
          -0.715102,
          3.012364
        ],
        [
          0.031974,
          -0.991902,
          -0.122911,
          1.703472
        ],
        [
          0.0,
          0.0,
          0.0,
          1.0
        ]
      ]
    },
    {
      "file_path": "/media/NFS/ttao/scannet/posed_images/scene0025_02/00057.jpg",
      "transform_matrix": [
        [
          -0.743839,
          0.043524,
          -0.66694,
          1.756776
        ],
        [
          0.667546,
          0.097578,
          -0.738147,
          3.020269
        ],
        [
          0.032952,
          -0.994276,
          -0.101637,
          1.702893
        ],
        [
          0.0,
          0.0,
          0.0,
          1.0
        ]
      ]
    },
    {
      "file_path": "/media/NFS/ttao/scannet/posed_images/scene0025_02/00062.jpg",
      "transform_matrix": [
        [
          -0.768359,
          0.035519,
          -0.639033,
          1.767899
        ],
        [
          0.639506,
          0.082615,
          -0.764335,
          3.023183
        ],
        [
          0.025646,
          -0.995948,
          -0.086193,
          1.704319
        ],
        [
          0.0,
          0.0,
          0.0,
          1.0
        ]
      ]
    },
    {
      "file_path": "/media/NFS/ttao/scannet/posed_images/scene0025_02/00065.jpg",
      "transform_matrix": [
        [
          -0.785042,
          0.030418,
          -0.618695,
          1.774471
        ],
        [
          0.618962,
          0.077824,
          -0.781556,
          3.022621
        ],
        [
          0.024376,
          -0.996503,
          -0.079923,
          1.703825
        ],
        [
          0.0,
          0.0,
          0.0,
          1.0
        ]
      ]
    },
    {
      "file_path": "/media/NFS/ttao/scannet/posed_images/scene0025_02/00071.jpg",
      "transform_matrix": [
        [
          -0.822013,
          0.026253,
          -0.568863,
          1.792172
        ],
        [
          0.569279,
          0.063619,
          -0.819679,
          3.019119
        ],
        [
          0.014671,
          -0.997629,
          -0.067241,
          1.704131
        ],
        [
          0.0,
          0.0,
          0.0,
          1.0
        ]
      ]
    },
    {
      "file_path": "/media/NFS/ttao/scannet/posed_images/scene0025_02/00075.jpg",
      "transform_matrix": [
        [
          -0.843954,
          0.023075,
          -0.535918,
          1.807259
        ],
        [
          0.536354,
          0.051347,
          -0.84243,
          3.010582
        ],
        [
          0.008079,
          -0.998414,
          -0.055711,
          1.704978
        ],
        [
          0.0,
          0.0,
          0.0,
          1.0
        ]
      ]
    },
    {
      "file_path": "/media/NFS/ttao/scannet/posed_images/scene0025_02/00080.jpg",
      "transform_matrix": [
        [
          -0.878571,
          0.022049,
          -0.477103,
          1.82056
        ],
        [
          0.477582,
          0.051821,
          -0.877058,
          3.002183
        ],
        [
          0.005385,
          -0.998413,
          -0.056059,
          1.7085
        ],
        [
          0.0,
          0.0,
          0.0,
          1.0
        ]
      ]
    },
    {
      "file_path": "/media/NFS/ttao/scannet/posed_images/scene0025_02/00084.jpg",
      "transform_matrix": [
        [
          -0.899637,
          0.021238,
          -0.436121,
          1.83699
        ],
        [
          0.436626,
          0.051307,
          -0.898179,
          2.987323
        ],
        [
          0.003301,
          -0.998457,
          -0.055431,
          1.695975
        ],
        [
          0.0,
          0.0,
          0.0,
          1.0
        ]
      ]
    },
    {
      "file_path": "/media/NFS/ttao/scannet/posed_images/scene0025_02/00090.jpg",
      "transform_matrix": [
        [
          -0.927596,
          0.027876,
          -0.372544,
          1.846624
        ],
        [
          0.373529,
          0.086655,
          -0.923562,
          2.96865
        ],
        [
          0.006538,
          -0.995848,
          -0.090793,
          1.686869
        ],
        [
          0.0,
          0.0,
          0.0,
          1.0
        ]
      ]
    },
    {
      "file_path": "/media/NFS/ttao/scannet/posed_images/scene0025_02/00098.jpg",
      "transform_matrix": [
        [
          -0.952169,
          0.037535,
          -0.303259,
          1.863734
        ],
        [
          0.305452,
          0.144867,
          -0.941123,
          2.946285
        ],
        [
          0.008607,
          -0.988739,
          -0.149403,
          1.64679
        ],
        [
          0.0,
          0.0,
          0.0,
          1.0
        ]
      ]
    },
    {
      "file_path": "/media/NFS/ttao/scannet/posed_images/scene0025_02/00102.jpg",
      "transform_matrix": [
        [
          -0.960046,
          0.037576,
          -0.277309,
          1.875142
        ],
        [
          0.279597,
          0.170316,
          -0.94489,
          2.933837
        ],
        [
          0.011725,
          -0.984673,
          -0.174017,
          1.625188
        ],
        [
          0.0,
          0.0,
          0.0,
          1.0
        ]
      ]
    },
    {
      "file_path": "/media/NFS/ttao/scannet/posed_images/scene0025_02/00109.jpg",
      "transform_matrix": [
        [
          -0.969094,
          0.047014,
          -0.24217,
          1.88223
        ],
        [
          0.246524,
          0.220742,
          -0.943663,
          2.916565
        ],
        [
          0.009091,
          -0.974199,
          -0.22551,
          1.601475
        ],
        [
          0.0,
          0.0,
          0.0,
          1.0
        ]
      ]
    },
    {
      "file_path": "/media/NFS/ttao/scannet/posed_images/scene0025_02/00110.jpg",
      "transform_matrix": [
        [
          -0.97122,
          0.048963,
          -0.233098,
          1.869812
        ],
        [
          0.237987,
          0.239342,
          -0.941317,
          2.91582
        ],
        [
          0.009701,
          -0.9697,
          -0.244107,
          1.619365
        ],
        [
          0.0,
          0.0,
          0.0,
          1.0
        ]
      ]
    },
    {
      "file_path": "/media/NFS/ttao/scannet/posed_images/scene0025_02/00115.jpg",
      "transform_matrix": [
        [
          -0.975484,
          0.050832,
          -0.214117,
          1.865332
        ],
        [
          0.219773,
          0.275363,
          -0.935882,
          2.911109
        ],
        [
          0.011388,
          -0.959996,
          -0.279784,
          1.593914
        ],
        [
          0.0,
          0.0,
          0.0,
          1.0
        ]
      ]
    },
    {
      "file_path": "/media/NFS/ttao/scannet/posed_images/scene0025_02/00124.jpg",
      "transform_matrix": [
        [
          -0.977945,
          0.064535,
          -0.198643,
          1.84693
        ],
        [
          0.208525,
          0.35577,
          -0.911013,
          2.90888
        ],
        [
          0.011879,
          -0.932343,
          -0.361381,
          1.543828
        ],
        [
          0.0,
          0.0,
          0.0,
          1.0
        ]
      ]
    },
    {
      "file_path": "/media/NFS/ttao/scannet/posed_images/scene0025_02/00128.jpg",
      "transform_matrix": [
        [
          -0.979565,
          0.072252,
          -0.187702,
          1.845877
        ],
        [
          0.201034,
          0.380329,
          -0.902738,
          2.905484
        ],
        [
          0.006164,
          -0.922025,
          -0.387082,
          1.534143
        ],
        [
          0.0,
          0.0,
          0.0,
          1.0
        ]
      ]
    },
    {
      "file_path": "/media/NFS/ttao/scannet/posed_images/scene0025_02/00130.jpg",
      "transform_matrix": [
        [
          -0.980879,
          0.079254,
          -0.177747,
          1.843591
        ],
        [
          0.194604,
          0.389537,
          -0.900217,
          2.900905
        ],
        [
          -0.002106,
          -0.917594,
          -0.397512,
          1.537462
        ],
        [
          0.0,
          0.0,
          0.0,
          1.0
        ]
      ]
    },
    {
      "file_path": "/media/NFS/ttao/scannet/posed_images/scene0025_02/00139.jpg",
      "transform_matrix": [
        [
          -0.98802,
          0.070716,
          -0.137173,
          1.873767
        ],
        [
          0.154275,
          0.429175,
          -0.889948,
          2.889471
        ],
        [
          -0.004063,
          -0.900449,
          -0.434944,
          1.492241
        ],
        [
          0.0,
          0.0,
          0.0,
          1.0
        ]
      ]
    },
    {
      "file_path": "/media/NFS/ttao/scannet/posed_images/scene0025_02/00140.jpg",
      "transform_matrix": [
        [
          -0.989568,
          0.070733,
          -0.125509,
          1.864419
        ],
        [
          0.143877,
          0.44027,
          -0.886263,
          2.880202
        ],
        [
          -0.00743,
          -0.895075,
          -0.445854,
          1.503037
        ],
        [
          0.0,
          0.0,
          0.0,
          1.0
        ]
      ]
    },
    {
      "file_path": "/media/NFS/ttao/scannet/posed_images/scene0025_02/00145.jpg",
      "transform_matrix": [
        [
          -0.99456,
          0.048454,
          -0.092207,
          1.878807
        ],
        [
          0.104155,
          0.451345,
          -0.88625,
          2.855775
        ],
        [
          -0.001325,
          -0.891033,
          -0.453937,
          1.493066
        ],
        [
          0.0,
          0.0,
          0.0,
          1.0
        ]
      ]
    },
    {
      "file_path": "/media/NFS/ttao/scannet/posed_images/scene0025_02/00149.jpg",
      "transform_matrix": [
        [
          -0.997501,
          0.031231,
          -0.063365,
          1.892763
        ],
        [
          0.070643,
          0.445263,
          -0.892609,
          2.828703
        ],
        [
          0.000337,
          -0.894855,
          -0.446357,
          1.484182
        ],
        [
          0.0,
          0.0,
          0.0,
          1.0
        ]
      ]
    },
    {
      "file_path": "/media/NFS/ttao/scannet/posed_images/scene0025_02/00155.jpg",
      "transform_matrix": [
        [
          -0.999947,
          -0.009224,
          -0.004506,
          1.91724
        ],
        [
          -5.4e-05,
          0.443661,
          -0.896194,
          2.770618
        ],
        [
          0.010266,
          -0.896147,
          -0.443639,
          1.479739
        ],
        [
          0.0,
          0.0,
          0.0,
          1.0
        ]
      ]
    },
    {
      "file_path": "/media/NFS/ttao/scannet/posed_images/scene0025_02/00161.jpg",
      "transform_matrix": [
        [
          -0.998042,
          -0.030647,
          0.054528,
          1.937588
        ],
        [
          -0.062445,
          0.437474,
          -0.89706,
          2.714516
        ],
        [
          0.003638,
          -0.898708,
          -0.438532,
          1.483101
        ],
        [
          0.0,
          0.0,
          0.0,
          1.0
        ]
      ]
    },
    {
      "file_path": "/media/NFS/ttao/scannet/posed_images/scene0025_02/00164.jpg",
      "transform_matrix": [
        [
          -0.997317,
          -0.039216,
          0.061812,
          1.943925
        ],
        [
          -0.072722,
          0.434193,
          -0.89788,
          2.686596
        ],
        [
          0.008373,
          -0.899966,
          -0.43588,
          1.484746
        ],
        [
          0.0,
          0.0,
          0.0,
          1.0
        ]
      ]
    },
    {
      "file_path": "/media/NFS/ttao/scannet/posed_images/scene0025_02/00172.jpg",
      "transform_matrix": [
        [
          -0.994944,
          -0.049957,
          0.087119,
          1.931696
        ],
        [
          -0.100185,
          0.433655,
          -0.895492,
          2.621951
        ],
        [
          0.006956,
          -0.899693,
          -0.436467,
          1.497791
        ],
        [
          0.0,
          0.0,
          0.0,
          1.0
        ]
      ]
    },
    {
      "file_path": "/media/NFS/ttao/scannet/posed_images/scene0025_02/00176.jpg",
      "transform_matrix": [
        [
          -0.992094,
          -0.059501,
          0.110492,
          1.930823
        ],
        [
          -0.125412,
          0.438325,
          -0.890024,
          2.59552
        ],
        [
          0.004526,
          -0.896845,
          -0.442322,
          1.502784
        ],
        [
          0.0,
          0.0,
          0.0,
          1.0
        ]
      ]
    },
    {
      "file_path": "/media/NFS/ttao/scannet/posed_images/scene0025_02/00182.jpg",
      "transform_matrix": [
        [
          -0.978151,
          -0.105411,
          0.179191,
          1.911542
        ],
        [
          -0.207511,
          0.442564,
          -0.872397,
          2.552794
        ],
        [
          0.012657,
          -0.89052,
          -0.454769,
          1.504291
        ],
        [
          0.0,
          0.0,
          0.0,
          1.0
        ]
      ]
    },
    {
      "file_path": "/media/NFS/ttao/scannet/posed_images/scene0025_02/00187.jpg",
      "transform_matrix": [
        [
          -0.960189,
          -0.140654,
          0.241358,
          1.888599
        ],
        [
          -0.27865,
          0.421063,
          -0.863169,
          2.524465
        ],
        [
          0.019782,
          -0.89606,
          -0.443493,
          1.508767
        ],
        [
          0.0,
          0.0,
          0.0,
          1.0
        ]
      ]
    },
    {
      "file_path": "/media/NFS/ttao/scannet/posed_images/scene0025_02/00190.jpg",
      "transform_matrix": [
        [
          -0.946352,
          -0.156325,
          0.282808,
          1.864161
        ],
        [
          -0.322742,
          0.413943,
          -0.851169,
          2.51148
        ],
        [
          0.015993,
          -0.89678,
          -0.442188,
          1.504268
        ],
        [
          0.0,
          0.0,
          0.0,
          1.0
        ]
      ]
    },
    {
      "file_path": "/media/NFS/ttao/scannet/posed_images/scene0025_02/00199.jpg",
      "transform_matrix": [
        [
          -0.899886,
          -0.20362,
          0.385674,
          1.812447
        ],
        [
          -0.436105,
          0.411638,
          -0.800229,
          2.466596
        ],
        [
          0.004184,
          -0.888309,
          -0.459227,
          1.503698
        ],
        [
          0.0,
          0.0,
          0.0,
          1.0
        ]
      ]
    },
    {
      "file_path": "/media/NFS/ttao/scannet/posed_images/scene0025_02/00200.jpg",
      "transform_matrix": [
        [
          -0.893606,
          -0.209103,
          0.39717,
          1.802492
        ],
        [
          -0.448846,
          0.412101,
          -0.792912,
          2.458652
        ],
        [
          0.002126,
          -0.886819,
          -0.462111,
          1.506548
        ],
        [
          0.0,
          0.0,
          0.0,
          1.0
        ]
      ]
    },
    {
      "file_path": "/media/NFS/ttao/scannet/posed_images/scene0025_02/00208.jpg",
      "transform_matrix": [
        [
          -0.855298,
          -0.226191,
          0.466157,
          1.782862
        ],
        [
          -0.518111,
          0.382172,
          -0.765184,
          2.427683
        ],
        [
          -0.005074,
          -0.895981,
          -0.444063,
          1.513111
        ],
        [
          0.0,
          0.0,
          0.0,
          1.0
        ]
      ]
    },
    {
      "file_path": "/media/NFS/ttao/scannet/posed_images/scene0025_02/00214.jpg",
      "transform_matrix": [
        [
          -0.829856,
          -0.244491,
          0.501561,
          1.791431
        ],
        [
          -0.557893,
          0.379248,
          -0.738191,
          2.396446
        ],
        [
          -0.009735,
          -0.89241,
          -0.451121,
          1.510393
        ],
        [
          0.0,
          0.0,
          0.0,
          1.0
        ]
      ]
    },
    {
      "file_path": "/media/NFS/ttao/scannet/posed_images/scene0025_02/00217.jpg",
      "transform_matrix": [
        [
          -0.821898,
          -0.247927,
          0.512851,
          1.801984
        ],
        [
          -0.569526,
          0.375221,
          -0.731334,
          2.376092
        ],
        [
          -0.011115,
          -0.893164,
          -0.449595,
          1.509271
        ],
        [
          0.0,
          0.0,
          0.0,
          1.0
        ]
      ]
    },
    {
      "file_path": "/media/NFS/ttao/scannet/posed_images/scene0025_02/00223.jpg",
      "transform_matrix": [
        [
          -0.822115,
          -0.250931,
          0.511039,
          1.843577
        ],
        [
          -0.569091,
          0.33664,
          -0.750206,
          2.314494
        ],
        [
          0.016214,
          -0.907583,
          -0.41956,
          1.519555
        ],
        [
          0.0,
          0.0,
          0.0,
          1.0
        ]
      ]
    },
    {
      "file_path": "/media/NFS/ttao/scannet/posed_images/scene0025_02/00226.jpg",
      "transform_matrix": [
        [
          -0.821047,
          -0.246232,
          0.515026,
          1.863516
        ],
        [
          -0.57051,
          0.322293,
          -0.755411,
          2.285366
        ],
        [
          0.020017,
          -0.914055,
          -0.405096,
          1.53073
        ],
        [
          0.0,
          0.0,
          0.0,
          1.0
        ]
      ]
    },
    {
      "file_path": "/media/NFS/ttao/scannet/posed_images/scene0025_02/00231.jpg",
      "transform_matrix": [
        [
          -0.819042,
          -0.231056,
          0.52515,
          1.884731
        ],
        [
          -0.573449,
          0.300883,
          -0.761988,
          2.242501
        ],
        [
          0.018053,
          -0.925247,
          -0.378935,
          1.530644
        ],
        [
          0.0,
          0.0,
          0.0,
          1.0
        ]
      ]
    },
    {
      "file_path": "/media/NFS/ttao/scannet/posed_images/scene0025_02/00238.jpg",
      "transform_matrix": [
        [
          -0.823771,
          -0.206768,
          0.527871,
          1.902414
        ],
        [
          -0.566543,
          0.26619,
          -0.779854,
          2.197361
        ],
        [
          0.020735,
          -0.941483,
          -0.336423,
          1.552703
        ],
        [
          0.0,
          0.0,
          0.0,
          1.0
        ]
      ]
    },
    {
      "file_path": "/media/NFS/ttao/scannet/posed_images/scene0025_02/00243.jpg",
      "transform_matrix": [
        [
          -0.822003,
          -0.197901,
          0.533991,
          1.912847
        ],
        [
          -0.568828,
          0.240345,
          -0.786555,
          2.166975
        ],
        [
          0.027318,
          -0.9503,
          -0.310136,
          1.578567
        ],
        [
          0.0,
          0.0,
          0.0,
          1.0
        ]
      ]
    },
    {
      "file_path": "/media/NFS/ttao/scannet/posed_images/scene0025_02/00249.jpg",
      "transform_matrix": [
        [
          -0.805033,
          -0.173232,
          0.567373,
          1.923124
        ],
        [
          -0.593138,
          0.218289,
          -0.774943,
          2.13354
        ],
        [
          0.010394,
          -0.960386,
          -0.278481,
          1.604635
        ],
        [
          0.0,
          0.0,
          0.0,
          1.0
        ]
      ]
    },
    {
      "file_path": "/media/NFS/ttao/scannet/posed_images/scene0025_02/00250.jpg",
      "transform_matrix": [
        [
          -0.799876,
          -0.169455,
          0.575745,
          1.917096
        ],
        [
          -0.600144,
          0.21772,
          -0.769692,
          2.129442
        ],
        [
          0.005077,
          -0.961188,
          -0.275847,
          1.600508
        ],
        [
          0.0,
          0.0,
          0.0,
          1.0
        ]
      ]
    },
    {
      "file_path": "/media/NFS/ttao/scannet/posed_images/scene0025_02/00256.jpg",
      "transform_matrix": [
        [
          -0.759829,
          -0.168949,
          0.627786,
          1.926358
        ],
        [
          -0.650029,
          0.180987,
          -0.738043,
          2.096564
        ],
        [
          0.011071,
          -0.968865,
          -0.247341,
          1.62335
        ],
        [
          0.0,
          0.0,
          0.0,
          1.0
        ]
      ]
    },
    {
      "file_path": "/media/NFS/ttao/scannet/posed_images/scene0025_02/00264.jpg",
      "transform_matrix": [
        [
          -0.688568,
          -0.170661,
          0.704804,
          1.933638
        ],
        [
          -0.724847,
          0.132869,
          -0.675976,
          2.059701
        ],
        [
          0.021716,
          -0.97633,
          -0.215193,
          1.644996
        ],
        [
          0.0,
          0.0,
          0.0,
          1.0
        ]
      ]
    },
    {
      "file_path": "/media/NFS/ttao/scannet/posed_images/scene0025_02/00268.jpg",
      "transform_matrix": [
        [
          -0.644724,
          -0.174092,
          0.744327,
          1.937994
        ],
        [
          -0.764134,
          0.120389,
          -0.633723,
          2.040744
        ],
        [
          0.020717,
          -0.977343,
          -0.210647,
          1.647164
        ],
        [
          0.0,
          0.0,
          0.0,
          1.0
        ]
      ]
    },
    {
      "file_path": "/media/NFS/ttao/scannet/posed_images/scene0025_02/00273.jpg",
      "transform_matrix": [
        [
          -0.601133,
          -0.178563,
          0.778945,
          1.940865
        ],
        [
          -0.79899,
          0.114831,
          -0.590279,
          2.023453
        ],
        [
          0.015954,
          -0.977205,
          -0.211699,
          1.634943
        ],
        [
          0.0,
          0.0,
          0.0,
          1.0
        ]
      ]
    },
    {
      "file_path": "/media/NFS/ttao/scannet/posed_images/scene0025_02/00277.jpg",
      "transform_matrix": [
        [
          -0.572138,
          -0.190498,
          0.797727,
          1.952912
        ],
        [
          -0.82006,
          0.117862,
          -0.56001,
          2.011167
        ],
        [
          0.012659,
          -0.974587,
          -0.223653,
          1.631739
        ],
        [
          0.0,
          0.0,
          0.0,
          1.0
        ]
      ]
    },
    {
      "file_path": "/media/NFS/ttao/scannet/posed_images/scene0025_02/00283.jpg",
      "transform_matrix": [
        [
          -0.521634,
          -0.211116,
          0.826636,
          1.978153
        ],
        [
          -0.853126,
          0.119241,
          -0.507896,
          1.997087
        ],
        [
          0.008656,
          -0.970161,
          -0.242309,
          1.620658
        ],
        [
          0.0,
          0.0,
          0.0,
          1.0
        ]
      ]
    },
    {
      "file_path": "/media/NFS/ttao/scannet/posed_images/scene0025_02/00288.jpg",
      "transform_matrix": [
        [
          -0.486348,
          -0.22223,
          0.845032,
          2.008911
        ],
        [
          -0.873719,
          0.113727,
          -0.47295,
          1.995161
        ],
        [
          0.009,
          -0.968339,
          -0.249477,
          1.612384
        ],
        [
          0.0,
          0.0,
          0.0,
          1.0
        ]
      ]
    },
    {
      "file_path": "/media/NFS/ttao/scannet/posed_images/scene0025_02/00291.jpg",
      "transform_matrix": [
        [
          -0.472262,
          -0.231158,
          0.850608,
          2.036311
        ],
        [
          -0.881428,
          0.115835,
          -0.457894,
          1.988005
        ],
        [
          0.007315,
          -0.965996,
          -0.258453,
          1.613168
        ],
        [
          0.0,
          0.0,
          0.0,
          1.0
        ]
      ]
    },
    {
      "file_path": "/media/NFS/ttao/scannet/posed_images/scene0025_02/00295.jpg",
      "transform_matrix": [
        [
          -0.453035,
          -0.241093,
          0.858274,
          2.080492
        ],
        [
          -0.891474,
          0.116211,
          -0.437915,
          1.984279
        ],
        [
          0.005837,
          -0.963519,
          -0.267576,
          1.612617
        ],
        [
          0.0,
          0.0,
          0.0,
          1.0
        ]
      ]
    },
    {
      "file_path": "/media/NFS/ttao/scannet/posed_images/scene0025_02/00300.jpg",
      "transform_matrix": [
        [
          -0.434571,
          -0.241937,
          0.867534,
          2.144076
        ],
        [
          -0.900591,
          0.106957,
          -0.421302,
          1.990187
        ],
        [
          0.00914,
          -0.964379,
          -0.264367,
          1.610889
        ],
        [
          0.0,
          0.0,
          0.0,
          1.0
        ]
      ]
    },
    {
      "file_path": "/media/NFS/ttao/scannet/posed_images/scene0025_02/00309.jpg",
      "transform_matrix": [
        [
          -0.379454,
          -0.224628,
          0.897528,
          2.256937
        ],
        [
          -0.92521,
          0.093185,
          -0.367836,
          1.999315
        ],
        [
          -0.00101,
          -0.969979,
          -0.243187,
          1.62275
        ],
        [
          0.0,
          0.0,
          0.0,
          1.0
        ]
      ]
    },
    {
      "file_path": "/media/NFS/ttao/scannet/posed_images/scene0025_02/00312.jpg",
      "transform_matrix": [
        [
          -0.371036,
          -0.217912,
          0.902688,
          2.291567
        ],
        [
          -0.928616,
          0.089338,
          -0.360127,
          2.019663
        ],
        [
          -0.002169,
          -0.971871,
          -0.235505,
          1.622792
        ],
        [
          0.0,
          0.0,
          0.0,
          1.0
        ]
      ]
    },
    {
      "file_path": "/media/NFS/ttao/scannet/posed_images/scene0025_02/00319.jpg",
      "transform_matrix": [
        [
          -0.338222,
          -0.217347,
          0.915623,
          2.338157
        ],
        [
          -0.940924,
          0.095012,
          -0.325014,
          2.014778
        ],
        [
          -0.016355,
          -0.971459,
          -0.236642,
          1.620397
        ],
        [
          0.0,
          0.0,
          0.0,
          1.0
        ]
      ]
    },
    {
      "file_path": "/media/NFS/ttao/scannet/posed_images/scene0025_02/00324.jpg",
      "transform_matrix": [
        [
          -0.326361,
          -0.233612,
          0.915922,
          2.364537
        ],
        [
          -0.94524,
          0.083726,
          -0.315453,
          1.993947
        ],
        [
          -0.002993,
          -0.968719,
          -0.248144,
          1.623781
        ],
        [
          0.0,
          0.0,
          0.0,
          1.0
        ]
      ]
    },
    {
      "file_path": "/media/NFS/ttao/scannet/posed_images/scene0025_02/00326.jpg",
      "transform_matrix": [
        [
          -0.324154,
          -0.236038,
          0.916084,
          2.374783
        ],
        [
          -0.946001,
          0.083599,
          -0.3132,
          1.990552
        ],
        [
          -0.002656,
          -0.968141,
          -0.250391,
          1.622787
        ],
        [
          0.0,
          0.0,
          0.0,
          1.0
        ]
      ]
    },
    {
      "file_path": "/media/NFS/ttao/scannet/posed_images/scene0025_02/00330.jpg",
      "transform_matrix": [
        [
          -0.308592,
          -0.251256,
          0.91741,
          2.397554
        ],
        [
          -0.951178,
          0.08723,
          -0.296061,
          1.960614
        ],
        [
          -0.005639,
          -0.963982,
          -0.265907,
          1.627486
        ],
        [
          0.0,
          0.0,
          0.0,
          1.0
        ]
      ]
    },
    {
      "file_path": "/media/NFS/ttao/scannet/posed_images/scene0025_02/00336.jpg",
      "transform_matrix": [
        [
          -0.274348,
          -0.286361,
          0.918003,
          2.434822
        ],
        [
          -0.96163,
          0.082473,
          -0.26166,
          1.879361
        ],
        [
          -0.000781,
          -0.954566,
          -0.298,
          1.608267
        ],
        [
          0.0,
          0.0,
          0.0,
          1.0
        ]
      ]
    },
    {
      "file_path": "/media/NFS/ttao/scannet/posed_images/scene0025_02/00344.jpg",
      "transform_matrix": [
        [
          -0.238924,
          -0.312526,
          0.91937,
          2.484883
        ],
        [
          -0.970587,
          0.048025,
          -0.235909,
          1.765967
        ],
        [
          0.029575,
          -0.948694,
          -0.314809,
          1.596766
        ],
        [
          0.0,
          0.0,
          0.0,
          1.0
        ]
      ]
    },
    {
      "file_path": "/media/NFS/ttao/scannet/posed_images/scene0025_02/00345.jpg",
      "transform_matrix": [
        [
          -0.235901,
          -0.311103,
          0.920633,
          2.489912
        ],
        [
          -0.971322,
          0.04652,
          -0.23317,
          1.755165
        ],
        [
          0.029712,
          -0.949237,
          -0.313156,
          1.595534
        ],
        [
          0.0,
          0.0,
          0.0,
          1.0
        ]
      ]
    },
    {
      "file_path": "/media/NFS/ttao/scannet/posed_images/scene0025_02/00351.jpg",
      "transform_matrix": [
        [
          -0.194165,
          -0.30656,
          0.931837,
          2.517921
        ],
        [
          -0.980574,
          0.033705,
          -0.193232,
          1.689552
        ],
        [
          0.02783,
          -0.951254,
          -0.30715,
          1.584485
        ],
        [
          0.0,
          0.0,
          0.0,
          1.0
        ]
      ]
    },
    {
      "file_path": "/media/NFS/ttao/scannet/posed_images/scene0025_02/00357.jpg",
      "transform_matrix": [
        [
          -0.14069,
          -0.308086,
          0.940898,
          2.560026
        ],
        [
          -0.989886,
          0.026293,
          -0.139406,
          1.627746
        ],
        [
          0.01821,
          -0.950995,
          -0.308669,
          1.578313
        ],
        [
          0.0,
          0.0,
          0.0,
          1.0
        ]
      ]
    },
    {
      "file_path": "/media/NFS/ttao/scannet/posed_images/scene0025_02/00365.jpg",
      "transform_matrix": [
        [
          -0.103109,
          -0.323243,
          0.940681,
          2.648002
        ],
        [
          -0.994665,
          0.030493,
          -0.098548,
          1.545124
        ],
        [
          0.003171,
          -0.945825,
          -0.324663,
          1.563247
        ],
        [
          0.0,
          0.0,
          0.0,
          1.0
        ]
      ]
    },
    {
      "file_path": "/media/NFS/ttao/scannet/posed_images/scene0025_02/00366.jpg",
      "transform_matrix": [
        [
          -0.100341,
          -0.324058,
          0.9407,
          2.661885
        ],
        [
          -0.994953,
          0.032877,
          -0.094802,
          1.536872
        ],
        [
          -0.000206,
          -0.945466,
          -0.325722,
          1.564158
        ],
        [
          0.0,
          0.0,
          0.0,
          1.0
        ]
      ]
    },
    {
      "file_path": "/media/NFS/ttao/scannet/posed_images/scene0025_02/00371.jpg",
      "transform_matrix": [
        [
          -0.097154,
          -0.290211,
          0.952018,
          2.735723
        ],
        [
          -0.995265,
          0.025478,
          -0.0938,
          1.501346
        ],
        [
          0.002966,
          -0.956623,
          -0.291312,
          1.569692
        ],
        [
          0.0,
          0.0,
          0.0,
          1.0
        ]
      ]
    },
    {
      "file_path": "/media/NFS/ttao/scannet/posed_images/scene0025_02/00378.jpg",
      "transform_matrix": [
        [
          -0.083861,
          -0.272603,
          0.958465,
          2.816076
        ],
        [
          -0.996351,
          0.007634,
          -0.085005,
          1.466679
        ],
        [
          0.015856,
          -0.962096,
          -0.272249,
          1.564992
        ],
        [
          0.0,
          0.0,
          0.0,
          1.0
        ]
      ]
    },
    {
      "file_path": "/media/NFS/ttao/scannet/posed_images/scene0025_02/00384.jpg",
      "transform_matrix": [
        [
          -0.03949,
          -0.277843,
          0.959814,
          2.859318
        ],
        [
          -0.999098,
          -0.004014,
          -0.042268,
          1.436553
        ],
        [
          0.015596,
          -0.960618,
          -0.277434,
          1.551677
        ],
        [
          0.0,
          0.0,
          0.0,
          1.0
        ]
      ]
    },
    {
      "file_path": "/media/NFS/ttao/scannet/posed_images/scene0025_02/00389.jpg",
      "transform_matrix": [
        [
          0.002492,
          -0.286858,
          0.95797,
          2.895794
        ],
        [
          -0.999864,
          -0.016345,
          -0.002294,
          1.421366
        ],
        [
          0.016316,
