{
  "frames": [
    {
      "file_path": "/media/NFS/ttao/scannet/posed_images/scene0320_03/00000.jpg",
      "transform_matrix": [
        [
          0.541627,
          -0.404893,
          0.736684,
          5.582156
        ],
        [
          -0.840369,
          -0.239416,
          0.486272,
          6.244389
        ],
        [
          -0.020514,
          -0.882464,
          -0.469933,
          1.27638
        ],
        [
          0.0,
          0.0,
          0.0,
          1.0
        ]
      ]
    },
    {
      "file_path": "/media/NFS/ttao/scannet/posed_images/scene0320_03/00009.jpg",
      "transform_matrix": [
        [
          0.483049,
          -0.392496,
          0.782694,
          5.570554
        ],
        [
          -0.875428,
          -0.233846,
          0.423015,
          6.371939
        ],
        [
          0.016998,
          -0.88953,
          -0.456561,
          1.286793
        ],
        [
          0.0,
          0.0,
          0.0,
          1.0
        ]
      ]
    },
    {
      "file_path": "/media/NFS/ttao/scannet/posed_images/scene0320_03/00016.jpg",
      "transform_matrix": [
        [
          0.453963,
          -0.336198,
          0.82516,
          5.612839
        ],
        [
          -0.889144,
          -0.231006,
          0.395043,
          6.434159
        ],
        [
          0.057804,
          -0.913021,
          -0.403797,
          1.291634
        ],
        [
          0.0,
          0.0,
          0.0,
          1.0
        ]
      ]
    },
    {
      "file_path": "/media/NFS/ttao/scannet/posed_images/scene0320_03/00026.jpg",
      "transform_matrix": [
        [
          0.391096,
          -0.316597,
          0.864182,
          5.688054
        ],
        [
          -0.917636,
          -0.206198,
          0.339746,
          6.511633
        ],
        [
          0.07063,
          -0.925877,
          -0.371164,
          1.328198
        ],
        [
          0.0,
          0.0,
          0.0,
          1.0
        ]
      ]
    },
    {
      "file_path": "/media/NFS/ttao/scannet/posed_images/scene0320_03/00035.jpg",
      "transform_matrix": [
        [
          0.281643,
          -0.27782,
          0.918419,
          5.713299
        ],
        [
          -0.957978,
          -0.135642,
          0.252743,
          6.585014
        ],
        [
          0.05436,
          -0.951009,
          -0.304348,
          1.349385
        ],
        [
          0.0,
          0.0,
          0.0,
          1.0
        ]
      ]
    },
    {
      "file_path": "/media/NFS/ttao/scannet/posed_images/scene0320_03/00040.jpg",
      "transform_matrix": [
        [
          0.161886,
          -0.279764,
          0.946322,
          5.7091
        ],
        [
          -0.986364,
          -0.074685,
          0.146657,
          6.644951
        ],
        [
          0.029647,
          -0.957159,
          -0.28804,
          1.350022
        ],
        [
          0.0,
          0.0,
          0.0,
          1.0
        ]
      ]
    },
    {
      "file_path": "/media/NFS/ttao/scannet/posed_images/scene0320_03/00047.jpg",
      "transform_matrix": [
        [
          0.011972,
          -0.312588,
          0.949813,
          5.700369
        ],
        [
          -0.999632,
          0.019365,
          0.018973,
          6.751796
        ],
        [
          -0.024324,
          -0.949691,
          -0.312242,
          1.353852
        ],
        [
          0.0,
          0.0,
          0.0,
          1.0
        ]
      ]
    },
    {
      "file_path": "/media/NFS/ttao/scannet/posed_images/scene0320_03/00059.jpg",
      "transform_matrix": [
        [
          -0.131158,
          -0.349913,
          0.927555,
          5.754343
        ],
        [
          -0.991301,
          0.056661,
          -0.118796,
          6.914856
        ],
        [
          -0.010988,
          -0.935067,
          -0.3543,
          1.322464
        ],
        [
          0.0,
          0.0,
          0.0,
          1.0
        ]
      ]
    },
    {
      "file_path": "/media/NFS/ttao/scannet/posed_images/scene0320_03/00061.jpg",
      "transform_matrix": [
        [
          -0.145644,
          -0.344135,
          0.927555,
          5.773277
        ],
        [
          -0.989062,
          0.072756,
          -0.128309,
          6.93497
        ],
        [
          -0.02333,
          -0.936097,
          -0.350967,
          1.321001
        ],
        [
          0.0,
          0.0,
          0.0,
          1.0
        ]
      ]
    },
    {
      "file_path": "/media/NFS/ttao/scannet/posed_images/scene0320_03/00075.jpg",
      "transform_matrix": [
        [
          -0.357717,
          -0.316904,
          0.878413,
          5.901019
        ],
        [
          -0.933287,
          0.153388,
          -0.324726,
          7.069882
        ],
        [
          -0.031831,
          -0.935972,
          -0.350632,
          1.328218
        ],
        [
          0.0,
          0.0,
          0.0,
          1.0
        ]
      ]
    },
    {
      "file_path": "/media/NFS/ttao/scannet/posed_images/scene0320_03/00082.jpg",
      "transform_matrix": [
        [
          -0.492368,
          -0.27064,
          0.827241,
          5.921336
        ],
        [
          -0.869335,
          0.19963,
          -0.452111,
          7.132156
        ],
        [
          -0.042783,
          -0.941755,
          -0.333568,
          1.332907
        ],
        [
          0.0,
          0.0,
          0.0,
          1.0
        ]
      ]
    },
    {
      "file_path": "/media/NFS/ttao/scannet/posed_images/scene0320_03/00084.jpg",
      "transform_matrix": [
        [
          -0.533062,
          -0.261397,
          0.804684,
          5.924281
        ],
        [
          -0.844867,
          0.215284,
          -0.489748,
          7.158186
        ],
        [
          -0.045217,
          -0.940917,
          -0.335606,
          1.334458
        ],
        [
          0.0,
          0.0,
          0.0,
          1.0
        ]
      ]
    },
    {
      "file_path": "/media/NFS/ttao/scannet/posed_images/scene0320_03/00096.jpg",
      "transform_matrix": [
        [
          -0.678676,
          -0.215832,
          0.702008,
          5.911911
        ],
        [
          -0.730613,
          0.295835,
          -0.615375,
          7.311761
        ],
        [
          -0.074861,
          -0.930537,
          -0.358466,
          1.341701
        ],
        [
          0.0,
          0.0,
          0.0,
          1.0
        ]
      ]
    },
    {
      "file_path": "/media/NFS/ttao/scannet/posed_images/scene0320_03/00101.jpg",
      "transform_matrix": [
        [
          -0.687633,
          -0.21911,
          0.692208,
          5.900603
        ],
        [
          -0.722697,
          0.298184,
          -0.623535,
          7.347482
        ],
        [
          -0.069783,
          -0.92902,
          -0.363391,
          1.321966
        ],
        [
          0.0,
          0.0,
          0.0,
          1.0
        ]
      ]
    },
    {
      "file_path": "/media/NFS/ttao/scannet/posed_images/scene0320_03/00110.jpg",
      "transform_matrix": [
        [
          -0.686936,
          -0.274127,
          0.673033,
          5.862426
        ],
        [
          -0.724211,
          0.335086,
          -0.60269,
          7.409028
        ],
        [
          -0.060311,
          -0.901427,
          -0.428709,
          1.269584
        ],
        [
          0.0,
          0.0,
          0.0,
          1.0
        ]
      ]
    },
    {
      "file_path": "/media/NFS/ttao/scannet/posed_images/scene0320_03/00119.jpg",
      "transform_matrix": [
        [
          -0.655322,
          -0.321518,
          0.683505,
          5.82684
        ],
        [
          -0.74833,
          0.399427,
          -0.529585,
          7.456125
        ],
        [
          -0.102739,
          -0.858536,
          -0.502355,
          1.25633
        ],
        [
          0.0,
          0.0,
          0.0,
          1.0
        ]
      ]
    },
    {
      "file_path": "/media/NFS/ttao/scannet/posed_images/scene0320_03/00129.jpg",
      "transform_matrix": [
        [
          -0.738751,
          -0.310832,
          0.598022,
          5.851632
        ],
        [
          -0.673345,
          0.378817,
          -0.634904,
          7.547356
        ],
        [
          -0.029193,
          -0.871712,
          -0.489149,
          1.255928
        ],
        [
          0.0,
          0.0,
          0.0,
          1.0
        ]
      ]
    },
    {
      "file_path": "/media/NFS/ttao/scannet/posed_images/scene0320_03/00136.jpg",
      "transform_matrix": [
        [
          -0.857877,
          -0.207531,
          0.470082,
          5.929326
        ],
        [
          -0.513418,
          0.383869,
          -0.767494,
          7.675479
        ],
        [
          -0.021171,
          -0.899764,
          -0.435863,
          1.245934
        ],
        [
          0.0,
          0.0,
          0.0,
          1.0
        ]
      ]
    },
    {
      "file_path": "/media/NFS/ttao/scannet/posed_images/scene0320_03/00143.jpg",
      "transform_matrix": [
        [
          -0.920358,
          -0.181864,
          0.346217,
          6.019226
        ],
        [
          -0.391076,
          0.429681,
          -0.813901,
          7.794456
        ],
        [
          -0.000744,
          -0.884477,
          -0.466583,
          1.259685
        ],
        [
          0.0,
          0.0,
          0.0,
          1.0
        ]
      ]
    },
    {
      "file_path": "/media/NFS/ttao/scannet/posed_images/scene0320_03/00147.jpg",
      "transform_matrix": [
        [
          -0.932267,
          -0.182236,
          0.31252,
          6.046589
        ],
        [
          -0.361604,
          0.443119,
          -0.820298,
          7.843863
        ],
        [
          0.011004,
          -0.877745,
          -0.479002,
          1.262419
        ],
        [
          0.0,
          0.0,
          0.0,
          1.0
        ]
      ]
    },
    {
      "file_path": "/media/NFS/ttao/scannet/posed_images/scene0320_03/00157.jpg",
      "transform_matrix": [
        [
          -0.94182,
          -0.190306,
          0.277056,
          6.110449
        ],
        [
          -0.335196,
          0.470733,
          -0.816122,
          7.975327
        ],
        [
          0.024894,
          -0.861507,
          -0.507135,
          1.245926
        ],
        [
          0.0,
          0.0,
          0.0,
          1.0
        ]
      ]
    },
    {
      "file_path": "/media/NFS/ttao/scannet/posed_images/scene0320_03/00162.jpg",
      "transform_matrix": [
        [
          -0.960268,
          -0.13495,
          0.244283,
          6.135177
        ],
        [
          -0.278796,
          0.503373,
          -0.817856,
          8.042828
        ],
        [
          -0.012596,
          -0.853466,
          -0.520996,
          1.23729
        ],
        [
          0.0,
          0.0,
          0.0,
          1.0
        ]
      ]
    },
    {
      "file_path": "/media/NFS/ttao/scannet/posed_images/scene0320_03/00176.jpg",
      "transform_matrix": [
        [
          -0.94848,
          -0.176361,
          0.263216,
          6.208681
        ],
        [
          -0.316323,
          0.574379,
          -0.755002,
          8.197059
        ],
        [
          -0.018033,
          -0.799366,
          -0.600574,
          1.23475
        ],
        [
          0.0,
          0.0,
          0.0,
          1.0
        ]
      ]
    },
    {
      "file_path": "/media/NFS/ttao/scannet/posed_images/scene0320_03/00183.jpg",
      "transform_matrix": [
        [
          -0.930302,
          -0.206271,
          0.303299,
          6.275395
        ],
        [
          -0.366306,
          0.565125,
          -0.739225,
          8.287933
        ],
        [
          -0.018921,
          -0.798803,
          -0.601295,
          1.234948
        ],
        [
          0.0,
          0.0,
          0.0,
          1.0
        ]
      ]
    },
    {
      "file_path": "/media/NFS/ttao/scannet/posed_images/scene0320_03/00187.jpg",
      "transform_matrix": [
        [
          -0.931783,
          -0.194331,
          0.306621,
          6.322648
        ],
        [
          -0.36114,
          0.581975,
          -0.728617,
          8.339497
        ],
        [
          -0.036853,
          -0.789646,
          -0.612455,
          1.235325
        ],
        [
          0.0,
          0.0,
          0.0,
          1.0
        ]
      ]
    },
    {
      "file_path": "/media/NFS/ttao/scannet/posed_images/scene0320_03/00194.jpg",
      "transform_matrix": [
        [
          -0.9296,
          -0.189805,
          0.31594,
          6.366632
        ],
        [
          -0.363996,
          0.607403,
          -0.706094,
          8.409149
        ],
        [
          -0.057883,
          -0.771386,
          -0.63373,
          1.235777
        ],
        [
          0.0,
          0.0,
          0.0,
          1.0
        ]
      ]
    },
    {
      "file_path": "/media/NFS/ttao/scannet/posed_images/scene0320_03/00204.jpg",
      "transform_matrix": [
        [
          -0.973988,
          -0.176894,
          0.141616,
          6.372017
        ],
        [
          -0.225769,
          0.70418,
          -0.673171,
          8.415018
        ],
        [
          0.019356,
          -0.687633,
          -0.7258,
          1.206005
        ],
        [
          0.0,
          0.0,
          0.0,
          1.0
        ]
      ]
    },
    {
      "file_path": "/media/NFS/ttao/scannet/posed_images/scene0320_03/00215.jpg",
      "transform_matrix": [
        [
          -0.999685,
          0.013118,
          -0.02141,
          6.323656
        ],
        [
          0.024618,
          0.679943,
          -0.732852,
          8.346089
        ],
        [
          0.004944,
          -0.733148,
          -0.680051,
          1.229639
        ],
        [
          0.0,
          0.0,
          0.0,
          1.0
        ]
      ]
    },
    {
      "file_path": "/media/NFS/ttao/scannet/posed_images/scene0320_03/00218.jpg",
      "transform_matrix": [
        [
          -0.99857,
          0.041797,
          -0.033322,
          6.303162
        ],
        [
          0.052694,
          0.664959,
          -0.745019,
          8.324419
        ],
        [
          -0.008982,
          -0.74571,
          -0.666211,
          1.232795
        ],
        [
          0.0,
          0.0,
          0.0,
          1.0
        ]
      ]
    },
    {
      "file_path": "/media/NFS/ttao/scannet/posed_images/scene0320_03/00227.jpg",
      "transform_matrix": [
        [
          -0.990036,
          0.116857,
          -0.078568,
          6.265475
        ],
        [
          0.13479,
          0.625014,
          -0.768889,
          8.245806
        ],
        [
          -0.040744,
          -0.771818,
          -0.634537,
          1.250295
        ],
        [
          0.0,
          0.0,
          0.0,
          1.0
        ]
      ]
    },
    {
      "file_path": "/media/NFS/ttao/scannet/posed_images/scene0320_03/00239.jpg",
      "transform_matrix": [
        [
          -0.954262,
          0.194057,
          -0.227431,
          6.30564
        ],
        [
          0.297593,
          0.5436,
          -0.784817,
          8.164646
        ],
        [
          -0.028667,
          -0.816603,
          -0.576488,
          1.265229
        ],
        [
          0.0,
          0.0,
          0.0,
          1.0
        ]
      ]
    },
    {
      "file_path": "/media/NFS/ttao/scannet/posed_images/scene0320_03/00246.jpg",
      "transform_matrix": [
        [
          -0.926893,
          0.227954,
          -0.298172,
          6.400943
        ],
        [
          0.373769,
          0.488324,
          -0.788566,
          8.113382
        ],
        [
          -0.034152,
          -0.842364,
          -0.537826,
          1.277891
        ],
        [
          0.0,
          0.0,
          0.0,
          1.0
        ]
      ]
    },
    {
      "file_path": "/media/NFS/ttao/scannet/posed_images/scene0320_03/00250.jpg",
      "transform_matrix": [
        [
          -0.911627,
          0.245965,
          -0.329298,
          6.44433
        ],
        [
          0.408952,
          0.462566,
          -0.786633,
          8.085298
        ],
        [
          -0.041162,
          -0.851783,
          -0.522276,
          1.285696
        ],
        [
          0.0,
          0.0,
          0.0,
          1.0
        ]
      ]
    },
    {
      "file_path": "/media/NFS/ttao/scannet/posed_images/scene0320_03/00255.jpg",
      "transform_matrix": [
        [
          -0.893206,
          0.25274,
          -0.371894,
          6.476315
        ],
        [
          0.448232,
          0.434885,
          -0.781002,
          8.050664
        ],
        [
          -0.035659,
          -0.86429,
          -0.501728,
          1.304708
        ],
        [
          0.0,
          0.0,
          0.0,
          1.0
        ]
      ]
    },
    {
      "file_path": "/media/NFS/ttao/scannet/posed_images/scene0320_03/00269.jpg",
      "transform_matrix": [
        [
          -0.811787,
          0.256346,
          -0.52468,
          6.484128
        ],
        [
          0.583911,
          0.345459,
          -0.734647,
          7.927931
        ],
        [
          -0.007068,
          -0.902743,
          -0.430122,
          1.321285
        ],
        [
          0.0,
          0.0,
          0.0,
          1.0
        ]
      ]
    },
    {
      "file_path": "/media/NFS/ttao/scannet/posed_images/scene0320_03/00276.jpg",
      "transform_matrix": [
        [
          -0.761292,
          0.263872,
          -0.592288,
          6.458883
        ],
        [
          0.648352,
          0.321874,
          -0.689954,
          7.846889
        ],
        [
          0.008583,
          -0.909268,
          -0.416122,
          1.328377
        ],
        [
          0.0,
          0.0,
          0.0,
          1.0
        ]
      ]
    },
    {
      "file_path": "/media/NFS/ttao/scannet/posed_images/scene0320_03/00281.jpg",
      "transform_matrix": [
        [
          -0.737149,
          0.256165,
          -0.625293,
          6.438076
        ],
        [
          0.675431,
          0.306902,
          -0.670526,
          7.819703
        ],
        [
          0.020139,
          -0.916619,
          -0.399254,
          1.315582
        ],
        [
          0.0,
          0.0,
          0.0,
          1.0
        ]
      ]
    },
    {
      "file_path": "/media/NFS/ttao/scannet/posed_images/scene0320_03/00293.jpg",
      "transform_matrix": [
        [
          -0.612529,
          0.29553,
          -0.733124,
          6.483858
        ],
        [
          0.790307,
          0.246542,
          -0.560921,
          7.697971
        ],
        [
          0.014977,
          -0.922973,
          -0.384574,
          1.321917
        ],
        [
          0.0,
          0.0,
          0.0,
          1.0
        ]
      ]
    },
    {
      "file_path": "/media/NFS/ttao/scannet/posed_images/scene0320_03/00300.jpg",
      "transform_matrix": [
        [
          -0.532883,
          0.316559,
          -0.784746,
          6.54535
        ],
        [
          0.845894,
          0.223806,
          -0.484124,
          7.616561
        ],
        [
          0.022377,
          -0.921792,
          -0.387037,
          1.328072
        ],
        [
          0.0,
          0.0,
          0.0,
          1.0
        ]
      ]
    },
    {
      "file_path": "/media/NFS/ttao/scannet/posed_images/scene0320_03/00302.jpg",
      "transform_matrix": [
        [
          -0.510569,
          0.322268,
          -0.79716,
          6.554908
        ],
        [
          0.859473,
          0.218257,
          -0.462245,
          7.597964
        ],
        [
          0.025019,
          -0.921145,
          -0.388416,
          1.336488
        ],
        [
          0.0,
          0.0,
          0.0,
          1.0
        ]
      ]
    },
    {
      "file_path": "/media/NFS/ttao/scannet/posed_images/scene0320_03/00316.jpg",
      "transform_matrix": [
        [
          -0.350107,
          0.277644,
          -0.894617,
          6.572323
        ],
        [
          0.934315,
          0.171757,
          -0.312338,
          7.502591
        ],
        [
          0.066938,
          -0.945206,
          -0.31954,
          1.353543
        ],
        [
          0.0,
          0.0,
          0.0,
          1.0
        ]
      ]
    },
    {
      "file_path": "/media/NFS/ttao/scannet/posed_images/scene0320_03/00318.jpg",
      "transform_matrix": [
        [
          -0.340798,
          0.262045,
          -0.902878,
          6.563669
        ],
        [
          0.937531,
          0.16618,
          -0.305646,
          7.488662
        ],
        [
          0.069947,
          -0.95064,
          -0.30231,
          1.357399
        ],
        [
          0.0,
          0.0,
          0.0,
          1.0
        ]
      ]
    },
    {
      "file_path": "/media/NFS/ttao/scannet/posed_images/scene0320_03/00332.jpg",
      "transform_matrix": [
        [
          -0.347691,
          0.132743,
          -0.928165,
          6.432891
        ],
        [
          0.936349,
          0.100464,
          -0.336389,
          7.424268
        ],
        [
          0.048594,
          -0.986046,
          -0.159224,
          1.422286
        ],
        [
          0.0,
          0.0,
          0.0,
          1.0
        ]
      ]
    },
    {
      "file_path": "/media/NFS/ttao/scannet/posed_images/scene0320_03/00337.jpg",
      "transform_matrix": [
        [
          -0.322911,
          0.070939,
          -0.943767,
          6.383533
        ],
        [
          0.944907,
          0.080702,
          -0.317235,
          7.396126
        ],
        [
          0.053659,
          -0.994211,
          -0.093091,
          1.446687
        ],
        [
          0.0,
          0.0,
          0.0,
          1.0
        ]
      ]
    },
    {
      "file_path": "/media/NFS/ttao/scannet/posed_images/scene0320_03/00346.jpg",
      "transform_matrix": [
        [
          -0.37344,
          -0.010997,
          -0.927589,
          6.295272
        ],
        [
          0.926171,
          0.052102,
          -0.373487,
          7.3349
        ],
        [
          0.052437,
          -0.998581,
          -0.009272,
          1.470115
        ],
        [
          0.0,
          0.0,
          0.0,
          1.0
        ]
      ]
    },
    {
      "file_path": "/media/NFS/ttao/scannet/posed_images/scene0320_03/00351.jpg",
      "transform_matrix": [
        [
          -0.365886,
          -0.082617,
          -0.926986,
          6.24861
        ],
        [
          0.929137,
          0.024524,
          -0.36892,
          7.28738
        ],
        [
          0.053212,
          -0.99628,
          0.06779,
          1.483542
        ],
        [
          0.0,
          0.0,
          0.0,
          1.0
        ]
      ]
    },
    {
      "file_path": "/media/NFS/ttao/scannet/posed_images/scene0320_03/00358.jpg",
      "transform_matrix": [
        [
          -0.367563,
          -0.210197,
          -0.905933,
          6.186631
        ],
        [
          0.928897,
          -0.035577,
          -0.368625,
          7.220593
        ],
        [
          0.045254,
          -0.977011,
          0.208329,
          1.517804
        ],
        [
          0.0,
          0.0,
          0.0,
          1.0
        ]
      ]
    },
    {
      "file_path": "/media/NFS/ttao/scannet/posed_images/scene0320_03/00370.jpg",
      "transform_matrix": [
        [
          -0.355392,
          -0.314878,
          -0.880085,
          6.070189
        ],
        [
          0.93453,
          -0.100804,
          -0.341312,
          7.116902
        ],
        [
          0.018755,
          -0.943764,
          0.330087,
          1.536229
        ],
        [
          0.0,
          0.0,
          0.0,
          1.0
        ]
      ]
    },
    {
      "file_path": "/media/NFS/ttao/scannet/posed_images/scene0320_03/00372.jpg",
      "transform_matrix": [
        [
          -0.349887,
          -0.30023,
          -0.887379,
          6.040629
        ],
        [
          0.936678,
          -0.097303,
          -0.336404,
          7.10287
        ],
        [
          0.014654,
          -0.948891,
          0.315263,
          1.524436
        ],
        [
          0.0,
          0.0,
          0.0,
          1.0
        ]
      ]
    },
    {
      "file_path": "/media/NFS/ttao/scannet/posed_images/scene0320_03/00382.jpg",
      "transform_matrix": [
        [
          -0.227016,
          -0.138701,
          -0.963964,
          5.90402
        ],
        [
          0.97383,
          -0.021223,
          -0.226286,
          7.016525
        ],
        [
          0.010928,
          -0.990107,
          0.139889,
          1.46731
        ],
        [
          0.0,
          0.0,
          0.0,
          1.0
        ]
      ]
    },
    {
      "file_path": "/media/NFS/ttao/scannet/posed_images/scene0320_03/00393.jpg",
      "transform_matrix": [
        [
          -0.00672,
          0.031772,
          -0.999472,
          5.79486
        ],
        [
          0.999957,
          -0.006182,
          -0.00692,
          6.864459
        ],
        [
          -0.006398,
          -0.999476,
          -0.031729,
          1.427597
        ],
        [
          0.0,
          0.0,
          0.0,
          1.0
        ]
      ]
    },
    {
      "file_path": "/media/NFS/ttao/scannet/posed_images/scene0320_03/00396.jpg",
      "transform_matrix": [
        [
          0.064113,
          0.037015,
          -0.997256,
          5.783535
        ],
        [
          0.997669,
          -0.025792,
          0.063182,
          6.807621
        ],
        [
          -0.023383,
          -0.998982,
          -0.038583,
          1.422109
        ],
        [
          0.0,
          0.0,
          0.0,
          1.0
        ]
      ]
    },
    {
      "file_path": "/media/NFS/ttao/scannet/posed_images/scene0320_03/00405.jpg",
      "transform_matrix": [
        [
          0.237289,
          0.144818,
          -0.960584,
          5.768677
        ],
        [
          0.970729,
          -0.073153,
          0.228767,
          6.639968
        ],
        [
          -0.03714,
          -0.98675,
          -0.157938,
          1.40881
        ],
        [
          0.0,
          0.0,
          0.0,
          1.0
        ]
      ]
    },
    {
      "file_path": "/media/NFS/ttao/scannet/posed_images/scene0320_03/00417.jpg",
      "transform_matrix": [
        [
          0.452493,
          0.215167,
          -0.86542,
          5.821588
        ],
        [
          0.89162,
          -0.12679,
          0.434669,
          6.536047
        ],
        [
          -0.0162,
          -0.968312,
          -0.249219,
          1.368108
        ],
        [
          0.0,
          0.0,
          0.0,
          1.0
        ]
      ]
    },
    {
      "file_path": "/media/NFS/ttao/scannet/posed_images/scene0320_03/00421.jpg",
      "transform_matrix": [
        [
          0.490569,
          0.250304,
          -0.834679,
          5.841575
        ],
        [
          0.871296,
          -0.155845,
          0.465355,
          6.490081
        ],
        [
          -0.0136,
          -0.955542,
          -0.294542,
          1.347394
        ],
        [
          0.0,
          0.0,
          0.0,
          1.0
        ]
      ]
    },
    {
      "file_path": "/media/NFS/ttao/scannet/posed_images/scene0320_03/00428.jpg",
      "transform_matrix": [
        [
          0.532939,
          0.324681,
          -0.781382,
          5.869815
        ],
        [
          0.846154,
          -0.204891,
          0.491979,
          6.429849
        ],
        [
          -0.000362,
          -0.923364,
          -0.383925,
          1.328807
        ],
        [
          0.0,
          0.0,
          0.0,
          1.0
        ]
      ]
    },
    {
      "file_path": "/media/NFS/ttao/scannet/posed_images/scene0320_03/00438.jpg",
      "transform_matrix": [
        [
          0.633305,
          0.396903,
          -0.664374,
          5.881893
        ],
        [
          0.773032,
          -0.283723,
          0.567382,
          6.36685
        ],
        [
          0.036697,
          -0.872908,
          -0.486502,
          1.297226
        ],
        [
          0.0,
          0.0,
          0.0,
          1.0
        ]
      ]
    },
    {
      "file_path": "/media/NFS/ttao/scannet/posed_images/scene0320_03/00445.jpg",
      "transform_matrix": [
        [
          0.671607,
          0.39939,
          -0.624045,
          5.890759
        ],
        [
          0.740165,
          -0.323965,
          0.589239,
          6.326005
        ],
        [
          0.033167,
          -0.857633,
          -0.513192,
          1.272877
        ],
        [
          0.0,
          0.0,
          0.0,
          1.0
        ]
      ]
    },
    {
      "file_path": "/media/NFS/ttao/scannet/posed_images/scene0320_03/00456.jpg",
      "transform_matrix": [
        [
          0.784514,
          0.327654,
          -0.526479,
          5.854576
        ],
        [
          0.619725,
          -0.384318,
          0.684281,
          6.199683
        ],
        [
          0.021872,
          -0.863101,
          -0.504558,
          1.256225
        ],
        [
          0.0,
          0.0,
          0.0,
          1.0
        ]
      ]
    },
    {
      "file_path": "/media/NFS/ttao/scannet/posed_images/scene0320_03/00464.jpg",
      "transform_matrix": [
        [
          0.780938,
          0.317932,
          -0.537639,
          5.843901
        ],
        [
          0.624589,
          -0.404289,
          0.668161,
          6.117221
        ],
        [
          -0.004932,
          -0.857595,
          -0.514301,
          1.252986
        ],
        [
          0.0,
          0.0,
          0.0,
          1.0
        ]
      ]
    },
    {
      "file_path": "/media/NFS/ttao/scannet/posed_images/scene0320_03/00466.jpg",
      "transform_matrix": [
        [
          0.781056,
          0.328533,
          -0.531053,
          5.843555
        ],
        [
          0.624162,
          -0.384419,
          0.68018,
          6.099502
        ],
        [
          0.019314,
          -0.862721,
          -0.50531,
          1.25047
        ],
        [
          0.0,
          0.0,
          0.0,
          1.0
        ]
      ]
    },
    {
      "file_path": "/media/NFS/ttao/scannet/posed_images/scene0320_03/00480.jpg",
      "transform_matrix": [
        [
          0.614142,
          0.388628,
          -0.686875,
          5.887841
        ],
        [
          0.787854,
          -0.352639,
          0.504908,
          6.040195
        ],
        [
          -0.045998,
          -0.851242,
          -0.522753,
          1.240814
        ],
        [
          0.0,
          0.0,
          0.0,
          1.0
        ]
      ]
    },
    {
      "file_path": "/media/NFS/ttao/scannet/posed_images/scene0320_03/00482.jpg",
      "transform_matrix": [
        [
          0.604316,
          0.373827,
          -0.703602,
          5.899329
        ],
        [
          0.793811,
          -0.358214,
          0.491475,
          6.030125
        ],
        [
          -0.068313,
          -0.855533,
          -0.513222,
          1.235176
        ],
        [
          0.0,
          0.0,
          0.0,
          1.0
        ]
      ]
    },
    {
      "file_path": "/media/NFS/ttao/scannet/posed_images/scene0320_03/00496.jpg",
      "transform_matrix": [
        [
          0.7757,
          0.282552,
          -0.564317,
          5.92466
        ],
        [
          0.620654,
          -0.503572,
          0.601003,
          5.950864
        ],
        [
          -0.11436,
          -0.816443,
          -0.565988,
          1.200681
        ],
        [
          0.0,
          0.0,
          0.0,
          1.0
        ]
      ]
    },
    {
      "file_path": "/media/NFS/ttao/scannet/posed_images/scene0320_03/00501.jpg",
      "transform_matrix": [
        [
          0.819436,
          0.246862,
          -0.517285,
          5.920965
        ],
        [
          0.558406,
          -0.547359,
          0.623363,
          5.93374
        ],
        [
          -0.129256,
          -0.799661,
          -0.586375,
          1.200026
        ],
        [
          0.0,
          0.0,
          0.0,
          1.0
        ]
      ]
    },
    {
      "file_path": "/media/NFS/ttao/scannet/posed_images/scene0320_03/00508.jpg",
      "transform_matrix": [
        [
          0.88301,
          0.187596,
          -0.430233,
          5.883192
        ],
        [
          0.451352,
          -0.590823,
          0.668737,
          5.904592
        ],
        [
          -0.128739,
          -0.784689,
          -0.606375,
          1.195248
        ],
        [
          0.0,
          0.0,
          0.0,
          1.0
        ]
      ]
    },
    {
      "file_path": "/media/NFS/ttao/scannet/posed_images/scene0320_03/00520.jpg",
      "transform_matrix": [
        [
          0.961607,
          0.107487,
          -0.252506,
          5.744738
        ],
        [
          0.264323,
          -0.610181,
          0.746868,
          5.86601
        ],
        [
          -0.073796,
          -0.784937,
          -0.615165,
          1.196735
        ],
        [
          0.0,
          0.0,
          0.0,
          1.0
        ]
      ]
    },
    {
      "file_path": "/media/NFS/ttao/scannet/posed_images/scene0320_03/00522.jpg",
      "transform_matrix": [
        [
          0.969152,
          0.095066,
          -0.227392,
          5.719892
        ],
        [
          0.237092,
          -0.611612,
          0.754797,
          5.860597
        ],
        [
          -0.06732,
          -0.785426,
          -0.615284,
          1.197833
        ],
        [
          0.0,
          0.0,
          0.0,
          1.0
        ]
      ]
    },
    {
      "file_path": "/media/NFS/ttao/scannet/posed_images/scene0320_03/00531.jpg",
      "transform_matrix": [
        [
          0.997103,
          0.016811,
          -0.074183,
          5.663415
        ],
        [
          0.068828,
          -0.614573,
          0.785851,
          5.851595
        ],
        [
          -0.03238,
          -0.788681,
          -0.61395,
          1.202244
        ],
        [
          0.0,
          0.0,
          0.0,
          1.0
        ]
      ]
    },
    {
      "file_path": "/media/NFS/ttao/scannet/posed_images/scene0320_03/00543.jpg",
      "transform_matrix": [
        [
          0.997018,
          -0.068268,
          0.03597,
          5.658885
        ],
        [
          -0.070635,
          -0.619751,
          0.781613,
          5.812915
        ],
        [
          -0.031067,
          -0.781823,
          -0.622725,
          1.188087
        ],
        [
          0.0,
          0.0,
          0.0,
          1.0
        ]
      ]
    },
    {
      "file_path": "/media/NFS/ttao/scannet/posed_images/scene0320_03/00545.jpg",
      "transform_matrix": [
        [
          0.996284,
          -0.07468,
          0.042897,
          5.665317
        ],
        [
          -0.079995,
          -0.617902,
          0.782175,
          5.805234
        ],
        [
          -0.031907,
          -0.7827,
          -0.62158,
          1.187215
        ],
        [
          0.0,
          0.0,
          0.0,
          1.0
        ]
      ]
    },
    {
      "file_path": "/media/NFS/ttao/scannet/posed_images/scene0320_03/00557.jpg",
      "transform_matrix": [
        [
          0.990121,
          -0.090501,
          0.107097,
          5.712353
        ],
        [
          -0.139771,
          -0.576287,
          0.805207,
          5.763675
        ],
        [
          -0.011153,
          -0.812221,
          -0.583243,
          1.212831
        ],
        [
          0.0,
          0.0,
          0.0,
          1.0
        ]
      ]
    },
    {
      "file_path": "/media/NFS/ttao/scannet/posed_images/scene0320_03/00567.jpg",
      "transform_matrix": [
        [
          0.988055,
          -0.099271,
          0.117869,
          5.755381
        ],
        [
          -0.153365,
          -0.558703,
          0.815064,
          5.758231
        ],
        [
          -0.015058,
          -0.823405,
          -0.567254,
          1.217201
        ],
        [
          0.0,
          0.0,
          0.0,
          1.0
        ]
      ]
    },
    {
      "file_path": "/media/NFS/ttao/scannet/posed_images/scene0320_03/00569.jpg",
      "transform_matrix": [
        [
          0.98573,
          -0.112863,
          0.124892,
          5.760555
        ],
        [
          -0.166925,
          -0.559607,
          0.811774,
          5.766533
        ],
        [
          -0.021729,
          -0.821037,
          -0.570461,
          1.220732
        ],
        [
          0.0,
          0.0,
          0.0,
          1.0
        ]
      ]
    },
    {
      "file_path": "/media/NFS/ttao/scannet/posed_images/scene0320_03/00581.jpg",
      "transform_matrix": [
        [
          0.95237,
          -0.125007,
          0.278145,
          5.81297
        ],
        [
          -0.302256,
          -0.507827,
          0.806693,
          5.804987
        ],
        [
          0.040408,
          -0.852341,
          -0.521423,
          1.234549
        ],
        [
          0.0,
          0.0,
          0.0,
          1.0
        ]
      ]
    },
    {
      "file_path": "/media/NFS/ttao/scannet/posed_images/scene0320_03/00588.jpg",
      "transform_matrix": [
        [
          0.923509,
          -0.130968,
          0.360525,
          5.774234
        ],
        [
          -0.378158,
          -0.468299,
          0.798557,
          5.817457
        ],
        [
          0.064248,
          -0.87381,
          -0.482005,
          1.240424
        ],
        [
          0.0,
          0.0,
          0.0,
          1.0
        ]
      ]
    },
    {
      "file_path": "/media/NFS/ttao/scannet/posed_images/scene0320_03/00595.jpg",
      "transform_matrix": [
        [
          0.882409,
          -0.18239,
          0.43369,
          5.69948
        ],
        [
          -0.467628,
          -0.441385,
          0.765835,
          5.817444
        ],
        [
          0.051744,
          -0.878586,
          -0.474773,
          1.237643
        ],
        [
          0.0,
          0.0,
          0.0,
          1.0
        ]
      ]
    },
    {
      "file_path": "/media/NFS/ttao/scannet/posed_images/scene0320_03/00604.jpg",
      "transform_matrix": [
        [
          0.809249,
          -0.285635,
          0.51335,
          5.594467
        ],
        [
          -0.587407,
          -0.381045,
          0.713973,
          5.810366
        ],
        [
          -0.008326,
          -0.879328,
