{
  "frames": [
    {
      "file_path": "/media/NFS/ttao/scannet/posed_images/scene0528_01/00000.jpg",
      "transform_matrix": [
        [
          -0.151092,
          0.438754,
          -0.885814,
          2.717002
        ],
        [
          0.988519,
          0.065943,
          -0.135948,
          4.258751
        ],
        [
          -0.001234,
          -0.896185,
          -0.44368,
          1.346737
        ],
        [
          0.0,
          0.0,
          0.0,
          1.0
        ]
      ]
    },
    {
      "file_path": "/media/NFS/ttao/scannet/posed_images/scene0528_01/00002.jpg",
      "transform_matrix": [
        [
          -0.127524,
          0.441819,
          -0.887994,
          2.713032
        ],
        [
          0.991832,
          0.05909,
          -0.113035,
          4.261893
        ],
        [
          0.002531,
          -0.895156,
          -0.445746,
          1.344455
        ],
        [
          0.0,
          0.0,
          0.0,
          1.0
        ]
      ]
    },
    {
      "file_path": "/media/NFS/ttao/scannet/posed_images/scene0528_01/00005.jpg",
      "transform_matrix": [
        [
          -0.104617,
          0.438208,
          -0.892765,
          2.712417
        ],
        [
          0.99445,
          0.056179,
          -0.088958,
          4.264213
        ],
        [
          0.011172,
          -0.897116,
          -0.441654,
          1.346628
        ],
        [
          0.0,
          0.0,
          0.0,
          1.0
        ]
      ]
    },
    {
      "file_path": "/media/NFS/ttao/scannet/posed_images/scene0528_01/00007.jpg",
      "transform_matrix": [
        [
          -0.091291,
          0.432414,
          -0.897042,
          2.711647
        ],
        [
          0.995778,
          0.04829,
          -0.078062,
          4.266676
        ],
        [
          0.009563,
          -0.900381,
          -0.434997,
          1.345663
        ],
        [
          0.0,
          0.0,
          0.0,
          1.0
        ]
      ]
    },
    {
      "file_path": "/media/NFS/ttao/scannet/posed_images/scene0528_01/00009.jpg",
      "transform_matrix": [
        [
          -0.077668,
          0.427472,
          -0.900686,
          2.707767
        ],
        [
          0.996979,
          0.034479,
          -0.069608,
          4.268476
        ],
        [
          0.001299,
          -0.903371,
          -0.428858,
          1.34823
        ],
        [
          0.0,
          0.0,
          0.0,
          1.0
        ]
      ]
    },
    {
      "file_path": "/media/NFS/ttao/scannet/posed_images/scene0528_01/00010.jpg",
      "transform_matrix": [
        [
          -0.076602,
          0.423679,
          -0.902568,
          2.709442
        ],
        [
          0.997062,
          0.032372,
          -0.069426,
          4.270756
        ],
        [
          -0.000197,
          -0.905234,
          -0.424913,
          1.346247
        ],
        [
          0.0,
          0.0,
          0.0,
          1.0
        ]
      ]
    },
    {
      "file_path": "/media/NFS/ttao/scannet/posed_images/scene0528_01/00012.jpg",
      "transform_matrix": [
        [
          -0.082189,
          0.427805,
          -0.900127,
          2.706532
        ],
        [
          0.996609,
          0.031586,
          -0.075987,
          4.274569
        ],
        [
          -0.004076,
          -0.903319,
          -0.42895,
          1.340534
        ],
        [
          0.0,
          0.0,
          0.0,
          1.0
        ]
      ]
    },
    {
      "file_path": "/media/NFS/ttao/scannet/posed_images/scene0528_01/00015.jpg",
      "transform_matrix": [
        [
          -0.082187,
          0.449264,
          -0.889611,
          2.702918
        ],
        [
          0.996614,
          0.039167,
          -0.072293,
          4.283457
        ],
        [
          0.002365,
          -0.89254,
          -0.450962,
          1.332672
        ],
        [
          0.0,
          0.0,
          0.0,
          1.0
        ]
      ]
    },
    {
      "file_path": "/media/NFS/ttao/scannet/posed_images/scene0528_01/00017.jpg",
      "transform_matrix": [
        [
          -0.069652,
          0.462447,
          -0.883907,
          2.698105
        ],
        [
          0.997542,
          0.039118,
          -0.058141,
          4.285662
        ],
        [
          0.00769,
          -0.885784,
          -0.464035,
          1.329193
        ],
        [
          0.0,
          0.0,
          0.0,
          1.0
        ]
      ]
    },
    {
      "file_path": "/media/NFS/ttao/scannet/posed_images/scene0528_01/00019.jpg",
      "transform_matrix": [
        [
          -0.056496,
          0.469368,
          -0.881193,
          2.690444
        ],
        [
          0.998356,
          0.035148,
          -0.045286,
          4.287088
        ],
        [
          0.009717,
          -0.882303,
          -0.470582,
          1.329244
        ],
        [
          0.0,
          0.0,
          0.0,
          1.0
        ]
      ]
    },
    {
      "file_path": "/media/NFS/ttao/scannet/posed_images/scene0528_01/00020.jpg",
      "transform_matrix": [
        [
          -0.054449,
          0.469989,
          -0.880992,
          2.687526
        ],
        [
          0.998456,
          0.035339,
          -0.042857,
          4.290948
        ],
        [
          0.010991,
          -0.881965,
          -0.471187,
          1.331532
        ],
        [
          0.0,
          0.0,
          0.0,
          1.0
        ]
      ]
    },
    {
      "file_path": "/media/NFS/ttao/scannet/posed_images/scene0528_01/00022.jpg",
      "transform_matrix": [
        [
          -0.048358,
          0.466451,
          -0.883224,
          2.683478
        ],
        [
          0.998732,
          0.034964,
          -0.036218,
          4.294345
        ],
        [
          0.013987,
          -0.883856,
          -0.46755,
          1.331209
        ],
        [
          0.0,
          0.0,
          0.0,
          1.0
        ]
      ]
    },
    {
      "file_path": "/media/NFS/ttao/scannet/posed_images/scene0528_01/00025.jpg",
      "transform_matrix": [
        [
          -0.037369,
          0.453041,
          -0.890706,
          2.672431
        ],
        [
          0.999109,
          0.034439,
          -0.0244,
          4.295378
        ],
        [
          0.019621,
          -0.890824,
          -0.453924,
          1.33995
        ],
        [
          0.0,
          0.0,
          0.0,
          1.0
        ]
      ]
    },
    {
      "file_path": "/media/NFS/ttao/scannet/posed_images/scene0528_01/00026.jpg",
      "transform_matrix": [
        [
          -0.036735,
          0.447707,
          -0.893425,
          2.668381
        ],
        [
          0.999156,
          0.03291,
          -0.02459,
          4.296546
        ],
        [
          0.018394,
          -0.893575,
          -0.448538,
          1.345639
        ],
        [
          0.0,
          0.0,
          0.0,
          1.0
        ]
      ]
    },
    {
      "file_path": "/media/NFS/ttao/scannet/posed_images/scene0528_01/00030.jpg",
      "transform_matrix": [
        [
          -0.046873,
          0.411617,
          -0.910151,
          2.668551
        ],
        [
          0.998865,
          0.027088,
          -0.039192,
          4.303936
        ],
        [
          0.008522,
          -0.910954,
          -0.412419,
          1.358919
        ],
        [
          0.0,
          0.0,
          0.0,
          1.0
        ]
      ]
    },
    {
      "file_path": "/media/NFS/ttao/scannet/posed_images/scene0528_01/00031.jpg",
      "transform_matrix": [
        [
          -0.047152,
          0.4065,
          -0.912433,
          2.667889
        ],
        [
          0.998843,
          0.027864,
          -0.039204,
          4.305137
        ],
        [
          0.009488,
          -0.913226,
          -0.407343,
          1.361369
        ],
        [
          0.0,
          0.0,
          0.0,
          1.0
        ]
      ]
    },
    {
      "file_path": "/media/NFS/ttao/scannet/posed_images/scene0528_01/00033.jpg",
      "transform_matrix": [
        [
          -0.053802,
          0.401305,
          -0.914363,
          2.663686
        ],
        [
          0.998443,
          0.035114,
          -0.043338,
          4.301356
        ],
        [
          0.014715,
          -0.915271,
          -0.40257,
          1.369045
        ],
        [
          0.0,
          0.0,
          0.0,
          1.0
        ]
      ]
    },
    {
      "file_path": "/media/NFS/ttao/scannet/posed_images/scene0528_01/00036.jpg",
      "transform_matrix": [
        [
          -0.100768,
          0.381149,
          -0.919006,
          2.664292
        ],
        [
          0.994629,
          0.060557,
          -0.083945,
          4.304297
        ],
        [
          0.023657,
          -0.922529,
          -0.385203,
          1.381253
        ],
        [
          0.0,
          0.0,
          0.0,
          1.0
        ]
      ]
    },
    {
      "file_path": "/media/NFS/ttao/scannet/posed_images/scene0528_01/00037.jpg",
      "transform_matrix": [
        [
          -0.109383,
          0.376645,
          -0.919877,
          2.663245
        ],
        [
          0.993697,
          0.064265,
          -0.091848,
          4.303341
        ],
        [
          0.024522,
          -0.924126,
          -0.3813,
          1.383818
        ],
        [
          0.0,
          0.0,
          0.0,
          1.0
        ]
      ]
    },
    {
      "file_path": "/media/NFS/ttao/scannet/posed_images/scene0528_01/00039.jpg",
      "transform_matrix": [
        [
          -0.127457,
          0.367796,
          -0.92113,
          2.661999
        ],
        [
          0.99153,
          0.070616,
          -0.109002,
          4.304239
        ],
        [
          0.024956,
          -0.927221,
          -0.373682,
          1.392309
        ],
        [
          0.0,
          0.0,
          0.0,
          1.0
        ]
      ]
    },
    {
      "file_path": "/media/NFS/ttao/scannet/posed_images/scene0528_01/00042.jpg",
      "transform_matrix": [
        [
          -0.1389,
          0.345544,
          -0.928066,
          2.660966
        ],
        [
          0.990174,
          0.063805,
          -0.124439,
          4.305423
        ],
        [
          0.016216,
          -0.936231,
          -0.351011,
          1.405432
        ],
        [
          0.0,
          0.0,
          0.0,
          1.0
        ]
      ]
    },
    {
      "file_path": "/media/NFS/ttao/scannet/posed_images/scene0528_01/00044.jpg",
      "transform_matrix": [
        [
          -0.143263,
          0.334569,
          -0.931418,
          2.660574
        ],
        [
          0.989624,
          0.058862,
          -0.131073,
          4.305657
        ],
        [
          0.010972,
          -0.940531,
          -0.339531,
          1.407639
        ],
        [
          0.0,
          0.0,
          0.0,
          1.0
        ]
      ]
    },
    {
      "file_path": "/media/NFS/ttao/scannet/posed_images/scene0528_01/00045.jpg",
      "transform_matrix": [
        [
          -0.149394,
          0.330721,
          -0.931829,
          2.657677
        ],
        [
          0.988711,
          0.060928,
          -0.136889,
          4.303002
        ],
        [
          0.011503,
          -0.94176,
          -0.336089,
          1.41143
        ],
        [
          0.0,
          0.0,
          0.0,
          1.0
        ]
      ]
    },
    {
      "file_path": "/media/NFS/ttao/scannet/posed_images/scene0528_01/00047.jpg",
      "transform_matrix": [
        [
          -0.165429,
          0.318999,
          -0.933206,
          2.657093
        ],
        [
          0.9862,
          0.059835,
          -0.15437,
          4.304398
        ],
        [
          0.006595,
          -0.945864,
          -0.324495,
          1.419695
        ],
        [
          0.0,
          0.0,
          0.0,
          1.0
        ]
      ]
    },
    {
      "file_path": "/media/NFS/ttao/scannet/posed_images/scene0528_01/00050.jpg",
      "transform_matrix": [
        [
          -0.174998,
          0.298182,
          -0.93833,
          2.659946
        ],
        [
          0.984568,
          0.051744,
          -0.167178,
          4.310625
        ],
        [
          -0.001297,
          -0.953105,
          -0.302636,
          1.424872
        ],
        [
          0.0,
          0.0,
          0.0,
          1.0
        ]
      ]
    },
    {
      "file_path": "/media/NFS/ttao/scannet/posed_images/scene0528_01/00052.jpg",
      "transform_matrix": [
        [
          -0.173188,
          0.287814,
          -0.941896,
          2.660466
        ],
        [
          0.984887,
          0.052686,
          -0.164994,
          4.31276
        ],
        [
          0.002137,
          -0.956236,
          -0.292589,
          1.425087
        ],
        [
          0.0,
          0.0,
          0.0,
          1.0
        ]
      ]
    },
    {
      "file_path": "/media/NFS/ttao/scannet/posed_images/scene0528_01/00053.jpg",
      "transform_matrix": [
        [
          -0.173041,
          0.286905,
          -0.942201,
          2.658124
        ],
        [
          0.984906,
          0.054518,
          -0.164282,
          4.313554
        ],
        [
          0.004234,
          -0.956406,
          -0.292008,
          1.428677
        ],
        [
          0.0,
          0.0,
          0.0,
          1.0
        ]
      ]
    },
    {
      "file_path": "/media/NFS/ttao/scannet/posed_images/scene0528_01/00055.jpg",
      "transform_matrix": [
        [
          -0.177571,
          0.278023,
          -0.944019,
          2.657476
        ],
        [
          0.984021,
          0.062897,
          -0.166571,
          4.312822
        ],
        [
          0.013065,
          -0.958513,
          -0.284749,
          1.431322
        ],
        [
          0.0,
          0.0,
          0.0,
          1.0
        ]
      ]
    },
    {
      "file_path": "/media/NFS/ttao/scannet/posed_images/scene0528_01/00058.jpg",
      "transform_matrix": [
        [
          -0.173004,
          0.276299,
          -0.945372,
          2.658078
        ],
        [
          0.984625,
          0.072059,
          -0.159127,
          4.316509
        ],
        [
          0.024156,
          -0.958366,
          -0.284517,
          1.431267
        ],
        [
          0.0,
          0.0,
          0.0,
          1.0
        ]
      ]
    },
    {
      "file_path": "/media/NFS/ttao/scannet/posed_images/scene0528_01/00061.jpg",
      "transform_matrix": [
        [
          -0.166669,
          0.274817,
          -0.946941,
          2.659398
        ],
        [
          0.985531,
          0.076472,
          -0.151267,
          4.310587
        ],
        [
          0.030843,
          -0.958451,
          -0.283586,
          1.427076
        ],
        [
          0.0,
          0.0,
          0.0,
          1.0
        ]
      ]
    },
    {
      "file_path": "/media/NFS/ttao/scannet/posed_images/scene0528_01/00062.jpg",
      "transform_matrix": [
        [
          -0.16912,
          0.275435,
          -0.946326,
          2.659489
        ],
        [
          0.985139,
          0.076466,
          -0.153801,
          4.30927
        ],
        [
          0.029999,
          -0.958274,
          -0.284274,
          1.426393
        ],
        [
          0.0,
          0.0,
          0.0,
          1.0
        ]
      ]
    },
    {
      "file_path": "/media/NFS/ttao/scannet/posed_images/scene0528_01/00065.jpg",
      "transform_matrix": [
        [
          -0.192329,
          0.268489,
          -0.943887,
          2.657296
        ],
        [
          0.981279,
          0.06252,
          -0.182164,
          4.307715
        ],
        [
          0.010102,
          -0.961252,
          -0.275487,
          1.430711
        ],
        [
          0.0,
          0.0,
          0.0,
          1.0
        ]
      ]
    },
    {
      "file_path": "/media/NFS/ttao/scannet/posed_images/scene0528_01/00066.jpg",
      "transform_matrix": [
        [
          -0.203644,
          0.264474,
          -0.942647,
          2.658233
        ],
        [
          0.97903,
          0.060292,
          -0.194588,
          4.308
        ],
        [
          0.005371,
          -0.962506,
          -0.271207,
          1.431079
        ],
        [
          0.0,
          0.0,
          0.0,
          1.0
        ]
      ]
    },
    {
      "file_path": "/media/NFS/ttao/scannet/posed_images/scene0528_01/00069.jpg",
      "transform_matrix": [
        [
          -0.239265,
          0.238687,
          -0.941159,
          2.662719
        ],
        [
          0.970947,
          0.055087,
          -0.232867,
          4.308862
        ],
        [
          -0.003737,
          -0.969533,
          -0.244932,
          1.435014
        ],
        [
          0.0,
          0.0,
          0.0,
          1.0
        ]
      ]
    },
    {
      "file_path": "/media/NFS/ttao/scannet/posed_images/scene0528_01/00071.jpg",
      "transform_matrix": [
        [
          -0.25753,
          0.234602,
          -0.937358,
          2.65374
        ],
        [
          0.966262,
          0.058379,
          -0.25086,
          4.306479
        ],
        [
          -0.004131,
          -0.970337,
          -0.241721,
          1.433771
        ],
        [
          0.0,
          0.0,
          0.0,
          1.0
        ]
      ]
    },
    {
      "file_path": "/media/NFS/ttao/scannet/posed_images/scene0528_01/00072.jpg",
      "transform_matrix": [
        [
          -0.262079,
          0.232842,
          -0.936536,
          2.654298
        ],
        [
          0.965046,
          0.062511,
          -0.254515,
          4.304521
        ],
        [
          -0.000718,
          -0.970504,
          -0.241086,
          1.434338
        ],
        [
          0.0,
          0.0,
          0.0,
          1.0
        ]
      ]
    },
    {
      "file_path": "/media/NFS/ttao/scannet/posed_images/scene0528_01/00075.jpg",
      "transform_matrix": [
        [
          -0.277045,
          0.231649,
          -0.932515,
          2.655274
        ],
        [
          0.960772,
          0.07968,
          -0.265647,
          4.294849
        ],
        [
          0.012766,
          -0.969531,
          -0.244637,
          1.433935
        ],
        [
          0.0,
          0.0,
          0.0,
          1.0
        ]
      ]
    },
    {
      "file_path": "/media/NFS/ttao/scannet/posed_images/scene0528_01/00076.jpg",
      "transform_matrix": [
        [
          -0.284218,
          0.229132,
          -0.930977,
          2.657205
        ],
        [
          0.958651,
          0.082522,
          -0.272356,
          4.292024
        ],
        [
          0.014421,
          -0.969891,
          -0.243112,
          1.433131
        ],
        [
          0.0,
          0.0,
          0.0,
          1.0
        ]
      ]
    },
    {
      "file_path": "/media/NFS/ttao/scannet/posed_images/scene0528_01/00079.jpg",
      "transform_matrix": [
        [
          -0.308741,
          0.239165,
          -0.920586,
          2.660954
        ],
        [
          0.951033,
          0.092562,
          -0.294905,
          4.284544
        ],
        [
          0.01468,
          -0.966557,
          -0.256032,
          1.425565
        ],
        [
          0.0,
          0.0,
          0.0,
          1.0
        ]
      ]
    },
    {
      "file_path": "/media/NFS/ttao/scannet/posed_images/scene0528_01/00080.jpg",
      "transform_matrix": [
        [
          -0.319277,
          0.241169,
          -0.91646,
          2.65698
        ],
        [
          0.947491,
          0.099592,
          -0.30388,
          4.27777
        ],
        [
          0.017986,
          -0.965359,
          -0.260303,
          1.426445
        ],
        [
          0.0,
          0.0,
          0.0,
          1.0
        ]
      ]
    },
    {
      "file_path": "/media/NFS/ttao/scannet/posed_images/scene0528_01/00082.jpg",
      "transform_matrix": [
        [
          -0.341293,
          0.244264,
          -0.907664,
          2.657973
        ],
        [
          0.939759,
          0.108493,
          -0.324165,
          4.272959
        ],
        [
          0.019294,
          -0.96362,
          -0.266577,
          1.421747
        ],
        [
          0.0,
          0.0,
          0.0,
          1.0
        ]
      ]
    },
    {
      "file_path": "/media/NFS/ttao/scannet/posed_images/scene0528_01/00085.jpg",
      "transform_matrix": [
        [
          -0.368513,
          0.25778,
          -0.893167,
          2.66033
        ],
        [
          0.929387,
          0.12379,
          -0.34773,
          4.264641
        ],
        [
          0.020927,
          -0.958241,
          -0.285196,
          1.412986
        ],
        [
          0.0,
          0.0,
          0.0,
          1.0
        ]
      ]
    },
    {
      "file_path": "/media/NFS/ttao/scannet/posed_images/scene0528_01/00086.jpg",
      "transform_matrix": [
        [
          -0.377392,
          0.262831,
          -0.887973,
          2.66346
        ],
        [
          0.92585,
          0.127203,
          -0.355839,
          4.26131
        ],
        [
          0.019427,
          -0.95642,
          -0.291347,
          1.408093
        ],
        [
          0.0,
          0.0,
          0.0,
          1.0
        ]
      ]
    },
    {
      "file_path": "/media/NFS/ttao/scannet/posed_images/scene0528_01/00088.jpg",
      "transform_matrix": [
        [
          -0.399001,
          0.275966,
          -0.874437,
          2.66888
        ],
        [
          0.916884,
          0.131546,
          -0.376854,
          4.25396
        ],
        [
          0.01103,
          -0.952123,
          -0.305516,
          1.404756
        ],
        [
          0.0,
          0.0,
          0.0,
          1.0
        ]
      ]
    },
    {
      "file_path": "/media/NFS/ttao/scannet/posed_images/scene0528_01/00091.jpg",
      "transform_matrix": [
        [
          -0.431863,
          0.288841,
          -0.854439,
          2.675828
        ],
        [
          0.901928,
          0.13351,
          -0.410733,
          4.226528
        ],
        [
          -0.004561,
          -0.948022,
          -0.318172,
          1.386385
        ],
        [
          0.0,
          0.0,
          0.0,
          1.0
        ]
      ]
    },
    {
      "file_path": "/media/NFS/ttao/scannet/posed_images/scene0528_01/00093.jpg",
      "transform_matrix": [
        [
          -0.462032,
          0.303231,
          -0.833413,
          2.678802
        ],
        [
          0.886806,
          0.147349,
          -0.438022,
          4.215601
        ],
        [
          -0.010019,
          -0.941456,
          -0.336987,
          1.378916
        ],
        [
          0.0,
          0.0,
          0.0,
          1.0
        ]
      ]
    },
    {
      "file_path": "/media/NFS/ttao/scannet/posed_images/scene0528_01/00095.jpg",
      "transform_matrix": [
        [
          -0.489915,
          0.320141,
          -0.810859,
          2.682693
        ],
        [
          0.871618,
          0.162531,
          -0.462455,
          4.209722
        ],
        [
          -0.016261,
          -0.933324,
          -0.358667,
          1.371676
        ],
        [
          0.0,
          0.0,
          0.0,
          1.0
        ]
      ]
    },
    {
      "file_path": "/media/NFS/ttao/scannet/posed_images/scene0528_01/00098.jpg",
      "transform_matrix": [
        [
          -0.525812,
          0.343301,
          -0.778246,
          2.691487
        ],
        [
          0.8504,
          0.1923,
          -0.489734,
          4.200221
        ],
        [
          -0.018469,
          -0.919329,
          -0.393057,
          1.363288
        ],
        [
          0.0,
          0.0,
          0.0,
          1.0
        ]
      ]
    },
    {
      "file_path": "/media/NFS/ttao/scannet/posed_images/scene0528_01/00100.jpg",
      "transform_matrix": [
        [
          -0.549565,
          0.346669,
          -0.76013,
          2.696107
        ],
        [
          0.835157,
          0.203847,
          -0.510841,
          4.202074
        ],
        [
          -0.022142,
          -0.915569,
          -0.401551,
          1.358922
        ],
        [
          0.0,
          0.0,
          0.0,
          1.0
        ]
      ]
    },
    {
      "file_path": "/media/NFS/ttao/scannet/posed_images/scene0528_01/00102.jpg",
      "transform_matrix": [
        [
          -0.578276,
          0.341891,
          -0.740748,
          2.695712
        ],
        [
          0.815532,
          0.21723,
          -0.536395,
          4.200337
        ],
        [
          -0.022476,
          -0.914288,
          -0.404442,
          1.356027
        ],
        [
          0.0,
          0.0,
          0.0,
          1.0
        ]
      ]
    },
    {
      "file_path": "/media/NFS/ttao/scannet/posed_images/scene0528_01/00104.jpg",
      "transform_matrix": [
        [
          -0.60296,
          0.33783,
          -0.72271,
          2.707085
        ],
        [
          0.79754,
          0.23347,
          -0.556256,
          4.198946
        ],
        [
          -0.019189,
          -0.911791,
          -0.410207,
          1.348587
        ],
        [
          0.0,
          0.0,
          0.0,
          1.0
        ]
      ]
    },
    {
      "file_path": "/media/NFS/ttao/scannet/posed_images/scene0528_01/00106.jpg",
      "transform_matrix": [
        [
          -0.619416,
          0.341081,
          -0.707098,
          2.714014
        ],
        [
          0.784853,
          0.248185,
          -0.567812,
          4.197826
        ],
        [
          -0.018178,
          -0.90668,
          -0.421428,
          1.34259
        ],
        [
          0.0,
          0.0,
          0.0,
          1.0
        ]
      ]
    },
    {
      "file_path": "/media/NFS/ttao/scannet/posed_images/scene0528_01/00107.jpg",
      "transform_matrix": [
        [
          -0.632076,
          0.340526,
          -0.696076,
          2.716092
        ],
        [
          0.7747,
          0.256965,
          -0.577762,
          4.202764
        ],
        [
          -0.017876,
          -0.90444,
          -0.426227,
          1.338835
        ],
        [
          0.0,
          0.0,
          0.0,
          1.0
        ]
      ]
    },
    {
      "file_path": "/media/NFS/ttao/scannet/posed_images/scene0528_01/00109.jpg",
      "transform_matrix": [
        [
          -0.653253,
          0.344532,
          -0.67421,
          2.721268
        ],
        [
          0.756955,
          0.2775,
          -0.591619,
          4.201152
        ],
        [
          -0.016738,
          -0.896823,
          -0.442073,
          1.333715
        ],
        [
          0.0,
          0.0,
          0.0,
          1.0
        ]
      ]
    },
    {
      "file_path": "/media/NFS/ttao/scannet/posed_images/scene0528_01/00112.jpg",
      "transform_matrix": [
        [
          -0.671976,
          0.352161,
          -0.651483,
          2.722177
        ],
        [
          0.740439,
          0.302782,
          -0.600061,
          4.174451
        ],
        [
          -0.014061,
          -0.88561,
          -0.464216,
          1.3254
        ],
        [
          0.0,
          0.0,
          0.0,
          1.0
        ]
      ]
    },
    {
      "file_path": "/media/NFS/ttao/scannet/posed_images/scene0528_01/00113.jpg",
      "transform_matrix": [
        [
          -0.684048,
          0.351222,
          -0.639314,
          2.720526
        ],
        [
          0.729319,
          0.313504,
          -0.60812,
          4.178337
        ],
        [
          -0.013157,
          -0.882246,
          -0.470605,
          1.322678
        ],
        [
          0.0,
          0.0,
          0.0,
          1.0
        ]
      ]
    },
    {
      "file_path": "/media/NFS/ttao/scannet/posed_images/scene0528_01/00116.jpg",
      "transform_matrix": [
        [
          -0.723094,
          0.342023,
          -0.600129,
          2.720016
        ],
        [
          0.690741,
          0.35365,
          -0.630721,
          4.185807
        ],
        [
          -0.003485,
          -0.870604,
          -0.491972,
          1.322068
        ],
        [
          0.0,
          0.0,
          0.0,
          1.0
        ]
      ]
    },
    {
      "file_path": "/media/NFS/ttao/scannet/posed_images/scene0528_01/00118.jpg",
      "transform_matrix": [
        [
          -0.74795,
          0.327709,
          -0.577215,
          2.720761
        ],
        [
          0.663708,
          0.379596,
          -0.644514,
          4.191061
        ],
        [
          0.007895,
          -0.865167,
          -0.501422,
          1.317804
        ],
        [
          0.0,
          0.0,
          0.0,
          1.0
        ]
      ]
    },
    {
      "file_path": "/media/NFS/ttao/scannet/posed_images/scene0528_01/00120.jpg",
      "transform_matrix": [
        [
          -0.754549,
          0.327392,
          -0.568744,
          2.774272
        ],
        [
          0.655963,
          0.401604,
          -0.639083,
          4.150614
        ],
        [
          0.019179,
          -0.855295,
          -0.517787,
          1.319614
        ],
        [
          0.0,
          0.0,
          0.0,
          1.0
        ]
      ]
    },
    {
      "file_path": "/media/NFS/ttao/scannet/posed_images/scene0528_01/00122.jpg",
      "transform_matrix": [
        [
          -0.784669,
          0.310279,
          -0.536677,
          2.76263
        ],
        [
          0.619458,
          0.425703,
          -0.659582,
          4.162199
        ],
        [
          0.02381,
          -0.850002,
          -0.526241,
          1.320208
        ],
        [
          0.0,
          0.0,
          0.0,
          1.0
        ]
      ]
    },
    {
      "file_path": "/media/NFS/ttao/scannet/posed_images/scene0528_01/00125.jpg",
      "transform_matrix": [
        [
          -0.821395,
          0.288255,
          -0.492157,
          2.759297
        ],
        [
          0.569788,
          0.453311,
          -0.685456,
          4.166331
        ],
        [
          0.025514,
          -0.843456,
          -0.536592,
          1.319901
        ],
        [
          0.0,
          0.0,
          0.0,
          1.0
        ]
      ]
    },
    {
      "file_path": "/media/NFS/ttao/scannet/posed_images/scene0528_01/00127.jpg",
      "transform_matrix": [
        [
          -0.84481,
          0.271199,
          -0.461245,
          2.756862
        ],
        [
          0.534437,
          0.469478,
          -0.702828,
          4.178103
        ],
        [
          0.025938,
          -0.840263,
          -0.541559,
          1.318794
        ],
        [
          0.0,
          0.0,
          0.0,
          1.0
        ]
      ]
    },
    {
      "file_path": "/media/NFS/ttao/scannet/posed_images/scene0528_01/00129.jpg",
      "transform_matrix": [
        [
          -0.867621,
          0.255695,
          -0.426443,
          2.759495
        ],
        [
          0.496645,
          0.487087,
          -0.718395,
          4.179644
        ],
        [
          0.024025,
          -0.835085,
          -0.549596,
          1.31858
        ],
        [
          0.0,
          0.0,
          0.0,
          1.0
        ]
      ]
    },
    {
      "file_path": "/media/NFS/ttao/scannet/posed_images/scene0528_01/00130.jpg",
      "transform_matrix": [
        [
          -0.876073,
          0.24895,
          -0.412941,
          2.783812
        ],
        [
          0.481602,
          0.493647,
          -0.724135,
          4.167326
        ],
        [
          0.023574,
          -0.833268,
          -0.552366,
          1.318637
        ],
        [
          0.0,
          0.0,
          0.0,
          1.0
        ]
      ]
    },
    {
      "file_path": "/media/NFS/ttao/scannet/posed_images/scene0528_01/00133.jpg",
      "transform_matrix": [
        [
          -0.906156,
          0.225742,
          -0.357662,
          2.782505
        ],
        [
          0.422557,
          0.519364,
          -0.742769,
          4.171123
        ],
        [
          0.018083,
          -0.824198,
          -0.566014,
          1.318173
        ],
        [
          0.0,
          0.0,
          0.0,
          1.0
        ]
      ]
    },
    {
      "file_path": "/media/NFS/ttao/scannet/posed_images/scene0528_01/00134.jpg",
      "transform_matrix": [
        [
          -0.91521,
          0.216872,
          -0.339642,
          2.782593
        ],
        [
          0.40266,
          0.525536,
          -0.749451,
          4.174435
        ],
        [
          0.015959,
          -0.822666,
          -0.568301,
          1.318281
        ],
        [
          0.0,
          0.0,
          0.0,
          1.0
        ]
      ]
    },
    {
      "file_path": "/media/NFS/ttao/scannet/posed_images/scene0528_01/00137.jpg",
      "transform_matrix": [
        [
          -0.940794,
          0.189168,
          -0.281287,
          2.764548
        ],
        [
          0.338847,
          0.547972,
          -0.764794,
          4.189142
        ],
        [
          0.009462,
          -0.814826,
          -0.579628,
          1.316754
        ],
        [
          0.0,
          0.0,
          0.0,
          1.0
        ]
      ]
    },
    {
      "file_path": "/media/NFS/ttao/scannet/posed_images/scene0528_01/00138.jpg",
      "transform_matrix": [
        [
          -0.945484,
          0.184154,
          -0.2686,
          2.76639
        ],
        [
          0.32558,
          0.553489,
          -0.766581,
          4.188491
        ],
        [
          0.007498,
          -0.812242,
          -0.583273,
          1.315276
        ],
        [
          0.0,
          0.0,
          0.0,
          1.0
        ]
      ]
    },
    {
      "file_path": "/media/NFS/ttao/scannet/posed_images/scene0528_01/00141.jpg",
      "transform_matrix": [
        [
          -0.950961,
          0.186934,
          -0.246434,
          2.827381
        ],
        [
          0.30931,
          0.571867,
          -0.7598,
          4.167277
        ],
        [
          -0.001105,
          -0.798764,
          -0.601643,
          1.315374
        ],
        [
          0.0,
          0.0,
          0.0,
          1.0
        ]
      ]
    },
    {
      "file_path": "/media/NFS/ttao/scannet/posed_images/scene0528_01/00143.jpg",
      "transform_matrix": [
        [
          -0.962986,
          0.170431,
          -0.208835,
          2.816087
        ],
        [
          0.269474,
          0.589923,
          -0.761167,
          4.162889
        ],
        [
          -0.00653,
          -0.789268,
          -0.614014,
          1.313784
        ],
        [
          0.0,
          0.0,
          0.0,
          1.0
        ]
      ]
    },
    {
      "file_path": "/media/NFS/ttao/scannet/posed_images/scene0528_01/00144.jpg",
      "transform_matrix": [
        [
          -0.966963,
          0.163665,
          -0.195442,
          2.818924
        ],
        [
          0.254783,
          0.595465,
          -0.76191,
          4.158136
        ],
        [
          -0.00832,
          -0.786534,
          -0.617491,
          1.314996
        ],
        [
          0.0,
          0.0,
          0.0,
          1.0
        ]
      ]
    },
    {
      "file_path": "/media/NFS/ttao/scannet/posed_images/scene0528_01/00146.jpg",
      "transform_matrix": [
        [
          -0.972136,
          0.153208,
          -0.177421,
          2.826256
        ],
        [
          0.234186,
          0.601244,
          -0.763978,
          4.153841
        ],
        [
          -0.010375,
          -0.78424,
          -0.620371,
          1.315441
        ],
        [
          0.0,
          0.0,
          0.0,
          1.0
        ]
      ]
    },
    {
      "file_path": "/media/NFS/ttao/scannet/posed_images/scene0528_01/00149.jpg",
      "transform_matrix": [
        [
          -0.978146,
          0.13523,
          -0.157938,
          2.823413
        ],
        [
          0.207539,
          0.588954,
          -0.781064,
          4.145785
        ],
        [
          -0.012605,
          -0.796772,
          -0.604149,
          1.318166
        ],
        [
          0.0,
          0.0,
          0.0,
          1.0
        ]
      ]
    },
    {
      "file_path": "/media/NFS/ttao/scannet/posed_images/scene0528_01/00150.jpg",
      "transform_matrix": [
        [
          -0.977326,
          0.133703,
          -0.16419,
          2.855022
        ],
        [
          0.211621,
          0.590528,
          -0.778777,
          4.14453
        ],
        [
          -0.007166,
          -0.795865,
          -0.605432,
          1.315735
        ],
        [
          0.0,
          0.0,
          0.0,
          1.0
        ]
      ]
    },
    {
      "file_path": "/media/NFS/ttao/scannet/posed_images/scene0528_01/00153.jpg",
      "transform_matrix": [
        [
          -0.982803,
          0.103849,
          -0.152687,
          2.870384
        ],
        [
          0.184025,
          0.619135,
          -0.763418,
          4.128466
        ],
        [
          0.015254,
          -0.778388,
          -0.627599,
          1.31628
        ],
        [
          0.0,
          0.0,
          0.0,
          1.0
        ]
      ]
    },
    {
      "file_path": "/media/NFS/ttao/scannet/posed_images/scene0528_01/00156.jpg",
      "transform_matrix": [
        [
          -0.988855,
          0.06778,
          -0.13256,
          2.886182
        ],
        [
          0.144523,
          0.650904,
          -0.745277,
          4.116132
        ],
        [
          0.035768,
          -0.756128,
          -0.653445,
          1.311208
        ],
        [
          0.0,
          0.0,
          0.0,
          1.0
        ]
      ]
    },
    {
      "file_path": "/media/NFS/ttao/scannet/posed_images/scene0528_01/00157.jpg",
      "transform_matrix": [
        [
          -0.990321,
          0.057484,
          -0.126337,
          2.896389
        ],
        [
          0.132643,
          0.660038,
          -0.739429,
          4.111071
        ],
        [
          0.040882,
          -0.749029,
          -0.661274,
          1.308873
        ],
        [
          0.0,
          0.0,
          0.0,
          1.0
        ]
      ]
    },
    {
      "file_path": "/media/NFS/ttao/scannet/posed_images/scene0528_01/00160.jpg",
      "transform_matrix": [
        [
          -0.994061,
          0.025393,
          -0.105819,
          2.90857
        ],
        [
          0.093734,
          0.693786,
          -0.714055,
          4.0967
        ],
        [
          0.055284,
          -0.719733,
          -0.692046,
          1.302192
