{
  "frames": [
    {
      "file_path": "/media/NFS/ttao/scannet/posed_images/scene0581_02/00001.jpg",
      "transform_matrix": [
        [
          0.482114,
          0.241666,
          -0.842119,
          5.012948
        ],
        [
          0.875254,
          -0.175319,
          0.450771,
          2.49618
        ],
        [
          -0.038703,
          -0.95439,
          -0.296043,
          1.360107
        ],
        [
          0.0,
          0.0,
          0.0,
          1.0
        ]
      ]
    },
    {
      "file_path": "/media/NFS/ttao/scannet/posed_images/scene0581_02/00003.jpg",
      "transform_matrix": [
        [
          0.481848,
          0.23226,
          -0.844913,
          5.018329
        ],
        [
          0.875432,
          -0.169361,
          0.452698,
          2.494602
        ],
        [
          -0.037952,
          -0.957796,
          -0.284934,
          1.361061
        ],
        [
          0.0,
          0.0,
          0.0,
          1.0
        ]
      ]
    },
    {
      "file_path": "/media/NFS/ttao/scannet/posed_images/scene0581_02/00006.jpg",
      "transform_matrix": [
        [
          0.493847,
          0.231202,
          -0.838249,
          5.026834
        ],
        [
          0.86905,
          -0.163905,
          0.466785,
          2.489011
        ],
        [
          -0.029471,
          -0.959,
          -0.28187,
          1.361967
        ],
        [
          0.0,
          0.0,
          0.0,
          1.0
        ]
      ]
    },
    {
      "file_path": "/media/NFS/ttao/scannet/posed_images/scene0581_02/00012.jpg",
      "transform_matrix": [
        [
          0.523698,
          0.255729,
          -0.812615,
          5.045541
        ],
        [
          0.851318,
          -0.192464,
          0.488072,
          2.492589
        ],
        [
          -0.031585,
          -0.947397,
          -0.3185,
          1.35731
        ],
        [
          0.0,
          0.0,
          0.0,
          1.0
        ]
      ]
    },
    {
      "file_path": "/media/NFS/ttao/scannet/posed_images/scene0581_02/00015.jpg",
      "transform_matrix": [
        [
          0.538141,
          0.238679,
          -0.808355,
          5.060487
        ],
        [
          0.841778,
          -0.200675,
          0.501139,
          2.494581
        ],
        [
          -0.042606,
          -0.950138,
          -0.308906,
          1.35833
        ],
        [
          0.0,
          0.0,
          0.0,
          1.0
        ]
      ]
    },
    {
      "file_path": "/media/NFS/ttao/scannet/posed_images/scene0581_02/00017.jpg",
      "transform_matrix": [
        [
          0.544779,
          0.241948,
          -0.802917,
          5.070133
        ],
        [
          0.83755,
          -0.204422,
          0.506678,
          2.495247
        ],
        [
          -0.041544,
          -0.948511,
          -0.314009,
          1.356445
        ],
        [
          0.0,
          0.0,
          0.0,
          1.0
        ]
      ]
    },
    {
      "file_path": "/media/NFS/ttao/scannet/posed_images/scene0581_02/00023.jpg",
      "transform_matrix": [
        [
          0.564609,
          0.247785,
          -0.787286,
          5.095551
        ],
        [
          0.822839,
          -0.243463,
          0.51348,
          2.494772
        ],
        [
          -0.064442,
          -0.937725,
          -0.341349,
          1.349103
        ],
        [
          0.0,
          0.0,
          0.0,
          1.0
        ]
      ]
    },
    {
      "file_path": "/media/NFS/ttao/scannet/posed_images/scene0581_02/00025.jpg",
      "transform_matrix": [
        [
          0.570751,
          0.242227,
          -0.784582,
          5.103696
        ],
        [
          0.817535,
          -0.256853,
          0.515424,
          2.493214
        ],
        [
          -0.076673,
          -0.935603,
          -0.344628,
          1.346241
        ],
        [
          0.0,
          0.0,
          0.0,
          1.0
        ]
      ]
    },
    {
      "file_path": "/media/NFS/ttao/scannet/posed_images/scene0581_02/00029.jpg",
      "transform_matrix": [
        [
          0.581813,
          0.241048,
          -0.776781,
          5.116295
        ],
        [
          0.80765,
          -0.283835,
          0.516855,
          2.49047
        ],
        [
          -0.095891,
          -0.928081,
          -0.359821,
          1.342604
        ],
        [
          0.0,
          0.0,
          0.0,
          1.0
        ]
      ]
    },
    {
      "file_path": "/media/NFS/ttao/scannet/posed_images/scene0581_02/00033.jpg",
      "transform_matrix": [
        [
          0.618756,
          0.2394,
          -0.748217,
          5.122495
        ],
        [
          0.780361,
          -0.296946,
          0.550328,
          2.479962
        ],
        [
          -0.090432,
          -0.924398,
          -0.370555,
          1.341332
        ],
        [
          0.0,
          0.0,
          0.0,
          1.0
        ]
      ]
    },
    {
      "file_path": "/media/NFS/ttao/scannet/posed_images/scene0581_02/00035.jpg",
      "transform_matrix": [
        [
          0.643077,
          0.232454,
          -0.729669,
          5.12248
        ],
        [
          0.760659,
          -0.304135,
          0.573499,
          2.470985
        ],
        [
          -0.088606,
          -0.923833,
          -0.372401,
          1.340775
        ],
        [
          0.0,
          0.0,
          0.0,
          1.0
        ]
      ]
    },
    {
      "file_path": "/media/NFS/ttao/scannet/posed_images/scene0581_02/00040.jpg",
      "transform_matrix": [
        [
          0.706168,
          0.205749,
          -0.677491,
          5.114415
        ],
        [
          0.702575,
          -0.322314,
          0.63443,
          2.44397
        ],
        [
          -0.087831,
          -0.924003,
          -0.372162,
          1.342059
        ],
        [
          0.0,
          0.0,
          0.0,
          1.0
        ]
      ]
    },
    {
      "file_path": "/media/NFS/ttao/scannet/posed_images/scene0581_02/00044.jpg",
      "transform_matrix": [
        [
          0.740184,
          0.184757,
          -0.646523,
          5.095635
        ],
        [
          0.663222,
          -0.358963,
          0.656721,
          2.412006
        ],
        [
          -0.110744,
          -0.914883,
          -0.388233,
          1.336004
        ],
        [
          0.0,
          0.0,
          0.0,
          1.0
        ]
      ]
    },
    {
      "file_path": "/media/NFS/ttao/scannet/posed_images/scene0581_02/00046.jpg",
      "transform_matrix": [
        [
          0.751089,
          0.172754,
          -0.637199,
          5.085091
        ],
        [
          0.649033,
          -0.369991,
          0.664728,
          2.394236
        ],
        [
          -0.120924,
          -0.912832,
          -0.390019,
          1.335531
        ],
        [
          0.0,
          0.0,
          0.0,
          1.0
        ]
      ]
    },
    {
      "file_path": "/media/NFS/ttao/scannet/posed_images/scene0581_02/00048.jpg",
      "transform_matrix": [
        [
          0.765523,
          0.168648,
          -0.620912,
          5.074357
        ],
        [
          0.632685,
          -0.372763,
          0.678791,
          2.375112
        ],
        [
          -0.116976,
          -0.912472,
          -0.39206,
          1.338944
        ],
        [
          0.0,
          0.0,
          0.0,
          1.0
        ]
      ]
    },
    {
      "file_path": "/media/NFS/ttao/scannet/posed_images/scene0581_02/00052.jpg",
      "transform_matrix": [
        [
          0.800403,
          0.152574,
          -0.579721,
          5.058621
        ],
        [
          0.588497,
          -0.384112,
          0.711427,
          2.337451
        ],
        [
          -0.114133,
          -0.910592,
          -0.397234,
          1.338879
        ],
        [
          0.0,
          0.0,
          0.0,
          1.0
        ]
      ]
    },
    {
      "file_path": "/media/NFS/ttao/scannet/posed_images/scene0581_02/00058.jpg",
      "transform_matrix": [
        [
          0.847736,
          0.139778,
          -0.511669,
          5.043329
        ],
        [
          0.519828,
          -0.410731,
          0.749052,
          2.288737
        ],
        [
          -0.105457,
          -0.900978,
          -0.420853,
          1.341913
        ],
        [
          0.0,
          0.0,
          0.0,
          1.0
        ]
      ]
    },
    {
      "file_path": "/media/NFS/ttao/scannet/posed_images/scene0581_02/00059.jpg",
      "transform_matrix": [
        [
          0.85466,
          0.136077,
          -0.501038,
          5.043707
        ],
        [
          0.508747,
          -0.412056,
          0.755901,
          2.281766
        ],
        [
          -0.103595,
          -0.90094,
          -0.421396,
          1.344337
        ],
        [
          0.0,
          0.0,
          0.0,
          1.0
        ]
      ]
    },
    {
      "file_path": "/media/NFS/ttao/scannet/posed_images/scene0581_02/00065.jpg",
      "transform_matrix": [
        [
          0.883507,
          0.129203,
          -0.450246,
          5.056522
        ],
        [
          0.46086,
          -0.411729,
          0.786185,
          2.238005
        ],
        [
          -0.083801,
          -0.902101,
          -0.42331,
          1.348038
        ],
        [
          0.0,
          0.0,
          0.0,
          1.0
        ]
      ]
    },
    {
      "file_path": "/media/NFS/ttao/scannet/posed_images/scene0581_02/00067.jpg",
      "transform_matrix": [
        [
          0.892467,
          0.120219,
          -0.434798,
          5.06445
        ],
        [
          0.442996,
          -0.415569,
          0.794391,
          2.223489
        ],
        [
          -0.085187,
          -0.901582,
          -0.424138,
          1.349985
        ],
        [
          0.0,
          0.0,
          0.0,
          1.0
        ]
      ]
    },
    {
      "file_path": "/media/NFS/ttao/scannet/posed_images/scene0581_02/00069.jpg",
      "transform_matrix": [
        [
          0.902469,
          0.108523,
          -0.416861,
          5.070667
        ],
        [
          0.421467,
          -0.422348,
          0.802489,
          2.205317
        ],
        [
          -0.088972,
          -0.899914,
          -0.426895,
          1.347094
        ],
        [
          0.0,
          0.0,
          0.0,
          1.0
        ]
      ]
    },
    {
      "file_path": "/media/NFS/ttao/scannet/posed_images/scene0581_02/00073.jpg",
      "transform_matrix": [
        [
          0.917538,
          0.10335,
          -0.383984,
          5.080401
        ],
        [
          0.387208,
          -0.452035,
          0.803576,
          2.162989
        ],
        [
          -0.090525,
          -0.885993,
          -0.454777,
          1.342473
        ],
        [
          0.0,
          0.0,
          0.0,
          1.0
        ]
      ]
    },
    {
      "file_path": "/media/NFS/ttao/scannet/posed_images/scene0581_02/00076.jpg",
      "transform_matrix": [
        [
          0.927435,
          0.088997,
          -0.363241,
          5.088321
        ],
        [
          0.360879,
          -0.467841,
          0.806779,
          2.134451
        ],
        [
          -0.098139,
          -0.879321,
          -0.466009,
          1.335547
        ],
        [
          0.0,
          0.0,
          0.0,
          1.0
        ]
      ]
    },
    {
      "file_path": "/media/NFS/ttao/scannet/posed_images/scene0581_02/00082.jpg",
      "transform_matrix": [
        [
          0.946741,
          0.057952,
          -0.316739,
          5.101251
        ],
        [
          0.303157,
          -0.491965,
          0.816129,
          2.087347
        ],
        [
          -0.108528,
          -0.868684,
          -0.483332,
          1.343845
        ],
        [
          0.0,
          0.0,
          0.0,
          1.0
        ]
      ]
    },
    {
      "file_path": "/media/NFS/ttao/scannet/posed_images/scene0581_02/00086.jpg",
      "transform_matrix": [
        [
          0.955177,
          0.037256,
          -0.293683,
          5.104388
        ],
        [
          0.275156,
          -0.477704,
          0.834319,
          2.066434
        ],
        [
          -0.10921,
          -0.87773,
          -0.466543,
          1.351897
        ],
        [
          0.0,
          0.0,
          0.0,
          1.0
        ]
      ]
    },
    {
      "file_path": "/media/NFS/ttao/scannet/posed_images/scene0581_02/00089.jpg",
      "transform_matrix": [
        [
          0.959219,
          0.023378,
          -0.281694,
          5.095387
        ],
        [
          0.258671,
          -0.47439,
          0.841453,
          2.05722
        ],
        [
          -0.113961,
          -0.880004,
          -0.461091,
          1.355341
        ],
        [
          0.0,
          0.0,
          0.0,
          1.0
        ]
      ]
    },
    {
      "file_path": "/media/NFS/ttao/scannet/posed_images/scene0581_02/00090.jpg",
      "transform_matrix": [
        [
          0.959511,
          0.020103,
          -0.280953,
          5.09569
        ],
        [
          0.257203,
          -0.469154,
          0.844832,
          2.049669
        ],
        [
          -0.114826,
          -0.882888,
          -0.455329,
          1.348854
        ],
        [
          0.0,
          0.0,
          0.0,
          1.0
        ]
      ]
    },
    {
      "file_path": "/media/NFS/ttao/scannet/posed_images/scene0581_02/00093.jpg",
      "transform_matrix": [
        [
          0.962856,
          0.01323,
          -0.269691,
          5.087004
        ],
        [
          0.244247,
          -0.468497,
          0.849031,
          2.047842
        ],
        [
          -0.115117,
          -0.883366,
          -0.454327,
          1.347769
        ],
        [
          0.0,
          0.0,
          0.0,
          1.0
        ]
      ]
    },
    {
      "file_path": "/media/NFS/ttao/scannet/posed_images/scene0581_02/00099.jpg",
      "transform_matrix": [
        [
          0.982648,
          -0.018771,
          -0.184527,
          5.047371
        ],
        [
          0.156279,
          -0.452029,
          0.878206,
          2.058654
        ],
        [
          -0.099897,
          -0.891805,
          -0.441252,
          1.352861
        ],
        [
          0.0,
          0.0,
          0.0,
          1.0
        ]
      ]
    },
    {
      "file_path": "/media/NFS/ttao/scannet/posed_images/scene0581_02/00100.jpg",
      "transform_matrix": [
        [
          0.985361,
          -0.022411,
          -0.168998,
          5.03933
        ],
        [
          0.140979,
          -0.450254,
          0.881701,
          2.056703
        ],
        [
          -0.095852,
          -0.892619,
          -0.440503,
          1.347516
        ],
        [
          0.0,
          0.0,
          0.0,
          1.0
        ]
      ]
    },
    {
      "file_path": "/media/NFS/ttao/scannet/posed_images/scene0581_02/00107.jpg",
      "transform_matrix": [
        [
          0.99412,
          -0.073111,
          -0.079877,
          4.980721
        ],
        [
          0.036487,
          -0.468357,
          0.882786,
          2.081316
        ],
        [
          -0.101953,
          -0.880509,
          -0.462935,
          1.33706
        ],
        [
          0.0,
          0.0,
          0.0,
          1.0
        ]
      ]
    },
    {
      "file_path": "/media/NFS/ttao/scannet/posed_images/scene0581_02/00110.jpg",
      "transform_matrix": [
        [
          0.994502,
          -0.095781,
          -0.042334,
          4.963618
        ],
        [
          -0.007996,
          -0.47253,
          0.881279,
          2.094461
        ],
        [
          -0.104414,
          -0.876094,
          -0.470698,
          1.328582
        ],
        [
          0.0,
          0.0,
          0.0,
          1.0
        ]
      ]
    },
    {
      "file_path": "/media/NFS/ttao/scannet/posed_images/scene0581_02/00111.jpg",
      "transform_matrix": [
        [
          0.994327,
          -0.101848,
          -0.030682,
          4.956129
        ],
        [
          -0.021489,
          -0.474841,
          0.879809,
          2.098631
        ],
        [
          -0.104176,
          -0.874158,
          -0.474336,
          1.325665
        ],
        [
          0.0,
          0.0,
          0.0,
          1.0
        ]
      ]
    },
    {
      "file_path": "/media/NFS/ttao/scannet/posed_images/scene0581_02/00117.jpg",
      "transform_matrix": [
        [
          0.992059,
          -0.121802,
          0.031346,
          4.918021
        ],
        [
          -0.089168,
          -0.505382,
          0.858276,
          2.130909
        ],
        [
          -0.088698,
          -0.854256,
          -0.51223,
          1.313771
        ],
        [
          0.0,
          0.0,
          0.0,
          1.0
        ]
      ]
    },
    {
      "file_path": "/media/NFS/ttao/scannet/posed_images/scene0581_02/00120.jpg",
      "transform_matrix": [
        [
          0.990543,
          -0.129498,
          0.045326,
          4.92024
        ],
        [
          -0.105679,
          -0.509447,
          0.853989,
          2.154624
        ],
        [
          -0.087498,
          -0.850702,
          -0.518314,
          1.309215
        ],
        [
          0.0,
          0.0,
          0.0,
          1.0
        ]
      ]
    },
    {
      "file_path": "/media/NFS/ttao/scannet/posed_images/scene0581_02/00123.jpg",
      "transform_matrix": [
        [
          0.987913,
          -0.136727,
          0.073031,
          4.907746
        ],
        [
          -0.133794,
          -0.514222,
          0.847157,
          2.182512
        ],
        [
          -0.078275,
          -0.846688,
          -0.5263,
          1.30189
        ],
        [
          0.0,
          0.0,
          0.0,
          1.0
        ]
      ]
    },
    {
      "file_path": "/media/NFS/ttao/scannet/posed_images/scene0581_02/00126.jpg",
      "transform_matrix": [
        [
          0.984551,
          -0.148195,
          0.093261,
          4.899298
        ],
        [
          -0.157825,
          -0.52041,
          0.839205,
          2.217242
        ],
        [
          -0.075832,
          -0.840959,
          -0.535759,
          1.289164
        ],
        [
          0.0,
          0.0,
          0.0,
          1.0
        ]
      ]
    },
    {
      "file_path": "/media/NFS/ttao/scannet/posed_images/scene0581_02/00129.jpg",
      "transform_matrix": [
        [
          0.979847,
          -0.1705,
          0.104065,
          4.895498
        ],
        [
          -0.179952,
          -0.527338,
          0.830381,
          2.261192
        ],
        [
          -0.086703,
          -0.832373,
          -0.547392,
          1.28405
        ],
        [
          0.0,
          0.0,
          0.0,
          1.0
        ]
      ]
    },
    {
      "file_path": "/media/NFS/ttao/scannet/posed_images/scene0581_02/00134.jpg",
      "transform_matrix": [
        [
          0.97262,
          -0.18688,
          0.138154,
          4.891077
        ],
        [
          -0.217594,
          -0.523468,
          0.823793,
          2.336055
        ],
        [
          -0.081631,
          -0.831298,
          -0.5498,
          1.285219
        ],
        [
          0.0,
          0.0,
          0.0,
          1.0
        ]
      ]
    },
    {
      "file_path": "/media/NFS/ttao/scannet/posed_images/scene0581_02/00135.jpg",
      "transform_matrix": [
        [
          0.971984,
          -0.18496,
          0.145042,
          4.888168
        ],
        [
          -0.222237,
          -0.522235,
          0.823336,
          2.349022
        ],
        [
          -0.076538,
          -0.832503,
          -0.548709,
          1.284713
        ],
        [
          0.0,
          0.0,
          0.0,
          1.0
        ]
      ]
    },
    {
      "file_path": "/media/NFS/ttao/scannet/posed_images/scene0581_02/00141.jpg",
      "transform_matrix": [
        [
          0.969678,
          -0.161876,
          0.183085,
          4.868989
        ],
        [
          -0.241594,
          -0.522063,
          0.817975,
          2.425435
        ],
        [
          -0.036829,
          -0.837404,
          -0.545342,
          1.285279
        ],
        [
          0.0,
          0.0,
          0.0,
          1.0
        ]
      ]
    },
    {
      "file_path": "/media/NFS/ttao/scannet/posed_images/scene0581_02/00142.jpg",
      "transform_matrix": [
        [
          0.968043,
          -0.162392,
          0.191106,
          4.863731
        ],
        [
          -0.248722,
          -0.52416,
          0.81449,
          2.438163
        ],
        [
          -0.032097,
          -0.835993,
          -0.5478,
          1.283971
        ],
        [
          0.0,
          0.0,
          0.0,
          1.0
        ]
      ]
    },
    {
      "file_path": "/media/NFS/ttao/scannet/posed_images/scene0581_02/00145.jpg",
      "transform_matrix": [
        [
          0.960658,
          -0.181733,
          0.210024,
          4.852836
        ],
        [
          -0.275718,
          -0.533057,
          0.799894,
          2.481443
        ],
        [
          -0.033412,
          -0.826331,
          -0.562192,
          1.283809
        ],
        [
          0.0,
          0.0,
          0.0,
          1.0
        ]
      ]
    },
    {
      "file_path": "/media/NFS/ttao/scannet/posed_images/scene0581_02/00151.jpg",
      "transform_matrix": [
        [
          0.929696,
          -0.227889,
          0.289366,
          4.831853
        ],
        [
          -0.366505,
          -0.494284,
          0.788262,
          2.573083
        ],
        [
          -0.036607,
          -0.838898,
          -0.543056,
          1.289173
        ],
        [
          0.0,
          0.0,
          0.0,
          1.0
        ]
      ]
    },
    {
      "file_path": "/media/NFS/ttao/scannet/posed_images/scene0581_02/00155.jpg",
      "transform_matrix": [
        [
          0.895322,
          -0.272573,
          0.352282,
          4.814273
        ],
        [
          -0.442417,
          -0.452514,
          0.774273,
          2.636643
        ],
        [
          -0.051634,
          -0.849079,
          -0.525736,
          1.301046
        ],
        [
          0.0,
          0.0,
          0.0,
          1.0
        ]
      ]
    },
    {
      "file_path": "/media/NFS/ttao/scannet/posed_images/scene0581_02/00156.jpg",
      "transform_matrix": [
        [
          0.886973,
          -0.283671,
          0.364431,
          4.806514
        ],
        [
          -0.458621,
          -0.448298,
          0.767265,
          2.653126
        ],
        [
          -0.054278,
          -0.847679,
          -0.527725,
          1.303095
        ],
        [
          0.0,
          0.0,
          0.0,
          1.0
        ]
      ]
    },
    {
      "file_path": "/media/NFS/ttao/scannet/posed_images/scene0581_02/00161.jpg",
      "transform_matrix": [
        [
          0.836939,
          -0.332659,
          0.434593,
          4.782521
        ],
        [
          -0.543083,
          -0.406455,
          0.734749,
          2.721667
        ],
        [
          -0.067778,
          -0.85096,
          -0.520839,
          1.309987
        ],
        [
          0.0,
          0.0,
          0.0,
          1.0
        ]
      ]
    },
    {
      "file_path": "/media/NFS/ttao/scannet/posed_images/scene0581_02/00164.jpg",
      "transform_matrix": [
        [
          0.832514,
          -0.353495,
          0.426569,
          4.775157
        ],
        [
          -0.547996,
          -0.412361,
          0.727777,
          2.75764
        ],
        [
          -0.081365,
          -0.839643,
          -0.53701,
          1.313719
        ],
        [
          0.0,
          0.0,
          0.0,
          1.0
        ]
      ]
    },
    {
      "file_path": "/media/NFS/ttao/scannet/posed_images/scene0581_02/00169.jpg",
      "transform_matrix": [
        [
          0.810721,
          -0.349563,
          0.469614,
          4.767674
        ],
        [
          -0.582185,
          -0.397013,
          0.709536,
          2.824931
        ],
        [
          -0.061584,
          -0.848638,
          -0.525377,
          1.310923
        ],
        [
          0.0,
          0.0,
          0.0,
          1.0
        ]
      ]
    },
    {
      "file_path": "/media/NFS/ttao/scannet/posed_images/scene0581_02/00170.jpg",
      "transform_matrix": [
        [
          0.806436,
          -0.358257,
          0.470439,
          4.77282
        ],
        [
          -0.587569,
          -0.396001,
          0.705653,
          2.839339
        ],
        [
          -0.066511,
          -0.84548,
          -0.52985,
          1.314058
        ],
        [
          0.0,
          0.0,
          0.0,
          1.0
        ]
      ]
    },
    {
      "file_path": "/media/NFS/ttao/scannet/posed_images/scene0581_02/00174.jpg",
      "transform_matrix": [
        [
          0.78753,
          -0.366599,
          0.49538,
          4.785179
        ],
        [
          -0.612069,
          -0.371502,
          0.698111,
          2.900196
        ],
        [
          -0.071892,
          -0.85299,
          -0.516952,
          1.320473
        ],
        [
          0.0,
          0.0,
          0.0,
          1.0
        ]
      ]
    },
    {
      "file_path": "/media/NFS/ttao/scannet/posed_images/scene0581_02/00177.jpg",
      "transform_matrix": [
        [
          0.774653,
          -0.370281,
          0.512644,
          4.792421
        ],
        [
          -0.62702,
          -0.344347,
          0.698765,
          2.942385
        ],
        [
          -0.082212,
          -0.862738,
          -0.498923,
          1.325755
        ],
        [
          0.0,
          0.0,
          0.0,
          1.0
        ]
      ]
    },
    {
      "file_path": "/media/NFS/ttao/scannet/posed_images/scene0581_02/00183.jpg",
      "transform_matrix": [
        [
          0.739489,
          -0.378761,
          0.556504,
          4.815922
        ],
        [
          -0.666573,
          -0.296554,
          0.683913,
          3.020732
        ],
        [
          -0.094006,
          -0.876696,
          -0.47177,
          1.349474
        ],
        [
          0.0,
          0.0,
          0.0,
          1.0
        ]
      ]
    },
    {
      "file_path": "/media/NFS/ttao/scannet/posed_images/scene0581_02/00184.jpg",
      "transform_matrix": [
        [
          0.734824,
          -0.382146,
          0.560356,
          4.821515
        ],
        [
          -0.671323,
          -0.291948,
          0.681243,
          3.03231
        ],
        [
          -0.096739,
          -0.876773,
          -0.471073,
          1.355126
        ],
        [
          0.0,
          0.0,
          0.0,
          1.0
        ]
      ]
    },
    {
      "file_path": "/media/NFS/ttao/scannet/posed_images/scene0581_02/00190.jpg",
      "transform_matrix": [
        [
          0.70339,
          -0.372932,
          0.605115,
          4.829348
        ],
        [
          -0.705748,
          -0.265055,
          0.657013,
          3.087476
        ],
        [
          -0.084632,
          -0.889195,
          -0.449633,
          1.363033
        ],
        [
          0.0,
          0.0,
          0.0,
          1.0
        ]
      ]
    },
    {
      "file_path": "/media/NFS/ttao/scannet/posed_images/scene0581_02/00194.jpg",
      "transform_matrix": [
        [
          0.670175,
          -0.373941,
          0.641119,
          4.828948
        ],
        [
          -0.738489,
          -0.249656,
          0.626343,
          3.127788
        ],
        [
          -0.074156,
          -0.893219,
          -0.443465,
          1.372202
        ],
        [
          0.0,
          0.0,
          0.0,
          1.0
        ]
      ]
    },
    {
      "file_path": "/media/NFS/ttao/scannet/posed_images/scene0581_02/00197.jpg",
      "transform_matrix": [
        [
          0.647064,
          -0.385114,
          0.658024,
          4.82527
        ],
        [
          -0.758223,
          -0.234439,
          0.608388,
          3.149451
        ],
        [
          -0.080032,
          -0.892595,
          -0.443699,
          1.378788
        ],
        [
          0.0,
          0.0,
          0.0,
          1.0
        ]
      ]
    },
    {
      "file_path": "/media/NFS/ttao/scannet/posed_images/scene0581_02/00200.jpg",
      "transform_matrix": [
        [
          0.615338,
          -0.385387,
          0.687631,
          4.818696
        ],
        [
          -0.784795,
          -0.217777,
          0.580233,
          3.172453
        ],
        [
          -0.073864,
          -0.896688,
          -0.436456,
          1.384908
        ],
        [
          0.0,
          0.0,
          0.0,
          1.0
        ]
      ]
    },
    {
      "file_path": "/media/NFS/ttao/scannet/posed_images/scene0581_02/00204.jpg",
      "transform_matrix": [
        [
          0.565099,
          -0.394777,
          0.724441,
          4.81245
        ],
        [
          -0.821629,
          -0.189715,
          0.537527,
          3.192419
        ],
        [
          -0.074766,
          -0.898977,
          -0.431567,
          1.39108
        ],
        [
          0.0,
          0.0,
          0.0,
          1.0
        ]
      ]
    },
    {
      "file_path": "/media/NFS/ttao/scannet/posed_images/scene0581_02/00206.jpg",
      "transform_matrix": [
        [
          0.544926,
          -0.404256,
          0.734597,
          4.806731
        ],
        [
          -0.83451,
          -0.176287,
          0.52203,
          3.197601
        ],
        [
          -0.081534,
          -0.897496,
          -0.43342,
          1.392985
        ],
        [
          0.0,
          0.0,
          0.0,
          1.0
        ]
      ]
    },
    {
      "file_path": "/media/NFS/ttao/scannet/posed_images/scene0581_02/00209.jpg",
      "transform_matrix": [
        [
          0.520801,
          -0.416157,
          0.745372,
          4.795046
        ],
        [
          -0.849292,
          -0.164181,
          0.501746,
          3.204531
        ],
        [
          -0.086429,
          -0.894348,
          -0.438944,
          1.395707
        ],
        [
          0.0,
          0.0,
          0.0,
          1.0
        ]
      ]
    },
    {
      "file_path": "/media/NFS/ttao/scannet/posed_images/scene0581_02/00212.jpg",
      "transform_matrix": [
        [
          0.504378,
          -0.428144,
          0.749864,
          4.774255
        ],
        [
          -0.858851,
          -0.158914,
          0.486952,
          3.206427
        ],
        [
          -0.089322,
          -0.889629,
          -0.447864,
          1.392031
        ],
        [
          0.0,
          0.0,
          0.0,
          1.0
        ]
      ]
    },
    {
      "file_path": "/media/NFS/ttao/scannet/posed_images/scene0581_02/00217.jpg",
      "transform_matrix": [
        [
          0.486305,
          -0.466539,
          0.738816,
          4.744527
        ],
        [
          -0.868644,
          -0.166503,
          0.466619,
          3.203193
        ],
        [
          -0.094681,
          -0.868687,
          -0.486228,
          1.380805
        ],
        [
          0.0,
          0.0,
          0.0,
          1.0
        ]
      ]
    },
    {
      "file_path": "/media/NFS/ttao/scannet/posed_images/scene0581_02/00222.jpg",
      "transform_matrix": [
        [
          0.489011,
          -0.522036,
          0.698819,
          4.717139
        ],
        [
          -0.865805,
          -0.193071,
          0.461634,
          3.18509
        ],
        [
          -0.106067,
          -0.830784,
          -0.546395,
          1.367471
        ],
        [
          0.0,
          0.0,
          0.0,
          1.0
        ]
      ]
    },
    {
      "file_path": "/media/NFS/ttao/scannet/posed_images/scene0581_02/00225.jpg",
      "transform_matrix": [
        [
          0.483027,
          -0.528872,
          0.697839,
          4.697961
        ],
        [
          -0.868916,
          -0.191194,
          0.456542,
          3.168322
        ],
        [
          -0.108029,
          -0.826885,
          -0.551897,
          1.362979
        ],
        [
          0.0,
          0.0,
          0.0,
          1.0
        ]
      ]
    },
    {
      "file_path": "/media/NFS/ttao/scannet/posed_images/scene0581_02/00228.jpg",
      "transform_matrix": [
        [
          0.480816,
          -0.530069,
          0.698458,
          4.680009
        ],
        [
          -0.871079,
          -0.197747,
          0.449575,
          3.15191
        ],
        [
          -0.100188,
          -0.824575,
          -0.556811,
          1.360942
        ],
        [
          0.0,
          0.0,
          0.0,
          1.0
        ]
      ]
    },
    {
      "file_path": "/media/NFS/ttao/scannet/posed_images/scene0581_02/00231.jpg",
      "transform_matrix": [
        [
          0.491673,
          -0.522397,
          0.696677,
          4.66377
        ],
        [
          -0.865073,
          -0.201581,
          0.459363,
          3.119836
        ],
        [
          -0.099534,
          -0.828533,
          -0.551023,
          1.357053
        ],
        [
          0.0,
          0.0,
          0.0,
          1.0
        ]
      ]
    },
    {
      "file_path": "/media/NFS/ttao/scannet/posed_images/scene0581_02/00233.jpg",
      "transform_matrix": [
        [
          0.496837,
          -0.517869,
          0.696394,
          4.652258
        ],
        [
          -0.862083,
          -0.202203,
          0.46468,
          3.101366
        ],
        [
          -0.099831,
          -0.831219,
          -0.546908,
          1.356147
        ],
        [
          0.0,
          0.0,
          0.0,
          1.0
        ]
      ]
    },
    {
      "file_path": "/media/NFS/ttao/scannet/posed_images/scene0581_02/00238.jpg",
      "transform_matrix": [
        [
          0.466087,
          -0.539847,
          0.700948,
          4.633957
        ],
        [
          -0.879182,
          -0.193955,
          0.435224,
          3.043538
        ],
        [
          -0.099002,
          -0.819113,
          -0.565024,
          1.352759
        ],
        [
          0.0,
          0.0,
          0.0,
          1.0
        ]
      ]
    },
    {
      "file_path": "/media/NFS/ttao/scannet/posed_images/scene0581_02/00240.jpg",
      "transform_matrix": [
        [
          0.437576,
          -0.548706,
          0.712355,
          4.633791
        ],
        [
          -0.893456,
          -0.17606,
          0.413206,
          3.022796
        ],
        [
          -0.101311,
          -0.817267,
          -0.567284,
          1.350434
        ],
        [
          0.0,
          0.0,
          0.0,
          1.0
        ]
      ]
    },
    {
      "file_path": "/media/NFS/ttao/scannet/posed_images/scene0581_02/00244.jpg",
      "transform_matrix": [
        [
          0.361383,
          -0.575952,
          0.733268,
          4.638496
        ],
        [
          -0.927309,
          -0.139796,
          0.34721,
          2.993543
        ],
        [
          -0.097469,
          -0.805442,
          -0.584606,
          1.351528
        ],
        [
          0.0,
          0.0,
          0.0,
          1.0
        ]
      ]
    },
    {
      "file_path": "/media/NFS/ttao/scannet/posed_images/scene0581_02/00249.jpg",
      "transform_matrix": [
        [
          0.294604,
          -0.596077,
          0.746927,
          4.643939
        ],
        [
          -0.949521,
          -0.094428,
          0.299154,
          2.965689
        ],
        [
          -0.107788,
          -0.797355,
          -0.593807,
          1.357613
        ],
        [
          0.0,
          0.0,
          0.0,
          1.0
        ]
      ]
    },
    {
      "file_path": "/media/NFS/ttao/scannet/posed_images/scene0581_02/00251.jpg",
      "transform_matrix": [
        [
          0.288205,
          -0.593779,
          0.751242,
          4.6476
        ],
        [
          -0.950703,
          -0.083649,
          0.298609,
          2.940805
        ],
        [
          -0.114467,
          -0.800268,
          -0.588615,
          1.354068
        ],
        [
          0.0,
          0.0,
          0.0,
          1.0
        ]
      ]
    },
    {
      "file_path": "/media/NFS/ttao/scannet/posed_images/scene0581_02/00255.jpg",
      "transform_matrix": [
        [
          0.268982,
          -0.57726,
          0.770986,
          4.64918
        ],
        [
          -0.957128,
          -0.070863,
          0.280865,
          2.93548
        ],
        [
          -0.107498,
          -0.81348,
          -0.571572,
          1.36224
        ],
        [
          0.0,
          0.0,
          0.0,
          1.0
        ]
      ]
    },
    {
      "file_path": "/media/NFS/ttao/scannet/posed_images/scene0581_02/00257.jpg",
      "transform_matrix": [
        [
          0.253835,
          -0.571381,
          0.780443,
          4.650882
        ],
        [
          -0.96105,
          -0.057795,
          0.270263,
          2.935953
        ],
        [
          -0.109317,
          -0.818647,
          -0.563796,
          1.366867
        ],
        [
          0.0,
          0.0,
          0.0,
          1.0
        ]
      ]
    },
    {
      "file_path": "/media/NFS/ttao/scannet/posed_images/scene0581_02/00262.jpg",
      "transform_matrix": [
        [
          0.182082,
          -0.54569,
          0.817966,
          4.653594
        ],
        [
          -0.97896,
          -0.022682,
          0.202789,
          2.949225
        ],
        [
          -0.092107,
          -0.83768,
          -0.538338,
          1.368533
        ],
        [
          0.0,
          0.0,
          0.0,
          1.0
        ]
      ]
    },
    {
      "file_path": "/media/NFS/ttao/scannet/posed_images/scene0581_02/00266.jpg",
      "transform_matrix": [
        [
          0.109813,
          -0.540959,
          0.833849,
          4.657655
        ],
        [
          -0.990539,
          0.009911,
          0.136877,
          2.974664
        ],
        [
          -0.082309,
          -0.84099,
          -0.534753,
          1.367605
        ],
        [
          0.0,
          0.0,
          0.0,
          1.0
        ]
      ]
    },
    {
      "file_path": "/media/NFS/ttao/scannet/posed_images/scene0581_02/00270.jpg",
      "transform_matrix": [
        [
          0.062937,
          -0.545663,
          0.835638,
          4.6658
        ],
        [
          -0.994518,
          0.035762,
          0.098256,
          2.982358
        ],
        [
          -0.083499,
          -0.837241,
