{
  "frames": [
    {
      "file_path": "/media/NFS/ttao/scannet/posed_images/scene0373_01/00000.jpg",
      "transform_matrix": [
        [
          0.466208,
          0.438522,
          -0.768341,
          1.65836
        ],
        [
          0.88454,
          -0.246254,
          0.396168,
          1.71533
        ],
        [
          -0.015478,
          -0.864325,
          -0.502696,
          1.316379
        ],
        [
          0.0,
          0.0,
          0.0,
          1.0
        ]
      ]
    },
    {
      "file_path": "/media/NFS/ttao/scannet/posed_images/scene0373_01/00002.jpg",
      "transform_matrix": [
        [
          0.462449,
          0.42972,
          -0.775553,
          1.666981
        ],
        [
          0.88661,
          -0.231993,
          0.400127,
          1.706363
        ],
        [
          -0.00798,
          -0.872651,
          -0.488279,
          1.319674
        ],
        [
          0.0,
          0.0,
          0.0,
          1.0
        ]
      ]
    },
    {
      "file_path": "/media/NFS/ttao/scannet/posed_images/scene0373_01/00003.jpg",
      "transform_matrix": [
        [
          0.463091,
          0.432388,
          -0.773684,
          1.667381
        ],
        [
          0.886306,
          -0.228748,
          0.402661,
          1.702039
        ],
        [
          -0.002873,
          -0.87219,
          -0.489159,
          1.322348
        ],
        [
          0.0,
          0.0,
          0.0,
          1.0
        ]
      ]
    },
    {
      "file_path": "/media/NFS/ttao/scannet/posed_images/scene0373_01/00005.jpg",
      "transform_matrix": [
        [
          0.461138,
          0.430338,
          -0.77599,
          1.672453
        ],
        [
          0.887327,
          -0.221926,
          0.404229,
          1.694868
        ],
        [
          0.001742,
          -0.874962,
          -0.484188,
          1.323286
        ],
        [
          0.0,
          0.0,
          0.0,
          1.0
        ]
      ]
    },
    {
      "file_path": "/media/NFS/ttao/scannet/posed_images/scene0373_01/00007.jpg",
      "transform_matrix": [
        [
          0.45478,
          0.433568,
          -0.777942,
          1.677909
        ],
        [
          0.890566,
          -0.21335,
          0.401713,
          1.685079
        ],
        [
          0.008196,
          -0.8755,
          -0.483149,
          1.326468
        ],
        [
          0.0,
          0.0,
          0.0,
          1.0
        ]
      ]
    },
    {
      "file_path": "/media/NFS/ttao/scannet/posed_images/scene0373_01/00009.jpg",
      "transform_matrix": [
        [
          0.447675,
          0.433029,
          -0.782351,
          1.684337
        ],
        [
          0.893997,
          -0.198285,
          0.401811,
          1.671427
        ],
        [
          0.018868,
          -0.8793,
          -0.475894,
          1.327585
        ],
        [
          0.0,
          0.0,
          0.0,
          1.0
        ]
      ]
    },
    {
      "file_path": "/media/NFS/ttao/scannet/posed_images/scene0373_01/00011.jpg",
      "transform_matrix": [
        [
          0.450693,
          0.43826,
          -0.777692,
          1.687564
        ],
        [
          0.892221,
          -0.193247,
          0.408163,
          1.646337
        ],
        [
          0.028595,
          -0.877829,
          -0.478119,
          1.331951
        ],
        [
          0.0,
          0.0,
          0.0,
          1.0
        ]
      ]
    },
    {
      "file_path": "/media/NFS/ttao/scannet/posed_images/scene0373_01/00013.jpg",
      "transform_matrix": [
        [
          0.441719,
          0.43445,
          -0.784945,
          1.696013
        ],
        [
          0.896798,
          -0.189186,
          0.399953,
          1.6355
        ],
        [
          0.025259,
          -0.880603,
          -0.473181,
          1.341072
        ],
        [
          0.0,
          0.0,
          0.0,
          1.0
        ]
      ]
    },
    {
      "file_path": "/media/NFS/ttao/scannet/posed_images/scene0373_01/00015.jpg",
      "transform_matrix": [
        [
          0.434751,
          0.419978,
          -0.796624,
          1.704745
        ],
        [
          0.900288,
          -0.181331,
          0.395728,
          1.615762
        ],
        [
          0.021745,
          -0.889234,
          -0.456935,
          1.343566
        ],
        [
          0.0,
          0.0,
          0.0,
          1.0
        ]
      ]
    },
    {
      "file_path": "/media/NFS/ttao/scannet/posed_images/scene0373_01/00018.jpg",
      "transform_matrix": [
        [
          0.416847,
          0.405422,
          -0.813555,
          1.717039
        ],
        [
          0.90887,
          -0.1722,
          0.379871,
          1.583416
        ],
        [
          0.013914,
          -0.897764,
          -0.440257,
          1.344209
        ],
        [
          0.0,
          0.0,
          0.0,
          1.0
        ]
      ]
    },
    {
      "file_path": "/media/NFS/ttao/scannet/posed_images/scene0373_01/00019.jpg",
      "transform_matrix": [
        [
          0.404329,
          0.409641,
          -0.817748,
          1.722493
        ],
        [
          0.914593,
          -0.175012,
          0.364542,
          1.576784
        ],
        [
          0.006216,
          -0.895301,
          -0.445417,
          1.341759
        ],
        [
          0.0,
          0.0,
          0.0,
          1.0
        ]
      ]
    },
    {
      "file_path": "/media/NFS/ttao/scannet/posed_images/scene0373_01/00022.jpg",
      "transform_matrix": [
        [
          0.380319,
          0.4318,
          -0.817867,
          1.716536
        ],
        [
          0.92484,
          -0.172446,
          0.339018,
          1.51879
        ],
        [
          0.00535,
          -0.885331,
          -0.464931,
          1.360697
        ],
        [
          0.0,
          0.0,
          0.0,
          1.0
        ]
      ]
    },
    {
      "file_path": "/media/NFS/ttao/scannet/posed_images/scene0373_01/00024.jpg",
      "transform_matrix": [
        [
          0.34615,
          0.423227,
          -0.837293,
          1.724311
        ],
        [
          0.938179,
          -0.15543,
          0.309293,
          1.496793
        ],
        [
          0.000761,
          -0.892592,
          -0.450864,
          1.362126
        ],
        [
          0.0,
          0.0,
          0.0,
          1.0
        ]
      ]
    },
    {
      "file_path": "/media/NFS/ttao/scannet/posed_images/scene0373_01/00025.jpg",
      "transform_matrix": [
        [
          0.326175,
          0.422412,
          -0.845682,
          1.727717
        ],
        [
          0.945309,
          -0.145144,
          0.292102,
          1.486571
        ],
        [
          0.000642,
          -0.894707,
          -0.446652,
          1.361586
        ],
        [
          0.0,
          0.0,
          0.0,
          1.0
        ]
      ]
    },
    {
      "file_path": "/media/NFS/ttao/scannet/posed_images/scene0373_01/00027.jpg",
      "transform_matrix": [
        [
          0.282158,
          0.430012,
          -0.857599,
          1.736014
        ],
        [
          0.959362,
          -0.123204,
          0.253863,
          1.469695
        ],
        [
          0.003505,
          -0.894377,
          -0.447299,
          1.362599
        ],
        [
          0.0,
          0.0,
          0.0,
          1.0
        ]
      ]
    },
    {
      "file_path": "/media/NFS/ttao/scannet/posed_images/scene0373_01/00028.jpg",
      "transform_matrix": [
        [
          0.262856,
          0.431777,
          -0.86283,
          1.739203
        ],
        [
          0.964803,
          -0.110322,
          0.238714,
          1.458109
        ],
        [
          0.007882,
          -0.895208,
          -0.445579,
          1.364208
        ],
        [
          0.0,
          0.0,
          0.0,
          1.0
        ]
      ]
    },
    {
      "file_path": "/media/NFS/ttao/scannet/posed_images/scene0373_01/00030.jpg",
      "transform_matrix": [
        [
          0.221918,
          0.432337,
          -0.873978,
          1.737293
        ],
        [
          0.974906,
          -0.082195,
          0.206885,
          1.431388
        ],
        [
          0.017607,
          -0.897958,
          -0.439728,
          1.371204
        ],
        [
          0.0,
          0.0,
          0.0,
          1.0
        ]
      ]
    },
    {
      "file_path": "/media/NFS/ttao/scannet/posed_images/scene0373_01/00032.jpg",
      "transform_matrix": [
        [
          0.173919,
          0.424392,
          -0.888619,
          1.744042
        ],
        [
          0.984504,
          -0.05434,
          0.166733,
          1.411252
        ],
        [
          0.022473,
          -0.903847,
          -0.427266,
          1.370399
        ],
        [
          0.0,
          0.0,
          0.0,
          1.0
        ]
      ]
    },
    {
      "file_path": "/media/NFS/ttao/scannet/posed_images/scene0373_01/00035.jpg",
      "transform_matrix": [
        [
          0.100977,
          0.433346,
          -0.895553,
          1.749253
        ],
        [
          0.994314,
          -0.013351,
          0.105653,
          1.398324
        ],
        [
          0.033828,
          -0.901129,
          -0.43223,
          1.372296
        ],
        [
          0.0,
          0.0,
          0.0,
          1.0
        ]
      ]
    },
    {
      "file_path": "/media/NFS/ttao/scannet/posed_images/scene0373_01/00036.jpg",
      "transform_matrix": [
        [
          0.080053,
          0.431366,
          -0.898618,
          1.749907
        ],
        [
          0.996199,
          -0.003567,
          0.087034,
          1.392874
        ],
        [
          0.034338,
          -0.90217,
          -0.430012,
          1.373121
        ],
        [
          0.0,
          0.0,
          0.0,
          1.0
        ]
      ]
    },
    {
      "file_path": "/media/NFS/ttao/scannet/posed_images/scene0373_01/00039.jpg",
      "transform_matrix": [
        [
          0.009666,
          0.420512,
          -0.907236,
          1.75284
        ],
        [
          0.999473,
          0.024061,
          0.021801,
          1.377312
        ],
        [
          0.030997,
          -0.906968,
          -0.420057,
          1.37392
        ],
        [
          0.0,
          0.0,
          0.0,
          1.0
        ]
      ]
    },
    {
      "file_path": "/media/NFS/ttao/scannet/posed_images/scene0373_01/00040.jpg",
      "transform_matrix": [
        [
          0.006327,
          0.418485,
          -0.908202,
          1.74343
        ],
        [
          0.999313,
          0.030536,
          0.021032,
          1.306997
        ],
        [
          0.036535,
          -0.90771,
          -0.418004,
          1.370299
        ],
        [
          0.0,
          0.0,
          0.0,
          1.0
        ]
      ]
    },
    {
      "file_path": "/media/NFS/ttao/scannet/posed_images/scene0373_01/00043.jpg",
      "transform_matrix": [
        [
          -0.064931,
          0.422571,
          -0.904001,
          1.742162
        ],
        [
          0.997153,
          0.06228,
          -0.042509,
          1.288011
        ],
        [
          0.038338,
          -0.904187,
          -0.425412,
          1.371364
        ],
        [
          0.0,
          0.0,
          0.0,
          1.0
        ]
      ]
    },
    {
      "file_path": "/media/NFS/ttao/scannet/posed_images/scene0373_01/00045.jpg",
      "transform_matrix": [
        [
          -0.111859,
          0.423035,
          -0.899182,
          1.739729
        ],
        [
          0.992931,
          0.083724,
          -0.084133,
          1.278126
        ],
        [
          0.039692,
          -0.902237,
          -0.42941,
          1.372704
        ],
        [
          0.0,
          0.0,
          0.0,
          1.0
        ]
      ]
    },
    {
      "file_path": "/media/NFS/ttao/scannet/posed_images/scene0373_01/00046.jpg",
      "transform_matrix": [
        [
          -0.136296,
          0.421364,
          -0.896591,
          1.739756
        ],
        [
          0.989891,
          0.093781,
          -0.106405,
          1.278116
        ],
        [
          0.039247,
          -0.90203,
          -0.429886,
          1.371507
        ],
        [
          0.0,
          0.0,
          0.0,
          1.0
        ]
      ]
    },
    {
      "file_path": "/media/NFS/ttao/scannet/posed_images/scene0373_01/00048.jpg",
      "transform_matrix": [
        [
          -0.185064,
          0.421672,
          -0.887662,
          1.736243
        ],
        [
          0.981914,
          0.116058,
          -0.149582,
          1.27935
        ],
        [
          0.039946,
          -0.89929,
          -0.435524,
          1.373856
        ],
        [
          0.0,
          0.0,
          0.0,
          1.0
        ]
      ]
    },
    {
      "file_path": "/media/NFS/ttao/scannet/posed_images/scene0373_01/00050.jpg",
      "transform_matrix": [
        [
          -0.208479,
          0.41787,
          -0.884263,
          1.736121
        ],
        [
          0.976687,
          0.136265,
          -0.165876,
          1.222023
        ],
        [
          0.051179,
          -0.89823,
          -0.436537,
          1.369521
        ],
        [
          0.0,
          0.0,
          0.0,
          1.0
        ]
      ]
    },
    {
      "file_path": "/media/NFS/ttao/scannet/posed_images/scene0373_01/00052.jpg",
      "transform_matrix": [
        [
          -0.237661,
          0.421732,
          -0.875019,
          1.735532
        ],
        [
          0.970137,
          0.148027,
          -0.192151,
          1.217259
        ],
        [
          0.048491,
          -0.894556,
          -0.444318,
          1.368158
        ],
        [
          0.0,
          0.0,
          0.0,
          1.0
        ]
      ]
    },
    {
      "file_path": "/media/NFS/ttao/scannet/posed_images/scene0373_01/00054.jpg",
      "transform_matrix": [
        [
          -0.279708,
          0.420418,
          -0.86314,
          1.734484
        ],
        [
          0.959118,
          0.162706,
          -0.23156,
          1.216306
        ],
        [
          0.043086,
          -0.892622,
          -0.448741,
          1.36819
        ],
        [
          0.0,
          0.0,
          0.0,
          1.0
        ]
      ]
    },
    {
      "file_path": "/media/NFS/ttao/scannet/posed_images/scene0373_01/00055.jpg",
      "transform_matrix": [
        [
          -0.305396,
          0.417526,
          -0.855807,
          1.73459
        ],
        [
          0.951472,
          0.169552,
          -0.256814,
          1.220621
        ],
        [
          0.037877,
          -0.892706,
          -0.449045,
          1.367049
        ],
        [
          0.0,
          0.0,
          0.0,
          1.0
        ]
      ]
    },
    {
      "file_path": "/media/NFS/ttao/scannet/posed_images/scene0373_01/00058.jpg",
      "transform_matrix": [
        [
          -0.373408,
          0.416376,
          -0.828973,
          1.735177
        ],
        [
          0.927232,
          0.194896,
          -0.319776,
          1.229911
        ],
        [
          0.028417,
          -0.888057,
          -0.458853,
          1.366247
        ],
        [
          0.0,
          0.0,
          0.0,
          1.0
        ]
      ]
    },
    {
      "file_path": "/media/NFS/ttao/scannet/posed_images/scene0373_01/00059.jpg",
      "transform_matrix": [
        [
          -0.396113,
          0.413611,
          -0.819768,
          1.734885
        ],
        [
          0.917823,
          0.20402,
          -0.340555,
          1.236473
        ],
        [
          0.026392,
          -0.8873,
          -0.460437,
          1.365698
        ],
        [
          0.0,
          0.0,
          0.0,
          1.0
        ]
      ]
    },
    {
      "file_path": "/media/NFS/ttao/scannet/posed_images/scene0373_01/00061.jpg",
      "transform_matrix": [
        [
          -0.43544,
          0.410087,
          -0.801387,
          1.733504
        ],
        [
          0.899861,
          0.223328,
          -0.374665,
          1.251611
        ],
        [
          0.025327,
          -0.884281,
          -0.466267,
          1.362731
        ],
        [
          0.0,
          0.0,
          0.0,
          1.0
        ]
      ]
    },
    {
      "file_path": "/media/NFS/ttao/scannet/posed_images/scene0373_01/00064.jpg",
      "transform_matrix": [
        [
          -0.489176,
          0.412378,
          -0.768538,
          1.726479
        ],
        [
          0.872004,
          0.249207,
          -0.421314,
          1.280291
        ],
        [
          0.017784,
          -0.876265,
          -0.481501,
          1.36289
        ],
        [
          0.0,
          0.0,
          0.0,
          1.0
        ]
      ]
    },
    {
      "file_path": "/media/NFS/ttao/scannet/posed_images/scene0373_01/00066.jpg",
      "transform_matrix": [
        [
          -0.522088,
          0.407743,
          -0.749112,
          1.722652
        ],
        [
          0.852845,
          0.258743,
          -0.453549,
          1.301308
        ],
        [
          0.008896,
          -0.87567,
          -0.482828,
          1.366482
        ],
        [
          0.0,
          0.0,
          0.0,
          1.0
        ]
      ]
    },
    {
      "file_path": "/media/NFS/ttao/scannet/posed_images/scene0373_01/00067.jpg",
      "transform_matrix": [
        [
          -0.542665,
          0.398885,
          -0.739192,
          1.720697
        ],
        [
          0.839894,
          0.267796,
          -0.472084,
          1.316388
        ],
        [
          0.009645,
          -0.877026,
          -0.480345,
          1.363693
        ],
        [
          0.0,
          0.0,
          0.0,
          1.0
        ]
      ]
    },
    {
      "file_path": "/media/NFS/ttao/scannet/posed_images/scene0373_01/00070.jpg",
      "transform_matrix": [
        [
          -0.593905,
          0.391907,
          -0.702628,
          1.710588
        ],
        [
          0.80442,
          0.304062,
          -0.510348,
          1.363312
        ],
        [
          0.013634,
          -0.868306,
          -0.495842,
          1.355161
        ],
        [
          0.0,
          0.0,
          0.0,
          1.0
        ]
      ]
    },
    {
      "file_path": "/media/NFS/ttao/scannet/posed_images/scene0373_01/00072.jpg",
      "transform_matrix": [
        [
          -0.616203,
          0.389465,
          -0.684552,
          1.711221
        ],
        [
          0.787378,
          0.324704,
          -0.524027,
          1.383983
        ],
        [
          0.018187,
          -0.861907,
          -0.50674,
          1.352368
        ],
        [
          0.0,
          0.0,
          0.0,
          1.0
        ]
      ]
    },
    {
      "file_path": "/media/NFS/ttao/scannet/posed_images/scene0373_01/00074.jpg",
      "transform_matrix": [
        [
          -0.646728,
          0.366569,
          -0.668857,
          1.708235
        ],
        [
          0.762062,
          0.346981,
          -0.546686,
          1.408183
        ],
        [
          0.031682,
          -0.863268,
          -0.503751,
          1.350824
        ],
        [
          0.0,
          0.0,
          0.0,
          1.0
        ]
      ]
    },
    {
      "file_path": "/media/NFS/ttao/scannet/posed_images/scene0373_01/00075.jpg",
      "transform_matrix": [
        [
          -0.662464,
          0.352291,
          -0.661084,
          1.708271
        ],
        [
          0.748009,
          0.358567,
          -0.558491,
          1.42173
        ],
        [
          0.040292,
          -0.864477,
          -0.501055,
          1.345949
        ],
        [
          0.0,
          0.0,
          0.0,
          1.0
        ]
      ]
    },
    {
      "file_path": "/media/NFS/ttao/scannet/posed_images/scene0373_01/00077.jpg",
      "transform_matrix": [
        [
          -0.686315,
          0.341128,
          -0.642342,
          1.70715
        ],
        [
          0.725431,
          0.384426,
          -0.570935,
          1.446876
        ],
        [
          0.052171,
          -0.857816,
          -0.511302,
          1.337017
        ],
        [
          0.0,
          0.0,
          0.0,
          1.0
        ]
      ]
    },
    {
      "file_path": "/media/NFS/ttao/scannet/posed_images/scene0373_01/00079.jpg",
      "transform_matrix": [
        [
          -0.704189,
          0.335984,
          -0.625485,
          1.700998
        ],
        [
          0.707428,
          0.407115,
          -0.577758,
          1.467749
        ],
        [
          0.060527,
          -0.849336,
          -0.52437,
          1.341043
        ],
        [
          0.0,
          0.0,
          0.0,
          1.0
        ]
      ]
    },
    {
      "file_path": "/media/NFS/ttao/scannet/posed_images/scene0373_01/00080.jpg",
      "transform_matrix": [
        [
          -0.715333,
          0.325181,
          -0.618511,
          1.694464
        ],
        [
          0.695837,
          0.412676,
          -0.5878,
          1.488834
        ],
        [
          0.064104,
          -0.850856,
          -0.521474,
          1.337073
        ],
        [
          0.0,
          0.0,
          0.0,
          1.0
        ]
      ]
    },
    {
      "file_path": "/media/NFS/ttao/scannet/posed_images/scene0373_01/00082.jpg",
      "transform_matrix": [
        [
          -0.723718,
          0.320529,
          -0.611141,
          1.697045
        ],
        [
          0.685712,
          0.433666,
          -0.584579,
          1.502583
        ],
        [
          0.077657,
          -0.842137,
          -0.533642,
          1.334594
        ],
        [
          0.0,
          0.0,
          0.0,
          1.0
        ]
      ]
    },
    {
      "file_path": "/media/NFS/ttao/scannet/posed_images/scene0373_01/00084.jpg",
      "transform_matrix": [
        [
          -0.73518,
          0.324181,
          -0.595329,
          1.687151
        ],
        [
          0.673112,
          0.453008,
          -0.584554,
          1.515741
        ],
        [
          0.080187,
          -0.830476,
          -0.551253,
          1.343311
        ],
        [
          0.0,
          0.0,
          0.0,
          1.0
        ]
      ]
    },
    {
      "file_path": "/media/NFS/ttao/scannet/posed_images/scene0373_01/00086.jpg",
      "transform_matrix": [
        [
          -0.747228,
          0.309538,
          -0.588079,
          1.673798
        ],
        [
          0.660267,
          0.446294,
          -0.604044,
          1.532527
        ],
        [
          0.075482,
          -0.839648,
          -0.537861,
          1.352115
        ],
        [
          0.0,
          0.0,
          0.0,
          1.0
        ]
      ]
    },
    {
      "file_path": "/media/NFS/ttao/scannet/posed_images/scene0373_01/00089.jpg",
      "transform_matrix": [
        [
          -0.776714,
          0.267837,
          -0.570068,
          1.650832
        ],
        [
          0.626939,
          0.41572,
          -0.658881,
          1.564414
        ],
        [
          0.060516,
          -0.869161,
          -0.490813,
          1.356606
        ],
        [
          0.0,
          0.0,
          0.0,
          1.0
        ]
      ]
    },
    {
      "file_path": "/media/NFS/ttao/scannet/posed_images/scene0373_01/00091.jpg",
      "transform_matrix": [
        [
          -0.799948,
          0.233503,
          -0.552775,
          1.625396
        ],
        [
          0.596627,
          0.408033,
          -0.691047,
          1.597387
        ],
        [
          0.064188,
          -0.882601,
          -0.465719,
          1.347094
        ],
        [
          0.0,
          0.0,
          0.0,
          1.0
        ]
      ]
    },
    {
      "file_path": "/media/NFS/ttao/scannet/posed_images/scene0373_01/00092.jpg",
      "transform_matrix": [
        [
          -0.80608,
          0.22426,
          -0.54767,
          1.615509
        ],
        [
          0.58765,
          0.412806,
          -0.695887,
          1.606696
        ],
        [
          0.070022,
          -0.882779,
          -0.464541,
          1.342579
        ],
        [
          0.0,
          0.0,
          0.0,
          1.0
        ]
      ]
    },
    {
      "file_path": "/media/NFS/ttao/scannet/posed_images/scene0373_01/00095.jpg",
      "transform_matrix": [
        [
          -0.81503,
          0.229522,
          -0.532021,
          1.581533
        ],
        [
          0.575254,
          0.430433,
          -0.695565,
          1.630271
        ],
        [
          0.069352,
          -0.872953,
          -0.482849,
          1.328439
        ],
        [
          0.0,
          0.0,
          0.0,
          1.0
        ]
      ]
    },
    {
      "file_path": "/media/NFS/ttao/scannet/posed_images/scene0373_01/00097.jpg",
      "transform_matrix": [
        [
          -0.817965,
          0.250015,
          -0.518098,
          1.555138
        ],
        [
          0.572536,
          0.441478,
          -0.690869,
          1.640832
        ],
        [
          0.056001,
          -0.861736,
          -0.504256,
          1.327232
        ],
        [
          0.0,
          0.0,
          0.0,
          1.0
        ]
      ]
    },
    {
      "file_path": "/media/NFS/ttao/scannet/posed_images/scene0373_01/00099.jpg",
      "transform_matrix": [
        [
          -0.819977,
          0.257706,
          -0.511102,
          1.52452
        ],
        [
          0.570269,
          0.444723,
          -0.690663,
          1.654158
        ],
        [
          0.049311,
          -0.857793,
          -0.511624,
          1.326793
        ],
        [
          0.0,
          0.0,
          0.0,
          1.0
        ]
      ]
    },
    {
      "file_path": "/media/NFS/ttao/scannet/posed_images/scene0373_01/00100.jpg",
      "transform_matrix": [
        [
          -0.824399,
          0.25928,
          -0.50313,
          1.498686
        ],
        [
          0.564292,
          0.445689,
          -0.694937,
          1.667427
        ],
        [
          0.044056,
          -0.856817,
          -0.513735,
          1.325272
        ],
        [
          0.0,
          0.0,
          0.0,
          1.0
        ]
      ]
    },
    {
      "file_path": "/media/NFS/ttao/scannet/posed_images/scene0373_01/00102.jpg",
      "transform_matrix": [
        [
          -0.826479,
          0.25891,
          -0.499899,
          1.47554
        ],
        [
          0.560068,
          0.468158,
          -0.683485,
          1.674023
        ],
        [
          0.057071,
          -0.844863,
          -0.53193,
          1.31959
        ],
        [
          0.0,
          0.0,
          0.0,
          1.0
        ]
      ]
    },
    {
      "file_path": "/media/NFS/ttao/scannet/posed_images/scene0373_01/00103.jpg",
      "transform_matrix": [
        [
          -0.832104,
          0.258993,
          -0.490435,
          1.458707
        ],
        [
          0.551546,
          0.479397,
          -0.682624,
          1.678668
        ],
        [
          0.058318,
          -0.838511,
          -0.541755,
          1.321847
        ],
        [
          0.0,
          0.0,
          0.0,
          1.0
        ]
      ]
    },
    {
      "file_path": "/media/NFS/ttao/scannet/posed_images/scene0373_01/00106.jpg",
      "transform_matrix": [
        [
          -0.851339,
          0.229793,
          -0.471612,
          1.417516
        ],
        [
          0.520849,
          0.477769,
          -0.707427,
          1.689149
        ],
        [
          0.06276,
          -0.847898,
          -0.526431,
          1.325716
        ],
        [
          0.0,
          0.0,
          0.0,
          1.0
        ]
      ]
    },
    {
      "file_path": "/media/NFS/ttao/scannet/posed_images/scene0373_01/00108.jpg",
      "transform_matrix": [
        [
          -0.863822,
          0.211826,
          -0.457101,
          1.395819
        ],
        [
          0.499752,
          0.475026,
          -0.724292,
          1.698672
        ],
        [
          0.063711,
          -0.854096,
          -0.516198,
          1.32031
        ],
        [
          0.0,
          0.0,
          0.0,
          1.0
        ]
      ]
    },
    {
      "file_path": "/media/NFS/ttao/scannet/posed_images/scene0373_01/00109.jpg",
      "transform_matrix": [
        [
          -0.870135,
          0.210928,
          -0.445392,
          1.384919
        ],
        [
          0.489234,
          0.47845,
          -0.729203,
          1.701563
        ],
        [
          0.059289,
          -0.852406,
          -0.519509,
          1.3214
        ],
        [
          0.0,
          0.0,
          0.0,
          1.0
        ]
      ]
    },
    {
      "file_path": "/media/NFS/ttao/scannet/posed_images/scene0373_01/00112.jpg",
      "transform_matrix": [
        [
          -0.888645,
          0.197411,
          -0.413932,
          1.347512
        ],
        [
          0.456483,
          0.467341,
          -0.757111,
          1.717418
        ],
        [
          0.043985,
          -0.861755,
          -0.505414,
          1.322307
        ],
        [
          0.0,
          0.0,
          0.0,
          1.0
        ]
      ]
    },
    {
      "file_path": "/media/NFS/ttao/scannet/posed_images/scene0373_01/00113.jpg",
      "transform_matrix": [
        [
          -0.890959,
          0.191727,
          -0.411623,
          1.339116
        ],
        [
          0.451703,
          0.466937,
          -0.76022,
          1.722427
        ],
        [
          0.046447,
          -0.863256,
          -0.502625,
          1.319528
        ],
        [
          0.0,
          0.0,
          0.0,
          1.0
        ]
      ]
    },
    {
      "file_path": "/media/NFS/ttao/scannet/posed_images/scene0373_01/00116.jpg",
      "transform_matrix": [
        [
          -0.903262,
          0.182055,
          -0.388554,
          1.309129
        ],
        [
          0.426329,
          0.483338,
          -0.76461,
          1.734036
        ],
        [
          0.048601,
          -0.856295,
          -0.514196,
          1.313526
        ],
        [
          0.0,
          0.0,
          0.0,
          1.0
        ]
      ]
    },
    {
      "file_path": "/media/NFS/ttao/scannet/posed_images/scene0373_01/00118.jpg",
      "transform_matrix": [
        [
          -0.921878,
          0.164315,
          -0.350915,
          1.288424
        ],
        [
          0.385184,
          0.48706,
          -0.78384,
          1.744564
        ],
        [
          0.04212,
          -0.857772,
          -0.512301,
          1.312288
        ],
        [
          0.0,
          0.0,
          0.0,
          1.0
        ]
      ]
    },
    {
      "file_path": "/media/NFS/ttao/scannet/posed_images/scene0373_01/00119.jpg",
      "transform_matrix": [
        [
          -0.93002,
          0.153461,
          -0.333936,
          1.28023
        ],
        [
          0.365117,
          0.489339,
          -0.791983,
          1.750183
        ],
        [
          0.04187,
          -0.858485,
          -0.511126,
          1.308803
        ],
        [
          0.0,
          0.0,
          0.0,
          1.0
        ]
      ]
    },
    {
      "file_path": "/media/NFS/ttao/scannet/posed_images/scene0373_01/00122.jpg",
      "transform_matrix": [
        [
          -0.947036,
          0.149072,
          -0.284428,
          1.23686
        ],
        [
          0.319754,
          0.519547,
          -0.792356,
          1.767098
        ],
        [
          0.029655,
          -0.841337,
          -0.539696,
          1.314098
        ],
        [
          0.0,
          0.0,
          0.0,
          1.0
        ]
      ]
    },
    {
      "file_path": "/media/NFS/ttao/scannet/posed_images/scene0373_01/00123.jpg",
      "transform_matrix": [
        [
          -0.952328,
          0.138906,
          -0.271617,
          1.223373
        ],
        [
          0.303533,
          0.520806,
          -0.79789,
          1.77332
        ],
        [
          0.030628,
          -0.842298,
          -0.538141,
          1.318343
        ],
        [
          0.0,
          0.0,
          0.0,
          1.0
        ]
      ]
    },
    {
      "file_path": "/media/NFS/ttao/scannet/posed_images/scene0373_01/00125.jpg",
      "transform_matrix": [
        [
          -0.964479,
          0.108997,
          -0.240624,
          1.202889
        ],
        [
          0.26178,
          0.516363,
          -0.815378,
          1.785807
        ],
        [
          0.035376,
          -0.849405,
          -0.526554,
          1.32721
        ],
        [
          0.0,
          0.0,
          0.0,
          1.0
        ]
      ]
    },
    {
      "file_path": "/media/NFS/ttao/scannet/posed_images/scene0373_01/00127.jpg",
      "transform_matrix": [
        [
          -0.970871,
          0.075198,
          -0.227497,
          1.193459
        ],
        [
          0.233182,
          0.514864,
          -0.82495,
          1.795126
        ],
        [
          0.055095,
          -0.853968,
          -0.517401,
          1.334241
        ],
        [
          0.0,
          0.0,
          0.0,
          1.0
        ]
      ]
    },
    {
      "file_path": "/media/NFS/ttao/scannet/posed_images/scene0373_01/00128.jpg",
      "transform_matrix": [
        [
          -0.972618,
          0.063079,
          -0.223685,
          1.187092
        ],
        [
          0.223337,
          0.51996,
          -0.824477,
          1.799765
        ],
        [
          0.0643,
          -0.851858,
          -0.51981,
          1.336699
        ],
        [
          0.0,
          0.0,
          0.0,
          1.0
        ]
      ]
    },
    {
      "file_path": "/media/NFS/ttao/scannet/posed_images/scene0373_01/00131.jpg",
      "transform_matrix": [
        [
          -0.978675,
          0.027083,
          -0.203619,
          1.158136
        ],
        [
          0.188593,
          0.511317,
          -0.838443,
          1.812642
        ],
        [
          0.081407,
          -0.858965,
          -0.505521,
          1.350036
        ],
        [
          0.0,
          0.0,
          0.0,
          1.0
        ]
      ]
    },
    {
      "file_path": "/media/NFS/ttao/scannet/posed_images/scene0373_01/00132.jpg",
      "transform_matrix": [
        [
          -0.980455,
          0.031314,
          -0.194233,
          1.152763
        ],
        [
          0.182881,
          0.509048,
          -0.841085,
          1.815914
        ],
        [
          0.072536,
          -0.860168,
          -0.504825,
          1.351534
        ],
        [
          0.0,
          0.0,
          0.0,
          1.0
        ]
      ]
    },
    {
      "file_path": "/media/NFS/ttao/scannet/posed_images/scene0373_01/00134.jpg",
      "transform_matrix": [
        [
          -0.982221,
          0.037855,
          -0.18387,
          1.145648
        ],
        [
          0.176724,
          0.516834,
          -0.837646,
          1.813496
        ],
        [
          0.063321,
          -0.855248,
          -0.514335,
          1.354519
        ],
        [
          0.0,
          0.0,
          0.0,
          1.0
        ]
      ]
    },
    {
      "file_path": "/media/NFS/ttao/scannet/posed_images/scene0373_01/00137.jpg",
      "transform_matrix": [
        [
          -0.983143,
          0.02531,
          -0.181077,
          1.135502
        ],
        [
          0.16615,
          0.537042,
          -0.827031,
          1.801005
        ],
        [
          0.076314,
          -0.843176,
          -0.532194,
          1.356725
        ],
        [
          0.0,
          0.0,
          0.0,
          1.0
        ]
      ]
    },
    {
      "file_path": "/media/NFS/ttao/scannet/posed_images/scene0373_01/00138.jpg",
      "transform_matrix": [
        [
          -0.985217,
          0.015484,
          -0.170608,
          1.128258
        ],
        [
          0.152133,
          0.536935,
          -0.829793,
          1.796965
        ],
        [
          0.078757,
          -0.843482,
          -0.531353,
          1.357457
        ],
        [
          0.0,
          0.0,
          0.0,
          1.0
        ]
      ]
    },
    {
      "file_path": "/media/NFS/ttao/scannet/posed_images/scene0373_01/00141.jpg",
      "transform_matrix": [
        [
          -0.993527,
          -0.030426,
          -0.109447,
          1.097071
        ],
        [
          0.076746,
          0.530553,
          -0.844171,
          1.777961
        ],
        [
          0.083752,
          -0.847106,
          -0.524783,
          1.35984
        ],
        [
          0.0,
          0.0,
          0.0,
          1.0
        ]
      ]
    },
    {
      "file_path": "/media/NFS/ttao/scannet/posed_images/scene0373_01/00143.jpg",
      "transform_matrix": [
        [
          -0.994532,
          -0.057676,
          -0.087056,
          1.087338
        ],
        [
          0.041611,
          0.545738,
          -0.836922,
          1.758999
        ],
        [
          0.09578,
          -0.835968,
          -0.540355,
          1.354316
        ],
        [
          0.0,
          0.0,
          0.0,
          1.0
        ]
      ]
    },
    {
      "file_path": "/media/NFS/ttao/scannet/posed_images/scene0373_01/00144.jpg",
      "transform_matrix": [
        [
          -0.99443,
          -0.074961,
          -0.074098,
          1.07855
        ],
        [
          0.020293,
          0.553689,
          -0.832476,
          1.748905
        ],
        [
          0.10343,
          -0.829343,
          -0.549083,
          1.357728
        ],
        [
          0.0,
          0.0,
          0.0,
          1.0
        ]
      ]
    },
    {
      "file_path": "/media/NFS/ttao/scannet/posed_images/scene0373_01/00147.jpg",
      "transform_matrix": [
        [
          -0.99262,
          -0.121205,
          -0.003868,
          1.056494
        ],
        [
          -0.061222,
          0.528411,
          -0.846779,
          1.723118
        ],
        [
          0.104678,
          -0.840293,
          -0.531931,
          1.354276
        ],
        [
          0.0,
          0.0,
          0.0,
          1.0
        ]
      ]
    },
    {
      "file_path": "/media/NFS/ttao/scannet/posed_images/scene0373_01/00148.jpg",
      "transform_matrix": [
        [
          -0.991271,
          -0.131128,
          0.013711,
          1.04915
        ],
        [
          -0.082139,
          0.532876,
          -0.842197,
          1.712522
        ],
        [
          0.10313,
          -0.835972,
          -0.538995,
          1.353486
        ],
        [
          0.0,
