{
  "frames": [
    {
      "file_path": "/media/NFS/ttao/scannet/posed_images/scene0511_01/00000.jpg",
      "transform_matrix": [
        [
          -0.121023,
          -0.352544,
          0.927937,
          2.797616
        ],
        [
          -0.992539,
          0.029039,
          -0.118416,
          1.748082
        ],
        [
          0.0148,
          -0.935345,
          -0.353428,
          1.446907
        ],
        [
          0.0,
          0.0,
          0.0,
          1.0
        ]
      ]
    },
    {
      "file_path": "/media/NFS/ttao/scannet/posed_images/scene0511_01/00001.jpg",
      "transform_matrix": [
        [
          -0.142441,
          -0.334701,
          0.931497,
          2.796847
        ],
        [
          -0.989763,
          0.039726,
          -0.137077,
          1.763339
        ],
        [
          0.008875,
          -0.941487,
          -0.336933,
          1.454795
        ],
        [
          0.0,
          0.0,
          0.0,
          1.0
        ]
      ]
    },
    {
      "file_path": "/media/NFS/ttao/scannet/posed_images/scene0511_01/00003.jpg",
      "transform_matrix": [
        [
          -0.163173,
          -0.321579,
          0.932717,
          2.795732
        ],
        [
          -0.986561,
          0.045051,
          -0.157061,
          1.784521
        ],
        [
          0.008488,
          -0.945811,
          -0.324608,
          1.456468
        ],
        [
          0.0,
          0.0,
          0.0,
          1.0
        ]
      ]
    },
    {
      "file_path": "/media/NFS/ttao/scannet/posed_images/scene0511_01/00005.jpg",
      "transform_matrix": [
        [
          -0.179242,
          -0.326462,
          0.92806,
          2.792119
        ],
        [
          -0.983662,
          0.043409,
          -0.174711,
          1.805697
        ],
        [
          0.01675,
          -0.944213,
          -0.328909,
          1.452642
        ],
        [
          0.0,
          0.0,
          0.0,
          1.0
        ]
      ]
    },
    {
      "file_path": "/media/NFS/ttao/scannet/posed_images/scene0511_01/00006.jpg",
      "transform_matrix": [
        [
          -0.189659,
          -0.333406,
          0.92351,
          2.791402
        ],
        [
          -0.9816,
          0.043152,
          -0.18601,
          1.814879
        ],
        [
          0.022165,
          -0.941795,
          -0.335456,
          1.451901
        ],
        [
          0.0,
          0.0,
          0.0,
          1.0
        ]
      ]
    },
    {
      "file_path": "/media/NFS/ttao/scannet/posed_images/scene0511_01/00009.jpg",
      "transform_matrix": [
        [
          -0.235274,
          -0.342599,
          0.909545,
          2.791343
        ],
        [
          -0.971388,
          0.051663,
          -0.231811,
          1.845777
        ],
        [
          0.032428,
          -0.93806,
          -0.344951,
          1.453881
        ],
        [
          0.0,
          0.0,
          0.0,
          1.0
        ]
      ]
    },
    {
      "file_path": "/media/NFS/ttao/scannet/posed_images/scene0511_01/00010.jpg",
      "transform_matrix": [
        [
          -0.248548,
          -0.343717,
          0.905584,
          2.793324
        ],
        [
          -0.96811,
          0.057843,
          -0.243755,
          1.853633
        ],
        [
          0.031401,
          -0.93729,
          -0.347132,
          1.462121
        ],
        [
          0.0,
          0.0,
          0.0,
          1.0
        ]
      ]
    },
    {
      "file_path": "/media/NFS/ttao/scannet/posed_images/scene0511_01/00011.jpg",
      "transform_matrix": [
        [
          -0.261299,
          -0.338015,
          0.90414,
          2.791427
        ],
        [
          -0.964806,
          0.062813,
          -0.255349,
          1.861878
        ],
        [
          0.02952,
          -0.939042,
          -0.342532,
          1.465933
        ],
        [
          0.0,
          0.0,
          0.0,
          1.0
        ]
      ]
    },
    {
      "file_path": "/media/NFS/ttao/scannet/posed_images/scene0511_01/00013.jpg",
      "transform_matrix": [
        [
          -0.2829,
          -0.318994,
          0.90455,
          2.784747
        ],
        [
          -0.958861,
          0.070934,
          -0.274871,
          1.87582
        ],
        [
          0.023519,
          -0.945099,
          -0.325938,
          1.467564
        ],
        [
          0.0,
          0.0,
          0.0,
          1.0
        ]
      ]
    },
    {
      "file_path": "/media/NFS/ttao/scannet/posed_images/scene0511_01/00015.jpg",
      "transform_matrix": [
        [
          -0.304872,
          -0.306406,
          0.901758,
          2.778551
        ],
        [
          -0.952165,
          0.077336,
          -0.295637,
          1.88837
        ],
        [
          0.020846,
          -0.948754,
          -0.315327,
          1.473656
        ],
        [
          0.0,
          0.0,
          0.0,
          1.0
        ]
      ]
    },
    {
      "file_path": "/media/NFS/ttao/scannet/posed_images/scene0511_01/00017.jpg",
      "transform_matrix": [
        [
          -0.323137,
          -0.301056,
          0.897189,
          2.77078
        ],
        [
          -0.946089,
          0.08039,
          -0.313773,
          1.899042
        ],
        [
          0.022338,
          -0.950212,
          -0.310803,
          1.474632
        ],
        [
          0.0,
          0.0,
          0.0,
          1.0
        ]
      ]
    },
    {
      "file_path": "/media/NFS/ttao/scannet/posed_images/scene0511_01/00018.jpg",
      "transform_matrix": [
        [
          -0.32964,
          -0.304101,
          0.893789,
          2.767813
        ],
        [
          -0.943851,
          0.084145,
          -0.319475,
          1.90274
        ],
        [
          0.021945,
          -0.948916,
          -0.314764,
          1.474315
        ],
        [
          0.0,
          0.0,
          0.0,
          1.0
        ]
      ]
    },
    {
      "file_path": "/media/NFS/ttao/scannet/posed_images/scene0511_01/00020.jpg",
      "transform_matrix": [
        [
          -0.340521,
          -0.327693,
          0.881285,
          2.767992
        ],
        [
          -0.939931,
          0.09473,
          -0.327957,
          1.910031
        ],
        [
          0.023985,
          -0.940023,
          -0.340266,
          1.480066
        ],
        [
          0.0,
          0.0,
          0.0,
          1.0
        ]
      ]
    },
    {
      "file_path": "/media/NFS/ttao/scannet/posed_images/scene0511_01/00022.jpg",
      "transform_matrix": [
        [
          -0.352347,
          -0.335405,
          0.873702,
          2.764022
        ],
        [
          -0.935576,
          0.102857,
          -0.337814,
          1.913344
        ],
        [
          0.023438,
          -0.936442,
          -0.350038,
          1.473943
        ],
        [
          0.0,
          0.0,
          0.0,
          1.0
        ]
      ]
    },
    {
      "file_path": "/media/NFS/ttao/scannet/posed_images/scene0511_01/00023.jpg",
      "transform_matrix": [
        [
          -0.35839,
          -0.338689,
          0.869969,
          2.761399
        ],
        [
          -0.933379,
          0.111058,
          -0.341277,
          1.911948
        ],
        [
          0.01897,
          -0.934321,
          -0.355928,
          1.473863
        ],
        [
          0.0,
          0.0,
          0.0,
          1.0
        ]
      ]
    },
    {
      "file_path": "/media/NFS/ttao/scannet/posed_images/scene0511_01/00025.jpg",
      "transform_matrix": [
        [
          -0.374362,
          -0.343419,
          0.861346,
          2.757124
        ],
        [
          -0.927157,
          0.123344,
          -0.353788,
          1.913885
        ],
        [
          0.015256,
          -0.931048,
          -0.364579,
          1.465963
        ],
        [
          0.0,
          0.0,
          0.0,
          1.0
        ]
      ]
    },
    {
      "file_path": "/media/NFS/ttao/scannet/posed_images/scene0511_01/00027.jpg",
      "transform_matrix": [
        [
          -0.394395,
          -0.349487,
          0.849889,
          2.750551
        ],
        [
          -0.918796,
          0.133531,
          -0.371461,
          1.914459
        ],
        [
          0.016335,
          -0.927377,
          -0.373771,
          1.462201
        ],
        [
          0.0,
          0.0,
          0.0,
          1.0
        ]
      ]
    },
    {
      "file_path": "/media/NFS/ttao/scannet/posed_images/scene0511_01/00029.jpg",
      "transform_matrix": [
        [
          -0.40493,
          -0.360058,
          0.84047,
          2.743827
        ],
        [
          -0.914146,
          0.140091,
          -0.380411,
          1.91347
        ],
        [
          0.019228,
          -0.922352,
          -0.385872,
          1.460878
        ],
        [
          0.0,
          0.0,
          0.0,
          1.0
        ]
      ]
    },
    {
      "file_path": "/media/NFS/ttao/scannet/posed_images/scene0511_01/00030.jpg",
      "transform_matrix": [
        [
          -0.410548,
          -0.354964,
          0.839911,
          2.738014
        ],
        [
          -0.911511,
          0.135083,
          -0.388458,
          1.917277
        ],
        [
          0.024431,
          -0.925069,
          -0.379012,
          1.453313
        ],
        [
          0.0,
          0.0,
          0.0,
          1.0
        ]
      ]
    },
    {
      "file_path": "/media/NFS/ttao/scannet/posed_images/scene0511_01/00032.jpg",
      "transform_matrix": [
        [
          -0.419393,
          -0.345275,
          0.83958,
          2.727579
        ],
        [
          -0.907415,
          0.132337,
          -0.398855,
          1.917363
        ],
        [
          0.026607,
          -0.929124,
          -0.368809,
          1.462425
        ],
        [
          0.0,
          0.0,
          0.0,
          1.0
        ]
      ]
    },
    {
      "file_path": "/media/NFS/ttao/scannet/posed_images/scene0511_01/00034.jpg",
      "transform_matrix": [
        [
          -0.425192,
          -0.325939,
          0.844379,
          2.713571
        ],
        [
          -0.904817,
          0.129614,
          -0.405594,
          1.917785
        ],
        [
          0.022756,
          -0.936464,
          -0.350026,
          1.471607
        ],
        [
          0.0,
          0.0,
          0.0,
          1.0
        ]
      ]
    },
    {
      "file_path": "/media/NFS/ttao/scannet/posed_images/scene0511_01/00035.jpg",
      "transform_matrix": [
        [
          -0.425514,
          -0.315657,
          0.848114,
          2.706113
        ],
        [
          -0.904707,
          0.1266,
          -0.406789,
          1.918435
        ],
        [
          0.021034,
          -0.94039,
          -0.339447,
          1.476423
        ],
        [
          0.0,
          0.0,
          0.0,
          1.0
        ]
      ]
    },
    {
      "file_path": "/media/NFS/ttao/scannet/posed_images/scene0511_01/00036.jpg",
      "transform_matrix": [
        [
          -0.424138,
          -0.307599,
          0.851757,
          2.697663
        ],
        [
          -0.90537,
          0.122929,
          -0.406441,
          1.918357
        ],
        [
          0.020316,
          -0.943542,
          -0.330629,
          1.482795
        ],
        [
          0.0,
          0.0,
          0.0,
          1.0
        ]
      ]
    },
    {
      "file_path": "/media/NFS/ttao/scannet/posed_images/scene0511_01/00038.jpg",
      "transform_matrix": [
        [
          -0.423333,
          -0.291863,
          0.857674,
          2.681911
        ],
        [
          -0.905623,
          0.109958,
          -0.409581,
          1.920944
        ],
        [
          0.025233,
          -0.950119,
          -0.310867,
          1.492688
        ],
        [
          0.0,
          0.0,
          0.0,
          1.0
        ]
      ]
    },
    {
      "file_path": "/media/NFS/ttao/scannet/posed_images/scene0511_01/00040.jpg",
      "transform_matrix": [
        [
          -0.424779,
          -0.268101,
          0.864688,
          2.665175
        ],
        [
          -0.90484,
          0.095374,
          -0.414932,
          1.920451
        ],
        [
          0.028775,
          -0.958658,
          -0.283102,
          1.503057
        ],
        [
          0.0,
          0.0,
          0.0,
          1.0
        ]
      ]
    },
    {
      "file_path": "/media/NFS/ttao/scannet/posed_images/scene0511_01/00042.jpg",
      "transform_matrix": [
        [
          -0.428642,
          -0.239852,
          0.871055,
          2.648608
        ],
        [
          -0.902947,
          0.080795,
          -0.422089,
          1.923333
        ],
        [
          0.030862,
          -0.967442,
          -0.251206,
          1.514037
        ],
        [
          0.0,
          0.0,
          0.0,
          1.0
        ]
      ]
    },
    {
      "file_path": "/media/NFS/ttao/scannet/posed_images/scene0511_01/00044.jpg",
      "transform_matrix": [
        [
          -0.429089,
          -0.219401,
          0.876211,
          2.633538
        ],
        [
          -0.902722,
          0.070617,
          -0.424389,
          1.926961
        ],
        [
          0.031236,
          -0.973076,
          -0.228359,
          1.525698
        ],
        [
          0.0,
          0.0,
          0.0,
          1.0
        ]
      ]
    },
    {
      "file_path": "/media/NFS/ttao/scannet/posed_images/scene0511_01/00046.jpg",
      "transform_matrix": [
        [
          -0.428594,
          -0.198466,
          0.88143,
          2.617271
        ],
        [
          -0.90302,
          0.062411,
          -0.42504,
          1.930566
        ],
        [
          0.029345,
          -0.978119,
          -0.205968,
          1.53572
        ],
        [
          0.0,
          0.0,
          0.0,
          1.0
        ]
      ]
    },
    {
      "file_path": "/media/NFS/ttao/scannet/posed_images/scene0511_01/00047.jpg",
      "transform_matrix": [
        [
          -0.427407,
          -0.190965,
          0.88366,
          2.611175
        ],
        [
          -0.903656,
          0.061067,
          -0.423882,
          1.932368
        ],
        [
          0.026984,
          -0.979696,
          -0.198667,
          1.541515
        ],
        [
          0.0,
          0.0,
          0.0,
          1.0
        ]
      ]
    },
    {
      "file_path": "/media/NFS/ttao/scannet/posed_images/scene0511_01/00049.jpg",
      "transform_matrix": [
        [
          -0.425282,
          -0.170328,
          0.888889,
          2.596107
        ],
        [
          -0.904728,
          0.0534,
          -0.422629,
          1.937798
        ],
        [
          0.024519,
          -0.98394,
          -0.176811,
          1.54618
        ],
        [
          0.0,
          0.0,
          0.0,
          1.0
        ]
      ]
    },
    {
      "file_path": "/media/NFS/ttao/scannet/posed_images/scene0511_01/00050.jpg",
      "transform_matrix": [
        [
          -0.424715,
          -0.166448,
          0.889894,
          2.589206
        ],
        [
          -0.9051,
          0.056063,
          -0.421486,
          1.936309
        ],
        [
          0.020265,
          -0.984455,
          -0.174463,
          1.55656
        ],
        [
          0.0,
          0.0,
          0.0,
          1.0
        ]
      ]
    },
    {
      "file_path": "/media/NFS/ttao/scannet/posed_images/scene0511_01/00052.jpg",
      "transform_matrix": [
        [
          -0.429199,
          -0.152715,
          0.890206,
          2.577757
        ],
        [
          -0.902992,
          0.050928,
          -0.426627,
          1.94007
        ],
        [
          0.019816,
          -0.986957,
          -0.159759,
          1.560266
        ],
        [
          0.0,
          0.0,
          0.0,
          1.0
        ]
      ]
    },
    {
      "file_path": "/media/NFS/ttao/scannet/posed_images/scene0511_01/00054.jpg",
      "transform_matrix": [
        [
          -0.43493,
          -0.133363,
          0.890534,
          2.565278
        ],
        [
          -0.900243,
          0.042475,
          -0.433311,
          1.945345
        ],
        [
          0.019962,
          -0.990157,
          -0.138533,
          1.569062
        ],
        [
          0.0,
          0.0,
          0.0,
          1.0
        ]
      ]
    },
    {
      "file_path": "/media/NFS/ttao/scannet/posed_images/scene0511_01/00055.jpg",
      "transform_matrix": [
        [
          -0.438001,
          -0.120268,
          0.890893,
          2.559637
        ],
        [
          -0.898711,
          0.034577,
          -0.437177,
          1.948633
        ],
        [
          0.021774,
          -0.992139,
          -0.123231,
          1.570206
        ],
        [
          0.0,
          0.0,
          0.0,
          1.0
        ]
      ]
    },
    {
      "file_path": "/media/NFS/ttao/scannet/posed_images/scene0511_01/00057.jpg",
      "transform_matrix": [
        [
          -0.444333,
          -0.099696,
          0.890297,
          2.54843
        ],
        [
          -0.895452,
          0.019377,
          -0.444736,
          1.951378
        ],
        [
          0.027087,
          -0.994829,
          -0.097883,
          1.570607
        ],
        [
          0.0,
          0.0,
          0.0,
          1.0
        ]
      ]
    },
    {
      "file_path": "/media/NFS/ttao/scannet/posed_images/scene0511_01/00058.jpg",
      "transform_matrix": [
        [
          -0.448643,
          -0.097521,
          0.888375,
          2.545021
        ],
        [
          -0.893167,
          0.014233,
          -0.4495,
          1.951544
        ],
        [
          0.031192,
          -0.995132,
          -0.093488,
          1.569074
        ],
        [
          0.0,
          0.0,
          0.0,
          1.0
        ]
      ]
    },
    {
      "file_path": "/media/NFS/ttao/scannet/posed_images/scene0511_01/00060.jpg",
      "transform_matrix": [
        [
          -0.466356,
          -0.101093,
          0.878801,
          2.544057
        ],
        [
          -0.884089,
          0.019602,
          -0.466907,
          1.95056
        ],
        [
          0.029974,
          -0.994684,
          -0.098516,
          1.565731
        ],
        [
          0.0,
          0.0,
          0.0,
          1.0
        ]
      ]
    },
    {
      "file_path": "/media/NFS/ttao/scannet/posed_images/scene0511_01/00062.jpg",
      "transform_matrix": [
        [
          -0.483189,
          -0.117287,
          0.867624,
          2.546427
        ],
        [
          -0.875048,
          0.032285,
          -0.482959,
          1.945226
        ],
        [
          0.028634,
          -0.992573,
          -0.118231,
          1.555845
        ],
        [
          0.0,
          0.0,
          0.0,
          1.0
        ]
      ]
    },
    {
      "file_path": "/media/NFS/ttao/scannet/posed_images/scene0511_01/00063.jpg",
      "transform_matrix": [
        [
          -0.493021,
          -0.133303,
          0.859744,
          2.551565
        ],
        [
          -0.869535,
          0.042585,
          -0.492033,
          1.944329
        ],
        [
          0.028977,
          -0.99016,
          -0.136907,
          1.556586
        ],
        [
          0.0,
          0.0,
          0.0,
          1.0
        ]
      ]
    },
    {
      "file_path": "/media/NFS/ttao/scannet/posed_images/scene0511_01/00066.jpg",
      "transform_matrix": [
        [
          -0.517097,
          -0.177346,
          0.837352,
          2.566713
        ],
        [
          -0.854899,
          0.05907,
          -0.515422,
          1.937423
        ],
        [
          0.041945,
          -0.982374,
          -0.182158,
          1.539069
        ],
        [
          0.0,
          0.0,
          0.0,
          1.0
        ]
      ]
    },
    {
      "file_path": "/media/NFS/ttao/scannet/posed_images/scene0511_01/00067.jpg",
      "transform_matrix": [
        [
          -0.525758,
          -0.188203,
          0.829553,
          2.572884
        ],
        [
          -0.849357,
          0.06273,
          -0.524078,
          1.9354
        ],
        [
          0.046595,
          -0.980125,
          -0.192833,
          1.531701
        ],
        [
          0.0,
          0.0,
          0.0,
          1.0
        ]
      ]
    },
    {
      "file_path": "/media/NFS/ttao/scannet/posed_images/scene0511_01/00069.jpg",
      "transform_matrix": [
        [
          -0.541077,
          -0.212051,
          0.8138,
          2.585476
        ],
        [
          -0.839606,
          0.08106,
          -0.537113,
          1.931235
        ],
        [
          0.047928,
          -0.973891,
          -0.221899,
          1.520748
        ],
        [
          0.0,
          0.0,
          0.0,
          1.0
        ]
      ]
    },
    {
      "file_path": "/media/NFS/ttao/scannet/posed_images/scene0511_01/00071.jpg",
      "transform_matrix": [
        [
          -0.556542,
          -0.228611,
          0.798748,
          2.601826
        ],
        [
          -0.829808,
          0.105523,
          -0.547982,
          1.9256
        ],
        [
          0.040988,
          -0.967782,
          -0.248431,
          1.51031
        ],
        [
          0.0,
          0.0,
          0.0,
          1.0
        ]
      ]
    },
    {
      "file_path": "/media/NFS/ttao/scannet/posed_images/scene0511_01/00072.jpg",
      "transform_matrix": [
        [
          -0.564013,
          -0.233859,
          0.791959,
          2.607263
        ],
        [
          -0.825176,
          0.123367,
          -0.55124,
          1.92166
        ],
        [
          0.031211,
          -0.964412,
          -0.262556,
          1.504615
        ],
        [
          0.0,
          0.0,
          0.0,
          1.0
        ]
      ]
    },
    {
      "file_path": "/media/NFS/ttao/scannet/posed_images/scene0511_01/00073.jpg",
      "transform_matrix": [
        [
          -0.572947,
          -0.243231,
          0.782669,
          2.61673
        ],
        [
          -0.81931,
          0.14489,
          -0.554742,
          1.918482
        ],
        [
          0.021529,
          -0.959086,
          -0.282296,
          1.500069
        ],
        [
          0.0,
          0.0,
          0.0,
          1.0
        ]
      ]
    },
    {
      "file_path": "/media/NFS/ttao/scannet/posed_images/scene0511_01/00076.jpg",
      "transform_matrix": [
        [
          -0.599699,
          -0.262656,
          0.755892,
          2.639565
        ],
        [
          -0.800196,
          0.188751,
          -0.569262,
          1.906333
        ],
        [
          0.006845,
          -0.946248,
          -0.323371,
          1.480497
        ],
        [
          0.0,
          0.0,
          0.0,
          1.0
        ]
      ]
    },
    {
      "file_path": "/media/NFS/ttao/scannet/posed_images/scene0511_01/00077.jpg",
      "transform_matrix": [
        [
          -0.607823,
          -0.268802,
          0.747193,
          2.643599
        ],
        [
          -0.794025,
          0.195463,
          -0.575603,
          1.90144
        ],
        [
          0.008675,
          -0.943154,
          -0.332242,
          1.472387
        ],
        [
          0.0,
          0.0,
          0.0,
          1.0
        ]
      ]
    },
    {
      "file_path": "/media/NFS/ttao/scannet/posed_images/scene0511_01/00078.jpg",
      "transform_matrix": [
        [
          -0.619308,
          -0.276486,
          0.734856,
          2.650312
        ],
        [
          -0.785046,
          0.202934,
          -0.585253,
          1.899655
        ],
        [
          0.012687,
          -0.939347,
          -0.342733,
          1.46437
        ],
        [
          0.0,
          0.0,
          0.0,
          1.0
        ]
      ]
    },
    {
      "file_path": "/media/NFS/ttao/scannet/posed_images/scene0511_01/00081.jpg",
      "transform_matrix": [
        [
          -0.650943,
          -0.294614,
          0.699625,
          2.66453
        ],
        [
          -0.758993,
          0.235306,
          -0.607092,
          1.882953
        ],
        [
          0.014232,
          -0.926193,
          -0.376781,
          1.447039
        ],
        [
          0.0,
          0.0,
          0.0,
          1.0
        ]
      ]
    },
    {
      "file_path": "/media/NFS/ttao/scannet/posed_images/scene0511_01/00083.jpg",
      "transform_matrix": [
        [
          -0.67497,
          -0.298302,
          0.674856,
          2.67328
        ],
        [
          -0.737719,
          0.255967,
          -0.6247,
          1.875445
        ],
        [
          0.013608,
          -0.919509,
          -0.392833,
          1.437588
        ],
        [
          0.0,
          0.0,
          0.0,
          1.0
        ]
      ]
    },
    {
      "file_path": "/media/NFS/ttao/scannet/posed_images/scene0511_01/00084.jpg",
      "transform_matrix": [
        [
          -0.687875,
          -0.29808,
          0.661798,
          2.676653
        ],
        [
          -0.725697,
          0.265021,
          -0.634923,
          1.872283
        ],
        [
          0.013868,
          -0.917013,
          -0.398617,
          1.431442
        ],
        [
          0.0,
          0.0,
          0.0,
          1.0
        ]
      ]
    },
    {
      "file_path": "/media/NFS/ttao/scannet/posed_images/scene0511_01/00086.jpg",
      "transform_matrix": [
        [
          -0.712421,
          -0.301107,
          0.63387,
          2.684771
        ],
        [
          -0.701528,
          0.282758,
          -0.654145,
          1.863772
        ],
        [
          0.017736,
          -0.910704,
          -0.412678,
          1.424222
        ],
        [
          0.0,
          0.0,
          0.0,
          1.0
        ]
      ]
    },
    {
      "file_path": "/media/NFS/ttao/scannet/posed_images/scene0511_01/00088.jpg",
      "transform_matrix": [
        [
          -0.736812,
          -0.298238,
          0.606763,
          2.688599
        ],
        [
          -0.675918,
          0.304244,
          -0.671245,
          1.852964
        ],
        [
          0.015587,
          -0.904704,
          -0.425755,
          1.418641
        ],
        [
          0.0,
          0.0,
          0.0,
          1.0
        ]
      ]
    },
    {
      "file_path": "/media/NFS/ttao/scannet/posed_images/scene0511_01/00089.jpg",
      "transform_matrix": [
        [
          -0.748787,
          -0.295483,
          0.593302,
          2.691842
        ],
        [
          -0.662641,
          0.313502,
          -0.680164,
          1.849548
        ],
        [
          0.014975,
          -0.902445,
          -0.430545,
          1.415782
        ],
        [
          0.0,
          0.0,
          0.0,
          1.0
        ]
      ]
    },
    {
      "file_path": "/media/NFS/ttao/scannet/posed_images/scene0511_01/00090.jpg",
      "transform_matrix": [
        [
          -0.759213,
          -0.287666,
          0.583818,
          2.691369
        ],
        [
          -0.650789,
          0.324039,
          -0.686639,
          1.843102
        ],
        [
          0.008343,
          -0.901248,
          -0.433224,
          1.412748
        ],
        [
          0.0,
          0.0,
          0.0,
          1.0
        ]
      ]
    },
    {
      "file_path": "/media/NFS/ttao/scannet/posed_images/scene0511_01/00093.jpg",
      "transform_matrix": [
        [
          -0.792356,
          -0.2763,
          0.543902,
          2.696068
        ],
        [
          -0.610002,
          0.346742,
          -0.712508,
          1.830627
        ],
        [
          0.008272,
          -0.896342,
          -0.443287,
          1.407783
        ],
        [
          0.0,
          0.0,
          0.0,
          1.0
        ]
      ]
    },
    {
      "file_path": "/media/NFS/ttao/scannet/posed_images/scene0511_01/00094.jpg",
      "transform_matrix": [
        [
          -0.803289,
          -0.274531,
          0.528544,
          2.698538
        ],
        [
          -0.595498,
          0.354652,
          -0.720836,
          1.825098
        ],
        [
          0.010443,
          -0.893787,
          -0.44837,
          1.409454
        ],
        [
          0.0,
          0.0,
          0.0,
          1.0
        ]
      ]
    },
    {
      "file_path": "/media/NFS/ttao/scannet/posed_images/scene0511_01/00096.jpg",
      "transform_matrix": [
        [
          -0.822602,
          -0.265703,
          0.502721,
          2.698918
        ],
        [
          -0.568532,
          0.368929,
          -0.735298,
          1.815368
        ],
        [
          0.009903,
          -0.89067,
          -0.454543,
          1.409416
        ],
        [
          0.0,
          0.0,
          0.0,
          1.0
        ]
      ]
    },
    {
      "file_path": "/media/NFS/ttao/scannet/posed_images/scene0511_01/00098.jpg",
      "transform_matrix": [
        [
          -0.839773,
          -0.256402,
          0.478579,
          2.697921
        ],
        [
          -0.542861,
          0.381772,
          -0.748032,
          1.806683
        ],
        [
          0.009089,
          -0.88798,
          -0.459793,
          1.408042
        ],
        [
          0.0,
          0.0,
          0.0,
          1.0
        ]
      ]
    },
    {
      "file_path": "/media/NFS/ttao/scannet/posed_images/scene0511_01/00099.jpg",
      "transform_matrix": [
        [
          -0.848489,
          -0.252271,
          0.465216,
          2.698246
        ],
        [
          -0.529125,
          0.388319,
          -0.754477,
          1.803444
        ],
        [
          0.009681,
          -0.886323,
          -0.462967,
          1.406821
        ],
        [
          0.0,
          0.0,
          0.0,
          1.0
        ]
      ]
    },
    {
      "file_path": "/media/NFS/ttao/scannet/posed_images/scene0511_01/00100.jpg",
      "transform_matrix": [
        [
          -0.855561,
          -0.247252,
          0.454843,
          2.695707
        ],
        [
          -0.517613,
          0.392191,
          -0.760436,
          1.800171
        ],
        [
          0.009634,
          -0.886032,
          -0.463524,
          1.403594
        ],
        [
          0.0,
          0.0,
          0.0,
          1.0
        ]
      ]
    },
    {
      "file_path": "/media/NFS/ttao/scannet/posed_images/scene0511_01/00103.jpg",
      "transform_matrix": [
        [
          -0.879167,
          -0.229409,
          0.417656,
          2.692814
        ],
        [
          -0.476452,
          0.40911,
          -0.778218,
          1.790127
        ],
        [
          0.007663,
          -0.883176,
          -0.468979,
          1.402758
        ],
        [
          0.0,
          0.0,
          0.0,
          1.0
        ]
      ]
    },
    {
      "file_path": "/media/NFS/ttao/scannet/posed_images/scene0511_01/00104.jpg",
      "transform_matrix": [
        [
          -0.886431,
          -0.223709,
          0.40521,
          2.691908
        ],
        [
          -0.462795,
          0.413522,
          -0.784105,
          1.787321
        ],
        [
          0.007848,
          -0.882584,
          -0.47009,
          1.402036
        ],
        [
          0.0,
          0.0,
          0.0,
          1.0
        ]
      ]
    },
    {
      "file_path": "/media/NFS/ttao/scannet/posed_images/scene0511_01/00105.jpg",
      "transform_matrix": [
        [
          -0.894004,
          -0.217895,
          0.391508,
          2.691767
        ],
        [
          -0.447976,
          0.41785,
          -0.790392,
          1.784622
        ],
        [
          0.008631,
          -0.881999,
          -0.471172,
          1.401556
        ],
        [
          0.0,
          0.0,
          0.0,
          1.0
        ]
      ]
    },
    {
      "file_path": "/media/NFS/ttao/scannet/posed_images/scene0511_01/00107.jpg",
      "transform_matrix": [
        [
          -0.908579,
          -0.205944,
          0.363416,
          2.68919
        ],
        [
          -0.417623,
          0.429768,
          -0.800557,
          1.778167
        ],
        [
          0.008685,
          -0.87914,
          -0.476485,
          1.400847
        ],
        [
          0.0,
          0.0,
          0.0,
          1.0
        ]
      ]
    },
    {
      "file_path": "/media/NFS/ttao/scannet/posed_images/scene0511_01/00109.jpg",
      "transform_matrix": [
        [
          -0.922102,
          -0.194499,
          0.334511,
          2.686851
        ],
        [
          -0.386815,
          0.440883,
          -0.809936,
          1.771815
        ],
        [
          0.010052,
          -0.876238,
          -0.481774,
          1.39927
        ],
        [
          0.0,
          0.0,
          0.0,
          1.0
        ]
      ]
    },
    {
      "file_path": "/media/NFS/ttao/scannet/posed_images/scene0511_01/00111.jpg",
      "transform_matrix": [
        [
          -0.932806,
          -0.180978,
          0.31164,
          2.684501
        ],
        [
          -0.360275,
          0.447575,
          -0.818461,
          1.765361
        ],
        [
          0.008641,
          -0.875742,
          -0.482703,
          1.398527
        ],
        [
          0.0,
          0.0,
          0.0,
          1.0
        ]
      ]
    },
    {
      "file_path": "/media/NFS/ttao/scannet/posed_images/scene0511_01/00112.jpg",
      "transform_matrix": [
        [
          -0.938087,
          -0.173722,
          0.299688,
          2.683275
        ],
        [
          -0.346309,
          0.45057,
          -0.822834,
          1.76284
        ],
        [
          0.007914,
          -0.875675,
          -0.482836,
          1.398575
        ],
        [
          0.0,
          0.0,
          0.0,
          1.0
        ]
      ]
    },
    {
      "file_path": "/media/NFS/ttao/scannet/posed_images/scene0511_01/00114.jpg",
      "transform_matrix": [
        [
          -0.947526,
          -0.159219,
          0.277207,
          2.678722
        ],
        [
          -0.31964,
          0.458416,
          -0.829268,
          1.7576
        ],
        [
          0.004959,
          -0.874359,
          -0.485254,
          1.398559
        ],
        [
          0.0,
          0.0,
          0.0,
          1.0
        ]
      ]
    },
    {
      "file_path": "/media/NFS/ttao/scannet/posed_images/scene0511_01/00116.jpg",
      "transform_matrix": [
        [
          -0.956114,
          -0.144377,
          0.254955,
          2.67375
        ],
        [
          -0.292994,
          0.46772,
          -0.833902,
          1.752057
        ],
        [
          0.001148,
          -0.872006,
          -0.489495,
          1.398269
        ],
        [
          0.0,
          0.0,
          0.0,
          1.0
        ]
      ]
    },
    {
      "file_path": "/media/NFS/ttao/scannet/posed_images/scene0511_01/00118.jpg",
      "transform_matrix": [
        [
          -0.963961,
          -0.130058,
          0.232089,
          2.6667
        ],
        [
          -0.266044,
          0.474532,
          -0.839071,
          1.747265
        ],
        [
          -0.001006,
          -0.870577,
          -0.492031,
          1.396919
        ],
        [
          0.0,
          0.0,
          0.0,
          1.0
        ]
      ]
    },
    {
      "file_path": "/media/NFS/ttao/scannet/posed_images/scene0511_01/00119.jpg",
      "transform_matrix": [
        [
          -0.967911,
          -0.123537,
          0.218829,
          2.663191
        ],
        [
          -0.251291,
          0.477109,
          -0.842152,
          1.744669
        ],
        [
          -0.000368,
          -0.870118,
          -0.492843,
          1.396583
        ],
        [
          0.0,
          0.0,
          0.0,
          1.0
        ]
      ]
    },
    {
      "file_path": "/media/NFS/ttao/scannet/posed_images/scene0511_01/00121.jpg",
      "transform_matrix": [
        [
          -0.974747,
          -0.109017,
          0.194895,
          2.653955
        ],
        [
          -0.22331,
          0.480781,
          -0.847928,
          1.739155
        ],
        [
          -0.001263,
          -0.870037,
          -0.492985,
          1.396874
        ],
        [
          0.0,
          0.0,
          0.0,
          1.0
        ]
      ]
    },
    {
      "file_path": "/media/NFS/ttao/scannet/posed_images/scene0511_01/00122.jpg",
      "transform_matrix": [
        [
          -0.977986,
          -0.101394,
          0.182383,
          2.650017
        ],
        [
          -0.208667,
          0.481822,
          -0.851062,
          1.736273
        ],
        [
          -0.001583,
          -0.870383,
          -0.492372,
          1.397044
        ],
        [
          0.0,
          0.0,
          0.0,
          1.0
        ]
      ]
    },
    {
      "file_path": "/media/NFS/ttao/scannet/posed_images/scene0511_01/00125.jpg",
      "transform_matrix": [
        [
          -0.985784,
          -0.073525,
          0.15108,
          2.631616
        ],
        [
          -0.167801,
          0.476787,
          -0.862854,
          1.729714
        ],
        [
          -0.008592,
          -0.875939,
          -0.482346,
          1.398347
        ],
        [
          0.0,
          0.0,
          0.0,
          1.0
        ]
      ]
    },
    {
      "file_path": "/media/NFS/ttao/scannet/posed_images/scene0511_01/00126.jpg",
      "transform_matrix": [
        [
          -0.987894,
          -0.064146,
          0.141245,
          2.626153
        ],
        [
          -0.15471,
          0.474242,
          -0.866694,
          1.728023
        ],
        [
          -0.011389,
          -0.878055,
          -0.478425,
          1.39882
        ],
        [
          0.0,
          0.0,
          0.0,
          1.0
        ]
      ]
    },
    {
      "file_path": "/media/NFS/ttao/scannet/posed_images/scene0511_01/00127.jpg",
      "transform_matrix": [
        [
          -0.989747,
          -0.055276,
          0.131705,
          2.619222
        ],
        [
          -0.142139,
          0.472044,
          -0.870041,
          1.725391
        ],
        [
          -0.014079,
          -0.87984,
          -0.475061,
          1.400477
        ],
        [
          0.0,
          0.0,
          0.0,
          1.0
        ]
      ]
    },
    {
      "file_path": "/media/NFS/ttao/scannet/posed_images/scene0511_01/00129.jpg",
      "transform_matrix": [
        [
          -0.993264,
          -0.034956,
          0.110476,
          2.605136
        ],
        [
          -0.114019,
          0.464773,
          -0.878058,
          1.720929
        ],
        [
