{
  "frames": [
    {
      "file_path": "/media/NFS/ttao/scannet/posed_images/scene0081_02/00001.jpg",
      "transform_matrix": [
        [
          0.951997,
          0.096784,
          -0.290404,
          4.766539
        ],
        [
          0.304666,
          -0.391548,
          0.868256,
          7.949014
        ],
        [
          -0.029674,
          -0.915054,
          -0.402239,
          1.736588
        ],
        [
          0.0,
          0.0,
          0.0,
          1.0
        ]
      ]
    },
    {
      "file_path": "/media/NFS/ttao/scannet/posed_images/scene0081_02/00005.jpg",
      "transform_matrix": [
        [
          0.948196,
          0.095253,
          -0.30307,
          4.775174
        ],
        [
          0.315973,
          -0.381708,
          0.868597,
          7.951081
        ],
        [
          -0.032947,
          -0.919362,
          -0.392031,
          1.736062
        ],
        [
          0.0,
          0.0,
          0.0,
          1.0
        ]
      ]
    },
    {
      "file_path": "/media/NFS/ttao/scannet/posed_images/scene0081_02/00008.jpg",
      "transform_matrix": [
        [
          0.948411,
          0.098541,
          -0.301341,
          4.77561
        ],
        [
          0.315652,
          -0.382446,
          0.868389,
          7.951968
        ],
        [
          -0.029675,
          -0.918708,
          -0.393821,
          1.73934
        ],
        [
          0.0,
          0.0,
          0.0,
          1.0
        ]
      ]
    },
    {
      "file_path": "/media/NFS/ttao/scannet/posed_images/scene0081_02/00015.jpg",
      "transform_matrix": [
        [
          0.929637,
          0.06068,
          -0.363447,
          4.811563
        ],
        [
          0.359663,
          -0.363876,
          0.859207,
          7.960531
        ],
        [
          -0.080113,
          -0.929469,
          -0.360096,
          1.742431
        ],
        [
          0.0,
          0.0,
          0.0,
          1.0
        ]
      ]
    },
    {
      "file_path": "/media/NFS/ttao/scannet/posed_images/scene0081_02/00019.jpg",
      "transform_matrix": [
        [
          0.920838,
          0.063921,
          -0.384671,
          4.825924
        ],
        [
          0.380178,
          -0.366574,
          0.849169,
          7.962848
        ],
        [
          -0.086731,
          -0.92819,
          -0.361857,
          1.731527
        ],
        [
          0.0,
          0.0,
          0.0,
          1.0
        ]
      ]
    },
    {
      "file_path": "/media/NFS/ttao/scannet/posed_images/scene0081_02/00023.jpg",
      "transform_matrix": [
        [
          0.924376,
          0.099013,
          -0.36841,
          4.818991
        ],
        [
          0.376871,
          -0.386747,
          0.841662,
          7.967806
        ],
        [
          -0.059146,
          -0.916855,
          -0.394815,
          1.736626
        ],
        [
          0.0,
          0.0,
          0.0,
          1.0
        ]
      ]
    },
    {
      "file_path": "/media/NFS/ttao/scannet/posed_images/scene0081_02/00024.jpg",
      "transform_matrix": [
        [
          0.92396,
          0.106211,
          -0.367447,
          4.819613
        ],
        [
          0.378624,
          -0.390209,
          0.839274,
          7.968848
        ],
        [
          -0.054241,
          -0.91458,
          -0.400752,
          1.735816
        ],
        [
          0.0,
          0.0,
          0.0,
          1.0
        ]
      ]
    },
    {
      "file_path": "/media/NFS/ttao/scannet/posed_images/scene0081_02/00029.jpg",
      "transform_matrix": [
        [
          0.913088,
          0.136108,
          -0.384377,
          4.819514
        ],
        [
          0.405695,
          -0.398074,
          0.822769,
          7.975002
        ],
        [
          -0.041025,
          -0.9072,
          -0.418695,
          1.73929
        ],
        [
          0.0,
          0.0,
          0.0,
          1.0
        ]
      ]
    },
    {
      "file_path": "/media/NFS/ttao/scannet/posed_images/scene0081_02/00035.jpg",
      "transform_matrix": [
        [
          0.891383,
          0.16417,
          -0.422473,
          4.847111
        ],
        [
          0.451835,
          -0.395447,
          0.799667,
          7.998784
        ],
        [
          -0.035784,
          -0.903698,
          -0.426673,
          1.734403
        ],
        [
          0.0,
          0.0,
          0.0,
          1.0
        ]
      ]
    },
    {
      "file_path": "/media/NFS/ttao/scannet/posed_images/scene0081_02/00038.jpg",
      "transform_matrix": [
        [
          0.883804,
          0.170598,
          -0.435645,
          4.856894
        ],
        [
          0.466707,
          -0.386715,
          0.795384,
          8.013336
        ],
        [
          -0.03278,
          -0.906282,
          -0.421399,
          1.73585
        ],
        [
          0.0,
          0.0,
          0.0,
          1.0
        ]
      ]
    },
    {
      "file_path": "/media/NFS/ttao/scannet/posed_images/scene0081_02/00041.jpg",
      "transform_matrix": [
        [
          0.879869,
          0.158877,
          -0.447872,
          4.860672
        ],
        [
          0.472996,
          -0.383796,
          0.79308,
          8.025634
        ],
        [
          -0.045889,
          -0.909648,
          -0.412838,
          1.736952
        ],
        [
          0.0,
          0.0,
          0.0,
          1.0
        ]
      ]
    },
    {
      "file_path": "/media/NFS/ttao/scannet/posed_images/scene0081_02/00048.jpg",
      "transform_matrix": [
        [
          0.84783,
          0.173113,
          -0.501215,
          4.9074
        ],
        [
          0.528778,
          -0.346831,
          0.774663,
          8.066693
        ],
        [
          -0.039733,
          -0.921813,
          -0.385593,
          1.739661
        ],
        [
          0.0,
          0.0,
          0.0,
          1.0
        ]
      ]
    },
    {
      "file_path": "/media/NFS/ttao/scannet/posed_images/scene0081_02/00053.jpg",
      "transform_matrix": [
        [
          0.826349,
          0.14588,
          -0.543937,
          4.923949
        ],
        [
          0.559017,
          -0.329404,
          0.760915,
          8.091959
        ],
        [
          -0.068173,
          -0.932851,
          -0.353752,
          1.738761
        ],
        [
          0.0,
          0.0,
          0.0,
          1.0
        ]
      ]
    },
    {
      "file_path": "/media/NFS/ttao/scannet/posed_images/scene0081_02/00055.jpg",
      "transform_matrix": [
        [
          0.81929,
          0.157383,
          -0.551356,
          4.931036
        ],
        [
          0.569652,
          -0.332883,
          0.751456,
          8.105532
        ],
        [
          -0.06527,
          -0.929742,
          -0.362381,
          1.734454
        ],
        [
          0.0,
          0.0,
          0.0,
          1.0
        ]
      ]
    },
    {
      "file_path": "/media/NFS/ttao/scannet/posed_images/scene0081_02/00058.jpg",
      "transform_matrix": [
        [
          0.818157,
          0.179356,
          -0.546307,
          4.932436
        ],
        [
          0.572503,
          -0.342461,
          0.744956,
          8.136176
        ],
        [
          -0.053476,
          -0.922253,
          -0.382869,
          1.736367
        ],
        [
          0.0,
          0.0,
          0.0,
          1.0
        ]
      ]
    },
    {
      "file_path": "/media/NFS/ttao/scannet/posed_images/scene0081_02/00064.jpg",
      "transform_matrix": [
        [
          0.800302,
          0.1901,
          -0.568663,
          4.920737
        ],
        [
          0.598097,
          -0.320134,
          0.734707,
          8.20879
        ],
        [
          -0.042381,
          -0.928104,
          -0.369902,
          1.729619
        ],
        [
          0.0,
          0.0,
          0.0,
          1.0
        ]
      ]
    },
    {
      "file_path": "/media/NFS/ttao/scannet/posed_images/scene0081_02/00066.jpg",
      "transform_matrix": [
        [
          0.788478,
          0.210246,
          -0.578013,
          4.916091
        ],
        [
          0.614382,
          -0.31345,
          0.724075,
          8.237826
        ],
        [
          -0.028944,
          -0.926038,
          -0.37632,
          1.729694
        ],
        [
          0.0,
          0.0,
          0.0,
          1.0
        ]
      ]
    },
    {
      "file_path": "/media/NFS/ttao/scannet/posed_images/scene0081_02/00073.jpg",
      "transform_matrix": [
        [
          0.756393,
          0.221475,
          -0.615482,
          4.890698
        ],
        [
          0.654095,
          -0.263906,
          0.708882,
          8.334804
        ],
        [
          -0.00543,
          -0.938777,
          -0.344482,
          1.749861
        ],
        [
          0.0,
          0.0,
          0.0,
          1.0
        ]
      ]
    },
    {
      "file_path": "/media/NFS/ttao/scannet/posed_images/scene0081_02/00074.jpg",
      "transform_matrix": [
        [
          0.749576,
          0.224321,
          -0.622748,
          4.894309
        ],
        [
          0.661898,
          -0.261341,
          0.702561,
          8.34427
        ],
        [
          -0.005151,
          -0.938819,
          -0.344373,
          1.746336
        ],
        [
          0.0,
          0.0,
          0.0,
          1.0
        ]
      ]
    },
    {
      "file_path": "/media/NFS/ttao/scannet/posed_images/scene0081_02/00079.jpg",
      "transform_matrix": [
        [
          0.706334,
          0.289404,
          -0.646016,
          4.905024
        ],
        [
          0.707858,
          -0.281766,
          0.647723,
          8.399843
        ],
        [
          0.005428,
          -0.914797,
          -0.403878,
          1.73773
        ],
        [
          0.0,
          0.0,
          0.0,
          1.0
        ]
      ]
    },
    {
      "file_path": "/media/NFS/ttao/scannet/posed_images/scene0081_02/00083.jpg",
      "transform_matrix": [
        [
          0.651575,
          0.31578,
          -0.689734,
          4.900496
        ],
        [
          0.7585,
          -0.284716,
          0.586186,
          8.429489
        ],
        [
          -0.011273,
          -0.905108,
          -0.425033,
          1.727436
        ],
        [
          0.0,
          0.0,
          0.0,
          1.0
        ]
      ]
    },
    {
      "file_path": "/media/NFS/ttao/scannet/posed_images/scene0081_02/00089.jpg",
      "transform_matrix": [
        [
          0.507713,
          0.387415,
          -0.769504,
          4.932105
        ],
        [
          0.861094,
          -0.256483,
          0.439014,
          8.487305
        ],
        [
          -0.027284,
          -0.885509,
          -0.463821,
          1.706197
        ],
        [
          0.0,
          0.0,
          0.0,
          1.0
        ]
      ]
    },
    {
      "file_path": "/media/NFS/ttao/scannet/posed_images/scene0081_02/00094.jpg",
      "transform_matrix": [
        [
          0.391637,
          0.445703,
          -0.804965,
          4.969892
        ],
        [
          0.919872,
          -0.209949,
          0.331294,
          8.528689
        ],
        [
          -0.021343,
          -0.870212,
          -0.492214,
          1.695298
        ],
        [
          0.0,
          0.0,
          0.0,
          1.0
        ]
      ]
    },
    {
      "file_path": "/media/NFS/ttao/scannet/posed_images/scene0081_02/00095.jpg",
      "transform_matrix": [
        [
          0.37655,
          0.452378,
          -0.808433,
          4.974064
        ],
        [
          0.926168,
          -0.203196,
          0.317685,
          8.534547
        ],
        [
          -0.020557,
          -0.868369,
          -0.495492,
          1.695319
        ],
        [
          0.0,
          0.0,
          0.0,
          1.0
        ]
      ]
    },
    {
      "file_path": "/media/NFS/ttao/scannet/posed_images/scene0081_02/00100.jpg",
      "transform_matrix": [
        [
          0.289779,
          0.47019,
          -0.833636,
          5.005488
        ],
        [
          0.957084,
          -0.146166,
          0.25025,
          8.535997
        ],
        [
          -0.004184,
          -0.870378,
          -0.492367,
          1.685734
        ],
        [
          0.0,
          0.0,
          0.0,
          1.0
        ]
      ]
    },
    {
      "file_path": "/media/NFS/ttao/scannet/posed_images/scene0081_02/00105.jpg",
      "transform_matrix": [
        [
          0.184942,
          0.530401,
          -0.827328,
          5.012506
        ],
        [
          0.982733,
          -0.104657,
          0.152586,
          8.530638
        ],
        [
          -0.005654,
          -0.841262,
          -0.540598,
          1.686343
        ],
        [
          0.0,
          0.0,
          0.0,
          1.0
        ]
      ]
    },
    {
      "file_path": "/media/NFS/ttao/scannet/posed_images/scene0081_02/00108.jpg",
      "transform_matrix": [
        [
          0.122004,
          0.539761,
          -0.83293,
          5.021791
        ],
        [
          0.992272,
          -0.085454,
          0.089967,
          8.518299
        ],
        [
          -0.022617,
          -0.83747,
          -0.546015,
          1.689491
        ],
        [
          0.0,
          0.0,
          0.0,
          1.0
        ]
      ]
    },
    {
      "file_path": "/media/NFS/ttao/scannet/posed_images/scene0081_02/00115.jpg",
      "transform_matrix": [
        [
          0.003279,
          0.537322,
          -0.843371,
          5.037646
        ],
        [
          0.999728,
          -0.021246,
          -0.009649,
          8.454041
        ],
        [
          -0.023103,
          -0.84311,
          -0.537245,
          1.698961
        ],
        [
          0.0,
          0.0,
          0.0,
          1.0
        ]
      ]
    },
    {
      "file_path": "/media/NFS/ttao/scannet/posed_images/scene0081_02/00119.jpg",
      "transform_matrix": [
        [
          -0.053085,
          0.533814,
          -0.843934,
          5.038554
        ],
        [
          0.998125,
          0.002577,
          -0.061155,
          8.421005
        ],
        [
          -0.030471,
          -0.845598,
          -0.53295,
          1.700872
        ],
        [
          0.0,
          0.0,
          0.0,
          1.0
        ]
      ]
    },
    {
      "file_path": "/media/NFS/ttao/scannet/posed_images/scene0081_02/00123.jpg",
      "transform_matrix": [
        [
          -0.08978,
          0.531467,
          -0.842308,
          5.034922
        ],
        [
          0.995859,
          0.03578,
          -0.083572,
          8.366699
        ],
        [
          -0.014278,
          -0.846323,
          -0.532479,
          1.701407
        ],
        [
          0.0,
          0.0,
          0.0,
          1.0
        ]
      ]
    },
    {
      "file_path": "/media/NFS/ttao/scannet/posed_images/scene0081_02/00124.jpg",
      "transform_matrix": [
        [
          -0.097008,
          0.531409,
          -0.841542,
          5.033555
        ],
        [
          0.995219,
          0.042146,
          -0.088109,
          8.356618
        ],
        [
          -0.011354,
          -0.846066,
          -0.532957,
          1.699976
        ],
        [
          0.0,
          0.0,
          0.0,
          1.0
        ]
      ]
    },
    {
      "file_path": "/media/NFS/ttao/scannet/posed_images/scene0081_02/00130.jpg",
      "transform_matrix": [
        [
          -0.151808,
          0.537682,
          -0.829369,
          5.018324
        ],
        [
          0.988287,
          0.095829,
          -0.11877,
          8.300864
        ],
        [
          0.015617,
          -0.837684,
          -0.545931,
          1.697333
        ],
        [
          0.0,
          0.0,
          0.0,
          1.0
        ]
      ]
    },
    {
      "file_path": "/media/NFS/ttao/scannet/posed_images/scene0081_02/00133.jpg",
      "transform_matrix": [
        [
          -0.170171,
          0.532912,
          -0.828883,
          5.011507
        ],
        [
          0.985022,
          0.115736,
          -0.127816,
          8.27424
        ],
        [
          0.027817,
          -0.838218,
          -0.544625,
          1.697061
        ],
        [
          0.0,
          0.0,
          0.0,
          1.0
        ]
      ]
    },
    {
      "file_path": "/media/NFS/ttao/scannet/posed_images/scene0081_02/00140.jpg",
      "transform_matrix": [
        [
          -0.221576,
          0.500702,
          -0.836781,
          4.992392
        ],
        [
          0.974727,
          0.13879,
          -0.175057,
          8.234768
        ],
        [
          0.028486,
          -0.854421,
          -0.5188,
          1.709315
        ],
        [
          0.0,
          0.0,
          0.0,
          1.0
        ]
      ]
    },
    {
      "file_path": "/media/NFS/ttao/scannet/posed_images/scene0081_02/00141.jpg",
      "transform_matrix": [
        [
          -0.234638,
          0.497446,
          -0.83516,
          4.988389
        ],
        [
          0.971766,
          0.14196,
          -0.188462,
          8.238635
        ],
        [
          0.02481,
          -0.855801,
          -0.516711,
          1.712753
        ],
        [
          0.0,
          0.0,
          0.0,
          1.0
        ]
      ]
    },
    {
      "file_path": "/media/NFS/ttao/scannet/posed_images/scene0081_02/00145.jpg",
      "transform_matrix": [
        [
          -0.300363,
          0.457222,
          -0.837096,
          4.983453
        ],
        [
          0.95337,
          0.171026,
          -0.248669,
          8.245173
        ],
        [
          0.029468,
          -0.872753,
          -0.487271,
          1.722483
        ],
        [
          0.0,
          0.0,
          0.0,
          1.0
        ]
      ]
    },
    {
      "file_path": "/media/NFS/ttao/scannet/posed_images/scene0081_02/00149.jpg",
      "transform_matrix": [
        [
          -0.375079,
          0.416121,
          -0.828347,
          4.988109
        ],
        [
          0.926053,
          0.208433,
          -0.314615,
          8.255478
        ],
        [
          0.041737,
          -0.885098,
          -0.463529,
          1.728867
        ],
        [
          0.0,
          0.0,
          0.0,
          1.0
        ]
      ]
    },
    {
      "file_path": "/media/NFS/ttao/scannet/posed_images/scene0081_02/00154.jpg",
      "transform_matrix": [
        [
          -0.528493,
          0.379956,
          -0.759163,
          4.981777
        ],
        [
          0.848683,
          0.258374,
          -0.461498,
          8.309081
        ],
        [
          0.020799,
          -0.888187,
          -0.459011,
          1.746428
        ],
        [
          0.0,
          0.0,
          0.0,
          1.0
        ]
      ]
    },
    {
      "file_path": "/media/NFS/ttao/scannet/posed_images/scene0081_02/00159.jpg",
      "transform_matrix": [
        [
          -0.662757,
          0.303292,
          -0.684666,
          4.983224
        ],
        [
          0.748741,
          0.282923,
          -0.599452,
          8.380512
        ],
        [
          0.011899,
          -0.909928,
          -0.414596,
          1.751729
        ],
        [
          0.0,
          0.0,
          0.0,
          1.0
        ]
      ]
    },
    {
      "file_path": "/media/NFS/ttao/scannet/posed_images/scene0081_02/00162.jpg",
      "transform_matrix": [
        [
          -0.714451,
          0.272761,
          -0.644329,
          5.01663
        ],
        [
          0.698307,
          0.335728,
          -0.632181,
          8.397908
        ],
        [
          0.043885,
          -0.901603,
          -0.430333,
          1.755998
        ],
        [
          0.0,
          0.0,
          0.0,
          1.0
        ]
      ]
    },
    {
      "file_path": "/media/NFS/ttao/scannet/posed_images/scene0081_02/00169.jpg",
      "transform_matrix": [
        [
          -0.793542,
          0.214863,
          -0.569319,
          5.073674
        ],
        [
          0.608466,
          0.291975,
          -0.737916,
          8.490818
        ],
        [
          0.007676,
          -0.931979,
          -0.362432,
          1.780993
        ],
        [
          0.0,
          0.0,
          0.0,
          1.0
        ]
      ]
    },
    {
      "file_path": "/media/NFS/ttao/scannet/posed_images/scene0081_02/00172.jpg",
      "transform_matrix": [
        [
          -0.807194,
          0.182133,
          -0.561485,
          5.137277
        ],
        [
          0.589357,
          0.302006,
          -0.7493,
          8.517467
        ],
        [
          0.0331,
          -0.935745,
          -0.351119,
          1.76448
        ],
        [
          0.0,
          0.0,
          0.0,
          1.0
        ]
      ]
    },
    {
      "file_path": "/media/NFS/ttao/scannet/posed_images/scene0081_02/00178.jpg",
      "transform_matrix": [
        [
          -0.861524,
          0.157752,
          -0.482587,
          5.191935
        ],
        [
          0.506674,
          0.328013,
          -0.797301,
          8.585052
        ],
        [
          0.032519,
          -0.931408,
          -0.36252,
          1.770078
        ],
        [
          0.0,
          0.0,
          0.0,
          1.0
        ]
      ]
    },
    {
      "file_path": "/media/NFS/ttao/scannet/posed_images/scene0081_02/00182.jpg",
      "transform_matrix": [
        [
          -0.886409,
          0.147607,
          -0.438739,
          5.22712
        ],
        [
          0.462364,
          0.328077,
          -0.823763,
          8.608053
        ],
        [
          0.022347,
          -0.933048,
          -0.359058,
          1.771401
        ],
        [
          0.0,
          0.0,
          0.0,
          1.0
        ]
      ]
    },
    {
      "file_path": "/media/NFS/ttao/scannet/posed_images/scene0081_02/00185.jpg",
      "transform_matrix": [
        [
          -0.891751,
          0.133947,
          -0.432248,
          5.245949
        ],
        [
          0.45068,
          0.349069,
          -0.821607,
          8.615865
        ],
        [
          0.040832,
          -0.927474,
          -0.37165,
          1.771762
        ],
        [
          0.0,
          0.0,
          0.0,
          1.0
        ]
      ]
    },
    {
      "file_path": "/media/NFS/ttao/scannet/posed_images/scene0081_02/00190.jpg",
      "transform_matrix": [
        [
          -0.929323,
          0.11626,
          -0.350488,
          5.258194
        ],
        [
          0.368695,
          0.344939,
          -0.863181,
          8.625543
        ],
        [
          0.020543,
          -0.931397,
          -0.363424,
          1.790287
        ],
        [
          0.0,
          0.0,
          0.0,
          1.0
        ]
      ]
    },
    {
      "file_path": "/media/NFS/ttao/scannet/posed_images/scene0081_02/00193.jpg",
      "transform_matrix": [
        [
          -0.956339,
          0.088181,
          -0.278639,
          5.234498
        ],
        [
          0.29179,
          0.34211,
          -0.893207,
          8.647696
        ],
        [
          0.016561,
          -0.935513,
          -0.352903,
          1.791763
        ],
        [
          0.0,
          0.0,
          0.0,
          1.0
        ]
      ]
    },
    {
      "file_path": "/media/NFS/ttao/scannet/posed_images/scene0081_02/00198.jpg",
      "transform_matrix": [
        [
          -0.979587,
          0.052033,
          -0.194168,
          5.209732
        ],
        [
          0.200234,
          0.337873,
          -0.919646,
          8.661604
        ],
        [
          0.017752,
          -0.939752,
          -0.341395,
          1.808096
        ],
        [
          0.0,
          0.0,
          0.0,
          1.0
        ]
      ]
    },
    {
      "file_path": "/media/NFS/ttao/scannet/posed_images/scene0081_02/00203.jpg",
      "transform_matrix": [
        [
          -0.988435,
          0.013691,
          -0.151027,
          5.157576
        ],
        [
          0.146839,
          0.335165,
          -0.930646,
          8.665277
        ],
        [
          0.037878,
          -0.94206,
          -0.333299,
          1.826491
        ],
        [
          0.0,
          0.0,
          0.0,
          1.0
        ]
      ]
    },
    {
      "file_path": "/media/NFS/ttao/scannet/posed_images/scene0081_02/00205.jpg",
      "transform_matrix": [
        [
          -0.990156,
          0.00144,
          -0.139962,
          5.141122
        ],
        [
          0.132121,
          0.339745,
          -0.931191,
          8.667751
        ],
        [
          0.04621,
          -0.940516,
          -0.336591,
          1.824817
        ],
        [
          0.0,
          0.0,
          0.0,
          1.0
        ]
      ]
    },
    {
      "file_path": "/media/NFS/ttao/scannet/posed_images/scene0081_02/00210.jpg",
      "transform_matrix": [
        [
          -0.995563,
          -0.004818,
          -0.093975,
          5.112191
        ],
        [
          0.087173,
          0.328819,
          -0.940361,
          8.669718
        ],
        [
          0.035431,
          -0.944381,
          -0.326939,
          1.819601
        ],
        [
          0.0,
          0.0,
          0.0,
          1.0
        ]
      ]
    },
    {
      "file_path": "/media/NFS/ttao/scannet/posed_images/scene0081_02/00213.jpg",
      "transform_matrix": [
        [
          -0.997586,
          0.006441,
          -0.069137,
          5.091481
        ],
        [
          0.067261,
          0.336941,
          -0.939121,
          8.663361
        ],
        [
          0.017246,
          -0.941504,
          -0.336561,
          1.815849
        ],
        [
          0.0,
          0.0,
          0.0,
          1.0
        ]
      ]
    },
    {
      "file_path": "/media/NFS/ttao/scannet/posed_images/scene0081_02/00218.jpg",
      "transform_matrix": [
        [
          -0.99631,
          0.038318,
          -0.076801,
          5.070028
        ],
        [
          0.085539,
          0.369793,
          -0.925168,
          8.638998
        ],
        [
          -0.00705,
          -0.928323,
          -0.371706,
          1.810479
        ],
        [
          0.0,
          0.0,
          0.0,
          1.0
        ]
      ]
    },
    {
      "file_path": "/media/NFS/ttao/scannet/posed_images/scene0081_02/00220.jpg",
      "transform_matrix": [
        [
          -0.994591,
          0.049469,
          -0.09134,
          5.065723
        ],
        [
          0.103178,
          0.368739,
          -0.923789,
          8.626589
        ],
        [
          -0.012018,
          -0.928216,
          -0.371849,
          1.802931
        ],
        [
          0.0,
          0.0,
          0.0,
          1.0
        ]
      ]
    },
    {
      "file_path": "/media/NFS/ttao/scannet/posed_images/scene0081_02/00224.jpg",
      "transform_matrix": [
        [
          -0.987334,
          0.060621,
          -0.146619,
          5.067482
        ],
        [
          0.158657,
          0.378411,
          -0.911939,
          8.581825
        ],
        [
          0.000199,
          -0.92365,
          -0.383236,
          1.795061
        ],
        [
          0.0,
          0.0,
          0.0,
          1.0
        ]
      ]
    },
    {
      "file_path": "/media/NFS/ttao/scannet/posed_images/scene0081_02/00230.jpg",
      "transform_matrix": [
        [
          -0.966654,
          0.068871,
          -0.246651,
          5.093276
        ],
        [
          0.254548,
          0.363796,
          -0.896023,
          8.511065
        ],
        [
          0.02802,
          -0.928929,
          -0.369196,
          1.774721
        ],
        [
          0.0,
          0.0,
          0.0,
          1.0
        ]
      ]
    },
    {
      "file_path": "/media/NFS/ttao/scannet/posed_images/scene0081_02/00235.jpg",
      "transform_matrix": [
        [
          -0.94525,
          0.117193,
          -0.30458,
          5.095143
        ],
        [
          0.325727,
          0.396346,
          -0.858377,
          8.425156
        ],
        [
          0.020123,
          -0.910591,
          -0.412819,
          1.776781
        ],
        [
          0.0,
          0.0,
          0.0,
          1.0
        ]
      ]
    },
    {
      "file_path": "/media/NFS/ttao/scannet/posed_images/scene0081_02/00240.jpg",
      "transform_matrix": [
        [
          -0.941184,
          0.153497,
          -0.301016,
          5.095643
        ],
        [
          0.33694,
          0.359491,
          -0.870194,
          8.352101
        ],
        [
          -0.02536,
          -0.920437,
          -0.390067,
          1.780065
        ],
        [
          0.0,
          0.0,
          0.0,
          1.0
        ]
      ]
    },
    {
      "file_path": "/media/NFS/ttao/scannet/posed_images/scene0081_02/00244.jpg",
      "transform_matrix": [
        [
          -0.933209,
          0.150421,
          -0.326333,
          5.099751
        ],
        [
          0.359258,
          0.372092,
          -0.855851,
          8.302499
        ],
        [
          -0.007312,
          -0.915926,
          -0.40128,
          1.771454
        ],
        [
          0.0,
          0.0,
          0.0,
          1.0
        ]
      ]
    },
    {
      "file_path": "/media/NFS/ttao/scannet/posed_images/scene0081_02/00245.jpg",
      "transform_matrix": [
        [
          -0.932566,
          0.14814,
          -0.329202,
          5.101935
        ],
        [
          0.360988,
          0.376051,
          -0.853389,
          8.286491
        ],
        [
          -0.002625,
          -0.91468,
          -0.40417,
          1.771632
        ],
        [
          0.0,
          0.0,
          0.0,
          1.0
        ]
      ]
    },
    {
      "file_path": "/media/NFS/ttao/scannet/posed_images/scene0081_02/00252.jpg",
      "transform_matrix": [
        [
          -0.922778,
          0.123912,
          -0.364865,
          5.092702
        ],
        [
          0.382619,
          0.406804,
          -0.829526,
          8.177461
        ],
        [
          0.04564,
          -0.905072,
          -0.422801,
          1.75106
        ],
        [
          0.0,
          0.0,
          0.0,
          1.0
        ]
      ]
    },
    {
      "file_path": "/media/NFS/ttao/scannet/posed_images/scene0081_02/00257.jpg",
      "transform_matrix": [
        [
          -0.923103,
          0.14592,
          -0.35579,
          5.04933
        ],
        [
          0.384437,
          0.372711,
          -0.844568,
          8.097756
        ],
        [
          0.009368,
          -0.916403,
          -0.400148,
          1.748023
        ],
        [
          0.0,
          0.0,
          0.0,
          1.0
        ]
      ]
    },
    {
      "file_path": "/media/NFS/ttao/scannet/posed_images/scene0081_02/00258.jpg",
      "transform_matrix": [
        [
          -0.924848,
          0.146985,
          -0.350786,
          5.033782
        ],
        [
          0.380293,
          0.371133,
          -0.847135,
          8.087897
        ],
        [
          0.005672,
          -0.916873,
          -0.399139,
          1.745096
        ],
        [
          0.0,
          0.0,
          0.0,
          1.0
        ]
      ]
    },
    {
      "file_path": "/media/NFS/ttao/scannet/posed_images/scene0081_02/00262.jpg",
      "transform_matrix": [
        [
          -0.921347,
          0.164595,
          -0.352174,
          5.001493
        ],
        [
          0.38874,
          0.390106,
          -0.834685,
          8.020069
        ],
        [
          0.0,
          -0.905939,
          -0.423408,
          1.751824
        ],
        [
          0.0,
          0.0,
          0.0,
          1.0
        ]
      ]
    },
    {
      "file_path": "/media/NFS/ttao/scannet/posed_images/scene0081_02/00269.jpg",
      "transform_matrix": [
        [
          -0.927543,
          0.188659,
          -0.322601,
          4.954657
        ],
        [
          0.372386,
          0.393811,
          -0.840382,
          7.922587
        ],
        [
          -0.031502,
          -0.899623,
          -0.43553,
          1.737966
        ],
        [
          0.0,
          0.0,
          0.0,
          1.0
        ]
      ]
    },
    {
      "file_path": "/media/NFS/ttao/scannet/posed_images/scene0081_02/00273.jpg",
      "transform_matrix": [
        [
          -0.91608,
          0.204267,
          -0.345068,
          4.948826
        ],
        [
          0.399308,
          0.38583,
          -0.831678,
          7.865053
        ],
        [
          -0.036747,
          -0.899672,
          -0.435016,
          1.728525
        ],
        [
          0.0,
          0.0,
          0.0,
          1.0
        ]
      ]
    },
    {
      "file_path": "/media/NFS/ttao/scannet/posed_images/scene0081_02/00274.jpg",
      "transform_matrix": [
        [
          -0.915742,
          0.197516,
          -0.349862,
          4.949155
        ],
        [
          0.40074,
          0.386842,
          -0.830518,
          7.851055
        ],
        [
          -0.028699,
          -0.900744,
          -0.4334,
          1.721645
        ],
        [
          0.0,
          0.0,
          0.0,
          1.0
        ]
      ]
    },
    {
      "file_path": "/media/NFS/ttao/scannet/posed_images/scene0081_02/00280.jpg",
      "transform_matrix": [
        [
          -0.902331,
          0.186633,
          -0.388543,
          4.950658
        ],
        [
          0.431042,
          0.391963,
          -0.812753,
          7.73197
        ],
        [
          0.000608,
          -0.900851,
          -0.434128,
          1.711806
        ],
        [
          0.0,
          0.0,
          0.0,
          1.0
        ]
      ]
    },
    {
      "file_path": "/media/NFS/ttao/scannet/posed_images/scene0081_02/00284.jpg",
      "transform_matrix": [
        [
          -0.897447,
          0.190159,
          -0.398031,
          4.951847
        ],
        [
          0.440707,
          0.425642,
          -0.79032,
          7.649755
        ],
        [
          0.019133,
          -0.884686,
          -0.465796,
          1.707657
        ],
        [
          0.0,
          0.0,
          0.0,
          1.0
        ]
      ]
    },
    {
      "file_path": "/media/NFS/ttao/scannet/posed_images/scene0081_02/00290.jpg",
      "transform_matrix": [
        [
          -0.921224,
          0.181895,
          -0.343888,
          4.96693
        ],
        [
          0.388531,
          0.385383,
          -0.836973,
          7.534696
        ],
        [
          -0.019713,
          -0.904651,
          -0.425696,
          1.711934
        ],
        [
          0.0,
          0.0,
          0.0,
          1.0
        ]
      ]
    },
    {
      "file_path": "/media/NFS/ttao/scannet/posed_images/scene0081_02/00292.jpg",
      "transform_matrix": [
        [
          -0.927641,
          0.166041,
          -0.334533,
          4.968382
        ],
        [
          0.373263,
          0.382165,
          -0.845355,
          7.50289
        ],
        [
          -0.012516,
          -0.909055,
          -0.416489,
          1.702074
        ],
        [
          0.0,
          0.0,
          0.0,
          1.0
        ]
      ]
    },
    {
      "file_path": "/media/NFS/ttao/scannet/posed_images/scene0081_02/00297.jpg",
      "transform_matrix": [
        [
          -0.93263,
          0.141965,
          -0.331732,
          4.966827
        ],
        [
          0.360424,
          0.410278,
          -0.837715,
          7.410442
        ],
        [
          0.017176,
          -0.900843,
          -0.433805,
          1.708318
        ],
        [
          0.0,
          0.0,
          0.0,
          1.0
        ]
      ]
    },
    {
      "file_path": "/media/NFS/ttao/scannet/posed_images/scene0081_02/00300.jpg",
      "transform_matrix": [
        [
          -0.930443,
          0.124288,
          -0.344714,
          4.970484
        ],
        [
          0.364706,
          0.405396,
          -0.838239,
          7.35703
        ],
        [
          0.035563,
          -0.905653,
          -0.422526,
          1.700594
        ],
        [
          0.0,
          0.0,
          0.0,
          1.0
        ]
      ]
    },
    {
      "file_path": "/media/NFS/ttao/scannet/posed_images/scene0081_02/00304.jpg",
      "transform_matrix": [
        [
          -0.92981,
          0.111329,
          -0.350799,
          4.965362
        ],
        [
          0.364627,
          0.408167,
          -0.836927,
          7.27071
        ],
        [
          0.05001,
          -0.906094,
          -0.420111,
          1.706876
        ],
        [
          0.0,
          0.0,
          0.0,
          1.0
        ]
      ]
    },
    {
      "file_path": "/media/NFS/ttao/scannet/posed_images/scene0081_02/00308.jpg",
      "transform_matrix": [
        [
          -0.939792,
          0.122998,
          -0.318844,
          4.953146
        ],
        [
          0.341194,
          0.390699,
          -0.854951,
          7.188845
        ],
        [
          0.019415,
          -0.912264,
          -0.409142,
          1.713113
        ],
        [
          0.0,
          0.0,
          0.0,
          1.0
        ]
      ]
    },
    {
      "file_path": "/media/NFS/ttao/scannet/posed_images/scene0081_02/00316.jpg",
      "transform_matrix": [
        [
          -0.959278,
          0.111428,
          -0.259554,
          4.931518
        ],
        [
          0.281981,
          0.431362,
          -0.856979,
          7.05129
        ],
        [
          0.016471,
          -0.895271,
          -0.445217,
          1.709159
        ],
        [
          0.0,
          0.0,
          0.0,
          1.0
        ]
      ]
    },
    {
      "file_path": "/media/NFS/ttao/scannet/posed_images/scene0081_02/00319.jpg",
      "transform_matrix": [
        [
          -0.954651,
          0.123156,
          -0.271059,
          4.934533
        ],
        [
          0.297517,
          0.428652,
          -0.853077,
          6.996634
        ],
        [
          0.011129,
          -0.895036,
          -0.445854,
          1.712944
        ],
        [
          0.0,
          0.0,
          0.0,
          1.0
        ]
      ]
    },
    {
      "file_path": "/media/NFS/ttao/scannet/posed_images/scene0081_02/00322.jpg",
      "transform_matrix": [
        [
          -0.954589,
          0.124465,
          -0.270679,
          4.947393
        ],
        [
          0.297906,
          0.40881,
          -0.862628,
          6.947906
        ],
        [
          0.003289,
          -0.904092,
          -0.427324,
          1.704581
        ],
