{
  "frames": [
    {
      "file_path": "/media/NFS/ttao/scannet/posed_images/scene0475_00/00000.jpg",
      "transform_matrix": [
        [
          -0.439515,
          -0.511507,
          0.738368,
          4.903414
        ],
        [
          -0.898195,
          0.24253,
          -0.36664,
          9.659147
        ],
        [
          0.008463,
          -0.824342,
          -0.566029,
          1.593039
        ],
        [
          0.0,
          0.0,
          0.0,
          1.0
        ]
      ]
    },
    {
      "file_path": "/media/NFS/ttao/scannet/posed_images/scene0475_00/00003.jpg",
      "transform_matrix": [
        [
          -0.448672,
          -0.507107,
          0.735891,
          4.904466
        ],
        [
          -0.893628,
          0.244375,
          -0.376443,
          9.651327
        ],
        [
          0.011063,
          -0.826513,
          -0.56281,
          1.592657
        ],
        [
          0.0,
          0.0,
          0.0,
          1.0
        ]
      ]
    },
    {
      "file_path": "/media/NFS/ttao/scannet/posed_images/scene0475_00/00008.jpg",
      "transform_matrix": [
        [
          -0.461246,
          -0.500419,
          0.732688,
          4.90484
        ],
        [
          -0.887127,
          0.245141,
          -0.39104,
          9.640453
        ],
        [
          0.016073,
          -0.830353,
          -0.557006,
          1.58941
        ],
        [
          0.0,
          0.0,
          0.0,
          1.0
        ]
      ]
    },
    {
      "file_path": "/media/NFS/ttao/scannet/posed_images/scene0475_00/00010.jpg",
      "transform_matrix": [
        [
          -0.470728,
          -0.499033,
          0.727585,
          4.911376
        ],
        [
          -0.882111,
          0.250135,
          -0.399141,
          9.647517
        ],
        [
          0.01719,
          -0.829698,
          -0.557948,
          1.588273
        ],
        [
          0.0,
          0.0,
          0.0,
          1.0
        ]
      ]
    },
    {
      "file_path": "/media/NFS/ttao/scannet/posed_images/scene0475_00/00013.jpg",
      "transform_matrix": [
        [
          -0.476977,
          -0.497985,
          0.724227,
          4.904513
        ],
        [
          -0.878789,
          0.256191,
          -0.402612,
          9.62865
        ],
        [
          0.014954,
          -0.828479,
          -0.55982,
          1.58387
        ],
        [
          0.0,
          0.0,
          0.0,
          1.0
        ]
      ]
    },
    {
      "file_path": "/media/NFS/ttao/scannet/posed_images/scene0475_00/00015.jpg",
      "transform_matrix": [
        [
          -0.4831,
          -0.496289,
          0.721326,
          4.904572
        ],
        [
          -0.875433,
          0.259446,
          -0.407806,
          9.621136
        ],
        [
          0.015244,
          -0.828483,
          -0.559807,
          1.581189
        ],
        [
          0.0,
          0.0,
          0.0,
          1.0
        ]
      ]
    },
    {
      "file_path": "/media/NFS/ttao/scannet/posed_images/scene0475_00/00019.jpg",
      "transform_matrix": [
        [
          -0.503232,
          -0.491944,
          0.710457,
          4.90064
        ],
        [
          -0.863935,
          0.268004,
          -0.42637,
          9.599619
        ],
        [
          0.019345,
          -0.828351,
          -0.559875,
          1.578772
        ],
        [
          0.0,
          0.0,
          0.0,
          1.0
        ]
      ]
    },
    {
      "file_path": "/media/NFS/ttao/scannet/posed_images/scene0475_00/00023.jpg",
      "transform_matrix": [
        [
          -0.535671,
          -0.478977,
          0.695441,
          4.896626
        ],
        [
          -0.844205,
          0.284886,
          -0.454046,
          9.577744
        ],
        [
          0.019356,
          -0.830314,
          -0.55696,
          1.585876
        ],
        [
          0.0,
          0.0,
          0.0,
          1.0
        ]
      ]
    },
    {
      "file_path": "/media/NFS/ttao/scannet/posed_images/scene0475_00/00026.jpg",
      "transform_matrix": [
        [
          -0.563459,
          -0.467827,
          0.68092,
          4.892892
        ],
        [
          -0.82582,
          0.295866,
          -0.480088,
          9.56249
        ],
        [
          0.023137,
          -0.832828,
          -0.553049,
          1.585096
        ],
        [
          0.0,
          0.0,
          0.0,
          1.0
        ]
      ]
    },
    {
      "file_path": "/media/NFS/ttao/scannet/posed_images/scene0475_00/00027.jpg",
      "transform_matrix": [
        [
          -0.572605,
          -0.462511,
          0.67691,
          4.889215
        ],
        [
          -0.819499,
          0.299396,
          -0.488655,
          9.557788
        ],
        [
          0.023344,
          -0.834533,
          -0.550463,
          1.58347
        ],
        [
          0.0,
          0.0,
          0.0,
          1.0
        ]
      ]
    },
    {
      "file_path": "/media/NFS/ttao/scannet/posed_images/scene0475_00/00032.jpg",
      "transform_matrix": [
        [
          -0.614694,
          -0.441373,
          0.653713,
          4.879937
        ],
        [
          -0.788555,
          0.324713,
          -0.522248,
          9.532855
        ],
        [
          0.018237,
          -0.836511,
          -0.547646,
          1.586477
        ],
        [
          0.0,
          0.0,
          0.0,
          1.0
        ]
      ]
    },
    {
      "file_path": "/media/NFS/ttao/scannet/posed_images/scene0475_00/00034.jpg",
      "transform_matrix": [
        [
          -0.631352,
          -0.432772,
          0.643508,
          4.875764
        ],
        [
          -0.775317,
          0.33441,
          -0.535774,
          9.523659
        ],
        [
          0.016672,
          -0.837185,
          -0.546666,
          1.585998
        ],
        [
          0.0,
          0.0,
          0.0,
          1.0
        ]
      ]
    },
    {
      "file_path": "/media/NFS/ttao/scannet/posed_images/scene0475_00/00036.jpg",
      "transform_matrix": [
        [
          -0.646098,
          -0.423923,
          0.634702,
          4.871901
        ],
        [
          -0.763101,
          0.342099,
          -0.548311,
          9.513454
        ],
        [
          0.015311,
          -0.838604,
          -0.544526,
          1.584802
        ],
        [
          0.0,
          0.0,
          0.0,
          1.0
        ]
      ]
    },
    {
      "file_path": "/media/NFS/ttao/scannet/posed_images/scene0475_00/00041.jpg",
      "transform_matrix": [
        [
          -0.676293,
          -0.406322,
          0.614435,
          4.862232
        ],
        [
          -0.736522,
          0.358531,
          -0.573577,
          9.485121
        ],
        [
          0.012763,
          -0.840451,
          -0.541737,
          1.585594
        ],
        [
          0.0,
          0.0,
          0.0,
          1.0
        ]
      ]
    },
    {
      "file_path": "/media/NFS/ttao/scannet/posed_images/scene0475_00/00043.jpg",
      "transform_matrix": [
        [
          -0.692399,
          -0.396665,
          0.602694,
          4.853515
        ],
        [
          -0.72141,
          0.366362,
          -0.587662,
          9.458822
        ],
        [
          0.012301,
          -0.841686,
          -0.539827,
          1.585467
        ],
        [
          0.0,
          0.0,
          0.0,
          1.0
        ]
      ]
    },
    {
      "file_path": "/media/NFS/ttao/scannet/posed_images/scene0475_00/00047.jpg",
      "transform_matrix": [
        [
          -0.71531,
          -0.382173,
          0.585043,
          4.838525
        ],
        [
          -0.698662,
          0.374064,
          -0.609875,
          9.429563
        ],
        [
          0.014234,
          -0.844997,
          -0.534581,
          1.580874
        ],
        [
          0.0,
          0.0,
          0.0,
          1.0
        ]
      ]
    },
    {
      "file_path": "/media/NFS/ttao/scannet/posed_images/scene0475_00/00050.jpg",
      "transform_matrix": [
        [
          -0.729641,
          -0.374744,
          0.572006,
          4.827128
        ],
        [
          -0.683662,
          0.381152,
          -0.622358,
          9.395651
        ],
        [
          0.015203,
          -0.845157,
          -0.534303,
          1.594831
        ],
        [
          0.0,
          0.0,
          0.0,
          1.0
        ]
      ]
    },
    {
      "file_path": "/media/NFS/ttao/scannet/posed_images/scene0475_00/00053.jpg",
      "transform_matrix": [
        [
          -0.746972,
          -0.362217,
          0.557523,
          4.821432
        ],
        [
          -0.664576,
          0.382465,
          -0.641918,
          9.380263
        ],
        [
          0.019281,
          -0.850011,
          -0.526412,
          1.59329
        ],
        [
          0.0,
          0.0,
          0.0,
          1.0
        ]
      ]
    },
    {
      "file_path": "/media/NFS/ttao/scannet/posed_images/scene0475_00/00056.jpg",
      "transform_matrix": [
        [
          -0.760471,
          -0.349206,
          0.547484,
          4.806041
        ],
        [
          -0.649001,
          0.380221,
          -0.658961,
          9.357414
        ],
        [
          0.021949,
          -0.856439,
          -0.515782,
          1.59203
        ],
        [
          0.0,
          0.0,
          0.0,
          1.0
        ]
      ]
    },
    {
      "file_path": "/media/NFS/ttao/scannet/posed_images/scene0475_00/00060.jpg",
      "transform_matrix": [
        [
          -0.780603,
          -0.333441,
          0.528655,
          4.781085
        ],
        [
          -0.624626,
          0.385856,
          -0.678939,
          9.324506
        ],
        [
          0.022401,
          -0.860193,
          -0.509476,
          1.590883
        ],
        [
          0.0,
          0.0,
          0.0,
          1.0
        ]
      ]
    },
    {
      "file_path": "/media/NFS/ttao/scannet/posed_images/scene0475_00/00061.jpg",
      "transform_matrix": [
        [
          -0.787148,
          -0.331417,
          0.520155,
          4.780831
        ],
        [
          -0.616264,
          0.388656,
          -0.684956,
          9.322304
        ],
        [
          0.024845,
          -0.859715,
          -0.51017,
          1.589123
        ],
        [
          0.0,
          0.0,
          0.0,
          1.0
        ]
      ]
    },
    {
      "file_path": "/media/NFS/ttao/scannet/posed_images/scene0475_00/00065.jpg",
      "transform_matrix": [
        [
          -0.814386,
          -0.317171,
          0.485981,
          4.761417
        ],
        [
          -0.579759,
          0.40776,
          -0.705415,
          9.288161
        ],
        [
          0.025574,
          -0.856233,
          -0.515957,
          1.588493
        ],
        [
          0.0,
          0.0,
          0.0,
          1.0
        ]
      ]
    },
    {
      "file_path": "/media/NFS/ttao/scannet/posed_images/scene0475_00/00067.jpg",
      "transform_matrix": [
        [
          -0.828156,
          -0.307183,
          0.468824,
          4.756012
        ],
        [
          -0.559844,
          0.412976,
          -0.718349,
          9.281554
        ],
        [
          0.027051,
          -0.857374,
          -0.513983,
          1.590571
        ],
        [
          0.0,
          0.0,
          0.0,
          1.0
        ]
      ]
    },
    {
      "file_path": "/media/NFS/ttao/scannet/posed_images/scene0475_00/00071.jpg",
      "transform_matrix": [
        [
          -0.855613,
          -0.278532,
          0.436286,
          4.754443
        ],
        [
          -0.516901,
          0.415517,
          -0.748438,
          9.268223
        ],
        [
          0.02718,
          -0.86589,
          -0.499495,
          1.591532
        ],
        [
          0.0,
          0.0,
          0.0,
          1.0
        ]
      ]
    },
    {
      "file_path": "/media/NFS/ttao/scannet/posed_images/scene0475_00/00073.jpg",
      "transform_matrix": [
        [
          -0.867353,
          -0.264179,
          0.42179,
          4.747413
        ],
        [
          -0.497085,
          0.417964,
          -0.760403,
          9.260338
        ],
        [
          0.024589,
          -0.869204,
          -0.493842,
          1.590356
        ],
        [
          0.0,
          0.0,
          0.0,
          1.0
        ]
      ]
    },
    {
      "file_path": "/media/NFS/ttao/scannet/posed_images/scene0475_00/00078.jpg",
      "transform_matrix": [
        [
          -0.900481,
          -0.229307,
          0.36953,
          4.73094
        ],
        [
          -0.434219,
          0.426666,
          -0.793354,
          9.245828
        ],
        [
          0.024256,
          -0.874857,
          -0.483774,
          1.589111
        ],
        [
          0.0,
          0.0,
          0.0,
          1.0
        ]
      ]
    },
    {
      "file_path": "/media/NFS/ttao/scannet/posed_images/scene0475_00/00081.jpg",
      "transform_matrix": [
        [
          -0.921636,
          -0.196912,
          0.334383,
          4.738142
        ],
        [
          -0.387873,
          0.44112,
          -0.809301,
          9.242419
        ],
        [
          0.011858,
          -0.875579,
          -0.482929,
          1.594737
        ],
        [
          0.0,
          0.0,
          0.0,
          1.0
        ]
      ]
    },
    {
      "file_path": "/media/NFS/ttao/scannet/posed_images/scene0475_00/00082.jpg",
      "transform_matrix": [
        [
          -0.926985,
          -0.188685,
          0.324186,
          4.741209
        ],
        [
          -0.374969,
          0.443478,
          -0.81408,
          9.243686
        ],
        [
          0.009835,
          -0.876199,
          -0.481849,
          1.592017
        ],
        [
          0.0,
          0.0,
          0.0,
          1.0
        ]
      ]
    },
    {
      "file_path": "/media/NFS/ttao/scannet/posed_images/scene0475_00/00087.jpg",
      "transform_matrix": [
        [
          -0.949367,
          -0.160207,
          0.270251,
          4.746631
        ],
        [
          -0.31408,
          0.463546,
          -0.82854,
          9.233498
        ],
        [
          0.007464,
          -0.871469,
          -0.490394,
          1.589765
        ],
        [
          0.0,
          0.0,
          0.0,
          1.0
        ]
      ]
    },
    {
      "file_path": "/media/NFS/ttao/scannet/posed_images/scene0475_00/00089.jpg",
      "transform_matrix": [
        [
          -0.955885,
          -0.148901,
          0.253205,
          4.740892
        ],
        [
          -0.293689,
          0.46801,
          -0.833495,
          9.231301
        ],
        [
          0.005605,
          -0.871089,
          -0.491094,
          1.58586
        ],
        [
          0.0,
          0.0,
          0.0,
          1.0
        ]
      ]
    },
    {
      "file_path": "/media/NFS/ttao/scannet/posed_images/scene0475_00/00093.jpg",
      "transform_matrix": [
        [
          -0.969448,
          -0.129801,
          0.20814,
          4.737422
        ],
        [
          -0.245129,
          0.48124,
          -0.841618,
          9.233105
        ],
        [
          0.009078,
          -0.866926,
          -0.498355,
          1.593992
        ],
        [
          0.0,
          0.0,
          0.0,
          1.0
        ]
      ]
    },
    {
      "file_path": "/media/NFS/ttao/scannet/posed_images/scene0475_00/00094.jpg",
      "transform_matrix": [
        [
          -0.972441,
          -0.125172,
          0.196696,
          4.738271
        ],
        [
          -0.232903,
          0.482947,
          -0.844108,
          9.232759
        ],
        [
          0.010665,
          -0.866656,
          -0.498791,
          1.592584
        ],
        [
          0.0,
          0.0,
          0.0,
          1.0
        ]
      ]
    },
    {
      "file_path": "/media/NFS/ttao/scannet/posed_images/scene0475_00/00097.jpg",
      "transform_matrix": [
        [
          -0.982869,
          -0.101858,
          0.1536,
          4.724972
        ],
        [
          -0.183914,
          0.487854,
          -0.853331,
          9.228678
        ],
        [
          0.011984,
          -0.866962,
          -0.49823,
          1.587456
        ],
        [
          0.0,
          0.0,
          0.0,
          1.0
        ]
      ]
    },
    {
      "file_path": "/media/NFS/ttao/scannet/posed_images/scene0475_00/00100.jpg",
      "transform_matrix": [
        [
          -0.990976,
          -0.07474,
          0.111268,
          4.73811
        ],
        [
          -0.133716,
          0.493473,
          -0.859421,
          9.228941
        ],
        [
          0.009326,
          -0.866544,
          -0.499013,
          1.586108
        ],
        [
          0.0,
          0.0,
          0.0,
          1.0
        ]
      ]
    },
    {
      "file_path": "/media/NFS/ttao/scannet/posed_images/scene0475_00/00103.jpg",
      "transform_matrix": [
        [
          -0.995581,
          -0.055145,
          0.076009,
          4.728377
        ],
        [
          -0.093393,
          0.496962,
          -0.862732,
          9.226587
        ],
        [
          0.009802,
          -0.866018,
          -0.499916,
          1.583863
        ],
        [
          0.0,
          0.0,
          0.0,
          1.0
        ]
      ]
    },
    {
      "file_path": "/media/NFS/ttao/scannet/posed_images/scene0475_00/00108.jpg",
      "transform_matrix": [
        [
          -0.999521,
          -0.024166,
          0.019353,
          4.715795
        ],
        [
          -0.028884,
          0.50274,
          -0.863955,
          9.220039
        ],
        [
          0.011149,
          -0.8641,
          -0.503197,
          1.578898
        ],
        [
          0.0,
          0.0,
          0.0,
          1.0
        ]
      ]
    },
    {
      "file_path": "/media/NFS/ttao/scannet/posed_images/scene0475_00/00110.jpg",
      "transform_matrix": [
        [
          -0.999951,
          -0.009049,
          -0.00394,
          4.719498
        ],
        [
          -0.001167,
          0.504815,
          -0.863227,
          9.221099
        ],
        [
          0.0098,
          -0.86318,
          -0.504801,
          1.57906
        ],
        [
          0.0,
          0.0,
          0.0,
          1.0
        ]
      ]
    },
    {
      "file_path": "/media/NFS/ttao/scannet/posed_images/scene0475_00/00115.jpg",
      "transform_matrix": [
        [
          -0.998471,
          0.025894,
          -0.048843,
          4.704767
        ],
        [
          0.05522,
          0.50913,
          -0.858917,
          9.220043
        ],
        [
          0.002626,
          -0.8603,
          -0.509781,
          1.58157
        ],
        [
          0.0,
          0.0,
          0.0,
          1.0
        ]
      ]
    },
    {
      "file_path": "/media/NFS/ttao/scannet/posed_images/scene0475_00/00116.jpg",
      "transform_matrix": [
        [
          -0.997817,
          0.032777,
          -0.057324,
          4.699688
        ],
        [
          0.066025,
          0.50889,
          -0.858296,
          9.219028
        ],
        [
          0.001039,
          -0.860207,
          -0.509943,
          1.581132
        ],
        [
          0.0,
          0.0,
          0.0,
          1.0
        ]
      ]
    },
    {
      "file_path": "/media/NFS/ttao/scannet/posed_images/scene0475_00/00119.jpg",
      "transform_matrix": [
        [
          -0.995008,
          0.049431,
          -0.086686,
          4.692105
        ],
        [
          0.099772,
          0.50879,
          -0.855089,
          9.224299
        ],
        [
          0.001837,
          -0.85947,
          -0.511182,
          1.574659
        ],
        [
          0.0,
          0.0,
          0.0,
          1.0
        ]
      ]
    },
    {
      "file_path": "/media/NFS/ttao/scannet/posed_images/scene0475_00/00124.jpg",
      "transform_matrix": [
        [
          -0.985036,
          0.089534,
          -0.147265,
          4.667382
        ],
        [
          0.172345,
          0.514871,
          -0.839765,
          9.234651
        ],
        [
          0.000635,
          -0.852579,
          -0.522598,
          1.559706
        ],
        [
          0.0,
          0.0,
          0.0,
          1.0
        ]
      ]
    },
    {
      "file_path": "/media/NFS/ttao/scannet/posed_images/scene0475_00/00126.jpg",
      "transform_matrix": [
        [
          -0.980539,
          0.104393,
          -0.16627,
          4.656614
        ],
        [
          0.196324,
          0.517962,
          -0.83257,
          9.235583
        ],
        [
          -0.000793,
          -0.84901,
          -0.528377,
          1.555164
        ],
        [
          0.0,
          0.0,
          0.0,
          1.0
        ]
      ]
    },
    {
      "file_path": "/media/NFS/ttao/scannet/posed_images/scene0475_00/00128.jpg",
      "transform_matrix": [
        [
          -0.975738,
          0.120796,
          -0.182604,
          4.642198
        ],
        [
          0.2189,
          0.521733,
          -0.824547,
          9.234763
        ],
        [
          -0.004332,
          -0.844514,
          -0.535517,
          1.553303
        ],
        [
          0.0,
          0.0,
          0.0,
          1.0
        ]
      ]
    },
    {
      "file_path": "/media/NFS/ttao/scannet/posed_images/scene0475_00/00131.jpg",
      "transform_matrix": [
        [
          -0.968244,
          0.143653,
          -0.204617,
          4.618518
        ],
        [
          0.249786,
          0.521331,
          -0.815979,
          9.241708
        ],
        [
          -0.010544,
          -0.841176,
          -0.540658,
          1.543453
        ],
        [
          0.0,
          0.0,
          0.0,
          1.0
        ]
      ]
    },
    {
      "file_path": "/media/NFS/ttao/scannet/posed_images/scene0475_00/00135.jpg",
      "transform_matrix": [
        [
          -0.960472,
          0.161869,
          -0.226479,
          4.582932
        ],
        [
          0.278162,
          0.526044,
          -0.803681,
          9.245751
        ],
        [
          -0.010953,
          -0.834911,
          -0.550277,
          1.53729
        ],
        [
          0.0,
          0.0,
          0.0,
          1.0
        ]
      ]
    },
    {
      "file_path": "/media/NFS/ttao/scannet/posed_images/scene0475_00/00139.jpg",
      "transform_matrix": [
        [
          -0.953707,
          0.181259,
          -0.239974,
          4.525321
        ],
        [
          0.300044,
          0.519375,
          -0.80014,
          9.254084
        ],
        [
          -0.020396,
          -0.835102,
          -0.549717,
          1.533293
        ],
        [
          0.0,
          0.0,
          0.0,
          1.0
        ]
      ]
    },
    {
      "file_path": "/media/NFS/ttao/scannet/posed_images/scene0475_00/00142.jpg",
      "transform_matrix": [
        [
          -0.95191,
          0.185851,
          -0.243569,
          4.474023
        ],
        [
          0.305688,
          0.522887,
          -0.795704,
          9.264245
        ],
        [
          -0.020524,
          -0.831894,
          -0.554554,
          1.537488
        ],
        [
          0.0,
          0.0,
          0.0,
          1.0
        ]
      ]
    },
    {
      "file_path": "/media/NFS/ttao/scannet/posed_images/scene0475_00/00143.jpg",
      "transform_matrix": [
        [
          -0.950746,
          0.18576,
          -0.248145,
          4.457602
        ],
        [
          0.30943,
          0.521443,
          -0.795204,
          9.270698
        ],
        [
          -0.018324,
          -0.83282,
          -0.55324,
          1.532803
        ],
        [
          0.0,
          0.0,
          0.0,
          1.0
        ]
      ]
    },
    {
      "file_path": "/media/NFS/ttao/scannet/posed_images/scene0475_00/00147.jpg",
      "transform_matrix": [
        [
          -0.950323,
          0.186373,
          -0.249302,
          4.365366
        ],
        [
          0.310635,
          0.516925,
          -0.797681,
          9.281812
        ],
        [
          -0.019796,
          -0.835496,
          -0.54914,
          1.533817
        ],
        [
          0.0,
          0.0,
          0.0,
          1.0
        ]
      ]
    },
    {
      "file_path": "/media/NFS/ttao/scannet/posed_images/scene0475_00/00151.jpg",
      "transform_matrix": [
        [
          -0.960728,
          0.15946,
          -0.2271,
          4.266001
        ],
        [
          0.277243,
          0.516951,
          -0.809876,
          9.306011
        ],
        [
          -0.011743,
          -0.841032,
          -0.540858,
          1.53454
        ],
        [
          0.0,
          0.0,
          0.0,
          1.0
        ]
      ]
    },
    {
      "file_path": "/media/NFS/ttao/scannet/posed_images/scene0475_00/00153.jpg",
      "transform_matrix": [
        [
          -0.962359,
          0.154939,
          -0.223291,
          4.226245
        ],
        [
          0.271666,
          0.524473,
          -0.806924,
          9.308282
        ],
        [
          -0.007914,
          -0.837211,
          -0.546823,
          1.533515
        ],
        [
          0.0,
          0.0,
          0.0,
          1.0
        ]
      ]
    },
    {
      "file_path": "/media/NFS/ttao/scannet/posed_images/scene0475_00/00157.jpg",
      "transform_matrix": [
        [
          -0.961074,
          0.148578,
          -0.23294,
          4.149485
        ],
        [
          0.276256,
          0.529999,
          -0.801738,
          9.299907
        ],
        [
          0.004337,
          -0.834881,
          -0.550414,
          1.535033
        ],
        [
          0.0,
          0.0,
          0.0,
          1.0
        ]
      ]
    },
    {
      "file_path": "/media/NFS/ttao/scannet/posed_images/scene0475_00/00159.jpg",
      "transform_matrix": [
        [
          -0.959902,
          0.15231,
          -0.23535,
          4.109853
        ],
        [
          0.280299,
          0.534989,
          -0.797007,
          9.292338
        ],
        [
          0.004517,
          -0.831017,
          -0.556229,
          1.530919
        ],
        [
          0.0,
          0.0,
          0.0,
          1.0
        ]
      ]
    },
    {
      "file_path": "/media/NFS/ttao/scannet/posed_images/scene0475_00/00163.jpg",
      "transform_matrix": [
        [
          -0.95729,
          0.15249,
          -0.245647,
          4.007377
        ],
        [
          0.288939,
          0.535361,
          -0.793664,
          9.267432
        ],
        [
          0.010484,
          -0.830744,
          -0.556556,
          1.531923
        ],
        [
          0.0,
          0.0,
          0.0,
          1.0
        ]
      ]
    },
    {
      "file_path": "/media/NFS/ttao/scannet/posed_images/scene0475_00/00166.jpg",
      "transform_matrix": [
        [
          -0.952945,
          0.153636,
          -0.261326,
          3.906425
        ],
        [
          0.302571,
          0.534933,
          -0.788858,
          9.231829
        ],
        [
          0.018595,
          -0.830808,
          -0.556248,
          1.522613
        ],
        [
          0.0,
          0.0,
          0.0,
          1.0
        ]
      ]
    },
    {
      "file_path": "/media/NFS/ttao/scannet/posed_images/scene0475_00/00169.jpg",
      "transform_matrix": [
        [
          -0.952671,
          0.151896,
          -0.263333,
          3.833867
        ],
        [
          0.303268,
          0.534975,
          -0.788562,
          9.214017
        ],
        [
          0.021097,
          -0.831101,
          -0.555721,
          1.513217
        ],
        [
          0.0,
          0.0,
          0.0,
          1.0
        ]
      ]
    },
    {
      "file_path": "/media/NFS/ttao/scannet/posed_images/scene0475_00/00173.jpg",
      "transform_matrix": [
        [
          -0.951933,
          0.153919,
          -0.264827,
          3.736179
        ],
        [
          0.305321,
          0.546122,
          -0.780083,
          9.179433
        ],
        [
          0.024559,
          -0.823444,
          -0.566866,
          1.526883
        ],
        [
          0.0,
          0.0,
          0.0,
          1.0
        ]
      ]
    },
    {
      "file_path": "/media/NFS/ttao/scannet/posed_images/scene0475_00/00175.jpg",
      "transform_matrix": [
        [
          -0.952048,
          0.154157,
          -0.264274,
          3.68572
        ],
        [
          0.305012,
          0.5458,
          -0.780429,
          9.164306
        ],
        [
          0.023933,
          -0.823613,
          -0.566648,
          1.538306
        ],
        [
          0.0,
          0.0,
          0.0,
          1.0
        ]
      ]
    },
    {
      "file_path": "/media/NFS/ttao/scannet/posed_images/scene0475_00/00179.jpg",
      "transform_matrix": [
        [
          -0.94815,
          0.157802,
          -0.275881,
          3.578252
        ],
        [
          0.3169,
          0.535495,
          -0.782828,
          9.147213
        ],
        [
          0.024201,
          -0.829665,
          -0.557737,
          1.548552
        ],
        [
          0.0,
          0.0,
          0.0,
          1.0
        ]
      ]
    },
    {
      "file_path": "/media/NFS/ttao/scannet/posed_images/scene0475_00/00182.jpg",
      "transform_matrix": [
        [
          -0.937868,
          0.162557,
          -0.306561,
          3.500483
        ],
        [
          0.34536,
          0.522901,
          -0.779295,
          9.133032
        ],
        [
          0.033621,
          -0.836749,
          -0.546553,
          1.550303
        ],
        [
          0.0,
          0.0,
          0.0,
          1.0
        ]
      ]
    },
    {
      "file_path": "/media/NFS/ttao/scannet/posed_images/scene0475_00/00185.jpg",
      "transform_matrix": [
        [
          -0.928362,
          0.172779,
          -0.329078,
          3.425733
        ],
        [
          0.370152,
          0.509936,
          -0.776501,
          9.132587
        ],
        [
          0.033645,
          -0.842682,
          -0.537359,
          1.545994
        ],
        [
          0.0,
          0.0,
          0.0,
          1.0
        ]
      ]
    },
    {
      "file_path": "/media/NFS/ttao/scannet/posed_images/scene0475_00/00188.jpg",
      "transform_matrix": [
        [
          -0.925089,
          0.179434,
          -0.334686,
          3.345462
        ],
        [
          0.378399,
          0.509869,
          -0.77256,
          9.125788
        ],
        [
          0.032022,
          -0.841331,
          -0.539571,
          1.556237
        ],
        [
          0.0,
          0.0,
          0.0,
          1.0
        ]
      ]
    },
    {
      "file_path": "/media/NFS/ttao/scannet/posed_images/scene0475_00/00191.jpg",
      "transform_matrix": [
        [
          -0.92474,
          0.180229,
          -0.335222,
          3.263026
        ],
        [
          0.380088,
          0.482983,
          -0.788835,
          9.150258
        ],
        [
          0.019735,
          -0.856881,
          -0.515136,
          1.540504
        ],
        [
          0.0,
          0.0,
          0.0,
          1.0
        ]
      ]
    },
    {
      "file_path": "/media/NFS/ttao/scannet/posed_images/scene0475_00/00192.jpg",
      "transform_matrix": [
        [
          -0.925305,
          0.18238,
          -0.332487,
          3.237435
        ],
        [
          0.37877,
          0.487308,
          -0.786806,
          9.150342
        ],
        [
          0.018525,
          -0.853972,
          -0.519989,
          1.540332
        ],
        [
          0.0,
          0.0,
          0.0,
          1.0
        ]
      ]
    },
    {
      "file_path": "/media/NFS/ttao/scannet/posed_images/scene0475_00/00196.jpg",
      "transform_matrix": [
        [
          -0.92712,
          0.179437,
          -0.329014,
          3.125168
        ],
        [
          0.374114,
          0.494779,
          -0.784367,
          9.153883
        ],
        [
          0.022045,
          -0.850292,
          -0.52585,
          1.538298
        ],
        [
          0.0,
          0.0,
          0.0,
          1.0
        ]
      ]
    },
    {
      "file_path": "/media/NFS/ttao/scannet/posed_images/scene0475_00/00200.jpg",
      "transform_matrix": [
        [
          -0.923072,
          0.193361,
          -0.332489,
          3.032411
        ],
        [
          0.384395,
          0.493698,
          -0.780066,
          9.152414
        ],
        [
          0.013315,
          -0.847864,
          -0.530046,
          1.53601
        ],
        [
          0.0,
          0.0,
          0.0,
          1.0
        ]
      ]
    },
    {
      "file_path": "/media/NFS/ttao/scannet/posed_images/scene0475_00/00203.jpg",
      "transform_matrix": [
        [
          -0.921528,
          0.200895,
          -0.332306,
          2.968439
        ],
        [
          0.388224,
          0.494866,
          -0.777425,
          9.129632
        ],
        [
          0.008267,
          -0.845428,
          -0.534025,
          1.541242
        ],
        [
          0.0,
          0.0,
          0.0,
          1.0
        ]
      ]
    },
    {
      "file_path": "/media/NFS/ttao/scannet/posed_images/scene0475_00/00204.jpg",
      "transform_matrix": [
        [
          -0.9234,
          0.199052,
          -0.328193,
          2.940948
        ],
        [
          0.383779,
          0.493856,
          -0.780269,
          9.139377
        ],
        [
          0.006766,
          -0.846454,
          -0.532419,
          1.538963
        ],
        [
          0.0,
          0.0,
          0.0,
          1.0
        ]
      ]
    },
    {
      "file_path": "/media/NFS/ttao/scannet/posed_images/scene0475_00/00207.jpg",
      "transform_matrix": [
        [
          -0.922935,
          0.194729,
          -0.33207,
          2.88781
        ],
        [
          0.38477,
          0.493338,
          -0.780109,
          9.111487
        ],
        [
          0.011913,
          -0.847761,
          -0.530245,
          1.531313
        ],
        [
          0.0,
          0.0,
          0.0,
          1.0
        ]
      ]
    },
    {
      "file_path": "/media/NFS/ttao/scannet/posed_images/scene0475_00/00210.jpg",
      "transform_matrix": [
        [
          -0.928299,
          0.18368,
          -0.3233,
          2.838372
        ],
        [
          0.371513,
          0.494326,
          -0.785888,
          9.085039
        ],
        [
          0.015463,
          -0.849649,
          -0.527122,
          1.521175
        ],
        [
          0.0,
          0.0,
          0.0,
          1.0
        ]
      ]
    },
    {
      "file_path": "/media/NFS/ttao/scannet/posed_images/scene0475_00/00214.jpg",
      "transform_matrix": [
        [
          -0.936329,
          0.157284,
          -0.313926,
          2.773793
        ],
        [
          0.349719,
          0.49765,
          -0.793751,
          9.031517
        ],
        [
          0.031381,
          -0.852998,
          -0.52097,
          1.526612
        ],
        [
          0.0,
          0.0,
          0.0,
          1.0
        ]
      ]
    },
    {
      "file_path": "/media/NFS/ttao/scannet/posed_images/scene0475_00/00218.jpg",
      "transform_matrix": [
        [
          -0.944462,
          0.150054,
          -0.292361,
          2.69873
        ],
        [
          0.327415,
          0.5058,
          -0.798102,
          8.979734
        ],
        [
          0.028118,
          -0.8495,
          -0.526838,
          1.541719
        ],
        [
          0.0,
          0.0,
          0.0,
          1.0
        ]
      ]
    },
    {
      "file_path": "/media/NFS/ttao/scannet/posed_images/scene0475_00/00221.jpg",
      "transform_matrix": [
        [
          -0.947341,
          0.145574,
          -0.285225,
          2.637519
        ],
        [
          0.318869,
          0.510752,
          -0.798408,
          8.947188
        ],
        [
          0.029452,
          -0.847314,
          -0.530276,
          1.540176
        ],
        [
          0.0,
          0.0,
          0.0,
          1.0
        ]
      ]
    },
    {
      "file_path": "/media/NFS/ttao/scannet/posed_images/scene0475_00/00224.jpg",
      "transform_matrix": [
        [
          -0.953653,
          0.136863,
          -0.267982,
          2.592034
        ],
        [
          0.299675,
          0.512505,
          -0.804694,
          8.910362
        ],
        [
          0.02721,
          -0.847707,
          -0.529767,
          1.54603
        ],
        [
          0.0,
          0.0,
          0.0,
          1.0
        ]
      ]
    },
    {
      "file_path": "/media/NFS/ttao/scannet/posed_images/scene0475_00/00227.jpg",
      "transform_matrix": [
        [
          -0.961322,
          0.121725,
          -0.247068,
          2.550208
        ],
        [
          0.273842,
          0.518511,
          -0.810035,
          8.879144
        ],
        [
          0.029506,
          -0.846362,
          -0.53179,
          1.546506
        ],
        [
          0.0,
          0.0,
          0.0,
          1.0
        ]
      ]
    },
    {
      "file_path": "/media/NFS/ttao/scannet/posed_images/scene0475_00/00229.jpg",
      "transform_matrix": [
        [
          -0.965879,
          0.111365,
          -0.23383,
          2.528182
        ],
        [
          0.256992,
          0.524175,
          -0.811909,
          8.850777
        ],
        [
          0.03215,
          -0.844297,
          -0.53491,
          1.544218
        ],
        [
          0.0,
          0.0,
          0.0,
          1.0
        ]
      ]
    },
    {
      "file_path": "/media/NFS/ttao/scannet/posed_images/scene0475_00/00232.jpg",
      "transform_matrix": [
        [
          -0.975033,
          0.088416,
          -0.203698,
          2.481262
        ],
        [
          0.219194,
          0.530104,
          -0.819112,
          8.830589
        ],
        [
          0.035559,
          -0.84331,
          -0.536249,
          1.526799
        ],
        [
          0.0,
          0.0,
          0.0,
          1.0
        ]
      ]
    },
    {
      "file_path": "/media/NFS/ttao/scannet/posed_images/scene0475_00/00237.jpg",
      "transform_matrix": [
        [
          -0.990807,
          0.032406,
          -0.131348,
          2.397637
        ],
        [
          0.128857,
          0.521802,
          -0.843279,
          8.782866
        ],
        [
          0.041211,
          -0.852451,
          -0.52118,
