{
  "frames": [
    {
      "file_path": "/media/NFS/ttao/scannet/posed_images/scene0388_01/00000.jpg",
      "transform_matrix": [
        [
          -0.382356,
          0.398434,
          -0.833699,
          3.250602
        ],
        [
          0.921942,
          0.224906,
          -0.315342,
          2.907907
        ],
        [
          0.061861,
          -0.889195,
          -0.453327,
          1.375858
        ],
        [
          0.0,
          0.0,
          0.0,
          1.0
        ]
      ]
    },
    {
      "file_path": "/media/NFS/ttao/scannet/posed_images/scene0388_01/00002.jpg",
      "transform_matrix": [
        [
          -0.380409,
          0.385799,
          -0.840505,
          3.239331
        ],
        [
          0.922502,
          0.222578,
          -0.315355,
          2.911084
        ],
        [
          0.065414,
          -0.895332,
          -0.44057,
          1.37799
        ],
        [
          0.0,
          0.0,
          0.0,
          1.0
        ]
      ]
    },
    {
      "file_path": "/media/NFS/ttao/scannet/posed_images/scene0388_01/00006.jpg",
      "transform_matrix": [
        [
          -0.385222,
          0.377236,
          -0.842198,
          3.215371
        ],
        [
          0.92127,
          0.210157,
          -0.327256,
          2.923984
        ],
        [
          0.053541,
          -0.901957,
          -0.428493,
          1.381619
        ],
        [
          0.0,
          0.0,
          0.0,
          1.0
        ]
      ]
    },
    {
      "file_path": "/media/NFS/ttao/scannet/posed_images/scene0388_01/00008.jpg",
      "transform_matrix": [
        [
          -0.391758,
          0.377511,
          -0.839054,
          3.202503
        ],
        [
          0.919041,
          0.203644,
          -0.33748,
          2.924546
        ],
        [
          0.043466,
          -0.903335,
          -0.426727,
          1.385326
        ],
        [
          0.0,
          0.0,
          0.0,
          1.0
        ]
      ]
    },
    {
      "file_path": "/media/NFS/ttao/scannet/posed_images/scene0388_01/00010.jpg",
      "transform_matrix": [
        [
          -0.388088,
          0.367308,
          -0.845265,
          3.208102
        ],
        [
          0.920799,
          0.193282,
          -0.338778,
          2.92418
        ],
        [
          0.038939,
          -0.909795,
          -0.413227,
          1.386166
        ],
        [
          0.0,
          0.0,
          0.0,
          1.0
        ]
      ]
    },
    {
      "file_path": "/media/NFS/ttao/scannet/posed_images/scene0388_01/00012.jpg",
      "transform_matrix": [
        [
          -0.385398,
          0.359287,
          -0.84993,
          3.193298
        ],
        [
          0.92193,
          0.188755,
          -0.338255,
          2.921107
        ],
        [
          0.038898,
          -0.913939,
          -0.403983,
          1.380155
        ],
        [
          0.0,
          0.0,
          0.0,
          1.0
        ]
      ]
    },
    {
      "file_path": "/media/NFS/ttao/scannet/posed_images/scene0388_01/00014.jpg",
      "transform_matrix": [
        [
          -0.384624,
          0.357682,
          -0.850957,
          3.171267
        ],
        [
          0.922077,
          0.191713,
          -0.336187,
          2.913524
        ],
        [
          0.042892,
          -0.913953,
          -0.403547,
          1.381414
        ],
        [
          0.0,
          0.0,
          0.0,
          1.0
        ]
      ]
    },
    {
      "file_path": "/media/NFS/ttao/scannet/posed_images/scene0388_01/00017.jpg",
      "transform_matrix": [
        [
          -0.371482,
          0.340891,
          -0.863594,
          3.137808
        ],
        [
          0.926742,
          0.192382,
          -0.322705,
          2.895752
        ],
        [
          0.056133,
          -0.920208,
          -0.387384,
          1.389937
        ],
        [
          0.0,
          0.0,
          0.0,
          1.0
        ]
      ]
    },
    {
      "file_path": "/media/NFS/ttao/scannet/posed_images/scene0388_01/00018.jpg",
      "transform_matrix": [
        [
          -0.365074,
          0.330937,
          -0.870173,
          3.127614
        ],
        [
          0.928931,
          0.191445,
          -0.316917,
          2.889632
        ],
        [
          0.061711,
          -0.924029,
          -0.377309,
          1.395249
        ],
        [
          0.0,
          0.0,
          0.0,
          1.0
        ]
      ]
    },
    {
      "file_path": "/media/NFS/ttao/scannet/posed_images/scene0388_01/00022.jpg",
      "transform_matrix": [
        [
          -0.340823,
          0.288205,
          -0.894862,
          3.090731
        ],
        [
          0.93769,
          0.172706,
          -0.301512,
          2.863891
        ],
        [
          0.067651,
          -0.941866,
          -0.329109,
          1.403902
        ],
        [
          0.0,
          0.0,
          0.0,
          1.0
        ]
      ]
    },
    {
      "file_path": "/media/NFS/ttao/scannet/posed_images/scene0388_01/00023.jpg",
      "transform_matrix": [
        [
          -0.335781,
          0.288901,
          -0.896542,
          3.081865
        ],
        [
          0.939684,
          0.168578,
          -0.297617,
          2.856335
        ],
        [
          0.065155,
          -0.9424,
          -0.328081,
          1.405199
        ],
        [
          0.0,
          0.0,
          0.0,
          1.0
        ]
      ]
    },
    {
      "file_path": "/media/NFS/ttao/scannet/posed_images/scene0388_01/00027.jpg",
      "transform_matrix": [
        [
          -0.319862,
          0.270801,
          -0.90794,
          3.034262
        ],
        [
          0.944943,
          0.161038,
          -0.284867,
          2.828583
        ],
        [
          0.06907,
          -0.94907,
          -0.307401,
          1.421191
        ],
        [
          0.0,
          0.0,
          0.0,
          1.0
        ]
      ]
    },
    {
      "file_path": "/media/NFS/ttao/scannet/posed_images/scene0388_01/00029.jpg",
      "transform_matrix": [
        [
          -0.313578,
          0.263393,
          -0.912301,
          3.014153
        ],
        [
          0.947192,
          0.15461,
          -0.280933,
          2.816669
        ],
        [
          0.067055,
          -0.952219,
          -0.297966,
          1.423074
        ],
        [
          0.0,
          0.0,
          0.0,
          1.0
        ]
      ]
    },
    {
      "file_path": "/media/NFS/ttao/scannet/posed_images/scene0388_01/00031.jpg",
      "transform_matrix": [
        [
          -0.304143,
          0.264204,
          -0.915256,
          2.996654
        ],
        [
          0.950566,
          0.147325,
          -0.273349,
          2.804167
        ],
        [
          0.06262,
          -0.953148,
          -0.295951,
          1.423727
        ],
        [
          0.0,
          0.0,
          0.0,
          1.0
        ]
      ]
    },
    {
      "file_path": "/media/NFS/ttao/scannet/posed_images/scene0388_01/00032.jpg",
      "transform_matrix": [
        [
          -0.298968,
          0.265992,
          -0.916442,
          2.983302
        ],
        [
          0.952489,
          0.141723,
          -0.269593,
          2.797799
        ],
        [
          0.058171,
          -0.953501,
          -0.295724,
          1.425463
        ],
        [
          0.0,
          0.0,
          0.0,
          1.0
        ]
      ]
    },
    {
      "file_path": "/media/NFS/ttao/scannet/posed_images/scene0388_01/00036.jpg",
      "transform_matrix": [
        [
          -0.286506,
          0.260979,
          -0.921848,
          2.94194
        ],
        [
          0.95691,
          0.125451,
          -0.261888,
          2.789763
        ],
        [
          0.047299,
          -0.957158,
          -0.285676,
          1.430608
        ],
        [
          0.0,
          0.0,
          0.0,
          1.0
        ]
      ]
    },
    {
      "file_path": "/media/NFS/ttao/scannet/posed_images/scene0388_01/00037.jpg",
      "transform_matrix": [
        [
          -0.286881,
          0.258004,
          -0.922569,
          2.93167
        ],
        [
          0.956789,
          0.124907,
          -0.262591,
          2.789324
        ],
        [
          0.047485,
          -0.958036,
          -0.282689,
          1.432276
        ],
        [
          0.0,
          0.0,
          0.0,
          1.0
        ]
      ]
    },
    {
      "file_path": "/media/NFS/ttao/scannet/posed_images/scene0388_01/00041.jpg",
      "transform_matrix": [
        [
          -0.290763,
          0.235048,
          -0.927475,
          2.89211
        ],
        [
          0.955479,
          0.122157,
          -0.268585,
          2.790314
        ],
        [
          0.050167,
          -0.964277,
          -0.260101,
          1.43536
        ],
        [
          0.0,
          0.0,
          0.0,
          1.0
        ]
      ]
    },
    {
      "file_path": "/media/NFS/ttao/scannet/posed_images/scene0388_01/00042.jpg",
      "transform_matrix": [
        [
          -0.295175,
          0.229102,
          -0.927569,
          2.881411
        ],
        [
          0.954245,
          0.119308,
          -0.274196,
          2.795254
        ],
        [
          0.047847,
          -0.966063,
          -0.253836,
          1.435
        ],
        [
          0.0,
          0.0,
          0.0,
          1.0
        ]
      ]
    },
    {
      "file_path": "/media/NFS/ttao/scannet/posed_images/scene0388_01/00044.jpg",
      "transform_matrix": [
        [
          -0.304363,
          0.220909,
          -0.926586,
          2.850767
        ],
        [
          0.951647,
          0.113018,
          -0.28565,
          2.794897
        ],
        [
          0.041618,
          -0.968724,
          -0.244626,
          1.440237
        ],
        [
          0.0,
          0.0,
          0.0,
          1.0
        ]
      ]
    },
    {
      "file_path": "/media/NFS/ttao/scannet/posed_images/scene0388_01/00048.jpg",
      "transform_matrix": [
        [
          -0.347745,
          0.197613,
          -0.916528,
          2.799428
        ],
        [
          0.937045,
          0.106562,
          -0.332553,
          2.80632
        ],
        [
          0.03195,
          -0.974471,
          -0.222229,
          1.44598
        ],
        [
          0.0,
          0.0,
          0.0,
          1.0
        ]
      ]
    },
    {
      "file_path": "/media/NFS/ttao/scannet/posed_images/scene0388_01/00049.jpg",
      "transform_matrix": [
        [
          -0.35984,
          0.196161,
          -0.91216,
          2.78791
        ],
        [
          0.9324,
          0.111066,
          -0.343939,
          2.808997
        ],
        [
          0.033842,
          -0.974261,
          -0.222867,
          1.445285
        ],
        [
          0.0,
          0.0,
          0.0,
          1.0
        ]
      ]
    },
    {
      "file_path": "/media/NFS/ttao/scannet/posed_images/scene0388_01/00051.jpg",
      "transform_matrix": [
        [
          -0.386199,
          0.198542,
          -0.900795,
          2.762739
        ],
        [
          0.921623,
          0.123519,
          -0.367904,
          2.820478
        ],
        [
          0.038221,
          -0.972278,
          -0.230684,
          1.454021
        ],
        [
          0.0,
          0.0,
          0.0,
          1.0
        ]
      ]
    },
    {
      "file_path": "/media/NFS/ttao/scannet/posed_images/scene0388_01/00054.jpg",
      "transform_matrix": [
        [
          -0.420101,
          0.173438,
          -0.890749,
          2.721587
        ],
        [
          0.906378,
          0.128484,
          -0.402455,
          2.829388
        ],
        [
          0.044646,
          -0.976428,
          -0.211176,
          1.464321
        ],
        [
          0.0,
          0.0,
          0.0,
          1.0
        ]
      ]
    },
    {
      "file_path": "/media/NFS/ttao/scannet/posed_images/scene0388_01/00056.jpg",
      "transform_matrix": [
        [
          -0.440305,
          0.151986,
          -0.884891,
          2.698525
        ],
        [
          0.896735,
          0.123516,
          -0.424984,
          2.837801
        ],
        [
          0.044707,
          -0.980634,
          -0.190676,
          1.475815
        ],
        [
          0.0,
          0.0,
          0.0,
          1.0
        ]
      ]
    },
    {
      "file_path": "/media/NFS/ttao/scannet/posed_images/scene0388_01/00058.jpg",
      "transform_matrix": [
        [
          -0.451204,
          0.12781,
          -0.883221,
          2.682548
        ],
        [
          0.891391,
          0.112082,
          -0.439159,
          2.841059
        ],
        [
          0.042865,
          -0.985445,
          -0.1645,
          1.46977
        ],
        [
          0.0,
          0.0,
          0.0,
          1.0
        ]
      ]
    },
    {
      "file_path": "/media/NFS/ttao/scannet/posed_images/scene0388_01/00062.jpg",
      "transform_matrix": [
        [
          -0.4755,
          0.168033,
          -0.863519,
          2.630818
        ],
        [
          0.879034,
          0.129394,
          -0.458864,
          2.848977
        ],
        [
          0.03463,
          -0.977252,
          -0.209234,
          1.457858
        ],
        [
          0.0,
          0.0,
          0.0,
          1.0
        ]
      ]
    },
    {
      "file_path": "/media/NFS/ttao/scannet/posed_images/scene0388_01/00063.jpg",
      "transform_matrix": [
        [
          -0.475067,
          0.173323,
          -0.862711,
          2.620628
        ],
        [
          0.879311,
          0.130838,
          -0.457923,
          2.843421
        ],
        [
          0.033507,
          -0.976135,
          -0.214562,
          1.455647
        ],
        [
          0.0,
          0.0,
          0.0,
          1.0
        ]
      ]
    },
    {
      "file_path": "/media/NFS/ttao/scannet/posed_images/scene0388_01/00066.jpg",
      "transform_matrix": [
        [
          -0.493506,
          0.182762,
          -0.850324,
          2.586653
        ],
        [
          0.869276,
          0.13567,
          -0.475345,
          2.837861
        ],
        [
          0.028488,
          -0.973751,
          -0.225824,
          1.451484
        ],
        [
          0.0,
          0.0,
          0.0,
          1.0
        ]
      ]
    },
    {
      "file_path": "/media/NFS/ttao/scannet/posed_images/scene0388_01/00069.jpg",
      "transform_matrix": [
        [
          -0.515194,
          0.182035,
          -0.837519,
          2.546141
        ],
        [
          0.856763,
          0.135666,
          -0.497545,
          2.829465
        ],
        [
          0.023052,
          -0.973888,
          -0.225855,
          1.442457
        ],
        [
          0.0,
          0.0,
          0.0,
          1.0
        ]
      ]
    },
    {
      "file_path": "/media/NFS/ttao/scannet/posed_images/scene0388_01/00070.jpg",
      "transform_matrix": [
        [
          -0.519375,
          0.181344,
          -0.835083,
          2.528291
        ],
        [
          0.854072,
          0.142719,
          -0.500192,
          2.826033
        ],
        [
          0.028475,
          -0.973009,
          -0.229005,
          1.447112
        ],
        [
          0.0,
          0.0,
          0.0,
          1.0
        ]
      ]
    },
    {
      "file_path": "/media/NFS/ttao/scannet/posed_images/scene0388_01/00073.jpg",
      "transform_matrix": [
        [
          -0.519942,
          0.167819,
          -0.837554,
          2.479638
        ],
        [
          0.852102,
          0.170607,
          -0.494789,
          2.797761
        ],
        [
          0.059858,
          -0.970943,
          -0.231705,
          1.441055
        ],
        [
          0.0,
          0.0,
          0.0,
          1.0
        ]
      ]
    },
    {
      "file_path": "/media/NFS/ttao/scannet/posed_images/scene0388_01/00074.jpg",
      "transform_matrix": [
        [
          -0.523477,
          0.171096,
          -0.834684,
          2.46417
        ],
        [
          0.849807,
          0.175716,
          -0.496942,
          2.790341
        ],
        [
          0.061642,
          -0.969459,
          -0.237382,
          1.437296
        ],
        [
          0.0,
          0.0,
          0.0,
          1.0
        ]
      ]
    },
    {
      "file_path": "/media/NFS/ttao/scannet/posed_images/scene0388_01/00078.jpg",
      "transform_matrix": [
        [
          -0.54733,
          0.189508,
          -0.815179,
          2.40981
        ],
        [
          0.834942,
          0.190522,
          -0.516307,
          2.768823
        ],
        [
          0.057465,
          -0.963218,
          -0.262506,
          1.433547
        ],
        [
          0.0,
          0.0,
          0.0,
          1.0
        ]
      ]
    },
    {
      "file_path": "/media/NFS/ttao/scannet/posed_images/scene0388_01/00079.jpg",
      "transform_matrix": [
        [
          -0.55271,
          0.198849,
          -0.809302,
          2.399472
        ],
        [
          0.831769,
          0.191856,
          -0.520914,
          2.76387
        ],
        [
          0.051686,
          -0.961067,
          -0.271438,
          1.428898
        ],
        [
          0.0,
          0.0,
          0.0,
          1.0
        ]
      ]
    },
    {
      "file_path": "/media/NFS/ttao/scannet/posed_images/scene0388_01/00082.jpg",
      "transform_matrix": [
        [
          -0.568828,
          0.221749,
          -0.791999,
          2.337699
        ],
        [
          0.821754,
          0.193043,
          -0.536149,
          2.74883
        ],
        [
          0.034,
          -0.955804,
          -0.292031,
          1.43731
        ],
        [
          0.0,
          0.0,
          0.0,
          1.0
        ]
      ]
    },
    {
      "file_path": "/media/NFS/ttao/scannet/posed_images/scene0388_01/00085.jpg",
      "transform_matrix": [
        [
          -0.573688,
          0.269843,
          -0.773348,
          2.298928
        ],
        [
          0.819073,
          0.187993,
          -0.542013,
          2.740889
        ],
        [
          -0.000874,
          -0.944375,
          -0.32887,
          1.421749
        ],
        [
          0.0,
          0.0,
          0.0,
          1.0
        ]
      ]
    },
    {
      "file_path": "/media/NFS/ttao/scannet/posed_images/scene0388_01/00087.jpg",
      "transform_matrix": [
        [
          -0.585577,
          0.291723,
          -0.756305,
          2.275792
        ],
        [
          0.810609,
          0.214876,
          -0.54474,
          2.730058
        ],
        [
          0.003599,
          -0.932055,
          -0.362299,
          1.422324
        ],
        [
          0.0,
          0.0,
          0.0,
          1.0
        ]
      ]
    },
    {
      "file_path": "/media/NFS/ttao/scannet/posed_images/scene0388_01/00090.jpg",
      "transform_matrix": [
        [
          -0.599146,
          0.28815,
          -0.746989,
          2.222981
        ],
        [
          0.800638,
          0.217383,
          -0.558322,
          2.72004
        ],
        [
          0.001502,
          -0.932585,
          -0.360948,
          1.419293
        ],
        [
          0.0,
          0.0,
          0.0,
          1.0
        ]
      ]
    },
    {
      "file_path": "/media/NFS/ttao/scannet/posed_images/scene0388_01/00091.jpg",
      "transform_matrix": [
        [
          -0.603137,
          0.292421,
          -0.742102,
          2.208606
        ],
        [
          0.797562,
          0.208289,
          -0.566136,
          2.720678
        ],
        [
          -0.010978,
          -0.93333,
          -0.358851,
          1.411043
        ],
        [
          0.0,
          0.0,
          0.0,
          1.0
        ]
      ]
    },
    {
      "file_path": "/media/NFS/ttao/scannet/posed_images/scene0388_01/00094.jpg",
      "transform_matrix": [
        [
          -0.636494,
          0.292113,
          -0.713824,
          2.1584
        ],
        [
          0.771035,
          0.21762,
          -0.598453,
          2.721756
        ],
        [
          -0.019474,
          -0.931296,
          -0.363744,
          1.410152
        ],
        [
          0.0,
          0.0,
          0.0,
          1.0
        ]
      ]
    },
    {
      "file_path": "/media/NFS/ttao/scannet/posed_images/scene0388_01/00096.jpg",
      "transform_matrix": [
        [
          -0.663972,
          0.280734,
          -0.693059,
          2.129019
        ],
        [
          0.747623,
          0.231615,
          -0.622427,
          2.715666
        ],
        [
          -0.014214,
          -0.93142,
          -0.363669,
          1.40849
        ],
        [
          0.0,
          0.0,
          0.0,
          1.0
        ]
      ]
    },
    {
      "file_path": "/media/NFS/ttao/scannet/posed_images/scene0388_01/00099.jpg",
      "transform_matrix": [
        [
          -0.713109,
          0.254553,
          -0.653206,
          2.08115
        ],
        [
          0.701046,
          0.254935,
          -0.665989,
          2.716794
        ],
        [
          -0.003005,
          -0.932851,
          -0.36025,
          1.409947
        ],
        [
          0.0,
          0.0,
          0.0,
          1.0
        ]
      ]
    },
    {
      "file_path": "/media/NFS/ttao/scannet/posed_images/scene0388_01/00100.jpg",
      "transform_matrix": [
        [
          -0.727915,
          0.248646,
          -0.638995,
          2.05923
        ],
        [
          0.685661,
          0.268095,
          -0.676753,
          2.708554
        ],
        [
          0.00304,
          -0.930752,
          -0.365638,
          1.410295
        ],
        [
          0.0,
          0.0,
          0.0,
          1.0
        ]
      ]
    },
    {
      "file_path": "/media/NFS/ttao/scannet/posed_images/scene0388_01/00104.jpg",
      "transform_matrix": [
        [
          -0.788605,
          0.210891,
          -0.577604,
          1.997739
        ],
        [
          0.614512,
          0.303644,
          -0.728131,
          2.708205
        ],
        [
          0.02183,
          -0.929153,
          -0.36905,
          1.415025
        ],
        [
          0.0,
          0.0,
          0.0,
          1.0
        ]
      ]
    },
    {
      "file_path": "/media/NFS/ttao/scannet/posed_images/scene0388_01/00106.jpg",
      "transform_matrix": [
        [
          -0.811742,
          0.214056,
          -0.543374,
          1.973033
        ],
        [
          0.583708,
          0.327614,
          -0.742936,
          2.703138
        ],
        [
          0.018987,
          -0.920244,
          -0.390884,
          1.411971
        ],
        [
          0.0,
          0.0,
          0.0,
          1.0
        ]
      ]
    },
    {
      "file_path": "/media/NFS/ttao/scannet/posed_images/scene0388_01/00109.jpg",
      "transform_matrix": [
        [
          -0.832592,
          0.226379,
          -0.505512,
          1.942284
        ],
        [
          0.55386,
          0.34927,
          -0.755811,
          2.693699
        ],
        [
          0.005461,
          -0.909265,
          -0.416182,
          1.415325
        ],
        [
          0.0,
          0.0,
          0.0,
          1.0
        ]
      ]
    },
    {
      "file_path": "/media/NFS/ttao/scannet/posed_images/scene0388_01/00111.jpg",
      "transform_matrix": [
        [
          -0.836125,
          0.242502,
          -0.492025,
          1.923047
        ],
        [
          0.548492,
          0.357836,
          -0.755718,
          2.67083
        ],
        [
          -0.007199,
          -0.901747,
          -0.432206,
          1.412816
        ],
        [
          0.0,
          0.0,
          0.0,
          1.0
        ]
      ]
    },
    {
      "file_path": "/media/NFS/ttao/scannet/posed_images/scene0388_01/00113.jpg",
      "transform_matrix": [
        [
          -0.844343,
          0.246373,
          -0.475799,
          1.900502
        ],
        [
          0.535648,
          0.366821,
          -0.760608,
          2.661723
        ],
        [
          -0.01286,
          -0.897075,
          -0.441691,
          1.406714
        ],
        [
          0.0,
          0.0,
          0.0,
          1.0
        ]
      ]
    },
    {
      "file_path": "/media/NFS/ttao/scannet/posed_images/scene0388_01/00114.jpg",
      "transform_matrix": [
        [
          -0.847997,
          0.245581,
          -0.46967,
          1.88953
        ],
        [
          0.529886,
          0.374449,
          -0.760926,
          2.653422
        ],
        [
          -0.011002,
          -0.894135,
          -0.447662,
          1.406509
        ],
        [
          0.0,
          0.0,
          0.0,
          1.0
        ]
      ]
    },
    {
      "file_path": "/media/NFS/ttao/scannet/posed_images/scene0388_01/00117.jpg",
      "transform_matrix": [
        [
          -0.854631,
          0.238624,
          -0.461155,
          1.853527
        ],
        [
          0.519209,
          0.383676,
          -0.763685,
          2.632585
        ],
        [
          -0.005299,
          -0.892105,
          -0.451798,
          1.400346
        ],
        [
          0.0,
          0.0,
          0.0,
          1.0
        ]
      ]
    },
    {
      "file_path": "/media/NFS/ttao/scannet/posed_images/scene0388_01/00119.jpg",
      "transform_matrix": [
        [
          -0.857002,
          0.227553,
          -0.46235,
          1.830171
        ],
        [
          0.515203,
          0.396954,
          -0.759601,
          2.613838
        ],
        [
          0.010683,
          -0.889183,
          -0.457426,
          1.398073
        ],
        [
          0.0,
          0.0,
          0.0,
          1.0
        ]
      ]
    },
    {
      "file_path": "/media/NFS/ttao/scannet/posed_images/scene0388_01/00121.jpg",
      "transform_matrix": [
        [
          -0.856133,
          0.229135,
          -0.463177,
          1.811234
        ],
        [
          0.516524,
          0.406217,
          -0.753784,
          2.588706
        ],
        [
          0.015432,
          -0.884582,
          -0.466129,
          1.3985
        ],
        [
          0.0,
          0.0,
          0.0,
          1.0
        ]
      ]
    },
    {
      "file_path": "/media/NFS/ttao/scannet/posed_images/scene0388_01/00124.jpg",
      "transform_matrix": [
        [
          -0.864182,
          0.234691,
          -0.445096,
          1.772877
        ],
        [
          0.503008,
          0.426059,
          -0.751969,
          2.556648
        ],
        [
          0.013156,
          -0.873724,
          -0.486244,
          1.397549
        ],
        [
          0.0,
          0.0,
          0.0,
          1.0
        ]
      ]
    },
    {
      "file_path": "/media/NFS/ttao/scannet/posed_images/scene0388_01/00127.jpg",
      "transform_matrix": [
        [
          -0.869946,
          0.223211,
          -0.439738,
          1.741871
        ],
        [
          0.492682,
          0.432051,
          -0.755378,
          2.530781
        ],
        [
          0.021381,
          -0.87379,
          -0.485833,
          1.395066
        ],
        [
          0.0,
          0.0,
          0.0,
          1.0
        ]
      ]
    },
    {
      "file_path": "/media/NFS/ttao/scannet/posed_images/scene0388_01/00130.jpg",
      "transform_matrix": [
        [
          -0.870429,
          0.223774,
          -0.438496,
          1.725659
        ],
        [
          0.491882,
          0.431808,
          -0.756038,
          2.496602
        ],
        [
          0.020165,
          -0.873766,
          -0.485929,
          1.399899
        ],
        [
          0.0,
          0.0,
          0.0,
          1.0
        ]
      ]
    },
    {
      "file_path": "/media/NFS/ttao/scannet/posed_images/scene0388_01/00132.jpg",
      "transform_matrix": [
        [
          -0.873631,
          0.231781,
          -0.42784,
          1.706705
        ],
        [
          0.486418,
          0.439302,
          -0.755256,
          2.481347
        ],
        [
          0.012897,
          -0.867924,
          -0.49653,
          1.399016
        ],
        [
          0.0,
          0.0,
          0.0,
          1.0
        ]
      ]
    },
    {
      "file_path": "/media/NFS/ttao/scannet/posed_images/scene0388_01/00133.jpg",
      "transform_matrix": [
        [
          -0.877388,
          0.22527,
          -0.423609,
          1.698931
        ],
        [
          0.479401,
          0.446816,
          -0.755334,
          2.475819
        ],
        [
          0.019121,
          -0.8658,
          -0.500026,
          1.400615
        ],
        [
          0.0,
          0.0,
          0.0,
          1.0
        ]
      ]
    },
    {
      "file_path": "/media/NFS/ttao/scannet/posed_images/scene0388_01/00136.jpg",
      "transform_matrix": [
        [
          -0.887752,
          0.19775,
          -0.415682,
          1.672742
        ],
        [
          0.458983,
          0.449095,
          -0.766582,
          2.462389
        ],
        [
          0.035089,
          -0.871326,
          -0.489449,
          1.395658
        ],
        [
          0.0,
          0.0,
          0.0,
          1.0
        ]
      ]
    },
    {
      "file_path": "/media/NFS/ttao/scannet/posed_images/scene0388_01/00139.jpg",
      "transform_matrix": [
        [
          -0.906231,
          0.194061,
          -0.375615,
          1.637847
        ],
        [
          0.422383,
          0.454228,
          -0.784391,
          2.447284
        ],
        [
          0.018395,
          -0.869493,
          -0.493603,
          1.397309
        ],
        [
          0.0,
          0.0,
          0.0,
          1.0
        ]
      ]
    },
    {
      "file_path": "/media/NFS/ttao/scannet/posed_images/scene0388_01/00140.jpg",
      "transform_matrix": [
        [
          -0.905304,
          0.202532,
          -0.373369,
          1.657734
        ],
        [
          0.424686,
          0.448388,
          -0.786505,
          2.435086
        ],
        [
          0.008121,
          -0.870591,
          -0.49194,
          1.397154
        ],
        [
          0.0,
          0.0,
          0.0,
          1.0
        ]
      ]
    },
    {
      "file_path": "/media/NFS/ttao/scannet/posed_images/scene0388_01/00143.jpg",
      "transform_matrix": [
        [
          -0.925454,
          0.186358,
          -0.329855,
          1.64379
        ],
        [
          0.378818,
          0.442478,
          -0.812841,
          2.425745
        ],
        [
          -0.005526,
          -0.877203,
          -0.480089,
          1.392062
        ],
        [
          0.0,
          0.0,
          0.0,
          1.0
        ]
      ]
    },
    {
      "file_path": "/media/NFS/ttao/scannet/posed_images/scene0388_01/00145.jpg",
      "transform_matrix": [
        [
          -0.937691,
          0.170881,
          -0.302548,
          1.622388
        ],
        [
          0.347458,
          0.453779,
          -0.820584,
          2.418457
        ],
        [
          -0.002932,
          -0.874577,
          -0.484878,
          1.394553
        ],
        [
          0.0,
          0.0,
          0.0,
          1.0
        ]
      ]
    },
    {
      "file_path": "/media/NFS/ttao/scannet/posed_images/scene0388_01/00147.jpg",
      "transform_matrix": [
        [
          -0.945106,
          0.162263,
          -0.283629,
          1.61546
        ],
        [
          0.326739,
          0.458476,
          -0.826463,
          2.410084
        ],
        [
          -0.004067,
          -0.873768,
          -0.486326,
          1.401548
        ],
        [
          0.0,
          0.0,
          0.0,
          1.0
        ]
      ]
    },
    {
      "file_path": "/media/NFS/ttao/scannet/posed_images/scene0388_01/00151.jpg",
      "transform_matrix": [
        [
          -0.958335,
          0.128445,
          -0.25514,
          1.629791
        ],
        [
          0.28564,
          0.437434,
          -0.852679,
          2.401737
        ],
        [
          0.002085,
          -0.89003,
          -0.455897,
          1.405097
        ],
        [
          0.0,
          0.0,
          0.0,
          1.0
        ]
      ]
    },
    {
      "file_path": "/media/NFS/ttao/scannet/posed_images/scene0388_01/00153.jpg",
      "transform_matrix": [
        [
          -0.964573,
          0.10959,
          -0.239978,
          1.601397
        ],
        [
          0.263477,
          0.446359,
          -0.855186,
          2.395669
        ],
        [
          0.013397,
          -0.888118,
          -0.459421,
          1.40597
        ],
        [
          0.0,
          0.0,
          0.0,
          1.0
        ]
      ]
    },
    {
      "file_path": "/media/NFS/ttao/scannet/posed_images/scene0388_01/00156.jpg",
      "transform_matrix": [
        [
          -0.976536,
          0.096409,
          -0.19257,
          1.559874
        ],
        [
          0.215273,
          0.461696,
          -0.86052,
          2.382425
        ],
        [
          0.005947,
          -0.881783,
          -0.471617,
          1.408981
        ],
        [
          0.0,
          0.0,
          0.0,
          1.0
        ]
      ]
    },
    {
      "file_path": "/media/NFS/ttao/scannet/posed_images/scene0388_01/00157.jpg",
      "transform_matrix": [
        [
          -0.979749,
          0.094972,
          -0.176273,
          1.54942
        ],
        [
          0.200228,
          0.46771,
          -0.860904,
          2.376293
        ],
        [
          0.000683,
          -0.878765,
          -0.477255,
          1.410554
        ],
        [
          0.0,
          0.0,
          0.0,
          1.0
        ]
      ]
    },
    {
      "file_path": "/media/NFS/ttao/scannet/posed_images/scene0388_01/00159.jpg",
      "transform_matrix": [
        [
          -0.984272,
          0.09049,
          -0.151724,
          1.524391
        ],
        [
          0.176584,
          0.4789,
          -0.859926,
          2.364939
        ],
        [
          -0.005154,
          -0.873193,
          -0.487347,
          1.409184
        ],
        [
          0.0,
          0.0,
          0.0,
          1.0
        ]
      ]
    },
    {
      "file_path": "/media/NFS/ttao/scannet/posed_images/scene0388_01/00163.jpg",
      "transform_matrix": [
        [
          -0.992153,
          0.073387,
          -0.101223,
          1.473576
        ],
        [
          0.12429,
          0.491168,
          -0.862152,
          2.335047
        ],
        [
          -0.013553,
          -0.867968,
          -0.496435,
          1.403804
        ],
        [
          0.0,
          0.0,
          0.0,
          1.0
        ]
      ]
    },
    {
      "file_path": "/media/NFS/ttao/scannet/posed_images/scene0388_01/00165.jpg",
      "transform_matrix": [
        [
          -0.994741,
          0.06719,
          -0.077301,
          1.445704
        ],
        [
          0.100511,
          0.495351,
          -0.862858,
          2.313007
        ],
        [
          -0.019684,
          -0.866091,
          -0.4995,
          1.402573
        ],
        [
          0.0,
          0.0,
          0.0,
          1.0
        ]
      ]
    },
    {
      "file_path": "/media/NFS/ttao/scannet/posed_images/scene0388_01/00166.jpg",
      "transform_matrix": [
        [
          -0.995682,
          0.063016,
          -0.068164,
          1.435253
        ],
        [
          0.09051,
          0.495874,
          -0.863665,
          2.30078
        ],
        [
          -0.020624,
          -0.866105,
          -0.499436,
          1.402508
        ],
        [
          0.0,
          0.0,
          0.0,
          1.0
        ]
      ]
    },
    {
      "file_path": "/media/NFS/ttao/scannet/posed_images/scene0388_01/00168.jpg",
      "transform_matrix": [
        [
          -0.99752,
          0.047847,
          -0.051609,
          1.411649
        ],
        [
          0.068598,
          0.497241,
          -0.864896,
          2.275598
        ],
        [
          -0.015721,
          -0.866292,
          -0.49929,
          1.40238
        ],
        [
          0.0,
          0.0,
          0.0,
          1.0
        ]
      ]
    },
    {
      "file_path": "/media/NFS/ttao/scannet/posed_images/scene0388_01/00172.jpg",
      "transform_matrix": [
        [
          -0.9997,
          0.001514,
          -0.024448,
          1.356326
        ],
        [
          0.022079,
          0.48789,
          -0.872626,
          2.223105
        ],
        [
          0.010607,
          -0.872904,
          -0.487777,
          1.408569
        ],
        [
          0.0,
          0.0,
          0.0,
          1.0
        ]
      ]
    },
    {
      "file_path": "/media/NFS/ttao/scannet/posed_images/scene0388_01/00174.jpg",
      "transform_matrix": [
        [
          -0.999718,
          -0.023747,
          -0.000144,
          1.328047
        ],
        [
          -0.01098,
          0.467622,
          -0.88386,
          2.191055
        ],
        [
          0.021057,
          -0.883609,
          -0.467751,
          1.418315
        ],
        [
          0.0,
          0.0,
          0.0,
          1.0
        ]
      ]
    },
    {
      "file_path": "/media/NFS/ttao/scannet/posed_images/scene0388_01/00176.jpg",
      "transform_matrix": [
        [
          -0.998894,
          -0.043407,
          0.018052,
          1.298979
        ],
        [
          -0.03572,
          0.45114,
          -0.891738,
          2.160945
        ],
        [
          0.030564,
          -0.891397,
          -0.452191,
          1.4204
        ],
        [
          0.0,
          0.0,
          0.0,
          1.0
        ]
      ]
    },
    {
      "file_path": "/media/NFS/ttao/scannet/posed_images/scene0388_01/00178.jpg",
      "transform_matrix": [
        [
          -0.997839,
          -0.050225,
          0.042369,
          1.271132
        ],
        [
          -0.060961,
          0.466927,
          -0.882192,
          2.134866
        ],
        [
          0.024525,
          -0.882869,
          -0.468979,
          1.420931
        ],
        [
          0.0,
          0.0,
          0.0,
          1.0
        ]
      ]
    },
    {
      "file_path": "/media/NFS/ttao/scannet/posed_images/scene0388_01/00181.jpg",
      "transform_matrix": [
        [
          -0.994156,
          -0.05584,
          0.092392,
          1.23008
        ],
        [
          -0.107634,
          0.446674,
          -0.888199,
          2.117037
        ],
        [
          0.008328,
          -0.892953,
          -0.450073,
          1.412314
        ],
