{
  "frames": [
    {
      "file_path": "/media/NFS/ttao/scannet/posed_images/scene0451_03/00000.jpg",
      "transform_matrix": [
        [
          0.427458,
          -0.498612,
          0.754099,
          1.995468
        ],
        [
          -0.903805,
          -0.216902,
          0.368903,
          5.178863
        ],
        [
          -0.020373,
          -0.839249,
          -0.543365,
          1.538351
        ],
        [
          0.0,
          0.0,
          0.0,
          1.0
        ]
      ]
    },
    {
      "file_path": "/media/NFS/ttao/scannet/posed_images/scene0451_03/00008.jpg",
      "transform_matrix": [
        [
          0.435686,
          -0.510756,
          0.741152,
          1.989717
        ],
        [
          -0.900052,
          -0.238811,
          0.364522,
          5.188805
        ],
        [
          -0.009187,
          -0.825892,
          -0.563753,
          1.531327
        ],
        [
          0.0,
          0.0,
          0.0,
          1.0
        ]
      ]
    },
    {
      "file_path": "/media/NFS/ttao/scannet/posed_images/scene0451_03/00013.jpg",
      "transform_matrix": [
        [
          0.44317,
          -0.510075,
          0.737173,
          1.98411
        ],
        [
          -0.896387,
          -0.243438,
          0.370443,
          5.190679
        ],
        [
          -0.009498,
          -0.824962,
          -0.565109,
          1.530289
        ],
        [
          0.0,
          0.0,
          0.0,
          1.0
        ]
      ]
    },
    {
      "file_path": "/media/NFS/ttao/scannet/posed_images/scene0451_03/00014.jpg",
      "transform_matrix": [
        [
          0.444185,
          -0.510215,
          0.736465,
          1.983485
        ],
        [
          -0.895914,
          -0.247338,
          0.369002,
          5.189176
        ],
        [
          -0.006114,
          -0.823714,
          -0.566972,
          1.528835
        ],
        [
          0.0,
          0.0,
          0.0,
          1.0
        ]
      ]
    },
    {
      "file_path": "/media/NFS/ttao/scannet/posed_images/scene0451_03/00022.jpg",
      "transform_matrix": [
        [
          0.400894,
          -0.501858,
          0.766435,
          1.992603
        ],
        [
          -0.916113,
          -0.22394,
          0.332549,
          5.179778
        ],
        [
          0.004743,
          -0.835457,
          -0.549535,
          1.540616
        ],
        [
          0.0,
          0.0,
          0.0,
          1.0
        ]
      ]
    },
    {
      "file_path": "/media/NFS/ttao/scannet/posed_images/scene0451_03/00029.jpg",
      "transform_matrix": [
        [
          0.335038,
          -0.481562,
          0.809844,
          2.00353
        ],
        [
          -0.942133,
          -0.181838,
          0.28164,
          5.157966
        ],
        [
          0.011634,
          -0.857341,
          -0.514618,
          1.553651
        ],
        [
          0.0,
          0.0,
          0.0,
          1.0
        ]
      ]
    },
    {
      "file_path": "/media/NFS/ttao/scannet/posed_images/scene0451_03/00035.jpg",
      "transform_matrix": [
        [
          0.243108,
          -0.472001,
          0.847416,
          2.015936
        ],
        [
          -0.969793,
          -0.136299,
          0.202299,
          5.138617
        ],
        [
          0.020017,
          -0.870998,
          -0.490878,
          1.562786
        ],
        [
          0.0,
          0.0,
          0.0,
          1.0
        ]
      ]
    },
    {
      "file_path": "/media/NFS/ttao/scannet/posed_images/scene0451_03/00037.jpg",
      "transform_matrix": [
        [
          0.215785,
          -0.470727,
          0.855484,
          2.019263
        ],
        [
          -0.976226,
          -0.122398,
          0.178892,
          5.127226
        ],
        [
          0.020501,
          -0.873748,
          -0.485947,
          1.563591
        ],
        [
          0.0,
          0.0,
          0.0,
          1.0
        ]
      ]
    },
    {
      "file_path": "/media/NFS/ttao/scannet/posed_images/scene0451_03/00041.jpg",
      "transform_matrix": [
        [
          0.15622,
          -0.468765,
          0.869399,
          2.031303
        ],
        [
          -0.987561,
          -0.090041,
          0.128904,
          5.111061
        ],
        [
          0.017856,
          -0.878722,
          -0.477,
          1.572727
        ],
        [
          0.0,
          0.0,
          0.0,
          1.0
        ]
      ]
    },
    {
      "file_path": "/media/NFS/ttao/scannet/posed_images/scene0451_03/00046.jpg",
      "transform_matrix": [
        [
          0.078438,
          -0.465843,
          0.881384,
          2.036741
        ],
        [
          -0.996829,
          -0.048507,
          0.063074,
          5.092721
        ],
        [
          0.01337,
          -0.883537,
          -0.468171,
          1.574989
        ],
        [
          0.0,
          0.0,
          0.0,
          1.0
        ]
      ]
    },
    {
      "file_path": "/media/NFS/ttao/scannet/posed_images/scene0451_03/00053.jpg",
      "transform_matrix": [
        [
          -0.036318,
          -0.469966,
          0.881937,
          2.045834
        ],
        [
          -0.999223,
          0.003533,
          -0.039265,
          5.073696
        ],
        [
          0.015337,
          -0.882678,
          -0.469729,
          1.573423
        ],
        [
          0.0,
          0.0,
          0.0,
          1.0
        ]
      ]
    },
    {
      "file_path": "/media/NFS/ttao/scannet/posed_images/scene0451_03/00057.jpg",
      "transform_matrix": [
        [
          -0.117154,
          -0.476975,
          0.871074,
          2.049398
        ],
        [
          -0.992998,
          0.042872,
          -0.110076,
          5.053439
        ],
        [
          0.015159,
          -0.877871,
          -0.478658,
          1.564674
        ],
        [
          0.0,
          0.0,
          0.0,
          1.0
        ]
      ]
    },
    {
      "file_path": "/media/NFS/ttao/scannet/posed_images/scene0451_03/00062.jpg",
      "transform_matrix": [
        [
          -0.198063,
          -0.484051,
          0.852329,
          2.056592
        ],
        [
          -0.980118,
          0.087301,
          -0.178179,
          5.037752
        ],
        [
          0.011839,
          -0.870674,
          -0.491718,
          1.561058
        ],
        [
          0.0,
          0.0,
          0.0,
          1.0
        ]
      ]
    },
    {
      "file_path": "/media/NFS/ttao/scannet/posed_images/scene0451_03/00069.jpg",
      "transform_matrix": [
        [
          -0.301817,
          -0.486556,
          0.81986,
          2.065204
        ],
        [
          -0.953355,
          0.158179,
          -0.257087,
          4.990755
        ],
        [
          -0.004597,
          -0.859211,
          -0.511601,
          1.554497
        ],
        [
          0.0,
          0.0,
          0.0,
          1.0
        ]
      ]
    },
    {
      "file_path": "/media/NFS/ttao/scannet/posed_images/scene0451_03/00077.jpg",
      "transform_matrix": [
        [
          -0.395173,
          -0.492929,
          0.775151,
          2.083009
        ],
        [
          -0.918602,
          0.209455,
          -0.335109,
          4.926007
        ],
        [
          0.002826,
          -0.844482,
          -0.535577,
          1.530009
        ],
        [
          0.0,
          0.0,
          0.0,
          1.0
        ]
      ]
    },
    {
      "file_path": "/media/NFS/ttao/scannet/posed_images/scene0451_03/00083.jpg",
      "transform_matrix": [
        [
          -0.449228,
          -0.493204,
          0.744946,
          2.105075
        ],
        [
          -0.893414,
          0.250232,
          -0.373089,
          4.861363
        ],
        [
          -0.0024,
          -0.833147,
          -0.553046,
          1.524983
        ],
        [
          0.0,
          0.0,
          0.0,
          1.0
        ]
      ]
    },
    {
      "file_path": "/media/NFS/ttao/scannet/posed_images/scene0451_03/00085.jpg",
      "transform_matrix": [
        [
          -0.471408,
          -0.485372,
          0.736334,
          2.11303
        ],
        [
          -0.881904,
          0.263609,
          -0.390839,
          4.838183
        ],
        [
          -0.004402,
          -0.833621,
          -0.552319,
          1.525162
        ],
        [
          0.0,
          0.0,
          0.0,
          1.0
        ]
      ]
    },
    {
      "file_path": "/media/NFS/ttao/scannet/posed_images/scene0451_03/00093.jpg",
      "transform_matrix": [
        [
          -0.542839,
          -0.453425,
          0.706917,
          2.141217
        ],
        [
          -0.839837,
          0.293053,
          -0.45694,
          4.722013
        ],
        [
          2.4e-05,
          -0.84174,
          -0.539883,
          1.517483
        ],
        [
          0.0,
          0.0,
          0.0,
          1.0
        ]
      ]
    },
    {
      "file_path": "/media/NFS/ttao/scannet/posed_images/scene0451_03/00099.jpg",
      "transform_matrix": [
        [
          -0.585172,
          -0.434692,
          0.684555,
          2.158742
        ],
        [
          -0.810904,
          0.316647,
          -0.492107,
          4.625068
        ],
        [
          -0.002847,
          -0.843076,
          -0.537787,
          1.517074
        ],
        [
          0.0,
          0.0,
          0.0,
          1.0
        ]
      ]
    },
    {
      "file_path": "/media/NFS/ttao/scannet/posed_images/scene0451_03/00102.jpg",
      "transform_matrix": [
        [
          -0.602704,
          -0.418556,
          0.679381,
          2.176507
        ],
        [
          -0.797964,
          0.314781,
          -0.513972,
          4.627894
        ],
        [
          0.00127,
          -0.851894,
          -0.523712,
          1.505655
        ],
        [
          0.0,
          0.0,
          0.0,
          1.0
        ]
      ]
    },
    {
      "file_path": "/media/NFS/ttao/scannet/posed_images/scene0451_03/00107.jpg",
      "transform_matrix": [
        [
          -0.609631,
          -0.414853,
          0.675461,
          2.19774
        ],
        [
          -0.792678,
          0.322706,
          -0.517225,
          4.594084
        ],
        [
          -0.003403,
          -0.850739,
          -0.525577,
          1.509541
        ],
        [
          0.0,
          0.0,
          0.0,
          1.0
        ]
      ]
    },
    {
      "file_path": "/media/NFS/ttao/scannet/posed_images/scene0451_03/00113.jpg",
      "transform_matrix": [
        [
          -0.621008,
          -0.416093,
          0.664241,
          2.219276
        ],
        [
          -0.783801,
          0.332222,
          -0.524676,
          4.548949
        ],
        [
          -0.002361,
          -0.846461,
          -0.532446,
          1.50343
        ],
        [
          0.0,
          0.0,
          0.0,
          1.0
        ]
      ]
    },
    {
      "file_path": "/media/NFS/ttao/scannet/posed_images/scene0451_03/00120.jpg",
      "transform_matrix": [
        [
          -0.643137,
          -0.411473,
          0.645806,
          2.287931
        ],
        [
          -0.765741,
          0.341207,
          -0.545177,
          4.507508
        ],
        [
          0.003972,
          -0.845144,
          -0.534525,
          1.51065
        ],
        [
          0.0,
          0.0,
          0.0,
          1.0
        ]
      ]
    },
    {
      "file_path": "/media/NFS/ttao/scannet/posed_images/scene0451_03/00124.jpg",
      "transform_matrix": [
        [
          -0.651346,
          -0.403652,
          0.642505,
          2.338007
        ],
        [
          -0.75878,
          0.345742,
          -0.55201,
          4.485606
        ],
        [
          0.000679,
          -0.84707,
          -0.531481,
          1.502932
        ],
        [
          0.0,
          0.0,
          0.0,
          1.0
        ]
      ]
    },
    {
      "file_path": "/media/NFS/ttao/scannet/posed_images/scene0451_03/00131.jpg",
      "transform_matrix": [
        [
          -0.621783,
          -0.44889,
          0.641782,
          2.451772
        ],
        [
          -0.783188,
          0.354612,
          -0.510751,
          4.47575
        ],
        [
          0.001687,
          -0.820213,
          -0.572057,
          1.502485
        ],
        [
          0.0,
          0.0,
          0.0,
          1.0
        ]
      ]
    },
    {
      "file_path": "/media/NFS/ttao/scannet/posed_images/scene0451_03/00132.jpg",
      "transform_matrix": [
        [
          -0.609722,
          -0.452538,
          0.650729,
          2.466417
        ],
        [
          -0.792614,
          0.349825,
          -0.499386,
          4.479809
        ],
        [
          -0.00165,
          -0.820264,
          -0.571983,
          1.504717
        ],
        [
          0.0,
          0.0,
          0.0,
          1.0
        ]
      ]
    },
    {
      "file_path": "/media/NFS/ttao/scannet/posed_images/scene0451_03/00137.jpg",
      "transform_matrix": [
        [
          -0.520633,
          -0.484689,
          0.702864,
          2.522936
        ],
        [
          -0.853739,
          0.30373,
          -0.42294,
          4.505353
        ],
        [
          -0.008487,
          -0.820259,
          -0.571929,
          1.505989
        ],
        [
          0.0,
          0.0,
          0.0,
          1.0
        ]
      ]
    },
    {
      "file_path": "/media/NFS/ttao/scannet/posed_images/scene0451_03/00142.jpg",
      "transform_matrix": [
        [
          -0.410818,
          -0.511096,
          0.75499,
          2.559575
        ],
        [
          -0.911526,
          0.247195,
          -0.328655,
          4.51626
        ],
        [
          -0.018656,
          -0.823211,
          -0.56743,
          1.523004
        ],
        [
          0.0,
          0.0,
          0.0,
          1.0
        ]
      ]
    },
    {
      "file_path": "/media/NFS/ttao/scannet/posed_images/scene0451_03/00150.jpg",
      "transform_matrix": [
        [
          -0.208414,
          -0.530264,
          0.821817,
          2.565514
        ],
        [
          -0.977745,
          0.133609,
          -0.161749,
          4.525438
        ],
        [
          -0.024032,
          -0.837239,
          -0.546309,
          1.52218
        ],
        [
          0.0,
          0.0,
          0.0,
          1.0
        ]
      ]
    },
    {
      "file_path": "/media/NFS/ttao/scannet/posed_images/scene0451_03/00155.jpg",
      "transform_matrix": [
        [
          -0.100239,
          -0.546897,
          0.831178,
          2.563187
        ],
        [
          -0.994963,
          0.055376,
          -0.083555,
          4.523864
        ],
        [
          -0.000332,
          -0.835367,
          -0.549693,
          1.522207
        ],
        [
          0.0,
          0.0,
          0.0,
          1.0
        ]
      ]
    },
    {
      "file_path": "/media/NFS/ttao/scannet/posed_images/scene0451_03/00161.jpg",
      "transform_matrix": [
        [
          0.033371,
          -0.556361,
          0.83027,
          2.544648
        ],
        [
          -0.999443,
          -0.018693,
          0.027645,
          4.484812
        ],
        [
          0.00014,
          -0.830731,
          -0.556675,
          1.523998
        ],
        [
          0.0,
          0.0,
          0.0,
          1.0
        ]
      ]
    },
    {
      "file_path": "/media/NFS/ttao/scannet/posed_images/scene0451_03/00168.jpg",
      "transform_matrix": [
        [
          0.172745,
          -0.54472,
          0.820633,
          2.520328
        ],
        [
          -0.984936,
          -0.089018,
          0.148243,
          4.493184
        ],
        [
          -0.0077,
          -0.83388,
          -0.551892,
          1.521685
        ],
        [
          0.0,
          0.0,
          0.0,
          1.0
        ]
      ]
    },
    {
      "file_path": "/media/NFS/ttao/scannet/posed_images/scene0451_03/00172.jpg",
      "transform_matrix": [
        [
          0.250751,
          -0.53774,
          0.804959,
          2.504035
        ],
        [
          -0.968003,
          -0.130911,
          0.214088,
          4.480209
        ],
        [
          -0.009746,
          -0.832885,
          -0.55336,
          1.517244
        ],
        [
          0.0,
          0.0,
          0.0,
          1.0
        ]
      ]
    },
    {
      "file_path": "/media/NFS/ttao/scannet/posed_images/scene0451_03/00179.jpg",
      "transform_matrix": [
        [
          0.360942,
          -0.514058,
          0.778117,
          2.487475
        ],
        [
          -0.932553,
          -0.191667,
          0.305956,
          4.490805
        ],
        [
          -0.008139,
          -0.836067,
          -0.548567,
          1.51259
        ],
        [
          0.0,
          0.0,
          0.0,
          1.0
        ]
      ]
    },
    {
      "file_path": "/media/NFS/ttao/scannet/posed_images/scene0451_03/00184.jpg",
      "transform_matrix": [
        [
          0.423571,
          -0.502184,
          0.753922,
          2.482539
        ],
        [
          -0.905862,
          -0.236055,
          0.3517,
          4.494509
        ],
        [
          0.001349,
          -0.831919,
          -0.554895,
          1.511959
        ],
        [
          0.0,
          0.0,
          0.0,
          1.0
        ]
      ]
    },
    {
      "file_path": "/media/NFS/ttao/scannet/posed_images/scene0451_03/00188.jpg",
      "transform_matrix": [
        [
          0.449206,
          -0.497813,
          0.741887,
          2.479528
        ],
        [
          -0.893428,
          -0.249732,
          0.373391,
          4.499782
        ],
        [
          -0.000606,
          -0.830552,
          -0.556941,
          1.512332
        ],
        [
          0.0,
          0.0,
          0.0,
          1.0
        ]
      ]
    },
    {
      "file_path": "/media/NFS/ttao/scannet/posed_images/scene0451_03/00195.jpg",
      "transform_matrix": [
        [
          0.527099,
          -0.452976,
          0.719013,
          2.466498
        ],
        [
          -0.849641,
          -0.297489,
          0.435443,
          4.530403
        ],
        [
          0.016653,
          -0.840424,
          -0.541673,
          1.521526
        ],
        [
          0.0,
          0.0,
          0.0,
          1.0
        ]
      ]
    },
    {
      "file_path": "/media/NFS/ttao/scannet/posed_images/scene0451_03/00196.jpg",
      "transform_matrix": [
        [
          0.54136,
          -0.445073,
          0.71333,
          2.464631
        ],
        [
          -0.840626,
          -0.303295,
          0.448731,
          4.532743
        ],
        [
          0.016632,
          -0.842569,
          -0.538332,
          1.523502
        ],
        [
          0.0,
          0.0,
          0.0,
          1.0
        ]
      ]
    },
    {
      "file_path": "/media/NFS/ttao/scannet/posed_images/scene0451_03/00204.jpg",
      "transform_matrix": [
        [
          0.62627,
          -0.382846,
          0.679128,
          2.46563
        ],
        [
          -0.779557,
          -0.31733,
          0.539993,
          4.556194
        ],
        [
          0.008774,
          -0.8676,
          -0.497185,
          1.543
        ],
        [
          0.0,
          0.0,
          0.0,
          1.0
        ]
      ]
    },
    {
      "file_path": "/media/NFS/ttao/scannet/posed_images/scene0451_03/00206.jpg",
      "transform_matrix": [
        [
          0.636795,
          -0.37113,
          0.675836,
          2.46418
        ],
        [
          -0.770962,
          -0.318442,
          0.551555,
          4.561105
        ],
        [
          0.010516,
          -0.872271,
          -0.48891,
          1.545847
        ],
        [
          0.0,
          0.0,
          0.0,
          1.0
        ]
      ]
    },
    {
      "file_path": "/media/NFS/ttao/scannet/posed_images/scene0451_03/00214.jpg",
      "transform_matrix": [
        [
          0.676601,
          -0.324156,
          0.661161,
          2.471791
        ],
        [
          -0.736305,
          -0.307716,
          0.602632,
          4.574938
        ],
        [
          0.008103,
          -0.894558,
          -0.446879,
          1.563207
        ],
        [
          0.0,
          0.0,
          0.0,
          1.0
        ]
      ]
    },
    {
      "file_path": "/media/NFS/ttao/scannet/posed_images/scene0451_03/00220.jpg",
      "transform_matrix": [
        [
          0.69646,
          -0.29704,
          0.653231,
          2.473038
        ],
        [
          -0.717552,
          -0.298254,
          0.629415,
          4.585873
        ],
        [
          0.007867,
          -0.90709,
          -0.420864,
          1.576716
        ],
        [
          0.0,
          0.0,
          0.0,
          1.0
        ]
      ]
    },
    {
      "file_path": "/media/NFS/ttao/scannet/posed_images/scene0451_03/00223.jpg",
      "transform_matrix": [
        [
          0.704251,
          -0.286933,
          0.649384,
          2.474383
        ],
        [
          -0.709925,
          -0.29238,
          0.640718,
          4.587739
        ],
        [
          0.006024,
          -0.912241,
          -0.40961,
          1.581035
        ],
        [
          0.0,
          0.0,
          0.0,
          1.0
        ]
      ]
    },
    {
      "file_path": "/media/NFS/ttao/scannet/posed_images/scene0451_03/00228.jpg",
      "transform_matrix": [
        [
          0.718248,
          -0.254894,
          0.647417,
          2.465861
        ],
        [
          -0.695728,
          -0.275306,
          0.663453,
          4.596389
        ],
        [
          0.009128,
          -0.92695,
          -0.375074,
          1.596094
        ],
        [
          0.0,
          0.0,
          0.0,
          1.0
        ]
      ]
    },
    {
      "file_path": "/media/NFS/ttao/scannet/posed_images/scene0451_03/00236.jpg",
      "transform_matrix": [
        [
          0.765407,
          -0.176252,
          0.618941,
          2.451345
        ],
        [
          -0.643161,
          -0.242795,
          0.726219,
          4.605309
        ],
        [
          0.022278,
          -0.953932,
          -0.299195,
          1.626389
        ],
        [
          0.0,
          0.0,
          0.0,
          1.0
        ]
      ]
    },
    {
      "file_path": "/media/NFS/ttao/scannet/posed_images/scene0451_03/00243.jpg",
      "transform_matrix": [
        [
          0.799109,
          -0.107115,
          0.591566,
          2.421915
        ],
        [
          -0.598312,
          -0.237788,
          0.765166,
          4.627137
        ],
        [
          0.058707,
          -0.965393,
          -0.254107,
          1.656108
        ],
        [
          0.0,
          0.0,
          0.0,
          1.0
        ]
      ]
    },
    {
      "file_path": "/media/NFS/ttao/scannet/posed_images/scene0451_03/00246.jpg",
      "transform_matrix": [
        [
          0.811343,
          -0.091671,
          0.577338,
          2.40712
        ],
        [
          -0.581123,
          -0.233592,
          0.779571,
          4.628036
        ],
        [
          0.063398,
          -0.968004,
          -0.242795,
          1.658793
        ],
        [
          0.0,
          0.0,
          0.0,
          1.0
        ]
      ]
    },
    {
      "file_path": "/media/NFS/ttao/scannet/posed_images/scene0451_03/00251.jpg",
      "transform_matrix": [
        [
          0.837852,
          -0.07209,
          0.541117,
          2.395507
        ],
        [
          -0.540442,
          -0.249335,
          0.803589,
          4.638227
        ],
        [
          0.076989,
          -0.96573,
          -0.247866,
          1.660937
        ],
        [
          0.0,
          0.0,
          0.0,
          1.0
        ]
      ]
    },
    {
      "file_path": "/media/NFS/ttao/scannet/posed_images/scene0451_03/00254.jpg",
      "transform_matrix": [
        [
          0.851683,
          -0.057984,
          0.52084,
          2.392168
        ],
        [
          -0.51718,
          -0.253482,
          0.817479,
          4.642098
        ],
        [
          0.084623,
          -0.965601,
          -0.245875,
          1.66159
        ],
        [
          0.0,
          0.0,
          0.0,
          1.0
        ]
      ]
    },
    {
      "file_path": "/media/NFS/ttao/scannet/posed_images/scene0451_03/00260.jpg",
      "transform_matrix": [
        [
          0.890567,
          -0.028118,
          0.453983,
          2.385574
        ],
        [
          -0.44669,
          -0.242297,
          0.861255,
          4.648981
        ],
        [
          0.085782,
          -0.969795,
          -0.228342,
          1.671472
        ],
        [
          0.0,
          0.0,
          0.0,
          1.0
        ]
      ]
    },
    {
      "file_path": "/media/NFS/ttao/scannet/posed_images/scene0451_03/00265.jpg",
      "transform_matrix": [
        [
          0.918257,
          0.006763,
          0.395927,
          2.33276
        ],
        [
          -0.385266,
          -0.215798,
          0.897218,
          4.67387
        ],
        [
          0.091509,
          -0.976415,
          -0.195553,
          1.693311
        ],
        [
          0.0,
          0.0,
          0.0,
          1.0
        ]
      ]
    },
    {
      "file_path": "/media/NFS/ttao/scannet/posed_images/scene0451_03/00275.jpg",
      "transform_matrix": [
        [
          0.95652,
          0.067258,
          0.283805,
          2.275816
        ],
        [
          -0.268659,
          -0.175618,
          0.947091,
          4.686444
        ],
        [
          0.113541,
          -0.982158,
          -0.149913,
          1.710725
        ],
        [
          0.0,
          0.0,
          0.0,
          1.0
        ]
      ]
    },
    {
      "file_path": "/media/NFS/ttao/scannet/posed_images/scene0451_03/00276.jpg",
      "transform_matrix": [
        [
          0.958841,
          0.070974,
          0.274931,
          2.267951
        ],
        [
          -0.259351,
          -0.175261,
          0.949747,
          4.689348
        ],
        [
          0.115592,
          -0.98196,
          -0.149641,
          1.714135
        ],
        [
          0.0,
          0.0,
          0.0,
          1.0
        ]
      ]
    },
    {
      "file_path": "/media/NFS/ttao/scannet/posed_images/scene0451_03/00282.jpg",
      "transform_matrix": [
        [
          0.977078,
          0.087346,
          0.194136,
          2.256849
        ],
        [
          -0.177425,
          -0.169808,
          0.969374,
          4.687562
        ],
        [
          0.117637,
          -0.981599,
          -0.150418,
          1.683674
        ],
        [
          0.0,
          0.0,
          0.0,
          1.0
        ]
      ]
    },
    {
      "file_path": "/media/NFS/ttao/scannet/posed_images/scene0451_03/00287.jpg",
      "transform_matrix": [
        [
          0.985146,
          0.088534,
          0.147139,
          2.225154
        ],
        [
          -0.128557,
          -0.18783,
          0.973752,
          4.693387
        ],
        [
          0.113847,
          -0.978203,
          -0.173658,
          1.675533
        ],
        [
          0.0,
          0.0,
          0.0,
          1.0
        ]
      ]
    },
    {
      "file_path": "/media/NFS/ttao/scannet/posed_images/scene0451_03/00292.jpg",
      "transform_matrix": [
        [
          0.990528,
          0.087504,
          0.105814,
          2.193234
        ],
        [
          -0.085453,
          -0.210351,
          0.973884,
          4.700584
        ],
        [
          0.107477,
          -0.973702,
          -0.200881,
          1.6711
        ],
        [
          0.0,
          0.0,
          0.0,
          1.0
        ]
      ]
    },
    {
      "file_path": "/media/NFS/ttao/scannet/posed_images/scene0451_03/00300.jpg",
      "transform_matrix": [
        [
          0.997739,
          0.05663,
          0.036194,
          2.165799
        ],
        [
          -0.018722,
          -0.283033,
          0.958928,
          4.701439
        ],
        [
          0.064548,
          -0.957437,
          -0.281333,
          1.631509
        ],
        [
          0.0,
          0.0,
          0.0,
          1.0
        ]
      ]
    },
    {
      "file_path": "/media/NFS/ttao/scannet/posed_images/scene0451_03/00303.jpg",
      "transform_matrix": [
        [
          0.998825,
          0.039348,
          0.028293,
          2.164924
        ],
        [
          -0.013941,
          -0.325843,
          0.945321,
          4.699935
        ],
        [
          0.046416,
          -0.944605,
          -0.324911,
          1.607094
        ],
        [
          0.0,
          0.0,
          0.0,
          1.0
        ]
      ]
    },
    {
      "file_path": "/media/NFS/ttao/scannet/posed_images/scene0451_03/00311.jpg",
      "transform_matrix": [
        [
          0.996756,
          -0.011835,
          0.079608,
          2.158249
        ],
        [
          -0.07684,
          -0.434162,
          0.897552,
          4.705243
        ],
        [
          0.023941,
          -0.900757,
          -0.433663,
          1.550358
        ],
        [
          0.0,
          0.0,
          0.0,
          1.0
        ]
      ]
    },
    {
      "file_path": "/media/NFS/ttao/scannet/posed_images/scene0451_03/00316.jpg",
      "transform_matrix": [
        [
          0.993009,
          -0.039767,
          0.111139,
          2.13127
        ],
        [
          -0.116615,
          -0.476338,
          0.871495,
          4.715553
        ],
        [
          0.018283,
          -0.878363,
          -0.477645,
          1.528789
        ],
        [
          0.0,
          0.0,
          0.0,
          1.0
        ]
      ]
    },
    {
      "file_path": "/media/NFS/ttao/scannet/posed_images/scene0451_03/00322.jpg",
      "transform_matrix": [
        [
          0.988252,
          -0.065324,
          0.138166,
          2.097595
        ],
        [
          -0.152071,
          -0.510329,
          0.846427,
          4.728769
        ],
        [
          0.015218,
          -0.857495,
          -0.514267,
          1.513226
        ],
        [
          0.0,
          0.0,
          0.0,
          1.0
        ]
      ]
    },
    {
      "file_path": "/media/NFS/ttao/scannet/posed_images/scene0451_03/00324.jpg",
      "transform_matrix": [
        [
          0.983968,
          -0.074645,
          0.161969,
          2.089102
        ],
        [
          -0.177232,
          -0.510441,
          0.84145,
          4.728628
        ],
        [
          0.019866,
          -0.856667,
          -0.515487,
          1.507163
        ],
        [
          0.0,
          0.0,
          0.0,
          1.0
        ]
      ]
    },
    {
      "file_path": "/media/NFS/ttao/scannet/posed_images/scene0451_03/00332.jpg",
      "transform_matrix": [
        [
          0.942637,
          -0.165916,
          0.289666,
          2.081399
        ],
        [
          -0.33334,
          -0.514285,
          0.790187,
          4.715771
        ],
        [
          0.017866,
          -0.841417,
          -0.540091,
          1.493301
        ],
        [
          0.0,
          0.0,
          0.0,
          1.0
        ]
      ]
    },
    {
      "file_path": "/media/NFS/ttao/scannet/posed_images/scene0451_03/00334.jpg",
      "transform_matrix": [
        [
          0.925092,
          -0.194963,
          0.325874,
          2.083297
        ],
        [
          -0.379399,
          -0.51102,
          0.771307,
          4.7101
        ],
        [
          0.016151,
          -0.837167,
          -0.54671,
          1.489449
        ],
        [
          0.0,
          0.0,
          0.0,
          1.0
        ]
      ]
    },
    {
      "file_path": "/media/NFS/ttao/scannet/posed_images/scene0451_03/00342.jpg",
      "transform_matrix": [
        [
          0.824991,
          -0.31764,
          0.467433,
          2.123425
        ],
        [
          -0.565129,
          -0.469835,
          0.678147,
          4.66786
        ],
        [
          0.00421,
          -0.823626,
          -0.567118,
          1.477105
        ],
        [
          0.0,
          0.0,
          0.0,
          1.0
        ]
      ]
    },
    {
      "file_path": "/media/NFS/ttao/scannet/posed_images/scene0451_03/00348.jpg",
      "transform_matrix": [
        [
          0.730559,
          -0.381455,
          0.56637,
          2.17199
        ],
        [
          -0.682752,
          -0.394094,
          0.615255,
          4.628402
        ],
        [
          -0.011489,
          -0.836171,
          -0.548349,
          1.484114
        ],
        [
          0.0,
          0.0,
          0.0,
          1.0
        ]
      ]
    },
    {
      "file_path": "/media/NFS/ttao/scannet/posed_images/scene0451_03/00350.jpg",
      "transform_matrix": [
        [
          0.693466,
          -0.400255,
          0.599084,
          2.182315
        ],
        [
          -0.720376,
          -0.370442,
          0.586371,
          4.610595
        ],
        [
          -0.012772,
          -0.838194,
          -0.545223,
          1.487505
        ],
        [
          0.0,
          0.0,
          0.0,
          1.0
        ]
      ]
    },
    {
      "file_path": "/media/NFS/ttao/scannet/posed_images/scene0451_03/00359.jpg",
      "transform_matrix": [
        [
          0.526759,
          -0.462798,
          0.712982,
          2.256668
        ],
        [
          -0.849355,
          -0.253522,
          0.462951,
          4.534557
        ],
        [
          -0.033496,
          -0.849438,
          -0.526625,
          1.503975
        ],
        [
          0.0,
          0.0,
          0.0,
          1.0
        ]
      ]
    },
    {
      "file_path": "/media/NFS/ttao/scannet/posed_images/scene0451_03/00362.jpg",
      "transform_matrix": [
        [
          0.477783,
          -0.469555,
          0.742457,
          2.267485
        ],
        [
          -0.877451,
          -0.214232,
          0.429167,
          4.504254
        ],
        [
          -0.04246,
          -0.856518,
          -0.514368,
          1.503306
        ],
        [
          0.0,
          0.0,
          0.0,
          1.0
        ]
      ]
    },
    {
      "file_path": "/media/NFS/ttao/scannet/posed_images/scene0451_03/00365.jpg",
      "transform_matrix": [
        [
          0.427717,
          -0.490228,
          0.75943,
          2.290632
        ],
        [
          -0.902941,
          -0.192778,
          0.384102,
          4.470744
        ],
        [
          -0.041896,
          -0.850008,
          -0.525101,
          1.499629
        ],
        [
          0.0,
          0.0,
          0.0,
          1.0
        ]
      ]
    },
    {
      "file_path": "/media/NFS/ttao/scannet/posed_images/scene0451_03/00372.jpg",
      "transform_matrix": [
        [
          0.313727,
          -0.523838,
          0.79194,
          2.332629
        ],
        [
          -0.948127,
          -0.127778,
          0.291081,
          4.406533
        ],
        [
          -0.051287,
          -0.84218,
          -0.536752,
          1.496106
        ],
        [
          0.0,
          0.0,
          0.0,
          1.0
        ]
      ]
    },
    {
      "file_path": "/media/NFS/ttao/scannet/posed_images/scene0451_03/00378.jpg",
      "transform_matrix": [
        [
          0.242725,
          -0.546945,
          0.801209,
          2.402586
        ],
        [
          -0.969054,
          -0.098452,
          0.226366,
          4.33191
        ],
        [
          -0.044928,
          -0.83136,
          -0.553916,
          1.498512
        ],
        [
          0.0,
          0.0,
          0.0,
          1.0
        ]
      ]
    },
    {
      "file_path": "/media/NFS/ttao/scannet/posed_images/scene0451_03/00385.jpg",
      "transform_matrix": [
        [
          0.153874,
          -0.530598,
          0.83354,
          2.475219
        ],
        [
          -0.986329,
          -0.032128,
          0.161627,
          4.256753
        ],
        [
          -0.058979,
          -0.847014,
          -0.528288,
          1.514134
        ],
        [
          0.0,
          0.0,
          0.0,
          1.0
        ]
      ]
    },
    {
      "file_path": "/media/NFS/ttao/scannet/posed_images/scene0451_03/00389.jpg",
      "transform_matrix": [
        [
          0.113865,
          -0.536301,
          0.836311,
          2.51239
        ],
        [
          -0.992437,
          -0.022543,
          0.120666,
          4.206112
        ],
        [
          -0.04586,
          -0.843726,
          -0.534812,
          1.505969
        ],
        [
          0.0,
          0.0,
          0.0,
          1.0
        ]
      ]
    },
    {
      "file_path": "/media/NFS/ttao/scannet/posed_images/scene0451_03/00393.jpg",
      "transform_matrix": [
        [
          0.035894,
          -0.53592,
          0.843505,
          2.549585
        ],
        [
          -0.99868,
          0.011787,
          0.049987,
          4.191831
        ],
        [
          -0.036731,
          -0.844186,
          -0.53479,
          1.495878
        ],
        [
          0.0,
          0.0,
          0.0,
          1.0
        ]
      ]
    },
    {
      "file_path": "/media/NFS/ttao/scannet/posed_images/scene0451_03/00397.jpg",
      "transform_matrix": [
        [
          -0.021239,
          -0.538016,
          0.842667,
          2.594382
        ],
        [
          -0.998864,
          0.047378,
          0.005074,
          4.139936
        ],
        [
          -0.042654,
          -0.841602,
          -0.538411,
          1.495093
        ],
        [
          0.0,
          0.0,
          0.0,
          1.0
        ]
      ]
    },
    {
      "file_path": "/media/NFS/ttao/scannet/posed_images/scene0451_03/00407.jpg",
      "transform_matrix": [
        [
          -0.211695,
          -0.519447,
          0.827865,
          2.707141
        ],
        [
          -0.977072,
          0.132169,
          -0.166919,
          4.087915
        ],
        [
          -0.022712,
          -0.844219,
          -0.535517,
          1.496079
        ],
        [
          0.0,
          0.0,
          0.0,
          1.0
        ]
      ]
    },
    {
      "file_path": "/media/NFS/ttao/scannet/posed_images/scene0451_03/00412.jpg",
      "transform_matrix": [
        [
          -0.311275,
          -0.518012,
          0.796725,
          2.767928
        ],
        [
          -0.950184,
          0.183803,
          -0.251726,
          4.063589
        ],
        [
          -0.016044,
          -0.835392,
