{
  "frames": [
    {
      "file_path": "/media/NFS/ttao/scannet/posed_images/scene0673_04/00000.jpg",
      "transform_matrix": [
        [
          -0.526993,
          -0.394798,
          0.752604,
          2.942522
        ],
        [
          -0.841672,
          0.119749,
          -0.526544,
          2.51186
        ],
        [
          0.117755,
          -0.910931,
          -0.395397,
          1.339314
        ],
        [
          0.0,
          0.0,
          0.0,
          1.0
        ]
      ]
    },
    {
      "file_path": "/media/NFS/ttao/scannet/posed_images/scene0673_04/00012.jpg",
      "transform_matrix": [
        [
          -0.55971,
          -0.382982,
          0.734881,
          2.93052
        ],
        [
          -0.819448,
          0.123726,
          -0.55964,
          2.478237
        ],
        [
          0.123408,
          -0.915433,
          -0.383085,
          1.334756
        ],
        [
          0.0,
          0.0,
          0.0,
          1.0
        ]
      ]
    },
    {
      "file_path": "/media/NFS/ttao/scannet/posed_images/scene0673_04/00027.jpg",
      "transform_matrix": [
        [
          -0.457043,
          -0.44864,
          0.768006,
          2.964922
        ],
        [
          -0.885862,
          0.15218,
          -0.43828,
          2.381471
        ],
        [
          0.079755,
          -0.880661,
          -0.466986,
          1.332324
        ],
        [
          0.0,
          0.0,
          0.0,
          1.0
        ]
      ]
    },
    {
      "file_path": "/media/NFS/ttao/scannet/posed_images/scene0673_04/00046.jpg",
      "transform_matrix": [
        [
          -0.200371,
          -0.508658,
          0.837328,
          3.12858
        ],
        [
          -0.97156,
          -0.006918,
          -0.236694,
          2.327935
        ],
        [
          0.126189,
          -0.860941,
          -0.492806,
          1.338075
        ],
        [
          0.0,
          0.0,
          0.0,
          1.0
        ]
      ]
    },
    {
      "file_path": "/media/NFS/ttao/scannet/posed_images/scene0673_04/00050.jpg",
      "transform_matrix": [
        [
          -0.108565,
          -0.523906,
          0.844829,
          3.141204
        ],
        [
          -0.987165,
          -0.043319,
          -0.153719,
          2.312148
        ],
        [
          0.117132,
          -0.850674,
          -0.512479,
          1.343915
        ],
        [
          0.0,
          0.0,
          0.0,
          1.0
        ]
      ]
    },
    {
      "file_path": "/media/NFS/ttao/scannet/posed_images/scene0673_04/00070.jpg",
      "transform_matrix": [
        [
          0.362924,
          -0.506068,
          0.782421,
          3.136223
        ],
        [
          -0.927494,
          -0.276992,
          0.251058,
          2.284114
        ],
        [
          0.089672,
          -0.816805,
          -0.569902,
          1.357483
        ],
        [
          0.0,
          0.0,
          0.0,
          1.0
        ]
      ]
    },
    {
      "file_path": "/media/NFS/ttao/scannet/posed_images/scene0673_04/00074.jpg",
      "transform_matrix": [
        [
          0.385836,
          -0.494469,
          0.778865,
          3.137072
        ],
        [
          -0.916703,
          -0.300525,
          0.263327,
          2.318634
        ],
        [
          0.103861,
          -0.815589,
          -0.569235,
          1.358056
        ],
        [
          0.0,
          0.0,
          0.0,
          1.0
        ]
      ]
    },
    {
      "file_path": "/media/NFS/ttao/scannet/posed_images/scene0673_04/00089.jpg",
      "transform_matrix": [
        [
          0.44346,
          -0.378761,
          0.812332,
          3.125865
        ],
        [
          -0.885994,
          -0.32225,
          0.33342,
          2.399129
        ],
        [
          0.135488,
          -0.86758,
          -0.478486,
          1.382081
        ],
        [
          0.0,
          0.0,
          0.0,
          1.0
        ]
      ]
    },
    {
      "file_path": "/media/NFS/ttao/scannet/posed_images/scene0673_04/00108.jpg",
      "transform_matrix": [
        [
          0.14938,
          -0.222997,
          0.963306,
          3.12905
        ],
        [
          -0.977912,
          -0.177368,
          0.110586,
          2.336282
        ],
        [
          0.146199,
          -0.958548,
          -0.244566,
          1.464264
        ],
        [
          0.0,
          0.0,
          0.0,
          1.0
        ]
      ]
    },
    {
      "file_path": "/media/NFS/ttao/scannet/posed_images/scene0673_04/00112.jpg",
      "transform_matrix": [
        [
          0.093799,
          -0.214962,
          0.972107,
          3.125672
        ],
        [
          -0.986213,
          -0.153762,
          0.061159,
          2.304171
        ],
        [
          0.136326,
          -0.964442,
          -0.226421,
          1.466205
        ],
        [
          0.0,
          0.0,
          0.0,
          1.0
        ]
      ]
    },
    {
      "file_path": "/media/NFS/ttao/scannet/posed_images/scene0673_04/00136.jpg",
      "transform_matrix": [
        [
          -0.165893,
          -0.058299,
          0.984419,
          3.092873
        ],
        [
          -0.982435,
          -0.076721,
          -0.170103,
          2.216536
        ],
        [
          0.085443,
          -0.995347,
          -0.044547,
          1.490026
        ],
        [
          0.0,
          0.0,
          0.0,
          1.0
        ]
      ]
    },
    {
      "file_path": "/media/NFS/ttao/scannet/posed_images/scene0673_04/00140.jpg",
      "transform_matrix": [
        [
          -0.204165,
          -0.039227,
          0.97815,
          3.089045
        ],
        [
          -0.976342,
          -0.064547,
          -0.206376,
          2.202808
        ],
        [
          0.071232,
          -0.997143,
          -0.025121,
          1.492326
        ],
        [
          0.0,
          0.0,
          0.0,
          1.0
        ]
      ]
    },
    {
      "file_path": "/media/NFS/ttao/scannet/posed_images/scene0673_04/00155.jpg",
      "transform_matrix": [
        [
          -0.365391,
          -0.148627,
          0.918912,
          3.106418
        ],
        [
          -0.929952,
          0.014838,
          -0.367381,
          2.154231
        ],
        [
          0.040968,
          -0.988782,
          -0.143638,
          1.453634
        ],
        [
          0.0,
          0.0,
          0.0,
          1.0
        ]
      ]
    },
    {
      "file_path": "/media/NFS/ttao/scannet/posed_images/scene0673_04/00170.jpg",
      "transform_matrix": [
        [
          -0.543757,
          -0.221124,
          0.809588,
          3.104019
        ],
        [
          -0.837063,
          0.073415,
          -0.542159,
          2.114197
        ],
        [
          0.060448,
          -0.972479,
          -0.225015,
          1.423543
        ],
        [
          0.0,
          0.0,
          0.0,
          1.0
        ]
      ]
    },
    {
      "file_path": "/media/NFS/ttao/scannet/posed_images/scene0673_04/00178.jpg",
      "transform_matrix": [
        [
          -0.491682,
          -0.311557,
          0.813131,
          3.111636
        ],
        [
          -0.867196,
          0.090618,
          -0.489653,
          2.122823
        ],
        [
          0.07887,
          -0.945897,
          -0.314737,
          1.394704
        ],
        [
          0.0,
          0.0,
          0.0,
          1.0
        ]
      ]
    },
    {
      "file_path": "/media/NFS/ttao/scannet/posed_images/scene0673_04/00202.jpg",
      "transform_matrix": [
        [
          0.246187,
          -0.497379,
          0.831869,
          3.100883
        ],
        [
          -0.961776,
          -0.231549,
          0.146189,
          2.355031
        ],
        [
          0.119907,
          -0.836062,
          -0.535372,
          1.349778
        ],
        [
          0.0,
          0.0,
          0.0,
          1.0
        ]
      ]
    },
    {
      "file_path": "/media/NFS/ttao/scannet/posed_images/scene0673_04/00213.jpg",
      "transform_matrix": [
        [
          0.495545,
          -0.428202,
          0.755697,
          3.091562
        ],
        [
          -0.862398,
          -0.346196,
          0.369348,
          2.42405
        ],
        [
          0.103464,
          -0.834741,
          -0.540836,
          1.346961
        ],
        [
          0.0,
          0.0,
          0.0,
          1.0
        ]
      ]
    },
    {
      "file_path": "/media/NFS/ttao/scannet/posed_images/scene0673_04/00225.jpg",
      "transform_matrix": [
        [
          0.640054,
          -0.366237,
          0.675427,
          3.166192
        ],
        [
          -0.764392,
          -0.392413,
          0.511582,
          2.476237
        ],
        [
          0.077686,
          -0.843732,
          -0.531114,
          1.341252
        ],
        [
          0.0,
          0.0,
          0.0,
          1.0
        ]
      ]
    },
    {
      "file_path": "/media/NFS/ttao/scannet/posed_images/scene0673_04/00240.jpg",
      "transform_matrix": [
        [
          0.732413,
          -0.303274,
          0.609587,
          3.182564
        ],
        [
          -0.67899,
          -0.391657,
          0.620949,
          2.589455
        ],
        [
          0.050431,
          -0.868695,
          -0.492774,
          1.363324
        ],
        [
          0.0,
          0.0,
          0.0,
          1.0
        ]
      ]
    },
    {
      "file_path": "/media/NFS/ttao/scannet/posed_images/scene0673_04/00244.jpg",
      "transform_matrix": [
        [
          0.722365,
          -0.300977,
          0.622576,
          3.167326
        ],
        [
          -0.690136,
          -0.370526,
          0.621629,
          2.635127
        ],
        [
          0.043585,
          -0.878706,
          -0.47537,
          1.368255
        ],
        [
          0.0,
          0.0,
          0.0,
          1.0
        ]
      ]
    },
    {
      "file_path": "/media/NFS/ttao/scannet/posed_images/scene0673_04/00260.jpg",
      "transform_matrix": [
        [
          0.787854,
          -0.300692,
          0.537467,
          3.135906
        ],
        [
          -0.614306,
          -0.445697,
          0.65114,
          2.800474
        ],
        [
          0.043755,
          -0.843172,
          -0.535861,
          1.34208
        ],
        [
          0.0,
          0.0,
          0.0,
          1.0
        ]
      ]
    },
    {
      "file_path": "/media/NFS/ttao/scannet/posed_images/scene0673_04/00267.jpg",
      "transform_matrix": [
        [
          0.836901,
          -0.27674,
          0.472241,
          3.156953
        ],
        [
          -0.546453,
          -0.471915,
          0.691871,
          2.836427
        ],
        [
          0.031389,
          -0.837085,
          -0.546171,
          1.346906
        ],
        [
          0.0,
          0.0,
          0.0,
          1.0
        ]
      ]
    },
    {
      "file_path": "/media/NFS/ttao/scannet/posed_images/scene0673_04/00283.jpg",
      "transform_matrix": [
        [
          0.966956,
          -0.171181,
          0.188926,
          3.402874
        ],
        [
          -0.25276,
          -0.546928,
          0.798112,
          2.841771
        ],
        [
          -0.033292,
          -0.819492,
          -0.572123,
          1.318907
        ],
        [
          0.0,
          0.0,
          0.0,
          1.0
        ]
      ]
    },
    {
      "file_path": "/media/NFS/ttao/scannet/posed_images/scene0673_04/00294.jpg",
      "transform_matrix": [
        [
          0.978325,
          -0.146039,
          0.146804,
          3.399881
        ],
        [
          -0.207072,
          -0.688451,
          0.695094,
          2.862261
        ],
        [
          -0.000444,
          -0.710428,
          -0.70377,
          1.278148
        ],
        [
          0.0,
          0.0,
          0.0,
          1.0
        ]
      ]
    },
    {
      "file_path": "/media/NFS/ttao/scannet/posed_images/scene0673_04/00318.jpg",
      "transform_matrix": [
        [
          0.955711,
          0.188976,
          -0.22562,
          3.38699
        ],
        [
          0.293852,
          -0.655317,
          0.695853,
          2.915578
        ],
        [
          -0.016353,
          -0.731333,
          -0.681825,
          1.283614
        ],
        [
          0.0,
          0.0,
          0.0,
          1.0
        ]
      ]
    },
    {
      "file_path": "/media/NFS/ttao/scannet/posed_images/scene0673_04/00322.jpg",
      "transform_matrix": [
        [
          0.930794,
          0.234584,
          -0.280345,
          3.424024
        ],
        [
          0.365468,
          -0.612862,
          0.700595,
          2.892244
        ],
        [
          -0.007464,
          -0.754567,
          -0.656181,
          1.281857
        ],
        [
          0.0,
          0.0,
          0.0,
          1.0
        ]
      ]
    },
    {
      "file_path": "/media/NFS/ttao/scannet/posed_images/scene0673_04/00341.jpg",
      "transform_matrix": [
        [
          0.778168,
          0.246175,
          -0.5778,
          3.484325
        ],
        [
          0.626627,
          -0.366352,
          0.68784,
          2.888596
        ],
        [
          -0.042349,
          -0.897321,
          -0.439343,
          1.374499
        ],
        [
          0.0,
          0.0,
          0.0,
          1.0
        ]
      ]
    },
    {
      "file_path": "/media/NFS/ttao/scannet/posed_images/scene0673_04/00349.jpg",
      "transform_matrix": [
        [
          0.762415,
          0.227223,
          -0.605882,
          3.465766
        ],
        [
          0.64643,
          -0.309684,
          0.697298,
          2.92066
        ],
        [
          -0.02919,
          -0.923291,
          -0.382991,
          1.395822
        ],
        [
          0.0,
          0.0,
          0.0,
          1.0
        ]
      ]
    },
    {
      "file_path": "/media/NFS/ttao/scannet/posed_images/scene0673_04/00360.jpg",
      "transform_matrix": [
        [
          0.744158,
          0.148595,
          -0.651267,
          3.443646
        ],
        [
          0.666288,
          -0.234929,
          0.70772,
          3.042216
        ],
        [
          -0.047838,
          -0.960587,
          -0.273831,
          1.453769
        ],
        [
          0.0,
          0.0,
          0.0,
          1.0
        ]
      ]
    },
    {
      "file_path": "/media/NFS/ttao/scannet/posed_images/scene0673_04/00372.jpg",
      "transform_matrix": [
        [
          0.623494,
          0.080113,
          -0.777713,
          3.458481
        ],
        [
          0.780309,
          -0.125747,
          0.612622,
          3.229637
        ],
        [
          -0.048716,
          -0.988822,
          -0.140915,
          1.489708
        ],
        [
          0.0,
          0.0,
          0.0,
          1.0
        ]
      ]
    },
    {
      "file_path": "/media/NFS/ttao/scannet/posed_images/scene0673_04/00391.jpg",
      "transform_matrix": [
        [
          0.651222,
          0.027452,
          -0.758391,
          3.30762
        ],
        [
          0.757274,
          -0.088652,
          0.647053,
          3.384664
        ],
        [
          -0.04947,
          -0.995684,
          -0.078521,
          1.50662
        ],
        [
          0.0,
          0.0,
          0.0,
          1.0
        ]
      ]
    },
    {
      "file_path": "/media/NFS/ttao/scannet/posed_images/scene0673_04/00399.jpg",
      "transform_matrix": [
        [
          0.622002,
          0.122898,
          -0.773311,
          3.251592
        ],
        [
          0.779457,
          -0.191236,
          0.596553,
          3.472751
        ],
        [
          -0.074569,
          -0.97382,
          -0.214743,
          1.445802
        ],
        [
          0.0,
          0.0,
          0.0,
          1.0
        ]
      ]
    },
    {
      "file_path": "/media/NFS/ttao/scannet/posed_images/scene0673_04/00411.jpg",
      "transform_matrix": [
        [
          0.576982,
          0.324775,
          -0.749408,
          3.251309
        ],
        [
          0.816588,
          -0.248041,
          0.521209,
          3.571226
        ],
        [
          -0.016609,
          -0.912687,
          -0.408323,
          1.33008
        ],
        [
          0.0,
          0.0,
          0.0,
          1.0
        ]
      ]
    },
    {
      "file_path": "/media/NFS/ttao/scannet/posed_images/scene0673_04/00430.jpg",
      "transform_matrix": [
        [
          0.303242,
          0.524245,
          -0.795746,
          3.267121
        ],
        [
          0.952898,
          -0.171535,
          0.250121,
          3.450916
        ],
        [
          -0.005373,
          -0.834112,
          -0.551569,
          1.256778
        ],
        [
          0.0,
          0.0,
          0.0,
          1.0
        ]
      ]
    },
    {
      "file_path": "/media/NFS/ttao/scannet/posed_images/scene0673_04/00446.jpg",
      "transform_matrix": [
        [
          0.108794,
          0.502829,
          -0.857512,
          3.372401
        ],
        [
          0.99288,
          -0.012872,
          0.11842,
          3.19377
        ],
        [
          0.048507,
          -0.86429,
          -0.50065,
          1.27209
        ],
        [
          0.0,
          0.0,
          0.0,
          1.0
        ]
      ]
    },
    {
      "file_path": "/media/NFS/ttao/scannet/posed_images/scene0673_04/00453.jpg",
      "transform_matrix": [
        [
          0.096072,
          0.452996,
          -0.886321,
          3.381378
        ],
        [
          0.99375,
          0.007205,
          0.111399,
          3.141589
        ],
        [
          0.056849,
          -0.891484,
          -0.449472,
          1.285975
        ],
        [
          0.0,
          0.0,
          0.0,
          1.0
        ]
      ]
    },
    {
      "file_path": "/media/NFS/ttao/scannet/posed_images/scene0673_04/00473.jpg",
      "transform_matrix": [
        [
          0.02872,
          0.394788,
          -0.918324,
          3.359339
        ],
        [
          0.999503,
          0.000607,
          0.03152,
          3.085293
        ],
        [
          0.013001,
          -0.918772,
          -0.394574,
          1.286838
        ],
        [
          0.0,
          0.0,
          0.0,
          1.0
        ]
      ]
    },
    {
      "file_path": "/media/NFS/ttao/scannet/posed_images/scene0673_04/00477.jpg",
      "transform_matrix": [
        [
          0.05323,
          0.405652,
          -0.912477,
          3.382501
        ],
        [
          0.998054,
          0.008111,
          0.061828,
          3.055012
        ],
        [
          0.032482,
          -0.913992,
          -0.404431,
          1.277343
        ],
        [
          0.0,
          0.0,
          0.0,
          1.0
        ]
      ]
    },
    {
      "file_path": "/media/NFS/ttao/scannet/posed_images/scene0673_04/00496.jpg",
      "transform_matrix": [
        [
          -0.024267,
          0.520778,
          -0.853347,
          3.48696
        ],
        [
          0.999703,
          0.014473,
          -0.019597,
          2.851542
        ],
        [
          0.002145,
          -0.85357,
          -0.520974,
          1.240614
        ],
        [
          0.0,
          0.0,
          0.0,
          1.0
        ]
      ]
    },
    {
      "file_path": "/media/NFS/ttao/scannet/posed_images/scene0673_04/00500.jpg",
      "transform_matrix": [
        [
          -0.156789,
          0.509281,
          -0.846197,
          3.475259
        ],
        [
          0.987182,
          0.054944,
          -0.149844,
          2.872795
        ],
        [
          -0.02982,
          -0.858844,
          -0.511368,
          1.256351
        ],
        [
          0.0,
          0.0,
          0.0,
          1.0
        ]
      ]
    },
    {
      "file_path": "/media/NFS/ttao/scannet/posed_images/scene0673_04/00523.jpg",
      "transform_matrix": [
        [
          -0.066082,
          0.244108,
          -0.967494,
          3.493402
        ],
        [
          0.994054,
          0.1002,
          -0.042615,
          2.742739
        ],
        [
          0.08654,
          -0.964558,
          -0.249278,
          1.282466
        ],
        [
          0.0,
          0.0,
          0.0,
          1.0
        ]
      ]
    },
    {
      "file_path": "/media/NFS/ttao/scannet/posed_images/scene0673_04/00535.jpg",
      "transform_matrix": [
        [
          0.059306,
          0.194464,
          -0.979115,
          3.506347
        ],
        [
          0.997981,
          0.010771,
          0.062588,
          2.554028
        ],
        [
          0.022717,
          -0.980851,
          -0.193433,
          1.294046
        ],
        [
          0.0,
          0.0,
          0.0,
          1.0
        ]
      ]
    },
    {
      "file_path": "/media/NFS/ttao/scannet/posed_images/scene0673_04/00539.jpg",
      "transform_matrix": [
        [
          0.074899,
          0.15304,
          -0.985377,
          3.501547
        ],
        [
          0.99707,
          0.003894,
          0.076392,
          2.521289
        ],
        [
          0.015528,
          -0.988212,
          -0.1523,
          1.301124
        ],
        [
          0.0,
          0.0,
          0.0,
          1.0
        ]
      ]
    },
    {
      "file_path": "/media/NFS/ttao/scannet/posed_images/scene0673_04/00554.jpg",
      "transform_matrix": [
        [
          0.01205,
          0.232001,
          -0.972641,
          3.442501
        ],
        [
          0.999649,
          0.020165,
          0.017194,
          2.448851
        ],
        [
          0.023602,
          -0.972507,
          -0.231676,
          1.190303
        ],
        [
          0.0,
          0.0,
          0.0,
          1.0
        ]
      ]
    },
    {
      "file_path": "/media/NFS/ttao/scannet/posed_images/scene0673_04/00574.jpg",
      "transform_matrix": [
        [
          0.133589,
          0.114125,
          -0.984444,
          3.381279
        ],
        [
          0.99085,
          0.003919,
          0.134913,
          2.312371
        ],
        [
          0.019255,
          -0.993459,
          -0.112557,
          1.217957
        ],
        [
          0.0,
          0.0,
          0.0,
          1.0
        ]
      ]
    },
    {
      "file_path": "/media/NFS/ttao/scannet/posed_images/scene0673_04/00577.jpg",
      "transform_matrix": [
        [
          0.153637,
          0.106715,
          -0.982348,
          3.388256
        ],
        [
          0.987974,
          0.000931,
          0.154618,
          2.29286
        ],
        [
          0.017415,
          -0.994289,
          -0.105289,
          1.228843
        ],
        [
          0.0,
          0.0,
          0.0,
          1.0
        ]
      ]
    },
    {
      "file_path": "/media/NFS/ttao/scannet/posed_images/scene0673_04/00597.jpg",
      "transform_matrix": [
        [
          0.135795,
          0.219305,
          -0.96616,
          3.401378
        ],
        [
          0.988555,
          0.034703,
          0.146819,
          2.276081
        ],
        [
          0.065727,
          -0.975039,
          -0.212083,
          1.144238
        ],
        [
          0.0,
          0.0,
          0.0,
          1.0
        ]
      ]
    },
    {
      "file_path": "/media/NFS/ttao/scannet/posed_images/scene0673_04/00612.jpg",
      "transform_matrix": [
        [
          0.03354,
          0.2502,
          -0.967613,
          3.419492
        ],
        [
          0.99815,
          0.040743,
          0.045133,
          2.271694
        ],
        [
          0.050716,
          -0.967337,
          -0.248371,
          1.142721
        ],
        [
          0.0,
          0.0,
          0.0,
          1.0
        ]
      ]
    },
    {
      "file_path": "/media/NFS/ttao/scannet/posed_images/scene0673_04/00616.jpg",
      "transform_matrix": [
        [
          0.037618,
          0.250714,
          -0.96733,
          3.420401
        ],
        [
          0.998215,
          0.035499,
          0.048019,
          2.280183
        ],
        [
          0.046378,
          -0.96741,
          -0.248931,
          1.146441
        ],
        [
          0.0,
          0.0,
          0.0,
          1.0
        ]
      ]
    },
    {
      "file_path": "/media/NFS/ttao/scannet/posed_images/scene0673_04/00639.jpg",
      "transform_matrix": [
        [
          0.214898,
          0.217753,
          -0.952052,
          3.390547
        ],
        [
          0.976616,
          -0.041642,
          0.210919,
          2.368448
        ],
        [
          0.006282,
          -0.975115,
          -0.22161,
          1.171585
        ],
        [
          0.0,
          0.0,
          0.0,
          1.0
        ]
      ]
    },
    {
      "file_path": "/media/NFS/ttao/scannet/posed_images/scene0673_04/00651.jpg",
      "transform_matrix": [
        [
          0.045666,
          0.25334,
          -0.966299,
          3.413264
        ],
        [
          0.998491,
          0.01796,
          0.051896,
          2.329741
        ],
        [
          0.030502,
          -0.967211,
          -0.252138,
          1.166838
        ],
        [
          0.0,
          0.0,
          0.0,
          1.0
        ]
      ]
    },
    {
      "file_path": "/media/NFS/ttao/scannet/posed_images/scene0673_04/00655.jpg",
      "transform_matrix": [
        [
          0.006221,
          0.278254,
          -0.960487,
          3.425029
        ],
        [
          0.998993,
          0.040947,
          0.018333,
          2.313302
        ],
        [
          0.04443,
          -0.959634,
          -0.277719,
          1.165323
        ],
        [
          0.0,
          0.0,
          0.0,
          1.0
        ]
      ]
    },
    {
      "file_path": "/media/NFS/ttao/scannet/posed_images/scene0673_04/00670.jpg",
      "transform_matrix": [
        [
          -0.249598,
          0.337697,
          -0.907558,
          3.475736
        ],
        [
          0.968036,
          0.110874,
          -0.224976,
          2.278649
        ],
        [
          0.024651,
          -0.934702,
          -0.354576,
          1.176813
        ],
        [
          0.0,
          0.0,
          0.0,
          1.0
        ]
      ]
    },
    {
      "file_path": "/media/NFS/ttao/scannet/posed_images/scene0673_04/00690.jpg",
      "transform_matrix": [
        [
          -0.615746,
          0.364359,
          -0.698641,
          3.41439
        ],
        [
          0.784511,
          0.200805,
          -0.586703,
          2.434686
        ],
        [
          -0.07348,
          -0.909351,
          -0.409488,
          1.228675
        ],
        [
          0.0,
          0.0,
          0.0,
          1.0
        ]
      ]
    },
    {
      "file_path": "/media/NFS/ttao/scannet/posed_images/scene0673_04/00694.jpg",
      "transform_matrix": [
        [
          -0.639947,
          0.344969,
          -0.686632,
          3.424303
        ],
        [
          0.766351,
          0.221014,
          -0.603207,
          2.455257
        ],
        [
          -0.056333,
          -0.912222,
          -0.405804,
          1.223704
        ],
        [
          0.0,
          0.0,
          0.0,
          1.0
        ]
      ]
    },
    {
      "file_path": "/media/NFS/ttao/scannet/posed_images/scene0673_04/00717.jpg",
      "transform_matrix": [
        [
          -0.793424,
          0.303323,
          -0.527706,
          3.504578
        ],
        [
          0.608428,
          0.419656,
          -0.673576,
          2.713891
        ],
        [
          0.017144,
          -0.855502,
          -0.517515,
          1.192133
        ],
        [
          0.0,
          0.0,
          0.0,
          1.0
        ]
      ]
    },
    {
      "file_path": "/media/NFS/ttao/scannet/posed_images/scene0673_04/00725.jpg",
      "transform_matrix": [
        [
          -0.858078,
          0.29446,
          -0.420708,
          3.505931
        ],
        [
          0.513436,
          0.47723,
          -0.713187,
          2.775213
        ],
        [
          -0.00923,
          -0.827977,
          -0.560687,
          1.196983
        ],
        [
          0.0,
          0.0,
          0.0,
          1.0
        ]
      ]
    },
    {
      "file_path": "/media/NFS/ttao/scannet/posed_images/scene0673_04/00740.jpg",
      "transform_matrix": [
        [
          -0.956397,
          0.179703,
          -0.230243,
          3.398291
        ],
        [
          0.291899,
          0.561065,
          -0.774598,
          2.941568
        ],
        [
          -0.010016,
          -0.80803,
          -0.589056,
          1.223048
        ],
        [
          0.0,
          0.0,
          0.0,
          1.0
        ]
      ]
    },
    {
      "file_path": "/media/NFS/ttao/scannet/posed_images/scene0673_04/00756.jpg",
      "transform_matrix": [
        [
          -0.997913,
          0.009309,
          -0.063894,
          3.331384
        ],
        [
          0.060366,
          0.485691,
          -0.872044,
          2.872238
        ],
        [
          0.022915,
          -0.874081,
          -0.48524,
          1.254154
        ],
        [
          0.0,
          0.0,
          0.0,
          1.0
        ]
      ]
    },
    {
      "file_path": "/media/NFS/ttao/scannet/posed_images/scene0673_04/00763.jpg",
      "transform_matrix": [
        [
          -0.998984,
          -0.036236,
          -0.026802,
          3.282095
        ],
        [
          0.004499,
          0.511526,
          -0.859256,
          2.780815
        ],
        [
          0.044846,
          -0.858504,
          -0.510843,
          1.263991
        ],
        [
          0.0,
          0.0,
          0.0,
          1.0
        ]
      ]
    },
    {
      "file_path": "/media/NFS/ttao/scannet/posed_images/scene0673_04/00775.jpg",
      "transform_matrix": [
        [
          -0.991725,
          -0.099279,
          0.081399,
          3.122828
        ],
        [
          -0.12041,
          0.499338,
          -0.858,
          2.673926
        ],
        [
          0.044536,
          -0.860701,
          -0.50716,
          1.28042
        ],
        [
          0.0,
          0.0,
          0.0,
          1.0
        ]
      ]
    },
    {
      "file_path": "/media/NFS/ttao/scannet/posed_images/scene0673_04/00787.jpg",
      "transform_matrix": [
        [
          -0.963031,
          -0.145686,
          0.226599,
          3.019091
        ],
        [
          -0.26788,
          0.428904,
          -0.862718,
          2.59296
        ],
        [
          0.028497,
          -0.891525,
          -0.452074,
          1.319133
        ],
        [
          0.0,
          0.0,
          0.0,
          1.0
        ]
      ]
    },
    {
      "file_path": "/media/NFS/ttao/scannet/posed_images/scene0673_04/00802.jpg",
      "transform_matrix": [
        [
          -0.903525,
          -0.276161,
          0.327686,
          3.032589
        ],
        [
          -0.411236,
          0.343682,
          -0.844256,
          2.396267
        ],
        [
          0.120531,
          -0.897562,
          -0.424092,
          1.314776
        ],
        [
          0.0,
          0.0,
          0.0,
          1.0
        ]
      ]
    },
    {
      "file_path": "/media/NFS/ttao/scannet/posed_images/scene0673_04/00814.jpg",
      "transform_matrix": [
        [
          -0.834213,
          -0.385443,
          0.394362,
          3.025784
        ],
        [
          -0.538845,
          0.417791,
          -0.731503,
          2.224749
        ],
        [
          0.117192,
          -0.82273,
          -0.556221,
          1.289521
        ],
        [
          0.0,
          0.0,
          0.0,
          1.0
        ]
      ]
    },
    {
      "file_path": "/media/NFS/ttao/scannet/posed_images/scene0673_04/00829.jpg",
      "transform_matrix": [
        [
          -0.757504,
          -0.429864,
          0.491329,
          2.996653
        ],
        [
          -0.647346,
          0.397245,
          -0.650492,
          1.999081
        ],
        [
          0.084444,
          -0.81081,
          -0.579185,
          1.318515
        ],
        [
          0.0,
          0.0,
          0.0,
          1.0
        ]
      ]
    },
    {
      "file_path": "/media/NFS/ttao/scannet/posed_images/scene0673_04/00841.jpg",
      "transform_matrix": [
        [
          -0.699273,
          -0.462766,
          0.544853,
          2.986581
        ],
        [
          -0.706924,
          0.334437,
          -0.623226,
          1.86485
        ],
        [
          0.106189,
          -0.820975,
          -0.561002,
          1.335945
        ],
        [
          0.0,
          0.0,
          0.0,
          1.0
        ]
      ]
    },
    {
      "file_path": "/media/NFS/ttao/scannet/posed_images/scene0673_04/00856.jpg",
      "transform_matrix": [
        [
          -0.43743,
          -0.56372,
          0.700625,
          2.734401
        ],
        [
          -0.889685,
          0.15795,
          -0.428383,
          1.695021
        ],
        [
          0.130824,
          -0.810723,
          -0.570625,
          1.362337
        ],
        [
          0.0,
          0.0,
          0.0,
          1.0
        ]
      ]
    },
    {
      "file_path": "/media/NFS/ttao/scannet/posed_images/scene0673_04/00864.jpg",
      "transform_matrix": [
        [
          -0.372088,
          -0.53423,
          0.759045,
          2.660883
        ],
        [
          -0.921384,
          0.113687,
          -0.371653,
          1.664285
        ],
        [
          0.112254,
          -0.83766,
          -0.534532,
          1.39809
        ],
        [
          0.0,
          0.0,
          0.0,
          1.0
        ]
      ]
    },
    {
      "file_path": "/media/NFS/ttao/scannet/posed_images/scene0673_04/00880.jpg",
      "transform_matrix": [
        [
          -0.222405,
          -0.524411,
          0.821905,
          2.664184
        ],
        [
          -0.964487,
          -0.004857,
          -0.264086,
          1.566752
        ],
        [
          0.142482,
          -0.851451,
          -0.504708,
          1.402261
        ],
        [
          0.0,
          0.0,
          0.0,
          1.0
        ]
      ]
    },
    {
      "file_path": "/media/NFS/ttao/scannet/posed_images/scene0673_04/00895.jpg",
      "transform_matrix": [
        [
          -0.125441,
          -0.465589,
          0.876066,
          2.70478
        ],
        [
          -0.984802,
          -0.048485,
          -0.166778,
          1.50956
        ],
        [
          0.120126,
          -0.883672,
          -0.452431,
          1.433501
        ],
        [
          0.0,
          0.0,
          0.0,
          1.0
        ]
      ]
    },
    {
      "file_path": "/media/NFS/ttao/scannet/posed_images/scene0673_04/00903.jpg",
      "transform_matrix": [
        [
          -0.120136,
          -0.430119,
          0.894743,
          2.692001
        ],
        [
          -0.987527,
          -0.040623,
          -0.152122,
          1.467237
        ],
        [
          0.101777,
          -0.901858,
          -0.419874,
          1.446617
        ],
        [
          0.0,
          0.0,
          0.0,
          1.0
        ]
      ]
    },
    {
      "file_path": "/media/NFS/ttao/scannet/posed_images/scene0673_04/00914.jpg",
      "transform_matrix": [
        [
          -0.021308,
          -0.392164,
          0.919649,
          2.646732
        ],
        [
          -0.996039,
          -0.071096,
          -0.053394,
          1.401575
        ],
        [
          0.086322,
          -0.917144,
          -0.389096,
          1.463701
        ],
        [
          0.0,
          0.0,
          0.0,
          1.0
        ]
      ]
    },
    {
      "file_path": "/media/NFS/ttao/scannet/posed_images/scene0673_04/00930.jpg",
      "transform_matrix": [
        [
          0.004259,
          -0.487197,
          0.873281,
          2.647032
        ],
        [
          -0.992807,
          -0.10655,
          -0.054602,
          1.373719
        ],
        [
          0.11965,
          -0.866768,
          -0.484147,
          1.436632
        ],
        [
          0.0,
          0.0,
          0.0,
          1.0
        ]
      ]
    },
    {
      "file_path": "/media/NFS/ttao/scannet/posed_images/scene0673_04/00946.jpg",
      "transform_matrix": [
        [
          0.233175,
          -0.391613,
          0.890094,
          2.633482
        ],
        [
          -0.96639,
          -0.195217,
          0.167273,
          1.414956
        ],
        [
          0.108256,
          -0.899182,
          -0.423971,
          1.47569
        ],
        [
          0.0,
          0.0,
          0.0,
          1.0
        ]
      ]
    },
    {
      "file_path": "/media/NFS/ttao/scannet/posed_images/scene0673_04/00961.jpg",
      "transform_matrix": [
        [
          0.088493,
          -0.248293,
          0.964634,
          2.597619
        ],
        [
          -0.985578,
          -0.162064,
          0.0487,
          1.501454
        ],
        [
          0.144241,
          -0.955032,
          -0.259054,
          1.503469
        ],
        [
          0.0,
          0.0,
          0.0,
          1.0
        ]
      ]
    },
    {
      "file_path": "/media/NFS/ttao/scannet/posed_images/scene0673_04/00965.jpg",
      "transform_matrix": [
        [
          0.062535,
          -0.22804,
          0.971641,
          2.58572
        ],
        [
          -0.988325,
          -0.149678,
          0.02848,
          1.540831
        ],
        [
          0.138939,
          -0.962078,
          -0.234737,
          1.509108
        ],
        [
          0.0,
          0.0,
          0.0,
          1.0
        ]
      ]
    },
    {
      "file_path": "/media/NFS/ttao/scannet/posed_images/scene0673_04/00988.jpg",
      "transform_matrix": [
        [
          0.226069,
          -0.116828,
          0.96708,
          2.558243
        ],
        [
          -0.96555,
          -0.158207,
          0.206599,
          1.715218
        ],
        [
          0.128863,
          -0.98047,
          -0.148569,
          1.51001
        ],
        [
          0.0,
          0.0,
          0.0,
          1.0
        ]
      ]
    },
    {
      "file_path": "/media/NFS/ttao/scannet/posed_images/scene0673_04/01000.jpg",
      "transform_matrix": [
        [
          0.327353,
          -0.211597,
          0.920905,
          2.58869
        ],
        [
          -0.935895,
          -0.206854,
          0.285152,
          1.76967
        ],
        [
          0.130156,
          -0.955216,
          -0.265747,
          1.462057
        ],
        [
