{
  "frames": [
    {
      "file_path": "/media/NFS/ttao/scannet/posed_images/scene0501_02/00002.jpg",
      "transform_matrix": [
        [
          -0.316639,
          -0.317734,
          0.893748,
          0.967659
        ],
        [
          -0.947253,
          0.155101,
          -0.280456,
          0.925245
        ],
        [
          -0.049511,
          -0.935408,
          -0.350086,
          1.551393
        ],
        [
          0.0,
          0.0,
          0.0,
          1.0
        ]
      ]
    },
    {
      "file_path": "/media/NFS/ttao/scannet/posed_images/scene0501_02/00009.jpg",
      "transform_matrix": [
        [
          -0.313306,
          -0.318856,
          0.894522,
          0.95925
        ],
        [
          -0.948478,
          0.151893,
          -0.278061,
          0.924284
        ],
        [
          -0.04721,
          -0.935553,
          -0.350017,
          1.549612
        ],
        [
          0.0,
          0.0,
          0.0,
          1.0
        ]
      ]
    },
    {
      "file_path": "/media/NFS/ttao/scannet/posed_images/scene0501_02/00013.jpg",
      "transform_matrix": [
        [
          -0.314171,
          -0.326567,
          0.891432,
          0.952916
        ],
        [
          -0.9482,
          0.15448,
          -0.277586,
          0.924924
        ],
        [
          -0.047058,
          -0.932465,
          -0.358183,
          1.539893
        ],
        [
          0.0,
          0.0,
          0.0,
          1.0
        ]
      ]
    },
    {
      "file_path": "/media/NFS/ttao/scannet/posed_images/scene0501_02/00023.jpg",
      "transform_matrix": [
        [
          -0.30821,
          -0.388096,
          0.868556,
          0.944431
        ],
        [
          -0.950335,
          0.167105,
          -0.262562,
          0.927894
        ],
        [
          -0.043241,
          -0.906343,
          -0.420324,
          1.514598
        ],
        [
          0.0,
          0.0,
          0.0,
          1.0
        ]
      ]
    },
    {
      "file_path": "/media/NFS/ttao/scannet/posed_images/scene0501_02/00028.jpg",
      "transform_matrix": [
        [
          -0.308883,
          -0.421045,
          0.852826,
          0.942056
        ],
        [
          -0.950132,
          0.177042,
          -0.25672,
          0.928014
        ],
        [
          -0.042896,
          -0.889594,
          -0.454733,
          1.500044
        ],
        [
          0.0,
          0.0,
          0.0,
          1.0
        ]
      ]
    },
    {
      "file_path": "/media/NFS/ttao/scannet/posed_images/scene0501_02/00034.jpg",
      "transform_matrix": [
        [
          -0.305368,
          -0.458441,
          0.834615,
          0.93986
        ],
        [
          -0.951094,
          0.189722,
          -0.243774,
          0.929186
        ],
        [
          -0.046589,
          -0.868238,
          -0.493955,
          1.483973
        ],
        [
          0.0,
          0.0,
          0.0,
          1.0
        ]
      ]
    },
    {
      "file_path": "/media/NFS/ttao/scannet/posed_images/scene0501_02/00045.jpg",
      "transform_matrix": [
        [
          -0.298006,
          -0.515904,
          0.803141,
          0.936357
        ],
        [
          -0.952653,
          0.21395,
          -0.21605,
          0.935063
        ],
        [
          -0.060371,
          -0.829499,
          -0.555236,
          1.452382
        ],
        [
          0.0,
          0.0,
          0.0,
          1.0
        ]
      ]
    },
    {
      "file_path": "/media/NFS/ttao/scannet/posed_images/scene0501_02/00051.jpg",
      "transform_matrix": [
        [
          -0.303523,
          -0.551242,
          0.777178,
          0.939456
        ],
        [
          -0.95149,
          0.218502,
          -0.216618,
          0.942564
        ],
        [
          -0.050406,
          -0.805226,
          -0.590822,
          1.434336
        ],
        [
          0.0,
          0.0,
          0.0,
          1.0
        ]
      ]
    },
    {
      "file_path": "/media/NFS/ttao/scannet/posed_images/scene0501_02/00055.jpg",
      "transform_matrix": [
        [
          -0.306587,
          -0.571519,
          0.761164,
          0.941534
        ],
        [
          -0.95046,
          0.226904,
          -0.212462,
          0.943825
        ],
        [
          -0.051285,
          -0.788594,
          -0.612772,
          1.424715
        ],
        [
          0.0,
          0.0,
          0.0,
          1.0
        ]
      ]
    },
    {
      "file_path": "/media/NFS/ttao/scannet/posed_images/scene0501_02/00064.jpg",
      "transform_matrix": [
        [
          -0.31426,
          -0.625715,
          0.713948,
          0.945111
        ],
        [
          -0.948525,
          0.238053,
          -0.20888,
          0.948966
        ],
        [
          -0.039258,
          -0.74284,
          -0.668317,
          1.400407
        ],
        [
          0.0,
          0.0,
          0.0,
          1.0
        ]
      ]
    },
    {
      "file_path": "/media/NFS/ttao/scannet/posed_images/scene0501_02/00070.jpg",
      "transform_matrix": [
        [
          -0.324277,
          -0.65805,
          0.679569,
          0.947175
        ],
        [
          -0.945443,
          0.24926,
          -0.20978,
          0.942294
        ],
        [
          -0.031343,
          -0.71052,
          -0.702978,
          1.389457
        ],
        [
          0.0,
          0.0,
          0.0,
          1.0
        ]
      ]
    },
    {
      "file_path": "/media/NFS/ttao/scannet/posed_images/scene0501_02/00079.jpg",
      "transform_matrix": [
        [
          -0.370971,
          -0.680323,
          0.632093,
          0.940072
        ],
        [
          -0.928366,
          0.288367,
          -0.234482,
          0.92424
        ],
        [
          -0.022752,
          -0.673799,
          -0.738564,
          1.363872
        ],
        [
          0.0,
          0.0,
          0.0,
          1.0
        ]
      ]
    },
    {
      "file_path": "/media/NFS/ttao/scannet/posed_images/scene0501_02/00085.jpg",
      "transform_matrix": [
        [
          -0.398705,
          -0.687505,
          0.606936,
          0.941093
        ],
        [
          -0.916932,
          0.31069,
          -0.250414,
          0.915849
        ],
        [
          -0.016408,
          -0.65636,
          -0.754269,
          1.354549
        ],
        [
          0.0,
          0.0,
          0.0,
          1.0
        ]
      ]
    },
    {
      "file_path": "/media/NFS/ttao/scannet/posed_images/scene0501_02/00096.jpg",
      "transform_matrix": [
        [
          -0.42543,
          -0.713563,
          0.55663,
          0.939755
        ],
        [
          -0.904983,
          0.338104,
          -0.258248,
          0.904927
        ],
        [
          -0.003923,
          -0.613607,
          -0.789602,
          1.333601
        ],
        [
          0.0,
          0.0,
          0.0,
          1.0
        ]
      ]
    },
    {
      "file_path": "/media/NFS/ttao/scannet/posed_images/scene0501_02/00100.jpg",
      "transform_matrix": [
        [
          -0.428015,
          -0.721982,
          0.54364,
          0.939614
        ],
        [
          -0.903764,
          0.344439,
          -0.254112,
          0.907085
        ],
        [
          -0.003787,
          -0.600086,
          -0.799926,
          1.329622
        ],
        [
          0.0,
          0.0,
          0.0,
          1.0
        ]
      ]
    },
    {
      "file_path": "/media/NFS/ttao/scannet/posed_images/scene0501_02/00104.jpg",
      "transform_matrix": [
        [
          -0.426071,
          -0.726131,
          0.539628,
          0.939395
        ],
        [
          -0.904671,
          0.345806,
          -0.248975,
          0.911418
        ],
        [
          -0.005818,
          -0.594266,
          -0.804247,
          1.327579
        ],
        [
          0.0,
          0.0,
          0.0,
          1.0
        ]
      ]
    },
    {
      "file_path": "/media/NFS/ttao/scannet/posed_images/scene0501_02/00117.jpg",
      "transform_matrix": [
        [
          -0.390116,
          -0.701842,
          0.596009,
          0.943085
        ],
        [
          -0.920043,
          0.322763,
          -0.222136,
          0.913696
        ],
        [
          -0.036465,
          -0.635013,
          -0.77164,
          1.350744
        ],
        [
          0.0,
          0.0,
          0.0,
          1.0
        ]
      ]
    },
    {
      "file_path": "/media/NFS/ttao/scannet/posed_images/scene0501_02/00123.jpg",
      "transform_matrix": [
        [
          -0.372854,
          -0.692116,
          0.618025,
          0.951277
        ],
        [
          -0.927374,
          0.300182,
          -0.223315,
          0.917123
        ],
        [
          -0.03096,
          -0.656404,
          -0.753774,
          1.364906
        ],
        [
          0.0,
          0.0,
          0.0,
          1.0
        ]
      ]
    },
    {
      "file_path": "/media/NFS/ttao/scannet/posed_images/scene0501_02/00132.jpg",
      "transform_matrix": [
        [
          -0.344171,
          -0.667201,
          0.660598,
          0.950141
        ],
        [
          -0.938124,
          0.273099,
          -0.212933,
          0.916418
        ],
        [
          -0.038339,
          -0.693008,
          -0.71991,
          1.375877
        ],
        [
          0.0,
          0.0,
          0.0,
          1.0
        ]
      ]
    },
    {
      "file_path": "/media/NFS/ttao/scannet/posed_images/scene0501_02/00136.jpg",
      "transform_matrix": [
        [
          -0.33059,
          -0.651292,
          0.683029,
          0.954522
        ],
        [
          -0.942843,
          0.260066,
          -0.208359,
          0.919905
        ],
        [
          -0.041931,
          -0.71287,
          -0.700041,
          1.384475
        ],
        [
          0.0,
          0.0,
          0.0,
          1.0
        ]
      ]
    },
    {
      "file_path": "/media/NFS/ttao/scannet/posed_images/scene0501_02/00145.jpg",
      "transform_matrix": [
        [
          -0.308206,
          -0.616493,
          0.724532,
          0.969644
        ],
        [
          -0.950225,
          0.236034,
          -0.203374,
          0.922024
        ],
        [
          -0.045635,
          -0.751149,
          -0.658553,
          1.405804
        ],
        [
          0.0,
          0.0,
          0.0,
          1.0
        ]
      ]
    },
    {
      "file_path": "/media/NFS/ttao/scannet/posed_images/scene0501_02/00151.jpg",
      "transform_matrix": [
        [
          -0.290048,
          -0.601048,
          0.744724,
          0.983687
        ],
        [
          -0.955875,
          0.21987,
          -0.194833,
          0.917068
        ],
        [
          -0.046638,
          -0.768374,
          -0.6383,
          1.41744
        ],
        [
          0.0,
          0.0,
          0.0,
          1.0
        ]
      ]
    },
    {
      "file_path": "/media/NFS/ttao/scannet/posed_images/scene0501_02/00160.jpg",
      "transform_matrix": [
        [
          -0.252598,
          -0.602127,
          0.757388,
          1.024814
        ],
        [
          -0.966652,
          0.191159,
          -0.170417,
          0.882721
        ],
        [
          -0.042169,
          -0.775178,
          -0.630334,
          1.433583
        ],
        [
          0.0,
          0.0,
          0.0,
          1.0
        ]
      ]
    },
    {
      "file_path": "/media/NFS/ttao/scannet/posed_images/scene0501_02/00162.jpg",
      "transform_matrix": [
        [
          -0.245389,
          -0.595596,
          0.764885,
          1.037277
        ],
        [
          -0.968551,
          0.184114,
          -0.167364,
          0.871598
        ],
        [
          -0.041145,
          -0.7819,
          -0.622045,
          1.436046
        ],
        [
          0.0,
          0.0,
          0.0,
          1.0
        ]
      ]
    },
    {
      "file_path": "/media/NFS/ttao/scannet/posed_images/scene0501_02/00170.jpg",
      "transform_matrix": [
        [
          -0.220455,
          -0.577366,
          0.786161,
          1.101815
        ],
        [
          -0.974225,
          0.169835,
          -0.148463,
          0.79988
        ],
        [
          -0.0478,
          -0.798627,
          -0.599925,
          1.456727
        ],
        [
          0.0,
          0.0,
          0.0,
          1.0
        ]
      ]
    },
    {
      "file_path": "/media/NFS/ttao/scannet/posed_images/scene0501_02/00181.jpg",
      "transform_matrix": [
        [
          -0.174662,
          -0.550442,
          0.816399,
          1.191341
        ],
        [
          -0.983902,
          0.129428,
          -0.123233,
          0.718103
        ],
        [
          -0.037832,
          -0.82478,
          -0.564186,
          1.481928
        ],
        [
          0.0,
          0.0,
          0.0,
          1.0
        ]
      ]
    },
    {
      "file_path": "/media/NFS/ttao/scannet/posed_images/scene0501_02/00185.jpg",
      "transform_matrix": [
        [
          -0.170454,
          -0.525592,
          0.833486,
          1.230232
        ],
        [
          -0.984998,
          0.114006,
          -0.129548,
          0.688053
        ],
        [
          -0.026933,
          -0.843063,
          -0.53714,
          1.494309
        ],
        [
          0.0,
          0.0,
          0.0,
          1.0
        ]
      ]
    },
    {
      "file_path": "/media/NFS/ttao/scannet/posed_images/scene0501_02/00192.jpg",
      "transform_matrix": [
        [
          -0.137142,
          -0.488969,
          0.861453,
          1.297403
        ],
        [
          -0.990393,
          0.083234,
          -0.110425,
          0.643326
        ],
        [
          -0.017708,
          -0.868321,
          -0.495686,
          1.514504
        ],
        [
          0.0,
          0.0,
          0.0,
          1.0
        ]
      ]
    },
    {
      "file_path": "/media/NFS/ttao/scannet/posed_images/scene0501_02/00200.jpg",
      "transform_matrix": [
        [
          -0.116667,
          -0.472555,
          0.873545,
          1.355485
        ],
        [
          -0.992834,
          0.078404,
          -0.090185,
          0.603946
        ],
        [
          -0.025872,
          -0.877807,
          -0.478315,
          1.543979
        ],
        [
          0.0,
          0.0,
          0.0,
          1.0
        ]
      ]
    },
    {
      "file_path": "/media/NFS/ttao/scannet/posed_images/scene0501_02/00204.jpg",
      "transform_matrix": [
        [
          -0.103859,
          -0.464415,
          0.879507,
          1.369983
        ],
        [
          -0.994217,
          0.072753,
          -0.078989,
          0.584053
        ],
        [
          -0.027303,
          -0.882625,
          -0.469285,
          1.553772
        ],
        [
          0.0,
          0.0,
          0.0,
          1.0
        ]
      ]
    },
    {
      "file_path": "/media/NFS/ttao/scannet/posed_images/scene0501_02/00211.jpg",
      "transform_matrix": [
        [
          -0.062236,
          -0.43677,
          0.897418,
          1.378055
        ],
        [
          -0.997732,
          0.050325,
          -0.0447,
          0.529591
        ],
        [
          -0.025639,
          -0.898164,
          -0.438912,
          1.578824
        ],
        [
          0.0,
          0.0,
          0.0,
          1.0
        ]
      ]
    },
    {
      "file_path": "/media/NFS/ttao/scannet/posed_images/scene0501_02/00221.jpg",
      "transform_matrix": [
        [
          0.014201,
          -0.404254,
          0.914537,
          1.372994
        ],
        [
          -0.999896,
          -0.003515,
          0.013973,
          0.44254
        ],
        [
          -0.002434,
          -0.91464,
          -0.404262,
          1.617444
        ],
        [
          0.0,
          0.0,
          0.0,
          1.0
        ]
      ]
    },
    {
      "file_path": "/media/NFS/ttao/scannet/posed_images/scene0501_02/00226.jpg",
      "transform_matrix": [
        [
          0.042101,
          -0.381461,
          0.923426,
          1.375283
        ],
        [
          -0.999092,
          -0.02221,
          0.036376,
          0.409506
        ],
        [
          0.006633,
          -0.924118,
          -0.38205,
          1.638833
        ],
        [
          0.0,
          0.0,
          0.0,
          1.0
        ]
      ]
    },
    {
      "file_path": "/media/NFS/ttao/scannet/posed_images/scene0501_02/00232.jpg",
      "transform_matrix": [
        [
          0.085304,
          -0.354346,
          0.931215,
          1.377914
        ],
        [
          -0.996328,
          -0.023469,
          0.082339,
          0.382694
        ],
        [
          -0.007322,
          -0.93482,
          -0.355047,
          1.662184
        ],
        [
          0.0,
          0.0,
          0.0,
          1.0
        ]
      ]
    },
    {
      "file_path": "/media/NFS/ttao/scannet/posed_images/scene0501_02/00243.jpg",
      "transform_matrix": [
        [
          0.15262,
          -0.290436,
          0.944645,
          1.390939
        ],
        [
          -0.98765,
          -0.010573,
          0.156318,
          0.362572
        ],
        [
          -0.035413,
          -0.956836,
          -0.288463,
          1.72149
        ],
        [
          0.0,
          0.0,
          0.0,
          1.0
        ]
      ]
    },
    {
      "file_path": "/media/NFS/ttao/scannet/posed_images/scene0501_02/00249.jpg",
      "transform_matrix": [
        [
          0.167938,
          -0.259124,
          0.951132,
          1.396771
        ],
        [
          -0.984454,
          0.006284,
          0.175533,
          0.350842
        ],
        [
          -0.051461,
          -0.965824,
          -0.25404,
          1.747395
        ],
        [
          0.0,
          0.0,
          0.0,
          1.0
        ]
      ]
    },
    {
      "file_path": "/media/NFS/ttao/scannet/posed_images/scene0501_02/00257.jpg",
      "transform_matrix": [
        [
          0.171594,
          -0.215673,
          0.961271,
          1.399141
        ],
        [
          -0.983908,
          0.011817,
          0.178287,
          0.335142
        ],
        [
          -0.049811,
          -0.976394,
          -0.210174,
          1.769878
        ],
        [
          0.0,
          0.0,
          0.0,
          1.0
        ]
      ]
    },
    {
      "file_path": "/media/NFS/ttao/scannet/posed_images/scene0501_02/00264.jpg",
      "transform_matrix": [
        [
          0.1886,
          -0.171727,
          0.966923,
          1.393345
        ],
        [
          -0.980851,
          0.015781,
          0.194119,
          0.327038
        ],
        [
          -0.048594,
          -0.985018,
          -0.165462,
          1.792821
        ],
        [
          0.0,
          0.0,
          0.0,
          1.0
        ]
      ]
    },
    {
      "file_path": "/media/NFS/ttao/scannet/posed_images/scene0501_02/00270.jpg",
      "transform_matrix": [
        [
          0.211986,
          -0.147724,
          0.966043,
          1.379474
        ],
        [
          -0.977075,
          -0.012148,
          0.212549,
          0.338732
        ],
        [
          -0.019663,
          -0.988954,
          -0.146913,
          1.805521
        ],
        [
          0.0,
          0.0,
          0.0,
          1.0
        ]
      ]
    },
    {
      "file_path": "/media/NFS/ttao/scannet/posed_images/scene0501_02/00277.jpg",
      "transform_matrix": [
        [
          0.234595,
          -0.146437,
          0.961,
          1.359776
        ],
        [
          -0.97201,
          -0.02244,
          0.233864,
          0.352802
        ],
        [
          -0.012681,
          -0.988965,
          -0.147603,
          1.806584
        ],
        [
          0.0,
          0.0,
          0.0,
          1.0
        ]
      ]
    },
    {
      "file_path": "/media/NFS/ttao/scannet/posed_images/scene0501_02/00285.jpg",
      "transform_matrix": [
        [
          0.250674,
          -0.181855,
          0.950837,
          1.33628
        ],
        [
          -0.967851,
          -0.026116,
          0.250164,
          0.363512
        ],
        [
          -0.020661,
          -0.982978,
          -0.182555,
          1.781529
        ],
        [
          0.0,
          0.0,
          0.0,
          1.0
        ]
      ]
    },
    {
      "file_path": "/media/NFS/ttao/scannet/posed_images/scene0501_02/00289.jpg",
      "transform_matrix": [
        [
          0.247569,
          -0.210121,
          0.945811,
          1.324592
        ],
        [
          -0.968442,
          -0.024655,
          0.248016,
          0.365477
        ],
        [
          -0.028794,
          -0.977364,
          -0.209594,
          1.761795
        ],
        [
          0.0,
          0.0,
          0.0,
          1.0
        ]
      ]
    },
    {
      "file_path": "/media/NFS/ttao/scannet/posed_images/scene0501_02/00300.jpg",
      "transform_matrix": [
        [
          0.229257,
          -0.306855,
          0.923732,
          1.297854
        ],
        [
          -0.972966,
          -0.045041,
          0.226514,
          0.380436
        ],
        [
          -0.027901,
          -0.95069,
          -0.308885,
          1.678382
        ],
        [
          0.0,
          0.0,
          0.0,
          1.0
        ]
      ]
    },
    {
      "file_path": "/media/NFS/ttao/scannet/posed_images/scene0501_02/00309.jpg",
      "transform_matrix": [
        [
          0.217312,
          -0.363355,
          0.905952,
          1.286314
        ],
        [
          -0.975738,
          -0.055512,
          0.211787,
          0.387604
        ],
        [
          -0.026663,
          -0.929995,
          -0.366603,
          1.614537
        ],
        [
          0.0,
          0.0,
          0.0,
          1.0
        ]
      ]
    },
    {
      "file_path": "/media/NFS/ttao/scannet/posed_images/scene0501_02/00313.jpg",
      "transform_matrix": [
        [
          0.210129,
          -0.3891,
          0.89691,
          1.276897
        ],
        [
          -0.977016,
          -0.049918,
          0.207241,
          0.397947
        ],
        [
          -0.035865,
          -0.919842,
          -0.390646,
          1.582167
        ],
        [
          0.0,
          0.0,
          0.0,
          1.0
        ]
      ]
    },
    {
      "file_path": "/media/NFS/ttao/scannet/posed_images/scene0501_02/00321.jpg",
      "transform_matrix": [
        [
          0.186575,
          -0.445296,
          0.875729,
          1.263168
        ],
        [
          -0.980986,
          -0.035944,
          0.190723,
          0.412296
        ],
        [
          -0.053451,
          -0.894662,
          -0.443535,
          1.527604
        ],
        [
          0.0,
          0.0,
          0.0,
          1.0
        ]
      ]
    },
    {
      "file_path": "/media/NFS/ttao/scannet/posed_images/scene0501_02/00326.jpg",
      "transform_matrix": [
        [
          0.20418,
          -0.474104,
          0.856467,
          1.252217
        ],
        [
          -0.978233,
          -0.065706,
          0.196836,
          0.424783
        ],
        [
          -0.037046,
          -0.878014,
          -0.477199,
          1.499013
        ],
        [
          0.0,
          0.0,
          0.0,
          1.0
        ]
      ]
    },
    {
      "file_path": "/media/NFS/ttao/scannet/posed_images/scene0501_02/00332.jpg",
      "transform_matrix": [
        [
          0.212468,
          -0.514807,
          0.830561,
          1.239166
        ],
        [
          -0.976186,
          -0.073727,
          0.204023,
          0.449133
        ],
        [
          -0.043798,
          -0.85413,
          -0.518212,
          1.470104
        ],
        [
          0.0,
          0.0,
          0.0,
          1.0
        ]
      ]
    },
    {
      "file_path": "/media/NFS/ttao/scannet/posed_images/scene0501_02/00340.jpg",
      "transform_matrix": [
        [
          0.229686,
          -0.55886,
          0.796818,
          1.228788
        ],
        [
          -0.9702,
          -0.066554,
          0.232985,
          0.462894
        ],
        [
          -0.077174,
          -0.826587,
          -0.557493,
          1.438807
        ],
        [
          0.0,
          0.0,
          0.0,
          1.0
        ]
      ]
    },
    {
      "file_path": "/media/NFS/ttao/scannet/posed_images/scene0501_02/00349.jpg",
      "transform_matrix": [
        [
          0.251774,
          -0.610677,
          0.750789,
          1.22502
        ],
        [
          -0.964571,
          -0.09516,
          0.246064,
          0.472748
        ],
        [
          -0.078821,
          -0.786141,
          -0.613,
          1.403792
        ],
        [
          0.0,
          0.0,
          0.0,
          1.0
        ]
      ]
    },
    {
      "file_path": "/media/NFS/ttao/scannet/posed_images/scene0501_02/00353.jpg",
      "transform_matrix": [
        [
          0.268045,
          -0.629213,
          0.72955,
          1.222401
        ],
        [
          -0.960111,
          -0.111886,
          0.256258,
          0.481258
        ],
        [
          -0.079615,
          -0.769137,
          -0.634105,
          1.387916
        ],
        [
          0.0,
          0.0,
          0.0,
          1.0
        ]
      ]
    },
    {
      "file_path": "/media/NFS/ttao/scannet/posed_images/scene0501_02/00366.jpg",
      "transform_matrix": [
        [
          0.356145,
          -0.643788,
          0.677272,
          1.203723
        ],
        [
          -0.932709,
          -0.200941,
          0.299461,
          0.528598
        ],
        [
          -0.056697,
          -0.738349,
          -0.672031,
          1.346187
        ],
        [
          0.0,
          0.0,
          0.0,
          1.0
        ]
      ]
    },
    {
      "file_path": "/media/NFS/ttao/scannet/posed_images/scene0501_02/00368.jpg",
      "transform_matrix": [
        [
          0.37355,
          -0.645456,
          0.666218,
          1.199535
        ],
        [
          -0.926113,
          -0.218722,
          0.307368,
          0.536579
        ],
        [
          -0.052676,
          -0.731811,
          -0.679469,
          1.340283
        ],
        [
          0.0,
          0.0,
          0.0,
          1.0
        ]
      ]
    },
    {
      "file_path": "/media/NFS/ttao/scannet/posed_images/scene0501_02/00375.jpg",
      "transform_matrix": [
        [
          0.429233,
          -0.632193,
          0.645051,
          1.18209
        ],
        [
          -0.902294,
          -0.268265,
          0.337491,
          0.566039
        ],
        [
          -0.040314,
          -0.726888,
          -0.685572,
          1.32518
        ],
        [
          0.0,
          0.0,
          0.0,
          1.0
        ]
      ]
    },
    {
      "file_path": "/media/NFS/ttao/scannet/posed_images/scene0501_02/00381.jpg",
      "transform_matrix": [
        [
          0.483823,
          -0.611766,
          0.625826,
          1.171154
        ],
        [
          -0.874456,
          -0.30914,
          0.373843,
          0.593602
        ],
        [
          -0.035237,
          -0.728131,
          -0.684532,
          1.318686
        ],
        [
          0.0,
          0.0,
          0.0,
          1.0
        ]
      ]
    },
    {
      "file_path": "/media/NFS/ttao/scannet/posed_images/scene0501_02/00394.jpg",
      "transform_matrix": [
        [
          0.583164,
          -0.560136,
          0.58836,
          1.193808
        ],
        [
          -0.812048,
          -0.382057,
          0.441147,
          0.698162
        ],
        [
          -0.022315,
          -0.735038,
          -0.677659,
          1.320326
        ],
        [
          0.0,
          0.0,
          0.0,
          1.0
        ]
      ]
    },
    {
      "file_path": "/media/NFS/ttao/scannet/posed_images/scene0501_02/00398.jpg",
      "transform_matrix": [
        [
          0.600781,
          -0.554495,
          0.575845,
          1.213233
        ],
        [
          -0.799162,
          -0.398506,
          0.450038,
          0.746061
        ],
        [
          -0.020067,
          -0.730567,
          -0.682546,
          1.32405
        ],
        [
          0.0,
          0.0,
          0.0,
          1.0
        ]
      ]
    },
    {
      "file_path": "/media/NFS/ttao/scannet/posed_images/scene0501_02/00406.jpg",
      "transform_matrix": [
        [
          0.61597,
          -0.551725,
          0.562299,
          1.260327
        ],
        [
          -0.787694,
          -0.421431,
          0.449372,
          0.8627
        ],
        [
          -0.01096,
          -0.719719,
          -0.694179,
          1.339489
        ],
        [
          0.0,
          0.0,
          0.0,
          1.0
        ]
      ]
    },
    {
      "file_path": "/media/NFS/ttao/scannet/posed_images/scene0501_02/00413.jpg",
      "transform_matrix": [
        [
          0.64179,
          -0.548803,
          0.53565,
          1.29458
        ],
        [
          -0.766402,
          -0.434315,
          0.473286,
          0.953475
        ],
        [
          -0.0271,
          -0.714273,
          -0.699342,
          1.344762
        ],
        [
          0.0,
          0.0,
          0.0,
          1.0
        ]
      ]
    },
    {
      "file_path": "/media/NFS/ttao/scannet/posed_images/scene0501_02/00417.jpg",
      "transform_matrix": [
        [
          0.64755,
          -0.548928,
          0.528542,
          1.320404
        ],
        [
          -0.761448,
          -0.439178,
          0.476781,
          0.998147
        ],
        [
          -0.029595,
          -0.711197,
          -0.70237,
          1.342398
        ],
        [
          0.0,
          0.0,
          0.0,
          1.0
        ]
      ]
    },
    {
      "file_path": "/media/NFS/ttao/scannet/posed_images/scene0501_02/00423.jpg",
      "transform_matrix": [
        [
          0.66547,
          -0.525137,
          0.530454,
          1.373271
        ],
        [
          -0.745999,
          -0.443917,
          0.496411,
          1.04567
        ],
        [
          -0.025206,
          -0.726064,
          -0.687165,
          1.341225
        ],
        [
          0.0,
          0.0,
          0.0,
          1.0
        ]
      ]
    },
    {
      "file_path": "/media/NFS/ttao/scannet/posed_images/scene0501_02/00436.jpg",
      "transform_matrix": [
        [
          0.692654,
          -0.43576,
          0.574755,
          1.522099
        ],
        [
          -0.720052,
          -0.464064,
          0.515917,
          1.150368
        ],
        [
          0.041907,
          -0.771205,
          -0.635206,
          1.386431
        ],
        [
          0.0,
          0.0,
          0.0,
          1.0
        ]
      ]
    },
    {
      "file_path": "/media/NFS/ttao/scannet/posed_images/scene0501_02/00443.jpg",
      "transform_matrix": [
        [
          0.652447,
          -0.446084,
          0.612636,
          1.566031
        ],
        [
          -0.757259,
          -0.415264,
          0.504098,
          1.191483
        ],
        [
          0.029536,
          -0.792821,
          -0.608739,
          1.404349
        ],
        [
          0.0,
          0.0,
          0.0,
          1.0
        ]
      ]
    },
    {
      "file_path": "/media/NFS/ttao/scannet/posed_images/scene0501_02/00449.jpg",
      "transform_matrix": [
        [
          0.573211,
          -0.481328,
          0.663139,
          1.590256
        ],
        [
          -0.819072,
          -0.35973,
          0.446895,
          1.235356
        ],
        [
          0.023448,
          -0.799323,
          -0.600443,
          1.413122
        ],
        [
          0.0,
          0.0,
          0.0,
          1.0
        ]
      ]
    },
    {
      "file_path": "/media/NFS/ttao/scannet/posed_images/scene0501_02/00458.jpg",
      "transform_matrix": [
        [
          0.328305,
          -0.542436,
          0.773291,
          1.592474
        ],
        [
          -0.944528,
          -0.18059,
          0.274327,
          1.338174
        ],
        [
          -0.009156,
          -0.820457,
          -0.571634,
          1.438159
        ],
        [
          0.0,
          0.0,
          0.0,
          1.0
        ]
      ]
    },
    {
      "file_path": "/media/NFS/ttao/scannet/posed_images/scene0501_02/00464.jpg",
      "transform_matrix": [
        [
          0.182059,
          -0.546339,
          0.817538,
          1.584797
        ],
        [
          -0.981586,
          -0.052082,
          0.183786,
          1.366072
        ],
        [
          -0.057831,
          -0.835943,
          -0.545761,
          1.449534
        ],
        [
          0.0,
          0.0,
          0.0,
          1.0
        ]
      ]
    },
    {
      "file_path": "/media/NFS/ttao/scannet/posed_images/scene0501_02/00468.jpg",
      "transform_matrix": [
        [
          0.096142,
          -0.540127,
          0.836074,
          1.587158
        ],
        [
          -0.992311,
          0.013771,
          0.123005,
          1.378436
        ],
        [
          -0.077952,
          -0.841471,
          -0.53465,
          1.46323
        ],
        [
          0.0,
          0.0,
          0.0,
          1.0
        ]
      ]
    },
    {
      "file_path": "/media/NFS/ttao/scannet/posed_images/scene0501_02/00479.jpg",
      "transform_matrix": [
        [
          -0.106731,
          -0.462054,
          0.880406,
          1.589488
        ],
        [
          -0.99301,
          0.094425,
          -0.070825,
          1.343942
        ],
        [
          -0.050407,
          -0.881811,
          -0.468902,
          1.500789
        ],
        [
          0.0,
          0.0,
          0.0,
          1.0
        ]
      ]
    },
    {
      "file_path": "/media/NFS/ttao/scannet/posed_images/scene0501_02/00485.jpg",
      "transform_matrix": [
        [
          -0.181845,
          -0.418109,
          0.89001,
          1.588955
        ],
        [
          -0.983262,
          0.087722,
          -0.159688,
          1.346894
        ],
        [
          -0.011306,
          -0.904151,
          -0.427063,
          1.537926
        ],
        [
          0.0,
          0.0,
          0.0,
          1.0
        ]
      ]
    },
    {
      "file_path": "/media/NFS/ttao/scannet/posed_images/scene0501_02/00494.jpg",
      "transform_matrix": [
        [
          -0.256965,
          -0.356428,
          0.898292,
          1.574403
        ],
        [
          -0.966358,
          0.084127,
          -0.243056,
          1.340649
        ],
        [
          0.011061,
          -0.930528,
          -0.366054,
          1.575659
        ],
        [
          0.0,
          0.0,
          0.0,
          1.0
        ]
      ]
    },
    {
      "file_path": "/media/NFS/ttao/scannet/posed_images/scene0501_02/00500.jpg",
      "transform_matrix": [
        [
          -0.250152,
          -0.301617,
          0.920028,
          1.558137
        ],
        [
          -0.967923,
          0.05491,
          -0.245173,
          1.337888
        ],
        [
          0.023429,
          -0.951847,
          -0.305678,
          1.577534
        ],
        [
          0.0,
          0.0,
          0.0,
          1.0
        ]
      ]
    },
    {
      "file_path": "/media/NFS/ttao/scannet/posed_images/scene0501_02/00502.jpg",
      "transform_matrix": [
        [
          -0.244233,
          -0.285993,
          0.926585,
          1.554604
        ],
        [
          -0.969442,
          0.049257,
          -0.240326,
          1.340107
        ],
        [
          0.023091,
          -0.956965,
          -0.289283,
          1.591528
        ],
        [
          0.0,
          0.0,
          0.0,
          1.0
        ]
      ]
    },
    {
      "file_path": "/media/NFS/ttao/scannet/posed_images/scene0501_02/00509.jpg",
      "transform_matrix": [
        [
          -0.215686,
          -0.22008,
          0.951339,
          1.540624
        ],
        [
          -0.976426,
          0.040155,
          -0.212084,
          1.350214
        ],
        [
          0.008475,
          -0.974655,
          -0.223552,
          1.611414
        ],
        [
          0.0,
          0.0,
          0.0,
          1.0
        ]
      ]
    },
    {
      "file_path": "/media/NFS/ttao/scannet/posed_images/scene0501_02/00521.jpg",
      "transform_matrix": [
        [
          -0.152554,
          -0.12002,
          0.980981,
          1.525663
        ],
        [
          -0.988252,
          0.027792,
          -0.150284,
          1.368317
        ],
        [
          -0.009227,
          -0.992382,
          -0.12285,
          1.641043
        ],
        [
          0.0,
          0.0,
          0.0,
          1.0
        ]
      ]
    },
    {
      "file_path": "/media/NFS/ttao/scannet/posed_images/scene0501_02/00526.jpg",
      "transform_matrix": [
        [
          -0.128747,
          -0.083834,
          0.988128,
          1.524632
        ],
        [
          -0.991643,
          0.019223,
          -0.127574,
          1.375447
        ],
        [
          -0.0083,
          -0.996294,
          -0.085608,
          1.651989
        ],
        [
          0.0,
          0.0,
          0.0,
          1.0
        ]
      ]
    },
    {
      "file_path": "/media/NFS/ttao/scannet/posed_images/scene0501_02/00536.jpg",
      "transform_matrix": [
        [
          -0.078958,
          -0.026896,
          0.996515,
          1.528471
        ],
        [
          -0.996878,
          0.002982,
          -0.078906,
          1.396
        ],
        [
          -0.000849,
          -0.999634,
          -0.027048,
          1.685609
        ],
        [
          0.0,
          0.0,
          0.0,
          1.0
        ]
      ]
    },
    {
      "file_path": "/media/NFS/ttao/scannet/posed_images/scene0501_02/00541.jpg",
      "transform_matrix": [
        [
          -0.054406,
          0.008428,
          0.998483,
          1.530146
        ],
        [
          -0.998519,
          -0.000111,
          -0.054407,
          1.400734
        ],
        [
          -0.000348,
          -0.999965,
          0.008422,
          1.70286
        ],
        [
          0.0,
          0.0,
          0.0,
          1.0
        ]
      ]
    },
    {
      "file_path": "/media/NFS/ttao/scannet/posed_images/scene0501_02/00547.jpg",
      "transform_matrix": [
        [
          -0.020335,
          0.02347,
          0.999518,
          1.538424
        ],
        [
          -0.999793,
          -0.000727,
          -0.020324,
          1.401824
        ],
        [
