{
  "frames": [
    {
      "file_path": "/media/NFS/ttao/scannet/posed_images/scene0115_00/00000.jpg",
      "transform_matrix": [
        [
          -0.699126,
          -0.324611,
          0.637064,
          0.050403
        ],
        [
          -0.713802,
          0.265353,
          -0.648131,
          3.78209
        ],
        [
          0.041344,
          -0.907863,
          -0.417224,
          1.506908
        ],
        [
          0.0,
          0.0,
          0.0,
          1.0
        ]
      ]
    },
    {
      "file_path": "/media/NFS/ttao/scannet/posed_images/scene0115_00/00003.jpg",
      "transform_matrix": [
        [
          -0.698666,
          -0.330448,
          0.634563,
          0.050863
        ],
        [
          -0.713793,
          0.261647,
          -0.649647,
          3.788018
        ],
        [
          0.048643,
          -0.906832,
          -0.418676,
          1.507423
        ],
        [
          0.0,
          0.0,
          0.0,
          1.0
        ]
      ]
    },
    {
      "file_path": "/media/NFS/ttao/scannet/posed_images/scene0115_00/00006.jpg",
      "transform_matrix": [
        [
          -0.689458,
          -0.337111,
          0.641095,
          0.05545
        ],
        [
          -0.722373,
          0.255065,
          -0.642744,
          3.791027
        ],
        [
          0.053155,
          -0.906255,
          -0.419376,
          1.505668
        ],
        [
          0.0,
          0.0,
          0.0,
          1.0
        ]
      ]
    },
    {
      "file_path": "/media/NFS/ttao/scannet/posed_images/scene0115_00/00013.jpg",
      "transform_matrix": [
        [
          -0.636035,
          -0.348338,
          0.688563,
          0.049867
        ],
        [
          -0.769543,
          0.220274,
          -0.599402,
          3.770443
        ],
        [
          0.057122,
          -0.91112,
          -0.408163,
          1.522287
        ],
        [
          0.0,
          0.0,
          0.0,
          1.0
        ]
      ]
    },
    {
      "file_path": "/media/NFS/ttao/scannet/posed_images/scene0115_00/00014.jpg",
      "transform_matrix": [
        [
          -0.638317,
          -0.34794,
          0.686651,
          0.0444
        ],
        [
          -0.767494,
          0.219065,
          -0.602465,
          3.773306
        ],
        [
          0.0592,
          -0.911564,
          -0.406875,
          1.50454
        ],
        [
          0.0,
          0.0,
          0.0,
          1.0
        ]
      ]
    },
    {
      "file_path": "/media/NFS/ttao/scannet/posed_images/scene0115_00/00017.jpg",
      "transform_matrix": [
        [
          -0.629936,
          -0.358412,
          0.689,
          0.054101
        ],
        [
          -0.775158,
          0.235236,
          -0.58634,
          3.777367
        ],
        [
          0.048074,
          -0.90344,
          -0.42601,
          1.539293
        ],
        [
          0.0,
          0.0,
          0.0,
          1.0
        ]
      ]
    },
    {
      "file_path": "/media/NFS/ttao/scannet/posed_images/scene0115_00/00023.jpg",
      "transform_matrix": [
        [
          -0.567385,
          -0.332577,
          0.753304,
          0.050073
        ],
        [
          -0.823114,
          0.202832,
          -0.530417,
          3.794589
        ],
        [
          0.02361,
          -0.921006,
          -0.388833,
          1.553057
        ],
        [
          0.0,
          0.0,
          0.0,
          1.0
        ]
      ]
    },
    {
      "file_path": "/media/NFS/ttao/scannet/posed_images/scene0115_00/00024.jpg",
      "transform_matrix": [
        [
          -0.559146,
          -0.326912,
          0.761894,
          0.051358
        ],
        [
          -0.828815,
          0.197671,
          -0.523442,
          3.801863
        ],
        [
          0.020515,
          -0.924151,
          -0.381477,
          1.556619
        ],
        [
          0.0,
          0.0,
          0.0,
          1.0
        ]
      ]
    },
    {
      "file_path": "/media/NFS/ttao/scannet/posed_images/scene0115_00/00029.jpg",
      "transform_matrix": [
        [
          -0.510468,
          -0.316465,
          0.799545,
          0.070358
        ],
        [
          -0.85958,
          0.162578,
          -0.484449,
          3.843085
        ],
        [
          0.023323,
          -0.934569,
          -0.355018,
          1.564547
        ],
        [
          0.0,
          0.0,
          0.0,
          1.0
        ]
      ]
    },
    {
      "file_path": "/media/NFS/ttao/scannet/posed_images/scene0115_00/00033.jpg",
      "transform_matrix": [
        [
          -0.471494,
          -0.321292,
          0.821258,
          0.071705
        ],
        [
          -0.881004,
          0.130378,
          -0.454789,
          3.822975
        ],
        [
          0.039045,
          -0.937962,
          -0.344532,
          1.582865
        ],
        [
          0.0,
          0.0,
          0.0,
          1.0
        ]
      ]
    },
    {
      "file_path": "/media/NFS/ttao/scannet/posed_images/scene0115_00/00037.jpg",
      "transform_matrix": [
        [
          -0.455582,
          -0.336096,
          0.824308,
          0.074733
        ],
        [
          -0.888849,
          0.120862,
          -0.441974,
          3.831038
        ],
        [
          0.048918,
          -0.93404,
          -0.353801,
          1.58478
        ],
        [
          0.0,
          0.0,
          0.0,
          1.0
        ]
      ]
    },
    {
      "file_path": "/media/NFS/ttao/scannet/posed_images/scene0115_00/00038.jpg",
      "transform_matrix": [
        [
          -0.452678,
          -0.337327,
          0.825405,
          0.080146
        ],
        [
          -0.890129,
          0.116485,
          -0.44057,
          3.844257
        ],
        [
          0.052469,
          -0.934153,
          -0.352995,
          1.592217
        ],
        [
          0.0,
          0.0,
          0.0,
          1.0
        ]
      ]
    },
    {
      "file_path": "/media/NFS/ttao/scannet/posed_images/scene0115_00/00045.jpg",
      "transform_matrix": [
        [
          -0.365487,
          -0.341441,
          0.865931,
          0.053231
        ],
        [
          -0.93007,
          0.0967,
          -0.354429,
          3.780892
        ],
        [
          0.037281,
          -0.934915,
          -0.352907,
          1.570738
        ],
        [
          0.0,
          0.0,
          0.0,
          1.0
        ]
      ]
    },
    {
      "file_path": "/media/NFS/ttao/scannet/posed_images/scene0115_00/00047.jpg",
      "transform_matrix": [
        [
          -0.352589,
          -0.336821,
          0.873059,
          0.055679
        ],
        [
          -0.935009,
          0.088974,
          -0.343282,
          3.781617
        ],
        [
          0.037945,
          -0.937355,
          -0.346302,
          1.567117
        ],
        [
          0.0,
          0.0,
          0.0,
          1.0
        ]
      ]
    },
    {
      "file_path": "/media/NFS/ttao/scannet/posed_images/scene0115_00/00049.jpg",
      "transform_matrix": [
        [
          -0.337109,
          -0.338812,
          0.878387,
          0.058173
        ],
        [
          -0.940708,
          0.083798,
          -0.328704,
          3.778746
        ],
        [
          0.037762,
          -0.937115,
          -0.346972,
          1.569025
        ],
        [
          0.0,
          0.0,
          0.0,
          1.0
        ]
      ]
    },
    {
      "file_path": "/media/NFS/ttao/scannet/posed_images/scene0115_00/00052.jpg",
      "transform_matrix": [
        [
          -0.306201,
          -0.330596,
          0.892719,
          0.061405
        ],
        [
          -0.951391,
          0.073645,
          -0.299053,
          3.786057
        ],
        [
          0.033121,
          -0.940895,
          -0.337077,
          1.575454
        ],
        [
          0.0,
          0.0,
          0.0,
          1.0
        ]
      ]
    },
    {
      "file_path": "/media/NFS/ttao/scannet/posed_images/scene0115_00/00056.jpg",
      "transform_matrix": [
        [
          -0.257382,
          -0.333985,
          0.906757,
          0.068181
        ],
        [
          -0.965383,
          0.047787,
          -0.256421,
          3.780238
        ],
        [
          0.04231,
          -0.941366,
          -0.334723,
          1.565104
        ],
        [
          0.0,
          0.0,
          0.0,
          1.0
        ]
      ]
    },
    {
      "file_path": "/media/NFS/ttao/scannet/posed_images/scene0115_00/00059.jpg",
      "transform_matrix": [
        [
          -0.231353,
          -0.325163,
          0.916921,
          0.071059
        ],
        [
          -0.972277,
          0.044371,
          -0.229585,
          3.796056
        ],
        [
          0.033968,
          -0.944616,
          -0.326414,
          1.568933
        ],
        [
          0.0,
          0.0,
          0.0,
          1.0
        ]
      ]
    },
    {
      "file_path": "/media/NFS/ttao/scannet/posed_images/scene0115_00/00063.jpg",
      "transform_matrix": [
        [
          -0.193708,
          -0.325567,
          0.925464,
          0.077915
        ],
        [
          -0.980336,
          0.028013,
          -0.195338,
          3.804672
        ],
        [
          0.03767,
          -0.945104,
          -0.324592,
          1.568491
        ],
        [
          0.0,
          0.0,
          0.0,
          1.0
        ]
      ]
    },
    {
      "file_path": "/media/NFS/ttao/scannet/posed_images/scene0115_00/00069.jpg",
      "transform_matrix": [
        [
          -0.124326,
          -0.312575,
          0.941721,
          0.081937
        ],
        [
          -0.991986,
          0.01763,
          -0.125111,
          3.830157
        ],
        [
          0.022504,
          -0.949729,
          -0.312262,
          1.566889
        ],
        [
          0.0,
          0.0,
          0.0,
          1.0
        ]
      ]
    },
    {
      "file_path": "/media/NFS/ttao/scannet/posed_images/scene0115_00/00070.jpg",
      "transform_matrix": [
        [
          -0.111611,
          -0.314811,
          0.942569,
          0.085164
        ],
        [
          -0.993511,
          0.014462,
          -0.112813,
          3.827233
        ],
        [
          0.021883,
          -0.949044,
          -0.314382,
          1.572271
        ],
        [
          0.0,
          0.0,
          0.0,
          1.0
        ]
      ]
    },
    {
      "file_path": "/media/NFS/ttao/scannet/posed_images/scene0115_00/00076.jpg",
      "transform_matrix": [
        [
          -0.042238,
          -0.30708,
          0.950746,
          0.087812
        ],
        [
          -0.999098,
          0.008767,
          -0.041554,
          3.849691
        ],
        [
          0.004425,
          -0.951643,
          -0.307173,
          1.571039
        ],
        [
          0.0,
          0.0,
          0.0,
          1.0
        ]
      ]
    },
    {
      "file_path": "/media/NFS/ttao/scannet/posed_images/scene0115_00/00080.jpg",
      "transform_matrix": [
        [
          0.010977,
          -0.284641,
          0.958571,
          0.087689
        ],
        [
          -0.999927,
          0.001727,
          0.011964,
          3.875031
        ],
        [
          -0.005061,
          -0.958633,
          -0.284601,
          1.578142
        ],
        [
          0.0,
          0.0,
          0.0,
          1.0
        ]
      ]
    },
    {
      "file_path": "/media/NFS/ttao/scannet/posed_images/scene0115_00/00081.jpg",
      "transform_matrix": [
        [
          0.028039,
          -0.283602,
          0.958532,
          0.092541
        ],
        [
          -0.999596,
          -0.003441,
          0.028222,
          3.873167
        ],
        [
          -0.004706,
          -0.958936,
          -0.283584,
          1.583613
        ],
        [
          0.0,
          0.0,
          0.0,
          1.0
        ]
      ]
    },
    {
      "file_path": "/media/NFS/ttao/scannet/posed_images/scene0115_00/00087.jpg",
      "transform_matrix": [
        [
          0.101594,
          -0.251918,
          0.962401,
          0.101328
        ],
        [
          -0.994735,
          -0.012658,
          0.101694,
          3.903274
        ],
        [
          -0.013436,
          -0.967666,
          -0.251878,
          1.604357
        ],
        [
          0.0,
          0.0,
          0.0,
          1.0
        ]
      ]
    },
    {
      "file_path": "/media/NFS/ttao/scannet/posed_images/scene0115_00/00088.jpg",
      "transform_matrix": [
        [
          0.130802,
          -0.23779,
          0.962469,
          0.102781
        ],
        [
          -0.991349,
          -0.020785,
          0.129592,
          3.913328
        ],
        [
          -0.010811,
          -0.971094,
          -0.238452,
          1.608385
        ],
        [
          0.0,
          0.0,
          0.0,
          1.0
        ]
      ]
    },
    {
      "file_path": "/media/NFS/ttao/scannet/posed_images/scene0115_00/00093.jpg",
      "transform_matrix": [
        [
          0.181758,
          -0.208664,
          0.960949,
          0.1023
        ],
        [
          -0.983341,
          -0.040944,
          0.177102,
          3.922292
        ],
        [
          0.002391,
          -0.97713,
          -0.21263,
          1.60302
        ],
        [
          0.0,
          0.0,
          0.0,
          1.0
        ]
      ]
    },
    {
      "file_path": "/media/NFS/ttao/scannet/posed_images/scene0115_00/00095.jpg",
      "transform_matrix": [
        [
          0.189509,
          -0.211317,
          0.95887,
          0.104066
        ],
        [
          -0.98181,
          -0.052363,
          0.182503,
          3.937079
        ],
        [
          0.011643,
          -0.976014,
          -0.217397,
          1.608996
        ],
        [
          0.0,
          0.0,
          0.0,
          1.0
        ]
      ]
    },
    {
      "file_path": "/media/NFS/ttao/scannet/posed_images/scene0115_00/00100.jpg",
      "transform_matrix": [
        [
          0.237894,
          -0.200296,
          0.950415,
          0.11673
        ],
        [
          -0.97122,
          -0.060872,
          0.230273,
          3.945545
        ],
        [
          0.011731,
          -0.977843,
          -0.209013,
          1.629515
        ],
        [
          0.0,
          0.0,
          0.0,
          1.0
        ]
      ]
    },
    {
      "file_path": "/media/NFS/ttao/scannet/posed_images/scene0115_00/00102.jpg",
      "transform_matrix": [
        [
          0.256667,
          -0.195128,
          0.946598,
          0.114768
        ],
        [
          -0.966432,
          -0.063429,
          0.24897,
          3.9467
        ],
        [
          0.011461,
          -0.978725,
          -0.204858,
          1.623837
        ],
        [
          0.0,
          0.0,
          0.0,
          1.0
        ]
      ]
    },
    {
      "file_path": "/media/NFS/ttao/scannet/posed_images/scene0115_00/00105.jpg",
      "transform_matrix": [
        [
          0.279883,
          -0.196836,
          0.939639,
          0.115871
        ],
        [
          -0.959976,
          -0.068137,
          0.271667,
          3.960988
        ],
        [
          0.01055,
          -0.978066,
          -0.208028,
          1.62561
        ],
        [
          0.0,
          0.0,
          0.0,
          1.0
        ]
      ]
    },
    {
      "file_path": "/media/NFS/ttao/scannet/posed_images/scene0115_00/00112.jpg",
      "transform_matrix": [
        [
          0.346247,
          -0.181735,
          0.920372,
          0.11962
        ],
        [
          -0.937936,
          -0.087682,
          0.335541,
          3.986748
        ],
        [
          0.01972,
          -0.979431,
          -0.200816,
          1.626385
        ],
        [
          0.0,
          0.0,
          0.0,
          1.0
        ]
      ]
    },
    {
      "file_path": "/media/NFS/ttao/scannet/posed_images/scene0115_00/00115.jpg",
      "transform_matrix": [
        [
          0.360712,
          -0.168734,
          0.917287,
          0.110838
        ],
        [
          -0.932316,
          -0.092593,
          0.34959,
          4.009113
        ],
        [
          0.025946,
          -0.981303,
          -0.190713,
          1.638417
        ],
        [
          0.0,
          0.0,
          0.0,
          1.0
        ]
      ]
    },
    {
      "file_path": "/media/NFS/ttao/scannet/posed_images/scene0115_00/00116.jpg",
      "transform_matrix": [
        [
          0.371902,
          -0.163636,
          0.913735,
          0.109853
        ],
        [
          -0.927858,
          -0.094925,
          0.36065,
          4.014216
        ],
        [
          0.027721,
          -0.981943,
          -0.187134,
          1.63677
        ],
        [
          0.0,
          0.0,
          0.0,
          1.0
        ]
      ]
    },
    {
      "file_path": "/media/NFS/ttao/scannet/posed_images/scene0115_00/00120.jpg",
      "transform_matrix": [
        [
          0.43085,
          -0.147308,
          0.890319,
          0.10603
        ],
        [
          -0.902073,
          -0.097806,
          0.420355,
          4.043627
        ],
        [
          0.025157,
          -0.984243,
          -0.175022,
          1.659276
        ],
        [
          0.0,
          0.0,
          0.0,
          1.0
        ]
      ]
    },
    {
      "file_path": "/media/NFS/ttao/scannet/posed_images/scene0115_00/00123.jpg",
      "transform_matrix": [
        [
          0.464447,
          -0.137795,
          0.874815,
          0.10332
        ],
        [
          -0.885245,
          -0.100219,
          0.454199,
          4.05959
        ],
        [
          0.025087,
          -0.985377,
          -0.168529,
          1.664052
        ],
        [
          0.0,
          0.0,
          0.0,
          1.0
        ]
      ]
    },
    {
      "file_path": "/media/NFS/ttao/scannet/posed_images/scene0115_00/00126.jpg",
      "transform_matrix": [
        [
          0.496434,
          -0.132766,
          0.857861,
          0.096779
        ],
        [
          -0.867672,
          -0.105992,
          0.485707,
          4.076987
        ],
        [
          0.026441,
          -0.985464,
          -0.167815,
          1.661958
        ],
        [
          0.0,
          0.0,
          0.0,
          1.0
        ]
      ]
    },
    {
      "file_path": "/media/NFS/ttao/scannet/posed_images/scene0115_00/00133.jpg",
      "transform_matrix": [
        [
          0.563916,
          -0.122012,
          0.816769,
          0.077064
        ],
        [
          -0.825254,
          -0.120238,
          0.551813,
          4.137522
        ],
        [
          0.030879,
          -0.985219,
          -0.168495,
          1.666733
        ],
        [
          0.0,
          0.0,
          0.0,
          1.0
        ]
      ]
    },
    {
      "file_path": "/media/NFS/ttao/scannet/posed_images/scene0115_00/00135.jpg",
      "transform_matrix": [
        [
          0.576514,
          -0.122294,
          0.807883,
          0.07218
        ],
        [
          -0.816314,
          -0.129204,
          0.562972,
          4.153323
        ],
        [
          0.035534,
          -0.984048,
          -0.174318,
          1.671809
        ],
        [
          0.0,
          0.0,
          0.0,
          1.0
        ]
      ]
    },
    {
      "file_path": "/media/NFS/ttao/scannet/posed_images/scene0115_00/00137.jpg",
      "transform_matrix": [
        [
          0.597798,
          -0.118624,
          0.792821,
          0.068758
        ],
        [
          -0.801002,
          -0.128056,
          0.584806,
          4.157667
        ],
        [
          0.032153,
          -0.984647,
          -0.17157,
          1.673502
        ],
        [
          0.0,
          0.0,
          0.0,
          1.0
        ]
      ]
    },
    {
      "file_path": "/media/NFS/ttao/scannet/posed_images/scene0115_00/00143.jpg",
      "transform_matrix": [
        [
          0.639873,
          -0.122746,
          0.758615,
          0.059906
        ],
        [
          -0.767483,
          -0.152356,
          0.622701,
          4.166452
        ],
        [
          0.039146,
          -0.980674,
          -0.191694,
          1.649863
        ],
        [
          0.0,
          0.0,
          0.0,
          1.0
        ]
      ]
    },
    {
      "file_path": "/media/NFS/ttao/scannet/posed_images/scene0115_00/00144.jpg",
      "transform_matrix": [
        [
          0.641839,
          -0.125356,
          0.756524,
          0.048685
        ],
        [
          -0.76562,
          -0.160354,
          0.622987,
          4.176581
        ],
        [
          0.043216,
          -0.979067,
          -0.198896,
          1.642941
        ],
        [
          0.0,
          0.0,
          0.0,
          1.0
        ]
      ]
    },
    {
      "file_path": "/media/NFS/ttao/scannet/posed_images/scene0115_00/00151.jpg",
      "transform_matrix": [
        [
          0.668328,
          -0.166088,
          0.725088,
          0.046389
        ],
        [
          -0.742603,
          -0.205757,
          0.637341,
          4.197043
        ],
        [
          0.043337,
          -0.964406,
          -0.260851,
          1.62535
        ],
        [
          0.0,
          0.0,
          0.0,
          1.0
        ]
      ]
    },
    {
      "file_path": "/media/NFS/ttao/scannet/posed_images/scene0115_00/00152.jpg",
      "transform_matrix": [
        [
          0.671054,
          -0.172241,
          0.721123,
          0.046521
        ],
        [
          -0.740167,
          -0.211891,
          0.638165,
          4.195904
        ],
        [
          0.042881,
          -0.961996,
          -0.269677,
          1.621506
        ],
        [
          0.0,
          0.0,
          0.0,
          1.0
        ]
      ]
    },
    {
      "file_path": "/media/NFS/ttao/scannet/posed_images/scene0115_00/00156.jpg",
      "transform_matrix": [
        [
          0.675356,
          -0.201141,
          0.709533,
          0.04596
        ],
        [
          -0.736536,
          -0.232936,
          0.635025,
          4.193119
        ],
        [
          0.037546,
          -0.951464,
          -0.305462,
          1.602667
        ],
        [
          0.0,
          0.0,
          0.0,
          1.0
        ]
      ]
    },
    {
      "file_path": "/media/NFS/ttao/scannet/posed_images/scene0115_00/00159.jpg",
      "transform_matrix": [
        [
          0.668647,
          -0.226479,
          0.70825,
          0.050438
        ],
        [
          -0.742821,
          -0.246467,
          0.622471,
          4.188365
        ],
        [
          0.033584,
          -0.942317,
          -0.333033,
          1.594685
        ],
        [
          0.0,
          0.0,
          0.0,
          1.0
        ]
      ]
    },
    {
      "file_path": "/media/NFS/ttao/scannet/posed_images/scene0115_00/00165.jpg",
      "transform_matrix": [
        [
          0.63022,
          -0.273095,
          0.726802,
          0.06227
        ],
        [
          -0.775772,
          -0.259615,
          0.575133,
          4.166085
        ],
        [
          0.031623,
          -0.926293,
          -0.375474,
          1.573152
        ],
        [
          0.0,
          0.0,
          0.0,
          1.0
        ]
      ]
    },
    {
      "file_path": "/media/NFS/ttao/scannet/posed_images/scene0115_00/00167.jpg",
      "transform_matrix": [
        [
          0.616268,
          -0.28506,
          0.734135,
          0.068614
        ],
        [
          -0.787104,
          -0.253827,
          0.562174,
          4.155354
        ],
        [
          0.02609,
          -0.924291,
          -0.380797,
          1.571246
        ],
        [
          0.0,
          0.0,
          0.0,
          1.0
        ]
      ]
    },
    {
      "file_path": "/media/NFS/ttao/scannet/posed_images/scene0115_00/00169.jpg",
      "transform_matrix": [
        [
          0.588571,
          -0.302103,
          0.749878,
          0.073958
        ],
        [
          -0.808048,
          -0.24892,
          0.533945,
          4.137063
        ],
        [
          0.025353,
          -0.920202,
          -0.390621,
          1.560398
        ],
        [
          0.0,
          0.0,
          0.0,
          1.0
        ]
      ]
    },
    {
      "file_path": "/media/NFS/ttao/scannet/posed_images/scene0115_00/00173.jpg",
      "transform_matrix": [
        [
          0.545306,
          -0.331451,
          0.769923,
          0.08405
        ],
        [
          -0.838118,
          -0.231049,
          0.494139,
          4.109692
        ],
        [
          0.014107,
          -0.914744,
          -0.403788,
          1.555814
        ],
        [
          0.0,
          0.0,
          0.0,
          1.0
        ]
      ]
    },
    {
      "file_path": "/media/NFS/ttao/scannet/posed_images/scene0115_00/00176.jpg",
      "transform_matrix": [
        [
          0.511706,
          -0.350361,
          0.784477,
          0.0909
        ],
        [
          -0.859046,
          -0.223534,
          0.460513,
          4.082631
        ],
        [
          0.014011,
          -0.909549,
          -0.41536,
          1.548652
        ],
        [
          0.0,
          0.0,
          0.0,
          1.0
        ]
      ]
    },
    {
      "file_path": "/media/NFS/ttao/scannet/posed_images/scene0115_00/00183.jpg",
      "transform_matrix": [
        [
          0.394404,
          -0.390324,
          0.831921,
          0.095513
        ],
        [
          -0.918801,
          -0.18311,
          0.34968,
          4.03651
        ],
        [
          0.015845,
          -0.902285,
          -0.430849,
          1.530857
        ],
        [
          0.0,
          0.0,
          0.0,
          1.0
        ]
      ]
    },
    {
      "file_path": "/media/NFS/ttao/scannet/posed_images/scene0115_00/00184.jpg",
      "transform_matrix": [
        [
          0.381129,
          -0.395776,
          0.835525,
          0.096717
        ],
        [
          -0.924376,
          -0.179207,
          0.336771,
          4.025304
        ],
        [
          0.016446,
          -0.900692,
          -0.434146,
          1.529729
        ],
        [
          0.0,
          0.0,
          0.0,
          1.0
        ]
      ]
    },
    {
      "file_path": "/media/NFS/ttao/scannet/posed_images/scene0115_00/00189.jpg",
      "transform_matrix": [
        [
          0.312599,
          -0.42215,
          0.850924,
          0.10468
        ],
        [
          -0.949877,
          -0.142805,
          0.278103,
          4.000185
        ],
        [
          0.004115,
          -0.895207,
          -0.445631,
          1.521697
        ],
        [
          0.0,
          0.0,
          0.0,
          1.0
        ]
      ]
    },
    {
      "file_path": "/media/NFS/ttao/scannet/posed_images/scene0115_00/00190.jpg",
      "transform_matrix": [
        [
          0.303316,
          -0.424944,
          0.85289,
          0.105571
        ],
        [
          -0.95289,
          -0.136052,
          0.271093,
          3.988997
        ],
        [
          0.000838,
          -0.894937,
          -0.446191,
          1.516178
        ],
        [
          0.0,
          0.0,
          0.0,
          1.0
        ]
      ]
    },
    {
      "file_path": "/media/NFS/ttao/scannet/posed_images/scene0115_00/00194.jpg",
      "transform_matrix": [
        [
          0.250953,
          -0.44166,
          0.86137,
          0.115566
        ],
        [
          -0.967947,
          -0.105224,
          0.22805,
          3.953727
        ],
        [
          -0.010084,
          -0.890991,
          -0.453909,
          1.518957
        ],
        [
          0.0,
          0.0,
          0.0,
          1.0
        ]
      ]
    },
    {
      "file_path": "/media/NFS/ttao/scannet/posed_images/scene0115_00/00200.jpg",
      "transform_matrix": [
        [
          0.145431,
          -0.454781,
          0.878649,
          0.111861
        ],
        [
          -0.989198,
          -0.050352,
          0.137667,
          3.904212
        ],
        [
          -0.018367,
          -0.889179,
          -0.457191,
          1.501008
        ],
        [
          0.0,
          0.0,
          0.0,
          1.0
        ]
      ]
    },
    {
      "file_path": "/media/NFS/ttao/scannet/posed_images/scene0115_00/00202.jpg",
      "transform_matrix": [
        [
          0.117628,
          -0.459185,
          0.880518,
          0.112943
        ],
        [
          -0.992892,
          -0.038178,
          0.112731,
          3.886639
        ],
        [
          -0.018148,
          -0.88752,
          -0.460412,
          1.498325
        ],
        [
          0.0,
          0.0,
          0.0,
          1.0
        ]
      ]
    },
    {
      "file_path": "/media/NFS/ttao/scannet/posed_images/scene0115_00/00206.jpg",
      "transform_matrix": [
        [
          0.062912,
          -0.462449,
          0.884411,
          0.113872
        ],
        [
          -0.997763,
          -0.00907,
          0.066233,
          3.862746
        ],
        [
          -0.022608,
          -0.886599,
          -0.461985,
          1.496214
        ],
        [
          0.0,
          0.0,
          0.0,
          1.0
        ]
      ]
    },
    {
      "file_path": "/media/NFS/ttao/scannet/posed_images/scene0115_00/00210.jpg",
      "transform_matrix": [
        [
          0.010208,
          -0.465583,
          0.884945,
          0.120003
        ],
        [
          -0.999676,
          0.015899,
          0.019896,
          3.839571
        ],
        [
          -0.023333,
          -0.884861,
          -0.46527,
          1.496188
        ],
        [
          0.0,
          0.0,
          0.0,
          1.0
        ]
      ]
    },
    {
      "file_path": "/media/NFS/ttao/scannet/posed_images/scene0115_00/00215.jpg",
      "transform_matrix": [
        [
          -0.052068,
          -0.465906,
          0.883301,
          0.123486
        ],
        [
          -0.998362,
          0.045281,
          -0.034967,
          3.80787
        ],
        [
          -0.023705,
          -0.883675,
          -0.467501,
          1.490806
        ],
        [
          0.0,
          0.0,
          0.0,
          1.0
        ]
      ]
    },
    {
      "file_path": "/media/NFS/ttao/scannet/posed_images/scene0115_00/00216.jpg",
      "transform_matrix": [
        [
          -0.06617,
          -0.466542,
          0.88202,
          0.123623
        ],
        [
          -0.997521,
          0.05214,
          -0.047256,
          3.804307
        ],
        [
          -0.023942,
          -0.882961,
          -0.468836,
          1.490841
        ],
        [
          0.0,
          0.0,
          0.0,
          1.0
        ]
      ]
    },
    {
      "file_path": "/media/NFS/ttao/scannet/posed_images/scene0115_00/00220.jpg",
      "transform_matrix": [
        [
          -0.122048,
          -0.463414,
          0.877697,
          0.124831
        ],
        [
          -0.992302,
          0.075694,
          -0.098018,
          3.793594
        ],
        [
          -0.021013,
          -0.882903,
          -0.469085,
          1.485771
        ],
        [
          0.0,
          0.0,
          0.0,
          1.0
        ]
      ]
    },
    {
      "file_path": "/media/NFS/ttao/scannet/posed_images/scene0115_00/00223.jpg",
      "transform_matrix": [
        [
          -0.161241,
          -0.461264,
          0.872488,
          0.129867
        ],
        [
          -0.986771,
          0.090472,
          -0.13453,
          3.77815
        ],
        [
          -0.016882,
          -0.882638,
          -0.46975,
          1.482772
        ],
        [
          0.0,
          0.0,
          0.0,
          1.0
        ]
      ]
    },
    {
      "file_path": "/media/NFS/ttao/scannet/posed_images/scene0115_00/00228.jpg",
      "transform_matrix": [
        [
          -0.219455,
          -0.451466,
          0.86488,
          0.140229
        ],
        [
          -0.975453,
          0.118049,
          -0.18589,
          3.751367
        ],
        [
          -0.018176,
          -0.884445,
          -0.46629,
          1.482704
        ],
        [
          0.0,
          0.0,
          0.0,
          1.0
        ]
      ]
    },
    {
      "file_path": "/media/NFS/ttao/scannet/posed_images/scene0115_00/00232.jpg",
      "transform_matrix": [
        [
          -0.265047,
          -0.446681,
          0.854532,
          0.151051
        ],
        [
          -0.964135,
          0.135601,
          -0.22816,
          3.742558
        ],
        [
          -0.01396,
          -0.884358,
          -0.466601,
          1.494236
        ],
        [
          0.0,
          0.0,
          0.0,
          1.0
        ]
      ]
    },
    {
      "file_path": "/media/NFS/ttao/scannet/posed_images/scene0115_00/00236.jpg",
      "transform_matrix": [
        [
          -0.299789,
          -0.421475,
          0.855854,
          0.15389
        ],
        [
          -0.953928,
          0.143846,
          -0.263304,
          3.751303
        ],
        [
          -0.012136,
          -0.895359,
          -0.44518,
          1.504226
        ],
        [
          0.0,
          0.0,
          0.0,
          1.0
        ]
      ]
    },
    {
      "file_path": "/media/NFS/ttao/scannet/posed_images/scene0115_00/00238.jpg",
      "transform_matrix": [
        [
          -0.318048,
          -0.414512,
          0.852658,
          0.149466
        ],
        [
          -0.948046,
          0.14612,
          -0.282593,
          3.745218
        ],
        [
          -0.007452,
          -0.898237,
          -0.439449,
          1.502159
        ],
        [
          0.0,
          0.0,
          0.0,
          1.0
        ]
      ]
    },
    {
      "file_path": "/media/NFS/ttao/scannet/posed_images/scene0115_00/00240.jpg",
      "transform_matrix": [
        [
          -0.335359,
          -0.423468,
          0.841551,
          0.149772
        ],
        [
          -0.942063,
          0.143965,
          -0.30297,
          3.767317
        ],
        [
          0.007144,
          -0.894398,
          -0.447214,
          1.507378
        ],
        [
          0.0,
          0.0,
          0.0,
          1.0
        ]
      ]
    },
    {
      "file_path": "/media/NFS/ttao/scannet/posed_images/scene0115_00/00245.jpg",
      "transform_matrix": [
        [
          -0.315244,
          -0.416532,
          0.852714,
          0.150547
        ],
        [
          -0.948886,
          0.123775,
          -0.290337,
          3.817007
        ],
        [
          0.01539,
          -0.900656,
          -0.434261,
          1.52121
        ],
        [
          0.0,
          0.0,
          0.0,
          1.0
        ]
      ]
    },
    {
      "file_path": "/media/NFS/ttao/scannet/posed_images/scene0115_00/00247.jpg",
      "transform_matrix": [
        [
          -0.299192,
          -0.420584,
          0.856501,
          0.160481
        ],
        [
          -0.954028,
          0.115145,
          -0.276718,
          3.831089
        ],
        [
          0.017762,
          -0.899917,
          -0.435699,
          1.533084
        ],
        [
          0.0,
          0.0,
          0.0,
          1.0
        ]
      ]
    },
    {
      "file_path": "/media/NFS/ttao/scannet/posed_images/scene0115_00/00252.jpg",
      "transform_matrix": [
        [
          -0.286055,
          -0.360756,
          0.887709,
          0.180395
        ],
        [
          -0.957645,
          0.075741,
          -0.277811,
          3.916034
        ],
        [
          0.032985,
          -0.92958,
          -0.367142,
          1.556058
        ],
        [
          0.0,
          0.0,
          0.0,
          1.0
        ]
      ]
    },
    {
      "file_path": "/media/NFS/ttao/scannet/posed_images/scene0115_00/00254.jpg",
      "transform_matrix": [
        [
          -0.293126,
          -0.351874,
          0.888966,
          0.194367
        ],
        [
          -0.954859,
          0.060882,
          -0.290754,
          3.964753
        ],
        [
          0.048186,
          -0.934065,
          -0.353836,
          1.566726
        ],
        [
          0.0,
          0.0,
          0.0,
          1.0
        ]
      ]
    },
    {
      "file_path": "/media/NFS/ttao/scannet/posed_images/scene0115_00/00258.jpg",
      "transform_matrix": [
        [
          -0.285976,
          -0.324748,
          0.90153,
          0.218727
        ],
        [
          -0.957163,
          0.052274,
          -0.284793,
          4.03463
        ],
        [
          0.045359,
          -0.944355,
          -0.325786,
          1.574772
        ],
        [
          0.0,
          0.0,
          0.0,
          1.0
        ]
      ]
    },
    {
      "file_path": "/media/NFS/ttao/scannet/posed_images/scene0115_00/00263.jpg",
      "transform_matrix": [
        [
          -0.320932,
          -0.298999,
          0.898667,
          0.255022
        ],
        [
          -0.945538,
          0.046644,
          -0.322151,
          4.133578
        ],
        [
          0.054405,
          -0.953113,
          -0.297685,
          1.594119
        ],
        [
          0.0,
          0.0,
          0.0,
          1.0
        ]
      ]
    },
    {
      "file_path": "/media/NFS/ttao/scannet/posed_images/scene0115_00/00267.jpg",
      "transform_matrix": [
        [
          -0.332611,
          -0.287343,
          0.898222,
          0.283277
        ],
        [
          -0.94184,
          0.0527,
          -0.331903,
          4.20527
        ],
        [
          0.048034,
          -0.956377,
          -0.28816,
          1.598986
        ],
        [
          0.0,
          0.0,
          0.0,
          1.0
        ]
      ]
    },
    {
      "file_path": "/media/NFS/ttao/scannet/posed_images/scene0115_00/00269.jpg",
      "transform_matrix": [
        [
          -0.32875,
          -0.289484,
          0.898956,
          0.293825
        ],
        [
          -0.943341,
          0.05524,
          -0.327193,
          4.251642
        ],
        [
          0.045059,
          -0.955588,
          -0.291242,
          1.601308
        ],
        [
          0.0,
          0.0,
          0.0,
          1.0
        ]
      ]
    },
    {
      "file_path": "/media/NFS/ttao/scannet/posed_images/scene0115_00/00274.jpg",
      "transform_matrix": [
        [
          -0.26499,
          -0.326182,
          0.907406,
          0.332199
        ],
        [
          -0.961439,
          0.017554,
          -0.274459,
          4.347395
        ],
        [
          0.073595,
          -0.945144,
