{
  "frames": [
    {
      "file_path": "/media/NFS/ttao/scannet/posed_images/scene0004_00/00001.jpg",
      "transform_matrix": [
        [
          0.111522,
          -0.769903,
          0.628341,
          1.037875
        ],
        [
          -0.98843,
          -0.020525,
          0.150284,
          1.232625
        ],
        [
          -0.102807,
          -0.637831,
          -0.763284,
          2.186027
        ],
        [
          0.0,
          0.0,
          0.0,
          1.0
        ]
      ]
    },
    {
      "file_path": "/media/NFS/ttao/scannet/posed_images/scene0004_00/00005.jpg",
      "transform_matrix": [
        [
          0.080769,
          -0.767996,
          0.635342,
          1.066679
        ],
        [
          -0.993389,
          -0.009857,
          0.114371,
          1.254509
        ],
        [
          -0.081574,
          -0.640379,
          -0.763715,
          2.182446
        ],
        [
          0.0,
          0.0,
          0.0,
          1.0
        ]
      ]
    },
    {
      "file_path": "/media/NFS/ttao/scannet/posed_images/scene0004_00/00008.jpg",
      "transform_matrix": [
        [
          0.055697,
          -0.766569,
          0.639742,
          1.080318
        ],
        [
          -0.995969,
          0.002467,
          0.089667,
          1.266424
        ],
        [
          -0.070314,
          -0.642157,
          -0.763342,
          2.178748
        ],
        [
          0.0,
          0.0,
          0.0,
          1.0
        ]
      ]
    },
    {
      "file_path": "/media/NFS/ttao/scannet/posed_images/scene0004_00/00009.jpg",
      "transform_matrix": [
        [
          0.047902,
          -0.766247,
          0.640758,
          1.085053
        ],
        [
          -0.996596,
          0.006426,
          0.082189,
          1.269848
        ],
        [
          -0.067095,
          -0.642514,
          -0.763331,
          2.178721
        ],
        [
          0.0,
          0.0,
          0.0,
          1.0
        ]
      ]
    },
    {
      "file_path": "/media/NFS/ttao/scannet/posed_images/scene0004_00/00014.jpg",
      "transform_matrix": [
        [
          0.035729,
          -0.755887,
          0.653727,
          1.114058
        ],
        [
          -0.997544,
          0.012463,
          0.068931,
          1.264698
        ],
        [
          -0.060251,
          -0.654584,
          -0.753585,
          2.174014
        ],
        [
          0.0,
          0.0,
          0.0,
          1.0
        ]
      ]
    },
    {
      "file_path": "/media/NFS/ttao/scannet/posed_images/scene0004_00/00015.jpg",
      "transform_matrix": [
        [
          0.033561,
          -0.755868,
          0.653863,
          1.118516
        ],
        [
          -0.99776,
          0.012541,
          0.065709,
          1.263979
        ],
        [
          -0.057868,
          -0.654604,
          -0.753754,
          2.173604
        ],
        [
          0.0,
          0.0,
          0.0,
          1.0
        ]
      ]
    },
    {
      "file_path": "/media/NFS/ttao/scannet/posed_images/scene0004_00/00020.jpg",
      "transform_matrix": [
        [
          0.037356,
          -0.745032,
          0.665982,
          1.150859
        ],
        [
          -0.998276,
          0.002381,
          0.058659,
          1.272851
        ],
        [
          -0.045288,
          -0.667025,
          -0.743658,
          2.1717
        ],
        [
          0.0,
          0.0,
          0.0,
          1.0
        ]
      ]
    },
    {
      "file_path": "/media/NFS/ttao/scannet/posed_images/scene0004_00/00021.jpg",
      "transform_matrix": [
        [
          0.037566,
          -0.745011,
          0.665993,
          1.15704
        ],
        [
          -0.998312,
          0.001557,
          0.058053,
          1.275089
        ],
        [
          -0.044287,
          -0.66705,
          -0.743695,
          2.170461
        ],
        [
          0.0,
          0.0,
          0.0,
          1.0
        ]
      ]
    },
    {
      "file_path": "/media/NFS/ttao/scannet/posed_images/scene0004_00/00025.jpg",
      "transform_matrix": [
        [
          0.053494,
          -0.742308,
          0.66792,
          1.192486
        ],
        [
          -0.997457,
          -0.008174,
          0.070802,
          1.280747
        ],
        [
          -0.047097,
          -0.670009,
          -0.740857,
          2.167854
        ],
        [
          0.0,
          0.0,
          0.0,
          1.0
        ]
      ]
    },
    {
      "file_path": "/media/NFS/ttao/scannet/posed_images/scene0004_00/00028.jpg",
      "transform_matrix": [
        [
          0.073563,
          -0.736509,
          0.672416,
          1.224187
        ],
        [
          -0.995835,
          -0.017823,
          0.089422,
          1.281959
        ],
        [
          -0.053876,
          -0.676193,
          -0.734752,
          2.165261
        ],
        [
          0.0,
          0.0,
          0.0,
          1.0
        ]
      ]
    },
    {
      "file_path": "/media/NFS/ttao/scannet/posed_images/scene0004_00/00030.jpg",
      "transform_matrix": [
        [
          0.088552,
          -0.734411,
          0.672903,
          1.251189
        ],
        [
          -0.994203,
          -0.023811,
          0.104847,
          1.281324
        ],
        [
          -0.060979,
          -0.678287,
          -0.732262,
          2.165774
        ],
        [
          0.0,
          0.0,
          0.0,
          1.0
        ]
      ]
    },
    {
      "file_path": "/media/NFS/ttao/scannet/posed_images/scene0004_00/00036.jpg",
      "transform_matrix": [
        [
          0.162707,
          -0.696554,
          0.698812,
          1.316463
        ],
        [
          -0.982219,
          -0.047114,
          0.181732,
          1.296798
        ],
        [
          -0.093663,
          -0.715955,
          -0.691834,
          2.166666
        ],
        [
          0.0,
          0.0,
          0.0,
          1.0
        ]
      ]
    },
    {
      "file_path": "/media/NFS/ttao/scannet/posed_images/scene0004_00/00039.jpg",
      "transform_matrix": [
        [
          0.20987,
          -0.691717,
          0.691001,
          1.344723
        ],
        [
          -0.972551,
          -0.075049,
          0.220256,
          1.305806
        ],
        [
          -0.100496,
          -0.718258,
          -0.68848,
          2.162688
        ],
        [
          0.0,
          0.0,
          0.0,
          1.0
        ]
      ]
    },
    {
      "file_path": "/media/NFS/ttao/scannet/posed_images/scene0004_00/00040.jpg",
      "transform_matrix": [
        [
          0.227495,
          -0.688514,
          0.688618,
          1.359606
        ],
        [
          -0.968742,
          -0.088181,
          0.23187,
          1.314172
        ],
        [
          -0.098922,
          -0.719842,
          -0.687053,
          2.160079
        ],
        [
          0.0,
          0.0,
          0.0,
          1.0
        ]
      ]
    },
    {
      "file_path": "/media/NFS/ttao/scannet/posed_images/scene0004_00/00043.jpg",
      "transform_matrix": [
        [
          0.26395,
          -0.670861,
          0.693019,
          1.382003
        ],
        [
          -0.957297,
          -0.094338,
          0.273284,
          1.330095
        ],
        [
          -0.117957,
          -0.735558,
          -0.667113,
          2.154319
        ],
        [
          0.0,
          0.0,
          0.0,
          1.0
        ]
      ]
    },
    {
      "file_path": "/media/NFS/ttao/scannet/posed_images/scene0004_00/00048.jpg",
      "transform_matrix": [
        [
          0.338063,
          -0.669144,
          0.661785,
          1.415658
        ],
        [
          -0.929229,
          -0.125881,
          0.347402,
          1.371652
        ],
        [
          -0.149156,
          -0.732393,
          -0.664344,
          2.145232
        ],
        [
          0.0,
          0.0,
          0.0,
          1.0
        ]
      ]
    },
    {
      "file_path": "/media/NFS/ttao/scannet/posed_images/scene0004_00/00049.jpg",
      "transform_matrix": [
        [
          0.35052,
          -0.666236,
          0.658229,
          1.421707
        ],
        [
          -0.924219,
          -0.132366,
          0.358188,
          1.381944
        ],
        [
          -0.151511,
          -0.7339,
          -0.662145,
          2.141969
        ],
        [
          0.0,
          0.0,
          0.0,
          1.0
        ]
      ]
    },
    {
      "file_path": "/media/NFS/ttao/scannet/posed_images/scene0004_00/00054.jpg",
      "transform_matrix": [
        [
          0.410125,
          -0.659183,
          0.630298,
          1.465717
        ],
        [
          -0.897332,
          -0.168076,
          0.408102,
          1.439633
        ],
        [
          -0.163076,
          -0.732959,
          -0.660437,
          2.11806
        ],
        [
          0.0,
          0.0,
          0.0,
          1.0
        ]
      ]
    },
    {
      "file_path": "/media/NFS/ttao/scannet/posed_images/scene0004_00/00055.jpg",
      "transform_matrix": [
        [
          0.410194,
          -0.658952,
          0.630495,
          1.476713
        ],
        [
          -0.897299,
          -0.167979,
          0.408213,
          1.460432
        ],
        [
          -0.163083,
          -0.733189,
          -0.660181,
          2.116467
        ],
        [
          0.0,
          0.0,
          0.0,
          1.0
        ]
      ]
    },
    {
      "file_path": "/media/NFS/ttao/scannet/posed_images/scene0004_00/00060.jpg",
      "transform_matrix": [
        [
          0.418724,
          -0.644223,
          0.640036,
          1.532428
        ],
        [
          -0.893663,
          -0.167086,
          0.416472,
          1.542482
        ],
        [
          -0.16136,
          -0.746363,
          -0.645682,
          2.107942
        ],
        [
          0.0,
          0.0,
          0.0,
          1.0
        ]
      ]
    },
    {
      "file_path": "/media/NFS/ttao/scannet/posed_images/scene0004_00/00061.jpg",
      "transform_matrix": [
        [
          0.417914,
          -0.644302,
          0.640487,
          1.538695
        ],
        [
          -0.894336,
          -0.16782,
          0.414729,
          1.563179
        ],
        [
          -0.159724,
          -0.746131,
          -0.646357,
          2.108788
        ],
        [
          0.0,
          0.0,
          0.0,
          1.0
        ]
      ]
    },
    {
      "file_path": "/media/NFS/ttao/scannet/posed_images/scene0004_00/00066.jpg",
      "transform_matrix": [
        [
          0.551783,
          -0.621939,
          0.555632,
          1.850847
        ],
        [
          -0.809952,
          -0.240832,
          0.534769,
          2.080998
        ],
        [
          -0.19878,
          -0.745112,
          -0.636628,
          2.035794
        ],
        [
          0.0,
          0.0,
          0.0,
          1.0
        ]
      ]
    },
    {
      "file_path": "/media/NFS/ttao/scannet/posed_images/scene0004_00/00070.jpg",
      "transform_matrix": [
        [
          0.573493,
          -0.621918,
          0.53322,
          1.897409
        ],
        [
          -0.795906,
          -0.268843,
          0.542456,
          2.112616
        ],
        [
          -0.194011,
          -0.735487,
          -0.649168,
          2.004673
        ],
        [
          0.0,
          0.0,
          0.0,
          1.0
        ]
      ]
    },
    {
      "file_path": "/media/NFS/ttao/scannet/posed_images/scene0004_00/00071.jpg",
      "transform_matrix": [
        [
          0.574975,
          -0.625399,
          0.527522,
          1.908741
        ],
        [
          -0.795153,
          -0.275279,
          0.540327,
          2.12915
        ],
        [
          -0.192705,
          -0.730135,
          -0.655566,
          1.999526
        ],
        [
          0.0,
          0.0,
          0.0,
          1.0
        ]
      ]
    },
    {
      "file_path": "/media/NFS/ttao/scannet/posed_images/scene0004_00/00074.jpg",
      "transform_matrix": [
        [
          0.557921,
          -0.639336,
          0.529125,
          1.931081
        ],
        [
          -0.809101,
          -0.277215,
          0.518177,
          2.181877
        ],
        [
          -0.184608,
          -0.717218,
          -0.671952,
          1.992274
        ],
        [
          0.0,
          0.0,
          0.0,
          1.0
        ]
      ]
    },
    {
      "file_path": "/media/NFS/ttao/scannet/posed_images/scene0004_00/00079.jpg",
      "transform_matrix": [
        [
          0.51056,
          -0.64747,
          0.565783,
          1.969436
        ],
        [
          -0.835492,
          -0.218084,
          0.504373,
          2.258228
        ],
        [
          -0.203179,
          -0.73022,
          -0.652301,
          2.008209
        ],
        [
          0.0,
          0.0,
          0.0,
          1.0
        ]
      ]
    },
    {
      "file_path": "/media/NFS/ttao/scannet/posed_images/scene0004_00/00082.jpg",
      "transform_matrix": [
        [
          0.504539,
          -0.64463,
          0.574362,
          1.984533
        ],
        [
          -0.838366,
          -0.206789,
          0.504362,
          2.300166
        ],
        [
          -0.206355,
          -0.735996,
          -0.644769,
          2.003636
        ],
        [
          0.0,
          0.0,
          0.0,
          1.0
        ]
      ]
    },
    {
      "file_path": "/media/NFS/ttao/scannet/posed_images/scene0004_00/00084.jpg",
      "transform_matrix": [
        [
          0.496486,
          -0.648015,
          0.577562,
          1.992013
        ],
        [
          -0.842332,
          -0.198916,
          0.500908,
          2.328043
        ],
        [
          -0.20971,
          -0.735193,
          -0.644603,
          2.000195
        ],
        [
          0.0,
          0.0,
          0.0,
          1.0
        ]
      ]
    },
    {
      "file_path": "/media/NFS/ttao/scannet/posed_images/scene0004_00/00086.jpg",
      "transform_matrix": [
        [
          0.492692,
          -0.654943,
          0.572978,
          2.002548
        ],
        [
          -0.845849,
          -0.205749,
          0.492146,
          2.356239
        ],
        [
          -0.204438,
          -0.72713,
          -0.655353,
          1.996491
        ],
        [
          0.0,
          0.0,
          0.0,
          1.0
        ]
      ]
    },
    {
      "file_path": "/media/NFS/ttao/scannet/posed_images/scene0004_00/00091.jpg",
      "transform_matrix": [
        [
          0.482683,
          -0.637974,
          0.600005,
          2.044986
        ],
        [
          -0.852292,
          -0.184524,
          0.489437,
          2.414271
        ],
        [
          -0.201533,
          -0.747623,
          -0.632807,
          1.992628
        ],
        [
          0.0,
          0.0,
          0.0,
          1.0
        ]
      ]
    },
    {
      "file_path": "/media/NFS/ttao/scannet/posed_images/scene0004_00/00094.jpg",
      "transform_matrix": [
        [
          0.473661,
          -0.632274,
          0.613087,
          2.069979
        ],
        [
          -0.857968,
          -0.174103,
          0.483301,
          2.459444
        ],
        [
          -0.198838,
          -0.754929,
          -0.624936,
          1.98094
        ],
        [
          0.0,
          0.0,
          0.0,
          1.0
        ]
      ]
    },
    {
      "file_path": "/media/NFS/ttao/scannet/posed_images/scene0004_00/00097.jpg",
      "transform_matrix": [
        [
          0.475387,
          -0.632284,
          0.611739,
          2.1107
        ],
        [
          -0.85496,
          -0.168029,
          0.490723,
          2.502629
        ],
        [
          -0.207487,
          -0.756296,
          -0.620457,
          1.970235
        ],
        [
          0.0,
          0.0,
          0.0,
          1.0
        ]
      ]
    },
    {
      "file_path": "/media/NFS/ttao/scannet/posed_images/scene0004_00/00098.jpg",
      "transform_matrix": [
        [
          0.477754,
          -0.633147,
          0.608996,
          2.127801
        ],
        [
          -0.852641,
          -0.167254,
          0.495005,
          2.515479
        ],
        [
          -0.211554,
          -0.755745,
          -0.619753,
          1.965855
        ],
        [
          0.0,
          0.0,
          0.0,
          1.0
        ]
      ]
    },
    {
      "file_path": "/media/NFS/ttao/scannet/posed_images/scene0004_00/00103.jpg",
      "transform_matrix": [
        [
          0.483304,
          -0.65305,
          0.583046,
          2.207243
        ],
        [
          -0.84068,
          -0.160368,
          0.517241,
          2.581428
        ],
        [
          -0.244283,
          -0.74014,
          -0.626513,
          1.953465
        ],
        [
          0.0,
          0.0,
          0.0,
          1.0
        ]
      ]
    },
    {
      "file_path": "/media/NFS/ttao/scannet/posed_images/scene0004_00/00107.jpg",
      "transform_matrix": [
        [
          0.485909,
          -0.619213,
          0.61682,
          2.250497
        ],
        [
          -0.838779,
          -0.132025,
          0.528223,
          2.634923
        ],
        [
          -0.245647,
          -0.774044,
          -0.583535,
          1.946266
        ],
        [
          0.0,
          0.0,
          0.0,
          1.0
        ]
      ]
    },
    {
      "file_path": "/media/NFS/ttao/scannet/posed_images/scene0004_00/00108.jpg",
      "transform_matrix": [
        [
          0.496896,
          -0.615258,
          0.612006,
          2.260308
        ],
        [
          -0.834439,
          -0.145052,
          0.53167,
          2.647055
        ],
        [
          -0.238342,
          -0.774866,
          -0.585471,
          1.942011
        ],
        [
          0.0,
          0.0,
          0.0,
          1.0
        ]
      ]
    },
    {
      "file_path": "/media/NFS/ttao/scannet/posed_images/scene0004_00/00113.jpg",
      "transform_matrix": [
        [
          0.52808,
          -0.59766,
          0.603269,
          2.305031
        ],
        [
          -0.817161,
          -0.164361,
          0.55248,
          2.724045
        ],
        [
          -0.231042,
          -0.784721,
          -0.57518,
          1.915705
        ],
        [
          0.0,
          0.0,
          0.0,
          1.0
        ]
      ]
    },
    {
      "file_path": "/media/NFS/ttao/scannet/posed_images/scene0004_00/00114.jpg",
      "transform_matrix": [
        [
          0.533908,
          -0.593571,
          0.602176,
          2.31717
        ],
        [
          -0.813069,
          -0.164933,
          0.558315,
          2.738464
        ],
        [
          -0.232081,
          -0.787699,
          -0.570673,
          1.911747
        ],
        [
          0.0,
          0.0,
          0.0,
          1.0
        ]
      ]
    },
    {
      "file_path": "/media/NFS/ttao/scannet/posed_images/scene0004_00/00118.jpg",
      "transform_matrix": [
        [
          0.542397,
          -0.571768,
          0.615537,
          2.360498
        ],
        [
          -0.81303,
          -0.172675,
          0.556026,
          2.819278
        ],
        [
          -0.211631,
          -0.802037,
          -0.558523,
          1.904819
        ],
        [
          0.0,
          0.0,
          0.0,
          1.0
        ]
      ]
    },
    {
      "file_path": "/media/NFS/ttao/scannet/posed_images/scene0004_00/00121.jpg",
      "transform_matrix": [
        [
          0.53755,
          -0.558953,
          0.631357,
          2.384017
        ],
        [
          -0.815207,
          -0.153058,
          0.558579,
          2.879333
        ],
        [
          -0.215585,
          -0.814951,
          -0.537939,
          1.896737
        ],
        [
          0.0,
          0.0,
          0.0,
          1.0
        ]
      ]
    },
    {
      "file_path": "/media/NFS/ttao/scannet/posed_images/scene0004_00/00125.jpg",
      "transform_matrix": [
        [
          0.539594,
          -0.580825,
          0.609492,
          2.440899
        ],
        [
          -0.808031,
          -0.153928,
          0.568676,
          2.960298
        ],
        [
          -0.236483,
          -0.799343,
          -0.552383,
          1.899884
        ],
        [
          0.0,
          0.0,
          0.0,
          1.0
        ]
      ]
    },
    {
      "file_path": "/media/NFS/ttao/scannet/posed_images/scene0004_00/00128.jpg",
      "transform_matrix": [
        [
          0.524192,
          -0.562045,
          0.639788,
          2.462085
        ],
        [
          -0.81471,
          -0.112245,
          0.568902,
          3.005256
        ],
        [
          -0.247935,
          -0.819455,
          -0.516741,
          1.896807
        ],
        [
          0.0,
          0.0,
          0.0,
          1.0
        ]
      ]
    },
    {
      "file_path": "/media/NFS/ttao/scannet/posed_images/scene0004_00/00129.jpg",
      "transform_matrix": [
        [
          0.521475,
          -0.560036,
          0.643758,
          2.465721
        ],
        [
          -0.816111,
          -0.107149,
          0.567875,
          3.021846
        ],
        [
          -0.249052,
          -0.82151,
          -0.512927,
          1.889125
        ],
        [
          0.0,
          0.0,
          0.0,
          1.0
        ]
      ]
    },
    {
      "file_path": "/media/NFS/ttao/scannet/posed_images/scene0004_00/00135.jpg",
      "transform_matrix": [
        [
          0.541392,
          -0.559877,
          0.627242,
          2.532159
        ],
        [
          -0.804182,
          -0.127144,
          0.580625,
          3.119814
        ],
        [
          -0.245328,
          -0.818762,
          -0.519078,
          1.872022
        ],
        [
          0.0,
          0.0,
          0.0,
          1.0
        ]
      ]
    },
    {
      "file_path": "/media/NFS/ttao/scannet/posed_images/scene0004_00/00137.jpg",
      "transform_matrix": [
        [
          0.553575,
          -0.553573,
          0.622183,
          2.551928
        ],
        [
          -0.796078,
          -0.13234,
          0.590548,
          3.152143
        ],
        [
          -0.244571,
          -0.822219,
          -0.513947,
          1.8563
        ],
        [
          0.0,
          0.0,
          0.0,
          1.0
        ]
      ]
    },
    {
      "file_path": "/media/NFS/ttao/scannet/posed_images/scene0004_00/00139.jpg",
      "transform_matrix": [
        [
          0.557237,
          -0.555988,
          0.616737,
          2.583971
        ],
        [
          -0.793931,
          -0.139184,
          0.591862,
          3.19084
        ],
        [
          -0.243229,
          -0.819454,
          -0.518975,
          1.847524
        ],
        [
          0.0,
          0.0,
          0.0,
          1.0
        ]
      ]
    },
    {
      "file_path": "/media/NFS/ttao/scannet/posed_images/scene0004_00/00144.jpg",
      "transform_matrix": [
        [
          0.576571,
          -0.53971,
          0.613415,
          2.66985
        ],
        [
          -0.776032,
          -0.126861,
          0.617803,
          3.279104
        ],
        [
          -0.255616,
          -0.832237,
          -0.491977,
          1.830488
        ],
        [
          0.0,
          0.0,
          0.0,
          1.0
        ]
      ]
    },
    {
      "file_path": "/media/NFS/ttao/scannet/posed_images/scene0004_00/00145.jpg",
      "transform_matrix": [
        [
          0.586735,
          -0.532806,
          0.609804,
          2.680994
        ],
        [
          -0.77086,
          -0.136846,
          0.622132,
          3.298125
        ],
        [
          -0.248026,
          -0.8351,
          -0.491011,
          1.819264
        ],
        [
          0.0,
          0.0,
          0.0,
          1.0
        ]
      ]
    },
    {
      "file_path": "/media/NFS/ttao/scannet/posed_images/scene0004_00/00150.jpg",
      "transform_matrix": [
        [
          0.6214,
          -0.493024,
          0.608925,
          2.757727
        ],
        [
          -0.745778,
          -0.133972,
          0.652584,
          3.382922
        ],
        [
          -0.240161,
          -0.859638,
          -0.450937,
          1.822809
        ],
        [
          0.0,
          0.0,
          0.0,
          1.0
        ]
      ]
    },
    {
      "file_path": "/media/NFS/ttao/scannet/posed_images/scene0004_00/00153.jpg",
      "transform_matrix": [
        [
          0.653684,
          -0.492246,
          0.574796,
          2.796551
        ],
        [
          -0.720058,
          -0.170875,
          0.672547,
          3.433361
        ],
        [
          -0.23284,
          -0.853519,
          -0.466144,
          1.806815
        ],
        [
          0.0,
          0.0,
          0.0,
          1.0
        ]
      ]
    },
    {
      "file_path": "/media/NFS/ttao/scannet/posed_images/scene0004_00/00154.jpg",
      "transform_matrix": [
        [
          0.662083,
          -0.491512,
          0.56574,
          2.809696
        ],
        [
          -0.710451,
          -0.171354,
          0.682566,
          3.445289
        ],
        [
          -0.238548,
          -0.853846,
          -0.462646,
          1.7989
        ],
        [
          0.0,
          0.0,
          0.0,
          1.0
        ]
      ]
    },
    {
      "file_path": "/media/NFS/ttao/scannet/posed_images/scene0004_00/00159.jpg",
      "transform_matrix": [
        [
          0.682235,
          -0.498157,
          0.535159,
          2.878767
        ],
        [
          -0.68698,
          -0.186257,
          0.702401,
          3.544197
        ],
        [
          -0.250229,
          -0.846846,
          -0.469295,
          1.778009
        ],
        [
          0.0,
          0.0,
          0.0,
          1.0
        ]
      ]
    },
    {
      "file_path": "/media/NFS/ttao/scannet/posed_images/scene0004_00/00160.jpg",
      "transform_matrix": [
        [
          0.681363,
          -0.499307,
          0.535198,
          2.895144
        ],
        [
          -0.687829,
          -0.186771,
          0.701433,
          3.572868
        ],
        [
          -0.250271,
          -0.846055,
          -0.470696,
          1.773834
        ],
        [
          0.0,
          0.0,
          0.0,
          1.0
        ]
      ]
    },
    {
      "file_path": "/media/NFS/ttao/scannet/posed_images/scene0004_00/00164.jpg",
      "transform_matrix": [
        [
          0.665835,
          -0.478489,
          0.57246,
          2.933122
        ],
        [
          -0.710673,
          -0.173121,
          0.68189,
          3.667636
        ],
        [
          -0.227172,
          -0.860858,
          -0.45532,
          1.755955
        ],
        [
          0.0,
          0.0,
          0.0,
          1.0
        ]
      ]
    },
    {
      "file_path": "/media/NFS/ttao/scannet/posed_images/scene0004_00/00169.jpg",
      "transform_matrix": [
        [
          0.635873,
          -0.491763,
          0.59484,
          2.995157
        ],
        [
          -0.737219,
          -0.158908,
          0.656701,
          3.767733
        ],
        [
          -0.228417,
          -0.856106,
          -0.463583,
          1.754276
        ],
        [
          0.0,
          0.0,
          0.0,
          1.0
        ]
      ]
    },
    {
      "file_path": "/media/NFS/ttao/scannet/posed_images/scene0004_00/00172.jpg",
      "transform_matrix": [
        [
          0.629474,
          -0.505289,
          0.590292,
          3.035464
        ],
        [
          -0.744854,
          -0.176076,
          0.643575,
          3.824147
        ],
        [
          -0.221255,
          -0.844796,
          -0.487202,
          1.750422
        ],
        [
          0.0,
          0.0,
          0.0,
          1.0
        ]
      ]
    },
    {
      "file_path": "/media/NFS/ttao/scannet/posed_images/scene0004_00/00173.jpg",
      "transform_matrix": [
        [
          0.626791,
          -0.508776,
          0.590152,
          3.049941
        ],
        [
          -0.746991,
          -0.176884,
          0.640872,
          3.846166
        ],
        [
          -0.221672,
          -0.842531,
          -0.490921,
          1.751003
        ],
        [
          0.0,
          0.0,
          0.0,
          1.0
        ]
      ]
    },
    {
      "file_path": "/media/NFS/ttao/scannet/posed_images/scene0004_00/00178.jpg",
      "transform_matrix": [
        [
          0.611448,
          -0.518346,
          0.59787,
          3.122371
        ],
        [
          -0.757255,
          -0.164118,
          0.632164,
          3.93887
        ],
        [
          -0.229558,
          -0.839275,
          -0.49287,
          1.737983
        ],
        [
          0.0,
          0.0,
          0.0,
          1.0
        ]
      ]
    },
    {
      "file_path": "/media/NFS/ttao/scannet/posed_images/scene0004_00/00179.jpg",
      "transform_matrix": [
        [
          0.608347,
          -0.519622,
          0.599922,
          3.139473
        ],
        [
          -0.759868,
          -0.163078,
          0.62929,
          3.962273
        ],
        [
          -0.229159,
          -0.838688,
          -0.494053,
          1.734562
        ],
        [
          0.0,
          0.0,
          0.0,
          1.0
        ]
      ]
    },
    {
      "file_path": "/media/NFS/ttao/scannet/posed_images/scene0004_00/00182.jpg",
      "transform_matrix": [
        [
          0.623508,
          -0.517684,
          0.585868,
          3.185858
        ],
        [
          -0.743729,
          -0.161701,
          0.648629,
          4.008956
        ],
        [
          -0.24105,
          -0.840152,
          -0.485839,
          1.705027
        ],
        [
          0.0,
          0.0,
          0.0,
          1.0
        ]
      ]
    },
    {
      "file_path": "/media/NFS/ttao/scannet/posed_images/scene0004_00/00185.jpg",
      "transform_matrix": [
        [
          0.634344,
          -0.530228,
          0.562553,
          3.239672
        ],
        [
          -0.733603,
          -0.183397,
          0.654364,
          4.072021
        ],
        [
          -0.243792,
          -0.827782,
          -0.505314,
          1.695413
        ],
        [
          0.0,
          0.0,
          0.0,
          1.0
        ]
      ]
    },
    {
      "file_path": "/media/NFS/ttao/scannet/posed_images/scene0004_00/00190.jpg",
      "transform_matrix": [
        [
          0.644707,
          -0.525664,
          0.555004,
          3.318198
        ],
        [
          -0.721975,
          -0.180122,
          0.668063,
          4.172312
        ],
        [
          -0.251208,
          -0.831404,
          -0.495643,
          1.70671
        ],
        [
          0.0,
          0.0,
          0.0,
          1.0
        ]
      ]
    },
    {
      "file_path": "/media/NFS/ttao/scannet/posed_images/scene0004_00/00192.jpg",
      "transform_matrix": [
        [
          0.65703,
          -0.525735,
          0.540291,
          3.350411
        ],
        [
          -0.708694,
          -0.186391,
          0.68045,
          4.203562
        ],
        [
          -0.25703,
          -0.829977,
          -0.49505,
          1.701074
        ],
        [
          0.0,
          0.0,
          0.0,
          1.0
        ]
      ]
    },
    {
      "file_path": "/media/NFS/ttao/scannet/posed_images/scene0004_00/00195.jpg",
      "transform_matrix": [
        [
          0.663267,
          -0.519631,
          0.538572,
          3.390522
        ],
        [
          -0.701953,
          -0.182427,
          0.688464,
          4.261195
        ],
        [
          -0.259497,
          -0.834688,
          -0.485754,
          1.698972
        ],
        [
          0.0,
          0.0,
          0.0,
          1.0
        ]
      ]
    },
    {
      "file_path": "/media/NFS/ttao/scannet/posed_images/scene0004_00/00197.jpg",
      "transform_matrix": [
        [
          0.663576,
          -0.521434,
          0.536445,
          3.409513
        ],
        [
          -0.69932,
          -0.177636,
          0.692385,
          4.305578
        ],
        [
          -0.265742,
          -0.834597,
          -0.482524,
          1.691377
        ],
        [
          0.0,
          0.0,
          0.0,
          1.0
        ]
      ]
    },
    {
      "file_path": "/media/NFS/ttao/scannet/posed_images/scene0004_00/00203.jpg",
      "transform_matrix": [
        [
          0.664397,
          -0.520272,
          0.536556,
          3.509828
        ],
        [
          -0.690849,
          -0.153625,
          0.706489,
          4.434119
        ],
        [
          -0.285138,
          -0.840069,
          -0.461498,
          1.683994
        ],
        [
          0.0,
          0.0,
          0.0,
          1.0
        ]
      ]
    },
    {
      "file_path": "/media/NFS/ttao/scannet/posed_images/scene0004_00/00204.jpg",
      "transform_matrix": [
        [
          0.663448,
          -0.514096,
          0.543637,
          3.513688
        ],
        [
          -0.692444,
          -0.146595,
          0.706421,
          4.448932
        ],
        [
          -0.283473,
          -0.845113,
          -0.453241,
          1.66784
        ],
        [
          0.0,
          0.0,
          0.0,
          1.0
        ]
      ]
    },
    {
      "file_path": "/media/NFS/ttao/scannet/posed_images/scene0004_00/00209.jpg",
      "transform_matrix": [
        [
          0.641522,
          -0.519555,
          0.564368,
          3.572535
        ],
        [
          -0.710051,
          -0.12376,
          0.693189,
          4.558972
        ],
        [
          -0.290304,
          -0.845426,
          -0.448306,
          1.680748
        ],
        [
          0.0,
          0.0,
          0.0,
          1.0
        ]
      ]
    },
    {
      "file_path": "/media/NFS/ttao/scannet/posed_images/scene0004_00/00212.jpg",
      "transform_matrix": [
        [
          0.652232,
          -0.530043,
          0.541893,
          3.628995
        ],
        [
          -0.700052,
          -0.147017,
          0.698794,
          4.60487
        ],
        [
          -0.290723,
          -0.835129,
          -0.466947,
          1.665256
        ],
        [
          0.0,
          0.0,
          0.0,
          1.0
        ]
      ]
    },
    {
      "file_path": "/media/NFS/ttao/scannet/posed_images/scene0004_00/00213.jpg",
      "transform_matrix": [
        [
          0.655415,
          -0.531431,
          0.536668,
          3.645437
        ],
        [
          -0.698704,
          -0.156823,
          0.698011,
          4.621908
        ],
        [
          -0.286782,
          -0.832459,
          -0.474097,
          1.665258
        ],
        [
          0.0,
          0.0,
          0.0,
          1.0
        ]
      ]
    },
    {
      "file_path": "/media/NFS/ttao/scannet/posed_images/scene0004_00/00216.jpg",
      "transform_matrix": [
        [
          0.660821,
          -0.53376,
          0.527651,
          3.708033
        ],
        [
          -0.696714,
          -0.174802,
          0.695726,
          4.676119
        ],
        [
          -0.279116,
          -0.827372,
          -0.487391,
          1.658176
        ],
        [
          0.0,
          0.0,
          0.0,
          1.0
        ]
      ]
    },
    {
      "file_path": "/media/NFS/ttao/scannet/posed_images/scene0004_00/00219.jpg",
      "transform_matrix": [
        [
          0.664249,
          -0.52676,
          0.530374,
          3.753167
        ],
        [
          -0.696492,
          -0.178509,
          0.695006,
          4.741601
        ],
        [
          -0.271425,
          -0.831059,
          -0.485458,
          1.644367
        ],
        [
          0.0,
          0.0,
          0.0,
          1.0
        ]
      ]
    },
    {
      "file_path": "/media/NFS/ttao/scannet/posed_images/scene0004_00/00223.jpg",
      "transform_matrix": [
        [
          0.716093,
          -0.486569,
          0.500461,
          3.853787
        ],
        [
          -0.651785,
          -0.209558,
          0.728877,
          4.79778
        ],
        [
          -0.249773,
          -0.848137,
          -0.467202,
          1.628936
        ],
        [
          0.0,
          0.0,
          0.0,
          1.0
        ]
      ]
    },
    {
      "file_path": "/media/NFS/ttao/scannet/posed_images/scene0004_00/00227.jpg",
      "transform_matrix": [
        [
          0.729417,
          -0.46979,
          0.49724,
          3.939011
        ],
        [
          -0.633186,
          -0.188574,
          0.750677,
          4.868661
        ],
        [
          -0.258894,
          -0.862402,
          -0.435013,
          1.651289
        ],
        [
          0.0,
          0.0,
          0.0,
          1.0
        ]
      ]
    },
    {
      "file_path": "/media/NFS/ttao/scannet/posed_images/scene0004_00/00229.jpg",
      "transform_matrix": [
        [
          0.735341,
          -0.456534,
          0.50085,
          3.949692
        ],
        [
          -0.627602,
          -0.179885,
          0.757468,
          4.888415
        ],
        [
          -0.255714,
          -0.871331,
          -0.418798,
          1.627123
        ],
        [
          0.0,
          0.0,
          0.0,
          1.0
        ]
      ]
    },
    {
      "file_path": "/media/NFS/ttao/scannet/posed_images/scene0004_00/00232.jpg",
      "transform_matrix": [
        [
          0.748477,
          -0.464212,
          0.473593,
          4.005677
        ],
        [
          -0.607305,
          -0.192935,
          0.770686,
          4.918493
        ],
        [
          -0.266389,
          -0.864456,
          -0.426326,
          1.597151
        ],
        [
          0.0,
          0.0,
          0.0,
          1.0
        ]
      ]
    },
    {
      "file_path": "/media/NFS/ttao/scannet/posed_images/scene0004_00/00235.jpg",
      "transform_matrix": [
        [
          0.752646,
          -0.472713,
          0.458329,
          4.056625
        ],
        [
          -0.598966,
          -0.202488,
          0.77475,
          4.973264
        ],
        [
          -0.273428,
          -0.857637,
          -0.435541,
          1.587785
        ],
        [
          0.0,
          0.0,
          0.0,
          1.0
        ]
      ]
    },
    {
      "file_path": "/media/NFS/ttao/scannet/posed_images/scene0004_00/00238.jpg",
      "transform_matrix": [
        [
          0.755614,
          -0.478177,
          0.447653,
          4.104143
        ],
        [
          -0.59732,
          -0.222566,
          0.770502,
          5.042948
        ],
        [
