{
  "frames": [
    {
      "file_path": "/media/NFS/ttao/scannet/posed_images/scene0035_01/00001.jpg",
      "transform_matrix": [
        [
          0.764303,
          -0.322387,
          0.558487,
          1.636629
        ],
        [
          -0.644816,
          -0.372209,
          0.667587,
          1.503732
        ],
        [
          -0.007347,
          -0.87036,
          -0.49236,
          1.414122
        ],
        [
          0.0,
          0.0,
          0.0,
          1.0
        ]
      ]
    },
    {
      "file_path": "/media/NFS/ttao/scannet/posed_images/scene0035_01/00003.jpg",
      "transform_matrix": [
        [
          0.765535,
          -0.322664,
          0.556636,
          1.628759
        ],
        [
          -0.643394,
          -0.383064,
          0.662802,
          1.509952
        ],
        [
          -0.000635,
          -0.865535,
          -0.500848,
          1.412282
        ],
        [
          0.0,
          0.0,
          0.0,
          1.0
        ]
      ]
    },
    {
      "file_path": "/media/NFS/ttao/scannet/posed_images/scene0035_01/00007.jpg",
      "transform_matrix": [
        [
          0.764935,
          -0.324493,
          0.556397,
          1.622794
        ],
        [
          -0.644097,
          -0.390256,
          0.657906,
          1.516683
        ],
        [
          0.003651,
          -0.861629,
          -0.507525,
          1.408539
        ],
        [
          0.0,
          0.0,
          0.0,
          1.0
        ]
      ]
    },
    {
      "file_path": "/media/NFS/ttao/scannet/posed_images/scene0035_01/00011.jpg",
      "transform_matrix": [
        [
          0.760395,
          -0.331242,
          0.558639,
          1.630704
        ],
        [
          -0.64946,
          -0.386691,
          0.654731,
          1.519667
        ],
        [
          -0.000854,
          -0.860668,
          -0.509166,
          1.41428
        ],
        [
          0.0,
          0.0,
          0.0,
          1.0
        ]
      ]
    },
    {
      "file_path": "/media/NFS/ttao/scannet/posed_images/scene0035_01/00015.jpg",
      "transform_matrix": [
        [
          0.76447,
          -0.328419,
          0.554731,
          1.632155
        ],
        [
          -0.644603,
          -0.377953,
          0.664559,
          1.520637
        ],
        [
          -0.008592,
          -0.865617,
          -0.500633,
          1.415793
        ],
        [
          0.0,
          0.0,
          0.0,
          1.0
        ]
      ]
    },
    {
      "file_path": "/media/NFS/ttao/scannet/posed_images/scene0035_01/00019.jpg",
      "transform_matrix": [
        [
          0.773041,
          -0.319613,
          0.547955,
          1.632244
        ],
        [
          -0.63434,
          -0.39553,
          0.664205,
          1.525434
        ],
        [
          0.004444,
          -0.861048,
          -0.508504,
          1.414306
        ],
        [
          0.0,
          0.0,
          0.0,
          1.0
        ]
      ]
    },
    {
      "file_path": "/media/NFS/ttao/scannet/posed_images/scene0035_01/00020.jpg",
      "transform_matrix": [
        [
          0.77771,
          -0.314969,
          0.544024,
          1.632048
        ],
        [
          -0.628599,
          -0.397245,
          0.668625,
          1.525483
        ],
        [
          0.005515,
          -0.861969,
          -0.506931,
          1.411062
        ],
        [
          0.0,
          0.0,
          0.0,
          1.0
        ]
      ]
    },
    {
      "file_path": "/media/NFS/ttao/scannet/posed_images/scene0035_01/00025.jpg",
      "transform_matrix": [
        [
          0.799644,
          -0.289451,
          0.526106,
          1.626598
        ],
        [
          -0.6002,
          -0.411768,
          0.685717,
          1.540197
        ],
        [
          0.018152,
          -0.864098,
          -0.502996,
          1.419618
        ],
        [
          0.0,
          0.0,
          0.0,
          1.0
        ]
      ]
    },
    {
      "file_path": "/media/NFS/ttao/scannet/posed_images/scene0035_01/00027.jpg",
      "transform_matrix": [
        [
          0.808784,
          -0.275386,
          0.519645,
          1.625021
        ],
        [
          -0.587501,
          -0.418402,
          0.692663,
          1.543921
        ],
        [
          0.026671,
          -0.865507,
          -0.500186,
          1.42047
        ],
        [
          0.0,
          0.0,
          0.0,
          1.0
        ]
      ]
    },
    {
      "file_path": "/media/NFS/ttao/scannet/posed_images/scene0035_01/00033.jpg",
      "transform_matrix": [
        [
          0.840922,
          -0.232948,
          0.488451,
          1.620876
        ],
        [
          -0.539924,
          -0.422045,
          0.728259,
          1.552124
        ],
        [
          0.036502,
          -0.876135,
          -0.480681,
          1.428692
        ],
        [
          0.0,
          0.0,
          0.0,
          1.0
        ]
      ]
    },
    {
      "file_path": "/media/NFS/ttao/scannet/posed_images/scene0035_01/00036.jpg",
      "transform_matrix": [
        [
          0.853942,
          -0.215158,
          0.473804,
          1.617676
        ],
        [
          -0.518725,
          -0.42429,
          0.742228,
          1.557048
        ],
        [
          0.041334,
          -0.879594,
          -0.473927,
          1.433156
        ],
        [
          0.0,
          0.0,
          0.0,
          1.0
        ]
      ]
    },
    {
      "file_path": "/media/NFS/ttao/scannet/posed_images/scene0035_01/00038.jpg",
      "transform_matrix": [
        [
          0.863584,
          -0.206022,
          0.460193,
          1.61927
        ],
        [
          -0.5025,
          -0.426666,
          0.751964,
          1.559355
        ],
        [
          0.041428,
          -0.880631,
          -0.471988,
          1.438177
        ],
        [
          0.0,
          0.0,
          0.0,
          1.0
        ]
      ]
    },
    {
      "file_path": "/media/NFS/ttao/scannet/posed_images/scene0035_01/00042.jpg",
      "transform_matrix": [
        [
          0.874399,
          -0.184422,
          0.448793,
          1.606654
        ],
        [
          -0.482404,
          -0.429717,
          0.763302,
          1.569599
        ],
        [
          0.052084,
          -0.88393,
          -0.46471,
          1.444894
        ],
        [
          0.0,
          0.0,
          0.0,
          1.0
        ]
      ]
    },
    {
      "file_path": "/media/NFS/ttao/scannet/posed_images/scene0035_01/00044.jpg",
      "transform_matrix": [
        [
          0.881369,
          -0.175329,
          0.438689,
          1.607941
        ],
        [
          -0.469016,
          -0.436132,
          0.767992,
          1.570059
        ],
        [
          0.056676,
          -0.882637,
          -0.466626,
          1.445461
        ],
        [
          0.0,
          0.0,
          0.0,
          1.0
        ]
      ]
    },
    {
      "file_path": "/media/NFS/ttao/scannet/posed_images/scene0035_01/00049.jpg",
      "transform_matrix": [
        [
          0.907873,
          -0.147312,
          0.392512,
          1.602174
        ],
        [
          -0.41561,
          -0.439257,
          0.796443,
          1.572122
        ],
        [
          0.055088,
          -0.886201,
          -0.460014,
          1.446624
        ],
        [
          0.0,
          0.0,
          0.0,
          1.0
        ]
      ]
    },
    {
      "file_path": "/media/NFS/ttao/scannet/posed_images/scene0035_01/00053.jpg",
      "transform_matrix": [
        [
          0.929733,
          -0.12585,
          0.346061,
          1.594758
        ],
        [
          -0.364562,
          -0.446966,
          0.816894,
          1.574282
        ],
        [
          0.051871,
          -0.885654,
          -0.461439,
          1.444152
        ],
        [
          0.0,
          0.0,
          0.0,
          1.0
        ]
      ]
    },
    {
      "file_path": "/media/NFS/ttao/scannet/posed_images/scene0035_01/00056.jpg",
      "transform_matrix": [
        [
          0.947744,
          -0.108232,
          0.300112,
          1.588063
        ],
        [
          -0.316098,
          -0.445854,
          0.837434,
          1.576474
        ],
        [
          0.043169,
          -0.888538,
          -0.456767,
          1.442388
        ],
        [
          0.0,
          0.0,
          0.0,
          1.0
        ]
      ]
    },
    {
      "file_path": "/media/NFS/ttao/scannet/posed_images/scene0035_01/00058.jpg",
      "transform_matrix": [
        [
          0.953138,
          -0.105211,
          0.283651,
          1.585611
        ],
        [
          -0.299866,
          -0.452802,
          0.839673,
          1.581502
        ],
        [
          0.040095,
          -0.885382,
          -0.463132,
          1.442154
        ],
        [
          0.0,
          0.0,
          0.0,
          1.0
        ]
      ]
    },
    {
      "file_path": "/media/NFS/ttao/scannet/posed_images/scene0035_01/00064.jpg",
      "transform_matrix": [
        [
          0.963915,
          -0.095295,
          0.24857,
          1.582467
        ],
        [
          -0.264455,
          -0.449842,
          0.853057,
          1.607895
        ],
        [
          0.030525,
          -0.88801,
          -0.45881,
          1.436002
        ],
        [
          0.0,
          0.0,
          0.0,
          1.0
        ]
      ]
    },
    {
      "file_path": "/media/NFS/ttao/scannet/posed_images/scene0035_01/00065.jpg",
      "transform_matrix": [
        [
          0.964031,
          -0.092374,
          0.249223,
          1.582096
        ],
        [
          -0.263575,
          -0.453095,
          0.851606,
          1.615457
        ],
        [
          0.034255,
          -0.886663,
          -0.461145,
          1.436657
        ],
        [
          0.0,
          0.0,
          0.0,
          1.0
        ]
      ]
    },
    {
      "file_path": "/media/NFS/ttao/scannet/posed_images/scene0035_01/00070.jpg",
      "transform_matrix": [
        [
          0.971354,
          -0.065211,
          0.228514,
          1.585654
        ],
        [
          -0.231929,
          -0.469639,
          0.85185,
          1.654531
        ],
        [
          0.051769,
          -0.880447,
          -0.47131,
          1.43206
        ],
        [
          0.0,
          0.0,
          0.0,
          1.0
        ]
      ]
    },
    {
      "file_path": "/media/NFS/ttao/scannet/posed_images/scene0035_01/00071.jpg",
      "transform_matrix": [
        [
          0.972308,
          -0.059319,
          0.226052,
          1.581762
        ],
        [
          -0.226856,
          -0.472018,
          0.851901,
          1.662997
        ],
        [
          0.056167,
          -0.879591,
          -0.472403,
          1.42896
        ],
        [
          0.0,
          0.0,
          0.0,
          1.0
        ]
      ]
    },
    {
      "file_path": "/media/NFS/ttao/scannet/posed_images/scene0035_01/00075.jpg",
      "transform_matrix": [
        [
          0.977008,
          -0.049028,
          0.207487,
          1.578097
        ],
        [
          -0.205377,
          -0.477663,
          0.854201,
          1.699645
        ],
        [
          0.057229,
          -0.877174,
          -0.47675,
          1.422478
        ],
        [
          0.0,
          0.0,
          0.0,
          1.0
        ]
      ]
    },
    {
      "file_path": "/media/NFS/ttao/scannet/posed_images/scene0035_01/00078.jpg",
      "transform_matrix": [
        [
          0.980525,
          -0.033121,
          0.193583,
          1.573218
        ],
        [
          -0.185537,
          -0.47943,
          0.857743,
          1.726015
        ],
        [
          0.0644,
          -0.876955,
          -0.476238,
          1.418708
        ],
        [
          0.0,
          0.0,
          0.0,
          1.0
        ]
      ]
    },
    {
      "file_path": "/media/NFS/ttao/scannet/posed_images/scene0035_01/00081.jpg",
      "transform_matrix": [
        [
          0.983993,
          -0.009131,
          0.177972,
          1.573325
        ],
        [
          -0.159524,
          -0.490286,
          0.856838,
          1.748364
        ],
        [
          0.079433,
          -0.871514,
          -0.483895,
          1.414101
        ],
        [
          0.0,
          0.0,
          0.0,
          1.0
        ]
      ]
    },
    {
      "file_path": "/media/NFS/ttao/scannet/posed_images/scene0035_01/00086.jpg",
      "transform_matrix": [
        [
          0.990555,
          0.020838,
          0.135525,
          1.565017
        ],
        [
          -0.108243,
          -0.487893,
          0.866166,
          1.779317
        ],
        [
          0.084171,
          -0.872654,
          -0.481029,
          1.407117
        ],
        [
          0.0,
          0.0,
          0.0,
          1.0
        ]
      ]
    },
    {
      "file_path": "/media/NFS/ttao/scannet/posed_images/scene0035_01/00089.jpg",
      "transform_matrix": [
        [
          0.993364,
          0.036297,
          0.109132,
          1.564104
        ],
        [
          -0.077424,
          -0.490614,
          0.867931,
          1.793249
        ],
        [
          0.085045,
          -0.870621,
          -0.484548,
          1.403629
        ],
        [
          0.0,
          0.0,
          0.0,
          1.0
        ]
      ]
    },
    {
      "file_path": "/media/NFS/ttao/scannet/posed_images/scene0035_01/00095.jpg",
      "transform_matrix": [
        [
          0.998147,
          0.04692,
          0.03873,
          1.579305
        ],
        [
          -0.011727,
          -0.476271,
          0.87922,
          1.813239
        ],
        [
          0.059699,
          -0.878045,
          -0.474839,
          1.410372
        ],
        [
          0.0,
          0.0,
          0.0,
          1.0
        ]
      ]
    },
    {
      "file_path": "/media/NFS/ttao/scannet/posed_images/scene0035_01/00097.jpg",
      "transform_matrix": [
        [
          0.998479,
          0.054033,
          0.010916,
          1.582882
        ],
        [
          0.015839,
          -0.470883,
          0.882053,
          1.816667
        ],
        [
          0.0528,
          -0.880539,
          -0.471023,
          1.411637
        ],
        [
          0.0,
          0.0,
          0.0,
          1.0
        ]
      ]
    },
    {
      "file_path": "/media/NFS/ttao/scannet/posed_images/scene0035_01/00100.jpg",
      "transform_matrix": [
        [
          0.997115,
          0.066685,
          -0.036249,
          1.604986
        ],
        [
          0.062867,
          -0.458019,
          0.886717,
          1.816366
        ],
        [
          0.042528,
          -0.886438,
          -0.46089,
          1.410612
        ],
        [
          0.0,
          0.0,
          0.0,
          1.0
        ]
      ]
    },
    {
      "file_path": "/media/NFS/ttao/scannet/posed_images/scene0035_01/00105.jpg",
      "transform_matrix": [
        [
          0.989644,
          0.09125,
          -0.110807,
          1.636483
        ],
        [
          0.1401,
          -0.445976,
          0.884012,
          1.817254
        ],
        [
          0.031249,
          -0.890381,
          -0.454142,
          1.417526
        ],
        [
          0.0,
          0.0,
          0.0,
          1.0
        ]
      ]
    },
    {
      "file_path": "/media/NFS/ttao/scannet/posed_images/scene0035_01/00107.jpg",
      "transform_matrix": [
        [
          0.984831,
          0.110517,
          -0.133772,
          1.645063
        ],
        [
          0.169309,
          -0.44324,
          0.880269,
          1.817134
        ],
        [
          0.037991,
          -0.889564,
          -0.455227,
          1.417771
        ],
        [
          0.0,
          0.0,
          0.0,
          1.0
        ]
      ]
    },
    {
      "file_path": "/media/NFS/ttao/scannet/posed_images/scene0035_01/00111.jpg",
      "transform_matrix": [
        [
          0.969159,
          0.160987,
          -0.186587,
          1.666888
        ],
        [
          0.240006,
          -0.444747,
          0.8629,
          1.818339
        ],
        [
          0.055932,
          -0.88107,
          -0.469668,
          1.418212
        ],
        [
          0.0,
          0.0,
          0.0,
          1.0
        ]
      ]
    },
    {
      "file_path": "/media/NFS/ttao/scannet/posed_images/scene0035_01/00112.jpg",
      "transform_matrix": [
        [
          0.965192,
          0.164599,
          -0.203252,
          1.672574
        ],
        [
          0.256345,
          -0.441223,
          0.860005,
          1.818305
        ],
        [
          0.051877,
          -0.882173,
          -0.468059,
          1.419404
        ],
        [
          0.0,
          0.0,
          0.0,
          1.0
        ]
      ]
    },
    {
      "file_path": "/media/NFS/ttao/scannet/posed_images/scene0035_01/00118.jpg",
      "transform_matrix": [
        [
          0.944289,
          0.195452,
          -0.264794,
          1.686856
        ],
        [
          0.325736,
          -0.440016,
          0.836828,
          1.822525
        ],
        [
          0.047046,
          -0.876461,
          -0.479169,
          1.413758
        ],
        [
          0.0,
          0.0,
          0.0,
          1.0
        ]
      ]
    },
    {
      "file_path": "/media/NFS/ttao/scannet/posed_images/scene0035_01/00120.jpg",
      "transform_matrix": [
        [
          0.940042,
          0.197098,
          -0.27834,
          1.690587
        ],
        [
          0.338536,
          -0.440176,
          0.831648,
          1.829626
        ],
        [
          0.041397,
          -0.876012,
          -0.480509,
          1.413887
        ],
        [
          0.0,
          0.0,
          0.0,
          1.0
        ]
      ]
    },
    {
      "file_path": "/media/NFS/ttao/scannet/posed_images/scene0035_01/00122.jpg",
      "transform_matrix": [
        [
          0.935085,
          0.20183,
          -0.291342,
          1.688759
        ],
        [
          0.352182,
          -0.436839,
          0.827732,
          1.838742
        ],
        [
          0.039791,
          -0.876605,
          -0.479563,
          1.413294
        ],
        [
          0.0,
          0.0,
          0.0,
          1.0
        ]
      ]
    },
    {
      "file_path": "/media/NFS/ttao/scannet/posed_images/scene0035_01/00128.jpg",
      "transform_matrix": [
        [
          0.914842,
          0.234966,
          -0.328413,
          1.674908
        ],
        [
          0.400371,
          -0.421836,
          0.813485,
          1.882522
        ],
        [
          0.052605,
          -0.875697,
          -0.479987,
          1.396385
        ],
        [
          0.0,
          0.0,
          0.0,
          1.0
        ]
      ]
    },
    {
      "file_path": "/media/NFS/ttao/scannet/posed_images/scene0035_01/00132.jpg",
      "transform_matrix": [
        [
          0.892942,
          0.297081,
          -0.338228,
          1.660455
        ],
        [
          0.441142,
          -0.427718,
          0.788956,
          1.944064
        ],
        [
          0.089717,
          -0.853698,
          -0.512982,
          1.3842
        ],
        [
          0.0,
          0.0,
          0.0,
          1.0
        ]
      ]
    },
    {
      "file_path": "/media/NFS/ttao/scannet/posed_images/scene0035_01/00134.jpg",
      "transform_matrix": [
        [
          0.879205,
          0.316343,
          -0.356267,
          1.648275
        ],
        [
          0.466689,
          -0.421274,
          0.777643,
          1.976642
        ],
        [
          0.095916,
          -0.849974,
          -0.51802,
          1.37237
        ],
        [
          0.0,
          0.0,
          0.0,
          1.0
        ]
      ]
    },
    {
      "file_path": "/media/NFS/ttao/scannet/posed_images/scene0035_01/00139.jpg",
      "transform_matrix": [
        [
          0.863119,
          0.33852,
          -0.374739,
          1.634089
        ],
        [
          0.496056,
          -0.429295,
          0.754741,
          2.028188
        ],
        [
          0.094622,
          -0.837323,
          -0.538457,
          1.360099
        ],
        [
          0.0,
          0.0,
          0.0,
          1.0
        ]
      ]
    },
    {
      "file_path": "/media/NFS/ttao/scannet/posed_images/scene0035_01/00142.jpg",
      "transform_matrix": [
        [
          0.859665,
          0.342621,
          -0.378927,
          1.620352
        ],
        [
          0.503621,
          -0.443989,
          0.741107,
          2.058378
        ],
        [
          0.085679,
          -0.82794,
          -0.554234,
          1.369222
        ],
        [
          0.0,
          0.0,
          0.0,
          1.0
        ]
      ]
    },
    {
      "file_path": "/media/NFS/ttao/scannet/posed_images/scene0035_01/00146.jpg",
      "transform_matrix": [
        [
          0.833287,
          0.366329,
          -0.414049,
          1.625753
        ],
        [
          0.547961,
          -0.447996,
          0.706426,
          2.085833
        ],
        [
          0.073292,
          -0.815538,
          -0.574043,
          1.347435
        ],
        [
          0.0,
          0.0,
          0.0,
          1.0
        ]
      ]
    },
    {
      "file_path": "/media/NFS/ttao/scannet/posed_images/scene0035_01/00149.jpg",
      "transform_matrix": [
        [
          0.797428,
          0.409145,
          -0.443518,
          1.624785
        ],
        [
          0.59864,
          -0.444146,
          0.666607,
          2.103622
        ],
        [
          0.075752,
          -0.797079,
          -0.599105,
          1.342157
        ],
        [
          0.0,
          0.0,
          0.0,
          1.0
        ]
      ]
    },
    {
      "file_path": "/media/NFS/ttao/scannet/posed_images/scene0035_01/00150.jpg",
      "transform_matrix": [
        [
          0.783066,
          0.425769,
          -0.453352,
          1.631191
        ],
        [
          0.617691,
          -0.447367,
          0.646777,
          2.117295
        ],
        [
          0.072563,
          -0.7865,
          -0.613312,
          1.352465
        ],
        [
          0.0,
          0.0,
          0.0,
          1.0
        ]
      ]
    },
    {
      "file_path": "/media/NFS/ttao/scannet/posed_images/scene0035_01/00153.jpg",
      "transform_matrix": [
        [
          0.752019,
          0.436827,
          -0.493609,
          1.638005
        ],
        [
          0.657391,
          -0.442523,
          0.609927,
          2.133702
        ],
        [
          0.048,
          -0.78317,
          -0.619952,
          1.352932
        ],
        [
          0.0,
          0.0,
          0.0,
          1.0
        ]
      ]
    },
    {
      "file_path": "/media/NFS/ttao/scannet/posed_images/scene0035_01/00158.jpg",
      "transform_matrix": [
        [
          0.68777,
          0.469458,
          -0.553697,
          1.657592
        ],
        [
          0.725277,
          -0.412088,
          0.551504,
          2.152647
        ],
        [
          0.030736,
          -0.780892,
          -0.623909,
          1.342203
        ],
        [
          0.0,
          0.0,
          0.0,
          1.0
        ]
      ]
    },
    {
      "file_path": "/media/NFS/ttao/scannet/posed_images/scene0035_01/00160.jpg",
      "transform_matrix": [
        [
          0.661619,
          0.488068,
          -0.569254,
          1.666948
        ],
        [
          0.749354,
          -0.403045,
          0.525379,
          2.164154
        ],
        [
          0.026986,
          -0.774174,
          -0.632398,
          1.334107
        ],
        [
          0.0,
          0.0,
          0.0,
          1.0
        ]
      ]
    },
    {
      "file_path": "/media/NFS/ttao/scannet/posed_images/scene0035_01/00163.jpg",
      "transform_matrix": [
        [
          0.613806,
          0.517334,
          -0.596329,
          1.661662
        ],
        [
          0.789255,
          -0.385052,
          0.478343,
          2.18607
        ],
        [
          0.017846,
          -0.764265,
          -0.644656,
          1.33916
        ],
        [
          0.0,
          0.0,
          0.0,
          1.0
        ]
      ]
    },
    {
      "file_path": "/media/NFS/ttao/scannet/posed_images/scene0035_01/00168.jpg",
      "transform_matrix": [
        [
          0.537116,
          0.554162,
          -0.635934,
          1.650272
        ],
        [
          0.842725,
          -0.320057,
          0.432872,
          2.226254
        ],
        [
          0.036346,
          -0.768419,
          -0.638913,
          1.322706
        ],
        [
          0.0,
          0.0,
          0.0,
          1.0
        ]
      ]
    },
    {
      "file_path": "/media/NFS/ttao/scannet/posed_images/scene0035_01/00171.jpg",
      "transform_matrix": [
        [
          0.497793,
          0.575194,
          -0.649118,
          1.632957
        ],
        [
          0.86553,
          -0.281738,
          0.414103,
          2.250185
        ],
        [
          0.055308,
          -0.767969,
          -0.638095,
          1.317366
        ],
        [
          0.0,
          0.0,
          0.0,
          1.0
        ]
      ]
    },
    {
      "file_path": "/media/NFS/ttao/scannet/posed_images/scene0035_01/00174.jpg",
      "transform_matrix": [
        [
          0.471202,
          0.590789,
          -0.654933,
          1.622046
        ],
        [
          0.879231,
          -0.255554,
          0.402051,
          2.278632
        ],
        [
          0.070156,
          -0.765284,
          -0.639858,
          1.312639
        ],
        [
          0.0,
          0.0,
          0.0,
          1.0
        ]
      ]
    },
    {
      "file_path": "/media/NFS/ttao/scannet/posed_images/scene0035_01/00178.jpg",
      "transform_matrix": [
        [
          0.441625,
          0.596488,
          -0.670202,
          1.618322
        ],
        [
          0.895092,
          -0.24174,
          0.374663,
          2.308067
        ],
        [
          0.061468,
          -0.765352,
          -0.640669,
          1.30841
        ],
        [
          0.0,
          0.0,
          0.0,
          1.0
        ]
      ]
    },
    {
      "file_path": "/media/NFS/ttao/scannet/posed_images/scene0035_01/00183.jpg",
      "transform_matrix": [
        [
          0.377511,
          0.613072,
          -0.693994,
          1.63569
        ],
        [
          0.924239,
          -0.203196,
          0.323254,
          2.322515
        ],
        [
          0.057162,
          -0.763449,
          -0.643334,
          1.304764
        ],
        [
          0.0,
          0.0,
          0.0,
          1.0
        ]
      ]
    },
    {
      "file_path": "/media/NFS/ttao/scannet/posed_images/scene0035_01/00184.jpg",
      "transform_matrix": [
        [
          0.363567,
          0.61639,
          -0.698486,
          1.643178
        ],
        [
          0.929611,
          -0.191487,
          0.314888,
          2.322883
        ],
        [
          0.060343,
          -0.763804,
          -0.642622,
          1.301685
        ],
        [
          0.0,
          0.0,
          0.0,
          1.0
        ]
      ]
    },
    {
      "file_path": "/media/NFS/ttao/scannet/posed_images/scene0035_01/00190.jpg",
      "transform_matrix": [
        [
          0.267773,
          0.64069,
          -0.719593,
          1.705681
        ],
        [
          0.960727,
          -0.121109,
          0.249673,
          2.32618
        ],
        [
          0.072814,
          -0.758188,
          -0.647958,
          1.304089
        ],
        [
          0.0,
          0.0,
          0.0,
          1.0
        ]
      ]
    },
    {
      "file_path": "/media/NFS/ttao/scannet/posed_images/scene0035_01/00191.jpg",
      "transform_matrix": [
        [
          0.250147,
          0.639441,
          -0.727008,
          1.720388
        ],
        [
          0.965044,
          -0.104016,
          0.240563,
          2.326433
        ],
        [
          0.078205,
          -0.761771,
          -0.643109,
          1.304211
        ],
        [
          0.0,
          0.0,
          0.0,
          1.0
        ]
      ]
    },
    {
      "file_path": "/media/NFS/ttao/scannet/posed_images/scene0035_01/00197.jpg",
      "transform_matrix": [
        [
          0.167472,
          0.648315,
          -0.742725,
          1.797958
        ],
        [
          0.982626,
          -0.04864,
          0.179109,
          2.318264
        ],
        [
          0.079994,
          -0.759817,
          -0.645197,
          1.304511
        ],
        [
          0.0,
          0.0,
          0.0,
          1.0
        ]
      ]
    },
    {
      "file_path": "/media/NFS/ttao/scannet/posed_images/scene0035_01/00200.jpg",
      "transform_matrix": [
        [
          0.121477,
          0.652128,
          -0.748313,
          1.844103
        ],
        [
          0.98961,
          -0.021153,
          0.142215,
          2.312525
        ],
        [
          0.076913,
          -0.757814,
          -0.647921,
          1.295363
        ],
        [
          0.0,
          0.0,
          0.0,
          1.0
        ]
      ]
    },
    {
      "file_path": "/media/NFS/ttao/scannet/posed_images/scene0035_01/00204.jpg",
      "transform_matrix": [
        [
          0.075863,
          0.65456,
          -0.752194,
          1.865327
        ],
        [
          0.99459,
          0.004007,
          0.103797,
          2.294708
        ],
        [
          0.070956,
          -0.755999,
          -0.650715,
          1.303557
        ],
        [
          0.0,
          0.0,
          0.0,
          1.0
        ]
      ]
    },
    {
      "file_path": "/media/NFS/ttao/scannet/posed_images/scene0035_01/00205.jpg",
      "transform_matrix": [
        [
          0.06118,
          0.652092,
          -0.755667,
          1.87063
        ],
        [
          0.995659,
          0.013335,
          0.092118,
          2.290614
        ],
        [
          0.070147,
          -0.758022,
          -0.648446,
          1.303527
        ],
        [
          0.0,
          0.0,
          0.0,
          1.0
        ]
      ]
    },
    {
      "file_path": "/media/NFS/ttao/scannet/posed_images/scene0035_01/00211.jpg",
      "transform_matrix": [
        [
          -0.010398,
          0.659939,
          -0.751247,
          1.871049
        ],
        [
          0.997461,
          0.059781,
          0.038709,
          2.244982
        ],
        [
          0.070456,
          -0.748937,
          -0.658885,
          1.30735
        ],
        [
          0.0,
          0.0,
          0.0,
          1.0
        ]
      ]
    },
    {
      "file_path": "/media/NFS/ttao/scannet/posed_images/scene0035_01/00213.jpg",
      "transform_matrix": [
        [
          -0.03892,
          0.64893,
          -0.759852,
          1.864435
        ],
        [
          0.99751,
          0.069984,
          0.008675,
          2.232096
        ],
        [
          0.058807,
          -0.757623,
          -0.650038,
          1.309458
        ],
        [
          0.0,
          0.0,
          0.0,
          1.0
        ]
      ]
    },
    {
      "file_path": "/media/NFS/ttao/scannet/posed_images/scene0035_01/00215.jpg",
      "transform_matrix": [
        [
          -0.065919,
          0.641565,
          -0.764231,
          1.858872
        ],
        [
          0.996221,
          0.085731,
          -0.013959,
          2.216945
        ],
        [
          0.056563,
          -0.762263,
          -0.644792,
          1.305532
        ],
        [
          0.0,
          0.0,
          0.0,
          1.0
        ]
      ]
    },
    {
      "file_path": "/media/NFS/ttao/scannet/posed_images/scene0035_01/00221.jpg",
      "transform_matrix": [
        [
          -0.156755,
          0.627129,
          -0.762979,
          1.817496
        ],
        [
          0.985338,
          0.15199,
          -0.077511,
          2.155811
        ],
        [
          0.067356,
          -0.763943,
          -0.641759,
          1.303484
        ],
        [
          0.0,
          0.0,
          0.0,
          1.0
        ]
      ]
    },
    {
      "file_path": "/media/NFS/ttao/scannet/posed_images/scene0035_01/00224.jpg",
      "transform_matrix": [
        [
          -0.192148,
          0.625747,
          -0.755989,
          1.791617
        ],
        [
          0.978277,
          0.183202,
          -0.097006,
          2.123393
        ],
        [
          0.077797,
          -0.758206,
          -0.647357,
          1.304303
        ],
        [
          0.0,
          0.0,
          0.0,
          1.0
        ]
      ]
    },
    {
      "file_path": "/media/NFS/ttao/scannet/posed_images/scene0035_01/00227.jpg",
      "transform_matrix": [
        [
          -0.222818,
          0.619187,
          -0.752967,
          1.765557
        ],
        [
          0.971133,
          0.208459,
          -0.115955,
          2.085728
        ],
        [
          0.085165,
          -0.757068,
          -0.647761,
          1.303831
        ],
        [
          0.0,
          0.0,
          0.0,
          1.0
        ]
      ]
    },
    {
      "file_path": "/media/NFS/ttao/scannet/posed_images/scene0035_01/00229.jpg",
      "transform_matrix": [
        [
          -0.241469,
          0.614264,
          -0.751247,
          1.745953
        ],
        [
          0.96641,
          0.222421,
          -0.128763,
          2.0548
        ],
        [
          0.087998,
          -0.757105,
          -0.647339,
          1.308082
        ],
        [
          0.0,
          0.0,
          0.0,
          1.0
        ]
      ]
    },
    {
      "file_path": "/media/NFS/ttao/scannet/posed_images/scene0035_01/00234.jpg",
      "transform_matrix": [
        [
          -0.338987,
          0.586114,
          -0.735907,
          1.672367
        ],
        [
          0.937003,
          0.280462,
          -0.208245,
          1.885874
        ],
        [
          0.084339,
          -0.760139,
          -0.644263,
          1.315863
        ],
        [
          0.0,
          0.0,
          0.0,
          1.0
        ]
      ]
    },
    {
      "file_path": "/media/NFS/ttao/scannet/posed_images/scene0035_01/00237.jpg",
      "transform_matrix": [
        [
          -0.366209,
          0.575027,
          -0.731597,
          1.668901
        ],
        [
          0.926425,
          0.29909,
          -0.228651,
          1.892241
        ],
        [
          0.087333,
          -0.761504,
          -0.642249,
          1.317068
        ],
        [
          0.0,
          0.0,
          0.0,
          1.0
        ]
      ]
    },
    {
      "file_path": "/media/NFS/ttao/scannet/posed_images/scene0035_01/00240.jpg",
      "transform_matrix": [
        [
          -0.441508,
          0.555858,
          -0.704339,
          1.641757
        ],
        [
          0.893749,
          0.341803,
          -0.29049,
          1.898416
        ],
        [
          0.079274,
          -0.757755,
          -0.647706,
          1.316995
        ],
        [
          0.0,
          0.0,
          0.0,
          1.0
        ]
      ]
    },
    {
      "file_path": "/media/NFS/ttao/scannet/posed_images/scene0035_01/00244.jpg",
      "transform_matrix": [
        [
          -0.495645,
          0.542876,
          -0.677954,
          1.629855
        ],
        [
          0.86607,
          0.367577,
          -0.338836,
          1.868303
        ],
        [
          0.065254,
          -0.755098,
          -0.652357,
          1.31181
        ],
        [
          0.0,
          0.0,
          0.0,
          1.0
        ]
      ]
    },
    {
      "file_path": "/media/NFS/ttao/scannet/posed_images/scene0035_01/00249.jpg",
      "transform_matrix": [
        [
          -0.544389,
          0.536558,
          -0.644784,
          1.619428
        ],
        [
          0.836793,
          0.40094,
          -0.372859,
          1.840904
        ],
        [
          0.05846,
          -0.742531,
          -0.667256,
          1.304102
        ],
        [
          0.0,
          0.0,
          0.0,
          1.0
        ]
      ]
    },
    {
      "file_path": "/media/NFS/ttao/scannet/posed_images/scene0035_01/00252.jpg",
      "transform_matrix": [
        [
          -0.604646,
          0.511501,
          -0.61055,
          1.590888
        ],
        [
          0.795464,
          0.426774,
          -0.430233,
          1.852309
        ],
        [
          0.040502,
          -0.745809,
          -0.664928,
          1.303126
        ],
        [
          0.0,
          0.0,
          0.0,
          1.0
        ]
      ]
    },
    {
      "file_path": "/media/NFS/ttao/scannet/posed_images/scene0035_01/00253.jpg",
      "transform_matrix": [
        [
          -0.615684,
          0.507085,
          -0.603157,
          1.586147
        ],
        [
          0.787073,
          0.432726,
          -0.439619,
          1.852469
        ],
        [
          0.038077,
          -0.745394,
          -0.665535,
          1.304484
        ],
        [
          0.0,
          0.0,
          0.0,
          1.0
        ]
      ]
    },
    {
      "file_path": "/media/NFS/ttao/scannet/posed_images/scene0035_01/00259.jpg",
      "transform_matrix": [
        [
          -0.685856,
          0.459442,
          -0.56437,
          1.571515
        ],
        [
          0.727427,
          0.455457,
          -0.513233,
          1.857102
        ],
        [
          0.021245,
          -0.762542,
          -0.646589,
          1.318074
        ],
        [
          0.0,
          0.0,
          0.0,
          1.0
        ]
      ]
    },
    {
      "file_path": "/media/NFS/ttao/scannet/posed_images/scene0035_01/00261.jpg",
      "transform_matrix": [
        [
          -0.739569,
          0.41826,
          -0.527347,
          1.524097
        ],
        [
          0.672929,
          0.476081,
          -0.566139,
          1.843114
        ],
        [
          0.014266,
          -0.773567,
          -0.633554,
          1.327746
        ],
        [
          0.0,
          0.0,
          0.0,
          1.0
        ]
      ]
    },
    {
      "file_path": "/media/NFS/ttao/scannet/posed_images/scene0035_01/00263.jpg",
      "transform_matrix": [
        [
          -0.762525,
          0.392597,
          -0.51422,
          1.516185
        ],
        [
          0.646622,
          0.488135,
          -0.586178,
          1.841793
        ],
        [
          0.020877,
          -0.779482,
          -0.626077,
          1.330264
        ],
        [
          0.0,
