{
  "frames": [
    {
      "file_path": "/media/NFS/ttao/scannet/posed_images/scene0107_00/00000.jpg",
      "transform_matrix": [
        [
          0.804414,
          -0.195207,
          0.561082,
          4.397897
        ],
        [
          -0.593456,
          -0.306943,
          0.74404,
          1.805397
        ],
        [
          0.026978,
          -0.931494,
          -0.362756,
          1.263968
        ],
        [
          0.0,
          0.0,
          0.0,
          1.0
        ]
      ]
    },
    {
      "file_path": "/media/NFS/ttao/scannet/posed_images/scene0107_00/00012.jpg",
      "transform_matrix": [
        [
          0.83968,
          -0.159595,
          0.519102,
          4.483953
        ],
        [
          -0.541177,
          -0.325864,
          0.775203,
          1.73584
        ],
        [
          0.045438,
          -0.931849,
          -0.35999,
          1.304699
        ],
        [
          0.0,
          0.0,
          0.0,
          1.0
        ]
      ]
    },
    {
      "file_path": "/media/NFS/ttao/scannet/posed_images/scene0107_00/00017.jpg",
      "transform_matrix": [
        [
          0.836977,
          -0.168849,
          0.520538,
          4.518408
        ],
        [
          -0.546648,
          -0.302142,
          0.780952,
          1.715733
        ],
        [
          0.025414,
          -0.93819,
          -0.345187,
          1.31864
        ],
        [
          0.0,
          0.0,
          0.0,
          1.0
        ]
      ]
    },
    {
      "file_path": "/media/NFS/ttao/scannet/posed_images/scene0107_00/00028.jpg",
      "transform_matrix": [
        [
          0.849997,
          -0.208295,
          0.483857,
          4.575597
        ],
        [
          -0.526783,
          -0.332647,
          0.782205,
          1.704906
        ],
        [
          -0.001976,
          -0.91976,
          -0.392476,
          1.262751
        ],
        [
          0.0,
          0.0,
          0.0,
          1.0
        ]
      ]
    },
    {
      "file_path": "/media/NFS/ttao/scannet/posed_images/scene0107_00/00033.jpg",
      "transform_matrix": [
        [
          0.867427,
          -0.197009,
          0.4569,
          4.610137
        ],
        [
          -0.497282,
          -0.374224,
          0.782731,
          1.714419
        ],
        [
          0.016778,
          -0.90617,
          -0.422581,
          1.255772
        ],
        [
          0.0,
          0.0,
          0.0,
          1.0
        ]
      ]
    },
    {
      "file_path": "/media/NFS/ttao/scannet/posed_images/scene0107_00/00043.jpg",
      "transform_matrix": [
        [
          0.874857,
          -0.153733,
          0.459338,
          4.682201
        ],
        [
          -0.477886,
          -0.428721,
          0.766697,
          1.751141
        ],
        [
          0.079061,
          -0.890261,
          -0.448536,
          1.225411
        ],
        [
          0.0,
          0.0,
          0.0,
          1.0
        ]
      ]
    },
    {
      "file_path": "/media/NFS/ttao/scannet/posed_images/scene0107_00/00052.jpg",
      "transform_matrix": [
        [
          0.897831,
          -0.176734,
          0.403317,
          4.731102
        ],
        [
          -0.438067,
          -0.451436,
          0.777369,
          1.743939
        ],
        [
          0.044685,
          -0.874626,
          -0.482735,
          1.247207
        ],
        [
          0.0,
          0.0,
          0.0,
          1.0
        ]
      ]
    },
    {
      "file_path": "/media/NFS/ttao/scannet/posed_images/scene0107_00/00054.jpg",
      "transform_matrix": [
        [
          0.898849,
          -0.185077,
          0.397263,
          4.742372
        ],
        [
          -0.436626,
          -0.456357,
          0.775304,
          1.736311
        ],
        [
          0.037803,
          -0.870336,
          -0.491006,
          1.254093
        ],
        [
          0.0,
          0.0,
          0.0,
          1.0
        ]
      ]
    },
    {
      "file_path": "/media/NFS/ttao/scannet/posed_images/scene0107_00/00061.jpg",
      "transform_matrix": [
        [
          0.887121,
          -0.217333,
          0.407166,
          4.790197
        ],
        [
          -0.461488,
          -0.430647,
          0.77561,
          1.686619
        ],
        [
          0.006779,
          -0.875962,
          -0.482333,
          1.263403
        ],
        [
          0.0,
          0.0,
          0.0,
          1.0
        ]
      ]
    },
    {
      "file_path": "/media/NFS/ttao/scannet/posed_images/scene0107_00/00073.jpg",
      "transform_matrix": [
        [
          0.914395,
          -0.148709,
          0.376519,
          4.910087
        ],
        [
          -0.404554,
          -0.369519,
          0.836536,
          1.534044
        ],
        [
          0.014731,
          -0.917247,
          -0.398047,
          1.289386
        ],
        [
          0.0,
          0.0,
          0.0,
          1.0
        ]
      ]
    },
    {
      "file_path": "/media/NFS/ttao/scannet/posed_images/scene0107_00/00078.jpg",
      "transform_matrix": [
        [
          0.911306,
          -0.183596,
          0.368529,
          4.962849
        ],
        [
          -0.411346,
          -0.367348,
          0.834176,
          1.502168
        ],
        [
          -0.017773,
          -0.911783,
          -0.410288,
          1.277362
        ],
        [
          0.0,
          0.0,
          0.0,
          1.0
        ]
      ]
    },
    {
      "file_path": "/media/NFS/ttao/scannet/posed_images/scene0107_00/00090.jpg",
      "transform_matrix": [
        [
          0.894694,
          -0.215633,
          0.391184,
          5.100242
        ],
        [
          -0.44579,
          -0.375824,
          0.812421,
          1.549804
        ],
        [
          -0.028168,
          -0.901254,
          -0.432375,
          1.29345
        ],
        [
          0.0,
          0.0,
          0.0,
          1.0
        ]
      ]
    },
    {
      "file_path": "/media/NFS/ttao/scannet/posed_images/scene0107_00/00097.jpg",
      "transform_matrix": [
        [
          0.916921,
          -0.193905,
          0.348793,
          5.167048
        ],
        [
          -0.398296,
          -0.390296,
          0.830078,
          1.563945
        ],
        [
          -0.024824,
          -0.900039,
          -0.435102,
          1.30295
        ],
        [
          0.0,
          0.0,
          0.0,
          1.0
        ]
      ]
    },
    {
      "file_path": "/media/NFS/ttao/scannet/posed_images/scene0107_00/00102.jpg",
      "transform_matrix": [
        [
          0.938612,
          -0.165952,
          0.302434,
          5.232295
        ],
        [
          -0.344192,
          -0.39153,
          0.853367,
          1.542943
        ],
        [
          -0.023206,
          -0.905077,
          -0.424614,
          1.303881
        ],
        [
          0.0,
          0.0,
          0.0,
          1.0
        ]
      ]
    },
    {
      "file_path": "/media/NFS/ttao/scannet/posed_images/scene0107_00/00111.jpg",
      "transform_matrix": [
        [
          0.964038,
          -0.100749,
          0.24593,
          5.389498
        ],
        [
          -0.264475,
          -0.454807,
          0.850414,
          1.450058
        ],
        [
          0.026173,
          -0.884873,
          -0.465096,
          1.303305
        ],
        [
          0.0,
          0.0,
          0.0,
          1.0
        ]
      ]
    },
    {
      "file_path": "/media/NFS/ttao/scannet/posed_images/scene0107_00/00118.jpg",
      "transform_matrix": [
        [
          0.974727,
          -0.062469,
          0.214489,
          5.472453
        ],
        [
          -0.21807,
          -0.474549,
          0.852789,
          1.386587
        ],
        [
          0.048512,
          -0.878009,
          -0.476179,
          1.311626
        ],
        [
          0.0,
          0.0,
          0.0,
          1.0
        ]
      ]
    },
    {
      "file_path": "/media/NFS/ttao/scannet/posed_images/scene0107_00/00125.jpg",
      "transform_matrix": [
        [
          0.983491,
          -0.056025,
          0.172068,
          5.511022
        ],
        [
          -0.177731,
          -0.477855,
          0.860271,
          1.349434
        ],
        [
          0.034027,
          -0.87665,
          -0.479924,
          1.30622
        ],
        [
          0.0,
          0.0,
          0.0,
          1.0
        ]
      ]
    },
    {
      "file_path": "/media/NFS/ttao/scannet/posed_images/scene0107_00/00132.jpg",
      "transform_matrix": [
        [
          0.992239,
          -0.031171,
          0.120375,
          5.520678
        ],
        [
          -0.120825,
          -0.47044,
          0.874121,
          1.346092
        ],
        [
          0.029382,
          -0.881881,
          -0.470555,
          1.327482
        ],
        [
          0.0,
          0.0,
          0.0,
          1.0
        ]
      ]
    },
    {
      "file_path": "/media/NFS/ttao/scannet/posed_images/scene0107_00/00140.jpg",
      "transform_matrix": [
        [
          0.997585,
          0.010065,
          0.068722,
          5.488908
        ],
        [
          -0.057503,
          -0.435242,
          0.898475,
          1.360484
        ],
        [
          0.038954,
          -0.900257,
          -0.433613,
          1.341044
        ],
        [
          0.0,
          0.0,
          0.0,
          1.0
        ]
      ]
    },
    {
      "file_path": "/media/NFS/ttao/scannet/posed_images/scene0107_00/00149.jpg",
      "transform_matrix": [
        [
          0.99838,
          0.050582,
          0.026071,
          5.403467
        ],
        [
          -0.004856,
          -0.380742,
          0.924668,
          1.408675
        ],
        [
          0.056698,
          -0.923297,
          -0.37988,
          1.357071
        ],
        [
          0.0,
          0.0,
          0.0,
          1.0
        ]
      ]
    },
    {
      "file_path": "/media/NFS/ttao/scannet/posed_images/scene0107_00/00161.jpg",
      "transform_matrix": [
        [
          0.998288,
          0.057721,
          -0.009488,
          5.272546
        ],
        [
          0.028304,
          -0.334709,
          0.941896,
          1.481784
        ],
        [
          0.051192,
          -0.940552,
          -0.33577,
          1.353535
        ],
        [
          0.0,
          0.0,
          0.0,
          1.0
        ]
      ]
    },
    {
      "file_path": "/media/NFS/ttao/scannet/posed_images/scene0107_00/00170.jpg",
      "transform_matrix": [
        [
          0.999221,
          0.037674,
          0.011764,
          5.196616
        ],
        [
          0.003371,
          -0.378436,
          0.925621,
          1.542666
        ],
        [
          0.039324,
          -0.92486,
          -0.378268,
          1.340285
        ],
        [
          0.0,
          0.0,
          0.0,
          1.0
        ]
      ]
    },
    {
      "file_path": "/media/NFS/ttao/scannet/posed_images/scene0107_00/00177.jpg",
      "transform_matrix": [
        [
          0.999411,
          0.033786,
          0.006018,
          5.136705
        ],
        [
          0.007404,
          -0.383522,
          0.923502,
          1.595764
        ],
        [
          0.033509,
          -0.922913,
          -0.383547,
          1.317094
        ],
        [
          0.0,
          0.0,
          0.0,
          1.0
        ]
      ]
    },
    {
      "file_path": "/media/NFS/ttao/scannet/posed_images/scene0107_00/00180.jpg",
      "transform_matrix": [
        [
          0.999727,
          0.007699,
          0.022049,
          5.10351
        ],
        [
          -0.017156,
          -0.398484,
          0.917015,
          1.634481
        ],
        [
          0.015846,
          -0.917143,
          -0.398243,
          1.320293
        ],
        [
          0.0,
          0.0,
          0.0,
          1.0
        ]
      ]
    },
    {
      "file_path": "/media/NFS/ttao/scannet/posed_images/scene0107_00/00189.jpg",
      "transform_matrix": [
        [
          0.984514,
          -0.050113,
          0.167989,
          4.969316
        ],
        [
          -0.174635,
          -0.364012,
          0.914876,
          1.736927
        ],
        [
          0.015303,
          -0.930045,
          -0.367126,
          1.312956
        ],
        [
          0.0,
          0.0,
          0.0,
          1.0
        ]
      ]
    },
    {
      "file_path": "/media/NFS/ttao/scannet/posed_images/scene0107_00/00196.jpg",
      "transform_matrix": [
        [
          0.978953,
          -0.020762,
          0.203026,
          4.823389
        ],
        [
          -0.197224,
          -0.352012,
          0.914981,
          1.796659
        ],
        [
          0.052471,
          -0.935766,
          -0.348698,
          1.319489
        ],
        [
          0.0,
          0.0,
          0.0,
          1.0
        ]
      ]
    },
    {
      "file_path": "/media/NFS/ttao/scannet/posed_images/scene0107_00/00206.jpg",
      "transform_matrix": [
        [
          0.934969,
          -0.089354,
          0.343292,
          4.535897
        ],
        [
          -0.353432,
          -0.317373,
          0.879978,
          1.851024
        ],
        [
          0.030322,
          -0.944082,
          -0.328314,
          1.278107
        ],
        [
          0.0,
          0.0,
          0.0,
          1.0
        ]
      ]
    },
    {
      "file_path": "/media/NFS/ttao/scannet/posed_images/scene0107_00/00213.jpg",
      "transform_matrix": [
        [
          0.929865,
          -0.106907,
          0.352026,
          4.390954
        ],
        [
          -0.367498,
          -0.314744,
          0.875147,
          1.877175
        ],
        [
          0.017239,
          -0.943137,
          -0.331957,
          1.288602
        ],
        [
          0.0,
          0.0,
          0.0,
          1.0
        ]
      ]
    },
    {
      "file_path": "/media/NFS/ttao/scannet/posed_images/scene0107_00/00225.jpg",
      "transform_matrix": [
        [
          0.914959,
          -0.11318,
          0.387351,
          4.246732
        ],
        [
          -0.401269,
          -0.357021,
          0.843516,
          1.963922
        ],
        [
          0.042824,
          -0.927215,
          -0.372075,
          1.250491
        ],
        [
          0.0,
          0.0,
          0.0,
          1.0
        ]
      ]
    },
    {
      "file_path": "/media/NFS/ttao/scannet/posed_images/scene0107_00/00229.jpg",
      "transform_matrix": [
        [
          0.886979,
          -0.111647,
          0.448112,
          4.210131
        ],
        [
          -0.456846,
          -0.354034,
          0.816059,
          1.998961
        ],
        [
          0.067536,
          -0.928545,
          -0.365026,
          1.222479
        ],
        [
          0.0,
          0.0,
          0.0,
          1.0
        ]
      ]
    },
    {
      "file_path": "/media/NFS/ttao/scannet/posed_images/scene0107_00/00241.jpg",
      "transform_matrix": [
        [
          0.87346,
          -0.096418,
          0.477255,
          4.140955
        ],
        [
          -0.470539,
          -0.419096,
          0.7765,
          2.054624
        ],
        [
          0.125147,
          -0.902808,
          -0.411432,
          1.162418
        ],
        [
          0.0,
          0.0,
          0.0,
          1.0
        ]
      ]
    },
    {
      "file_path": "/media/NFS/ttao/scannet/posed_images/scene0107_00/00248.jpg",
      "transform_matrix": [
        [
          0.902607,
          -0.070748,
          0.424613,
          4.143788
        ],
        [
          -0.415551,
          -0.400616,
          0.816593,
          2.021135
        ],
        [
          0.112334,
          -0.91351,
          -0.390998,
          1.190754
        ],
        [
          0.0,
          0.0,
          0.0,
          1.0
        ]
      ]
    },
    {
      "file_path": "/media/NFS/ttao/scannet/posed_images/scene0107_00/00253.jpg",
      "transform_matrix": [
        [
          0.919397,
          -0.061984,
          0.388418,
          4.157226
        ],
        [
          -0.380452,
          -0.390784,
          0.838179,
          1.991042
        ],
        [
          0.099834,
          -0.918393,
          -0.382867,
          1.21881
        ],
        [
          0.0,
          0.0,
          0.0,
          1.0
        ]
      ]
    },
    {
      "file_path": "/media/NFS/ttao/scannet/posed_images/scene0107_00/00258.jpg",
      "transform_matrix": [
        [
          0.936181,
          -0.062356,
          0.345944,
          4.211854
        ],
        [
          -0.342627,
          -0.381826,
          0.85838,
          1.943338
        ],
        [
          0.078566,
          -0.922128,
          -0.378823,
          1.244148
        ],
        [
          0.0,
          0.0,
          0.0,
          1.0
        ]
      ]
    },
    {
      "file_path": "/media/NFS/ttao/scannet/posed_images/scene0107_00/00267.jpg",
      "transform_matrix": [
        [
          0.98232,
          -0.046825,
          0.181261,
          4.384673
        ],
        [
          -0.184136,
          -0.416451,
          0.890316,
          1.837172
        ],
        [
          0.033797,
          -0.907952,
          -0.41771,
          1.25869
        ],
        [
          0.0,
          0.0,
          0.0,
          1.0
        ]
      ]
    },
    {
      "file_path": "/media/NFS/ttao/scannet/posed_images/scene0107_00/00277.jpg",
      "transform_matrix": [
        [
          0.99626,
          0.06699,
          -0.054575,
          4.602921
        ],
        [
          0.078504,
          -0.437872,
          0.895603,
          1.736211
        ],
        [
          0.036099,
          -0.896538,
          -0.441493,
          1.284714
        ],
        [
          0.0,
          0.0,
          0.0,
          1.0
        ]
      ]
    },
    {
      "file_path": "/media/NFS/ttao/scannet/posed_images/scene0107_00/00281.jpg",
      "transform_matrix": [
        [
          0.994336,
          0.06191,
          -0.086391,
          4.649428
        ],
        [
          0.104786,
          -0.435053,
          0.894287,
          1.726813
        ],
        [
          0.017781,
          -0.898274,
          -0.439076,
          1.309519
        ],
        [
          0.0,
          0.0,
          0.0,
          1.0
        ]
      ]
    },
    {
      "file_path": "/media/NFS/ttao/scannet/posed_images/scene0107_00/00293.jpg",
      "transform_matrix": [
        [
          0.983763,
          0.124155,
          -0.1296,
          4.832655
        ],
        [
          0.160453,
          -0.284897,
          0.945033,
          1.782521
        ],
        [
          0.080408,
          -0.950484,
          -0.300193,
          1.357095
        ],
        [
          0.0,
          0.0,
          0.0,
          1.0
        ]
      ]
    },
    {
      "file_path": "/media/NFS/ttao/scannet/posed_images/scene0107_00/00300.jpg",
      "transform_matrix": [
        [
          0.965999,
          0.147689,
          -0.21221,
          4.928546
        ],
        [
          0.244514,
          -0.255157,
          0.935472,
          1.820775
        ],
        [
          0.084012,
          -0.955554,
          -0.282593,
          1.391529
        ],
        [
          0.0,
          0.0,
          0.0,
          1.0
        ]
      ]
    },
    {
      "file_path": "/media/NFS/ttao/scannet/posed_images/scene0107_00/00305.jpg",
      "transform_matrix": [
        [
          0.960017,
          0.137838,
          -0.243654,
          4.97793
        ],
        [
          0.270382,
          -0.231059,
          0.934615,
          1.831424
        ],
        [
          0.072527,
          -0.963126,
          -0.25909,
          1.412241
        ],
        [
          0.0,
          0.0,
          0.0,
          1.0
        ]
      ]
    },
    {
      "file_path": "/media/NFS/ttao/scannet/posed_images/scene0107_00/00317.jpg",
      "transform_matrix": [
        [
          0.892782,
          0.135743,
          -0.429551,
          5.233866
        ],
        [
          0.449731,
          -0.213301,
          0.86732,
          1.825193
        ],
        [
          0.026109,
          -0.967511,
          -0.251479,
          1.391099
        ],
        [
          0.0,
          0.0,
          0.0,
          1.0
        ]
      ]
    },
    {
      "file_path": "/media/NFS/ttao/scannet/posed_images/scene0107_00/00322.jpg",
      "transform_matrix": [
        [
          0.862836,
          0.173705,
          -0.474701,
          5.348331
        ],
        [
          0.502318,
          -0.189697,
          0.843619,
          1.804903
        ],
        [
          0.056492,
          -0.966355,
          -0.250932,
          1.402117
        ],
        [
          0.0,
          0.0,
          0.0,
          1.0
        ]
      ]
    },
    {
      "file_path": "/media/NFS/ttao/scannet/posed_images/scene0107_00/00331.jpg",
      "transform_matrix": [
        [
          0.815204,
          0.234074,
          -0.529766,
          5.486174
        ],
        [
          0.571786,
          -0.179633,
          0.800496,
          1.761758
        ],
        [
          0.092212,
          -0.95548,
          -0.280278,
          1.37313
        ],
        [
          0.0,
          0.0,
          0.0,
          1.0
        ]
      ]
    },
    {
      "file_path": "/media/NFS/ttao/scannet/posed_images/scene0107_00/00338.jpg",
      "transform_matrix": [
        [
          0.783556,
          0.270107,
          -0.559538,
          5.53612
        ],
        [
          0.613733,
          -0.196162,
          0.764756,
          1.725094
        ],
        [
          0.096806,
          -0.942636,
          -0.319477,
          1.348581
        ],
        [
          0.0,
          0.0,
          0.0,
          1.0
        ]
      ]
    },
    {
      "file_path": "/media/NFS/ttao/scannet/posed_images/scene0107_00/00350.jpg",
      "transform_matrix": [
        [
          0.728457,
          0.34256,
          -0.593299,
          5.592714
        ],
        [
          0.679068,
          -0.246453,
          0.691468,
          1.619775
        ],
        [
          0.090649,
          -0.906595,
          -0.412152,
          1.307273
        ],
        [
          0.0,
          0.0,
          0.0,
          1.0
        ]
      ]
    },
    {
      "file_path": "/media/NFS/ttao/scannet/posed_images/scene0107_00/00355.jpg",
      "transform_matrix": [
        [
          0.726804,
          0.350543,
          -0.590656,
          5.61187
        ],
        [
          0.679909,
          -0.245294,
          0.691053,
          1.586922
        ],
        [
          0.097359,
          -0.903853,
          -0.416618,
          1.308072
        ],
        [
          0.0,
          0.0,
          0.0,
          1.0
        ]
      ]
    },
    {
      "file_path": "/media/NFS/ttao/scannet/posed_images/scene0107_00/00364.jpg",
      "transform_matrix": [
        [
          0.691417,
          0.378359,
          -0.615457,
          5.636171
        ],
        [
          0.71669,
          -0.251797,
          0.650349,
          1.563804
        ],
        [
          0.091095,
          -0.890754,
          -0.445263,
          1.307056
        ],
        [
          0.0,
          0.0,
          0.0,
          1.0
        ]
      ]
    },
    {
      "file_path": "/media/NFS/ttao/scannet/posed_images/scene0107_00/00374.jpg",
      "transform_matrix": [
        [
          0.591198,
          0.426322,
          -0.684642,
          5.682496
        ],
        [
          0.803882,
          -0.242786,
          0.542982,
          1.576629
        ],
        [
          0.065264,
          -0.871381,
          -0.486247,
          1.302233
        ],
        [
          0.0,
          0.0,
          0.0,
          1.0
        ]
      ]
    },
    {
      "file_path": "/media/NFS/ttao/scannet/posed_images/scene0107_00/00381.jpg",
      "transform_matrix": [
        [
          0.532761,
          0.441671,
          -0.721867,
          5.708567
        ],
        [
          0.84517,
          -0.234291,
          0.480412,
          1.587492
        ],
        [
          0.043057,
          -0.866045,
          -0.498108,
          1.314254
        ],
        [
          0.0,
          0.0,
          0.0,
          1.0
        ]
      ]
    },
    {
      "file_path": "/media/NFS/ttao/scannet/posed_images/scene0107_00/00385.jpg",
      "transform_matrix": [
        [
          0.530284,
          0.437711,
          -0.726091,
          5.701927
        ],
        [
          0.846482,
          -0.225244,
          0.482424,
          1.581041
        ],
        [
          0.047614,
          -0.870445,
          -0.489958,
          1.321586
        ],
        [
          0.0,
          0.0,
          0.0,
          1.0
        ]
      ]
    },
    {
      "file_path": "/media/NFS/ttao/scannet/posed_images/scene0107_00/00393.jpg",
      "transform_matrix": [
        [
          0.546714,
          0.410875,
          -0.729579,
          5.639205
        ],
        [
          0.83541,
          -0.208852,
          0.508401,
          1.542606
        ],
        [
          0.056515,
          -0.887447,
          -0.457431,
          1.339679
        ],
        [
          0.0,
          0.0,
          0.0,
          1.0
        ]
      ]
    },
    {
      "file_path": "/media/NFS/ttao/scannet/posed_images/scene0107_00/00400.jpg",
      "transform_matrix": [
        [
          0.581309,
          0.360144,
          -0.729641,
          5.5453
        ],
        [
          0.811538,
          -0.191545,
          0.552012,
          1.479539
        ],
        [
          0.059045,
          -0.913021,
          -0.403617,
          1.3541
        ],
        [
          0.0,
          0.0,
          0.0,
          1.0
        ]
      ]
    },
    {
      "file_path": "/media/NFS/ttao/scannet/posed_images/scene0107_00/00409.jpg",
      "transform_matrix": [
        [
          0.63571,
          0.313086,
          -0.705585,
          5.426113
        ],
        [
          0.769617,
          -0.186379,
          0.610699,
          1.433176
        ],
        [
          0.059695,
          -0.931257,
          -0.359439,
          1.386521
        ],
        [
          0.0,
          0.0,
          0.0,
          1.0
        ]
      ]
    },
    {
      "file_path": "/media/NFS/ttao/scannet/posed_images/scene0107_00/00419.jpg",
      "transform_matrix": [
        [
          0.71115,
          0.261202,
          -0.652717,
          5.311171
        ],
        [
          0.696986,
          -0.140361,
          0.703214,
          1.398981
        ],
        [
          0.092065,
          -0.955025,
          -0.281871,
          1.404672
        ],
        [
          0.0,
          0.0,
          0.0,
          1.0
        ]
      ]
    },
    {
      "file_path": "/media/NFS/ttao/scannet/posed_images/scene0107_00/00423.jpg",
      "transform_matrix": [
        [
          0.724988,
          0.232138,
          -0.648463,
          5.271354
        ],
        [
          0.684488,
          -0.138117,
          0.715821,
          1.414731
        ],
        [
          0.076606,
          -0.962827,
          -0.259029,
          1.415699
        ],
        [
          0.0,
          0.0,
          0.0,
          1.0
        ]
      ]
    },
    {
      "file_path": "/media/NFS/ttao/scannet/posed_images/scene0107_00/00435.jpg",
      "transform_matrix": [
        [
          0.762548,
          0.154266,
          -0.62827,
          5.108937
        ],
        [
          0.645826,
          -0.124777,
          0.753219,
          1.441976
        ],
        [
          0.037803,
          -0.980119,
          -0.194778,
          1.430382
        ],
        [
          0.0,
          0.0,
          0.0,
          1.0
        ]
      ]
    },
    {
      "file_path": "/media/NFS/ttao/scannet/posed_images/scene0107_00/00445.jpg",
      "transform_matrix": [
        [
          0.779685,
          0.180947,
          -0.599458,
          4.98879
        ],
        [
          0.625089,
          -0.168635,
          0.76212,
          1.420421
        ],
        [
          0.036814,
          -0.968928,
          -0.24459,
          1.409458
        ],
        [
          0.0,
          0.0,
          0.0,
          1.0
        ]
      ]
    },
    {
      "file_path": "/media/NFS/ttao/scannet/posed_images/scene0107_00/00449.jpg",
      "transform_matrix": [
        [
          0.816163,
          0.127709,
          -0.563532,
          4.940125
        ],
        [
          0.577821,
          -0.180873,
          0.795869,
          1.391211
        ],
        [
          -0.000288,
          -0.97518,
          -0.221415,
          1.412125
        ],
        [
          0.0,
          0.0,
          0.0,
          1.0
        ]
      ]
    },
    {
      "file_path": "/media/NFS/ttao/scannet/posed_images/scene0107_00/00461.jpg",
      "transform_matrix": [
        [
          0.739048,
          0.175518,
          -0.650386,
          4.872103
        ],
        [
          0.673315,
          -0.22303,
          0.704915,
          1.303059
        ],
        [
          -0.02133,
          -0.95888,
          -0.283008,
          1.358359
        ],
        [
          0.0,
          0.0,
          0.0,
          1.0
        ]
      ]
    },
    {
      "file_path": "/media/NFS/ttao/scannet/posed_images/scene0107_00/00464.jpg",
      "transform_matrix": [
        [
          0.743838,
          0.197024,
          -0.63866,
          4.871759
        ],
        [
          0.668359,
          -0.218414,
          0.711049,
          1.289763
        ],
        [
          0.000601,
          -0.95576,
          -0.294147,
          1.349663
        ],
        [
          0.0,
          0.0,
          0.0,
          1.0
        ]
      ]
    },
    {
      "file_path": "/media/NFS/ttao/scannet/posed_images/scene0107_00/00471.jpg",
      "transform_matrix": [
        [
          0.757215,
          0.209842,
          -0.618541,
          4.874156
        ],
        [
          0.652532,
          -0.201305,
          0.730533,
          1.24971
        ],
        [
          0.028781,
          -0.956788,
          -0.28936,
          1.331685
        ],
        [
          0.0,
          0.0,
          0.0,
          1.0
        ]
      ]
    },
    {
      "file_path": "/media/NFS/ttao/scannet/posed_images/scene0107_00/00485.jpg",
      "transform_matrix": [
        [
          0.662802,
          0.282539,
          -0.693445,
          4.967724
        ],
        [
          0.748432,
          -0.221146,
          0.625255,
          1.205407
        ],
        [
          0.023306,
          -0.933417,
          -0.358037,
          1.31855
        ],
        [
          0.0,
          0.0,
          0.0,
          1.0
        ]
      ]
    },
    {
      "file_path": "/media/NFS/ttao/scannet/posed_images/scene0107_00/00487.jpg",
      "transform_matrix": [
        [
          0.645932,
          0.279781,
          -0.710278,
          5.003141
        ],
        [
          0.763224,
          -0.216955,
          0.608622,
          1.200424
        ],
        [
          0.016183,
          -0.935229,
          -0.353674,
          1.318132
        ],
        [
          0.0,
          0.0,
          0.0,
          1.0
        ]
      ]
    },
    {
      "file_path": "/media/NFS/ttao/scannet/posed_images/scene0107_00/00501.jpg",
      "transform_matrix": [
        [
          0.538042,
          0.331952,
          -0.774803,
          5.229614
        ],
        [
          0.842312,
          -0.176887,
          0.509137,
          1.174854
        ],
        [
          0.031957,
          -0.926563,
          -0.37478,
          1.337984
        ],
        [
          0.0,
          0.0,
          0.0,
          1.0
        ]
      ]
    },
    {
      "file_path": "/media/NFS/ttao/scannet/posed_images/scene0107_00/00508.jpg",
      "transform_matrix": [
        [
          0.563241,
          0.307291,
          -0.767028,
          5.288905
        ],
        [
          0.825827,
          -0.178166,
          0.535039,
          1.166772
        ],
        [
          0.027754,
          -0.934788,
          -0.354119,
          1.348098
        ],
        [
          0.0,
          0.0,
          0.0,
          1.0
        ]
      ]
    },
    {
      "file_path": "/media/NFS/ttao/scannet/posed_images/scene0107_00/00516.jpg",
      "transform_matrix": [
        [
          0.613754,
          0.303302,
          -0.728914,
          5.304689
        ],
        [
          0.788256,
          -0.18366,
          0.5873,
          1.140023
        ],
        [
          0.044257,
          -0.935028,
          -0.351802,
          1.342561
        ],
        [
          0.0,
          0.0,
          0.0,
          1.0
        ]
      ]
    },
    {
      "file_path": "/media/NFS/ttao/scannet/posed_images/scene0107_00/00525.jpg",
      "transform_matrix": [
        [
          0.616565,
          0.335079,
          -0.712439,
          5.260013
        ],
        [
          0.784757,
          -0.188841,
          0.590335,
          1.139648
        ],
        [
          0.063271,
          -0.923072,
          -0.379389,
          1.331222
        ],
        [
          0.0,
          0.0,
          0.0,
          1.0
        ]
      ]
    },
    {
      "file_path": "/media/NFS/ttao/scannet/posed_images/scene0107_00/00530.jpg",
      "transform_matrix": [
        [
          0.584638,
          0.365811,
          -0.724142,
          5.207508
        ],
        [
          0.80846,
          -0.188139,
          0.557671,
          1.155494
        ],
        [
          0.067763,
          -0.911475,
          -0.405736,
          1.326201
        ],
        [
          0.0,
          0.0,
          0.0,
          1.0
        ]
      ]
    },
    {
      "file_path": "/media/NFS/ttao/scannet/posed_images/scene0107_00/00537.jpg",
      "transform_matrix": [
        [
          0.623991,
          0.315758,
          -0.714795,
          5.112917
        ],
        [
          0.780822,
          -0.215823,
          0.586291,
          1.228259
        ],
        [
          0.030857,
          -0.923968,
          -0.381223,
          1.334425
        ],
        [
          0.0,
          0.0,
          0.0,
          1.0
        ]
      ]
    },
    {
      "file_path": "/media/NFS/ttao/scannet/posed_images/scene0107_00/00546.jpg",
      "transform_matrix": [
        [
          0.729472,
          0.275018,
          -0.626287,
          4.957285
        ],
        [
          0.682794,
          -0.238183,
          0.690696,
          1.321276
        ],
        [
          0.040783,
          -0.931469,
          -0.361529,
          1.374258
        ],
        [
          0.0,
          0.0,
          0.0,
          1.0
        ]
      ]
    },
    {
      "file_path": "/media/NFS/ttao/scannet/posed_images/scene0107_00/00551.jpg",
      "transform_matrix": [
        [
          0.761559,
          0.25482,
          -0.595898,
          4.879251
        ],
        [
          0.646937,
          -0.243954,
          0.722467,
          1.362708
        ],
        [
          0.038727,
          -0.93571,
          -0.350638,
          1.390621
        ],
        [
          0.0,
          0.0,
          0.0,
          1.0
        ]
      ]
    },
    {
      "file_path": "/media/NFS/ttao/scannet/posed_images/scene0107_00/00561.jpg",
      "transform_matrix": [
        [
          0.837467,
          0.171815,
          -0.518777,
          4.700871
        ],
        [
          0.546209,
          -0.232784,
          0.804654,
          1.372839
        ],
        [
          0.017488,
          -0.957231,
          -0.288796,
          1.419924
        ],
        [
          0.0,
          0.0,
          0.0,
          1.0
        ]
      ]
    },
    {
      "file_path": "/media/NFS/ttao/scannet/posed_images/scene0107_00/00565.jpg",
      "transform_matrix": [
        [
          0.845411,
          0.160329,
          -0.509485,
          4.623815
        ],
        [
          0.533704,
          -0.216065,
          0.817604,
          1.36698
        ],
        [
          0.021004,
          -0.963125,
          -0.268232,
          1.421622
        ],
        [
          0.0,
          0.0,
          0.0,
          1.0
        ]
      ]
    },
    {
      "file_path": "/media/NFS/ttao/scannet/posed_images/scene0107_00/00579.jpg",
      "transform_matrix": [
        [
          0.789817,
          0.169767,
          -0.589379,
          4.464028
        ],
        [
          0.612822,
          -0.178879,
          0.769708,
          1.37699
        ],
        [
          0.025243,
          -0.969114,
          -0.245319,
          1.420395
        ],
        [
          0.0,
          0.0,
          0.0,
          1.0
        ]
      ]
    },
    {
      "file_path": "/media/NFS/ttao/scannet/posed_images/scene0107_00/00582.jpg",
      "transform_matrix": [
        [
          0.780946,
          0.169503,
          -0.601158,
          4.426174
        ],
        [
          0.624051,
          -0.171469,
          0.762338,
          1.374128
        ],
        [
          0.026138,
          -0.970498,
          -0.239687,
          1.414472
        ],
        [
          0.0,
          0.0,
          0.0,
          1.0
        ]
      ]
    },
    {
      "file_path": "/media/NFS/ttao/scannet/posed_images/scene0107_00/00589.jpg",
      "transform_matrix": [
        [
          0.792142,
          0.154749,
          -0.590393,
          4.319134
        ],
        [
          0.610038,
          -0.170449,
          0.773822,
          1.388886
        ],
        [
          0.019116,
          -0.973139,
          -0.229422,
          1.413512
        ],
        [
          0.0,
          0.0,
          0.0,
          1.0
        ]
      ]
    },
    {
      "file_path": "/media/NFS/ttao/scannet/posed_images/scene0107_00/00601.jpg",
      "transform_matrix": [
        [
          0.795121,
          0.132474,
          -0.591805,
          4.096979
        ],
        [
          0.606259,
          -0.149091,
          0.781167,
          1.336098
        ],
        [
          0.015252,
          -0.979909,
          -0.198859,
          1.420112
        ],
        [
          0.0,
          0.0,
          0.0,
          1.0
        ]
      ]
    },
    {
      "file_path": "/media/NFS/ttao/scannet/posed_images/scene0107_00/00608.jpg",
      "transform_matrix": [
        [
          0.82969,
          0.122342,
          -0.544654,
          3.981951
        ],
        [
          0.558173,
          -0.16851,
          0.812433,
          1.30432
        ],
        [
          0.007615,
          -0.978078,
          -0.208099,
          1.419054
        ],
        [
          0.0,
