{
  "frames": [
    {
      "file_path": "/media/NFS/ttao/scannet/posed_images/scene0487_00/00003.jpg",
      "transform_matrix": [
        [
          0.68507,
          -0.043443,
          0.727181,
          4.337402
        ],
        [
          -0.728357,
          -0.022688,
          0.684822,
          2.013409
        ],
        [
          -0.013252,
          -0.998798,
          -0.047185,
          1.591535
        ],
        [
          0.0,
          0.0,
          0.0,
          1.0
        ]
      ]
    },
    {
      "file_path": "/media/NFS/ttao/scannet/posed_images/scene0487_00/00009.jpg",
      "transform_matrix": [
        [
          0.69232,
          -0.049463,
          0.719894,
          4.351794
        ],
        [
          -0.721576,
          -0.041032,
          0.691118,
          2.02221
        ],
        [
          -0.004646,
          -0.997933,
          -0.064098,
          1.586703
        ],
        [
          0.0,
          0.0,
          0.0,
          1.0
        ]
      ]
    },
    {
      "file_path": "/media/NFS/ttao/scannet/posed_images/scene0487_00/00021.jpg",
      "transform_matrix": [
        [
          0.708849,
          -0.077187,
          0.701125,
          4.355668
        ],
        [
          -0.705326,
          -0.087462,
          0.703467,
          2.078086
        ],
        [
          0.007024,
          -0.993173,
          -0.116439,
          1.492499
        ],
        [
          0.0,
          0.0,
          0.0,
          1.0
        ]
      ]
    },
    {
      "file_path": "/media/NFS/ttao/scannet/posed_images/scene0487_00/00036.jpg",
      "transform_matrix": [
        [
          0.74372,
          -0.11669,
          0.658228,
          4.379259
        ],
        [
          -0.668332,
          -0.151311,
          0.728312,
          2.110232
        ],
        [
          0.014611,
          -0.981575,
          -0.190521,
          1.444712
        ],
        [
          0.0,
          0.0,
          0.0,
          1.0
        ]
      ]
    },
    {
      "file_path": "/media/NFS/ttao/scannet/posed_images/scene0487_00/00039.jpg",
      "transform_matrix": [
        [
          0.74034,
          -0.119426,
          0.661539,
          4.377058
        ],
        [
          -0.672159,
          -0.146048,
          0.725859,
          2.119553
        ],
        [
          0.00993,
          -0.982043,
          -0.188398,
          1.43262
        ],
        [
          0.0,
          0.0,
          0.0,
          1.0
        ]
      ]
    },
    {
      "file_path": "/media/NFS/ttao/scannet/posed_images/scene0487_00/00051.jpg",
      "transform_matrix": [
        [
          0.72673,
          -0.187537,
          0.660828,
          4.432769
        ],
        [
          -0.685673,
          -0.140033,
          0.714314,
          2.136723
        ],
        [
          -0.041423,
          -0.972225,
          -0.230355,
          1.405546
        ],
        [
          0.0,
          0.0,
          0.0,
          1.0
        ]
      ]
    },
    {
      "file_path": "/media/NFS/ttao/scannet/posed_images/scene0487_00/00060.jpg",
      "transform_matrix": [
        [
          0.745707,
          -0.212525,
          0.63147,
          4.528231
        ],
        [
          -0.664523,
          -0.168554,
          0.728011,
          2.092598
        ],
        [
          -0.048284,
          -0.962508,
          -0.26692,
          1.389526
        ],
        [
          0.0,
          0.0,
          0.0,
          1.0
        ]
      ]
    },
    {
      "file_path": "/media/NFS/ttao/scannet/posed_images/scene0487_00/00069.jpg",
      "transform_matrix": [
        [
          0.810408,
          -0.182377,
          0.556756,
          4.644848
        ],
        [
          -0.585836,
          -0.24263,
          0.773257,
          2.040965
        ],
        [
          -0.005939,
          -0.952822,
          -0.303472,
          1.388797
        ],
        [
          0.0,
          0.0,
          0.0,
          1.0
        ]
      ]
    },
    {
      "file_path": "/media/NFS/ttao/scannet/posed_images/scene0487_00/00078.jpg",
      "transform_matrix": [
        [
          0.854975,
          -0.175072,
          0.488229,
          4.705688
        ],
        [
          -0.518628,
          -0.276617,
          0.809017,
          2.054116
        ],
        [
          -0.006583,
          -0.944898,
          -0.327298,
          1.391387
        ],
        [
          0.0,
          0.0,
          0.0,
          1.0
        ]
      ]
    },
    {
      "file_path": "/media/NFS/ttao/scannet/posed_images/scene0487_00/00087.jpg",
      "transform_matrix": [
        [
          0.857353,
          -0.097859,
          0.50534,
          4.760585
        ],
        [
          -0.514008,
          -0.214669,
          0.830489,
          2.100564
        ],
        [
          0.02721,
          -0.971772,
          -0.234348,
          1.430243
        ],
        [
          0.0,
          0.0,
          0.0,
          1.0
        ]
      ]
    },
    {
      "file_path": "/media/NFS/ttao/scannet/posed_images/scene0487_00/00105.jpg",
      "transform_matrix": [
        [
          0.89193,
          -0.059247,
          0.448274,
          4.897669
        ],
        [
          -0.451974,
          -0.087397,
          0.88774,
          2.177775
        ],
        [
          -0.013418,
          -0.99441,
          -0.10473,
          1.5312
        ],
        [
          0.0,
          0.0,
          0.0,
          1.0
        ]
      ]
    },
    {
      "file_path": "/media/NFS/ttao/scannet/posed_images/scene0487_00/00108.jpg",
      "transform_matrix": [
        [
          0.89644,
          -0.051882,
          0.440118,
          4.919759
        ],
        [
          -0.442628,
          -0.055919,
          0.89496,
          2.168671
        ],
        [
          -0.021821,
          -0.997087,
          -0.073092,
          1.545976
        ],
        [
          0.0,
          0.0,
          0.0,
          1.0
        ]
      ]
    },
    {
      "file_path": "/media/NFS/ttao/scannet/posed_images/scene0487_00/00120.jpg",
      "transform_matrix": [
        [
          0.911654,
          -0.016217,
          0.410639,
          5.024723
        ],
        [
          -0.410554,
          0.008368,
          0.911798,
          2.081965
        ],
        [
          -0.018223,
          -0.999834,
          0.000971,
          1.59962
        ],
        [
          0.0,
          0.0,
          0.0,
          1.0
        ]
      ]
    },
    {
      "file_path": "/media/NFS/ttao/scannet/posed_images/scene0487_00/00135.jpg",
      "transform_matrix": [
        [
          0.987302,
          -0.014456,
          0.158196,
          5.07202
        ],
        [
          -0.157661,
          0.032719,
          0.986951,
          2.007312
        ],
        [
          -0.019443,
          -0.99936,
          0.030024,
          1.619888
        ],
        [
          0.0,
          0.0,
          0.0,
          1.0
        ]
      ]
    },
    {
      "file_path": "/media/NFS/ttao/scannet/posed_images/scene0487_00/00144.jpg",
      "transform_matrix": [
        [
          0.996796,
          0.031945,
          0.073331,
          5.021644
        ],
        [
          -0.074948,
          0.052784,
          0.99579,
          1.991478
        ],
        [
          0.02794,
          -0.998095,
          0.055009,
          1.580658
        ],
        [
          0.0,
          0.0,
          0.0,
          1.0
        ]
      ]
    },
    {
      "file_path": "/media/NFS/ttao/scannet/posed_images/scene0487_00/00147.jpg",
      "transform_matrix": [
        [
          0.995748,
          0.04493,
          0.080423,
          5.00856
        ],
        [
          -0.081853,
          0.030934,
          0.996164,
          1.991108
        ],
        [
          0.04227,
          -0.998511,
          0.03448,
          1.570148
        ],
        [
          0.0,
          0.0,
          0.0,
          1.0
        ]
      ]
    },
    {
      "file_path": "/media/NFS/ttao/scannet/posed_images/scene0487_00/00159.jpg",
      "transform_matrix": [
        [
          0.996432,
          0.018939,
          0.08225,
          4.980789
        ],
        [
          -0.079518,
          -0.116034,
          0.990057,
          2.003742
        ],
        [
          0.028295,
          -0.993065,
          -0.114114,
          1.509202
        ],
        [
          0.0,
          0.0,
          0.0,
          1.0
        ]
      ]
    },
    {
      "file_path": "/media/NFS/ttao/scannet/posed_images/scene0487_00/00173.jpg",
      "transform_matrix": [
        [
          0.986709,
          -0.018094,
          0.161485,
          5.058322
        ],
        [
          -0.162246,
          -0.164766,
          0.972897,
          2.087399
        ],
        [
          0.009003,
          -0.986167,
          -0.165512,
          1.485049
        ],
        [
          0.0,
          0.0,
          0.0,
          1.0
        ]
      ]
    },
    {
      "file_path": "/media/NFS/ttao/scannet/posed_images/scene0487_00/00182.jpg",
      "transform_matrix": [
        [
          0.981877,
          -0.012233,
          0.189126,
          5.148186
        ],
        [
          -0.188711,
          -0.155243,
          0.969684,
          2.156279
        ],
        [
          0.017499,
          -0.987801,
          -0.154738,
          1.504811
        ],
        [
          0.0,
          0.0,
          0.0,
          1.0
        ]
      ]
    },
    {
      "file_path": "/media/NFS/ttao/scannet/posed_images/scene0487_00/00191.jpg",
      "transform_matrix": [
        [
          0.97867,
          -0.012936,
          0.20503,
          5.185606
        ],
        [
          -0.203857,
          -0.184711,
          0.961418,
          2.218334
        ],
        [
          0.025435,
          -0.982708,
          -0.183408,
          1.48436
        ],
        [
          0.0,
          0.0,
          0.0,
          1.0
        ]
      ]
    },
    {
      "file_path": "/media/NFS/ttao/scannet/posed_images/scene0487_00/00200.jpg",
      "transform_matrix": [
        [
          0.969505,
          -0.020715,
          0.244195,
          5.170339
        ],
        [
          -0.24225,
          -0.231767,
          0.942125,
          2.332197
        ],
        [
          0.03708,
          -0.972551,
          -0.229718,
          1.464707
        ],
        [
          0.0,
          0.0,
          0.0,
          1.0
        ]
      ]
    },
    {
      "file_path": "/media/NFS/ttao/scannet/posed_images/scene0487_00/00206.jpg",
      "transform_matrix": [
        [
          0.964392,
          -0.035686,
          0.262057,
          5.137859
        ],
        [
          -0.262272,
          -0.256688,
          0.930228,
          2.43799
        ],
        [
          0.034071,
          -0.965835,
          -0.256907,
          1.46175
        ],
        [
          0.0,
          0.0,
          0.0,
          1.0
        ]
      ]
    },
    {
      "file_path": "/media/NFS/ttao/scannet/posed_images/scene0487_00/00218.jpg",
      "transform_matrix": [
        [
          0.969556,
          -0.046291,
          0.240452,
          5.119727
        ],
        [
          -0.243283,
          -0.293654,
          0.924436,
          2.614006
        ],
        [
          0.027816,
          -0.95479,
          -0.295976,
          1.458029
        ],
        [
          0.0,
          0.0,
          0.0,
          1.0
        ]
      ]
    },
    {
      "file_path": "/media/NFS/ttao/scannet/posed_images/scene0487_00/00233.jpg",
      "transform_matrix": [
        [
          0.985633,
          -0.009586,
          0.168629,
          5.206307
        ],
        [
          -0.16501,
          -0.267733,
          0.949258,
          2.772885
        ],
        [
          0.036048,
          -0.963445,
          -0.265468,
          1.473635
        ],
        [
          0.0,
          0.0,
          0.0,
          1.0
        ]
      ]
    },
    {
      "file_path": "/media/NFS/ttao/scannet/posed_images/scene0487_00/00242.jpg",
      "transform_matrix": [
        [
          0.991543,
          -0.021938,
          0.12791,
          5.244071
        ],
        [
          -0.127976,
          -0.328943,
          0.935638,
          2.836808
        ],
        [
          0.021549,
          -0.944095,
          -0.328969,
          1.477377
        ],
        [
          0.0,
          0.0,
          0.0,
          1.0
        ]
      ]
    },
    {
      "file_path": "/media/NFS/ttao/scannet/posed_images/scene0487_00/00254.jpg",
      "transform_matrix": [
        [
          0.99538,
          -0.020465,
          0.093806,
          5.245749
        ],
        [
          -0.094835,
          -0.362116,
          0.927296,
          2.857197
        ],
        [
          0.014991,
          -0.931908,
          -0.362384,
          1.46084
        ],
        [
          0.0,
          0.0,
          0.0,
          1.0
        ]
      ]
    },
    {
      "file_path": "/media/NFS/ttao/scannet/posed_images/scene0487_00/00257.jpg",
      "transform_matrix": [
        [
          0.996269,
          -0.008102,
          0.08592,
          5.235096
        ],
        [
          -0.083011,
          -0.362244,
          0.92838,
          2.842802
        ],
        [
          0.023602,
          -0.932048,
          -0.361565,
          1.456751
        ],
        [
          0.0,
          0.0,
          0.0,
          1.0
        ]
      ]
    },
    {
      "file_path": "/media/NFS/ttao/scannet/posed_images/scene0487_00/00272.jpg",
      "transform_matrix": [
        [
          0.999231,
          0.020375,
          0.033509,
          5.147412
        ],
        [
          -0.02397,
          -0.358962,
          0.933044,
          2.656775
        ],
        [
          0.031039,
          -0.93313,
          -0.358198,
          1.443508
        ],
        [
          0.0,
          0.0,
          0.0,
          1.0
        ]
      ]
    },
    {
      "file_path": "/media/NFS/ttao/scannet/posed_images/scene0487_00/00278.jpg",
      "transform_matrix": [
        [
          0.999427,
          0.03062,
          -0.01442,
          5.11673
        ],
        [
          0.024154,
          -0.346825,
          0.937619,
          2.575973
        ],
        [
          0.023709,
          -0.93743,
          -0.347366,
          1.442356
        ],
        [
          0.0,
          0.0,
          0.0,
          1.0
        ]
      ]
    },
    {
      "file_path": "/media/NFS/ttao/scannet/posed_images/scene0487_00/00290.jpg",
      "transform_matrix": [
        [
          0.995011,
          0.040963,
          -0.090965,
          5.119029
        ],
        [
          0.098727,
          -0.273247,
          0.956864,
          2.467937
        ],
        [
          0.01434,
          -0.961071,
          -0.275928,
          1.475882
        ],
        [
          0.0,
          0.0,
          0.0,
          1.0
        ]
      ]
    },
    {
      "file_path": "/media/NFS/ttao/scannet/posed_images/scene0487_00/00305.jpg",
      "transform_matrix": [
        [
          0.943281,
          0.049524,
          -0.328282,
          5.257226
        ],
        [
          0.331932,
          -0.121135,
          0.935493,
          2.390939
        ],
        [
          0.006563,
          -0.9914,
          -0.130702,
          1.544736
        ],
        [
          0.0,
          0.0,
          0.0,
          1.0
        ]
      ]
    },
    {
      "file_path": "/media/NFS/ttao/scannet/posed_images/scene0487_00/00308.jpg",
      "transform_matrix": [
        [
          0.936019,
          0.039686,
          -0.349705,
          5.274786
        ],
        [
          0.351938,
          -0.097608,
          0.93092,
          2.378963
        ],
        [
          0.002811,
          -0.994433,
          -0.10533,
          1.553864
        ],
        [
          0.0,
          0.0,
          0.0,
          1.0
        ]
      ]
    },
    {
      "file_path": "/media/NFS/ttao/scannet/posed_images/scene0487_00/00323.jpg",
      "transform_matrix": [
        [
          0.884324,
          0.004162,
          -0.466854,
          5.299694
        ],
        [
          0.466644,
          -0.039162,
          0.883578,
          2.337549
        ],
        [
          -0.014605,
          -0.999224,
          -0.036574,
          1.566415
        ],
        [
          0.0,
          0.0,
          0.0,
          1.0
        ]
      ]
    },
    {
      "file_path": "/media/NFS/ttao/scannet/posed_images/scene0487_00/00329.jpg",
      "transform_matrix": [
        [
          0.855121,
          -0.022937,
          -0.517921,
          5.297103
        ],
        [
          0.517408,
          -0.024894,
          0.855376,
          2.330559
        ],
        [
          -0.032513,
          -0.999427,
          -0.009419,
          1.555477
        ],
        [
          0.0,
          0.0,
          0.0,
          1.0
        ]
      ]
    },
    {
      "file_path": "/media/NFS/ttao/scannet/posed_images/scene0487_00/00341.jpg",
      "transform_matrix": [
        [
          0.79669,
          0.003518,
          -0.604377,
          5.323604
        ],
        [
          0.601544,
          -0.101515,
          0.792364,
          2.415038
        ],
        [
          -0.058566,
          -0.994828,
          -0.082992,
          1.497931
        ],
        [
          0.0,
          0.0,
          0.0,
          1.0
        ]
      ]
    },
    {
      "file_path": "/media/NFS/ttao/scannet/posed_images/scene0487_00/00353.jpg",
      "transform_matrix": [
        [
          0.797779,
          0.070495,
          -0.598814,
          5.378095
        ],
        [
          0.6009,
          -0.174778,
          0.779982,
          2.58677
        ],
        [
          -0.049674,
          -0.982081,
          -0.181795,
          1.503319
        ],
        [
          0.0,
          0.0,
          0.0,
          1.0
        ]
      ]
    },
    {
      "file_path": "/media/NFS/ttao/scannet/posed_images/scene0487_00/00365.jpg",
      "transform_matrix": [
        [
          0.807783,
          0.093103,
          -0.582081,
          5.369012
        ],
        [
          0.589333,
          -0.149578,
          0.793922,
          2.624016
        ],
        [
          -0.01315,
          -0.984357,
          -0.175695,
          1.514758
        ],
        [
          0.0,
          0.0,
          0.0,
          1.0
        ]
      ]
    },
    {
      "file_path": "/media/NFS/ttao/scannet/posed_images/scene0487_00/00368.jpg",
      "transform_matrix": [
        [
          0.814895,
          0.100429,
          -0.570841,
          5.358202
        ],
        [
          0.579598,
          -0.147053,
          0.801525,
          2.614728
        ],
        [
          -0.003447,
          -0.984017,
          -0.178041,
          1.515373
        ],
        [
          0.0,
          0.0,
          0.0,
          1.0
        ]
      ]
    },
    {
      "file_path": "/media/NFS/ttao/scannet/posed_images/scene0487_00/00377.jpg",
      "transform_matrix": [
        [
          0.849677,
          0.114389,
          -0.514747,
          5.286226
        ],
        [
          0.527031,
          -0.152837,
          0.83599,
          2.523547
        ],
        [
          0.016955,
          -0.981609,
          -0.190149,
          1.500066
        ],
        [
          0.0,
          0.0,
          0.0,
          1.0
        ]
      ]
    },
    {
      "file_path": "/media/NFS/ttao/scannet/posed_images/scene0487_00/00389.jpg",
      "transform_matrix": [
        [
          0.895179,
          0.112045,
          -0.431393,
          5.16383
        ],
        [
          0.445633,
          -0.207478,
          0.870841,
          2.359789
        ],
        [
          0.008069,
          -0.971802,
          -0.235661,
          1.461532
        ],
        [
          0.0,
          0.0,
          0.0,
          1.0
        ]
      ]
    },
    {
      "file_path": "/media/NFS/ttao/scannet/posed_images/scene0487_00/00401.jpg",
      "transform_matrix": [
        [
          0.938647,
          0.091031,
          -0.332648,
          5.120597
        ],
        [
          0.344878,
          -0.244686,
          0.906195,
          2.233461
        ],
        [
          0.001098,
          -0.96532,
          -0.261068,
          1.450241
        ],
        [
          0.0,
          0.0,
          0.0,
          1.0
        ]
      ]
    },
    {
      "file_path": "/media/NFS/ttao/scannet/posed_images/scene0487_00/00407.jpg",
      "transform_matrix": [
        [
          0.95152,
          0.067231,
          -0.300149,
          5.108306
        ],
        [
          0.306661,
          -0.283029,
          0.908765,
          2.155685
        ],
        [
          -0.023854,
          -0.956752,
          -0.289925,
          1.42738
        ],
        [
          0.0,
          0.0,
          0.0,
          1.0
        ]
      ]
    },
    {
      "file_path": "/media/NFS/ttao/scannet/posed_images/scene0487_00/00419.jpg",
      "transform_matrix": [
        [
          0.978485,
          0.074179,
          -0.192521,
          5.064881
        ],
        [
          0.206317,
          -0.351879,
          0.913025,
          2.033223
        ],
        [
          -1.7e-05,
          -0.933102,
          -0.359613,
          1.392066
        ],
        [
          0.0,
          0.0,
          0.0,
          1.0
        ]
      ]
    },
    {
      "file_path": "/media/NFS/ttao/scannet/posed_images/scene0487_00/00431.jpg",
      "transform_matrix": [
        [
          0.98838,
          0.083385,
          -0.127089,
          4.931335
        ],
        [
          0.144037,
          -0.246695,
          0.958329,
          1.954095
        ],
        [
          0.048558,
          -0.965499,
          -0.255839,
          1.457414
        ],
        [
          0.0,
          0.0,
          0.0,
          1.0
        ]
      ]
    },
    {
      "file_path": "/media/NFS/ttao/scannet/posed_images/scene0487_00/00437.jpg",
      "transform_matrix": [
        [
          0.99136,
          0.091165,
          -0.094304,
          4.850537
        ],
        [
          0.11151,
          -0.20721,
          0.97192,
          1.939309
        ],
        [
          0.069064,
          -0.974039,
          -0.215586,
          1.479567
        ],
        [
          0.0,
          0.0,
          0.0,
          1.0
        ]
      ]
    },
    {
      "file_path": "/media/NFS/ttao/scannet/posed_images/scene0487_00/00446.jpg",
      "transform_matrix": [
        [
          0.992333,
          0.085572,
          -0.089173,
          4.763357
        ],
        [
          0.10057,
          -0.139724,
          0.98507,
          1.937227
        ],
        [
          0.071835,
          -0.986486,
          -0.147258,
          1.499876
        ],
        [
          0.0,
          0.0,
          0.0,
          1.0
        ]
      ]
    },
    {
      "file_path": "/media/NFS/ttao/scannet/posed_images/scene0487_00/00461.jpg",
      "transform_matrix": [
        [
          0.986884,
          0.056794,
          -0.151106,
          4.64187
        ],
        [
          0.152756,
          -0.025894,
          0.987925,
          2.013308
        ],
        [
          0.052196,
          -0.99805,
          -0.03423,
          1.502706
        ],
        [
          0.0,
          0.0,
          0.0,
          1.0
        ]
      ]
    },
    {
      "file_path": "/media/NFS/ttao/scannet/posed_images/scene0487_00/00467.jpg",
      "transform_matrix": [
        [
          0.987118,
          0.054959,
          -0.150258,
          4.583656
        ],
        [
          0.152182,
          -0.032671,
          0.987812,
          2.056426
        ],
        [
          0.04938,
          -0.997954,
          -0.040614,
          1.513893
        ],
        [
          0.0,
          0.0,
          0.0,
          1.0
        ]
      ]
    },
    {
      "file_path": "/media/NFS/ttao/scannet/posed_images/scene0487_00/00482.jpg",
      "transform_matrix": [
        [
          0.99915,
          0.029363,
          0.028943,
          4.403903
        ],
        [
          -0.030179,
          0.042569,
          0.998638,
          2.089408
        ],
        [
          0.028091,
          -0.998662,
          0.043419,
          1.582861
        ],
        [
          0.0,
          0.0,
          0.0,
          1.0
        ]
      ]
    },
    {
      "file_path": "/media/NFS/ttao/scannet/posed_images/scene0487_00/00494.jpg",
      "transform_matrix": [
        [
          0.99944,
          0.023643,
          0.023652,
          4.242906
        ],
        [
          -0.025085,
          0.062248,
          0.997745,
          2.067376
        ],
        [
          0.022117,
          -0.997781,
          0.062807,
          1.60718
        ],
        [
          0.0,
          0.0,
          0.0,
          1.0
        ]
      ]
    },
    {
      "file_path": "/media/NFS/ttao/scannet/posed_images/scene0487_00/00499.jpg",
      "transform_matrix": [
        [
          0.999433,
          0.031656,
          0.011501,
          4.184487
        ],
        [
          -0.01497,
          0.111623,
          0.993638,
          2.06158
        ],
        [
          0.030171,
          -0.993246,
          0.112034,
          1.602915
        ],
        [
          0.0,
          0.0,
          0.0,
          1.0
        ]
      ]
    },
    {
      "file_path": "/media/NFS/ttao/scannet/posed_images/scene0487_00/00505.jpg",
      "transform_matrix": [
        [
          0.999904,
          0.013415,
          -0.003461,
          4.150203
        ],
        [
          0.001259,
          0.160827,
          0.986982,
          2.056592
        ],
        [
          0.013797,
          -0.986891,
          0.160795,
          1.616864
        ],
        [
          0.0,
          0.0,
          0.0,
          1.0
        ]
      ]
    },
    {
      "file_path": "/media/NFS/ttao/scannet/posed_images/scene0487_00/00520.jpg",
      "transform_matrix": [
        [
          0.999278,
          -0.037981,
          -0.001201,
          4.05533
        ],
        [
          0.010509,
          0.245859,
          0.969249,
          2.063767
        ],
        [
          -0.036518,
          -0.968561,
          0.24608,
          1.617287
        ],
        [
          0.0,
          0.0,
          0.0,
          1.0
        ]
      ]
    },
    {
      "file_path": "/media/NFS/ttao/scannet/posed_images/scene0487_00/00529.jpg",
      "transform_matrix": [
        [
          0.995622,
          0.010134,
          0.092918,
          3.947687
        ],
        [
          -0.093442,
          0.131844,
          0.986856,
          2.111199
        ],
        [
          -0.002249,
          -0.991219,
          0.132214,
          1.569265
        ],
        [
          0.0,
          0.0,
          0.0,
          1.0
        ]
      ]
    },
    {
      "file_path": "/media/NFS/ttao/scannet/posed_images/scene0487_00/00544.jpg",
      "transform_matrix": [
        [
          0.988226,
          0.04354,
          0.146675,
          3.683143
        ],
        [
          -0.146789,
          -0.000582,
          0.989168,
          2.120657
        ],
        [
          0.043154,
          -0.999052,
          0.005816,
          1.510545
        ],
        [
          0.0,
          0.0,
          0.0,
          1.0
        ]
      ]
    },
    {
      "file_path": "/media/NFS/ttao/scannet/posed_images/scene0487_00/00553.jpg",
      "transform_matrix": [
        [
          0.969537,
          0.059725,
          0.23755,
          3.560033
        ],
        [
          -0.233356,
          -0.069542,
          0.969902,
          2.159198
        ],
        [
          0.074447,
          -0.99579,
          -0.053487,
          1.454211
        ],
        [
          0.0,
          0.0,
          0.0,
          1.0
        ]
      ]
    },
    {
      "file_path": "/media/NFS/ttao/scannet/posed_images/scene0487_00/00559.jpg",
      "transform_matrix": [
        [
          0.952211,
          0.034043,
          0.303538,
          3.477053
        ],
        [
          -0.300206,
          -0.078887,
          0.950607,
          2.20083
        ],
        [
          0.056307,
          -0.996302,
          -0.064897,
          1.428259
        ],
        [
          0.0,
          0.0,
          0.0,
          1.0
        ]
      ]
    },
    {
      "file_path": "/media/NFS/ttao/scannet/posed_images/scene0487_00/00565.jpg",
      "transform_matrix": [
        [
          0.932593,
          -0.017956,
          0.360482,
          3.395387
        ],
        [
          -0.360355,
          -0.102634,
          0.927152,
          2.24482
        ],
        [
          0.02035,
          -0.994557,
          -0.102186,
          1.413762
        ],
        [
          0.0,
          0.0,
          0.0,
          1.0
        ]
      ]
    },
    {
      "file_path": "/media/NFS/ttao/scannet/posed_images/scene0487_00/00580.jpg",
      "transform_matrix": [
        [
          0.835314,
          -0.056182,
          0.546894,
          3.124763
        ],
        [
          -0.547401,
          -0.177282,
          0.817877,
          2.400158
        ],
        [
          0.051005,
          -0.982555,
          -0.17884,
          1.388169
        ],
        [
          0.0,
          0.0,
          0.0,
          1.0
        ]
      ]
    },
    {
      "file_path": "/media/NFS/ttao/scannet/posed_images/scene0487_00/00589.jpg",
      "transform_matrix": [
        [
          0.83115,
          -0.080546,
          0.550183,
          3.042182
        ],
        [
          -0.55568,
          -0.156317,
          0.816569,
          2.443749
        ],
        [
          0.020231,
          -0.984417,
          -0.17468,
          1.387805
        ],
        [
          0.0,
          0.0,
          0.0,
          1.0
        ]
      ]
    },
    {
      "file_path": "/media/NFS/ttao/scannet/posed_images/scene0487_00/00595.jpg",
      "transform_matrix": [
        [
          0.832833,
          -0.08698,
          0.546647,
          3.039657
        ],
        [
          -0.55319,
          -0.165081,
          0.816535,
          2.43654
        ],
        [
          0.019218,
          -0.982437,
          -0.185601,
          1.37537
        ],
        [
          0.0,
          0.0,
          0.0,
          1.0
        ]
      ]
    },
    {
      "file_path": "/media/NFS/ttao/scannet/posed_images/scene0487_00/00613.jpg",
      "transform_matrix": [
        [
          0.838785,
          -0.174821,
          0.515633,
          3.090564
        ],
        [
          -0.544458,
          -0.265252,
          0.795743,
          2.433413
        ],
        [
          -0.00234,
          -0.948198,
          -0.317672,
          1.318001
        ],
        [
          0.0,
          0.0,
          0.0,
          1.0
        ]
      ]
    },
    {
      "file_path": "/media/NFS/ttao/scannet/posed_images/scene0487_00/00622.jpg",
      "transform_matrix": [
        [
          0.860635,
          -0.172461,
          0.479129,
          3.099449
        ],
        [
          -0.50885,
          -0.327227,
          0.796238,
          2.43489
        ],
        [
          0.019464,
          -0.929075,
          -0.36938,
          1.314516
        ],
        [
          0.0,
          0.0,
          0.0,
          1.0
        ]
      ]
    },
    {
      "file_path": "/media/NFS/ttao/scannet/posed_images/scene0487_00/00634.jpg",
      "transform_matrix": [
        [
          0.877768,
          -0.094828,
          0.469608,
          3.06011
        ],
        [
          -0.478799,
          -0.207594,
          0.853028,
          2.422627
        ],
        [
          0.016597,
          -0.973608,
          -0.227623,
          1.396837
        ],
        [
          0.0,
          0.0,
          0.0,
          1.0
        ]
      ]
    },
    {
      "file_path": "/media/NFS/ttao/scannet/posed_images/scene0487_00/00643.jpg",
      "transform_matrix": [
        [
          0.871748,
          -0.068024,
          0.485209,
          3.012762
        ],
        [
          -0.488952,
          -0.184102,
          0.852662,
          2.427213
        ],
        [
          0.031326,
          -0.98055,
          -0.193751,
          1.407
        ],
        [
          0.0,
          0.0,
          0.0,
          1.0
        ]
      ]
    },
    {
      "file_path": "/media/NFS/ttao/scannet/posed_images/scene0487_00/00649.jpg",
      "transform_matrix": [
        [
          0.842456,
          -0.064265,
          0.534919,
          2.992112
        ],
        [
          -0.537825,
          -0.158975,
          0.827932,
          2.439823
        ],
        [
          0.031831,
          -0.985189,
          -0.168492,
          1.408212
        ],
        [
          0.0,
          0.0,
          0.0,
          1.0
        ]
      ]
    },
    {
      "file_path": "/media/NFS/ttao/scannet/posed_images/scene0487_00/00664.jpg",
      "transform_matrix": [
        [
          0.646247,
          -0.025614,
          0.762698,
          2.89093
        ],
        [
          -0.752596,
          -0.186867,
          0.631411,
          2.599308
        ],
        [
          0.12635,
          -0.982051,
          -0.140039,
          1.354855
        ],
        [
          0.0,
          0.0,
          0.0,
          1.0
        ]
      ]
    },
    {
      "file_path": "/media/NFS/ttao/scannet/posed_images/scene0487_00/00670.jpg",
      "transform_matrix": [
        [
          0.642582,
          0.00278,
          0.766212,
          2.867151
        ],
        [
          -0.751382,
          -0.193537,
          0.630848,
          2.635422
        ],
        [
          0.150044,
          -0.981089,
          -0.122275,
          1.342603
        ],
        [
          0.0,
          0.0,
          0.0,
          1.0
        ]
      ]
    },
    {
      "file_path": "/media/NFS/ttao/scannet/posed_images/scene0487_00/00676.jpg",
      "transform_matrix": [
        [
          0.635305,
          -0.012054,
          0.772168,
          2.863048
        ],
        [
          -0.756214,
          -0.212485,
          0.618862,
          2.654335
        ],
        [
          0.156614,
          -0.97709,
          -0.144107,
          1.334145
        ],
        [
          0.0,
          0.0,
          0.0,
          1.0
        ]
      ]
    },
    {
      "file_path": "/media/NFS/ttao/scannet/posed_images/scene0487_00/00694.jpg",
      "transform_matrix": [
        [
          0.607489,
          -0.008693,
          0.794281,
          2.856612
        ],
        [
          -0.786528,
          -0.146375,
          0.599957,
          2.683434
        ],
        [
          0.111048,
          -0.989191,
          -0.095758,
          1.36621
        ],
        [
          0.0,
          0.0,
          0.0,
          1.0
        ]
      ]
    },
    {
      "file_path": "/media/NFS/ttao/scannet/posed_images/scene0487_00/00703.jpg",
      "transform_matrix": [
        [
          0.58783,
          -0.036001,
          0.808183,
          2.86112
        ],
        [
          -0.803684,
          -0.140163,
          0.578314,
          2.749083
        ],
        [
          0.092458,
          -0.989474,
          -0.111325,
          1.354802
        ],
        [
          0.0,
          0.0,
          0.0,
          1.0
        ]
      ]
    },
    {
      "file_path": "/media/NFS/ttao/scannet/posed_images/scene0487_00/00706.jpg",
      "transform_matrix": [
        [
          0.567976,
          -0.034604,
          0.822317,
          2.844036
        ],
        [
          -0.816758,
          -0.146959,
          0.557952,
          2.806725
        ],
        [
          0.10154,
          -0.988537,
          -0.111733,
          1.348991
        ],
        [
          0.0,
          0.0,
          0.0,
          1.0
        ]
      ]
    },
    {
      "file_path": "/media/NFS/ttao/scannet/posed_images/scene0487_00/00721.jpg",
      "transform_matrix": [
        [
          0.349982,
          -0.037713,
          0.935997,
          2.775523
        ],
        [
          -0.932907,
          -0.104527,
          0.344615,
          3.047187
        ],
        [
          0.084841,
          -0.993807,
          -0.071765,
          1.353594
        ],
        [
          0.0,
          0.0,
          0.0,
          1.0
        ]
      ]
    },
    {
      "file_path": "/media/NFS/ttao/scannet/posed_images/scene0487_00/00727.jpg",
      "transform_matrix": [
        [
          0.320464,
          -0.016364,
          0.947119,
          2.757761
        ],
        [
          -0.941393,
          -0.116621,
          0.316511,
          3.098903
        ],
        [
          0.105275,
          -0.993042,
          -0.052778,
          1.342743
        ],
        [
          0.0,
          0.0,
          0.0,
          1.0
        ]
      ]
    },
    {
      "file_path": "/media/NFS/ttao/scannet/posed_images/scene0487_00/00739.jpg",
      "transform_matrix": [
        [
          0.330437,
          -0.022275,
          0.943565,
          2.739993
        ],
        [
          -0.934766,
          -0.145926,
          0.323911,
          3.14706
        ],
        [
          0.130475,
          -0.989045,
          -0.069041,
          1.309964
        ],
        [
          0.0,
          0.0,
          0.0,
          1.0
        ]
      ]
    },
    {
      "file_path": "/media/NFS/ttao/scannet/posed_images/scene0487_00/00751.jpg",
      "transform_matrix": [
        [
          0.484665,
          -0.068466,
          0.872016,
          2.741376
        ],
        [
          -0.857326,
          -0.234896,
          0.458058,
          3.105092
        ],
        [
          0.173472,
          -0.969606,
          -0.172544,
          1.258731
        ],
        [
          0.0,
          0.0,
          0.0,
          1.0
        ]
      ]
    },
    {
      "file_path": "/media/NFS/ttao/scannet/posed_images/scene0487_00/00763.jpg",
      "transform_matrix": [
        [
          0.629079,
          -0.096849,
          0.771284,
          2.805448
        ],
        [
          -0.755887,
          -0.307714,
          0.577882,
          2.943787
        ],
        [
          0.181367,
          -0.946537,
          -0.266783,
          1.251845
        ],
        [
          0.0,
          0.0,
          0.0,
          1.0
        ]
      ]
    },
    {
      "file_path": "/media/NFS/ttao/scannet/posed_images/scene0487_00/00772.jpg",
      "transform_matrix": [
        [
          0.755516,
          -0.11479,
          0.644995,
          2.915058
        ],
        [
          -0.637128,
          -0.357951,
          0.682597,
          2.747092
        ],
        [
          0.152521,
          -0.926658,
          -0.343574,
          1.23205
        ],
        [
          0.0,
          0.0,
          0.0,
