{
  "frames": [
    {
      "file_path": "/media/NFS/ttao/scannet/posed_images/scene0193_00/00000.jpg",
      "transform_matrix": [
        [
          -0.414473,
          -0.491559,
          0.765887,
          0.955419
        ],
        [
          -0.909569,
          0.196057,
          -0.366396,
          3.497842
        ],
        [
          0.029948,
          -0.848488,
          -0.528367,
          1.497559
        ],
        [
          0.0,
          0.0,
          0.0,
          1.0
        ]
      ]
    },
    {
      "file_path": "/media/NFS/ttao/scannet/posed_images/scene0193_00/00002.jpg",
      "transform_matrix": [
        [
          -0.408839,
          -0.490635,
          0.769499,
          0.933751
        ],
        [
          -0.912309,
          0.19818,
          -0.358354,
          3.504875
        ],
        [
          0.023322,
          -0.848529,
          -0.528634,
          1.495928
        ],
        [
          0.0,
          0.0,
          0.0,
          1.0
        ]
      ]
    },
    {
      "file_path": "/media/NFS/ttao/scannet/posed_images/scene0193_00/00004.jpg",
      "transform_matrix": [
        [
          -0.405517,
          -0.49009,
          0.771601,
          0.92311
        ],
        [
          -0.913834,
          0.197477,
          -0.354839,
          3.508826
        ],
        [
          0.02153,
          -0.849008,
          -0.527941,
          1.494794
        ],
        [
          0.0,
          0.0,
          0.0,
          1.0
        ]
      ]
    },
    {
      "file_path": "/media/NFS/ttao/scannet/posed_images/scene0193_00/00008.jpg",
      "transform_matrix": [
        [
          -0.400206,
          -0.490471,
          0.774127,
          0.911493
        ],
        [
          -0.916275,
          0.19886,
          -0.3477,
          3.513747
        ],
        [
          0.016594,
          -0.848465,
          -0.528991,
          1.496982
        ],
        [
          0.0,
          0.0,
          0.0,
          1.0
        ]
      ]
    },
    {
      "file_path": "/media/NFS/ttao/scannet/posed_images/scene0193_00/00010.jpg",
      "transform_matrix": [
        [
          -0.394367,
          -0.477675,
          0.785049,
          0.891718
        ],
        [
          -0.918943,
          0.200927,
          -0.339371,
          3.502642
        ],
        [
          0.004371,
          -0.855251,
          -0.518195,
          1.475573
        ],
        [
          0.0,
          0.0,
          0.0,
          1.0
        ]
      ]
    },
    {
      "file_path": "/media/NFS/ttao/scannet/posed_images/scene0193_00/00013.jpg",
      "transform_matrix": [
        [
          -0.393033,
          -0.476634,
          0.786349,
          0.887722
        ],
        [
          -0.919488,
          0.196139,
          -0.340692,
          3.505518
        ],
        [
          0.008152,
          -0.856942,
          -0.515348,
          1.478963
        ],
        [
          0.0,
          0.0,
          0.0,
          1.0
        ]
      ]
    },
    {
      "file_path": "/media/NFS/ttao/scannet/posed_images/scene0193_00/00015.jpg",
      "transform_matrix": [
        [
          -0.392974,
          -0.469173,
          0.790853,
          0.884858
        ],
        [
          -0.919494,
          0.19106,
          -0.34355,
          3.509751
        ],
        [
          0.010084,
          -0.862191,
          -0.506483,
          1.479855
        ],
        [
          0.0,
          0.0,
          0.0,
          1.0
        ]
      ]
    },
    {
      "file_path": "/media/NFS/ttao/scannet/posed_images/scene0193_00/00018.jpg",
      "transform_matrix": [
        [
          -0.372695,
          -0.422731,
          0.826073,
          0.892076
        ],
        [
          -0.927952,
          0.167908,
          -0.332734,
          3.51942
        ],
        [
          0.001953,
          -0.890564,
          -0.454853,
          1.505439
        ],
        [
          0.0,
          0.0,
          0.0,
          1.0
        ]
      ]
    },
    {
      "file_path": "/media/NFS/ttao/scannet/posed_images/scene0193_00/00019.jpg",
      "transform_matrix": [
        [
          -0.369843,
          -0.415135,
          0.831192,
          0.890362
        ],
        [
          -0.929094,
          0.165345,
          -0.330825,
          3.521937
        ],
        [
          -9.6e-05,
          -0.894608,
          -0.446851,
          1.507177
        ],
        [
          0.0,
          0.0,
          0.0,
          1.0
        ]
      ]
    },
    {
      "file_path": "/media/NFS/ttao/scannet/posed_images/scene0193_00/00021.jpg",
      "transform_matrix": [
        [
          -0.366305,
          -0.403529,
          0.838442,
          0.894803
        ],
        [
          -0.93048,
          0.16398,
          -0.327594,
          3.527322
        ],
        [
          -0.005295,
          -0.900153,
          -0.435542,
          1.516795
        ],
        [
          0.0,
          0.0,
          0.0,
          1.0
        ]
      ]
    },
    {
      "file_path": "/media/NFS/ttao/scannet/posed_images/scene0193_00/00023.jpg",
      "transform_matrix": [
        [
          -0.358167,
          -0.382447,
          0.851734,
          0.896576
        ],
        [
          -0.93361,
          0.155939,
          -0.322576,
          3.527192
        ],
        [
          -0.009451,
          -0.910723,
          -0.412909,
          1.523353
        ],
        [
          0.0,
          0.0,
          0.0,
          1.0
        ]
      ]
    },
    {
      "file_path": "/media/NFS/ttao/scannet/posed_images/scene0193_00/00026.jpg",
      "transform_matrix": [
        [
          -0.353206,
          -0.353339,
          0.866255,
          0.904163
        ],
        [
          -0.935504,
          0.142126,
          -0.323469,
          3.528522
        ],
        [
          -0.008823,
          -0.924636,
          -0.380749,
          1.532769
        ],
        [
          0.0,
          0.0,
          0.0,
          1.0
        ]
      ]
    },
    {
      "file_path": "/media/NFS/ttao/scannet/posed_images/scene0193_00/00029.jpg",
      "transform_matrix": [
        [
          -0.350264,
          -0.331581,
          0.875996,
          0.922074
        ],
        [
          -0.936638,
          0.128908,
          -0.325717,
          3.528499
        ],
        [
          -0.004921,
          -0.934578,
          -0.355723,
          1.539173
        ],
        [
          0.0,
          0.0,
          0.0,
          1.0
        ]
      ]
    },
    {
      "file_path": "/media/NFS/ttao/scannet/posed_images/scene0193_00/00030.jpg",
      "transform_matrix": [
        [
          -0.350565,
          -0.328707,
          0.876958,
          0.932479
        ],
        [
          -0.936537,
          0.124795,
          -0.327605,
          3.526032
        ],
        [
          -0.001754,
          -0.936151,
          -0.351595,
          1.545814
        ],
        [
          0.0,
          0.0,
          0.0,
          1.0
        ]
      ]
    },
    {
      "file_path": "/media/NFS/ttao/scannet/posed_images/scene0193_00/00033.jpg",
      "transform_matrix": [
        [
          -0.368781,
          -0.30366,
          0.878516,
          0.949509
        ],
        [
          -0.9295,
          0.126121,
          -0.346589,
          3.529865
        ],
        [
          -0.005554,
          -0.944396,
          -0.328763,
          1.548979
        ],
        [
          0.0,
          0.0,
          0.0,
          1.0
        ]
      ]
    },
    {
      "file_path": "/media/NFS/ttao/scannet/posed_images/scene0193_00/00035.jpg",
      "transform_matrix": [
        [
          -0.379526,
          -0.295629,
          0.876678,
          0.970806
        ],
        [
          -0.925071,
          0.135878,
          -0.354655,
          3.528752
        ],
        [
          -0.014275,
          -0.94559,
          -0.325047,
          1.555736
        ],
        [
          0.0,
          0.0,
          0.0,
          1.0
        ]
      ]
    },
    {
      "file_path": "/media/NFS/ttao/scannet/posed_images/scene0193_00/00038.jpg",
      "transform_matrix": [
        [
          -0.40128,
          -0.281879,
          0.871504,
          0.994777
        ],
        [
          -0.915767,
          0.142764,
          -0.375486,
          3.522273
        ],
        [
          -0.018578,
          -0.948769,
          -0.315424,
          1.562781
        ],
        [
          0.0,
          0.0,
          0.0,
          1.0
        ]
      ]
    },
    {
      "file_path": "/media/NFS/ttao/scannet/posed_images/scene0193_00/00040.jpg",
      "transform_matrix": [
        [
          -0.421897,
          -0.277869,
          0.863013,
          0.999977
        ],
        [
          -0.906471,
          0.147839,
          -0.395542,
          3.493449
        ],
        [
          -0.017678,
          -0.949175,
          -0.314253,
          1.555575
        ],
        [
          0.0,
          0.0,
          0.0,
          1.0
        ]
      ]
    },
    {
      "file_path": "/media/NFS/ttao/scannet/posed_images/scene0193_00/00044.jpg",
      "transform_matrix": [
        [
          -0.493933,
          -0.280965,
          0.822854,
          1.040102
        ],
        [
          -0.869494,
          0.163288,
          -0.466174,
          3.490922
        ],
        [
          -0.003383,
          -0.945725,
          -0.324951,
          1.548428
        ],
        [
          0.0,
          0.0,
          0.0,
          1.0
        ]
      ]
    },
    {
      "file_path": "/media/NFS/ttao/scannet/posed_images/scene0193_00/00046.jpg",
      "transform_matrix": [
        [
          -0.526252,
          -0.277116,
          0.803906,
          1.049412
        ],
        [
          -0.850324,
          0.168295,
          -0.498625,
          3.489218
        ],
        [
          0.002884,
          -0.945983,
          -0.324204,
          1.540633
        ],
        [
          0.0,
          0.0,
          0.0,
          1.0
        ]
      ]
    },
    {
      "file_path": "/media/NFS/ttao/scannet/posed_images/scene0193_00/00048.jpg",
      "transform_matrix": [
        [
          -0.549045,
          -0.278266,
          0.78811,
          1.064016
        ],
        [
          -0.835749,
          0.173169,
          -0.52109,
          3.478644
        ],
        [
          0.008525,
          -0.944764,
          -0.327639,
          1.533456
        ],
        [
          0.0,
          0.0,
          0.0,
          1.0
        ]
      ]
    },
    {
      "file_path": "/media/NFS/ttao/scannet/posed_images/scene0193_00/00051.jpg",
      "transform_matrix": [
        [
          -0.577739,
          -0.285517,
          0.764655,
          1.085202
        ],
        [
          -0.816014,
          0.18092,
          -0.548989,
          3.459003
        ],
        [
          0.018405,
          -0.941142,
          -0.337511,
          1.521477
        ],
        [
          0.0,
          0.0,
          0.0,
          1.0
        ]
      ]
    },
    {
      "file_path": "/media/NFS/ttao/scannet/posed_images/scene0193_00/00053.jpg",
      "transform_matrix": [
        [
          -0.598268,
          -0.281066,
          0.750385,
          1.095651
        ],
        [
          -0.801197,
          0.195127,
          -0.565693,
          3.448212
        ],
        [
          0.012576,
          -0.939642,
          -0.341928,
          1.515309
        ],
        [
          0.0,
          0.0,
          0.0,
          1.0
        ]
      ]
    },
    {
      "file_path": "/media/NFS/ttao/scannet/posed_images/scene0193_00/00055.jpg",
      "transform_matrix": [
        [
          -0.616156,
          -0.280129,
          0.736124,
          1.108703
        ],
        [
          -0.787552,
          0.206454,
          -0.580637,
          3.429051
        ],
        [
          0.010678,
          -0.937499,
          -0.347824,
          1.509282
        ],
        [
          0.0,
          0.0,
          0.0,
          1.0
        ]
      ]
    },
    {
      "file_path": "/media/NFS/ttao/scannet/posed_images/scene0193_00/00058.jpg",
      "transform_matrix": [
        [
          -0.641905,
          -0.287505,
          0.710844,
          1.134378
        ],
        [
          -0.766543,
          0.217362,
          -0.604289,
          3.409204
        ],
        [
          0.019226,
          -0.932789,
          -0.359911,
          1.505566
        ],
        [
          0.0,
          0.0,
          0.0,
          1.0
        ]
      ]
    },
    {
      "file_path": "/media/NFS/ttao/scannet/posed_images/scene0193_00/00060.jpg",
      "transform_matrix": [
        [
          -0.65154,
          -0.293053,
          0.699726,
          1.157848
        ],
        [
          -0.758099,
          0.217497,
          -0.614802,
          3.388499
        ],
        [
          0.027982,
          -0.931029,
          -0.363871,
          1.503038
        ],
        [
          0.0,
          0.0,
          0.0,
          1.0
        ]
      ]
    },
    {
      "file_path": "/media/NFS/ttao/scannet/posed_images/scene0193_00/00063.jpg",
      "transform_matrix": [
        [
          -0.666769,
          -0.289945,
          0.68655,
          1.186107
        ],
        [
          -0.74464,
          0.221481,
          -0.629649,
          3.357464
        ],
        [
          0.030506,
          -0.931063,
          -0.363581,
          1.495338
        ],
        [
          0.0,
          0.0,
          0.0,
          1.0
        ]
      ]
    },
    {
      "file_path": "/media/NFS/ttao/scannet/posed_images/scene0193_00/00064.jpg",
      "transform_matrix": [
        [
          -0.669305,
          -0.283289,
          0.686861,
          1.191486
        ],
        [
          -0.742453,
          0.219936,
          -0.632765,
          3.343716
        ],
        [
          0.02819,
          -0.933475,
          -0.357533,
          1.480889
        ],
        [
          0.0,
          0.0,
          0.0,
          1.0
        ]
      ]
    },
    {
      "file_path": "/media/NFS/ttao/scannet/posed_images/scene0193_00/00066.jpg",
      "transform_matrix": [
        [
          -0.673874,
          -0.282464,
          0.682721,
          1.216404
        ],
        [
          -0.738296,
          0.221757,
          -0.63698,
          3.318981
        ],
        [
          0.028526,
          -0.933294,
          -0.357978,
          1.480617
        ],
        [
          0.0,
          0.0,
          0.0,
          1.0
        ]
      ]
    },
    {
      "file_path": "/media/NFS/ttao/scannet/posed_images/scene0193_00/00069.jpg",
      "transform_matrix": [
        [
          -0.678732,
          -0.274822,
          0.681026,
          1.257829
        ],
        [
          -0.733924,
          0.220937,
          -0.642294,
          3.288889
        ],
        [
          0.026053,
          -0.935767,
          -0.351656,
          1.472946
        ],
        [
          0.0,
          0.0,
          0.0,
          1.0
        ]
      ]
    },
    {
      "file_path": "/media/NFS/ttao/scannet/posed_images/scene0193_00/00071.jpg",
      "transform_matrix": [
        [
          -0.681678,
          -0.280772,
          0.675635,
          1.283679
        ],
        [
          -0.731408,
          0.237665,
          -0.639185,
          3.247576
        ],
        [
          0.018891,
          -0.929883,
          -0.36737,
          1.500492
        ],
        [
          0.0,
          0.0,
          0.0,
          1.0
        ]
      ]
    },
    {
      "file_path": "/media/NFS/ttao/scannet/posed_images/scene0193_00/00075.jpg",
      "transform_matrix": [
        [
          -0.691231,
          -0.2667,
          0.671618,
          1.327355
        ],
        [
          -0.722606,
          0.246897,
          -0.645665,
          3.208449
        ],
        [
          0.006378,
          -0.931618,
          -0.363382,
          1.505548
        ],
        [
          0.0,
          0.0,
          0.0,
          1.0
        ]
      ]
    },
    {
      "file_path": "/media/NFS/ttao/scannet/posed_images/scene0193_00/00077.jpg",
      "transform_matrix": [
        [
          -0.694624,
          -0.257582,
          0.671677,
          1.349422
        ],
        [
          -0.719373,
          0.250188,
          -0.648004,
          3.198131
        ],
        [
          -0.001132,
          -0.933305,
          -0.359084,
          1.498924
        ],
        [
          0.0,
          0.0,
          0.0,
          1.0
        ]
      ]
    },
    {
      "file_path": "/media/NFS/ttao/scannet/posed_images/scene0193_00/00079.jpg",
      "transform_matrix": [
        [
          -0.697864,
          -0.260123,
          0.667324,
          1.366627
        ],
        [
          -0.716129,
          0.269113,
          -0.644001,
          3.173778
        ],
        [
          -0.012066,
          -0.927315,
          -0.374086,
          1.502166
        ],
        [
          0.0,
          0.0,
          0.0,
          1.0
        ]
      ]
    },
    {
      "file_path": "/media/NFS/ttao/scannet/posed_images/scene0193_00/00080.jpg",
      "transform_matrix": [
        [
          -0.704116,
          -0.272571,
          0.655687,
          1.396013
        ],
        [
          -0.710081,
          0.273512,
          -0.648827,
          3.165365
        ],
        [
          -0.002487,
          -0.92244,
          -0.386132,
          1.532075
        ],
        [
          0.0,
          0.0,
          0.0,
          1.0
        ]
      ]
    },
    {
      "file_path": "/media/NFS/ttao/scannet/posed_images/scene0193_00/00083.jpg",
      "transform_matrix": [
        [
          -0.718844,
          -0.258574,
          0.645293,
          1.423393
        ],
        [
          -0.695164,
          0.271697,
          -0.665528,
          3.14196
        ],
        [
          -0.003235,
          -0.926995,
          -0.375059,
          1.526177
        ],
        [
          0.0,
          0.0,
          0.0,
          1.0
        ]
      ]
    },
    {
      "file_path": "/media/NFS/ttao/scannet/posed_images/scene0193_00/00085.jpg",
      "transform_matrix": [
        [
          -0.732112,
          -0.250615,
          0.633406,
          1.442591
        ],
        [
          -0.681175,
          0.274238,
          -0.678818,
          3.127566
        ],
        [
          -0.003582,
          -0.928432,
          -0.371486,
          1.52218
        ],
        [
          0.0,
          0.0,
          0.0,
          1.0
        ]
      ]
    },
    {
      "file_path": "/media/NFS/ttao/scannet/posed_images/scene0193_00/00088.jpg",
      "transform_matrix": [
        [
          -0.770545,
          -0.231185,
          0.593982,
          1.476747
        ],
        [
          -0.637385,
          0.280863,
          -0.717534,
          3.113617
        ],
        [
          -0.000945,
          -0.931488,
          -0.363772,
          1.522957
        ],
        [
          0.0,
          0.0,
          0.0,
          1.0
        ]
      ]
    },
    {
      "file_path": "/media/NFS/ttao/scannet/posed_images/scene0193_00/00091.jpg",
      "transform_matrix": [
        [
          -0.80852,
          -0.219475,
          0.546009,
          1.521428
        ],
        [
          -0.588467,
          0.299471,
          -0.751015,
          3.113366
        ],
        [
          0.001315,
          -0.928519,
          -0.371282,
          1.531436
        ],
        [
          0.0,
          0.0,
          0.0,
          1.0
        ]
      ]
    },
    {
      "file_path": "/media/NFS/ttao/scannet/posed_images/scene0193_00/00094.jpg",
      "transform_matrix": [
        [
          -0.83152,
          -0.196992,
          0.519393,
          1.54292
        ],
        [
          -0.555449,
          0.306866,
          -0.772858,
          3.102664
        ],
        [
          -0.007137,
          -0.931143,
          -0.364584,
          1.52597
        ],
        [
          0.0,
          0.0,
          0.0,
          1.0
        ]
      ]
    },
    {
      "file_path": "/media/NFS/ttao/scannet/posed_images/scene0193_00/00096.jpg",
      "transform_matrix": [
        [
          -0.846925,
          -0.188696,
          0.497103,
          1.556022
        ],
        [
          -0.531679,
          0.310982,
          -0.787787,
          3.091988
        ],
        [
          -0.005938,
          -0.931495,
          -0.363704,
          1.53449
        ],
        [
          0.0,
          0.0,
          0.0,
          1.0
        ]
      ]
    },
    {
      "file_path": "/media/NFS/ttao/scannet/posed_images/scene0193_00/00098.jpg",
      "transform_matrix": [
        [
          -0.862788,
          -0.172853,
          0.475098,
          1.566191
        ],
        [
          -0.505468,
          0.313462,
          -0.803893,
          3.087129
        ],
        [
          -0.00997,
          -0.933736,
          -0.357823,
          1.537529
        ],
        [
          0.0,
          0.0,
          0.0,
          1.0
        ]
      ]
    },
    {
      "file_path": "/media/NFS/ttao/scannet/posed_images/scene0193_00/00100.jpg",
      "transform_matrix": [
        [
          -0.875793,
          -0.164978,
          0.453618,
          1.568727
        ],
        [
          -0.482653,
          0.310542,
          -0.818908,
          3.080662
        ],
        [
          -0.005766,
          -0.936133,
          -0.351598,
          1.538194
        ],
        [
          0.0,
          0.0,
          0.0,
          1.0
        ]
      ]
    },
    {
      "file_path": "/media/NFS/ttao/scannet/posed_images/scene0193_00/00102.jpg",
      "transform_matrix": [
        [
          -0.887309,
          -0.157461,
          0.433462,
          1.570698
        ],
        [
          -0.461176,
          0.303985,
          -0.833613,
          3.080071
        ],
        [
          -0.000504,
          -0.939574,
          -0.342346,
          1.53277
        ],
        [
          0.0,
          0.0,
          0.0,
          1.0
        ]
      ]
    },
    {
      "file_path": "/media/NFS/ttao/scannet/posed_images/scene0193_00/00104.jpg",
      "transform_matrix": [
        [
          -0.899226,
          -0.150038,
          0.410951,
          1.573226
        ],
        [
          -0.43748,
          0.303903,
          -0.846318,
          3.076375
        ],
        [
          0.002091,
          -0.940814,
          -0.338916,
          1.535271
        ],
        [
          0.0,
          0.0,
          0.0,
          1.0
        ]
      ]
    },
    {
      "file_path": "/media/NFS/ttao/scannet/posed_images/scene0193_00/00108.jpg",
      "transform_matrix": [
        [
          -0.91816,
          -0.13889,
          0.371069,
          1.573018
        ],
        [
          -0.396058,
          0.295726,
          -0.869301,
          3.068889
        ],
        [
          0.011003,
          -0.945122,
          -0.326532,
          1.543049
        ],
        [
          0.0,
          0.0,
          0.0,
          1.0
        ]
      ]
    },
    {
      "file_path": "/media/NFS/ttao/scannet/posed_images/scene0193_00/00109.jpg",
      "transform_matrix": [
        [
          -0.921408,
          -0.138307,
          0.363152,
          1.572067
        ],
        [
          -0.388259,
          0.288649,
          -0.875178,
          3.069722
        ],
        [
          0.01622,
          -0.947393,
          -0.319663,
          1.546791
        ],
        [
          0.0,
          0.0,
          0.0,
          1.0
        ]
      ]
    },
    {
      "file_path": "/media/NFS/ttao/scannet/posed_images/scene0193_00/00113.jpg",
      "transform_matrix": [
        [
          -0.937371,
          -0.115462,
          0.328638,
          1.564386
        ],
        [
          -0.347833,
          0.259795,
          -0.900843,
          3.066895
        ],
        [
          0.018634,
          -0.958736,
          -0.283686,
          1.560036
        ],
        [
          0.0,
          0.0,
          0.0,
          1.0
        ]
      ]
    },
    {
      "file_path": "/media/NFS/ttao/scannet/posed_images/scene0193_00/00115.jpg",
      "transform_matrix": [
        [
          -0.942801,
          -0.11458,
          0.313044,
          1.550927
        ],
        [
          -0.33207,
          0.240429,
          -0.912099,
          3.067261
        ],
        [
          0.029244,
          -0.963881,
          -0.264725,
          1.567399
        ],
        [
          0.0,
          0.0,
          0.0,
          1.0
        ]
      ]
    },
    {
      "file_path": "/media/NFS/ttao/scannet/posed_images/scene0193_00/00118.jpg",
      "transform_matrix": [
        [
          -0.95038,
          -0.098235,
          0.295173,
          1.534127
        ],
        [
          -0.309872,
          0.215031,
          -0.926143,
          3.064556
        ],
        [
          0.027509,
          -0.971654,
          -0.234801,
          1.567777
        ],
        [
          0.0,
          0.0,
          0.0,
          1.0
        ]
      ]
    },
    {
      "file_path": "/media/NFS/ttao/scannet/posed_images/scene0193_00/00120.jpg",
      "transform_matrix": [
        [
          -0.953645,
          -0.09654,
          0.285029,
          1.52962
        ],
        [
          -0.29924,
          0.203833,
          -0.932152,
          3.064123
        ],
        [
          0.031892,
          -0.974234,
          -0.223273,
          1.595759
        ],
        [
          0.0,
          0.0,
          0.0,
          1.0
        ]
      ]
    },
    {
      "file_path": "/media/NFS/ttao/scannet/posed_images/scene0193_00/00122.jpg",
      "transform_matrix": [
        [
          -0.957499,
          -0.083938,
          0.275953,
          1.520566
        ],
        [
          -0.287221,
          0.189723,
          -0.938887,
          3.060325
        ],
        [
          0.026454,
          -0.978243,
          -0.205769,
          1.598185
        ],
        [
          0.0,
          0.0,
          0.0,
          1.0
        ]
      ]
    },
    {
      "file_path": "/media/NFS/ttao/scannet/posed_images/scene0193_00/00124.jpg",
      "transform_matrix": [
        [
          -0.96017,
          -0.080186,
          0.267664,
          1.506385
        ],
        [
          -0.277853,
          0.172782,
          -0.944957,
          3.062695
        ],
        [
          0.029525,
          -0.981691,
          -0.18818,
          1.59434
        ],
        [
          0.0,
          0.0,
          0.0,
          1.0
        ]
      ]
    },
    {
      "file_path": "/media/NFS/ttao/scannet/posed_images/scene0193_00/00126.jpg",
      "transform_matrix": [
        [
          -0.962349,
          -0.072359,
          0.262008,
          1.497618
        ],
        [
          -0.270234,
          0.150837,
          -0.950906,
          3.061257
        ],
        [
          0.029286,
          -0.985907,
          -0.164712,
          1.581435
        ],
        [
          0.0,
          0.0,
          0.0,
          1.0
        ]
      ]
    },
    {
      "file_path": "/media/NFS/ttao/scannet/posed_images/scene0193_00/00129.jpg",
      "transform_matrix": [
        [
          -0.964386,
          -0.069408,
          0.255227,
          1.485467
        ],
        [
          -0.262149,
          0.122546,
          -0.957215,
          3.058473
        ],
        [
          0.035161,
          -0.990033,
          -0.136377,
          1.609204
        ],
        [
          0.0,
          0.0,
          0.0,
          1.0
        ]
      ]
    },
    {
      "file_path": "/media/NFS/ttao/scannet/posed_images/scene0193_00/00131.jpg",
      "transform_matrix": [
        [
          -0.964798,
          -0.065375,
          0.254735,
          1.481578
        ],
        [
          -0.26074,
          0.111337,
          -0.958967,
          3.060234
        ],
        [
          0.034331,
          -0.99163,
          -0.124464,
          1.626277
        ],
        [
          0.0,
          0.0,
          0.0,
          1.0
        ]
      ]
    },
    {
      "file_path": "/media/NFS/ttao/scannet/posed_images/scene0193_00/00134.jpg",
      "transform_matrix": [
        [
          -0.963055,
          -0.043049,
          0.265841,
          1.470745
        ],
        [
          -0.268666,
          0.085664,
          -0.959417,
          3.063224
        ],
        [
          0.018529,
          -0.995394,
          -0.094065,
          1.610519
        ],
        [
          0.0,
          0.0,
          0.0,
          1.0
        ]
      ]
    },
    {
      "file_path": "/media/NFS/ttao/scannet/posed_images/scene0193_00/00137.jpg",
      "transform_matrix": [
        [
          -0.961985,
          -0.037273,
          0.270547,
          1.471262
        ],
        [
          -0.272695,
          0.077035,
          -0.959011,
          3.063496
        ],
        [
          0.014904,
          -0.996331,
          -0.08427,
          1.624714
        ],
        [
          0.0,
          0.0,
          0.0,
          1.0
        ]
      ]
    },
    {
      "file_path": "/media/NFS/ttao/scannet/posed_images/scene0193_00/00138.jpg",
      "transform_matrix": [
        [
          -0.961484,
          -0.038631,
          0.272131,
          1.467964
        ],
        [
          -0.27448,
          0.082978,
          -0.958006,
          3.063641
        ],
        [
          0.014428,
          -0.995802,
          -0.090386,
          1.63636
        ],
        [
          0.0,
          0.0,
          0.0,
          1.0
        ]
      ]
    },
    {
      "file_path": "/media/NFS/ttao/scannet/posed_images/scene0193_00/00140.jpg",
      "transform_matrix": [
        [
          -0.961967,
          -0.044502,
          0.269515,
          1.468766
        ],
        [
          -0.272699,
          0.098885,
          -0.957004,
          3.063557
        ],
        [
          0.015937,
          -0.994103,
          -0.10726,
          1.617905
        ],
        [
          0.0,
          0.0,
          0.0,
          1.0
        ]
      ]
    },
    {
      "file_path": "/media/NFS/ttao/scannet/posed_images/scene0193_00/00144.jpg",
      "transform_matrix": [
        [
          -0.965503,
          -0.074258,
          0.249578,
          1.472827
        ],
        [
          -0.258793,
          0.167625,
          -0.951277,
          3.052085
        ],
        [
          0.028804,
          -0.98305,
          -0.18106,
          1.620773
        ],
        [
          0.0,
          0.0,
          0.0,
          1.0
        ]
      ]
    },
    {
      "file_path": "/media/NFS/ttao/scannet/posed_images/scene0193_00/00146.jpg",
      "transform_matrix": [
        [
          -0.966605,
          -0.090813,
          0.23964,
          1.465377
        ],
        [
          -0.253337,
          0.197529,
          -0.946997,
          3.04483
        ],
        [
          0.038664,
          -0.976082,
          -0.213939,
          1.627262
        ],
        [
          0.0,
          0.0,
          0.0,
          1.0
        ]
      ]
    },
    {
      "file_path": "/media/NFS/ttao/scannet/posed_images/scene0193_00/00148.jpg",
      "transform_matrix": [
        [
          -0.967652,
          -0.111843,
          0.226142,
          1.465635
        ],
        [
          -0.246518,
          0.228551,
          -0.941803,
          3.040414
        ],
        [
          0.053649,
          -0.967086,
          -0.248729,
          1.644603
        ],
        [
          0.0,
          0.0,
          0.0,
          1.0
        ]
      ]
    },
    {
      "file_path": "/media/NFS/ttao/scannet/posed_images/scene0193_00/00149.jpg",
      "transform_matrix": [
        [
          -0.967225,
          -0.122513,
          0.22241,
          1.463801
        ],
        [
          -0.246509,
          0.242969,
          -0.938189,
          3.039034
        ],
        [
          0.060902,
          -0.962266,
          -0.265207,
          1.649556
        ],
        [
          0.0,
          0.0,
          0.0,
          1.0
        ]
      ]
    },
    {
      "file_path": "/media/NFS/ttao/scannet/posed_images/scene0193_00/00152.jpg",
      "transform_matrix": [
        [
          -0.96969,
          -0.105833,
          0.220226,
          1.446158
        ],
        [
          -0.241526,
          0.278882,
          -0.929457,
          3.033381
        ],
        [
          0.03695,
          -0.954476,
          -0.295991,
          1.571593
        ],
        [
          0.0,
          0.0,
          0.0,
          1.0
        ]
      ]
    },
    {
      "file_path": "/media/NFS/ttao/scannet/posed_images/scene0193_00/00156.jpg",
      "transform_matrix": [
        [
          -0.972286,
          -0.106403,
          0.208176,
          1.443754
        ],
        [
          -0.231981,
          0.328465,
          -0.915585,
          3.025488
        ],
        [
          0.029042,
          -0.938504,
          -0.344045,
          1.575072
        ],
        [
          0.0,
          0.0,
          0.0,
          1.0
        ]
      ]
    },
    {
      "file_path": "/media/NFS/ttao/scannet/posed_images/scene0193_00/00157.jpg",
      "transform_matrix": [
        [
          -0.972698,
          -0.104272,
          0.20733,
          1.443616
        ],
        [
          -0.230731,
          0.338551,
          -0.912221,
          3.02375
        ],
        [
          0.024927,
          -0.935153,
          -0.353366,
          1.571546
        ],
        [
          0.0,
          0.0,
          0.0,
          1.0
        ]
      ]
    },
    {
      "file_path": "/media/NFS/ttao/scannet/posed_images/scene0193_00/00159.jpg",
      "transform_matrix": [
        [
          -0.972707,
          -0.104393,
          0.207226,
          1.435818
        ],
        [
          -0.231204,
          0.360484,
          -0.903657,
          3.022602
        ],
        [
          0.019634,
          -0.926905,
          -0.374782,
          1.560787
        ],
        [
          0.0,
          0.0,
          0.0,
          1.0
        ]
      ]
    },
    {
      "file_path": "/media/NFS/ttao/scannet/posed_images/scene0193_00/00161.jpg",
      "transform_matrix": [
        [
          -0.974544,
          -0.080426,
          0.209273,
          1.415184
        ],
        [
          -0.224036,
          0.384652,
          -0.895461,
          3.01328
        ],
        [
          -0.008479,
          -0.919551,
          -0.392879,
          1.50776
        ],
        [
          0.0,
          0.0,
          0.0,
          1.0
        ]
      ]
    },
    {
      "file_path": "/media/NFS/ttao/scannet/posed_images/scene0193_00/00164.jpg",
      "transform_matrix": [
        [
          -0.975442,
          -0.104964,
          0.193639,
          1.413291
        ],
        [
          -0.220001,
          0.421855,
          -0.879567,
          3.007616
        ],
        [
          0.010635,
          -0.900567,
          -0.434588,
          1.522887
        ],
        [
          0.0,
          0.0,
          0.0,
          1.0
        ]
      ]
    },
    {
      "file_path": "/media/NFS/ttao/scannet/posed_images/scene0193_00/00167.jpg",
      "transform_matrix": [
        [
          -0.976828,
          -0.116603,
          0.179475,
          1.405353
        ],
        [
          -0.213115,
          0.452578,
          -0.865884,
          3.002643
        ],
        [
          0.019739,
          -0.884068,
          -0.466941,
          1.510575
        ],
        [
          0.0,
          0.0,
          0.0,
          1.0
        ]
      ]
    },
    {
      "file_path": "/media/NFS/ttao/scannet/posed_images/scene0193_00/00168.jpg",
      "transform_matrix": [
        [
          -0.975354,
          -0.124936,
          0.181866,
          1.389795
        ],
        [
          -0.219357,
          0.460094,
          -0.860347,
          3.005526
        ],
        [
          0.023813,
          -0.879036,
          -0.47616,
          1.509068
        ],
        [
          0.0,
          0.0,
          0.0,
          1.0
        ]
      ]
    },
    {
      "file_path": "/media/NFS/ttao/scannet/posed_images/scene0193_00/00171.jpg",
      "transform_matrix": [
        [
          -0.98249,
          -0.10591,
          0.153283,
          1.40854
        ],
        [
          -0.185658,
          0.487634,
          -0.853079,
          2.992456
        ],
        [
          0.015604,
          -0.8666,
          -0.498759,
          1.45867
        ],
        [
          0.0,
          0.0,
          0.0,
          1.0
        ]
      ]
    },
    {
      "file_path": "/media/NFS/ttao/scannet/posed_images/scene0193_00/00173.jpg",
      "transform_matrix": [
        [
          -0.982318,
          -0.110534,
          0.15111,
          1.402671
        ],
        [
          -0.186408,
          0.502279,
          -0.844374,
          2.991783
        ],
        [
          0.017433,
          -0.857611,
          -0.514003,
          1.452659
        ],
        [
          0.0,
          0.0,
          0.0,
          1.0
        ]
      ]
    },
    {
      "file_path": "/media/NFS/ttao/scannet/posed_images/scene0193_00/00176.jpg",
      "transform_matrix": [
        [
          -0.982139,
          -0.108974,
          0.153384,
          1.397041
        ],
        [
          -0.187902,
          0.525834,
          -0.829573,
          2.98669
        ],
        [
          0.009748,
          -0.843578,
          -0.536919,
          1.44733
        ],
        [
          0.0,
          0.0,
          0.0,
          1.0
        ]
      ]
    },
    {
      "file_path": "/media/NFS/ttao/scannet/posed_images/scene0193_00/00178.jpg",
      "transform_matrix": [
        [
          -0.982144,
          -0.105579,
          0.155715,
          1.396374
        ],
        [
          -0.188116,
          0.539901,
          -0.820439,
          2.982667
        ],
        [
          0.00255,
          -0.835081,
          -0.550121,
          1.439675
        ],
        [
          0.0,
          0.0,
          0.0,
          1.0
        ]
      ]
    },
    {
      "file_path": "/media/NFS/ttao/scannet/posed_images/scene0193_00/00180.jpg",
      "transform_matrix": [
        [
          -0.981348,
          -0.103508,
          0.161994,
          1.390793
        ],
        [
          -0.192137,
          0.555537,
          -0.808988,
          2.985286
        ],
        [
          -0.006257,
          -0.825024,
          -0.565063,
          1.425597
        ],
        [
          0.0,
          0.0,
          0.0,
          1.0
        ]
      ]
    },
    {
      "file_path": "/media/NFS/ttao/scannet/posed_images/scene0193_00/00183.jpg",
      "transform_matrix": [
        [
          -0.978356,
          -0.114558,
          0.172322,
          1.38425
        ],
        [
          -0.206757,
          0.574859,
          -0.7917,
          2.980102
