{
  "frames": [
    {
      "file_path": "/media/NFS/ttao/scannet/posed_images/scene0532_01/00000.jpg",
      "transform_matrix": [
        [
          -0.800848,
          -0.209727,
          0.560943,
          2.081921
        ],
        [
          -0.594568,
          0.390493,
          -0.702854,
          3.962738
        ],
        [
          -0.071637,
          -0.896398,
          -0.437422,
          1.452359
        ],
        [
          0.0,
          0.0,
          0.0,
          1.0
        ]
      ]
    },
    {
      "file_path": "/media/NFS/ttao/scannet/posed_images/scene0532_01/00001.jpg",
      "transform_matrix": [
        [
          -0.797615,
          -0.211286,
          0.56495,
          2.073016
        ],
        [
          -0.598829,
          0.389528,
          -0.699766,
          3.960278
        ],
        [
          -0.072213,
          -0.896452,
          -0.437217,
          1.453082
        ],
        [
          0.0,
          0.0,
          0.0,
          1.0
        ]
      ]
    },
    {
      "file_path": "/media/NFS/ttao/scannet/posed_images/scene0532_01/00002.jpg",
      "transform_matrix": [
        [
          -0.794715,
          -0.211767,
          0.568843,
          2.069225
        ],
        [
          -0.602269,
          0.391676,
          -0.695602,
          3.958354
        ],
        [
          -0.075497,
          -0.895402,
          -0.438812,
          1.454559
        ],
        [
          0.0,
          0.0,
          0.0,
          1.0
        ]
      ]
    },
    {
      "file_path": "/media/NFS/ttao/scannet/posed_images/scene0532_01/00003.jpg",
      "transform_matrix": [
        [
          -0.791282,
          -0.211404,
          0.573744,
          2.064883
        ],
        [
          -0.606225,
          0.393675,
          -0.691022,
          3.956398
        ],
        [
          -0.079784,
          -0.894611,
          -0.439666,
          1.456913
        ],
        [
          0.0,
          0.0,
          0.0,
          1.0
        ]
      ]
    },
    {
      "file_path": "/media/NFS/ttao/scannet/posed_images/scene0532_01/00005.jpg",
      "transform_matrix": [
        [
          -0.778713,
          -0.207151,
          0.592195,
          2.05805
        ],
        [
          -0.620855,
          0.390229,
          -0.679898,
          3.954085
        ],
        [
          -0.09025,
          -0.897112,
          -0.432487,
          1.463403
        ],
        [
          0.0,
          0.0,
          0.0,
          1.0
        ]
      ]
    },
    {
      "file_path": "/media/NFS/ttao/scannet/posed_images/scene0532_01/00006.jpg",
      "transform_matrix": [
        [
          -0.769216,
          -0.205213,
          0.60514,
          2.053059
        ],
        [
          -0.63202,
          0.383825,
          -0.673223,
          3.95339
        ],
        [
          -0.094113,
          -0.900315,
          -0.424943,
          1.464677
        ],
        [
          0.0,
          0.0,
          0.0,
          1.0
        ]
      ]
    },
    {
      "file_path": "/media/NFS/ttao/scannet/posed_images/scene0532_01/00008.jpg",
      "transform_matrix": [
        [
          -0.753209,
          -0.207603,
          0.624161,
          2.04573
        ],
        [
          -0.651016,
          0.371011,
          -0.662215,
          3.954323
        ],
        [
          -0.094093,
          -0.905125,
          -0.414602,
          1.465454
        ],
        [
          0.0,
          0.0,
          0.0,
          1.0
        ]
      ]
    },
    {
      "file_path": "/media/NFS/ttao/scannet/posed_images/scene0532_01/00009.jpg",
      "transform_matrix": [
        [
          -0.746575,
          -0.208857,
          0.631668,
          2.041219
        ],
        [
          -0.658729,
          0.365177,
          -0.657816,
          3.954362
        ],
        [
          -0.093282,
          -0.907207,
          -0.410212,
          1.465996
        ],
        [
          0.0,
          0.0,
          0.0,
          1.0
        ]
      ]
    },
    {
      "file_path": "/media/NFS/ttao/scannet/posed_images/scene0532_01/00010.jpg",
      "transform_matrix": [
        [
          -0.740996,
          -0.212436,
          0.637021,
          2.038254
        ],
        [
          -0.665311,
          0.360855,
          -0.653563,
          3.954184
        ],
        [
          -0.091032,
          -0.908105,
          -0.408728,
          1.466518
        ],
        [
          0.0,
          0.0,
          0.0,
          1.0
        ]
      ]
    },
    {
      "file_path": "/media/NFS/ttao/scannet/posed_images/scene0532_01/00012.jpg",
      "transform_matrix": [
        [
          -0.732948,
          -0.221558,
          0.643195,
          2.031393
        ],
        [
          -0.674841,
          0.356175,
          -0.64632,
          3.953328
        ],
        [
          -0.085892,
          -0.907773,
          -0.410574,
          1.466086
        ],
        [
          0.0,
          0.0,
          0.0,
          1.0
        ]
      ]
    },
    {
      "file_path": "/media/NFS/ttao/scannet/posed_images/scene0532_01/00013.jpg",
      "transform_matrix": [
        [
          -0.731184,
          -0.223766,
          0.644437,
          2.028311
        ],
        [
          -0.677189,
          0.352156,
          -0.646066,
          3.95349
        ],
        [
          -0.082374,
          -0.908799,
          -0.409023,
          1.465948
        ],
        [
          0.0,
          0.0,
          0.0,
          1.0
        ]
      ]
    },
    {
      "file_path": "/media/NFS/ttao/scannet/posed_images/scene0532_01/00014.jpg",
      "transform_matrix": [
        [
          -0.731948,
          -0.228448,
          0.641921,
          2.02198
        ],
        [
          -0.677425,
          0.345095,
          -0.649619,
          3.952655
        ],
        [
          -0.07312,
          -0.910341,
          -0.407348,
          1.465271
        ],
        [
          0.0,
          0.0,
          0.0,
          1.0
        ]
      ]
    },
    {
      "file_path": "/media/NFS/ttao/scannet/posed_images/scene0532_01/00015.jpg",
      "transform_matrix": [
        [
          -0.736618,
          -0.232099,
          0.635236,
          2.019354
        ],
        [
          -0.673048,
          0.343707,
          -0.654883,
          3.952523
        ],
        [
          -0.066338,
          -0.909943,
          -0.409395,
          1.464957
        ],
        [
          0.0,
          0.0,
          0.0,
          1.0
        ]
      ]
    },
    {
      "file_path": "/media/NFS/ttao/scannet/posed_images/scene0532_01/00016.jpg",
      "transform_matrix": [
        [
          -0.744034,
          -0.233618,
          0.625968,
          2.018081
        ],
        [
          -0.665271,
          0.345784,
          -0.661701,
          3.953147
        ],
        [
          -0.061865,
          -0.908766,
          -0.412695,
          1.464666
        ],
        [
          0.0,
          0.0,
          0.0,
          1.0
        ]
      ]
    },
    {
      "file_path": "/media/NFS/ttao/scannet/posed_images/scene0532_01/00018.jpg",
      "transform_matrix": [
        [
          -0.758362,
          -0.238047,
          0.606812,
          2.016733
        ],
        [
          -0.649265,
          0.358415,
          -0.670815,
          3.952366
        ],
        [
          -0.057805,
          -0.902703,
          -0.426364,
          1.467092
        ],
        [
          0.0,
          0.0,
          0.0,
          1.0
        ]
      ]
    },
    {
      "file_path": "/media/NFS/ttao/scannet/posed_images/scene0532_01/00019.jpg",
      "transform_matrix": [
        [
          -0.764209,
          -0.239718,
          0.598766,
          2.015437
        ],
        [
          -0.642651,
          0.361659,
          -0.675428,
          3.951961
        ],
        [
          -0.054637,
          -0.900965,
          -0.430438,
          1.468109
        ],
        [
          0.0,
          0.0,
          0.0,
          1.0
        ]
      ]
    },
    {
      "file_path": "/media/NFS/ttao/scannet/posed_images/scene0532_01/00020.jpg",
      "transform_matrix": [
        [
          -0.771298,
          -0.238186,
          0.590225,
          2.015
        ],
        [
          -0.634298,
          0.364256,
          -0.681896,
          3.951908
        ],
        [
          -0.052575,
          -0.900325,
          -0.432032,
          1.466713
        ],
        [
          0.0,
          0.0,
          0.0,
          1.0
        ]
      ]
    },
    {
      "file_path": "/media/NFS/ttao/scannet/posed_images/scene0532_01/00022.jpg",
      "transform_matrix": [
        [
          -0.793613,
          -0.230856,
          0.562925,
          2.014067
        ],
        [
          -0.606347,
          0.376465,
          -0.700441,
          3.954282
        ],
        [
          -0.05022,
          -0.897207,
          -0.438746,
          1.467201
        ],
        [
          0.0,
          0.0,
          0.0,
          1.0
        ]
      ]
    },
    {
      "file_path": "/media/NFS/ttao/scannet/posed_images/scene0532_01/00023.jpg",
      "transform_matrix": [
        [
          -0.806416,
          -0.221873,
          0.548147,
          2.016673
        ],
        [
          -0.588833,
          0.386684,
          -0.709754,
          3.956036
        ],
        [
          -0.054484,
          -0.895124,
          -0.442475,
          1.468556
        ],
        [
          0.0,
          0.0,
          0.0,
          1.0
        ]
      ]
    },
    {
      "file_path": "/media/NFS/ttao/scannet/posed_images/scene0532_01/00024.jpg",
      "transform_matrix": [
        [
          -0.816321,
          -0.215541,
          0.535875,
          2.020225
        ],
        [
          -0.57496,
          0.391801,
          -0.718271,
          3.959178
        ],
        [
          -0.05514,
          -0.894446,
          -0.443763,
          1.470658
        ],
        [
          0.0,
          0.0,
          0.0,
          1.0
        ]
      ]
    },
    {
      "file_path": "/media/NFS/ttao/scannet/posed_images/scene0532_01/00026.jpg",
      "transform_matrix": [
        [
          -0.829502,
          -0.205753,
          0.519223,
          2.035078
        ],
        [
          -0.556223,
          0.388288,
          -0.734744,
          3.972251
        ],
        [
          -0.050432,
          -0.898275,
          -0.43653,
          1.474833
        ],
        [
          0.0,
          0.0,
          0.0,
          1.0
        ]
      ]
    },
    {
      "file_path": "/media/NFS/ttao/scannet/posed_images/scene0532_01/00027.jpg",
      "transform_matrix": [
        [
          -0.837258,
          -0.198837,
          0.509376,
          2.04316
        ],
        [
          -0.544792,
          0.38326,
          -0.745864,
          3.980315
        ],
        [
          -0.046918,
          -0.901984,
          -0.429212,
          1.475668
        ],
        [
          0.0,
          0.0,
          0.0,
          1.0
        ]
      ]
    },
    {
      "file_path": "/media/NFS/ttao/scannet/posed_images/scene0532_01/00028.jpg",
      "transform_matrix": [
        [
          -0.846318,
          -0.189254,
          0.497924,
          2.052177
        ],
        [
          -0.530652,
          0.38099,
          -0.757136,
          3.988754
        ],
        [
          -0.046413,
          -0.905002,
          -0.422867,
          1.47595
        ],
        [
          0.0,
          0.0,
          0.0,
          1.0
        ]
      ]
    },
    {
      "file_path": "/media/NFS/ttao/scannet/posed_images/scene0532_01/00029.jpg",
      "transform_matrix": [
        [
          -0.854362,
          -0.182853,
          0.486446,
          2.063019
        ],
        [
          -0.517667,
          0.381719,
          -0.76571,
          3.997233
        ],
        [
          -0.045674,
          -0.906011,
          -0.420784,
          1.476997
        ],
        [
          0.0,
          0.0,
          0.0,
          1.0
        ]
      ]
    },
    {
      "file_path": "/media/NFS/ttao/scannet/posed_images/scene0532_01/00031.jpg",
      "transform_matrix": [
        [
          -0.866272,
          -0.177266,
          0.467065,
          2.089634
        ],
        [
          -0.497654,
          0.38806,
          -0.775725,
          4.014506
        ],
        [
          -0.04374,
          -0.904426,
          -0.424383,
          1.476351
        ],
        [
          0.0,
          0.0,
          0.0,
          1.0
        ]
      ]
    },
    {
      "file_path": "/media/NFS/ttao/scannet/posed_images/scene0532_01/00032.jpg",
      "transform_matrix": [
        [
          -0.871781,
          -0.178811,
          0.456097,
          2.104713
        ],
        [
          -0.48826,
          0.393158,
          -0.779121,
          4.023488
        ],
        [
          -0.040003,
          -0.901917,
          -0.430053,
          1.476534
        ],
        [
          0.0,
          0.0,
          0.0,
          1.0
        ]
      ]
    },
    {
      "file_path": "/media/NFS/ttao/scannet/posed_images/scene0532_01/00033.jpg",
      "transform_matrix": [
        [
          -0.886072,
          -0.169328,
          0.431514,
          2.134688
        ],
        [
          -0.462192,
          0.393854,
          -0.794517,
          4.040949
        ],
        [
          -0.03542,
          -0.903442,
          -0.427245,
          1.480665
        ],
        [
          0.0,
          0.0,
          0.0,
          1.0
        ]
      ]
    },
    {
      "file_path": "/media/NFS/ttao/scannet/posed_images/scene0532_01/00035.jpg",
      "transform_matrix": [
        [
          -0.893642,
          -0.161848,
          0.41858,
          2.162742
        ],
        [
          -0.446933,
          0.405506,
          -0.797381,
          4.057001
        ],
        [
          -0.040682,
          -0.89965,
          -0.434712,
          1.483956
        ],
        [
          0.0,
          0.0,
          0.0,
          1.0
        ]
      ]
    },
    {
      "file_path": "/media/NFS/ttao/scannet/posed_images/scene0532_01/00036.jpg",
      "transform_matrix": [
        [
          -0.893899,
          -0.163582,
          0.417356,
          2.176732
        ],
        [
          -0.446137,
          0.415332,
          -0.792755,
          4.065363
        ],
        [
          -0.043661,
          -0.894841,
          -0.444245,
          1.483025
        ],
        [
          0.0,
          0.0,
          0.0,
          1.0
        ]
      ]
    },
    {
      "file_path": "/media/NFS/ttao/scannet/posed_images/scene0532_01/00038.jpg",
      "transform_matrix": [
        [
          -0.896388,
          -0.185632,
          0.402529,
          2.201998
        ],
        [
          -0.44226,
          0.435811,
          -0.783885,
          4.074161
        ],
        [
          -0.029912,
          -0.880687,
          -0.472753,
          1.478904
        ],
        [
          0.0,
          0.0,
          0.0,
          1.0
        ]
      ]
    },
    {
      "file_path": "/media/NFS/ttao/scannet/posed_images/scene0532_01/00039.jpg",
      "transform_matrix": [
        [
          -0.903259,
          -0.183994,
          0.387646,
          2.214321
        ],
        [
          -0.42845,
          0.436277,
          -0.791261,
          4.076383
        ],
        [
          -0.023534,
          -0.8808,
          -0.472903,
          1.479874
        ],
        [
          0.0,
          0.0,
          0.0,
          1.0
        ]
      ]
    },
    {
      "file_path": "/media/NFS/ttao/scannet/posed_images/scene0532_01/00040.jpg",
      "transform_matrix": [
        [
          -0.910916,
          -0.179618,
          0.371442,
          2.230116
        ],
        [
          -0.412234,
          0.433666,
          -0.801247,
          4.080839
        ],
        [
          -0.017164,
          -0.88299,
          -0.469078,
          1.480857
        ],
        [
          0.0,
          0.0,
          0.0,
          1.0
        ]
      ]
    },
    {
      "file_path": "/media/NFS/ttao/scannet/posed_images/scene0532_01/00041.jpg",
      "transform_matrix": [
        [
          -0.916053,
          -0.176442,
          0.36016,
          2.240964
        ],
        [
          -0.400814,
          0.434016,
          -0.806832,
          4.080289
        ],
        [
          -0.013956,
          -0.883458,
          -0.468303,
          1.483139
        ],
        [
          0.0,
          0.0,
          0.0,
          1.0
        ]
      ]
    },
    {
      "file_path": "/media/NFS/ttao/scannet/posed_images/scene0532_01/00043.jpg",
      "transform_matrix": [
        [
          -0.927748,
          -0.168135,
          0.333188,
          2.261803
        ],
        [
          -0.373187,
          0.427189,
          -0.823554,
          4.074823
        ],
        [
          -0.003866,
          -0.888392,
          -0.45907,
          1.482186
        ],
        [
          0.0,
          0.0,
          0.0,
          1.0
        ]
      ]
    },
    {
      "file_path": "/media/NFS/ttao/scannet/posed_images/scene0532_01/00044.jpg",
      "transform_matrix": [
        [
          -0.934666,
          -0.161915,
          0.316516,
          2.271811
        ],
        [
          -0.355522,
          0.421058,
          -0.834455,
          4.069828
        ],
        [
          0.001839,
          -0.892465,
          -0.451113,
          1.480198
        ],
        [
          0.0,
          0.0,
          0.0,
          1.0
        ]
      ]
    },
    {
      "file_path": "/media/NFS/ttao/scannet/posed_images/scene0532_01/00045.jpg",
      "transform_matrix": [
        [
          -0.942028,
          -0.154159,
          0.298024,
          2.281714
        ],
        [
          -0.335493,
          0.4189,
          -0.843781,
          4.063811
        ],
        [
          0.005234,
          -0.894851,
          -0.446335,
          1.477662
        ],
        [
          0.0,
          0.0,
          0.0,
          1.0
        ]
      ]
    },
    {
      "file_path": "/media/NFS/ttao/scannet/posed_images/scene0532_01/00046.jpg",
      "transform_matrix": [
        [
          -0.948798,
          -0.147109,
          0.279539,
          2.293575
        ],
        [
          -0.315796,
          0.42084,
          -0.850392,
          4.056319
        ],
        [
          0.007459,
          -0.895127,
          -0.445749,
          1.475372
        ],
        [
          0.0,
          0.0,
          0.0,
          1.0
        ]
      ]
    },
    {
      "file_path": "/media/NFS/ttao/scannet/posed_images/scene0532_01/00048.jpg",
      "transform_matrix": [
        [
          -0.959053,
          -0.133319,
          0.249889,
          2.317836
        ],
        [
          -0.283205,
          0.440103,
          -0.852118,
          4.040106
        ],
        [
          0.003627,
          -0.887995,
          -0.459838,
          1.467693
        ],
        [
          0.0,
          0.0,
          0.0,
          1.0
        ]
      ]
    },
    {
      "file_path": "/media/NFS/ttao/scannet/posed_images/scene0532_01/00049.jpg",
      "transform_matrix": [
        [
          -0.962963,
          -0.127061,
          0.237817,
          2.329773
        ],
        [
          -0.269632,
          0.453189,
          -0.849658,
          4.028323
        ],
        [
          0.000183,
          -0.882312,
          -0.470665,
          1.465595
        ],
        [
          0.0,
          0.0,
          0.0,
          1.0
        ]
      ]
    },
    {
      "file_path": "/media/NFS/ttao/scannet/posed_images/scene0532_01/00050.jpg",
      "transform_matrix": [
        [
          -0.967187,
          -0.118554,
          0.224711,
          2.344274
        ],
        [
          -0.254058,
          0.458571,
          -0.851568,
          4.018025
        ],
        [
          -0.002089,
          -0.880714,
          -0.473643,
          1.462263
        ],
        [
          0.0,
          0.0,
          0.0,
          1.0
        ]
      ]
    },
    {
      "file_path": "/media/NFS/ttao/scannet/posed_images/scene0532_01/00052.jpg",
      "transform_matrix": [
        [
          -0.976195,
          -0.097145,
          0.193926,
          2.368879
        ],
        [
          -0.216816,
          0.461508,
          -0.860233,
          3.992499
        ],
        [
          -0.005931,
          -0.881801,
          -0.471584,
          1.458641
        ],
        [
          0.0,
          0.0,
          0.0,
          1.0
        ]
      ]
    },
    {
      "file_path": "/media/NFS/ttao/scannet/posed_images/scene0532_01/00053.jpg",
      "transform_matrix": [
        [
          -0.980742,
          -0.085195,
          0.175749,
          2.38281
        ],
        [
          -0.195181,
          0.460211,
          -0.866089,
          3.978086
        ],
        [
          -0.007096,
          -0.883713,
          -0.467976,
          1.458426
        ],
        [
          0.0,
          0.0,
          0.0,
          1.0
        ]
      ]
    },
    {
      "file_path": "/media/NFS/ttao/scannet/posed_images/scene0532_01/00055.jpg",
      "transform_matrix": [
        [
          -0.988653,
          -0.055409,
          0.139623,
          2.410908
        ],
        [
          -0.149536,
          0.451331,
          -0.879738,
          3.951793
        ],
        [
          -0.014271,
          -0.890635,
          -0.454496,
          1.453822
        ],
        [
          0.0,
          0.0,
          0.0,
          1.0
        ]
      ]
    },
    {
      "file_path": "/media/NFS/ttao/scannet/posed_images/scene0532_01/00056.jpg",
      "transform_matrix": [
        [
          -0.990911,
          -0.045141,
          0.12672,
          2.425198
        ],
        [
          -0.133372,
          0.452478,
          -0.881746,
          3.93803
        ],
        [
          -0.017535,
          -0.890632,
          -0.454386,
          1.454867
        ],
        [
          0.0,
          0.0,
          0.0,
          1.0
        ]
      ]
    },
    {
      "file_path": "/media/NFS/ttao/scannet/posed_images/scene0532_01/00057.jpg",
      "transform_matrix": [
        [
          -0.992566,
          -0.034461,
          0.116722,
          2.439207
        ],
        [
          -0.119684,
          0.450368,
          -0.884785,
          3.924883
        ],
        [
          -0.022078,
          -0.892178,
          -0.451145,
          1.456195
        ],
        [
          0.0,
          0.0,
          0.0,
          1.0
        ]
      ]
    },
    {
      "file_path": "/media/NFS/ttao/scannet/posed_images/scene0532_01/00058.jpg",
      "transform_matrix": [
        [
          -0.993886,
          -0.024934,
          0.107561,
          2.452636
        ],
        [
          -0.107365,
          0.445558,
          -0.888792,
          3.913201
        ],
        [
          -0.025764,
          -0.894906,
          -0.445511,
          1.454744
        ],
        [
          0.0,
          0.0,
          0.0,
          1.0
        ]
      ]
    },
    {
      "file_path": "/media/NFS/ttao/scannet/posed_images/scene0532_01/00059.jpg",
      "transform_matrix": [
        [
          -0.994905,
          -0.018317,
          0.099142,
          2.466602
        ],
        [
          -0.096852,
          0.446805,
          -0.889374,
          3.900197
        ],
        [
          -0.028007,
          -0.894444,
          -0.446302,
          1.453871
        ],
        [
          0.0,
          0.0,
          0.0,
          1.0
        ]
      ]
    },
    {
      "file_path": "/media/NFS/ttao/scannet/posed_images/scene0532_01/00061.jpg",
      "transform_matrix": [
        [
          -0.995867,
          -0.018136,
          0.088999,
          2.484691
        ],
        [
          -0.087494,
          0.454602,
          -0.886387,
          3.874456
        ],
        [
          -0.024384,
          -0.89051,
          -0.45431,
          1.459626
        ],
        [
          0.0,
          0.0,
          0.0,
          1.0
        ]
      ]
    },
    {
      "file_path": "/media/NFS/ttao/scannet/posed_images/scene0532_01/00062.jpg",
      "transform_matrix": [
        [
          -0.996812,
          -0.015493,
          0.078269,
          2.496788
        ],
        [
          -0.076728,
          0.455219,
          -0.887068,
          3.861694
        ],
        [
          -0.021886,
          -0.890245,
          -0.454956,
          1.456311
        ],
        [
          0.0,
          0.0,
          0.0,
          1.0
        ]
      ]
    },
    {
      "file_path": "/media/NFS/ttao/scannet/posed_images/scene0532_01/00064.jpg",
      "transform_matrix": [
        [
          -0.998824,
          -0.011611,
          0.047075,
          2.520361
        ],
        [
          -0.047147,
          0.459139,
          -0.887113,
          3.832406
        ],
        [
          -0.011314,
          -0.888289,
          -0.459146,
          1.452311
        ],
        [
          0.0,
          0.0,
          0.0,
          1.0
        ]
      ]
    },
    {
      "file_path": "/media/NFS/ttao/scannet/posed_images/scene0532_01/00065.jpg",
      "transform_matrix": [
        [
          -0.999581,
          -0.008241,
          0.027757,
          2.531312
        ],
        [
          -0.028473,
          0.454009,
          -0.890542,
          3.81853
        ],
        [
          -0.005263,
          -0.890959,
          -0.454053,
          1.449298
        ],
        [
          0.0,
          0.0,
          0.0,
          1.0
        ]
      ]
    },
    {
      "file_path": "/media/NFS/ttao/scannet/posed_images/scene0532_01/00066.jpg",
      "transform_matrix": [
        [
          -0.999942,
          -0.004257,
          0.009923,
          2.542977
        ],
        [
          -0.010777,
          0.449907,
          -0.89301,
          3.805051
        ],
        [
          -0.000663,
          -0.893065,
          -0.449927,
          1.446197
        ],
        [
          0.0,
          0.0,
          0.0,
          1.0
        ]
      ]
    },
    {
      "file_path": "/media/NFS/ttao/scannet/posed_images/scene0532_01/00067.jpg",
      "transform_matrix": [
        [
          -0.999986,
          0.000202,
          -0.005279,
          2.553927
        ],
        [
          0.004809,
          0.448426,
          -0.893807,
          3.792379
        ],
        [
          0.002187,
          -0.89382,
          -0.44842,
          1.443515
        ],
        [
          0.0,
          0.0,
          0.0,
          1.0
        ]
      ]
    },
    {
      "file_path": "/media/NFS/ttao/scannet/posed_images/scene0532_01/00069.jpg",
      "transform_matrix": [
        [
          -0.999146,
          0.011285,
          -0.039757,
          2.573429
        ],
        [
          0.040532,
          0.455379,
          -0.889375,
          3.768388
        ],
        [
          0.008068,
          -0.890226,
          -0.455447,
          1.437949
        ],
        [
          0.0,
          0.0,
          0.0,
          1.0
        ]
      ]
    },
    {
      "file_path": "/media/NFS/ttao/scannet/posed_images/scene0532_01/00070.jpg",
      "transform_matrix": [
        [
          -0.998193,
          0.01601,
          -0.057922,
          2.57945
        ],
        [
          0.058764,
          0.461708,
          -0.885083,
          3.756052
        ],
        [
          0.012572,
          -0.886888,
          -0.461815,
          1.438445
        ],
        [
          0.0,
          0.0,
          0.0,
          1.0
        ]
      ]
    },
    {
      "file_path": "/media/NFS/ttao/scannet/posed_images/scene0532_01/00071.jpg",
      "transform_matrix": [
        [
          -0.996904,
          0.020399,
          -0.075936,
          2.587392
        ],
        [
          0.076722,
          0.463702,
          -0.882663,
          3.744827
        ],
        [
          0.017206,
          -0.885756,
          -0.463831,
          1.437544
        ],
        [
          0.0,
          0.0,
          0.0,
          1.0
        ]
      ]
    },
    {
      "file_path": "/media/NFS/ttao/scannet/posed_images/scene0532_01/00072.jpg",
      "transform_matrix": [
        [
          -0.995235,
          0.025951,
          -0.093985,
          2.595628
        ],
        [
          0.09528,
          0.463456,
          -0.880983,
          3.734517
        ],
        [
          0.020696,
          -0.88574,
          -0.46372,
          1.436105
        ],
        [
          0.0,
          0.0,
          0.0,
          1.0
        ]
      ]
    },
    {
      "file_path": "/media/NFS/ttao/scannet/posed_images/scene0532_01/00074.jpg",
      "transform_matrix": [
        [
          -0.990306,
          0.038247,
          -0.133533,
          2.609642
        ],
        [
          0.136192,
          0.456355,
          -0.879313,
          3.71534
        ],
        [
          0.027308,
          -0.888975,
          -0.457141,
          1.434698
        ],
        [
          0.0,
          0.0,
          0.0,
          1.0
        ]
      ]
    },
    {
      "file_path": "/media/NFS/ttao/scannet/posed_images/scene0532_01/00075.jpg",
      "transform_matrix": [
        [
          -0.986261,
          0.047804,
          -0.158125,
          2.617189
        ],
        [
          0.162551,
          0.451371,
          -0.877406,
          3.706068
        ],
        [
          0.029429,
          -0.891055,
          -0.452941,
          1.433286
        ],
        [
          0.0,
          0.0,
          0.0,
          1.0
        ]
      ]
    },
    {
      "file_path": "/media/NFS/ttao/scannet/posed_images/scene0532_01/00076.jpg",
      "transform_matrix": [
        [
          -0.981453,
          0.057803,
          -0.182781,
          2.623652
        ],
        [
          0.189036,
          0.450303,
          -0.872635,
          3.696187
        ],
        [
          0.031866,
          -0.891003,
          -0.452878,
          1.433753
        ],
        [
          0.0,
          0.0,
          0.0,
          1.0
        ]
      ]
    },
    {
      "file_path": "/media/NFS/ttao/scannet/posed_images/scene0532_01/00078.jpg",
      "transform_matrix": [
        [
          -0.968309,
          0.078694,
          -0.237032,
          2.637153
        ],
        [
          0.247409,
          0.431967,
          -0.867291,
          3.679391
        ],
        [
          0.034139,
          -0.89845,
          -0.437747,
          1.436678
        ],
        [
          0.0,
          0.0,
          0.0,
          1.0
        ]
      ]
    },
    {
      "file_path": "/media/NFS/ttao/scannet/posed_images/scene0532_01/00079.jpg",
      "transform_matrix": [
        [
          -0.960954,
          0.092361,
          -0.260837,
          2.644382
        ],
        [
          0.274891,
          0.426467,
          -0.86172,
          3.671306
        ],
        [
          0.03165,
          -0.899775,
          -0.435205,
          1.439762
        ],
        [
          0.0,
          0.0,
          0.0,
          1.0
        ]
      ]
    },
    {
      "file_path": "/media/NFS/ttao/scannet/posed_images/scene0532_01/00080.jpg",
      "transform_matrix": [
        [
          -0.954187,
          0.110129,
          -0.278206,
          2.649336
        ],
        [
          0.298008,
          0.433083,
          -0.850664,
          3.662819
        ],
        [
          0.026803,
          -0.894601,
          -0.446062,
          1.444799
        ],
        [
          0.0,
          0.0,
          0.0,
          1.0
        ]
      ]
    },
    {
      "file_path": "/media/NFS/ttao/scannet/posed_images/scene0532_01/00082.jpg",
      "transform_matrix": [
        [
          -0.941415,
          0.142465,
          -0.305681,
          2.660653
        ],
        [
          0.33697,
          0.43427,
          -0.835381,
          3.652159
        ],
        [
          0.013736,
          -0.889446,
          -0.456835,
          1.453393
        ],
        [
          0.0,
          0.0,
          0.0,
          1.0
        ]
      ]
    },
    {
      "file_path": "/media/NFS/ttao/scannet/posed_images/scene0532_01/00083.jpg",
      "transform_matrix": [
        [
          -0.936317,
          0.149529,
          -0.317729,
          2.667402
        ],
        [
          0.350934,
          0.430623,
          -0.83151,
          3.648504
        ],
        [
          0.012486,
          -0.890059,
          -0.455675,
          1.456546
        ],
        [
          0.0,
          0.0,
          0.0,
          1.0
        ]
      ]
    },
    {
      "file_path": "/media/NFS/ttao/scannet/posed_images/scene0532_01/00085.jpg",
      "transform_matrix": [
        [
          -0.925319,
          0.153854,
          -0.346574,
          2.675796
        ],
        [
          0.378775,
          0.417771,
          -0.825831,
          3.643309
        ],
        [
          0.017731,
          -0.895431,
          -0.444847,
          1.46231
        ],
        [
          0.0,
          0.0,
          0.0,
          1.0
        ]
      ]
    },
    {
      "file_path": "/media/NFS/ttao/scannet/posed_images/scene0532_01/00086.jpg",
      "transform_matrix": [
        [
          -0.917337,
          0.1562,
          -0.366188,
          2.680173
        ],
        [
          0.397612,
          0.405509,
          -0.823084,
          3.640633
        ],
        [
          0.019927,
          -0.900647,
          -0.434095,
          1.463522
        ],
        [
          0.0,
          0.0,
          0.0,
          1.0
        ]
      ]
    },
    {
      "file_path": "/media/NFS/ttao/scannet/posed_images/scene0532_01/00087.jpg",
      "transform_matrix": [
        [
          -0.908888,
          0.159544,
          -0.385315,
          2.68508
        ],
        [
          0.416304,
          0.401963,
          -0.815547,
          3.636426
        ],
        [
          0.024766,
          -0.901649,
          -0.431758,
          1.462909
        ],
        [
          0.0,
          0.0,
          0.0,
          1.0
        ]
      ]
    },
    {
      "file_path": "/media/NFS/ttao/scannet/posed_images/scene0532_01/00088.jpg",
      "transform_matrix": [
        [
          -0.901271,
          0.16392,
          -0.40105,
          2.68844
        ],
        [
          0.432247,
          0.403348,
          -0.806519,
          3.63209
        ],
        [
          0.029558,
          -0.900245,
          -0.43438,
          1.461407
        ],
        [
          0.0,
          0.0,
          0.0,
          1.0
        ]
      ]
    },
    {
      "file_path": "/media/NFS/ttao/scannet/posed_images/scene0532_01/00089.jpg",
      "transform_matrix": [
        [
          -0.893825,
          0.168903,
          -0.415389,
          2.691221
        ],
        [
          0.447295,
          0.401292,
          -0.799307,
          3.627871
        ],
        [
          0.031687,
          -0.900242,
          -0.434235,
          1.459443
        ],
        [
          0.0,
          0.0,
          0.0,
          1.0
        ]
      ]
    },
    {
      "file_path": "/media/NFS/ttao/scannet/posed_images/scene0532_01/00091.jpg",
      "transform_matrix": [
        [
          -0.876216,
          0.175711,
          -0.448745,
          2.694846
        ],
        [
          0.480425,
          0.391755,
          -0.784678,
          3.617072
        ],
        [
          0.037922,
          -0.903136,
          -0.427678,
          1.456352
        ],
        [
          0.0,
          0.0,
          0.0,
          1.0
        ]
      ]
    },
    {
      "file_path": "/media/NFS/ttao/scannet/posed_images/scene0532_01/00092.jpg",
      "transform_matrix": [
        [
          -0.865557,
          0.17581,
          -0.468936,
          2.696699
        ],
        [
          0.498878,
          0.384849,
          -0.776538,
          3.610095
        ],
        [
          0.043947,
          -0.906081,
          -0.420817,
          1.454373
        ],
        [
          0.0,
          0.0,
          0.0,
          1.0
        ]
      ]
    },
    {
      "file_path": "/media/NFS/ttao/scannet/posed_images/scene0532_01/00094.jpg",
      "transform_matrix": [
        [
          -0.846193,
          0.18179,
          -0.500909,
          2.701728
        ],
        [
          0.53063,
          0.373685,
          -0.760783,
          3.594969
        ],
        [
          0.04888,
          -0.909567,
          -0.412673,
          1.450646
        ],
        [
          0.0,
          0.0,
          0.0,
          1.0
        ]
      ]
    },
    {
      "file_path": "/media/NFS/ttao/scannet/posed_images/scene0532_01/00095.jpg",
      "transform_matrix": [
        [
          -0.839041,
          0.186484,
          -0.511112,
          2.703298
        ],
        [
          0.541818,
          0.371758,
          -0.753809,
          3.586911
        ],
        [
          0.049437,
          -0.909406,
          -0.412961,
          1.449041
        ],
        [
          0.0,
          0.0,
          0.0,
          1.0
        ]
      ]
    },
    {
      "file_path": "/media/NFS/ttao/scannet/posed_images/scene0532_01/00096.jpg",
      "transform_matrix": [
        [
          -0.832763,
          0.193301,
          -0.518787,
          2.704493
        ],
        [
          0.551579,
          0.370268,
          -0.747438,
          3.578902
        ],
        [
          0.04761,
          -0.908591,
          -0.414966,
          1.447844
        ],
        [
          0.0,
          0.0,
          0.0,
          1.0
        ]
      ]
    },
    {
      "file_path": "/media/NFS/ttao/scannet/posed_images/scene0532_01/00097.jpg",
      "transform_matrix": [
        [
          -0.825397,
          0.203011,
          -0.526789,
          2.703641
        ],
        [
          0.562892,
          0.367467,
          -0.740352,
          3.569694
        ],
        [
          0.043278,
          -0.907609,
          -0.417579,
          1.447909
        ],
        [
          0.0,
          0.0,
          0.0,
          1.0
        ]
      ]
    },
    {
      "file_path": "/media/NFS/ttao/scannet/posed_images/scene0532_01/00099.jpg",
      "transform_matrix": [
        [
          -0.807928,
          0.2159,
          -0.548306,
          2.703234
        ],
        [
          0.588207,
          0.351629,
          -0.728265,
          3.550031
        ],
        [
          0.035569,
          -0.910903,
          -0.411085,
          1.447372
        ],
        [
          0.0,
          0.0,
          0.0,
          1.0
        ]
      ]
    },
    {
      "file_path": "/media/NFS/ttao/scannet/posed_images/scene0532_01/00100.jpg",
      "transform_matrix": [
        [
          -0.800093,
          0.221316,
          -0.557557,
          2.702973
        ],
        [
          0.59908,
          0.34265,
          -0.723667,
          3.540215
