{
  "frames": [
    {
      "file_path": "/media/NFS/ttao/scannet/posed_images/scene0079_00/00000.jpg",
      "transform_matrix": [
        [
          -0.941243,
          -0.209403,
          0.264975,
          4.828751
        ],
        [
          -0.336113,
          0.504116,
          -0.795548,
          9.008894
        ],
        [
          0.033012,
          -0.837865,
          -0.544878,
          1.463441
        ],
        [
          0.0,
          0.0,
          0.0,
          1.0
        ]
      ]
    },
    {
      "file_path": "/media/NFS/ttao/scannet/posed_images/scene0079_00/00004.jpg",
      "transform_matrix": [
        [
          -0.937545,
          -0.20568,
          0.280545,
          4.810314
        ],
        [
          -0.347637,
          0.524851,
          -0.776968,
          9.017274
        ],
        [
          0.012563,
          -0.825971,
          -0.563573,
          1.463606
        ],
        [
          0.0,
          0.0,
          0.0,
          1.0
        ]
      ]
    },
    {
      "file_path": "/media/NFS/ttao/scannet/posed_images/scene0079_00/00007.jpg",
      "transform_matrix": [
        [
          -0.932634,
          -0.212214,
          0.291821,
          4.803255
        ],
        [
          -0.360646,
          0.522864,
          -0.772365,
          9.034483
        ],
        [
          0.011324,
          -0.825577,
          -0.564175,
          1.461498
        ],
        [
          0.0,
          0.0,
          0.0,
          1.0
        ]
      ]
    },
    {
      "file_path": "/media/NFS/ttao/scannet/posed_images/scene0079_00/00011.jpg",
      "transform_matrix": [
        [
          -0.922575,
          -0.228983,
          0.310519,
          4.789732
        ],
        [
          -0.385556,
          0.517545,
          -0.763868,
          9.063222
        ],
        [
          0.014205,
          -0.824448,
          -0.56576,
          1.456844
        ],
        [
          0.0,
          0.0,
          0.0,
          1.0
        ]
      ]
    },
    {
      "file_path": "/media/NFS/ttao/scannet/posed_images/scene0079_00/00017.jpg",
      "transform_matrix": [
        [
          -0.887618,
          -0.306697,
          0.343614,
          4.798213
        ],
        [
          -0.458388,
          0.51554,
          -0.723947,
          9.157324
        ],
        [
          0.044886,
          -0.800097,
          -0.598189,
          1.423439
        ],
        [
          0.0,
          0.0,
          0.0,
          1.0
        ]
      ]
    },
    {
      "file_path": "/media/NFS/ttao/scannet/posed_images/scene0079_00/00020.jpg",
      "transform_matrix": [
        [
          -0.873745,
          -0.339916,
          0.347889,
          4.803532
        ],
        [
          -0.482632,
          0.517243,
          -0.706772,
          9.200768
        ],
        [
          0.0603,
          -0.785441,
          -0.615993,
          1.402389
        ],
        [
          0.0,
          0.0,
          0.0,
          1.0
        ]
      ]
    },
    {
      "file_path": "/media/NFS/ttao/scannet/posed_images/scene0079_00/00026.jpg",
      "transform_matrix": [
        [
          -0.837932,
          -0.392066,
          0.379677,
          4.798357
        ],
        [
          -0.542341,
          0.520243,
          -0.659707,
          9.271306
        ],
        [
          0.061125,
          -0.758704,
          -0.648561,
          1.386403
        ],
        [
          0.0,
          0.0,
          0.0,
          1.0
        ]
      ]
    },
    {
      "file_path": "/media/NFS/ttao/scannet/posed_images/scene0079_00/00030.jpg",
      "transform_matrix": [
        [
          -0.821461,
          -0.411105,
          0.395214,
          4.794014
        ],
        [
          -0.566759,
          0.511828,
          -0.645613,
          9.296226
        ],
        [
          0.063134,
          -0.754337,
          -0.653444,
          1.406471
        ],
        [
          0.0,
          0.0,
          0.0,
          1.0
        ]
      ]
    },
    {
      "file_path": "/media/NFS/ttao/scannet/posed_images/scene0079_00/00031.jpg",
      "transform_matrix": [
        [
          -0.817846,
          -0.415743,
          0.397852,
          4.797574
        ],
        [
          -0.571582,
          0.507018,
          -0.645157,
          9.302017
        ],
        [
          0.066501,
          -0.755044,
          -0.652293,
          1.413392
        ],
        [
          0.0,
          0.0,
          0.0,
          1.0
        ]
      ]
    },
    {
      "file_path": "/media/NFS/ttao/scannet/posed_images/scene0079_00/00038.jpg",
      "transform_matrix": [
        [
          -0.777171,
          -0.417786,
          0.470594,
          4.731359
        ],
        [
          -0.627877,
          0.464737,
          -0.624332,
          9.337854
        ],
        [
          0.042135,
          -0.780689,
          -0.623498,
          1.432077
        ],
        [
          0.0,
          0.0,
          0.0,
          1.0
        ]
      ]
    },
    {
      "file_path": "/media/NFS/ttao/scannet/posed_images/scene0079_00/00039.jpg",
      "transform_matrix": [
        [
          -0.76965,
          -0.418478,
          0.482198,
          4.716833
        ],
        [
          -0.63724,
          0.456717,
          -0.620753,
          9.343169
        ],
        [
          0.039543,
          -0.785039,
          -0.618183,
          1.432818
        ],
        [
          0.0,
          0.0,
          0.0,
          1.0
        ]
      ]
    },
    {
      "file_path": "/media/NFS/ttao/scannet/posed_images/scene0079_00/00045.jpg",
      "transform_matrix": [
        [
          -0.715701,
          -0.43407,
          0.547134,
          4.623941
        ],
        [
          -0.697798,
          0.41173,
          -0.586136,
          9.336501
        ],
        [
          0.029153,
          -0.801288,
          -0.597569,
          1.458526
        ],
        [
          0.0,
          0.0,
          0.0,
          1.0
        ]
      ]
    },
    {
      "file_path": "/media/NFS/ttao/scannet/posed_images/scene0079_00/00047.jpg",
      "transform_matrix": [
        [
          -0.705138,
          -0.437283,
          0.55818,
          4.599728
        ],
        [
          -0.708194,
          0.395188,
          -0.585054,
          9.344542
        ],
        [
          0.035248,
          -0.807843,
          -0.588343,
          1.462587
        ],
        [
          0.0,
          0.0,
          0.0,
          1.0
        ]
      ]
    },
    {
      "file_path": "/media/NFS/ttao/scannet/posed_images/scene0079_00/00054.jpg",
      "transform_matrix": [
        [
          -0.652147,
          -0.437656,
          0.619,
          4.533596
        ],
        [
          -0.757705,
          0.350205,
          -0.550672,
          9.356073
        ],
        [
          0.024228,
          -0.828138,
          -0.56,
          1.492504
        ],
        [
          0.0,
          0.0,
          0.0,
          1.0
        ]
      ]
    },
    {
      "file_path": "/media/NFS/ttao/scannet/posed_images/scene0079_00/00055.jpg",
      "transform_matrix": [
        [
          -0.651754,
          -0.432772,
          0.622836,
          4.529666
        ],
        [
          -0.758099,
          0.347479,
          -0.551855,
          9.362185
        ],
        [
          0.022405,
          -0.831846,
          -0.554555,
          1.493395
        ],
        [
          0.0,
          0.0,
          0.0,
          1.0
        ]
      ]
    },
    {
      "file_path": "/media/NFS/ttao/scannet/posed_images/scene0079_00/00061.jpg",
      "transform_matrix": [
        [
          -0.659611,
          -0.395795,
          0.638952,
          4.506059
        ],
        [
          -0.751221,
          0.319911,
          -0.577343,
          9.375433
        ],
        [
          0.024102,
          -0.860816,
          -0.508346,
          1.502413
        ],
        [
          0.0,
          0.0,
          0.0,
          1.0
        ]
      ]
    },
    {
      "file_path": "/media/NFS/ttao/scannet/posed_images/scene0079_00/00065.jpg",
      "transform_matrix": [
        [
          -0.66294,
          -0.395418,
          0.635732,
          4.51002
        ],
        [
          -0.748437,
          0.328731,
          -0.576002,
          9.378557
        ],
        [
          0.018777,
          -0.85766,
          -0.513874,
          1.505674
        ],
        [
          0.0,
          0.0,
          0.0,
          1.0
        ]
      ]
    },
    {
      "file_path": "/media/NFS/ttao/scannet/posed_images/scene0079_00/00067.jpg",
      "transform_matrix": [
        [
          -0.670441,
          -0.396835,
          0.626922,
          4.51294
        ],
        [
          -0.741713,
          0.336533,
          -0.580179,
          9.38167
        ],
        [
          0.019256,
          -0.853972,
          -0.519963,
          1.504189
        ],
        [
          0.0,
          0.0,
          0.0,
          1.0
        ]
      ]
    },
    {
      "file_path": "/media/NFS/ttao/scannet/posed_images/scene0079_00/00072.jpg",
      "transform_matrix": [
        [
          -0.692097,
          -0.381294,
          0.612876,
          4.495847
        ],
        [
          -0.721799,
          0.362156,
          -0.589788,
          9.350615
        ],
        [
          0.002926,
          -0.850563,
          -0.525865,
          1.5063
        ],
        [
          0.0,
          0.0,
          0.0,
          1.0
        ]
      ]
    },
    {
      "file_path": "/media/NFS/ttao/scannet/posed_images/scene0079_00/00075.jpg",
      "transform_matrix": [
        [
          -0.699749,
          -0.365104,
          0.614044,
          4.484367
        ],
        [
          -0.714222,
          0.376103,
          -0.590282,
          9.325102
        ],
        [
          -0.01543,
          -0.851613,
          -0.523943,
          1.513659
        ],
        [
          0.0,
          0.0,
          0.0,
          1.0
        ]
      ]
    },
    {
      "file_path": "/media/NFS/ttao/scannet/posed_images/scene0079_00/00079.jpg",
      "transform_matrix": [
        [
          -0.705664,
          -0.352366,
          0.614716,
          4.456969
        ],
        [
          -0.708033,
          0.383722,
          -0.59283,
          9.279292
        ],
        [
          -0.026987,
          -0.853578,
          -0.520266,
          1.514896
        ],
        [
          0.0,
          0.0,
          0.0,
          1.0
        ]
      ]
    },
    {
      "file_path": "/media/NFS/ttao/scannet/posed_images/scene0079_00/00083.jpg",
      "transform_matrix": [
        [
          -0.70914,
          -0.355052,
          0.609145,
          4.424811
        ],
        [
          -0.704858,
          0.378054,
          -0.600209,
          9.220142
        ],
        [
          -0.017184,
          -0.854993,
          -0.518354,
          1.511399
        ],
        [
          0.0,
          0.0,
          0.0,
          1.0
        ]
      ]
    },
    {
      "file_path": "/media/NFS/ttao/scannet/posed_images/scene0079_00/00087.jpg",
      "transform_matrix": [
        [
          -0.704796,
          -0.37732,
          0.600743,
          4.391846
        ],
        [
          -0.7094,
          0.370356,
          -0.599657,
          9.140912
        ],
        [
          0.003774,
          -0.848803,
          -0.528696,
          1.51546
        ],
        [
          0.0,
          0.0,
          0.0,
          1.0
        ]
      ]
    },
    {
      "file_path": "/media/NFS/ttao/scannet/posed_images/scene0079_00/00091.jpg",
      "transform_matrix": [
        [
          -0.698779,
          -0.397365,
          0.594818,
          4.326206
        ],
        [
          -0.715014,
          0.362995,
          -0.597486,
          9.029779
        ],
        [
          0.021505,
          -0.842814,
          -0.537775,
          1.517246
        ],
        [
          0.0,
          0.0,
          0.0,
          1.0
        ]
      ]
    },
    {
      "file_path": "/media/NFS/ttao/scannet/posed_images/scene0079_00/00096.jpg",
      "transform_matrix": [
        [
          -0.739532,
          -0.375046,
          0.558956,
          4.289887
        ],
        [
          -0.672954,
          0.393464,
          -0.626353,
          8.935988
        ],
        [
          0.014982,
          -0.839361,
          -0.543368,
          1.520621
        ],
        [
          0.0,
          0.0,
          0.0,
          1.0
        ]
      ]
    },
    {
      "file_path": "/media/NFS/ttao/scannet/posed_images/scene0079_00/00100.jpg",
      "transform_matrix": [
        [
          -0.770912,
          -0.34881,
          0.532942,
          4.280863
        ],
        [
          -0.636909,
          0.413609,
          -0.650596,
          8.866461
        ],
        [
          0.006504,
          -0.840987,
          -0.541016,
          1.529401
        ],
        [
          0.0,
          0.0,
          0.0,
          1.0
        ]
      ]
    },
    {
      "file_path": "/media/NFS/ttao/scannet/posed_images/scene0079_00/00103.jpg",
      "transform_matrix": [
        [
          -0.783293,
          -0.33252,
          0.525245,
          4.266949
        ],
        [
          -0.621653,
          0.418797,
          -0.661935,
          8.808117
        ],
        [
          0.000135,
          -0.845009,
          -0.534753,
          1.525145
        ],
        [
          0.0,
          0.0,
          0.0,
          1.0
        ]
      ]
    },
    {
      "file_path": "/media/NFS/ttao/scannet/posed_images/scene0079_00/00110.jpg",
      "transform_matrix": [
        [
          -0.80893,
          -0.316818,
          0.495235,
          4.275317
        ],
        [
          -0.587432,
          0.40181,
          -0.702476,
          8.679375
        ],
        [
          0.023567,
          -0.859171,
          -0.511145,
          1.529576
        ],
        [
          0.0,
          0.0,
          0.0,
          1.0
        ]
      ]
    },
    {
      "file_path": "/media/NFS/ttao/scannet/posed_images/scene0079_00/00114.jpg",
      "transform_matrix": [
        [
          -0.819465,
          -0.306437,
          0.484328,
          4.260258
        ],
        [
          -0.572748,
          0.407058,
          -0.711522,
          8.592291
        ],
        [
          0.020887,
          -0.860465,
          -0.509081,
          1.531995
        ],
        [
          0.0,
          0.0,
          0.0,
          1.0
        ]
      ]
    },
    {
      "file_path": "/media/NFS/ttao/scannet/posed_images/scene0079_00/00117.jpg",
      "transform_matrix": [
        [
          -0.830239,
          -0.292241,
          0.474656,
          4.249023
        ],
        [
          -0.557408,
          0.434795,
          -0.707284,
          8.511048
        ],
        [
          0.000319,
          -0.851791,
          -0.523881,
          1.530831
        ],
        [
          0.0,
          0.0,
          0.0,
          1.0
        ]
      ]
    },
    {
      "file_path": "/media/NFS/ttao/scannet/posed_images/scene0079_00/00120.jpg",
      "transform_matrix": [
        [
          -0.832949,
          -0.284065,
          0.474871,
          4.245647
        ],
        [
          -0.553281,
          0.441006,
          -0.706678,
          8.459895
        ],
        [
          -0.008679,
          -0.851364,
          -0.524503,
          1.529347
        ],
        [
          0.0,
          0.0,
          0.0,
          1.0
        ]
      ]
    },
    {
      "file_path": "/media/NFS/ttao/scannet/posed_images/scene0079_00/00123.jpg",
      "transform_matrix": [
        [
          -0.829324,
          -0.293517,
          0.475468,
          4.230448
        ],
        [
          -0.558722,
          0.446606,
          -0.698837,
          8.396695
        ],
        [
          -0.007226,
          -0.845217,
          -0.534375,
          1.523356
        ],
        [
          0.0,
          0.0,
          0.0,
          1.0
        ]
      ]
    },
    {
      "file_path": "/media/NFS/ttao/scannet/posed_images/scene0079_00/00127.jpg",
      "transform_matrix": [
        [
          -0.821143,
          -0.296645,
          0.487571,
          4.195993
        ],
        [
          -0.570671,
          0.43822,
          -0.694477,
          8.299856
        ],
        [
          -0.00765,
          -0.848508,
          -0.529128,
          1.53213
        ],
        [
          0.0,
          0.0,
          0.0,
          1.0
        ]
      ]
    },
    {
      "file_path": "/media/NFS/ttao/scannet/posed_images/scene0079_00/00134.jpg",
      "transform_matrix": [
        [
          -0.817021,
          -0.291423,
          0.497544,
          4.125774
        ],
        [
          -0.576608,
          0.411581,
          -0.705779,
          8.134745
        ],
        [
          0.000901,
          -0.863524,
          -0.504307,
          1.562797
        ],
        [
          0.0,
          0.0,
          0.0,
          1.0
        ]
      ]
    },
    {
      "file_path": "/media/NFS/ttao/scannet/posed_images/scene0079_00/00138.jpg",
      "transform_matrix": [
        [
          -0.805328,
          -0.287735,
          0.518319,
          4.093007
        ],
        [
          -0.592672,
          0.410923,
          -0.692735,
          8.041925
        ],
        [
          -0.013665,
          -0.865073,
          -0.501461,
          1.570169
        ],
        [
          0.0,
          0.0,
          0.0,
          1.0
        ]
      ]
    },
    {
      "file_path": "/media/NFS/ttao/scannet/posed_images/scene0079_00/00139.jpg",
      "transform_matrix": [
        [
          -0.807046,
          -0.288464,
          0.515233,
          4.087157
        ],
        [
          -0.590312,
          0.415439,
          -0.692056,
          8.019652
        ],
        [
          -0.014415,
          -0.86267,
          -0.505563,
          1.572595
        ],
        [
          0.0,
          0.0,
          0.0,
          1.0
        ]
      ]
    },
    {
      "file_path": "/media/NFS/ttao/scannet/posed_images/scene0079_00/00142.jpg",
      "transform_matrix": [
        [
          -0.817723,
          -0.283585,
          0.500908,
          4.0765
        ],
        [
          -0.575488,
          0.420818,
          -0.701231,
          7.96451
        ],
        [
          -0.011932,
          -0.861679,
          -0.507313,
          1.578265
        ],
        [
          0.0,
          0.0,
          0.0,
          1.0
        ]
      ]
    },
    {
      "file_path": "/media/NFS/ttao/scannet/posed_images/scene0079_00/00150.jpg",
      "transform_matrix": [
        [
          -0.816069,
          -0.25026,
          0.520962,
          4.053408
        ],
        [
          -0.577944,
          0.358851,
          -0.732945,
          7.821679
        ],
        [
          -0.003521,
          -0.89922,
          -0.437483,
          1.585171
        ],
        [
          0.0,
          0.0,
          0.0,
          1.0
        ]
      ]
    },
    {
      "file_path": "/media/NFS/ttao/scannet/posed_images/scene0079_00/00153.jpg",
      "transform_matrix": [
        [
          -0.805425,
          -0.264778,
          0.530267,
          4.041131
        ],
        [
          -0.592572,
          0.341325,
          -0.729627,
          7.758923
        ],
        [
          0.012196,
          -0.901881,
          -0.431812,
          1.582847
        ],
        [
          0.0,
          0.0,
          0.0,
          1.0
        ]
      ]
    },
    {
      "file_path": "/media/NFS/ttao/scannet/posed_images/scene0079_00/00154.jpg",
      "transform_matrix": [
        [
          -0.801228,
          -0.270559,
          0.533696,
          4.032487
        ],
        [
          -0.598168,
          0.339606,
          -0.725853,
          7.735134
        ],
        [
          0.01514,
          -0.900814,
          -0.433942,
          1.580018
        ],
        [
          0.0,
          0.0,
          0.0,
          1.0
        ]
      ]
    },
    {
      "file_path": "/media/NFS/ttao/scannet/posed_images/scene0079_00/00161.jpg",
      "transform_matrix": [
        [
          -0.823306,
          -0.243176,
          0.512867,
          3.978816
        ],
        [
          -0.567575,
          0.360814,
          -0.740049,
          7.567032
        ],
        [
          -0.005088,
          -0.900377,
          -0.43508,
          1.591727
        ],
        [
          0.0,
          0.0,
          0.0,
          1.0
        ]
      ]
    },
    {
      "file_path": "/media/NFS/ttao/scannet/posed_images/scene0079_00/00164.jpg",
      "transform_matrix": [
        [
          -0.822312,
          -0.231495,
          0.51982,
          3.948627
        ],
        [
          -0.568882,
          0.355795,
          -0.741474,
          7.509682
        ],
        [
          -0.013302,
          -0.905439,
          -0.424267,
          1.585337
        ],
        [
          0.0,
          0.0,
          0.0,
          1.0
        ]
      ]
    },
    {
      "file_path": "/media/NFS/ttao/scannet/posed_images/scene0079_00/00170.jpg",
      "transform_matrix": [
        [
          -0.775267,
          -0.248814,
          0.580562,
          3.851712
        ],
        [
          -0.631553,
          0.320086,
          -0.706177,
          7.354044
        ],
        [
          -0.010123,
          -0.914131,
          -0.405292,
          1.575268
        ],
        [
          0.0,
          0.0,
          0.0,
          1.0
        ]
      ]
    },
    {
      "file_path": "/media/NFS/ttao/scannet/posed_images/scene0079_00/00173.jpg",
      "transform_matrix": [
        [
          -0.752293,
          -0.257275,
          0.606519,
          3.805085
        ],
        [
          -0.658646,
          0.315398,
          -0.683161,
          7.277069
        ],
        [
          -0.015534,
          -0.913418,
          -0.406725,
          1.582128
        ],
        [
          0.0,
          0.0,
          0.0,
          1.0
        ]
      ]
    },
    {
      "file_path": "/media/NFS/ttao/scannet/posed_images/scene0079_00/00175.jpg",
      "transform_matrix": [
        [
          -0.743783,
          -0.26077,
          0.615456,
          3.777549
        ],
        [
          -0.668245,
          0.311276,
          -0.67569,
          7.225249
        ],
        [
          -0.015377,
          -0.913842,
          -0.40578,
          1.592247
        ],
        [
          0.0,
          0.0,
          0.0,
          1.0
        ]
      ]
    },
    {
      "file_path": "/media/NFS/ttao/scannet/posed_images/scene0079_00/00179.jpg",
      "transform_matrix": [
        [
          -0.72616,
          -0.245682,
          0.642131,
          3.734077
        ],
        [
          -0.686311,
          0.31454,
          -0.655776,
          7.144278
        ],
        [
          -0.040863,
          -0.916899,
          -0.397021,
          1.599417
        ],
        [
          0.0,
          0.0,
          0.0,
          1.0
        ]
      ]
    },
    {
      "file_path": "/media/NFS/ttao/scannet/posed_images/scene0079_00/00183.jpg",
      "transform_matrix": [
        [
          -0.711868,
          -0.23945,
          0.660233,
          3.665603
        ],
        [
          -0.699664,
          0.323369,
          -0.637105,
          7.018725
        ],
        [
          -0.060944,
          -0.915476,
          -0.397731,
          1.576993
        ],
        [
          0.0,
          0.0,
          0.0,
          1.0
        ]
      ]
    },
    {
      "file_path": "/media/NFS/ttao/scannet/posed_images/scene0079_00/00187.jpg",
      "transform_matrix": [
        [
          -0.712682,
          -0.255678,
          0.653233,
          3.650685
        ],
        [
          -0.700031,
          0.319185,
          -0.638809,
          6.918279
        ],
        [
          -0.045172,
          -0.912551,
          -0.40646,
          1.57461
        ],
        [
          0.0,
          0.0,
          0.0,
          1.0
        ]
      ]
    },
    {
      "file_path": "/media/NFS/ttao/scannet/posed_images/scene0079_00/00190.jpg",
      "transform_matrix": [
        [
          -0.708733,
          -0.274775,
          0.649766,
          3.653253
        ],
        [
          -0.705269,
          0.298298,
          -0.643128,
          6.851707
        ],
        [
          -0.017108,
          -0.914066,
          -0.405204,
          1.569433
        ],
        [
          0.0,
          0.0,
          0.0,
          1.0
        ]
      ]
    },
    {
      "file_path": "/media/NFS/ttao/scannet/posed_images/scene0079_00/00195.jpg",
      "transform_matrix": [
        [
          -0.686823,
          -0.296245,
          0.663712,
          3.635775
        ],
        [
          -0.726573,
          0.303895,
          -0.61623,
          6.723574
        ],
        [
          -0.019144,
          -0.905476,
          -0.423966,
          1.557572
        ],
        [
          0.0,
          0.0,
          0.0,
          1.0
        ]
      ]
    },
    {
      "file_path": "/media/NFS/ttao/scannet/posed_images/scene0079_00/00200.jpg",
      "transform_matrix": [
        [
          -0.662952,
          -0.308811,
          0.682005,
          3.631666
        ],
        [
          -0.748022,
          0.310896,
          -0.586351,
          6.586705
        ],
        [
          -0.03096,
          -0.898877,
          -0.437107,
          1.588156
        ],
        [
          0.0,
          0.0,
          0.0,
          1.0
        ]
      ]
    },
    {
      "file_path": "/media/NFS/ttao/scannet/posed_images/scene0079_00/00202.jpg",
      "transform_matrix": [
        [
          -0.645032,
          -0.313222,
          0.697011,
          3.622031
        ],
        [
          -0.763563,
          0.300082,
          -0.571771,
          6.546556
        ],
        [
          -0.030069,
          -0.901023,
          -0.432728,
          1.585755
        ],
        [
          0.0,
          0.0,
          0.0,
          1.0
        ]
      ]
    },
    {
      "file_path": "/media/NFS/ttao/scannet/posed_images/scene0079_00/00208.jpg",
      "transform_matrix": [
        [
          -0.575488,
          -0.355202,
          0.736645,
          3.584162
        ],
        [
          -0.81756,
          0.272195,
          -0.507451,
          6.400139
        ],
        [
          -0.020263,
          -0.894283,
          -0.447043,
          1.57991
        ],
        [
          0.0,
          0.0,
          0.0,
          1.0
        ]
      ]
    },
    {
      "file_path": "/media/NFS/ttao/scannet/posed_images/scene0079_00/00212.jpg",
      "transform_matrix": [
        [
          -0.549175,
          -0.378854,
          0.744901,
          3.539514
        ],
        [
          -0.835555,
          0.265962,
          -0.480742,
          6.279573
        ],
        [
          -0.015985,
          -0.886416,
          -0.462613,
          1.56719
        ],
        [
          0.0,
          0.0,
          0.0,
          1.0
        ]
      ]
    },
    {
      "file_path": "/media/NFS/ttao/scannet/posed_images/scene0079_00/00218.jpg",
      "transform_matrix": [
        [
          -0.50303,
          -0.364374,
          0.783704,
          3.51421
        ],
        [
          -0.863327,
          0.254179,
          -0.435959,
          6.163002
        ],
        [
          -0.040349,
          -0.895893,
          -0.442434,
          1.575989
        ],
        [
          0.0,
          0.0,
          0.0,
          1.0
        ]
      ]
    },
    {
      "file_path": "/media/NFS/ttao/scannet/posed_images/scene0079_00/00220.jpg",
      "transform_matrix": [
        [
          -0.493356,
          -0.372132,
          0.786204,
          3.513967
        ],
        [
          -0.868642,
          0.25796,
          -0.422988,
          6.12597
        ],
        [
          -0.045402,
          -0.891614,
          -0.450515,
          1.588699
        ],
        [
          0.0,
          0.0,
          0.0,
          1.0
        ]
      ]
    },
    {
      "file_path": "/media/NFS/ttao/scannet/posed_images/scene0079_00/00222.jpg",
      "transform_matrix": [
        [
          -0.491832,
          -0.374238,
          0.78616,
          3.513308
        ],
        [
          -0.86929,
          0.262239,
          -0.419005,
          6.090656
        ],
        [
          -0.049354,
          -0.889481,
          -0.454299,
          1.585484
        ],
        [
          0.0,
          0.0,
          0.0,
          1.0
        ]
      ]
    },
    {
      "file_path": "/media/NFS/ttao/scannet/posed_images/scene0079_00/00227.jpg",
      "transform_matrix": [
        [
          -0.509628,
          -0.377814,
          0.773004,
          3.516691
        ],
        [
          -0.859441,
          0.265834,
          -0.436684,
          5.995787
        ],
        [
          -0.040505,
          -0.886898,
          -0.460186,
          1.575812
        ],
        [
          0.0,
          0.0,
          0.0,
          1.0
        ]
      ]
    },
    {
      "file_path": "/media/NFS/ttao/scannet/posed_images/scene0079_00/00233.jpg",
      "transform_matrix": [
        [
          -0.52885,
          -0.410986,
          0.742568,
          3.54414
        ],
        [
          -0.84862,
          0.269177,
          -0.455399,
          5.892981
        ],
        [
          -0.01272,
          -0.870996,
          -0.491126,
          1.569445
        ],
        [
          0.0,
          0.0,
          0.0,
          1.0
        ]
      ]
    },
    {
      "file_path": "/media/NFS/ttao/scannet/posed_images/scene0079_00/00234.jpg",
      "transform_matrix": [
        [
          -0.530438,
          -0.417484,
          0.737796,
          3.54986
        ],
        [
          -0.84769,
          0.268994,
          -0.457235,
          5.872957
        ],
        [
          -0.007574,
          -0.867957,
          -0.496581,
          1.572344
        ],
        [
          0.0,
          0.0,
          0.0,
          1.0
        ]
      ]
    },
    {
      "file_path": "/media/NFS/ttao/scannet/posed_images/scene0079_00/00242.jpg",
      "transform_matrix": [
        [
          -0.565303,
          -0.403381,
          0.719525,
          3.558239
        ],
        [
          -0.824706,
          0.294479,
          -0.482848,
          5.728958
        ],
        [
          -0.017114,
          -0.866352,
          -0.499141,
          1.588385
        ],
        [
          0.0,
          0.0,
          0.0,
          1.0
        ]
      ]
    },
    {
      "file_path": "/media/NFS/ttao/scannet/posed_images/scene0079_00/00244.jpg",
      "transform_matrix": [
        [
          -0.556505,
          -0.399547,
          0.728467,
          3.553689
        ],
        [
          -0.830454,
          0.294342,
          -0.472978,
          5.699046
        ],
        [
          -0.025441,
          -0.868173,
          -0.495609,
          1.58906
        ],
        [
          0.0,
          0.0,
          0.0,
          1.0
        ]
      ]
    },
    {
      "file_path": "/media/NFS/ttao/scannet/posed_images/scene0079_00/00249.jpg",
      "transform_matrix": [
        [
          -0.533351,
          -0.407526,
          0.741255,
          3.534286
        ],
        [
          -0.845615,
          0.279375,
          -0.454846,
          5.609045
        ],
        [
          -0.021726,
          -0.869409,
          -0.493615,
          1.600912
        ],
        [
          0.0,
          0.0,
          0.0,
          1.0
        ]
      ]
    },
    {
      "file_path": "/media/NFS/ttao/scannet/posed_images/scene0079_00/00250.jpg",
      "transform_matrix": [
        [
          -0.527317,
          -0.409837,
          0.744292,
          3.528271
        ],
        [
          -0.849449,
          0.27423,
          -0.450816,
          5.592115
        ],
        [
          -0.019346,
          -0.869961,
          -0.492742,
          1.600551
        ],
        [
          0.0,
          0.0,
          0.0,
          1.0
        ]
      ]
    },
    {
      "file_path": "/media/NFS/ttao/scannet/posed_images/scene0079_00/00257.jpg",
      "transform_matrix": [
        [
          -0.530532,
          -0.415406,
          0.738901,
          3.482172
        ],
        [
          -0.847283,
          0.28604,
          -0.447541,
          5.460365
        ],
        [
          -0.025444,
          -0.863493,
          -0.503719,
          1.614415
        ],
        [
          0.0,
          0.0,
          0.0,
          1.0
        ]
      ]
    },
    {
      "file_path": "/media/NFS/ttao/scannet/posed_images/scene0079_00/00258.jpg",
      "transform_matrix": [
        [
          -0.536575,
          -0.414246,
          0.735178,
          3.476137
        ],
        [
          -0.84345,
          0.290189,
          -0.452088,
          5.44359
        ],
        [
          -0.026065,
          -0.862665,
          -0.505104,
          1.616206
        ],
        [
          0.0,
          0.0,
          0.0,
          1.0
        ]
      ]
    },
    {
      "file_path": "/media/NFS/ttao/scannet/posed_images/scene0079_00/00264.jpg",
      "transform_matrix": [
        [
          -0.577613,
          -0.403193,
          0.709787,
          3.457822
        ],
        [
          -0.815339,
          0.327358,
          -0.477555,
          5.366199
        ],
        [
          -0.039808,
          -0.854559,
          -0.517826,
          1.619823
        ],
        [
          0.0,
          0.0,
          0.0,
          1.0
        ]
      ]
    },
    {
      "file_path": "/media/NFS/ttao/scannet/posed_images/scene0079_00/00269.jpg",
      "transform_matrix": [
        [
          -0.606687,
          -0.37093,
          0.703094,
          3.449252
        ],
        [
          -0.793878,
          0.328436,
          -0.51175,
          5.315096
        ],
        [
          -0.041098,
          -0.868643,
          -0.493732,
          1.626153
        ],
        [
          0.0,
          0.0,
          0.0,
          1.0
        ]
      ]
    },
    {
      "file_path": "/media/NFS/ttao/scannet/posed_images/scene0079_00/00270.jpg",
      "transform_matrix": [
        [
          -0.609659,
          -0.373153,
          0.699337,
          3.458424
        ],
        [
          -0.791716,
          0.329782,
          -0.514227,
          5.309358
        ],
        [
          -0.038743,
          -0.86718,
          -0.496486,
          1.640314
        ],
        [
          0.0,
          0.0,
          0.0,
          1.0
        ]
      ]
    },
    {
      "file_path": "/media/NFS/ttao/scannet/posed_images/scene0079_00/00275.jpg",
      "transform_matrix": [
        [
          -0.645717,
          -0.35539,
          0.675831,
          3.475217
        ],
        [
          -0.763284,
          0.32494,
          -0.558401,
          5.251275
        ],
        [
          -0.021154,
          -0.87642,
          -0.481083,
          1.663504
        ],
        [
          0.0,
          0.0,
          0.0,
          1.0
        ]
      ]
    },
    {
      "file_path": "/media/NFS/ttao/scannet/posed_images/scene0079_00/00281.jpg",
      "transform_matrix": [
        [
          -0.696225,
          -0.324876,
          0.640098,
          3.4884
        ],
        [
          -0.717717,
          0.299691,
          -0.628544,
          5.203044
        ],
        [
          0.012367,
          -0.897018,
          -0.441822,
          1.656514
        ],
        [
          0.0,
          0.0,
          0.0,
          1.0
        ]
      ]
    },
    {
      "file_path": "/media/NFS/ttao/scannet/posed_images/scene0079_00/00285.jpg",
      "transform_matrix": [
        [
          -0.720278,
          -0.317424,
          0.6168,
          3.520397
        ],
        [
          -0.69333,
          0.300924,
          -0.654781,
          5.176678
        ],
        [
          0.022233,
          -0.89927,
          -0.436828,
          1.655688
        ],
        [
          0.0,
          0.0,
          0.0,
          1.0
        ]
      ]
    },
    {
      "file_path": "/media/NFS/ttao/scannet/posed_images/scene0079_00/00289.jpg",
      "transform_matrix": [
        [
          -0.751834,
          -0.30642,
          0.583826,
          3.547177
        ],
        [
          -0.658804,
          0.312992,
          -0.684115,
          5.137909
        ],
        [
          0.026893,
          -0.898968,
          -0.437189,
          1.65875
        ],
        [
          0.0,
          0.0,
          0.0,
          1.0
        ]
      ]
    },
    {
      "file_path": "/media/NFS/ttao/scannet/posed_images/scene0079_00/00293.jpg",
      "transform_matrix": [
        [
          -0.765383,
          -0.30443,
          0.567019,
          3.557431
        ],
        [
          -0.643354,
          0.338827,
          -0.686507,
          5.100657
        ],
        [
          0.016872,
          -0.890235,
          -0.455189,
          1.633975
        ],
        [
          0.0,
          0.0,
          0.0,
          1.0
        ]
      ]
    },
    {
      "file_path": "/media/NFS/ttao/scannet/posed_images/scene0079_00/00297.jpg",
      "transform_matrix": [
        [
          -0.767196,
          -0.310133,
          0.561452,
          3.578645
        ],
        [
          -0.641321,
          0.356041,
          -0.679664,
          5.062605
        ],
        [
          0.010886,
          -0.881506,
          -0.472047,
          1.619345
        ],
        [
          0.0,
          0.0,
          0.0,
          1.0
        ]
      ]
    },
    {
      "file_path": "/media/NFS/ttao/scannet/posed_images/scene0079_00/00300.jpg",
      "transform_matrix": [
        [
          -0.763796,
          -0.327745,
          0.556055,
          3.614166
        ],
        [
          -0.645216,
          0.364163,
          -0.671626,
          5.019358
        ],
        [
          0.017628,
          -0.871762,
          -0.489613,
          1.629875
        ],
        [
          0.0,
          0.0,
          0.0,
          1.0
        ]
      ]
    },
    {
      "file_path": "/media/NFS/ttao/scannet/posed_images/scene0079_00/00305.jpg",
      "transform_matrix": [
        [
          -0.750555,
          -0.333174,
          0.570668,
          3.638276
        ],
        [
          -0.660554,
          0.354365,
          -0.661886,
          4.921781
        ],
        [
          0.018299,
          -0.873739,
          -0.48605,
          1.629963
        ],
        [
          0.0,
          0.0,
          0.0,
          1.0
        ]
      ]
    },
    {
      "file_path": "/media/NFS/ttao/scannet/posed_images/scene0079_00/00307.jpg",
      "transform_matrix": [
        [
          -0.744291,
          -0.338536,
          0.575694,
          3.643711
        ],
        [
          -0.667628,
          0.354666,
          -0.654587,
