{
  "frames": [
    {
      "file_path": "/media/NFS/ttao/scannet/posed_images/scene0386_00/00000.jpg",
      "transform_matrix": [
        [
          -0.329111,
          -0.260862,
          0.907544,
          1.288097
        ],
        [
          -0.944005,
          0.06722,
          -0.323012,
          6.412895
        ],
        [
          0.023256,
          -0.963033,
          -0.268377,
          1.812542
        ],
        [
          0.0,
          0.0,
          0.0,
          1.0
        ]
      ]
    },
    {
      "file_path": "/media/NFS/ttao/scannet/posed_images/scene0386_00/00010.jpg",
      "transform_matrix": [
        [
          -0.288873,
          -0.308462,
          0.906313,
          1.323375
        ],
        [
          -0.954217,
          0.016028,
          -0.298686,
          6.454837
        ],
        [
          0.077607,
          -0.951101,
          -0.29897,
          1.7758
        ],
        [
          0.0,
          0.0,
          0.0,
          1.0
        ]
      ]
    },
    {
      "file_path": "/media/NFS/ttao/scannet/posed_images/scene0386_00/00017.jpg",
      "transform_matrix": [
        [
          -0.260488,
          -0.32218,
          0.910135,
          1.373225
        ],
        [
          -0.962363,
          0.010994,
          -0.271544,
          6.473737
        ],
        [
          0.07748,
          -0.946614,
          -0.312919,
          1.75166
        ],
        [
          0.0,
          0.0,
          0.0,
          1.0
        ]
      ]
    },
    {
      "file_path": "/media/NFS/ttao/scannet/posed_images/scene0386_00/00019.jpg",
      "transform_matrix": [
        [
          -0.25482,
          -0.327279,
          0.90992,
          1.386476
        ],
        [
          -0.963381,
          0.004719,
          -0.268094,
          6.475622
        ],
        [
          0.083447,
          -0.944916,
          -0.316497,
          1.745507
        ],
        [
          0.0,
          0.0,
          0.0,
          1.0
        ]
      ]
    },
    {
      "file_path": "/media/NFS/ttao/scannet/posed_images/scene0386_00/00027.jpg",
      "transform_matrix": [
        [
          -0.23603,
          -0.340123,
          0.910278,
          1.465861
        ],
        [
          -0.968385,
          0.004489,
          -0.24942,
          6.480618
        ],
        [
          0.080747,
          -0.94037,
          -0.33043,
          1.736156
        ],
        [
          0.0,
          0.0,
          0.0,
          1.0
        ]
      ]
    },
    {
      "file_path": "/media/NFS/ttao/scannet/posed_images/scene0386_00/00038.jpg",
      "transform_matrix": [
        [
          -0.21263,
          -0.353311,
          0.911021,
          1.561309
        ],
        [
          -0.975741,
          0.027026,
          -0.217255,
          6.478826
        ],
        [
          0.052138,
          -0.935115,
          -0.350487,
          1.713429
        ],
        [
          0.0,
          0.0,
          0.0,
          1.0
        ]
      ]
    },
    {
      "file_path": "/media/NFS/ttao/scannet/posed_images/scene0386_00/00040.jpg",
      "transform_matrix": [
        [
          -0.198771,
          -0.352126,
          0.914602,
          1.569599
        ],
        [
          -0.978705,
          0.022515,
          -0.204034,
          6.47332
        ],
        [
          0.051253,
          -0.935682,
          -0.349102,
          1.70214
        ],
        [
          0.0,
          0.0,
          0.0,
          1.0
        ]
      ]
    },
    {
      "file_path": "/media/NFS/ttao/scannet/posed_images/scene0386_00/00050.jpg",
      "transform_matrix": [
        [
          -0.051011,
          -0.373974,
          0.926035,
          1.681046
        ],
        [
          -0.996935,
          -0.036011,
          -0.069459,
          6.51022
        ],
        [
          0.059324,
          -0.92674,
          -0.370991,
          1.701563
        ],
        [
          0.0,
          0.0,
          0.0,
          1.0
        ]
      ]
    },
    {
      "file_path": "/media/NFS/ttao/scannet/posed_images/scene0386_00/00054.jpg",
      "transform_matrix": [
        [
          0.0455,
          -0.388554,
          0.920301,
          1.716045
        ],
        [
          -0.995399,
          -0.095394,
          0.008938,
          6.491466
        ],
        [
          0.084318,
          -0.916474,
          -0.391107,
          1.711534
        ],
        [
          0.0,
          0.0,
          0.0,
          1.0
        ]
      ]
    },
    {
      "file_path": "/media/NFS/ttao/scannet/posed_images/scene0386_00/00063.jpg",
      "transform_matrix": [
        [
          0.205679,
          -0.397319,
          0.894334,
          1.745966
        ],
        [
          -0.973919,
          -0.172568,
          0.147316,
          6.431462
        ],
        [
          0.095802,
          -0.901309,
          -0.42245,
          1.698498
        ],
        [
          0.0,
          0.0,
          0.0,
          1.0
        ]
      ]
    },
    {
      "file_path": "/media/NFS/ttao/scannet/posed_images/scene0386_00/00071.jpg",
      "transform_matrix": [
        [
          0.268053,
          -0.411902,
          0.87091,
          1.800562
        ],
        [
          -0.960057,
          -0.189493,
          0.205869,
          6.422558
        ],
        [
          0.080233,
          -0.891307,
          -0.446244,
          1.69833
        ],
        [
          0.0,
          0.0,
          0.0,
          1.0
        ]
      ]
    },
    {
      "file_path": "/media/NFS/ttao/scannet/posed_images/scene0386_00/00079.jpg",
      "transform_matrix": [
        [
          0.320802,
          -0.4069,
          0.855288,
          1.86968
        ],
        [
          -0.943314,
          -0.21841,
          0.249911,
          6.442852
        ],
        [
          0.085115,
          -0.886978,
          -0.453901,
          1.686039
        ],
        [
          0.0,
          0.0,
          0.0,
          1.0
        ]
      ]
    },
    {
      "file_path": "/media/NFS/ttao/scannet/posed_images/scene0386_00/00088.jpg",
      "transform_matrix": [
        [
          0.35035,
          -0.419637,
          0.837352,
          1.958616
        ],
        [
          -0.934207,
          -0.220678,
          0.280282,
          6.482565
        ],
        [
          0.067168,
          -0.880458,
          -0.469343,
          1.690094
        ],
        [
          0.0,
          0.0,
          0.0,
          1.0
        ]
      ]
    },
    {
      "file_path": "/media/NFS/ttao/scannet/posed_images/scene0386_00/00090.jpg",
      "transform_matrix": [
        [
          0.355629,
          -0.42146,
          0.834205,
          1.97878
        ],
        [
          -0.932789,
          -0.215995,
          0.288531,
          6.484742
        ],
        [
          0.058579,
          -0.880748,
          -0.469948,
          1.686688
        ],
        [
          0.0,
          0.0,
          0.0,
          1.0
        ]
      ]
    },
    {
      "file_path": "/media/NFS/ttao/scannet/posed_images/scene0386_00/00100.jpg",
      "transform_matrix": [
        [
          0.404132,
          -0.435256,
          0.804505,
          2.046088
        ],
        [
          -0.913782,
          -0.231519,
          0.333768,
          6.505533
        ],
        [
          0.040983,
          -0.870029,
          -0.491294,
          1.674499
        ],
        [
          0.0,
          0.0,
          0.0,
          1.0
        ]
      ]
    },
    {
      "file_path": "/media/NFS/ttao/scannet/posed_images/scene0386_00/00102.jpg",
      "transform_matrix": [
        [
          0.420852,
          -0.434615,
          0.796237,
          2.059528
        ],
        [
          -0.906286,
          -0.239281,
          0.348411,
          6.507817
        ],
        [
          0.0391,
          -0.868248,
          -0.494587,
          1.674567
        ],
        [
          0.0,
          0.0,
          0.0,
          1.0
        ]
      ]
    },
    {
      "file_path": "/media/NFS/ttao/scannet/posed_images/scene0386_00/00111.jpg",
      "transform_matrix": [
        [
          0.513905,
          -0.409071,
          0.754031,
          2.142807
        ],
        [
          -0.857045,
          -0.282836,
          0.430672,
          6.491721
        ],
        [
          0.037092,
          -0.867563,
          -0.495943,
          1.665643
        ],
        [
          0.0,
          0.0,
          0.0,
          1.0
        ]
      ]
    },
    {
      "file_path": "/media/NFS/ttao/scannet/posed_images/scene0386_00/00119.jpg",
      "transform_matrix": [
        [
          0.601825,
          -0.362356,
          0.711692,
          2.222858
        ],
        [
          -0.795534,
          -0.350376,
          0.494331,
          6.463089
        ],
        [
          0.070236,
          -0.863675,
          -0.499131,
          1.659499
        ],
        [
          0.0,
          0.0,
          0.0,
          1.0
        ]
      ]
    },
    {
      "file_path": "/media/NFS/ttao/scannet/posed_images/scene0386_00/00129.jpg",
      "transform_matrix": [
        [
          0.628116,
          -0.379414,
          0.679349,
          2.312062
        ],
        [
          -0.77671,
          -0.358257,
          0.518048,
          6.442072
        ],
        [
          0.046827,
          -0.853051,
          -0.519722,
          1.657154
        ],
        [
          0.0,
          0.0,
          0.0,
          1.0
        ]
      ]
    },
    {
      "file_path": "/media/NFS/ttao/scannet/posed_images/scene0386_00/00131.jpg",
      "transform_matrix": [
        [
          0.626576,
          -0.38309,
          0.678708,
          2.328421
        ],
        [
          -0.778272,
          -0.353576,
          0.518919,
          6.442697
        ],
        [
          0.041182,
          -0.853361,
          -0.519691,
          1.653805
        ],
        [
          0.0,
          0.0,
          0.0,
          1.0
        ]
      ]
    },
    {
      "file_path": "/media/NFS/ttao/scannet/posed_images/scene0386_00/00138.jpg",
      "transform_matrix": [
        [
          0.620792,
          -0.386938,
          0.681833,
          2.403156
        ],
        [
          -0.783143,
          -0.346122,
          0.51661,
          6.462865
        ],
        [
          0.036101,
          -0.85468,
          -0.517898,
          1.647125
        ],
        [
          0.0,
          0.0,
          0.0,
          1.0
        ]
      ]
    },
    {
      "file_path": "/media/NFS/ttao/scannet/posed_images/scene0386_00/00146.jpg",
      "transform_matrix": [
        [
          0.600674,
          -0.390288,
          0.697758,
          2.498757
        ],
        [
          -0.798941,
          -0.325494,
          0.505715,
          6.513659
        ],
        [
          0.029742,
          -0.861237,
          -0.507333,
          1.6389
        ],
        [
          0.0,
          0.0,
          0.0,
          1.0
        ]
      ]
    },
    {
      "file_path": "/media/NFS/ttao/scannet/posed_images/scene0386_00/00157.jpg",
      "transform_matrix": [
        [
          0.590821,
          -0.398541,
          0.701495,
          2.596616
        ],
        [
          -0.806711,
          -0.304922,
          0.506202,
          6.572176
        ],
        [
          0.012159,
          -0.864978,
          -0.501662,
          1.641413
        ],
        [
          0.0,
          0.0,
          0.0,
          1.0
        ]
      ]
    },
    {
      "file_path": "/media/NFS/ttao/scannet/posed_images/scene0386_00/00159.jpg",
      "transform_matrix": [
        [
          0.591258,
          -0.401339,
          0.699529,
          2.6136
        ],
        [
          -0.806383,
          -0.30785,
          0.504951,
          6.576728
        ],
        [
          0.012693,
          -0.862644,
          -0.505651,
          1.640861
        ],
        [
          0.0,
          0.0,
          0.0,
          1.0
        ]
      ]
    },
    {
      "file_path": "/media/NFS/ttao/scannet/posed_images/scene0386_00/00167.jpg",
      "transform_matrix": [
        [
          0.587867,
          -0.4067,
          0.69929,
          2.691152
        ],
        [
          -0.808951,
          -0.298921,
          0.506205,
          6.578921
        ],
        [
          0.003159,
          -0.863274,
          -0.504727,
          1.644306
        ],
        [
          0.0,
          0.0,
          0.0,
          1.0
        ]
      ]
    },
    {
      "file_path": "/media/NFS/ttao/scannet/posed_images/scene0386_00/00173.jpg",
      "transform_matrix": [
        [
          0.585966,
          -0.399233,
          0.705164,
          2.767515
        ],
        [
          -0.810322,
          -0.293568,
          0.507144,
          6.563956
        ],
        [
          0.004545,
          -0.868579,
          -0.495529,
          1.637905
        ],
        [
          0.0,
          0.0,
          0.0,
          1.0
        ]
      ]
    },
    {
      "file_path": "/media/NFS/ttao/scannet/posed_images/scene0386_00/00182.jpg",
      "transform_matrix": [
        [
          0.590991,
          -0.365445,
          0.719152,
          2.897115
        ],
        [
          -0.805225,
          -0.320732,
          0.498741,
          6.540008
        ],
        [
          0.048393,
          -0.873831,
          -0.483815,
          1.626881
        ],
        [
          0.0,
          0.0,
          0.0,
          1.0
        ]
      ]
    },
    {
      "file_path": "/media/NFS/ttao/scannet/posed_images/scene0386_00/00190.jpg",
      "transform_matrix": [
        [
          0.557148,
          -0.378888,
          0.738938,
          3.003957
        ],
        [
          -0.828707,
          -0.310689,
          0.465528,
          6.549839
        ],
        [
          0.053197,
          -0.871731,
          -0.487088,
          1.624975
        ],
        [
          0.0,
          0.0,
          0.0,
          1.0
        ]
      ]
    },
    {
      "file_path": "/media/NFS/ttao/scannet/posed_images/scene0386_00/00194.jpg",
      "transform_matrix": [
        [
          0.528406,
          -0.389237,
          0.754507,
          3.044828
        ],
        [
          -0.847269,
          -0.298352,
          0.439456,
          6.572974
        ],
        [
          0.054056,
          -0.871482,
          -0.48744,
          1.619722
        ],
        [
          0.0,
          0.0,
          0.0,
          1.0
        ]
      ]
    },
    {
      "file_path": "/media/NFS/ttao/scannet/posed_images/scene0386_00/00200.jpg",
      "transform_matrix": [
        [
          0.467405,
          -0.396372,
          0.790203,
          3.103663
        ],
        [
          -0.882123,
          -0.267997,
          0.387346,
          6.636525
        ],
        [
          0.058239,
          -0.878104,
          -0.474912,
          1.612136
        ],
        [
          0.0,
          0.0,
          0.0,
          1.0
        ]
      ]
    },
    {
      "file_path": "/media/NFS/ttao/scannet/posed_images/scene0386_00/00213.jpg",
      "transform_matrix": [
        [
          0.333306,
          -0.370779,
          0.86685,
          3.194807
        ],
        [
          -0.942818,
          -0.13093,
          0.306514,
          6.813164
        ],
        [
          -0.000152,
          -0.919446,
          -0.393217,
          1.636304
        ],
        [
          0.0,
          0.0,
          0.0,
          1.0
        ]
      ]
    },
    {
      "file_path": "/media/NFS/ttao/scannet/posed_images/scene0386_00/00217.jpg",
      "transform_matrix": [
        [
          0.335417,
          -0.3358,
          0.880189,
          3.21209
        ],
        [
          -0.942057,
          -0.124447,
          0.311515,
          6.85137
        ],
        [
          0.00493,
          -0.933676,
          -0.358085,
          1.647185
        ],
        [
          0.0,
          0.0,
          0.0,
          1.0
        ]
      ]
    },
    {
      "file_path": "/media/NFS/ttao/scannet/posed_images/scene0386_00/00221.jpg",
      "transform_matrix": [
        [
          0.331453,
          -0.304648,
          0.892933,
          3.250397
        ],
        [
          -0.943372,
          -0.120748,
          0.308979,
          6.878245
        ],
        [
          0.01369,
          -0.94478,
          -0.327419,
          1.660089
        ],
        [
          0.0,
          0.0,
          0.0,
          1.0
        ]
      ]
    },
    {
      "file_path": "/media/NFS/ttao/scannet/posed_images/scene0386_00/00227.jpg",
      "transform_matrix": [
        [
          0.310767,
          -0.286898,
          0.906153,
          3.297763
        ],
        [
          -0.950348,
          -0.110025,
          0.291088,
          6.90237
        ],
        [
          0.016187,
          -0.951622,
          -0.306845,
          1.661608
        ],
        [
          0.0,
          0.0,
          0.0,
          1.0
        ]
      ]
    },
    {
      "file_path": "/media/NFS/ttao/scannet/posed_images/scene0386_00/00240.jpg",
      "transform_matrix": [
        [
          0.176404,
          -0.296031,
          0.938747,
          3.425653
        ],
        [
          -0.98243,
          -0.111987,
          0.149298,
          6.915622
        ],
        [
          0.060931,
          -0.948591,
          -0.310585,
          1.646596
        ],
        [
          0.0,
          0.0,
          0.0,
          1.0
        ]
      ]
    },
    {
      "file_path": "/media/NFS/ttao/scannet/posed_images/scene0386_00/00246.jpg",
      "transform_matrix": [
        [
          0.078278,
          -0.308531,
          0.947988,
          3.46409
        ],
        [
          -0.994117,
          -0.095563,
          0.050985,
          6.899515
        ],
        [
          0.074862,
          -0.946402,
          -0.314196,
          1.647095
        ],
        [
          0.0,
          0.0,
          0.0,
          1.0
        ]
      ]
    },
    {
      "file_path": "/media/NFS/ttao/scannet/posed_images/scene0386_00/00255.jpg",
      "transform_matrix": [
        [
          -0.096206,
          -0.324206,
          0.941081,
          3.558022
        ],
        [
          -0.990003,
          -0.066811,
          -0.124224,
          6.90529
        ],
        [
          0.103148,
          -0.943624,
          -0.314538,
          1.632204
        ],
        [
          0.0,
          0.0,
          0.0,
          1.0
        ]
      ]
    },
    {
      "file_path": "/media/NFS/ttao/scannet/posed_images/scene0386_00/00257.jpg",
      "transform_matrix": [
        [
          -0.135861,
          -0.324986,
          0.935909,
          3.572278
        ],
        [
          -0.98487,
          -0.058274,
          -0.163204,
          6.905621
        ],
        [
          0.107578,
          -0.943922,
          -0.312151,
          1.621474
        ],
        [
          0.0,
          0.0,
          0.0,
          1.0
        ]
      ]
    },
    {
      "file_path": "/media/NFS/ttao/scannet/posed_images/scene0386_00/00267.jpg",
      "transform_matrix": [
        [
          -0.359078,
          -0.305638,
          0.881843,
          3.685945
        ],
        [
          -0.931671,
          0.061454,
          -0.358068,
          6.949609
        ],
        [
          0.055246,
          -0.950162,
          -0.306821,
          1.620317
        ],
        [
          0.0,
          0.0,
          0.0,
          1.0
        ]
      ]
    },
    {
      "file_path": "/media/NFS/ttao/scannet/posed_images/scene0386_00/00269.jpg",
      "transform_matrix": [
        [
          -0.387407,
          -0.307428,
          0.86914,
          3.699255
        ],
        [
          -0.920646,
          0.079691,
          -0.382177,
          6.953867
        ],
        [
          0.048229,
          -0.948228,
          -0.313905,
          1.618842
        ],
        [
          0.0,
          0.0,
          0.0,
          1.0
        ]
      ]
    },
    {
      "file_path": "/media/NFS/ttao/scannet/posed_images/scene0386_00/00278.jpg",
      "transform_matrix": [
        [
          -0.477911,
          -0.322261,
          0.817159,
          3.745335
        ],
        [
          -0.877608,
          0.135482,
          -0.459835,
          6.9456
        ],
        [
          0.037477,
          -0.936906,
          -0.347567,
          1.597817
        ],
        [
          0.0,
          0.0,
          0.0,
          1.0
        ]
      ]
    },
    {
      "file_path": "/media/NFS/ttao/scannet/posed_images/scene0386_00/00288.jpg",
      "transform_matrix": [
        [
          -0.547662,
          -0.332232,
          0.767911,
          3.815602
        ],
        [
          -0.836358,
          0.191182,
          -0.513765,
          6.889424
        ],
        [
          0.023879,
          -0.923618,
          -0.382568,
          1.580564
        ],
        [
          0.0,
          0.0,
          0.0,
          1.0
        ]
      ]
    },
    {
      "file_path": "/media/NFS/ttao/scannet/posed_images/scene0386_00/00290.jpg",
      "transform_matrix": [
        [
          -0.56551,
          -0.326053,
          0.757554,
          3.838187
        ],
        [
          -0.824551,
          0.203767,
          -0.527821,
          6.887586
        ],
        [
          0.017733,
          -0.92313,
          -0.384079,
          1.568087
        ],
        [
          0.0,
          0.0,
          0.0,
          1.0
        ]
      ]
    },
    {
      "file_path": "/media/NFS/ttao/scannet/posed_images/scene0386_00/00298.jpg",
      "transform_matrix": [
        [
          -0.618537,
          -0.33604,
          0.710274,
          3.919069
        ],
        [
          -0.785413,
          0.237734,
          -0.571497,
          6.823338
        ],
        [
          0.02319,
          -0.91135,
          -0.410978,
          1.552566
        ],
        [
          0.0,
          0.0,
          0.0,
          1.0
        ]
      ]
    },
    {
      "file_path": "/media/NFS/ttao/scannet/posed_images/scene0386_00/00309.jpg",
      "transform_matrix": [
        [
          -0.688372,
          -0.348009,
          0.636422,
          4.008131
        ],
        [
          -0.724338,
          0.283308,
          -0.628547,
          6.767727
        ],
        [
          0.038437,
          -0.893659,
          -0.447098,
          1.543229
        ],
        [
          0.0,
          0.0,
          0.0,
          1.0
        ]
      ]
    },
    {
      "file_path": "/media/NFS/ttao/scannet/posed_images/scene0386_00/00311.jpg",
      "transform_matrix": [
        [
          -0.704226,
          -0.350724,
          0.617299,
          4.027282
        ],
        [
          -0.708625,
          0.293627,
          -0.641586,
          6.763636
        ],
        [
          0.043764,
          -0.889256,
          -0.455312,
          1.540366
        ],
        [
          0.0,
          0.0,
          0.0,
          1.0
        ]
      ]
    },
    {
      "file_path": "/media/NFS/ttao/scannet/posed_images/scene0386_00/00319.jpg",
      "transform_matrix": [
        [
          -0.77993,
          -0.318514,
          0.538755,
          4.119556
        ],
        [
          -0.624498,
          0.339172,
          -0.703537,
          6.746297
        ],
        [
          0.041356,
          -0.885162,
          -0.463442,
          1.536705
        ],
        [
          0.0,
          0.0,
          0.0,
          1.0
        ]
      ]
    },
    {
      "file_path": "/media/NFS/ttao/scannet/posed_images/scene0386_00/00326.jpg",
      "transform_matrix": [
        [
          -0.854082,
          -0.230295,
          0.466377,
          4.216023
        ],
        [
          -0.520066,
          0.393039,
          -0.758321,
          6.75615
        ],
        [
          -0.008666,
          -0.890216,
          -0.455457,
          1.550865
        ],
        [
          0.0,
          0.0,
          0.0,
          1.0
        ]
      ]
    },
    {
      "file_path": "/media/NFS/ttao/scannet/posed_images/scene0386_00/00338.jpg",
      "transform_matrix": [
        [
          -0.919027,
          -0.154174,
          0.362793,
          4.348116
        ],
        [
          -0.392647,
          0.439467,
          -0.807897,
          6.760185
        ],
        [
          -0.034879,
          -0.884929,
          -0.464418,
          1.550117
        ],
        [
          0.0,
          0.0,
          0.0,
          1.0
        ]
      ]
    },
    {
      "file_path": "/media/NFS/ttao/scannet/posed_images/scene0386_00/00340.jpg",
      "transform_matrix": [
        [
          -0.927122,
          -0.14771,
          0.344421,
          4.364799
        ],
        [
          -0.373369,
          0.443144,
          -0.814996,
          6.751212
        ],
        [
          -0.032245,
          -0.884197,
          -0.465999,
          1.545935
        ],
        [
          0.0,
          0.0,
          0.0,
          1.0
        ]
      ]
    },
    {
      "file_path": "/media/NFS/ttao/scannet/posed_images/scene0386_00/00351.jpg",
      "transform_matrix": [
        [
          -0.975446,
          -0.083966,
          0.203602,
          4.440008
        ],
        [
          -0.218946,
          0.46965,
          -0.855273,
          6.648562
        ],
        [
          -0.023808,
          -0.87885,
          -0.476503,
          1.545522
        ],
        [
          0.0,
          0.0,
          0.0,
          1.0
        ]
      ]
    },
    {
      "file_path": "/media/NFS/ttao/scannet/posed_images/scene0386_00/00355.jpg",
      "transform_matrix": [
        [
          -0.987676,
          -0.050598,
          0.148104,
          4.450539
        ],
        [
          -0.153641,
          0.493755,
          -0.855921,
          6.606808
        ],
        [
          -0.029819,
          -0.868128,
          -0.495444,
          1.548747
        ],
        [
          0.0,
          0.0,
          0.0,
          1.0
        ]
      ]
    },
    {
      "file_path": "/media/NFS/ttao/scannet/posed_images/scene0386_00/00361.jpg",
      "transform_matrix": [
        [
          -0.998583,
          -0.01005,
          0.052251,
          4.466901
        ],
        [
          -0.050306,
          0.498223,
          -0.865588,
          6.561687
        ],
        [
          -0.017333,
          -0.86699,
          -0.498023,
          1.545342
        ],
        [
          0.0,
          0.0,
          0.0,
          1.0
        ]
      ]
    },
    {
      "file_path": "/media/NFS/ttao/scannet/posed_images/scene0386_00/00367.jpg",
      "transform_matrix": [
        [
          -0.995134,
          0.057372,
          -0.080098,
          4.485466
        ],
        [
          0.097895,
          0.483977,
          -0.869587,
          6.525826
        ],
        [
          -0.011125,
          -0.873198,
          -0.487239,
          1.547279
        ],
        [
          0.0,
          0.0,
          0.0,
          1.0
        ]
      ]
    },
    {
      "file_path": "/media/NFS/ttao/scannet/posed_images/scene0386_00/00380.jpg",
      "transform_matrix": [
        [
          -0.888537,
          0.30432,
          -0.343354,
          4.560504
        ],
        [
          0.447434,
          0.409164,
          -0.795228,
          6.481304
        ],
        [
          -0.101516,
          -0.860218,
          -0.49972,
          1.558032
        ],
        [
          0.0,
          0.0,
          0.0,
          1.0
        ]
      ]
    },
    {
      "file_path": "/media/NFS/ttao/scannet/posed_images/scene0386_00/00386.jpg",
      "transform_matrix": [
        [
          -0.8289,
          0.374333,
          -0.415692,
          4.575234
        ],
        [
          0.546917,
          0.386212,
          -0.74278,
          6.480434
        ],
        [
          -0.117502,
          -0.843039,
          -0.52486,
          1.550327
        ],
        [
          0.0,
          0.0,
          0.0,
          1.0
        ]
      ]
    },
    {
      "file_path": "/media/NFS/ttao/scannet/posed_images/scene0386_00/00388.jpg",
      "transform_matrix": [
        [
          -0.813541,
          0.388608,
          -0.43259,
          4.578502
        ],
        [
          0.56904,
          0.378797,
          -0.729867,
          6.48169
        ],
        [
          -0.119769,
          -0.839938,
          -0.5293,
          1.545531
        ],
        [
          0.0,
          0.0,
          0.0,
          1.0
        ]
      ]
    },
    {
      "file_path": "/media/NFS/ttao/scannet/posed_images/scene0386_00/00399.jpg",
      "transform_matrix": [
        [
          -0.752725,
          0.449383,
          -0.481102,
          4.536834
        ],
        [
          0.643627,
          0.348725,
          -0.681275,
          6.486249
        ],
        [
          -0.138381,
          -0.822463,
          -0.551729,
          1.541472
        ],
        [
          0.0,
          0.0,
          0.0,
          1.0
        ]
      ]
    },
    {
      "file_path": "/media/NFS/ttao/scannet/posed_images/scene0386_00/00407.jpg",
      "transform_matrix": [
        [
          -0.741456,
          0.463631,
          -0.485066,
          4.480187
        ],
        [
          0.655017,
          0.34326,
          -0.673146,
          6.498061
        ],
        [
          -0.145588,
          -0.816834,
          -0.558199,
          1.532355
        ],
        [
          0.0,
          0.0,
          0.0,
          1.0
        ]
      ]
    },
    {
      "file_path": "/media/NFS/ttao/scannet/posed_images/scene0386_00/00409.jpg",
      "transform_matrix": [
        [
          -0.744863,
          0.462422,
          -0.480984,
          4.458667
        ],
        [
          0.651178,
          0.346708,
          -0.675101,
          6.502928
        ],
        [
          -0.145421,
          -0.816064,
          -0.559369,
          1.531925
        ],
        [
          0.0,
          0.0,
          0.0,
          1.0
        ]
      ]
    },
    {
      "file_path": "/media/NFS/ttao/scannet/posed_images/scene0386_00/00417.jpg",
      "transform_matrix": [
        [
          -0.768049,
          0.419151,
          -0.484162,
          4.360616
        ],
        [
          0.63065,
          0.363695,
          -0.68557,
          6.529542
        ],
        [
          -0.11127,
          -0.831888,
          -0.543674,
          1.527677
        ],
        [
          0.0,
          0.0,
          0.0,
          1.0
        ]
      ]
    },
    {
      "file_path": "/media/NFS/ttao/scannet/posed_images/scene0386_00/00424.jpg",
      "transform_matrix": [
        [
          -0.793296,
          0.36978,
          -0.483678,
          4.265841
        ],
        [
          0.604447,
          0.383128,
          -0.698467,
          6.557649
        ],
        [
          -0.072969,
          -0.846449,
          -0.527446,
          1.524072
        ],
        [
          0.0,
          0.0,
          0.0,
          1.0
        ]
      ]
    },
    {
      "file_path": "/media/NFS/ttao/scannet/posed_images/scene0386_00/00434.jpg",
      "transform_matrix": [
        [
          -0.764035,
          0.413075,
          -0.4956,
          4.144013
        ],
        [
          0.637444,
          0.364762,
          -0.678685,
          6.560445
        ],
        [
          -0.099572,
          -0.834457,
          -0.542003,
          1.518297
        ],
        [
          0.0,
          0.0,
          0.0,
          1.0
        ]
      ]
    },
    {
      "file_path": "/media/NFS/ttao/scannet/posed_images/scene0386_00/00442.jpg",
      "transform_matrix": [
        [
          -0.718581,
          0.437806,
          -0.54034,
          4.03026
        ],
        [
          0.688735,
          0.340345,
          -0.640164,
          6.543361
        ],
        [
          -0.096366,
          -0.83216,
          -0.546097,
          1.512998
        ],
        [
          0.0,
          0.0,
          0.0,
          1.0
        ]
      ]
    },
    {
      "file_path": "/media/NFS/ttao/scannet/posed_images/scene0386_00/00445.jpg",
      "transform_matrix": [
        [
          -0.707337,
          0.436913,
          -0.555682,
          3.98561
        ],
        [
          0.701432,
          0.336446,
          -0.628329,
          6.532277
        ],
        [
          -0.087569,
          -0.834213,
          -0.544445,
          1.515029
        ],
        [
          0.0,
          0.0,
          0.0,
          1.0
        ]
      ]
    },
    {
      "file_path": "/media/NFS/ttao/scannet/posed_images/scene0386_00/00455.jpg",
      "transform_matrix": [
        [
          -0.646824,
          0.467987,
          -0.602169,
          3.843219
        ],
        [
          0.756641,
          0.294961,
          -0.583517,
          6.50625
        ],
        [
          -0.095462,
          -0.833059,
          -0.544885,
          1.522632
        ],
        [
          0.0,
          0.0,
          0.0,
          1.0
        ]
      ]
    },
    {
      "file_path": "/media/NFS/ttao/scannet/posed_images/scene0386_00/00463.jpg",
      "transform_matrix": [
        [
          -0.61159,
          0.485781,
          -0.62448,
          3.773515
        ],
        [
          0.782404,
          0.254147,
          -0.568554,
          6.495366
        ],
        [
          -0.117483,
          -0.836317,
          -0.535511,
          1.526619
        ],
        [
          0.0,
          0.0,
          0.0,
          1.0
        ]
      ]
    },
    {
      "file_path": "/media/NFS/ttao/scannet/posed_images/scene0386_00/00465.jpg",
      "transform_matrix": [
        [
          -0.60913,
          0.491234,
          -0.622615,
          3.757956
        ],
        [
          0.78351,
          0.251225,
          -0.568329,
          6.492012
        ],
        [
          -0.122766,
          -0.834011,
          -0.537916,
          1.528278
        ],
        [
          0.0,
          0.0,
          0.0,
          1.0
        ]
      ]
    },
    {
      "file_path": "/media/NFS/ttao/scannet/posed_images/scene0386_00/00474.jpg",
      "transform_matrix": [
        [
          -0.634581,
          0.481674,
          -0.604398,
          3.692749
        ],
        [
          0.761711,
          0.257458,
          -0.594569,
          6.496853
        ],
        [
          -0.130781,
          -0.837679,
          -0.530274,
          1.526042
        ],
        [
          0.0,
          0.0,
          0.0,
          1.0
        ]
      ]
    },
    {
      "file_path": "/media/NFS/ttao/scannet/posed_images/scene0386_00/00478.jpg",
      "transform_matrix": [
        [
          -0.657619,
          0.472304,
          -0.586912,
          3.659354
        ],
        [
          0.742514,
          0.274695,
          -0.610913,
          6.507457
        ],
        [
          -0.127315,
          -0.837539,
          -0.531337,
          1.521586
        ],
        [
          0.0,
          0.0,
          0.0,
          1.0
        ]
      ]
    },
    {
      "file_path": "/media/NFS/ttao/scannet/posed_images/scene0386_00/00486.jpg",
      "transform_matrix": [
        [
          -0.709306,
          0.428479,
          -0.559724,
          3.590585
        ],
        [
          0.697763,
          0.314079,
          -0.643802,
          6.535799
        ],
        [
          -0.100058,
          -0.847207,
          -0.521756,
          1.516716
        ],
        [
          0.0,
          0.0,
          0.0,
          1.0
        ]
      ]
    },
    {
      "file_path": "/media/NFS/ttao/scannet/posed_images/scene0386_00/00495.jpg",
      "transform_matrix": [
        [
          -0.761281,
          0.386818,
          -0.520406,
          3.525421
        ],
        [
          0.64365,
          0.353615,
          -0.678727,
          6.567325
        ],
        [
          -0.07852,
          -0.851662,
          -0.518176,
          1.508285
        ],
        [
          0.0,
          0.0,
          0.0,
          1.0
        ]
      ]
    },
    {
      "file_path": "/media/NFS/ttao/scannet/posed_images/scene0386_00/00503.jpg",
      "transform_matrix": [
        [
          -0.780593,
          0.386621,
          -0.49112,
          3.475671
        ],
        [
          0.618749,
          0.36678,
          -0.694711,
          6.564264
        ],
        [
          -0.088457,
          -0.846166,
          -0.525527,
          1.505665
        ],
        [
          0.0,
          0.0,
          0.0,
          1.0
        ]
      ]
    },
    {
      "file_path": "/media/NFS/ttao/scannet/posed_images/scene0386_00/00507.jpg",
      "transform_matrix": [
        [
          -0.787578,
          0.385116,
          -0.481047,
          3.446342
        ],
        [
          0.609455,
          0.371493,
          -0.700399,
          6.551799
        ],
        [
          -0.091029,
          -0.844795,
          -0.52729,
          1.503121
        ],
        [
          0.0,
          0.0,
          0.0,
          1.0
        ]
      ]
    },
    {
      "file_path": "/media/NFS/ttao/scannet/posed_images/scene0386_00/00518.jpg",
      "transform_matrix": [
        [
          -0.831002,
          0.341001,
          -0.439492,
          3.335055
        ],
        [
          0.552086,
          0.408876,
          -0.726651,
          6.47789
        ],
        [
          -0.068091,
          -0.846486,
          -0.528039,
          1.494048
        ],
        [
          0.0,
          0.0,
          0.0,
          1.0
        ]
      ]
    },
    {
      "file_path": "/media/NFS/ttao/scannet/posed_images/scene0386_00/00520.jpg",
      "transform_matrix": [
        [
          -0.839049,
          0.339568,
          -0.425076,
          3.309928
        ],
        [
          0.539704,
          0.420887,
          -0.729091,
          6.463736
        ],
        [
          -0.068667,
          -0.841159,
          -0.536411,
          1.49311
        ],
        [
          0.0,
          0.0,
          0.0,
          1.0
        ]
      ]
    },
    {
      "file_path": "/media/NFS/ttao/scannet/posed_images/scene0386_00/00528.jpg",
      "transform_matrix": [
        [
          -0.853586,
          0.355536,
          -0.380768,
          3.230322
        ],
        [
          0.512969,
          0.446162,
          -0.733349,
          6.415202
        ],
        [
          -0.090848,
          -0.821299,
          -0.563217,
          1.499269
        ],
        [
          0.0,
          0.0,
          0.0,
          1.0
        ]
      ]
    },
    {
      "file_path": "/media/NFS/ttao/scannet/posed_images/scene0386_00/00534.jpg",
      "transform_matrix": [
        [
          -0.870486,
          0.342853,
          -0.353137,
          3.18303
        ],
        [
          0.482007,
          0.448612,
          -0.752606,
          6.392496
        ],
        [
          -0.099612,
          -0.825348,
