{
  "frames": [
    {
      "file_path": "/media/NFS/ttao/scannet/posed_images/scene0542_00/00000.jpg",
      "transform_matrix": [
        [
          -0.023121,
          0.253184,
          -0.967142,
          4.777918
        ],
        [
          0.997081,
          -0.064572,
          -0.040741,
          1.959166
        ],
        [
          -0.072765,
          -0.965261,
          -0.250952,
          1.517158
        ],
        [
          0.0,
          0.0,
          0.0,
          1.0
        ]
      ]
    },
    {
      "file_path": "/media/NFS/ttao/scannet/posed_images/scene0542_00/00006.jpg",
      "transform_matrix": [
        [
          0.00515,
          0.2687,
          -0.96321,
          4.782793
        ],
        [
          0.9981,
          -0.060518,
          -0.011546,
          1.949233
        ],
        [
          -0.061394,
          -0.961321,
          -0.268501,
          1.515442
        ],
        [
          0.0,
          0.0,
          0.0,
          1.0
        ]
      ]
    },
    {
      "file_path": "/media/NFS/ttao/scannet/posed_images/scene0542_00/00013.jpg",
      "transform_matrix": [
        [
          -0.005496,
          0.280928,
          -0.959713,
          4.790379
        ],
        [
          0.997715,
          -0.063087,
          -0.02418,
          1.946095
        ],
        [
          -0.067338,
          -0.957653,
          -0.27994,
          1.503433
        ],
        [
          0.0,
          0.0,
          0.0,
          1.0
        ]
      ]
    },
    {
      "file_path": "/media/NFS/ttao/scannet/posed_images/scene0542_00/00023.jpg",
      "transform_matrix": [
        [
          0.053224,
          0.325789,
          -0.943943,
          4.812574
        ],
        [
          0.997626,
          -0.058719,
          0.035985,
          1.916103
        ],
        [
          -0.043704,
          -0.943617,
          -0.328141,
          1.493533
        ],
        [
          0.0,
          0.0,
          0.0,
          1.0
        ]
      ]
    },
    {
      "file_path": "/media/NFS/ttao/scannet/posed_images/scene0542_00/00027.jpg",
      "transform_matrix": [
        [
          0.043595,
          0.328351,
          -0.943549,
          4.826092
        ],
        [
          0.997222,
          -0.071403,
          0.021227,
          1.904545
        ],
        [
          -0.060402,
          -0.941853,
          -0.330551,
          1.489499
        ],
        [
          0.0,
          0.0,
          0.0,
          1.0
        ]
      ]
    },
    {
      "file_path": "/media/NFS/ttao/scannet/posed_images/scene0542_00/00038.jpg",
      "transform_matrix": [
        [
          -0.068817,
          0.2785,
          -0.957968,
          4.882112
        ],
        [
          0.994944,
          -0.05125,
          -0.086372,
          1.942903
        ],
        [
          -0.073151,
          -0.959068,
          -0.273565,
          1.496204
        ],
        [
          0.0,
          0.0,
          0.0,
          1.0
        ]
      ]
    },
    {
      "file_path": "/media/NFS/ttao/scannet/posed_images/scene0542_00/00042.jpg",
      "transform_matrix": [
        [
          -0.085204,
          0.287617,
          -0.953948,
          4.884317
        ],
        [
          0.9944,
          -0.035525,
          -0.099528,
          1.943512
        ],
        [
          -0.062515,
          -0.957087,
          -0.28298,
          1.517436
        ],
        [
          0.0,
          0.0,
          0.0,
          1.0
        ]
      ]
    },
    {
      "file_path": "/media/NFS/ttao/scannet/posed_images/scene0542_00/00050.jpg",
      "transform_matrix": [
        [
          -0.098072,
          0.261213,
          -0.960286,
          4.910807
        ],
        [
          0.992991,
          -0.03827,
          -0.111822,
          1.965427
        ],
        [
          -0.06596,
          -0.964522,
          -0.255629,
          1.540875
        ],
        [
          0.0,
          0.0,
          0.0,
          1.0
        ]
      ]
    },
    {
      "file_path": "/media/NFS/ttao/scannet/posed_images/scene0542_00/00054.jpg",
      "transform_matrix": [
        [
          -0.099509,
          0.243393,
          -0.96481,
          4.913873
        ],
        [
          0.992331,
          -0.047179,
          -0.114249,
          1.974165
        ],
        [
          -0.073326,
          -0.96878,
          -0.236832,
          1.553198
        ],
        [
          0.0,
          0.0,
          0.0,
          1.0
        ]
      ]
    },
    {
      "file_path": "/media/NFS/ttao/scannet/posed_images/scene0542_00/00065.jpg",
      "transform_matrix": [
        [
          -0.138318,
          0.164324,
          -0.976661,
          4.89735
        ],
        [
          0.986147,
          -0.068312,
          -0.151155,
          1.983593
        ],
        [
          -0.091556,
          -0.984038,
          -0.152599,
          1.587099
        ],
        [
          0.0,
          0.0,
          0.0,
          1.0
        ]
      ]
    },
    {
      "file_path": "/media/NFS/ttao/scannet/posed_images/scene0542_00/00073.jpg",
      "transform_matrix": [
        [
          -0.113289,
          0.10624,
          -0.987866,
          4.88981
        ],
        [
          0.98939,
          -0.078955,
          -0.121955,
          1.990585
        ],
        [
          -0.090953,
          -0.991201,
          -0.096168,
          1.618084
        ],
        [
          0.0,
          0.0,
          0.0,
          1.0
        ]
      ]
    },
    {
      "file_path": "/media/NFS/ttao/scannet/posed_images/scene0542_00/00077.jpg",
      "transform_matrix": [
        [
          -0.092867,
          0.094759,
          -0.991159,
          4.89113
        ],
        [
          0.991676,
          -0.080365,
          -0.100598,
          1.984714
        ],
        [
          -0.089187,
          -0.992251,
          -0.086507,
          1.623056
        ],
        [
          0.0,
          0.0,
          0.0,
          1.0
        ]
      ]
    },
    {
      "file_path": "/media/NFS/ttao/scannet/posed_images/scene0542_00/00086.jpg",
      "transform_matrix": [
        [
          -0.020236,
          0.05335,
          -0.998371,
          4.908982
        ],
        [
          0.997422,
          -0.067682,
          -0.023833,
          1.972306
        ],
        [
          -0.068843,
          -0.99628,
          -0.051843,
          1.604611
        ],
        [
          0.0,
          0.0,
          0.0,
          1.0
        ]
      ]
    },
    {
      "file_path": "/media/NFS/ttao/scannet/posed_images/scene0542_00/00094.jpg",
      "transform_matrix": [
        [
          0.064884,
          0.031254,
          -0.997403,
          4.956139
        ],
        [
          0.996235,
          -0.059623,
          0.062939,
          1.954237
        ],
        [
          -0.057502,
          -0.997732,
          -0.035005,
          1.590339
        ],
        [
          0.0,
          0.0,
          0.0,
          1.0
        ]
      ]
    },
    {
      "file_path": "/media/NFS/ttao/scannet/posed_images/scene0542_00/00100.jpg",
      "transform_matrix": [
        [
          0.096051,
          0.013423,
          -0.995286,
          4.939276
        ],
        [
          0.994284,
          -0.048127,
          0.095306,
          2.07568
        ],
        [
          -0.046621,
          -0.998751,
          -0.017969,
          1.554339
        ],
        [
          0.0,
          0.0,
          0.0,
          1.0
        ]
      ]
    },
    {
      "file_path": "/media/NFS/ttao/scannet/posed_images/scene0542_00/00104.jpg",
      "transform_matrix": [
        [
          0.145535,
          0.011412,
          -0.989287,
          4.960293
        ],
        [
          0.988286,
          -0.048107,
          0.144832,
          2.083728
        ],
        [
          -0.045939,
          -0.998777,
          -0.01828,
          1.556655
        ],
        [
          0.0,
          0.0,
          0.0,
          1.0
        ]
      ]
    },
    {
      "file_path": "/media/NFS/ttao/scannet/posed_images/scene0542_00/00115.jpg",
      "transform_matrix": [
        [
          0.293604,
          -0.024469,
          -0.955614,
          5.026048
        ],
        [
          0.955045,
          -0.035426,
          0.294336,
          2.068731
        ],
        [
          -0.041056,
          -0.999073,
          0.012968,
          1.585033
        ],
        [
          0.0,
          0.0,
          0.0,
          1.0
        ]
      ]
    },
    {
      "file_path": "/media/NFS/ttao/scannet/posed_images/scene0542_00/00117.jpg",
      "transform_matrix": [
        [
          0.310631,
          -0.022197,
          -0.950271,
          5.033372
        ],
        [
          0.949785,
          -0.032325,
          0.311228,
          2.066262
        ],
        [
          -0.037626,
          -0.999231,
          0.011041,
          1.596827
        ],
        [
          0.0,
          0.0,
          0.0,
          1.0
        ]
      ]
    },
    {
      "file_path": "/media/NFS/ttao/scannet/posed_images/scene0542_00/00129.jpg",
      "transform_matrix": [
        [
          0.384222,
          -0.033457,
          -0.922634,
          5.081515
        ],
        [
          0.922383,
          -0.029156,
          0.385175,
          2.077487
        ],
        [
          -0.039787,
          -0.999015,
          0.019658,
          1.59995
        ],
        [
          0.0,
          0.0,
          0.0,
          1.0
        ]
      ]
    },
    {
      "file_path": "/media/NFS/ttao/scannet/posed_images/scene0542_00/00134.jpg",
      "transform_matrix": [
        [
          0.377814,
          -0.052715,
          -0.92438,
          5.094993
        ],
        [
          0.924388,
          -0.035212,
          0.379825,
          2.088645
        ],
        [
          -0.052572,
          -0.997989,
          0.035426,
          1.609923
        ],
        [
          0.0,
          0.0,
          0.0,
          1.0
        ]
      ]
    },
    {
      "file_path": "/media/NFS/ttao/scannet/posed_images/scene0542_00/00138.jpg",
      "transform_matrix": [
        [
          0.383348,
          -0.051189,
          -0.922185,
          5.102526
        ],
        [
          0.921974,
          -0.038088,
          0.385374,
          2.091946
        ],
        [
          -0.054851,
          -0.997962,
          0.032594,
          1.612489
        ],
        [
          0.0,
          0.0,
          0.0,
          1.0
        ]
      ]
    },
    {
      "file_path": "/media/NFS/ttao/scannet/posed_images/scene0542_00/00150.jpg",
      "transform_matrix": [
        [
          0.393384,
          0.044547,
          -0.918294,
          5.125683
        ],
        [
          0.917142,
          -0.08857,
          0.388594,
          2.124734
        ],
        [
          -0.064022,
          -0.995073,
          -0.075698,
          1.560389
        ],
        [
          0.0,
          0.0,
          0.0,
          1.0
        ]
      ]
    },
    {
      "file_path": "/media/NFS/ttao/scannet/posed_images/scene0542_00/00154.jpg",
      "transform_matrix": [
        [
          0.39065,
          0.107845,
          -0.9142,
          5.119781
        ],
        [
          0.918257,
          -0.115549,
          0.378752,
          2.131052
        ],
        [
          -0.064789,
          -0.98743,
          -0.144169,
          1.531831
        ],
        [
          0.0,
          0.0,
          0.0,
          1.0
        ]
      ]
    },
    {
      "file_path": "/media/NFS/ttao/scannet/posed_images/scene0542_00/00161.jpg",
      "transform_matrix": [
        [
          0.395253,
          0.211167,
          -0.893971,
          5.077847
        ],
        [
          0.915616,
          -0.168588,
          0.365001,
          2.112454
        ],
        [
          -0.073636,
          -0.962802,
          -0.259982,
          1.511205
        ],
        [
          0.0,
          0.0,
          0.0,
          1.0
        ]
      ]
    },
    {
      "file_path": "/media/NFS/ttao/scannet/posed_images/scene0542_00/00165.jpg",
      "transform_matrix": [
        [
          0.392523,
          0.251312,
          -0.884742,
          5.073375
        ],
        [
          0.916378,
          -0.189063,
          0.352855,
          2.116323
        ],
        [
          -0.078596,
          -0.949261,
          -0.304509,
          1.491901
        ],
        [
          0.0,
          0.0,
          0.0,
          1.0
        ]
      ]
    },
    {
      "file_path": "/media/NFS/ttao/scannet/posed_images/scene0542_00/00175.jpg",
      "transform_matrix": [
        [
          0.371465,
          0.401152,
          -0.837311,
          5.031162
        ],
        [
          0.927189,
          -0.207201,
          0.31207,
          2.088444
        ],
        [
          -0.048304,
          -0.892269,
          -0.448912,
          1.442466
        ],
        [
          0.0,
          0.0,
          0.0,
          1.0
        ]
      ]
    },
    {
      "file_path": "/media/NFS/ttao/scannet/posed_images/scene0542_00/00184.jpg",
      "transform_matrix": [
        [
          0.274675,
          0.446879,
          -0.851383,
          5.013872
        ],
        [
          0.960704,
          -0.164406,
          0.22365,
          2.064141
        ],
        [
          -0.040028,
          -0.879358,
          -0.474477,
          1.415781
        ],
        [
          0.0,
          0.0,
          0.0,
          1.0
        ]
      ]
    },
    {
      "file_path": "/media/NFS/ttao/scannet/posed_images/scene0542_00/00190.jpg",
      "transform_matrix": [
        [
          0.205402,
          0.459736,
          -0.863975,
          4.961358
        ],
        [
          0.978153,
          -0.125354,
          0.165843,
          2.011265
        ],
        [
          -0.032059,
          -0.879164,
          -0.47544,
          1.40866
        ],
        [
          0.0,
          0.0,
          0.0,
          1.0
        ]
      ]
    },
    {
      "file_path": "/media/NFS/ttao/scannet/posed_images/scene0542_00/00196.jpg",
      "transform_matrix": [
        [
          0.135302,
          0.475539,
          -0.869227,
          4.909884
        ],
        [
          0.989891,
          -0.102536,
          0.097988,
          1.976453
        ],
        [
          -0.04253,
          -0.873699,
          -0.484605,
          1.405906
        ],
        [
          0.0,
          0.0,
          0.0,
          1.0
        ]
      ]
    },
    {
      "file_path": "/media/NFS/ttao/scannet/posed_images/scene0542_00/00200.jpg",
      "transform_matrix": [
        [
          0.040862,
          0.485178,
          -0.87346,
          4.819013
        ],
        [
          0.996644,
          -0.081845,
          0.001163,
          1.990201
        ],
        [
          -0.070924,
          -0.870577,
          -0.486895,
          1.433744
        ],
        [
          0.0,
          0.0,
          0.0,
          1.0
        ]
      ]
    },
    {
      "file_path": "/media/NFS/ttao/scannet/posed_images/scene0542_00/00213.jpg",
      "transform_matrix": [
        [
          -0.154734,
          0.510263,
          -0.845984,
          4.656687
        ],
        [
          0.982284,
          -0.01217,
          -0.187004,
          1.969324
        ],
        [
          -0.105717,
          -0.859932,
          -0.49934,
          1.432555
        ],
        [
          0.0,
          0.0,
          0.0,
          1.0
        ]
      ]
    },
    {
      "file_path": "/media/NFS/ttao/scannet/posed_images/scene0542_00/00217.jpg",
      "transform_matrix": [
        [
          -0.192557,
          0.504615,
          -0.841597,
          4.625794
        ],
        [
          0.974303,
          -0.003817,
          -0.225209,
          1.971025
        ],
        [
          -0.116856,
          -0.863336,
          -0.490913,
          1.425618
        ],
        [
          0.0,
          0.0,
          0.0,
          1.0
        ]
      ]
    },
    {
      "file_path": "/media/NFS/ttao/scannet/posed_images/scene0542_00/00225.jpg",
      "transform_matrix": [
        [
          -0.327975,
          0.423309,
          -0.844537,
          4.542083
        ],
        [
          0.939461,
          0.05225,
          -0.338649,
          2.022325
        ],
        [
          -0.099227,
          -0.904477,
          -0.414819,
          1.431393
        ],
        [
          0.0,
          0.0,
          0.0,
          1.0
        ]
      ]
    },
    {
      "file_path": "/media/NFS/ttao/scannet/posed_images/scene0542_00/00234.jpg",
      "transform_matrix": [
        [
          -0.393521,
          0.395128,
          -0.83007,
          4.438083
        ],
        [
          0.915821,
          0.08984,
          -0.391408,
          2.098099
        ],
        [
          -0.080083,
          -0.914223,
          -0.39722,
          1.452052
        ],
        [
          0.0,
          0.0,
          0.0,
          1.0
        ]
      ]
    },
    {
      "file_path": "/media/NFS/ttao/scannet/posed_images/scene0542_00/00238.jpg",
      "transform_matrix": [
        [
          -0.393296,
          0.408568,
          -0.823645,
          4.390167
        ],
        [
          0.914779,
          0.084073,
          -0.395109,
          2.117822
        ],
        [
          -0.092183,
          -0.908848,
          -0.406815,
          1.44869
        ],
        [
          0.0,
          0.0,
          0.0,
          1.0
        ]
      ]
    },
    {
      "file_path": "/media/NFS/ttao/scannet/posed_images/scene0542_00/00246.jpg",
      "transform_matrix": [
        [
          -0.461724,
          0.387697,
          -0.79781,
          4.282834
        ],
        [
          0.881362,
          0.099065,
          -0.461938,
          2.126287
        ],
        [
          -0.100057,
          -0.916448,
          -0.387442,
          1.435996
        ],
        [
          0.0,
          0.0,
          0.0,
          1.0
        ]
      ]
    },
    {
      "file_path": "/media/NFS/ttao/scannet/posed_images/scene0542_00/00255.jpg",
      "transform_matrix": [
        [
          -0.503519,
          0.310874,
          -0.806117,
          4.155555
        ],
        [
          0.857935,
          0.069694,
          -0.509009,
          2.123874
        ],
        [
          -0.102056,
          -0.947892,
          -0.301802,
          1.47137
        ],
        [
          0.0,
          0.0,
          0.0,
          1.0
        ]
      ]
    },
    {
      "file_path": "/media/NFS/ttao/scannet/posed_images/scene0542_00/00261.jpg",
      "transform_matrix": [
        [
          -0.542632,
          0.272983,
          -0.794374,
          4.090825
        ],
        [
          0.832065,
          0.045245,
          -0.55283,
          2.142928
        ],
        [
          -0.114972,
          -0.960954,
          -0.251691,
          1.481
        ],
        [
          0.0,
          0.0,
          0.0,
          1.0
        ]
      ]
    },
    {
      "file_path": "/media/NFS/ttao/scannet/posed_images/scene0542_00/00265.jpg",
      "transform_matrix": [
        [
          -0.563209,
          0.24486,
          -0.789201,
          4.053317
        ],
        [
          0.818841,
          0.037225,
          -0.572812,
          2.157507
        ],
        [
          -0.110881,
          -0.968844,
          -0.221467,
          1.485113
        ],
        [
          0.0,
          0.0,
          0.0,
          1.0
        ]
      ]
    },
    {
      "file_path": "/media/NFS/ttao/scannet/posed_images/scene0542_00/00275.jpg",
      "transform_matrix": [
        [
          -0.612445,
          0.200098,
          -0.764769,
          3.933961
        ],
        [
          0.784559,
          0.035339,
          -0.619046,
          2.236073
        ],
        [
          -0.096844,
          -0.979138,
          -0.178632,
          1.500818
        ],
        [
          0.0,
          0.0,
          0.0,
          1.0
        ]
      ]
    },
    {
      "file_path": "/media/NFS/ttao/scannet/posed_images/scene0542_00/00278.jpg",
      "transform_matrix": [
        [
          -0.62895,
          0.187265,
          -0.754555,
          3.8954
        ],
        [
          0.77281,
          0.044765,
          -0.633057,
          2.25832
        ],
        [
          -0.084771,
          -0.981289,
          -0.172875,
          1.49859
        ],
        [
          0.0,
          0.0,
          0.0,
          1.0
        ]
      ]
    },
    {
      "file_path": "/media/NFS/ttao/scannet/posed_images/scene0542_00/00284.jpg",
      "transform_matrix": [
        [
          -0.645817,
          0.165292,
          -0.745386,
          3.85704
        ],
        [
          0.757735,
          0.019093,
          -0.652283,
          2.283894
        ],
        [
          -0.093585,
          -0.98606,
          -0.137578,
          1.514837
        ],
        [
          0.0,
          0.0,
          0.0,
          1.0
        ]
      ]
    },
    {
      "file_path": "/media/NFS/ttao/scannet/posed_images/scene0542_00/00294.jpg",
      "transform_matrix": [
        [
          -0.629836,
          0.138288,
          -0.764319,
          3.792551
        ],
        [
          0.769511,
          -0.02274,
          -0.638229,
          2.293263
        ],
        [
          -0.10564,
          -0.990131,
          -0.092092,
          1.520651
        ],
        [
          0.0,
          0.0,
          0.0,
          1.0
        ]
      ]
    },
    {
      "file_path": "/media/NFS/ttao/scannet/posed_images/scene0542_00/00303.jpg",
      "transform_matrix": [
        [
          -0.609015,
          0.215522,
          -0.763315,
          3.707934
        ],
        [
          0.790022,
          0.079337,
          -0.607923,
          2.245582
        ],
        [
          -0.070462,
          -0.973271,
          -0.218585,
          1.475546
        ],
        [
          0.0,
          0.0,
          0.0,
          1.0
        ]
      ]
    },
    {
      "file_path": "/media/NFS/ttao/scannet/posed_images/scene0542_00/00305.jpg",
      "transform_matrix": [
        [
          -0.611228,
          0.231946,
          -0.756704,
          3.685025
        ],
        [
          0.788405,
          0.094587,
          -0.607841,
          2.236154
        ],
        [
          -0.069412,
          -0.968119,
          -0.240681,
          1.467482
        ],
        [
          0.0,
          0.0,
          0.0,
          1.0
        ]
      ]
    },
    {
      "file_path": "/media/NFS/ttao/scannet/posed_images/scene0542_00/00317.jpg",
      "transform_matrix": [
        [
          -0.615288,
          0.341567,
          -0.710459,
          3.550961
        ],
        [
          0.784442,
          0.176216,
          -0.594642,
          2.185014
        ],
        [
          -0.077916,
          -0.92319,
          -0.376363,
          1.409154
        ],
        [
          0.0,
          0.0,
          0.0,
          1.0
        ]
      ]
    },
    {
      "file_path": "/media/NFS/ttao/scannet/posed_images/scene0542_00/00323.jpg",
      "transform_matrix": [
        [
          -0.593076,
          0.377212,
          -0.711317,
          3.479843
        ],
        [
          0.802109,
          0.200145,
          -0.562639,
          2.171028
        ],
        [
          -0.069868,
          -0.904242,
          -0.421267,
          1.406839
        ],
        [
          0.0,
          0.0,
          0.0,
          1.0
        ]
      ]
    },
    {
      "file_path": "/media/NFS/ttao/scannet/posed_images/scene0542_00/00328.jpg",
      "transform_matrix": [
        [
          -0.606305,
          0.381319,
          -0.697847,
          3.415573
        ],
        [
          0.792898,
          0.222684,
          -0.567208,
          2.176995
        ],
        [
          -0.060887,
          -0.897222,
          -0.437361,
          1.395881
        ],
        [
          0.0,
          0.0,
          0.0,
          1.0
        ]
      ]
    },
    {
      "file_path": "/media/NFS/ttao/scannet/posed_images/scene0542_00/00336.jpg",
      "transform_matrix": [
        [
          -0.624053,
          0.388578,
          -0.677912,
          3.318017
        ],
        [
          0.7805,
          0.268781,
          -0.564425,
          2.208167
        ],
        [
          -0.037113,
          -0.881342,
          -0.471019,
          1.386213
        ],
        [
          0.0,
          0.0,
          0.0,
          1.0
        ]
      ]
    },
    {
      "file_path": "/media/NFS/ttao/scannet/posed_images/scene0542_00/00340.jpg",
      "transform_matrix": [
        [
          -0.623903,
          0.400605,
          -0.671014,
          3.27601
        ],
        [
          0.780695,
          0.280483,
          -0.558431,
          2.218108
        ],
        [
          -0.035502,
          -0.872264,
          -0.487745,
          1.381824
        ],
        [
          0.0,
          0.0,
          0.0,
          1.0
        ]
      ]
    },
    {
      "file_path": "/media/NFS/ttao/scannet/posed_images/scene0542_00/00349.jpg",
      "transform_matrix": [
        [
          -0.579216,
          0.411506,
          -0.703685,
          3.190093
        ],
        [
          0.813997,
          0.245595,
          -0.526395,
          2.232674
        ],
        [
          -0.043793,
          -0.877694,
          -0.477217,
          1.384645
        ],
        [
          0.0,
          0.0,
          0.0,
          1.0
        ]
      ]
    },
    {
      "file_path": "/media/NFS/ttao/scannet/posed_images/scene0542_00/00357.jpg",
      "transform_matrix": [
        [
          -0.504598,
          0.438618,
          -0.743636,
          3.098809
        ],
        [
          0.86229,
          0.213284,
          -0.45931,
          2.213788
        ],
        [
          -0.042856,
          -0.872997,
          -0.485839,
          1.368596
        ],
        [
          0.0,
          0.0,
          0.0,
          1.0
        ]
      ]
    },
    {
      "file_path": "/media/NFS/ttao/scannet/posed_images/scene0542_00/00365.jpg",
      "transform_matrix": [
        [
          -0.453203,
          0.407285,
          -0.792922,
          2.985954
        ],
        [
          0.891139,
          0.185204,
          -0.41421,
          2.187646
        ],
        [
          -0.021849,
          -0.894326,
          -0.446883,
          1.367991
        ],
        [
          0.0,
          0.0,
          0.0,
          1.0
        ]
      ]
    },
    {
      "file_path": "/media/NFS/ttao/scannet/posed_images/scene0542_00/00367.jpg",
      "transform_matrix": [
        [
          -0.438876,
          0.41176,
          -0.79865,
          2.955407
        ],
        [
          0.898219,
          0.177013,
          -0.402329,
          2.180231
        ],
        [
          -0.024292,
          -0.893935,
          -0.447537,
          1.371584
        ],
        [
          0.0,
          0.0,
          0.0,
          1.0
        ]
      ]
    },
    {
      "file_path": "/media/NFS/ttao/scannet/posed_images/scene0542_00/00380.jpg",
      "transform_matrix": [
        [
          -0.341736,
          0.454323,
          -0.822683,
          2.793779
        ],
        [
          0.939493,
          0.142925,
          -0.311328,
          2.182963
        ],
        [
          -0.023862,
          -0.879297,
          -0.475676,
          1.362606
        ],
        [
          0.0,
          0.0,
          0.0,
          1.0
        ]
      ]
    },
    {
      "file_path": "/media/NFS/ttao/scannet/posed_images/scene0542_00/00384.jpg",
      "transform_matrix": [
        [
          -0.332325,
          0.463782,
          -0.821259,
          2.7453
        ],
        [
          0.942391,
          0.128018,
          -0.309047,
          2.194643
        ],
        [
          -0.038195,
          -0.876651,
          -0.479608,
          1.359022
        ],
        [
          0.0,
          0.0,
          0.0,
          1.0
        ]
      ]
    },
    {
      "file_path": "/media/NFS/ttao/scannet/posed_images/scene0542_00/00390.jpg",
      "transform_matrix": [
        [
          -0.327159,
          0.446159,
          -0.833012,
          2.673048
        ],
        [
          0.94399,
          0.114176,
          -0.309593,
          2.222729
        ],
        [
          -0.043018,
          -0.887641,
          -0.458523,
          1.353339
        ],
        [
          0.0,
          0.0,
          0.0,
          1.0
        ]
      ]
    },
    {
      "file_path": "/media/NFS/ttao/scannet/posed_images/scene0542_00/00394.jpg",
      "transform_matrix": [
        [
          -0.333848,
          0.443069,
          -0.832007,
          2.630088
        ],
        [
          0.941336,
          0.110536,
          -0.318853,
          2.237354
        ],
        [
          -0.049308,
          -0.889647,
          -0.45398,
          1.358015
        ],
        [
          0.0,
          0.0,
          0.0,
          1.0
        ]
      ]
    },
    {
      "file_path": "/media/NFS/ttao/scannet/posed_images/scene0542_00/00403.jpg",
      "transform_matrix": [
        [
          -0.325756,
          0.398137,
          -0.857537,
          2.595821
        ],
        [
          0.943958,
          0.085964,
          -0.318674,
          2.27782
        ],
        [
          -0.053159,
          -0.913289,
          -0.403828,
          1.364416
        ],
        [
          0.0,
          0.0,
          0.0,
          1.0
        ]
      ]
    },
    {
      "file_path": "/media/NFS/ttao/scannet/posed_images/scene0542_00/00413.jpg",
      "transform_matrix": [
        [
          -0.209955,
          0.391627,
          -0.89585,
          2.570863
        ],
        [
          0.976331,
          0.035316,
          -0.213378,
          2.302063
        ],
        [
          -0.051926,
          -0.919446,
          -0.389773,
          1.364895
        ],
        [
          0.0,
          0.0,
          0.0,
          1.0
        ]
      ]
    },
    {
      "file_path": "/media/NFS/ttao/scannet/posed_images/scene0542_00/00422.jpg",
      "transform_matrix": [
        [
          -0.085272,
          0.405114,
          -0.910281,
          2.545505
        ],
        [
          0.995611,
          -0.000725,
          -0.093589,
          2.294773
        ],
        [
          -0.038574,
          -0.914266,
          -0.403273,
          1.361761
        ],
        [
          0.0,
          0.0,
          0.0,
          1.0
        ]
      ]
    },
    {
      "file_path": "/media/NFS/ttao/scannet/posed_images/scene0542_00/00424.jpg",
      "transform_matrix": [
        [
          -0.062324,
          0.407878,
          -0.910907,
          2.532936
        ],
        [
          0.997207,
          -0.012181,
          -0.073683,
          2.289338
        ],
        [
          -0.04115,
          -0.912955,
          -0.405979,
          1.367106
        ],
        [
          0.0,
          0.0,
          0.0,
          1.0
        ]
      ]
    },
    {
      "file_path": "/media/NFS/ttao/scannet/posed_images/scene0542_00/00434.jpg",
      "transform_matrix": [
        [
          0.063898,
          0.35496,
          -0.932695,
          2.474887
        ],
        [
          0.997057,
          -0.062376,
          0.044569,
          2.221673
        ],
        [
          -0.042358,
          -0.932798,
          -0.357902,
          1.388823
        ],
        [
          0.0,
          0.0,
          0.0,
          1.0
        ]
      ]
    },
    {
      "file_path": "/media/NFS/ttao/scannet/posed_images/scene0542_00/00442.jpg",
      "transform_matrix": [
        [
          0.175354,
          0.329416,
          -0.927759,
          2.404054
        ],
        [
          0.982725,
          -0.115218,
          0.144833,
          2.149204
        ],
        [
          -0.059184,
          -0.937129,
          -0.343929,
          1.397419
        ],
        [
          0.0,
          0.0,
          0.0,
          1.0
        ]
      ]
    },
    {
      "file_path": "/media/NFS/ttao/scannet/posed_images/scene0542_00/00445.jpg",
      "transform_matrix": [
        [
          0.19579,
          0.328673,
          -0.923927,
          2.379548
        ],
        [
          0.978545,
          -0.127118,
          0.162144,
          2.125547
        ],
        [
          -0.064155,
          -0.93585,
          -0.34651,
          1.396493
        ],
        [
          0.0,
          0.0,
          0.0,
          1.0
        ]
      ]
    },
    {
      "file_path": "/media/NFS/ttao/scannet/posed_images/scene0542_00/00451.jpg",
      "transform_matrix": [
        [
          0.231462,
          0.338633,
          -0.912005,
          2.324769
        ],
        [
          0.971098,
          -0.136565,
          0.195752,
          2.090908
        ],
        [
          -0.05826,
          -0.930955,
          -0.360456,
          1.399045
        ],
        [
          0.0,
          0.0,
          0.0,
          1.0
        ]
      ]
    },
    {
      "file_path": "/media/NFS/ttao/scannet/posed_images/scene0542_00/00461.jpg",
      "transform_matrix": [
        [
          0.311261,
          0.333405,
          -0.88992,
          2.20754
        ],
        [
          0.950244,
          -0.121356,
          0.286895,
          2.078773
        ],
        [
          -0.012345,
          -0.934941,
          -0.354589,
          1.385202
        ],
        [
          0.0,
          0.0,
          0.0,
          1.0
        ]
      ]
    },
    {
      "file_path": "/media/NFS/ttao/scannet/posed_images/scene0542_00/00470.jpg",
      "transform_matrix": [
        [
          0.379078,
          0.281771,
          -0.881422,
          2.071284
        ],
        [
          0.925264,
          -0.129445,
          0.356553,
          2.093523
        ],
        [
          -0.013629,
          -0.95071,
          -0.309783,
          1.408519
        ],
        [
          0.0,
          0.0,
          0.0,
          1.0
        ]
      ]
    },
    {
      "file_path": "/media/NFS/ttao/scannet/posed_images/scene0542_00/00474.jpg",
      "transform_matrix": [
        [
          0.379877,
          0.269679,
          -0.884854,
          2.015481
        ],
        [
          0.924988,
          -0.120602,
          0.36035,
          2.10148
        ],
        [
          -0.009536,
          -0.955368,
          -0.295264,
          1.422423
        ],
        [
          0.0,
          0.0,
          0.0,
          1.0
        ]
      ]
    },
    {
      "file_path": "/media/NFS/ttao/scannet/posed_images/scene0542_00/00478.jpg",
      "transform_matrix": [
        [
          0.372995,
          0.284805,
          -0.883041,
          1.964252
        ],
        [
          0.927821,
          -0.119414,
          0.353395,
          2.112184
        ],
        [
          -0.004799,
          -0.951119,
          -0.308789,
          1.420769
        ],
        [
          0.0,
          0.0,
          0.0,
          1.0
        ]
      ]
    },
    {
      "file_path": "/media/NFS/ttao/scannet/posed_images/scene0542_00/00490.jpg",
      "transform_matrix": [
        [
          0.530185,
          0.202115,
          -0.82344,
          1.805929
        ],
        [
          0.847626,
          -0.150189,
          0.508894,
          2.120992
        ],
        [
          -0.020816,
          -0.967777,
          -0.250946,
          1.463307
        ],
        [
          0.0,
          0.0,
          0.0,
          1.0
        ]
      ]
    },
    {
      "file_path": "/media/NFS/ttao/scannet/posed_images/scene0542_00/00493.jpg",
      "transform_matrix": [
        [
          0.570563,
          0.185413,
          -0.80005,
          1.765332
        ],
        [
          0.820745,
          -0.16301,
          0.547544,
          2.117697
        ],
        [
          -0.028894,
          -0.969046,
          -0.245184,
          1.47675
        ],
        [
          0.0,
          0.0,
          0.0,
          1.0
        ]
      ]
    },
    {
      "file_path": "/media/NFS/ttao/scannet/posed_images/scene0542_00/00501.jpg",
      "transform_matrix": [
        [
          0.614197,
          0.130044,
          -0.778364,
          1.686881
        ],
        [
          0.78721,
          -0.170131,
          0.592753,
          2.105757
        ],
        [
          -0.05534,
          -0.976803,
          -0.206865,
          1.489964
        ],
        [
          0.0,
          0.0,
          0.0,
          1.0
        ]
      ]
    },
    {
      "file_path": "/media/NFS/ttao/scannet/posed_images/scene0542_00/00511.jpg",
      "transform_matrix": [
        [
          0.693147,
          0.137041,
          -0.707649,
          1.646402
        ],
        [
          0.720578,
          -0.155916,
          0.675617,
          2.097248
        ],
        [
          -0.017746,
          -0.978218,
          -0.206821,
          1.505286
        ],
        [
          0.0,
          0.0,
          0.0,
          1.0
        ]
      ]
    },
    {
      "file_path": "/media/NFS/ttao/scannet/posed_images/scene0542_00/00513.jpg",
      "transform_matrix": [
        [
          0.706542,
          0.129013,
          -0.695812,
          1.647291
        ],
        [
          0.707452,
          -0.153251,
          0.689946,
          2.096897
        ],
        [
          -0.017622,
          -0.97973,
          -0.199549,
          1.511993
        ],
        [
          0.0,
          0.0,
          0.0,
          1.0
        ]
      ]
    },
    {
      "file_path": "/media/NFS/ttao/scannet/posed_images/scene0542_00/00522.jpg",
      "transform_matrix": [
        [
          0.761477,
          0.096322,
          -0.640996,
          1.650792
        ],
        [
          0.648118,
          -0.128157,
          0.750679,
          2.100417
        ],
        [
          -0.009841,
          -0.987066,
          -0.160016,
          1.515891
        ],
        [
          0.0,
          0.0,
          0.0,
          1.0
        ]
      ]
    },
    {
      "file_path": "/media/NFS/ttao/scannet/posed_images/scene0542_00/00532.jpg",
      "transform_matrix": [
        [
          0.752972,
          0.084475,
          -0.652608,
          1.66309
        ],
        [
          0.65766,
          -0.062345,
          0.75073,
          2.095359
        ],
        [
          0.022731,
          -0.994473,
          -0.102499,
          1.536982
        ],
        [
          0.0,
          0.0,
          0.0,
          1.0
        ]
      ]
    },
    {
      "file_path": "/media/NFS/ttao/scannet/posed_images/scene0542_00/00534.jpg",
      "transform_matrix": [
        [
          0.7563,
          0.075362,
          -0.64987,
          1.669445
        ],
        [
          0.654089,
          -0.066881,
          0.753455,
          2.099622
        ],
        [
          0.013318,
          -0.994911,
