{
  "frames": [
    {
      "file_path": "/media/NFS/ttao/scannet/posed_images/scene0459_00/00000.jpg",
      "transform_matrix": [
        [
          -0.976358,
          -0.029685,
          0.214112,
          3.883633
        ],
        [
          -0.207364,
          0.408307,
          -0.88898,
          2.678765
        ],
        [
          -0.061034,
          -0.912362,
          -0.40481,
          1.423646
        ],
        [
          0.0,
          0.0,
          0.0,
          1.0
        ]
      ]
    },
    {
      "file_path": "/media/NFS/ttao/scannet/posed_images/scene0459_00/00003.jpg",
      "transform_matrix": [
        [
          -0.980306,
          -0.028567,
          0.195406,
          3.89048
        ],
        [
          -0.18888,
          0.4245,
          -0.885508,
          2.670239
        ],
        [
          -0.057654,
          -0.904977,
          -0.421535,
          1.421357
        ],
        [
          0.0,
          0.0,
          0.0,
          1.0
        ]
      ]
    },
    {
      "file_path": "/media/NFS/ttao/scannet/posed_images/scene0459_00/00006.jpg",
      "transform_matrix": [
        [
          -0.980527,
          -0.039325,
          0.192409,
          3.891192
        ],
        [
          -0.190362,
          0.431129,
          -0.881981,
          2.663065
        ],
        [
          -0.048269,
          -0.901433,
          -0.430219,
          1.416376
        ],
        [
          0.0,
          0.0,
          0.0,
          1.0
        ]
      ]
    },
    {
      "file_path": "/media/NFS/ttao/scannet/posed_images/scene0459_00/00011.jpg",
      "transform_matrix": [
        [
          -0.982515,
          -0.054604,
          0.177997,
          3.898477
        ],
        [
          -0.183585,
          0.443335,
          -0.877354,
          2.643817
        ],
        [
          -0.031005,
          -0.894691,
          -0.445608,
          1.412454
        ],
        [
          0.0,
          0.0,
          0.0,
          1.0
        ]
      ]
    },
    {
      "file_path": "/media/NFS/ttao/scannet/posed_images/scene0459_00/00013.jpg",
      "transform_matrix": [
        [
          -0.981933,
          -0.054245,
          0.181288,
          3.894536
        ],
        [
          -0.18615,
          0.449032,
          -0.87391,
          2.636517
        ],
        [
          -0.033999,
          -0.891868,
          -0.451017,
          1.407713
        ],
        [
          0.0,
          0.0,
          0.0,
          1.0
        ]
      ]
    },
    {
      "file_path": "/media/NFS/ttao/scannet/posed_images/scene0459_00/00015.jpg",
      "transform_matrix": [
        [
          -0.981509,
          -0.054596,
          0.183464,
          3.889259
        ],
        [
          -0.188002,
          0.45516,
          -0.870336,
          2.629068
        ],
        [
          -0.035989,
          -0.888734,
          -0.457008,
          1.400262
        ],
        [
          0.0,
          0.0,
          0.0,
          1.0
        ]
      ]
    },
    {
      "file_path": "/media/NFS/ttao/scannet/posed_images/scene0459_00/00021.jpg",
      "transform_matrix": [
        [
          -0.980523,
          -0.078842,
          0.179887,
          3.892728
        ],
        [
          -0.195649,
          0.472466,
          -0.859359,
          2.604948
        ],
        [
          -0.017237,
          -0.877815,
          -0.478689,
          1.372227
        ],
        [
          0.0,
          0.0,
          0.0,
          1.0
        ]
      ]
    },
    {
      "file_path": "/media/NFS/ttao/scannet/posed_images/scene0459_00/00022.jpg",
      "transform_matrix": [
        [
          -0.98039,
          -0.083291,
          0.178601,
          3.894607
        ],
        [
          -0.196623,
          0.47424,
          -0.858158,
          2.602219
        ],
        [
          -0.013223,
          -0.876447,
          -0.481317,
          1.365584
        ],
        [
          0.0,
          0.0,
          0.0,
          1.0
        ]
      ]
    },
    {
      "file_path": "/media/NFS/ttao/scannet/posed_images/scene0459_00/00025.jpg",
      "transform_matrix": [
        [
          -0.983411,
          -0.08098,
          0.162315,
          3.912385
        ],
        [
          -0.180963,
          0.49961,
          -0.847138,
          2.584952
        ],
        [
          -0.012493,
          -0.862457,
          -0.505976,
          1.357515
        ],
        [
          0.0,
          0.0,
          0.0,
          1.0
        ]
      ]
    },
    {
      "file_path": "/media/NFS/ttao/scannet/posed_images/scene0459_00/00030.jpg",
      "transform_matrix": [
        [
          -0.990026,
          -0.066356,
          0.124279,
          3.954825
        ],
        [
          -0.140838,
          0.488687,
          -0.861017,
          2.553734
        ],
        [
          -0.0036,
          -0.869932,
          -0.493158,
          1.354536
        ],
        [
          0.0,
          0.0,
          0.0,
          1.0
        ]
      ]
    },
    {
      "file_path": "/media/NFS/ttao/scannet/posed_images/scene0459_00/00031.jpg",
      "transform_matrix": [
        [
          -0.991405,
          -0.06675,
          0.112523,
          3.96865
        ],
        [
          -0.130801,
          0.48713,
          -0.863479,
          2.546165
        ],
        [
          0.002824,
          -0.870775,
          -0.491673,
          1.354924
        ],
        [
          0.0,
          0.0,
          0.0,
          1.0
        ]
      ]
    },
    {
      "file_path": "/media/NFS/ttao/scannet/posed_images/scene0459_00/00036.jpg",
      "transform_matrix": [
        [
          -0.996719,
          -0.027956,
          0.075953,
          4.038884
        ],
        [
          -0.080025,
          0.480718,
          -0.873216,
          2.504717
        ],
        [
          -0.0121,
          -0.87643,
          -0.481378,
          1.369869
        ],
        [
          0.0,
          0.0,
          0.0,
          1.0
        ]
      ]
    },
    {
      "file_path": "/media/NFS/ttao/scannet/posed_images/scene0459_00/00040.jpg",
      "transform_matrix": [
        [
          -0.998905,
          -0.002843,
          0.046697,
          4.088012
        ],
        [
          -0.042636,
          0.466181,
          -0.883662,
          2.481798
        ],
        [
          -0.019257,
          -0.884685,
          -0.465792,
          1.371213
        ],
        [
          0.0,
          0.0,
          0.0,
          1.0
        ]
      ]
    },
    {
      "file_path": "/media/NFS/ttao/scannet/posed_images/scene0459_00/00043.jpg",
      "transform_matrix": [
        [
          -0.999807,
          0.017258,
          0.009425,
          4.12407
        ],
        [
          -0.000251,
          0.468102,
          -0.883674,
          2.46236
        ],
        [
          -0.019662,
          -0.883506,
          -0.468007,
          1.372921
        ],
        [
          0.0,
          0.0,
          0.0,
          1.0
        ]
      ]
    },
    {
      "file_path": "/media/NFS/ttao/scannet/posed_images/scene0459_00/00044.jpg",
      "transform_matrix": [
        [
          -0.999699,
          0.024115,
          -0.004624,
          4.137343
        ],
        [
          0.015535,
          0.475343,
          -0.879663,
          2.454475
        ],
        [
          -0.019015,
          -0.87947,
          -0.475574,
          1.371366
        ],
        [
          0.0,
          0.0,
          0.0,
          1.0
        ]
      ]
    },
    {
      "file_path": "/media/NFS/ttao/scannet/posed_images/scene0459_00/00050.jpg",
      "transform_matrix": [
        [
          -0.99579,
          0.039788,
          -0.082574,
          4.183052
        ],
        [
          0.091466,
          0.489948,
          -0.86694,
          2.400124
        ],
        [
          0.005964,
          -0.870843,
          -0.491525,
          1.375424
        ],
        [
          0.0,
          0.0,
          0.0,
          1.0
        ]
      ]
    },
    {
      "file_path": "/media/NFS/ttao/scannet/posed_images/scene0459_00/00053.jpg",
      "transform_matrix": [
        [
          -0.994668,
          0.049624,
          -0.090401,
          4.191669
        ],
        [
          0.103122,
          0.485875,
          -0.867924,
          2.376815
        ],
        [
          0.000854,
          -0.872619,
          -0.488401,
          1.37458
        ],
        [
          0.0,
          0.0,
          0.0,
          1.0
        ]
      ]
    },
    {
      "file_path": "/media/NFS/ttao/scannet/posed_images/scene0459_00/00056.jpg",
      "transform_matrix": [
        [
          -0.993513,
          0.061299,
          -0.095788,
          4.197767
        ],
        [
          0.113486,
          0.480096,
          -0.869844,
          2.347643
        ],
        [
          -0.007333,
          -0.875072,
          -0.483938,
          1.378775
        ],
        [
          0.0,
          0.0,
          0.0,
          1.0
        ]
      ]
    },
    {
      "file_path": "/media/NFS/ttao/scannet/posed_images/scene0459_00/00059.jpg",
      "transform_matrix": [
        [
          -0.991323,
          0.078263,
          -0.105606,
          4.206871
        ],
        [
          0.130238,
          0.476197,
          -0.869641,
          2.314222
        ],
        [
          -0.017772,
          -0.875849,
          -0.482258,
          1.381091
        ],
        [
          0.0,
          0.0,
          0.0,
          1.0
        ]
      ]
    },
    {
      "file_path": "/media/NFS/ttao/scannet/posed_images/scene0459_00/00060.jpg",
      "transform_matrix": [
        [
          -0.991222,
          0.078286,
          -0.106536,
          4.204738
        ],
        [
          0.131006,
          0.473247,
          -0.871134,
          2.305374
        ],
        [
          -0.01778,
          -0.877444,
          -0.479349,
          1.379093
        ],
        [
          0.0,
          0.0,
          0.0,
          1.0
        ]
      ]
    },
    {
      "file_path": "/media/NFS/ttao/scannet/posed_images/scene0459_00/00064.jpg",
      "transform_matrix": [
        [
          -0.987151,
          0.100586,
          -0.124158,
          4.21835
        ],
        [
          0.156768,
          0.459259,
          -0.87436,
          2.253162
        ],
        [
          -0.030928,
          -0.882589,
          -0.469127,
          1.396722
        ],
        [
          0.0,
          0.0,
          0.0,
          1.0
        ]
      ]
    },
    {
      "file_path": "/media/NFS/ttao/scannet/posed_images/scene0459_00/00066.jpg",
      "transform_matrix": [
        [
          -0.984917,
          0.106055,
          -0.136717,
          4.219591
        ],
        [
          0.170097,
          0.448616,
          -0.877389,
          2.228556
        ],
        [
          -0.031718,
          -0.88741,
          -0.459889,
          1.408196
        ],
        [
          0.0,
          0.0,
          0.0,
          1.0
        ]
      ]
    },
    {
      "file_path": "/media/NFS/ttao/scannet/posed_images/scene0459_00/00070.jpg",
      "transform_matrix": [
        [
          -0.978162,
          0.104905,
          -0.179428,
          4.227859
        ],
        [
          0.207066,
          0.417161,
          -0.88493,
          2.19332
        ],
        [
          -0.017983,
          -0.902758,
          -0.429773,
          1.406214
        ],
        [
          0.0,
          0.0,
          0.0,
          1.0
        ]
      ]
    },
    {
      "file_path": "/media/NFS/ttao/scannet/posed_images/scene0459_00/00073.jpg",
      "transform_matrix": [
        [
          -0.971353,
          0.097741,
          -0.21661,
          4.235204
        ],
        [
          0.237266,
          0.450025,
          -0.86092,
          2.1689
        ],
        [
          0.013332,
          -0.887651,
          -0.460324,
          1.399231
        ],
        [
          0.0,
          0.0,
          0.0,
          1.0
        ]
      ]
    },
    {
      "file_path": "/media/NFS/ttao/scannet/posed_images/scene0459_00/00077.jpg",
      "transform_matrix": [
        [
          -0.952454,
          0.130474,
          -0.275334,
          4.243744
        ],
        [
          0.304671,
          0.415986,
          -0.856815,
          2.142222
        ],
        [
          0.002743,
          -0.899963,
          -0.435959,
          1.415231
        ],
        [
          0.0,
          0.0,
          0.0,
          1.0
        ]
      ]
    },
    {
      "file_path": "/media/NFS/ttao/scannet/posed_images/scene0459_00/00080.jpg",
      "transform_matrix": [
        [
          -0.92926,
          0.162434,
          -0.331801,
          4.246197
        ],
        [
          0.369186,
          0.375869,
          -0.849955,
          2.129722
        ],
        [
          -0.013348,
          -0.912325,
          -0.409248,
          1.423499
        ],
        [
          0.0,
          0.0,
          0.0,
          1.0
        ]
      ]
    },
    {
      "file_path": "/media/NFS/ttao/scannet/posed_images/scene0459_00/00082.jpg",
      "transform_matrix": [
        [
          -0.91124,
          0.187229,
          -0.366861,
          4.251694
        ],
        [
          0.41118,
          0.361785,
          -0.836685,
          2.123515
        ],
        [
          -0.023927,
          -0.913267,
          -0.406658,
          1.42789
        ],
        [
          0.0,
          0.0,
          0.0,
          1.0
        ]
      ]
    },
    {
      "file_path": "/media/NFS/ttao/scannet/posed_images/scene0459_00/00087.jpg",
      "transform_matrix": [
        [
          -0.861124,
          0.242937,
          -0.446594,
          4.265775
        ],
        [
          0.505576,
          0.316833,
          -0.802502,
          2.116933
        ],
        [
          -0.053462,
          -0.916842,
          -0.395655,
          1.431067
        ],
        [
          0.0,
          0.0,
          0.0,
          1.0
        ]
      ]
    },
    {
      "file_path": "/media/NFS/ttao/scannet/posed_images/scene0459_00/00091.jpg",
      "transform_matrix": [
        [
          -0.814462,
          0.267833,
          -0.5147,
          4.272863
        ],
        [
          0.577544,
          0.28919,
          -0.763421,
          2.110381
        ],
        [
          -0.055623,
          -0.91904,
          -0.39022,
          1.431885
        ],
        [
          0.0,
          0.0,
          0.0,
          1.0
        ]
      ]
    },
    {
      "file_path": "/media/NFS/ttao/scannet/posed_images/scene0459_00/00093.jpg",
      "transform_matrix": [
        [
          -0.798293,
          0.270255,
          -0.53823,
          4.278179
        ],
        [
          0.600066,
          0.28053,
          -0.749148,
          2.110401
        ],
        [
          -0.051472,
          -0.921013,
          -0.386116,
          1.427243
        ],
        [
          0.0,
          0.0,
          0.0,
          1.0
        ]
      ]
    },
    {
      "file_path": "/media/NFS/ttao/scannet/posed_images/scene0459_00/00096.jpg",
      "transform_matrix": [
        [
          -0.769466,
          0.272401,
          -0.577686,
          4.287347
        ],
        [
          0.636972,
          0.261023,
          -0.725351,
          2.110663
        ],
        [
          -0.046797,
          -0.926102,
          -0.37436,
          1.420702
        ],
        [
          0.0,
          0.0,
          0.0,
          1.0
        ]
      ]
    },
    {
      "file_path": "/media/NFS/ttao/scannet/posed_images/scene0459_00/00100.jpg",
      "transform_matrix": [
        [
          -0.746804,
          0.28525,
          -0.600763,
          4.294498
        ],
        [
          0.662544,
          0.24085,
          -0.709244,
          2.112737
        ],
        [
          -0.057618,
          -0.927698,
          -0.368858,
          1.415741
        ],
        [
          0.0,
          0.0,
          0.0,
          1.0
        ]
      ]
    },
    {
      "file_path": "/media/NFS/ttao/scannet/posed_images/scene0459_00/00104.jpg",
      "transform_matrix": [
        [
          -0.740659,
          0.295194,
          -0.60356,
          4.300163
        ],
        [
          0.669343,
          0.246166,
          -0.700987,
          2.114505
        ],
        [
          -0.058351,
          -0.923181,
          -0.379911,
          1.40376
        ],
        [
          0.0,
          0.0,
          0.0,
          1.0
        ]
      ]
    },
    {
      "file_path": "/media/NFS/ttao/scannet/posed_images/scene0459_00/00107.jpg",
      "transform_matrix": [
        [
          -0.73961,
          0.299927,
          -0.602512,
          4.296038
        ],
        [
          0.671012,
          0.259244,
          -0.694647,
          2.113243
        ],
        [
          -0.052146,
          -0.918061,
          -0.392994,
          1.402614
        ],
        [
          0.0,
          0.0,
          0.0,
          1.0
        ]
      ]
    },
    {
      "file_path": "/media/NFS/ttao/scannet/posed_images/scene0459_00/00108.jpg",
      "transform_matrix": [
        [
          -0.739652,
          0.300122,
          -0.602363,
          4.2916
        ],
        [
          0.671043,
          0.260866,
          -0.694011,
          2.113722
        ],
        [
          -0.051152,
          -0.917538,
          -0.394344,
          1.404174
        ],
        [
          0.0,
          0.0,
          0.0,
          1.0
        ]
      ]
    },
    {
      "file_path": "/media/NFS/ttao/scannet/posed_images/scene0459_00/00111.jpg",
      "transform_matrix": [
        [
          -0.738647,
          0.292357,
          -0.607394,
          4.274323
        ],
        [
          0.672188,
          0.251772,
          -0.696257,
          2.116716
        ],
        [
          -0.050631,
          -0.922572,
          -0.382489,
          1.414483
        ],
        [
          0.0,
          0.0,
          0.0,
          1.0
        ]
      ]
    },
    {
      "file_path": "/media/NFS/ttao/scannet/posed_images/scene0459_00/00116.jpg",
      "transform_matrix": [
        [
          -0.724955,
          0.265244,
          -0.635678,
          4.213552
        ],
        [
          0.687893,
          0.231533,
          -0.687892,
          2.136848
        ],
        [
          -0.035279,
          -0.935969,
          -0.35031,
          1.41548
        ],
        [
          0.0,
          0.0,
          0.0,
          1.0
        ]
      ]
    },
    {
      "file_path": "/media/NFS/ttao/scannet/posed_images/scene0459_00/00119.jpg",
      "transform_matrix": [
        [
          -0.713235,
          0.266182,
          -0.648415,
          4.176127
        ],
        [
          0.700071,
          0.224889,
          -0.677735,
          2.143482
        ],
        [
          -0.03458,
          -0.937322,
          -0.346745,
          1.424396
        ],
        [
          0.0,
          0.0,
          0.0,
          1.0
        ]
      ]
    },
    {
      "file_path": "/media/NFS/ttao/scannet/posed_images/scene0459_00/00123.jpg",
      "transform_matrix": [
        [
          -0.701993,
          0.251219,
          -0.666405,
          4.129631
        ],
        [
          0.711588,
          0.209123,
          -0.670754,
          2.158712
        ],
        [
          -0.029145,
          -0.94507,
          -0.325567,
          1.418334
        ],
        [
          0.0,
          0.0,
          0.0,
          1.0
        ]
      ]
    },
    {
      "file_path": "/media/NFS/ttao/scannet/posed_images/scene0459_00/00126.jpg",
      "transform_matrix": [
        [
          -0.698994,
          0.24475,
          -0.671941,
          4.100044
        ],
        [
          0.714636,
          0.204236,
          -0.669016,
          2.167303
        ],
        [
          -0.026507,
          -0.947832,
          -0.317667,
          1.415721
        ],
        [
          0.0,
          0.0,
          0.0,
          1.0
        ]
      ]
    },
    {
      "file_path": "/media/NFS/ttao/scannet/posed_images/scene0459_00/00129.jpg",
      "transform_matrix": [
        [
          -0.695679,
          0.247876,
          -0.674232,
          4.069201
        ],
        [
          0.717746,
          0.201256,
          -0.666586,
          2.175333
        ],
        [
          -0.029537,
          -0.947657,
          -0.317922,
          1.415658
        ],
        [
          0.0,
          0.0,
          0.0,
          1.0
        ]
      ]
    },
    {
      "file_path": "/media/NFS/ttao/scannet/posed_images/scene0459_00/00130.jpg",
      "transform_matrix": [
        [
          -0.693693,
          0.246215,
          -0.676881,
          4.062062
        ],
        [
          0.719673,
          0.198669,
          -0.665282,
          2.177366
        ],
        [
          -0.029328,
          -0.948635,
          -0.31501,
          1.410953
        ],
        [
          0.0,
          0.0,
          0.0,
          1.0
        ]
      ]
    },
    {
      "file_path": "/media/NFS/ttao/scannet/posed_images/scene0459_00/00135.jpg",
      "transform_matrix": [
        [
          -0.674999,
          0.256182,
          -0.691915,
          4.019654
        ],
        [
          0.736785,
          0.184442,
          -0.650483,
          2.187519
        ],
        [
          -0.039024,
          -0.948869,
          -0.31325,
          1.407822
        ],
        [
          0.0,
          0.0,
          0.0,
          1.0
        ]
      ]
    },
    {
      "file_path": "/media/NFS/ttao/scannet/posed_images/scene0459_00/00137.jpg",
      "transform_matrix": [
        [
          -0.663896,
          0.265382,
          -0.699152,
          4.005741
        ],
        [
          0.746452,
          0.178545,
          -0.641039,
          2.185472
        ],
        [
          -0.04529,
          -0.947467,
          -0.316631,
          1.402522
        ],
        [
          0.0,
          0.0,
          0.0,
          1.0
        ]
      ]
    },
    {
      "file_path": "/media/NFS/ttao/scannet/posed_images/scene0459_00/00142.jpg",
      "transform_matrix": [
        [
          -0.63835,
          0.307002,
          -0.705875,
          3.957696
        ],
        [
          0.767584,
          0.185196,
          -0.61361,
          2.174062
        ],
        [
          -0.057655,
          -0.933516,
          -0.35387,
          1.392889
        ],
        [
          0.0,
          0.0,
          0.0,
          1.0
        ]
      ]
    },
    {
      "file_path": "/media/NFS/ttao/scannet/posed_images/scene0459_00/00144.jpg",
      "transform_matrix": [
        [
          -0.624829,
          0.318366,
          -0.712904,
          3.938103
        ],
        [
          0.778478,
          0.184238,
          -0.600024,
          2.164768
        ],
        [
          -0.059683,
          -0.929892,
          -0.362959,
          1.391857
        ],
        [
          0.0,
          0.0,
          0.0,
          1.0
        ]
      ]
    },
    {
      "file_path": "/media/NFS/ttao/scannet/posed_images/scene0459_00/00146.jpg",
      "transform_matrix": [
        [
          -0.609741,
          0.327918,
          -0.721586,
          3.920412
        ],
        [
          0.790278,
          0.18187,
          -0.585136,
          2.154655
        ],
        [
          -0.060641,
          -0.927034,
          -0.37004,
          1.384756
        ],
        [
          0.0,
          0.0,
          0.0,
          1.0
        ]
      ]
    },
    {
      "file_path": "/media/NFS/ttao/scannet/posed_images/scene0459_00/00150.jpg",
      "transform_matrix": [
        [
          -0.565278,
          0.34022,
          -0.751473,
          3.874964
        ],
        [
          0.823506,
          0.179795,
          -0.538063,
          2.122061
        ],
        [
          -0.047949,
          -0.922997,
          -0.381808,
          1.386674
        ],
        [
          0.0,
          0.0,
          0.0,
          1.0
        ]
      ]
    },
    {
      "file_path": "/media/NFS/ttao/scannet/posed_images/scene0459_00/00154.jpg",
      "transform_matrix": [
        [
          -0.525919,
          0.32883,
          -0.784398,
          3.831051
        ],
        [
          0.849605,
          0.159995,
          -0.502567,
          2.09107
        ],
        [
          -0.039759,
          -0.930738,
          -0.36352,
          1.385406
        ],
        [
          0.0,
          0.0,
          0.0,
          1.0
        ]
      ]
    },
    {
      "file_path": "/media/NFS/ttao/scannet/posed_images/scene0459_00/00158.jpg",
      "transform_matrix": [
        [
          -0.492366,
          0.323431,
          -0.808065,
          3.783568
        ],
        [
          0.869813,
          0.149094,
          -0.470315,
          2.059599
        ],
        [
          -0.031637,
          -0.934432,
          -0.354734,
          1.393079
        ],
        [
          0.0,
          0.0,
          0.0,
          1.0
        ]
      ]
    },
    {
      "file_path": "/media/NFS/ttao/scannet/posed_images/scene0459_00/00159.jpg",
      "transform_matrix": [
        [
          -0.483507,
          0.323998,
          -0.81317,
          3.771877
        ],
        [
          0.87478,
          0.145615,
          -0.462121,
          2.053023
        ],
        [
          -0.031316,
          -0.934784,
          -0.353833,
          1.392931
        ],
        [
          0.0,
          0.0,
          0.0,
          1.0
        ]
      ]
    },
    {
      "file_path": "/media/NFS/ttao/scannet/posed_images/scene0459_00/00162.jpg",
      "transform_matrix": [
        [
          -0.453461,
          0.342597,
          -0.8228,
          3.731466
        ],
        [
          0.890022,
          0.125105,
          -0.438416,
          2.033752
        ],
        [
          -0.047263,
          -0.931115,
          -0.361649,
          1.398567
        ],
        [
          0.0,
          0.0,
          0.0,
          1.0
        ]
      ]
    },
    {
      "file_path": "/media/NFS/ttao/scannet/posed_images/scene0459_00/00165.jpg",
      "transform_matrix": [
        [
          -0.419381,
          0.346637,
          -0.839024,
          3.700157
        ],
        [
          0.905973,
          0.101047,
          -0.411098,
          2.018375
        ],
        [
          -0.057721,
          -0.932541,
          -0.356421,
          1.400189
        ],
        [
          0.0,
          0.0,
          0.0,
          1.0
        ]
      ]
    },
    {
      "file_path": "/media/NFS/ttao/scannet/posed_images/scene0459_00/00169.jpg",
      "transform_matrix": [
        [
          -0.391513,
          0.362103,
          -0.845931,
          3.65959
        ],
        [
          0.918248,
          0.094317,
          -0.38461,
          2.005212
        ],
        [
          -0.059483,
          -0.927354,
          -0.369426,
          1.4037
        ],
        [
          0.0,
          0.0,
          0.0,
          1.0
        ]
      ]
    },
    {
      "file_path": "/media/NFS/ttao/scannet/posed_images/scene0459_00/00172.jpg",
      "transform_matrix": [
        [
          -0.378994,
          0.359376,
          -0.852767,
          3.620691
        ],
        [
          0.923343,
          0.08546,
          -0.374345,
          1.99999
        ],
        [
          -0.061653,
          -0.929271,
          -0.364217,
          1.405832
        ],
        [
          0.0,
          0.0,
          0.0,
          1.0
        ]
      ]
    },
    {
      "file_path": "/media/NFS/ttao/scannet/posed_images/scene0459_00/00175.jpg",
      "transform_matrix": [
        [
          -0.367307,
          0.361562,
          -0.856947,
          3.584436
        ],
        [
          0.927436,
          0.072697,
          -0.366848,
          2.002856
        ],
        [
          -0.070341,
          -0.92951,
          -0.362027,
          1.412447
        ],
        [
          0.0,
          0.0,
          0.0,
          1.0
        ]
      ]
    },
    {
      "file_path": "/media/NFS/ttao/scannet/posed_images/scene0459_00/00179.jpg",
      "transform_matrix": [
        [
          -0.361727,
          0.344805,
          -0.866177,
          3.529107
        ],
        [
          0.929828,
          0.066041,
          -0.362019,
          2.01806
        ],
        [
          -0.067623,
          -0.936348,
          -0.344498,
          1.415516
        ],
        [
          0.0,
          0.0,
          0.0,
          1.0
        ]
      ]
    },
    {
      "file_path": "/media/NFS/ttao/scannet/posed_images/scene0459_00/00183.jpg",
      "transform_matrix": [
        [
          -0.356316,
          0.35008,
          -0.866304,
          3.465564
        ],
        [
          0.931667,
          0.062708,
          -0.35786,
          2.038704
        ],
        [
          -0.070956,
          -0.934619,
          -0.348502,
          1.415112
        ],
        [
          0.0,
          0.0,
          0.0,
          1.0
        ]
      ]
    },
    {
      "file_path": "/media/NFS/ttao/scannet/posed_images/scene0459_00/00185.jpg",
      "transform_matrix": [
        [
          -0.363816,
          0.355194,
          -0.86109,
          3.432068
        ],
        [
          0.928789,
          0.068237,
          -0.364272,
          2.053225
        ],
        [
          -0.070629,
          -0.932299,
          -0.354726,
          1.421245
        ],
        [
          0.0,
          0.0,
          0.0,
          1.0
        ]
      ]
    },
    {
      "file_path": "/media/NFS/ttao/scannet/posed_images/scene0459_00/00188.jpg",
      "transform_matrix": [
        [
          -0.361708,
          0.351088,
          -0.863657,
          3.390472
        ],
        [
          0.930359,
          0.076312,
          -0.358621,
          2.074335
        ],
        [
          -0.06,
          -0.933228,
          -0.354241,
          1.420246
        ],
        [
          0.0,
          0.0,
          0.0,
          1.0
        ]
      ]
    },
    {
      "file_path": "/media/NFS/ttao/scannet/posed_images/scene0459_00/00193.jpg",
      "transform_matrix": [
        [
          -0.346882,
          0.35573,
          -0.86783,
          3.33213
        ],
        [
          0.936419,
          0.079226,
          -0.341823,
          2.10964
        ],
        [
          -0.052842,
          -0.931225,
          -0.360594,
          1.41963
        ],
        [
          0.0,
          0.0,
          0.0,
          1.0
        ]
      ]
    },
    {
      "file_path": "/media/NFS/ttao/scannet/posed_images/scene0459_00/00194.jpg",
      "transform_matrix": [
        [
          -0.342863,
          0.362476,
          -0.866635,
          3.321879
        ],
        [
          0.937672,
          0.076353,
          -0.339031,
          2.118495
        ],
        [
          -0.05672,
          -0.92886,
          -0.366062,
          1.41833
        ],
        [
          0.0,
          0.0,
          0.0,
          1.0
        ]
      ]
    },
    {
      "file_path": "/media/NFS/ttao/scannet/posed_images/scene0459_00/00198.jpg",
      "transform_matrix": [
        [
          -0.319342,
          0.375202,
          -0.870198,
          3.286127
        ],
        [
          0.945135,
          0.05939,
          -0.321236,
          2.143282
        ],
        [
          -0.068847,
          -0.925039,
          -0.373582,
          1.423108
        ],
        [
          0.0,
          0.0,
          0.0,
          1.0
        ]
      ]
    },
    {
      "file_path": "/media/NFS/ttao/scannet/posed_images/scene0459_00/00200.jpg",
      "transform_matrix": [
        [
          -0.31269,
          0.365098,
          -0.876886,
          3.273388
        ],
        [
          0.947552,
          0.055647,
          -0.31472,
          2.156978
        ],
        [
          -0.066107,
          -0.929304,
          -0.36335,
          1.416435
        ],
        [
          0.0,
          0.0,
          0.0,
          1.0
        ]
      ]
    },
    {
      "file_path": "/media/NFS/ttao/scannet/posed_images/scene0459_00/00205.jpg",
      "transform_matrix": [
        [
          -0.281099,
          0.376488,
          -0.882746,
          3.232098
        ],
        [
          0.957099,
          0.042587,
          -0.286613,
          2.170617
        ],
        [
          -0.070313,
          -0.925442,
          -0.372308,
          1.403969
        ],
        [
          0.0,
          0.0,
          0.0,
          1.0
        ]
      ]
    },
    {
      "file_path": "/media/NFS/ttao/scannet/posed_images/scene0459_00/00209.jpg",
      "transform_matrix": [
        [
          -0.2699,
          0.383847,
          -0.883072,
          3.196023
        ],
        [
          0.960445,
          0.04202,
          -0.275283,
          2.170072
        ],
        [
          -0.06856,
          -0.92244,
          -0.380005,
          1.400634
        ],
        [
          0.0,
          0.0,
          0.0,
          1.0
        ]
      ]
    },
    {
      "file_path": "/media/NFS/ttao/scannet/posed_images/scene0459_00/00210.jpg",
      "transform_matrix": [
        [
          -0.26752,
          0.387942,
          -0.882006,
          3.189898
        ],
        [
          0.961471,
          0.047336,
          -0.270802,
          2.163224
        ],
        [
          -0.063305,
          -0.920467,
          -0.385658,
          1.402111
        ],
        [
          0.0,
          0.0,
          0.0,
          1.0
        ]
      ]
    },
    {
      "file_path": "/media/NFS/ttao/scannet/posed_images/scene0459_00/00213.jpg",
      "transform_matrix": [
        [
          -0.258597,
          0.388406,
          -0.88446,
          3.158801
        ],
        [
          0.964596,
          0.054739,
          -0.257989,
          2.151108
        ],
        [
          -0.05179,
          -0.919861,
          -0.38881,
          1.404423
        ],
        [
          0.0,
          0.0,
          0.0,
          1.0
        ]
      ]
    },
    {
      "file_path": "/media/NFS/ttao/scannet/posed_images/scene0459_00/00219.jpg",
      "transform_matrix": [
        [
          -0.240956,
          0.360926,
          -0.900929,
          3.092173
        ],
        [
          0.970336,
          0.070733,
          -0.231182,
          2.123891
        ],
        [
          -0.019715,
          -0.929908,
          -0.367263,
          1.408622
        ],
        [
          0.0,
          0.0,
          0.0,
          1.0
        ]
      ]
    },
    {
      "file_path": "/media/NFS/ttao/scannet/posed_images/scene0459_00/00222.jpg",
      "transform_matrix": [
        [
          -0.230643,
          0.354658,
          -0.906103,
          3.060251
        ],
        [
          0.972965,
          0.072608,
          -0.219243,
          2.106089
        ],
        [
          -0.011966,
          -0.932173,
          -0.361816,
          1.407274
        ],
        [
          0.0,
          0.0,
          0.0,
          1.0
        ]
      ]
    },
    {
      "file_path": "/media/NFS/ttao/scannet/posed_images/scene0459_00/00223.jpg",
      "transform_matrix": [
        [
          -0.224463,
          0.354184,
          -0.907838,
          3.046144
        ],
        [
          0.974394,
          0.069015,
          -0.213994,
          2.100133
        ],
        [
          -0.013139,
          -0.932626,
          -0.360606,
          1.409395
        ],
        [
          0.0,
          0.0,
          0.0,
          1.0
        ]
      ]
    },
    {
      "file_path": "/media/NFS/ttao/scannet/posed_images/scene0459_00/00227.jpg",
      "transform_matrix": [
        [
          -0.172741,
          0.354471,
          -0.918973,
          2.991154
        ],
        [
          0.98467,
          0.039205,
          -0.169968,
          2.098309
        ],
        [
          -0.024221,
          -0.934245,
          -0.355809,
          1.404068
        ],
        [
          0.0,
          0.0,
          0.0,
          1.0
        ]
      ]
    },
    {
      "file_path": "/media/NFS/ttao/scannet/posed_images/scene0459_00/00229.jpg",
      "transform_matrix": [
        [
          -0.147442,
          0.375467,
          -0.915033,
          2.967758
        ],
        [
          0.988641,
          0.028682,
          -0.147534,
          2.105652
        ],
        [
          -0.029149,
          -0.926392,
          -0.375431,
          1.403424
        ],
        [
          0.0,
          0.0,
          0.0,
          1.0
        ]
      ]
    },
    {
      "file_path": "/media/NFS/ttao/scannet/posed_images/scene0459_00/00235.jpg",
      "transform_matrix": [
        [
          -0.059922,
          0.370713,
          -0.926813,
          2.909321
        ],
        [
          0.997992,
          0.003146,
          -0.063266,
          2.120771
        ],
        [
          -0.020537,
          -0.928742,
          -0.370157,
          1.406072
        ],
        [
          0.0,
          0.0,
          0.0,
          1.0
        ]
      ]
    },
    {
      "file_path": "/media/NFS/ttao/scannet/posed_images/scene0459_00/00238.jpg",
      "transform_matrix": [
        [
          -0.037588,
          0.380602,
          -0.923975,
          2.874661
        ],
        [
          0.999126,
          -0.002624,
          -0.041726,
          2.141884
        ],
        [
          -0.018305,
          -0.924735,
          -0.380171,
          1.410761
        ],
        [
          0.0,
          0.0,
          0.0,
          1.0
        ]
      ]
    },
    {
      "file_path": "/media/NFS/ttao/scannet/posed_images/scene0459_00/00241.jpg",
      "transform_matrix": [
        [
          -0.02717,
          0.364728,
          -0.930718,
          2.846862
        ],
        [
          0.999598,
          0.002379,
          -0.028249,
          2.153082
        ],
        [
          -0.008089,
          -0.931111,
          -0.364646,
          1.417158
        ],
        [
          0.0,
          0.0,
          0.0,
          1.0
        ]
      ]
    },
    {
      "file_path": "/media/NFS/ttao/scannet/posed_images/scene0459_00/00242.jpg",
      "transform_matrix": [
        [
          -0.029156,
          0.3614,
          -0.931955,
          2.838485
        ],
        [
          0.999539,
          0.002683,
          -0.03023,
          2.161593
        ],
        [
          -0.008424,
          -0.932407,
          -0.361312,
          1.418485
        ],
        [
          0.0,
          0.0,
          0.0,
          1.0
        ]
      ]
    },
    {
      "file_path": "/media/NFS/ttao/scannet/posed_images/scene0459_00/00245.jpg",
      "transform_matrix": [
        [
          -0.028923,
          0.362958,
          -0.931357,
          2.808793
        ],
        [
          0.999492,
          -0.001999,
          -0.031818,
          2.186136
        ],
        [
          -0.013411,
