{
  "frames": [
    {
      "file_path": "/media/NFS/ttao/scannet/posed_images/scene0063_00/00001.jpg",
      "transform_matrix": [
        [
          -0.394763,
          0.316878,
          -0.86241,
          4.88409
        ],
        [
          0.913367,
          0.033579,
          -0.40575,
          2.965299
        ],
        [
          -0.099614,
          -0.947872,
          -0.302681,
          1.400614
        ],
        [
          0.0,
          0.0,
          0.0,
          1.0
        ]
      ]
    },
    {
      "file_path": "/media/NFS/ttao/scannet/posed_images/scene0063_00/00004.jpg",
      "transform_matrix": [
        [
          -0.393743,
          0.318728,
          -0.862194,
          4.884082
        ],
        [
          0.912946,
          0.026185,
          -0.40724,
          2.960136
        ],
        [
          -0.107222,
          -0.947484,
          -0.301292,
          1.407949
        ],
        [
          0.0,
          0.0,
          0.0,
          1.0
        ]
      ]
    },
    {
      "file_path": "/media/NFS/ttao/scannet/posed_images/scene0063_00/00005.jpg",
      "transform_matrix": [
        [
          -0.393679,
          0.318128,
          -0.862445,
          4.883979
        ],
        [
          0.912931,
          0.025503,
          -0.407317,
          2.961778
        ],
        [
          -0.107584,
          -0.947705,
          -0.300469,
          1.408904
        ],
        [
          0.0,
          0.0,
          0.0,
          1.0
        ]
      ]
    },
    {
      "file_path": "/media/NFS/ttao/scannet/posed_images/scene0063_00/00010.jpg",
      "transform_matrix": [
        [
          -0.386119,
          0.3048,
          -0.870637,
          4.885084
        ],
        [
          0.915627,
          0.012064,
          -0.401848,
          2.965301
        ],
        [
          -0.111979,
          -0.95234,
          -0.283741,
          1.407229
        ],
        [
          0.0,
          0.0,
          0.0,
          1.0
        ]
      ]
    },
    {
      "file_path": "/media/NFS/ttao/scannet/posed_images/scene0063_00/00012.jpg",
      "transform_matrix": [
        [
          -0.386715,
          0.300314,
          -0.87193,
          4.882529
        ],
        [
          0.915465,
          0.010956,
          -0.40225,
          2.970945
        ],
        [
          -0.111249,
          -0.953777,
          -0.279164,
          1.408288
        ],
        [
          0.0,
          0.0,
          0.0,
          1.0
        ]
      ]
    },
    {
      "file_path": "/media/NFS/ttao/scannet/posed_images/scene0063_00/00013.jpg",
      "transform_matrix": [
        [
          -0.387374,
          0.299557,
          -0.871898,
          4.879882
        ],
        [
          0.915379,
          0.012489,
          -0.402401,
          2.973847
        ],
        [
          -0.109653,
          -0.953997,
          -0.279046,
          1.409145
        ],
        [
          0.0,
          0.0,
          0.0,
          1.0
        ]
      ]
    },
    {
      "file_path": "/media/NFS/ttao/scannet/posed_images/scene0063_00/00017.jpg",
      "transform_matrix": [
        [
          -0.372914,
          0.302252,
          -0.877256,
          4.872417
        ],
        [
          0.920763,
          0.003787,
          -0.390104,
          2.982586
        ],
        [
          -0.114587,
          -0.953221,
          -0.279715,
          1.414385
        ],
        [
          0.0,
          0.0,
          0.0,
          1.0
        ]
      ]
    },
    {
      "file_path": "/media/NFS/ttao/scannet/posed_images/scene0063_00/00019.jpg",
      "transform_matrix": [
        [
          -0.35754,
          0.302715,
          -0.883475,
          4.871439
        ],
        [
          0.926946,
          -0.000184,
          -0.375195,
          2.983309
        ],
        [
          -0.11374,
          -0.953081,
          -0.280535,
          1.415064
        ],
        [
          0.0,
          0.0,
          0.0,
          1.0
        ]
      ]
    },
    {
      "file_path": "/media/NFS/ttao/scannet/posed_images/scene0063_00/00023.jpg",
      "transform_matrix": [
        [
          -0.305096,
          0.300934,
          -0.903524,
          4.860208
        ],
        [
          0.945011,
          -0.021665,
          -0.326321,
          2.988366
        ],
        [
          -0.117776,
          -0.953399,
          -0.277777,
          1.421095
        ],
        [
          0.0,
          0.0,
          0.0,
          1.0
        ]
      ]
    },
    {
      "file_path": "/media/NFS/ttao/scannet/posed_images/scene0063_00/00024.jpg",
      "transform_matrix": [
        [
          -0.289973,
          0.300399,
          -0.908667,
          4.861629
        ],
        [
          0.949653,
          -0.027378,
          -0.312104,
          2.991067
        ],
        [
          -0.118633,
          -0.953421,
          -0.277336,
          1.418031
        ],
        [
          0.0,
          0.0,
          0.0,
          1.0
        ]
      ]
    },
    {
      "file_path": "/media/NFS/ttao/scannet/posed_images/scene0063_00/00028.jpg",
      "transform_matrix": [
        [
          -0.22658,
          0.288954,
          -0.930143,
          4.844629
        ],
        [
          0.966863,
          -0.048611,
          -0.250626,
          3.003986
        ],
        [
          -0.117635,
          -0.956108,
          -0.268365,
          1.425007
        ],
        [
          0.0,
          0.0,
          0.0,
          1.0
        ]
      ]
    },
    {
      "file_path": "/media/NFS/ttao/scannet/posed_images/scene0063_00/00032.jpg",
      "transform_matrix": [
        [
          -0.14599,
          0.259202,
          -0.954726,
          4.842758
        ],
        [
          0.982161,
          -0.077642,
          -0.171264,
          2.980782
        ],
        [
          -0.118518,
          -0.962697,
          -0.243243,
          1.427947
        ],
        [
          0.0,
          0.0,
          0.0,
          1.0
        ]
      ]
    },
    {
      "file_path": "/media/NFS/ttao/scannet/posed_images/scene0063_00/00034.jpg",
      "transform_matrix": [
        [
          -0.122673,
          0.238486,
          -0.963367,
          4.836596
        ],
        [
          0.985735,
          -0.083426,
          -0.146174,
          2.990129
        ],
        [
          -0.115231,
          -0.967556,
          -0.224849,
          1.431867
        ],
        [
          0.0,
          0.0,
          0.0,
          1.0
        ]
      ]
    },
    {
      "file_path": "/media/NFS/ttao/scannet/posed_images/scene0063_00/00037.jpg",
      "transform_matrix": [
        [
          -0.093677,
          0.208613,
          -0.973502,
          4.824467
        ],
        [
          0.989025,
          -0.092715,
          -0.115039,
          3.001925
        ],
        [
          -0.114257,
          -0.973594,
          -0.197638,
          1.434882
        ],
        [
          0.0,
          0.0,
          0.0,
          1.0
        ]
      ]
    },
    {
      "file_path": "/media/NFS/ttao/scannet/posed_images/scene0063_00/00039.jpg",
      "transform_matrix": [
        [
          -0.076631,
          0.196936,
          -0.977417,
          4.816411
        ],
        [
          0.989762,
          -0.10336,
          -0.098424,
          3.006998
        ],
        [
          -0.12041,
          -0.974953,
          -0.187,
          1.438403
        ],
        [
          0.0,
          0.0,
          0.0,
          1.0
        ]
      ]
    },
    {
      "file_path": "/media/NFS/ttao/scannet/posed_images/scene0063_00/00043.jpg",
      "transform_matrix": [
        [
          -0.040817,
          0.177766,
          -0.983226,
          4.802616
        ],
        [
          0.990975,
          -0.118551,
          -0.062572,
          3.021056
        ],
        [
          -0.127686,
          -0.976906,
          -0.171322,
          1.45609
        ],
        [
          0.0,
          0.0,
          0.0,
          1.0
        ]
      ]
    },
    {
      "file_path": "/media/NFS/ttao/scannet/posed_images/scene0063_00/00046.jpg",
      "transform_matrix": [
        [
          -0.0194,
          0.160402,
          -0.986861,
          4.792816
        ],
        [
          0.990399,
          -0.132037,
          -0.04093,
          3.029641
        ],
        [
          -0.136868,
          -0.978181,
          -0.156301,
          1.455489
        ],
        [
          0.0,
          0.0,
          0.0,
          1.0
        ]
      ]
    },
    {
      "file_path": "/media/NFS/ttao/scannet/posed_images/scene0063_00/00048.jpg",
      "transform_matrix": [
        [
          -0.007377,
          0.155287,
          -0.987842,
          4.783914
        ],
        [
          0.989328,
          -0.142622,
          -0.029808,
          3.038742
        ],
        [
          -0.145517,
          -0.97752,
          -0.152578,
          1.457112
        ],
        [
          0.0,
          0.0,
          0.0,
          1.0
        ]
      ]
    },
    {
      "file_path": "/media/NFS/ttao/scannet/posed_images/scene0063_00/00049.jpg",
      "transform_matrix": [
        [
          -0.000786,
          0.154444,
          -0.988001,
          4.778929
        ],
        [
          0.989084,
          -0.145465,
          -0.023526,
          3.042888
        ],
        [
          -0.147353,
          -0.977235,
          -0.152644,
          1.460283
        ],
        [
          0.0,
          0.0,
          0.0,
          1.0
        ]
      ]
    },
    {
      "file_path": "/media/NFS/ttao/scannet/posed_images/scene0063_00/00052.jpg",
      "transform_matrix": [
        [
          0.026304,
          0.143463,
          -0.989306,
          4.77058
        ],
        [
          0.988441,
          -0.151548,
          0.004305,
          3.034888
        ],
        [
          -0.14931,
          -0.977983,
          -0.145791,
          1.45629
        ],
        [
          0.0,
          0.0,
          0.0,
          1.0
        ]
      ]
    },
    {
      "file_path": "/media/NFS/ttao/scannet/posed_images/scene0063_00/00057.jpg",
      "transform_matrix": [
        [
          0.077992,
          0.099235,
          -0.992003,
          4.746806
        ],
        [
          0.987128,
          -0.147044,
          0.0629,
          3.037926
        ],
        [
          -0.139626,
          -0.98414,
          -0.109426,
          1.457794
        ],
        [
          0.0,
          0.0,
          0.0,
          1.0
        ]
      ]
    },
    {
      "file_path": "/media/NFS/ttao/scannet/posed_images/scene0063_00/00058.jpg",
      "transform_matrix": [
        [
          0.083675,
          0.096232,
          -0.991836,
          4.746354
        ],
        [
          0.986359,
          -0.149587,
          0.0687,
          3.029281
        ],
        [
          -0.141755,
          -0.984054,
          -0.107436,
          1.450888
        ],
        [
          0.0,
          0.0,
          0.0,
          1.0
        ]
      ]
    },
    {
      "file_path": "/media/NFS/ttao/scannet/posed_images/scene0063_00/00060.jpg",
      "transform_matrix": [
        [
          0.093616,
          0.105868,
          -0.989964,
          4.738532
        ],
        [
          0.985454,
          -0.151506,
          0.076987,
          3.005472
        ],
        [
          -0.141835,
          -0.982771,
          -0.118511,
          1.451281
        ],
        [
          0.0,
          0.0,
          0.0,
          1.0
        ]
      ]
    },
    {
      "file_path": "/media/NFS/ttao/scannet/posed_images/scene0063_00/00065.jpg",
      "transform_matrix": [
        [
          0.150063,
          0.154335,
          -0.976556,
          4.713181
        ],
        [
          0.978078,
          -0.167415,
          0.123839,
          2.979705
        ],
        [
          -0.144378,
          -0.973731,
          -0.176074,
          1.453159
        ],
        [
          0.0,
          0.0,
          0.0,
          1.0
        ]
      ]
    },
    {
      "file_path": "/media/NFS/ttao/scannet/posed_images/scene0063_00/00066.jpg",
      "transform_matrix": [
        [
          0.167484,
          0.153773,
          -0.973808,
          4.708323
        ],
        [
          0.97503,
          -0.171945,
          0.140542,
          2.969609
        ],
        [
          -0.14583,
          -0.973031,
          -0.178731,
          1.451565
        ],
        [
          0.0,
          0.0,
          0.0,
          1.0
        ]
      ]
    },
    {
      "file_path": "/media/NFS/ttao/scannet/posed_images/scene0063_00/00070.jpg",
      "transform_matrix": [
        [
          0.24632,
          0.181628,
          -0.952018,
          4.676456
        ],
        [
          0.956146,
          -0.206146,
          0.208059,
          2.89334
        ],
        [
          -0.158465,
          -0.961517,
          -0.224441,
          1.452645
        ],
        [
          0.0,
          0.0,
          0.0,
          1.0
        ]
      ]
    },
    {
      "file_path": "/media/NFS/ttao/scannet/posed_images/scene0063_00/00072.jpg",
      "transform_matrix": [
        [
          0.290002,
          0.182805,
          -0.939404,
          4.664768
        ],
        [
          0.943604,
          -0.218438,
          0.248791,
          2.864452
        ],
        [
          -0.159721,
          -0.958576,
          -0.235843,
          1.461279
        ],
        [
          0.0,
          0.0,
          0.0,
          1.0
        ]
      ]
    },
    {
      "file_path": "/media/NFS/ttao/scannet/posed_images/scene0063_00/00074.jpg",
      "transform_matrix": [
        [
          0.323744,
          0.185815,
          -0.927719,
          4.65952
        ],
        [
          0.933636,
          -0.221656,
          0.281413,
          2.852872
        ],
        [
          -0.153344,
          -0.957257,
          -0.245243,
          1.451184
        ],
        [
          0.0,
          0.0,
          0.0,
          1.0
        ]
      ]
    },
    {
      "file_path": "/media/NFS/ttao/scannet/posed_images/scene0063_00/00077.jpg",
      "transform_matrix": [
        [
          0.390699,
          0.197933,
          -0.898986,
          4.632799
        ],
        [
          0.908484,
          -0.240313,
          0.341916,
          2.810246
        ],
        [
          -0.148362,
          -0.950301,
          -0.27371,
          1.448017
        ],
        [
          0.0,
          0.0,
          0.0,
          1.0
        ]
      ]
    },
    {
      "file_path": "/media/NFS/ttao/scannet/posed_images/scene0063_00/00082.jpg",
      "transform_matrix": [
        [
          0.482465,
          0.204506,
          -0.851707,
          4.589307
        ],
        [
          0.859291,
          -0.299051,
          0.414956,
          2.724947
        ],
        [
          -0.169842,
          -0.932065,
          -0.320012,
          1.444261
        ],
        [
          0.0,
          0.0,
          0.0,
          1.0
        ]
      ]
    },
    {
      "file_path": "/media/NFS/ttao/scannet/posed_images/scene0063_00/00083.jpg",
      "transform_matrix": [
        [
          0.494394,
          0.20731,
          -0.844154,
          4.589736
        ],
        [
          0.852326,
          -0.30625,
          0.42397,
          2.724464
        ],
        [
          -0.170629,
          -0.929104,
          -0.328104,
          1.439469
        ],
        [
          0.0,
          0.0,
          0.0,
          1.0
        ]
      ]
    },
    {
      "file_path": "/media/NFS/ttao/scannet/posed_images/scene0063_00/00087.jpg",
      "transform_matrix": [
        [
          0.550008,
          0.222843,
          -0.80488,
          4.570108
        ],
        [
          0.820732,
          -0.322582,
          0.471529,
          2.710239
        ],
        [
          -0.154563,
          -0.919936,
          -0.360317,
          1.449945
        ],
        [
          0.0,
          0.0,
          0.0,
          1.0
        ]
      ]
    },
    {
      "file_path": "/media/NFS/ttao/scannet/posed_images/scene0063_00/00089.jpg",
      "transform_matrix": [
        [
          0.576181,
          0.218704,
          -0.787518,
          4.557345
        ],
        [
          0.803411,
          -0.328569,
          0.496562,
          2.693167
        ],
        [
          -0.150154,
          -0.91881,
          -0.365024,
          1.457538
        ],
        [
          0.0,
          0.0,
          0.0,
          1.0
        ]
      ]
    },
    {
      "file_path": "/media/NFS/ttao/scannet/posed_images/scene0063_00/00091.jpg",
      "transform_matrix": [
        [
          0.604934,
          0.206631,
          -0.768998,
          4.544765
        ],
        [
          0.781408,
          -0.339798,
          0.523392,
          2.663992
        ],
        [
          -0.153155,
          -0.917519,
          -0.367018,
          1.449114
        ],
        [
          0.0,
          0.0,
          0.0,
          1.0
        ]
      ]
    },
    {
      "file_path": "/media/NFS/ttao/scannet/posed_images/scene0063_00/00095.jpg",
      "transform_matrix": [
        [
          0.650983,
          0.208329,
          -0.729945,
          4.531472
        ],
        [
          0.745397,
          -0.357274,
          0.562796,
          2.66432
        ],
        [
          -0.143543,
          -0.910469,
          -0.387867,
          1.456306
        ],
        [
          0.0,
          0.0,
          0.0,
          1.0
        ]
      ]
    },
    {
      "file_path": "/media/NFS/ttao/scannet/posed_images/scene0063_00/00097.jpg",
      "transform_matrix": [
        [
          0.677838,
          0.205595,
          -0.70588,
          4.512448
        ],
        [
          0.723215,
          -0.359187,
          0.589869,
          2.647053
        ],
        [
          -0.132269,
          -0.910338,
          -0.39216,
          1.45513
        ],
        [
          0.0,
          0.0,
          0.0,
          1.0
        ]
      ]
    },
    {
      "file_path": "/media/NFS/ttao/scannet/posed_images/scene0063_00/00100.jpg",
      "transform_matrix": [
        [
          0.708752,
          0.196759,
          -0.677463,
          4.507509
        ],
        [
          0.6934,
          -0.371089,
          0.617648,
          2.628946
        ],
        [
          -0.129872,
          -0.907513,
          -0.399443,
          1.446045
        ],
        [
          0.0,
          0.0,
          0.0,
          1.0
        ]
      ]
    },
    {
      "file_path": "/media/NFS/ttao/scannet/posed_images/scene0063_00/00104.jpg",
      "transform_matrix": [
        [
          0.747857,
          0.184215,
          -0.637789,
          4.493999
        ],
        [
          0.650404,
          -0.395767,
          0.648339,
          2.628814
        ],
        [
          -0.132982,
          -0.899685,
          -0.415791,
          1.455881
        ],
        [
          0.0,
          0.0,
          0.0,
          1.0
        ]
      ]
    },
    {
      "file_path": "/media/NFS/ttao/scannet/posed_images/scene0063_00/00106.jpg",
      "transform_matrix": [
        [
          0.764589,
          0.173704,
          -0.620669,
          4.494322
        ],
        [
          0.630392,
          -0.402062,
          0.664043,
          2.637421
        ],
        [
          -0.134201,
          -0.898984,
          -0.416914,
          1.46177
        ],
        [
          0.0,
          0.0,
          0.0,
          1.0
        ]
      ]
    },
    {
      "file_path": "/media/NFS/ttao/scannet/posed_images/scene0063_00/00108.jpg",
      "transform_matrix": [
        [
          0.781579,
          0.16343,
          -0.602018,
          4.500821
        ],
        [
          0.609805,
          -0.403489,
          0.682154,
          2.641032
        ],
        [
          -0.131423,
          -0.900271,
          -0.415019,
          1.457093
        ],
        [
          0.0,
          0.0,
          0.0,
          1.0
        ]
      ]
    },
    {
      "file_path": "/media/NFS/ttao/scannet/posed_images/scene0063_00/00110.jpg",
      "transform_matrix": [
        [
          0.795828,
          0.165026,
          -0.582601,
          4.515216
        ],
        [
          0.59397,
          -0.399799,
          0.698112,
          2.656437
        ],
        [
          -0.117717,
          -0.901625,
          -0.416192,
          1.449058
        ],
        [
          0.0,
          0.0,
          0.0,
          1.0
        ]
      ]
    },
    {
      "file_path": "/media/NFS/ttao/scannet/posed_images/scene0063_00/00114.jpg",
      "transform_matrix": [
        [
          0.844771,
          0.155677,
          -0.511983,
          4.499949
        ],
        [
          0.524898,
          -0.427244,
          0.736169,
          2.668997
        ],
        [
          -0.104137,
          -0.890633,
          -0.442638,
          1.455633
        ],
        [
          0.0,
          0.0,
          0.0,
          1.0
        ]
      ]
    },
    {
      "file_path": "/media/NFS/ttao/scannet/posed_images/scene0063_00/00117.jpg",
      "transform_matrix": [
        [
          0.874429,
          0.136507,
          -0.465553,
          4.508661
        ],
        [
          0.476207,
          -0.424929,
          0.769845,
          2.685122
        ],
        [
          -0.092737,
          -0.894875,
          -0.436576,
          1.456368
        ],
        [
          0.0,
          0.0,
          0.0,
          1.0
        ]
      ]
    },
    {
      "file_path": "/media/NFS/ttao/scannet/posed_images/scene0063_00/00118.jpg",
      "transform_matrix": [
        [
          0.8826,
          0.131473,
          -0.451367,
          4.509911
        ],
        [
          0.461266,
          -0.427673,
          0.777386,
          2.69283
        ],
        [
          -0.090832,
          -0.894322,
          -0.438108,
          1.460315
        ],
        [
          0.0,
          0.0,
          0.0,
          1.0
        ]
      ]
    },
    {
      "file_path": "/media/NFS/ttao/scannet/posed_images/scene0063_00/00122.jpg",
      "transform_matrix": [
        [
          0.890169,
          0.109507,
          -0.442275,
          4.554759
        ],
        [
          0.445199,
          -0.415564,
          0.793161,
          2.735264
        ],
        [
          -0.096937,
          -0.902948,
          -0.418674,
          1.449413
        ],
        [
          0.0,
          0.0,
          0.0,
          1.0
        ]
      ]
    },
    {
      "file_path": "/media/NFS/ttao/scannet/posed_images/scene0063_00/00125.jpg",
      "transform_matrix": [
        [
          0.895107,
          0.106694,
          -0.432896,
          4.564436
        ],
        [
          0.435116,
          -0.420826,
          0.795978,
          2.761075
        ],
        [
          -0.097248,
          -0.900845,
          -0.423108,
          1.452857
        ],
        [
          0.0,
          0.0,
          0.0,
          1.0
        ]
      ]
    },
    {
      "file_path": "/media/NFS/ttao/scannet/posed_images/scene0063_00/00129.jpg",
      "transform_matrix": [
        [
          0.901984,
          0.103325,
          -0.419224,
          4.575176
        ],
        [
          0.420683,
          -0.42892,
          0.799408,
          2.792655
        ],
        [
          -0.097215,
          -0.897414,
          -0.430346,
          1.453547
        ],
        [
          0.0,
          0.0,
          0.0,
          1.0
        ]
      ]
    },
    {
      "file_path": "/media/NFS/ttao/scannet/posed_images/scene0063_00/00130.jpg",
      "transform_matrix": [
        [
          0.903333,
          0.110584,
          -0.414441,
          4.576756
        ],
        [
          0.420065,
          -0.423604,
          0.802562,
          2.798638
        ],
        [
          -0.086809,
          -0.899072,
          -0.429108,
          1.451754
        ],
        [
          0.0,
          0.0,
          0.0,
          1.0
        ]
      ]
    },
    {
      "file_path": "/media/NFS/ttao/scannet/posed_images/scene0063_00/00134.jpg",
      "transform_matrix": [
        [
          0.910929,
          0.101397,
          -0.399909,
          4.593733
        ],
        [
          0.40334,
          -0.422693,
          0.811571,
          2.82896
        ],
        [
          -0.086747,
          -0.900583,
          -0.425941,
          1.452403
        ],
        [
          0.0,
          0.0,
          0.0,
          1.0
        ]
      ]
    },
    {
      "file_path": "/media/NFS/ttao/scannet/posed_images/scene0063_00/00135.jpg",
      "transform_matrix": [
        [
          0.912622,
          0.096072,
          -0.397356,
          4.597643
        ],
        [
          0.398679,
          -0.424162,
          0.813106,
          2.836096
        ],
        [
          -0.090426,
          -0.900476,
          -0.425402,
          1.452467
        ],
        [
          0.0,
          0.0,
          0.0,
          1.0
        ]
      ]
    },
    {
      "file_path": "/media/NFS/ttao/scannet/posed_images/scene0063_00/00140.jpg",
      "transform_matrix": [
        [
          0.92039,
          0.090814,
          -0.380309,
          4.612971
        ],
        [
          0.382021,
          -0.416123,
          0.825168,
          2.871447
        ],
        [
          -0.083318,
          -0.904762,
          -0.417688,
          1.451579
        ],
        [
          0.0,
          0.0,
          0.0,
          1.0
        ]
      ]
    },
    {
      "file_path": "/media/NFS/ttao/scannet/posed_images/scene0063_00/00142.jpg",
      "transform_matrix": [
        [
          0.923603,
          0.09416,
          -0.371606,
          4.616313
        ],
        [
          0.375911,
          -0.412503,
          0.829779,
          2.881408
        ],
        [
          -0.075156,
          -0.906077,
          -0.416385,
          1.449691
        ],
        [
          0.0,
          0.0,
          0.0,
          1.0
        ]
      ]
    },
    {
      "file_path": "/media/NFS/ttao/scannet/posed_images/scene0063_00/00143.jpg",
      "transform_matrix": [
        [
          0.92606,
          0.096174,
          -0.364916,
          4.614623
        ],
        [
          0.370763,
          -0.412117,
          0.832283,
          2.884509
        ],
        [
          -0.070344,
          -0.906041,
          -0.417302,
          1.447226
        ],
        [
          0.0,
          0.0,
          0.0,
          1.0
        ]
      ]
    },
    {
      "file_path": "/media/NFS/ttao/scannet/posed_images/scene0063_00/00146.jpg",
      "transform_matrix": [
        [
          0.929679,
          0.104063,
          -0.353366,
          4.623034
        ],
        [
          0.362836,
          -0.424336,
          0.829632,
          2.89724
        ],
        [
          -0.063612,
          -0.899505,
          -0.432254,
          1.440502
        ],
        [
          0.0,
          0.0,
          0.0,
          1.0
        ]
      ]
    },
    {
      "file_path": "/media/NFS/ttao/scannet/posed_images/scene0063_00/00149.jpg",
      "transform_matrix": [
        [
          0.933653,
          0.106441,
          -0.341997,
          4.631246
        ],
        [
          0.352726,
          -0.439208,
          0.826245,
          2.906964
        ],
        [
          -0.062261,
          -0.892058,
          -0.447613,
          1.433843
        ],
        [
          0.0,
          0.0,
          0.0,
          1.0
        ]
      ]
    },
    {
      "file_path": "/media/NFS/ttao/scannet/posed_images/scene0063_00/00153.jpg",
      "transform_matrix": [
        [
          0.946153,
          0.089559,
          -0.311084,
          4.644333
        ],
        [
          0.316435,
          -0.458572,
          0.83041,
          2.913126
        ],
        [
          -0.068284,
          -0.884133,
          -0.462219,
          1.426793
        ],
        [
          0.0,
          0.0,
          0.0,
          1.0
        ]
      ]
    },
    {
      "file_path": "/media/NFS/ttao/scannet/posed_images/scene0063_00/00154.jpg",
      "transform_matrix": [
        [
          0.951079,
          0.079811,
          -0.298461,
          4.643662
        ],
        [
          0.300833,
          -0.459201,
          0.835843,
          2.912063
        ],
        [
          -0.070344,
          -0.88474,
          -0.460746,
          1.427982
        ],
        [
          0.0,
          0.0,
          0.0,
          1.0
        ]
      ]
    },
    {
      "file_path": "/media/NFS/ttao/scannet/posed_images/scene0063_00/00157.jpg",
      "transform_matrix": [
        [
          0.964134,
          0.050424,
          -0.260582,
          4.640581
        ],
        [
          0.252098,
          -0.481072,
          0.839653,
          2.91042
        ],
        [
          -0.08302,
          -0.87523,
          -0.47653,
          1.430546
        ],
        [
          0.0,
          0.0,
          0.0,
          1.0
        ]
      ]
    },
    {
      "file_path": "/media/NFS/ttao/scannet/posed_images/scene0063_00/00161.jpg",
      "transform_matrix": [
        [
          0.97679,
          0.00181,
          -0.214192,
          4.644802
        ],
        [
          0.186015,
          -0.502985,
          0.844041,
          2.901845
        ],
        [
          -0.106207,
          -0.864293,
          -0.491647,
          1.43043
        ],
        [
          0.0,
          0.0,
          0.0,
          1.0
        ]
      ]
    },
    {
      "file_path": "/media/NFS/ttao/scannet/posed_images/scene0063_00/00165.jpg",
      "transform_matrix": [
        [
          0.989429,
          -0.028128,
          -0.142262,
          4.631325
        ],
        [
          0.108401,
          -0.50817,
          0.854408,
          2.890314
        ],
        [
          -0.096326,
          -0.860797,
          -0.499749,
          1.426139
        ],
        [
          0.0,
          0.0,
          0.0,
          1.0
        ]
      ]
    },
    {
      "file_path": "/media/NFS/ttao/scannet/posed_images/scene0063_00/00167.jpg",
      "transform_matrix": [
        [
          0.99286,
          -0.048762,
          -0.108857,
          4.631794
        ],
        [
          0.070161,
          -0.499299,
          0.863584,
          2.882846
        ],
        [
          -0.096463,
          -0.865057,
          -0.492313,
          1.422358
        ],
        [
          0.0,
          0.0,
          0.0,
          1.0
        ]
      ]
    },
    {
      "file_path": "/media/NFS/ttao/scannet/posed_images/scene0063_00/00168.jpg",
      "transform_matrix": [
        [
          0.993737,
          -0.058053,
          -0.095482,
          4.633088
        ],
        [
          0.054067,
          -0.498001,
          0.865489,
          2.880605
        ],
        [
          -0.097794,
          -0.865231,
          -0.491743,
          1.423594
        ],
        [
          0.0,
          0.0,
          0.0,
          1.0
        ]
      ]
    },
    {
      "file_path": "/media/NFS/ttao/scannet/posed_images/scene0063_00/00173.jpg",
      "transform_matrix": [
        [
          0.994732,
          -0.09725,
          -0.032409,
          4.661069
        ],
        [
          -0.022471,
          -0.515348,
          0.856686,
          2.876009
        ],
        [
          -0.100014,
          -0.851445,
          -0.514819,
          1.420677
        ],
        [
          0.0,
          0.0,
          0.0,
          1.0
        ]
      ]
    },
    {
      "file_path": "/media/NFS/ttao/scannet/posed_images/scene0063_00/00176.jpg",
      "transform_matrix": [
        [
          0.992515,
          -0.121821,
          -0.008535,
          4.676991
        ],
        [
          -0.053196,
          -0.494202,
          0.867718,
          2.872447
        ],
        [
          -0.109925,
          -0.860769,
          -0.496984,
          1.416942
        ],
        [
          0.0,
          0.0,
          0.0,
          1.0
        ]
      ]
    },
    {
      "file_path": "/media/NFS/ttao/scannet/posed_images/scene0063_00/00177.jpg",
      "transform_matrix": [
        [
          0.992313,
          -0.123748,
          0.000458,
          4.681912
        ],
        [
          -0.061322,
          -0.488505,
          0.870404,
          2.872491
        ],
        [
          -0.107487,
          -0.863741,
          -0.492339,
          1.416934
        ],
        [
          0.0,
          0.0,
          0.0,
          1.0
        ]
      ]
    },
    {
      "file_path": "/media/NFS/ttao/scannet/posed_images/scene0063_00/00179.jpg",
      "transform_matrix": [
        [
          0.991415,
          -0.127533,
          0.028841,
          4.693451
        ],
        [
          -0.08885,
          -0.495266,
          0.864186,
          2.881222
        ],
        [
          -0.095928,
          -0.859329,
          -0.502346,
          1.422434
        ],
        [
          0.0,
          0.0,
          0.0,
          1.0
        ]
      ]
    },
    {
      "file_path": "/media/NFS/ttao/scannet/posed_images/scene0063_00/00184.jpg",
      "transform_matrix": [
        [
          0.988254,
          -0.132517,
          0.076112,
          4.750236
        ],
        [
          -0.132758,
          -0.497776,
          0.857085,
          2.904801
        ],
        [
          -0.075692,
          -0.857122,
          -0.509522,
          1.418918
        ],
        [
          0.0,
          0.0,
          0.0,
          1.0
        ]
      ]
    },
    {
      "file_path": "/media/NFS/ttao/scannet/posed_images/scene0063_00/00185.jpg",
      "transform_matrix": [
        [
          0.987828,
          -0.130975,
          0.083909,
          4.75944
        ],
        [
          -0.138444,
          -0.494398,
          0.85814,
          2.910582
        ],
        [
          -0.07091,
          -0.859312,
          -0.506513,
          1.420987
        ],
        [
          0.0,
          0.0,
          0.0,
          1.0
        ]
      ]
    },
    {
      "file_path": "/media/NFS/ttao/scannet/posed_images/scene0063_00/00189.jpg",
      "transform_matrix": [
        [
          0.987072,
          -0.135111,
          0.086221,
          4.835806
        ],
        [
          -0.138328,
          -0.446399,
          0.884077,
          2.938824
        ],
        [
          -0.080959,
          -0.884575,
          -0.459318,
          1.424112
        ],
        [
          0.0,
          0.0,
          0.0,
          1.0
        ]
      ]
    },
    {
      "file_path": "/media/NFS/ttao/scannet/posed_images/scene0063_00/00190.jpg",
      "transform_matrix": [
        [
          0.987226,
          -0.135224,
          0.084254,
          4.855873
        ],
        [
          -0.1359,
          -0.43868,
          0.888308,
          2.949703
        ],
        [
          -0.08316,
          -0.888411,
          -0.451453,
          1.424449
        ],
        [
          0.0,
          0.0,
          0.0,
          1.0
        ]
      ]
    },
    {
      "file_path": "/media/NFS/ttao/scannet/posed_images/scene0063_00/00195.jpg",
      "transform_matrix": [
        [
          0.987905,
          -0.122427,
          0.095156,
          4.936237
        ],
        [
          -0.138299,
          -0.418198,
          0.897766,
          2.983988
        ],
        [
          -0.070117,
          -0.900068,
          -0.430071,
          1.441823
        ],
        [
          0.0,
          0.0,
          0.0,
          1.0
        ]
      ]
    },
    {
      "file_path": "/media/NFS/ttao/scannet/posed_images/scene0063_00/00196.jpg",
      "transform_matrix": [
        [
          0.989145,
          -0.116668,
          0.089332,
          4.953606
        ],
        [
          -0.13055,
          -0.418727,
          0.898679,
          2.990866
        ],
        [
          -0.067441,
          -0.900587,
          -0.429413,
          1.443749
        ],
        [
          0.0,
          0.0,
          0.0,
          1.0
        ]
      ]
    },
    {
      "file_path": "/media/NFS/ttao/scannet/posed_images/scene0063_00/00200.jpg",
      "transform_matrix": [
        [
          0.990662,
          -0.099386,
          0.093328,
          5.009416
        ],
        [
          -0.126943,
          -0.422727,
          0.897322,
          3.022749
        ],
        [
          -0.049729,
          -0.900791,
          -0.431396,
          1.458495
        ],
        [
          0.0,
          0.0,
          0.0,
          1.0
        ]
      ]
    },
    {
      "file_path": "/media/NFS/ttao/scannet/posed_images/scene0063_00/00202.jpg",
      "transform_matrix": [
        [
          0.989202,
          -0.107771,
          0.099316,
          5.032858
        ],
        [
          -0.136202,
          -0.425869,
          0.894474,
          3.033341
        ],
        [
          -0.054103,
          -0.898344,
          -0.435949,
          1.457625
        ],
        [
          0.0,
          0.0,
          0.0,
          1.0
        ]
      ]
    },
    {
      "file_path": "/media/NFS/ttao/scannet/posed_images/scene0063_00/00205.jpg",
      "transform_matrix": [
        [
          0.987768,
          -0.12362,
          0.095037,
          5.071607
        ],
        [
          -0.138019,
          -0.409533,
          0.901795,
          3.052787
        ],
        [
          -0.072559,
          -0.903881,
          -0.421585,
          1.463146
        ],
        [
          0.0,
          0.0,
          0.0,
          1.0
        ]
      ]
    },
    {
      "file_path": "/media/NFS/ttao/scannet/posed_images/scene0063_00/00209.jpg",
      "transform_matrix": [
        [
          0.98559,
          -0.124667,
          0.114325,
          5.114987
        ],
        [
          -0.156168,
          -0.410969,
          0.898173,
          3.077467
        ],
        [
          -0.064989,
          -0.903085,
          -0.424517,
          1.462187
        ],
        [
          0.0,
          0.0,
          0.0,
          1.0
        ]
      ]
    },
    {
      "file_path": "/media/NFS/ttao/scannet/posed_images/scene0063_00/00210.jpg",
      "transform_matrix": [
        [
          0.984838,
          -0.12564,
          0.119615,
          5.120522
        ],
        [
          -0.161191,
          -0.407931,
          0.898671,
          3.079829
        ],
        [
          -0.064114,
          -0.904327,
          -0.421998,
          1.458975
        ],
        [
          0.0,
          0.0,
          0.0,
          1.0
        ]
      ]
    },
    {
      "file_path": "/media/NFS/ttao/scannet/posed_images/scene0063_00/00214.jpg",
      "transform_matrix": [
        [
          0.980301,
          -0.130465,
          0.148285,
          5.161812
        ],
        [
          -0.189677,
          -0.412555,
          0.890966,
          3.111907
        ],
        [
          -0.055064,
