{
  "frames": [
    {
      "file_path": "/media/NFS/ttao/scannet/posed_images/scene0500_01/00000.jpg",
      "transform_matrix": [
        [
          0.810806,
          0.174467,
          -0.558709,
          7.119276
        ],
        [
          0.584643,
          -0.195644,
          0.787348,
          5.542567
        ],
        [
          0.028058,
          -0.965031,
          -0.26063,
          1.864772
        ],
        [
          0.0,
          0.0,
          0.0,
          1.0
        ]
      ]
    },
    {
      "file_path": "/media/NFS/ttao/scannet/posed_images/scene0500_01/00005.jpg",
      "transform_matrix": [
        [
          0.810832,
          0.180898,
          -0.556622,
          7.12349
        ],
        [
          0.584219,
          -0.192937,
          0.78833,
          5.518468
        ],
        [
          0.035215,
          -0.964392,
          -0.262123,
          1.867812
        ],
        [
          0.0,
          0.0,
          0.0,
          1.0
        ]
      ]
    },
    {
      "file_path": "/media/NFS/ttao/scannet/posed_images/scene0500_01/00010.jpg",
      "transform_matrix": [
        [
          0.81493,
          0.17808,
          -0.551522,
          7.123026
        ],
        [
          0.578778,
          -0.200679,
          0.790408,
          5.515361
        ],
        [
          0.030077,
          -0.963336,
          -0.266608,
          1.870756
        ],
        [
          0.0,
          0.0,
          0.0,
          1.0
        ]
      ]
    },
    {
      "file_path": "/media/NFS/ttao/scannet/posed_images/scene0500_01/00015.jpg",
      "transform_matrix": [
        [
          0.809387,
          0.180001,
          -0.559011,
          7.13056
        ],
        [
          0.586716,
          -0.20628,
          0.783079,
          5.510178
        ],
        [
          0.025642,
          -0.961794,
          -0.27257,
          1.862731
        ],
        [
          0.0,
          0.0,
          0.0,
          1.0
        ]
      ]
    },
    {
      "file_path": "/media/NFS/ttao/scannet/posed_images/scene0500_01/00025.jpg",
      "transform_matrix": [
        [
          0.765652,
          0.202316,
          -0.610611,
          7.120916
        ],
        [
          0.643252,
          -0.237785,
          0.727795,
          5.519985
        ],
        [
          0.00205,
          -0.950014,
          -0.312201,
          1.841267
        ],
        [
          0.0,
          0.0,
          0.0,
          1.0
        ]
      ]
    },
    {
      "file_path": "/media/NFS/ttao/scannet/posed_images/scene0500_01/00026.jpg",
      "transform_matrix": [
        [
          0.757952,
          0.205604,
          -0.61906,
          7.124689
        ],
        [
          0.65231,
          -0.239096,
          0.719253,
          5.529636
        ],
        [
          -0.000133,
          -0.948979,
          -0.315341,
          1.843686
        ],
        [
          0.0,
          0.0,
          0.0,
          1.0
        ]
      ]
    },
    {
      "file_path": "/media/NFS/ttao/scannet/posed_images/scene0500_01/00033.jpg",
      "transform_matrix": [
        [
          0.715086,
          0.224913,
          -0.661866,
          7.126212
        ],
        [
          0.699029,
          -0.225545,
          0.678593,
          5.580852
        ],
        [
          0.003344,
          -0.947916,
          -0.318504,
          1.857035
        ],
        [
          0.0,
          0.0,
          0.0,
          1.0
        ]
      ]
    },
    {
      "file_path": "/media/NFS/ttao/scannet/posed_images/scene0500_01/00038.jpg",
      "transform_matrix": [
        [
          0.683948,
          0.229454,
          -0.692507,
          7.134983
        ],
        [
          0.729381,
          -0.195827,
          0.655481,
          5.619123
        ],
        [
          0.014791,
          -0.953416,
          -0.301295,
          1.857984
        ],
        [
          0.0,
          0.0,
          0.0,
          1.0
        ]
      ]
    },
    {
      "file_path": "/media/NFS/ttao/scannet/posed_images/scene0500_01/00044.jpg",
      "transform_matrix": [
        [
          0.655468,
          0.21835,
          -0.72297,
          7.14065
        ],
        [
          0.755058,
          -0.169461,
          0.63338,
          5.670336
        ],
        [
          0.015784,
          -0.961044,
          -0.275943,
          1.860336
        ],
        [
          0.0,
          0.0,
          0.0,
          1.0
        ]
      ]
    },
    {
      "file_path": "/media/NFS/ttao/scannet/posed_images/scene0500_01/00053.jpg",
      "transform_matrix": [
        [
          0.659272,
          0.160966,
          -0.734473,
          7.133769
        ],
        [
          0.751752,
          -0.121459,
          0.648164,
          5.725847
        ],
        [
          0.015124,
          -0.979458,
          -0.201081,
          1.890838
        ],
        [
          0.0,
          0.0,
          0.0,
          1.0
        ]
      ]
    },
    {
      "file_path": "/media/NFS/ttao/scannet/posed_images/scene0500_01/00058.jpg",
      "transform_matrix": [
        [
          0.662562,
          0.124079,
          -0.738658,
          7.120053
        ],
        [
          0.74882,
          -0.087705,
          0.656945,
          5.736048
        ],
        [
          0.016729,
          -0.988389,
          -0.151022,
          1.902219
        ],
        [
          0.0,
          0.0,
          0.0,
          1.0
        ]
      ]
    },
    {
      "file_path": "/media/NFS/ttao/scannet/posed_images/scene0500_01/00063.jpg",
      "transform_matrix": [
        [
          0.666905,
          0.098249,
          -0.738637,
          7.090639
        ],
        [
          0.744785,
          -0.057184,
          0.66485,
          5.753543
        ],
        [
          0.023083,
          -0.993518,
          -0.111311,
          1.934839
        ],
        [
          0.0,
          0.0,
          0.0,
          1.0
        ]
      ]
    },
    {
      "file_path": "/media/NFS/ttao/scannet/posed_images/scene0500_01/00064.jpg",
      "transform_matrix": [
        [
          0.669475,
          0.090351,
          -0.737319,
          7.093138
        ],
        [
          0.742439,
          -0.04901,
          0.668118,
          5.751746
        ],
        [
          0.024229,
          -0.994703,
          -0.099891,
          1.933616
        ],
        [
          0.0,
          0.0,
          0.0,
          1.0
        ]
      ]
    },
    {
      "file_path": "/media/NFS/ttao/scannet/posed_images/scene0500_01/00071.jpg",
      "transform_matrix": [
        [
          -Infinity,
          -Infinity,
          -Infinity,
          -Infinity
        ],
        [
          -Infinity,
          -Infinity,
          -Infinity,
          -Infinity
        ],
        [
          -Infinity,
          -Infinity,
          -Infinity,
          -Infinity
        ],
        [
          -Infinity,
          -Infinity,
          -Infinity,
          -Infinity
        ]
      ]
    },
    {
      "file_path": "/media/NFS/ttao/scannet/posed_images/scene0500_01/00079.jpg",
      "transform_matrix": [
        [
          -Infinity,
          -Infinity,
          -Infinity,
          -Infinity
        ],
        [
          -Infinity,
          -Infinity,
          -Infinity,
          -Infinity
        ],
        [
          -Infinity,
          -Infinity,
          -Infinity,
          -Infinity
        ],
        [
          -Infinity,
          -Infinity,
          -Infinity,
          -Infinity
        ]
      ]
    },
    {
      "file_path": "/media/NFS/ttao/scannet/posed_images/scene0500_01/00084.jpg",
      "transform_matrix": [
        [
          -Infinity,
          -Infinity,
          -Infinity,
          -Infinity
        ],
        [
          -Infinity,
          -Infinity,
          -Infinity,
          -Infinity
        ],
        [
          -Infinity,
          -Infinity,
          -Infinity,
          -Infinity
        ],
        [
          -Infinity,
          -Infinity,
          -Infinity,
          -Infinity
        ]
      ]
    },
    {
      "file_path": "/media/NFS/ttao/scannet/posed_images/scene0500_01/00091.jpg",
      "transform_matrix": [
        [
          -Infinity,
          -Infinity,
          -Infinity,
          -Infinity
        ],
        [
          -Infinity,
          -Infinity,
          -Infinity,
          -Infinity
        ],
        [
          -Infinity,
          -Infinity,
          -Infinity,
          -Infinity
        ],
        [
          -Infinity,
          -Infinity,
          -Infinity,
          -Infinity
        ]
      ]
    },
    {
      "file_path": "/media/NFS/ttao/scannet/posed_images/scene0500_01/00092.jpg",
      "transform_matrix": [
        [
          -Infinity,
          -Infinity,
          -Infinity,
          -Infinity
        ],
        [
          -Infinity,
          -Infinity,
          -Infinity,
          -Infinity
        ],
        [
          -Infinity,
          -Infinity,
          -Infinity,
          -Infinity
        ],
        [
          -Infinity,
          -Infinity,
          -Infinity,
          -Infinity
        ]
      ]
    },
    {
      "file_path": "/media/NFS/ttao/scannet/posed_images/scene0500_01/00100.jpg",
      "transform_matrix": [
        [
          0.798888,
          -0.003303,
          -0.60147,
          6.890908
        ],
        [
          0.601392,
          0.021443,
          0.798666,
          5.827097
        ],
        [
          0.010259,
          -0.999765,
          0.019117,
          2.078206
        ],
        [
          0.0,
          0.0,
          0.0,
          1.0
        ]
      ]
    },
    {
      "file_path": "/media/NFS/ttao/scannet/posed_images/scene0500_01/00107.jpg",
      "transform_matrix": [
        [
          0.808437,
          0.025713,
          -0.588021,
          6.90641
        ],
        [
          0.588376,
          -0.008769,
          0.80854,
          5.863764
        ],
        [
          0.015634,
          -0.999631,
          -0.022218,
          1.964906
        ],
        [
          0.0,
          0.0,
          0.0,
          1.0
        ]
      ]
    },
    {
      "file_path": "/media/NFS/ttao/scannet/posed_images/scene0500_01/00110.jpg",
      "transform_matrix": [
        [
          0.805978,
          0.05323,
          -0.589547,
          6.907107
        ],
        [
          0.591727,
          -0.045459,
          0.804856,
          5.888673
        ],
        [
          0.016043,
          -0.997547,
          -0.068136,
          1.982211
        ],
        [
          0.0,
          0.0,
          0.0,
          1.0
        ]
      ]
    },
    {
      "file_path": "/media/NFS/ttao/scannet/posed_images/scene0500_01/00115.jpg",
      "transform_matrix": [
        [
          0.786235,
          0.097315,
          -0.610217,
          6.911237
        ],
        [
          0.617695,
          -0.096647,
          0.780457,
          5.932252
        ],
        [
          0.016974,
          -0.99055,
          -0.136098,
          1.93981
        ],
        [
          0.0,
          0.0,
          0.0,
          1.0
        ]
      ]
    },
    {
      "file_path": "/media/NFS/ttao/scannet/posed_images/scene0500_01/00124.jpg",
      "transform_matrix": [
        [
          0.762137,
          0.168952,
          -0.624982,
          6.888424
        ],
        [
          0.647192,
          -0.173435,
          0.742336,
          6.027606
        ],
        [
          0.017026,
          -0.970245,
          -0.241526,
          1.899212
        ],
        [
          0.0,
          0.0,
          0.0,
          1.0
        ]
      ]
    },
    {
      "file_path": "/media/NFS/ttao/scannet/posed_images/scene0500_01/00128.jpg",
      "transform_matrix": [
        [
          0.753919,
          0.199699,
          -0.62588,
          6.880752
        ],
        [
          0.656782,
          -0.206518,
          0.72525,
          6.068955
        ],
        [
          0.015576,
          -0.957847,
          -0.286857,
          1.881255
        ],
        [
          0.0,
          0.0,
          0.0,
          1.0
        ]
      ]
    },
    {
      "file_path": "/media/NFS/ttao/scannet/posed_images/scene0500_01/00130.jpg",
      "transform_matrix": [
        [
          0.748489,
          0.21581,
          -0.627049,
          6.885725
        ],
        [
          0.662832,
          -0.214306,
          0.717445,
          6.086108
        ],
        [
          0.020451,
          -0.952627,
          -0.303452,
          1.871882
        ],
        [
          0.0,
          0.0,
          0.0,
          1.0
        ]
      ]
    },
    {
      "file_path": "/media/NFS/ttao/scannet/posed_images/scene0500_01/00140.jpg",
      "transform_matrix": [
        [
          0.739666,
          0.285283,
          -0.609514,
          6.849679
        ],
        [
          0.672597,
          -0.283084,
          0.683722,
          6.168575
        ],
        [
          0.022511,
          -0.915684,
          -0.401269,
          1.818401
        ],
        [
          0.0,
          0.0,
          0.0,
          1.0
        ]
      ]
    },
    {
      "file_path": "/media/NFS/ttao/scannet/posed_images/scene0500_01/00145.jpg",
      "transform_matrix": [
        [
          0.742505,
          0.305026,
          -0.59636,
          6.801337
        ],
        [
          0.669117,
          -0.296378,
          0.6815,
          6.20087
        ],
        [
          0.031127,
          -0.905052,
          -0.42416,
          1.794174
        ],
        [
          0.0,
          0.0,
          0.0,
          1.0
        ]
      ]
    },
    {
      "file_path": "/media/NFS/ttao/scannet/posed_images/scene0500_01/00147.jpg",
      "transform_matrix": [
        [
          0.744831,
          0.303633,
          -0.594167,
          6.776895
        ],
        [
          0.666637,
          -0.300329,
          0.682201,
          6.214793
        ],
        [
          0.028693,
          -0.904217,
          -0.426107,
          1.787161
        ],
        [
          0.0,
          0.0,
          0.0,
          1.0
        ]
      ]
    },
    {
      "file_path": "/media/NFS/ttao/scannet/posed_images/scene0500_01/00153.jpg",
      "transform_matrix": [
        [
          0.757248,
          0.293734,
          -0.583349,
          6.682692
        ],
        [
          0.652873,
          -0.315508,
          0.68863,
          6.268121
        ],
        [
          0.018223,
          -0.902317,
          -0.430689,
          1.783055
        ],
        [
          0.0,
          0.0,
          0.0,
          1.0
        ]
      ]
    },
    {
      "file_path": "/media/NFS/ttao/scannet/posed_images/scene0500_01/00160.jpg",
      "transform_matrix": [
        [
          0.766117,
          0.279039,
          -0.578967,
          6.576146
        ],
        [
          0.642682,
          -0.339583,
          0.686763,
          6.323475
        ],
        [
          -0.004974,
          -0.898232,
          -0.439493,
          1.773172
        ],
        [
          0.0,
          0.0,
          0.0,
          1.0
        ]
      ]
    },
    {
      "file_path": "/media/NFS/ttao/scannet/posed_images/scene0500_01/00168.jpg",
      "transform_matrix": [
        [
          0.75277,
          0.301343,
          -0.58526,
          6.48634
        ],
        [
          0.658254,
          -0.353021,
          0.664889,
          6.403526
        ],
        [
          -0.00625,
          -0.885759,
          -0.464104,
          1.761798
        ],
        [
          0.0,
          0.0,
          0.0,
          1.0
        ]
      ]
    },
    {
      "file_path": "/media/NFS/ttao/scannet/posed_images/scene0500_01/00170.jpg",
      "transform_matrix": [
        [
          0.753959,
          0.29857,
          -0.585151,
          6.46528
        ],
        [
          0.656861,
          -0.35475,
          0.665347,
          6.427772
        ],
        [
          -0.008929,
          -0.886007,
          -0.463586,
          1.764574
        ],
        [
          0.0,
          0.0,
          0.0,
          1.0
        ]
      ]
    },
    {
      "file_path": "/media/NFS/ttao/scannet/posed_images/scene0500_01/00178.jpg",
      "transform_matrix": [
        [
          0.766055,
          0.27718,
          -0.57994,
          6.411926
        ],
        [
          0.642774,
          -0.331066,
          0.690823,
          6.569283
        ],
        [
          -0.000516,
          -0.90198,
          -0.431779,
          1.771948
        ],
        [
          0.0,
          0.0,
          0.0,
          1.0
        ]
      ]
    },
    {
      "file_path": "/media/NFS/ttao/scannet/posed_images/scene0500_01/00180.jpg",
      "transform_matrix": [
        [
          0.761988,
          0.279553,
          -0.584144,
          6.393912
        ],
        [
          0.64758,
          -0.323594,
          0.689875,
          6.598252
        ],
        [
          0.003831,
          -0.903956,
          -0.427607,
          1.771979
        ],
        [
          0.0,
          0.0,
          0.0,
          1.0
        ]
      ]
    },
    {
      "file_path": "/media/NFS/ttao/scannet/posed_images/scene0500_01/00188.jpg",
      "transform_matrix": [
        [
          0.75374,
          0.272495,
          -0.598016,
          6.342988
        ],
        [
          0.656198,
          -0.262527,
          0.707449,
          6.715873
        ],
        [
          0.035781,
          -0.925649,
          -0.376688,
          1.807011
        ],
        [
          0.0,
          0.0,
          0.0,
          1.0
        ]
      ]
    },
    {
      "file_path": "/media/NFS/ttao/scannet/posed_images/scene0500_01/00191.jpg",
      "transform_matrix": [
        [
          0.760356,
          0.251058,
          -0.599023,
          6.318826
        ],
        [
          0.648819,
          -0.251193,
          0.718286,
          6.751276
        ],
        [
          0.029861,
          -0.934811,
          -0.353888,
          1.818523
        ],
        [
          0.0,
          0.0,
          0.0,
          1.0
        ]
      ]
    },
    {
      "file_path": "/media/NFS/ttao/scannet/posed_images/scene0500_01/00201.jpg",
      "transform_matrix": [
        [
          0.77347,
          0.196716,
          -0.602534,
          6.228279
        ],
        [
          0.633462,
          -0.207405,
          0.745459,
          6.847781
        ],
        [
          0.021675,
          -0.958272,
          -0.285034,
          1.837383
        ],
        [
          0.0,
          0.0,
          0.0,
          1.0
        ]
      ]
    },
    {
      "file_path": "/media/NFS/ttao/scannet/posed_images/scene0500_01/00206.jpg",
      "transform_matrix": [
        [
          0.780903,
          0.157236,
          -0.60454,
          6.151635
        ],
        [
          0.624617,
          -0.186174,
          0.758415,
          6.888225
        ],
        [
          0.0067,
          -0.969854,
          -0.243596,
          1.849422
        ],
        [
          0.0,
          0.0,
          0.0,
          1.0
        ]
      ]
    },
    {
      "file_path": "/media/NFS/ttao/scannet/posed_images/scene0500_01/00209.jpg",
      "transform_matrix": [
        [
          0.792958,
          0.13383,
          -0.594396,
          6.101045
        ],
        [
          0.609273,
          -0.176796,
          0.773,
          6.910799
        ],
        [
          -0.001637,
          -0.975106,
          -0.221731,
          1.853274
        ],
        [
          0.0,
          0.0,
          0.0,
          1.0
        ]
      ]
    },
    {
      "file_path": "/media/NFS/ttao/scannet/posed_images/scene0500_01/00212.jpg",
      "transform_matrix": [
        [
          0.800126,
          0.111546,
          -0.589369,
          6.055588
        ],
        [
          0.599615,
          -0.175147,
          0.780888,
          6.93875
        ],
        [
          -0.016121,
          -0.978203,
          -0.207024,
          1.89194
        ],
        [
          0.0,
          0.0,
          0.0,
          1.0
        ]
      ]
    },
    {
      "file_path": "/media/NFS/ttao/scannet/posed_images/scene0500_01/00222.jpg",
      "transform_matrix": [
        [
          0.786332,
          0.072126,
          -0.61358,
          5.903942
        ],
        [
          0.616985,
          -0.14284,
          0.773904,
          7.02045
        ],
        [
          -0.031825,
          -0.987114,
          -0.15682,
          1.924468
        ],
        [
          0.0,
          0.0,
          0.0,
          1.0
        ]
      ]
    },
    {
      "file_path": "/media/NFS/ttao/scannet/posed_images/scene0500_01/00226.jpg",
      "transform_matrix": [
        [
          0.78505,
          0.070463,
          -0.615412,
          5.876219
        ],
        [
          0.61877,
          -0.135173,
          0.773856,
          7.054922
        ],
        [
          -0.028659,
          -0.988313,
          -0.149717,
          1.912245
        ],
        [
          0.0,
          0.0,
          0.0,
          1.0
        ]
      ]
    },
    {
      "file_path": "/media/NFS/ttao/scannet/posed_images/scene0500_01/00232.jpg",
      "transform_matrix": [
        [
          0.792145,
          0.076778,
          -0.605485,
          5.80377
        ],
        [
          0.609758,
          -0.14261,
          0.779652,
          7.100616
        ],
        [
          -0.026488,
          -0.986797,
          -0.159783,
          1.881642
        ],
        [
          0.0,
          0.0,
          0.0,
          1.0
        ]
      ]
    },
    {
      "file_path": "/media/NFS/ttao/scannet/posed_images/scene0500_01/00239.jpg",
      "transform_matrix": [
        [
          0.779958,
          0.10841,
          -0.616371,
          5.769125
        ],
        [
          0.625769,
          -0.149077,
          0.76563,
          7.202107
        ],
        [
          -0.008885,
          -0.982865,
          -0.184114,
          1.863355
        ],
        [
          0.0,
          0.0,
          0.0,
          1.0
        ]
      ]
    },
    {
      "file_path": "/media/NFS/ttao/scannet/posed_images/scene0500_01/00240.jpg",
      "transform_matrix": [
        [
          0.776872,
          0.112768,
          -0.619479,
          5.770544
        ],
        [
          0.62964,
          -0.14689,
          0.762874,
          7.216466
        ],
        [
          -0.004968,
          -0.982704,
          -0.185118,
          1.864321
        ],
        [
          0.0,
          0.0,
          0.0,
          1.0
        ]
      ]
    },
    {
      "file_path": "/media/NFS/ttao/scannet/posed_images/scene0500_01/00249.jpg",
      "transform_matrix": [
        [
          0.763436,
          0.169455,
          -0.623258,
          5.701073
        ],
        [
          0.645751,
          -0.180684,
          0.741862,
          7.304938
        ],
        [
          0.013099,
          -0.968834,
          -0.247366,
          1.836916
        ],
        [
          0.0,
          0.0,
          0.0,
          1.0
        ]
      ]
    },
    {
      "file_path": "/media/NFS/ttao/scannet/posed_images/scene0500_01/00254.jpg",
      "transform_matrix": [
        [
          0.756917,
          0.191489,
          -0.624826,
          5.670471
        ],
        [
          0.653396,
          -0.203872,
          0.729047,
          7.359411
        ],
        [
          0.01222,
          -0.960088,
          -0.279433,
          1.80865
        ],
        [
          0.0,
          0.0,
          0.0,
          1.0
        ]
      ]
    },
    {
      "file_path": "/media/NFS/ttao/scannet/posed_images/scene0500_01/00259.jpg",
      "transform_matrix": [
        [
          0.759126,
          0.215085,
          -0.614382,
          5.602818
        ],
        [
          0.650562,
          -0.218402,
          0.727371,
          7.413805
        ],
        [
          0.022264,
          -0.951861,
          -0.305721,
          1.78786
        ],
        [
          0.0,
          0.0,
          0.0,
          1.0
        ]
      ]
    },
    {
      "file_path": "/media/NFS/ttao/scannet/posed_images/scene0500_01/00262.jpg",
      "transform_matrix": [
        [
          0.756037,
          0.221429,
          -0.615936,
          5.569487
        ],
        [
          0.654165,
          -0.22423,
          0.72235,
          7.446473
        ],
        [
          0.021837,
          -0.949047,
          -0.314377,
          1.77453
        ],
        [
          0.0,
          0.0,
          0.0,
          1.0
        ]
      ]
    },
    {
      "file_path": "/media/NFS/ttao/scannet/posed_images/scene0500_01/00272.jpg",
      "transform_matrix": [
        [
          0.747305,
          0.250498,
          -0.615456,
          5.437563
        ],
        [
          0.664474,
          -0.277486,
          0.693885,
          7.550549
        ],
        [
          0.003036,
          -0.927498,
          -0.373816,
          1.742834
        ],
        [
          0.0,
          0.0,
          0.0,
          1.0
        ]
      ]
    },
    {
      "file_path": "/media/NFS/ttao/scannet/posed_images/scene0500_01/00273.jpg",
      "transform_matrix": [
        [
          0.749314,
          0.251141,
          -0.612745,
          5.422531
        ],
        [
          0.662214,
          -0.285395,
          0.692837,
          7.560788
        ],
        [
          -0.000875,
          -0.92492,
          -0.38016,
          1.740755
        ],
        [
          0.0,
          0.0,
          0.0,
          1.0
        ]
      ]
    },
    {
      "file_path": "/media/NFS/ttao/scannet/posed_images/scene0500_01/00278.jpg",
      "transform_matrix": [
        [
          0.731749,
          0.283607,
          -0.619766,
          5.366829
        ],
        [
          0.681508,
          -0.317116,
          0.659534,
          7.607293
        ],
        [
          -0.009489,
          -0.904989,
          -0.42533,
          1.724682
        ],
        [
          0.0,
          0.0,
          0.0,
          1.0
        ]
      ]
    },
    {
      "file_path": "/media/NFS/ttao/scannet/posed_images/scene0500_01/00287.jpg",
      "transform_matrix": [
        [
          0.63053,
          0.335442,
          -0.699936,
          5.2508
        ],
        [
          0.77613,
          -0.281035,
          0.564484,
          7.686126
        ],
        [
          -0.007355,
          -0.899165,
          -0.437548,
          1.684728
        ],
        [
          0.0,
          0.0,
          0.0,
          1.0
        ]
      ]
    },
    {
      "file_path": "/media/NFS/ttao/scannet/posed_images/scene0500_01/00293.jpg",
      "transform_matrix": [
        [
          0.523908,
          0.364415,
          -0.769884,
          5.197824
        ],
        [
          0.851766,
          -0.228341,
          0.471546,
          7.756292
        ],
        [
          -0.003957,
          -0.902808,
          -0.430026,
          1.681295
        ],
        [
          0.0,
          0.0,
          0.0,
          1.0
        ]
      ]
    },
    {
      "file_path": "/media/NFS/ttao/scannet/posed_images/scene0500_01/00300.jpg",
      "transform_matrix": [
        [
          0.397791,
          0.42456,
          -0.813333,
          5.144573
        ],
        [
          0.917211,
          -0.162727,
          0.363653,
          7.822624
        ],
        [
          0.022042,
          -0.890656,
          -0.454143,
          1.671391
        ],
        [
          0.0,
          0.0,
          0.0,
          1.0
        ]
      ]
    },
    {
      "file_path": "/media/NFS/ttao/scannet/posed_images/scene0500_01/00301.jpg",
      "transform_matrix": [
        [
          0.380202,
          0.43177,
          -0.817937,
          5.138191
        ],
        [
          0.924464,
          -0.150158,
          0.350455,
          7.822825
        ],
        [
          0.028496,
          -0.889397,
          -0.456247,
          1.669614
        ],
        [
          0.0,
          0.0,
          0.0,
          1.0
        ]
      ]
    },
    {
      "file_path": "/media/NFS/ttao/scannet/posed_images/scene0500_01/00310.jpg",
      "transform_matrix": [
        [
          0.210614,
          0.473414,
          -0.85529,
          5.047632
        ],
        [
          0.977095,
          -0.074693,
          0.199265,
          7.877199
        ],
        [
          0.030451,
          -0.877668,
          -0.478301,
          1.65361
        ],
        [
          0.0,
          0.0,
          0.0,
          1.0
        ]
      ]
    },
    {
      "file_path": "/media/NFS/ttao/scannet/posed_images/scene0500_01/00311.jpg",
      "transform_matrix": [
        [
          0.193677,
          0.476287,
          -0.857694,
          5.036046
        ],
        [
          0.980639,
          -0.068221,
          0.183556,
          7.884729
        ],
        [
          0.028913,
          -0.876639,
          -0.480279,
          1.647516
        ],
        [
          0.0,
          0.0,
          0.0,
          1.0
        ]
      ]
    },
    {
      "file_path": "/media/NFS/ttao/scannet/posed_images/scene0500_01/00321.jpg",
      "transform_matrix": [
        [
          0.084497,
          0.496899,
          -0.863685,
          4.905698
        ],
        [
          0.995909,
          -0.014271,
          0.089223,
          7.942278
        ],
        [
          0.032009,
          -0.867691,
          -0.496072,
          1.628586
        ],
        [
          0.0,
          0.0,
          0.0,
          1.0
        ]
      ]
    },
    {
      "file_path": "/media/NFS/ttao/scannet/posed_images/scene0500_01/00326.jpg",
      "transform_matrix": [
        [
          0.070167,
          0.502143,
          -0.861933,
          4.844736
        ],
        [
          0.997322,
          -0.017454,
          0.07102,
          7.97696
        ],
        [
          0.020618,
          -0.864608,
          -0.502023,
          1.631759
        ],
        [
          0.0,
          0.0,
          0.0,
          1.0
        ]
      ]
    },
    {
      "file_path": "/media/NFS/ttao/scannet/posed_images/scene0500_01/00328.jpg",
      "transform_matrix": [
        [
          0.060546,
          0.510187,
          -0.85793,
          4.821268
        ],
        [
          0.998123,
          -0.023056,
          0.056728,
          7.991385
        ],
        [
          0.009161,
          -0.859755,
          -0.510625,
          1.629229
        ],
        [
          0.0,
          0.0,
          0.0,
          1.0
        ]
      ]
    },
    {
      "file_path": "/media/NFS/ttao/scannet/posed_images/scene0500_01/00336.jpg",
      "transform_matrix": [
        [
          0.020235,
          0.511347,
          -0.859136,
          4.712553
        ],
        [
          0.999585,
          -0.027965,
          0.006899,
          8.036558
        ],
        [
          -0.020497,
          -0.858919,
          -0.511701,
          1.629579
        ],
        [
          0.0,
          0.0,
          0.0,
          1.0
        ]
      ]
    },
    {
      "file_path": "/media/NFS/ttao/scannet/posed_images/scene0500_01/00343.jpg",
      "transform_matrix": [
        [
          -0.041132,
          0.483262,
          -0.874509,
          4.621699
        ],
        [
          0.99885,
          -0.001699,
          -0.047919,
          8.110092
        ],
        [
          -0.024643,
          -0.875474,
          -0.482636,
          1.630476
        ],
        [
          0.0,
          0.0,
          0.0,
          1.0
        ]
      ]
    },
    {
      "file_path": "/media/NFS/ttao/scannet/posed_images/scene0500_01/00346.jpg",
      "transform_matrix": [
        [
          -0.080261,
          0.471571,
          -0.878168,
          4.582409
        ],
        [
          0.996666,
          0.025027,
          -0.077652,
          8.151999
        ],
        [
          -0.014641,
          -0.881473,
          -0.472008,
          1.631654
        ],
        [
          0.0,
          0.0,
          0.0,
          1.0
        ]
      ]
    },
    {
      "file_path": "/media/NFS/ttao/scannet/posed_images/scene0500_01/00352.jpg",
      "transform_matrix": [
        [
          -0.129014,
          0.458265,
          -0.879402,
          4.506813
        ],
        [
          0.991642,
          0.058733,
          -0.114874,
          8.221352
        ],
        [
          -0.000993,
          -0.886873,
          -0.462013,
          1.641752
        ],
        [
          0.0,
          0.0,
          0.0,
          1.0
        ]
      ]
    },
    {
      "file_path": "/media/NFS/ttao/scannet/posed_images/scene0500_01/00359.jpg",
      "transform_matrix": [
        [
          -0.174667,
          0.46145,
          -0.869802,
          4.430405
        ],
        [
          0.9845,
          0.067629,
          -0.161822,
          8.288955
        ],
        [
          -0.015849,
          -0.884585,
          -0.46611,
          1.640881
        ],
        [
          0.0,
          0.0,
          0.0,
          1.0
        ]
      ]
    },
    {
      "file_path": "/media/NFS/ttao/scannet/posed_images/scene0500_01/00361.jpg",
      "transform_matrix": [
        [
          -0.185365,
          0.462805,
          -0.866863,
          4.398529
        ],
        [
          0.982498,
          0.070774,
          -0.172307,
          8.295666
        ],
        [
          -0.018394,
          -0.883631,
          -0.467823,
          1.633244
        ],
        [
          0.0,
          0.0,
          0.0,
          1.0
        ]
      ]
    },
    {
      "file_path": "/media/NFS/ttao/scannet/posed_images/scene0500_01/00371.jpg",
      "transform_matrix": [
        [
          -0.260046,
          0.442072,
          -0.858457,
          4.233987
        ],
        [
          0.965594,
          0.117101,
          -0.232197,
          8.370948
        ],
        [
          -0.002122,
          -0.889303,
          -0.457314,
          1.61577
        ],
        [
          0.0,
          0.0,
          0.0,
          1.0
        ]
      ]
    },
    {
      "file_path": "/media/NFS/ttao/scannet/posed_images/scene0500_01/00372.jpg",
      "transform_matrix": [
        [
          -0.263936,
          0.442052,
          -0.85728,
          4.22062
        ],
        [
          0.964539,
          0.122619,
          -0.23373,
          8.378595
        ],
        [
          0.001798,
          -0.888569,
          -0.45874,
          1.610812
        ],
        [
          0.0,
          0.0,
          0.0,
          1.0
        ]
      ]
    },
    {
      "file_path": "/media/NFS/ttao/scannet/posed_images/scene0500_01/00382.jpg",
      "transform_matrix": [
        [
          -0.37686,
          0.440589,
          -0.814774,
          4.071675
        ],
        [
          0.925753,
          0.149764,
          -0.347206,
          8.404938
        ],
        [
          -0.030951,
          -0.885128,
          -0.464317,
          1.603325
        ],
        [
          0.0,
          0.0,
          0.0,
          1.0
        ]
      ]
    },
    {
      "file_path": "/media/NFS/ttao/scannet/posed_images/scene0500_01/00387.jpg",
      "transform_matrix": [
        [
          -0.468918,
          0.422276,
          -0.775757,
          4.001417
        ],
        [
          0.882061,
          0.17849,
          -0.436016,
          8.419577
        ],
        [
          -0.045654,
          -0.888721,
          -0.45617,
          1.603407
        ],
        [
          0.0,
          0.0,
          0.0,
          1.0
        ]
      ]
    },
    {
      "file_path": "/media/NFS/ttao/scannet/posed_images/scene0500_01/00389.jpg",
      "transform_matrix": [
        [
          -0.511795,
          0.410266,
          -0.754816,
          3.977095
        ],
        [
          0.857862,
          0.196749,
          -0.474724,
          8.427804
        ],
        [
          -0.046254,
          -0.890489,
          -0.452647,
          1.603119
        ],
        [
          0.0,
          0.0,
          0.0,
          1.0
        ]
      ]
    },
    {
      "file_path": "/media/NFS/ttao/scannet/posed_images/scene0500_01/00397.jpg",
      "transform_matrix": [
        [
          -0.698976,
          0.338614,
          -0.6299,
          3.890309
        ],
        [
          0.714935,
          0.309519,
          -0.626949,
          8.446239
        ],
        [
          -0.017328,
          -0.88856,
          -0.458434,
          1.594511
        ],
        [
          0.0,
          0.0,
          0.0,
          1.0
        ]
      ]
    },
    {
      "file_path": "/media/NFS/ttao/scannet/posed_images/scene0500_01/00404.jpg",
      "transform_matrix": [
        [
          -0.818583,
          0.270977,
          -0.506451,
          3.823238
        ],
        [
          0.574317,
          0.37232,
          -0.729066,
          8.470427
        ],
        [
          -0.008998,
          -0.887665,
          -0.460402,
          1.59177
        ],
        [
          0.0,
          0.0,
          0.0,
          1.0
        ]
      ]
    },
    {
      "file_path": "/media/NFS/ttao/scannet/posed_images/scene0500_01/00408.jpg",
      "transform_matrix": [
        [
          -0.847784,
          0.256889,
          -0.463972,
          3.79255
        ],
        [
          0.530114,
          0.384896,
          -0.755535,
          8.473248
        ],
        [
          -0.015507,
          -0.886489,
          -0.462489,
          1.586221
        ],
        [
          0.0,
          0.0,
          0.0,
          1.0
        ]
      ]
    },
    {
      "file_path": "/media/NFS/ttao/scannet/posed_images/scene0500_01/00410.jpg",
      "transform_matrix": [
        [
          -0.862771,
          0.248571,
          -0.440271,
          3.753186
        ],
        [
          0.505243,
          0.391425,
          -0.7691,
          8.468462
        ],
        [
          -0.018843,
          -0.886002,
          -0.463299,
          1.58619
        ],
        [
          0.0,
          0.0,
          0.0,
          1.0
        ]
      ]
    },
    {
      "file_path": "/media/NFS/ttao/scannet/posed_images/scene0500_01/00417.jpg",
      "transform_matrix": [
        [
          -0.903439,
          0.217689,
          -0.369335,
          3.711767
        ],
        [
          0.428371,
          0.423836,
          -0.798036,
          8.416608
        ],
        [
          -0.017186,
          -0.87919,
          -0.476162,
          1.568727
        ],
        [
          0.0,
          0.0,
          0.0,
          1.0
        ]
      ]
    },
    {
      "file_path": "/media/NFS/ttao/scannet/posed_images/scene0500_01/00422.jpg",
      "transform_matrix": [
        [
          -0.934531,
          0.169569,
          -0.312885,
          3.665196
        ],
        [
          0.355843,
          0.43253,
          -0.828428,
          8.354572
