{
  "frames": [
    {
      "file_path": "/media/NFS/ttao/scannet/posed_images/scene0705_02/00002.jpg",
      "transform_matrix": [
        [
          -0.369577,
          0.478689,
          -0.79641,
          3.94719
        ],
        [
          0.927717,
          0.141676,
          -0.345355,
          2.560675
        ],
        [
          -0.052486,
          -0.866478,
          -0.496448,
          1.281695
        ],
        [
          0.0,
          0.0,
          0.0,
          1.0
        ]
      ]
    },
    {
      "file_path": "/media/NFS/ttao/scannet/posed_images/scene0705_02/00003.jpg",
      "transform_matrix": [
        [
          -0.367875,
          0.477303,
          -0.798029,
          3.949628
        ],
        [
          0.928388,
          0.140007,
          -0.34423,
          2.558587
        ],
        [
          -0.052572,
          -0.867514,
          -0.494628,
          1.2805
        ],
        [
          0.0,
          0.0,
          0.0,
          1.0
        ]
      ]
    },
    {
      "file_path": "/media/NFS/ttao/scannet/posed_images/scene0705_02/00007.jpg",
      "transform_matrix": [
        [
          -0.357147,
          0.47658,
          -0.803317,
          3.960728
        ],
        [
          0.933191,
          0.145219,
          -0.328735,
          2.555506
        ],
        [
          -0.040011,
          -0.867054,
          -0.496605,
          1.279092
        ],
        [
          0.0,
          0.0,
          0.0,
          1.0
        ]
      ]
    },
    {
      "file_path": "/media/NFS/ttao/scannet/posed_images/scene0705_02/00009.jpg",
      "transform_matrix": [
        [
          -0.359367,
          0.472366,
          -0.804815,
          3.965452
        ],
        [
          0.932584,
          0.150529,
          -0.328069,
          2.556784
        ],
        [
          -0.03382,
          -0.868454,
          -0.494615,
          1.27488
        ],
        [
          0.0,
          0.0,
          0.0,
          1.0
        ]
      ]
    },
    {
      "file_path": "/media/NFS/ttao/scannet/posed_images/scene0705_02/00013.jpg",
      "transform_matrix": [
        [
          -0.374378,
          0.474029,
          -0.796955,
          3.970383
        ],
        [
          0.926417,
          0.15422,
          -0.343464,
          2.584677
        ],
        [
          -0.039905,
          -0.866898,
          -0.496885,
          1.262004
        ],
        [
          0.0,
          0.0,
          0.0,
          1.0
        ]
      ]
    },
    {
      "file_path": "/media/NFS/ttao/scannet/posed_images/scene0705_02/00016.jpg",
      "transform_matrix": [
        [
          -0.372988,
          0.480367,
          -0.793806,
          3.97692
        ],
        [
          0.926901,
          0.154504,
          -0.342029,
          2.585917
        ],
        [
          -0.041653,
          -0.863352,
          -0.50288,
          1.244642
        ],
        [
          0.0,
          0.0,
          0.0,
          1.0
        ]
      ]
    },
    {
      "file_path": "/media/NFS/ttao/scannet/posed_images/scene0705_02/00020.jpg",
      "transform_matrix": [
        [
          -0.401052,
          0.490729,
          -0.773527,
          3.987575
        ],
        [
          0.914437,
          0.164284,
          -0.369887,
          2.593001
        ],
        [
          -0.054437,
          -0.855685,
          -0.514626,
          1.227916
        ],
        [
          0.0,
          0.0,
          0.0,
          1.0
        ]
      ]
    },
    {
      "file_path": "/media/NFS/ttao/scannet/posed_images/scene0705_02/00024.jpg",
      "transform_matrix": [
        [
          -0.444912,
          0.4796,
          -0.756331,
          4.000016
        ],
        [
          0.893334,
          0.177965,
          -0.412654,
          2.599329
        ],
        [
          -0.063308,
          -0.859251,
          -0.507622,
          1.214638
        ],
        [
          0.0,
          0.0,
          0.0,
          1.0
        ]
      ]
    },
    {
      "file_path": "/media/NFS/ttao/scannet/posed_images/scene0705_02/00028.jpg",
      "transform_matrix": [
        [
          -0.469119,
          0.479256,
          -0.741782,
          4.00555
        ],
        [
          0.881677,
          0.205918,
          -0.424551,
          2.600634
        ],
        [
          -0.050722,
          -0.853177,
          -0.519149,
          1.208628
        ],
        [
          0.0,
          0.0,
          0.0,
          1.0
        ]
      ]
    },
    {
      "file_path": "/media/NFS/ttao/scannet/posed_images/scene0705_02/00029.jpg",
      "transform_matrix": [
        [
          -0.469264,
          0.479273,
          -0.74168,
          4.004921
        ],
        [
          0.881485,
          0.204134,
          -0.425809,
          2.599057
        ],
        [
          -0.052676,
          -0.853596,
          -0.518265,
          1.209453
        ],
        [
          0.0,
          0.0,
          0.0,
          1.0
        ]
      ]
    },
    {
      "file_path": "/media/NFS/ttao/scannet/posed_images/scene0705_02/00032.jpg",
      "transform_matrix": [
        [
          -0.475112,
          0.472147,
          -0.742527,
          4.000542
        ],
        [
          0.877976,
          0.198237,
          -0.435729,
          2.605548
        ],
        [
          -0.058531,
          -0.858941,
          -0.508718,
          1.217718
        ],
        [
          0.0,
          0.0,
          0.0,
          1.0
        ]
      ]
    },
    {
      "file_path": "/media/NFS/ttao/scannet/posed_images/scene0705_02/00036.jpg",
      "transform_matrix": [
        [
          -0.481149,
          0.438299,
          -0.759203,
          3.993722
        ],
        [
          0.875076,
          0.188437,
          -0.445796,
          2.605882
        ],
        [
          -0.05233,
          -0.878854,
          -0.474211,
          1.237998
        ],
        [
          0.0,
          0.0,
          0.0,
          1.0
        ]
      ]
    },
    {
      "file_path": "/media/NFS/ttao/scannet/posed_images/scene0705_02/00038.jpg",
      "transform_matrix": [
        [
          -0.486511,
          0.411057,
          -0.770934,
          3.994944
        ],
        [
          0.872847,
          0.190288,
          -0.449364,
          2.595573
        ],
        [
          -0.038014,
          -0.891528,
          -0.451367,
          1.248667
        ],
        [
          0.0,
          0.0,
          0.0,
          1.0
        ]
      ]
    },
    {
      "file_path": "/media/NFS/ttao/scannet/posed_images/scene0705_02/00042.jpg",
      "transform_matrix": [
        [
          -0.507945,
          0.370209,
          -0.777777,
          3.992693
        ],
        [
          0.861075,
          0.193828,
          -0.470086,
          2.566403
        ],
        [
          -0.023275,
          -0.908502,
          -0.417231,
          1.26926
        ],
        [
          0.0,
          0.0,
          0.0,
          1.0
        ]
      ]
    },
    {
      "file_path": "/media/NFS/ttao/scannet/posed_images/scene0705_02/00047.jpg",
      "transform_matrix": [
        [
          -0.547774,
          0.323129,
          -0.771707,
          3.992937
        ],
        [
          0.836324,
          0.18671,
          -0.515462,
          2.544803
        ],
        [
          -0.022475,
          -0.927754,
          -0.372515,
          1.295279
        ],
        [
          0.0,
          0.0,
          0.0,
          1.0
        ]
      ]
    },
    {
      "file_path": "/media/NFS/ttao/scannet/posed_images/scene0705_02/00050.jpg",
      "transform_matrix": [
        [
          -0.572392,
          0.302062,
          -0.762316,
          3.993309
        ],
        [
          0.819508,
          0.179202,
          -0.544328,
          2.536934
        ],
        [
          -0.027812,
          -0.936293,
          -0.350116,
          1.316002
        ],
        [
          0.0,
          0.0,
          0.0,
          1.0
        ]
      ]
    },
    {
      "file_path": "/media/NFS/ttao/scannet/posed_images/scene0705_02/00053.jpg",
      "transform_matrix": [
        [
          -0.585443,
          0.273631,
          -0.76314,
          3.996807
        ],
        [
          0.810251,
          0.165682,
          -0.562177,
          2.52161
        ],
        [
          -0.02739,
          -0.947458,
          -0.318707,
          1.329297
        ],
        [
          0.0,
          0.0,
          0.0,
          1.0
        ]
      ]
    },
    {
      "file_path": "/media/NFS/ttao/scannet/posed_images/scene0705_02/00056.jpg",
      "transform_matrix": [
        [
          -0.589335,
          0.249885,
          -0.768272,
          3.995749
        ],
        [
          0.807388,
          0.148689,
          -0.570979,
          2.509582
        ],
        [
          -0.028446,
          -0.956791,
          -0.289382,
          1.344788
        ],
        [
          0.0,
          0.0,
          0.0,
          1.0
        ]
      ]
    },
    {
      "file_path": "/media/NFS/ttao/scannet/posed_images/scene0705_02/00060.jpg",
      "transform_matrix": [
        [
          -0.585406,
          0.236747,
          -0.775404,
          3.989482
        ],
        [
          0.809888,
          0.12692,
          -0.572689,
          2.508421
        ],
        [
          -0.037168,
          -0.963246,
          -0.266038,
          1.36824
        ],
        [
          0.0,
          0.0,
          0.0,
          1.0
        ]
      ]
    },
    {
      "file_path": "/media/NFS/ttao/scannet/posed_images/scene0705_02/00061.jpg",
      "transform_matrix": [
        [
          -0.583384,
          0.236774,
          -0.776918,
          3.987049
        ],
        [
          0.811249,
          0.123673,
          -0.571473,
          2.507934
        ],
        [
          -0.039226,
          -0.963661,
          -0.264232,
          1.37437
        ],
        [
          0.0,
          0.0,
          0.0,
          1.0
        ]
      ]
    },
    {
      "file_path": "/media/NFS/ttao/scannet/posed_images/scene0705_02/00064.jpg",
      "transform_matrix": [
        [
          -0.578512,
          0.218785,
          -0.785784,
          3.98943
        ],
        [
          0.814694,
          0.107766,
          -0.56979,
          2.502985
        ],
        [
          -0.03998,
          -0.969804,
          -0.240587,
          1.39037
        ],
        [
          0.0,
          0.0,
          0.0,
          1.0
        ]
      ]
    },
    {
      "file_path": "/media/NFS/ttao/scannet/posed_images/scene0705_02/00068.jpg",
      "transform_matrix": [
        [
          -0.587791,
          0.201157,
          -0.783606,
          3.99047
        ],
        [
          0.807864,
          0.094331,
          -0.581771,
          2.495908
        ],
        [
          -0.043109,
          -0.975006,
          -0.217954,
          1.407299
        ],
        [
          0.0,
          0.0,
          0.0,
          1.0
        ]
      ]
    },
    {
      "file_path": "/media/NFS/ttao/scannet/posed_images/scene0705_02/00071.jpg",
      "transform_matrix": [
        [
          -0.590958,
          0.194453,
          -0.782916,
          3.970446
        ],
        [
          0.804669,
          0.073222,
          -0.589192,
          2.503365
        ],
        [
          -0.057244,
          -0.978175,
          -0.199742,
          1.431532
        ],
        [
          0.0,
          0.0,
          0.0,
          1.0
        ]
      ]
    },
    {
      "file_path": "/media/NFS/ttao/scannet/posed_images/scene0705_02/00076.jpg",
      "transform_matrix": [
        [
          -0.56838,
          0.170361,
          -0.804935,
          3.974723
        ],
        [
          0.820425,
          0.043607,
          -0.570089,
          2.485296
        ],
        [
          -0.06202,
          -0.984416,
          -0.164554,
          1.458083
        ],
        [
          0.0,
          0.0,
          0.0,
          1.0
        ]
      ]
    },
    {
      "file_path": "/media/NFS/ttao/scannet/posed_images/scene0705_02/00079.jpg",
      "transform_matrix": [
        [
          -0.556376,
          0.16287,
          -0.814813,
          3.985952
        ],
        [
          0.828586,
          0.035123,
          -0.55876,
          2.470891
        ],
        [
          -0.062386,
          -0.986022,
          -0.154494,
          1.462302
        ],
        [
          0.0,
          0.0,
          0.0,
          1.0
        ]
      ]
    },
    {
      "file_path": "/media/NFS/ttao/scannet/posed_images/scene0705_02/00080.jpg",
      "transform_matrix": [
        [
          -0.547609,
          0.171426,
          -0.818986,
          3.989109
        ],
        [
          0.833946,
          0.031975,
          -0.550919,
          2.456921
        ],
        [
          -0.068254,
          -0.984678,
          -0.16047,
          1.47572
        ],
        [
          0.0,
          0.0,
          0.0,
          1.0
        ]
      ]
    },
    {
      "file_path": "/media/NFS/ttao/scannet/posed_images/scene0705_02/00086.jpg",
      "transform_matrix": [
        [
          -0.506903,
          0.138799,
          -0.850755,
          4.002466
        ],
        [
          0.859599,
          0.007728,
          -0.510912,
          2.427159
        ],
        [
          -0.064339,
          -0.99029,
          -0.123229,
          1.49725
        ],
        [
          0.0,
          0.0,
          0.0,
          1.0
        ]
      ]
    },
    {
      "file_path": "/media/NFS/ttao/scannet/posed_images/scene0705_02/00087.jpg",
      "transform_matrix": [
        [
          -0.498184,
          0.137115,
          -0.856161,
          4.005598
        ],
        [
          0.864557,
          0.003414,
          -0.502523,
          2.419209
        ],
        [
          -0.06598,
          -0.990549,
          -0.120245,
          1.499037
        ],
        [
          0.0,
          0.0,
          0.0,
          1.0
        ]
      ]
    },
    {
      "file_path": "/media/NFS/ttao/scannet/posed_images/scene0705_02/00092.jpg",
      "transform_matrix": [
        [
          -0.427215,
          0.102665,
          -0.898303,
          4.019421
        ],
        [
          0.902485,
          -0.011861,
          -0.430559,
          2.364518
        ],
        [
          -0.054858,
          -0.994645,
          -0.087586,
          1.512034
        ],
        [
          0.0,
          0.0,
          0.0,
          1.0
        ]
      ]
    },
    {
      "file_path": "/media/NFS/ttao/scannet/posed_images/scene0705_02/00093.jpg",
      "transform_matrix": [
        [
          -0.418264,
          0.100025,
          -0.902802,
          4.022839
        ],
        [
          0.906763,
          -0.012308,
          -0.421462,
          2.3563
        ],
        [
          -0.053268,
          -0.994909,
          -0.085551,
          1.503592
        ],
        [
          0.0,
          0.0,
          0.0,
          1.0
        ]
      ]
    },
    {
      "file_path": "/media/NFS/ttao/scannet/posed_images/scene0705_02/00099.jpg",
      "transform_matrix": [
        [
          -0.367488,
          0.134177,
          -0.920299,
          4.013731
        ],
        [
          0.927951,
          -0.013205,
          -0.372469,
          2.315504
        ],
        [
          -0.062129,
          -0.990869,
          -0.119656,
          1.498585
        ],
        [
          0.0,
          0.0,
          0.0,
          1.0
        ]
      ]
    },
    {
      "file_path": "/media/NFS/ttao/scannet/posed_images/scene0705_02/00100.jpg",
      "transform_matrix": [
        [
          -0.350599,
          0.139129,
          -0.926133,
          4.008219
        ],
        [
          0.934815,
          -0.007759,
          -0.355051,
          2.293103
        ],
        [
          -0.056584,
          -0.990244,
          -0.12734,
          1.504807
        ],
        [
          0.0,
          0.0,
          0.0,
          1.0
        ]
      ]
    },
    {
      "file_path": "/media/NFS/ttao/scannet/posed_images/scene0705_02/00103.jpg",
      "transform_matrix": [
        [
          -0.326182,
          0.14683,
          -0.933834,
          3.990412
        ],
        [
          0.944555,
          0.011233,
          -0.32816,
          2.271705
        ],
        [
          -0.037694,
          -0.989098,
          -0.142353,
          1.495734
        ],
        [
          0.0,
          0.0,
          0.0,
          1.0
        ]
      ]
    },
    {
      "file_path": "/media/NFS/ttao/scannet/posed_images/scene0705_02/00107.jpg",
      "transform_matrix": [
        [
          -0.295226,
          0.168054,
          -0.940531,
          3.957713
        ],
        [
          0.955337,
          0.038402,
          -0.293012,
          2.240932
        ],
        [
          -0.013124,
          -0.985029,
          -0.171885,
          1.479381
        ],
        [
          0.0,
          0.0,
          0.0,
          1.0
        ]
      ]
    },
    {
      "file_path": "/media/NFS/ttao/scannet/posed_images/scene0705_02/00112.jpg",
      "transform_matrix": [
        [
          -0.233619,
          0.194489,
          -0.952679,
          3.911109
        ],
        [
          0.972313,
          0.052203,
          -0.227776,
          2.173336
        ],
        [
          0.005433,
          -0.979515,
          -0.2013,
          1.455893
        ],
        [
          0.0,
          0.0,
          0.0,
          1.0
        ]
      ]
    },
    {
      "file_path": "/media/NFS/ttao/scannet/posed_images/scene0705_02/00114.jpg",
      "transform_matrix": [
        [
          -0.224785,
          0.203161,
          -0.952994,
          3.885538
        ],
        [
          0.974409,
          0.046517,
          -0.219919,
          2.154066
        ],
        [
          -0.000349,
          -0.97804,
          -0.208418,
          1.456812
        ],
        [
          0.0,
          0.0,
          0.0,
          1.0
        ]
      ]
    },
    {
      "file_path": "/media/NFS/ttao/scannet/posed_images/scene0705_02/00116.jpg",
      "transform_matrix": [
        [
          -0.224888,
          0.211371,
          -0.951182,
          3.856912
        ],
        [
          0.974384,
          0.049963,
          -0.219271,
          2.141874
        ],
        [
          0.001176,
          -0.976128,
          -0.217193,
          1.455925
        ],
        [
          0.0,
          0.0,
          0.0,
          1.0
        ]
      ]
    },
    {
      "file_path": "/media/NFS/ttao/scannet/posed_images/scene0705_02/00119.jpg",
      "transform_matrix": [
        [
          -0.225245,
          0.204371,
          -0.952627,
          3.826654
        ],
        [
          0.974278,
          0.054113,
          -0.218755,
          2.116315
        ],
        [
          0.006842,
          -0.977397,
          -0.211302,
          1.447008
        ],
        [
          0.0,
          0.0,
          0.0,
          1.0
        ]
      ]
    },
    {
      "file_path": "/media/NFS/ttao/scannet/posed_images/scene0705_02/00123.jpg",
      "transform_matrix": [
        [
          -0.204555,
          0.244134,
          -0.947922,
          3.767718
        ],
        [
          0.978506,
          0.07687,
          -0.191357,
          2.068079
        ],
        [
          0.02615,
          -0.96669,
          -0.254611,
          1.436083
        ],
        [
          0.0,
          0.0,
          0.0,
          1.0
        ]
      ]
    },
    {
      "file_path": "/media/NFS/ttao/scannet/posed_images/scene0705_02/00127.jpg",
      "transform_matrix": [
        [
          -0.163892,
          0.270826,
          -0.948574,
          3.730411
        ],
        [
          0.986146,
          0.069942,
          -0.150415,
          2.031129
        ],
        [
          0.025609,
          -0.960084,
          -0.278537,
          1.413728
        ],
        [
          0.0,
          0.0,
          0.0,
          1.0
        ]
      ]
    },
    {
      "file_path": "/media/NFS/ttao/scannet/posed_images/scene0705_02/00129.jpg",
      "transform_matrix": [
        [
          -0.132811,
          0.282425,
          -0.950051,
          3.716899
        ],
        [
          0.990515,
          0.071893,
          -0.117096,
          2.009915
        ],
        [
          0.035231,
          -0.956591,
          -0.289294,
          1.395423
        ],
        [
          0.0,
          0.0,
          0.0,
          1.0
        ]
      ]
    },
    {
      "file_path": "/media/NFS/ttao/scannet/posed_images/scene0705_02/00134.jpg",
      "transform_matrix": [
        [
          -0.050173,
          0.352994,
          -0.93428,
          3.666947
        ],
        [
          0.998502,
          0.038183,
          -0.039195,
          1.95696
        ],
        [
          0.021838,
          -0.934846,
          -0.35438,
          1.387374
        ],
        [
          0.0,
          0.0,
          0.0,
          1.0
        ]
      ]
    },
    {
      "file_path": "/media/NFS/ttao/scannet/posed_images/scene0705_02/00137.jpg",
      "transform_matrix": [
        [
          0.001159,
          0.347652,
          -0.937623,
          3.651502
        ],
        [
          0.999932,
          0.010455,
          0.005113,
          1.915233
        ],
        [
          0.011581,
          -0.937565,
          -0.347617,
          1.387068
        ],
        [
          0.0,
          0.0,
          0.0,
          1.0
        ]
      ]
    },
    {
      "file_path": "/media/NFS/ttao/scannet/posed_images/scene0705_02/00139.jpg",
      "transform_matrix": [
        [
          0.024045,
          0.35234,
          -0.935563,
          3.645156
        ],
        [
          0.999689,
          -0.002337,
          0.024813,
          1.896165
        ],
        [
          0.006556,
          -0.935869,
          -0.352287,
          1.379631
        ],
        [
          0.0,
          0.0,
          0.0,
          1.0
        ]
      ]
    },
    {
      "file_path": "/media/NFS/ttao/scannet/posed_images/scene0705_02/00144.jpg",
      "transform_matrix": [
        [
          0.072884,
          0.389525,
          -0.918128,
          3.618638
        ],
        [
          0.997257,
          -0.016516,
          0.072158,
          1.844226
        ],
        [
          0.012943,
          -0.920868,
          -0.38966,
          1.375366
        ],
        [
          0.0,
          0.0,
          0.0,
          1.0
        ]
      ]
    },
    {
      "file_path": "/media/NFS/ttao/scannet/posed_images/scene0705_02/00146.jpg",
      "transform_matrix": [
        [
          0.082566,
          0.396662,
          -0.914244,
          3.598475
        ],
        [
          0.996516,
          -0.022001,
          0.080451,
          1.824882
        ],
        [
          0.011798,
          -0.917701,
          -0.397096,
          1.381667
        ],
        [
          0.0,
          0.0,
          0.0,
          1.0
        ]
      ]
    },
    {
      "file_path": "/media/NFS/ttao/scannet/posed_images/scene0705_02/00148.jpg",
      "transform_matrix": [
        [
          0.089122,
          0.391118,
          -0.916015,
          3.579808
        ],
        [
          0.995834,
          -0.017176,
          0.089554,
          1.805693
        ],
        [
          0.019293,
          -0.92018,
          -0.391019,
          1.385671
        ],
        [
          0.0,
          0.0,
          0.0,
          1.0
        ]
      ]
    },
    {
      "file_path": "/media/NFS/ttao/scannet/posed_images/scene0705_02/00153.jpg",
      "transform_matrix": [
        [
          0.081295,
          0.355817,
          -0.931013,
          3.516039
        ],
        [
          0.996681,
          -0.025025,
          0.077465,
          1.778754
        ],
        [
          0.004265,
          -0.934221,
          -0.35667,
          1.403999
        ],
        [
          0.0,
          0.0,
          0.0,
          1.0
        ]
      ]
    },
    {
      "file_path": "/media/NFS/ttao/scannet/posed_images/scene0705_02/00155.jpg",
      "transform_matrix": [
        [
          0.081265,
          0.340807,
          -0.936615,
          3.485532
        ],
        [
          0.996689,
          -0.025329,
          0.077261,
          1.770011
        ],
        [
          0.002607,
          -0.939792,
          -0.341737,
          1.41603
        ],
        [
          0.0,
          0.0,
          0.0,
          1.0
        ]
      ]
    },
    {
      "file_path": "/media/NFS/ttao/scannet/posed_images/scene0705_02/00160.jpg",
      "transform_matrix": [
        [
          0.093774,
          0.28111,
          -0.955083,
          3.408219
        ],
        [
          0.995314,
          -0.049209,
          0.08324,
          1.765685
        ],
        [
          -0.023599,
          -0.958413,
          -0.284407,
          1.453273
        ],
        [
          0.0,
          0.0,
          0.0,
          1.0
        ]
      ]
    },
    {
      "file_path": "/media/NFS/ttao/scannet/posed_images/scene0705_02/00162.jpg",
      "transform_matrix": [
        [
          0.094986,
          0.266694,
          -0.959089,
          3.380234
        ],
        [
          0.995181,
          -0.048982,
          0.08494,
          1.759833
        ],
        [
          -0.024325,
          -0.962536,
          -0.270061,
          1.460954
        ],
        [
          0.0,
          0.0,
          0.0,
          1.0
        ]
      ]
    },
    {
      "file_path": "/media/NFS/ttao/scannet/posed_images/scene0705_02/00166.jpg",
      "transform_matrix": [
        [
          0.10601,
          0.2423,
          -0.964392,
          3.325337
        ],
        [
          0.994305,
          -0.036492,
          0.10013,
          1.737513
        ],
        [
          -0.010932,
          -0.969515,
          -0.244789,
          1.478335
        ],
        [
          0.0,
          0.0,
          0.0,
          1.0
        ]
      ]
    },
    {
      "file_path": "/media/NFS/ttao/scannet/posed_images/scene0705_02/00170.jpg",
      "transform_matrix": [
        [
          0.111793,
          0.25881,
          -0.959437,
          3.287
        ],
        [
          0.993714,
          -0.034843,
          0.106388,
          1.718249
        ],
        [
          -0.005895,
          -0.9653,
          -0.261079,
          1.48036
        ],
        [
          0.0,
          0.0,
          0.0,
          1.0
        ]
      ]
    },
    {
      "file_path": "/media/NFS/ttao/scannet/posed_images/scene0705_02/00171.jpg",
      "transform_matrix": [
        [
          0.118959,
          0.260585,
          -0.958094,
          3.273695
        ],
        [
          0.992876,
          -0.037836,
          0.112987,
          1.713144
        ],
        [
          -0.006808,
          -0.964709,
          -0.26323,
          1.480751
        ],
        [
          0.0,
          0.0,
          0.0,
          1.0
        ]
      ]
    },
    {
      "file_path": "/media/NFS/ttao/scannet/posed_images/scene0705_02/00175.jpg",
      "transform_matrix": [
        [
          0.157402,
          0.26622,
          -0.950974,
          3.225871
        ],
        [
          0.987521,
          -0.047443,
          0.15017,
          1.683792
        ],
        [
          -0.005139,
          -0.962744,
          -0.270365,
          1.475375
        ],
        [
          0.0,
          0.0,
          0.0,
          1.0
        ]
      ]
    },
    {
      "file_path": "/media/NFS/ttao/scannet/posed_images/scene0705_02/00180.jpg",
      "transform_matrix": [
        [
          0.212931,
          0.270544,
          -0.938864,
          3.172679
        ],
        [
          0.977055,
          -0.063679,
          0.203243,
          1.65587
        ],
        [
          -0.0048,
          -0.960599,
          -0.277896,
          1.473876
        ],
        [
          0.0,
          0.0,
          0.0,
          1.0
        ]
      ]
    },
    {
      "file_path": "/media/NFS/ttao/scannet/posed_images/scene0705_02/00181.jpg",
      "transform_matrix": [
        [
          0.222926,
          0.267804,
          -0.937329,
          3.162905
        ],
        [
          0.974814,
          -0.06767,
          0.212507,
          1.644844
        ],
        [
          -0.006519,
          -0.961094,
          -0.276144,
          1.472611
        ],
        [
          0.0,
          0.0,
          0.0,
          1.0
        ]
      ]
    },
    {
      "file_path": "/media/NFS/ttao/scannet/posed_images/scene0705_02/00186.jpg",
      "transform_matrix": [
        [
          0.281364,
          0.253322,
          -0.92556,
          3.120608
        ],
        [
          0.959485,
          -0.089286,
          0.26724,
          1.614975
        ],
        [
          -0.014942,
          -0.963253,
          -0.26818,
          1.477524
        ],
        [
          0.0,
          0.0,
          0.0,
          1.0
        ]
      ]
    },
    {
      "file_path": "/media/NFS/ttao/scannet/posed_images/scene0705_02/00189.jpg",
      "transform_matrix": [
        [
          0.309229,
          0.264526,
          -0.913457,
          3.08749
        ],
        [
          0.950693,
          -0.109909,
          0.290006,
          1.580957
        ],
        [
          -0.023683,
          -0.958095,
          -0.28547,
          1.477776
        ],
        [
          0.0,
          0.0,
          0.0,
          1.0
        ]
      ]
    },
    {
      "file_path": "/media/NFS/ttao/scannet/posed_images/scene0705_02/00193.jpg",
      "transform_matrix": [
        [
          0.32131,
          0.289438,
          -0.901657,
          3.048516
        ],
        [
          0.9466,
          -0.124938,
          0.29722,
          1.559358
        ],
        [
          -0.026624,
          -0.949008,
          -0.314125,
          1.47118
        ],
        [
          0.0,
          0.0,
          0.0,
          1.0
        ]
      ]
    },
    {
      "file_path": "/media/NFS/ttao/scannet/posed_images/scene0705_02/00196.jpg",
      "transform_matrix": [
        [
          0.3338,
          0.289787,
          -0.896995,
          3.017325
        ],
        [
          0.942562,
          -0.115169,
          0.31355,
          1.548099
        ],
        [
          -0.012443,
          -0.950137,
          -0.311586,
          1.467343
        ],
        [
          0.0,
          0.0,
          0.0,
          1.0
        ]
      ]
    },
    {
      "file_path": "/media/NFS/ttao/scannet/posed_images/scene0705_02/00197.jpg",
      "transform_matrix": [
        [
          0.340793,
          0.289817,
          -0.894353,
          3.005886
        ],
        [
          0.9401,
          -0.113618,
          0.321407,
          1.542037
        ],
        [
          -0.008466,
          -0.950314,
          -0.311177,
          1.461972
        ],
        [
          0.0,
          0.0,
          0.0,
          1.0
        ]
      ]
    },
    {
      "file_path": "/media/NFS/ttao/scannet/posed_images/scene0705_02/00200.jpg",
      "transform_matrix": [
        [
          0.363547,
          0.299884,
          -0.881988,
          2.969657
        ],
        [
          0.931575,
          -0.118035,
          0.343853,
          1.522786
        ],
        [
          -0.000989,
          -0.946645,
          -0.322276,
          1.450564
        ],
        [
          0.0,
          0.0,
          0.0,
          1.0
        ]
      ]
    },
    {
      "file_path": "/media/NFS/ttao/scannet/posed_images/scene0705_02/00203.jpg",
      "transform_matrix": [
        [
          0.361323,
          0.303844,
          -0.881547,
          2.92754
        ],
        [
          0.9324,
          -0.126581,
          0.338537,
          1.520422
        ],
        [
          -0.008724,
          -0.944275,
          -0.329041,
          1.442854
        ],
        [
          0.0,
          0.0,
          0.0,
          1.0
        ]
      ]
    },
    {
      "file_path": "/media/NFS/ttao/scannet/posed_images/scene0705_02/00209.jpg",
      "transform_matrix": [
        [
          0.346688,
          0.320008,
          -0.881704,
          2.821509
        ],
        [
          0.93691,
          -0.163042,
          0.30922,
          1.531592
        ],
        [
          -0.044802,
          -0.93328,
          -0.356343,
          1.439178
        ],
        [
          0.0,
          0.0,
          0.0,
          1.0
        ]
      ]
    },
    {
      "file_path": "/media/NFS/ttao/scannet/posed_images/scene0705_02/00211.jpg",
      "transform_matrix": [
        [
          0.345957,
          0.334133,
          -0.876738,
          2.787004
        ],
        [
          0.937423,
          -0.16232,
          0.308041,
          1.531031
        ],
        [
          -0.039386,
          -0.928443,
          -0.36938,
          1.43567
        ],
        [
          0.0,
          0.0,
          0.0,
          1.0
        ]
      ]
    },
    {
      "file_path": "/media/NFS/ttao/scannet/posed_images/scene0705_02/00214.jpg",
      "transform_matrix": [
        [
          0.36382,
          0.346028,
          -0.864812,
          2.737354
        ],
        [
          0.931086,
          -0.161726,
          0.326991,
          1.532195
        ],
        [
          -0.026715,
          -0.92418,
          -0.381021,
          1.425576
        ],
        [
          0.0,
          0.0,
          0.0,
          1.0
        ]
      ]
    },
    {
      "file_path": "/media/NFS/ttao/scannet/posed_images/scene0705_02/00216.jpg",
      "transform_matrix": [
        [
          0.374401,
          0.356758,
          -0.85589,
          2.70971
        ],
        [
          0.927098,
          -0.161653,
          0.338169,
          1.533039
        ],
        [
          -0.017713,
          -0.920104,
          -0.391272,
          1.413863
        ],
        [
          0.0,
          0.0,
          0.0,
          1.0
        ]
      ]
    },
    {
      "file_path": "/media/NFS/ttao/scannet/posed_images/scene0705_02/00220.jpg",
      "transform_matrix": [
        [
          0.398999,
          0.394678,
          -0.827665,
          2.645692
        ],
        [
          0.916925,
          -0.178539,
          0.356892,
          1.526937
        ],
        [
          -0.006913,
          -0.901307,
          -0.433127,
          1.400705
        ],
        [
          0.0,
          0.0,
          0.0,
          1.0
        ]
      ]
    },
    {
      "file_path": "/media/NFS/ttao/scannet/posed_images/scene0705_02/00223.jpg",
      "transform_matrix": [
        [
          0.432319,
          0.393645,
          -0.811261,
          2.600359
        ],
        [
          0.901714,
          -0.185239,
          0.390639,
          1.525849
        ],
        [
          0.003496,
          -0.900406,
          -0.435037,
          1.387604
        ],
        [
          0.0,
          0.0,
          0.0,
          1.0
        ]
      ]
    },
    {
      "file_path": "/media/NFS/ttao/scannet/posed_images/scene0705_02/00228.jpg",
      "transform_matrix": [
        [
          0.514812,
          0.39191,
          -0.76248,
          2.522807
        ],
        [
          0.857217,
          -0.222731,
          0.464294,
          1.509331
        ],
        [
          0.012134,
          -0.892635,
          -0.450616,
          1.368268
        ],
        [
          0.0,
          0.0,
          0.0,
          1.0
        ]
      ]
    },
    {
      "file_path": "/media/NFS/ttao/scannet/posed_images/scene0705_02/00231.jpg",
      "transform_matrix": [
        [
          0.56069,
          0.395142,
          -0.72766,
          2.470592
        ],
        [
          0.827996,
          -0.260082,
          0.49677,
          1.478309
        ],
        [
          0.007043,
          -0.881033,
          -0.473001,
          1.359643
        ],
        [
          0.0,
          0.0,
          0.0,
          1.0
        ]
      ]
    },
    {
      "file_path": "/media/NFS/ttao/scannet/posed_images/scene0705_02/00232.jpg",
      "transform_matrix": [
        [
          0.570813,
          0.392559,
          -0.721159,
          2.458668
        ],
        [
          0.82106,
          -0.266699,
          0.50471,
          1.474138
        ],
        [
          0.005796,
          -0.88021,
          -0.47455,
          1.360161
        ],
        [
          0.0,
          0.0,
          0.0,
          1.0
        ]
      ]
    },
    {
      "file_path": "/media/NFS/ttao/scannet/posed_images/scene0705_02/00238.jpg",
      "transform_matrix": [
        [
          0.625731,
          0.362225,
          -0.690836,
          2.384138
        ],
        [
          0.780037,
          -0.292338,
          0.553245,
          1.454853
        ],
        [
          -0.001559,
          -0.88506,
          -0.465474,
          1.362359
        ],
        [
          0.0,
          0.0,
          0.0,
          1.0
        ]
      ]
    },
    {
      "file_path": "/media/NFS/ttao/scannet/posed_images/scene0705_02/00239.jpg",
      "transform_matrix": [
        [
          0.63315,
          0.361054,
          -0.684662,
          2.369243
        ],
        [
          0.774029,
          -0.296574,
          0.559396,
          1.453906
        ],
        [
          -0.001081,
          -0.884129,
          -0.467242,
          1.36605
        ],
        [
          0.0,
          0.0,
          0.0,
          1.0
        ]
      ]
    },
    {
      "file_path": "/media/NFS/ttao/scannet/posed_images/scene0705_02/00244.jpg",
      "transform_matrix": [
        [
          0.671908,
          0.324031,
          -0.665991,
          2.315891
        ],
        [
          0.740586,
          -0.283605,
          0.60918,
          1.436438
        ],
        [
          0.008514,
          -0.902537,
          -0.430529,
          1.380667
        ],
        [
          0.0,
          0.0,
          0.0,
          1.0
        ]
      ]
    },
    {
      "file_path": "/media/NFS/ttao/scannet/posed_images/scene0705_02/00245.jpg",
      "transform_matrix": [
        [
          0.67832,
          0.318632,
          -0.662085,
          2.303795
        ],
        [
          0.734697,
          -0.281653,
          0.617165,
          1.439073
        ],
        [
          0.010171,
          -0.905066,
          -0.425149,
          1.380476
        ],
        [
          0.0,
          0.0,
          0.0,
          1.0
        ]
      ]
    },
    {
      "file_path": "/media/NFS/ttao/scannet/posed_images/scene0705_02/00250.jpg",
      "transform_matrix": [
        [
          0.697257,
          0.282081,
          -0.658986,
          2.234828
        ],
        [
          0.716763,
          -0.286067,
          0.635938,
          1.46131
        ],
        [
          -0.009129,
          -0.915749,
          -0.401647,
          1.396659
        ],
