{
  "frames": [
    {
      "file_path": "/media/NFS/ttao/scannet/posed_images/scene0562_00/00000.jpg",
      "transform_matrix": [
        [
          0.272862,
          -0.391419,
          0.878827,
          2.036488
        ],
        [
          -0.962045,
          -0.114736,
          0.247598,
          4.148156
        ],
        [
          0.003919,
          -0.913032,
          -0.40787,
          1.380991
        ],
        [
          0.0,
          0.0,
          0.0,
          1.0
        ]
      ]
    },
    {
      "file_path": "/media/NFS/ttao/scannet/posed_images/scene0562_00/00003.jpg",
      "transform_matrix": [
        [
          0.285101,
          -0.375938,
          0.881696,
          2.029825
        ],
        [
          -0.958457,
          -0.120317,
          0.258621,
          4.143099
        ],
        [
          0.008857,
          -0.918801,
          -0.394623,
          1.382513
        ],
        [
          0.0,
          0.0,
          0.0,
          1.0
        ]
      ]
    },
    {
      "file_path": "/media/NFS/ttao/scannet/posed_images/scene0562_00/00006.jpg",
      "transform_matrix": [
        [
          0.299497,
          -0.374378,
          0.877578,
          2.027544
        ],
        [
          -0.954018,
          -0.129411,
          0.270377,
          4.145907
        ],
        [
          0.012345,
          -0.918202,
          -0.395921,
          1.384508
        ],
        [
          0.0,
          0.0,
          0.0,
          1.0
        ]
      ]
    },
    {
      "file_path": "/media/NFS/ttao/scannet/posed_images/scene0562_00/00010.jpg",
      "transform_matrix": [
        [
          0.321817,
          -0.367123,
          0.872728,
          2.032202
        ],
        [
          -0.946757,
          -0.133767,
          0.292844,
          4.12829
        ],
        [
          0.009232,
          -0.920504,
          -0.390625,
          1.393305
        ],
        [
          0.0,
          0.0,
          0.0,
          1.0
        ]
      ]
    },
    {
      "file_path": "/media/NFS/ttao/scannet/posed_images/scene0562_00/00011.jpg",
      "transform_matrix": [
        [
          0.324859,
          -0.364902,
          0.872533,
          2.03271
        ],
        [
          -0.945726,
          -0.133486,
          0.296284,
          4.125251
        ],
        [
          0.008356,
          -0.921427,
          -0.388462,
          1.396116
        ],
        [
          0.0,
          0.0,
          0.0,
          1.0
        ]
      ]
    },
    {
      "file_path": "/media/NFS/ttao/scannet/posed_images/scene0562_00/00014.jpg",
      "transform_matrix": [
        [
          0.327173,
          -0.349184,
          0.878082,
          2.033169
        ],
        [
          -0.944946,
          -0.126667,
          0.301715,
          4.126996
        ],
        [
          0.00587,
          -0.928454,
          -0.371402,
          1.411283
        ],
        [
          0.0,
          0.0,
          0.0,
          1.0
        ]
      ]
    },
    {
      "file_path": "/media/NFS/ttao/scannet/posed_images/scene0562_00/00017.jpg",
      "transform_matrix": [
        [
          0.326098,
          -0.320077,
          0.8895,
          2.036169
        ],
        [
          -0.945313,
          -0.117018,
          0.304451,
          4.127238
        ],
        [
          0.006639,
          -0.940137,
          -0.340733,
          1.43475
        ],
        [
          0.0,
          0.0,
          0.0,
          1.0
        ]
      ]
    },
    {
      "file_path": "/media/NFS/ttao/scannet/posed_images/scene0562_00/00022.jpg",
      "transform_matrix": [
        [
          0.32069,
          -0.264802,
          0.909416,
          2.035192
        ],
        [
          -0.947118,
          -0.101055,
          0.304559,
          4.110455
        ],
        [
          0.011254,
          -0.958993,
          -0.283206,
          1.464832
        ],
        [
          0.0,
          0.0,
          0.0,
          1.0
        ]
      ]
    },
    {
      "file_path": "/media/NFS/ttao/scannet/posed_images/scene0562_00/00023.jpg",
      "transform_matrix": [
        [
          0.317072,
          -0.260205,
          0.912008,
          2.037998
        ],
        [
          -0.948356,
          -0.096467,
          0.302185,
          4.111128
        ],
        [
          0.009349,
          -0.960723,
          -0.277354,
          1.474168
        ],
        [
          0.0,
          0.0,
          0.0,
          1.0
        ]
      ]
    },
    {
      "file_path": "/media/NFS/ttao/scannet/posed_images/scene0562_00/00027.jpg",
      "transform_matrix": [
        [
          0.309032,
          -0.224691,
          0.924128,
          2.040668
        ],
        [
          -0.95099,
          -0.084051,
          0.297579,
          4.105787
        ],
        [
          0.01081,
          -0.970798,
          -0.239654,
          1.509071
        ],
        [
          0.0,
          0.0,
          0.0,
          1.0
        ]
      ]
    },
    {
      "file_path": "/media/NFS/ttao/scannet/posed_images/scene0562_00/00029.jpg",
      "transform_matrix": [
        [
          0.299991,
          -0.214068,
          0.929613,
          2.041325
        ],
        [
          -0.953819,
          -0.082973,
          0.288696,
          4.109252
        ],
        [
          0.015332,
          -0.973289,
          -0.229073,
          1.524613
        ],
        [
          0.0,
          0.0,
          0.0,
          1.0
        ]
      ]
    },
    {
      "file_path": "/media/NFS/ttao/scannet/posed_images/scene0562_00/00031.jpg",
      "transform_matrix": [
        [
          0.297137,
          -0.202941,
          0.933019,
          2.041565
        ],
        [
          -0.95473,
          -0.077631,
          0.287166,
          4.114446
        ],
        [
          0.014154,
          -0.976109,
          -0.216821,
          1.542345
        ],
        [
          0.0,
          0.0,
          0.0,
          1.0
        ]
      ]
    },
    {
      "file_path": "/media/NFS/ttao/scannet/posed_images/scene0562_00/00036.jpg",
      "transform_matrix": [
        [
          0.284432,
          -0.14492,
          0.94768,
          2.037193
        ],
        [
          -0.958643,
          -0.053377,
          0.27956,
          4.108859
        ],
        [
          0.01007,
          -0.988003,
          -0.154109,
          1.585486
        ],
        [
          0.0,
          0.0,
          0.0,
          1.0
        ]
      ]
    },
    {
      "file_path": "/media/NFS/ttao/scannet/posed_images/scene0562_00/00039.jpg",
      "transform_matrix": [
        [
          0.286468,
          -0.114094,
          0.951272,
          2.037598
        ],
        [
          -0.958068,
          -0.040855,
          0.283614,
          4.099911
        ],
        [
          0.006506,
          -0.99263,
          -0.121013,
          1.602449
        ],
        [
          0.0,
          0.0,
          0.0,
          1.0
        ]
      ]
    },
    {
      "file_path": "/media/NFS/ttao/scannet/posed_images/scene0562_00/00041.jpg",
      "transform_matrix": [
        [
          0.283397,
          -0.091885,
          0.954591,
          2.032708
        ],
        [
          -0.958992,
          -0.031988,
          0.281624,
          4.097899
        ],
        [
          0.004659,
          -0.995256,
          -0.097182,
          1.581216
        ],
        [
          0.0,
          0.0,
          0.0,
          1.0
        ]
      ]
    },
    {
      "file_path": "/media/NFS/ttao/scannet/posed_images/scene0562_00/00044.jpg",
      "transform_matrix": [
        [
          0.276245,
          -0.075587,
          0.95811,
          2.026371
        ],
        [
          -0.961032,
          -0.032401,
          0.274531,
          4.095396
        ],
        [
          0.010293,
          -0.996613,
          -0.081592,
          1.583861
        ],
        [
          0.0,
          0.0,
          0.0,
          1.0
        ]
      ]
    },
    {
      "file_path": "/media/NFS/ttao/scannet/posed_images/scene0562_00/00048.jpg",
      "transform_matrix": [
        [
          0.273912,
          -0.049443,
          0.960483,
          2.022918
        ],
        [
          -0.961664,
          -0.027819,
          0.272816,
          4.08691
        ],
        [
          0.013231,
          -0.998389,
          -0.055168,
          1.581886
        ],
        [
          0.0,
          0.0,
          0.0,
          1.0
        ]
      ]
    },
    {
      "file_path": "/media/NFS/ttao/scannet/posed_images/scene0562_00/00051.jpg",
      "transform_matrix": [
        [
          0.27307,
          -0.050443,
          0.960671,
          2.027475
        ],
        [
          -0.961919,
          -0.026773,
          0.272019,
          4.07657
        ],
        [
          0.011999,
          -0.998368,
          -0.055833,
          1.602482
        ],
        [
          0.0,
          0.0,
          0.0,
          1.0
        ]
      ]
    },
    {
      "file_path": "/media/NFS/ttao/scannet/posed_images/scene0562_00/00053.jpg",
      "transform_matrix": [
        [
          0.268311,
          -0.047948,
          0.962138,
          2.026612
        ],
        [
          -0.963186,
          -0.030757,
          0.267071,
          4.075832
        ],
        [
          0.016787,
          -0.998376,
          -0.054435,
          1.600348
        ],
        [
          0.0,
          0.0,
          0.0,
          1.0
        ]
      ]
    },
    {
      "file_path": "/media/NFS/ttao/scannet/posed_images/scene0562_00/00054.jpg",
      "transform_matrix": [
        [
          0.269565,
          -0.047626,
          0.961804,
          2.028627
        ],
        [
          -0.962826,
          -0.031334,
          0.2683,
          4.065138
        ],
        [
          0.017359,
          -0.998374,
          -0.054302,
          1.59898
        ],
        [
          0.0,
          0.0,
          0.0,
          1.0
        ]
      ]
    },
    {
      "file_path": "/media/NFS/ttao/scannet/posed_images/scene0562_00/00059.jpg",
      "transform_matrix": [
        [
          0.267237,
          -0.053493,
          0.962145,
          2.034963
        ],
        [
          -0.963413,
          -0.036068,
          0.265584,
          4.041218
        ],
        [
          0.020495,
          -0.997917,
          -0.061174,
          1.599471
        ],
        [
          0.0,
          0.0,
          0.0,
          1.0
        ]
      ]
    },
    {
      "file_path": "/media/NFS/ttao/scannet/posed_images/scene0562_00/00061.jpg",
      "transform_matrix": [
        [
          0.266617,
          -0.050394,
          0.962484,
          2.033164
        ],
        [
          -0.963606,
          -0.034111,
          0.265141,
          4.038107
        ],
        [
          0.01947,
          -0.998147,
          -0.057654,
          1.587966
        ],
        [
          0.0,
          0.0,
          0.0,
          1.0
        ]
      ]
    },
    {
      "file_path": "/media/NFS/ttao/scannet/posed_images/scene0562_00/00065.jpg",
      "transform_matrix": [
        [
          0.269956,
          -0.048866,
          0.961632,
          2.041168
        ],
        [
          -0.962715,
          -0.031756,
          0.268646,
          4.022717
        ],
        [
          0.01741,
          -0.9983,
          -0.055617,
          1.599988
        ],
        [
          0.0,
          0.0,
          0.0,
          1.0
        ]
      ]
    },
    {
      "file_path": "/media/NFS/ttao/scannet/posed_images/scene0562_00/00068.jpg",
      "transform_matrix": [
        [
          0.27089,
          -0.047342,
          0.961446,
          2.042168
        ],
        [
          -0.962439,
          -0.032175,
          0.269585,
          4.01219
        ],
        [
          0.018172,
          -0.99836,
          -0.05428,
          1.599208
        ],
        [
          0.0,
          0.0,
          0.0,
          1.0
        ]
      ]
    },
    {
      "file_path": "/media/NFS/ttao/scannet/posed_images/scene0562_00/00071.jpg",
      "transform_matrix": [
        [
          0.277375,
          -0.046246,
          0.959648,
          2.048145
        ],
        [
          -0.960598,
          -0.031796,
          0.276117,
          3.989612
        ],
        [
          0.017743,
          -0.998424,
          -0.053243,
          1.597303
        ],
        [
          0.0,
          0.0,
          0.0,
          1.0
        ]
      ]
    },
    {
      "file_path": "/media/NFS/ttao/scannet/posed_images/scene0562_00/00072.jpg",
      "transform_matrix": [
        [
          0.274655,
          -0.044927,
          0.960493,
          2.042585
        ],
        [
          -0.961334,
          -0.033656,
          0.273321,
          3.991426
        ],
        [
          0.020047,
          -0.998423,
          -0.052434,
          1.594721
        ],
        [
          0.0,
          0.0,
          0.0,
          1.0
        ]
      ]
    },
    {
      "file_path": "/media/NFS/ttao/scannet/posed_images/scene0562_00/00077.jpg",
      "transform_matrix": [
        [
          0.255052,
          -0.049436,
          0.965663,
          2.048805
        ],
        [
          -0.966774,
          -0.030858,
          0.253765,
          3.975264
        ],
        [
          0.017254,
          -0.9983,
          -0.055664,
          1.602342
        ],
        [
          0.0,
          0.0,
          0.0,
          1.0
        ]
      ]
    },
    {
      "file_path": "/media/NFS/ttao/scannet/posed_images/scene0562_00/00080.jpg",
      "transform_matrix": [
        [
          0.244884,
          -0.056378,
          0.967912,
          2.059061
        ],
        [
          -0.969316,
          -0.036289,
          0.243125,
          3.977335
        ],
        [
          0.021417,
          -0.99775,
          -0.063535,
          1.618448
        ],
        [
          0.0,
          0.0,
          0.0,
          1.0
        ]
      ]
    },
    {
      "file_path": "/media/NFS/ttao/scannet/posed_images/scene0562_00/00081.jpg",
      "transform_matrix": [
        [
          0.243287,
          -0.058305,
          0.9682,
          2.056923
        ],
        [
          -0.969731,
          -0.036054,
          0.2415,
          3.974194
        ],
        [
          0.020827,
          -0.997648,
          -0.065312,
          1.624666
        ],
        [
          0.0,
          0.0,
          0.0,
          1.0
        ]
      ]
    },
    {
      "file_path": "/media/NFS/ttao/scannet/posed_images/scene0562_00/00084.jpg",
      "transform_matrix": [
        [
          0.24311,
          -0.059892,
          0.968148,
          2.058994
        ],
        [
          -0.969812,
          -0.034591,
          0.241387,
          3.970911
        ],
        [
          0.019032,
          -0.997606,
          -0.066493,
          1.616011
        ],
        [
          0.0,
          0.0,
          0.0,
          1.0
        ]
      ]
    },
    {
      "file_path": "/media/NFS/ttao/scannet/posed_images/scene0562_00/00086.jpg",
      "transform_matrix": [
        [
          0.245306,
          -0.060247,
          0.967572,
          2.058572
        ],
        [
          -0.969304,
          -0.032347,
          0.24373,
          3.975429
        ],
        [
          0.016614,
          -0.997659,
          -0.066333,
          1.611706
        ],
        [
          0.0,
          0.0,
          0.0,
          1.0
        ]
      ]
    },
    {
      "file_path": "/media/NFS/ttao/scannet/posed_images/scene0562_00/00091.jpg",
      "transform_matrix": [
        [
          0.245902,
          -0.080125,
          0.965977,
          2.071416
        ],
        [
          -0.969172,
          -0.036158,
          0.243716,
          3.955953
        ],
        [
          0.015401,
          -0.996129,
          -0.086546,
          1.599756
        ],
        [
          0.0,
          0.0,
          0.0,
          1.0
        ]
      ]
    },
    {
      "file_path": "/media/NFS/ttao/scannet/posed_images/scene0562_00/00092.jpg",
      "transform_matrix": [
        [
          0.246375,
          -0.083692,
          0.965554,
          2.079576
        ],
        [
          -0.969077,
          -0.035395,
          0.244206,
          3.940603
        ],
        [
          0.013738,
          -0.995863,
          -0.089824,
          1.606312
        ],
        [
          0.0,
          0.0,
          0.0,
          1.0
        ]
      ]
    },
    {
      "file_path": "/media/NFS/ttao/scannet/posed_images/scene0562_00/00095.jpg",
      "transform_matrix": [
        [
          0.234778,
          -0.092864,
          0.967603,
          2.078611
        ],
        [
          -0.971947,
          -0.036842,
          0.232296,
          3.945734
        ],
        [
          0.014076,
          -0.994997,
          -0.098909,
          1.590538
        ],
        [
          0.0,
          0.0,
          0.0,
          1.0
        ]
      ]
    },
    {
      "file_path": "/media/NFS/ttao/scannet/posed_images/scene0562_00/00100.jpg",
      "transform_matrix": [
        [
          0.233451,
          -0.133917,
          0.963103,
          2.090648
        ],
        [
          -0.972239,
          -0.048308,
          0.228949,
          3.957284
        ],
        [
          0.015865,
          -0.989815,
          -0.141477,
          1.574396
        ],
        [
          0.0,
          0.0,
          0.0,
          1.0
        ]
      ]
    },
    {
      "file_path": "/media/NFS/ttao/scannet/posed_images/scene0562_00/00101.jpg",
      "transform_matrix": [
        [
          0.236963,
          -0.143604,
          0.960847,
          2.094679
        ],
        [
          -0.971349,
          -0.053524,
          0.231553,
          3.960754
        ],
        [
          0.018177,
          -0.988187,
          -0.152173,
          1.578887
        ],
        [
          0.0,
          0.0,
          0.0,
          1.0
        ]
      ]
    },
    {
      "file_path": "/media/NFS/ttao/scannet/posed_images/scene0562_00/00106.jpg",
      "transform_matrix": [
        [
          0.245687,
          -0.191202,
          0.950305,
          2.110252
        ],
        [
          -0.969322,
          -0.055885,
          0.239359,
          3.955543
        ],
        [
          0.007342,
          -0.979958,
          -0.199066,
          1.545794
        ],
        [
          0.0,
          0.0,
          0.0,
          1.0
        ]
      ]
    },
    {
      "file_path": "/media/NFS/ttao/scannet/posed_images/scene0562_00/00107.jpg",
      "transform_matrix": [
        [
          0.243667,
          -0.199776,
          0.94906,
          2.112352
        ],
        [
          -0.969858,
          -0.051261,
          0.238217,
          3.953806
        ],
        [
          0.00106,
          -0.9785,
          -0.206245,
          1.535814
        ],
        [
          0.0,
          0.0,
          0.0,
          1.0
        ]
      ]
    },
    {
      "file_path": "/media/NFS/ttao/scannet/posed_images/scene0562_00/00109.jpg",
      "transform_matrix": [
        [
          0.235372,
          -0.215429,
          0.947729,
          2.116411
        ],
        [
          -0.971877,
          -0.044713,
          0.231205,
          3.958936
        ],
        [
          -0.007433,
          -0.975495,
          -0.219895,
          1.517832
        ],
        [
          0.0,
          0.0,
          0.0,
          1.0
        ]
      ]
    },
    {
      "file_path": "/media/NFS/ttao/scannet/posed_images/scene0562_00/00114.jpg",
      "transform_matrix": [
        [
          0.214563,
          -0.259726,
          0.941544,
          2.133182
        ],
        [
          -0.976697,
          -0.062067,
          0.205453,
          3.989827
        ],
        [
          0.005077,
          -0.963686,
          -0.266991,
          1.468537
        ],
        [
          0.0,
          0.0,
          0.0,
          1.0
        ]
      ]
    },
    {
      "file_path": "/media/NFS/ttao/scannet/posed_images/scene0562_00/00117.jpg",
      "transform_matrix": [
        [
          0.202461,
          -0.284459,
          0.937066,
          2.146833
        ],
        [
          -0.97918,
          -0.073146,
          0.189356,
          4.012896
        ],
        [
          0.014679,
          -0.955894,
          -0.293346,
          1.444531
        ],
        [
          0.0,
          0.0,
          0.0,
          1.0
        ]
      ]
    },
    {
      "file_path": "/media/NFS/ttao/scannet/posed_images/scene0562_00/00118.jpg",
      "transform_matrix": [
        [
          0.199792,
          -0.292141,
          0.935274,
          2.151661
        ],
        [
          -0.979749,
          -0.072429,
          0.186669,
          4.021582
        ],
        [
          0.013207,
          -0.953629,
          -0.300696,
          1.437764
        ],
        [
          0.0,
          0.0,
          0.0,
          1.0
        ]
      ]
    },
    {
      "file_path": "/media/NFS/ttao/scannet/posed_images/scene0562_00/00123.jpg",
      "transform_matrix": [
        [
          0.216685,
          -0.324577,
          0.920705,
          2.186153
        ],
        [
          -0.976215,
          -0.065117,
          0.206793,
          4.056424
        ],
        [
          -0.007166,
          -0.943615,
          -0.330967,
          1.412512
        ],
        [
          0.0,
          0.0,
          0.0,
          1.0
        ]
      ]
    },
    {
      "file_path": "/media/NFS/ttao/scannet/posed_images/scene0562_00/00125.jpg",
      "transform_matrix": [
        [
          0.221898,
          -0.330184,
          0.917464,
          2.201029
        ],
        [
          -0.974936,
          -0.059539,
          0.214371,
          4.072412
        ],
        [
          -0.016157,
          -0.942037,
          -0.33512,
          1.405125
        ],
        [
          0.0,
          0.0,
          0.0,
          1.0
        ]
      ]
    },
    {
      "file_path": "/media/NFS/ttao/scannet/posed_images/scene0562_00/00128.jpg",
      "transform_matrix": [
        [
          0.224428,
          -0.340595,
          0.913032,
          2.22679
        ],
        [
          -0.973574,
          -0.037724,
          0.225236,
          4.091644
        ],
        [
          -0.042271,
          -0.939453,
          -0.340061,
          1.405109
        ],
        [
          0.0,
          0.0,
          0.0,
          1.0
        ]
      ]
    },
    {
      "file_path": "/media/NFS/ttao/scannet/posed_images/scene0562_00/00130.jpg",
      "transform_matrix": [
        [
          0.217668,
          -0.336713,
          0.916103,
          2.238426
        ],
        [
          -0.974543,
          -0.023301,
          0.222989,
          4.105265
        ],
        [
          -0.053737,
          -0.941319,
          -0.333213,
          1.398909
        ],
        [
          0.0,
          0.0,
          0.0,
          1.0
        ]
      ]
    },
    {
      "file_path": "/media/NFS/ttao/scannet/posed_images/scene0562_00/00134.jpg",
      "transform_matrix": [
        [
          0.211314,
          -0.358789,
          0.909185,
          2.272411
        ],
        [
          -0.974166,
          -0.001493,
          0.225828,
          4.127946
        ],
        [
          -0.079668,
          -0.933418,
          -0.349836,
          1.39375
        ],
        [
          0.0,
          0.0,
          0.0,
          1.0
        ]
      ]
    },
    {
      "file_path": "/media/NFS/ttao/scannet/posed_images/scene0562_00/00135.jpg",
      "transform_matrix": [
        [
          0.213401,
          -0.361931,
          0.90745,
          2.281708
        ],
        [
          -0.973524,
          -0.000887,
          0.228586,
          4.135381
        ],
        [
          -0.081928,
          -0.932204,
          -0.352538,
          1.393265
        ],
        [
          0.0,
          0.0,
          0.0,
          1.0
        ]
      ]
    },
    {
      "file_path": "/media/NFS/ttao/scannet/posed_images/scene0562_00/00140.jpg",
      "transform_matrix": [
        [
          0.223451,
          -0.358734,
          0.9063,
          2.328513
        ],
        [
          -0.971299,
          -0.004167,
          0.237827,
          4.164683
        ],
        [
          -0.081539,
          -0.933431,
          -0.349369,
          1.397718
        ],
        [
          0.0,
          0.0,
          0.0,
          1.0
        ]
      ]
    },
    {
      "file_path": "/media/NFS/ttao/scannet/posed_images/scene0562_00/00141.jpg",
      "transform_matrix": [
        [
          0.225848,
          -0.361017,
          0.904798,
          2.341409
        ],
        [
          -0.970754,
          -0.005772,
          0.240008,
          4.166973
        ],
        [
          -0.081424,
          -0.932542,
          -0.351762,
          1.401318
        ],
        [
          0.0,
          0.0,
          0.0,
          1.0
        ]
      ]
    },
    {
      "file_path": "/media/NFS/ttao/scannet/posed_images/scene0562_00/00146.jpg",
      "transform_matrix": [
        [
          0.24429,
          -0.33063,
          0.911595,
          2.409985
        ],
        [
          -0.966371,
          -0.005151,
          0.2571,
          4.167143
        ],
        [
          -0.08031,
          -0.943746,
          -0.32077,
          1.424941
        ],
        [
          0.0,
          0.0,
          0.0,
          1.0
        ]
      ]
    },
    {
      "file_path": "/media/NFS/ttao/scannet/posed_images/scene0562_00/00149.jpg",
      "transform_matrix": [
        [
          0.262836,
          -0.306168,
          0.914975,
          2.456874
        ],
        [
          -0.962797,
          -0.021543,
          0.269365,
          4.168363
        ],
        [
          -0.06276,
          -0.951734,
          -0.30044,
          1.435761
        ],
        [
          0.0,
          0.0,
          0.0,
          1.0
        ]
      ]
    },
    {
      "file_path": "/media/NFS/ttao/scannet/posed_images/scene0562_00/00150.jpg",
      "transform_matrix": [
        [
          0.271155,
          -0.29388,
          0.916575,
          2.472065
        ],
        [
          -0.960732,
          -0.024368,
          0.276405,
          4.163717
        ],
        [
          -0.058895,
          -0.955532,
          -0.288947,
          1.430681
        ],
        [
          0.0,
          0.0,
          0.0,
          1.0
        ]
      ]
    },
    {
      "file_path": "/media/NFS/ttao/scannet/posed_images/scene0562_00/00155.jpg",
      "transform_matrix": [
        [
          0.305677,
          -0.239159,
          0.92161,
          2.567829
        ],
        [
          -0.950675,
          -0.023079,
          0.309328,
          4.152497
        ],
        [
          -0.052709,
          -0.970706,
          -0.234417,
          1.478046
        ],
        [
          0.0,
          0.0,
          0.0,
          1.0
        ]
      ]
    },
    {
      "file_path": "/media/NFS/ttao/scannet/posed_images/scene0562_00/00156.jpg",
      "transform_matrix": [
        [
          0.310225,
          -0.227723,
          0.922986,
          2.581088
        ],
        [
          -0.949397,
          -0.024112,
          0.313153,
          4.155942
        ],
        [
          -0.049057,
          -0.973427,
          -0.22368,
          1.47885
        ],
        [
          0.0,
          0.0,
          0.0,
          1.0
        ]
      ]
    },
    {
      "file_path": "/media/NFS/ttao/scannet/posed_images/scene0562_00/00161.jpg",
      "transform_matrix": [
        [
          0.333388,
          -0.154531,
          0.930039,
          2.645565
        ],
        [
          -0.942762,
          -0.047021,
          0.330136,
          4.163272
        ],
        [
          -0.007285,
          -0.986868,
          -0.161362,
          1.492093
        ],
        [
          0.0,
          0.0,
          0.0,
          1.0
        ]
      ]
    },
    {
      "file_path": "/media/NFS/ttao/scannet/posed_images/scene0562_00/00163.jpg",
      "transform_matrix": [
        [
          0.327454,
          -0.14045,
          0.93437,
          2.667282
        ],
        [
          -0.944867,
          -0.04787,
          0.323937,
          4.165831
        ],
        [
          -0.000769,
          -0.98893,
          -0.148381,
          1.496863
        ],
        [
          0.0,
          0.0,
          0.0,
          1.0
        ]
      ]
    },
    {
      "file_path": "/media/NFS/ttao/scannet/posed_images/scene0562_00/00164.jpg",
      "transform_matrix": [
        [
          0.324945,
          -0.137511,
          0.935682,
          2.674605
        ],
        [
          -0.945728,
          -0.050397,
          0.321027,
          4.170607
        ],
        [
          0.003011,
          -0.989217,
          -0.146424,
          1.503653
        ],
        [
          0.0,
          0.0,
          0.0,
          1.0
        ]
      ]
    },
    {
      "file_path": "/media/NFS/ttao/scannet/posed_images/scene0562_00/00167.jpg",
      "transform_matrix": [
        [
          0.316896,
          -0.112387,
          0.941778,
          2.711601
        ],
        [
          -0.948435,
          -0.044802,
          0.313789,
          4.185846
        ],
        [
          0.006927,
          -0.992654,
          -0.12079,
          1.548699
        ],
        [
          0.0,
          0.0,
          0.0,
          1.0
        ]
      ]
    },
    {
      "file_path": "/media/NFS/ttao/scannet/posed_images/scene0562_00/00172.jpg",
      "transform_matrix": [
        [
          0.263977,
          -0.065018,
          0.962335,
          2.746241
        ],
        [
          -0.964216,
          -0.043197,
          0.261574,
          4.236963
        ],
        [
          0.024563,
          -0.996949,
          -0.074094,
          1.567024
        ],
        [
          0.0,
          0.0,
          0.0,
          1.0
        ]
      ]
    },
    {
      "file_path": "/media/NFS/ttao/scannet/posed_images/scene0562_00/00175.jpg",
      "transform_matrix": [
        [
          0.251894,
          -0.044763,
          0.966719,
          2.763553
        ],
        [
          -0.967542,
          -0.032625,
          0.250598,
          4.268189
        ],
        [
          0.020321,
          -0.998465,
          -0.051528,
          1.591128
        ],
        [
          0.0,
          0.0,
          0.0,
          1.0
        ]
      ]
    },
    {
      "file_path": "/media/NFS/ttao/scannet/posed_images/scene0562_00/00178.jpg",
      "transform_matrix": [
        [
          0.236131,
          -0.035622,
          0.971068,
          2.7825
        ],
        [
          -0.971568,
          -0.026399,
          0.235284,
          4.309085
        ],
        [
          0.017254,
          -0.999017,
          -0.040843,
          1.607772
        ],
        [
          0.0,
          0.0,
          0.0,
          1.0
        ]
      ]
    },
    {
      "file_path": "/media/NFS/ttao/scannet/posed_images/scene0562_00/00179.jpg",
      "transform_matrix": [
        [
          0.224826,
          -0.031468,
          0.973891,
          2.788034
        ],
        [
          -0.974144,
          -0.030115,
          0.223912,
          4.329257
        ],
        [
          0.022283,
          -0.999051,
          -0.037425,
          1.600761
        ],
        [
          0.0,
          0.0,
          0.0,
          1.0
        ]
      ]
    },
    {
      "file_path": "/media/NFS/ttao/scannet/posed_images/scene0562_00/00182.jpg",
      "transform_matrix": [
        [
          0.220839,
          -0.031378,
          0.974805,
          2.824209
        ],
        [
          -0.975181,
          -0.023419,
          0.22017,
          4.334068
        ],
        [
          0.01592,
          -0.999233,
          -0.035772,
          1.643532
        ],
        [
          0.0,
          0.0,
          0.0,
          1.0
        ]
      ]
    },
    {
      "file_path": "/media/NFS/ttao/scannet/posed_images/scene0562_00/00187.jpg",
      "transform_matrix": [
        [
          0.210294,
          -0.008482,
          0.977601,
          2.849388
        ],
        [
          -0.977632,
          -0.005278,
          0.210255,
          4.414714
        ],
        [
          0.003377,
          -0.99995,
          -0.009402,
          1.646482
        ],
        [
          0.0,
          0.0,
          0.0,
          1.0
        ]
      ]
    },
    {
      "file_path": "/media/NFS/ttao/scannet/posed_images/scene0562_00/00188.jpg",
      "transform_matrix": [
        [
          0.19879,
          -0.012294,
          0.979965,
          2.852621
        ],
        [
          -0.980042,
          -0.002737,
          0.198771,
          4.429056
        ],
        [
          0.000238,
          -0.999921,
          -0.012592,
          1.651294
        ],
        [
          0.0,
          0.0,
          0.0,
          1.0
        ]
      ]
    },
    {
      "file_path": "/media/NFS/ttao/scannet/posed_images/scene0562_00/00192.jpg",
      "transform_matrix": [
        [
          0.129788,
          -0.012734,
          0.99146,
          2.885419
        ],
        [
          -0.991368,
          0.017041,
          0.129995,
          4.487497
        ],
        [
          -0.018551,
          -0.999774,
          -0.010413,
          1.645488
        ],
        [
          0.0,
          0.0,
          0.0,
          1.0
        ]
      ]
    },
    {
      "file_path": "/media/NFS/ttao/scannet/posed_images/scene0562_00/00193.jpg",
      "transform_matrix": [
        [
          0.117708,
          -0.018332,
          0.992879,
          2.894521
        ],
        [
          -0.992738,
          0.022808,
          0.118113,
          4.495037
        ],
        [
          -0.024811,
          -0.999572,
          -0.015514,
          1.638936
        ],
        [
          0.0,
          0.0,
          0.0,
          1.0
        ]
      ]
    },
    {
      "file_path": "/media/NFS/ttao/scannet/posed_images/scene0562_00/00198.jpg",
      "transform_matrix": [
        [
          0.02843,
          -0.078634,
          0.996498,
          2.955952
        ],
        [
          -0.99949,
          0.012274,
          0.029484,
          4.568509
        ],
        [
          -0.014549,
          -0.996828,
          -0.078245,
          1.620032
        ],
        [
          0.0,
          0.0,
          0.0,
          1.0
        ]
      ]
    },
    {
      "file_path": "/media/NFS/ttao/scannet/posed_images/scene0562_00/00201.jpg",
      "transform_matrix": [
        [
          -0.018437,
          -0.077271,
          0.99684,
          2.98946
        ],
        [
          -0.999828,
          -0.000671,
          -0.018544,
          4.619586
        ],
        [
          0.002101,
          -0.99701,
          -0.077245,
          1.575756
        ],
        [
          0.0,
          0.0,
          0.0,
          1.0
        ]
      ]
    },
    {
      "file_path": "/media/NFS/ttao/scannet/posed_images/scene0562_00/00202.jpg",
      "transform_matrix": [
        [
          -0.031962,
          -0.076069,
          0.99659,
          2.995712
        ],
        [
          -0.99947,
          -0.003771,
          -0.032343,
          4.634427
        ],
        [
          0.006219,
          -0.997096,
          -0.075908,
          1.560259
        ],
        [
          0.0,
          0.0,
          0.0,
          1.0
        ]
      ]
    },
    {
      "file_path": "/media/NFS/ttao/scannet/posed_images/scene0562_00/00207.jpg",
      "transform_matrix": [
        [
          -0.070559,
          -0.141762,
          0.987383,
          3.05608
        ],
        [
          -0.997247,
          -0.012586,
          -0.073071,
          4.699348
        ],
        [
          0.022786,
          -0.989821,
          -0.140484,
          1.515968
        ],
        [
          0.0,
          0.0,
          0.0,
          1.0
        ]
      ]
    },
    {
      "file_path": "/media/NFS/ttao/scannet/posed_images/scene0562_00/00208.jpg",
      "transform_matrix": [
        [
          -0.071668,
          -0.154602,
          0.985374,
          3.071175
        ],
        [
          -0.997139,
          -0.012721,
          -0.074519,
          4.714483
        ],
        [
          0.024055,
          -0.987895,
          -0.153248,
          1.507678
        ],
        [
          0.0,
          0.0,
          0.0,
          1.0
        ]
      ]
    },
    {
      "file_path": "/media/NFS/ttao/scannet/posed_images/scene0562_00/00213.jpg",
      "transform_matrix": [
        [
          -0.010297,
          -0.183088,
          0.983043,
          3.115504
        ],
        [
          -0.999911,
          0.010229,
          -0.008568,
          4.747092
        ],
        [
          -0.008486,
          -0.983043,
          -0.183177,
          1.430754
        ],
        [
          0.0,
          0.0,
          0.0,
          1.0
        ]
      ]
    },
    {
      "file_path": "/media/NFS/ttao/scannet/posed_images/scene0562_00/00214.jpg",
      "transform_matrix": [
        [
          -0.002033,
          -0.193073,
          0.981182,
          3.128147
        ],
        [
          -0.999942,
          0.010749,
          4.3e-05,
          4.756166
        ],
        [
          -0.010555,
          -0.981126,
          -0.193084,
          1.424654
        ],
        [
          0.0,
          0.0,
          0.0,
          1.0
        ]
      ]
    },
    {
      "file_path": "/media/NFS/ttao/scannet/posed_images/scene0562_00/00218.jpg",
      "transform_matrix": [
        [
          0.02993,
          -0.244824,
          0.969105,
          3.155211
        ],
        [
          -0.999257,
          0.016226,
          0.034961,
          4.798937
        ],
        [
          -0.024284,
          -0.969432,
          -0.244156,
          1.374677
        ],
        [
          0.0,
          0.0,
          0.0,
          1.0
        ]
      ]
    },
    {
      "file_path": "/media/NFS/ttao/scannet/posed_images/scene0562_00/00221.jpg",
      "transform_matrix": [
        [
          0.02647,
          -0.296969,
          0.95452,
          3.176743
        ],
        [
          -0.999299,
          0.01742,
          0.033131,
          4.83074
        ],
        [
          -0.026467,
          -0.954728,
          -0.2963,
          1.350056
        ],
        [
          0.0,
          0.0,
          0.0,
          1.0
        ]
      ]
    },
    {
      "file_path": "/media/NFS/ttao/scannet/posed_images/scene0562_00/00224.jpg",
      "transform_matrix": [
        [
          0.020064,
          -0.327533,
          0.944627,
          3.198792
        ],
        [
          -0.998995,
          0.0313,
          0.032071,
          4.872428
        ],
        [
          -0.040071,
          -0.944321,
          -0.326576,
