{
  "frames": [
    {
      "file_path": "/media/NFS/ttao/scannet/posed_images/scene0038_00/00000.jpg",
      "transform_matrix": [
        [
          0.853196,
          -0.330732,
          0.403328,
          2.734716
        ],
        [
          -0.517406,
          -0.438892,
          0.734619,
          6.775187
        ],
        [
          -0.065945,
          -0.835458,
          -0.545584,
          1.412962
        ],
        [
          0.0,
          0.0,
          0.0,
          1.0
        ]
      ]
    },
    {
      "file_path": "/media/NFS/ttao/scannet/posed_images/scene0038_00/00003.jpg",
      "transform_matrix": [
        [
          0.856314,
          -0.338309,
          0.390222,
          2.731703
        ],
        [
          -0.510605,
          -0.441176,
          0.738002,
          6.760056
        ],
        [
          -0.077516,
          -0.83121,
          -0.550528,
          1.408417
        ],
        [
          0.0,
          0.0,
          0.0,
          1.0
        ]
      ]
    },
    {
      "file_path": "/media/NFS/ttao/scannet/posed_images/scene0038_00/00007.jpg",
      "transform_matrix": [
        [
          0.855664,
          -0.340526,
          0.38972,
          2.726307
        ],
        [
          -0.51175,
          -0.444468,
          0.735229,
          6.750371
        ],
        [
          -0.077147,
          -0.828547,
          -0.554579,
          1.40433
        ],
        [
          0.0,
          0.0,
          0.0,
          1.0
        ]
      ]
    },
    {
      "file_path": "/media/NFS/ttao/scannet/posed_images/scene0038_00/00010.jpg",
      "transform_matrix": [
        [
          0.840374,
          -0.354104,
          0.410344,
          2.706147
        ],
        [
          -0.537395,
          -0.445795,
          0.715873,
          6.759419
        ],
        [
          -0.070564,
          -0.822118,
          -0.564928,
          1.397077
        ],
        [
          0.0,
          0.0,
          0.0,
          1.0
        ]
      ]
    },
    {
      "file_path": "/media/NFS/ttao/scannet/posed_images/scene0038_00/00015.jpg",
      "transform_matrix": [
        [
          0.836005,
          -0.36634,
          0.408523,
          2.684004
        ],
        [
          -0.545325,
          -0.471966,
          0.692726,
          6.770463
        ],
        [
          -0.060964,
          -0.8019,
          -0.59434,
          1.38312
        ],
        [
          0.0,
          0.0,
          0.0,
          1.0
        ]
      ]
    },
    {
      "file_path": "/media/NFS/ttao/scannet/posed_images/scene0038_00/00020.jpg",
      "transform_matrix": [
        [
          0.823418,
          -0.362251,
          0.436758,
          2.640059
        ],
        [
          -0.565175,
          -0.454939,
          0.688191,
          6.801141
        ],
        [
          -0.050599,
          -0.813514,
          -0.57934,
          1.399343
        ],
        [
          0.0,
          0.0,
          0.0,
          1.0
        ]
      ]
    },
    {
      "file_path": "/media/NFS/ttao/scannet/posed_images/scene0038_00/00022.jpg",
      "transform_matrix": [
        [
          0.817578,
          -0.362852,
          0.447106,
          2.624718
        ],
        [
          -0.572916,
          -0.43476,
          0.694803,
          6.8128
        ],
        [
          -0.057727,
          -0.82421,
          -0.563334,
          1.408152
        ],
        [
          0.0,
          0.0,
          0.0,
          1.0
        ]
      ]
    },
    {
      "file_path": "/media/NFS/ttao/scannet/posed_images/scene0038_00/00028.jpg",
      "transform_matrix": [
        [
          0.806344,
          -0.344012,
          0.481108,
          2.54471
        ],
        [
          -0.588055,
          -0.379327,
          0.714355,
          6.857282
        ],
        [
          -0.063249,
          -0.858933,
          -0.508166,
          1.424849
        ],
        [
          0.0,
          0.0,
          0.0,
          1.0
        ]
      ]
    },
    {
      "file_path": "/media/NFS/ttao/scannet/posed_images/scene0038_00/00031.jpg",
      "transform_matrix": [
        [
          0.793722,
          -0.348429,
          0.498601,
          2.491397
        ],
        [
          -0.60538,
          -0.37253,
          0.703375,
          6.894754
        ],
        [
          -0.059332,
          -0.860127,
          -0.506618,
          1.407533
        ],
        [
          0.0,
          0.0,
          0.0,
          1.0
        ]
      ]
    },
    {
      "file_path": "/media/NFS/ttao/scannet/posed_images/scene0038_00/00033.jpg",
      "transform_matrix": [
        [
          0.788603,
          -0.356877,
          0.500744,
          2.471763
        ],
        [
          -0.612123,
          -0.378266,
          0.694421,
          6.912004
        ],
        [
          -0.058409,
          -0.854139,
          -0.516754,
          1.401171
        ],
        [
          0.0,
          0.0,
          0.0,
          1.0
        ]
      ]
    },
    {
      "file_path": "/media/NFS/ttao/scannet/posed_images/scene0038_00/00040.jpg",
      "transform_matrix": [
        [
          0.771612,
          -0.353659,
          0.528715,
          2.372303
        ],
        [
          -0.636047,
          -0.418983,
          0.647995,
          7.022205
        ],
        [
          -0.007647,
          -0.836289,
          -0.548236,
          1.377144
        ],
        [
          0.0,
          0.0,
          0.0,
          1.0
        ]
      ]
    },
    {
      "file_path": "/media/NFS/ttao/scannet/posed_images/scene0038_00/00044.jpg",
      "transform_matrix": [
        [
          0.762942,
          -0.344811,
          0.546831,
          2.335676
        ],
        [
          -0.646461,
          -0.410367,
          0.643185,
          7.08987
        ],
        [
          0.002624,
          -0.844218,
          -0.535994,
          1.36836
        ],
        [
          0.0,
          0.0,
          0.0,
          1.0
        ]
      ]
    },
    {
      "file_path": "/media/NFS/ttao/scannet/posed_images/scene0038_00/00045.jpg",
      "transform_matrix": [
        [
          0.760968,
          -0.344579,
          0.549721,
          2.324765
        ],
        [
          -0.648789,
          -0.403132,
          0.645413,
          7.104495
        ],
        [
          -0.000785,
          -0.847791,
          -0.530329,
          1.361406
        ],
        [
          0.0,
          0.0,
          0.0,
          1.0
        ]
      ]
    },
    {
      "file_path": "/media/NFS/ttao/scannet/posed_images/scene0038_00/00051.jpg",
      "transform_matrix": [
        [
          0.720277,
          -0.390054,
          0.573637,
          2.263951
        ],
        [
          -0.6934,
          -0.381072,
          0.61154,
          7.237403
        ],
        [
          -0.019937,
          -0.838238,
          -0.544941,
          1.355674
        ],
        [
          0.0,
          0.0,
          0.0,
          1.0
        ]
      ]
    },
    {
      "file_path": "/media/NFS/ttao/scannet/posed_images/scene0038_00/00053.jpg",
      "transform_matrix": [
        [
          0.712041,
          -0.395703,
          0.580014,
          2.245059
        ],
        [
          -0.701972,
          -0.383231,
          0.600308,
          7.282047
        ],
        [
          -0.015264,
          -0.834598,
          -0.550648,
          1.361666
        ],
        [
          0.0,
          0.0,
          0.0,
          1.0
        ]
      ]
    },
    {
      "file_path": "/media/NFS/ttao/scannet/posed_images/scene0038_00/00060.jpg",
      "transform_matrix": [
        [
          0.675554,
          -0.36993,
          0.637791,
          2.155997
        ],
        [
          -0.73731,
          -0.338366,
          0.584707,
          7.450626
        ],
        [
          -0.000494,
          -0.865251,
          -0.501338,
          1.377069
        ],
        [
          0.0,
          0.0,
          0.0,
          1.0
        ]
      ]
    },
    {
      "file_path": "/media/NFS/ttao/scannet/posed_images/scene0038_00/00062.jpg",
      "transform_matrix": [
        [
          0.665501,
          -0.375982,
          0.644783,
          2.135787
        ],
        [
          -0.746333,
          -0.323953,
          0.581413,
          7.478447
        ],
        [
          -0.009721,
          -0.868154,
          -0.496199,
          1.37532
        ],
        [
          0.0,
          0.0,
          0.0,
          1.0
        ]
      ]
    },
    {
      "file_path": "/media/NFS/ttao/scannet/posed_images/scene0038_00/00065.jpg",
      "transform_matrix": [
        [
          0.625109,
          -0.391451,
          0.675281,
          2.092822
        ],
        [
          -0.780056,
          -0.282929,
          0.558089,
          7.545665
        ],
        [
          -0.027408,
          -0.875624,
          -0.482215,
          1.380489
        ],
        [
          0.0,
          0.0,
          0.0,
          1.0
        ]
      ]
    },
    {
      "file_path": "/media/NFS/ttao/scannet/posed_images/scene0038_00/00071.jpg",
      "transform_matrix": [
        [
          0.5024,
          -0.430432,
          0.749882,
          2.036786
        ],
        [
          -0.863623,
          -0.207852,
          0.459296,
          7.691399
        ],
        [
          -0.041831,
          -0.878365,
          -0.476156,
          1.410356
        ],
        [
          0.0,
          0.0,
          0.0,
          1.0
        ]
      ]
    },
    {
      "file_path": "/media/NFS/ttao/scannet/posed_images/scene0038_00/00075.jpg",
      "transform_matrix": [
        [
          0.458328,
          -0.42786,
          0.779019,
          2.021759
        ],
        [
          -0.88824,
          -0.189851,
          0.418315,
          7.763811
        ],
        [
          -0.031083,
          -0.883681,
          -0.467057,
          1.414628
        ],
        [
          0.0,
          0.0,
          0.0,
          1.0
        ]
      ]
    },
    {
      "file_path": "/media/NFS/ttao/scannet/posed_images/scene0038_00/00076.jpg",
      "transform_matrix": [
        [
          0.451639,
          -0.430811,
          0.781297,
          2.01983
        ],
        [
          -0.891618,
          -0.186273,
          0.412699,
          7.783219
        ],
        [
          -0.03226,
          -0.883009,
          -0.468247,
          1.415025
        ],
        [
          0.0,
          0.0,
          0.0,
          1.0
        ]
      ]
    },
    {
      "file_path": "/media/NFS/ttao/scannet/posed_images/scene0038_00/00083.jpg",
      "transform_matrix": [
        [
          0.381961,
          -0.422733,
          0.821829,
          2.007566
        ],
        [
          -0.923504,
          -0.140633,
          0.356878,
          7.953804
        ],
        [
          -0.035288,
          -0.895276,
          -0.444112,
          1.411111
        ],
        [
          0.0,
          0.0,
          0.0,
          1.0
        ]
      ]
    },
    {
      "file_path": "/media/NFS/ttao/scannet/posed_images/scene0038_00/00084.jpg",
      "transform_matrix": [
        [
          0.382849,
          -0.422859,
          0.821351,
          2.00828
        ],
        [
          -0.923025,
          -0.138411,
          0.358982,
          7.978337
        ],
        [
          -0.038115,
          -0.895563,
          -0.4433,
          1.406432
        ],
        [
          0.0,
          0.0,
          0.0,
          1.0
        ]
      ]
    },
    {
      "file_path": "/media/NFS/ttao/scannet/posed_images/scene0038_00/00087.jpg",
      "transform_matrix": [
        [
          0.369159,
          -0.44053,
          0.818324,
          2.006513
        ],
        [
          -0.927669,
          -0.121474,
          0.353092,
          8.054283
        ],
        [
          -0.056142,
          -0.889481,
          -0.453509,
          1.407815
        ],
        [
          0.0,
          0.0,
          0.0,
          1.0
        ]
      ]
    },
    {
      "file_path": "/media/NFS/ttao/scannet/posed_images/scene0038_00/00094.jpg",
      "transform_matrix": [
        [
          0.292595,
          -0.442867,
          0.8475,
          2.015799
        ],
        [
          -0.955473,
          -0.100006,
          0.277614,
          8.256942
        ],
        [
          -0.038191,
          -0.890992,
          -0.452409,
          1.414402
        ],
        [
          0.0,
          0.0,
          0.0,
          1.0
        ]
      ]
    },
    {
      "file_path": "/media/NFS/ttao/scannet/posed_images/scene0038_00/00098.jpg",
      "transform_matrix": [
        [
          0.255752,
          -0.437106,
          0.862281,
          2.024103
        ],
        [
          -0.966228,
          -0.086492,
          0.242739,
          8.349401
        ],
        [
          -0.031522,
          -0.895241,
          -0.444465,
          1.409494
        ],
        [
          0.0,
          0.0,
          0.0,
          1.0
        ]
      ]
    },
    {
      "file_path": "/media/NFS/ttao/scannet/posed_images/scene0038_00/00100.jpg",
      "transform_matrix": [
        [
          0.225125,
          -0.445829,
          0.866346,
          2.031692
        ],
        [
          -0.973754,
          -0.072392,
          0.215782,
          8.422165
        ],
        [
          -0.033485,
          -0.892186,
          -0.450425,
          1.412501
        ],
        [
          0.0,
          0.0,
          0.0,
          1.0
        ]
      ]
    },
    {
      "file_path": "/media/NFS/ttao/scannet/posed_images/scene0038_00/00102.jpg",
      "transform_matrix": [
        [
          0.192695,
          -0.447744,
          0.873151,
          2.032372
        ],
        [
          -0.980726,
          -0.05856,
          0.186407,
          8.473072
        ],
        [
          -0.032331,
          -0.892242,
          -0.450399,
          1.400511
        ],
        [
          0.0,
          0.0,
          0.0,
          1.0
        ]
      ]
    },
    {
      "file_path": "/media/NFS/ttao/scannet/posed_images/scene0038_00/00108.jpg",
      "transform_matrix": [
        [
          0.060909,
          -0.453756,
          0.889042,
          2.063123
        ],
        [
          -0.997722,
          -0.001792,
          0.06744,
          8.609557
        ],
        [
          -0.029008,
          -0.891124,
          -0.452831,
          1.413439
        ],
        [
          0.0,
          0.0,
          0.0,
          1.0
        ]
      ]
    },
    {
      "file_path": "/media/NFS/ttao/scannet/posed_images/scene0038_00/00113.jpg",
      "transform_matrix": [
        [
          -0.040503,
          -0.455145,
          0.889496,
          2.108036
        ],
        [
          -0.998746,
          0.044658,
          -0.022627,
          8.740318
        ],
        [
          -0.029425,
          -0.889297,
          -0.456383,
          1.422151
        ],
        [
          0.0,
          0.0,
          0.0,
          1.0
        ]
      ]
    },
    {
      "file_path": "/media/NFS/ttao/scannet/posed_images/scene0038_00/00114.jpg",
      "transform_matrix": [
        [
          -0.05675,
          -0.457599,
          0.887345,
          2.115691
        ],
        [
          -0.997949,
          0.052363,
          -0.036821,
          8.764602
        ],
        [
          -0.029615,
          -0.887615,
          -0.459633,
          1.419494
        ],
        [
          0.0,
          0.0,
          0.0,
          1.0
        ]
      ]
    },
    {
      "file_path": "/media/NFS/ttao/scannet/posed_images/scene0038_00/00118.jpg",
      "transform_matrix": [
        [
          -0.097902,
          -0.464051,
          0.880381,
          2.161562
        ],
        [
          -0.994488,
          0.078993,
          -0.068953,
          8.882029
        ],
        [
          -0.037546,
          -0.882279,
          -0.469227,
          1.406039
        ],
        [
          0.0,
          0.0,
          0.0,
          1.0
        ]
      ]
    },
    {
      "file_path": "/media/NFS/ttao/scannet/posed_images/scene0038_00/00122.jpg",
      "transform_matrix": [
        [
          -0.137841,
          -0.479493,
          0.866652,
          2.236389
        ],
        [
          -0.989022,
          0.113679,
          -0.094409,
          9.050467
        ],
        [
          -0.053252,
          -0.870152,
          -0.489899,
          1.386474
        ],
        [
          0.0,
          0.0,
          0.0,
          1.0
        ]
      ]
    },
    {
      "file_path": "/media/NFS/ttao/scannet/posed_images/scene0038_00/00129.jpg",
      "transform_matrix": [
        [
          -0.148919,
          -0.440253,
          0.885438,
          2.301059
        ],
        [
          -0.98884,
          0.070147,
          -0.131432,
          9.254636
        ],
        [
          -0.004248,
          -0.895129,
          -0.445786,
          1.38947
        ],
        [
          0.0,
          0.0,
          0.0,
          1.0
        ]
      ]
    },
    {
      "file_path": "/media/NFS/ttao/scannet/posed_images/scene0038_00/00132.jpg",
      "transform_matrix": [
        [
          -0.186393,
          -0.437877,
          0.879501,
          2.332214
        ],
        [
          -0.982466,
          0.079171,
          -0.168798,
          9.328207
        ],
        [
          0.004282,
          -0.895542,
          -0.444956,
          1.405017
        ],
        [
          0.0,
          0.0,
          0.0,
          1.0
        ]
      ]
    },
    {
      "file_path": "/media/NFS/ttao/scannet/posed_images/scene0038_00/00134.jpg",
      "transform_matrix": [
        [
          -0.216519,
          -0.431057,
          0.875962,
          2.347447
        ],
        [
          -0.976249,
          0.088628,
          -0.197695,
          9.379423
        ],
        [
          0.007583,
          -0.897962,
          -0.440009,
          1.403841
        ],
        [
          0.0,
          0.0,
          0.0,
          1.0
        ]
      ]
    },
    {
      "file_path": "/media/NFS/ttao/scannet/posed_images/scene0038_00/00137.jpg",
      "transform_matrix": [
        [
          -0.256185,
          -0.447499,
          0.856804,
          2.360548
        ],
        [
          -0.966525,
          0.105695,
          -0.233789,
          9.464716
        ],
        [
          0.014061,
          -0.888016,
          -0.459597,
          1.407021
        ],
        [
          0.0,
          0.0,
          0.0,
          1.0
        ]
      ]
    },
    {
      "file_path": "/media/NFS/ttao/scannet/posed_images/scene0038_00/00144.jpg",
      "transform_matrix": [
        [
          -0.368098,
          -0.408939,
          0.835028,
          2.486193
        ],
        [
          -0.929546,
          0.141416,
          -0.340508,
          9.634886
        ],
        [
          0.021161,
          -0.901538,
          -0.432182,
          1.43327
        ],
        [
          0.0,
          0.0,
          0.0,
          1.0
        ]
      ]
    },
    {
      "file_path": "/media/NFS/ttao/scannet/posed_images/scene0038_00/00147.jpg",
      "transform_matrix": [
        [
          -0.390181,
          -0.395208,
          0.831606,
          2.519008
        ],
        [
          -0.920502,
          0.146994,
          -0.362034,
          9.685642
        ],
        [
          0.020837,
          -0.906754,
          -0.421144,
          1.427366
        ],
        [
          0.0,
          0.0,
          0.0,
          1.0
        ]
      ]
    },
    {
      "file_path": "/media/NFS/ttao/scannet/posed_images/scene0038_00/00148.jpg",
      "transform_matrix": [
        [
          -0.3931,
          -0.393719,
          0.830938,
          2.531302
        ],
        [
          -0.919291,
          0.149227,
          -0.36419,
          9.695225
        ],
        [
          0.01939,
          -0.907037,
          -0.420603,
          1.423084
        ],
        [
          0.0,
          0.0,
          0.0,
          1.0
        ]
      ]
    },
    {
      "file_path": "/media/NFS/ttao/scannet/posed_images/scene0038_00/00153.jpg",
      "transform_matrix": [
        [
          -0.42807,
          -0.379056,
          0.82041,
          2.639974
        ],
        [
          -0.903741,
          0.182461,
          -0.387247,
          9.831686
        ],
        [
          -0.002904,
          -0.907207,
          -0.420675,
          1.386291
        ],
        [
          0.0,
          0.0,
          0.0,
          1.0
        ]
      ]
    },
    {
      "file_path": "/media/NFS/ttao/scannet/posed_images/scene0038_00/00159.jpg",
      "transform_matrix": [
        [
          -0.464145,
          -0.374833,
          0.80254,
          2.753727
        ],
        [
          -0.885661,
          0.209912,
          -0.414176,
          9.92501
        ],
        [
          -0.013216,
          -0.903015,
          -0.429405,
          1.378173
        ],
        [
          0.0,
          0.0,
          0.0,
          1.0
        ]
      ]
    },
    {
      "file_path": "/media/NFS/ttao/scannet/posed_images/scene0038_00/00163.jpg",
      "transform_matrix": [
        [
          -0.529893,
          -0.394703,
          0.750614,
          2.843134
        ],
        [
          -0.847912,
          0.229808,
          -0.477738,
          10.027481
        ],
        [
          0.016067,
          -0.889605,
          -0.456448,
          1.381335
        ],
        [
          0.0,
          0.0,
          0.0,
          1.0
        ]
      ]
    },
    {
      "file_path": "/media/NFS/ttao/scannet/posed_images/scene0038_00/00165.jpg",
      "transform_matrix": [
        [
          -0.559737,
          -0.388043,
          0.7322,
          2.87441
        ],
        [
          -0.828468,
          0.242489,
          -0.504817,
          10.058502
        ],
        [
          0.01834,
          -0.889169,
          -0.457211,
          1.380569
        ],
        [
          0.0,
          0.0,
          0.0,
          1.0
        ]
      ]
    },
    {
      "file_path": "/media/NFS/ttao/scannet/posed_images/scene0038_00/00169.jpg",
      "transform_matrix": [
        [
          -0.611251,
          -0.391959,
          0.687561,
          2.916368
        ],
        [
          -0.791141,
          0.278868,
          -0.544361,
          10.114403
        ],
        [
          0.021629,
          -0.876699,
          -0.480553,
          1.374566
        ],
        [
          0.0,
          0.0,
          0.0,
          1.0
        ]
      ]
    },
    {
      "file_path": "/media/NFS/ttao/scannet/posed_images/scene0038_00/00175.jpg",
      "transform_matrix": [
        [
          -0.625105,
          -0.439135,
          0.645293,
          2.998987
        ],
        [
          -0.779353,
          0.305567,
          -0.547026,
          10.193462
        ],
        [
          0.043038,
          -0.844861,
          -0.533253,
          1.367735
        ],
        [
          0.0,
          0.0,
          0.0,
          1.0
        ]
      ]
    },
    {
      "file_path": "/media/NFS/ttao/scannet/posed_images/scene0038_00/00178.jpg",
      "transform_matrix": [
        [
          -0.631024,
          -0.442552,
          0.637147,
          3.005218
        ],
        [
          -0.774056,
          0.304727,
          -0.554959,
          10.203914
        ],
        [
          0.051442,
          -0.84338,
          -0.53485,
          1.36235
        ],
        [
          0.0,
          0.0,
          0.0,
          1.0
        ]
      ]
    },
    {
      "file_path": "/media/NFS/ttao/scannet/posed_images/scene0038_00/00179.jpg",
      "transform_matrix": [
        [
          -0.635491,
          -0.441318,
          0.633554,
          3.004614
        ],
        [
          -0.770399,
          0.307849,
          -0.558314,
          10.199458
        ],
        [
          0.051355,
          -0.842893,
          -0.535626,
          1.361546
        ],
        [
          0.0,
          0.0,
          0.0,
          1.0
        ]
      ]
    },
    {
      "file_path": "/media/NFS/ttao/scannet/posed_images/scene0038_00/00184.jpg",
      "transform_matrix": [
        [
          -0.688408,
          -0.42375,
          0.588668,
          3.008536
        ],
        [
          -0.722655,
          0.331147,
          -0.606722,
          10.162202
        ],
        [
          0.062162,
          -0.843077,
          -0.534189,
          1.376813
        ],
        [
          0.0,
          0.0,
          0.0,
          1.0
        ]
      ]
    },
    {
      "file_path": "/media/NFS/ttao/scannet/posed_images/scene0038_00/00190.jpg",
      "transform_matrix": [
        [
          -0.721724,
          -0.373271,
          0.582909,
          2.932101
        ],
        [
          -0.691993,
          0.369476,
          -0.620188,
          10.059105
        ],
        [
          0.016128,
          -0.850973,
          -0.524961,
          1.392755
        ],
        [
          0.0,
          0.0,
          0.0,
          1.0
        ]
      ]
    },
    {
      "file_path": "/media/NFS/ttao/scannet/posed_images/scene0038_00/00193.jpg",
      "transform_matrix": [
        [
          -0.70371,
          -0.362891,
          0.610821,
          2.872461
        ],
        [
          -0.710483,
          0.356415,
          -0.606781,
          9.981874
        ],
        [
          0.002489,
          -0.860976,
          -0.50864,
          1.404693
        ],
        [
          0.0,
          0.0,
          0.0,
          1.0
        ]
      ]
    },
    {
      "file_path": "/media/NFS/ttao/scannet/posed_images/scene0038_00/00195.jpg",
      "transform_matrix": [
        [
          -0.696492,
          -0.358495,
          0.621595,
          2.836404
        ],
        [
          -0.717564,
          0.347314,
          -0.603717,
          9.93257
        ],
        [
          0.000541,
          -0.866518,
          -0.499145,
          1.407576
        ],
        [
          0.0,
          0.0,
          0.0,
          1.0
        ]
      ]
    },
    {
      "file_path": "/media/NFS/ttao/scannet/posed_images/scene0038_00/00200.jpg",
      "transform_matrix": [
        [
          -0.67804,
          -0.351746,
          0.645396,
          2.74651
        ],
        [
          -0.734915,
          0.339612,
          -0.586996,
          9.81144
        ],
        [
          -0.012711,
          -0.872318,
          -0.488774,
          1.422348
        ],
        [
          0.0,
          0.0,
          0.0,
          1.0
        ]
      ]
    },
    {
      "file_path": "/media/NFS/ttao/scannet/posed_images/scene0038_00/00202.jpg",
      "transform_matrix": [
        [
          -0.684606,
          -0.355512,
          0.636338,
          2.742995
        ],
        [
          -0.728818,
          0.348046,
          -0.589652,
          9.770471
        ],
        [
          -0.011847,
          -0.867453,
          -0.497378,
          1.434737
        ],
        [
          0.0,
          0.0,
          0.0,
          1.0
        ]
      ]
    },
    {
      "file_path": "/media/NFS/ttao/scannet/posed_images/scene0038_00/00206.jpg",
      "transform_matrix": [
        [
          -0.694851,
          -0.346639,
          0.630098,
          2.700891
        ],
        [
          -0.718852,
          0.360181,
          -0.594577,
          9.67251
        ],
        [
          -0.020846,
          -0.86609,
          -0.499454,
          1.432576
        ],
        [
          0.0,
          0.0,
          0.0,
          1.0
        ]
      ]
    },
    {
      "file_path": "/media/NFS/ttao/scannet/posed_images/scene0038_00/00210.jpg",
      "transform_matrix": [
        [
          -0.677089,
          -0.360336,
          0.641645,
          2.666943
        ],
        [
          -0.735694,
          0.352137,
          -0.57858,
          9.568692
        ],
        [
          -0.017464,
          -0.863804,
          -0.503525,
          1.416039
        ],
        [
          0.0,
          0.0,
          0.0,
          1.0
        ]
      ]
    },
    {
      "file_path": "/media/NFS/ttao/scannet/posed_images/scene0038_00/00214.jpg",
      "transform_matrix": [
        [
          -0.646624,
          -0.37839,
          0.662343,
          2.672623
        ],
        [
          -0.76279,
          0.326916,
          -0.557923,
          9.471717
        ],
        [
          -0.005418,
          -0.865995,
          -0.500024,
          1.415011
        ],
        [
          0.0,
          0.0,
          0.0,
          1.0
        ]
      ]
    },
    {
      "file_path": "/media/NFS/ttao/scannet/posed_images/scene0038_00/00219.jpg",
      "transform_matrix": [
        [
          -0.575506,
          -0.395834,
          0.715617,
          2.6386
        ],
        [
          -0.817786,
          0.283227,
          -0.501008,
          9.332206
        ],
        [
          -0.004366,
          -0.873555,
          -0.486706,
          1.424208
        ],
        [
          0.0,
          0.0,
          0.0,
          1.0
        ]
      ]
    },
    {
      "file_path": "/media/NFS/ttao/scannet/posed_images/scene0038_00/00224.jpg",
      "transform_matrix": [
        [
          -0.55245,
          -0.392818,
          0.735182,
          2.612199
        ],
        [
          -0.833228,
          0.284607,
          -0.474057,
          9.195351
        ],
        [
          -0.02302,
          -0.874467,
          -0.484538,
          1.435999
        ],
        [
          0.0,
          0.0,
          0.0,
          1.0
        ]
      ]
    },
    {
      "file_path": "/media/NFS/ttao/scannet/posed_images/scene0038_00/00226.jpg",
      "transform_matrix": [
        [
          -0.544746,
          -0.389292,
          0.742767,
          2.604555
        ],
        [
          -0.838094,
          0.283536,
          -0.466054,
          9.1423
        ],
        [
          -0.02917,
          -0.87639,
          -0.480718,
          1.435876
        ],
        [
          0.0,
          0.0,
          0.0,
          1.0
        ]
      ]
    },
    {
      "file_path": "/media/NFS/ttao/scannet/posed_images/scene0038_00/00229.jpg",
      "transform_matrix": [
        [
          -0.506109,
          -0.411277,
          0.758093,
          2.582385
        ],
        [
          -0.861981,
          0.270776,
          -0.428566,
          9.030569
        ],
        [
          -0.029014,
          -0.870363,
          -0.491556,
          1.427285
        ],
        [
          0.0,
          0.0,
          0.0,
          1.0
        ]
      ]
    },
    {
      "file_path": "/media/NFS/ttao/scannet/posed_images/scene0038_00/00236.jpg",
      "transform_matrix": [
        [
          -0.428661,
          -0.451638,
          0.782479,
          2.545383
        ],
        [
          -0.90339,
          0.225444,
          -0.364776,
          8.831642
        ],
        [
          -0.011658,
          -0.863249,
          -0.504644,
          1.420599
        ],
        [
          0.0,
          0.0,
          0.0,
          1.0
        ]
      ]
    },
    {
      "file_path": "/media/NFS/ttao/scannet/posed_images/scene0038_00/00238.jpg",
      "transform_matrix": [
        [
          -0.392281,
          -0.468532,
          0.791577,
          2.531463
        ],
        [
          -0.919768,
          0.210979,
          -0.330931,
          8.782189
        ],
        [
          -0.011954,
          -0.857884,
          -0.513704,
          1.420972
        ],
        [
          0.0,
          0.0,
          0.0,
          1.0
        ]
      ]
    },
    {
      "file_path": "/media/NFS/ttao/scannet/posed_images/scene0038_00/00240.jpg",
      "transform_matrix": [
        [
          -0.362633,
          -0.48253,
          0.797284,
          2.521935
        ],
        [
          -0.931823,
          0.200807,
          -0.302294,
          8.717111
        ],
        [
          -0.014234,
          -0.85255,
          -0.522453,
          1.422076
        ],
        [
          0.0,
          0.0,
          0.0,
          1.0
        ]
      ]
    },
    {
      "file_path": "/media/NFS/ttao/scannet/posed_images/scene0038_00/00245.jpg",
      "transform_matrix": [
        [
          -0.320429,
          -0.49201,
          0.809476,
          2.513314
        ],
        [
          -0.947113,
          0.182089,
          -0.264237,
          8.586969
        ],
        [
          -0.017389,
          -0.851334,
          -0.524335,
          1.408823
        ],
        [
          0.0,
          0.0,
          0.0,
          1.0
        ]
      ]
    },
    {
      "file_path": "/media/NFS/ttao/scannet/posed_images/scene0038_00/00249.jpg",
      "transform_matrix": [
        [
          -0.286827,
          -0.479597,
          0.829287,
          2.513093
        ],
        [
          -0.957919,
          0.133588,
          -0.25406,
          8.465262
        ],
        [
          0.011064,
          -0.867261,
          -0.497731,
          1.405791
        ],
        [
          0.0,
          0.0,
          0.0,
          1.0
        ]
      ]
    },
    {
      "file_path": "/media/NFS/ttao/scannet/posed_images/scene0038_00/00252.jpg",
      "transform_matrix": [
        [
          -0.257259,
          -0.509375,
          0.821191,
          2.509102
        ],
        [
          -0.965706,
          0.104688,
          -0.237596,
          8.358063
        ],
        [
          0.035056,
          -0.854153,
          -0.518839,
          1.409016
        ],
        [
          0.0,
          0.0,
          0.0,
          1.0
        ]
      ]
    },
    {
      "file_path": "/media/NFS/ttao/scannet/posed_images/scene0038_00/00259.jpg",
      "transform_matrix": [
        [
          -0.187019,
          -0.517067,
          0.835263,
          2.48633
        ],
        [
          -0.982221,
          0.084322,
          -0.167723,
          8.129103
        ],
        [
          0.016293,
          -0.851781,
          -0.523645,
          1.423524
        ],
        [
          0.0,
          0.0,
          0.0,
          1.0
        ]
      ]
    },
    {
      "file_path": "/media/NFS/ttao/scannet/posed_images/scene0038_00/00261.jpg",
      "transform_matrix": [
        [
          -0.148113,
          -0.518195,
          0.84234,
          2.475665
        ],
        [
          -0.988743,
          0.059317,
          -0.137365,
          8.074607
        ],
        [
          0.021217,
          -0.853203,
          -0.521148,
          1.418037
        ],
        [
          0.0,
          0.0,
          0.0,
          1.0
        ]
      ]
    },
    {
      "file_path": "/media/NFS/ttao/scannet/posed_images/scene0038_00/00263.jpg",
      "transform_matrix": [
        [
          -0.108038,
          -0.524842,
          0.844315,
          2.459901
        ],
        [
          -0.99369,
          0.031258,
          -0.107722,
          8.019399
        ],
        [
          0.030145,
          -0.850626,
          -0.524907,
          1.406687
        ],
        [
          0.0,
          0.0,
          0.0,
          1.0
        ]
      ]
    },
    {
      "file_path": "/media/NFS/ttao/scannet/posed_images/scene0038_00/00268.jpg",
      "transform_matrix": [
        [
          -0.05321,
          -0.564437,
          0.823759,
          2.441179
        ],
        [
          -0.997711,
          -0.004422,
          -0.067476,
          7.879942
        ],
        [
          0.041728,
          -0.825464,
          -0.56291,
          1.399152
        ],
        [
          0.0,
          0.0,
          0.0,
          1.0
        ]
      ]
    },
    {
      "file_path": "/media/NFS/ttao/scannet/posed_images/scene0038_00/00273.jpg",
      "transform_matrix": [
        [
          0.043851,
          -0.556382,
          0.829768,
          2.436787
        ],
        [
          -0.998725,
          -0.045208,
          0.022466,
          7.751787
        ],
        [
          0.025013,
          -0.829696,
          -0.557656,
          1.419109
        ],
        [
          0.0,
          0.0,
          0.0,
          1.0
        ]
      ]
    },
    {
      "file_path": "/media/NFS/ttao/scannet/posed_images/scene0038_00/00277.jpg",
      "transform_matrix": [
        [
          0.098476,
          -0.5503,
          0.829139,
          2.440811
        ],
        [
          -0.994557,
          -0.082917,
          0.063091,
          7.675959
        ],
        [
          0.03403,
          -0.83084,
          -0.555471,
          1.416015
        ],
        [
          0.0,
          0.0,
          0.0,
          1.0
        ]
      ]
    },
    {
      "file_path": "/media/NFS/ttao/scannet/posed_images/scene0038_00/00279.jpg",
      "transform_matrix": [
        [
          0.128517,
          -0.549498,
          0.825551,
          2.44982
        ],
        [
          -0.990853,
          -0.105692,
          0.0839,
          7.630119
        ],
        [
          0.041151,
          -0.828783,
          -0.558055,
          1.410169
        ],
        [
          0.0,
          0.0,
          0.0,
          1.0
        ]
      ]
    },
    {
      "file_path": "/media/NFS/ttao/scannet/posed_images/scene0038_00/00283.jpg",
      "transform_matrix": [
        [
          0.183669,
          -0.539406,
          0.82177,
          2.480867
        ],
        [
          -0.981021,
          -0.153445,
          0.118542,
          7.534109
        ],
        [
          0.062154,
          -0.827946,
          -0.557352,
          1.395892
        ],
        [
          0.0,
          0.0,
          0.0,
          1.0
        ]
      ]
    },
    {
      "file_path": "/media/NFS/ttao/scannet/posed_images/scene0038_00/00286.jpg",
      "transform_matrix": [
        [
          0.222238,
          -0.543469,
          0.809476,
          2.507454
        ],
        [
          -0.971032,
          -0.198132,
          0.133569,
          7.469342
        ],
        [
          0.087793,
          -0.815711,
          -0.571758,
          1.387494
        ],
        [
          0.0,
          0.0,
          0.0,
          1.0
        ]
      ]
    },
    {
      "file_path": "/media/NFS/ttao/scannet/posed_images/scene0038_00/00293.jpg",
      "transform_matrix": [
        [
          0.326762,
          -0.518383,
          0.790257,
          2.572526
        ],
        [
          -0.938764,
          -0.274736,
          0.207949,
          7.301018
        ],
        [
          0.109315,
          -0.809814,
          -0.576412,
          1.414519
        ],
        [
          0.0,
          0.0,
          0.0,
          1.0
        ]
      ]
    },
    {
      "file_path": "/media/NFS/ttao/scannet/posed_images/scene0038_00/00296.jpg",
      "transform_matrix": [
        [
          0.353875,
          -0.481797,
          0.80165,
          2.595378
        ],
        [
          -0.929019,
          -0.280176,
          0.241713,
          7.238019
        ],
