{
  "frames": [
    {
      "file_path": "/media/NFS/ttao/scannet/posed_images/scene0029_01/00000.jpg",
      "transform_matrix": [
        [
          0.847074,
          -0.344508,
          0.404698,
          1.019664
        ],
        [
          -0.530979,
          -0.581479,
          0.616396,
          0.559736
        ],
        [
          0.02297,
          -0.737019,
          -0.675482,
          1.184095
        ],
        [
          0.0,
          0.0,
          0.0,
          1.0
        ]
      ]
    },
    {
      "file_path": "/media/NFS/ttao/scannet/posed_images/scene0029_01/00007.jpg",
      "transform_matrix": [
        [
          0.84632,
          -0.344841,
          0.40599,
          1.023081
        ],
        [
          -0.531977,
          -0.586197,
          0.611044,
          0.555011
        ],
        [
          0.027277,
          -0.733115,
          -0.679557,
          1.18562
        ],
        [
          0.0,
          0.0,
          0.0,
          1.0
        ]
      ]
    },
    {
      "file_path": "/media/NFS/ttao/scannet/posed_images/scene0029_01/00013.jpg",
      "transform_matrix": [
        [
          0.835159,
          -0.356266,
          0.419029,
          1.023466
        ],
        [
          -0.549615,
          -0.569432,
          0.611286,
          0.558296
        ],
        [
          0.020828,
          -0.740825,
          -0.671375,
          1.191225
        ],
        [
          0.0,
          0.0,
          0.0,
          1.0
        ]
      ]
    },
    {
      "file_path": "/media/NFS/ttao/scannet/posed_images/scene0029_01/00022.jpg",
      "transform_matrix": [
        [
          0.82813,
          -0.397874,
          0.394838,
          1.005753
        ],
        [
          -0.560378,
          -0.570944,
          0.599999,
          0.551212
        ],
        [
          -0.013294,
          -0.718136,
          -0.695776,
          1.159236
        ],
        [
          0.0,
          0.0,
          0.0,
          1.0
        ]
      ]
    },
    {
      "file_path": "/media/NFS/ttao/scannet/posed_images/scene0029_01/00033.jpg",
      "transform_matrix": [
        [
          0.81303,
          -0.422028,
          0.401092,
          1.001128
        ],
        [
          -0.582034,
          -0.606633,
          0.54151,
          0.55047
        ],
        [
          0.014783,
          -0.673713,
          -0.738846,
          1.126483
        ],
        [
          0.0,
          0.0,
          0.0,
          1.0
        ]
      ]
    },
    {
      "file_path": "/media/NFS/ttao/scannet/posed_images/scene0029_01/00040.jpg",
      "transform_matrix": [
        [
          0.81056,
          -0.435396,
          0.391693,
          1.002557
        ],
        [
          -0.585591,
          -0.612507,
          0.530961,
          0.541939
        ],
        [
          0.008736,
          -0.659747,
          -0.751437,
          1.112854
        ],
        [
          0.0,
          0.0,
          0.0,
          1.0
        ]
      ]
    },
    {
      "file_path": "/media/NFS/ttao/scannet/posed_images/scene0029_01/00042.jpg",
      "transform_matrix": [
        [
          0.816675,
          -0.431833,
          0.382836,
          1.002275
        ],
        [
          -0.57709,
          -0.614697,
          0.537694,
          0.540084
        ],
        [
          0.003134,
          -0.660052,
          -0.751213,
          1.112097
        ],
        [
          0.0,
          0.0,
          0.0,
          1.0
        ]
      ]
    },
    {
      "file_path": "/media/NFS/ttao/scannet/posed_images/scene0029_01/00051.jpg",
      "transform_matrix": [
        [
          0.848803,
          -0.367186,
          0.380404,
          0.996464
        ],
        [
          -0.528601,
          -0.603936,
          0.596525,
          0.525842
        ],
        [
          0.010704,
          -0.707415,
          -0.706718,
          1.115551
        ],
        [
          0.0,
          0.0,
          0.0,
          1.0
        ]
      ]
    },
    {
      "file_path": "/media/NFS/ttao/scannet/posed_images/scene0029_01/00058.jpg",
      "transform_matrix": [
        [
          0.864857,
          -0.363703,
          0.346037,
          0.997601
        ],
        [
          -0.500372,
          -0.568759,
          0.652795,
          0.518007
        ],
        [
          -0.040612,
          -0.737722,
          -0.673882,
          1.12211
        ],
        [
          0.0,
          0.0,
          0.0,
          1.0
        ]
      ]
    },
    {
      "file_path": "/media/NFS/ttao/scannet/posed_images/scene0029_01/00069.jpg",
      "transform_matrix": [
        [
          0.83144,
          -0.361862,
          0.42162,
          0.986395
        ],
        [
          -0.555581,
          -0.549819,
          0.623722,
          0.543256
        ],
        [
          0.006114,
          -0.752831,
          -0.658185,
          1.137448
        ],
        [
          0.0,
          0.0,
          0.0,
          1.0
        ]
      ]
    },
    {
      "file_path": "/media/NFS/ttao/scannet/posed_images/scene0029_01/00077.jpg",
      "transform_matrix": [
        [
          0.783906,
          -0.386351,
          0.486029,
          0.966568
        ],
        [
          -0.620768,
          -0.502536,
          0.601752,
          0.56482
        ],
        [
          0.01176,
          -0.773428,
          -0.633775,
          1.165302
        ],
        [
          0.0,
          0.0,
          0.0,
          1.0
        ]
      ]
    },
    {
      "file_path": "/media/NFS/ttao/scannet/posed_images/scene0029_01/00080.jpg",
      "transform_matrix": [
        [
          0.76927,
          -0.393547,
          0.503333,
          0.965113
        ],
        [
          -0.638602,
          -0.498602,
          0.58616,
          0.571017
        ],
        [
          0.020282,
          -0.772345,
          -0.63488,
          1.175364
        ],
        [
          0.0,
          0.0,
          0.0,
          1.0
        ]
      ]
    },
    {
      "file_path": "/media/NFS/ttao/scannet/posed_images/scene0029_01/00091.jpg",
      "transform_matrix": [
        [
          0.734448,
          -0.388843,
          0.556226,
          0.962249
        ],
        [
          -0.6784,
          -0.443548,
          0.585695,
          0.575513
        ],
        [
          0.01897,
          -0.807506,
          -0.589554,
          1.214512
        ],
        [
          0.0,
          0.0,
          0.0,
          1.0
        ]
      ]
    },
    {
      "file_path": "/media/NFS/ttao/scannet/posed_images/scene0029_01/00097.jpg",
      "transform_matrix": [
        [
          0.725787,
          -0.393292,
          0.564406,
          0.96655
        ],
        [
          -0.687881,
          -0.423623,
          0.589376,
          0.575312
        ],
        [
          0.007298,
          -0.816005,
          -0.577998,
          1.231124
        ],
        [
          0.0,
          0.0,
          0.0,
          1.0
        ]
      ]
    },
    {
      "file_path": "/media/NFS/ttao/scannet/posed_images/scene0029_01/00104.jpg",
      "transform_matrix": [
        [
          0.73948,
          -0.371932,
          0.561102,
          0.967673
        ],
        [
          -0.673153,
          -0.401281,
          0.62116,
          0.577246
        ],
        [
          -0.005869,
          -0.837043,
          -0.547106,
          1.25118
        ],
        [
          0.0,
          0.0,
          0.0,
          1.0
        ]
      ]
    },
    {
      "file_path": "/media/NFS/ttao/scannet/posed_images/scene0029_01/00111.jpg",
      "transform_matrix": [
        [
          0.744741,
          -0.358246,
          0.563047,
          0.974036
        ],
        [
          -0.66719,
          -0.381005,
          0.640072,
          0.578801
        ],
        [
          -0.014779,
          -0.852347,
          -0.522768,
          1.266445
        ],
        [
          0.0,
          0.0,
          0.0,
          1.0
        ]
      ]
    },
    {
      "file_path": "/media/NFS/ttao/scannet/posed_images/scene0029_01/00119.jpg",
      "transform_matrix": [
        [
          0.692498,
          -0.390783,
          0.606412,
          1.003616
        ],
        [
          -0.721395,
          -0.368129,
          0.586575,
          0.566937
        ],
        [
          -0.005985,
          -0.843664,
          -0.536837,
          1.266359
        ],
        [
          0.0,
          0.0,
          0.0,
          1.0
        ]
      ]
    },
    {
      "file_path": "/media/NFS/ttao/scannet/posed_images/scene0029_01/00128.jpg",
      "transform_matrix": [
        [
          0.629001,
          -0.431681,
          0.646536,
          1.03539
        ],
        [
          -0.777399,
          -0.346056,
          0.525258,
          0.545836
        ],
        [
          -0.003006,
          -0.833004,
          -0.553258,
          1.261672
        ],
        [
          0.0,
          0.0,
          0.0,
          1.0
        ]
      ]
    },
    {
      "file_path": "/media/NFS/ttao/scannet/posed_images/scene0029_01/00135.jpg",
      "transform_matrix": [
        [
          0.583613,
          -0.463816,
          0.666536,
          1.049065
        ],
        [
          -0.812024,
          -0.336918,
          0.476554,
          0.53541
        ],
        [
          0.003535,
          -0.819366,
          -0.573259,
          1.253969
        ],
        [
          0.0,
          0.0,
          0.0,
          1.0
        ]
      ]
    },
    {
      "file_path": "/media/NFS/ttao/scannet/posed_images/scene0029_01/00139.jpg",
      "transform_matrix": [
        [
          0.567587,
          -0.486377,
          0.664291,
          1.052884
        ],
        [
          -0.823281,
          -0.32812,
          0.463191,
          0.529109
        ],
        [
          -0.007318,
          -0.809799,
          -0.586661,
          1.248191
        ],
        [
          0.0,
          0.0,
          0.0,
          1.0
        ]
      ]
    },
    {
      "file_path": "/media/NFS/ttao/scannet/posed_images/scene0029_01/00146.jpg",
      "transform_matrix": [
        [
          0.551741,
          -0.520829,
          0.651397,
          1.051438
        ],
        [
          -0.833718,
          -0.32357,
          0.447456,
          0.526927
        ],
        [
          -0.022276,
          -0.789962,
          -0.612751,
          1.23055
        ],
        [
          0.0,
          0.0,
          0.0,
          1.0
        ]
      ]
    },
    {
      "file_path": "/media/NFS/ttao/scannet/posed_images/scene0029_01/00159.jpg",
      "transform_matrix": [
        [
          0.587474,
          -0.536928,
          0.605461,
          1.032959
        ],
        [
          -0.807814,
          -0.344662,
          0.478168,
          0.53608
        ],
        [
          -0.048062,
          -0.770011,
          -0.636218,
          1.220619
        ],
        [
          0.0,
          0.0,
          0.0,
          1.0
        ]
      ]
    },
    {
      "file_path": "/media/NFS/ttao/scannet/posed_images/scene0029_01/00161.jpg",
      "transform_matrix": [
        [
          0.599715,
          -0.529079,
          0.600348,
          1.027963
        ],
        [
          -0.799021,
          -0.354976,
          0.485342,
          0.540384
        ],
        [
          -0.043675,
          -0.770758,
          -0.63563,
          1.220136
        ],
        [
          0.0,
          0.0,
          0.0,
          1.0
        ]
      ]
    },
    {
      "file_path": "/media/NFS/ttao/scannet/posed_images/scene0029_01/00170.jpg",
      "transform_matrix": [
        [
          0.655706,
          -0.489313,
          0.574998,
          1.019015
        ],
        [
          -0.754021,
          -0.385308,
          0.531967,
          0.555736
        ],
        [
          -0.038747,
          -0.782375,
          -0.621601,
          1.227483
        ],
        [
          0.0,
          0.0,
          0.0,
          1.0
        ]
      ]
    },
    {
      "file_path": "/media/NFS/ttao/scannet/posed_images/scene0029_01/00177.jpg",
      "transform_matrix": [
        [
          0.615982,
          -0.52914,
          0.58359,
          1.05492
        ],
        [
          -0.786135,
          -0.365332,
          0.498523,
          0.5512
        ],
        [
          -0.050585,
          -0.765861,
          -0.641013,
          1.218142
        ],
        [
          0.0,
          0.0,
          0.0,
          1.0
        ]
      ]
    },
    {
      "file_path": "/media/NFS/ttao/scannet/posed_images/scene0029_01/00186.jpg",
      "transform_matrix": [
        [
          0.565492,
          -0.596251,
          0.569828,
          1.08814
        ],
        [
          -0.821045,
          -0.341529,
          0.457432,
          0.542022
        ],
        [
          -0.078131,
          -0.726528,
          -0.68268,
          1.195382
        ],
        [
          0.0,
          0.0,
          0.0,
          1.0
        ]
      ]
    },
    {
      "file_path": "/media/NFS/ttao/scannet/posed_images/scene0029_01/00192.jpg",
      "transform_matrix": [
        [
          0.527247,
          -0.622662,
          0.578188,
          1.096814
        ],
        [
          -0.847147,
          -0.332361,
          0.414583,
          0.546019
        ],
        [
          -0.065978,
          -0.708398,
          -0.702723,
          1.183629
        ],
        [
          0.0,
          0.0,
          0.0,
          1.0
        ]
      ]
    },
    {
      "file_path": "/media/NFS/ttao/scannet/posed_images/scene0029_01/00197.jpg",
      "transform_matrix": [
        [
          0.483063,
          -0.636295,
          0.60148,
          1.09483
        ],
        [
          -0.874195,
          -0.311797,
          0.372243,
          0.561583
        ],
        [
          -0.049316,
          -0.705628,
          -0.706864,
          1.173485
        ],
        [
          0.0,
          0.0,
          0.0,
          1.0
        ]
      ]
    },
    {
      "file_path": "/media/NFS/ttao/scannet/posed_images/scene0029_01/00206.jpg",
      "transform_matrix": [
        [
          0.378413,
          -0.66814,
          0.640619,
          1.084184
        ],
        [
          -0.92556,
          -0.264218,
          0.271158,
          0.629747
        ],
        [
          -0.011909,
          -0.695541,
          -0.718388,
          1.166319
        ],
        [
          0.0,
          0.0,
          0.0,
          1.0
        ]
      ]
    },
    {
      "file_path": "/media/NFS/ttao/scannet/posed_images/scene0029_01/00215.jpg",
      "transform_matrix": [
        [
          0.260413,
          -0.702466,
          0.662365,
          1.080531
        ],
        [
          -0.965368,
          -0.200673,
          0.166718,
          0.695733
        ],
        [
          0.015805,
          -0.682841,
          -0.730396,
          1.165937
        ],
        [
          0.0,
          0.0,
          0.0,
          1.0
        ]
      ]
    },
    {
      "file_path": "/media/NFS/ttao/scannet/posed_images/scene0029_01/00226.jpg",
      "transform_matrix": [
        [
          0.242319,
          -0.730496,
          0.638481,
          1.080061
        ],
        [
          -0.970196,
          -0.182873,
          0.158985,
          0.728219
        ],
        [
          0.000624,
          -0.657977,
          -0.753038,
          1.152798
        ],
        [
          0.0,
          0.0,
          0.0,
          1.0
        ]
      ]
    },
    {
      "file_path": "/media/NFS/ttao/scannet/posed_images/scene0029_01/00228.jpg",
      "transform_matrix": [
        [
          0.24751,
          -0.731316,
          0.635544,
          1.082889
        ],
        [
          -0.968882,
          -0.188561,
          0.160351,
          0.731706
        ],
        [
          0.002572,
          -0.655456,
          -0.755229,
          1.14915
        ],
        [
          0.0,
          0.0,
          0.0,
          1.0
        ]
      ]
    },
    {
      "file_path": "/media/NFS/ttao/scannet/posed_images/scene0029_01/00239.jpg",
      "transform_matrix": [
        [
          0.285867,
          -0.735749,
          0.613965,
          1.092171
        ],
        [
          -0.957605,
          -0.195487,
          0.211604,
          0.736227
        ],
        [
          -0.035665,
          -0.648427,
          -0.760441,
          1.138819
        ],
        [
          0.0,
          0.0,
          0.0,
          1.0
        ]
      ]
    },
    {
      "file_path": "/media/NFS/ttao/scannet/posed_images/scene0029_01/00241.jpg",
      "transform_matrix": [
        [
          0.272776,
          -0.739226,
          0.615742,
          1.094146
        ],
        [
          -0.961586,
          -0.189037,
          0.199039,
          0.737718
        ],
        [
          -0.030737,
          -0.646383,
          -0.762394,
          1.137314
        ],
        [
          0.0,
          0.0,
          0.0,
          1.0
        ]
      ]
    },
    {
      "file_path": "/media/NFS/ttao/scannet/posed_images/scene0029_01/00254.jpg",
      "transform_matrix": [
        [
          0.034259,
          -0.745686,
          0.665416,
          1.152493
        ],
        [
          -0.999133,
          -0.041323,
          0.005132,
          0.803039
        ],
        [
          0.02367,
          -0.665015,
          -0.746455,
          1.138541
        ],
        [
          0.0,
          0.0,
          0.0,
          1.0
        ]
      ]
    },
    {
      "file_path": "/media/NFS/ttao/scannet/posed_images/scene0029_01/00257.jpg",
      "transform_matrix": [
        [
          -0.032776,
          -0.749769,
          0.660888,
          1.163005
        ],
        [
          -0.998989,
          0.00422,
          -0.044755,
          0.84293
        ],
        [
          0.030767,
          -0.661686,
          -0.749149,
          1.141529
        ],
        [
          0.0,
          0.0,
          0.0,
          1.0
        ]
      ]
    },
    {
      "file_path": "/media/NFS/ttao/scannet/posed_images/scene0029_01/00265.jpg",
      "transform_matrix": [
        [
          -0.060221,
          -0.7971,
          0.600837,
          1.15362
        ],
        [
          -0.997609,
          0.027613,
          -0.063356,
          0.924671
        ],
        [
          0.033911,
          -0.603216,
          -0.796857,
          1.131211
        ],
        [
          0.0,
          0.0,
          0.0,
          1.0
        ]
      ]
    },
    {
      "file_path": "/media/NFS/ttao/scannet/posed_images/scene0029_01/00274.jpg",
      "transform_matrix": [
        [
          -0.108312,
          -0.748825,
          0.653857,
          1.136403
        ],
        [
          -0.994024,
          0.072591,
          -0.081526,
          0.932122
        ],
        [
          0.013585,
          -0.65878,
          -0.752213,
          1.155601
        ],
        [
          0.0,
          0.0,
          0.0,
          1.0
        ]
      ]
    },
    {
      "file_path": "/media/NFS/ttao/scannet/posed_images/scene0029_01/00283.jpg",
      "transform_matrix": [
        [
          -0.227932,
          -0.742119,
          0.630323,
          1.1285
        ],
        [
          -0.973648,
          0.178706,
          -0.141681,
          0.902719
        ],
        [
          -0.007499,
          -0.646006,
          -0.763295,
          1.148583
        ],
        [
          0.0,
          0.0,
          0.0,
          1.0
        ]
      ]
    },
    {
      "file_path": "/media/NFS/ttao/scannet/posed_images/scene0029_01/00292.jpg",
      "transform_matrix": [
        [
          -0.359262,
          -0.704833,
          0.611671,
          1.12827
        ],
        [
          -0.933008,
          0.256745,
          -0.252148,
          0.92031
        ],
        [
          0.020679,
          -0.661281,
          -0.749853,
          1.157514
        ],
        [
          0.0,
          0.0,
          0.0,
          1.0
        ]
      ]
    },
    {
      "file_path": "/media/NFS/ttao/scannet/posed_images/scene0029_01/00296.jpg",
      "transform_matrix": [
        [
          -0.43843,
          -0.66864,
          0.600583,
          1.131286
        ],
        [
          -0.89861,
          0.313679,
          -0.306766,
          0.942288
        ],
        [
          0.016726,
          -0.674185,
          -0.738373,
          1.162945
        ],
        [
          0.0,
          0.0,
          0.0,
          1.0
        ]
      ]
    },
    {
      "file_path": "/media/NFS/ttao/scannet/posed_images/scene0029_01/00303.jpg",
      "transform_matrix": [
        [
          -0.530297,
          -0.62828,
          0.569254,
          1.136411
        ],
        [
          -0.847812,
          0.393662,
          -0.355311,
          0.999153
        ],
        [
          -0.000859,
          -0.67104,
          -0.741421,
          1.169603
        ],
        [
          0.0,
          0.0,
          0.0,
          1.0
        ]
      ]
    },
    {
      "file_path": "/media/NFS/ttao/scannet/posed_images/scene0029_01/00307.jpg",
      "transform_matrix": [
        [
          -0.572784,
          -0.601907,
          0.556441,
          1.139353
        ],
        [
          -0.819705,
          0.419421,
          -0.390089,
          1.026684
        ],
        [
          0.001414,
          -0.679555,
          -0.733624,
          1.172212
        ],
        [
          0.0,
          0.0,
          0.0,
          1.0
        ]
      ]
    },
    {
      "file_path": "/media/NFS/ttao/scannet/posed_images/scene0029_01/00319.jpg",
      "transform_matrix": [
        [
          -0.683626,
          -0.533038,
          0.498524,
          1.136262
        ],
        [
          -0.72979,
          0.491875,
          -0.474833,
          1.056576
        ],
        [
          0.007892,
          -0.688426,
          -0.725264,
          1.180867
        ],
        [
          0.0,
          0.0,
          0.0,
          1.0
        ]
      ]
    },
    {
      "file_path": "/media/NFS/ttao/scannet/posed_images/scene0029_01/00325.jpg",
      "transform_matrix": [
        [
          -0.723962,
          -0.499788,
          0.47549,
          1.127005
        ],
        [
          -0.68979,
          0.51617,
          -0.507699,
          1.051653
        ],
        [
          0.008308,
          -0.695543,
          -0.718436,
          1.181638
        ],
        [
          0.0,
          0.0,
          0.0,
          1.0
        ]
      ]
    },
    {
      "file_path": "/media/NFS/ttao/scannet/posed_images/scene0029_01/00330.jpg",
      "transform_matrix": [
        [
          -0.754045,
          -0.472125,
          0.456634,
          1.115451
        ],
        [
          -0.656769,
          0.533003,
          -0.533444,
          1.043983
        ],
        [
          0.008465,
          -0.702144,
          -0.711985,
          1.179672
        ],
        [
          0.0,
          0.0,
          0.0,
          1.0
        ]
      ]
    },
    {
      "file_path": "/media/NFS/ttao/scannet/posed_images/scene0029_01/00343.jpg",
      "transform_matrix": [
        [
          -0.791126,
          -0.41599,
          0.448411,
          1.107725
        ],
        [
          -0.611147,
          0.507761,
          -0.607189,
          1.027263
        ],
        [
          0.024898,
          -0.754408,
          -0.655934,
          1.208875
        ],
        [
          0.0,
          0.0,
          0.0,
          1.0
        ]
      ]
    },
    {
      "file_path": "/media/NFS/ttao/scannet/posed_images/scene0029_01/00349.jpg",
      "transform_matrix": [
        [
          -0.790668,
          -0.407522,
          0.456914,
          1.104875
        ],
        [
          -0.611865,
          0.499652,
          -0.613164,
          1.020958
        ],
        [
          0.02158,
          -0.764378,
          -0.644407,
          1.218627
        ],
        [
          0.0,
          0.0,
          0.0,
          1.0
        ]
      ]
    },
    {
      "file_path": "/media/NFS/ttao/scannet/posed_images/scene0029_01/00352.jpg",
      "transform_matrix": [
        [
          -0.786711,
          -0.41235,
          0.459407,
          1.105693
        ],
        [
          -0.616768,
          0.4935,
          -0.613233,
          1.023043
        ],
        [
          0.026149,
          -0.765785,
          -0.642565,
          1.216012
        ],
        [
          0.0,
          0.0,
          0.0,
          1.0
        ]
      ]
    },
    {
      "file_path": "/media/NFS/ttao/scannet/posed_images/scene0029_01/00365.jpg",
      "transform_matrix": [
        [
          -0.797829,
          -0.386578,
          0.46263,
          1.121016
        ],
        [
          -0.601729,
          0.463122,
          -0.650723,
          1.018232
        ],
        [
          0.037301,
          -0.797543,
          -0.602108,
          1.230784
        ],
        [
          0.0,
          0.0,
          0.0,
          1.0
        ]
      ]
    },
    {
      "file_path": "/media/NFS/ttao/scannet/posed_images/scene0029_01/00369.jpg",
      "transform_matrix": [
        [
          -0.806025,
          -0.376302,
          0.45686,
          1.126825
        ],
        [
          -0.590138,
          0.451716,
          -0.669097,
          1.013075
        ],
        [
          0.045411,
          -0.808919,
          -0.586164,
          1.240114
        ],
        [
          0.0,
          0.0,
          0.0,
          1.0
        ]
      ]
    },
    {
      "file_path": "/media/NFS/ttao/scannet/posed_images/scene0029_01/00374.jpg",
      "transform_matrix": [
        [
          -0.808373,
          -0.375884,
          0.45304,
          1.129672
        ],
        [
          -0.58567,
          0.435929,
          -0.683343,
          1.011739
        ],
        [
          0.059364,
          -0.817727,
          -0.572537,
          1.240963
        ],
        [
          0.0,
          0.0,
          0.0,
          1.0
        ]
      ]
    },
    {
      "file_path": "/media/NFS/ttao/scannet/posed_images/scene0029_01/00385.jpg",
      "transform_matrix": [
        [
          -0.828342,
          -0.355335,
          0.433114,
          1.138347
        ],
        [
          -0.554493,
          0.409718,
          -0.724341,
          1.001966
        ],
        [
          0.079929,
          -0.84016,
          -0.536417,
          1.254355
        ],
        [
          0.0,
          0.0,
          0.0,
          1.0
        ]
      ]
    },
    {
      "file_path": "/media/NFS/ttao/scannet/posed_images/scene0029_01/00394.jpg",
      "transform_matrix": [
        [
          -0.875281,
          -0.316911,
          0.365309,
          1.131584
        ],
        [
          -0.477541,
          0.447017,
          -0.756394,
          0.975431
        ],
        [
          0.07641,
          -0.836507,
          -0.542603,
          1.254425
        ],
        [
          0.0,
          0.0,
          0.0,
          1.0
        ]
      ]
    },
    {
      "file_path": "/media/NFS/ttao/scannet/posed_images/scene0029_01/00400.jpg",
      "transform_matrix": [
        [
          -0.900365,
          -0.270397,
          0.340923,
          1.120083
        ],
        [
          -0.431936,
          0.46053,
          -0.775464,
          0.962741
        ],
        [
          0.052677,
          -0.845457,
          -0.531439,
          1.253584
        ],
        [
          0.0,
          0.0,
          0.0,
          1.0
        ]
      ]
    },
    {
      "file_path": "/media/NFS/ttao/scannet/posed_images/scene0029_01/00405.jpg",
      "transform_matrix": [
        [
          -0.913944,
          -0.243638,
          0.324573,
          1.119229
        ],
        [
          -0.404008,
          0.47026,
          -0.784623,
          0.958931
        ],
        [
          0.03853,
          -0.848231,
          -0.528223,
          1.256177
        ],
        [
          0.0,
          0.0,
          0.0,
          1.0
        ]
      ]
    },
    {
      "file_path": "/media/NFS/ttao/scannet/posed_images/scene0029_01/00416.jpg",
      "transform_matrix": [
        [
          -0.935189,
          -0.212594,
          0.283241,
          1.114799
        ],
        [
          -0.35376,
          0.523308,
          -0.775244,
          0.958094
        ],
        [
          0.01659,
          -0.825199,
          -0.564599,
          1.243663
        ],
        [
          0.0,
          0.0,
          0.0,
          1.0
        ]
      ]
    },
    {
      "file_path": "/media/NFS/ttao/scannet/posed_images/scene0029_01/00418.jpg",
      "transform_matrix": [
        [
          -0.93612,
          -0.209149,
          0.282731,
          1.1137
        ],
        [
          -0.351428,
          0.52579,
          -0.774625,
          0.958811
        ],
        [
          0.013355,
          -0.824501,
          -0.565703,
          1.241488
        ],
        [
          0.0,
          0.0,
          0.0,
          1.0
        ]
      ]
    },
    {
      "file_path": "/media/NFS/ttao/scannet/posed_images/scene0029_01/00431.jpg",
      "transform_matrix": [
        [
          -0.949756,
          -0.208955,
          0.233027,
          1.107376
        ],
        [
          -0.312521,
          0.592273,
          -0.74266,
          0.954619
        ],
        [
          0.017167,
          -0.778171,
          -0.627818,
          1.214076
        ],
        [
          0.0,
          0.0,
          0.0,
          1.0
        ]
      ]
    },
    {
      "file_path": "/media/NFS/ttao/scannet/posed_images/scene0029_01/00434.jpg",
      "transform_matrix": [
        [
          -0.953461,
          -0.207458,
          0.218802,
          1.109833
        ],
        [
          -0.300511,
          0.594566,
          -0.745778,
          0.952097
        ],
        [
          0.024626,
          -0.776822,
          -0.629238,
          1.212472
        ],
        [
          0.0,
          0.0,
          0.0,
          1.0
        ]
      ]
    },
    {
      "file_path": "/media/NFS/ttao/scannet/posed_images/scene0029_01/00442.jpg",
      "transform_matrix": [
        [
          -0.949906,
          -0.219152,
          0.222826,
          1.115045
        ],
        [
          -0.309987,
          0.569773,
          -0.761096,
          0.935959
        ],
        [
          0.039835,
          -0.792042,
          -0.609165,
          1.216472
        ],
        [
          0.0,
          0.0,
          0.0,
          1.0
        ]
      ]
    },
    {
      "file_path": "/media/NFS/ttao/scannet/posed_images/scene0029_01/00453.jpg",
      "transform_matrix": [
        [
          -0.948558,
          -0.206595,
          0.239907,
          1.129431
        ],
        [
          -0.311971,
          0.480785,
          -0.819463,
          0.885933
        ],
        [
          0.053953,
          -0.852153,
          -0.520504,
          1.250623
        ],
        [
          0.0,
          0.0,
          0.0,
          1.0
        ]
      ]
    },
    {
      "file_path": "/media/NFS/ttao/scannet/posed_images/scene0029_01/00460.jpg",
      "transform_matrix": [
        [
          -0.952748,
          -0.186324,
          0.239906,
          1.129376
        ],
        [
          -0.299819,
          0.449981,
          -0.841205,
          0.863828
        ],
        [
          0.048783,
          -0.873384,
          -0.484582,
          1.268443
        ],
        [
          0.0,
          0.0,
          0.0,
          1.0
        ]
      ]
    },
    {
      "file_path": "/media/NFS/ttao/scannet/posed_images/scene0029_01/00465.jpg",
      "transform_matrix": [
        [
          -0.955775,
          -0.169221,
          0.240537,
          1.13345
        ],
        [
          -0.291523,
          0.437129,
          -0.850842,
          0.854821
        ],
        [
          0.038835,
          -0.883336,
          -0.467128,
          1.279374
        ],
        [
          0.0,
          0.0,
          0.0,
          1.0
        ]
      ]
    },
    {
      "file_path": "/media/NFS/ttao/scannet/posed_images/scene0029_01/00473.jpg",
      "transform_matrix": [
        [
          -0.967119,
          -0.131534,
          0.217671,
          1.142021
        ],
        [
          -0.25383,
          0.445781,
          -0.858399,
          0.843125
        ],
        [
          0.015875,
          -0.885425,
          -0.464511,
          1.289866
        ],
        [
          0.0,
          0.0,
          0.0,
          1.0
        ]
      ]
    },
    {
      "file_path": "/media/NFS/ttao/scannet/posed_images/scene0029_01/00478.jpg",
      "transform_matrix": [
        [
          -0.975713,
          -0.103888,
          0.192851,
          1.153313
        ],
        [
          -0.219011,
          0.445499,
          -0.868081,
          0.837692
        ],
        [
          0.004269,
          -0.889234,
          -0.457432,
          1.294065
        ],
        [
          0.0,
          0.0,
          0.0,
          1.0
        ]
      ]
    },
    {
      "file_path": "/media/NFS/ttao/scannet/posed_images/scene0029_01/00491.jpg",
      "transform_matrix": [
        [
          -0.997873,
          0.028584,
          0.058585,
          1.210152
        ],
        [
          -0.043993,
          0.367896,
          -0.928826,
          0.827901
        ],
        [
          -0.048103,
          -0.929428,
          -0.365856,
          1.332621
        ],
        [
          0.0,
          0.0,
          0.0,
          1.0
        ]
      ]
    },
    {
      "file_path": "/media/NFS/ttao/scannet/posed_images/scene0029_01/00495.jpg",
      "transform_matrix": [
        [
          -0.998754,
          0.049345,
          -0.007527,
          1.227436
        ],
        [
          0.024973,
          0.363389,
          -0.931303,
          0.819574
        ],
        [
          -0.04322,
          -0.93033,
          -0.364168,
          1.344216
        ],
        [
          0.0,
          0.0,
          0.0,
          1.0
        ]
      ]
    },
    {
      "file_path": "/media/NFS/ttao/scannet/posed_images/scene0029_01/00502.jpg",
      "transform_matrix": [
        [
          -0.99525,
          0.073269,
          -0.064102,
          1.234987
        ],
        [
          0.086289,
          0.359051,
          -0.929321,
          0.812012
        ],
        [
          -0.045074,
          -0.930438,
          -0.363667,
          1.350168
        ],
        [
          0.0,
          0.0,
          0.0,
          1.0
        ]
      ]
    },
    {
      "file_path": "/media/NFS/ttao/scannet/posed_images/scene0029_01/00507.jpg",
      "transform_matrix": [
        [
          -0.994128,
          0.090898,
          -0.058722,
          1.232924
        ],
        [
          0.087007,
          0.348727,
          -0.933177,
          0.811744
        ],
        [
          -0.064346,
          -0.932806,
          -0.354587,
          1.352176
        ],
        [
          0.0,
          0.0,
          0.0,
          1.0
        ]
      ]
    },
    {
      "file_path": "/media/NFS/ttao/scannet/posed_images/scene0029_01/00518.jpg",
      "transform_matrix": [
        [
          -0.991511,
          0.120002,
          -0.050065,
          1.193602
        ],
        [
          0.092866,
          0.384051,
          -0.91863,
          0.815624
        ],
        [
          -0.09101,
          -0.915481,
          -0.391935,
          1.339937
        ],
        [
          0.0,
          0.0,
          0.0,
          1.0
        ]
      ]
    },
    {
      "file_path": "/media/NFS/ttao/scannet/posed_images/scene0029_01/00522.jpg",
      "transform_matrix": [
        [
          -0.992035,
          0.124318,
          -0.020287,
          1.185516
        ],
        [
          0.064575,
          0.363648,
          -0.929296,
          0.82287
        ],
        [
          -0.108151,
          -0.923204,
          -0.36878,
          1.350179
        ],
        [
          0.0,
          0.0,
          0.0,
          1.0
        ]
      ]
    },
    {
      "file_path": "/media/NFS/ttao/scannet/posed_images/scene0029_01/00535.jpg",
      "transform_matrix": [
        [
          -0.993413,
          0.114501,
          -0.004484,
          1.17764
        ],
        [
          0.035992,
          0.274636,
          -0.960874,
          0.867319
        ],
        [
          -0.10879,
          -0.954707,
          -0.276948,
          1.383287
        ],
        [
          0.0,
          0.0,
          0.0,
          1.0
        ]
      ]
    },
    {
      "file_path": "/media/NFS/ttao/scannet/posed_images/scene0029_01/00538.jpg",
      "transform_matrix": [
        [
          -0.992794,
          0.119765,
          -0.004102,
          1.178654
        ],
        [
          0.036691,
          0.271207,
          -0.961821,
          0.872812
        ],
        [
          -0.11408,
          -0.955041,
          -0.273647,
          1.384919
        ],
        [
          0.0,
          0.0,
          0.0,
          1.0
        ]
      ]
    },
    {
      "file_path": "/media/NFS/ttao/scannet/posed_images/scene0029_01/00544.jpg",
      "transform_matrix": [
        [
          -0.990236,
          0.139391,
          0.001732,
          1.17852
        ],
        [
          0.032315,
          0.241613,
          -0.969835,
          0.879697
        ],
        [
          -0.135605,
          -0.960309,
          -0.243759,
          1.397836
        ],
        [
          0.0,
          0.0,
          0.0,
          1.0
        ]
      ]
    },
    {
      "file_path": "/media/NFS/ttao/scannet/posed_images/scene0029_01/00557.jpg",
      "transform_matrix": [
        [
          -0.99579,
          0.089807,
          0.01835,
          1.18889
        ],
        [
          -0.005982,
          0.136089,
          -0.990679,
          0.900005
        ],
        [
          -0.091468,
          -0.986618,
          -0.134979,
          1.43957
        ],
        [
          0.0,
          0.0,
          0.0,
          1.0
        ]
      ]
    },
    {
      "file_path": "/media/NFS/ttao/scannet/posed_images/scene0029_01/00562.jpg",
      "transform_matrix": [
        [
          -0.997039,
          0.071832,
          0.027464,
          1.197418
        ],
        [
          -0.020007,
          0.102556,
          -0.994527,
          0.910904
        ],
        [
          -0.074256,
          -0.992131,
          -0.100815,
          1.448115
        ],
        [
          0.0,
          0.0,
          0.0,
          1.0
        ]
      ]
    },
    {
      "file_path": "/media/NFS/ttao/scannet/posed_images/scene0029_01/00568.jpg",
      "transform_matrix": [
        [
          -0.997039,
          0.071797,
          0.027546,
          1.203955
        ],
        [
          -0.025628,
          0.027504,
          -0.999294,
          0.919028
        ],
        [
          -0.072504,
          -0.99704,
