{
  "frames": [
    {
      "file_path": "/media/NFS/ttao/scannet/posed_images/scene0065_01/00000.jpg",
      "transform_matrix": [
        [
          0.961165,
          0.160395,
          -0.224577,
          2.842985
        ],
        [
          0.272712,
          -0.676762,
          0.683828,
          2.006036
        ],
        [
          -0.042303,
          -0.718517,
          -0.694222,
          1.370682
        ],
        [
          0.0,
          0.0,
          0.0,
          1.0
        ]
      ]
    },
    {
      "file_path": "/media/NFS/ttao/scannet/posed_images/scene0065_01/00002.jpg",
      "transform_matrix": [
        [
          0.959408,
          0.166439,
          -0.227673,
          2.852288
        ],
        [
          0.279212,
          -0.674263,
          0.683674,
          2.004006
        ],
        [
          -0.039721,
          -0.719491,
          -0.693365,
          1.369955
        ],
        [
          0.0,
          0.0,
          0.0,
          1.0
        ]
      ]
    },
    {
      "file_path": "/media/NFS/ttao/scannet/posed_images/scene0065_01/00007.jpg",
      "transform_matrix": [
        [
          0.956881,
          0.181474,
          -0.226819,
          2.862796
        ],
        [
          0.289393,
          -0.663099,
          0.690327,
          2.000899
        ],
        [
          -0.025127,
          -0.7262,
          -0.687024,
          1.367923
        ],
        [
          0.0,
          0.0,
          0.0,
          1.0
        ]
      ]
    },
    {
      "file_path": "/media/NFS/ttao/scannet/posed_images/scene0065_01/00008.jpg",
      "transform_matrix": [
        [
          0.955806,
          0.183577,
          -0.229638,
          2.864636
        ],
        [
          0.292847,
          -0.663508,
          0.688475,
          2.000527
        ],
        [
          -0.025979,
          -0.725298,
          -0.687945,
          1.368413
        ],
        [
          0.0,
          0.0,
          0.0,
          1.0
        ]
      ]
    },
    {
      "file_path": "/media/NFS/ttao/scannet/posed_images/scene0065_01/00011.jpg",
      "transform_matrix": [
        [
          0.954926,
          0.180583,
          -0.235597,
          2.867092
        ],
        [
          0.294891,
          -0.667991,
          0.683248,
          1.998862
        ],
        [
          -0.033994,
          -0.721927,
          -0.691134,
          1.366233
        ],
        [
          0.0,
          0.0,
          0.0,
          1.0
        ]
      ]
    },
    {
      "file_path": "/media/NFS/ttao/scannet/posed_images/scene0065_01/00016.jpg",
      "transform_matrix": [
        [
          0.95265,
          0.177078,
          -0.247186,
          2.875663
        ],
        [
          0.301069,
          -0.663209,
          0.685209,
          1.999371
        ],
        [
          -0.042601,
          -0.727185,
          -0.685119,
          1.368264
        ],
        [
          0.0,
          0.0,
          0.0,
          1.0
        ]
      ]
    },
    {
      "file_path": "/media/NFS/ttao/scannet/posed_images/scene0065_01/00017.jpg",
      "transform_matrix": [
        [
          0.951705,
          0.179965,
          -0.248737,
          2.876354
        ],
        [
          0.304248,
          -0.661348,
          0.685603,
          1.999016
        ],
        [
          -0.041118,
          -0.72817,
          -0.684162,
          1.36834
        ],
        [
          0.0,
          0.0,
          0.0,
          1.0
        ]
      ]
    },
    {
      "file_path": "/media/NFS/ttao/scannet/posed_images/scene0065_01/00022.jpg",
      "transform_matrix": [
        [
          0.945979,
          0.195774,
          -0.258451,
          2.876333
        ],
        [
          0.321905,
          -0.662366,
          0.676498,
          1.997581
        ],
        [
          -0.038748,
          -0.723149,
          -0.689605,
          1.366398
        ],
        [
          0.0,
          0.0,
          0.0,
          1.0
        ]
      ]
    },
    {
      "file_path": "/media/NFS/ttao/scannet/posed_images/scene0065_01/00025.jpg",
      "transform_matrix": [
        [
          0.944272,
          0.203303,
          -0.25888,
          2.87521
        ],
        [
          0.327436,
          -0.660696,
          0.675476,
          1.996099
        ],
        [
          -0.033715,
          -0.722599,
          -0.690445,
          1.36467
        ],
        [
          0.0,
          0.0,
          0.0,
          1.0
        ]
      ]
    },
    {
      "file_path": "/media/NFS/ttao/scannet/posed_images/scene0065_01/00026.jpg",
      "transform_matrix": [
        [
          0.943775,
          0.204498,
          -0.259749,
          2.875153
        ],
        [
          0.328925,
          -0.6596,
          0.675822,
          1.995706
        ],
        [
          -0.033126,
          -0.723262,
          -0.689779,
          1.364681
        ],
        [
          0.0,
          0.0,
          0.0,
          1.0
        ]
      ]
    },
    {
      "file_path": "/media/NFS/ttao/scannet/posed_images/scene0065_01/00029.jpg",
      "transform_matrix": [
        [
          0.942476,
          0.205816,
          -0.263397,
          2.875633
        ],
        [
          0.332627,
          -0.655537,
          0.677961,
          1.995226
        ],
        [
          -0.033131,
          -0.726575,
          -0.686288,
          1.365136
        ],
        [
          0.0,
          0.0,
          0.0,
          1.0
        ]
      ]
    },
    {
      "file_path": "/media/NFS/ttao/scannet/posed_images/scene0065_01/00033.jpg",
      "transform_matrix": [
        [
          0.941541,
          0.198441,
          -0.272254,
          2.876854
        ],
        [
          0.334221,
          -0.651872,
          0.680705,
          1.995784
        ],
        [
          -0.042394,
          -0.731904,
          -0.680087,
          1.364631
        ],
        [
          0.0,
          0.0,
          0.0,
          1.0
        ]
      ]
    },
    {
      "file_path": "/media/NFS/ttao/scannet/posed_images/scene0065_01/00035.jpg",
      "transform_matrix": [
        [
          0.938654,
          0.205417,
          -0.277007,
          2.875745
        ],
        [
          0.342111,
          -0.655878,
          0.672892,
          1.997319
        ],
        [
          -0.043459,
          -0.72638,
          -0.685918,
          1.362599
        ],
        [
          0.0,
          0.0,
          0.0,
          1.0
        ]
      ]
    },
    {
      "file_path": "/media/NFS/ttao/scannet/posed_images/scene0065_01/00038.jpg",
      "transform_matrix": [
        [
          0.931787,
          0.21567,
          -0.291992,
          2.871207
        ],
        [
          0.359968,
          -0.652793,
          0.666547,
          1.998678
        ],
        [
          -0.046856,
          -0.726188,
          -0.685898,
          1.363174
        ],
        [
          0.0,
          0.0,
          0.0,
          1.0
        ]
      ]
    },
    {
      "file_path": "/media/NFS/ttao/scannet/posed_images/scene0065_01/00042.jpg",
      "transform_matrix": [
        [
          0.920945,
          0.227495,
          -0.316396,
          2.86473
        ],
        [
          0.385753,
          -0.647353,
          0.657365,
          1.999979
        ],
        [
          -0.055273,
          -0.727447,
          -0.683934,
          1.36495
        ],
        [
          0.0,
          0.0,
          0.0,
          1.0
        ]
      ]
    },
    {
      "file_path": "/media/NFS/ttao/scannet/posed_images/scene0065_01/00045.jpg",
      "transform_matrix": [
        [
          0.917445,
          0.241416,
          -0.316248,
          2.858895
        ],
        [
          0.395177,
          -0.645118,
          0.653955,
          2.000835
        ],
        [
          -0.046142,
          -0.724942,
          -0.687262,
          1.364967
        ],
        [
          0.0,
          0.0,
          0.0,
          1.0
        ]
      ]
    },
    {
      "file_path": "/media/NFS/ttao/scannet/posed_images/scene0065_01/00046.jpg",
      "transform_matrix": [
        [
          0.916043,
          0.246336,
          -0.31652,
          2.857161
        ],
        [
          0.398867,
          -0.642317,
          0.654472,
          2.000825
        ],
        [
          -0.042086,
          -0.725773,
          -0.686645,
          1.36462
        ],
        [
          0.0,
          0.0,
          0.0,
          1.0
        ]
      ]
    },
    {
      "file_path": "/media/NFS/ttao/scannet/posed_images/scene0065_01/00049.jpg",
      "transform_matrix": [
        [
          0.911815,
          0.255215,
          -0.32165,
          2.850909
        ],
        [
          0.409016,
          -0.633333,
          0.656959,
          2.00165
        ],
        [
          -0.036046,
          -0.730585,
          -0.68187,
          1.366804
        ],
        [
          0.0,
          0.0,
          0.0,
          1.0
        ]
      ]
    },
    {
      "file_path": "/media/NFS/ttao/scannet/posed_images/scene0065_01/00053.jpg",
      "transform_matrix": [
        [
          0.903834,
          0.26702,
          -0.334342,
          2.843334
        ],
        [
          0.426711,
          -0.620293,
          0.658145,
          2.003324
        ],
        [
          -0.031652,
          -0.737521,
          -0.674582,
          1.369655
        ],
        [
          0.0,
          0.0,
          0.0,
          1.0
        ]
      ]
    },
    {
      "file_path": "/media/NFS/ttao/scannet/posed_images/scene0065_01/00055.jpg",
      "transform_matrix": [
        [
          0.897958,
          0.279794,
          -0.339688,
          2.837159
        ],
        [
          0.439291,
          -0.616148,
          0.653747,
          2.003483
        ],
        [
          -0.026384,
          -0.736259,
          -0.676186,
          1.370059
        ],
        [
          0.0,
          0.0,
          0.0,
          1.0
        ]
      ]
    },
    {
      "file_path": "/media/NFS/ttao/scannet/posed_images/scene0065_01/00059.jpg",
      "transform_matrix": [
        [
          0.88594,
          0.29424,
          -0.358515,
          2.821215
        ],
        [
          0.463208,
          -0.600341,
          0.651942,
          2.002655
        ],
        [
          -0.023404,
          -0.743649,
          -0.668161,
          1.37445
        ],
        [
          0.0,
          0.0,
          0.0,
          1.0
        ]
      ]
    },
    {
      "file_path": "/media/NFS/ttao/scannet/posed_images/scene0065_01/00061.jpg",
      "transform_matrix": [
        [
          0.879734,
          0.31057,
          -0.36002,
          2.813988
        ],
        [
          0.475224,
          -0.59856,
          0.644894,
          2.00302
        ],
        [
          -0.015209,
          -0.738425,
          -0.674164,
          1.374393
        ],
        [
          0.0,
          0.0,
          0.0,
          1.0
        ]
      ]
    },
    {
      "file_path": "/media/NFS/ttao/scannet/posed_images/scene0065_01/00066.jpg",
      "transform_matrix": [
        [
          0.854813,
          0.343454,
          -0.389017,
          2.783895
        ],
        [
          0.518823,
          -0.581279,
          0.626847,
          2.000469
        ],
        [
          -0.010834,
          -0.737668,
          -0.675077,
          1.376823
        ],
        [
          0.0,
          0.0,
          0.0,
          1.0
        ]
      ]
    },
    {
      "file_path": "/media/NFS/ttao/scannet/posed_images/scene0065_01/00069.jpg",
      "transform_matrix": [
        [
          0.843173,
          0.360071,
          -0.39926,
          2.763964
        ],
        [
          0.537599,
          -0.574179,
          0.6175,
          1.999143
        ],
        [
          -0.006902,
          -0.735301,
          -0.677706,
          1.378192
        ],
        [
          0.0,
          0.0,
          0.0,
          1.0
        ]
      ]
    },
    {
      "file_path": "/media/NFS/ttao/scannet/posed_images/scene0065_01/00072.jpg",
      "transform_matrix": [
        [
          0.832101,
          0.372458,
          -0.410954,
          2.744765
        ],
        [
          0.554604,
          -0.565096,
          0.610803,
          1.998509
        ],
        [
          -0.004729,
          -0.736167,
          -0.676784,
          1.381061
        ],
        [
          0.0,
          0.0,
          0.0,
          1.0
        ]
      ]
    },
    {
      "file_path": "/media/NFS/ttao/scannet/posed_images/scene0065_01/00075.jpg",
      "transform_matrix": [
        [
          0.822892,
          0.377417,
          -0.424741,
          2.71794
        ],
        [
          0.568169,
          -0.554109,
          0.608397,
          1.996524
        ],
        [
          -0.005734,
          -0.74197,
          -0.670409,
          1.385396
        ],
        [
          0.0,
          0.0,
          0.0,
          1.0
        ]
      ]
    },
    {
      "file_path": "/media/NFS/ttao/scannet/posed_images/scene0065_01/00078.jpg",
      "transform_matrix": [
        [
          0.818696,
          0.382017,
          -0.428719,
          2.698347
        ],
        [
          0.574226,
          -0.54274,
          0.612942,
          1.996104
        ],
        [
          0.001472,
          -0.747995,
          -0.663703,
          1.390204
        ],
        [
          0.0,
          0.0,
          0.0,
          1.0
        ]
      ]
    },
    {
      "file_path": "/media/NFS/ttao/scannet/posed_images/scene0065_01/00081.jpg",
      "transform_matrix": [
        [
          0.808809,
          0.398444,
          -0.432517,
          2.674996
        ],
        [
          0.587918,
          -0.531039,
          0.610205,
          1.994949
        ],
        [
          0.013449,
          -0.747824,
          -0.663761,
          1.396339
        ],
        [
          0.0,
          0.0,
          0.0,
          1.0
        ]
      ]
    },
    {
      "file_path": "/media/NFS/ttao/scannet/posed_images/scene0065_01/00083.jpg",
      "transform_matrix": [
        [
          0.79884,
          0.408738,
          -0.441349,
          2.658641
        ],
        [
          0.601348,
          -0.523861,
          0.603283,
          1.991427
        ],
        [
          0.015379,
          -0.74733,
          -0.664274,
          1.398726
        ],
        [
          0.0,
          0.0,
          0.0,
          1.0
        ]
      ]
    },
    {
      "file_path": "/media/NFS/ttao/scannet/posed_images/scene0065_01/00084.jpg",
      "transform_matrix": [
        [
          0.794093,
          0.412441,
          -0.446441,
          2.649942
        ],
        [
          0.607606,
          -0.520261,
          0.60012,
          1.98844
        ],
        [
          0.015248,
          -0.747811,
          -0.663737,
          1.39916
        ],
        [
          0.0,
          0.0,
          0.0,
          1.0
        ]
      ]
    },
    {
      "file_path": "/media/NFS/ttao/scannet/posed_images/scene0065_01/00087.jpg",
      "transform_matrix": [
        [
          0.782609,
          0.430087,
          -0.450054,
          2.624692
        ],
        [
          0.621955,
          -0.509579,
          0.59456,
          1.97891
        ],
        [
          0.026374,
          -0.745221,
          -0.666296,
          1.397636
        ],
        [
          0.0,
          0.0,
          0.0,
          1.0
        ]
      ]
    },
    {
      "file_path": "/media/NFS/ttao/scannet/posed_images/scene0065_01/00092.jpg",
      "transform_matrix": [
        [
          0.754876,
          0.4616,
          -0.465927,
          2.585482
        ],
        [
          0.654421,
          -0.482945,
          0.581805,
          1.962274
        ],
        [
          0.043544,
          -0.744103,
          -0.666645,
          1.39455
        ],
        [
          0.0,
          0.0,
          0.0,
          1.0
        ]
      ]
    },
    {
      "file_path": "/media/NFS/ttao/scannet/posed_images/scene0065_01/00095.jpg",
      "transform_matrix": [
        [
          0.735745,
          0.484435,
          -0.473288,
          2.559665
        ],
        [
          0.674719,
          -0.463843,
          0.574111,
          1.949668
        ],
        [
          0.058588,
          -0.741736,
          -0.668128,
          1.395162
        ],
        [
          0.0,
          0.0,
          0.0,
          1.0
        ]
      ]
    },
    {
      "file_path": "/media/NFS/ttao/scannet/posed_images/scene0065_01/00098.jpg",
      "transform_matrix": [
        [
          0.715439,
          0.497855,
          -0.490191,
          2.531893
        ],
        [
          0.695967,
          -0.446114,
          0.562683,
          1.933549
        ],
        [
          0.061453,
          -0.743723,
          -0.665658,
          1.396897
        ],
        [
          0.0,
          0.0,
          0.0,
          1.0
        ]
      ]
    },
    {
      "file_path": "/media/NFS/ttao/scannet/posed_images/scene0065_01/00100.jpg",
      "transform_matrix": [
        [
          0.697758,
          0.503573,
          -0.509459,
          2.515496
        ],
        [
          0.714178,
          -0.433906,
          0.54925,
          1.9221
        ],
        [
          0.05553,
          -0.747088,
          -0.662402,
          1.397778
        ],
        [
          0.0,
          0.0,
          0.0,
          1.0
        ]
      ]
    },
    {
      "file_path": "/media/NFS/ttao/scannet/posed_images/scene0065_01/00102.jpg",
      "transform_matrix": [
        [
          0.681139,
          0.509376,
          -0.525914,
          2.497899
        ],
        [
          0.730295,
          -0.421524,
          0.537575,
          1.90857
        ],
        [
          0.052142,
          -0.750236,
          -0.659111,
          1.39729
        ],
        [
          0.0,
          0.0,
          0.0,
          1.0
        ]
      ]
    },
    {
      "file_path": "/media/NFS/ttao/scannet/posed_images/scene0065_01/00107.jpg",
      "transform_matrix": [
        [
          0.628978,
          0.540578,
          -0.558715,
          2.445756
        ],
        [
          0.775341,
          -0.38362,
          0.50168,
          1.86754
        ],
        [
          0.056862,
          -0.74874,
          -0.66042,
          1.391354
        ],
        [
          0.0,
          0.0,
          0.0,
          1.0
        ]
      ]
    },
    {
      "file_path": "/media/NFS/ttao/scannet/posed_images/scene0065_01/00110.jpg",
      "transform_matrix": [
        [
          0.603904,
          0.559693,
          -0.567488,
          2.417782
        ],
        [
          0.79466,
          -0.367618,
          0.483086,
          1.845602
        ],
        [
          0.061761,
          -0.742698,
          -0.666772,
          1.390101
        ],
        [
          0.0,
          0.0,
          0.0,
          1.0
        ]
      ]
    },
    {
      "file_path": "/media/NFS/ttao/scannet/posed_images/scene0065_01/00111.jpg",
      "transform_matrix": [
        [
          0.595138,
          0.56382,
          -0.572641,
          2.409595
        ],
        [
          0.801162,
          -0.360528,
          0.477661,
          1.837209
        ],
        [
          0.062861,
          -0.743052,
          -0.666275,
          1.388131
        ],
        [
          0.0,
          0.0,
          0.0,
          1.0
        ]
      ]
    },
    {
      "file_path": "/media/NFS/ttao/scannet/posed_images/scene0065_01/00114.jpg",
      "transform_matrix": [
        [
          0.574811,
          0.566544,
          -0.59044,
          2.387662
        ],
        [
          0.816406,
          -0.348172,
          0.460715,
          1.814455
        ],
        [
          0.055441,
          -0.746863,
          -0.662663,
          1.386151
        ],
        [
          0.0,
          0.0,
          0.0,
          1.0
        ]
      ]
    },
    {
      "file_path": "/media/NFS/ttao/scannet/posed_images/scene0065_01/00119.jpg",
      "transform_matrix": [
        [
          0.53992,
          0.581171,
          -0.608873,
          2.355617
        ],
        [
          0.839818,
          -0.323402,
          0.436024,
          1.775928
        ],
        [
          0.056494,
          -0.74676,
          -0.662689,
          1.380496
        ],
        [
          0.0,
          0.0,
          0.0,
          1.0
        ]
      ]
    },
    {
      "file_path": "/media/NFS/ttao/scannet/posed_images/scene0065_01/00122.jpg",
      "transform_matrix": [
        [
          0.518383,
          0.594034,
          -0.615145,
          2.341425
        ],
        [
          0.852684,
          -0.304488,
          0.424519,
          1.756112
        ],
        [
          0.064874,
          -0.744588,
          -0.664365,
          1.375378
        ],
        [
          0.0,
          0.0,
          0.0,
          1.0
        ]
      ]
    },
    {
      "file_path": "/media/NFS/ttao/scannet/posed_images/scene0065_01/00123.jpg",
      "transform_matrix": [
        [
          0.511854,
          0.595981,
          -0.618718,
          2.338247
        ],
        [
          0.856492,
          -0.298252,
          0.421268,
          1.75142
        ],
        [
          0.066534,
          -0.745555,
          -0.663115,
          1.374015
        ],
        [
          0.0,
          0.0,
          0.0,
          1.0
        ]
      ]
    },
    {
      "file_path": "/media/NFS/ttao/scannet/posed_images/scene0065_01/00126.jpg",
      "transform_matrix": [
        [
          0.500162,
          0.592095,
          -0.631871,
          2.325812
        ],
        [
          0.863199,
          -0.282994,
          0.418092,
          1.736668
        ],
        [
          0.068735,
          -0.754545,
          -0.652639,
          1.371969
        ],
        [
          0.0,
          0.0,
          0.0,
          1.0
        ]
      ]
    },
    {
      "file_path": "/media/NFS/ttao/scannet/posed_images/scene0065_01/00130.jpg",
      "transform_matrix": [
        [
          0.495859,
          0.61685,
          -0.611245,
          2.300792
        ],
        [
          0.863547,
          -0.275916,
          0.422087,
          1.725066
        ],
        [
          0.091712,
          -0.737134,
          -0.669494,
          1.362676
        ],
        [
          0.0,
          0.0,
          0.0,
          1.0
        ]
      ]
    },
    {
      "file_path": "/media/NFS/ttao/scannet/posed_images/scene0065_01/00133.jpg",
      "transform_matrix": [
        [
          0.510159,
          0.616552,
          -0.599668,
          2.287458
        ],
        [
          0.855225,
          -0.289662,
          0.429752,
          1.725166
        ],
        [
          0.091264,
          -0.732092,
          -0.675064,
          1.351778
        ],
        [
          0.0,
          0.0,
          0.0,
          1.0
        ]
      ]
    },
    {
      "file_path": "/media/NFS/ttao/scannet/posed_images/scene0065_01/00134.jpg",
      "transform_matrix": [
        [
          0.51754,
          0.613976,
          -0.595975,
          2.280533
        ],
        [
          0.851036,
          -0.297048,
          0.433012,
          1.726988
        ],
        [
          0.088826,
          -0.731297,
          -0.676251,
          1.349496
        ],
        [
          0.0,
          0.0,
          0.0,
          1.0
        ]
      ]
    },
    {
      "file_path": "/media/NFS/ttao/scannet/posed_images/scene0065_01/00138.jpg",
      "transform_matrix": [
        [
          0.532062,
          0.605123,
          -0.592229,
          2.250161
        ],
        [
          0.843716,
          -0.320191,
          0.430838,
          1.735819
        ],
        [
          0.071084,
          -0.728906,
          -0.680914,
          1.337992
        ],
        [
          0.0,
          0.0,
          0.0,
          1.0
        ]
      ]
    },
    {
      "file_path": "/media/NFS/ttao/scannet/posed_images/scene0065_01/00140.jpg",
      "transform_matrix": [
        [
          0.536069,
          0.602922,
          -0.590859,
          2.237875
        ],
        [
          0.841416,
          -0.325083,
          0.431672,
          1.744931
        ],
        [
          0.068186,
          -0.728565,
          -0.681575,
          1.332183
        ],
        [
          0.0,
          0.0,
          0.0,
          1.0
        ]
      ]
    },
    {
      "file_path": "/media/NFS/ttao/scannet/posed_images/scene0065_01/00143.jpg",
      "transform_matrix": [
        [
          0.543429,
          0.606183,
          -0.580712,
          2.213211
        ],
        [
          0.835866,
          -0.326845,
          0.441021,
          1.755717
        ],
        [
          0.077536,
          -0.725062,
          -0.684305,
          1.325013
        ],
        [
          0.0,
          0.0,
          0.0,
          1.0
        ]
      ]
    },
    {
      "file_path": "/media/NFS/ttao/scannet/posed_images/scene0065_01/00146.jpg",
      "transform_matrix": [
        [
          0.549363,
          0.610861,
          -0.570131,
          2.184758
        ],
        [
          0.831263,
          -0.330241,
          0.447149,
          1.76839
        ],
        [
          0.084865,
          -0.719576,
          -0.689209,
          1.32121
        ],
        [
          0.0,
          0.0,
          0.0,
          1.0
        ]
      ]
    },
    {
      "file_path": "/media/NFS/ttao/scannet/posed_images/scene0065_01/00149.jpg",
      "transform_matrix": [
        [
          0.550826,
          0.620113,
          -0.558614,
          2.153512
        ],
        [
          0.830128,
          -0.337709,
          0.443666,
          1.781202
        ],
        [
          0.086474,
          -0.708105,
          -0.700792,
          1.317027
        ],
        [
          0.0,
          0.0,
          0.0,
          1.0
        ]
      ]
    },
    {
      "file_path": "/media/NFS/ttao/scannet/posed_images/scene0065_01/00154.jpg",
      "transform_matrix": [
        [
          0.537316,
          0.624539,
          -0.566782,
          2.112795
        ],
        [
          0.840498,
          -0.341009,
          0.421042,
          1.792875
        ],
        [
          0.069679,
          -0.702612,
          -0.708154,
          1.30174
        ],
        [
          0.0,
          0.0,
          0.0,
          1.0
        ]
      ]
    },
    {
      "file_path": "/media/NFS/ttao/scannet/posed_images/scene0065_01/00156.jpg",
      "transform_matrix": [
        [
          0.531454,
          0.639251,
          -0.5558,
          2.091682
        ],
        [
          0.843192,
          -0.336368,
          0.419385,
          1.794035
        ],
        [
          0.081139,
          -0.69153,
          -0.717776,
          1.29665
        ],
        [
          0.0,
          0.0,
          0.0,
          1.0
        ]
      ]
    },
    {
      "file_path": "/media/NFS/ttao/scannet/posed_images/scene0065_01/00159.jpg",
      "transform_matrix": [
        [
          0.530041,
          0.645145,
          -0.550313,
          2.076246
        ],
        [
          0.84362,
          -0.335521,
          0.419203,
          1.792665
        ],
        [
          0.085805,
          -0.68645,
          -0.722097,
          1.293123
        ],
        [
          0.0,
          0.0,
          0.0,
          1.0
        ]
      ]
    },
    {
      "file_path": "/media/NFS/ttao/scannet/posed_images/scene0065_01/00161.jpg",
      "transform_matrix": [
        [
          0.53596,
          0.648084,
          -0.541049,
          2.065572
        ],
        [
          0.839716,
          -0.34294,
          0.421034,
          1.793959
        ],
        [
          0.087318,
          -0.679985,
          -0.728009,
          1.292713
        ],
        [
          0.0,
          0.0,
          0.0,
          1.0
        ]
      ]
    },
    {
      "file_path": "/media/NFS/ttao/scannet/posed_images/scene0065_01/00164.jpg",
      "transform_matrix": [
        [
          0.544793,
          0.65162,
          -0.527818,
          2.048932
        ],
        [
          0.83306,
          -0.348519,
          0.429587,
          1.792161
        ],
        [
          0.095973,
          -0.67374,
          -0.73271,
          1.290328
        ],
        [
          0.0,
          0.0,
          0.0,
          1.0
        ]
      ]
    },
    {
      "file_path": "/media/NFS/ttao/scannet/posed_images/scene0065_01/00167.jpg",
      "transform_matrix": [
        [
          0.563662,
          0.652404,
          -0.50661,
          2.035915
        ],
        [
          0.819058,
          -0.362075,
          0.445022,
          1.791787
        ],
        [
          0.106903,
          -0.665786,
          -0.738445,
          1.289044
        ],
        [
          0.0,
          0.0,
          0.0,
          1.0
        ]
      ]
    },
    {
      "file_path": "/media/NFS/ttao/scannet/posed_images/scene0065_01/00171.jpg",
      "transform_matrix": [
        [
          0.605133,
          0.641971,
          -0.470838,
          2.013757
        ],
        [
          0.787178,
          -0.394062,
          0.474412,
          1.794671
        ],
        [
          0.119019,
          -0.657715,
          -0.743805,
          1.292973
        ],
        [
          0.0,
          0.0,
          0.0,
          1.0
        ]
      ]
    },
    {
      "file_path": "/media/NFS/ttao/scannet/posed_images/scene0065_01/00174.jpg",
      "transform_matrix": [
        [
          0.617582,
          0.635408,
          -0.463518,
          1.996427
        ],
        [
          0.778512,
          -0.410054,
          0.475157,
          1.796895
        ],
        [
          0.111851,
          -0.654303,
          -0.747915,
          1.295851
        ],
        [
          0.0,
          0.0,
          0.0,
          1.0
        ]
      ]
    },
    {
      "file_path": "/media/NFS/ttao/scannet/posed_images/scene0065_01/00177.jpg",
      "transform_matrix": [
        [
          0.622492,
          0.627565,
          -0.467617,
          1.9824
        ],
        [
          0.775917,
          -0.416809,
          0.473523,
          1.795542
        ],
        [
          0.10226,
          -0.657596,
          -0.746398,
          1.297377
        ],
        [
          0.0,
          0.0,
          0.0,
          1.0
        ]
      ]
    },
    {
      "file_path": "/media/NFS/ttao/scannet/posed_images/scene0065_01/00179.jpg",
      "transform_matrix": [
        [
          0.626042,
          0.624232,
          -0.467339,
          1.973583
        ],
        [
          0.77325,
          -0.419501,
          0.475504,
          1.794754
        ],
        [
          0.100776,
          -0.659055,
          -0.745312,
          1.30016
        ],
        [
          0.0,
          0.0,
          0.0,
          1.0
        ]
      ]
    },
    {
      "file_path": "/media/NFS/ttao/scannet/posed_images/scene0065_01/00183.jpg",
      "transform_matrix": [
        [
          0.636111,
          0.606634,
          -0.47682,
          1.955052
        ],
        [
          0.765911,
          -0.421541,
          0.485473,
          1.794612
        ],
        [
          0.093505,
          -0.674017,
          -0.732775,
          1.311158
        ],
        [
          0.0,
          0.0,
          0.0,
          1.0
        ]
      ]
    },
    {
      "file_path": "/media/NFS/ttao/scannet/posed_images/scene0065_01/00186.jpg",
      "transform_matrix": [
        [
          0.633698,
          0.591511,
          -0.498539,
          1.949777
        ],
        [
          0.76954,
          -0.416234,
          0.484312,
          1.795358
        ],
        [
          0.078967,
          -0.690553,
          -0.718958,
          1.317709
        ],
        [
          0.0,
          0.0,
          0.0,
          1.0
        ]
      ]
    },
    {
      "file_path": "/media/NFS/ttao/scannet/posed_images/scene0065_01/00189.jpg",
      "transform_matrix": [
        [
          0.626876,
          0.586412,
          -0.512979,
          1.945167
        ],
        [
          0.775656,
          -0.40772,
          0.48179,
          1.795917
        ],
        [
          0.073376,
          -0.699918,
          -0.710444,
          1.324098
        ],
        [
          0.0,
          0.0,
          0.0,
          1.0
        ]
      ]
    },
    {
      "file_path": "/media/NFS/ttao/scannet/posed_images/scene0065_01/00192.jpg",
      "transform_matrix": [
        [
          0.611983,
          0.579866,
          -0.537803,
          1.948588
        ],
        [
          0.78886,
          -0.399098,
          0.467355,
          1.802968
        ],
        [
          0.056367,
          -0.710264,
          -0.701675,
          1.334199
        ],
        [
          0.0,
          0.0,
          0.0,
          1.0
        ]
      ]
    },
    {
      "file_path": "/media/NFS/ttao/scannet/posed_images/scene0065_01/00195.jpg",
      "transform_matrix": [
        [
          0.588875,
          0.572313,
          -0.570687,
          1.947174
        ],
        [
          0.807443,
          -0.385556,
          0.446522,
          1.801851
        ],
        [
          0.035519,
          -0.723743,
          -0.689155,
          1.342582
        ],
        [
          0.0,
          0.0,
          0.0,
          1.0
        ]
      ]
    },
    {
      "file_path": "/media/NFS/ttao/scannet/posed_images/scene0065_01/00196.jpg",
      "transform_matrix": [
        [
          0.579228,
          0.570011,
          -0.582736,
          1.946708
        ],
        [
          0.81474,
          -0.381722,
          0.436448,
          1.80117
        ],
        [
          0.026337,
          -0.727581,
          -0.685516,
          1.346265
        ],
        [
          0.0,
          0.0,
          0.0,
          1.0
        ]
      ]
    },
    {
      "file_path": "/media/NFS/ttao/scannet/posed_images/scene0065_01/00200.jpg",
      "transform_matrix": [
        [
          0.533413,
          0.56811,
          -0.626675,
          1.957373
        ],
        [
          0.845854,
          -0.359438,
          0.394126,
          1.799535
        ],
        [
          -0.001344,
          -0.740307,
          -0.672267,
          1.358328
        ],
        [
          0.0,
          0.0,
          0.0,
          1.0
        ]
      ]
    },
    {
      "file_path": "/media/NFS/ttao/scannet/posed_images/scene0065_01/00203.jpg",
      "transform_matrix": [
        [
          0.498255,
          0.566272,
          -0.656565,
          1.96551
        ],
        [
          0.866868,
          -0.340023,
          0.364588,
          1.79537
        ],
        [
          -0.016791,
          -0.750813,
          -0.660301,
          1.365303
        ],
        [
          0.0,
          0.0,
          0.0,
          1.0
        ]
      ]
    },
    {
      "file_path": "/media/NFS/ttao/scannet/posed_images/scene0065_01/00205.jpg",
      "transform_matrix": [
        [
          0.466891,
          0.561825,
          -0.682909,
          1.971935
        ],
        [
          0.883857,
          -0.321326,
          0.339922,
          1.794446
        ],
        [
          -0.02846,
          -0.7623,
          -0.646597,
          1.370011
        ],
        [
          0.0,
          0.0,
          0.0,
          1.0
        ]
      ]
    },
    {
      "file_path": "/media/NFS/ttao/scannet/posed_images/scene0065_01/00208.jpg",
      "transform_matrix": [
        [
          0.40798,
          0.5634,
          -0.718423,
          1.980815
        ],
        [
          0.912192,
          -0.284446,
          0.294951,
          1.789126
        ],
        [
          -0.038177,
          -0.775674,
          -0.629977,
          1.376662
        ],
        [
          0.0,
          0.0,
          0.0,
          1.0
        ]
      ]
    },
    {
      "file_path": "/media/NFS/ttao/scannet/posed_images/scene0065_01/00212.jpg",
      "transform_matrix": [
        [
          0.350773,
          0.577266,
          -0.737376,
          1.990609
        ],
        [
          0.93614,
          -0.236748,
          0.259984,
          1.784348
        ],
        [
          -0.024493,
          -0.781482,
          -0.623446,
          1.382289
        ],
        [
          0.0,
          0.0,
          0.0,
          1.0
        ]
      ]
    },
    {
      "file_path": "/media/NFS/ttao/scannet/posed_images/scene0065_01/00214.jpg",
      "transform_matrix": [
        [
          0.32178,
          0.585957,
          -0.743715,
          1.997205
        ],
        [
          0.946732,
          -0.209474,
          0.244578,
          1.783788
        ],
        [
          -0.012477,
          -0.7828,
          -0.622149,
          1.384966
        ],
        [
          0.0,
          0.0,
          0.0,
          1.0
        ]
      ]
    },
    {
      "file_path": "/media/NFS/ttao/scannet/posed_images/scene0065_01/00218.jpg",
      "transform_matrix": [
        [
          0.249471,
          0.585561,
          -0.771286,
          2.007756
        ],
        [
          0.968304,
          -0.160989,
          0.190973,
          1.776722
        ],
        [
          -0.012342,
          -0.794481,
          -0.607163,
          1.391133
        ],
        [
          0.0,
          0.0,
          0.0,
          1.0
        ]
      ]
    },
    {
      "file_path": "/media/NFS/ttao/scannet/posed_images/scene0065_01/00221.jpg",
      "transform_matrix": [
        [
          0.183407,
          0.583685,
          -0.790996,
          2.017488
        ],
        [
          0.982704,
          -0.12981,
          0.13207,
          1.776537
        ],
        [
          -0.025591,
          -0.801537,
          -0.597397,
          1.394552
        ],
        [
          0.0,
          0.0,
          0.0,
          1.0
        ]
      ]
    },
    {
      "file_path": "/media/NFS/ttao/scannet/posed_images/scene0065_01/00222.jpg",
      "transform_matrix": [
        [
          0.163574,
          0.580978,
          -0.797313,
          2.020365
        ],
        [
          0.986112,
          -0.119843,
          0.114981,
          1.774133
        ],
        [
          -0.028751,
          -0.805048,
          -0.592513,
          1.394174
        ],
        [
          0.0,
          0.0,
          0.0,
          1.0
        ]
      ]
    },
    {
      "file_path": "/media/NFS/ttao/scannet/posed_images/scene0065_01/00227.jpg",
      "transform_matrix": [
        [
          0.091944,
          0.569757,
          -0.816654,
          2.041869
        ],
        [
          0.99476,
          -0.089379,
          0.049639,
          1.768673
        ],
        [
          -0.04471,
          -0.816938,
          -0.574989,
          1.389649
        ],
        [
          0.0,
          0.0,
          0.0,
