{
  "frames": [
    {
      "file_path": "/media/NFS/ttao/scannet/posed_images/scene0154_00/00001.jpg",
      "transform_matrix": [
        [
          -0.387201,
          -0.298257,
          0.872421,
          2.08001
        ],
        [
          -0.919947,
          0.188025,
          -0.344013,
          4.010775
        ],
        [
          -0.061432,
          -0.935783,
          -0.347183,
          1.842824
        ],
        [
          0.0,
          0.0,
          0.0,
          1.0
        ]
      ]
    },
    {
      "file_path": "/media/NFS/ttao/scannet/posed_images/scene0154_00/00002.jpg",
      "transform_matrix": [
        [
          -0.386299,
          -0.298688,
          0.872673,
          2.08048
        ],
        [
          -0.920393,
          0.186791,
          -0.343491,
          4.009937
        ],
        [
          -0.060411,
          -0.935893,
          -0.347067,
          1.840847
        ],
        [
          0.0,
          0.0,
          0.0,
          1.0
        ]
      ]
    },
    {
      "file_path": "/media/NFS/ttao/scannet/posed_images/scene0154_00/00004.jpg",
      "transform_matrix": [
        [
          -0.383122,
          -0.307436,
          0.871034,
          2.080896
        ],
        [
          -0.921947,
          0.185316,
          -0.340108,
          4.009106
        ],
        [
          -0.056855,
          -0.933349,
          -0.354438,
          1.847586
        ],
        [
          0.0,
          0.0,
          0.0,
          1.0
        ]
      ]
    },
    {
      "file_path": "/media/NFS/ttao/scannet/posed_images/scene0154_00/00007.jpg",
      "transform_matrix": [
        [
          -0.378232,
          -0.316077,
          0.870078,
          2.078397
        ],
        [
          -0.924228,
          0.182122,
          -0.335612,
          4.009841
        ],
        [
          -0.052381,
          -0.931089,
          -0.361012,
          1.834162
        ],
        [
          0.0,
          0.0,
          0.0,
          1.0
        ]
      ]
    },
    {
      "file_path": "/media/NFS/ttao/scannet/posed_images/scene0154_00/00009.jpg",
      "transform_matrix": [
        [
          -0.376594,
          -0.325714,
          0.867229,
          2.082613
        ],
        [
          -0.924884,
          0.185353,
          -0.332016,
          4.009402
        ],
        [
          -0.052601,
          -0.927122,
          -0.371051,
          1.837637
        ],
        [
          0.0,
          0.0,
          0.0,
          1.0
        ]
      ]
    },
    {
      "file_path": "/media/NFS/ttao/scannet/posed_images/scene0154_00/00011.jpg",
      "transform_matrix": [
        [
          -0.366286,
          -0.32643,
          0.871366,
          2.071616
        ],
        [
          -0.928657,
          0.187202,
          -0.320239,
          3.990099
        ],
        [
          -0.058586,
          -0.926498,
          -0.371711,
          1.817787
        ],
        [
          0.0,
          0.0,
          0.0,
          1.0
        ]
      ]
    },
    {
      "file_path": "/media/NFS/ttao/scannet/posed_images/scene0154_00/00015.jpg",
      "transform_matrix": [
        [
          -0.344887,
          -0.336563,
          0.876229,
          2.07809
        ],
        [
          -0.936409,
          0.18776,
          -0.296454,
          3.978467
        ],
        [
          -0.064745,
          -0.922752,
          -0.379917,
          1.809578
        ],
        [
          0.0,
          0.0,
          0.0,
          1.0
        ]
      ]
    },
    {
      "file_path": "/media/NFS/ttao/scannet/posed_images/scene0154_00/00017.jpg",
      "transform_matrix": [
        [
          -0.336172,
          -0.337815,
          0.87913,
          2.082144
        ],
        [
          -0.939398,
          0.186912,
          -0.287395,
          3.970573
        ],
        [
          -0.067233,
          -0.922467,
          -0.380177,
          1.807557
        ],
        [
          0.0,
          0.0,
          0.0,
          1.0
        ]
      ]
    },
    {
      "file_path": "/media/NFS/ttao/scannet/posed_images/scene0154_00/00018.jpg",
      "transform_matrix": [
        [
          -0.334112,
          -0.339762,
          0.879165,
          2.083483
        ],
        [
          -0.94023,
          0.185323,
          -0.285699,
          3.969105
        ],
        [
          -0.06586,
          -0.922072,
          -0.381373,
          1.804818
        ],
        [
          0.0,
          0.0,
          0.0,
          1.0
        ]
      ]
    },
    {
      "file_path": "/media/NFS/ttao/scannet/posed_images/scene0154_00/00021.jpg",
      "transform_matrix": [
        [
          -0.317663,
          -0.360372,
          0.877053,
          2.094616
        ],
        [
          -0.946501,
          0.175923,
          -0.270531,
          3.944569
        ],
        [
          -0.056802,
          -0.916069,
          -0.396977,
          1.80601
        ],
        [
          0.0,
          0.0,
          0.0,
          1.0
        ]
      ]
    },
    {
      "file_path": "/media/NFS/ttao/scannet/posed_images/scene0154_00/00025.jpg",
      "transform_matrix": [
        [
          -0.286631,
          -0.376882,
          0.880796,
          2.111073
        ],
        [
          -0.956815,
          0.159121,
          -0.243283,
          3.922738
        ],
        [
          -0.048464,
          -0.912491,
          -0.406215,
          1.796276
        ],
        [
          0.0,
          0.0,
          0.0,
          1.0
        ]
      ]
    },
    {
      "file_path": "/media/NFS/ttao/scannet/posed_images/scene0154_00/00026.jpg",
      "transform_matrix": [
        [
          -0.282953,
          -0.379092,
          0.881037,
          2.109822
        ],
        [
          -0.958065,
          0.155064,
          -0.24097,
          3.919672
        ],
        [
          -0.045267,
          -0.912274,
          -0.407071,
          1.786883
        ],
        [
          0.0,
          0.0,
          0.0,
          1.0
        ]
      ]
    },
    {
      "file_path": "/media/NFS/ttao/scannet/posed_images/scene0154_00/00028.jpg",
      "transform_matrix": [
        [
          -0.282291,
          -0.386795,
          0.877896,
          2.133744
        ],
        [
          -0.958673,
          0.147577,
          -0.243244,
          3.915485
        ],
        [
          -0.035472,
          -0.91028,
          -0.41247,
          1.777188
        ],
        [
          0.0,
          0.0,
          0.0,
          1.0
        ]
      ]
    },
    {
      "file_path": "/media/NFS/ttao/scannet/posed_images/scene0154_00/00032.jpg",
      "transform_matrix": [
        [
          -0.247293,
          -0.387503,
          0.888081,
          2.147229
        ],
        [
          -0.968076,
          0.137526,
          -0.20956,
          3.892268
        ],
        [
          -0.040929,
          -0.911552,
          -0.409142,
          1.738718
        ],
        [
          0.0,
          0.0,
          0.0,
          1.0
        ]
      ]
    },
    {
      "file_path": "/media/NFS/ttao/scannet/posed_images/scene0154_00/00033.jpg",
      "transform_matrix": [
        [
          -0.241426,
          -0.385658,
          0.890495,
          2.152083
        ],
        [
          -0.969386,
          0.138178,
          -0.202972,
          3.887223
        ],
        [
          -0.044769,
          -0.912236,
          -0.407211,
          1.720454
        ],
        [
          0.0,
          0.0,
          0.0,
          1.0
        ]
      ]
    },
    {
      "file_path": "/media/NFS/ttao/scannet/posed_images/scene0154_00/00036.jpg",
      "transform_matrix": [
        [
          -0.233795,
          -0.409881,
          0.881667,
          2.186666
        ],
        [
          -0.970127,
          0.158743,
          -0.183454,
          3.868797
        ],
        [
          -0.064764,
          -0.898219,
          -0.43475,
          1.724025
        ],
        [
          0.0,
          0.0,
          0.0,
          1.0
        ]
      ]
    },
    {
      "file_path": "/media/NFS/ttao/scannet/posed_images/scene0154_00/00037.jpg",
      "transform_matrix": [
        [
          -0.235676,
          -0.412141,
          0.880112,
          2.199085
        ],
        [
          -0.969388,
          0.163875,
          -0.182843,
          3.86304
        ],
        [
          -0.068872,
          -0.896262,
          -0.438146,
          1.72977
        ],
        [
          0.0,
          0.0,
          0.0,
          1.0
        ]
      ]
    },
    {
      "file_path": "/media/NFS/ttao/scannet/posed_images/scene0154_00/00040.jpg",
      "transform_matrix": [
        [
          -0.25775,
          -0.403796,
          0.877789,
          2.240854
        ],
        [
          -0.964109,
          0.167389,
          -0.206095,
          3.856706
        ],
        [
          -0.063712,
          -0.899405,
          -0.432448,
          1.735759
        ],
        [
          0.0,
          0.0,
          0.0,
          1.0
        ]
      ]
    },
    {
      "file_path": "/media/NFS/ttao/scannet/posed_images/scene0154_00/00042.jpg",
      "transform_matrix": [
        [
          -0.271459,
          -0.411395,
          0.870094,
          2.260475
        ],
        [
          -0.960664,
          0.170878,
          -0.218922,
          3.85569
        ],
        [
          -0.058616,
          -0.895296,
          -0.441598,
          1.722931
        ],
        [
          0.0,
          0.0,
          0.0,
          1.0
        ]
      ]
    },
    {
      "file_path": "/media/NFS/ttao/scannet/posed_images/scene0154_00/00046.jpg",
      "transform_matrix": [
        [
          -0.282582,
          -0.415415,
          0.864626,
          2.303531
        ],
        [
          -0.958535,
          0.156929,
          -0.237876,
          3.844614
        ],
        [
          -0.036868,
          -0.895993,
          -0.442535,
          1.701232
        ],
        [
          0.0,
          0.0,
          0.0,
          1.0
        ]
      ]
    },
    {
      "file_path": "/media/NFS/ttao/scannet/posed_images/scene0154_00/00048.jpg",
      "transform_matrix": [
        [
          -0.285541,
          -0.442745,
          0.849967,
          2.326635
        ],
        [
          -0.958276,
          0.144112,
          -0.246859,
          3.838609
        ],
        [
          -0.013195,
          -0.884991,
          -0.465421,
          1.699458
        ],
        [
          0.0,
          0.0,
          0.0,
          1.0
        ]
      ]
    },
    {
      "file_path": "/media/NFS/ttao/scannet/posed_images/scene0154_00/00050.jpg",
      "transform_matrix": [
        [
          -0.28741,
          -0.453335,
          0.843732,
          2.358537
        ],
        [
          -0.957802,
          0.139106,
          -0.251525,
          3.831244
        ],
        [
          -0.003343,
          -0.880419,
          -0.474185,
          1.705867
        ],
        [
          0.0,
          0.0,
          0.0,
          1.0
        ]
      ]
    },
    {
      "file_path": "/media/NFS/ttao/scannet/posed_images/scene0154_00/00052.jpg",
      "transform_matrix": [
        [
          -0.270231,
          -0.457176,
          0.847328,
          2.382667
        ],
        [
          -0.962794,
          0.129862,
          -0.236988,
          3.814665
        ],
        [
          -0.00169,
          -0.879844,
          -0.475259,
          1.709743
        ],
        [
          0.0,
          0.0,
          0.0,
          1.0
        ]
      ]
    },
    {
      "file_path": "/media/NFS/ttao/scannet/posed_images/scene0154_00/00055.jpg",
      "transform_matrix": [
        [
          -0.237239,
          -0.439278,
          0.86646,
          2.40721
        ],
        [
          -0.971433,
          0.112822,
          -0.208783,
          3.78543
        ],
        [
          -0.006042,
          -0.891238,
          -0.453495,
          1.69718
        ],
        [
          0.0,
          0.0,
          0.0,
          1.0
        ]
      ]
    },
    {
      "file_path": "/media/NFS/ttao/scannet/posed_images/scene0154_00/00056.jpg",
      "transform_matrix": [
        [
          -0.224355,
          -0.435927,
          0.871569,
          2.415651
        ],
        [
          -0.974479,
          0.107222,
          -0.197216,
          3.774603
        ],
        [
          -0.00748,
          -0.893572,
          -0.448857,
          1.689607
        ],
        [
          0.0,
          0.0,
          0.0,
          1.0
        ]
      ]
    },
    {
      "file_path": "/media/NFS/ttao/scannet/posed_images/scene0154_00/00059.jpg",
      "transform_matrix": [
        [
          -0.175597,
          -0.456535,
          0.872205,
          2.436377
        ],
        [
          -0.98432,
          0.096475,
          -0.147671,
          3.740932
        ],
        [
          -0.016729,
          -0.884459,
          -0.466317,
          1.640372
        ],
        [
          0.0,
          0.0,
          0.0,
          1.0
        ]
      ]
    },
    {
      "file_path": "/media/NFS/ttao/scannet/posed_images/scene0154_00/00061.jpg",
      "transform_matrix": [
        [
          -0.130009,
          -0.469002,
          0.873576,
          2.456516
        ],
        [
          -0.990674,
          0.097688,
          -0.094989,
          3.688019
        ],
        [
          -0.040788,
          -0.877778,
          -0.477329,
          1.616493
        ],
        [
          0.0,
          0.0,
          0.0,
          1.0
        ]
      ]
    },
    {
      "file_path": "/media/NFS/ttao/scannet/posed_images/scene0154_00/00065.jpg",
      "transform_matrix": [
        [
          -0.063874,
          -0.425789,
          0.902565,
          2.508248
        ],
        [
          -0.997574,
          0.052341,
          -0.045905,
          3.637094
        ],
        [
          -0.027695,
          -0.903307,
          -0.428099,
          1.585411
        ],
        [
          0.0,
          0.0,
          0.0,
          1.0
        ]
      ]
    },
    {
      "file_path": "/media/NFS/ttao/scannet/posed_images/scene0154_00/00067.jpg",
      "transform_matrix": [
        [
          -0.051826,
          -0.425727,
          0.903366,
          2.531006
        ],
        [
          -0.998582,
          0.033138,
          -0.041672,
          3.615092
        ],
        [
          -0.012195,
          -0.904245,
          -0.42684,
          1.570986
        ],
        [
          0.0,
          0.0,
          0.0,
          1.0
        ]
      ]
    },
    {
      "file_path": "/media/NFS/ttao/scannet/posed_images/scene0154_00/00070.jpg",
      "transform_matrix": [
        [
          -0.037169,
          -0.456231,
          0.889084,
          2.553492
        ],
        [
          -0.999183,
          0.031127,
          -0.025799,
          3.586447
        ],
        [
          -0.015904,
          -0.889317,
          -0.457015,
          1.537099
        ],
        [
          0.0,
          0.0,
          0.0,
          1.0
        ]
      ]
    },
    {
      "file_path": "/media/NFS/ttao/scannet/posed_images/scene0154_00/00072.jpg",
      "transform_matrix": [
        [
          -0.037754,
          -0.463835,
          0.885117,
          2.579307
        ],
        [
          -0.999068,
          0.036057,
          -0.02372,
          3.572818
        ],
        [
          -0.020912,
          -0.885187,
          -0.464765,
          1.525136
        ],
        [
          0.0,
          0.0,
          0.0,
          1.0
        ]
      ]
    },
    {
      "file_path": "/media/NFS/ttao/scannet/posed_images/scene0154_00/00073.jpg",
      "transform_matrix": [
        [
          -0.035021,
          -0.462469,
          0.885943,
          2.594403
        ],
        [
          -0.99923,
          0.03192,
          -0.022836,
          3.563802
        ],
        [
          -0.017718,
          -0.88606,
          -0.463231,
          1.513167
        ],
        [
          0.0,
          0.0,
          0.0,
          1.0
        ]
      ]
    },
    {
      "file_path": "/media/NFS/ttao/scannet/posed_images/scene0154_00/00075.jpg",
      "transform_matrix": [
        [
          -0.033793,
          -0.466256,
          0.884004,
          2.625546
        ],
        [
          -0.999408,
          0.021496,
          -0.026867,
          3.54945
        ],
        [
          -0.006476,
          -0.884389,
          -0.466707,
          1.501158
        ],
        [
          0.0,
          0.0,
          0.0,
          1.0
        ]
      ]
    },
    {
      "file_path": "/media/NFS/ttao/scannet/posed_images/scene0154_00/00079.jpg",
      "transform_matrix": [
        [
          -0.048731,
          -0.415,
          0.908515,
          2.684424
        ],
        [
          -0.998209,
          -0.011357,
          -0.05873,
          3.53556
        ],
        [
          0.034691,
          -0.90975,
          -0.413704,
          1.45649
        ],
        [
          0.0,
          0.0,
          0.0,
          1.0
        ]
      ]
    },
    {
      "file_path": "/media/NFS/ttao/scannet/posed_images/scene0154_00/00080.jpg",
      "transform_matrix": [
        [
          -0.050841,
          -0.42119,
          0.905546,
          2.702976
        ],
        [
          -0.998103,
          -0.010103,
          -0.060736,
          3.53317
        ],
        [
          0.03473,
          -0.906916,
          -0.419877,
          1.46354
        ],
        [
          0.0,
          0.0,
          0.0,
          1.0
        ]
      ]
    },
    {
      "file_path": "/media/NFS/ttao/scannet/posed_images/scene0154_00/00082.jpg",
      "transform_matrix": [
        [
          -0.046927,
          -0.395179,
          0.917405,
          2.732469
        ],
        [
          -0.998532,
          -0.006321,
          -0.053799,
          3.525287
        ],
        [
          0.027059,
          -0.918582,
          -0.394302,
          1.447028
        ],
        [
          0.0,
          0.0,
          0.0,
          1.0
        ]
      ]
    },
    {
      "file_path": "/media/NFS/ttao/scannet/posed_images/scene0154_00/00086.jpg",
      "transform_matrix": [
        [
          -0.070203,
          -0.401394,
          0.913211,
          2.796853
        ],
        [
          -0.997531,
          0.026406,
          -0.065079,
          3.495904
        ],
        [
          0.002008,
          -0.915525,
          -0.402257,
          1.439664
        ],
        [
          0.0,
          0.0,
          0.0,
          1.0
        ]
      ]
    },
    {
      "file_path": "/media/NFS/ttao/scannet/posed_images/scene0154_00/00087.jpg",
      "transform_matrix": [
        [
          -0.074782,
          -0.397266,
          0.914651,
          2.813916
        ],
        [
          -0.997196,
          0.027337,
          -0.069658,
          3.489403
        ],
        [
          0.002669,
          -0.917296,
          -0.398196,
          1.442335
        ],
        [
          0.0,
          0.0,
          0.0,
          1.0
        ]
      ]
    },
    {
      "file_path": "/media/NFS/ttao/scannet/posed_images/scene0154_00/00090.jpg",
      "transform_matrix": [
        [
          -0.123844,
          -0.39176,
          0.911694,
          2.864195
        ],
        [
          -0.992108,
          0.030717,
          -0.121568,
          3.494349
        ],
        [
          0.019621,
          -0.919554,
          -0.392473,
          1.437592
        ],
        [
          0.0,
          0.0,
          0.0,
          1.0
        ]
      ]
    },
    {
      "file_path": "/media/NFS/ttao/scannet/posed_images/scene0154_00/00093.jpg",
      "transform_matrix": [
        [
          -0.168004,
          -0.386692,
          0.906777,
          2.909209
        ],
        [
          -0.985443,
          0.041591,
          -0.164842,
          3.467536
        ],
        [
          0.026029,
          -0.921271,
          -0.38805,
          1.434927
        ],
        [
          0.0,
          0.0,
          0.0,
          1.0
        ]
      ]
    },
    {
      "file_path": "/media/NFS/ttao/scannet/posed_images/scene0154_00/00095.jpg",
      "transform_matrix": [
        [
          -0.173298,
          -0.373638,
          0.911242,
          2.933132
        ],
        [
          -0.984604,
          0.04424,
          -0.16911,
          3.447419
        ],
        [
          0.022873,
          -0.926519,
          -0.375552,
          1.422437
        ],
        [
          0.0,
          0.0,
          0.0,
          1.0
        ]
      ]
    },
    {
      "file_path": "/media/NFS/ttao/scannet/posed_images/scene0154_00/00097.jpg",
      "transform_matrix": [
        [
          -0.160037,
          -0.38166,
          0.910343,
          2.962283
        ],
        [
          -0.986812,
          0.039164,
          -0.157061,
          3.425473
        ],
        [
          0.024292,
          -0.923473,
          -0.382895,
          1.424843
        ],
        [
          0.0,
          0.0,
          0.0,
          1.0
        ]
      ]
    },
    {
      "file_path": "/media/NFS/ttao/scannet/posed_images/scene0154_00/00100.jpg",
      "transform_matrix": [
        [
          -0.145965,
          -0.348434,
          0.925899,
          3.006105
        ],
        [
          -0.989001,
          0.028782,
          -0.145082,
          3.407632
        ],
        [
          0.023902,
          -0.936891,
          -0.348802,
          1.433459
        ],
        [
          0.0,
          0.0,
          0.0,
          1.0
        ]
      ]
    },
    {
      "file_path": "/media/NFS/ttao/scannet/posed_images/scene0154_00/00102.jpg",
      "transform_matrix": [
        [
          -0.118452,
          -0.354868,
          0.927382,
          3.043144
        ],
        [
          -0.992725,
          0.021991,
          -0.118383,
          3.369687
        ],
        [
          0.021616,
          -0.934658,
          -0.354891,
          1.429504
        ],
        [
          0.0,
          0.0,
          0.0,
          1.0
        ]
      ]
    },
    {
      "file_path": "/media/NFS/ttao/scannet/posed_images/scene0154_00/00104.jpg",
      "transform_matrix": [
        [
          -0.123095,
          -0.365047,
          0.922816,
          3.06374
        ],
        [
          -0.992305,
          0.032738,
          -0.119413,
          3.35659
        ],
        [
          0.013381,
          -0.930413,
          -0.366268,
          1.443619
        ],
        [
          0.0,
          0.0,
          0.0,
          1.0
        ]
      ]
    },
    {
      "file_path": "/media/NFS/ttao/scannet/posed_images/scene0154_00/00107.jpg",
      "transform_matrix": [
        [
          -0.168407,
          -0.330966,
          0.928494,
          3.083689
        ],
        [
          -0.985717,
          0.055449,
          -0.15902,
          3.338455
        ],
        [
          0.001146,
          -0.942012,
          -0.335577,
          1.447164
        ],
        [
          0.0,
          0.0,
          0.0,
          1.0
        ]
      ]
    },
    {
      "file_path": "/media/NFS/ttao/scannet/posed_images/scene0154_00/00110.jpg",
      "transform_matrix": [
        [
          -0.197197,
          -0.346312,
          0.917159,
          3.102801
        ],
        [
          -0.98029,
          0.058163,
          -0.188809,
          3.34875
        ],
        [
          0.012042,
          -0.936315,
          -0.350956,
          1.441229
        ],
        [
          0.0,
          0.0,
          0.0,
          1.0
        ]
      ]
    },
    {
      "file_path": "/media/NFS/ttao/scannet/posed_images/scene0154_00/00111.jpg",
      "transform_matrix": [
        [
          -0.203658,
          -0.350795,
          0.914038,
          3.107922
        ],
        [
          -0.978975,
          0.062037,
          -0.194318,
          3.342801
        ],
        [
          0.011461,
          -0.934395,
          -0.356054,
          1.444798
        ],
        [
          0.0,
          0.0,
          0.0,
          1.0
        ]
      ]
    },
    {
      "file_path": "/media/NFS/ttao/scannet/posed_images/scene0154_00/00115.jpg",
      "transform_matrix": [
        [
          -0.24117,
          -0.335846,
          0.910519,
          3.123948
        ],
        [
          -0.970471,
          0.078803,
          -0.227983,
          3.337573
        ],
        [
          0.004816,
          -0.938615,
          -0.344934,
          1.442892
        ],
        [
          0.0,
          0.0,
          0.0,
          1.0
        ]
      ]
    },
    {
      "file_path": "/media/NFS/ttao/scannet/posed_images/scene0154_00/00116.jpg",
      "transform_matrix": [
        [
          -0.246687,
          -0.335719,
          0.909086,
          3.126881
        ],
        [
          -0.969066,
          0.078103,
          -0.234119,
          3.338131
        ],
        [
          0.007596,
          -0.938718,
          -0.344601,
          1.440403
        ],
        [
          0.0,
          0.0,
          0.0,
          1.0
        ]
      ]
    },
    {
      "file_path": "/media/NFS/ttao/scannet/posed_images/scene0154_00/00119.jpg",
      "transform_matrix": [
        [
          -0.258046,
          -0.351308,
          0.899997,
          3.139344
        ],
        [
          -0.965989,
          0.077745,
          -0.24662,
          3.336543
        ],
        [
          0.016669,
          -0.933026,
          -0.359421,
          1.439664
        ],
        [
          0.0,
          0.0,
          0.0,
          1.0
        ]
      ]
    },
    {
      "file_path": "/media/NFS/ttao/scannet/posed_images/scene0154_00/00120.jpg",
      "transform_matrix": [
        [
          -0.265281,
          -0.350984,
          0.898018,
          3.144055
        ],
        [
          -0.964028,
          0.08047,
          -0.253329,
          3.347817
        ],
        [
          0.016651,
          -0.932917,
          -0.359705,
          1.440035
        ],
        [
          0.0,
          0.0,
          0.0,
          1.0
        ]
      ]
    },
    {
      "file_path": "/media/NFS/ttao/scannet/posed_images/scene0154_00/00124.jpg",
      "transform_matrix": [
        [
          -0.276901,
          -0.328066,
          0.90316,
          3.161042
        ],
        [
          -0.96089,
          0.090558,
          -0.261706,
          3.347114
        ],
        [
          0.004068,
          -0.940304,
          -0.340311,
          1.448497
        ],
        [
          0.0,
          0.0,
          0.0,
          1.0
        ]
      ]
    },
    {
      "file_path": "/media/NFS/ttao/scannet/posed_images/scene0154_00/00125.jpg",
      "transform_matrix": [
        [
          -0.280469,
          -0.326843,
          0.902502,
          3.164956
        ],
        [
          -0.959843,
          0.089376,
          -0.265921,
          3.347512
        ],
        [
          0.006252,
          -0.940843,
          -0.338785,
          1.449043
        ],
        [
          0.0,
          0.0,
          0.0,
          1.0
        ]
      ]
    },
    {
      "file_path": "/media/NFS/ttao/scannet/posed_images/scene0154_00/00127.jpg",
      "transform_matrix": [
        [
          -0.28834,
          -0.329386,
          0.899091,
          3.170161
        ],
        [
          -0.957422,
          0.085201,
          -0.275833,
          3.348363
        ],
        [
          0.014252,
          -0.940343,
          -0.339929,
          1.451015
        ],
        [
          0.0,
          0.0,
          0.0,
          1.0
        ]
      ]
    },
    {
      "file_path": "/media/NFS/ttao/scannet/posed_images/scene0154_00/00131.jpg",
      "transform_matrix": [
        [
          -0.317436,
          -0.32664,
          0.890247,
          3.181904
        ],
        [
          -0.948155,
          0.094099,
          -0.303559,
          3.354851
        ],
        [
          0.015383,
          -0.940453,
          -0.339576,
          1.454474
        ],
        [
          0.0,
          0.0,
          0.0,
          1.0
        ]
      ]
    },
    {
      "file_path": "/media/NFS/ttao/scannet/posed_images/scene0154_00/00133.jpg",
      "transform_matrix": [
        [
          -0.328575,
          -0.321497,
          0.888076,
          3.184568
        ],
        [
          -0.944434,
          0.102739,
          -0.312233,
          3.357629
        ],
        [
          0.009142,
          -0.941321,
          -0.337389,
          1.455181
        ],
        [
          0.0,
          0.0,
          0.0,
          1.0
        ]
      ]
    },
    {
      "file_path": "/media/NFS/ttao/scannet/posed_images/scene0154_00/00135.jpg",
      "transform_matrix": [
        [
          -0.335244,
          -0.316249,
          0.887467,
          3.186704
        ],
        [
          -0.942103,
          0.10519,
          -0.318399,
          3.35719
        ],
        [
          0.007341,
          -0.942826,
          -0.333203,
          1.456074
        ],
        [
          0.0,
          0.0,
          0.0,
          1.0
        ]
      ]
    },
    {
      "file_path": "/media/NFS/ttao/scannet/posed_images/scene0154_00/00137.jpg",
      "transform_matrix": [
        [
          -0.343274,
          -0.322124,
          0.882269,
          3.18931
        ],
        [
          -0.939088,
          0.101046,
          -0.328488,
          3.357549
        ],
        [
          0.016664,
          -0.94129,
          -0.337189,
          1.456027
        ],
        [
          0.0,
          0.0,
          0.0,
          1.0
        ]
      ]
    },
    {
      "file_path": "/media/NFS/ttao/scannet/posed_images/scene0154_00/00141.jpg",
      "transform_matrix": [
        [
          -0.366289,
          -0.352025,
          0.861343,
          3.195952
        ],
        [
          -0.929873,
          0.104466,
          -0.352737,
          3.362511
        ],
        [
          0.034191,
          -0.930142,
          -0.365603,
          1.461765
        ],
        [
          0.0,
          0.0,
          0.0,
          1.0
        ]
      ]
    },
    {
      "file_path": "/media/NFS/ttao/scannet/posed_images/scene0154_00/00143.jpg",
      "transform_matrix": [
        [
          -0.37028,
          -0.358862,
          0.856803,
          3.20218
        ],
        [
          -0.928263,
          0.108241,
          -0.355827,
          3.362377
        ],
        [
          0.034951,
          -0.927093,
          -0.373197,
          1.473341
        ],
        [
          0.0,
          0.0,
          0.0,
          1.0
        ]
      ]
    },
    {
      "file_path": "/media/NFS/ttao/scannet/posed_images/scene0154_00/00144.jpg",
      "transform_matrix": [
        [
          -0.372483,
          -0.36122,
          0.854855,
          3.206364
        ],
        [
          -0.927382,
          0.110225,
          -0.357509,
          3.360847
        ],
        [
          0.034913,
          -0.925943,
          -0.376045,
          1.480901
        ],
        [
          0.0,
          0.0,
          0.0,
          1.0
        ]
      ]
    },
    {
      "file_path": "/media/NFS/ttao/scannet/posed_images/scene0154_00/00146.jpg",
      "transform_matrix": [
        [
          -0.376257,
          -0.365327,
          0.85145,
          3.212416
        ],
        [
          -0.925646,
          0.108404,
          -0.362531,
          3.356957
        ],
        [
          0.040142,
          -0.924546,
          -0.378951,
          1.495924
        ],
        [
          0.0,
          0.0,
          0.0,
          1.0
        ]
      ]
    },
    {
      "file_path": "/media/NFS/ttao/scannet/posed_images/scene0154_00/00150.jpg",
      "transform_matrix": [
        [
          -0.391298,
          -0.366574,
          0.844103,
          3.230439
        ],
        [
          -0.918943,
          0.106503,
          -0.37974,
          3.348553
        ],
        [
          0.049303,
          -0.924273,
          -0.378535,
          1.540534
        ],
        [
          0.0,
          0.0,
          0.0,
          1.0
        ]
      ]
    },
    {
      "file_path": "/media/NFS/ttao/scannet/posed_images/scene0154_00/00151.jpg",
      "transform_matrix": [
        [
          -0.391111,
          -0.356099,
          0.848661,
          3.233259
        ],
        [
          -0.919446,
          0.11046,
          -0.377383,
          3.34475
        ],
        [
          0.040642,
          -0.927897,
          -0.370616,
          1.549409
        ],
        [
          0.0,
          0.0,
          0.0,
          1.0
        ]
      ]
    },
    {
      "file_path": "/media/NFS/ttao/scannet/posed_images/scene0154_00/00154.jpg",
      "transform_matrix": [
        [
          -0.374826,
          -0.337415,
          0.863514,
          3.240164
        ],
        [
          -0.926906,
          0.117584,
          -0.356397,
          3.339036
        ],
        [
          0.018719,
          -0.933984,
          -0.356826,
          1.569663
        ],
        [
          0.0,
          0.0,
          0.0,
          1.0
        ]
      ]
    },
    {
      "file_path": "/media/NFS/ttao/scannet/posed_images/scene0154_00/00156.jpg",
      "transform_matrix": [
        [
          -0.357807,
          -0.332169,
          0.872719,
          3.246941
        ],
        [
          -0.933774,
          0.120917,
          -0.336816,
          3.335261
        ],
        [
          0.006354,
          -0.935437,
          -0.353436,
          1.5852
        ],
        [
          0.0,
          0.0,
          0.0,
          1.0
        ]
      ]
    },
    {
      "file_path": "/media/NFS/ttao/scannet/posed_images/scene0154_00/00160.jpg",
      "transform_matrix": [
        [
          -0.318695,
          -0.305498,
          0.897276,
          3.252112
        ],
        [
          -0.947728,
          0.118336,
          -0.296324,
          3.310443
        ],
        [
          -0.015654,
          -0.944811,
          -0.327242,
          1.612298
        ],
        [
          0.0,
          0.0,
          0.0,
          1.0
        ]
      ]
    },
    {
      "file_path": "/media/NFS/ttao/scannet/posed_images/scene0154_00/00162.jpg",
      "transform_matrix": [
        [
          -0.309021,
          -0.30169,
          0.901936,
          3.25462
        ],
        [
          -0.950973,
          0.110518,
          -0.288854,
          3.305902
        ],
        [
          -0.012536,
          -0.946979,
          -0.321051,
          1.62403
        ],
        [
          0.0,
          0.0,
          0.0,
          1.0
        ]
      ]
    },
    {
      "file_path": "/media/NFS/ttao/scannet/posed_images/scene0154_00/00163.jpg",
      "transform_matrix": [
        [
          -0.3081,
          -0.302294,
          0.902049,
          3.256526
        ],
        [
          -0.9513,
          0.108006,
          -0.288727,
          3.306463
        ],
        [
          -0.010146,
          -0.947076,
          -0.320849,
          1.630589
        ],
        [
          0.0,
          0.0,
          0.0,
          1.0
        ]
      ]
    },
    {
      "file_path": "/media/NFS/ttao/scannet/posed_images/scene0154_00/00165.jpg",
      "transform_matrix": [
        [
          -0.303914,
          -0.301666,
          0.903678,
          3.26129
        ],
        [
          -0.952694,
          0.099473,
          -0.287192,
          3.304013
        ],
        [
          -0.003256,
          -0.94821,
          -0.317626,
          1.643325
        ],
        [
          0.0,
          0.0,
          0.0,
          1.0
        ]
      ]
    },
    {
      "file_path": "/media/NFS/ttao/scannet/posed_images/scene0154_00/00169.jpg",
      "transform_matrix": [
        [
          -0.278229,
          -0.288736,
          0.91609,
          3.262764
        ],
        [
          -0.960422,
          0.070331,
          -0.269526,
          3.297861
        ],
        [
          0.013393,
          -0.954822,
          -0.296877,
          1.657792
        ],
        [
          0.0,
          0.0,
          0.0,
          1.0
        ]
      ]
    },
    {
      "file_path": "/media/NFS/ttao/scannet/posed_images/scene0154_00/00171.jpg",
      "transform_matrix": [
        [
          -0.271348,
          -0.28235,
          0.920135,
          3.257898
        ],
        [
          -0.962309,
          0.061477,
          -0.26492,
          3.291517
        ],
        [
          0.018233,
          -0.957339,
          -0.28839,
          1.658445
        ],
        [
          0.0,
          0.0,
          0.0,
          1.0
        ]
      ]
    },
    {
      "file_path": "/media/NFS/ttao/scannet/posed_images/scene0154_00/00173.jpg",
      "transform_matrix": [
        [
          -0.264517,
          -0.286049,
          0.920981,
          3.256208
        ],
        [
          -0.964158,
          0.057884,
          -0.258939,
          3.289333
        ],
        [
          0.020759,
          -0.956465,
          -0.291108,
          1.658375
        ],
        [
          0.0,
          0.0,
          0.0,
          1.0
        ]
      ]
    },
    {
      "file_path": "/media/NFS/ttao/scannet/posed_images/scene0154_00/00175.jpg",
      "transform_matrix": [
        [
          -0.253306,
          -0.280706,
          0.925765,
          3.257405
        ],
        [
          -0.967246,
          0.057213,
          -0.247309,
          3.289763
        ],
        [
          0.016455,
          -0.958087,
          -0.286004,
          1.659941
        ],
        [
          0.0,
          0.0,
          0.0,
          1.0
        ]
      ]
    },
    {
      "file_path": "/media/NFS/ttao/scannet/posed_images/scene0154_00/00178.jpg",
      "transform_matrix": [
        [
          -0.222185,
          -0.27162,
          0.936406,
          3.255697
        ],
        [
          -0.974888,
          0.047027,
          -0.217675,
          3.288144
        ],
        [
          0.015088,
          -0.961255,
          -0.275248,
          1.65791
        ],
        [
          0.0,
          0.0,
          0.0,
          1.0
        ]
      ]
    },
    {
      "file_path": "/media/NFS/ttao/scannet/posed_images/scene0154_00/00181.jpg",
      "transform_matrix": [
        [
          -0.179589,
          -0.256896,
          0.949606,
          3.24409
        ],
        [
          -0.983631,
          0.03242,
          -0.177254,
          3.276144
        ],
        [
          0.01475,
          -0.965895,
          -0.258513,
          1.65355
        ],
        [
          0.0,
          0.0,
          0.0,
          1.0
        ]
      ]
    },
    {
      "file_path": "/media/NFS/ttao/scannet/posed_images/scene0154_00/00182.jpg",
      "transform_matrix": [
        [
          -0.165762,
          -0.252917,
          0.953182,
          3.24176
        ],
        [
          -0.986034,
          0.026722,
          -0.164385,
