{
  "frames": [
    {
      "file_path": "/media/NFS/ttao/scannet/posed_images/scene0089_01/00001.jpg",
      "transform_matrix": [
        [
          0.056921,
          -0.42645,
          0.902718,
          1.609032
        ],
        [
          -0.99743,
          0.01512,
          0.070036,
          2.111113
        ],
        [
          -0.043516,
          -0.904385,
          -0.424494,
          1.418985
        ],
        [
          0.0,
          0.0,
          0.0,
          1.0
        ]
      ]
    },
    {
      "file_path": "/media/NFS/ttao/scannet/posed_images/scene0089_01/00004.jpg",
      "transform_matrix": [
        [
          0.055437,
          -0.422701,
          0.904572,
          1.614225
        ],
        [
          -0.99769,
          0.012178,
          0.066835,
          2.108081
        ],
        [
          -0.039267,
          -0.906187,
          -0.421049,
          1.412236
        ],
        [
          0.0,
          0.0,
          0.0,
          1.0
        ]
      ]
    },
    {
      "file_path": "/media/NFS/ttao/scannet/posed_images/scene0089_01/00008.jpg",
      "transform_matrix": [
        [
          0.054676,
          -0.450406,
          0.891148,
          1.630475
        ],
        [
          -0.998298,
          -0.006513,
          0.057959,
          2.104125
        ],
        [
          -0.020301,
          -0.8928,
          -0.449996,
          1.393108
        ],
        [
          0.0,
          0.0,
          0.0,
          1.0
        ]
      ]
    },
    {
      "file_path": "/media/NFS/ttao/scannet/posed_images/scene0089_01/00012.jpg",
      "transform_matrix": [
        [
          0.063044,
          -0.494164,
          0.86708,
          1.644239
        ],
        [
          -0.997942,
          -0.020988,
          0.060597,
          2.109693
        ],
        [
          -0.011747,
          -0.869115,
          -0.49447,
          1.36544
        ],
        [
          0.0,
          0.0,
          0.0,
          1.0
        ]
      ]
    },
    {
      "file_path": "/media/NFS/ttao/scannet/posed_images/scene0089_01/00019.jpg",
      "transform_matrix": [
        [
          0.09176,
          -0.538166,
          0.837829,
          1.658397
        ],
        [
          -0.995631,
          -0.034979,
          0.086575,
          2.117518
        ],
        [
          -0.017285,
          -0.842113,
          -0.539025,
          1.355545
        ],
        [
          0.0,
          0.0,
          0.0,
          1.0
        ]
      ]
    },
    {
      "file_path": "/media/NFS/ttao/scannet/posed_images/scene0089_01/00021.jpg",
      "transform_matrix": [
        [
          0.095456,
          -0.535071,
          0.839397,
          1.656491
        ],
        [
          -0.995255,
          -0.035323,
          0.090664,
          2.119109
        ],
        [
          -0.018862,
          -0.844069,
          -0.535904,
          1.364315
        ],
        [
          0.0,
          0.0,
          0.0,
          1.0
        ]
      ]
    },
    {
      "file_path": "/media/NFS/ttao/scannet/posed_images/scene0089_01/00028.jpg",
      "transform_matrix": [
        [
          0.104867,
          -0.550086,
          0.828498,
          1.653248
        ],
        [
          -0.99398,
          -0.031406,
          0.10496,
          2.119581
        ],
        [
          -0.031717,
          -0.834517,
          -0.550068,
          1.359315
        ],
        [
          0.0,
          0.0,
          0.0,
          1.0
        ]
      ]
    },
    {
      "file_path": "/media/NFS/ttao/scannet/posed_images/scene0089_01/00033.jpg",
      "transform_matrix": [
        [
          0.09001,
          -0.567135,
          0.818692,
          1.649211
        ],
        [
          -0.995033,
          -0.016114,
          0.098235,
          2.120374
        ],
        [
          -0.04252,
          -0.823467,
          -0.565768,
          1.337657
        ],
        [
          0.0,
          0.0,
          0.0,
          1.0
        ]
      ]
    },
    {
      "file_path": "/media/NFS/ttao/scannet/posed_images/scene0089_01/00037.jpg",
      "transform_matrix": [
        [
          0.051627,
          -0.572406,
          0.818343,
          1.643063
        ],
        [
          -0.997239,
          0.014245,
          0.072877,
          2.139591
        ],
        [
          -0.053373,
          -0.819847,
          -0.57009,
          1.334306
        ],
        [
          0.0,
          0.0,
          0.0,
          1.0
        ]
      ]
    },
    {
      "file_path": "/media/NFS/ttao/scannet/posed_images/scene0089_01/00041.jpg",
      "transform_matrix": [
        [
          0.016997,
          -0.575805,
          0.81741,
          1.627641
        ],
        [
          -0.998641,
          0.030508,
          0.042256,
          2.179508
        ],
        [
          -0.049269,
          -0.817018,
          -0.574504,
          1.335573
        ],
        [
          0.0,
          0.0,
          0.0,
          1.0
        ]
      ]
    },
    {
      "file_path": "/media/NFS/ttao/scannet/posed_images/scene0089_01/00047.jpg",
      "transform_matrix": [
        [
          -0.042345,
          -0.54587,
          0.836799,
          1.586212
        ],
        [
          -0.998334,
          0.055968,
          -0.01401,
          2.282455
        ],
        [
          -0.039186,
          -0.835998,
          -0.547331,
          1.335572
        ],
        [
          0.0,
          0.0,
          0.0,
          1.0
        ]
      ]
    },
    {
      "file_path": "/media/NFS/ttao/scannet/posed_images/scene0089_01/00051.jpg",
      "transform_matrix": [
        [
          -0.044566,
          -0.529035,
          0.847429,
          1.556829
        ],
        [
          -0.99791,
          0.063311,
          -0.012956,
          2.369229
        ],
        [
          -0.046798,
          -0.846235,
          -0.530751,
          1.365066
        ],
        [
          0.0,
          0.0,
          0.0,
          1.0
        ]
      ]
    },
    {
      "file_path": "/media/NFS/ttao/scannet/posed_images/scene0089_01/00056.jpg",
      "transform_matrix": [
        [
          -0.049754,
          -0.468443,
          0.882092,
          1.53094
        ],
        [
          -0.998349,
          0.048694,
          -0.030451,
          2.424571
        ],
        [
          -0.028688,
          -0.882151,
          -0.470092,
          1.413728
        ],
        [
          0.0,
          0.0,
          0.0,
          1.0
        ]
      ]
    },
    {
      "file_path": "/media/NFS/ttao/scannet/posed_images/scene0089_01/00060.jpg",
      "transform_matrix": [
        [
          -0.040763,
          -0.420555,
          0.90635,
          1.496009
        ],
        [
          -0.998613,
          0.047393,
          -0.022922,
          2.436862
        ],
        [
          -0.033315,
          -0.906028,
          -0.421904,
          1.436434
        ],
        [
          0.0,
          0.0,
          0.0,
          1.0
        ]
      ]
    },
    {
      "file_path": "/media/NFS/ttao/scannet/posed_images/scene0089_01/00064.jpg",
      "transform_matrix": [
        [
          -0.056904,
          -0.387462,
          0.920127,
          1.456865
        ],
        [
          -0.997579,
          0.058968,
          -0.036863,
          2.429399
        ],
        [
          -0.039975,
          -0.919998,
          -0.38988,
          1.450753
        ],
        [
          0.0,
          0.0,
          0.0,
          1.0
        ]
      ]
    },
    {
      "file_path": "/media/NFS/ttao/scannet/posed_images/scene0089_01/00070.jpg",
      "transform_matrix": [
        [
          -0.086613,
          -0.353533,
          0.931403,
          1.396555
        ],
        [
          -0.994084,
          0.092173,
          -0.057456,
          2.413445
        ],
        [
          -0.065538,
          -0.93087,
          -0.359425,
          1.462224
        ],
        [
          0.0,
          0.0,
          0.0,
          1.0
        ]
      ]
    },
    {
      "file_path": "/media/NFS/ttao/scannet/posed_images/scene0089_01/00074.jpg",
      "transform_matrix": [
        [
          -0.097095,
          -0.368487,
          0.924548,
          1.366974
        ],
        [
          -0.992961,
          0.099173,
          -0.064754,
          2.401822
        ],
        [
          -0.06783,
          -0.924328,
          -0.375523,
          1.463804
        ],
        [
          0.0,
          0.0,
          0.0,
          1.0
        ]
      ]
    },
    {
      "file_path": "/media/NFS/ttao/scannet/posed_images/scene0089_01/00078.jpg",
      "transform_matrix": [
        [
          -0.113515,
          -0.357596,
          0.926951,
          1.343406
        ],
        [
          -0.991972,
          0.093128,
          -0.085551,
          2.401841
        ],
        [
          -0.055733,
          -0.929221,
          -0.365297,
          1.467102
        ],
        [
          0.0,
          0.0,
          0.0,
          1.0
        ]
      ]
    },
    {
      "file_path": "/media/NFS/ttao/scannet/posed_images/scene0089_01/00079.jpg",
      "transform_matrix": [
        [
          -0.126246,
          -0.355366,
          0.926162,
          1.33535
        ],
        [
          -0.990639,
          0.09403,
          -0.098956,
          2.406679
        ],
        [
          -0.051922,
          -0.929986,
          -0.36391,
          1.468535
        ],
        [
          0.0,
          0.0,
          0.0,
          1.0
        ]
      ]
    },
    {
      "file_path": "/media/NFS/ttao/scannet/posed_images/scene0089_01/00086.jpg",
      "transform_matrix": [
        [
          -0.191843,
          -0.380192,
          0.904793,
          1.326937
        ],
        [
          -0.979798,
          0.127276,
          -0.154265,
          2.439578
        ],
        [
          -0.056508,
          -0.916109,
          -0.396928,
          1.425338
        ],
        [
          0.0,
          0.0,
          0.0,
          1.0
        ]
      ]
    },
    {
      "file_path": "/media/NFS/ttao/scannet/posed_images/scene0089_01/00088.jpg",
      "transform_matrix": [
        [
          -0.202608,
          -0.388368,
          0.898955,
          1.331492
        ],
        [
          -0.97776,
          0.131028,
          -0.163762,
          2.458547
        ],
        [
          -0.054188,
          -0.912141,
          -0.406278,
          1.415846
        ],
        [
          0.0,
          0.0,
          0.0,
          1.0
        ]
      ]
    },
    {
      "file_path": "/media/NFS/ttao/scannet/posed_images/scene0089_01/00094.jpg",
      "transform_matrix": [
        [
          -0.235737,
          -0.403531,
          0.884076,
          1.370226
        ],
        [
          -0.971327,
          0.126716,
          -0.201163,
          2.552267
        ],
        [
          -0.030851,
          -0.906149,
          -0.421833,
          1.399202
        ],
        [
          0.0,
          0.0,
          0.0,
          1.0
        ]
      ]
    },
    {
      "file_path": "/media/NFS/ttao/scannet/posed_images/scene0089_01/00100.jpg",
      "transform_matrix": [
        [
          -0.284685,
          -0.415627,
          0.863833,
          1.427631
        ],
        [
          -0.958064,
          0.154068,
          -0.241611,
          2.657244
        ],
        [
          -0.032669,
          -0.896391,
          -0.442059,
          1.387121
        ],
        [
          0.0,
          0.0,
          0.0,
          1.0
        ]
      ]
    },
    {
      "file_path": "/media/NFS/ttao/scannet/posed_images/scene0089_01/00104.jpg",
      "transform_matrix": [
        [
          -0.305148,
          -0.43406,
          0.84763,
          1.464368
        ],
        [
          -0.952009,
          0.16121,
          -0.260172,
          2.709891
        ],
        [
          -0.023717,
          -0.886343,
          -0.462422,
          1.37297
        ],
        [
          0.0,
          0.0,
          0.0,
          1.0
        ]
      ]
    },
    {
      "file_path": "/media/NFS/ttao/scannet/posed_images/scene0089_01/00106.jpg",
      "transform_matrix": [
        [
          -0.313456,
          -0.437259,
          0.842941,
          1.481365
        ],
        [
          -0.94944,
          0.16075,
          -0.269672,
          2.730678
        ],
        [
          -0.017586,
          -0.884853,
          -0.465539,
          1.367437
        ],
        [
          0.0,
          0.0,
          0.0,
          1.0
        ]
      ]
    },
    {
      "file_path": "/media/NFS/ttao/scannet/posed_images/scene0089_01/00112.jpg",
      "transform_matrix": [
        [
          -0.305605,
          -0.450786,
          0.838688,
          1.53371
        ],
        [
          -0.952075,
          0.133055,
          -0.275406,
          2.808388
        ],
        [
          0.012557,
          -0.88266,
          -0.469844,
          1.348467
        ],
        [
          0.0,
          0.0,
          0.0,
          1.0
        ]
      ]
    },
    {
      "file_path": "/media/NFS/ttao/scannet/posed_images/scene0089_01/00115.jpg",
      "transform_matrix": [
        [
          -0.277128,
          -0.471144,
          0.837391,
          1.561674
        ],
        [
          -0.960331,
          0.107638,
          -0.257253,
          2.842655
        ],
        [
          0.031068,
          -0.875464,
          -0.482283,
          1.33365
        ],
        [
          0.0,
          0.0,
          0.0,
          1.0
        ]
      ]
    },
    {
      "file_path": "/media/NFS/ttao/scannet/posed_images/scene0089_01/00119.jpg",
      "transform_matrix": [
        [
          -0.255193,
          -0.487054,
          0.835257,
          1.587403
        ],
        [
          -0.965876,
          0.088855,
          -0.243287,
          2.870768
        ],
        [
          0.044277,
          -0.86884,
          -0.493109,
          1.319311
        ],
        [
          0.0,
          0.0,
          0.0,
          1.0
        ]
      ]
    },
    {
      "file_path": "/media/NFS/ttao/scannet/posed_images/scene0089_01/00126.jpg",
      "transform_matrix": [
        [
          -0.224567,
          -0.513505,
          0.82818,
          1.621195
        ],
        [
          -0.972149,
          0.059574,
          -0.226667,
          2.885212
        ],
        [
          0.067057,
          -0.856016,
          -0.512582,
          1.308696
        ],
        [
          0.0,
          0.0,
          0.0,
          1.0
        ]
      ]
    },
    {
      "file_path": "/media/NFS/ttao/scannet/posed_images/scene0089_01/00131.jpg",
      "transform_matrix": [
        [
          -0.229029,
          -0.508317,
          0.830156,
          1.638833
        ],
        [
          -0.971561,
          0.066695,
          -0.227203,
          2.884153
        ],
        [
          0.060124,
          -0.858584,
          -0.509136,
          1.31932
        ],
        [
          0.0,
          0.0,
          0.0,
          1.0
        ]
      ]
    },
    {
      "file_path": "/media/NFS/ttao/scannet/posed_images/scene0089_01/00135.jpg",
      "transform_matrix": [
        [
          -0.220878,
          -0.497366,
          0.838951,
          1.63821
        ],
        [
          -0.974342,
          0.074391,
          -0.212422,
          2.879222
        ],
        [
          0.043241,
          -0.864346,
          -0.501036,
          1.330863
        ],
        [
          0.0,
          0.0,
          0.0,
          1.0
        ]
      ]
    },
    {
      "file_path": "/media/NFS/ttao/scannet/posed_images/scene0089_01/00140.jpg",
      "transform_matrix": [
        [
          -0.216214,
          -0.472763,
          0.854252,
          1.63132
        ],
        [
          -0.975946,
          0.079624,
          -0.202949,
          2.869338
        ],
        [
          0.027927,
          -0.877585,
          -0.478607,
          1.353
        ],
        [
          0.0,
          0.0,
          0.0,
          1.0
        ]
      ]
    },
    {
      "file_path": "/media/NFS/ttao/scannet/posed_images/scene0089_01/00144.jpg",
      "transform_matrix": [
        [
          -0.218846,
          -0.447478,
          0.867104,
          1.616575
        ],
        [
          -0.975675,
          0.088645,
          -0.200501,
          2.856089
        ],
        [
          0.012855,
          -0.889891,
          -0.455992,
          1.366811
        ],
        [
          0.0,
          0.0,
          0.0,
          1.0
        ]
      ]
    },
    {
      "file_path": "/media/NFS/ttao/scannet/posed_images/scene0089_01/00150.jpg",
      "transform_matrix": [
        [
          -0.261976,
          -0.420875,
          0.868466,
          1.598228
        ],
        [
          -0.965011,
          0.124576,
          -0.230728,
          2.818972
        ],
        [
          -0.011082,
          -0.898524,
          -0.438785,
          1.386677
        ],
        [
          0.0,
          0.0,
          0.0,
          1.0
        ]
      ]
    },
    {
      "file_path": "/media/NFS/ttao/scannet/posed_images/scene0089_01/00152.jpg",
      "transform_matrix": [
        [
          -0.280157,
          -0.41386,
          0.866159,
          1.590777
        ],
        [
          -0.959779,
          0.13799,
          -0.244505,
          2.80115
        ],
        [
          -0.018331,
          -0.899822,
          -0.435873,
          1.393337
        ],
        [
          0.0,
          0.0,
          0.0,
          1.0
        ]
      ]
    },
    {
      "file_path": "/media/NFS/ttao/scannet/posed_images/scene0089_01/00156.jpg",
      "transform_matrix": [
        [
          -0.331018,
          -0.393,
          0.857892,
          1.569803
        ],
        [
          -0.943241,
          0.163714,
          -0.288953,
          2.760759
        ],
        [
          -0.026891,
          -0.904848,
          -0.424886,
          1.404947
        ],
        [
          0.0,
          0.0,
          0.0,
          1.0
        ]
      ]
    },
    {
      "file_path": "/media/NFS/ttao/scannet/posed_images/scene0089_01/00162.jpg",
      "transform_matrix": [
        [
          -0.403257,
          -0.372669,
          0.835764,
          1.542652
        ],
        [
          -0.914254,
          0.203028,
          -0.350599,
          2.720878
        ],
        [
          -0.039026,
          -0.905482,
          -0.422586,
          1.404849
        ],
        [
          0.0,
          0.0,
          0.0,
          1.0
        ]
      ]
    },
    {
      "file_path": "/media/NFS/ttao/scannet/posed_images/scene0089_01/00164.jpg",
      "transform_matrix": [
        [
          -0.424942,
          -0.364971,
          0.828384,
          1.533395
        ],
        [
          -0.904177,
          0.215052,
          -0.369074,
          2.706178
        ],
        [
          -0.043445,
          -0.905842,
          -0.421383,
          1.406482
        ],
        [
          0.0,
          0.0,
          0.0,
          1.0
        ]
      ]
    },
    {
      "file_path": "/media/NFS/ttao/scannet/posed_images/scene0089_01/00171.jpg",
      "transform_matrix": [
        [
          -0.47851,
          -0.356676,
          0.802378,
          1.514547
        ],
        [
          -0.877,
          0.239478,
          -0.416558,
          2.68417
        ],
        [
          -0.043576,
          -0.903013,
          -0.427398,
          1.417043
        ],
        [
          0.0,
          0.0,
          0.0,
          1.0
        ]
      ]
    },
    {
      "file_path": "/media/NFS/ttao/scannet/posed_images/scene0089_01/00172.jpg",
      "transform_matrix": [
        [
          -0.480819,
          -0.354422,
          0.801996,
          1.50964
        ],
        [
          -0.875632,
          0.241677,
          -0.418163,
          2.681804
        ],
        [
          -0.045618,
          -0.903315,
          -0.426547,
          1.416576
        ],
        [
          0.0,
          0.0,
          0.0,
          1.0
        ]
      ]
    },
    {
      "file_path": "/media/NFS/ttao/scannet/posed_images/scene0089_01/00178.jpg",
      "transform_matrix": [
        [
          -0.493956,
          -0.358691,
          0.792053,
          1.493342
        ],
        [
          -0.86837,
          0.249677,
          -0.428481,
          2.670054
        ],
        [
          -0.044065,
          -0.899446,
          -0.434806,
          1.413989
        ],
        [
          0.0,
          0.0,
          0.0,
          1.0
        ]
      ]
    },
    {
      "file_path": "/media/NFS/ttao/scannet/posed_images/scene0089_01/00182.jpg",
      "transform_matrix": [
        [
          -0.504623,
          -0.363952,
          0.782875,
          1.48153
        ],
        [
          -0.862297,
          0.25703,
          -0.436325,
          2.661753
        ],
        [
          -0.042421,
          -0.895251,
          -0.443538,
          1.405329
        ],
        [
          0.0,
          0.0,
          0.0,
          1.0
        ]
      ]
    },
    {
      "file_path": "/media/NFS/ttao/scannet/posed_images/scene0089_01/00189.jpg",
      "transform_matrix": [
        [
          -0.558941,
          -0.380933,
          0.736529,
          1.466392
        ],
        [
          -0.828574,
          0.291281,
          -0.478143,
          2.64195
        ],
        [
          -0.032397,
          -0.877523,
          -0.47844,
          1.39318
        ],
        [
          0.0,
          0.0,
          0.0,
          1.0
        ]
      ]
    },
    {
      "file_path": "/media/NFS/ttao/scannet/posed_images/scene0089_01/00193.jpg",
      "transform_matrix": [
        [
          -0.583844,
          -0.378209,
          0.71839,
          1.45901
        ],
        [
          -0.810952,
          0.313648,
          -0.493945,
          2.63585
        ],
        [
          -0.038508,
          -0.870967,
          -0.489831,
          1.391486
        ],
        [
          0.0,
          0.0,
          0.0,
          1.0
        ]
      ]
    },
    {
      "file_path": "/media/NFS/ttao/scannet/posed_images/scene0089_01/00198.jpg",
      "transform_matrix": [
        [
          -0.608801,
          -0.379109,
          0.696877,
          1.449612
        ],
        [
          -0.792219,
          0.33685,
          -0.508843,
          2.623007
        ],
        [
          -0.041836,
          -0.861863,
          -0.505413,
          1.384306
        ],
        [
          0.0,
          0.0,
          0.0,
          1.0
        ]
      ]
    },
    {
      "file_path": "/media/NFS/ttao/scannet/posed_images/scene0089_01/00199.jpg",
      "transform_matrix": [
        [
          -0.61288,
          -0.379327,
          0.693173,
          1.449213
        ],
        [
          -0.789099,
          0.339595,
          -0.511857,
          2.621059
        ],
        [
          -0.041237,
          -0.860689,
          -0.507458,
          1.383468
        ],
        [
          0.0,
          0.0,
          0.0,
          1.0
        ]
      ]
    },
    {
      "file_path": "/media/NFS/ttao/scannet/posed_images/scene0089_01/00205.jpg",
      "transform_matrix": [
        [
          -0.63325,
          -0.381102,
          0.673613,
          1.442635
        ],
        [
          -0.772819,
          0.358344,
          -0.523775,
          2.609934
        ],
        [
          -0.041773,
          -0.852262,
          -0.521444,
          1.377282
        ],
        [
          0.0,
          0.0,
          0.0,
          1.0
        ]
      ]
    },
    {
      "file_path": "/media/NFS/ttao/scannet/posed_images/scene0089_01/00211.jpg",
      "transform_matrix": [
        [
          -0.654565,
          -0.385433,
          0.650373,
          1.447629
        ],
        [
          -0.755211,
          0.372789,
          -0.539151,
          2.596682
        ],
        [
          -0.034645,
          -0.844079,
          -0.535098,
          1.384392
        ],
        [
          0.0,
          0.0,
          0.0,
          1.0
        ]
      ]
    },
    {
      "file_path": "/media/NFS/ttao/scannet/posed_images/scene0089_01/00217.jpg",
      "transform_matrix": [
        [
          -0.682576,
          -0.343395,
          0.645111,
          1.457395
        ],
        [
          -0.729676,
          0.369466,
          -0.575384,
          2.5873
        ],
        [
          -0.040763,
          -0.863467,
          -0.502757,
          1.396471
        ],
        [
          0.0,
          0.0,
          0.0,
          1.0
        ]
      ]
    },
    {
      "file_path": "/media/NFS/ttao/scannet/posed_images/scene0089_01/00218.jpg",
      "transform_matrix": [
        [
          -0.689164,
          -0.341479,
          0.639096,
          1.460318
        ],
        [
          -0.723627,
          0.370149,
          -0.58254,
          2.584261
        ],
        [
          -0.037636,
          -0.863934,
          -0.502197,
          1.397439
        ],
        [
          0.0,
          0.0,
          0.0,
          1.0
        ]
      ]
    },
    {
      "file_path": "/media/NFS/ttao/scannet/posed_images/scene0089_01/00225.jpg",
      "transform_matrix": [
        [
          -0.713427,
          -0.307112,
          0.629844,
          1.488988
        ],
        [
          -0.700399,
          0.340119,
          -0.627503,
          2.559425
        ],
        [
          -0.021508,
          -0.88882,
          -0.457751,
          1.413362
        ],
        [
          0.0,
          0.0,
          0.0,
          1.0
        ]
      ]
    },
    {
      "file_path": "/media/NFS/ttao/scannet/posed_images/scene0089_01/00230.jpg",
      "transform_matrix": [
        [
          -0.69541,
          -0.288605,
          0.658112,
          1.525074
        ],
        [
          -0.717969,
          0.317803,
          -0.619291,
          2.547798
        ],
        [
          -0.03042,
          -0.903166,
          -0.428214,
          1.423547
        ],
        [
          0.0,
          0.0,
          0.0,
          1.0
        ]
      ]
    },
    {
      "file_path": "/media/NFS/ttao/scannet/posed_images/scene0089_01/00233.jpg",
      "transform_matrix": [
        [
          -0.673366,
          -0.280428,
          0.68406,
          1.549815
        ],
        [
          -0.738057,
          0.308802,
          -0.599927,
          2.542739
        ],
        [
          -0.043003,
          -0.908846,
          -0.414909,
          1.431233
        ],
        [
          0.0,
          0.0,
          0.0,
          1.0
        ]
      ]
    },
    {
      "file_path": "/media/NFS/ttao/scannet/posed_images/scene0089_01/00235.jpg",
      "transform_matrix": [
        [
          -0.661708,
          -0.274359,
          0.697761,
          1.56429
        ],
        [
          -0.748294,
          0.299868,
          -0.591722,
          2.536795
        ],
        [
          -0.046892,
          -0.913677,
          -0.403726,
          1.435363
        ],
        [
          0.0,
          0.0,
          0.0,
          1.0
        ]
      ]
    },
    {
      "file_path": "/media/NFS/ttao/scannet/posed_images/scene0089_01/00239.jpg",
      "transform_matrix": [
        [
          -0.668533,
          -0.258318,
          0.697377,
          1.595681
        ],
        [
          -0.742197,
          0.29099,
          -0.603712,
          2.510904
        ],
        [
          -0.04698,
          -0.921193,
          -0.386259,
          1.445462
        ],
        [
          0.0,
          0.0,
          0.0,
          1.0
        ]
      ]
    },
    {
      "file_path": "/media/NFS/ttao/scannet/posed_images/scene0089_01/00247.jpg",
      "transform_matrix": [
        [
          -0.71173,
          -0.216373,
          0.668299,
          1.644937
        ],
        [
          -0.700536,
          0.288877,
          -0.652533,
          2.435736
        ],
        [
          -0.051865,
          -0.932595,
          -0.357179,
          1.457344
        ],
        [
          0.0,
          0.0,
          0.0,
          1.0
        ]
      ]
    },
    {
      "file_path": "/media/NFS/ttao/scannet/posed_images/scene0089_01/00249.jpg",
      "transform_matrix": [
        [
          -0.720859,
          -0.218042,
          0.65789,
          1.653162
        ],
        [
          -0.69158,
          0.288731,
          -0.662081,
          2.426018
        ],
        [
          -0.045592,
          -0.932251,
          -0.358928,
          1.456342
        ],
        [
          0.0,
          0.0,
          0.0,
          1.0
        ]
      ]
    },
    {
      "file_path": "/media/NFS/ttao/scannet/posed_images/scene0089_01/00253.jpg",
      "transform_matrix": [
        [
          -0.745597,
          -0.204268,
          0.634317,
          1.67258
        ],
        [
          -0.664681,
          0.29621,
          -0.6859,
          2.405945
        ],
        [
          -0.047783,
          -0.933024,
          -0.356627,
          1.461494
        ],
        [
          0.0,
          0.0,
          0.0,
          1.0
        ]
      ]
    },
    {
      "file_path": "/media/NFS/ttao/scannet/posed_images/scene0089_01/00261.jpg",
      "transform_matrix": [
        [
          -0.81038,
          -0.159255,
          0.563846,
          1.720933
        ],
        [
          -0.585731,
          0.243611,
          -0.773028,
          2.395215
        ],
        [
          -0.014251,
          -0.956709,
          -0.290699,
          1.503782
        ],
        [
          0.0,
          0.0,
          0.0,
          1.0
        ]
      ]
    },
    {
      "file_path": "/media/NFS/ttao/scannet/posed_images/scene0089_01/00265.jpg",
      "transform_matrix": [
        [
          -0.82584,
          -0.153455,
          0.542623,
          1.743094
        ],
        [
          -0.563597,
          0.192835,
          -0.803227,
          2.410666
        ],
        [
          0.018622,
          -0.969158,
          -0.245737,
          1.520614
        ],
        [
          0.0,
          0.0,
          0.0,
          1.0
        ]
      ]
    },
    {
      "file_path": "/media/NFS/ttao/scannet/posed_images/scene0089_01/00267.jpg",
      "transform_matrix": [
        [
          -0.831307,
          -0.149777,
          0.535252,
          1.751602
        ],
        [
          -0.555191,
          0.178213,
          -0.812406,
          2.418399
        ],
        [
          0.026291,
          -0.972526,
          -0.231305,
          1.526428
        ],
        [
          0.0,
          0.0,
          0.0,
          1.0
        ]
      ]
    },
    {
      "file_path": "/media/NFS/ttao/scannet/posed_images/scene0089_01/00274.jpg",
      "transform_matrix": [
        [
          -0.852929,
          -0.120698,
          0.507881,
          1.774523
        ],
        [
          -0.521435,
          0.150682,
          -0.839881,
          2.42151
        ],
        [
          0.024843,
          -0.981187,
          -0.191457,
          1.549713
        ],
        [
          0.0,
          0.0,
          0.0,
          1.0
        ]
      ]
    },
    {
      "file_path": "/media/NFS/ttao/scannet/posed_images/scene0089_01/00278.jpg",
      "transform_matrix": [
        [
          -0.859522,
          -0.098345,
          0.501547,
          1.766278
        ],
        [
          -0.510911,
          0.138769,
          -0.848359,
          2.41895
        ],
        [
          0.013833,
          -0.98543,
          -0.169521,
          1.554946
        ],
        [
          0.0,
          0.0,
          0.0,
          1.0
        ]
      ]
    },
    {
      "file_path": "/media/NFS/ttao/scannet/posed_images/scene0089_01/00282.jpg",
      "transform_matrix": [
        [
          -0.860127,
          -0.07477,
          0.50457,
          1.731882
        ],
        [
          -0.510078,
          0.128404,
          -0.850489,
          2.408028
        ],
        [
          -0.001198,
          -0.9889,
          -0.148583,
          1.55247
        ],
        [
          0.0,
          0.0,
          0.0,
          1.0
        ]
      ]
    },
    {
      "file_path": "/media/NFS/ttao/scannet/posed_images/scene0089_01/00285.jpg",
      "transform_matrix": [
        [
          -0.869706,
          -0.072028,
          0.488286,
          1.726176
        ],
        [
          -0.493545,
          0.136904,
          -0.858878,
          2.410156
        ],
        [
          -0.004985,
          -0.987962,
          -0.154616,
          1.547385
        ],
        [
          0.0,
          0.0,
          0.0,
          1.0
        ]
      ]
    },
    {
      "file_path": "/media/NFS/ttao/scannet/posed_images/scene0089_01/00290.jpg",
      "transform_matrix": [
        [
          -0.900194,
          -0.083172,
          0.427473,
          1.750493
        ],
        [
          -0.435389,
          0.192979,
          -0.879316,
          2.404914
        ],
        [
          -0.009359,
          -0.977672,
          -0.209931,
          1.535171
        ],
        [
          0.0,
          0.0,
          0.0,
          1.0
        ]
      ]
    },
    {
      "file_path": "/media/NFS/ttao/scannet/posed_images/scene0089_01/00295.jpg",
      "transform_matrix": [
        [
          -0.920387,
          -0.090068,
          0.380493,
          1.753219
        ],
        [
          -0.390528,
          0.259949,
          -0.883128,
          2.398697
        ],
        [
          -0.019368,
          -0.961413,
          -0.274428,
          1.498717
        ],
        [
          0.0,
          0.0,
          0.0,
          1.0
        ]
      ]
    },
    {
      "file_path": "/media/NFS/ttao/scannet/posed_images/scene0089_01/00299.jpg",
      "transform_matrix": [
        [
          -0.928539,
          -0.11275,
          0.353699,
          1.755951
        ],
        [
          -0.37117,
          0.299816,
          -0.878831,
          2.391755
        ],
        [
          -0.006957,
          -0.947311,
          -0.32024,
          1.474183
        ],
        [
          0.0,
          0.0,
          0.0,
          1.0
        ]
      ]
    },
    {
      "file_path": "/media/NFS/ttao/scannet/posed_images/scene0089_01/00305.jpg",
      "transform_matrix": [
        [
          -0.930709,
          -0.132829,
          0.340787,
          1.769326
        ],
        [
          -0.365712,
          0.352901,
          -0.861229,
          2.388361
        ],
        [
          -0.005868,
          -0.926184,
          -0.377025,
          1.439925
        ],
        [
          0.0,
          0.0,
          0.0,
          1.0
        ]
      ]
    },
    {
      "file_path": "/media/NFS/ttao/scannet/posed_images/scene0089_01/00310.jpg",
      "transform_matrix": [
        [
          -0.932918,
          -0.148238,
          0.328159,
          1.788715
        ],
        [
          -0.360019,
          0.36621,
          -0.858066,
          2.380637
        ],
        [
          0.007023,
          -0.918649,
          -0.395013,
          1.428451
        ],
        [
          0.0,
          0.0,
          0.0,
          1.0
        ]
      ]
    },
    {
      "file_path": "/media/NFS/ttao/scannet/posed_images/scene0089_01/00313.jpg",
      "transform_matrix": [
        [
          -0.933547,
          -0.152012,
          0.324627,
          1.800003
        ],
        [
          -0.358253,
          0.365258,
          -0.859209,
          2.369953
        ],
        [
          0.012037,
          -0.918411,
          -0.395444,
          1.418344
        ],
        [
          0.0,
          0.0,
          0.0,
          1.0
        ]
      ]
    },
    {
      "file_path": "/media/NFS/ttao/scannet/posed_images/scene0089_01/00316.jpg",
      "transform_matrix": [
        [
          -0.939193,
          -0.152545,
          0.307646,
          1.82003
        ],
        [
          -0.342963,
          0.372072,
          -0.862519,
          2.35082
        ],
        [
          0.017106,
          -0.915583,
          -0.401765,
          1.411621
        ],
        [
          0.0,
          0.0,
          0.0,
          1.0
        ]
      ]
    },
    {
      "file_path": "/media/NFS/ttao/scannet/posed_images/scene0089_01/00320.jpg",
      "transform_matrix": [
        [
          -0.946695,
          -0.144506,
          0.2879,
          1.841188
        ],
        [
          -0.321981,
          0.397169,
          -0.85941,
          2.31155
        ],
        [
          0.009845,
          -0.906297,
          -0.422527,
          1.403063
        ],
        [
          0.0,
          0.0,
          0.0,
          1.0
        ]
      ]
    },
    {
      "file_path": "/media/NFS/ttao/scannet/posed_images/scene0089_01/00328.jpg",
      "transform_matrix": [
        [
          -0.975459,
          -0.08958,
          0.201135,
          1.898865
        ],
        [
          -0.220094,
          0.422531,
          -0.879219,
          2.213182
        ],
        [
          -0.006225,
          -0.901911,
          -0.431878,
          1.390346
        ],
        [
          0.0,
          0.0,
          0.0,
          1.0
        ]
      ]
    },
    {
      "file_path": "/media/NFS/ttao/scannet/posed_images/scene0089_01/00329.jpg",
      "transform_matrix": [
        [
          -0.976184,
          -0.0838,
          0.200103,
          1.903359
        ],
        [
          -0.216624,
          0.42646,
          -0.878184,
          2.207037
        ],
        [
          -0.011744,
          -0.900616,
          -0.434457,
          1.388563
        ],
        [
          0.0,
          0.0,
          0.0,
          1.0
        ]
      ]
    },
    {
      "file_path": "/media/NFS/ttao/scannet/posed_images/scene0089_01/00337.jpg",
      "transform_matrix": [
        [
          -0.988479,
          -0.038604,
          0.146351,
          1.982498
        ],
        [
          -0.147998,
          0.449109,
          -0.881135,
          2.175375
        ],
        [
          -0.031712,
          -0.892643,
          -0.449648,
          1.384287
        ],
        [
          0.0,
          0.0,
          0.0,
          1.0
        ]
      ]
    },
    {
      "file_path": "/media/NFS/ttao/scannet/posed_images/scene0089_01/00338.jpg",
      "transform_matrix": [
        [
          -0.990676,
          -0.034145,
          0.131887,
          1.997386
        ],
        [
          -0.13318,
          0.446595,
          -0.884769,
          2.177437
        ],
        [
          -0.02869,
          -0.894085,
          -0.446978,
          1.384045
        ],
        [
          0.0,
          0.0,
          0.0,
          1.0
        ]
      ]
    },
    {
      "file_path": "/media/NFS/ttao/scannet/posed_images/scene0089_01/00345.jpg",
      "transform_matrix": [
        [
          -0.99965,
          0.022603,
          0.013705,
          2.119909
        ],
        [
          -0.003591,
          0.397531,
          -0.917582,
          2.222946
