{
  "frames": [
    {
      "file_path": "/media/NFS/ttao/scannet/posed_images/scene0332_01/00000.jpg",
      "transform_matrix": [
        [
          0.983403,
          -0.118527,
          0.137371,
          2.289263
        ],
        [
          -0.181437,
          -0.641798,
          0.745101,
          5.022137
        ],
        [
          -0.00015,
          -0.757658,
          -0.652651,
          1.335563
        ],
        [
          0.0,
          0.0,
          0.0,
          1.0
        ]
      ]
    },
    {
      "file_path": "/media/NFS/ttao/scannet/posed_images/scene0332_01/00003.jpg",
      "transform_matrix": [
        [
          0.965904,
          -0.171094,
          0.19431,
          2.250986
        ],
        [
          -0.258836,
          -0.654866,
          0.710039,
          5.044903
        ],
        [
          0.005763,
          -0.736124,
          -0.676823,
          1.323927
        ],
        [
          0.0,
          0.0,
          0.0,
          1.0
        ]
      ]
    },
    {
      "file_path": "/media/NFS/ttao/scannet/posed_images/scene0332_01/00008.jpg",
      "transform_matrix": [
        [
          0.94126,
          -0.232341,
          0.245046,
          2.216308
        ],
        [
          -0.337681,
          -0.650528,
          0.680283,
          5.060297
        ],
        [
          0.001352,
          -0.72307,
          -0.690773,
          1.317763
        ],
        [
          0.0,
          0.0,
          0.0,
          1.0
        ]
      ]
    },
    {
      "file_path": "/media/NFS/ttao/scannet/posed_images/scene0332_01/00010.jpg",
      "transform_matrix": [
        [
          0.932543,
          -0.264881,
          0.245359,
          2.209146
        ],
        [
          -0.360038,
          -0.631146,
          0.687043,
          5.054383
        ],
        [
          -0.027127,
          -0.729036,
          -0.683938,
          1.312526
        ],
        [
          0.0,
          0.0,
          0.0,
          1.0
        ]
      ]
    },
    {
      "file_path": "/media/NFS/ttao/scannet/posed_images/scene0332_01/00015.jpg",
      "transform_matrix": [
        [
          0.931912,
          -0.275033,
          0.236427,
          2.182236
        ],
        [
          -0.360598,
          -0.632768,
          0.685255,
          5.064036
        ],
        [
          -0.038864,
          -0.723852,
          -0.68886,
          1.31363
        ],
        [
          0.0,
          0.0,
          0.0,
          1.0
        ]
      ]
    },
    {
      "file_path": "/media/NFS/ttao/scannet/posed_images/scene0332_01/00021.jpg",
      "transform_matrix": [
        [
          0.940375,
          -0.257379,
          0.222376,
          2.166086
        ],
        [
          -0.337459,
          -0.624042,
          0.704765,
          5.06343
        ],
        [
          -0.04262,
          -0.737786,
          -0.673688,
          1.304764
        ],
        [
          0.0,
          0.0,
          0.0,
          1.0
        ]
      ]
    },
    {
      "file_path": "/media/NFS/ttao/scannet/posed_images/scene0332_01/00024.jpg",
      "transform_matrix": [
        [
          0.938029,
          -0.2601,
          0.22902,
          2.160472
        ],
        [
          -0.344769,
          -0.633323,
          0.692847,
          5.06759
        ],
        [
          -0.035166,
          -0.728869,
          -0.683749,
          1.308387
        ],
        [
          0.0,
          0.0,
          0.0,
          1.0
        ]
      ]
    },
    {
      "file_path": "/media/NFS/ttao/scannet/posed_images/scene0332_01/00029.jpg",
      "transform_matrix": [
        [
          0.930423,
          -0.262754,
          0.255485,
          2.161768
        ],
        [
          -0.366086,
          -0.633749,
          0.681428,
          5.066848
        ],
        [
          -0.017134,
          -0.727546,
          -0.685845,
          1.309211
        ],
        [
          0.0,
          0.0,
          0.0,
          1.0
        ]
      ]
    },
    {
      "file_path": "/media/NFS/ttao/scannet/posed_images/scene0332_01/00031.jpg",
      "transform_matrix": [
        [
          0.927745,
          -0.263975,
          0.263831,
          2.162968
        ],
        [
          -0.373068,
          -0.636076,
          0.675446,
          5.069644
        ],
        [
          -0.010484,
          -0.725069,
          -0.688597,
          1.31346
        ],
        [
          0.0,
          0.0,
          0.0,
          1.0
        ]
      ]
    },
    {
      "file_path": "/media/NFS/ttao/scannet/posed_images/scene0332_01/00037.jpg",
      "transform_matrix": [
        [
          0.924478,
          -0.269485,
          0.269662,
          2.169476
        ],
        [
          -0.38104,
          -0.630552,
          0.676175,
          5.067256
        ],
        [
          -0.012183,
          -0.727861,
          -0.685616,
          1.323069
        ],
        [
          0.0,
          0.0,
          0.0,
          1.0
        ]
      ]
    },
    {
      "file_path": "/media/NFS/ttao/scannet/posed_images/scene0332_01/00040.jpg",
      "transform_matrix": [
        [
          0.919785,
          -0.278266,
          0.2767,
          2.172288
        ],
        [
          -0.391905,
          -0.615184,
          0.684075,
          5.059586
        ],
        [
          -0.020133,
          -0.737642,
          -0.674892,
          1.322355
        ],
        [
          0.0,
          0.0,
          0.0,
          1.0
        ]
      ]
    },
    {
      "file_path": "/media/NFS/ttao/scannet/posed_images/scene0332_01/00042.jpg",
      "transform_matrix": [
        [
          0.916221,
          -0.286269,
          0.280338,
          2.177021
        ],
        [
          -0.399892,
          -0.609634,
          0.684422,
          5.059566
        ],
        [
          -0.025025,
          -0.739186,
          -0.673036,
          1.325752
        ],
        [
          0.0,
          0.0,
          0.0,
          1.0
        ]
      ]
    },
    {
      "file_path": "/media/NFS/ttao/scannet/posed_images/scene0332_01/00048.jpg",
      "transform_matrix": [
        [
          0.909363,
          -0.300271,
          0.287917,
          2.193151
        ],
        [
          -0.414767,
          -0.601103,
          0.683113,
          5.058049
        ],
        [
          -0.032052,
          -0.740616,
          -0.671163,
          1.327973
        ],
        [
          0.0,
          0.0,
          0.0,
          1.0
        ]
      ]
    },
    {
      "file_path": "/media/NFS/ttao/scannet/posed_images/scene0332_01/00049.jpg",
      "transform_matrix": [
        [
          0.908159,
          -0.302946,
          0.288913,
          2.195756
        ],
        [
          -0.417255,
          -0.599265,
          0.683213,
          5.058081
        ],
        [
          -0.033841,
          -0.741017,
          -0.670634,
          1.327294
        ],
        [
          0.0,
          0.0,
          0.0,
          1.0
        ]
      ]
    },
    {
      "file_path": "/media/NFS/ttao/scannet/posed_images/scene0332_01/00053.jpg",
      "transform_matrix": [
        [
          0.902936,
          -0.313603,
          0.29387,
          2.204439
        ],
        [
          -0.427901,
          -0.592204,
          0.682785,
          5.053514
        ],
        [
          -0.040092,
          -0.742258,
          -0.668914,
          1.318651
        ],
        [
          0.0,
          0.0,
          0.0,
          1.0
        ]
      ]
    },
    {
      "file_path": "/media/NFS/ttao/scannet/posed_images/scene0332_01/00059.jpg",
      "transform_matrix": [
        [
          0.888672,
          -0.337137,
          0.310806,
          2.224871
        ],
        [
          -0.456488,
          -0.586342,
          0.669195,
          5.057261
        ],
        [
          -0.043372,
          -0.736574,
          -0.674965,
          1.317393
        ],
        [
          0.0,
          0.0,
          0.0,
          1.0
        ]
      ]
    },
    {
      "file_path": "/media/NFS/ttao/scannet/posed_images/scene0332_01/00063.jpg",
      "transform_matrix": [
        [
          0.873889,
          -0.35332,
          0.33389,
          2.245109
        ],
        [
          -0.484736,
          -0.581448,
          0.653413,
          5.071431
        ],
        [
          -0.036724,
          -0.732859,
          -0.679389,
          1.332052
        ],
        [
          0.0,
          0.0,
          0.0,
          1.0
        ]
      ]
    },
    {
      "file_path": "/media/NFS/ttao/scannet/posed_images/scene0332_01/00064.jpg",
      "transform_matrix": [
        [
          0.871806,
          -0.354061,
          0.33852,
          2.252278
        ],
        [
          -0.488626,
          -0.579704,
          0.652064,
          5.071581
        ],
        [
          -0.034629,
          -0.733883,
          -0.678393,
          1.334115
        ],
        [
          0.0,
          0.0,
          0.0,
          1.0
        ]
      ]
    },
    {
      "file_path": "/media/NFS/ttao/scannet/posed_images/scene0332_01/00067.jpg",
      "transform_matrix": [
        [
          0.861174,
          -0.360217,
          0.35864,
          2.268974
        ],
        [
          -0.507546,
          -0.570705,
          0.645517,
          5.075099
        ],
        [
          -0.027848,
          -0.737929,
          -0.674303,
          1.343255
        ],
        [
          0.0,
          0.0,
          0.0,
          1.0
        ]
      ]
    },
    {
      "file_path": "/media/NFS/ttao/scannet/posed_images/scene0332_01/00072.jpg",
      "transform_matrix": [
        [
          0.835085,
          -0.36961,
          0.407457,
          2.291389
        ],
        [
          -0.549366,
          -0.521525,
          0.652846,
          5.070386
        ],
        [
          -0.028799,
          -0.769025,
          -0.638569,
          1.359787
        ],
        [
          0.0,
          0.0,
          0.0,
          1.0
        ]
      ]
    },
    {
      "file_path": "/media/NFS/ttao/scannet/posed_images/scene0332_01/00075.jpg",
      "transform_matrix": [
        [
          0.82132,
          -0.371875,
          0.432598,
          2.308183
        ],
        [
          -0.56993,
          -0.501992,
          0.650526,
          5.068202
        ],
        [
          -0.024753,
          -0.780841,
          -0.62424,
          1.372525
        ],
        [
          0.0,
          0.0,
          0.0,
          1.0
        ]
      ]
    },
    {
      "file_path": "/media/NFS/ttao/scannet/posed_images/scene0332_01/00082.jpg",
      "transform_matrix": [
        [
          0.79315,
          -0.369547,
          0.484096,
          2.317134
        ],
        [
          -0.60846,
          -0.446514,
          0.656051,
          5.056606
        ],
        [
          -0.026286,
          -0.814899,
          -0.579007,
          1.391557
        ],
        [
          0.0,
          0.0,
          0.0,
          1.0
        ]
      ]
    },
    {
      "file_path": "/media/NFS/ttao/scannet/posed_images/scene0332_01/00086.jpg",
      "transform_matrix": [
        [
          0.780881,
          -0.37856,
          0.496908,
          2.323758
        ],
        [
          -0.623775,
          -0.429733,
          0.652866,
          5.048363
        ],
        [
          -0.033611,
          -0.819769,
          -0.571707,
          1.399287
        ],
        [
          0.0,
          0.0,
          0.0,
          1.0
        ]
      ]
    },
    {
      "file_path": "/media/NFS/ttao/scannet/posed_images/scene0332_01/00089.jpg",
      "transform_matrix": [
        [
          0.775909,
          -0.384615,
          0.500036,
          2.326638
        ],
        [
          -0.629341,
          -0.417237,
          0.655624,
          5.041765
        ],
        [
          -0.04353,
          -0.823398,
          -0.565792,
          1.402226
        ],
        [
          0.0,
          0.0,
          0.0,
          1.0
        ]
      ]
    },
    {
      "file_path": "/media/NFS/ttao/scannet/posed_images/scene0332_01/00090.jpg",
      "transform_matrix": [
        [
          0.774655,
          -0.385928,
          0.500969,
          2.327592
        ],
        [
          -0.630367,
          -0.408023,
          0.66042,
          5.035746
        ],
        [
          -0.050468,
          -0.827392,
          -0.559353,
          1.398079
        ],
        [
          0.0,
          0.0,
          0.0,
          1.0
        ]
      ]
    },
    {
      "file_path": "/media/NFS/ttao/scannet/posed_images/scene0332_01/00095.jpg",
      "transform_matrix": [
        [
          0.768377,
          -0.395428,
          0.503222,
          2.331384
        ],
        [
          -0.6371,
          -0.397868,
          0.660155,
          5.030425
        ],
        [
          -0.060828,
          -0.827851,
          -0.55764,
          1.400826
        ],
        [
          0.0,
          0.0,
          0.0,
          1.0
        ]
      ]
    },
    {
      "file_path": "/media/NFS/ttao/scannet/posed_images/scene0332_01/00100.jpg",
      "transform_matrix": [
        [
          0.759392,
          -0.403975,
          0.510027,
          2.340035
        ],
        [
          -0.646638,
          -0.381869,
          0.66033,
          5.019849
        ],
        [
          -0.071993,
          -0.831252,
          -0.551214,
          1.40221
        ],
        [
          0.0,
          0.0,
          0.0,
          1.0
        ]
      ]
    },
    {
      "file_path": "/media/NFS/ttao/scannet/posed_images/scene0332_01/00102.jpg",
      "transform_matrix": [
        [
          0.752848,
          -0.405602,
          0.518369,
          2.34009
        ],
        [
          -0.653926,
          -0.371378,
          0.659135,
          5.017818
        ],
        [
          -0.074835,
          -0.835204,
          -0.544825,
          1.40262
        ],
        [
          0.0,
          0.0,
          0.0,
          1.0
        ]
      ]
    },
    {
      "file_path": "/media/NFS/ttao/scannet/posed_images/scene0332_01/00106.jpg",
      "transform_matrix": [
        [
          0.730666,
          -0.412437,
          0.54408,
          2.351313
        ],
        [
          -0.678846,
          -0.353939,
          0.643347,
          5.009796
        ],
        [
          -0.072769,
          -0.839418,
          -0.538593,
          1.408321
        ],
        [
          0.0,
          0.0,
          0.0,
          1.0
        ]
      ]
    },
    {
      "file_path": "/media/NFS/ttao/scannet/posed_images/scene0332_01/00112.jpg",
      "transform_matrix": [
        [
          0.694967,
          -0.432628,
          0.574329,
          2.380586
        ],
        [
          -0.71507,
          -0.331992,
          0.615189,
          4.986739
        ],
        [
          -0.075475,
          -0.838221,
          -0.540082,
          1.404359
        ],
        [
          0.0,
          0.0,
          0.0,
          1.0
        ]
      ]
    },
    {
      "file_path": "/media/NFS/ttao/scannet/posed_images/scene0332_01/00115.jpg",
      "transform_matrix": [
        [
          0.686511,
          -0.442325,
          0.577105,
          2.395793
        ],
        [
          -0.721593,
          -0.316781,
          0.615592,
          4.975747
        ],
        [
          -0.089476,
          -0.839046,
          -0.536653,
          1.40265
        ],
        [
          0.0,
          0.0,
          0.0,
          1.0
        ]
      ]
    },
    {
      "file_path": "/media/NFS/ttao/scannet/posed_images/scene0332_01/00118.jpg",
      "transform_matrix": [
        [
          0.681561,
          -0.446259,
          0.579938,
          2.414792
        ],
        [
          -0.724683,
          -0.301658,
          0.619545,
          4.963447
        ],
        [
          -0.101534,
          -0.842529,
          -0.528995,
          1.40104
        ],
        [
          0.0,
          0.0,
          0.0,
          1.0
        ]
      ]
    },
    {
      "file_path": "/media/NFS/ttao/scannet/posed_images/scene0332_01/00123.jpg",
      "transform_matrix": [
        [
          0.641256,
          -0.46273,
          0.612104,
          2.450267
        ],
        [
          -0.761174,
          -0.282785,
          0.58365,
          4.9483
        ],
        [
          -0.096979,
          -0.840187,
          -0.533556,
          1.41187
        ],
        [
          0.0,
          0.0,
          0.0,
          1.0
        ]
      ]
    },
    {
      "file_path": "/media/NFS/ttao/scannet/posed_images/scene0332_01/00126.jpg",
      "transform_matrix": [
        [
          0.62164,
          -0.466963,
          0.628895,
          2.474152
        ],
        [
          -0.777099,
          -0.266808,
          0.570026,
          4.933354
        ],
        [
          -0.098387,
          -0.843065,
          -0.528736,
          1.415115
        ],
        [
          0.0,
          0.0,
          0.0,
          1.0
        ]
      ]
    },
    {
      "file_path": "/media/NFS/ttao/scannet/posed_images/scene0332_01/00131.jpg",
      "transform_matrix": [
        [
          0.603774,
          -0.473817,
          0.641058,
          2.526879
        ],
        [
          -0.791577,
          -0.26139,
          0.552341,
          4.907148
        ],
        [
          -0.094143,
          -0.840936,
          -0.532883,
          1.412187
        ],
        [
          0.0,
          0.0,
          0.0,
          1.0
        ]
      ]
    },
    {
      "file_path": "/media/NFS/ttao/scannet/posed_images/scene0332_01/00135.jpg",
      "transform_matrix": [
        [
          0.595995,
          -0.48182,
          0.64237,
          2.566223
        ],
        [
          -0.798764,
          -0.273791,
          0.535738,
          4.88911
        ],
        [
          -0.082255,
          -0.832399,
          -0.548039,
          1.413467
        ],
        [
          0.0,
          0.0,
          0.0,
          1.0
        ]
      ]
    },
    {
      "file_path": "/media/NFS/ttao/scannet/posed_images/scene0332_01/00137.jpg",
      "transform_matrix": [
        [
          0.592131,
          -0.484894,
          0.643629,
          2.58446
        ],
        [
          -0.801415,
          -0.270739,
          0.533324,
          4.880209
        ],
        [
          -0.084351,
          -0.831612,
          -0.548914,
          1.410839
        ],
        [
          0.0,
          0.0,
          0.0,
          1.0
        ]
      ]
    },
    {
      "file_path": "/media/NFS/ttao/scannet/posed_images/scene0332_01/00142.jpg",
      "transform_matrix": [
        [
          0.591931,
          -0.479119,
          0.648122,
          2.618611
        ],
        [
          -0.800414,
          -0.255025,
          0.542493,
          4.859765
        ],
        [
          -0.094631,
          -0.839885,
          -0.534451,
          1.406855
        ],
        [
          0.0,
          0.0,
          0.0,
          1.0
        ]
      ]
    },
    {
      "file_path": "/media/NFS/ttao/scannet/posed_images/scene0332_01/00144.jpg",
      "transform_matrix": [
        [
          0.590149,
          -0.488001,
          0.643101,
          2.631505
        ],
        [
          -0.800782,
          -0.252886,
          0.542952,
          4.853986
        ],
        [
          -0.10233,
          -0.835406,
          -0.540023,
          1.407419
        ],
        [
          0.0,
          0.0,
          0.0,
          1.0
        ]
      ]
    },
    {
      "file_path": "/media/NFS/ttao/scannet/posed_images/scene0332_01/00147.jpg",
      "transform_matrix": [
        [
          0.583652,
          -0.498591,
          0.640903,
          2.648056
        ],
        [
          -0.803926,
          -0.243755,
          0.542482,
          4.845913
        ],
        [
          -0.114254,
          -0.831859,
          -0.543098,
          1.408903
        ],
        [
          0.0,
          0.0,
          0.0,
          1.0
        ]
      ]
    },
    {
      "file_path": "/media/NFS/ttao/scannet/posed_images/scene0332_01/00154.jpg",
      "transform_matrix": [
        [
          0.516445,
          -0.517016,
          0.682627,
          2.681473
        ],
        [
          -0.84901,
          -0.205208,
          0.4869,
          4.828726
        ],
        [
          -0.111654,
          -0.831014,
          -0.544931,
          1.406543
        ],
        [
          0.0,
          0.0,
          0.0,
          1.0
        ]
      ]
    },
    {
      "file_path": "/media/NFS/ttao/scannet/posed_images/scene0332_01/00155.jpg",
      "transform_matrix": [
        [
          0.508789,
          -0.522133,
          0.684479,
          2.68373
        ],
        [
          -0.853862,
          -0.204668,
          0.478571,
          4.828839
        ],
        [
          -0.109787,
          -0.827942,
          -0.549963,
          1.405988
        ],
        [
          0.0,
          0.0,
          0.0,
          1.0
        ]
      ]
    },
    {
      "file_path": "/media/NFS/ttao/scannet/posed_images/scene0332_01/00159.jpg",
      "transform_matrix": [
        [
          0.488581,
          -0.527884,
          0.694714,
          2.690001
        ],
        [
          -0.866729,
          -0.202066,
          0.456016,
          4.834441
        ],
        [
          -0.100345,
          -0.824929,
          -0.556258,
          1.405955
        ],
        [
          0.0,
          0.0,
          0.0,
          1.0
        ]
      ]
    },
    {
      "file_path": "/media/NFS/ttao/scannet/posed_images/scene0332_01/00166.jpg",
      "transform_matrix": [
        [
          0.44124,
          -0.542056,
          0.71518,
          2.695063
        ],
        [
          -0.892898,
          -0.185557,
          0.410246,
          4.871229
        ],
        [
          -0.089669,
          -0.8196,
          -0.565876,
          1.407079
        ],
        [
          0.0,
          0.0,
          0.0,
          1.0
        ]
      ]
    },
    {
      "file_path": "/media/NFS/ttao/scannet/posed_images/scene0332_01/00169.jpg",
      "transform_matrix": [
        [
          0.429149,
          -0.543595,
          0.721343,
          2.691037
        ],
        [
          -0.898841,
          -0.17835,
          0.400345,
          4.892756
        ],
        [
          -0.088974,
          -0.82018,
          -0.565144,
          1.408502
        ],
        [
          0.0,
          0.0,
          0.0,
          1.0
        ]
      ]
    },
    {
      "file_path": "/media/NFS/ttao/scannet/posed_images/scene0332_01/00171.jpg",
      "transform_matrix": [
        [
          0.406689,
          -0.550791,
          0.728858,
          2.684971
        ],
        [
          -0.908942,
          -0.163772,
          0.383411,
          4.918476
        ],
        [
          -0.091812,
          -0.818418,
          -0.567241,
          1.412928
        ],
        [
          0.0,
          0.0,
          0.0,
          1.0
        ]
      ]
    },
    {
      "file_path": "/media/NFS/ttao/scannet/posed_images/scene0332_01/00175.jpg",
      "transform_matrix": [
        [
          0.378323,
          -0.561163,
          0.736185,
          2.672708
        ],
        [
          -0.922016,
          -0.157813,
          0.353526,
          4.945183
        ],
        [
          -0.082206,
          -0.812521,
          -0.577106,
          1.414682
        ],
        [
          0.0,
          0.0,
          0.0,
          1.0
        ]
      ]
    },
    {
      "file_path": "/media/NFS/ttao/scannet/posed_images/scene0332_01/00180.jpg",
      "transform_matrix": [
        [
          0.301401,
          -0.580452,
          0.756461,
          2.657979
        ],
        [
          -0.95195,
          -0.138001,
          0.273399,
          4.981404
        ],
        [
          -0.054302,
          -0.802516,
          -0.594155,
          1.415735
        ],
        [
          0.0,
          0.0,
          0.0,
          1.0
        ]
      ]
    },
    {
      "file_path": "/media/NFS/ttao/scannet/posed_images/scene0332_01/00185.jpg",
      "transform_matrix": [
        [
          0.236142,
          -0.582677,
          0.77764,
          2.639229
        ],
        [
          -0.969701,
          -0.089758,
          0.227209,
          4.990412
        ],
        [
          -0.06259,
          -0.807732,
          -0.586218,
          1.4099
        ],
        [
          0.0,
          0.0,
          0.0,
          1.0
        ]
      ]
    },
    {
      "file_path": "/media/NFS/ttao/scannet/posed_images/scene0332_01/00186.jpg",
      "transform_matrix": [
        [
          0.230148,
          -0.582579,
          0.779508,
          2.63641
        ],
        [
          -0.970914,
          -0.083123,
          0.224537,
          4.989308
        ],
        [
          -0.066015,
          -0.808512,
          -0.584765,
          1.409516
        ],
        [
          0.0,
          0.0,
          0.0,
          1.0
        ]
      ]
    },
    {
      "file_path": "/media/NFS/ttao/scannet/posed_images/scene0332_01/00191.jpg",
      "transform_matrix": [
        [
          0.18283,
          -0.584092,
          0.790829,
          2.62621
        ],
        [
          -0.980769,
          -0.052472,
          0.187987,
          5.004512
        ],
        [
          -0.068306,
          -0.80999,
          -0.582452,
          1.413822
        ],
        [
          0.0,
          0.0,
          0.0,
          1.0
        ]
      ]
    },
    {
      "file_path": "/media/NFS/ttao/scannet/posed_images/scene0332_01/00196.jpg",
      "transform_matrix": [
        [
          0.161286,
          -0.583211,
          0.796148,
          2.618004
        ],
        [
          -0.985087,
          -0.046164,
          0.165746,
          4.991465
        ],
        [
          -0.059912,
          -0.811008,
          -0.58196,
          1.413758
        ],
        [
          0.0,
          0.0,
          0.0,
          1.0
        ]
      ]
    },
    {
      "file_path": "/media/NFS/ttao/scannet/posed_images/scene0332_01/00200.jpg",
      "transform_matrix": [
        [
          0.147083,
          -0.576278,
          0.80391,
          2.610041
        ],
        [
          -0.987273,
          -0.035833,
          0.154944,
          4.989923
        ],
        [
          -0.060485,
          -0.816468,
          -0.574214,
          1.412315
        ],
        [
          0.0,
          0.0,
          0.0,
          1.0
        ]
      ]
    },
    {
      "file_path": "/media/NFS/ttao/scannet/posed_images/scene0332_01/00202.jpg",
      "transform_matrix": [
        [
          0.128147,
          -0.568743,
          0.812471,
          2.605682
        ],
        [
          -0.989113,
          -0.01353,
          0.146537,
          4.982424
        ],
        [
          -0.072349,
          -0.822404,
          -0.564285,
          1.411004
        ],
        [
          0.0,
          0.0,
          0.0,
          1.0
        ]
      ]
    },
    {
      "file_path": "/media/NFS/ttao/scannet/posed_images/scene0332_01/00208.jpg",
      "transform_matrix": [
        [
          0.085196,
          -0.562963,
          0.822079,
          2.602795
        ],
        [
          -0.993196,
          0.017764,
          0.115095,
          4.960939
        ],
        [
          -0.079398,
          -0.826291,
          -0.557619,
          1.404523
        ],
        [
          0.0,
          0.0,
          0.0,
          1.0
        ]
      ]
    },
    {
      "file_path": "/media/NFS/ttao/scannet/posed_images/scene0332_01/00211.jpg",
      "transform_matrix": [
        [
          0.056377,
          -0.56098,
          0.825908,
          2.598522
        ],
        [
          -0.995132,
          0.035396,
          0.091971,
          4.966018
        ],
        [
          -0.080828,
          -0.827072,
          -0.556254,
          1.405852
        ],
        [
          0.0,
          0.0,
          0.0,
          1.0
        ]
      ]
    },
    {
      "file_path": "/media/NFS/ttao/scannet/posed_images/scene0332_01/00212.jpg",
      "transform_matrix": [
        [
          0.052258,
          -0.559694,
          0.82705,
          2.598047
        ],
        [
          -0.995302,
          0.0384,
          0.088876,
          4.960799
        ],
        [
          -0.081503,
          -0.827809,
          -0.555058,
          1.406373
        ],
        [
          0.0,
          0.0,
          0.0,
          1.0
        ]
      ]
    },
    {
      "file_path": "/media/NFS/ttao/scannet/posed_images/scene0332_01/00217.jpg",
      "transform_matrix": [
        [
          0.019554,
          -0.55262,
          0.833204,
          2.596599
        ],
        [
          -0.996275,
          0.059237,
          0.06267,
          4.945489
        ],
        [
          -0.083989,
          -0.831326,
          -0.549403,
          1.404924
        ],
        [
          0.0,
          0.0,
          0.0,
          1.0
        ]
      ]
    },
    {
      "file_path": "/media/NFS/ttao/scannet/posed_images/scene0332_01/00220.jpg",
      "transform_matrix": [
        [
          -0.005415,
          -0.551181,
          0.834368,
          2.596447
        ],
        [
          -0.996834,
          0.069166,
          0.039222,
          4.950077
        ],
        [
          -0.079328,
          -0.831514,
          -0.54981,
          1.40529
        ],
        [
          0.0,
          0.0,
          0.0,
          1.0
        ]
      ]
    },
    {
      "file_path": "/media/NFS/ttao/scannet/posed_images/scene0332_01/00224.jpg",
      "transform_matrix": [
        [
          -0.026661,
          -0.552209,
          0.83328,
          2.59924
        ],
        [
          -0.996772,
          0.07783,
          0.019685,
          4.933105
        ],
        [
          -0.075724,
          -0.830065,
          -0.552501,
          1.407179
        ],
        [
          0.0,
          0.0,
          0.0,
          1.0
        ]
      ]
    },
    {
      "file_path": "/media/NFS/ttao/scannet/posed_images/scene0332_01/00227.jpg",
      "transform_matrix": [
        [
          -0.048376,
          -0.551637,
          0.83268,
          2.600486
        ],
        [
          -0.996488,
          0.083704,
          -0.00244,
          4.927993
        ],
        [
          -0.068353,
          -0.829874,
          -0.553749,
          1.406068
        ],
        [
          0.0,
          0.0,
          0.0,
          1.0
        ]
      ]
    },
    {
      "file_path": "/media/NFS/ttao/scannet/posed_images/scene0332_01/00232.jpg",
      "transform_matrix": [
        [
          -0.092555,
          -0.553605,
          0.82762,
          2.608976
        ],
        [
          -0.994262,
          0.09616,
          -0.046868,
          4.920474
        ],
        [
          -0.053638,
          -0.827209,
          -0.559329,
          1.412473
        ],
        [
          0.0,
          0.0,
          0.0,
          1.0
        ]
      ]
    },
    {
      "file_path": "/media/NFS/ttao/scannet/posed_images/scene0332_01/00235.jpg",
      "transform_matrix": [
        [
          -0.138236,
          -0.545875,
          0.826384,
          2.611835
        ],
        [
          -0.989119,
          0.118509,
          -0.087175,
          4.904362
        ],
        [
          -0.050348,
          -0.829443,
          -0.556318,
          1.413246
        ],
        [
          0.0,
          0.0,
          0.0,
          1.0
        ]
      ]
    },
    {
      "file_path": "/media/NFS/ttao/scannet/posed_images/scene0332_01/00242.jpg",
      "transform_matrix": [
        [
          -0.228619,
          -0.505704,
          0.831864,
          2.612978
        ],
        [
          -0.971803,
          0.169219,
          -0.164207,
          4.873126
        ],
        [
          -0.057727,
          -0.845948,
          -0.530131,
          1.408563
        ],
        [
          0.0,
          0.0,
          0.0,
          1.0
        ]
      ]
    },
    {
      "file_path": "/media/NFS/ttao/scannet/posed_images/scene0332_01/00246.jpg",
      "transform_matrix": [
        [
          -0.27452,
          -0.464833,
          0.841765,
          2.613642
        ],
        [
          -0.95737,
          0.213966,
          -0.194067,
          4.847792
        ],
        [
          -0.0899,
          -0.859156,
          -0.503755,
          1.40758
        ],
        [
          0.0,
          0.0,
          0.0,
          1.0
        ]
      ]
    },
    {
      "file_path": "/media/NFS/ttao/scannet/posed_images/scene0332_01/00248.jpg",
      "transform_matrix": [
        [
          -0.300604,
          -0.4457,
          0.843202,
          2.616249
        ],
        [
          -0.948728,
          0.230335,
          -0.216473,
          4.835616
        ],
        [
          -0.097737,
          -0.865042,
          -0.492088,
          1.405612
        ],
        [
          0.0,
          0.0,
          0.0,
          1.0
        ]
      ]
    },
    {
      "file_path": "/media/NFS/ttao/scannet/posed_images/scene0332_01/00254.jpg",
      "transform_matrix": [
        [
          -0.367529,
          -0.417272,
          0.831148,
          2.6289
        ],
        [
          -0.925629,
          0.250784,
          -0.283404,
          4.799972
        ],
        [
          -0.090182,
          -0.873494,
          -0.478409,
          1.410328
        ],
        [
          0.0,
          0.0,
          0.0,
          1.0
        ]
      ]
    },
    {
      "file_path": "/media/NFS/ttao/scannet/posed_images/scene0332_01/00257.jpg",
      "transform_matrix": [
        [
          -0.371161,
          -0.404203,
          0.835978,
          2.640425
        ],
        [
          -0.925254,
          0.236989,
          -0.296211,
          4.786574
        ],
        [
          -0.078388,
          -0.883434,
          -0.461952,
          1.416724
        ],
        [
          0.0,
          0.0,
          0.0,
          1.0
        ]
      ]
    },
    {
      "file_path": "/media/NFS/ttao/scannet/posed_images/scene0332_01/00259.jpg",
      "transform_matrix": [
        [
          -0.369043,
          -0.393016,
          0.842226,
          2.648506
        ],
        [
          -0.926746,
          0.224201,
          -0.301457,
          4.778045
        ],
        [
          -0.070351,
          -0.89178,
          -0.446966,
          1.424473
        ],
        [
          0.0,
          0.0,
          0.0,
          1.0
        ]
      ]
    },
    {
      "file_path": "/media/NFS/ttao/scannet/posed_images/scene0332_01/00262.jpg",
      "transform_matrix": [
        [
          -0.364537,
          -0.392813,
          0.844282,
          2.664932
        ],
        [
          -0.929645,
          0.205708,
          -0.305686,
          4.760863
        ],
        [
          -0.053598,
          -0.896316,
          -0.440164,
          1.430547
        ],
        [
          0.0,
          0.0,
          0.0,
          1.0
        ]
      ]
    },
    {
      "file_path": "/media/NFS/ttao/scannet/posed_images/scene0332_01/00266.jpg",
      "transform_matrix": [
        [
          -0.360375,
          -0.400672,
          0.842373,
          2.679068
        ],
        [
          -0.932037,
          0.191369,
          -0.30771,
          4.73965
        ],
        [
          -0.037913,
          -0.896013,
          -0.442406,
          1.427204
        ],
        [
          0.0,
          0.0,
          0.0,
          1.0
        ]
      ]
    },
    {
      "file_path": "/media/NFS/ttao/scannet/posed_images/scene0332_01/00270.jpg",
      "transform_matrix": [
        [
          -0.369537,
          -0.412957,
          0.832412,
          2.69654
        ],
        [
          -0.927999,
          0.209847,
          -0.307867,
          4.725101
        ],
        [
          -0.047544,
          -0.886245,
          -0.46077,
          1.426175
        ],
        [
          0.0,
          0.0,
          0.0,
          1.0
        ]
      ]
    },
    {
      "file_path": "/media/NFS/ttao/scannet/posed_images/scene0332_01/00273.jpg",
      "transform_matrix": [
        [
          -0.402882,
          -0.404053,
          0.821235,
          2.711225
        ],
        [
          -0.913398,
          0.234586,
          -0.332678,
          4.710487
        ],
        [
          -0.058231,
          -0.884144,
          -0.463572,
          1.428969
        ],
        [
          0.0,
          0.0,
          0.0,
          1.0
        ]
      ]
    },
    {
      "file_path": "/media/NFS/ttao/scannet/posed_images/scene0332_01/00279.jpg",
      "transform_matrix": [
        [
          -0.499034,
          -0.370256,
          0.783502,
          2.752975
        ],
        [
          -0.864033,
          0.281892,
          -0.417114,
          4.689353
        ],
        [
          -0.066424,
          -0.885126,
          -0.460588,
          1.44212
        ],
        [
          0.0,
          0.0,
          0.0,
          1.0
        ]
      ]
    },
    {
      "file_path": "/media/NFS/ttao/scannet/posed_images/scene0332_01/00281.jpg",
      "transform_matrix": [
        [
          -0.532834,
          -0.359228,
          0.766187,
          2.767763
        ],
        [
          -0.842949,
          0.30485,
          -0.443288,
          4.69421
        ],
        [
          -0.074331,
          -0.882056,
          -0.465245,
          1.443775
        ],
        [
          0.0,
          0.0,
          0.0,
          1.0
        ]
      ]
    },
    {
      "file_path": "/media/NFS/ttao/scannet/posed_images/scene0332_01/00288.jpg",
      "transform_matrix": [
        [
          -0.587864,
          -0.322714,
          0.741803,
          2.806898
        ],
        [
          -0.805562,
          0.317481,
          -0.500275,
          4.731352
        ],
        [
          -0.074063,
          -0.891662,
          -0.446602,
          1.454988
        ],
        [
          0.0,
          0.0,
          0.0,
          1.0
        ]
      ]
    },
    {
      "file_path": "/media/NFS/ttao/scannet/posed_images/scene0332_01/00289.jpg",
      "transform_matrix": [
        [
          -0.593336,
          -0.316173,
          0.740262,
          2.811252
        ],
        [
          -0.801772,
          0.313835,
          -0.508596,
          4.738274
        ],
        [
          -0.071516,
          -0.895289,
          -0.439708,
          1.456321
        ],
        [
          0.0,
          0.0,
          0.0,
          1.0
        ]
      ]
    },
    {
      "file_path": "/media/NFS/ttao/scannet/posed_images/scene0332_01/00295.jpg",
      "transform_matrix": [
        [
          -0.642206,
          -0.305162,
          0.703169,
          2.845905
        ],
        [
          -0.76519,
          0.309469,
          -0.564547,
          4.788054
        ],
        [
