{
  "frames": [
    {
      "file_path": "/media/NFS/ttao/scannet/posed_images/scene0670_00/00003.jpg",
      "transform_matrix": [
        [
          -0.772636,
          0.161916,
          -0.613854,
          2.20343
        ],
        [
          0.634079,
          0.244438,
          -0.733617,
          2.2609
        ],
        [
          0.031265,
          -0.956051,
          -0.291529,
          1.444963
        ],
        [
          0.0,
          0.0,
          0.0,
          1.0
        ]
      ]
    },
    {
      "file_path": "/media/NFS/ttao/scannet/posed_images/scene0670_00/00009.jpg",
      "transform_matrix": [
        [
          -0.769208,
          0.162484,
          -0.617995,
          2.203826
        ],
        [
          0.638083,
          0.247058,
          -0.729255,
          2.25952
        ],
        [
          0.034189,
          -0.955281,
          -0.293717,
          1.440307
        ],
        [
          0.0,
          0.0,
          0.0,
          1.0
        ]
      ]
    },
    {
      "file_path": "/media/NFS/ttao/scannet/posed_images/scene0670_00/00018.jpg",
      "transform_matrix": [
        [
          -0.762548,
          0.158665,
          -0.627173,
          2.215539
        ],
        [
          0.645817,
          0.243581,
          -0.723594,
          2.249158
        ],
        [
          0.037959,
          -0.956814,
          -0.288211,
          1.424073
        ],
        [
          0.0,
          0.0,
          0.0,
          1.0
        ]
      ]
    },
    {
      "file_path": "/media/NFS/ttao/scannet/posed_images/scene0670_00/00030.jpg",
      "transform_matrix": [
        [
          -0.769059,
          0.162669,
          -0.618132,
          2.207884
        ],
        [
          0.638177,
          0.24953,
          -0.728331,
          2.249294
        ],
        [
          0.035765,
          -0.954607,
          -0.295715,
          1.425736
        ],
        [
          0.0,
          0.0,
          0.0,
          1.0
        ]
      ]
    },
    {
      "file_path": "/media/NFS/ttao/scannet/posed_images/scene0670_00/00039.jpg",
      "transform_matrix": [
        [
          -0.773181,
          0.179174,
          -0.608349,
          2.197686
        ],
        [
          0.633459,
          0.264108,
          -0.727309,
          2.247659
        ],
        [
          0.030355,
          -0.947705,
          -0.317702,
          1.399267
        ],
        [
          0.0,
          0.0,
          0.0,
          1.0
        ]
      ]
    },
    {
      "file_path": "/media/NFS/ttao/scannet/posed_images/scene0670_00/00051.jpg",
      "transform_matrix": [
        [
          -0.813009,
          0.228505,
          -0.53554,
          2.154169
        ],
        [
          0.581616,
          0.275755,
          -0.765299,
          2.24481
        ],
        [
          -0.027196,
          -0.933673,
          -0.357093,
          1.382461
        ],
        [
          0.0,
          0.0,
          0.0,
          1.0
        ]
      ]
    },
    {
      "file_path": "/media/NFS/ttao/scannet/posed_images/scene0670_00/00058.jpg",
      "transform_matrix": [
        [
          -0.805299,
          0.212438,
          -0.553502,
          2.14289
        ],
        [
          0.592869,
          0.286964,
          -0.752435,
          2.231147
        ],
        [
          -0.00101,
          -0.934089,
          -0.357039,
          1.390277
        ],
        [
          0.0,
          0.0,
          0.0,
          1.0
        ]
      ]
    },
    {
      "file_path": "/media/NFS/ttao/scannet/posed_images/scene0670_00/00076.jpg",
      "transform_matrix": [
        [
          -0.716086,
          0.105852,
          -0.689939,
          2.216679
        ],
        [
          0.69606,
          0.182155,
          -0.694492,
          2.194286
        ],
        [
          0.052163,
          -0.977555,
          -0.204118,
          1.447935
        ],
        [
          0.0,
          0.0,
          0.0,
          1.0
        ]
      ]
    },
    {
      "file_path": "/media/NFS/ttao/scannet/posed_images/scene0670_00/00082.jpg",
      "transform_matrix": [
        [
          -0.697332,
          0.108938,
          -0.708421,
          2.260314
        ],
        [
          0.715793,
          0.156855,
          -0.680468,
          2.179698
        ],
        [
          0.03699,
          -0.981595,
          -0.187357,
          1.444749
        ],
        [
          0.0,
          0.0,
          0.0,
          1.0
        ]
      ]
    },
    {
      "file_path": "/media/NFS/ttao/scannet/posed_images/scene0670_00/00097.jpg",
      "transform_matrix": [
        [
          -0.612171,
          0.188885,
          -0.767834,
          2.299167
        ],
        [
          0.789576,
          0.198375,
          -0.580705,
          2.147223
        ],
        [
          0.042633,
          -0.961754,
          -0.270578,
          1.439766
        ],
        [
          0.0,
          0.0,
          0.0,
          1.0
        ]
      ]
    },
    {
      "file_path": "/media/NFS/ttao/scannet/posed_images/scene0670_00/00100.jpg",
      "transform_matrix": [
        [
          -0.605971,
          0.172219,
          -0.776621,
          2.307009
        ],
        [
          0.793919,
          0.192207,
          -0.576845,
          2.141616
        ],
        [
          0.049929,
          -0.966125,
          -0.2532,
          1.437331
        ],
        [
          0.0,
          0.0,
          0.0,
          1.0
        ]
      ]
    },
    {
      "file_path": "/media/NFS/ttao/scannet/posed_images/scene0670_00/00115.jpg",
      "transform_matrix": [
        [
          -0.596434,
          0.09053,
          -0.79754,
          2.284764
        ],
        [
          0.802298,
          0.097144,
          -0.588965,
          2.168376
        ],
        [
          0.024157,
          -0.991145,
          -0.130572,
          1.491957
        ],
        [
          0.0,
          0.0,
          0.0,
          1.0
        ]
      ]
    },
    {
      "file_path": "/media/NFS/ttao/scannet/posed_images/scene0670_00/00124.jpg",
      "transform_matrix": [
        [
          -0.565742,
          0.041775,
          -0.823524,
          2.305333
        ],
        [
          0.822954,
          0.09135,
          -0.560716,
          2.122822
        ],
        [
          0.051805,
          -0.994942,
          -0.086059,
          1.508219
        ],
        [
          0.0,
          0.0,
          0.0,
          1.0
        ]
      ]
    },
    {
      "file_path": "/media/NFS/ttao/scannet/posed_images/scene0670_00/00133.jpg",
      "transform_matrix": [
        [
          -0.517967,
          3e-06,
          -0.855401,
          2.345517
        ],
        [
          0.855299,
          0.01544,
          -0.517905,
          2.029801
        ],
        [
          0.013205,
          -0.999881,
          -0.008,
          1.52076
        ],
        [
          0.0,
          0.0,
          0.0,
          1.0
        ]
      ]
    },
    {
      "file_path": "/media/NFS/ttao/scannet/posed_images/scene0670_00/00145.jpg",
      "transform_matrix": [
        [
          -0.436738,
          -0.005212,
          -0.899574,
          2.367121
        ],
        [
          0.899526,
          0.009307,
          -0.436768,
          1.926757
        ],
        [
          0.010649,
          -0.999943,
          0.000624,
          1.539128
        ],
        [
          0.0,
          0.0,
          0.0,
          1.0
        ]
      ]
    },
    {
      "file_path": "/media/NFS/ttao/scannet/posed_images/scene0670_00/00157.jpg",
      "transform_matrix": [
        [
          -0.41884,
          -0.00467,
          -0.908048,
          2.35503
        ],
        [
          0.907597,
          0.029799,
          -0.418785,
          1.882871
        ],
        [
          0.029014,
          -0.999545,
          -0.008242,
          1.522153
        ],
        [
          0.0,
          0.0,
          0.0,
          1.0
        ]
      ]
    },
    {
      "file_path": "/media/NFS/ttao/scannet/posed_images/scene0670_00/00160.jpg",
      "transform_matrix": [
        [
          -0.417661,
          -0.003054,
          -0.908598,
          2.350421
        ],
        [
          0.908192,
          0.02867,
          -0.417571,
          1.872698
        ],
        [
          0.027324,
          -0.999584,
          -0.009201,
          1.516661
        ],
        [
          0.0,
          0.0,
          0.0,
          1.0
        ]
      ]
    },
    {
      "file_path": "/media/NFS/ttao/scannet/posed_images/scene0670_00/00173.jpg",
      "transform_matrix": [
        [
          -0.376309,
          0.15046,
          -0.914196,
          2.286361
        ],
        [
          0.92594,
          0.026937,
          -0.376709,
          1.812756
        ],
        [
          -0.032054,
          -0.988249,
          -0.149453,
          1.468855
        ],
        [
          0.0,
          0.0,
          0.0,
          1.0
        ]
      ]
    },
    {
      "file_path": "/media/NFS/ttao/scannet/posed_images/scene0670_00/00185.jpg",
      "transform_matrix": [
        [
          -0.324495,
          0.210249,
          -0.922225,
          2.221854
        ],
        [
          0.943817,
          0.007488,
          -0.330385,
          1.768053
        ],
        [
          -0.062557,
          -0.977619,
          -0.200866,
          1.451671
        ],
        [
          0.0,
          0.0,
          0.0,
          1.0
        ]
      ]
    },
    {
      "file_path": "/media/NFS/ttao/scannet/posed_images/scene0670_00/00197.jpg",
      "transform_matrix": [
        [
          -0.258396,
          0.273909,
          -0.926394,
          2.216125
        ],
        [
          0.965893,
          0.056579,
          -0.252684,
          1.714456
        ],
        [
          -0.016798,
          -0.96009,
          -0.279186,
          1.422257
        ],
        [
          0.0,
          0.0,
          0.0,
          1.0
        ]
      ]
    },
    {
      "file_path": "/media/NFS/ttao/scannet/posed_images/scene0670_00/00200.jpg",
      "transform_matrix": [
        [
          -0.240135,
          0.277898,
          -0.930111,
          2.234558
        ],
        [
          0.970729,
          0.064227,
          -0.231432,
          1.689543
        ],
        [
          -0.004577,
          -0.958461,
          -0.285187,
          1.415062
        ],
        [
          0.0,
          0.0,
          0.0,
          1.0
        ]
      ]
    },
    {
      "file_path": "/media/NFS/ttao/scannet/posed_images/scene0670_00/00209.jpg",
      "transform_matrix": [
        [
          -0.181989,
          0.320454,
          -0.929618,
          2.307697
        ],
        [
          0.983217,
          0.07162,
          -0.167793,
          1.61356
        ],
        [
          0.012809,
          -0.944553,
          -0.32811,
          1.395512
        ],
        [
          0.0,
          0.0,
          0.0,
          1.0
        ]
      ]
    },
    {
      "file_path": "/media/NFS/ttao/scannet/posed_images/scene0670_00/00221.jpg",
      "transform_matrix": [
        [
          -0.095082,
          0.34889,
          -0.932328,
          2.376197
        ],
        [
          0.995438,
          0.040734,
          -0.086275,
          1.556525
        ],
        [
          0.007877,
          -0.936278,
          -0.351171,
          1.380704
        ],
        [
          0.0,
          0.0,
          0.0,
          1.0
        ]
      ]
    },
    {
      "file_path": "/media/NFS/ttao/scannet/posed_images/scene0670_00/00236.jpg",
      "transform_matrix": [
        [
          -0.023534,
          0.320937,
          -0.946808,
          2.441122
        ],
        [
          0.999382,
          -0.017168,
          -0.03066,
          1.533454
        ],
        [
          -0.026095,
          -0.946945,
          -0.320335,
          1.383079
        ],
        [
          0.0,
          0.0,
          0.0,
          1.0
        ]
      ]
    },
    {
      "file_path": "/media/NFS/ttao/scannet/posed_images/scene0670_00/00245.jpg",
      "transform_matrix": [
        [
          0.024113,
          0.31242,
          -0.949638,
          2.477017
        ],
        [
          0.998339,
          -0.057243,
          0.006517,
          1.523079
        ],
        [
          -0.052325,
          -0.948218,
          -0.313282,
          1.389571
        ],
        [
          0.0,
          0.0,
          0.0,
          1.0
        ]
      ]
    },
    {
      "file_path": "/media/NFS/ttao/scannet/posed_images/scene0670_00/00257.jpg",
      "transform_matrix": [
        [
          0.119246,
          0.314328,
          -0.941795,
          2.453233
        ],
        [
          0.992223,
          -0.07183,
          0.101657,
          1.526712
        ],
        [
          -0.035696,
          -0.946593,
          -0.320448,
          1.389761
        ],
        [
          0.0,
          0.0,
          0.0,
          1.0
        ]
      ]
    },
    {
      "file_path": "/media/NFS/ttao/scannet/posed_images/scene0670_00/00260.jpg",
      "transform_matrix": [
        [
          0.134987,
          0.31156,
          -0.94059,
          2.430177
        ],
        [
          0.990317,
          -0.073483,
          0.117784,
          1.520029
        ],
        [
          -0.03242,
          -0.947381,
          -0.318462,
          1.376109
        ],
        [
          0.0,
          0.0,
          0.0,
          1.0
        ]
      ]
    },
    {
      "file_path": "/media/NFS/ttao/scannet/posed_images/scene0670_00/00279.jpg",
      "transform_matrix": [
        [
          0.13614,
          0.258682,
          -0.956321,
          2.257681
        ],
        [
          0.989827,
          -0.075793,
          0.120408,
          1.45719
        ],
        [
          -0.041335,
          -0.962984,
          -0.266369,
          1.421904
        ],
        [
          0.0,
          0.0,
          0.0,
          1.0
        ]
      ]
    },
    {
      "file_path": "/media/NFS/ttao/scannet/posed_images/scene0670_00/00282.jpg",
      "transform_matrix": [
        [
          0.133481,
          0.248828,
          -0.959306,
          2.243395
        ],
        [
          0.990206,
          -0.073461,
          0.118726,
          1.444952
        ],
        [
          -0.040929,
          -0.965758,
          -0.256196,
          1.436827
        ],
        [
          0.0,
          0.0,
          0.0,
          1.0
        ]
      ]
    },
    {
      "file_path": "/media/NFS/ttao/scannet/posed_images/scene0670_00/00297.jpg",
      "transform_matrix": [
        [
          0.039855,
          0.175661,
          -0.983644,
          2.244879
        ],
        [
          0.998234,
          -0.050401,
          0.031446,
          1.476025
        ],
        [
          -0.044053,
          -0.98316,
          -0.177359,
          1.474489
        ],
        [
          0.0,
          0.0,
          0.0,
          1.0
        ]
      ]
    },
    {
      "file_path": "/media/NFS/ttao/scannet/posed_images/scene0670_00/00309.jpg",
      "transform_matrix": [
        [
          -0.015135,
          0.059444,
          -0.998117,
          2.278671
        ],
        [
          0.999066,
          -0.03951,
          -0.017502,
          1.494041
        ],
        [
          -0.040476,
          -0.997449,
          -0.05879,
          1.53065
        ],
        [
          0.0,
          0.0,
          0.0,
          1.0
        ]
      ]
    },
    {
      "file_path": "/media/NFS/ttao/scannet/posed_images/scene0670_00/00318.jpg",
      "transform_matrix": [
        [
          0.005251,
          -0.008814,
          -0.999947,
          2.309713
        ],
        [
          0.999184,
          -0.03999,
          0.0056,
          1.488512
        ],
        [
          -0.040037,
          -0.999161,
          0.008596,
          1.551306
        ],
        [
          0.0,
          0.0,
          0.0,
          1.0
        ]
      ]
    },
    {
      "file_path": "/media/NFS/ttao/scannet/posed_images/scene0670_00/00327.jpg",
      "transform_matrix": [
        [
          -0.016313,
          -0.049022,
          -0.998664,
          2.333048
        ],
        [
          0.998859,
          -0.045647,
          -0.014076,
          1.489495
        ],
        [
          -0.044896,
          -0.997754,
          0.049711,
          1.564949
        ],
        [
          0.0,
          0.0,
          0.0,
          1.0
        ]
      ]
    },
    {
      "file_path": "/media/NFS/ttao/scannet/posed_images/scene0670_00/00333.jpg",
      "transform_matrix": [
        [
          -0.023322,
          -0.058958,
          -0.997988,
          2.342723
        ],
        [
          0.999124,
          -0.036084,
          -0.021217,
          1.487421
        ],
        [
          -0.034761,
          -0.997608,
          0.059748,
          1.569257
        ],
        [
          0.0,
          0.0,
          0.0,
          1.0
        ]
      ]
    },
    {
      "file_path": "/media/NFS/ttao/scannet/posed_images/scene0670_00/00345.jpg",
      "transform_matrix": [
        [
          0.112987,
          -0.045966,
          -0.992533,
          2.338232
        ],
        [
          0.992974,
          -0.030126,
          0.114432,
          1.509979
        ],
        [
          -0.035161,
          -0.998489,
          0.042239,
          1.554588
        ],
        [
          0.0,
          0.0,
          0.0,
          1.0
        ]
      ]
    },
    {
      "file_path": "/media/NFS/ttao/scannet/posed_images/scene0670_00/00351.jpg",
      "transform_matrix": [
        [
          0.168835,
          -0.043504,
          -0.984684,
          2.32751
        ],
        [
          0.985162,
          -0.023797,
          0.169969,
          1.550749
        ],
        [
          -0.030827,
          -0.99877,
          0.03884,
          1.562529
        ],
        [
          0.0,
          0.0,
          0.0,
          1.0
        ]
      ]
    },
    {
      "file_path": "/media/NFS/ttao/scannet/posed_images/scene0670_00/00369.jpg",
      "transform_matrix": [
        [
          0.247472,
          -0.011,
          -0.968833,
          2.278176
        ],
        [
          0.967544,
          -0.049975,
          0.24771,
          1.647131
        ],
        [
          -0.051142,
          -0.99869,
          -0.001725,
          1.538039
        ],
        [
          0.0,
          0.0,
          0.0,
          1.0
        ]
      ]
    },
    {
      "file_path": "/media/NFS/ttao/scannet/posed_images/scene0670_00/00375.jpg",
      "transform_matrix": [
        [
          0.287345,
          -0.005631,
          -0.957811,
          2.260023
        ],
        [
          0.956727,
          -0.046229,
          0.287292,
          1.671709
        ],
        [
          -0.045897,
          -0.998915,
          -0.007896,
          1.535078
        ],
        [
          0.0,
          0.0,
          0.0,
          1.0
        ]
      ]
    },
    {
      "file_path": "/media/NFS/ttao/scannet/posed_images/scene0670_00/00388.jpg",
      "transform_matrix": [
        [
          0.354438,
          0.04151,
          -0.934158,
          2.184386
        ],
        [
          0.933328,
          -0.076821,
          0.350709,
          1.703931
        ],
        [
          -0.057206,
          -0.99618,
          -0.065971,
          1.495403
        ],
        [
          0.0,
          0.0,
          0.0,
          1.0
        ]
      ]
    },
    {
      "file_path": "/media/NFS/ttao/scannet/posed_images/scene0670_00/00400.jpg",
      "transform_matrix": [
        [
          0.410441,
          0.093931,
          -0.907036,
          2.113427
        ],
        [
          0.910511,
          -0.09683,
          0.401986,
          1.73095
        ],
        [
          -0.05007,
          -0.990859,
          -0.125269,
          1.492405
        ],
        [
          0.0,
          0.0,
          0.0,
          1.0
        ]
      ]
    },
    {
      "file_path": "/media/NFS/ttao/scannet/posed_images/scene0670_00/00409.jpg",
      "transform_matrix": [
        [
          0.442932,
          0.110336,
          -0.88974,
          2.110331
        ],
        [
          0.895659,
          -0.098825,
          0.433623,
          1.763557
        ],
        [
          -0.040084,
          -0.988969,
          -0.142596,
          1.468032
        ],
        [
          0.0,
          0.0,
          0.0,
          1.0
        ]
      ]
    },
    {
      "file_path": "/media/NFS/ttao/scannet/posed_images/scene0670_00/00412.jpg",
      "transform_matrix": [
        [
          0.427901,
          0.121822,
          -0.895578,
          2.122046
        ],
        [
          0.903067,
          -0.098218,
          0.418119,
          1.793877
        ],
        [
          -0.037026,
          -0.98768,
          -0.152041,
          1.457487
        ],
        [
          0.0,
          0.0,
          0.0,
          1.0
        ]
      ]
    },
    {
      "file_path": "/media/NFS/ttao/scannet/posed_images/scene0670_00/00430.jpg",
      "transform_matrix": [
        [
          0.333498,
          0.278597,
          -0.900646,
          2.206176
        ],
        [
          0.942684,
          -0.109958,
          0.315051,
          1.97292
        ],
        [
          -0.011261,
          -0.954093,
          -0.299299,
          1.401549
        ],
        [
          0.0,
          0.0,
          0.0,
          1.0
        ]
      ]
    },
    {
      "file_path": "/media/NFS/ttao/scannet/posed_images/scene0670_00/00439.jpg",
      "transform_matrix": [
        [
          0.343594,
          0.290337,
          -0.893111,
          2.214188
        ],
        [
          0.938521,
          -0.140081,
          0.315526,
          2.026042
        ],
        [
          -0.033499,
          -0.946616,
          -0.320618,
          1.381672
        ],
        [
          0.0,
          0.0,
          0.0,
          1.0
        ]
      ]
    },
    {
      "file_path": "/media/NFS/ttao/scannet/posed_images/scene0670_00/00442.jpg",
      "transform_matrix": [
        [
          0.352158,
          0.290554,
          -0.889699,
          2.207326
        ],
        [
          0.935058,
          -0.150511,
          0.320959,
          2.042884
        ],
        [
          -0.040653,
          -0.944947,
          -0.324688,
          1.380957
        ],
        [
          0.0,
          0.0,
          0.0,
          1.0
        ]
      ]
    },
    {
      "file_path": "/media/NFS/ttao/scannet/posed_images/scene0670_00/00457.jpg",
      "transform_matrix": [
        [
          0.418238,
          0.252241,
          -0.872612,
          2.149852
        ],
        [
          0.908269,
          -0.127918,
          0.398351,
          2.146027
        ],
        [
          -0.011143,
          -0.959172,
          -0.282603,
          1.398938
        ],
        [
          0.0,
          0.0,
          0.0,
          1.0
        ]
      ]
    },
    {
      "file_path": "/media/NFS/ttao/scannet/posed_images/scene0670_00/00463.jpg",
      "transform_matrix": [
        [
          0.4402,
          0.239121,
          -0.865474,
          2.117734
        ],
        [
          0.897885,
          -0.111654,
          0.425836,
          2.1891
        ],
        [
          0.005193,
          -0.964549,
          -0.263853,
          1.415623
        ],
        [
          0.0,
          0.0,
          0.0,
          1.0
        ]
      ]
    },
    {
      "file_path": "/media/NFS/ttao/scannet/posed_images/scene0670_00/00475.jpg",
      "transform_matrix": [
        [
          0.438399,
          0.152889,
          -0.885681,
          2.133261
        ],
        [
          0.898589,
          -0.094893,
          0.428408,
          2.225514
        ],
        [
          -0.018546,
          -0.983677,
          -0.178985,
          1.478141
        ],
        [
          0.0,
          0.0,
          0.0,
          1.0
        ]
      ]
    },
    {
      "file_path": "/media/NFS/ttao/scannet/posed_images/scene0670_00/00481.jpg",
      "transform_matrix": [
        [
          0.421209,
          0.106505,
          -0.900689,
          2.161863
        ],
        [
          0.906532,
          -0.080094,
          0.41447,
          2.236419
        ],
        [
          -0.027996,
          -0.991081,
          -0.130286,
          1.483465
        ],
        [
          0.0,
          0.0,
          0.0,
          1.0
        ]
      ]
    },
    {
      "file_path": "/media/NFS/ttao/scannet/posed_images/scene0670_00/00500.jpg",
      "transform_matrix": [
        [
          0.37291,
          -0.015296,
          -0.927741,
          2.209835
        ],
        [
          0.927224,
          -0.031076,
          0.373215,
          2.215822
        ],
        [
          -0.034539,
          -0.9994,
          0.002594,
          1.551977
        ],
        [
          0.0,
          0.0,
          0.0,
          1.0
        ]
      ]
    },
    {
      "file_path": "/media/NFS/ttao/scannet/posed_images/scene0670_00/00503.jpg",
      "transform_matrix": [
        [
          0.376701,
          -0.000674,
          -0.926335,
          2.204252
        ],
        [
          0.926002,
          -0.026518,
          0.376585,
          2.207066
        ],
        [
          -0.024819,
          -0.999648,
          -0.009365,
          1.563276
        ],
        [
          0.0,
          0.0,
          0.0,
          1.0
        ]
      ]
    },
    {
      "file_path": "/media/NFS/ttao/scannet/posed_images/scene0670_00/00512.jpg",
      "transform_matrix": [
        [
          0.402715,
          -0.04214,
          -0.914355,
          2.182713
        ],
        [
          0.914879,
          -0.012654,
          0.40353,
          2.158234
        ],
        [
          -0.028575,
          -0.999031,
          0.033457,
          1.594899
        ],
        [
          0.0,
          0.0,
          0.0,
          1.0
        ]
      ]
    },
    {
      "file_path": "/media/NFS/ttao/scannet/posed_images/scene0670_00/00527.jpg",
      "transform_matrix": [
        [
          0.568547,
          -0.061195,
          -0.820371,
          2.111276
        ],
        [
          0.822549,
          0.026594,
          0.568073,
          2.057631
        ],
        [
          -0.012946,
          -0.997771,
          0.065455,
          1.554906
        ],
        [
          0.0,
          0.0,
          0.0,
          1.0
        ]
      ]
    },
    {
      "file_path": "/media/NFS/ttao/scannet/posed_images/scene0670_00/00539.jpg",
      "transform_matrix": [
        [
          0.643011,
          -0.021654,
          -0.765551,
          2.044284
        ],
        [
          0.765855,
          0.0157,
          0.642822,
          2.084434
        ],
        [
          -0.001901,
          -0.999642,
          0.026679,
          1.524962
        ],
        [
          0.0,
          0.0,
          0.0,
          1.0
        ]
      ]
    },
    {
      "file_path": "/media/NFS/ttao/scannet/posed_images/scene0670_00/00551.jpg",
      "transform_matrix": [
        [
          0.709964,
          -0.034197,
          -0.703407,
          1.967166
        ],
        [
          0.703772,
          -0.001893,
          0.710424,
          2.109531
        ],
        [
          -0.025626,
          -0.999413,
          0.022723,
          1.546325
        ],
        [
          0.0,
          0.0,
          0.0,
          1.0
        ]
      ]
    },
    {
      "file_path": "/media/NFS/ttao/scannet/posed_images/scene0670_00/00554.jpg",
      "transform_matrix": [
        [
          0.721866,
          -0.024328,
          -0.691605,
          1.94678
        ],
        [
          0.691604,
          -0.009832,
          0.722211,
          2.100178
        ],
        [
          -0.02437,
          -0.999656,
          0.009728,
          1.546351
        ],
        [
          0.0,
          0.0,
          0.0,
          1.0
        ]
      ]
    },
    {
      "file_path": "/media/NFS/ttao/scannet/posed_images/scene0670_00/00563.jpg",
      "transform_matrix": [
        [
          0.809532,
          -0.024253,
          -0.586574,
          1.879906
        ],
        [
          0.586899,
          0.008924,
          0.809611,
          2.018668
        ],
        [
          -0.014401,
          -0.999666,
          0.021458,
          1.55373
        ],
        [
          0.0,
          0.0,
          0.0,
          1.0
        ]
      ]
    },
    {
      "file_path": "/media/NFS/ttao/scannet/posed_images/scene0670_00/00581.jpg",
      "transform_matrix": [
        [
          0.891716,
          0.027223,
          -0.451775,
          1.780751
        ],
        [
          0.45137,
          -0.126861,
          0.883273,
          1.884286
        ],
        [
          -0.033268,
          -0.991547,
          -0.125411,
          1.510586
        ],
        [
          0.0,
          0.0,
          0.0,
          1.0
        ]
      ]
    },
    {
      "file_path": "/media/NFS/ttao/scannet/posed_images/scene0670_00/00584.jpg",
      "transform_matrix": [
        [
          0.894596,
          0.016196,
          -0.446582,
          1.773075
        ],
        [
          0.444625,
          -0.132417,
          0.885875,
          1.8567
        ],
        [
          -0.044787,
          -0.991062,
          -0.125661,
          1.497464
        ],
        [
          0.0,
          0.0,
          0.0,
          1.0
        ]
      ]
    },
    {
      "file_path": "/media/NFS/ttao/scannet/posed_images/scene0670_00/00600.jpg",
      "transform_matrix": [
        [
          0.936031,
          0.001621,
          -0.351913,
          1.710873
        ],
        [
          0.34257,
          -0.233137,
          0.910106,
          1.73144
        ],
        [
          -0.080569,
          -0.972443,
          -0.218779,
          1.45407
        ],
        [
          0.0,
          0.0,
          0.0,
          1.0
        ]
      ]
    },
    {
      "file_path": "/media/NFS/ttao/scannet/posed_images/scene0670_00/00612.jpg",
      "transform_matrix": [
        [
          0.961513,
          0.033799,
          -0.272673,
          1.61689
        ],
        [
          0.273088,
          -0.226861,
          0.934857,
          1.679594
        ],
        [
          -0.030261,
          -0.973341,
          -0.22736,
          1.447646
        ],
        [
          0.0,
          0.0,
          0.0,
          1.0
        ]
      ]
    },
    {
      "file_path": "/media/NFS/ttao/scannet/posed_images/scene0670_00/00615.jpg",
      "transform_matrix": [
        [
          0.962846,
          0.022684,
          -0.269097,
          1.578332
        ],
        [
          0.267432,
          -0.218548,
          0.938465,
          1.670213
        ],
        [
          -0.037522,
          -0.975563,
          -0.216495,
          1.449346
        ],
        [
          0.0,
          0.0,
          0.0,
          1.0
        ]
      ]
    },
    {
      "file_path": "/media/NFS/ttao/scannet/posed_images/scene0670_00/00630.jpg",
      "transform_matrix": [
        [
          0.985037,
          -0.045176,
          -0.166318,
          1.420184
        ],
        [
          0.145782,
          -0.296316,
          0.943899,
          1.676159
        ],
        [
          -0.091924,
          -0.954021,
          -0.285296,
          1.42984
        ],
        [
          0.0,
          0.0,
          0.0,
          1.0
        ]
      ]
    },
    {
      "file_path": "/media/NFS/ttao/scannet/posed_images/scene0670_00/00636.jpg",
      "transform_matrix": [
        [
          0.989065,
          -0.042724,
          -0.141154,
          1.398488
        ],
        [
          0.120628,
          -0.316265,
          0.94097,
          1.681428
        ],
        [
          -0.084844,
          -0.947708,
          -0.307653,
          1.416732
        ],
        [
          0.0,
          0.0,
          0.0,
          1.0
        ]
      ]
    },
    {
      "file_path": "/media/NFS/ttao/scannet/posed_images/scene0670_00/00648.jpg",
      "transform_matrix": [
        [
          0.990918,
          -0.101732,
          -0.087937,
          1.416793
        ],
        [
          0.055319,
          -0.28765,
          0.956137,
          1.683859
        ],
        [
          -0.122565,
          -0.952317,
          -0.279409,
          1.45542
        ],
        [
          0.0,
          0.0,
          0.0,
          1.0
        ]
      ]
    },
    {
      "file_path": "/media/NFS/ttao/scannet/posed_images/scene0670_00/00657.jpg",
      "transform_matrix": [
        [
          0.992343,
          -0.117337,
          -0.038581,
          1.431389
        ],
        [
          0.00452,
          -0.277649,
          0.960672,
          1.675954
        ],
        [
          -0.123434,
          -0.95349,
          -0.274992,
          1.434055
        ],
        [
          0.0,
          0.0,
          0.0,
          1.0
        ]
      ]
    },
    {
      "file_path": "/media/NFS/ttao/scannet/posed_images/scene0670_00/00672.jpg",
      "transform_matrix": [
        [
          0.989208,
          -0.121725,
          0.081552,
          1.37905
        ],
        [
          -0.113576,
          -0.285402,
          0.951655,
          1.704562
        ],
        [
          -0.092565,
          -0.950646,
          -0.296147,
          1.402551
        ],
        [
          0.0,
          0.0,
          0.0,
          1.0
        ]
      ]
    },
    {
      "file_path": "/media/NFS/ttao/scannet/posed_images/scene0670_00/00675.jpg",
      "transform_matrix": [
        [
          0.984881,
          -0.136946,
          0.106088,
          1.345716
        ],
        [
          -0.142116,
          -0.288559,
          0.946856,
          1.714723
        ],
        [
          -0.099055,
          -0.947618,
          -0.303659,
          1.400107
        ],
        [
          0.0,
          0.0,
          0.0,
          1.0
        ]
      ]
    },
    {
      "file_path": "/media/NFS/ttao/scannet/posed_images/scene0670_00/00690.jpg",
      "transform_matrix": [
        [
          0.958408,
          -0.179032,
          0.222264,
          1.174529
        ],
        [
          -0.275726,
          -0.37976,
          0.883039,
          1.790512
        ],
        [
          -0.073686,
          -0.907596,
          -0.413328,
          1.376138
        ],
        [
          0.0,
          0.0,
          0.0,
          1.0
        ]
      ]
    },
    {
      "file_path": "/media/NFS/ttao/scannet/posed_images/scene0670_00/00693.jpg",
      "transform_matrix": [
        [
          0.959397,
          -0.170142,
          0.224965,
          1.163473
        ],
        [
          -0.273438,
          -0.365339,
          0.889809,
          1.792123
        ],
        [
          -0.069205,
          -0.915194,
          -0.397028,
          1.388285
        ],
        [
          0.0,
          0.0,
          0.0,
          1.0
        ]
      ]
    },
    {
      "file_path": "/media/NFS/ttao/scannet/posed_images/scene0670_00/00712.jpg",
      "transform_matrix": [
        [
          0.975048,
          -0.161313,
          0.152508,
          1.221667
        ],
        [
          -0.180521,
          -0.176327,
          0.967637,
          1.739497
        ],
        [
          -0.129201,
          -0.971024,
          -0.201048,
          1.491277
        ],
        [
          0.0,
          0.0,
          0.0,
          1.0
        ]
      ]
    },
    {
      "file_path": "/media/NFS/ttao/scannet/posed_images/scene0670_00/00721.jpg",
      "transform_matrix": [
        [
          0.978973,
          -0.153323,
          0.134555,
          1.278736
        ],
        [
          -0.152444,
          -0.111569,
          0.981995,
          1.703251
        ],
        [
          -0.13555,
          -0.981858,
          -0.132596,
          1.52578
        ],
        [
          0.0,
          0.0,
          0.0,
          1.0
        ]
      ]
    },
    {
      "file_path": "/media/NFS/ttao/scannet/posed_images/scene0670_00/00727.jpg",
      "transform_matrix": [
        [
          0.98251,
          -0.14874,
          0.112032,
          1.307175
        ],
        [
          -0.123596,
          -0.070898,
          0.989797,
          1.680212
        ],
        [
          -0.139279,
          -0.986331,
          -0.088042,
          1.550651
        ],
        [
          0.0,
          0.0,
          0.0,
          1.0
        ]
      ]
    },
    {
      "file_path": "/media/NFS/ttao/scannet/posed_images/scene0670_00/00742.jpg",
      "transform_matrix": [
        [
          0.985132,
          -0.135195,
          0.106009,
          1.340188
        ],
        [
          -0.103295,
          0.026955,
          0.994286,
          1.6439
        ],
        [
          -0.13728,
          -0.990452,
          0.01259,
          1.60445
        ],
        [
          0.0,
          0.0,
          0.0,
          1.0
        ]
      ]
    },
    {
      "file_path": "/media/NFS/ttao/scannet/posed_images/scene0670_00/00748.jpg",
      "transform_matrix": [
        [
          0.984275,
          -0.130073,
          0.119515,
          1.3619
        ],
        [
          -0.114581,
          0.044807,
          0.992403,
          1.641003
        ],
        [
          -0.134439,
          -0.990492,
          0.029199,
          1.606593
        ],
        [
          0.0,
          0.0,
          0.0,
          1.0
        ]
      ]
    },
    {
      "file_path": "/media/NFS/ttao/scannet/posed_images/scene0670_00/00763.jpg",
      "transform_matrix": [
        [
          0.965541,
          -0.148387,
          0.213804,
          1.424365
        ],
        [
          -0.215074,
          0.007625,
          0.976568,
          1.670354
        ],
        [
          -0.146541,
          -0.9889,
          -0.024551,
          1.566632
        ],
        [
          0.0,
          0.0,
          0.0,
          1.0
        ]
      ]
    },
    {
      "file_path": "/media/NFS/ttao/scannet/posed_images/scene0670_00/00772.jpg",
      "transform_matrix": [
        [
          0.946597,
          -0.141736,
          0.289594,
          1.424078
        ],
        [
          -0.292538,
          7.3e-05,
          0.956254,
          1.687784
        ],
        [
          -0.135557,
          -0.989904,
          -0.041394,
          1.563654
        ],
        [
          0.0,
          0.0,
          0.0,
          1.0
        ]
      ]
    },
    {
      "file_path": "/media/NFS/ttao/scannet/posed_images/scene0670_00/00778.jpg",
      "transform_matrix": [
        [
          0.939168,
          -0.140105,
          0.313584,
          1.424238
        ],
        [
          -0.316395,
          0.00232,
          0.948625,
          1.69887
        ],
        [
          -0.133635,
          -0.990134,
          -0.04215,
          1.55823
