{
  "frames": [
    {
      "file_path": "/media/NFS/ttao/scannet/posed_images/scene0348_02/00000.jpg",
      "transform_matrix": [
        [
          0.860441,
          -0.326131,
          0.391512,
          0.949184
        ],
        [
          -0.504559,
          -0.438029,
          0.74401,
          0.858336
        ],
        [
          -0.071151,
          -0.837717,
          -0.54145,
          1.47523
        ],
        [
          0.0,
          0.0,
          0.0,
          1.0
        ]
      ]
    },
    {
      "file_path": "/media/NFS/ttao/scannet/posed_images/scene0348_02/00010.jpg",
      "transform_matrix": [
        [
          0.864057,
          -0.335073,
          0.375675,
          0.938327
        ],
        [
          -0.49968,
          -0.480419,
          0.720776,
          0.858578
        ],
        [
          -0.061031,
          -0.810509,
          -0.582538,
          1.45818
        ],
        [
          0.0,
          0.0,
          0.0,
          1.0
        ]
      ]
    },
    {
      "file_path": "/media/NFS/ttao/scannet/posed_images/scene0348_02/00015.jpg",
      "transform_matrix": [
        [
          0.866492,
          -0.340142,
          0.36537,
          0.933178
        ],
        [
          -0.495938,
          -0.503148,
          0.707734,
          0.857452
        ],
        [
          -0.056895,
          -0.794447,
          -0.604663,
          1.446825
        ],
        [
          0.0,
          0.0,
          0.0,
          1.0
        ]
      ]
    },
    {
      "file_path": "/media/NFS/ttao/scannet/posed_images/scene0348_02/00019.jpg",
      "transform_matrix": [
        [
          0.870799,
          -0.341653,
          0.353528,
          0.927106
        ],
        [
          -0.488693,
          -0.522909,
          0.698388,
          0.857129
        ],
        [
          -0.053744,
          -0.780922,
          -0.622312,
          1.435126
        ],
        [
          0.0,
          0.0,
          0.0,
          1.0
        ]
      ]
    },
    {
      "file_path": "/media/NFS/ttao/scannet/posed_images/scene0348_02/00025.jpg",
      "transform_matrix": [
        [
          0.874735,
          -0.350107,
          0.335059,
          0.922599
        ],
        [
          -0.481915,
          -0.555745,
          0.677426,
          0.857358
        ],
        [
          -0.050964,
          -0.754038,
          -0.654851,
          1.423279
        ],
        [
          0.0,
          0.0,
          0.0,
          1.0
        ]
      ]
    },
    {
      "file_path": "/media/NFS/ttao/scannet/posed_images/scene0348_02/00034.jpg",
      "transform_matrix": [
        [
          0.880559,
          -0.354215,
          0.314876,
          0.915849
        ],
        [
          -0.472303,
          -0.600755,
          0.644998,
          0.857422
        ],
        [
          -0.039305,
          -0.716676,
          -0.696298,
          1.399715
        ],
        [
          0.0,
          0.0,
          0.0,
          1.0
        ]
      ]
    },
    {
      "file_path": "/media/NFS/ttao/scannet/posed_images/scene0348_02/00042.jpg",
      "transform_matrix": [
        [
          0.883992,
          -0.320372,
          0.34047,
          0.925127
        ],
        [
          -0.466963,
          -0.570138,
          0.675935,
          0.87519
        ],
        [
          -0.022436,
          -0.756508,
          -0.653599,
          1.417079
        ],
        [
          0.0,
          0.0,
          0.0,
          1.0
        ]
      ]
    },
    {
      "file_path": "/media/NFS/ttao/scannet/posed_images/scene0348_02/00048.jpg",
      "transform_matrix": [
        [
          0.896601,
          -0.280842,
          0.342397,
          0.938275
        ],
        [
          -0.442525,
          -0.53903,
          0.716672,
          0.894569
        ],
        [
          -0.01671,
          -0.794088,
          -0.607574,
          1.437764
        ],
        [
          0.0,
          0.0,
          0.0,
          1.0
        ]
      ]
    },
    {
      "file_path": "/media/NFS/ttao/scannet/posed_images/scene0348_02/00049.jpg",
      "transform_matrix": [
        [
          0.89745,
          -0.276227,
          0.343922,
          0.940973
        ],
        [
          -0.440781,
          -0.531165,
          0.723585,
          0.897781
        ],
        [
          -0.017194,
          -0.800976,
          -0.59845,
          1.438302
        ],
        [
          0.0,
          0.0,
          0.0,
          1.0
        ]
      ]
    },
    {
      "file_path": "/media/NFS/ttao/scannet/posed_images/scene0348_02/00055.jpg",
      "transform_matrix": [
        [
          0.903168,
          -0.245197,
          0.352372,
          0.963454
        ],
        [
          -0.429119,
          -0.492654,
          0.757066,
          0.926426
        ],
        [
          -0.012033,
          -0.834967,
          -0.550168,
          1.458798
        ],
        [
          0.0,
          0.0,
          0.0,
          1.0
        ]
      ]
    },
    {
      "file_path": "/media/NFS/ttao/scannet/posed_images/scene0348_02/00063.jpg",
      "transform_matrix": [
        [
          0.913302,
          -0.191841,
          0.359273,
          1.000775
        ],
        [
          -0.407201,
          -0.447831,
          0.796012,
          0.966948
        ],
        [
          0.008186,
          -0.873295,
          -0.487123,
          1.479039
        ],
        [
          0.0,
          0.0,
          0.0,
          1.0
        ]
      ]
    },
    {
      "file_path": "/media/NFS/ttao/scannet/posed_images/scene0348_02/00070.jpg",
      "transform_matrix": [
        [
          0.905627,
          -0.164785,
          0.39075,
          1.031448
        ],
        [
          -0.423715,
          -0.38961,
          0.817722,
          1.003619
        ],
        [
          0.017492,
          -0.906118,
          -0.422663,
          1.500776
        ],
        [
          0.0,
          0.0,
          0.0,
          1.0
        ]
      ]
    },
    {
      "file_path": "/media/NFS/ttao/scannet/posed_images/scene0348_02/00076.jpg",
      "transform_matrix": [
        [
          0.91008,
          -0.143635,
          0.388747,
          1.048346
        ],
        [
          -0.414027,
          -0.356687,
          0.83747,
          1.028441
        ],
        [
          0.018371,
          -0.923116,
          -0.384082,
          1.524346
        ],
        [
          0.0,
          0.0,
          0.0,
          1.0
        ]
      ]
    },
    {
      "file_path": "/media/NFS/ttao/scannet/posed_images/scene0348_02/00084.jpg",
      "transform_matrix": [
        [
          0.893484,
          -0.131758,
          0.429333,
          1.065621
        ],
        [
          -0.448177,
          -0.322685,
          0.833673,
          1.067176
        ],
        [
          0.028696,
          -0.937291,
          -0.347365,
          1.547446
        ],
        [
          0.0,
          0.0,
          0.0,
          1.0
        ]
      ]
    },
    {
      "file_path": "/media/NFS/ttao/scannet/posed_images/scene0348_02/00089.jpg",
      "transform_matrix": [
        [
          0.877285,
          -0.124016,
          0.463671,
          1.072053
        ],
        [
          -0.479355,
          -0.275241,
          0.833343,
          1.096407
        ],
        [
          0.024274,
          -0.953343,
          -0.300913,
          1.569077
        ],
        [
          0.0,
          0.0,
          0.0,
          1.0
        ]
      ]
    },
    {
      "file_path": "/media/NFS/ttao/scannet/posed_images/scene0348_02/00097.jpg",
      "transform_matrix": [
        [
          0.834241,
          -0.107838,
          0.540753,
          1.075248
        ],
        [
          -0.550891,
          -0.205169,
          0.808966,
          1.145198
        ],
        [
          0.023708,
          -0.972768,
          -0.230567,
          1.608301
        ],
        [
          0.0,
          0.0,
          0.0,
          1.0
        ]
      ]
    },
    {
      "file_path": "/media/NFS/ttao/scannet/posed_images/scene0348_02/00105.jpg",
      "transform_matrix": [
        [
          0.802244,
          -0.114503,
          0.585913,
          1.081126
        ],
        [
          -0.596899,
          -0.171576,
          0.783756,
          1.174668
        ],
        [
          0.010786,
          -0.978494,
          -0.205993,
          1.638693
        ],
        [
          0.0,
          0.0,
          0.0,
          1.0
        ]
      ]
    },
    {
      "file_path": "/media/NFS/ttao/scannet/posed_images/scene0348_02/00110.jpg",
      "transform_matrix": [
        [
          0.785924,
          -0.105252,
          0.6093,
          1.085853
        ],
        [
          -0.618272,
          -0.146487,
          0.772192,
          1.188866
        ],
        [
          0.00798,
          -0.983597,
          -0.180202,
          1.656457
        ],
        [
          0.0,
          0.0,
          0.0,
          1.0
        ]
      ]
    },
    {
      "file_path": "/media/NFS/ttao/scannet/posed_images/scene0348_02/00114.jpg",
      "transform_matrix": [
        [
          0.767777,
          -0.095838,
          0.633509,
          1.096525
        ],
        [
          -0.640471,
          -0.142221,
          0.754699,
          1.198704
        ],
        [
          0.01777,
          -0.985184,
          -0.170576,
          1.665018
        ],
        [
          0.0,
          0.0,
          0.0,
          1.0
        ]
      ]
    },
    {
      "file_path": "/media/NFS/ttao/scannet/posed_images/scene0348_02/00120.jpg",
      "transform_matrix": [
        [
          0.742595,
          -0.077547,
          0.665237,
          1.117556
        ],
        [
          -0.669203,
          -0.125734,
          0.732365,
          1.21722
        ],
        [
          0.02685,
          -0.989029,
          -0.145264,
          1.678218
        ],
        [
          0.0,
          0.0,
          0.0,
          1.0
        ]
      ]
    },
    {
      "file_path": "/media/NFS/ttao/scannet/posed_images/scene0348_02/00129.jpg",
      "transform_matrix": [
        [
          0.749045,
          -0.055476,
          0.660193,
          1.158621
        ],
        [
          -0.661736,
          -0.111102,
          0.741459,
          1.264224
        ],
        [
          0.032216,
          -0.99226,
          -0.11993,
          1.701075
        ],
        [
          0.0,
          0.0,
          0.0,
          1.0
        ]
      ]
    },
    {
      "file_path": "/media/NFS/ttao/scannet/posed_images/scene0348_02/00131.jpg",
      "transform_matrix": [
        [
          0.75054,
          -0.044627,
          0.659316,
          1.165751
        ],
        [
          -0.660069,
          -0.098334,
          0.744741,
          1.275602
        ],
        [
          0.031597,
          -0.994152,
          -0.103261,
          1.700262
        ],
        [
          0.0,
          0.0,
          0.0,
          1.0
        ]
      ]
    },
    {
      "file_path": "/media/NFS/ttao/scannet/posed_images/scene0348_02/00141.jpg",
      "transform_matrix": [
        [
          0.72764,
          0.000121,
          0.68596,
          1.203139
        ],
        [
          -0.684511,
          -0.064835,
          0.726114,
          1.327965
        ],
        [
          0.044562,
          -0.997896,
          -0.047094,
          1.717162
        ],
        [
          0.0,
          0.0,
          0.0,
          1.0
        ]
      ]
    },
    {
      "file_path": "/media/NFS/ttao/scannet/posed_images/scene0348_02/00148.jpg",
      "transform_matrix": [
        [
          0.691986,
          -0.000665,
          0.721911,
          1.218424
        ],
        [
          -0.719583,
          -0.080891,
          0.689679,
          1.37394
        ],
        [
          0.057937,
          -0.996723,
          -0.056454,
          1.72103
        ],
        [
          0.0,
          0.0,
          0.0,
          1.0
        ]
      ]
    },
    {
      "file_path": "/media/NFS/ttao/scannet/posed_images/scene0348_02/00152.jpg",
      "transform_matrix": [
        [
          0.679014,
          0.006699,
          0.734095,
          1.2201
        ],
        [
          -0.730274,
          -0.096137,
          0.676356,
          1.401033
        ],
        [
          0.075105,
          -0.995346,
          -0.060386,
          1.738657
        ],
        [
          0.0,
          0.0,
          0.0,
          1.0
        ]
      ]
    },
    {
      "file_path": "/media/NFS/ttao/scannet/posed_images/scene0348_02/00158.jpg",
      "transform_matrix": [
        [
          0.616561,
          -0.002817,
          0.787302,
          1.231868
        ],
        [
          -0.782643,
          -0.110882,
          0.612515,
          1.447839
        ],
        [
          0.085572,
          -0.99383,
          -0.07057,
          1.752072
        ],
        [
          0.0,
          0.0,
          0.0,
          1.0
        ]
      ]
    },
    {
      "file_path": "/media/NFS/ttao/scannet/posed_images/scene0348_02/00167.jpg",
      "transform_matrix": [
        [
          0.510936,
          -0.023689,
          0.859292,
          1.247876
        ],
        [
          -0.854135,
          -0.126726,
          0.504375,
          1.515935
        ],
        [
          0.096947,
          -0.991655,
          -0.084982,
          1.788947
        ],
        [
          0.0,
          0.0,
          0.0,
          1.0
        ]
      ]
    },
    {
      "file_path": "/media/NFS/ttao/scannet/posed_images/scene0348_02/00171.jpg",
      "transform_matrix": [
        [
          0.49701,
          -0.057899,
          0.865811,
          1.253312
        ],
        [
          -0.86277,
          -0.139657,
          0.485926,
          1.53544
        ],
        [
          0.092781,
          -0.988506,
          -0.119365,
          1.81514
        ],
        [
          0.0,
          0.0,
          0.0,
          1.0
        ]
      ]
    },
    {
      "file_path": "/media/NFS/ttao/scannet/posed_images/scene0348_02/00179.jpg",
      "transform_matrix": [
        [
          0.54169,
          -0.117054,
          0.832389,
          1.251462
        ],
        [
          -0.837036,
          -0.165928,
          0.521381,
          1.562639
        ],
        [
          0.077086,
          -0.979166,
          -0.18786,
          1.859312
        ],
        [
          0.0,
          0.0,
          0.0,
          1.0
        ]
      ]
    },
    {
      "file_path": "/media/NFS/ttao/scannet/posed_images/scene0348_02/00182.jpg",
      "transform_matrix": [
        [
          0.555966,
          -0.11542,
          0.823153,
          1.249702
        ],
        [
          -0.824946,
          -0.197919,
          0.529426,
          1.572903
        ],
        [
          0.101812,
          -0.973399,
          -0.205251,
          1.889292
        ],
        [
          0.0,
          0.0,
          0.0,
          1.0
        ]
      ]
    },
    {
      "file_path": "/media/NFS/ttao/scannet/posed_images/scene0348_02/00192.jpg",
      "transform_matrix": [
        [
          0.540003,
          -0.125781,
          0.832212,
          1.268418
        ],
        [
          -0.833087,
          -0.220675,
          0.507217,
          1.603248
        ],
        [
          0.11985,
          -0.967203,
          -0.223951,
          1.951956
        ],
        [
          0.0,
          0.0,
          0.0,
          1.0
        ]
      ]
    },
    {
      "file_path": "/media/NFS/ttao/scannet/posed_images/scene0348_02/00200.jpg",
      "transform_matrix": [
        [
          0.550777,
          -0.200635,
          0.81018,
          1.298875
        ],
        [
          -0.825797,
          -0.272012,
          0.494033,
          1.647437
        ],
        [
          0.121258,
          -0.941146,
          -0.315501,
          2.012041
        ],
        [
          0.0,
          0.0,
          0.0,
          1.0
        ]
      ]
    },
    {
      "file_path": "/media/NFS/ttao/scannet/posed_images/scene0348_02/00202.jpg",
      "transform_matrix": [
        [
          0.553171,
          -0.218527,
          0.803896,
          1.306204
        ],
        [
          -0.824577,
          -0.281051,
          0.491002,
          1.659341
        ],
        [
          0.118639,
          -0.934482,
          -0.335661,
          2.024319
        ],
        [
          0.0,
          0.0,
          0.0,
          1.0
        ]
      ]
    },
    {
      "file_path": "/media/NFS/ttao/scannet/posed_images/scene0348_02/00213.jpg",
      "transform_matrix": [
        [
          0.581131,
          -0.266758,
          0.768847,
          1.333593
        ],
        [
          -0.805734,
          -0.321366,
          0.497511,
          1.70408
        ],
        [
          0.114366,
          -0.908606,
          -0.401692,
          2.110887
        ],
        [
          0.0,
          0.0,
          0.0,
          1.0
        ]
      ]
    },
    {
      "file_path": "/media/NFS/ttao/scannet/posed_images/scene0348_02/00215.jpg",
      "transform_matrix": [
        [
          0.581129,
          -0.277136,
          0.76517,
          1.338811
        ],
        [
          -0.805873,
          -0.326975,
          0.493615,
          1.709935
        ],
        [
          0.113393,
          -0.903484,
          -0.413351,
          2.12331
        ],
        [
          0.0,
          0.0,
          0.0,
          1.0
        ]
      ]
    },
    {
      "file_path": "/media/NFS/ttao/scannet/posed_images/scene0348_02/00224.jpg",
      "transform_matrix": [
        [
          0.551087,
          -0.312622,
          0.773674,
          1.366302
        ],
        [
          -0.822655,
          -0.358868,
          0.440967,
          1.738589
        ],
        [
          0.139791,
          -0.879478,
          -0.454947,
          2.169622
        ],
        [
          0.0,
          0.0,
          0.0,
          1.0
        ]
      ]
    },
    {
      "file_path": "/media/NFS/ttao/scannet/posed_images/scene0348_02/00226.jpg",
      "transform_matrix": [
        [
          0.550729,
          -0.315656,
          0.772696,
          1.370286
        ],
        [
          -0.822213,
          -0.364585,
          0.437084,
          1.743382
        ],
        [
          0.143745,
          -0.876036,
          -0.460324,
          2.179482
        ],
        [
          0.0,
          0.0,
          0.0,
          1.0
        ]
      ]
    },
    {
      "file_path": "/media/NFS/ttao/scannet/posed_images/scene0348_02/00236.jpg",
      "transform_matrix": [
        [
          0.559344,
          -0.262226,
          0.786366,
          1.360548
        ],
        [
          -0.817778,
          -0.329684,
          0.471749,
          1.730846
        ],
        [
          0.135547,
          -0.906943,
          -0.398849,
          2.177018
        ],
        [
          0.0,
          0.0,
          0.0,
          1.0
        ]
      ]
    },
    {
      "file_path": "/media/NFS/ttao/scannet/posed_images/scene0348_02/00240.jpg",
      "transform_matrix": [
        [
          0.560333,
          -0.24112,
          0.792394,
          1.356716
        ],
        [
          -0.817057,
          -0.317786,
          0.481072,
          1.717843
        ],
        [
          0.135815,
          -0.916991,
          -0.375075,
          2.147209
        ],
        [
          0.0,
          0.0,
          0.0,
          1.0
        ]
      ]
    },
    {
      "file_path": "/media/NFS/ttao/scannet/posed_images/scene0348_02/00251.jpg",
      "transform_matrix": [
        [
          0.512677,
          -0.198079,
          0.835421,
          1.318617
        ],
        [
          -0.848012,
          -0.269029,
          0.456617,
          1.682495
        ],
        [
          0.134306,
          -0.942544,
          -0.305898,
          2.032565
        ],
        [
          0.0,
          0.0,
          0.0,
          1.0
        ]
      ]
    },
    {
      "file_path": "/media/NFS/ttao/scannet/posed_images/scene0348_02/00253.jpg",
      "transform_matrix": [
        [
          0.542297,
          -0.183362,
          0.819935,
          1.302637
        ],
        [
          -0.830122,
          -0.267537,
          0.489205,
          1.677956
        ],
        [
          0.129661,
          -0.94594,
          -0.297297,
          2.012788
        ],
        [
          0.0,
          0.0,
          0.0,
          1.0
        ]
      ]
    },
    {
      "file_path": "/media/NFS/ttao/scannet/posed_images/scene0348_02/00260.jpg",
      "transform_matrix": [
        [
          0.605122,
          -0.168394,
          0.77812,
          1.255962
        ],
        [
          -0.791371,
          -0.233958,
          0.564796,
          1.665851
        ],
        [
          0.086939,
          -0.957553,
          -0.274835,
          1.945236
        ],
        [
          0.0,
          0.0,
          0.0,
          1.0
        ]
      ]
    },
    {
      "file_path": "/media/NFS/ttao/scannet/posed_images/scene0348_02/00266.jpg",
      "transform_matrix": [
        [
          0.645482,
          -0.132436,
          0.752206,
          1.214633
        ],
        [
          -0.759202,
          -0.218873,
          0.612949,
          1.666708
        ],
        [
          0.083461,
          -0.966724,
          -0.241824,
          1.896404
        ],
        [
          0.0,
          0.0,
          0.0,
          1.0
        ]
      ]
    },
    {
      "file_path": "/media/NFS/ttao/scannet/posed_images/scene0348_02/00272.jpg",
      "transform_matrix": [
        [
          0.675607,
          -0.12799,
          0.726067,
          1.179232
        ],
        [
          -0.734482,
          -0.202284,
          0.647779,
          1.669857
        ],
        [
          0.063963,
          -0.970927,
          -0.230671,
          1.860069
        ],
        [
          0.0,
          0.0,
          0.0,
          1.0
        ]
      ]
    },
    {
      "file_path": "/media/NFS/ttao/scannet/posed_images/scene0348_02/00281.jpg",
      "transform_matrix": [
        [
          0.697543,
          -0.154659,
          0.699653,
          1.146464
        ],
        [
          -0.714275,
          -0.227703,
          0.661788,
          1.675184
        ],
        [
          0.056961,
          -0.96137,
          -0.269302,
          1.808273
        ],
        [
          0.0,
          0.0,
          0.0,
          1.0
        ]
      ]
    },
    {
      "file_path": "/media/NFS/ttao/scannet/posed_images/scene0348_02/00287.jpg",
      "transform_matrix": [
        [
          0.719028,
          -0.182088,
          0.670704,
          1.133043
        ],
        [
          -0.694374,
          -0.228562,
          0.682352,
          1.664645
        ],
        [
          0.029049,
          -0.956349,
          -0.29078,
          1.761096
        ],
        [
          0.0,
          0.0,
          0.0,
          1.0
        ]
      ]
    },
    {
      "file_path": "/media/NFS/ttao/scannet/posed_images/scene0348_02/00293.jpg",
      "transform_matrix": [
        [
          0.714932,
          -0.201094,
          0.669652,
          1.132157
        ],
        [
          -0.698498,
          -0.248147,
          0.671211,
          1.652924
        ],
        [
          0.031195,
          -0.94762,
          -0.317872,
          1.725046
        ],
        [
          0.0,
          0.0,
          0.0,
          1.0
        ]
      ]
    },
    {
      "file_path": "/media/NFS/ttao/scannet/posed_images/scene0348_02/00300.jpg",
      "transform_matrix": [
        [
          0.737839,
          -0.240481,
          0.630684,
          1.138894
        ],
        [
          -0.674573,
          -0.295025,
          0.676691,
          1.648383
        ],
        [
          0.023336,
          -0.924732,
          -0.379903,
          1.685877
        ],
        [
          0.0,
          0.0,
          0.0,
          1.0
        ]
      ]
    },
    {
      "file_path": "/media/NFS/ttao/scannet/posed_images/scene0348_02/00302.jpg",
      "transform_matrix": [
        [
          0.746969,
          -0.242364,
          0.61911,
          1.139552
        ],
        [
          -0.664432,
          -0.305511,
          0.682051,
          1.648955
        ],
        [
          0.02384,
          -0.920827,
          -0.389241,
          1.669363
        ],
        [
          0.0,
          0.0,
          0.0,
          1.0
        ]
      ]
    },
    {
      "file_path": "/media/NFS/ttao/scannet/posed_images/scene0348_02/00312.jpg",
      "transform_matrix": [
        [
          0.77521,
          -0.268145,
          0.571969,
          1.133629
        ],
        [
          -0.631478,
          -0.353123,
          0.690318,
          1.665738
        ],
        [
          0.01687,
          -0.896327,
          -0.443072,
          1.61263
        ],
        [
          0.0,
          0.0,
          0.0,
          1.0
        ]
      ]
    },
    {
      "file_path": "/media/NFS/ttao/scannet/posed_images/scene0348_02/00316.jpg",
      "transform_matrix": [
        [
          0.782507,
          -0.270913,
          0.560615,
          1.122618
        ],
        [
          -0.622609,
          -0.349582,
          0.700107,
          1.679616
        ],
        [
          0.006313,
          -0.896883,
          -0.442224,
          1.598709
        ],
        [
          0.0,
          0.0,
          0.0,
          1.0
        ]
      ]
    },
    {
      "file_path": "/media/NFS/ttao/scannet/posed_images/scene0348_02/00325.jpg",
      "transform_matrix": [
        [
          0.809897,
          -0.257783,
          0.526892,
          1.091156
        ],
        [
          -0.586036,
          -0.394002,
          0.708042,
          1.737752
        ],
        [
          0.025075,
          -0.882219,
          -0.470171,
          1.560058
        ],
        [
          0.0,
          0.0,
          0.0,
          1.0
        ]
      ]
    },
    {
      "file_path": "/media/NFS/ttao/scannet/posed_images/scene0348_02/00333.jpg",
      "transform_matrix": [
        [
          0.80314,
          -0.281108,
          0.525304,
          1.060586
        ],
        [
          -0.594667,
          -0.432346,
          0.677826,
          1.822058
        ],
        [
          0.036571,
          -0.85677,
          -0.5144,
          1.50997
        ],
        [
          0.0,
          0.0,
          0.0,
          1.0
        ]
      ]
    },
    {
      "file_path": "/media/NFS/ttao/scannet/posed_images/scene0348_02/00336.jpg",
      "transform_matrix": [
        [
          0.790764,
          -0.300711,
          0.533165,
          1.051443
        ],
        [
          -0.611461,
          -0.428508,
          0.665205,
          1.851241
        ],
        [
          0.028431,
          -0.852029,
          -0.522721,
          1.498268
        ],
        [
          0.0,
          0.0,
          0.0,
          1.0
        ]
      ]
    },
    {
      "file_path": "/media/NFS/ttao/scannet/posed_images/scene0348_02/00340.jpg",
      "transform_matrix": [
        [
          0.777042,
          -0.313622,
          0.545754,
          1.037051
        ],
        [
          -0.628813,
          -0.425729,
          0.650653,
          1.880539
        ],
        [
          0.028284,
          -0.848762,
          -0.528018,
          1.474886
        ],
        [
          0.0,
          0.0,
          0.0,
          1.0
        ]
      ]
    },
    {
      "file_path": "/media/NFS/ttao/scannet/posed_images/scene0348_02/00348.jpg",
      "transform_matrix": [
        [
          0.75737,
          -0.348184,
          0.552412,
          1.022468
        ],
        [
          -0.652863,
          -0.420216,
          0.630229,
          1.938556
        ],
        [
          0.012696,
          -0.837966,
          -0.545575,
          1.447284
        ],
        [
          0.0,
          0.0,
          0.0,
          1.0
        ]
      ]
    },
    {
      "file_path": "/media/NFS/ttao/scannet/posed_images/scene0348_02/00354.jpg",
      "transform_matrix": [
        [
          0.761751,
          -0.368994,
          0.532521,
          1.023466
        ],
        [
          -0.647853,
          -0.439778,
          0.621998,
          1.982957
        ],
        [
          0.004678,
          -0.818803,
          -0.574055,
          1.423036
        ],
        [
          0.0,
          0.0,
          0.0,
          1.0
        ]
      ]
    },
    {
      "file_path": "/media/NFS/ttao/scannet/posed_images/scene0348_02/00361.jpg",
      "transform_matrix": [
        [
          0.771489,
          -0.376398,
          0.512961,
          1.040376
        ],
        [
          -0.636135,
          -0.471177,
          0.611003,
          2.063659
        ],
        [
          0.011715,
          -0.797694,
          -0.602948,
          1.387447
        ],
        [
          0.0,
          0.0,
          0.0,
          1.0
        ]
      ]
    },
    {
      "file_path": "/media/NFS/ttao/scannet/posed_images/scene0348_02/00369.jpg",
      "transform_matrix": [
        [
          0.760706,
          -0.391223,
          0.517948,
          1.056223
        ],
        [
          -0.648983,
          -0.473347,
          0.595621,
          2.125731
        ],
        [
          0.012148,
          -0.789232,
          -0.613975,
          1.375688
        ],
        [
          0.0,
          0.0,
          0.0,
          1.0
        ]
      ]
    },
    {
      "file_path": "/media/NFS/ttao/scannet/posed_images/scene0348_02/00373.jpg",
      "transform_matrix": [
        [
          0.75893,
          -0.400382,
          0.513537,
          1.062027
        ],
        [
          -0.650866,
          -0.490597,
          0.579386,
          2.150266
        ],
        [
          0.019964,
          -0.773957,
          -0.632923,
          1.363512
        ],
        [
          0.0,
          0.0,
          0.0,
          1.0
        ]
      ]
    },
    {
      "file_path": "/media/NFS/ttao/scannet/posed_images/scene0348_02/00384.jpg",
      "transform_matrix": [
        [
          0.751761,
          -0.425076,
          0.504149,
          1.061931
        ],
        [
          -0.65839,
          -0.526852,
          0.53754,
          2.243924
        ],
        [
          0.037117,
          -0.736028,
          -0.675933,
          1.334456
        ],
        [
          0.0,
          0.0,
          0.0,
          1.0
        ]
      ]
    },
    {
      "file_path": "/media/NFS/ttao/scannet/posed_images/scene0348_02/00388.jpg",
      "transform_matrix": [
        [
          0.745219,
          -0.430281,
          0.509419,
          1.053827
        ],
        [
          -0.665407,
          -0.529562,
          0.526115,
          2.294993
        ],
        [
          0.043392,
          -0.731042,
          -0.680952,
          1.329106
        ],
        [
          0.0,
          0.0,
          0.0,
          1.0
        ]
      ]
    },
    {
      "file_path": "/media/NFS/ttao/scannet/posed_images/scene0348_02/00394.jpg",
      "transform_matrix": [
        [
          0.735624,
          -0.427752,
          0.525248,
          1.038352
        ],
        [
          -0.675025,
          -0.527641,
          0.51569,
          2.379048
        ],
        [
          0.056555,
          -0.733909,
          -0.676889,
          1.330858
        ],
        [
          0.0,
          0.0,
          0.0,
          1.0
        ]
      ]
    },
    {
      "file_path": "/media/NFS/ttao/scannet/posed_images/scene0348_02/00397.jpg",
      "transform_matrix": [
        [
          0.728599,
          -0.43795,
          0.526634,
          1.028404
        ],
        [
          -0.682183,
          -0.532909,
          0.500634,
          2.416943
        ],
        [
          0.061395,
          -0.724022,
          -0.687039,
          1.328249
        ],
        [
          0.0,
          0.0,
          0.0,
          1.0
        ]
      ]
    },
    {
      "file_path": "/media/NFS/ttao/scannet/posed_images/scene0348_02/00407.jpg",
      "transform_matrix": [
        [
          0.741503,
          -0.452106,
          0.495757,
          0.99264
        ],
        [
          -0.667368,
          -0.573228,
          0.475426,
          2.510735
        ],
        [
          0.069239,
          -0.683381,
          -0.726771,
          1.304054
        ],
        [
          0.0,
          0.0,
          0.0,
          1.0
        ]
      ]
    },
    {
      "file_path": "/media/NFS/ttao/scannet/posed_images/scene0348_02/00413.jpg",
      "transform_matrix": [
        [
          0.761712,
          -0.451198,
          0.46499,
          0.972763
        ],
        [
          -0.643505,
          -0.610427,
          0.461822,
          2.552051
        ],
        [
          0.07547,
          -0.650999,
          -0.755318,
          1.279204
        ],
        [
          0.0,
          0.0,
          0.0,
          1.0
        ]
      ]
    },
    {
      "file_path": "/media/NFS/ttao/scannet/posed_images/scene0348_02/00418.jpg",
      "transform_matrix": [
        [
          0.784164,
          -0.443681,
          0.433859,
          0.959475
        ],
        [
          -0.615764,
          -0.643023,
          0.455362,
          2.580449
        ],
        [
          0.076946,
          -0.624234,
          -0.777439,
          1.263332
        ],
        [
          0.0,
          0.0,
          0.0,
          1.0
        ]
      ]
    },
    {
      "file_path": "/media/NFS/ttao/scannet/posed_images/scene0348_02/00428.jpg",
      "transform_matrix": [
        [
          0.823698,
          -0.426809,
          0.373303,
          0.964251
        ],
        [
          -0.559781,
          -0.717005,
          0.41539,
          2.634752
        ],
        [
          0.090368,
          -0.551124,
          -0.829515,
          1.244118
        ],
        [
          0.0,
          0.0,
          0.0,
          1.0
        ]
      ]
    },
    {
      "file_path": "/media/NFS/ttao/scannet/posed_images/scene0348_02/00433.jpg",
      "transform_matrix": [
        [
          0.838019,
          -0.419897,
          0.348441,
          0.985711
        ],
        [
          -0.538985,
          -0.736471,
          0.408785,
          2.665345
        ],
        [
          0.084969,
          -0.530374,
          -0.843495,
          1.244097
        ],
        [
          0.0,
          0.0,
          0.0,
          1.0
        ]
      ]
    },
    {
      "file_path": "/media/NFS/ttao/scannet/posed_images/scene0348_02/00435.jpg",
      "transform_matrix": [
        [
          0.845083,
          -0.41257,
          0.34003,
          0.997021
        ],
        [
          -0.527974,
          -0.744094,
          0.409349,
          2.678057
        ],
        [
          0.08413,
          -0.525461,
          -0.846648,
          1.242945
        ],
        [
          0.0,
          0.0,
          0.0,
          1.0
        ]
      ]
    },
    {
      "file_path": "/media/NFS/ttao/scannet/posed_images/scene0348_02/00445.jpg",
      "transform_matrix": [
        [
          0.8785,
          -0.344827,
          0.330654,
          1.050691
        ],
        [
          -0.462055,
          -0.789168,
          0.404622,
          2.742619
        ],
        [
          0.121417,
          -0.508241,
          -0.852613,
          1.23225
        ],
        [
          0.0,
          0.0,
          0.0,
          1.0
        ]
      ]
    },
    {
      "file_path": "/media/NFS/ttao/scannet/posed_images/scene0348_02/00451.jpg",
      "transform_matrix": [
        [
          0.896972,
          -0.30602,
          0.319052,
          1.073979
        ],
        [
          -0.421171,
          -0.810884,
          0.406303,
          2.784197
        ],
        [
          0.134377,
          -0.498818,
          -0.856226,
          1.229739
        ],
        [
          0.0,
          0.0,
          0.0,
          1.0
        ]
      ]
    },
    {
      "file_path": "/media/NFS/ttao/scannet/posed_images/scene0348_02/00456.jpg",
      "transform_matrix": [
        [
          0.894204,
          -0.308599,
          0.324295,
          1.089068
        ],
        [
          -0.425653,
          -0.810466,
          0.402447,
          2.810649
        ],
        [
          0.138635,
          -0.497907,
          -0.856078,
          1.23013
        ],
        [
          0.0,
          0.0,
          0.0,
          1.0
        ]
      ]
    },
    {
      "file_path": "/media/NFS/ttao/scannet/posed_images/scene0348_02/00462.jpg",
      "transform_matrix": [
        [
          0.874701,
          -0.354862,
          0.330107,
          1.112505
        ],
        [
          -0.469883,
          -0.787832,
          0.398159,
          2.834026
        ],
        [
          0.118778,
          -0.503382,
          -0.855861,
          1.242825
        ],
        [
          0.0,
          0.0,
          0.0,
          1.0
        ]
      ]
    },
    {
      "file_path": "/media/NFS/ttao/scannet/posed_images/scene0348_02/00471.jpg",
      "transform_matrix": [
        [
          0.790262,
          -0.481501,
          0.379002,
          1.12138
        ],
        [
          -0.605456,
          -0.708832,
          0.361912,
          2.848072
        ],
        [
          0.094388,
          -0.515474,
          -0.851691,
          1.272207
        ],
        [
          0.0,
          0.0,
          0.0,
          1.0
        ]
      ]
    },
    {
      "file_path": "/media/NFS/ttao/scannet/posed_images/scene0348_02/00479.jpg",
      "transform_matrix": [
        [
          0.651013,
          -0.587492,
          0.480662,
          1.120931
        ],
        [
          -0.753744,
          -0.575184,
          0.317857,
          2.857766
        ],
        [
          0.089731,
          -0.569225,
          -0.817271,
          1.308173
        ],
        [
          0.0,
          0.0,
          0.0,
          1.0
        ]
      ]
    },
    {
      "file_path": "/media/NFS/ttao/scannet/posed_images/scene0348_02/00481.jpg",
      "transform_matrix": [
        [
          0.630825,
          -0.596654,
          0.496048,
          1.12305
        ],
        [
          -0.770977,
          -0.554068,
          0.314012,
          2.85478
        ],
        [
          0.087488,
          -0.580528,
          -0.809526,
          1.30722
        ],
        [
          0.0,
          0.0,
          0.0,
          1.0
        ]
      ]
    },
    {
      "file_path": "/media/NFS/ttao/scannet/posed_images/scene0348_02/00490.jpg",
      "transform_matrix": [
        [
          0.539051,
          -0.600836,
          0.590272,
          1.131423
        ],
        [
          -0.837473,
          -0.457055,
          0.299566,
          2.850908
        ],
        [
          0.089797,
          -0.655818,
          -0.74956,
