{
  "frames": [
    {
      "file_path": "/media/NFS/ttao/scannet/posed_images/scene0502_02/00002.jpg",
      "transform_matrix": [
        [
          0.996063,
          -0.058332,
          0.066759,
          3.3539
        ],
        [
          -0.076374,
          -0.182249,
          0.980282,
          3.588921
        ],
        [
          -0.045015,
          -0.981521,
          -0.185987,
          1.643883
        ],
        [
          0.0,
          0.0,
          0.0,
          1.0
        ]
      ]
    },
    {
      "file_path": "/media/NFS/ttao/scannet/posed_images/scene0502_02/00008.jpg",
      "transform_matrix": [
        [
          0.995614,
          -0.055021,
          0.075667,
          3.352206
        ],
        [
          -0.082672,
          -0.138779,
          0.986867,
          3.58193
        ],
        [
          -0.043798,
          -0.988794,
          -0.142719,
          1.656135
        ],
        [
          0.0,
          0.0,
          0.0,
          1.0
        ]
      ]
    },
    {
      "file_path": "/media/NFS/ttao/scannet/posed_images/scene0502_02/00012.jpg",
      "transform_matrix": [
        [
          0.996085,
          -0.051819,
          0.071618,
          3.355615
        ],
        [
          -0.077621,
          -0.125029,
          0.989112,
          3.578243
        ],
        [
          -0.0423,
          -0.990799,
          -0.128562,
          1.652766
        ],
        [
          0.0,
          0.0,
          0.0,
          1.0
        ]
      ]
    },
    {
      "file_path": "/media/NFS/ttao/scannet/posed_images/scene0502_02/00014.jpg",
      "transform_matrix": [
        [
          0.996144,
          -0.049182,
          0.07265,
          3.35547
        ],
        [
          -0.078175,
          -0.121753,
          0.989477,
          3.578156
        ],
        [
          -0.039819,
          -0.991341,
          -0.125128,
          1.655524
        ],
        [
          0.0,
          0.0,
          0.0,
          1.0
        ]
      ]
    },
    {
      "file_path": "/media/NFS/ttao/scannet/posed_images/scene0502_02/00023.jpg",
      "transform_matrix": [
        [
          0.997235,
          -0.009216,
          0.073734,
          3.355671
        ],
        [
          -0.073759,
          -0.002375,
          0.997273,
          3.561019
        ],
        [
          -0.009015,
          -0.999955,
          -0.003048,
          1.686028
        ],
        [
          0.0,
          0.0,
          0.0,
          1.0
        ]
      ]
    },
    {
      "file_path": "/media/NFS/ttao/scannet/posed_images/scene0502_02/00025.jpg",
      "transform_matrix": [
        [
          0.9968,
          -0.003116,
          0.079876,
          3.358416
        ],
        [
          -0.07985,
          0.007749,
          0.996777,
          3.557049
        ],
        [
          -0.003725,
          -0.999965,
          0.007475,
          1.685698
        ],
        [
          0.0,
          0.0,
          0.0,
          1.0
        ]
      ]
    },
    {
      "file_path": "/media/NFS/ttao/scannet/posed_images/scene0502_02/00034.jpg",
      "transform_matrix": [
        [
          0.992042,
          -0.045318,
          0.117465,
          3.369162
        ],
        [
          -0.123359,
          -0.163247,
          0.978843,
          3.581612
        ],
        [
          -0.025184,
          -0.985544,
          -0.167538,
          1.6217
        ],
        [
          0.0,
          0.0,
          0.0,
          1.0
        ]
      ]
    },
    {
      "file_path": "/media/NFS/ttao/scannet/posed_images/scene0502_02/00039.jpg",
      "transform_matrix": [
        [
          0.991085,
          -0.064475,
          0.116587,
          3.378314
        ],
        [
          -0.129744,
          -0.268268,
          0.954568,
          3.600682
        ],
        [
          -0.030269,
          -0.961185,
          -0.274241,
          1.575864
        ],
        [
          0.0,
          0.0,
          0.0,
          1.0
        ]
      ]
    },
    {
      "file_path": "/media/NFS/ttao/scannet/posed_images/scene0502_02/00041.jpg",
      "transform_matrix": [
        [
          0.991119,
          -0.070444,
          0.112789,
          3.380183
        ],
        [
          -0.128884,
          -0.299951,
          0.945208,
          3.60625
        ],
        [
          -0.032753,
          -0.95135,
          -0.306366,
          1.56371
        ],
        [
          0.0,
          0.0,
          0.0,
          1.0
        ]
      ]
    },
    {
      "file_path": "/media/NFS/ttao/scannet/posed_images/scene0502_02/00045.jpg",
      "transform_matrix": [
        [
          0.9915,
          -0.079759,
          0.102791,
          3.385856
        ],
        [
          -0.124359,
          -0.348765,
          0.928923,
          3.61231
        ],
        [
          -0.03824,
          -0.93381,
          -0.35572,
          1.546273
        ],
        [
          0.0,
          0.0,
          0.0,
          1.0
        ]
      ]
    },
    {
      "file_path": "/media/NFS/ttao/scannet/posed_images/scene0502_02/00055.jpg",
      "transform_matrix": [
        [
          0.996814,
          -0.078394,
          0.014704,
          3.395941
        ],
        [
          -0.049677,
          -0.465979,
          0.8834,
          3.602755
        ],
        [
          -0.062401,
          -0.881316,
          -0.468389,
          1.50394
        ],
        [
          0.0,
          0.0,
          0.0,
          1.0
        ]
      ]
    },
    {
      "file_path": "/media/NFS/ttao/scannet/posed_images/scene0502_02/00058.jpg",
      "transform_matrix": [
        [
          0.996917,
          -0.076488,
          -0.017471,
          3.388438
        ],
        [
          -0.020852,
          -0.472973,
          0.88083,
          3.587598
        ],
        [
          -0.075636,
          -0.877751,
          -0.47311,
          1.495425
        ],
        [
          0.0,
          0.0,
          0.0,
          1.0
        ]
      ]
    },
    {
      "file_path": "/media/NFS/ttao/scannet/posed_images/scene0502_02/00064.jpg",
      "transform_matrix": [
        [
          0.996585,
          -0.064087,
          -0.052061,
          3.36907
        ],
        [
          0.019669,
          -0.428107,
          0.903514,
          3.545904
        ],
        [
          -0.080191,
          -0.901453,
          -0.425385,
          1.513491
        ],
        [
          0.0,
          0.0,
          0.0,
          1.0
        ]
      ]
    },
    {
      "file_path": "/media/NFS/ttao/scannet/posed_images/scene0502_02/00067.jpg",
      "transform_matrix": [
        [
          0.997183,
          -0.057728,
          -0.047883,
          3.367693
        ],
        [
          0.022923,
          -0.3733,
          0.927427,
          3.515473
        ],
        [
          -0.071413,
          -0.925913,
          -0.370925,
          1.535525
        ],
        [
          0.0,
          0.0,
          0.0,
          1.0
        ]
      ]
    },
    {
      "file_path": "/media/NFS/ttao/scannet/posed_images/scene0502_02/00075.jpg",
      "transform_matrix": [
        [
          0.998186,
          -0.027916,
          -0.053339,
          3.345735
        ],
        [
          0.046951,
          -0.193599,
          0.979957,
          3.427508
        ],
        [
          -0.037683,
          -0.980684,
          -0.191937,
          1.614676
        ],
        [
          0.0,
          0.0,
          0.0,
          1.0
        ]
      ]
    },
    {
      "file_path": "/media/NFS/ttao/scannet/posed_images/scene0502_02/00080.jpg",
      "transform_matrix": [
        [
          0.998598,
          0.001188,
          -0.052927,
          3.342188
        ],
        [
          0.052703,
          -0.116839,
          0.991751,
          3.384113
        ],
        [
          -0.005006,
          -0.99315,
          -0.116738,
          1.650901
        ],
        [
          0.0,
          0.0,
          0.0,
          1.0
        ]
      ]
    },
    {
      "file_path": "/media/NFS/ttao/scannet/posed_images/scene0502_02/00084.jpg",
      "transform_matrix": [
        [
          0.999093,
          0.020196,
          -0.037475,
          3.34225
        ],
        [
          0.038224,
          -0.03808,
          0.998543,
          3.351088
        ],
        [
          0.01874,
          -0.999071,
          -0.038817,
          1.679287
        ],
        [
          0.0,
          0.0,
          0.0,
          1.0
        ]
      ]
    },
    {
      "file_path": "/media/NFS/ttao/scannet/posed_images/scene0502_02/00089.jpg",
      "transform_matrix": [
        [
          0.999132,
          0.033517,
          -0.024737,
          3.346524
        ],
        [
          0.023466,
          0.037788,
          0.99901,
          3.321031
        ],
        [
          0.034419,
          -0.998724,
          0.036968,
          1.700734
        ],
        [
          0.0,
          0.0,
          0.0,
          1.0
        ]
      ]
    },
    {
      "file_path": "/media/NFS/ttao/scannet/posed_images/scene0502_02/00097.jpg",
      "transform_matrix": [
        [
          0.996399,
          0.005831,
          -0.084589,
          3.37546
        ],
        [
          0.083196,
          0.125255,
          0.98863,
          3.286095
        ],
        [
          0.016359,
          -0.992107,
          0.124318,
          1.72325
        ],
        [
          0.0,
          0.0,
          0.0,
          1.0
        ]
      ]
    },
    {
      "file_path": "/media/NFS/ttao/scannet/posed_images/scene0502_02/00100.jpg",
      "transform_matrix": [
        [
          0.992525,
          0.024085,
          -0.119641,
          3.397723
        ],
        [
          0.115392,
          0.133968,
          0.984245,
          3.282171
        ],
        [
          0.039734,
          -0.990693,
          0.130187,
          1.712502
        ],
        [
          0.0,
          0.0,
          0.0,
          1.0
        ]
      ]
    },
    {
      "file_path": "/media/NFS/ttao/scannet/posed_images/scene0502_02/00103.jpg",
      "transform_matrix": [
        [
          0.988011,
          0.03504,
          -0.150351,
          3.42037
        ],
        [
          0.14553,
          0.113606,
          0.98281,
          3.284312
        ],
        [
          0.051518,
          -0.992908,
          0.107145,
          1.709007
        ],
        [
          0.0,
          0.0,
          0.0,
          1.0
        ]
      ]
    },
    {
      "file_path": "/media/NFS/ttao/scannet/posed_images/scene0502_02/00108.jpg",
      "transform_matrix": [
        [
          0.978798,
          0.053985,
          -0.197584,
          3.441658
        ],
        [
          0.194175,
          0.062465,
          0.978976,
          3.290335
        ],
        [
          0.065193,
          -0.996586,
          0.050658,
          1.685887
        ],
        [
          0.0,
          0.0,
          0.0,
          1.0
        ]
      ]
    },
    {
      "file_path": "/media/NFS/ttao/scannet/posed_images/scene0502_02/00117.jpg",
      "transform_matrix": [
        [
          0.94882,
          0.073984,
          -0.307027,
          3.497538
        ],
        [
          0.3138,
          -0.111195,
          0.942955,
          3.318086
        ],
        [
          0.035624,
          -0.991041,
          -0.12872,
          1.639744
        ],
        [
          0.0,
          0.0,
          0.0,
          1.0
        ]
      ]
    },
    {
      "file_path": "/media/NFS/ttao/scannet/posed_images/scene0502_02/00120.jpg",
      "transform_matrix": [
        [
          0.939185,
          0.09036,
          -0.331309,
          3.505568
        ],
        [
          0.342737,
          -0.186254,
          0.920783,
          3.327702
        ],
        [
          0.021494,
          -0.978338,
          -0.205897,
          1.601486
        ],
        [
          0.0,
          0.0,
          0.0,
          1.0
        ]
      ]
    },
    {
      "file_path": "/media/NFS/ttao/scannet/posed_images/scene0502_02/00125.jpg",
      "transform_matrix": [
        [
          0.946649,
          0.107152,
          -0.30393,
          3.518417
        ],
        [
          0.322118,
          -0.286166,
          0.902413,
          3.335364
        ],
        [
          0.009721,
          -0.95217,
          -0.305415,
          1.562616
        ],
        [
          0.0,
          0.0,
          0.0,
          1.0
        ]
      ]
    },
    {
      "file_path": "/media/NFS/ttao/scannet/posed_images/scene0502_02/00133.jpg",
      "transform_matrix": [
        [
          0.993702,
          0.054864,
          -0.097701,
          3.510056
        ],
        [
          0.111728,
          -0.418907,
          0.901129,
          3.331217
        ],
        [
          0.008512,
          -0.90637,
          -0.422399,
          1.53988
        ],
        [
          0.0,
          0.0,
          0.0,
          1.0
        ]
      ]
    },
    {
      "file_path": "/media/NFS/ttao/scannet/posed_images/scene0502_02/00137.jpg",
      "transform_matrix": [
        [
          0.999914,
          0.004233,
          0.012426,
          3.485458
        ],
        [
          -0.009291,
          -0.440432,
          0.897738,
          3.321841
        ],
        [
          0.009273,
          -0.897776,
          -0.440355,
          1.537909
        ],
        [
          0.0,
          0.0,
          0.0,
          1.0
        ]
      ]
    },
    {
      "file_path": "/media/NFS/ttao/scannet/posed_images/scene0502_02/00142.jpg",
      "transform_matrix": [
        [
          0.986626,
          -0.084815,
          0.139192,
          3.429556
        ],
        [
          -0.162583,
          -0.451273,
          0.87745,
          3.306581
        ],
        [
          -0.011608,
          -0.888346,
          -0.459028,
          1.553058
        ],
        [
          0.0,
          0.0,
          0.0,
          1.0
        ]
      ]
    },
    {
      "file_path": "/media/NFS/ttao/scannet/posed_images/scene0502_02/00145.jpg",
      "transform_matrix": [
        [
          0.9722,
          -0.137411,
          0.189591,
          3.403599
        ],
        [
          -0.231761,
          -0.449344,
          0.862773,
          3.292235
        ],
        [
          -0.033363,
          -0.882728,
          -0.468699,
          1.557548
        ],
        [
          0.0,
          0.0,
          0.0,
          1.0
        ]
      ]
    },
    {
      "file_path": "/media/NFS/ttao/scannet/posed_images/scene0502_02/00153.jpg",
      "transform_matrix": [
        [
          0.89504,
          -0.258732,
          0.363263,
          3.312315
        ],
        [
          -0.44486,
          -0.460125,
          0.768365,
          3.252673
        ],
        [
          -0.031654,
          -0.849319,
          -0.52693,
          1.547014
        ],
        [
          0.0,
          0.0,
          0.0,
          1.0
        ]
      ]
    },
    {
      "file_path": "/media/NFS/ttao/scannet/posed_images/scene0502_02/00156.jpg",
      "transform_matrix": [
        [
          0.871254,
          -0.275787,
          0.406027,
          3.295636
        ],
        [
          -0.490564,
          -0.461898,
          0.738916,
          3.249821
        ],
        [
          -0.01624,
          -0.842966,
          -0.537722,
          1.552261
        ],
        [
          0.0,
          0.0,
          0.0,
          1.0
        ]
      ]
    },
    {
      "file_path": "/media/NFS/ttao/scannet/posed_images/scene0502_02/00162.jpg",
      "transform_matrix": [
        [
          0.81909,
          -0.284407,
          0.4982,
          3.260393
        ],
        [
          -0.573366,
          -0.433892,
          0.694975,
          3.226285
        ],
        [
          0.018509,
          -0.854898,
          -0.518466,
          1.54177
        ],
        [
          0.0,
          0.0,
          0.0,
          1.0
        ]
      ]
    },
    {
      "file_path": "/media/NFS/ttao/scannet/posed_images/scene0502_02/00169.jpg",
      "transform_matrix": [
        [
          0.760292,
          -0.292739,
          0.579879,
          3.247047
        ],
        [
          -0.648863,
          -0.384218,
          0.656775,
          3.204308
        ],
        [
          0.030536,
          -0.875603,
          -0.482065,
          1.547676
        ],
        [
          0.0,
          0.0,
          0.0,
          1.0
        ]
      ]
    },
    {
      "file_path": "/media/NFS/ttao/scannet/posed_images/scene0502_02/00172.jpg",
      "transform_matrix": [
        [
          0.745152,
          -0.300454,
          0.595379,
          3.255072
        ],
        [
          -0.666248,
          -0.374678,
          0.644771,
          3.196047
        ],
        [
          0.029352,
          -0.877122,
          -0.47937,
          1.552723
        ],
        [
          0.0,
          0.0,
          0.0,
          1.0
        ]
      ]
    },
    {
      "file_path": "/media/NFS/ttao/scannet/posed_images/scene0502_02/00178.jpg",
      "transform_matrix": [
        [
          0.705921,
          -0.336653,
          0.623169,
          3.256075
        ],
        [
          -0.708142,
          -0.353456,
          0.611231,
          3.192031
        ],
        [
          0.01449,
          -0.872773,
          -0.487911,
          1.550992
        ],
        [
          0.0,
          0.0,
          0.0,
          1.0
        ]
      ]
    },
    {
      "file_path": "/media/NFS/ttao/scannet/posed_images/scene0502_02/00181.jpg",
      "transform_matrix": [
        [
          0.690054,
          -0.34436,
          0.636586,
          3.255871
        ],
        [
          -0.723448,
          -0.353929,
          0.592755,
          3.193513
        ],
        [
          0.021185,
          -0.869569,
          -0.493356,
          1.541788
        ],
        [
          0.0,
          0.0,
          0.0,
          1.0
        ]
      ]
    },
    {
      "file_path": "/media/NFS/ttao/scannet/posed_images/scene0502_02/00190.jpg",
      "transform_matrix": [
        [
          0.603966,
          -0.420837,
          0.676846,
          3.283272
        ],
        [
          -0.796689,
          -0.342863,
          0.497726,
          3.181437
        ],
        [
          0.022604,
          -0.839846,
          -0.542354,
          1.544665
        ],
        [
          0.0,
          0.0,
          0.0,
          1.0
        ]
      ]
    },
    {
      "file_path": "/media/NFS/ttao/scannet/posed_images/scene0502_02/00192.jpg",
      "transform_matrix": [
        [
          0.579497,
          -0.436337,
          0.688326,
          3.289775
        ],
        [
          -0.814482,
          -0.339423,
          0.470543,
          3.169217
        ],
        [
          0.028318,
          -0.833308,
          -0.552084,
          1.542081
        ],
        [
          0.0,
          0.0,
          0.0,
          1.0
        ]
      ]
    },
    {
      "file_path": "/media/NFS/ttao/scannet/posed_images/scene0502_02/00200.jpg",
      "transform_matrix": [
        [
          0.476597,
          -0.515292,
          0.712271,
          3.32956
        ],
        [
          -0.877507,
          -0.327924,
          0.349925,
          3.139092
        ],
        [
          0.053257,
          -0.791796,
          -0.60846,
          1.533674
        ],
        [
          0.0,
          0.0,
          0.0,
          1.0
        ]
      ]
    },
    {
      "file_path": "/media/NFS/ttao/scannet/posed_images/scene0502_02/00203.jpg",
      "transform_matrix": [
        [
          0.451736,
          -0.524253,
          0.721868,
          3.340214
        ],
        [
          -0.890022,
          -0.320694,
          0.324062,
          3.138632
        ],
        [
          0.061608,
          -0.788869,
          -0.611466,
          1.541061
        ],
        [
          0.0,
          0.0,
          0.0,
          1.0
        ]
      ]
    },
    {
      "file_path": "/media/NFS/ttao/scannet/posed_images/scene0502_02/00209.jpg",
      "transform_matrix": [
        [
          0.408382,
          -0.512613,
          0.755283,
          3.353271
        ],
        [
          -0.910696,
          -0.285101,
          0.298915,
          3.134706
        ],
        [
          0.062104,
          -0.809905,
          -0.583265,
          1.55294
        ],
        [
          0.0,
          0.0,
          0.0,
          1.0
        ]
      ]
    },
    {
      "file_path": "/media/NFS/ttao/scannet/posed_images/scene0502_02/00214.jpg",
      "transform_matrix": [
        [
          0.381897,
          -0.496546,
          0.779485,
          3.363963
        ],
        [
          -0.922101,
          -0.261592,
          0.28513,
          3.131888
        ],
        [
          0.062326,
          -0.827654,
          -0.557767,
          1.563419
        ],
        [
          0.0,
          0.0,
          0.0,
          1.0
        ]
      ]
    },
    {
      "file_path": "/media/NFS/ttao/scannet/posed_images/scene0502_02/00219.jpg",
      "transform_matrix": [
        [
          0.358086,
          -0.493048,
          0.792892,
          3.376276
        ],
        [
          -0.931431,
          -0.247655,
          0.266652,
          3.131748
        ],
        [
          0.064892,
          -0.834009,
          -0.547922,
          1.564177
        ],
        [
          0.0,
          0.0,
          0.0,
          1.0
        ]
      ]
    },
    {
      "file_path": "/media/NFS/ttao/scannet/posed_images/scene0502_02/00223.jpg",
      "transform_matrix": [
        [
          0.36198,
          -0.511692,
          0.779193,
          3.383367
        ],
        [
          -0.930558,
          -0.247725,
          0.269618,
          3.126522
        ],
        [
          0.055064,
          -0.822681,
          -0.565831,
          1.550446
        ],
        [
          0.0,
          0.0,
          0.0,
          1.0
        ]
      ]
    },
    {
      "file_path": "/media/NFS/ttao/scannet/posed_images/scene0502_02/00231.jpg",
      "transform_matrix": [
        [
          0.341851,
          -0.554497,
          0.75873,
          3.402557
        ],
        [
          -0.938729,
          -0.239186,
          0.248149,
          3.122102
        ],
        [
          0.04388,
          -0.797072,
          -0.602288,
          1.534921
        ],
        [
          0.0,
          0.0,
          0.0,
          1.0
        ]
      ]
    },
    {
      "file_path": "/media/NFS/ttao/scannet/posed_images/scene0502_02/00236.jpg",
      "transform_matrix": [
        [
          0.27933,
          -0.55863,
          0.780966,
          3.406969
        ],
        [
          -0.957742,
          -0.220193,
          0.185052,
          3.121381
        ],
        [
          0.068588,
          -0.799655,
          -0.59653,
          1.532261
        ],
        [
          0.0,
          0.0,
          0.0,
          1.0
        ]
      ]
    },
    {
      "file_path": "/media/NFS/ttao/scannet/posed_images/scene0502_02/00239.jpg",
      "transform_matrix": [
        [
          0.246106,
          -0.566097,
          0.786744,
          3.406776
        ],
        [
          -0.965626,
          -0.213269,
          0.148606,
          3.124378
        ],
        [
          0.083662,
          -0.796273,
          -0.599124,
          1.535737
        ],
        [
          0.0,
          0.0,
          0.0,
          1.0
        ]
      ]
    },
    {
      "file_path": "/media/NFS/ttao/scannet/posed_images/scene0502_02/00244.jpg",
      "transform_matrix": [
        [
          0.284989,
          -0.537028,
          0.793966,
          3.392761
        ],
        [
          -0.955985,
          -0.219578,
          0.194625,
          3.136661
        ],
        [
          0.069819,
          -0.814485,
          -0.575968,
          1.542419
        ],
        [
          0.0,
          0.0,
          0.0,
          1.0
        ]
      ]
    },
    {
      "file_path": "/media/NFS/ttao/scannet/posed_images/scene0502_02/00251.jpg",
      "transform_matrix": [
        [
          0.476176,
          -0.471044,
          0.742545,
          3.358762
        ],
        [
          -0.877989,
          -0.301641,
          0.371683,
          3.149676
        ],
        [
          0.048902,
          -0.828933,
          -0.557206,
          1.559597
        ],
        [
          0.0,
          0.0,
          0.0,
          1.0
        ]
      ]
    },
    {
      "file_path": "/media/NFS/ttao/scannet/posed_images/scene0502_02/00254.jpg",
      "transform_matrix": [
        [
          0.554264,
          -0.437307,
          0.708204,
          3.338886
        ],
        [
          -0.831611,
          -0.326589,
          0.449181,
          3.174016
        ],
        [
          0.034862,
          -0.837915,
          -0.544686,
          1.563628
        ],
        [
          0.0,
          0.0,
          0.0,
          1.0
        ]
      ]
    },
    {
      "file_path": "/media/NFS/ttao/scannet/posed_images/scene0502_02/00261.jpg",
      "transform_matrix": [
        [
          0.730515,
          -0.33283,
          0.596298,
          3.289685
        ],
        [
          -0.68288,
          -0.362105,
          0.634472,
          3.208086
        ],
        [
          0.004751,
          -0.870692,
          -0.491806,
          1.562787
        ],
        [
          0.0,
          0.0,
          0.0,
          1.0
        ]
      ]
    },
    {
      "file_path": "/media/NFS/ttao/scannet/posed_images/scene0502_02/00267.jpg",
      "transform_matrix": [
        [
          0.808015,
          -0.285764,
          0.515219,
          3.296157
        ],
        [
          -0.588957,
          -0.368708,
          0.719155,
          3.219846
        ],
        [
          -0.015542,
          -0.88453,
          -0.466224,
          1.579767
        ],
        [
          0.0,
          0.0,
          0.0,
          1.0
        ]
      ]
    },
    {
      "file_path": "/media/NFS/ttao/scannet/posed_images/scene0502_02/00270.jpg",
      "transform_matrix": [
        [
          0.82335,
          -0.264757,
          0.501995,
          3.300122
        ],
        [
          -0.56746,
          -0.36975,
          0.735713,
          3.223436
        ],
        [
          -0.009173,
          -0.890612,
          -0.454672,
          1.579918
        ],
        [
          0.0,
          0.0,
          0.0,
          1.0
        ]
      ]
    },
    {
      "file_path": "/media/NFS/ttao/scannet/posed_images/scene0502_02/00275.jpg",
      "transform_matrix": [
        [
          0.854584,
          -0.22293,
          0.469029,
          3.334128
        ],
        [
          -0.519174,
          -0.345891,
          0.781548,
          3.23625
        ],
        [
          -0.011998,
          -0.911406,
          -0.411333,
          1.595542
        ],
        [
          0.0,
          0.0,
          0.0,
          1.0
        ]
      ]
    },
    {
      "file_path": "/media/NFS/ttao/scannet/posed_images/scene0502_02/00284.jpg",
      "transform_matrix": [
        [
          0.931146,
          -0.112704,
          0.346791,
          3.416902
        ],
        [
          -0.364239,
          -0.242582,
          0.899157,
          3.256267
        ],
        [
          -0.017213,
          -0.963562,
          -0.26693,
          1.620664
        ],
        [
          0.0,
          0.0,
          0.0,
          1.0
        ]
      ]
    },
    {
      "file_path": "/media/NFS/ttao/scannet/posed_images/scene0502_02/00286.jpg",
      "transform_matrix": [
        [
          0.946777,
          -0.093053,
          0.308147,
          3.436292
        ],
        [
          -0.321609,
          -0.233441,
          0.917645,
          3.26543
        ],
        [
          -0.013456,
          -0.967908,
          -0.250943,
          1.633456
        ],
        [
          0.0,
          0.0,
          0.0,
          1.0
        ]
      ]
    },
    {
      "file_path": "/media/NFS/ttao/scannet/posed_images/scene0502_02/00293.jpg",
      "transform_matrix": [
        [
          0.989146,
          -0.074508,
          0.12664,
          3.515384
        ],
        [
          -0.139161,
          -0.198464,
          0.970178,
          3.293237
        ],
        [
          -0.047153,
          -0.977272,
          -0.206679,
          1.645249
        ],
        [
          0.0,
          0.0,
          0.0,
          1.0
        ]
      ]
    },
    {
      "file_path": "/media/NFS/ttao/scannet/posed_images/scene0502_02/00295.jpg",
      "transform_matrix": [
        [
          0.994178,
          -0.064621,
          0.086225,
          3.525866
        ],
        [
          -0.097704,
          -0.20319,
          0.974252,
          3.308214
        ],
        [
          -0.045437,
          -0.977005,
          -0.20832,
          1.647522
        ],
        [
          0.0,
          0.0,
          0.0,
          1.0
        ]
      ]
    },
    {
      "file_path": "/media/NFS/ttao/scannet/posed_images/scene0502_02/00301.jpg",
      "transform_matrix": [
        [
          0.999205,
          -0.025467,
          -0.030675,
          3.529306
        ],
        [
          0.023183,
          -0.254807,
          0.966714,
          3.374149
        ],
        [
          -0.032436,
          -0.966657,
          -0.254014,
          1.620165
        ],
        [
          0.0,
          0.0,
          0.0,
          1.0
        ]
      ]
    },
    {
      "file_path": "/media/NFS/ttao/scannet/posed_images/scene0502_02/00306.jpg",
      "transform_matrix": [
        [
          0.992249,
          0.023507,
          -0.122024,
          3.516457
        ],
        [
          0.122796,
          -0.336178,
          0.933759,
          3.448806
        ],
        [
          -0.019072,
          -0.941505,
          -0.336459,
          1.576982
        ],
        [
          0.0,
          0.0,
          0.0,
          1.0
        ]
      ]
    },
    {
      "file_path": "/media/NFS/ttao/scannet/posed_images/scene0502_02/00315.jpg",
      "transform_matrix": [
        [
          0.946732,
          0.156495,
          -0.281439,
          3.466938
        ],
        [
          0.321688,
          -0.49944,
          0.804411,
          3.551588
        ],
        [
          -0.014676,
          -0.852097,
          -0.523178,
          1.504618
        ],
        [
          0.0,
          0.0,
          0.0,
          1.0
        ]
      ]
    },
    {
      "file_path": "/media/NFS/ttao/scannet/posed_images/scene0502_02/00320.jpg",
      "transform_matrix": [
        [
          0.911907,
          0.220035,
          -0.346424,
          3.451568
        ],
        [
          0.40983,
          -0.532581,
          0.740538,
          3.576043
        ],
        [
          -0.021555,
          -0.817277,
          -0.575841,
          1.486684
        ],
        [
          0.0,
          0.0,
          0.0,
          1.0
        ]
      ]
    },
    {
      "file_path": "/media/NFS/ttao/scannet/posed_images/scene0502_02/00323.jpg",
      "transform_matrix": [
        [
          0.881066,
          0.253367,
          -0.399409,
          3.442353
        ],
        [
          0.47224,
          -0.518828,
          0.712605,
          3.581038
        ],
        [
          -0.026675,
          -0.816469,
          -0.576772,
          1.479679
        ],
        [
          0.0,
          0.0,
          0.0,
          1.0
        ]
      ]
    },
    {
      "file_path": "/media/NFS/ttao/scannet/posed_images/scene0502_02/00328.jpg",
      "transform_matrix": [
        [
          0.818241,
          0.278794,
          -0.502747,
          3.438653
        ],
        [
          0.573878,
          -0.447603,
          0.685795,
          3.600124
        ],
        [
          -0.033835,
          -0.849662,
          -0.526242,
          1.487401
        ],
        [
          0.0,
          0.0,
          0.0,
          1.0
        ]
      ]
    },
    {
      "file_path": "/media/NFS/ttao/scannet/posed_images/scene0502_02/00336.jpg",
      "transform_matrix": [
        [
          0.661114,
          0.32533,
          -0.676083,
          3.466845
        ],
        [
          0.750115,
          -0.305797,
          0.586358,
          3.633816
        ],
        [
          -0.015985,
          -0.89479,
          -0.446201,
          1.489325
        ],
        [
          0.0,
          0.0,
          0.0,
          1.0
        ]
      ]
    },
    {
      "file_path": "/media/NFS/ttao/scannet/posed_images/scene0502_02/00337.jpg",
      "transform_matrix": [
        [
          0.649938,
          0.330798,
          -0.684217,
          3.470895
        ],
        [
          0.759942,
          -0.292707,
          0.580354,
          3.639098
        ],
        [
          -0.008295,
          -0.89716,
          -0.441629,
          1.483485
        ],
        [
          0.0,
          0.0,
          0.0,
          1.0
        ]
      ]
    },
    {
      "file_path": "/media/NFS/ttao/scannet/posed_images/scene0502_02/00345.jpg",
      "transform_matrix": [
        [
          0.682346,
          0.339899,
          -0.647204,
          3.443835
        ],
        [
          0.729635,
          -0.26201,
          0.631651,
          3.675617
        ],
        [
          0.045124,
          -0.903228,
          -0.426783,
          1.473571
        ],
        [
          0.0,
          0.0,
          0.0,
          1.0
        ]
      ]
    },
    {
      "file_path": "/media/NFS/ttao/scannet/posed_images/scene0502_02/00348.jpg",
      "transform_matrix": [
        [
          0.673706,
          0.340868,
          -0.65569,
          3.40472
        ],
        [
          0.738538,
          -0.279203,
          0.613683,
          3.675623
        ],
        [
          0.026114,
          -0.897694,
          -0.439845,
          1.477593
        ],
        [
          0.0,
          0.0,
          0.0,
          1.0
        ]
      ]
    },
    {
      "file_path": "/media/NFS/ttao/scannet/posed_images/scene0502_02/00356.jpg",
      "transform_matrix": [
        [
          0.530104,
          0.37755,
          -0.75924,
          3.318792
        ],
        [
          0.847483,
          -0.265081,
          0.459897,
          3.660143
        ],
        [
          -0.027626,
          -0.887236,
          -0.460488,
          1.450058
        ],
        [
          0.0,
          0.0,
          0.0,
          1.0
        ]
      ]
    },
    {
      "file_path": "/media/NFS/ttao/scannet/posed_images/scene0502_02/00361.jpg",
      "transform_matrix": [
        [
          0.47293,
          0.37699,
          -0.796377,
          3.254461
        ],
        [
          0.879997,
          -0.247303,
          0.405519,
          3.642512
        ],
        [
          -0.04407,
          -0.892592,
          -0.448707,
          1.457869
        ],
        [
          0.0,
          0.0,
          0.0,
          1.0
        ]
      ]
    },
    {
      "file_path": "/media/NFS/ttao/scannet/posed_images/scene0502_02/00367.jpg",
      "transform_matrix": [
        [
          0.463823,
          0.354452,
          -0.81193,
          3.16057
        ],
        [
          0.885917,
          -0.190106,
          0.423097,
          3.629787
        ],
        [
          -0.004385,
          -0.915545,
          -0.402191,
          1.49197
        ],
        [
          0.0,
          0.0,
          0.0,
          1.0
        ]
      ]
    },
    {
      "file_path": "/media/NFS/ttao/scannet/posed_images/scene0502_02/00368.jpg",
      "transform_matrix": [
        [
          0.466178,
          0.352528,
          -0.81142,
          3.142481
        ],
        [
          0.884691,
          -0.185384,
          0.427732,
          3.631565
        ],
        [
          0.000363,
          -0.917255,
          -0.3983,
          1.498309
        ],
        [
          0.0,
          0.0,
          0.0,
          1.0
        ]
      ]
    },
    {
      "file_path": "/media/NFS/ttao/scannet/posed_images/scene0502_02/00378.jpg",
      "transform_matrix": [
        [
          0.430325,
          0.320059,
          -0.844027,
          2.999037
        ],
        [
          0.902489,
          -0.133604,
          0.409468,
          3.708887
        ],
        [
          0.018288,
          -0.93793,
          -0.346343,
          1.558921
        ],
        [
          0.0,
          0.0,
          0.0,
          1.0
        ]
      ]
    },
    {
      "file_path": "/media/NFS/ttao/scannet/posed_images/scene0502_02/00381.jpg",
      "transform_matrix": [
        [
          0.406693,
          0.308863,
          -0.85977,
          2.96552
        ],
        [
          0.913418,
          -0.120601,
          0.388745,
          3.74732
        ],
        [
          0.016379,
          -0.94343,
          -0.331168,
          1.568245
        ],
        [
          0.0,
          0.0,
          0.0,
          1.0
        ]
      ]
    },
    {
      "file_path": "/media/NFS/ttao/scannet/posed_images/scene0502_02/00384.jpg",
      "transform_matrix": [
        [
          0.376889,
          0.294326,
          -0.878252,
          2.912591
        ],
        [
          0.926212,
          -0.110265,
          0.360518,
          3.787063
        ],
        [
          0.00927,
          -0.949323,
          -0.314166,
          1.591959
        ],
        [
          0.0,
          0.0,
          0.0,
          1.0
        ]
      ]
    },
    {
      "file_path": "/media/NFS/ttao/scannet/posed_images/scene0502_02/00393.jpg",
      "transform_matrix": [
        [
          0.296102,
          0.228008,
          -0.927543,
          2.812925
        ],
        [
          0.954983,
          -0.089169,
          0.282943,
          3.906949
        ],
        [
          -0.018195,
          -0.969567,
          -0.244147,
          1.604442
        ],
        [
          0.0,
          0.0,
          0.0,
          1.0
        ]
      ]
    },
    {
      "file_path": "/media/NFS/ttao/scannet/posed_images/scene0502_02/00398.jpg",
      "transform_matrix": [
        [
          0.274715,
          0.269709,
          -0.922924,
          2.74274
        ],
        [
          0.96138,
          -0.093747,
          0.258766,
          3.937346
        ],
        [
          -0.01673,
          -0.958368,
          -0.285046,
          1.600788
        ],
        [
          0.0,
          0.0,
          0.0,
          1.0
        ]
      ]
    },
    {
      "file_path": "/media/NFS/ttao/scannet/posed_images/scene0502_02/00401.jpg",
      "transform_matrix": [
        [
          0.245373,
          0.286719,
          -0.926058,
          2.700447
        ],
        [
          0.969428,
          -0.073816,
          0.23401,
          3.956862
        ],
        [
          -0.001262,
          -0.955167,
          -0.296066,
          1.588171
        ],
        [
          0.0,
