{
  "frames": [
    {
      "file_path": "/media/NFS/ttao/scannet/posed_images/scene0499_00/00006.jpg",
      "transform_matrix": [
        [
          -0.694729,
          0.167623,
          -0.699467,
          3.115551
        ],
        [
          0.686843,
          0.44331,
          -0.575954,
          5.172826
        ],
        [
          0.213537,
          -0.880556,
          -0.423111,
          1.749336
        ],
        [
          0.0,
          0.0,
          0.0,
          1.0
        ]
      ]
    },
    {
      "file_path": "/media/NFS/ttao/scannet/posed_images/scene0499_00/00017.jpg",
      "transform_matrix": [
        [
          -0.609704,
          0.177918,
          -0.772403,
          3.103891
        ],
        [
          0.756441,
          0.421695,
          -0.49997,
          4.881888
        ],
        [
          0.236765,
          -0.889111,
          -0.391694,
          1.72949
        ],
        [
          0.0,
          0.0,
          0.0,
          1.0
        ]
      ]
    },
    {
      "file_path": "/media/NFS/ttao/scannet/posed_images/scene0499_00/00044.jpg",
      "transform_matrix": [
        [
          -0.377784,
          0.376299,
          -0.845977,
          3.127256
        ],
        [
          0.915254,
          0.289889,
          -0.279775,
          4.08847
        ],
        [
          0.139961,
          -0.879979,
          -0.453925,
          1.718803
        ],
        [
          0.0,
          0.0,
          0.0,
          1.0
        ]
      ]
    },
    {
      "file_path": "/media/NFS/ttao/scannet/posed_images/scene0499_00/00050.jpg",
      "transform_matrix": [
        [
          -0.249468,
          0.397599,
          -0.882995,
          3.135468
        ],
        [
          0.958446,
          0.231668,
          -0.166468,
          3.899484
        ],
        [
          0.138374,
          -0.887832,
          -0.438871,
          1.708085
        ],
        [
          0.0,
          0.0,
          0.0,
          1.0
        ]
      ]
    },
    {
      "file_path": "/media/NFS/ttao/scannet/posed_images/scene0499_00/00083.jpg",
      "transform_matrix": [
        [
          0.401505,
          0.440683,
          -0.802865,
          2.845644
        ],
        [
          0.915774,
          -0.181382,
          0.358411,
          3.063303
        ],
        [
          0.01232,
          -0.879147,
          -0.476392,
          1.70163
        ],
        [
          0.0,
          0.0,
          0.0,
          1.0
        ]
      ]
    },
    {
      "file_path": "/media/NFS/ttao/scannet/posed_images/scene0499_00/00099.jpg",
      "transform_matrix": [
        [
          0.713053,
          0.336957,
          -0.61483,
          2.48983
        ],
        [
          0.70111,
          -0.34365,
          0.62478,
          2.763031
        ],
        [
          -0.000763,
          -0.876564,
          -0.481284,
          1.732377
        ],
        [
          0.0,
          0.0,
          0.0,
          1.0
        ]
      ]
    },
    {
      "file_path": "/media/NFS/ttao/scannet/posed_images/scene0499_00/00121.jpg",
      "transform_matrix": [
        [
          0.923509,
          0.123316,
          -0.363214,
          1.926048
        ],
        [
          0.376649,
          -0.470695,
          0.797861,
          2.57077
        ],
        [
          -0.072574,
          -0.873636,
          -0.481138,
          1.759603
        ],
        [
          0.0,
          0.0,
          0.0,
          1.0
        ]
      ]
    },
    {
      "file_path": "/media/NFS/ttao/scannet/posed_images/scene0499_00/00127.jpg",
      "transform_matrix": [
        [
          0.949753,
          0.076934,
          -0.303396,
          1.827969
        ],
        [
          0.300389,
          -0.496402,
          0.814464,
          2.511787
        ],
        [
          -0.087946,
          -0.864677,
          -0.494569,
          1.761927
        ],
        [
          0.0,
          0.0,
          0.0,
          1.0
        ]
      ]
    },
    {
      "file_path": "/media/NFS/ttao/scannet/posed_images/scene0499_00/00149.jpg",
      "transform_matrix": [
        [
          0.990165,
          0.00819,
          -0.139661,
          1.515093
        ],
        [
          0.126248,
          -0.48245,
          0.866777,
          2.354663
        ],
        [
          -0.06028,
          -0.875885,
          -0.47874,
          1.773173
        ],
        [
          0.0,
          0.0,
          0.0,
          1.0
        ]
      ]
    },
    {
      "file_path": "/media/NFS/ttao/scannet/posed_images/scene0499_00/00165.jpg",
      "transform_matrix": [
        [
          0.993312,
          -0.039889,
          -0.108348,
          1.379058
        ],
        [
          0.084772,
          -0.385126,
          0.918962,
          2.451982
        ],
        [
          -0.078384,
          -0.922001,
          -0.379169,
          1.831018
        ],
        [
          0.0,
          0.0,
          0.0,
          1.0
        ]
      ]
    },
    {
      "file_path": "/media/NFS/ttao/scannet/posed_images/scene0499_00/00182.jpg",
      "transform_matrix": [
        [
          0.994925,
          -0.083348,
          -0.056367,
          1.366242
        ],
        [
          0.034239,
          -0.246325,
          0.968582,
          2.432929
        ],
        [
          -0.094614,
          -0.965597,
          -0.242222,
          1.882499
        ],
        [
          0.0,
          0.0,
          0.0,
          1.0
        ]
      ]
    },
    {
      "file_path": "/media/NFS/ttao/scannet/posed_images/scene0499_00/00204.jpg",
      "transform_matrix": [
        [
          0.984837,
          -0.09746,
          -0.143515,
          1.505222
        ],
        [
          0.128867,
          -0.142839,
          0.981321,
          2.45304
        ],
        [
          -0.116139,
          -0.984936,
          -0.128114,
          1.932263
        ],
        [
          0.0,
          0.0,
          0.0,
          1.0
        ]
      ]
    },
    {
      "file_path": "/media/NFS/ttao/scannet/posed_images/scene0499_00/00226.jpg",
      "transform_matrix": [
        [
          0.922222,
          -0.054397,
          -0.382814,
          1.868709
        ],
        [
          0.376565,
          -0.098393,
          0.92115,
          2.625215
        ],
        [
          -0.087773,
          -0.99366,
          -0.070256,
          1.975624
        ],
        [
          0.0,
          0.0,
          0.0,
          1.0
        ]
      ]
    },
    {
      "file_path": "/media/NFS/ttao/scannet/posed_images/scene0499_00/00237.jpg",
      "transform_matrix": [
        [
          0.895553,
          0.045182,
          -0.442654,
          2.006702
        ],
        [
          0.444571,
          -0.049577,
          0.894371,
          2.794995
        ],
        [
          0.018464,
          -0.997748,
          -0.064486,
          1.975692
        ],
        [
          0.0,
          0.0,
          0.0,
          1.0
        ]
      ]
    },
    {
      "file_path": "/media/NFS/ttao/scannet/posed_images/scene0499_00/00253.jpg",
      "transform_matrix": [
        [
          0.800274,
          0.073454,
          -0.595118,
          2.35068
        ],
        [
          0.598208,
          -0.029387,
          0.800802,
          2.976821
        ],
        [
          0.041334,
          -0.996866,
          -0.067458,
          1.913863
        ],
        [
          0.0,
          0.0,
          0.0,
          1.0
        ]
      ]
    },
    {
      "file_path": "/media/NFS/ttao/scannet/posed_images/scene0499_00/00286.jpg",
      "transform_matrix": [
        [
          0.643048,
          0.123813,
          -0.755751,
          3.098216
        ],
        [
          0.749511,
          0.100867,
          0.654263,
          3.551314
        ],
        [
          0.157237,
          -0.987166,
          -0.027937,
          1.8627
        ],
        [
          0.0,
          0.0,
          0.0,
          1.0
        ]
      ]
    },
    {
      "file_path": "/media/NFS/ttao/scannet/posed_images/scene0499_00/00303.jpg",
      "transform_matrix": [
        [
          0.457385,
          0.06153,
          -0.887137,
          3.305063
        ],
        [
          0.883704,
          0.079975,
          0.461162,
          3.855815
        ],
        [
          0.099324,
          -0.994896,
          -0.017795,
          1.828856
        ],
        [
          0.0,
          0.0,
          0.0,
          1.0
        ]
      ]
    },
    {
      "file_path": "/media/NFS/ttao/scannet/posed_images/scene0499_00/00308.jpg",
      "transform_matrix": [
        [
          0.405956,
          0.093574,
          -0.909089,
          3.308064
        ],
        [
          0.907337,
          0.077666,
          0.413168,
          3.934809
        ],
        [
          0.109267,
          -0.992578,
          -0.053374,
          1.802668
        ],
        [
          0.0,
          0.0,
          0.0,
          1.0
        ]
      ]
    },
    {
      "file_path": "/media/NFS/ttao/scannet/posed_images/scene0499_00/00325.jpg",
      "transform_matrix": [
        [
          0.124584,
          0.265836,
          -0.955934,
          3.16767
        ],
        [
          0.977619,
          0.131726,
          0.164041,
          4.100014
        ],
        [
          0.169529,
          -0.954976,
          -0.243475,
          1.786505
        ],
        [
          0.0,
          0.0,
          0.0,
          1.0
        ]
      ]
    },
    {
      "file_path": "/media/NFS/ttao/scannet/posed_images/scene0499_00/00358.jpg",
      "transform_matrix": [
        [
          -0.553602,
          0.290172,
          -0.780592,
          3.079054
        ],
        [
          0.830824,
          0.256662,
          -0.493817,
          4.361571
        ],
        [
          0.057057,
          -0.921913,
          -0.383171,
          1.795409
        ],
        [
          0.0,
          0.0,
          0.0,
          1.0
        ]
      ]
    },
    {
      "file_path": "/media/NFS/ttao/scannet/posed_images/scene0499_00/00375.jpg",
      "transform_matrix": [
        [
          -0.529044,
          0.214937,
          -0.820923,
          3.075059
        ],
        [
          0.845174,
          0.22023,
          -0.487011,
          4.086715
        ],
        [
          0.076115,
          -0.951473,
          -0.298171,
          1.797308
        ],
        [
          0.0,
          0.0,
          0.0,
          1.0
        ]
      ]
    },
    {
      "file_path": "/media/NFS/ttao/scannet/posed_images/scene0499_00/00380.jpg",
      "transform_matrix": [
        [
          -0.554078,
          0.222542,
          -0.802167,
          3.057714
        ],
        [
          0.828832,
          0.237398,
          -0.506636,
          4.028882
        ],
        [
          0.077685,
          -0.945578,
          -0.315987,
          1.773613
        ],
        [
          0.0,
          0.0,
          0.0,
          1.0
        ]
      ]
    },
    {
      "file_path": "/media/NFS/ttao/scannet/posed_images/scene0499_00/00402.jpg",
      "transform_matrix": [
        [
          -0.714825,
          0.130959,
          -0.686931,
          2.616102
        ],
        [
          0.698421,
          0.183025,
          -0.691889,
          3.735456
        ],
        [
          0.035117,
          -0.974346,
          -0.222296,
          1.9264
        ],
        [
          0.0,
          0.0,
          0.0,
          1.0
        ]
      ]
    },
    {
      "file_path": "/media/NFS/ttao/scannet/posed_images/scene0499_00/00430.jpg",
      "transform_matrix": [
        [
          -0.719967,
          0.179245,
          -0.670462,
          1.92286
        ],
        [
          0.681861,
          0.362657,
          -0.635253,
          3.643581
        ],
        [
          0.129281,
          -0.914523,
          -0.383321,
          2.028606
        ],
        [
          0.0,
          0.0,
          0.0,
          1.0
        ]
      ]
    },
    {
      "file_path": "/media/NFS/ttao/scannet/posed_images/scene0499_00/00435.jpg",
      "transform_matrix": [
        [
          -0.734591,
          0.221726,
          -0.641259,
          1.86426
        ],
        [
          0.666273,
          0.414404,
          -0.619959,
          3.67873
        ],
        [
          0.128279,
          -0.88267,
          -0.452148,
          2.020632
        ],
        [
          0.0,
          0.0,
          0.0,
          1.0
        ]
      ]
    },
    {
      "file_path": "/media/NFS/ttao/scannet/posed_images/scene0499_00/00468.jpg",
      "transform_matrix": [
        [
          -0.732776,
          0.276801,
          -0.621627,
          1.962223
        ],
        [
          0.673929,
          0.421569,
          -0.606712,
          3.59837
        ],
        [
          0.09412,
          -0.863516,
          -0.49546,
          1.870551
        ],
        [
          0.0,
          0.0,
          0.0,
          1.0
        ]
      ]
    },
    {
      "file_path": "/media/NFS/ttao/scannet/posed_images/scene0499_00/00474.jpg",
      "transform_matrix": [
        [
          -0.691708,
          0.278963,
          -0.666123,
          2.064579
        ],
        [
          0.714616,
          0.397528,
          -0.575583,
          3.486982
        ],
        [
          0.104236,
          -0.874157,
          -0.474325,
          1.849546
        ],
        [
          0.0,
          0.0,
          0.0,
          1.0
        ]
      ]
    },
    {
      "file_path": "/media/NFS/ttao/scannet/posed_images/scene0499_00/00507.jpg",
      "transform_matrix": [
        [
          -0.931711,
          0.071287,
          -0.356135,
          2.36421
        ],
        [
          0.362405,
          0.247301,
          -0.898612,
          3.007442
        ],
        [
          0.024013,
          -0.966313,
          -0.256248,
          1.868069
        ],
        [
          0.0,
          0.0,
          0.0,
          1.0
        ]
      ]
    },
    {
      "file_path": "/media/NFS/ttao/scannet/posed_images/scene0499_00/00523.jpg",
      "transform_matrix": [
        [
          -0.968109,
          0.064949,
          -0.241962,
          2.353703
        ],
        [
          0.249516,
          0.336661,
          -0.907965,
          2.904386
        ],
        [
          0.022487,
          -0.939383,
          -0.342131,
          1.854778
        ],
        [
          0.0,
          0.0,
          0.0,
          1.0
        ]
      ]
    },
    {
      "file_path": "/media/NFS/ttao/scannet/posed_images/scene0499_00/00540.jpg",
      "transform_matrix": [
        [
          -0.996377,
          -0.039259,
          0.075447,
          2.074818
        ],
        [
          -0.08326,
          0.269231,
          -0.95947,
          2.883457
        ],
        [
          0.017355,
          -0.962275,
          -0.271524,
          1.899049
        ],
        [
          0.0,
          0.0,
          0.0,
          1.0
        ]
      ]
    },
    {
      "file_path": "/media/NFS/ttao/scannet/posed_images/scene0499_00/00545.jpg",
      "transform_matrix": [
        [
          -0.983163,
          -0.052278,
          0.175092,
          2.008756
        ],
        [
          -0.182621,
          0.247971,
          -0.951399,
          2.877437
        ],
        [
          0.006319,
          -0.967356,
          -0.253343,
          1.886896
        ],
        [
          0.0,
          0.0,
          0.0,
          1.0
        ]
      ]
    },
    {
      "file_path": "/media/NFS/ttao/scannet/posed_images/scene0499_00/00573.jpg",
      "transform_matrix": [
        [
          -0.776555,
          -0.259569,
          0.574095,
          1.67994
        ],
        [
          -0.629927,
          0.301906,
          -0.715573,
          2.559783
        ],
        [
          0.012417,
          -0.91732,
          -0.397956,
          1.890113
        ],
        [
          0.0,
          0.0,
          0.0,
          1.0
        ]
      ]
    },
    {
      "file_path": "/media/NFS/ttao/scannet/posed_images/scene0499_00/00589.jpg",
      "transform_matrix": [
        [
          -0.832911,
          -0.228036,
          0.504241,
          1.494928
        ],
        [
          -0.553387,
          0.335515,
          -0.76236,
          2.360451
        ],
        [
          0.004665,
          -0.914018,
          -0.405646,
          1.899857
        ],
        [
          0.0,
          0.0,
          0.0,
          1.0
        ]
      ]
    },
    {
      "file_path": "/media/NFS/ttao/scannet/posed_images/scene0499_00/00600.jpg",
      "transform_matrix": [
        [
          -0.901887,
          -0.21735,
          0.373308,
          1.494443
        ],
        [
          -0.431919,
          0.467379,
          -0.771364,
          2.341636
        ],
        [
          -0.00682,
          -0.856922,
          -0.515401,
          1.88013
        ],
        [
          0.0,
          0.0,
          0.0,
          1.0
        ]
      ]
    },
    {
      "file_path": "/media/NFS/ttao/scannet/posed_images/scene0499_00/00622.jpg",
      "transform_matrix": [
        [
          -0.973004,
          -0.180975,
          0.143219,
          1.827538
        ],
        [
          -0.226934,
          0.637295,
          -0.736448,
          2.509201
        ],
        [
          0.042006,
          -0.749069,
          -0.661159,
          1.785658
        ],
        [
          0.0,
          0.0,
          0.0,
          1.0
        ]
      ]
    },
    {
      "file_path": "/media/NFS/ttao/scannet/posed_images/scene0499_00/00639.jpg",
      "transform_matrix": [
        [
          -0.999069,
          -0.004651,
          -0.042887,
          2.200875
        ],
        [
          0.026743,
          0.713305,
          -0.700343,
          2.466709
        ],
        [
          0.033849,
          -0.700839,
          -0.712516,
          1.752559
        ],
        [
          0.0,
          0.0,
          0.0,
          1.0
        ]
      ]
    },
    {
      "file_path": "/media/NFS/ttao/scannet/posed_images/scene0499_00/00661.jpg",
      "transform_matrix": [
        [
          -0.916625,
          0.123291,
          -0.380261,
          2.590125
        ],
        [
          0.388771,
          0.496336,
          -0.776213,
          2.619175
        ],
        [
          0.093037,
          -0.859331,
          -0.502886,
          1.814714
        ],
        [
          0.0,
          0.0,
          0.0,
          1.0
        ]
      ]
    },
    {
      "file_path": "/media/NFS/ttao/scannet/posed_images/scene0499_00/00683.jpg",
      "transform_matrix": [
        [
          -0.860278,
          -0.046667,
          -0.507684,
          2.642581
        ],
        [
          0.490948,
          0.192636,
          -0.849625,
          2.617154
        ],
        [
          0.137448,
          -0.98016,
          -0.14281,
          1.917977
        ],
        [
          0.0,
          0.0,
          0.0,
          1.0
        ]
      ]
    },
    {
      "file_path": "/media/NFS/ttao/scannet/posed_images/scene0499_00/00705.jpg",
      "transform_matrix": [
        [
          -0.996542,
          -0.006414,
          -0.082845,
          2.37594
        ],
        [
          0.079522,
          0.215528,
          -0.973254,
          2.507564
        ],
        [
          0.024098,
          -0.976477,
          -0.214272,
          1.903078
        ],
        [
          0.0,
          0.0,
          0.0,
          1.0
        ]
      ]
    },
    {
      "file_path": "/media/NFS/ttao/scannet/posed_images/scene0499_00/00711.jpg",
      "transform_matrix": [
        [
          -0.999854,
          -0.008571,
          0.014752,
          2.299791
        ],
        [
          -0.016472,
          0.259576,
          -0.965582,
          2.448026
        ],
        [
          0.004447,
          -0.965685,
          -0.25968,
          1.900318
        ],
        [
          0.0,
          0.0,
          0.0,
          1.0
        ]
      ]
    },
    {
      "file_path": "/media/NFS/ttao/scannet/posed_images/scene0499_00/00744.jpg",
      "transform_matrix": [
        [
          -0.743216,
          -0.193386,
          0.640493,
          1.88104
        ],
        [
          -0.662348,
          0.347845,
          -0.66355,
          1.953978
        ],
        [
          -0.09447,
          -0.917391,
          -0.386613,
          1.875907
        ],
        [
          0.0,
          0.0,
          0.0,
          1.0
        ]
      ]
    },
    {
      "file_path": "/media/NFS/ttao/scannet/posed_images/scene0499_00/00760.jpg",
      "transform_matrix": [
        [
          -0.699188,
          -0.260455,
          0.665807,
          1.932287
        ],
        [
          -0.71349,
          0.313445,
          -0.626646,
          1.663975
        ],
        [
          -0.045481,
          -0.91319,
          -0.404989,
          1.784522
        ],
        [
          0.0,
          0.0,
          0.0,
          1.0
        ]
      ]
    },
    {
      "file_path": "/media/NFS/ttao/scannet/posed_images/scene0499_00/00771.jpg",
      "transform_matrix": [
        [
          -0.65075,
          -0.296389,
          0.699055,
          1.992194
        ],
        [
          -0.755757,
          0.341574,
          -0.558711,
          1.427058
        ],
        [
          -0.073183,
          -0.891897,
          -0.446277,
          1.749267
        ],
        [
          0.0,
          0.0,
          0.0,
          1.0
        ]
      ]
    },
    {
      "file_path": "/media/NFS/ttao/scannet/posed_images/scene0499_00/00793.jpg",
      "transform_matrix": [
        [
          -0.377509,
          -0.423072,
          0.823709,
          1.957664
        ],
        [
          -0.913863,
          0.313796,
          -0.257655,
          1.008581
        ],
        [
          -0.149469,
          -0.850025,
          -0.505091,
          1.557188
        ],
        [
          0.0,
          0.0,
          0.0,
          1.0
        ]
      ]
    },
    {
      "file_path": "/media/NFS/ttao/scannet/posed_images/scene0499_00/00815.jpg",
      "transform_matrix": [
        [
          0.270199,
          -0.575567,
          0.771825,
          1.811032
        ],
        [
          -0.951316,
          -0.036133,
          0.30609,
          0.849084
        ],
        [
          -0.148288,
          -0.816956,
          -0.55731,
          1.516889
        ],
        [
          0.0,
          0.0,
          0.0,
          1.0
        ]
      ]
    },
    {
      "file_path": "/media/NFS/ttao/scannet/posed_images/scene0499_00/00821.jpg",
      "transform_matrix": [
        [
          0.360688,
          -0.589143,
          0.723059,
          1.760273
        ],
        [
          -0.922976,
          -0.113883,
          0.367623,
          0.820842
        ],
        [
          -0.134238,
          -0.799963,
          -0.584841,
          1.522829
        ],
        [
          0.0,
          0.0,
          0.0,
          1.0
        ]
      ]
    },
    {
      "file_path": "/media/NFS/ttao/scannet/posed_images/scene0499_00/00854.jpg",
      "transform_matrix": [
        [
          0.835556,
          -0.480552,
          0.266301,
          1.605629
        ],
        [
          -0.524524,
          -0.553524,
          0.646905,
          0.7823
        ],
        [
          -0.163467,
          -0.680206,
          -0.714561,
          1.548198
        ],
        [
          0.0,
          0.0,
          0.0,
          1.0
        ]
      ]
    },
    {
      "file_path": "/media/NFS/ttao/scannet/posed_images/scene0499_00/00859.jpg",
      "transform_matrix": [
        [
          0.847288,
          -0.459848,
          0.265788,
          1.607616
        ],
        [
          -0.50423,
          -0.539162,
          0.674579,
          0.80198
        ],
        [
          -0.166901,
          -0.705581,
          -0.688694,
          1.561663
        ],
        [
          0.0,
          0.0,
          0.0,
          1.0
        ]
      ]
    },
    {
      "file_path": "/media/NFS/ttao/scannet/posed_images/scene0499_00/00881.jpg",
      "transform_matrix": [
        [
          0.910585,
          -0.268944,
          0.313854,
          1.660934
        ],
        [
          -0.400483,
          -0.386307,
          0.830891,
          0.928932
        ],
        [
          -0.102219,
          -0.88229,
          -0.459473,
          1.639008
        ],
        [
          0.0,
          0.0,
          0.0,
          1.0
        ]
      ]
    },
    {
      "file_path": "/media/NFS/ttao/scannet/posed_images/scene0499_00/00909.jpg",
      "transform_matrix": [
        [
          0.997402,
          -0.068829,
          -0.021275,
          1.868662
        ],
        [
          0.002928,
          -0.256336,
          0.966583,
          1.357865
        ],
        [
          -0.071982,
          -0.964134,
          -0.255468,
          1.689104
        ],
        [
          0.0,
          0.0,
          0.0,
          1.0
        ]
      ]
    },
    {
      "file_path": "/media/NFS/ttao/scannet/posed_images/scene0499_00/00914.jpg",
      "transform_matrix": [
        [
          0.99435,
          -0.083694,
          -0.065297,
          1.985473
        ],
        [
          0.044692,
          -0.227877,
          0.972664,
          1.448448
        ],
        [
          -0.096286,
          -0.970086,
          -0.222849,
          1.670389
        ],
        [
          0.0,
          0.0,
          0.0,
          1.0
        ]
      ]
    },
    {
      "file_path": "/media/NFS/ttao/scannet/posed_images/scene0499_00/00942.jpg",
      "transform_matrix": [
        [
          0.995444,
          -0.092151,
          0.024501,
          2.158932
        ],
        [
          -0.044913,
          -0.226461,
          0.972984,
          1.993345
        ],
        [
          -0.084113,
          -0.969651,
          -0.229567,
          1.714088
        ],
        [
          0.0,
          0.0,
          0.0,
          1.0
        ]
      ]
    },
    {
      "file_path": "/media/NFS/ttao/scannet/posed_images/scene0499_00/00964.jpg",
      "transform_matrix": [
        [
          0.990598,
          -0.045959,
          -0.128849,
          2.500507
        ],
        [
          0.09758,
          -0.422738,
          0.900983,
          2.507339
        ],
        [
          -0.095877,
          -0.905086,
          -0.414279,
          1.659594
        ],
        [
          0.0,
          0.0,
          0.0,
          1.0
        ]
      ]
    },
    {
      "file_path": "/media/NFS/ttao/scannet/posed_images/scene0499_00/00969.jpg",
      "transform_matrix": [
        [
          0.978137,
          -0.018703,
          -0.207116,
          2.591279
        ],
        [
          0.180117,
          -0.421621,
          0.888703,
          2.624839
        ],
        [
          -0.103946,
          -0.906579,
          -0.409035,
          1.692432
        ],
        [
          0.0,
          0.0,
          0.0,
          1.0
        ]
      ]
    },
    {
      "file_path": "/media/NFS/ttao/scannet/posed_images/scene0499_00/01002.jpg",
      "transform_matrix": [
        [
          0.934426,
          0.058118,
          -0.351383,
          2.944807
        ],
        [
          0.350724,
          -0.321828,
          0.879443,
          3.478102
        ],
        [
          -0.061973,
          -0.945013,
          -0.321108,
          1.717782
        ],
        [
          0.0,
          0.0,
          0.0,
          1.0
        ]
      ]
    },
    {
      "file_path": "/media/NFS/ttao/scannet/posed_images/scene0499_00/01019.jpg",
      "transform_matrix": [
        [
          0.846026,
          0.138065,
          -0.514955,
          2.85941
        ],
        [
          0.531013,
          -0.304451,
          0.790781,
          3.988361
        ],
        [
          -0.047599,
          -0.942469,
          -0.330888,
          1.713145
        ],
        [
          0.0,
          0.0,
          0.0,
          1.0
        ]
      ]
    },
    {
      "file_path": "/media/NFS/ttao/scannet/posed_images/scene0499_00/01030.jpg",
      "transform_matrix": [
        [
          0.799672,
          0.129144,
          -0.586385,
          2.836179
        ],
        [
          0.594808,
          -0.303802,
          0.74425,
          4.413636
        ],
        [
          -0.082029,
          -0.943942,
          -0.319758,
          1.766164
        ],
        [
          0.0,
          0.0,
          0.0,
          1.0
        ]
      ]
    },
    {
      "file_path": "/media/NFS/ttao/scannet/posed_images/scene0499_00/01058.jpg",
      "transform_matrix": [
        [
          0.46053,
          0.307318,
          -0.832747,
          2.818615
        ],
        [
          0.886712,
          -0.20226,
          0.415732,
          5.387835
        ],
        [
          -0.04067,
          -0.929864,
          -0.36565,
          1.760612
        ],
        [
          0.0,
          0.0,
          0.0,
          1.0
        ]
      ]
    },
    {
      "file_path": "/media/NFS/ttao/scannet/posed_images/scene0499_00/01069.jpg",
      "transform_matrix": [
        [
          0.34345,
          0.387494,
          -0.855506,
          2.891124
        ],
        [
          0.937953,
          -0.1879,
          0.291441,
          5.744633
        ],
        [
          -0.047817,
          -0.90252,
          -0.427985,
          1.729008
        ],
        [
          0.0,
          0.0,
          0.0,
          1.0
        ]
      ]
    },
    {
      "file_path": "/media/NFS/ttao/scannet/posed_images/scene0499_00/01085.jpg",
      "transform_matrix": [
        [
          -0.028227,
          0.435769,
          -0.899616,
          2.926739
        ],
        [
          0.99923,
          -0.012239,
          -0.03728,
          6.192526
        ],
        [
          -0.027256,
          -0.899975,
          -0.435088,
          1.782965
        ],
        [
          0.0,
          0.0,
          0.0,
          1.0
        ]
      ]
    },
    {
      "file_path": "/media/NFS/ttao/scannet/posed_images/scene0499_00/01102.jpg",
      "transform_matrix": [
        [
          -0.291632,
          0.426607,
          -0.856129,
          2.98317
        ],
        [
          0.95653,
          0.13098,
          -0.260566,
          6.576705
        ],
        [
          0.000977,
          -0.894903,
          -0.44626,
          1.804835
        ],
        [
          0.0,
          0.0,
          0.0,
          1.0
        ]
      ]
    },
    {
      "file_path": "/media/NFS/ttao/scannet/posed_images/scene0499_00/01124.jpg",
      "transform_matrix": [
        [
          -0.385776,
          0.053164,
          -0.921059,
          3.17104
        ],
        [
          0.921091,
          0.079125,
          -0.381222,
          6.826108
        ],
        [
          0.052612,
          -0.995446,
          -0.079493,
          1.93688
        ],
        [
          0.0,
          0.0,
          0.0,
          1.0
        ]
      ]
    },
    {
      "file_path": "/media/NFS/ttao/scannet/posed_images/scene0499_00/01140.jpg",
      "transform_matrix": [
        [
          -0.437598,
          -0.132668,
          -0.889329,
          3.335911
        ],
        [
          0.890058,
          0.076539,
          -0.449375,
          6.833972
        ],
        [
          0.127686,
          -0.988201,
          0.084589,
          2.05176
        ],
        [
          0.0,
          0.0,
          0.0,
          1.0
        ]
      ]
    },
    {
      "file_path": "/media/NFS/ttao/scannet/posed_images/scene0499_00/01157.jpg",
      "transform_matrix": [
        [
          -0.682822,
          -0.146059,
          -0.715836,
          3.479792
        ],
        [
          0.714611,
          0.070246,
          -0.695986,
          6.883123
        ],
        [
          0.15194,
          -0.986779,
          0.056409,
          2.069964
        ],
        [
          0.0,
          0.0,
          0.0,
          1.0
        ]
      ]
    },
    {
      "file_path": "/media/NFS/ttao/scannet/posed_images/scene0499_00/01184.jpg",
      "transform_matrix": [
        [
          -0.922965,
          -0.072776,
          -0.377942,
          3.328195
        ],
        [
          0.363698,
          0.156393,
          -0.918295,
          6.978681
        ],
        [
          0.125938,
          -0.98501,
          -0.117877,
          1.965604
        ],
        [
          0.0,
          0.0,
          0.0,
          1.0
        ]
      ]
    },
    {
      "file_path": "/media/NFS/ttao/scannet/posed_images/scene0499_00/01190.jpg",
      "transform_matrix": [
        [
          -0.94865,
          -0.100381,
          -0.299976,
          3.259465
        ],
        [
          0.281992,
          0.161318,
          -0.945757,
          6.894074
        ],
        [
          0.143328,
          -0.981784,
          -0.124728,
          1.982149
        ],
        [
          0.0,
          0.0,
          0.0,
          1.0
        ]
      ]
    },
    {
      "file_path": "/media/NFS/ttao/scannet/posed_images/scene0499_00/01223.jpg",
      "transform_matrix": [
        [
          -0.96034,
          -0.063983,
          0.27139,
          2.832391
        ],
        [
          -0.278793,
          0.204379,
          -0.938351,
          6.415128
        ],
        [
          0.004572,
          -0.976799,
          -0.214112,
          1.983826
        ],
        [
          0.0,
          0.0,
          0.0,
          1.0
        ]
      ]
    },
    {
      "file_path": "/media/NFS/ttao/scannet/posed_images/scene0499_00/01228.jpg",
      "transform_matrix": [
        [
          -0.921961,
          -0.076338,
          0.379684,
          2.835481
        ],
        [
          -0.387251,
          0.194038,
          -0.901324,
          6.34462
        ],
        [
          -0.004868,
          -0.978019,
          -0.208457,
          1.975683
        ],
        [
          0.0,
          0.0,
          0.0,
          1.0
        ]
      ]
    },
    {
      "file_path": "/media/NFS/ttao/scannet/posed_images/scene0499_00/01250.jpg",
      "transform_matrix": [
        [
          -0.776167,
          -0.130536,
          0.616868,
          2.802142
        ],
        [
          -0.630418,
          0.142444,
          -0.763074,
          5.921637
        ],
        [
          0.011739,
          -0.981158,
          -0.192852,
          1.967983
        ],
        [
          0.0,
          0.0,
          0.0,
          1.0
        ]
      ]
    },
    {
      "file_path": "/media/NFS/ttao/scannet/posed_images/scene0499_00/01272.jpg",
      "transform_matrix": [
        [
          -0.291179,
          -0.160779,
          0.943061,
          2.842185
        ],
        [
          -0.955709,
          0.093024,
          -0.279225,
          5.528841
        ],
        [
          -0.042834,
          -0.982597,
          -0.180744,
          1.979791
        ],
        [
          0.0,
          0.0,
          0.0,
          1.0
        ]
      ]
    },
    {
      "file_path": "/media/NFS/ttao/scannet/posed_images/scene0499_00/01283.jpg",
      "transform_matrix": [
        [
          -0.072646,
          -0.156076,
          0.98507,
          2.953101
        ],
        [
          -0.997328,
          0.018978,
          -0.070543,
          5.333851
        ],
        [
          -0.007685,
          -0.987563,
          -0.157037,
          1.955419
        ],
        [
          0.0,
          0.0,
          0.0,
          1.0
        ]
      ]
    },
    {
      "file_path": "/media/NFS/ttao/scannet/posed_images/scene0499_00/01300.jpg",
      "transform_matrix": [
        [
          0.362065,
          -0.17578,
          0.915429,
          3.130419
        ],
        [
          -0.931502,
          -0.031549,
          0.362364,
          5.130058
        ],
        [
          -0.034816,
          -0.983924,
          -0.175162,
          1.942805
        ],
        [
          0.0,
          0.0,
          0.0,
          1.0
        ]
      ]
    },
    {
      "file_path": "/media/NFS/ttao/scannet/posed_images/scene0499_00/01333.jpg",
      "transform_matrix": [
        [
          0.939525,
          -0.099136,
          0.327817,
          3.157851
        ],
        [
          -0.341552,
          -0.200841,
          0.918153,
          4.953746
        ],
        [
          -0.025183,
          -0.974595,
          -0.222555,
          1.922698
        ],
        [
          0.0,
          0.0,
          0.0,
          1.0
        ]
      ]
    },
    {
      "file_path": "/media/NFS/ttao/scannet/posed_images/scene0499_00/01338.jpg",
      "transform_matrix": [
        [
          0.966713,
          -0.091689,
          0.23887,
          3.1693
        ],
        [
          -0.253226,
          -0.209162,
          0.944525,
          4.937212
        ],
        [
          -0.03664,
          -0.973573,
          -0.225417,
          1.916329
        ],
        [
          0.0,
          0.0,
          0.0,
          1.0
        ]
      ]
    },
    {
      "file_path": "/media/NFS/ttao/scannet/posed_images/scene0499_00/01360.jpg",
      "transform_matrix": [
        [
          0.964056,
          0.003196,
          -0.26568,
          3.261452
        ],
        [
          0.260091,
          -0.215715,
          0.94118,
          4.706942
        ],
        [
          -0.054303,
          -0.976451,
          -0.208793,
          1.914004
        ],
        [
          0.0,
          0.0,
          0.0,
          1.0
        ]
      ]
    },
    {
      "file_path": "/media/NFS/ttao/scannet/posed_images/scene0499_00/01388.jpg",
      "transform_matrix": [
        [
          0.934845,
          -0.006279,
          -0.355001,
          2.998127
        ],
        [
          0.355021,
          0.030547,
          0.934359,
          4.625519
        ],
        [
          0.004977,
          -0.999514,
          0.030786,
          1.992004
        ],
        [
          0.0,
          0.0,
          0.0,
          1.0
        ]
      ]
    },
    {
      "file_path": "/media/NFS/ttao/scannet/posed_images/scene0499_00/01394.jpg",
      "transform_matrix": [
        [
          0.945529,
          -0.019655,
          -0.324943,
          2.921297
        ],
        [
          0.325525,
          0.065656,
          0.943251,
          4.63459
        ],
        [
          0.002794,
          -0.997649,
          0.068478,
          1.991225
        ],
        [
          0.0,
          0.0,
          0.0,
          1.0
        ]
      ]
    },
    {
      "file_path": "/media/NFS/ttao/scannet/posed_images/scene0499_00/01410.jpg",
      "transform_matrix": [
        [
          0.993726,
          -0.00406,
          -0.111771,
          2.961288
        ],
        [
          0.111788,
          0.067765,
          0.991419,
          4.677457
        ],
        [
          0.003549,
          -0.997693,
          0.067793,
