{
  "frames": [
    {
      "file_path": "/media/NFS/ttao/scannet/posed_images/scene0642_01/00000.jpg",
      "transform_matrix": [
        [
          0.973555,
          0.078168,
          -0.214663,
          4.99788
        ],
        [
          0.228049,
          -0.388318,
          0.892862,
          2.127476
        ],
        [
          -0.013564,
          -0.918204,
          -0.395875,
          1.358506
        ],
        [
          0.0,
          0.0,
          0.0,
          1.0
        ]
      ]
    },
    {
      "file_path": "/media/NFS/ttao/scannet/posed_images/scene0642_01/00017.jpg",
      "transform_matrix": [
        [
          0.962902,
          0.085311,
          -0.256012,
          5.023654
        ],
        [
          0.269738,
          -0.331928,
          0.903917,
          2.125515
        ],
        [
          -0.007863,
          -0.939439,
          -0.342625,
          1.381871
        ],
        [
          0.0,
          0.0,
          0.0,
          1.0
        ]
      ]
    },
    {
      "file_path": "/media/NFS/ttao/scannet/posed_images/scene0642_01/00034.jpg",
      "transform_matrix": [
        [
          0.981973,
          0.065472,
          -0.17732,
          4.912923
        ],
        [
          0.188325,
          -0.419295,
          0.888102,
          2.071642
        ],
        [
          -0.016203,
          -0.905486,
          -0.424066,
          1.332208
        ],
        [
          0.0,
          0.0,
          0.0,
          1.0
        ]
      ]
    },
    {
      "file_path": "/media/NFS/ttao/scannet/posed_images/scene0642_01/00046.jpg",
      "transform_matrix": [
        [
          0.983375,
          0.065121,
          -0.169508,
          4.766959
        ],
        [
          0.180336,
          -0.459588,
          0.869631,
          2.03414
        ],
        [
          -0.021272,
          -0.885742,
          -0.46369,
          1.308028
        ],
        [
          0.0,
          0.0,
          0.0,
          1.0
        ]
      ]
    },
    {
      "file_path": "/media/NFS/ttao/scannet/posed_images/scene0642_01/00055.jpg",
      "transform_matrix": [
        [
          0.989986,
          0.068289,
          -0.123549,
          4.70687
        ],
        [
          0.140999,
          -0.435802,
          0.88893,
          2.057886
        ],
        [
          0.006861,
          -0.897448,
          -0.441067,
          1.302794
        ],
        [
          0.0,
          0.0,
          0.0,
          1.0
        ]
      ]
    },
    {
      "file_path": "/media/NFS/ttao/scannet/posed_images/scene0642_01/00076.jpg",
      "transform_matrix": [
        [
          0.997416,
          -0.004422,
          -0.071698,
          4.62867
        ],
        [
          0.06427,
          -0.390899,
          0.918187,
          2.264908
        ],
        [
          -0.032087,
          -0.920423,
          -0.389605,
          1.313571
        ],
        [
          0.0,
          0.0,
          0.0,
          1.0
        ]
      ]
    },
    {
      "file_path": "/media/NFS/ttao/scannet/posed_images/scene0642_01/00080.jpg",
      "transform_matrix": [
        [
          0.999082,
          0.001014,
          -0.042825,
          4.592195
        ],
        [
          0.039372,
          -0.415584,
          0.908702,
          2.313482
        ],
        [
          -0.016876,
          -0.909554,
          -0.415243,
          1.323336
        ],
        [
          0.0,
          0.0,
          0.0,
          1.0
        ]
      ]
    },
    {
      "file_path": "/media/NFS/ttao/scannet/posed_images/scene0642_01/00097.jpg",
      "transform_matrix": [
        [
          0.995347,
          0.073427,
          -0.062387,
          4.581048
        ],
        [
          0.091101,
          -0.506366,
          0.857493,
          2.467091
        ],
        [
          0.031373,
          -0.859187,
          -0.510699,
          1.330696
        ],
        [
          0.0,
          0.0,
          0.0,
          1.0
        ]
      ]
    },
    {
      "file_path": "/media/NFS/ttao/scannet/posed_images/scene0642_01/00118.jpg",
      "transform_matrix": [
        [
          0.991887,
          0.089954,
          -0.089826,
          4.603749
        ],
        [
          0.124345,
          -0.539605,
          0.832685,
          2.515347
        ],
        [
          0.026433,
          -0.837099,
          -0.546413,
          1.331082
        ],
        [
          0.0,
          0.0,
          0.0,
          1.0
        ]
      ]
    },
    {
      "file_path": "/media/NFS/ttao/scannet/posed_images/scene0642_01/00122.jpg",
      "transform_matrix": [
        [
          0.992909,
          0.087996,
          -0.079931,
          4.580668
        ],
        [
          0.115535,
          -0.555908,
          0.823176,
          2.52155
        ],
        [
          0.028002,
          -0.826573,
          -0.562132,
          1.326509
        ],
        [
          0.0,
          0.0,
          0.0,
          1.0
        ]
      ]
    },
    {
      "file_path": "/media/NFS/ttao/scannet/posed_images/scene0642_01/00139.jpg",
      "transform_matrix": [
        [
          0.994016,
          -0.042067,
          0.100805,
          4.335837
        ],
        [
          -0.108103,
          -0.511114,
          0.852688,
          2.532972
        ],
        [
          0.015653,
          -0.858483,
          -0.512603,
          1.302164
        ],
        [
          0.0,
          0.0,
          0.0,
          1.0
        ]
      ]
    },
    {
      "file_path": "/media/NFS/ttao/scannet/posed_images/scene0642_01/00160.jpg",
      "transform_matrix": [
        [
          0.94701,
          0.042304,
          0.318407,
          3.97996
        ],
        [
          -0.271851,
          -0.422434,
          0.864666,
          2.550158
        ],
        [
          0.171084,
          -0.905406,
          -0.388548,
          1.258752
        ],
        [
          0.0,
          0.0,
          0.0,
          1.0
        ]
      ]
    },
    {
      "file_path": "/media/NFS/ttao/scannet/posed_images/scene0642_01/00173.jpg",
      "transform_matrix": [
        [
          0.949552,
          0.077831,
          0.303799,
          3.876268
        ],
        [
          -0.239379,
          -0.445957,
          0.86245,
          2.532155
        ],
        [
          0.202606,
          -0.891664,
          -0.404828,
          1.192023
        ],
        [
          0.0,
          0.0,
          0.0,
          1.0
        ]
      ]
    },
    {
      "file_path": "/media/NFS/ttao/scannet/posed_images/scene0642_01/00186.jpg",
      "transform_matrix": [
        [
          0.946601,
          0.07525,
          0.313502,
          3.853824
        ],
        [
          -0.251103,
          -0.437823,
          0.863284,
          2.519356
        ],
        [
          0.20222,
          -0.895907,
          -0.395548,
          1.187478
        ],
        [
          0.0,
          0.0,
          0.0,
          1.0
        ]
      ]
    },
    {
      "file_path": "/media/NFS/ttao/scannet/posed_images/scene0642_01/00194.jpg",
      "transform_matrix": [
        [
          0.96239,
          0.064738,
          0.263846,
          3.898152
        ],
        [
          -0.207575,
          -0.451331,
          0.867878,
          2.51158
        ],
        [
          0.175267,
          -0.890005,
          -0.420919,
          1.190423
        ],
        [
          0.0,
          0.0,
          0.0,
          1.0
        ]
      ]
    },
    {
      "file_path": "/media/NFS/ttao/scannet/posed_images/scene0642_01/00215.jpg",
      "transform_matrix": [
        [
          0.970026,
          -0.121075,
          0.210692,
          4.277489
        ],
        [
          -0.242984,
          -0.49414,
          0.834736,
          2.519904
        ],
        [
          0.003046,
          -0.860911,
          -0.508747,
          1.291157
        ],
        [
          0.0,
          0.0,
          0.0,
          1.0
        ]
      ]
    },
    {
      "file_path": "/media/NFS/ttao/scannet/posed_images/scene0642_01/00224.jpg",
      "transform_matrix": [
        [
          0.990139,
          -0.120431,
          0.071561,
          4.48615
        ],
        [
          -0.121502,
          -0.484016,
          0.866583,
          2.48504
        ],
        [
          -0.069727,
          -0.866732,
          -0.493876,
          1.310714
        ],
        [
          0.0,
          0.0,
          0.0,
          1.0
        ]
      ]
    },
    {
      "file_path": "/media/NFS/ttao/scannet/posed_images/scene0642_01/00236.jpg",
      "transform_matrix": [
        [
          0.974283,
          -0.198754,
          0.106156,
          4.714871
        ],
        [
          -0.192437,
          -0.488866,
          0.850869,
          2.441049
        ],
        [
          -0.117217,
          -0.849416,
          -0.514541,
          1.331117
        ],
        [
          0.0,
          0.0,
          0.0,
          1.0
        ]
      ]
    },
    {
      "file_path": "/media/NFS/ttao/scannet/posed_images/scene0642_01/00262.jpg",
      "transform_matrix": [
        [
          0.928814,
          -0.168632,
          0.329949,
          5.076104
        ],
        [
          -0.369543,
          -0.486979,
          0.791384,
          2.239581
        ],
        [
          0.027226,
          -0.85698,
          -0.51463,
          1.368276
        ],
        [
          0.0,
          0.0,
          0.0,
          1.0
        ]
      ]
    },
    {
      "file_path": "/media/NFS/ttao/scannet/posed_images/scene0642_01/00274.jpg",
      "transform_matrix": [
        [
          0.975216,
          -0.116465,
          0.18812,
          5.148031
        ],
        [
          -0.221136,
          -0.485342,
          0.845898,
          1.974267
        ],
        [
          -0.007215,
          -0.866533,
          -0.499068,
          1.382944
        ],
        [
          0.0,
          0.0,
          0.0,
          1.0
        ]
      ]
    },
    {
      "file_path": "/media/NFS/ttao/scannet/posed_images/scene0642_01/00283.jpg",
      "transform_matrix": [
        [
          0.981326,
          -0.11489,
          0.15427,
          5.158629
        ],
        [
          -0.189648,
          -0.443915,
          0.87577,
          1.854347
        ],
        [
          -0.032134,
          -0.888673,
          -0.457414,
          1.406472
        ],
        [
          0.0,
          0.0,
          0.0,
          1.0
        ]
      ]
    },
    {
      "file_path": "/media/NFS/ttao/scannet/posed_images/scene0642_01/00300.jpg",
      "transform_matrix": [
        [
          0.986466,
          -0.071569,
          0.147519,
          5.097059
        ],
        [
          -0.163963,
          -0.429942,
          0.887844,
          1.702525
        ],
        [
          -0.000117,
          -0.900016,
          -0.435858,
          1.428349
        ],
        [
          0.0,
          0.0,
          0.0,
          1.0
        ]
      ]
    },
    {
      "file_path": "/media/NFS/ttao/scannet/posed_images/scene0642_01/00308.jpg",
      "transform_matrix": [
        [
          0.987861,
          -0.079747,
          0.133311,
          5.104069
        ],
        [
          -0.154341,
          -0.406593,
          0.900478,
          1.724841
        ],
        [
          -0.017607,
          -0.910122,
          -0.413966,
          1.451054
        ],
        [
          0.0,
          0.0,
          0.0,
          1.0
        ]
      ]
    },
    {
      "file_path": "/media/NFS/ttao/scannet/posed_images/scene0642_01/00329.jpg",
      "transform_matrix": [
        [
          0.994744,
          -0.022504,
          0.099884,
          5.184054
        ],
        [
          -0.102384,
          -0.226996,
          0.968499,
          1.903105
        ],
        [
          0.000878,
          -0.973636,
          -0.228107,
          1.509461
        ],
        [
          0.0,
          0.0,
          0.0,
          1.0
        ]
      ]
    },
    {
      "file_path": "/media/NFS/ttao/scannet/posed_images/scene0642_01/00334.jpg",
      "transform_matrix": [
        [
          0.989869,
          -0.022126,
          0.140247,
          5.171073
        ],
        [
          -0.141593,
          -0.226843,
          0.963584,
          1.950566
        ],
        [
          0.010494,
          -0.97368,
          -0.227678,
          1.516282
        ],
        [
          0.0,
          0.0,
          0.0,
          1.0
        ]
      ]
    },
    {
      "file_path": "/media/NFS/ttao/scannet/posed_images/scene0642_01/00359.jpg",
      "transform_matrix": [
        [
          0.928382,
          -0.067123,
          0.365516,
          5.127421
        ],
        [
          -0.371521,
          -0.14402,
          0.917186,
          1.984805
        ],
        [
          -0.008923,
          -0.987296,
          -0.158643,
          1.529808
        ],
        [
          0.0,
          0.0,
          0.0,
          1.0
        ]
      ]
    },
    {
      "file_path": "/media/NFS/ttao/scannet/posed_images/scene0642_01/00363.jpg",
      "transform_matrix": [
        [
          0.919307,
          -0.07048,
          0.387177,
          5.132561
        ],
        [
          -0.393503,
          -0.151076,
          0.906825,
          1.982964
        ],
        [
          -0.00542,
          -0.986006,
          -0.16662,
          1.514975
        ],
        [
          0.0,
          0.0,
          0.0,
          1.0
        ]
      ]
    },
    {
      "file_path": "/media/NFS/ttao/scannet/posed_images/scene0642_01/00389.jpg",
      "transform_matrix": [
        [
          0.976871,
          -0.042636,
          0.209534,
          5.062576
        ],
        [
          -0.213111,
          -0.274271,
          0.937742,
          2.155908
        ],
        [
          0.017487,
          -0.960707,
          -0.277014,
          1.475907
        ],
        [
          0.0,
          0.0,
          0.0,
          1.0
        ]
      ]
    },
    {
      "file_path": "/media/NFS/ttao/scannet/posed_images/scene0642_01/00401.jpg",
      "transform_matrix": [
        [
          0.982676,
          -0.044293,
          0.179961,
          5.064632
        ],
        [
          -0.184726,
          -0.312504,
          0.931782,
          2.343131
        ],
        [
          0.014967,
          -0.948883,
          -0.315272,
          1.478583
        ],
        [
          0.0,
          0.0,
          0.0,
          1.0
        ]
      ]
    },
    {
      "file_path": "/media/NFS/ttao/scannet/posed_images/scene0642_01/00405.jpg",
      "transform_matrix": [
        [
          0.98337,
          -0.041432,
          0.176825,
          5.058866
        ],
        [
          -0.180576,
          -0.327021,
          0.927605,
          2.38747
        ],
        [
          0.019393,
          -0.944109,
          -0.329064,
          1.475821
        ],
        [
          0.0,
          0.0,
          0.0,
          1.0
        ]
      ]
    },
    {
      "file_path": "/media/NFS/ttao/scannet/posed_images/scene0642_01/00418.jpg",
      "transform_matrix": [
        [
          0.969612,
          -0.059394,
          0.23733,
          5.014174
        ],
        [
          -0.242015,
          -0.374814,
          0.894954,
          2.469854
        ],
        [
          0.0358,
          -0.925196,
          -0.377798,
          1.487374
        ],
        [
          0.0,
          0.0,
          0.0,
          1.0
        ]
      ]
    },
    {
      "file_path": "/media/NFS/ttao/scannet/posed_images/scene0642_01/00439.jpg",
      "transform_matrix": [
        [
          0.900619,
          -0.126496,
          0.415793,
          4.92263
        ],
        [
          -0.424756,
          -0.458748,
          0.78047,
          2.458189
        ],
        [
          0.092018,
          -0.879517,
          -0.466887,
          1.449944
        ],
        [
          0.0,
          0.0,
          0.0,
          1.0
        ]
      ]
    },
    {
      "file_path": "/media/NFS/ttao/scannet/posed_images/scene0642_01/00456.jpg",
      "transform_matrix": [
        [
          0.833269,
          -0.264361,
          0.485567,
          5.003627
        ],
        [
          -0.552856,
          -0.392775,
          0.7349,
          2.32198
        ],
        [
          -0.00356,
          -0.880819,
          -0.473441,
          1.424909
        ],
        [
          0.0,
          0.0,
          0.0,
          1.0
        ]
      ]
    },
    {
      "file_path": "/media/NFS/ttao/scannet/posed_images/scene0642_01/00473.jpg",
      "transform_matrix": [
        [
          0.746843,
          -0.352164,
          0.564098,
          5.031894
        ],
        [
          -0.664936,
          -0.38359,
          0.640874,
          2.216705
        ],
        [
          -0.00931,
          -0.853721,
          -0.520648,
          1.400398
        ],
        [
          0.0,
          0.0,
          0.0,
          1.0
        ]
      ]
    },
    {
      "file_path": "/media/NFS/ttao/scannet/posed_images/scene0642_01/00477.jpg",
      "transform_matrix": [
        [
          0.740953,
          -0.352625,
          0.571527,
          5.036296
        ],
        [
          -0.671476,
          -0.375813,
          0.638659,
          2.209021
        ],
        [
          -0.01042,
          -0.856983,
          -0.515239,
          1.408124
        ],
        [
          0.0,
          0.0,
          0.0,
          1.0
        ]
      ]
    },
    {
      "file_path": "/media/NFS/ttao/scannet/posed_images/scene0642_01/00498.jpg",
      "transform_matrix": [
        [
          0.703236,
          -0.289269,
          0.649448,
          5.079077
        ],
        [
          -0.710207,
          -0.327754,
          0.623044,
          2.318259
        ],
        [
          0.032632,
          -0.899389,
          -0.435929,
          1.431339
        ],
        [
          0.0,
          0.0,
          0.0,
          1.0
        ]
      ]
    },
    {
      "file_path": "/media/NFS/ttao/scannet/posed_images/scene0642_01/00515.jpg",
      "transform_matrix": [
        [
          0.698983,
          -0.322037,
          0.638526,
          5.133852
        ],
        [
          -0.714651,
          -0.347527,
          0.607042,
          2.507183
        ],
        [
          0.026415,
          -0.880635,
          -0.473059,
          1.436114
        ],
        [
          0.0,
          0.0,
          0.0,
          1.0
        ]
      ]
    },
    {
      "file_path": "/media/NFS/ttao/scannet/posed_images/scene0642_01/00519.jpg",
      "transform_matrix": [
        [
          0.706382,
          -0.323791,
          0.629431,
          5.158428
        ],
        [
          -0.706786,
          -0.370951,
          0.602369,
          2.537518
        ],
        [
          0.038446,
          -0.870376,
          -0.490884,
          1.427164
        ],
        [
          0.0,
          0.0,
          0.0,
          1.0
        ]
      ]
    },
    {
      "file_path": "/media/NFS/ttao/scannet/posed_images/scene0642_01/00536.jpg",
      "transform_matrix": [
        [
          0.730659,
          -0.288058,
          0.618998,
          5.247692
        ],
        [
          -0.677555,
          -0.417483,
          0.605498,
          2.656761
        ],
        [
          0.084002,
          -0.861818,
          -0.500213,
          1.435086
        ],
        [
          0.0,
          0.0,
          0.0,
          1.0
        ]
      ]
    },
    {
      "file_path": "/media/NFS/ttao/scannet/posed_images/scene0642_01/00545.jpg",
      "transform_matrix": [
        [
          0.678958,
          -0.321398,
          0.660091,
          5.271274
        ],
        [
          -0.729185,
          -0.399882,
          0.555324,
          2.713012
        ],
        [
          0.085478,
          -0.858369,
          -0.505861,
          1.450904
        ],
        [
          0.0,
          0.0,
          0.0,
          1.0
        ]
      ]
    },
    {
      "file_path": "/media/NFS/ttao/scannet/posed_images/scene0642_01/00570.jpg",
      "transform_matrix": [
        [
          0.533705,
          -0.383027,
          0.753956,
          5.271602
        ],
        [
          -0.839764,
          -0.34523,
          0.419061,
          2.768225
        ],
        [
          0.099777,
          -0.8568,
          -0.505903,
          1.44528
        ],
        [
          0.0,
          0.0,
          0.0,
          1.0
        ]
      ]
    },
    {
      "file_path": "/media/NFS/ttao/scannet/posed_images/scene0642_01/00583.jpg",
      "transform_matrix": [
        [
          0.499188,
          -0.388801,
          0.774367,
          5.318327
        ],
        [
          -0.862266,
          -0.31107,
          0.399666,
          2.710195
        ],
        [
          0.085492,
          -0.867219,
          -0.490533,
          1.45221
        ],
        [
          0.0,
          0.0,
          0.0,
          1.0
        ]
      ]
    },
    {
      "file_path": "/media/NFS/ttao/scannet/posed_images/scene0642_01/00600.jpg",
      "transform_matrix": [
        [
          0.453408,
          -0.406109,
          0.793408,
          5.376471
        ],
        [
          -0.889118,
          -0.268376,
          0.370734,
          2.600745
        ],
        [
          0.062373,
          -0.873527,
          -0.482763,
          1.459834
        ],
        [
          0.0,
          0.0,
          0.0,
          1.0
        ]
      ]
    },
    {
      "file_path": "/media/NFS/ttao/scannet/posed_images/scene0642_01/00604.jpg",
      "transform_matrix": [
        [
          0.44192,
          -0.421589,
          0.791814,
          5.388169
        ],
        [
          -0.896249,
          -0.244896,
          0.369816,
          2.570608
        ],
        [
          0.038001,
          -0.873091,
          -0.486073,
          1.454777
        ],
        [
          0.0,
          0.0,
          0.0,
          1.0
        ]
      ]
    },
    {
      "file_path": "/media/NFS/ttao/scannet/posed_images/scene0642_01/00621.jpg",
      "transform_matrix": [
        [
          0.318445,
          -0.464921,
          0.8261,
          5.372039
        ],
        [
          -0.947738,
          -0.174218,
          0.267286,
          2.516083
        ],
        [
          0.019654,
          -0.868042,
          -0.496102,
          1.445224
        ],
        [
          0.0,
          0.0,
          0.0,
          1.0
        ]
      ]
    },
    {
      "file_path": "/media/NFS/ttao/scannet/posed_images/scene0642_01/00638.jpg",
      "transform_matrix": [
        [
          0.271507,
          -0.37249,
          0.887432,
          5.262594
        ],
        [
          -0.960472,
          -0.16375,
          0.225121,
          2.520644
        ],
        [
          0.061461,
          -0.913475,
          -0.402226,
          1.442507
        ],
        [
          0.0,
          0.0,
          0.0,
          1.0
        ]
      ]
    },
    {
      "file_path": "/media/NFS/ttao/scannet/posed_images/scene0642_01/00646.jpg",
      "transform_matrix": [
        [
          0.315358,
          -0.343984,
          0.884434,
          5.282931
        ],
        [
          -0.948353,
          -0.147916,
          0.28062,
          2.453349
        ],
        [
          0.034293,
          -0.927252,
          -0.372865,
          1.46346
        ],
        [
          0.0,
          0.0,
          0.0,
          1.0
        ]
      ]
    },
    {
      "file_path": "/media/NFS/ttao/scannet/posed_images/scene0642_01/00667.jpg",
      "transform_matrix": [
        [
          0.38224,
          -0.424728,
          0.82067,
          5.390622
        ],
        [
          -0.923138,
          -0.135773,
          0.359698,
          2.24099
        ],
        [
          -0.041349,
          -0.895082,
          -0.44398,
          1.428729
        ],
        [
          0.0,
          0.0,
          0.0,
          1.0
        ]
      ]
    },
    {
      "file_path": "/media/NFS/ttao/scannet/posed_images/scene0642_01/00671.jpg",
      "transform_matrix": [
        [
          0.388374,
          -0.452741,
          0.802615,
          5.411342
        ],
        [
          -0.921129,
          -0.165968,
          0.352102,
          2.229339
        ],
        [
          -0.026202,
          -0.876059,
          -0.481491,
          1.425083
        ],
        [
          0.0,
          0.0,
          0.0,
          1.0
        ]
      ]
    },
    {
      "file_path": "/media/NFS/ttao/scannet/posed_images/scene0642_01/00697.jpg",
      "transform_matrix": [
        [
          0.402737,
          -0.421064,
          0.812716,
          5.472037
        ],
        [
          -0.914712,
          -0.217395,
          0.340649,
          2.205344
        ],
        [
          0.033245,
          -0.880593,
          -0.472705,
          1.415956
        ],
        [
          0.0,
          0.0,
          0.0,
          1.0
        ]
      ]
    },
    {
      "file_path": "/media/NFS/ttao/scannet/posed_images/scene0642_01/00705.jpg",
      "transform_matrix": [
        [
          0.41282,
          -0.376328,
          0.829432,
          5.492243
        ],
        [
          -0.908391,
          -0.236478,
          0.344825,
          2.103717
        ],
        [
          0.066376,
          -0.895799,
          -0.439476,
          1.424538
        ],
        [
          0.0,
          0.0,
          0.0,
          1.0
        ]
      ]
    },
    {
      "file_path": "/media/NFS/ttao/scannet/posed_images/scene0642_01/00726.jpg",
      "transform_matrix": [
        [
          0.409969,
          -0.29185,
          0.864147,
          5.477326
        ],
        [
          -0.901968,
          -0.270545,
          0.33654,
          1.898783
        ],
        [
          0.135571,
          -0.917403,
          -0.374154,
          1.43651
        ],
        [
          0.0,
          0.0,
          0.0,
          1.0
        ]
      ]
    },
    {
      "file_path": "/media/NFS/ttao/scannet/posed_images/scene0642_01/00739.jpg",
      "transform_matrix": [
        [
          0.483941,
          -0.318897,
          0.814927,
          5.478963
        ],
        [
          -0.871299,
          -0.262291,
          0.414779,
          1.78805
        ],
        [
          0.081476,
          -0.910774,
          -0.404788,
          1.456237
        ],
        [
          0.0,
          0.0,
          0.0,
          1.0
        ]
      ]
    },
    {
      "file_path": "/media/NFS/ttao/scannet/posed_images/scene0642_01/00743.jpg",
      "transform_matrix": [
        [
          0.507413,
          -0.310575,
          0.803788,
          5.503901
        ],
        [
          -0.859226,
          -0.25303,
          0.444642,
          1.735562
        ],
        [
          0.065288,
          -0.916253,
          -0.395245,
          1.460943
        ],
        [
          0.0,
          0.0,
          0.0,
          1.0
        ]
      ]
    },
    {
      "file_path": "/media/NFS/ttao/scannet/posed_images/scene0642_01/00764.jpg",
      "transform_matrix": [
        [
          0.70476,
          -0.256527,
          0.661443,
          5.664315
        ],
        [
          -0.707825,
          -0.317233,
          0.631148,
          1.498103
        ],
        [
          0.047925,
          -0.912993,
          -0.40515,
          1.470834
        ],
        [
          0.0,
          0.0,
          0.0,
          1.0
        ]
      ]
    },
    {
      "file_path": "/media/NFS/ttao/scannet/posed_images/scene0642_01/00781.jpg",
      "transform_matrix": [
        [
          0.700653,
          -0.241704,
          0.671315,
          5.693114
        ],
        [
          -0.708454,
          -0.347395,
          0.614337,
          1.460477
        ],
        [
          0.084724,
          -0.906033,
          -0.414639,
          1.474545
        ],
        [
          0.0,
          0.0,
          0.0,
          1.0
        ]
      ]
    },
    {
      "file_path": "/media/NFS/ttao/scannet/posed_images/scene0642_01/00790.jpg",
      "transform_matrix": [
        [
          0.662492,
          -0.235694,
          0.711023,
          5.619253
        ],
        [
          -0.741342,
          -0.342295,
          0.577275,
          1.507797
        ],
        [
          0.10732,
          -0.909551,
          -0.401497,
          1.486977
        ],
        [
          0.0,
          0.0,
          0.0,
          1.0
        ]
      ]
    },
    {
      "file_path": "/media/NFS/ttao/scannet/posed_images/scene0642_01/00811.jpg",
      "transform_matrix": [
        [
          0.659859,
          -0.243609,
          0.710803,
          5.21905
        ],
        [
          -0.738724,
          -0.383287,
          0.554417,
          1.726027
        ],
        [
          0.137381,
          -0.890924,
          -0.432875,
          1.457803
        ],
        [
          0.0,
          0.0,
          0.0,
          1.0
        ]
      ]
    },
    {
      "file_path": "/media/NFS/ttao/scannet/posed_images/scene0642_01/00815.jpg",
      "transform_matrix": [
        [
          0.652707,
          -0.237322,
          0.71948,
          5.178186
        ],
        [
          -0.742292,
          -0.390332,
          0.54465,
          1.776932
        ],
        [
          0.151579,
          -0.889562,
          -0.430935,
          1.454259
        ],
        [
          0.0,
          0.0,
          0.0,
          1.0
        ]
      ]
    },
    {
      "file_path": "/media/NFS/ttao/scannet/posed_images/scene0642_01/00836.jpg",
      "transform_matrix": [
        [
          0.537419,
          -0.312066,
          0.783451,
          5.082983
        ],
        [
          -0.837819,
          -0.303467,
          0.453836,
          2.117035
        ],
        [
          0.096124,
          -0.900291,
          -0.424544,
          1.417827
        ],
        [
          0.0,
          0.0,
          0.0,
          1.0
        ]
      ]
    },
    {
      "file_path": "/media/NFS/ttao/scannet/posed_images/scene0642_01/00853.jpg",
      "transform_matrix": [
        [
          0.39876,
          -0.391751,
          0.829169,
          5.007054
        ],
        [
          -0.916584,
          -0.199234,
          0.346668,
          2.400478
        ],
        [
          0.029391,
          -0.898241,
          -0.438519,
          1.419513
        ],
        [
          0.0,
          0.0,
          0.0,
          1.0
        ]
      ]
    },
    {
      "file_path": "/media/NFS/ttao/scannet/posed_images/scene0642_01/00861.jpg",
      "transform_matrix": [
        [
          0.336751,
          -0.367699,
          0.866831,
          5.046085
        ],
        [
          -0.941558,
          -0.123453,
          0.313414,
          2.519107
        ],
        [
          -0.008229,
          -0.921714,
          -0.387783,
          1.395488
        ],
        [
          0.0,
          0.0,
          0.0,
          1.0
        ]
      ]
    },
    {
      "file_path": "/media/NFS/ttao/scannet/posed_images/scene0642_01/00878.jpg",
      "transform_matrix": [
        [
          0.25766,
          -0.291769,
          0.921131,
          5.120183
        ],
        [
          -0.964643,
          -0.02296,
          0.262558,
          2.753542
        ],
        [
          -0.055457,
          -0.956213,
          -0.287369,
          1.420359
        ],
        [
          0.0,
          0.0,
          0.0,
          1.0
        ]
      ]
    },
    {
      "file_path": "/media/NFS/ttao/scannet/posed_images/scene0642_01/00883.jpg",
      "transform_matrix": [
        [
          0.226442,
          -0.281805,
          0.932368,
          5.114254
        ],
        [
          -0.971727,
          0.000346,
          0.236106,
          2.818775
        ],
        [
          -0.066859,
          -0.959472,
          -0.273759,
          1.41881
        ],
        [
          0.0,
          0.0,
          0.0,
          1.0
        ]
      ]
    },
    {
      "file_path": "/media/NFS/ttao/scannet/posed_images/scene0642_01/00908.jpg",
      "transform_matrix": [
        [
          -0.01495,
          -0.454281,
          0.890733,
          5.059282
        ],
        [
          -0.993648,
          0.106123,
          0.037447,
          2.945428
        ],
        [
          -0.111538,
          -0.884515,
          -0.452982,
          1.344523
        ],
        [
          0.0,
          0.0,
          0.0,
          1.0
        ]
      ]
    },
    {
      "file_path": "/media/NFS/ttao/scannet/posed_images/scene0642_01/00912.jpg",
      "transform_matrix": [
        [
          -0.016899,
          -0.46335,
          0.886014,
          5.029518
        ],
        [
          -0.993256,
          0.109437,
          0.038287,
          2.917785
        ],
        [
          -0.114704,
          -0.879392,
          -0.462075,
          1.340575
        ],
        [
          0.0,
          0.0,
          0.0,
          1.0
        ]
      ]
    },
    {
      "file_path": "/media/NFS/ttao/scannet/posed_images/scene0642_01/00929.jpg",
      "transform_matrix": [
        [
          -0.182369,
          -0.478106,
          0.85916,
          4.86691
        ],
        [
          -0.978616,
          0.172823,
          -0.111552,
          2.981277
        ],
        [
          -0.095149,
          -0.861131,
          -0.4994,
          1.323856
        ],
        [
          0.0,
          0.0,
          0.0,
          1.0
        ]
      ]
    },
    {
      "file_path": "/media/NFS/ttao/scannet/posed_images/scene0642_01/00950.jpg",
      "transform_matrix": [
        [
          -0.282549,
          -0.513955,
          0.809948,
          4.779815
        ],
        [
          -0.957968,
          0.194866,
          -0.210533,
          3.059376
        ],
        [
          -0.049626,
          -0.835391,
          -0.547412,
          1.305808
        ],
        [
          0.0,
          0.0,
          0.0,
          1.0
        ]
      ]
    },
    {
      "file_path": "/media/NFS/ttao/scannet/posed_images/scene0642_01/00963.jpg",
      "transform_matrix": [
        [
          -0.361276,
          -0.495698,
          0.789787,
          4.682698
        ],
        [
          -0.932099,
          0.215526,
          -0.291103,
          3.169631
        ],
        [
          -0.025921,
          -0.841328,
          -0.539904,
          1.310212
        ],
        [
          0.0,
          0.0,
          0.0,
          1.0
        ]
      ]
    },
    {
      "file_path": "/media/NFS/ttao/scannet/posed_images/scene0642_01/00976.jpg",
      "transform_matrix": [
        [
          -0.460557,
          -0.41459,
          0.784858,
          4.629798
        ],
        [
          -0.887527,
          0.228545,
          -0.400079,
          3.198729
        ],
        [
          -0.013507,
          -0.880842,
          -0.473218,
          1.360385
        ],
        [
          0.0,
          0.0,
          0.0,
          1.0
        ]
      ]
    },
    {
      "file_path": "/media/NFS/ttao/scannet/posed_images/scene0642_01/00984.jpg",
      "transform_matrix": [
        [
          -0.507671,
          -0.360069,
          0.7827,
          4.616406
        ],
        [
          -0.86122,
          0.237273,
          -0.449446,
          3.189677
        ],
        [
          -0.023882,
          -0.902248,
          -0.430556,
          1.372198
        ],
        [
          0.0,
          0.0,
          0.0,
          1.0
        ]
      ]
    },
    {
      "file_path": "/media/NFS/ttao/scannet/posed_images/scene0642_01/01005.jpg",
      "transform_matrix": [
        [
          -0.637534,
          -0.267148,
          0.722622,
          4.702696
        ],
        [
          -0.770014,
          0.251513,
          -0.586362,
          3.019355
        ],
        [
          -0.025103,
          -0.930255,
          -0.366056,
          1.388053
        ],
        [
          0.0,
          0.0,
          0.0,
          1.0
        ]
      ]
    },
    {
      "file_path": "/media/NFS/ttao/scannet/posed_images/scene0642_01/01009.jpg",
      "transform_matrix": [
        [
          -0.642838,
          -0.268935,
          0.71724,
          4.722387
        ],
        [
          -0.7656,
          0.255927,
          -0.590219,
          2.98474
        ],
        [
          -0.024831,
          -0.928534,
          -0.370417,
          1.385732
        ],
        [
          0.0,
          0.0,
          0.0,
          1.0
        ]
      ]
    },
    {
      "file_path": "/media/NFS/ttao/scannet/posed_images/scene0642_01/01030.jpg",
      "transform_matrix": [
        [
          -0.738145,
          -0.324551,
          0.591446,
          4.921852
        ],
        [
          -0.674638,
          0.351825,
          -0.64891,
          3.013246
        ],
        [
          0.002519,
          -0.878001,
          -0.478652,
          1.32444
        ],
        [
          0.0,
          0.0,
          0.0,
          1.0
        ]
      ]
    },
    {
      "file_path": "/media/NFS/ttao/scannet/posed_images/scene0642_01/01043.jpg",
      "transform_matrix": [
        [
          -0.794497,
          -0.339325,
          0.50362,
          5.086854
        ],
        [
          -0.605358,
          0.376822,
          -0.701104,
          3.137661
        ],
        [
          0.048127,
          -0.861895,
          -0.504798,
          1.316758
        ],
        [
          0.0,
          0.0,
          0.0,
          1.0
        ]
      ]
    },
    {
      "file_path": "/media/NFS/ttao/scannet/posed_images/scene0642_01/01052.jpg",
      "transform_matrix": [
        [
          -0.791107,
          -0.34922,
          0.502191,
          5.146924
        ],
        [
          -0.606933,
          0.346096,
          -0.715436,
          3.202369
        ],
        [
          0.076038,
          -0.870783,
          -0.485752,
          1.310371
        ],
        [
          0.0,
          0.0,
          0.0,
          1.0
        ]
      ]
    },
    {
      "file_path": "/media/NFS/ttao/scannet/posed_images/scene0642_01/01077.jpg",
      "transform_matrix": [
        [
          -0.839063,
          -0.290798,
          0.459793,
          5.07262
        ],
        [
          -0.542321,
          0.380068,
          -0.749291,
          3.154145
        ],
        [
          0.04314,
          -0.878058,
          -0.476607,
          1.324993
        ],
        [
          0.0,
          0.0,
          0.0,
          1.0
        ]
      ]
    },
    {
      "file_path": "/media/NFS/ttao/scannet/posed_images/scene0642_01/01081.jpg",
      "transform_matrix": [
        [
          -0.856487,
          -0.264536,
          0.443227,
          5.036828
        ],
        [
          -0.515697,
          0.401881,
          -0.756669,
          3.114096
        ],
        [
          0.022042,
          -0.876649,
          -0.480626,
