{
  "frames": [
    {
      "file_path": "/media/NFS/ttao/scannet/posed_images/scene0302_01/00000.jpg",
      "transform_matrix": [
        [
          -0.25667,
          -0.716503,
          0.648648,
          1.549306
        ],
        [
          -0.966339,
          0.202465,
          -0.158736,
          3.314793
        ],
        [
          -0.017594,
          -0.667557,
          -0.744351,
          1.221138
        ],
        [
          0.0,
          0.0,
          0.0,
          1.0
        ]
      ]
    },
    {
      "file_path": "/media/NFS/ttao/scannet/posed_images/scene0302_01/00002.jpg",
      "transform_matrix": [
        [
          -0.28722,
          -0.708247,
          0.644896,
          1.549085
        ],
        [
          -0.957802,
          0.22005,
          -0.184915,
          3.302942
        ],
        [
          -0.010944,
          -0.670794,
          -0.741563,
          1.222447
        ],
        [
          0.0,
          0.0,
          0.0,
          1.0
        ]
      ]
    },
    {
      "file_path": "/media/NFS/ttao/scannet/posed_images/scene0302_01/00007.jpg",
      "transform_matrix": [
        [
          -0.373914,
          -0.687023,
          0.623048,
          1.546534
        ],
        [
          -0.927445,
          0.272794,
          -0.25579,
          3.278033
        ],
        [
          0.00577,
          -0.673486,
          -0.739178,
          1.223984
        ],
        [
          0.0,
          0.0,
          0.0,
          1.0
        ]
      ]
    },
    {
      "file_path": "/media/NFS/ttao/scannet/posed_images/scene0302_01/00010.jpg",
      "transform_matrix": [
        [
          -0.408828,
          -0.684395,
          0.603709,
          1.550562
        ],
        [
          -0.912549,
          0.298823,
          -0.279212,
          3.261209
        ],
        [
          0.01069,
          -0.665063,
          -0.746711,
          1.231041
        ],
        [
          0.0,
          0.0,
          0.0,
          1.0
        ]
      ]
    },
    {
      "file_path": "/media/NFS/ttao/scannet/posed_images/scene0302_01/00012.jpg",
      "transform_matrix": [
        [
          -0.433181,
          -0.676055,
          0.596074,
          1.550102
        ],
        [
          -0.901256,
          0.317829,
          -0.294488,
          3.251373
        ],
        [
          0.009641,
          -0.664782,
          -0.746975,
          1.231552
        ],
        [
          0.0,
          0.0,
          0.0,
          1.0
        ]
      ]
    },
    {
      "file_path": "/media/NFS/ttao/scannet/posed_images/scene0302_01/00015.jpg",
      "transform_matrix": [
        [
          -0.472927,
          -0.662706,
          0.580656,
          1.551467
        ],
        [
          -0.88101,
          0.346169,
          -0.322471,
          3.239036
        ],
        [
          0.012698,
          -0.664069,
          -0.747563,
          1.232005
        ],
        [
          0.0,
          0.0,
          0.0,
          1.0
        ]
      ]
    },
    {
      "file_path": "/media/NFS/ttao/scannet/posed_images/scene0302_01/00018.jpg",
      "transform_matrix": [
        [
          -0.511705,
          -0.643618,
          0.569135,
          1.551621
        ],
        [
          -0.859033,
          0.371834,
          -0.351854,
          3.223368
        ],
        [
          0.014836,
          -0.668952,
          -0.743158,
          1.234317
        ],
        [
          0.0,
          0.0,
          0.0,
          1.0
        ]
      ]
    },
    {
      "file_path": "/media/NFS/ttao/scannet/posed_images/scene0302_01/00019.jpg",
      "transform_matrix": [
        [
          -0.523057,
          -0.637442,
          0.565755,
          1.552759
        ],
        [
          -0.852164,
          0.379397,
          -0.360381,
          3.218307
        ],
        [
          0.015076,
          -0.670616,
          -0.741651,
          1.237203
        ],
        [
          0.0,
          0.0,
          0.0,
          1.0
        ]
      ]
    },
    {
      "file_path": "/media/NFS/ttao/scannet/posed_images/scene0302_01/00022.jpg",
      "transform_matrix": [
        [
          -0.551357,
          -0.61274,
          0.566176,
          1.547835
        ],
        [
          -0.834171,
          0.394499,
          -0.385394,
          3.194503
        ],
        [
          0.01279,
          -0.684777,
          -0.728641,
          1.246181
        ],
        [
          0.0,
          0.0,
          0.0,
          1.0
        ]
      ]
    },
    {
      "file_path": "/media/NFS/ttao/scannet/posed_images/scene0302_01/00026.jpg",
      "transform_matrix": [
        [
          -0.586606,
          -0.571446,
          0.573884,
          1.543797
        ],
        [
          -0.809741,
          0.40108,
          -0.428315,
          3.168986
        ],
        [
          0.014585,
          -0.71595,
          -0.697999,
          1.261987
        ],
        [
          0.0,
          0.0,
          0.0,
          1.0
        ]
      ]
    },
    {
      "file_path": "/media/NFS/ttao/scannet/posed_images/scene0302_01/00028.jpg",
      "transform_matrix": [
        [
          -0.610155,
          -0.543734,
          0.57625,
          1.544446
        ],
        [
          -0.792132,
          0.404539,
          -0.457028,
          3.164308
        ],
        [
          0.015386,
          -0.735324,
          -0.677541,
          1.271484
        ],
        [
          0.0,
          0.0,
          0.0,
          1.0
        ]
      ]
    },
    {
      "file_path": "/media/NFS/ttao/scannet/posed_images/scene0302_01/00032.jpg",
      "transform_matrix": [
        [
          -0.629016,
          -0.503737,
          0.592105,
          1.541685
        ],
        [
          -0.777029,
          0.384124,
          -0.498673,
          3.143356
        ],
        [
          0.023759,
          -0.773756,
          -0.633038,
          1.291653
        ],
        [
          0.0,
          0.0,
          0.0,
          1.0
        ]
      ]
    },
    {
      "file_path": "/media/NFS/ttao/scannet/posed_images/scene0302_01/00035.jpg",
      "transform_matrix": [
        [
          -0.639933,
          -0.477466,
          0.60209,
          1.540047
        ],
        [
          -0.767965,
          0.370112,
          -0.52273,
          3.135306
        ],
        [
          0.026745,
          -0.796896,
          -0.603524,
          1.303512
        ],
        [
          0.0,
          0.0,
          0.0,
          1.0
        ]
      ]
    },
    {
      "file_path": "/media/NFS/ttao/scannet/posed_images/scene0302_01/00038.jpg",
      "transform_matrix": [
        [
          -0.6451,
          -0.451049,
          0.616766,
          1.541526
        ],
        [
          -0.76374,
          0.35592,
          -0.538537,
          3.129677
        ],
        [
          0.023387,
          -0.81846,
          -0.574088,
          1.322335
        ],
        [
          0.0,
          0.0,
          0.0,
          1.0
        ]
      ]
    },
    {
      "file_path": "/media/NFS/ttao/scannet/posed_images/scene0302_01/00039.jpg",
      "transform_matrix": [
        [
          -0.643801,
          -0.441179,
          0.625205,
          1.540633
        ],
        [
          -0.7649,
          0.348432,
          -0.541778,
          3.125669
        ],
        [
          0.02118,
          -0.827017,
          -0.561778,
          1.329947
        ],
        [
          0.0,
          0.0,
          0.0,
          1.0
        ]
      ]
    },
    {
      "file_path": "/media/NFS/ttao/scannet/posed_images/scene0302_01/00043.jpg",
      "transform_matrix": [
        [
          -0.642212,
          -0.386726,
          0.661821,
          1.532605
        ],
        [
          -0.76649,
          0.315508,
          -0.559418,
          3.124419
        ],
        [
          0.007532,
          -0.866544,
          -0.499044,
          1.355313
        ],
        [
          0.0,
          0.0,
          0.0,
          1.0
        ]
      ]
    },
    {
      "file_path": "/media/NFS/ttao/scannet/posed_images/scene0302_01/00046.jpg",
      "transform_matrix": [
        [
          -0.646254,
          -0.353693,
          0.676208,
          1.531188
        ],
        [
          -0.763071,
          0.289244,
          -0.577979,
          3.121842
        ],
        [
          0.008837,
          -0.889516,
          -0.456818,
          1.370973
        ],
        [
          0.0,
          0.0,
          0.0,
          1.0
        ]
      ]
    },
    {
      "file_path": "/media/NFS/ttao/scannet/posed_images/scene0302_01/00049.jpg",
      "transform_matrix": [
        [
          -0.642663,
          -0.319687,
          0.696265,
          1.531833
        ],
        [
          -0.766077,
          0.255682,
          -0.589705,
          3.11304
        ],
        [
          0.010499,
          -0.912374,
          -0.409222,
          1.392707
        ],
        [
          0.0,
          0.0,
          0.0,
          1.0
        ]
      ]
    },
    {
      "file_path": "/media/NFS/ttao/scannet/posed_images/scene0302_01/00052.jpg",
      "transform_matrix": [
        [
          -0.629076,
          -0.294784,
          0.719281,
          1.528601
        ],
        [
          -0.77719,
          0.220077,
          -0.589528,
          3.109102
        ],
        [
          0.015486,
          -0.929876,
          -0.367548,
          1.40129
        ],
        [
          0.0,
          0.0,
          0.0,
          1.0
        ]
      ]
    },
    {
      "file_path": "/media/NFS/ttao/scannet/posed_images/scene0302_01/00053.jpg",
      "transform_matrix": [
        [
          -0.623367,
          -0.290338,
          0.726029,
          1.530499
        ],
        [
          -0.781749,
          0.21148,
          -0.586638,
          3.109879
        ],
        [
          0.016782,
          -0.933263,
          -0.358802,
          1.403285
        ],
        [
          0.0,
          0.0,
          0.0,
          1.0
        ]
      ]
    },
    {
      "file_path": "/media/NFS/ttao/scannet/posed_images/scene0302_01/00055.jpg",
      "transform_matrix": [
        [
          -0.605208,
          -0.285081,
          0.743271,
          1.53041
        ],
        [
          -0.795911,
          0.198194,
          -0.572053,
          3.106087
        ],
        [
          0.015769,
          -0.937789,
          -0.346848,
          1.408574
        ],
        [
          0.0,
          0.0,
          0.0,
          1.0
        ]
      ]
    },
    {
      "file_path": "/media/NFS/ttao/scannet/posed_images/scene0302_01/00060.jpg",
      "transform_matrix": [
        [
          -0.558627,
          -0.27475,
          0.782591,
          1.558185
        ],
        [
          -0.829247,
          0.16576,
          -0.533735,
          3.105364
        ],
        [
          0.016921,
          -0.94712,
          -0.320434,
          1.417407
        ],
        [
          0.0,
          0.0,
          0.0,
          1.0
        ]
      ]
    },
    {
      "file_path": "/media/NFS/ttao/scannet/posed_images/scene0302_01/00061.jpg",
      "transform_matrix": [
        [
          -0.547419,
          -0.276481,
          0.789868,
          1.557937
        ],
        [
          -0.836659,
          0.160167,
          -0.523783,
          3.105496
        ],
        [
          0.018305,
          -0.947578,
          -0.318998,
          1.415082
        ],
        [
          0.0,
          0.0,
          0.0,
          1.0
        ]
      ]
    },
    {
      "file_path": "/media/NFS/ttao/scannet/posed_images/scene0302_01/00064.jpg",
      "transform_matrix": [
        [
          -0.519991,
          -0.290547,
          0.803238,
          1.584608
        ],
        [
          -0.85395,
          0.15541,
          -0.496605,
          3.101362
        ],
        [
          0.019456,
          -0.944156,
          -0.328925,
          1.416727
        ],
        [
          0.0,
          0.0,
          0.0,
          1.0
        ]
      ]
    },
    {
      "file_path": "/media/NFS/ttao/scannet/posed_images/scene0302_01/00066.jpg",
      "transform_matrix": [
        [
          -0.507709,
          -0.292159,
          0.810478,
          1.601558
        ],
        [
          -0.861379,
          0.154623,
          -0.483857,
          3.093293
        ],
        [
          0.016044,
          -0.943788,
          -0.330163,
          1.417949
        ],
        [
          0.0,
          0.0,
          0.0,
          1.0
        ]
      ]
    },
    {
      "file_path": "/media/NFS/ttao/scannet/posed_images/scene0302_01/00069.jpg",
      "transform_matrix": [
        [
          -0.503522,
          -0.283938,
          0.815993,
          1.627904
        ],
        [
          -0.863728,
          0.142492,
          -0.483395,
          3.089891
        ],
        [
          0.020982,
          -0.948196,
          -0.316993,
          1.421436
        ],
        [
          0.0,
          0.0,
          0.0,
          1.0
        ]
      ]
    },
    {
      "file_path": "/media/NFS/ttao/scannet/posed_images/scene0302_01/00074.jpg",
      "transform_matrix": [
        [
          -0.502575,
          -0.261152,
          0.824147,
          1.676293
        ],
        [
          -0.864355,
          0.132395,
          -0.485141,
          3.098088
        ],
        [
          0.017582,
          -0.956175,
          -0.292266,
          1.430079
        ],
        [
          0.0,
          0.0,
          0.0,
          1.0
        ]
      ]
    },
    {
      "file_path": "/media/NFS/ttao/scannet/posed_images/scene0302_01/00075.jpg",
      "transform_matrix": [
        [
          -0.500587,
          -0.263823,
          0.824506,
          1.68722
        ],
        [
          -0.865423,
          0.129008,
          -0.484149,
          3.097262
        ],
        [
          0.021362,
          -0.955905,
          -0.292898,
          1.43389
        ],
        [
          0.0,
          0.0,
          0.0,
          1.0
        ]
      ]
    },
    {
      "file_path": "/media/NFS/ttao/scannet/posed_images/scene0302_01/00078.jpg",
      "transform_matrix": [
        [
          -0.498933,
          -0.249974,
          0.829806,
          1.719206
        ],
        [
          -0.866421,
          0.122347,
          -0.484092,
          3.101531
        ],
        [
          0.019486,
          -0.960492,
          -0.277626,
          1.44244
        ],
        [
          0.0,
          0.0,
          0.0,
          1.0
        ]
      ]
    },
    {
      "file_path": "/media/NFS/ttao/scannet/posed_images/scene0302_01/00080.jpg",
      "transform_matrix": [
        [
          -0.490911,
          -0.236374,
          0.838531,
          1.743881
        ],
        [
          -0.871128,
          0.119989,
          -0.476171,
          3.117243
        ],
        [
          0.01194,
          -0.964225,
          -0.264816,
          1.437871
        ],
        [
          0.0,
          0.0,
          0.0,
          1.0
        ]
      ]
    },
    {
      "file_path": "/media/NFS/ttao/scannet/posed_images/scene0302_01/00084.jpg",
      "transform_matrix": [
        [
          -0.454322,
          -0.256449,
          0.853127,
          1.782503
        ],
        [
          -0.890562,
          0.106942,
          -0.442111,
          3.124437
        ],
        [
          0.022144,
          -0.960623,
          -0.27697,
          1.437805
        ],
        [
          0.0,
          0.0,
          0.0,
          1.0
        ]
      ]
    },
    {
      "file_path": "/media/NFS/ttao/scannet/posed_images/scene0302_01/00088.jpg",
      "transform_matrix": [
        [
          -0.405439,
          -0.230559,
          0.884569,
          1.810627
        ],
        [
          -0.913675,
          0.071936,
          -0.40003,
          3.125077
        ],
        [
          0.028598,
          -0.970396,
          -0.239822,
          1.445059
        ],
        [
          0.0,
          0.0,
          0.0,
          1.0
        ]
      ]
    },
    {
      "file_path": "/media/NFS/ttao/scannet/posed_images/scene0302_01/00090.jpg",
      "transform_matrix": [
        [
          -0.362974,
          -0.227751,
          0.903537,
          1.813657
        ],
        [
          -0.931235,
          0.05494,
          -0.360253,
          3.126058
        ],
        [
          0.032407,
          -0.972168,
          -0.232032,
          1.439084
        ],
        [
          0.0,
          0.0,
          0.0,
          1.0
        ]
      ]
    },
    {
      "file_path": "/media/NFS/ttao/scannet/posed_images/scene0302_01/00092.jpg",
      "transform_matrix": [
        [
          -0.318335,
          -0.232926,
          0.918917,
          1.826319
        ],
        [
          -0.947288,
          0.041177,
          -0.317726,
          3.115692
        ],
        [
          0.036169,
          -0.971622,
          -0.233756,
          1.439687
        ],
        [
          0.0,
          0.0,
          0.0,
          1.0
        ]
      ]
    },
    {
      "file_path": "/media/NFS/ttao/scannet/posed_images/scene0302_01/00094.jpg",
      "transform_matrix": [
        [
          -0.279667,
          -0.235001,
          0.930892,
          1.839334
        ],
        [
          -0.959454,
          0.032921,
          -0.279937,
          3.108958
        ],
        [
          0.03514,
          -0.971437,
          -0.23468,
          1.433664
        ],
        [
          0.0,
          0.0,
          0.0,
          1.0
        ]
      ]
    },
    {
      "file_path": "/media/NFS/ttao/scannet/posed_images/scene0302_01/00097.jpg",
      "transform_matrix": [
        [
          -0.213115,
          -0.250411,
          0.944392,
          1.858445
        ],
        [
          -0.97656,
          0.024703,
          -0.213824,
          3.093055
        ],
        [
          0.030214,
          -0.967824,
          -0.249806,
          1.421813
        ],
        [
          0.0,
          0.0,
          0.0,
          1.0
        ]
      ]
    },
    {
      "file_path": "/media/NFS/ttao/scannet/posed_images/scene0302_01/00100.jpg",
      "transform_matrix": [
        [
          -0.143679,
          -0.29061,
          0.945993,
          1.867548
        ],
        [
          -0.989158,
          0.012836,
          -0.146292,
          3.076288
        ],
        [
          0.030371,
          -0.956755,
          -0.289304,
          1.402685
        ],
        [
          0.0,
          0.0,
          0.0,
          1.0
        ]
      ]
    },
    {
      "file_path": "/media/NFS/ttao/scannet/posed_images/scene0302_01/00104.jpg",
      "transform_matrix": [
        [
          -0.069848,
          -0.333742,
          0.940073,
          1.903133
        ],
        [
          -0.997327,
          0.003079,
          -0.073009,
          3.026557
        ],
        [
          0.021472,
          -0.942659,
          -0.333065,
          1.376147
        ],
        [
          0.0,
          0.0,
          0.0,
          1.0
        ]
      ]
    },
    {
      "file_path": "/media/NFS/ttao/scannet/posed_images/scene0302_01/00107.jpg",
      "transform_matrix": [
        [
          -0.017229,
          -0.392883,
          0.919427,
          1.922957
        ],
        [
          -0.999554,
          -0.015668,
          -0.025425,
          2.9988
        ],
        [
          0.024394,
          -0.919455,
          -0.392438,
          1.347762
        ],
        [
          0.0,
          0.0,
          0.0,
          1.0
        ]
      ]
    },
    {
      "file_path": "/media/NFS/ttao/scannet/posed_images/scene0302_01/00109.jpg",
      "transform_matrix": [
        [
          0.015931,
          -0.429258,
          0.903041,
          1.933033
        ],
        [
          -0.99942,
          -0.034037,
          0.001452,
          2.992971
        ],
        [
          0.030113,
          -0.90254,
          -0.429552,
          1.338973
        ],
        [
          0.0,
          0.0,
          0.0,
          1.0
        ]
      ]
    },
    {
      "file_path": "/media/NFS/ttao/scannet/posed_images/scene0302_01/00113.jpg",
      "transform_matrix": [
        [
          0.066138,
          -0.456896,
          0.887058,
          1.949929
        ],
        [
          -0.997296,
          -0.058812,
          0.044065,
          2.99923
        ],
        [
          0.032036,
          -0.887574,
          -0.45955,
          1.335513
        ],
        [
          0.0,
          0.0,
          0.0,
          1.0
        ]
      ]
    },
    {
      "file_path": "/media/NFS/ttao/scannet/posed_images/scene0302_01/00114.jpg",
      "transform_matrix": [
        [
          0.077168,
          -0.456266,
          0.886491,
          1.952379
        ],
        [
          -0.996513,
          -0.063594,
          0.054015,
          3.001081
        ],
        [
          0.03173,
          -0.887568,
          -0.459582,
          1.337512
        ],
        [
          0.0,
          0.0,
          0.0,
          1.0
        ]
      ]
    },
    {
      "file_path": "/media/NFS/ttao/scannet/posed_images/scene0302_01/00118.jpg",
      "transform_matrix": [
        [
          0.118968,
          -0.435948,
          0.892074,
          1.973122
        ],
        [
          -0.99272,
          -0.069229,
          0.098559,
          3.003817
        ],
        [
          0.01879,
          -0.897305,
          -0.441011,
          1.353035
        ],
        [
          0.0,
          0.0,
          0.0,
          1.0
        ]
      ]
    },
    {
      "file_path": "/media/NFS/ttao/scannet/posed_images/scene0302_01/00119.jpg",
      "transform_matrix": [
        [
          0.127307,
          -0.428981,
          0.894298,
          1.97647
        ],
        [
          -0.991711,
          -0.070849,
          0.107189,
          3.009917
        ],
        [
          0.017378,
          -0.900531,
          -0.434445,
          1.359277
        ],
        [
          0.0,
          0.0,
          0.0,
          1.0
        ]
      ]
    },
    {
      "file_path": "/media/NFS/ttao/scannet/posed_images/scene0302_01/00123.jpg",
      "transform_matrix": [
        [
          0.165605,
          -0.387868,
          0.906716,
          1.976205
        ],
        [
          -0.985943,
          -0.08577,
          0.143385,
          3.016674
        ],
        [
          0.022155,
          -0.917716,
          -0.39662,
          1.3797
        ],
        [
          0.0,
          0.0,
          0.0,
          1.0
        ]
      ]
    },
    {
      "file_path": "/media/NFS/ttao/scannet/posed_images/scene0302_01/00127.jpg",
      "transform_matrix": [
        [
          0.193883,
          -0.348566,
          0.917012,
          1.985158
        ],
        [
          -0.980906,
          -0.083406,
          0.175689,
          3.029539
        ],
        [
          0.015246,
          -0.933566,
          -0.358082,
          1.399848
        ],
        [
          0.0,
          0.0,
          0.0,
          1.0
        ]
      ]
    },
    {
      "file_path": "/media/NFS/ttao/scannet/posed_images/scene0302_01/00128.jpg",
      "transform_matrix": [
        [
          0.19803,
          -0.344153,
          0.917792,
          1.991406
        ],
        [
          -0.980124,
          -0.080908,
          0.18114,
          3.031319
        ],
        [
          0.011917,
          -0.935421,
          -0.353335,
          1.405202
        ],
        [
          0.0,
          0.0,
          0.0,
          1.0
        ]
      ]
    },
    {
      "file_path": "/media/NFS/ttao/scannet/posed_images/scene0302_01/00132.jpg",
      "transform_matrix": [
        [
          0.218794,
          -0.321001,
          0.921459,
          1.997016
        ],
        [
          -0.975704,
          -0.083065,
          0.202738,
          3.032594
        ],
        [
          0.011462,
          -0.943429,
          -0.331376,
          1.418117
        ],
        [
          0.0,
          0.0,
          0.0,
          1.0
        ]
      ]
    },
    {
      "file_path": "/media/NFS/ttao/scannet/posed_images/scene0302_01/00133.jpg",
      "transform_matrix": [
        [
          0.227926,
          -0.317243,
          0.920547,
          1.999078
        ],
        [
          -0.973591,
          -0.086897,
          0.211113,
          3.035951
        ],
        [
          0.013019,
          -0.944355,
          -0.328671,
          1.421975
        ],
        [
          0.0,
          0.0,
          0.0,
          1.0
        ]
      ]
    },
    {
      "file_path": "/media/NFS/ttao/scannet/posed_images/scene0302_01/00138.jpg",
      "transform_matrix": [
        [
          0.279022,
          -0.273137,
          0.920621,
          1.996255
        ],
        [
          -0.960125,
          -0.096823,
          0.262269,
          3.033385
        ],
        [
          0.017502,
          -0.95709,
          -0.289261,
          1.443808
        ],
        [
          0.0,
          0.0,
          0.0,
          1.0
        ]
      ]
    },
    {
      "file_path": "/media/NFS/ttao/scannet/posed_images/scene0302_01/00141.jpg",
      "transform_matrix": [
        [
          0.309422,
          -0.258127,
          0.915221,
          1.99603
        ],
        [
          -0.950809,
          -0.09902,
          0.293526,
          3.032596
        ],
        [
          0.014858,
          -0.961023,
          -0.276068,
          1.453769
        ],
        [
          0.0,
          0.0,
          0.0,
          1.0
        ]
      ]
    },
    {
      "file_path": "/media/NFS/ttao/scannet/posed_images/scene0302_01/00142.jpg",
      "transform_matrix": [
        [
          0.321197,
          -0.25523,
          0.911971,
          1.990901
        ],
        [
          -0.946913,
          -0.100485,
          0.305381,
          3.028333
        ],
        [
          0.013697,
          -0.961645,
          -0.273956,
          1.453276
        ],
        [
          0.0,
          0.0,
          0.0,
          1.0
        ]
      ]
    },
    {
      "file_path": "/media/NFS/ttao/scannet/posed_images/scene0302_01/00146.jpg",
      "transform_matrix": [
        [
          0.377463,
          -0.245305,
          0.892943,
          1.98277
        ],
        [
          -0.925995,
          -0.10774,
          0.361837,
          2.988099
        ],
        [
          0.007445,
          -0.963441,
          -0.267819,
          1.447545
        ],
        [
          0.0,
          0.0,
          0.0,
          1.0
        ]
      ]
    },
    {
      "file_path": "/media/NFS/ttao/scannet/posed_images/scene0302_01/00147.jpg",
      "transform_matrix": [
        [
          0.392512,
          -0.244453,
          0.886666,
          1.979904
        ],
        [
          -0.919705,
          -0.113522,
          0.37584,
          2.971717
        ],
        [
          0.00878,
          -0.962993,
          -0.269384,
          1.44168
        ],
        [
          0.0,
          0.0,
          0.0,
          1.0
        ]
      ]
    },
    {
      "file_path": "/media/NFS/ttao/scannet/posed_images/scene0302_01/00152.jpg",
      "transform_matrix": [
        [
          0.465682,
          -0.268529,
          0.843227,
          1.987757
        ],
        [
          -0.884598,
          -0.168194,
          0.434968,
          2.902908
        ],
        [
          0.025024,
          -0.948474,
          -0.315866,
          1.42202
        ],
        [
          0.0,
          0.0,
          0.0,
          1.0
        ]
      ]
    },
    {
      "file_path": "/media/NFS/ttao/scannet/posed_images/scene0302_01/00153.jpg",
      "transform_matrix": [
        [
          0.474617,
          -0.271303,
          0.837337,
          1.991566
        ],
        [
          -0.879659,
          -0.179313,
          0.440508,
          2.892963
        ],
        [
          0.030635,
          -0.945643,
          -0.323759,
          1.418875
        ],
        [
          0.0,
          0.0,
          0.0,
          1.0
        ]
      ]
    },
    {
      "file_path": "/media/NFS/ttao/scannet/posed_images/scene0302_01/00156.jpg",
      "transform_matrix": [
        [
          0.498573,
          -0.288123,
          0.817563,
          1.991484
        ],
        [
          -0.8664,
          -0.195923,
          0.459309,
          2.865344
        ],
        [
          0.027842,
          -0.937336,
          -0.347312,
          1.406526
        ],
        [
          0.0,
          0.0,
          0.0,
          1.0
        ]
      ]
    },
    {
      "file_path": "/media/NFS/ttao/scannet/posed_images/scene0302_01/00160.jpg",
      "transform_matrix": [
        [
          0.538967,
          -0.324014,
          0.777515,
          1.991183
        ],
        [
          -0.842177,
          -0.224728,
          0.490139,
          2.84382
        ],
        [
          0.015917,
          -0.918973,
          -0.393998,
          1.386882
        ],
        [
          0.0,
          0.0,
          0.0,
          1.0
        ]
      ]
    },
    {
      "file_path": "/media/NFS/ttao/scannet/posed_images/scene0302_01/00162.jpg",
      "transform_matrix": [
        [
          0.552396,
          -0.331889,
          0.764663,
          1.994633
        ],
        [
          -0.833334,
          -0.24226,
          0.496855,
          2.843689
        ],
        [
          0.020347,
          -0.91168,
          -0.410398,
          1.378402
        ],
        [
          0.0,
          0.0,
          0.0,
          1.0
        ]
      ]
    },
    {
      "file_path": "/media/NFS/ttao/scannet/posed_images/scene0302_01/00165.jpg",
      "transform_matrix": [
        [
          0.55871,
          -0.348168,
          0.752743,
          1.999831
        ],
        [
          -0.829072,
          -0.258517,
          0.495791,
          2.849296
        ],
        [
          0.021978,
          -0.901082,
          -0.433092,
          1.367631
        ],
        [
          0.0,
          0.0,
          0.0,
          1.0
        ]
      ]
    },
    {
      "file_path": "/media/NFS/ttao/scannet/posed_images/scene0302_01/00168.jpg",
      "transform_matrix": [
        [
          0.557754,
          -0.36312,
          0.746361,
          2.006739
        ],
        [
          -0.829621,
          -0.271293,
          0.487984,
          2.859601
        ],
        [
          0.025286,
          -0.891372,
          -0.452566,
          1.369699
        ],
        [
          0.0,
          0.0,
          0.0,
          1.0
        ]
      ]
    },
    {
      "file_path": "/media/NFS/ttao/scannet/posed_images/scene0302_01/00170.jpg",
      "transform_matrix": [
        [
          0.56104,
          -0.349848,
          0.750227,
          2.008062
        ],
        [
          -0.826768,
          -0.281814,
          0.486863,
          2.865593
        ],
        [
          0.041096,
          -0.893413,
          -0.447352,
          1.373669
        ],
        [
          0.0,
          0.0,
          0.0,
          1.0
        ]
      ]
    },
    {
      "file_path": "/media/NFS/ttao/scannet/posed_images/scene0302_01/00172.jpg",
      "transform_matrix": [
        [
          0.567821,
          -0.333078,
          0.752754,
          2.009096
        ],
        [
          -0.821577,
          -0.285873,
          0.493243,
          2.871134
        ],
        [
          0.050904,
          -0.898519,
          -0.435974,
          1.382595
        ],
        [
          0.0,
          0.0,
          0.0,
          1.0
        ]
      ]
    },
    {
      "file_path": "/media/NFS/ttao/scannet/posed_images/scene0302_01/00175.jpg",
      "transform_matrix": [
        [
          0.572,
          -0.310605,
          0.759171,
          2.009095
        ],
        [
          -0.819058,
          -0.266236,
          0.508195,
          2.878414
        ],
        [
          0.044271,
          -0.912493,
          -0.406691,
          1.400613
        ],
        [
          0.0,
          0.0,
          0.0,
          1.0
        ]
      ]
    },
    {
      "file_path": "/media/NFS/ttao/scannet/posed_images/scene0302_01/00180.jpg",
      "transform_matrix": [
        [
          0.578283,
          -0.260057,
          0.773278,
          2.01204
        ],
        [
          -0.814701,
          -0.234058,
          0.530546,
          2.895069
        ],
        [
          0.04302,
          -0.936796,
          -0.347221,
          1.42006
        ],
        [
          0.0,
          0.0,
          0.0,
          1.0
        ]
      ]
    },
    {
      "file_path": "/media/NFS/ttao/scannet/posed_images/scene0302_01/00183.jpg",
      "transform_matrix": [
        [
          0.593383,
          -0.233464,
          0.770319,
          2.013471
        ],
        [
          -0.80288,
          -0.239763,
          0.545799,
          2.903394
        ],
        [
          0.057269,
          -0.942342,
          -0.329715,
          1.422667
        ],
        [
          0.0,
          0.0,
          0.0,
          1.0
        ]
      ]
    },
    {
      "file_path": "/media/NFS/ttao/scannet/posed_images/scene0302_01/00184.jpg",
      "transform_matrix": [
        [
          0.597867,
          -0.226168,
          0.769028,
          2.015618
        ],
        [
          -0.799024,
          -0.24493,
          0.549154,
          2.906857
        ],
        [
          0.064157,
          -0.942792,
          -0.32715,
          1.426451
        ],
        [
          0.0,
          0.0,
          0.0,
          1.0
        ]
      ]
    },
    {
      "file_path": "/media/NFS/ttao/scannet/posed_images/scene0302_01/00187.jpg",
      "transform_matrix": [
        [
          0.613794,
          -0.201932,
          0.763204,
          2.010024
        ],
        [
          -0.785866,
          -0.248507,
          0.566268,
          2.913785
        ],
        [
          0.075314,
          -0.947348,
          -0.311224,
          1.433628
        ],
        [
          0.0,
          0.0,
          0.0,
          1.0
        ]
      ]
    },
    {
      "file_path": "/media/NFS/ttao/scannet/posed_images/scene0302_01/00189.jpg",
      "transform_matrix": [
        [
          0.630145,
          -0.188601,
          0.753224,
          2.001266
        ],
        [
          -0.772587,
          -0.24928,
          0.583926,
          2.912716
        ],
        [
          0.077635,
          -0.949889,
          -0.302793,
          1.442801
        ],
        [
          0.0,
          0.0,
          0.0,
          1.0
        ]
      ]
    },
    {
      "file_path": "/media/NFS/ttao/scannet/posed_images/scene0302_01/00192.jpg",
      "transform_matrix": [
        [
          0.663829,
          -0.170101,
          0.728283,
          1.981331
        ],
        [
          -0.745514,
          -0.227976,
          0.626287,
          2.913285
        ],
        [
          0.059499,
          -0.958693,
          -0.27815,
          1.46186
        ],
        [
          0.0,
          0.0,
          0.0,
          1.0
        ]
      ]
    },
    {
      "file_path": "/media/NFS/ttao/scannet/posed_images/scene0302_01/00197.jpg",
      "transform_matrix": [
        [
          0.74838,
          -0.144904,
          0.647248,
          1.956624
        ],
        [
          -0.662981,
          -0.192235,
          0.723534,
          2.873705
        ],
        [
          0.01958,
          -0.970592,
          -0.239934,
          1.471914
        ],
        [
          0.0,
          0.0,
          0.0,
          1.0
        ]
      ]
    },
    {
      "file_path": "/media/NFS/ttao/scannet/posed_images/scene0302_01/00199.jpg",
      "transform_matrix": [
        [
          0.775656,
          -0.132688,
          0.617051,
          1.946678
        ],
        [
          -0.630859,
          -0.193035,
          0.751502,
          2.849189
        ],
        [
          0.019397,
          -0.972179,
          -0.233437,
          1.465821
        ],
        [
          0.0,
          0.0,
          0.0,
          1.0
        ]
      ]
    },
    {
      "file_path": "/media/NFS/ttao/scannet/posed_images/scene0302_01/00200.jpg",
      "transform_matrix": [
        [
          0.785533,
          -0.126146,
          0.605826,
          1.938477
        ],
        [
          -0.618284,
          -0.200718,
          0.759893,
          2.846752
        ],
        [
          0.025743,
          -0.971494,
          -0.235664,
          1.460796
        ],
        [
          0.0,
          0.0,
          0.0,
          1.0
        ]
      ]
    },
    {
      "file_path": "/media/NFS/ttao/scannet/posed_images/scene0302_01/00204.jpg",
      "transform_matrix": [
        [
          0.823569,
          -0.128269,
          0.552523,
          1.93483
        ],
        [
          -0.565875,
          -0.252765,
          0.78479,
          2.815521
        ],
        [
          0.038994,
          -0.958987,
          -0.280754,
          1.435385
        ],
        [
          0.0,
          0.0,
          0.0,
          1.0
        ]
      ]
    },
    {
      "file_path": "/media/NFS/ttao/scannet/posed_images/scene0302_01/00208.jpg",
      "transform_matrix": [
        [
          0.867983,
          -0.136481,
          0.47747,
          1.932665
        ],
        [
          -0.495655,
          -0.297188,
          0.816092,
          2.78278
        ],
        [
          0.030517,
          -0.945014,
          -0.325602,
          1.410818
        ],
        [
          0.0,
          0.0,
          0.0,
          1.0
        ]
      ]
    },
    {
      "file_path": "/media/NFS/ttao/scannet/posed_images/scene0302_01/00211.jpg",
      "transform_matrix": [
        [
          0.889888,
          -0.141155,
          0.433791,
          1.926763
        ],
        [
          -0.455331,
          -0.332804,
          0.825782,
          2.772395
        ],
        [
          0.027804,
          -0.932372,
          -0.360431,
          1.398122
        ],
        [
          0.0,
          0.0,
          0.0,
          1.0
        ]
      ]
    },
    {
      "file_path": "/media/NFS/ttao/scannet/posed_images/scene0302_01/00213.jpg",
      "transform_matrix": [
        [
          0.897601,
          -0.150421,
          0.414351,
          1.922417
        ],
        [
          -0.440508,
          -0.340868,
          0.830519,
          2.761948
        ],
        [
          0.016311,
          -0.927999,
          -0.372225,
          1.397258
        ],
        [
          0.0,
          0.0,
          0.0,
          1.0
        ]
      ]
    },
    {
      "file_path": "/media/NFS/ttao/scannet/posed_images/scene0302_01/00215.jpg",
      "transform_matrix": [
        [
          0.90431,
          -0.150133,
          0.399604,
          1.924505
        ],
        [
          -0.426703,
          -0.344579,
          0.836176,
          2.75852
        ],
        [
          0.012157,
          -0.926674,
