{
  "frames": [
    {
      "file_path": "/media/NFS/ttao/scannet/posed_images/scene0370_01/00000.jpg",
      "transform_matrix": [
        [
          -0.997636,
          0.021471,
          0.065277,
          6.330134
        ],
        [
          -0.052506,
          0.374633,
          -0.925686,
          3.814973
        ],
        [
          -0.04433,
          -0.926925,
          -0.37262,
          1.436467
        ],
        [
          0.0,
          0.0,
          0.0,
          1.0
        ]
      ]
    },
    {
      "file_path": "/media/NFS/ttao/scannet/posed_images/scene0370_01/00010.jpg",
      "transform_matrix": [
        [
          -0.998798,
          0.029579,
          0.039097,
          6.316019
        ],
        [
          -0.024728,
          0.384657,
          -0.922728,
          3.794277
        ],
        [
          -0.042332,
          -0.922586,
          -0.383463,
          1.429947
        ],
        [
          0.0,
          0.0,
          0.0,
          1.0
        ]
      ]
    },
    {
      "file_path": "/media/NFS/ttao/scannet/posed_images/scene0370_01/00012.jpg",
      "transform_matrix": [
        [
          -0.998831,
          0.030701,
          0.037339,
          6.315389
        ],
        [
          -0.022778,
          0.382375,
          -0.923727,
          3.794054
        ],
        [
          -0.042637,
          -0.923497,
          -0.381229,
          1.421859
        ],
        [
          0.0,
          0.0,
          0.0,
          1.0
        ]
      ]
    },
    {
      "file_path": "/media/NFS/ttao/scannet/posed_images/scene0370_01/00018.jpg",
      "transform_matrix": [
        [
          -0.998655,
          0.038897,
          0.034274,
          6.304998
        ],
        [
          -0.016235,
          0.393228,
          -0.919298,
          3.785645
        ],
        [
          -0.049235,
          -0.918618,
          -0.392068,
          1.416551
        ],
        [
          0.0,
          0.0,
          0.0,
          1.0
        ]
      ]
    },
    {
      "file_path": "/media/NFS/ttao/scannet/posed_images/scene0370_01/00026.jpg",
      "transform_matrix": [
        [
          -0.99866,
          0.050648,
          0.010668,
          6.297857
        ],
        [
          0.012212,
          0.430837,
          -0.902347,
          3.763041
        ],
        [
          -0.050298,
          -0.901008,
          -0.430878,
          1.395308
        ],
        [
          0.0,
          0.0,
          0.0,
          1.0
        ]
      ]
    },
    {
      "file_path": "/media/NFS/ttao/scannet/posed_images/scene0370_01/00034.jpg",
      "transform_matrix": [
        [
          -0.998671,
          0.047847,
          -0.019182,
          6.329073
        ],
        [
          0.039576,
          0.473238,
          -0.880045,
          3.73697
        ],
        [
          -0.03303,
          -0.879634,
          -0.474503,
          1.369982
        ],
        [
          0.0,
          0.0,
          0.0,
          1.0
        ]
      ]
    },
    {
      "file_path": "/media/NFS/ttao/scannet/posed_images/scene0370_01/00044.jpg",
      "transform_matrix": [
        [
          -0.997699,
          0.003031,
          0.067725,
          6.376231
        ],
        [
          -0.059809,
          0.430999,
          -0.900368,
          3.695357
        ],
        [
          -0.031918,
          -0.902347,
          -0.429826,
          1.393744
        ],
        [
          0.0,
          0.0,
          0.0,
          1.0
        ]
      ]
    },
    {
      "file_path": "/media/NFS/ttao/scannet/posed_images/scene0370_01/00046.jpg",
      "transform_matrix": [
        [
          -0.9977,
          -0.000436,
          0.067781,
          6.384334
        ],
        [
          -0.061492,
          0.426516,
          -0.902387,
          3.684236
        ],
        [
          -0.028516,
          -0.90448,
          -0.425562,
          1.392682
        ],
        [
          0.0,
          0.0,
          0.0,
          1.0
        ]
      ]
    },
    {
      "file_path": "/media/NFS/ttao/scannet/posed_images/scene0370_01/00055.jpg",
      "transform_matrix": [
        [
          -0.99665,
          0.010177,
          0.081155,
          6.460193
        ],
        [
          -0.070794,
          0.389587,
          -0.918265,
          3.602329
        ],
        [
          -0.040962,
          -0.920933,
          -0.387562,
          1.420358
        ],
        [
          0.0,
          0.0,
          0.0,
          1.0
        ]
      ]
    },
    {
      "file_path": "/media/NFS/ttao/scannet/posed_images/scene0370_01/00059.jpg",
      "transform_matrix": [
        [
          -0.997424,
          0.006199,
          0.071464,
          6.510822
        ],
        [
          -0.0639,
          0.375871,
          -0.924466,
          3.556843
        ],
        [
          -0.032592,
          -0.926651,
          -0.374507,
          1.416991
        ],
        [
          0.0,
          0.0,
          0.0,
          1.0
        ]
      ]
    },
    {
      "file_path": "/media/NFS/ttao/scannet/posed_images/scene0370_01/00069.jpg",
      "transform_matrix": [
        [
          -0.996111,
          -0.017118,
          0.08643,
          6.651079
        ],
        [
          -0.086869,
          0.354799,
          -0.930898,
          3.436556
        ],
        [
          -0.01473,
          -0.934786,
          -0.354906,
          1.40144
        ],
        [
          0.0,
          0.0,
          0.0,
          1.0
        ]
      ]
    },
    {
      "file_path": "/media/NFS/ttao/scannet/posed_images/scene0370_01/00071.jpg",
      "transform_matrix": [
        [
          -0.996087,
          -0.020115,
          0.086064,
          6.674579
        ],
        [
          -0.087494,
          0.362221,
          -0.927977,
          3.411644
        ],
        [
          -0.012508,
          -0.931875,
          -0.362564,
          1.39726
        ],
        [
          0.0,
          0.0,
          0.0,
          1.0
        ]
      ]
    },
    {
      "file_path": "/media/NFS/ttao/scannet/posed_images/scene0370_01/00079.jpg",
      "transform_matrix": [
        [
          -0.98862,
          -0.056551,
          0.139399,
          6.752311
        ],
        [
          -0.150403,
          0.35318,
          -0.923387,
          3.326764
        ],
        [
          0.002986,
          -0.933845,
          -0.357666,
          1.379614
        ],
        [
          0.0,
          0.0,
          0.0,
          1.0
        ]
      ]
    },
    {
      "file_path": "/media/NFS/ttao/scannet/posed_images/scene0370_01/00089.jpg",
      "transform_matrix": [
        [
          -0.966772,
          -0.132856,
          0.218404,
          6.884663
        ],
        [
          -0.252248,
          0.357093,
          -0.899364,
          3.241627
        ],
        [
          0.041495,
          -0.924573,
          -0.37874,
          1.354549
        ],
        [
          0.0,
          0.0,
          0.0,
          1.0
        ]
      ]
    },
    {
      "file_path": "/media/NFS/ttao/scannet/posed_images/scene0370_01/00095.jpg",
      "transform_matrix": [
        [
          -0.972841,
          -0.141364,
          0.183294,
          6.980394
        ],
        [
          -0.223401,
          0.366086,
          -0.903368,
          3.1877
        ],
        [
          0.060602,
          -0.919781,
          -0.387724,
          1.342127
        ],
        [
          0.0,
          0.0,
          0.0,
          1.0
        ]
      ]
    },
    {
      "file_path": "/media/NFS/ttao/scannet/posed_images/scene0370_01/00097.jpg",
      "transform_matrix": [
        [
          -0.975767,
          -0.143157,
          0.165482,
          7.014602
        ],
        [
          -0.207678,
          0.367753,
          -0.906437,
          3.1707
        ],
        [
          0.068906,
          -0.918839,
          -0.388571,
          1.34024
        ],
        [
          0.0,
          0.0,
          0.0,
          1.0
        ]
      ]
    },
    {
      "file_path": "/media/NFS/ttao/scannet/posed_images/scene0370_01/00109.jpg",
      "transform_matrix": [
        [
          -0.982391,
          -0.160424,
          0.095775,
          7.129083
        ],
        [
          -0.156122,
          0.423234,
          -0.892468,
          3.082869
        ],
        [
          0.102638,
          -0.891704,
          -0.440827,
          1.305392
        ],
        [
          0.0,
          0.0,
          0.0,
          1.0
        ]
      ]
    },
    {
      "file_path": "/media/NFS/ttao/scannet/posed_images/scene0370_01/00115.jpg",
      "transform_matrix": [
        [
          -0.986012,
          -0.148689,
          0.07531,
          7.14313
        ],
        [
          -0.133156,
          0.43097,
          -0.892488,
          3.053975
        ],
        [
          0.100247,
          -0.890032,
          -0.44474,
          1.321481
        ],
        [
          0.0,
          0.0,
          0.0,
          1.0
        ]
      ]
    },
    {
      "file_path": "/media/NFS/ttao/scannet/posed_images/scene0370_01/00117.jpg",
      "transform_matrix": [
        [
          -0.986028,
          -0.148545,
          0.075392,
          7.147245
        ],
        [
          -0.132913,
          0.428729,
          -0.893603,
          3.050873
        ],
        [
          0.100417,
          -0.891138,
          -0.442482,
          1.32483
        ],
        [
          0.0,
          0.0,
          0.0,
          1.0
        ]
      ]
    },
    {
      "file_path": "/media/NFS/ttao/scannet/posed_images/scene0370_01/00129.jpg",
      "transform_matrix": [
        [
          -0.985033,
          -0.115638,
          0.127822,
          7.122525
        ],
        [
          -0.164434,
          0.408027,
          -0.89804,
          3.06276
        ],
        [
          0.051693,
          -0.905617,
          -0.420934,
          1.381378
        ],
        [
          0.0,
          0.0,
          0.0,
          1.0
        ]
      ]
    },
    {
      "file_path": "/media/NFS/ttao/scannet/posed_images/scene0370_01/00133.jpg",
      "transform_matrix": [
        [
          -0.97937,
          -0.122876,
          0.160423,
          7.090769
        ],
        [
          -0.196614,
          0.396118,
          -0.896902,
          3.08757
        ],
        [
          0.046661,
          -0.909941,
          -0.412105,
          1.373357
        ],
        [
          0.0,
          0.0,
          0.0,
          1.0
        ]
      ]
    },
    {
      "file_path": "/media/NFS/ttao/scannet/posed_images/scene0370_01/00143.jpg",
      "transform_matrix": [
        [
          -0.974858,
          -0.057843,
          0.215189,
          6.902092
        ],
        [
          -0.220644,
          0.385444,
          -0.895963,
          3.126846
        ],
        [
          -0.031118,
          -0.920917,
          -0.388516,
          1.414691
        ],
        [
          0.0,
          0.0,
          0.0,
          1.0
        ]
      ]
    },
    {
      "file_path": "/media/NFS/ttao/scannet/posed_images/scene0370_01/00145.jpg",
      "transform_matrix": [
        [
          -0.964999,
          -0.056089,
          0.256184,
          6.845288
        ],
        [
          -0.257853,
          0.381101,
          -0.887848,
          3.143275
        ],
        [
          -0.047833,
          -0.92283,
          -0.382225,
          1.415012
        ],
        [
          0.0,
          0.0,
          0.0,
          1.0
        ]
      ]
    },
    {
      "file_path": "/media/NFS/ttao/scannet/posed_images/scene0370_01/00150.jpg",
      "transform_matrix": [
        [
          -0.944549,
          -0.128456,
          0.302203,
          6.68333
        ],
        [
          -0.328343,
          0.38145,
          -0.86411,
          3.194092
        ],
        [
          -0.004275,
          -0.915421,
          -0.402476,
          1.389083
        ],
        [
          0.0,
          0.0,
          0.0,
          1.0
        ]
      ]
    },
    {
      "file_path": "/media/NFS/ttao/scannet/posed_images/scene0370_01/00162.jpg",
      "transform_matrix": [
        [
          -0.920801,
          -0.104521,
          0.375768,
          6.51376
        ],
        [
          -0.384084,
          0.410627,
          -0.826961,
          3.280206
        ],
        [
          -0.067865,
          -0.905793,
          -0.41825,
          1.440469
        ],
        [
          0.0,
          0.0,
          0.0,
          1.0
        ]
      ]
    },
    {
      "file_path": "/media/NFS/ttao/scannet/posed_images/scene0370_01/00164.jpg",
      "transform_matrix": [
        [
          -0.91774,
          -0.107694,
          0.382303,
          6.48804
        ],
        [
          -0.391425,
          0.408524,
          -0.824557,
          3.297874
        ],
        [
          -0.06738,
          -0.906372,
          -0.417073,
          1.444001
        ],
        [
          0.0,
          0.0,
          0.0,
          1.0
        ]
      ]
    },
    {
      "file_path": "/media/NFS/ttao/scannet/posed_images/scene0370_01/00172.jpg",
      "transform_matrix": [
        [
          -0.904674,
          -0.16023,
          0.39483,
          6.397861
        ],
        [
          -0.425413,
          0.392365,
          -0.81552,
          3.419989
        ],
        [
          -0.024247,
          -0.905746,
          -0.423127,
          1.402308
        ],
        [
          0.0,
          0.0,
          0.0,
          1.0
        ]
      ]
    },
    {
      "file_path": "/media/NFS/ttao/scannet/posed_images/scene0370_01/00176.jpg",
      "transform_matrix": [
        [
          -0.899845,
          -0.187886,
          0.393672,
          6.353506
        ],
        [
          -0.436208,
          0.385083,
          -0.813286,
          3.469609
        ],
        [
          0.001208,
          -0.903554,
          -0.428473,
          1.398777
        ],
        [
          0.0,
          0.0,
          0.0,
          1.0
        ]
      ]
    },
    {
      "file_path": "/media/NFS/ttao/scannet/posed_images/scene0370_01/00188.jpg",
      "transform_matrix": [
        [
          -0.913626,
          -0.16814,
          0.370157,
          6.19725
        ],
        [
          -0.406474,
          0.395934,
          -0.823417,
          3.583534
        ],
        [
          -0.008108,
          -0.902754,
          -0.430081,
          1.431491
        ],
        [
          0.0,
          0.0,
          0.0,
          1.0
        ]
      ]
    },
    {
      "file_path": "/media/NFS/ttao/scannet/posed_images/scene0370_01/00192.jpg",
      "transform_matrix": [
        [
          -0.919267,
          -0.147158,
          0.365094,
          6.13807
        ],
        [
          -0.393154,
          0.389109,
          -0.833081,
          3.625673
        ],
        [
          -0.019467,
          -0.909362,
          -0.415551,
          1.411771
        ],
        [
          0.0,
          0.0,
          0.0,
          1.0
        ]
      ]
    },
    {
      "file_path": "/media/NFS/ttao/scannet/posed_images/scene0370_01/00200.jpg",
      "transform_matrix": [
        [
          -0.947204,
          -0.107853,
          0.301949,
          6.019883
        ],
        [
          -0.317404,
          0.448712,
          -0.835411,
          3.67629
        ],
        [
          -0.045387,
          -0.887145,
          -0.459254,
          1.398203
        ],
        [
          0.0,
          0.0,
          0.0,
          1.0
        ]
      ]
    },
    {
      "file_path": "/media/NFS/ttao/scannet/posed_images/scene0370_01/00204.jpg",
      "transform_matrix": [
        [
          -0.966283,
          -0.071337,
          0.247401,
          5.972869
        ],
        [
          -0.251856,
          0.461607,
          -0.850581,
          3.732264
        ],
        [
          -0.053524,
          -0.884211,
          -0.46401,
          1.391519
        ],
        [
          0.0,
          0.0,
          0.0,
          1.0
        ]
      ]
    },
    {
      "file_path": "/media/NFS/ttao/scannet/posed_images/scene0370_01/00214.jpg",
      "transform_matrix": [
        [
          -0.995272,
          -0.02022,
          0.094996,
          5.960502
        ],
        [
          -0.094048,
          0.444871,
          -0.890643,
          3.892059
        ],
        [
          -0.024252,
          -0.895367,
          -0.444669,
          1.412358
        ],
        [
          0.0,
          0.0,
          0.0,
          1.0
        ]
      ]
    },
    {
      "file_path": "/media/NFS/ttao/scannet/posed_images/scene0370_01/00216.jpg",
      "transform_matrix": [
        [
          -0.996986,
          -0.013561,
          0.07639,
          5.967451
        ],
        [
          -0.074403,
          0.446172,
          -0.891849,
          3.928358
        ],
        [
          -0.021989,
          -0.894844,
          -0.445836,
          1.417108
        ],
        [
          0.0,
          0.0,
          0.0,
          1.0
        ]
      ]
    },
    {
      "file_path": "/media/NFS/ttao/scannet/posed_images/scene0370_01/00226.jpg",
      "transform_matrix": [
        [
          -0.998759,
          -0.008512,
          -0.04908,
          5.951945
        ],
        [
          0.040972,
          0.419989,
          -0.906604,
          4.088032
        ],
        [
          0.02833,
          -0.907489,
          -0.419119,
          1.451709
        ],
        [
          0.0,
          0.0,
          0.0,
          1.0
        ]
      ]
    },
    {
      "file_path": "/media/NFS/ttao/scannet/posed_images/scene0370_01/00230.jpg",
      "transform_matrix": [
        [
          -0.995546,
          0.029135,
          -0.089662,
          5.926248
        ],
        [
          0.093623,
          0.417351,
          -0.90391,
          4.134221
        ],
        [
          0.011085,
          -0.908278,
          -0.41822,
          1.463655
        ],
        [
          0.0,
          0.0,
          0.0,
          1.0
        ]
      ]
    },
    {
      "file_path": "/media/NFS/ttao/scannet/posed_images/scene0370_01/00240.jpg",
      "transform_matrix": [
        [
          -0.981252,
          0.065514,
          -0.181251,
          5.885623
        ],
        [
          0.192728,
          0.334381,
          -0.922521,
          4.276709
        ],
        [
          0.000169,
          -0.940158,
          -0.340738,
          1.514814
        ],
        [
          0.0,
          0.0,
          0.0,
          1.0
        ]
      ]
    },
    {
      "file_path": "/media/NFS/ttao/scannet/posed_images/scene0370_01/00248.jpg",
      "transform_matrix": [
        [
          -0.973547,
          0.073457,
          -0.216358,
          5.840537
        ],
        [
          0.228196,
          0.264729,
          -0.936934,
          4.347777
        ],
        [
          -0.011548,
          -0.961521,
          -0.274489,
          1.561291
        ],
        [
          0.0,
          0.0,
          0.0,
          1.0
        ]
      ]
    },
    {
      "file_path": "/media/NFS/ttao/scannet/posed_images/scene0370_01/00253.jpg",
      "transform_matrix": [
        [
          -0.967126,
          0.0851,
          -0.239638,
          5.841616
        ],
        [
          0.253169,
          0.233431,
          -0.938837,
          4.369243
        ],
        [
          -0.023956,
          -0.968642,
          -0.247302,
          1.583421
        ],
        [
          0.0,
          0.0,
          0.0,
          1.0
        ]
      ]
    },
    {
      "file_path": "/media/NFS/ttao/scannet/posed_images/scene0370_01/00255.jpg",
      "transform_matrix": [
        [
          -0.963801,
          0.08972,
          -0.251075,
          5.838192
        ],
        [
          0.265276,
          0.228121,
          -0.936797,
          4.376224
        ],
        [
          -0.026774,
          -0.96949,
          -0.243664,
          1.581391
        ],
        [
          0.0,
          0.0,
          0.0,
          1.0
        ]
      ]
    },
    {
      "file_path": "/media/NFS/ttao/scannet/posed_images/scene0370_01/00265.jpg",
      "transform_matrix": [
        [
          -0.902061,
          0.155135,
          -0.402763,
          5.877959
        ],
        [
          0.430412,
          0.253912,
          -0.866184,
          4.36875
        ],
        [
          -0.032109,
          -0.954705,
          -0.295816,
          1.547523
        ],
        [
          0.0,
          0.0,
          0.0,
          1.0
        ]
      ]
    },
    {
      "file_path": "/media/NFS/ttao/scannet/posed_images/scene0370_01/00269.jpg",
      "transform_matrix": [
        [
          -0.886526,
          0.187443,
          -0.423008,
          5.899695
        ],
        [
          0.461041,
          0.281051,
          -0.841695,
          4.356243
        ],
        [
          -0.038883,
          -0.941209,
          -0.335579,
          1.535844
        ],
        [
          0.0,
          0.0,
          0.0,
          1.0
        ]
      ]
    },
    {
      "file_path": "/media/NFS/ttao/scannet/posed_images/scene0370_01/00275.jpg",
      "transform_matrix": [
        [
          -0.856118,
          0.224996,
          -0.465231,
          5.948981
        ],
        [
          0.515135,
          0.299746,
          -0.802987,
          4.348077
        ],
        [
          -0.041218,
          -0.927108,
          -0.372521,
          1.501802
        ],
        [
          0.0,
          0.0,
          0.0,
          1.0
        ]
      ]
    },
    {
      "file_path": "/media/NFS/ttao/scannet/posed_images/scene0370_01/00287.jpg",
      "transform_matrix": [
        [
          -0.77835,
          0.306554,
          -0.547901,
          6.004712
        ],
        [
          0.627821,
          0.375049,
          -0.682041,
          4.351411
        ],
        [
          -0.003593,
          -0.87485,
          -0.48438,
          1.449724
        ],
        [
          0.0,
          0.0,
          0.0,
          1.0
        ]
      ]
    },
    {
      "file_path": "/media/NFS/ttao/scannet/posed_images/scene0370_01/00291.jpg",
      "transform_matrix": [
        [
          -0.771473,
          0.314243,
          -0.553246,
          6.026429
        ],
        [
          0.636227,
          0.371885,
          -0.675955,
          4.370372
        ],
        [
          -0.00667,
          -0.873472,
          -0.48683,
          1.424211
        ],
        [
          0.0,
          0.0,
          0.0,
          1.0
        ]
      ]
    },
    {
      "file_path": "/media/NFS/ttao/scannet/posed_images/scene0370_01/00301.jpg",
      "transform_matrix": [
        [
          -0.718988,
          0.366033,
          -0.590826,
          6.042611
        ],
        [
          0.694689,
          0.352167,
          -0.627205,
          4.457433
        ],
        [
          -0.021509,
          -0.861393,
          -0.507483,
          1.415456
        ],
        [
          0.0,
          0.0,
          0.0,
          1.0
        ]
      ]
    },
    {
      "file_path": "/media/NFS/ttao/scannet/posed_images/scene0370_01/00303.jpg",
      "transform_matrix": [
        [
          -0.69749,
          0.373484,
          -0.611569,
          6.049061
        ],
        [
          0.715836,
          0.323887,
          -0.618608,
          4.489182
        ],
        [
          -0.032961,
          -0.869256,
          -0.493262,
          1.415832
        ],
        [
          0.0,
          0.0,
          0.0,
          1.0
        ]
      ]
    },
    {
      "file_path": "/media/NFS/ttao/scannet/posed_images/scene0370_01/00313.jpg",
      "transform_matrix": [
        [
          -0.621042,
          0.411313,
          -0.667179,
          6.103529
        ],
        [
          0.782331,
          0.273619,
          -0.559545,
          4.515551
        ],
        [
          -0.047595,
          -0.869456,
          -0.491712,
          1.399241
        ],
        [
          0.0,
          0.0,
          0.0,
          1.0
        ]
      ]
    },
    {
      "file_path": "/media/NFS/ttao/scannet/posed_images/scene0370_01/00321.jpg",
      "transform_matrix": [
        [
          -0.538969,
          0.404919,
          -0.738616,
          6.177287
        ],
        [
          0.841743,
          0.22631,
          -0.490155,
          4.423759
        ],
        [
          -0.031317,
          -0.885903,
          -0.462812,
          1.403084
        ],
        [
          0.0,
          0.0,
          0.0,
          1.0
        ]
      ]
    },
    {
      "file_path": "/media/NFS/ttao/scannet/posed_images/scene0370_01/00323.jpg",
      "transform_matrix": [
        [
          -0.516063,
          0.404592,
          -0.754973,
          6.19938
        ],
        [
          0.856035,
          0.213036,
          -0.470978,
          4.382896
        ],
        [
          -0.029717,
          -0.889338,
          -0.456285,
          1.401439
        ],
        [
          0.0,
          0.0,
          0.0,
          1.0
        ]
      ]
    },
    {
      "file_path": "/media/NFS/ttao/scannet/posed_images/scene0370_01/00331.jpg",
      "transform_matrix": [
        [
          -0.429915,
          0.373229,
          -0.822114,
          6.336871
        ],
        [
          0.902377,
          0.207678,
          -0.377605,
          4.132249
        ],
        [
          0.029802,
          -0.904196,
          -0.426078,
          1.382291
        ],
        [
          0.0,
          0.0,
          0.0,
          1.0
        ]
      ]
    },
    {
      "file_path": "/media/NFS/ttao/scannet/posed_images/scene0370_01/00335.jpg",
      "transform_matrix": [
        [
          -0.414934,
          0.363891,
          -0.833914,
          6.385161
        ],
        [
          0.908992,
          0.20562,
          -0.362566,
          4.010402
        ],
        [
          0.039535,
          -0.908462,
          -0.416093,
          1.362576
        ],
        [
          0.0,
          0.0,
          0.0,
          1.0
        ]
      ]
    },
    {
      "file_path": "/media/NFS/ttao/scannet/posed_images/scene0370_01/00346.jpg",
      "transform_matrix": [
        [
          -0.424455,
          0.391929,
          -0.816229,
          6.410969
        ],
        [
          0.902142,
          0.260037,
          -0.344269,
          3.89392
        ],
        [
          0.07732,
          -0.882481,
          -0.463949,
          1.276453
        ],
        [
          0.0,
          0.0,
          0.0,
          1.0
        ]
      ]
    },
    {
      "file_path": "/media/NFS/ttao/scannet/posed_images/scene0370_01/00348.jpg",
      "transform_matrix": [
        [
          -0.426268,
          0.391339,
          -0.815567,
          6.408016
        ],
        [
          0.900198,
          0.272317,
          -0.339833,
          3.892177
        ],
        [
          0.089103,
          -0.879032,
          -0.468362,
          1.269932
        ],
        [
          0.0,
          0.0,
          0.0,
          1.0
        ]
      ]
    },
    {
      "file_path": "/media/NFS/ttao/scannet/posed_images/scene0370_01/00360.jpg",
      "transform_matrix": [
        [
          -0.365602,
          0.461823,
          -0.808118,
          6.336484
        ],
        [
          0.927989,
          0.247941,
          -0.278139,
          3.995811
        ],
        [
          0.071915,
          -0.851613,
          -0.519215,
          1.29325
        ],
        [
          0.0,
          0.0,
          0.0,
          1.0
        ]
      ]
    },
    {
      "file_path": "/media/NFS/ttao/scannet/posed_images/scene0370_01/00362.jpg",
      "transform_matrix": [
        [
          -0.358106,
          0.481678,
          -0.799841,
          6.310741
        ],
        [
          0.931398,
          0.244161,
          -0.269969,
          4.0283
        ],
        [
          0.065252,
          -0.841648,
          -0.53607,
          1.310221
        ],
        [
          0.0,
          0.0,
          0.0,
          1.0
        ]
      ]
    },
    {
      "file_path": "/media/NFS/ttao/scannet/posed_images/scene0370_01/00372.jpg",
      "transform_matrix": [
        [
          -0.351859,
          0.473567,
          -0.807421,
          6.264128
        ],
        [
          0.935996,
          0.168453,
          -0.309088,
          4.243416
        ],
        [
          -0.010362,
          -0.864499,
          -0.502529,
          1.363556
        ],
        [
          0.0,
          0.0,
          0.0,
          1.0
        ]
      ]
    },
    {
      "file_path": "/media/NFS/ttao/scannet/posed_images/scene0370_01/00380.jpg",
      "transform_matrix": [
        [
          -0.440433,
          0.40022,
          -0.803643,
          6.24477
        ],
        [
          0.8976,
          0.178077,
          -0.403242,
          4.400594
        ],
        [
          -0.018275,
          -0.898951,
          -0.437668,
          1.405366
        ],
        [
          0.0,
          0.0,
          0.0,
          1.0
        ]
      ]
    },
    {
      "file_path": "/media/NFS/ttao/scannet/posed_images/scene0370_01/00386.jpg",
      "transform_matrix": [
        [
          -0.406435,
          0.405919,
          -0.81856,
          6.194328
        ],
        [
          0.913056,
          0.147347,
          -0.380286,
          4.499079
        ],
        [
          -0.033753,
          -0.901953,
          -0.430514,
          1.425403
        ],
        [
          0.0,
          0.0,
          0.0,
          1.0
        ]
      ]
    },
    {
      "file_path": "/media/NFS/ttao/scannet/posed_images/scene0370_01/00392.jpg",
      "transform_matrix": [
        [
          -0.323165,
          0.414103,
          -0.850931,
          6.12711
        ],
        [
          0.944811,
          0.090045,
          -0.314998,
          4.582144
        ],
        [
          -0.053819,
          -0.905765,
          -0.420348,
          1.415086
        ],
        [
          0.0,
          0.0,
          0.0,
          1.0
        ]
      ]
    },
    {
      "file_path": "/media/NFS/ttao/scannet/posed_images/scene0370_01/00400.jpg",
      "transform_matrix": [
        [
          -0.240514,
          0.415508,
          -0.877215,
          5.999018
        ],
        [
          0.969707,
          0.063111,
          -0.23598,
          4.68287
        ],
        [
          -0.04269,
          -0.907398,
          -0.4181,
          1.415363
        ],
        [
          0.0,
          0.0,
          0.0,
          1.0
        ]
      ]
    },
    {
      "file_path": "/media/NFS/ttao/scannet/posed_images/scene0370_01/00402.jpg",
      "transform_matrix": [
        [
          -0.233402,
          0.422368,
          -0.875859,
          5.971849
        ],
        [
          0.971383,
          0.060488,
          -0.229689,
          4.698882
        ],
        [
          -0.044034,
          -0.904404,
          -0.424399,
          1.405755
        ],
        [
          0.0,
          0.0,
          0.0,
          1.0
        ]
      ]
    },
    {
      "file_path": "/media/NFS/ttao/scannet/posed_images/scene0370_01/00408.jpg",
      "transform_matrix": [
        [
          -0.234887,
          0.425942,
          -0.873729,
          5.878461
        ],
        [
          0.970323,
          0.049618,
          -0.236666,
          4.753544
        ],
        [
          -0.057454,
          -0.903389,
          -0.424955,
          1.413492
        ],
        [
          0.0,
          0.0,
          0.0,
          1.0
        ]
      ]
    },
    {
      "file_path": "/media/NFS/ttao/scannet/posed_images/scene0370_01/00414.jpg",
      "transform_matrix": [
        [
          -0.246574,
          0.422735,
          -0.872064,
          5.788595
        ],
        [
          0.967912,
          0.062441,
          -0.243407,
          4.805748
        ],
        [
          -0.048444,
          -0.9041,
          -0.424567,
          1.436993
        ],
        [
          0.0,
          0.0,
          0.0,
          1.0
        ]
      ]
    },
    {
      "file_path": "/media/NFS/ttao/scannet/posed_images/scene0370_01/00422.jpg",
      "transform_matrix": [
        [
          -0.413245,
          0.352972,
          -0.839428,
          5.665591
        ],
        [
          0.910585,
          0.152135,
          -0.384303,
          4.920382
        ],
        [
          -0.007942,
          -0.923182,
          -0.384281,
          1.465311
        ],
        [
          0.0,
          0.0,
          0.0,
          1.0
        ]
      ]
    },
    {
      "file_path": "/media/NFS/ttao/scannet/posed_images/scene0370_01/00432.jpg",
      "transform_matrix": [
        [
          -0.417921,
          0.376667,
          -0.826719,
          5.503264
        ],
        [
          0.908466,
          0.17888,
          -0.377745,
          5.07609
        ],
        [
          0.0056,
          -0.908913,
          -0.416948,
          1.458503
        ],
        [
          0.0,
          0.0,
          0.0,
          1.0
        ]
      ]
    },
    {
      "file_path": "/media/NFS/ttao/scannet/posed_images/scene0370_01/00440.jpg",
      "transform_matrix": [
        [
          -0.363855,
          0.376305,
          -0.852059,
          5.347785
        ],
        [
          0.931454,
          0.145327,
          -0.333576,
          5.196124
        ],
        [
          -0.0017,
          -0.915027,
          -0.403389,
          1.455576
        ],
        [
          0.0,
          0.0,
          0.0,
          1.0
        ]
      ]
    },
    {
      "file_path": "/media/NFS/ttao/scannet/posed_images/scene0370_01/00446.jpg",
      "transform_matrix": [
        [
          -0.35251,
          0.357177,
          -0.864963,
          5.187576
        ],
        [
          0.935478,
          0.159047,
          -0.315571,
          5.279902
        ],
        [
          0.024855,
          -0.920396,
          -0.390197,
          1.462834
        ],
        [
          0.0,
          0.0,
          0.0,
          1.0
        ]
      ]
    },
    {
      "file_path": "/media/NFS/ttao/scannet/posed_images/scene0370_01/00451.jpg",
      "transform_matrix": [
        [
          -0.356241,
          0.350589,
          -0.866129,
          5.089987
        ],
        [
          0.933789,
          0.166932,
          -0.3165,
          5.336555
        ],
        [
          0.033623,
          -0.921532,
          -0.386845,
          1.479737
        ],
        [
          0.0,
          0.0,
          0.0,
          1.0
        ]
      ]
    },
    {
      "file_path": "/media/NFS/ttao/scannet/posed_images/scene0370_01/00453.jpg",
      "transform_matrix": [
        [
          -0.366958,
          0.350409,
          -0.861716,
          5.054193
        ],
        [
          0.92962,
          0.171879,
          -0.325982,
          5.357089
        ],
        [
          0.033884,
          -0.920691,
          -0.38882,
          1.486686
        ],
        [
          0.0,
          0.0,
          0.0,
          1.0
        ]
      ]
    },
    {
      "file_path": "/media/NFS/ttao/scannet/posed_images/scene0370_01/00463.jpg",
      "transform_matrix": [
        [
          -0.468908,
          0.304743,
          -0.829009,
          4.881366
        ],
        [
          0.882574,
          0.198291,
          -0.426314,
          5.486029
        ],
        [
          0.034468,
          -0.931564,
          -0.361939,
          1.50258
        ],
        [
          0.0,
          0.0,
          0.0,
          1.0
        ]
      ]
    },
    {
      "file_path": "/media/NFS/ttao/scannet/posed_images/scene0370_01/00471.jpg",
      "transform_matrix": [
        [
          -0.527139,
          0.286479,
          -0.800034,
          4.705931
        ],
        [
          0.848974,
          0.218503,
          -0.481143,
          5.600924
        ],
        [
          0.036973,
          -0.932838,
          -0.358395,
          1.530201
        ],
        [
          0.0,
          0.0,
          0.0,
          1.0
        ]
      ]
    },
    {
      "file_path": "/media/NFS/ttao/scannet/posed_images/scene0370_01/00473.jpg",
      "transform_matrix": [
        [
          -0.535645,
          0.287513,
          -0.793991,
          4.674809
        ],
        [
          0.843879,
          0.216619,
          -0.49086,
          5.614175
        ],
        [
          0.030865,
          -0.932959,
          -0.358657,
          1.531443
        ],
        [
          0.0,
          0.0,
          0.0,
          1.0
        ]
      ]
    },
    {
      "file_path": "/media/NFS/ttao/scannet/posed_images/scene0370_01/00485.jpg",
      "transform_matrix": [
        [
          -0.60631,
          0.231023,
          -0.760931,
          4.46714
        ],
        [
          0.794341,
          0.221132,
          -0.565794,
          5.629965
        ],
        [
          0.037555,
          -0.947486,
          -0.317586,
          1.533888
        ],
        [
          0.0,
          0.0,
          0.0,
          1.0
        ]
      ]
    },
    {
      "file_path": "/media/NFS/ttao/scannet/posed_images/scene0370_01/00491.jpg",
      "transform_matrix": [
        [
          -0.639158,
          0.22219,
          -0.73628,
          4.3523
        ],
        [
          0.767394,
          0.247533,
          -0.591468,
          5.633255
        ],
        [
          0.050835,
          -0.943058,
          -0.32872,
          1.536075
        ],
        [
          0.0,
          0.0,
          0.0,
          1.0
        ]
      ]
    },
    {
      "file_path": "/media/NFS/ttao/scannet/posed_images/scene0370_01/00493.jpg",
      "transform_matrix": [
        [
          -0.663937,
          0.228254,
          -0.712101,
          4.300531
        ],
        [
          0.74718,
          0.240917,
          -0.61942,
          5.633833
        ],
        [
          0.030172,
          -0.943323,
          -0.330501,
          1.541803
        ],
        [
          0.0,
          0.0,
          0.0,
          1.0
        ]
      ]
    },
    {
      "file_path": "/media/NFS/ttao/scannet/posed_images/scene0370_01/00503.jpg",
      "transform_matrix": [
        [
          -0.753595,
          0.179375,
          -0.632391,
          4.114786
        ],
        [
          0.657153,
          0.228423,
          -0.718312,
          5.663734
        ],
        [
          0.015606,
          -0.956895,
          -0.290016,
          1.558542
        ],
        [
          0.0,
          0.0,
          0.0,
          1.0
        ]
      ]
    },
    {
      "file_path": "/media/NFS/ttao/scannet/posed_images/scene0370_01/00507.jpg",
      "transform_matrix": [
        [
          -0.783325,
          0.159603,
          -0.600773,
          4.016124
        ],
        [
          0.621071,
          0.241269,
          -0.745694,
          5.68262
        ],
        [
          0.025933,
