{
  "frames": [
    {
      "file_path": "/media/NFS/ttao/scannet/posed_images/scene0222_00/00000.jpg",
      "transform_matrix": [
        [
          0.512079,
          0.354052,
          -0.782575,
          5.393587
        ],
        [
          0.858831,
          -0.196597,
          0.473033,
          1.675824
        ],
        [
          0.013626,
          -0.914329,
          -0.404743,
          1.404063
        ],
        [
          0.0,
          0.0,
          0.0,
          1.0
        ]
      ]
    },
    {
      "file_path": "/media/NFS/ttao/scannet/posed_images/scene0222_00/00027.jpg",
      "transform_matrix": [
        [
          0.543186,
          0.417219,
          -0.728614,
          5.389403
        ],
        [
          0.839383,
          -0.249542,
          0.482872,
          1.651755
        ],
        [
          0.019643,
          -0.873875,
          -0.485754,
          1.394574
        ],
        [
          0.0,
          0.0,
          0.0,
          1.0
        ]
      ]
    },
    {
      "file_path": "/media/NFS/ttao/scannet/posed_images/scene0222_00/00033.jpg",
      "transform_matrix": [
        [
          0.557564,
          0.424541,
          -0.713364,
          5.38691
        ],
        [
          0.829805,
          -0.26082,
          0.493353,
          1.639972
        ],
        [
          0.023389,
          -0.867028,
          -0.49771,
          1.39248
        ],
        [
          0.0,
          0.0,
          0.0,
          1.0
        ]
      ]
    },
    {
      "file_path": "/media/NFS/ttao/scannet/posed_images/scene0222_00/00054.jpg",
      "transform_matrix": [
        [
          0.565335,
          0.397109,
          -0.722981,
          5.337045
        ],
        [
          0.824859,
          -0.274183,
          0.4944,
          1.678971
        ],
        [
          -0.001898,
          -0.875859,
          -0.482564,
          1.400228
        ],
        [
          0.0,
          0.0,
          0.0,
          1.0
        ]
      ]
    },
    {
      "file_path": "/media/NFS/ttao/scannet/posed_images/scene0222_00/00076.jpg",
      "transform_matrix": [
        [
          0.652277,
          0.278223,
          -0.705072,
          5.314368
        ],
        [
          0.757797,
          -0.218913,
          0.614671,
          1.626032
        ],
        [
          0.016666,
          -0.935238,
          -0.353628,
          1.440621
        ],
        [
          0.0,
          0.0,
          0.0,
          1.0
        ]
      ]
    },
    {
      "file_path": "/media/NFS/ttao/scannet/posed_images/scene0222_00/00098.jpg",
      "transform_matrix": [
        [
          0.772462,
          0.162089,
          -0.614028,
          5.306568
        ],
        [
          0.634658,
          -0.162587,
          0.755496,
          1.512587
        ],
        [
          0.022625,
          -0.97329,
          -0.228463,
          1.467171
        ],
        [
          0.0,
          0.0,
          0.0,
          1.0
        ]
      ]
    },
    {
      "file_path": "/media/NFS/ttao/scannet/posed_images/scene0222_00/00103.jpg",
      "transform_matrix": [
        [
          0.802204,
          0.160436,
          -0.57509,
          5.300575
        ],
        [
          0.595818,
          -0.15328,
          0.788356,
          1.496426
        ],
        [
          0.038331,
          -0.975072,
          -0.218553,
          1.455437
        ],
        [
          0.0,
          0.0,
          0.0,
          1.0
        ]
      ]
    },
    {
      "file_path": "/media/NFS/ttao/scannet/posed_images/scene0222_00/00136.jpg",
      "transform_matrix": [
        [
          0.893775,
          0.235292,
          -0.381842,
          5.356885
        ],
        [
          0.447757,
          -0.517554,
          0.729144,
          1.599204
        ],
        [
          -0.026062,
          -0.822664,
          -0.56793,
          1.405572
        ],
        [
          0.0,
          0.0,
          0.0,
          1.0
        ]
      ]
    },
    {
      "file_path": "/media/NFS/ttao/scannet/posed_images/scene0222_00/00141.jpg",
      "transform_matrix": [
        [
          0.904662,
          0.235934,
          -0.354856,
          5.362516
        ],
        [
          0.424833,
          -0.564301,
          0.70787,
          1.615574
        ],
        [
          -0.033235,
          -0.791138,
          -0.610734,
          1.3914
        ],
        [
          0.0,
          0.0,
          0.0,
          1.0
        ]
      ]
    },
    {
      "file_path": "/media/NFS/ttao/scannet/posed_images/scene0222_00/00168.jpg",
      "transform_matrix": [
        [
          0.992137,
          0.069557,
          -0.104045,
          5.342428
        ],
        [
          0.122324,
          -0.714721,
          0.688629,
          1.654871
        ],
        [
          -0.026464,
          -0.695942,
          -0.71761,
          1.357898
        ],
        [
          0.0,
          0.0,
          0.0,
          1.0
        ]
      ]
    },
    {
      "file_path": "/media/NFS/ttao/scannet/posed_images/scene0222_00/00184.jpg",
      "transform_matrix": [
        [
          0.995529,
          -0.083937,
          0.043327,
          5.319499
        ],
        [
          -0.091206,
          -0.734814,
          0.672108,
          1.645114
        ],
        [
          -0.024578,
          -0.673054,
          -0.739185,
          1.344651
        ],
        [
          0.0,
          0.0,
          0.0,
          1.0
        ]
      ]
    },
    {
      "file_path": "/media/NFS/ttao/scannet/posed_images/scene0222_00/00195.jpg",
      "transform_matrix": [
        [
          0.982682,
          -0.157283,
          0.097977,
          5.359265
        ],
        [
          -0.182227,
          -0.724309,
          0.664958,
          1.654011
        ],
        [
          -0.033621,
          -0.671296,
          -0.740426,
          1.352271
        ],
        [
          0.0,
          0.0,
          0.0,
          1.0
        ]
      ]
    },
    {
      "file_path": "/media/NFS/ttao/scannet/posed_images/scene0222_00/00222.jpg",
      "transform_matrix": [
        [
          0.926729,
          -0.33103,
          0.177746,
          5.398317
        ],
        [
          -0.369289,
          -0.715241,
          0.593343,
          1.678276
        ],
        [
          -0.069283,
          -0.615507,
          -0.78508,
          1.33544
        ],
        [
          0.0,
          0.0,
          0.0,
          1.0
        ]
      ]
    },
    {
      "file_path": "/media/NFS/ttao/scannet/posed_images/scene0222_00/00233.jpg",
      "transform_matrix": [
        [
          0.872048,
          -0.401682,
          0.279616,
          5.385859
        ],
        [
          -0.486851,
          -0.653487,
          0.579596,
          1.677812
        ],
        [
          -0.050088,
          -0.641566,
          -0.765431,
          1.33684
        ],
        [
          0.0,
          0.0,
          0.0,
          1.0
        ]
      ]
    },
    {
      "file_path": "/media/NFS/ttao/scannet/posed_images/scene0222_00/00255.jpg",
      "transform_matrix": [
        [
          0.783161,
          -0.421396,
          0.457258,
          5.391241
        ],
        [
          -0.620721,
          -0.486116,
          0.615139,
          1.657746
        ],
        [
          -0.036936,
          -0.765583,
          -0.642276,
          1.371108
        ],
        [
          0.0,
          0.0,
          0.0,
          1.0
        ]
      ]
    },
    {
      "file_path": "/media/NFS/ttao/scannet/posed_images/scene0222_00/00277.jpg",
      "transform_matrix": [
        [
          0.712444,
          -0.378029,
          0.5912,
          5.409489
        ],
        [
          -0.701713,
          -0.378092,
          0.603858,
          1.653372
        ],
        [
          -0.004748,
          -0.845068,
          -0.534637,
          1.408281
        ],
        [
          0.0,
          0.0,
          0.0,
          1.0
        ]
      ]
    },
    {
      "file_path": "/media/NFS/ttao/scannet/posed_images/scene0222_00/00293.jpg",
      "transform_matrix": [
        [
          0.635931,
          -0.414289,
          0.65112,
          5.435016
        ],
        [
          -0.771711,
          -0.333233,
          0.541681,
          1.644023
        ],
        [
          -0.007438,
          -0.846948,
          -0.531624,
          1.402854
        ],
        [
          0.0,
          0.0,
          0.0,
          1.0
        ]
      ]
    },
    {
      "file_path": "/media/NFS/ttao/scannet/posed_images/scene0222_00/00314.jpg",
      "transform_matrix": [
        [
          0.410338,
          -0.5586,
          0.720825,
          5.56587
        ],
        [
          -0.909772,
          -0.196367,
          0.365724,
          1.690073
        ],
        [
          -0.062747,
          -0.805857,
          -0.588776,
          1.404922
        ],
        [
          0.0,
          0.0,
          0.0,
          1.0
        ]
      ]
    },
    {
      "file_path": "/media/NFS/ttao/scannet/posed_images/scene0222_00/00336.jpg",
      "transform_matrix": [
        [
          0.080857,
          -0.633103,
          0.769833,
          5.584573
        ],
        [
          -0.995114,
          -0.007363,
          0.098463,
          1.810199
        ],
        [
          -0.056669,
          -0.774032,
          -0.630605,
          1.414348
        ],
        [
          0.0,
          0.0,
          0.0,
          1.0
        ]
      ]
    },
    {
      "file_path": "/media/NFS/ttao/scannet/posed_images/scene0222_00/00347.jpg",
      "transform_matrix": [
        [
          -0.048343,
          -0.607407,
          0.792919,
          5.559867
        ],
        [
          -0.997485,
          0.07055,
          -0.006771,
          1.863898
        ],
        [
          -0.051827,
          -0.791252,
          -0.60929,
          1.414481
        ],
        [
          0.0,
          0.0,
          0.0,
          1.0
        ]
      ]
    },
    {
      "file_path": "/media/NFS/ttao/scannet/posed_images/scene0222_00/00363.jpg",
      "transform_matrix": [
        [
          -0.19211,
          -0.566972,
          0.801023,
          5.526604
        ],
        [
          -0.980143,
          0.151718,
          -0.127681,
          1.841582
        ],
        [
          -0.049138,
          -0.809645,
          -0.58486,
          1.430946
        ],
        [
          0.0,
          0.0,
          0.0,
          1.0
        ]
      ]
    },
    {
      "file_path": "/media/NFS/ttao/scannet/posed_images/scene0222_00/00390.jpg",
      "transform_matrix": [
        [
          -0.38159,
          -0.507815,
          0.772343,
          5.503092
        ],
        [
          -0.923266,
          0.249507,
          -0.292106,
          1.801841
        ],
        [
          -0.04437,
          -0.824542,
          -0.564058,
          1.443306
        ],
        [
          0.0,
          0.0,
          0.0,
          1.0
        ]
      ]
    },
    {
      "file_path": "/media/NFS/ttao/scannet/posed_images/scene0222_00/00396.jpg",
      "transform_matrix": [
        [
          -0.43552,
          -0.491878,
          0.753909,
          5.509518
        ],
        [
          -0.899677,
          0.265798,
          -0.346312,
          1.809789
        ],
        [
          -0.030044,
          -0.8291,
          -0.558292,
          1.442114
        ],
        [
          0.0,
          0.0,
          0.0,
          1.0
        ]
      ]
    },
    {
      "file_path": "/media/NFS/ttao/scannet/posed_images/scene0222_00/00417.jpg",
      "transform_matrix": [
        [
          -0.631974,
          -0.401234,
          0.663039,
          5.541252
        ],
        [
          -0.77493,
          0.337791,
          -0.53421,
          1.81753
        ],
        [
          -0.009625,
          -0.851416,
          -0.524403,
          1.44505
        ],
        [
          0.0,
          0.0,
          0.0,
          1.0
        ]
      ]
    },
    {
      "file_path": "/media/NFS/ttao/scannet/posed_images/scene0222_00/00439.jpg",
      "transform_matrix": [
        [
          -0.758269,
          -0.307455,
          0.574892,
          5.556057
        ],
        [
          -0.651909,
          0.366502,
          -0.663846,
          1.833474
        ],
        [
          -0.006596,
          -0.87815,
          -0.478339,
          1.448803
        ],
        [
          0.0,
          0.0,
          0.0,
          1.0
        ]
      ]
    },
    {
      "file_path": "/media/NFS/ttao/scannet/posed_images/scene0222_00/00461.jpg",
      "transform_matrix": [
        [
          -0.845893,
          -0.280238,
          0.453799,
          5.515327
        ],
        [
          -0.533171,
          0.422053,
          -0.733212,
          1.796568
        ],
        [
          0.013947,
          -0.86217,
          -0.506426,
          1.447147
        ],
        [
          0.0,
          0.0,
          0.0,
          1.0
        ]
      ]
    },
    {
      "file_path": "/media/NFS/ttao/scannet/posed_images/scene0222_00/00477.jpg",
      "transform_matrix": [
        [
          -0.90339,
          -0.240877,
          0.354774,
          5.496198
        ],
        [
          -0.42871,
          0.488652,
          -0.759885,
          1.757008
        ],
        [
          0.009677,
          -0.838569,
          -0.54471,
          1.436857
        ],
        [
          0.0,
          0.0,
          0.0,
          1.0
        ]
      ]
    },
    {
      "file_path": "/media/NFS/ttao/scannet/posed_images/scene0222_00/00488.jpg",
      "transform_matrix": [
        [
          -0.942128,
          -0.180159,
          0.282733,
          5.47063
        ],
        [
          -0.334986,
          0.539619,
          -0.772397,
          1.704288
        ],
        [
          -0.013414,
          -0.822408,
          -0.56874,
          1.439288
        ],
        [
          0.0,
          0.0,
          0.0,
          1.0
        ]
      ]
    },
    {
      "file_path": "/media/NFS/ttao/scannet/posed_images/scene0222_00/00515.jpg",
      "transform_matrix": [
        [
          -0.998209,
          0.04505,
          0.039362,
          5.423521
        ],
        [
          -0.005943,
          0.580037,
          -0.814568,
          1.574593
        ],
        [
          -0.059527,
          -0.813343,
          -0.578731,
          1.437106
        ],
        [
          0.0,
          0.0,
          0.0,
          1.0
        ]
      ]
    },
    {
      "file_path": "/media/NFS/ttao/scannet/posed_images/scene0222_00/00531.jpg",
      "transform_matrix": [
        [
          -0.975976,
          0.169392,
          -0.137033,
          5.433887
        ],
        [
          0.208023,
          0.537414,
          -0.817259,
          1.603791
        ],
        [
          -0.064794,
          -0.826131,
          -0.559741,
          1.433513
        ],
        [
          0.0,
          0.0,
          0.0,
          1.0
        ]
      ]
    },
    {
      "file_path": "/media/NFS/ttao/scannet/posed_images/scene0222_00/00542.jpg",
      "transform_matrix": [
        [
          -0.938114,
          0.227786,
          -0.260877,
          5.423839
        ],
        [
          0.342588,
          0.499932,
          -0.795426,
          1.621783
        ],
        [
          -0.050766,
          -0.835573,
          -0.547029,
          1.433449
        ],
        [
          0.0,
          0.0,
          0.0,
          1.0
        ]
      ]
    },
    {
      "file_path": "/media/NFS/ttao/scannet/posed_images/scene0222_00/00569.jpg",
      "transform_matrix": [
        [
          -0.865447,
          0.293316,
          -0.406163,
          5.258328
        ],
        [
          0.498298,
          0.419839,
          -0.758574,
          1.628435
        ],
        [
          -0.051979,
          -0.858895,
          -0.509507,
          1.44522
        ],
        [
          0.0,
          0.0,
          0.0,
          1.0
        ]
      ]
    },
    {
      "file_path": "/media/NFS/ttao/scannet/posed_images/scene0222_00/00586.jpg",
      "transform_matrix": [
        [
          -0.796097,
          0.348249,
          -0.494926,
          5.197024
        ],
        [
          0.602684,
          0.382202,
          -0.700495,
          1.609321
        ],
        [
          -0.054785,
          -0.855947,
          -0.514154,
          1.449894
        ],
        [
          0.0,
          0.0,
          0.0,
          1.0
        ]
      ]
    },
    {
      "file_path": "/media/NFS/ttao/scannet/posed_images/scene0222_00/00607.jpg",
      "transform_matrix": [
        [
          -0.678391,
          0.40947,
          -0.610016,
          5.19799
        ],
        [
          0.733008,
          0.320883,
          -0.599778,
          1.566065
        ],
        [
          -0.049847,
          -0.854031,
          -0.517829,
          1.444442
        ],
        [
          0.0,
          0.0,
          0.0,
          1.0
        ]
      ]
    },
    {
      "file_path": "/media/NFS/ttao/scannet/posed_images/scene0222_00/00618.jpg",
      "transform_matrix": [
        [
          -0.645087,
          0.392381,
          -0.655667,
          5.190276
        ],
        [
          0.763886,
          0.310459,
          -0.565767,
          1.550484
        ],
        [
          -0.018438,
          -0.865825,
          -0.500008,
          1.442361
        ],
        [
          0.0,
          0.0,
          0.0,
          1.0
        ]
      ]
    },
    {
      "file_path": "/media/NFS/ttao/scannet/posed_images/scene0222_00/00629.jpg",
      "transform_matrix": [
        [
          -0.640845,
          0.352091,
          -0.682166,
          5.184705
        ],
        [
          0.767653,
          0.287922,
          -0.572547,
          1.550201
        ],
        [
          -0.005178,
          -0.89058,
          -0.454797,
          1.440393
        ],
        [
          0.0,
          0.0,
          0.0,
          1.0
        ]
      ]
    },
    {
      "file_path": "/media/NFS/ttao/scannet/posed_images/scene0222_00/00645.jpg",
      "transform_matrix": [
        [
          -0.6619,
          0.346052,
          -0.664934,
          5.182298
        ],
        [
          0.749591,
          0.303617,
          -0.588159,
          1.550386
        ],
        [
          -0.001648,
          -0.88773,
          -0.460361,
          1.434102
        ],
        [
          0.0,
          0.0,
          0.0,
          1.0
        ]
      ]
    },
    {
      "file_path": "/media/NFS/ttao/scannet/posed_images/scene0222_00/00667.jpg",
      "transform_matrix": [
        [
          -0.651673,
          0.385003,
          -0.653526,
          5.171418
        ],
        [
          0.758178,
          0.30553,
          -0.576036,
          1.545106
        ],
        [
          -0.022104,
          -0.870876,
          -0.491006,
          1.429161
        ],
        [
          0.0,
          0.0,
          0.0,
          1.0
        ]
      ]
    },
    {
      "file_path": "/media/NFS/ttao/scannet/posed_images/scene0222_00/00689.jpg",
      "transform_matrix": [
        [
          -0.574225,
          0.409235,
          -0.709079,
          5.160888
        ],
        [
          0.81867,
          0.279859,
          -0.501456,
          1.540026
        ],
        [
          -0.006771,
          -0.86845,
          -0.49573,
          1.422914
        ],
        [
          0.0,
          0.0,
          0.0,
          1.0
        ]
      ]
    },
    {
      "file_path": "/media/NFS/ttao/scannet/posed_images/scene0222_00/00710.jpg",
      "transform_matrix": [
        [
          -0.507799,
          0.482748,
          -0.713509,
          5.139618
        ],
        [
          0.861445,
          0.277543,
          -0.425303,
          1.533123
        ],
        [
          -0.007285,
          -0.830617,
          -0.556797,
          1.407544
        ],
        [
          0.0,
          0.0,
          0.0,
          1.0
        ]
      ]
    },
    {
      "file_path": "/media/NFS/ttao/scannet/posed_images/scene0222_00/00732.jpg",
      "transform_matrix": [
        [
          -0.452886,
          0.558799,
          -0.694722,
          5.118541
        ],
        [
          0.891403,
          0.268795,
          -0.364896,
          1.54824
        ],
        [
          -0.017166,
          -0.784534,
          -0.619849,
          1.384536
        ],
        [
          0.0,
          0.0,
          0.0,
          1.0
        ]
      ]
    },
    {
      "file_path": "/media/NFS/ttao/scannet/posed_images/scene0222_00/00737.jpg",
      "transform_matrix": [
        [
          -0.424209,
          0.573262,
          -0.701012,
          5.110718
        ],
        [
          0.905384,
          0.253048,
          -0.34095,
          1.555702
        ],
        [
          -0.018064,
          -0.779319,
          -0.626367,
          1.383418
        ],
        [
          0.0,
          0.0,
          0.0,
          1.0
        ]
      ]
    },
    {
      "file_path": "/media/NFS/ttao/scannet/posed_images/scene0222_00/00754.jpg",
      "transform_matrix": [
        [
          -0.332015,
          0.590994,
          -0.735182,
          5.088808
        ],
        [
          0.943008,
          0.18945,
          -0.273577,
          1.583267
        ],
        [
          -0.022402,
          -0.784114,
          -0.620212,
          1.384913
        ],
        [
          0.0,
          0.0,
          0.0,
          1.0
        ]
      ]
    },
    {
      "file_path": "/media/NFS/ttao/scannet/posed_images/scene0222_00/00775.jpg",
      "transform_matrix": [
        [
          -0.224681,
          0.60954,
          -0.76025,
          5.059914
        ],
        [
          0.974347,
          0.130192,
          -0.183571,
          1.615567
        ],
        [
          -0.012915,
          -0.781992,
          -0.623155,
          1.386758
        ],
        [
          0.0,
          0.0,
          0.0,
          1.0
        ]
      ]
    },
    {
      "file_path": "/media/NFS/ttao/scannet/posed_images/scene0222_00/00802.jpg",
      "transform_matrix": [
        [
          0.067971,
          0.604391,
          -0.793783,
          5.035722
        ],
        [
          0.997686,
          -0.04009,
          0.054907,
          1.687054
        ],
        [
          0.001363,
          -0.795679,
          -0.605717,
          1.389006
        ],
        [
          0.0,
          0.0,
          0.0,
          1.0
        ]
      ]
    },
    {
      "file_path": "/media/NFS/ttao/scannet/posed_images/scene0222_00/00819.jpg",
      "transform_matrix": [
        [
          0.215239,
          0.590072,
          -0.77813,
          4.989633
        ],
        [
          0.976535,
          -0.124238,
          0.175908,
          1.746214
        ],
        [
          0.007125,
          -0.797734,
          -0.602967,
          1.385184
        ],
        [
          0.0,
          0.0,
          0.0,
          1.0
        ]
      ]
    },
    {
      "file_path": "/media/NFS/ttao/scannet/posed_images/scene0222_00/00830.jpg",
      "transform_matrix": [
        [
          0.28267,
          0.585913,
          -0.759476,
          4.972961
        ],
        [
          0.959152,
          -0.16344,
          0.230899,
          1.79128
        ],
        [
          0.011158,
          -0.793721,
          -0.608179,
          1.386624
        ],
        [
          0.0,
          0.0,
          0.0,
          1.0
        ]
      ]
    },
    {
      "file_path": "/media/NFS/ttao/scannet/posed_images/scene0222_00/00846.jpg",
      "transform_matrix": [
        [
          0.41692,
          0.512041,
          -0.750994,
          4.963785
        ],
        [
          0.90867,
          -0.214555,
          0.358168,
          1.82165
        ],
        [
          0.022267,
          -0.831733,
          -0.554729,
          1.41508
        ],
        [
          0.0,
          0.0,
          0.0,
          1.0
        ]
      ]
    },
    {
      "file_path": "/media/NFS/ttao/scannet/posed_images/scene0222_00/00868.jpg",
      "transform_matrix": [
        [
          0.604846,
          0.369625,
          -0.705364,
          4.946197
        ],
        [
          0.795422,
          -0.322995,
          0.512815,
          1.80018
        ],
        [
          -0.03828,
          -0.871236,
          -0.489369,
          1.468795
        ],
        [
          0.0,
          0.0,
          0.0,
          1.0
        ]
      ]
    },
    {
      "file_path": "/media/NFS/ttao/scannet/posed_images/scene0222_00/00895.jpg",
      "transform_matrix": [
        [
          0.668777,
          0.300875,
          -0.679861,
          4.913435
        ],
        [
          0.741737,
          -0.332292,
          0.582588,
          1.770265
        ],
        [
          -0.050626,
          -0.8939,
          -0.445399,
          1.501288
        ],
        [
          0.0,
          0.0,
          0.0,
          1.0
        ]
      ]
    },
    {
      "file_path": "/media/NFS/ttao/scannet/posed_images/scene0222_00/00900.jpg",
      "transform_matrix": [
        [
          0.677316,
          0.295243,
          -0.673851,
          4.915851
        ],
        [
          0.733637,
          -0.339478,
          0.58867,
          1.76157
        ],
        [
          -0.054957,
          -0.893077,
          -0.446534,
          1.504859
        ],
        [
          0.0,
          0.0,
          0.0,
          1.0
        ]
      ]
    },
    {
      "file_path": "/media/NFS/ttao/scannet/posed_images/scene0222_00/00927.jpg",
      "transform_matrix": [
        [
          0.842611,
          0.15494,
          -0.515752,
          4.942092
        ],
        [
          0.537026,
          -0.170412,
          0.826174,
          1.711337
        ],
        [
          0.040117,
          -0.973115,
          -0.226798,
          1.528277
        ],
        [
          0.0,
          0.0,
          0.0,
          1.0
        ]
      ]
    },
    {
      "file_path": "/media/NFS/ttao/scannet/posed_images/scene0222_00/00949.jpg",
      "transform_matrix": [
        [
          0.964992,
          0.015411,
          -0.261826,
          4.669055
        ],
        [
          0.260609,
          -0.168823,
          0.950569,
          1.765352
        ],
        [
          -0.029553,
          -0.985526,
          -0.166929,
          1.558544
        ],
        [
          0.0,
          0.0,
          0.0,
          1.0
        ]
      ]
    },
    {
      "file_path": "/media/NFS/ttao/scannet/posed_images/scene0222_00/00960.jpg",
      "transform_matrix": [
        [
          0.990211,
          0.014028,
          -0.138874,
          4.446402
        ],
        [
          0.138794,
          -0.204377,
          0.969003,
          1.751045
        ],
        [
          -0.01479,
          -0.978792,
          -0.204324,
          1.543812
        ],
        [
          0.0,
          0.0,
          0.0,
          1.0
        ]
      ]
    },
    {
      "file_path": "/media/NFS/ttao/scannet/posed_images/scene0222_00/00971.jpg",
      "transform_matrix": [
        [
          0.999056,
          -0.042824,
          0.007334,
          4.227365
        ],
        [
          -0.016809,
          -0.22532,
          0.97414,
          1.745659
        ],
        [
          -0.040064,
          -0.973343,
          -0.225827,
          1.552611
        ],
        [
          0.0,
          0.0,
          0.0,
          1.0
        ]
      ]
    },
    {
      "file_path": "/media/NFS/ttao/scannet/posed_images/scene0222_00/01003.jpg",
      "transform_matrix": [
        [
          0.873469,
          -0.18886,
          0.448758,
          3.723255
        ],
        [
          -0.479175,
          -0.170134,
          0.861073,
          1.985346
        ],
        [
          -0.086274,
          -0.967154,
          -0.239104,
          1.588088
        ],
        [
          0.0,
          0.0,
          0.0,
          1.0
        ]
      ]
    },
    {
      "file_path": "/media/NFS/ttao/scannet/posed_images/scene0222_00/01014.jpg",
      "transform_matrix": [
        [
          0.835836,
          -0.164877,
          0.523635,
          3.616931
        ],
        [
          -0.546395,
          -0.157397,
          0.822605,
          2.01363
        ],
        [
          -0.05321,
          -0.973674,
          -0.221646,
          1.580543
        ],
        [
          0.0,
          0.0,
          0.0,
          1.0
        ]
      ]
    },
    {
      "file_path": "/media/NFS/ttao/scannet/posed_images/scene0222_00/01041.jpg",
      "transform_matrix": [
        [
          0.870705,
          -0.273105,
          0.409007,
          3.520354
        ],
        [
          -0.491697,
          -0.465934,
          0.735622,
          1.954806
        ],
        [
          -0.010332,
          -0.841617,
          -0.539976,
          1.47678
        ],
        [
          0.0,
          0.0,
          0.0,
          1.0
        ]
      ]
    },
    {
      "file_path": "/media/NFS/ttao/scannet/posed_images/scene0222_00/01057.jpg",
      "transform_matrix": [
        [
          0.880041,
          -0.32169,
          0.349348,
          3.556523
        ],
        [
          -0.474326,
          -0.5593,
          0.679852,
          1.945671
        ],
        [
          -0.023311,
          -0.764002,
          -0.644793,
          1.474667
        ],
        [
          0.0,
          0.0,
          0.0,
          1.0
        ]
      ]
    },
    {
      "file_path": "/media/NFS/ttao/scannet/posed_images/scene0222_00/01074.jpg",
      "transform_matrix": [
        [
          0.865376,
          -0.266039,
          0.424673,
          3.61498
        ],
        [
          -0.495815,
          -0.331537,
          0.802652,
          1.922337
        ],
        [
          -0.072742,
          -0.905155,
          -0.41881,
          1.53252
        ],
        [
          0.0,
          0.0,
          0.0,
          1.0
        ]
      ]
    },
    {
      "file_path": "/media/NFS/ttao/scannet/posed_images/scene0222_00/01095.jpg",
      "transform_matrix": [
        [
          0.799698,
          -0.195956,
          0.567525,
          3.706836
        ],
        [
          -0.598473,
          -0.184446,
          0.779621,
          1.915261
        ],
        [
          -0.048093,
          -0.96311,
          -0.264776,
          1.556607
        ],
        [
          0.0,
          0.0,
          0.0,
          1.0
        ]
      ]
    },
    {
      "file_path": "/media/NFS/ttao/scannet/posed_images/scene0222_00/01112.jpg",
      "transform_matrix": [
        [
          0.838254,
          -0.337203,
          0.428513,
          3.823009
        ],
        [
          -0.54284,
          -0.441809,
          0.714233,
          1.845834
        ],
        [
          -0.051521,
          -0.831323,
          -0.553396,
          1.481196
        ],
        [
          0.0,
          0.0,
          0.0,
          1.0
        ]
      ]
    },
    {
      "file_path": "/media/NFS/ttao/scannet/posed_images/scene0222_00/01117.jpg",
      "transform_matrix": [
        [
          0.848962,
          -0.360826,
          0.386093,
          3.846912
        ],
        [
          -0.523577,
          -0.475293,
          0.707081,
          1.820382
        ],
        [
          -0.071626,
          -0.802435,
          -0.592426,
          1.46386
        ],
        [
          0.0,
          0.0,
          0.0,
          1.0
        ]
      ]
    },
    {
      "file_path": "/media/NFS/ttao/scannet/posed_images/scene0222_00/01149.jpg",
      "transform_matrix": [
        [
          0.959495,
          -0.280517,
          -0.026065,
          4.006382
        ],
        [
          -0.225822,
          -0.82112,
          0.524182,
          1.687248
        ],
        [
          -0.168444,
          -0.497064,
          -0.851207,
          1.373325
        ],
        [
          0.0,
          0.0,
          0.0,
          1.0
        ]
      ]
    },
    {
      "file_path": "/media/NFS/ttao/scannet/posed_images/scene0222_00/01166.jpg",
      "transform_matrix": [
        [
          0.992205,
          -0.117399,
          0.041802,
          4.158058
        ],
        [
          -0.116311,
          -0.751974,
          0.648851,
          1.733841
        ],
        [
          -0.04474,
          -0.648655,
          -0.759767,
          1.353018
        ],
        [
          0.0,
          0.0,
          0.0,
          1.0
        ]
      ]
    },
    {
      "file_path": "/media/NFS/ttao/scannet/posed_images/scene0222_00/01177.jpg",
      "transform_matrix": [
        [
          0.995406,
          -0.092466,
          0.024854,
          4.300932
        ],
        [
          -0.086759,
          -0.76122,
          0.642664,
          1.76334
        ],
        [
          -0.040505,
          -0.641868,
          -0.765745,
          1.344375
        ],
        [
          0.0,
          0.0,
          0.0,
          1.0
        ]
      ]
    },
    {
      "file_path": "/media/NFS/ttao/scannet/posed_images/scene0222_00/01193.jpg",
      "transform_matrix": [
        [
          0.993996,
          -0.024354,
          -0.106669,
          4.57176
        ],
        [
          0.060813,
          -0.687482,
          0.72365,
          1.704617
        ],
        [
          -0.090957,
          -0.725793,
          -0.681874,
          1.372646
        ],
        [
          0.0,
          0.0,
          0.0,
          1.0
        ]
      ]
    },
    {
      "file_path": "/media/NFS/ttao/scannet/posed_images/scene0222_00/01209.jpg",
      "transform_matrix": [
        [
          0.957197,
          0.083693,
          -0.277074,
          4.810733
        ],
        [
          0.276121,
          -0.551081,
          0.787443,
          1.672151
        ],
        [
          -0.086786,
          -0.830244,
          -0.550603,
          1.40902
        ],
        [
          0.0,
          0.0,
          0.0,
          1.0
        ]
      ]
    },
    {
      "file_path": "/media/NFS/ttao/scannet/posed_images/scene0222_00/01236.jpg",
      "transform_matrix": [
        [
          0.87557,
          0.212708,
          -0.433742,
          5.106015
        ],
        [
          0.482453,
          -0.431141,
          0.762467,
          1.768869
        ],
        [
          -0.024821,
          -0.876854,
          -0.480116,
          1.438863
        ],
        [
          0.0,
          0.0,
          0.0,
          1.0
        ]
      ]
    },
    {
      "file_path": "/media/NFS/ttao/scannet/posed_images/scene0222_00/01258.jpg",
      "transform_matrix": [
        [
          0.772014,
          0.136401,
          -0.620797,
          5.306674
        ],
        [
          0.635551,
          -0.178357,
          0.751175,
          1.645224
        ],
        [
          -0.008263,
          -0.974466,
          -0.224384,
          1.516821
        ],
        [
          0.0,
          0.0,
          0.0,
          1.0
        ]
      ]
    },
    {
      "file_path": "/media/NFS/ttao/scannet/posed_images/scene0222_00/01274.jpg",
      "transform_matrix": [
        [
          0.76109,
          0.113254,
          -0.638682,
          5.311154
        ],
        [
          0.647927,
          -0.086386,
          0.756788,
          1.540886
        ],
        [
          0.030536,
          -0.989804,
          -0.139128,
          1.523845
        ],
        [
          0.0,
          0.0,
          0.0,
          1.0
        ]
      ]
    },
    {
      "file_path": "/media/NFS/ttao/scannet/posed_images/scene0222_00/01280.jpg",
      "transform_matrix": [
        [
          0.762924,
          0.15883,
          -0.626674,
          5.311995
        ],
        [
          0.645983,
          -0.148951,
          0.748679,
          1.514955
        ],
        [
          0.025569,
          -0.976006,
          -0.216239,
          1.506583
        ],
        [
          0.0,
          0.0,
          0.0,
          1.0
        ]
      ]
    },
    {
      "file_path": "/media/NFS/ttao/scannet/posed_images/scene0222_00/01296.jpg",
      "transform_matrix": [
        [
          0.80415,
          0.265384,
          -0.531897,
          5.341958
        ],
        [
          0.594247,
          -0.336876,
          0.730332,
          1.474887
        ],
        [
          0.014635,
          -0.903374,
          -0.428603,
          1.412739
        ],
        [
          0.0,
          0.0,
          0.0,
          1.0
        ]
      ]
    },
    {
      "file_path": "/media/NFS/ttao/scannet/posed_images/scene0222_00/01328.jpg",
      "transform_matrix": [
        [
          0.880379,
          0.351823,
          -0.318046,
          5.481848
        ],
        [
          0.474199,
          -0.664656,
          0.57738,
          1.503472
        ],
        [
          -0.008256,
          -0.65913,
          -0.751984,
          1.303819
        ],
        [
          0.0,
          0.0,
          0.0,
          1.0
        ]
      ]
    },
    {
      "file_path": "/media/NFS/ttao/scannet/posed_images/scene0222_00/01345.jpg",
      "transform_matrix": [
        [
          0.973091,
          0.173381,
          -0.151765,
          5.28253
        ],
        [
          0.230245,
          -0.757345,
          0.611077,
          1.523735
        ],
        [
          -0.008989,
          -0.629577,
          -0.776886,
          1.257208
        ],
        [
          0.0,
          0.0,
          0.0,
          1.0
        ]
      ]
    },
    {
      "file_path": "/media/NFS/ttao/scannet/posed_images/scene0222_00/01350.jpg",
      "transform_matrix": [
        [
          0.986289,
          0.109805,
          -0.123195,
          5.218135
        ],
        [
          0.162609,
          -0.77397,
          0.611987,
          1.546362
        ],
        [
          -0.02815,
          -0.623629,
          -0.781213,
          1.237908
        ],
        [
          0.0,
          0.0,
          0.0,
          1.0
        ]
      ]
    },
    {
      "file_path": "/media/NFS/ttao/scannet/posed_images/scene0222_00/01372.jpg",
      "transform_matrix": [
        [
          0.992447,
          -0.116907,
          -0.037181,
          4.967636
        ],
        [
          -0.08047,
          -0.84914,
          0.522002,
          1.756086
        ],
        [
          -0.092598,
          -0.515067,
          -0.852134,
          1.250784
        ],
        [
          0.0,
          0.0,
          0.0,
          1.0
        ]
      ]
    },
    {
      "file_path": "/media/NFS/ttao/scannet/posed_images/scene0222_00/01399.jpg",
      "transform_matrix": [
        [
          0.953304,
          -0.277212,
          0.119853,
          4.951092
        ],
        [
          -0.300218,
          -0.826635,
          0.475966,
          1.924364
        ],
        [
          -0.032868,
          -0.489722,
          -0.871259,
