{
  "frames": [
    {
      "file_path": "/media/NFS/ttao/scannet/posed_images/scene0034_00/00000.jpg",
      "transform_matrix": [
        [
          0.573165,
          0.475287,
          -0.667521,
          4.230747
        ],
        [
          0.819422,
          -0.337921,
          0.462988,
          1.597944
        ],
        [
          -0.005517,
          -0.81235,
          -0.583144,
          1.425469
        ],
        [
          0.0,
          0.0,
          0.0,
          1.0
        ]
      ]
    },
    {
      "file_path": "/media/NFS/ttao/scannet/posed_images/scene0034_00/00002.jpg",
      "transform_matrix": [
        [
          0.582104,
          0.470868,
          -0.662901,
          4.229822
        ],
        [
          0.81311,
          -0.339656,
          0.472743,
          1.596572
        ],
        [
          -0.002559,
          -0.814197,
          -0.580583,
          1.425168
        ],
        [
          0.0,
          0.0,
          0.0,
          1.0
        ]
      ]
    },
    {
      "file_path": "/media/NFS/ttao/scannet/posed_images/scene0034_00/00005.jpg",
      "transform_matrix": [
        [
          0.586014,
          0.469904,
          -0.660135,
          4.230902
        ],
        [
          0.810301,
          -0.339848,
          0.477405,
          1.598795
        ],
        [
          -1.2e-05,
          -0.814674,
          -0.579919,
          1.425373
        ],
        [
          0.0,
          0.0,
          0.0,
          1.0
        ]
      ]
    },
    {
      "file_path": "/media/NFS/ttao/scannet/posed_images/scene0034_00/00010.jpg",
      "transform_matrix": [
        [
          0.594181,
          0.466023,
          -0.65557,
          4.227849
        ],
        [
          0.804309,
          -0.338118,
          0.488635,
          1.597465
        ],
        [
          0.006055,
          -0.817618,
          -0.575729,
          1.428066
        ],
        [
          0.0,
          0.0,
          0.0,
          1.0
        ]
      ]
    },
    {
      "file_path": "/media/NFS/ttao/scannet/posed_images/scene0034_00/00012.jpg",
      "transform_matrix": [
        [
          0.598744,
          0.466411,
          -0.651127,
          4.227554
        ],
        [
          0.800872,
          -0.338001,
          0.494327,
          1.594622
        ],
        [
          0.010478,
          -0.817445,
          -0.575912,
          1.425428
        ],
        [
          0.0,
          0.0,
          0.0,
          1.0
        ]
      ]
    },
    {
      "file_path": "/media/NFS/ttao/scannet/posed_images/scene0034_00/00016.jpg",
      "transform_matrix": [
        [
          0.606893,
          0.465635,
          -0.6441,
          4.22472
        ],
        [
          0.794559,
          -0.336171,
          0.505634,
          1.597474
        ],
        [
          0.018913,
          -0.818641,
          -0.573995,
          1.430349
        ],
        [
          0.0,
          0.0,
          0.0,
          1.0
        ]
      ]
    },
    {
      "file_path": "/media/NFS/ttao/scannet/posed_images/scene0034_00/00017.jpg",
      "transform_matrix": [
        [
          0.609776,
          0.464856,
          -0.641936,
          4.223724
        ],
        [
          0.792241,
          -0.334041,
          0.510657,
          1.5959
        ],
        [
          0.022949,
          -0.819955,
          -0.571969,
          1.430156
        ],
        [
          0.0,
          0.0,
          0.0,
          1.0
        ]
      ]
    },
    {
      "file_path": "/media/NFS/ttao/scannet/posed_images/scene0034_00/00020.jpg",
      "transform_matrix": [
        [
          0.623675,
          0.459476,
          -0.632385,
          4.217607
        ],
        [
          0.780665,
          -0.324825,
          0.533902,
          1.594104
        ],
        [
          0.0399,
          -0.826662,
          -0.561283,
          1.437337
        ],
        [
          0.0,
          0.0,
          0.0,
          1.0
        ]
      ]
    },
    {
      "file_path": "/media/NFS/ttao/scannet/posed_images/scene0034_00/00025.jpg",
      "transform_matrix": [
        [
          0.642678,
          0.43771,
          -0.628789,
          4.214048
        ],
        [
          0.764247,
          -0.308653,
          0.566269,
          1.594159
        ],
        [
          0.053784,
          -0.844478,
          -0.532883,
          1.44777
        ],
        [
          0.0,
          0.0,
          0.0,
          1.0
        ]
      ]
    },
    {
      "file_path": "/media/NFS/ttao/scannet/posed_images/scene0034_00/00027.jpg",
      "transform_matrix": [
        [
          0.648257,
          0.432335,
          -0.626777,
          4.212934
        ],
        [
          0.759494,
          -0.308608,
          0.572652,
          1.591596
        ],
        [
          0.054149,
          -0.847259,
          -0.528413,
          1.449005
        ],
        [
          0.0,
          0.0,
          0.0,
          1.0
        ]
      ]
    },
    {
      "file_path": "/media/NFS/ttao/scannet/posed_images/scene0034_00/00030.jpg",
      "transform_matrix": [
        [
          0.652059,
          0.425111,
          -0.627774,
          4.211074
        ],
        [
          0.756535,
          -0.310495,
          0.575542,
          1.588418
        ],
        [
          0.049749,
          -0.85022,
          -0.524072,
          1.449006
        ],
        [
          0.0,
          0.0,
          0.0,
          1.0
        ]
      ]
    },
    {
      "file_path": "/media/NFS/ttao/scannet/posed_images/scene0034_00/00032.jpg",
      "transform_matrix": [
        [
          0.652547,
          0.422222,
          -0.629215,
          4.210778
        ],
        [
          0.756145,
          -0.308834,
          0.576946,
          1.585896
        ],
        [
          0.049276,
          -0.852262,
          -0.52079,
          1.446488
        ],
        [
          0.0,
          0.0,
          0.0,
          1.0
        ]
      ]
    },
    {
      "file_path": "/media/NFS/ttao/scannet/posed_images/scene0034_00/00036.jpg",
      "transform_matrix": [
        [
          0.642847,
          0.428437,
          -0.634972,
          4.206621
        ],
        [
          0.764638,
          -0.309605,
          0.56522,
          1.584836
        ],
        [
          0.045571,
          -0.848874,
          -0.526628,
          1.44637
        ],
        [
          0.0,
          0.0,
          0.0,
          1.0
        ]
      ]
    },
    {
      "file_path": "/media/NFS/ttao/scannet/posed_images/scene0034_00/00037.jpg",
      "transform_matrix": [
        [
          0.640494,
          0.431049,
          -0.635582,
          4.2047
        ],
        [
          0.766575,
          -0.309096,
          0.56287,
          1.583223
        ],
        [
          0.046168,
          -0.847736,
          -0.528405,
          1.444453
        ],
        [
          0.0,
          0.0,
          0.0,
          1.0
        ]
      ]
    },
    {
      "file_path": "/media/NFS/ttao/scannet/posed_images/scene0034_00/00040.jpg",
      "transform_matrix": [
        [
          0.623205,
          0.446923,
          -0.641775,
          4.199363
        ],
        [
          0.780701,
          -0.307189,
          0.544189,
          1.579299
        ],
        [
          0.046064,
          -0.840175,
          -0.540355,
          1.439037
        ],
        [
          0.0,
          0.0,
          0.0,
          1.0
        ]
      ]
    },
    {
      "file_path": "/media/NFS/ttao/scannet/posed_images/scene0034_00/00045.jpg",
      "transform_matrix": [
        [
          0.584588,
          0.472731,
          -0.65938,
          4.18975
        ],
        [
          0.809876,
          -0.291355,
          0.50913,
          1.568225
        ],
        [
          0.048568,
          -0.831647,
          -0.553176,
          1.423216
        ],
        [
          0.0,
          0.0,
          0.0,
          1.0
        ]
      ]
    },
    {
      "file_path": "/media/NFS/ttao/scannet/posed_images/scene0034_00/00046.jpg",
      "transform_matrix": [
        [
          0.573047,
          0.478211,
          -0.665531,
          4.189689
        ],
        [
          0.818268,
          -0.288962,
          0.496929,
          1.569062
        ],
        [
          0.045324,
          -0.829346,
          -0.556894,
          1.420107
        ],
        [
          0.0,
          0.0,
          0.0,
          1.0
        ]
      ]
    },
    {
      "file_path": "/media/NFS/ttao/scannet/posed_images/scene0034_00/00050.jpg",
      "transform_matrix": [
        [
          0.509397,
          0.487253,
          -0.709295,
          4.184686
        ],
        [
          0.860526,
          -0.285356,
          0.421981,
          1.574736
        ],
        [
          0.00321,
          -0.825322,
          -0.564653,
          1.419151
        ],
        [
          0.0,
          0.0,
          0.0,
          1.0
        ]
      ]
    },
    {
      "file_path": "/media/NFS/ttao/scannet/posed_images/scene0034_00/00053.jpg",
      "transform_matrix": [
        [
          0.468748,
          0.504747,
          -0.724918,
          4.180213
        ],
        [
          0.883332,
          -0.268655,
          0.384122,
          1.576407
        ],
        [
          -0.000869,
          -0.820399,
          -0.571791,
          1.413329
        ],
        [
          0.0,
          0.0,
          0.0,
          1.0
        ]
      ]
    },
    {
      "file_path": "/media/NFS/ttao/scannet/posed_images/scene0034_00/00055.jpg",
      "transform_matrix": [
        [
          0.419981,
          0.528397,
          -0.737843,
          4.174357
        ],
        [
          0.907531,
          -0.242732,
          0.342737,
          1.578564
        ],
        [
          0.002003,
          -0.813559,
          -0.58148,
          1.40873
        ],
        [
          0.0,
          0.0,
          0.0,
          1.0
        ]
      ]
    },
    {
      "file_path": "/media/NFS/ttao/scannet/posed_images/scene0034_00/00060.jpg",
      "transform_matrix": [
        [
          0.299298,
          0.569417,
          -0.765627,
          4.160965
        ],
        [
          0.953865,
          -0.158604,
          0.254925,
          1.592499
        ],
        [
          0.023727,
          -0.806603,
          -0.590617,
          1.404493
        ],
        [
          0.0,
          0.0,
          0.0,
          1.0
        ]
      ]
    },
    {
      "file_path": "/media/NFS/ttao/scannet/posed_images/scene0034_00/00061.jpg",
      "transform_matrix": [
        [
          0.282271,
          0.574165,
          -0.768543,
          4.15837
        ],
        [
          0.959003,
          -0.147811,
          0.241796,
          1.59951
        ],
        [
          0.025231,
          -0.805286,
          -0.592349,
          1.405615
        ],
        [
          0.0,
          0.0,
          0.0,
          1.0
        ]
      ]
    },
    {
      "file_path": "/media/NFS/ttao/scannet/posed_images/scene0034_00/00065.jpg",
      "transform_matrix": [
        [
          0.183756,
          0.591937,
          -0.784757,
          4.153039
        ],
        [
          0.982788,
          -0.095192,
          0.158323,
          1.642302
        ],
        [
          0.019015,
          -0.800343,
          -0.599241,
          1.404978
        ],
        [
          0.0,
          0.0,
          0.0,
          1.0
        ]
      ]
    },
    {
      "file_path": "/media/NFS/ttao/scannet/posed_images/scene0034_00/00067.jpg",
      "transform_matrix": [
        [
          0.139993,
          0.590644,
          -0.794696,
          4.155138
        ],
        [
          0.99011,
          -0.076062,
          0.117885,
          1.664057
        ],
        [
          0.009182,
          -0.80334,
          -0.59545,
          1.405651
        ],
        [
          0.0,
          0.0,
          0.0,
          1.0
        ]
      ]
    },
    {
      "file_path": "/media/NFS/ttao/scannet/posed_images/scene0034_00/00070.jpg",
      "transform_matrix": [
        [
          0.046256,
          0.584286,
          -0.810229,
          4.164011
        ],
        [
          0.998859,
          -0.017403,
          0.044475,
          1.703874
        ],
        [
          0.011885,
          -0.811361,
          -0.584424,
          1.400395
        ],
        [
          0.0,
          0.0,
          0.0,
          1.0
        ]
      ]
    },
    {
      "file_path": "/media/NFS/ttao/scannet/posed_images/scene0034_00/00072.jpg",
      "transform_matrix": [
        [
          0.012988,
          0.591331,
          -0.806324,
          4.164345
        ],
        [
          0.999903,
          -0.011703,
          0.007523,
          1.718526
        ],
        [
          -0.004988,
          -0.806344,
          -0.591426,
          1.396966
        ],
        [
          0.0,
          0.0,
          0.0,
          1.0
        ]
      ]
    },
    {
      "file_path": "/media/NFS/ttao/scannet/posed_images/scene0034_00/00077.jpg",
      "transform_matrix": [
        [
          -0.087134,
          0.639718,
          -0.763654,
          4.165216
        ],
        [
          0.995658,
          0.030709,
          -0.087881,
          1.748786
        ],
        [
          -0.032768,
          -0.767996,
          -0.639616,
          1.375217
        ],
        [
          0.0,
          0.0,
          0.0,
          1.0
        ]
      ]
    },
    {
      "file_path": "/media/NFS/ttao/scannet/posed_images/scene0034_00/00080.jpg",
      "transform_matrix": [
        [
          -0.149221,
          0.652758,
          -0.742725,
          4.1617
        ],
        [
          0.987128,
          0.054626,
          -0.150316,
          1.762613
        ],
        [
          -0.057548,
          -0.755595,
          -0.652507,
          1.364397
        ],
        [
          0.0,
          0.0,
          0.0,
          1.0
        ]
      ]
    },
    {
      "file_path": "/media/NFS/ttao/scannet/posed_images/scene0034_00/00081.jpg",
      "transform_matrix": [
        [
          -0.163059,
          0.655018,
          -0.73781,
          4.157927
        ],
        [
          0.984701,
          0.061476,
          -0.163046,
          1.762022
        ],
        [
          -0.061441,
          -0.753109,
          -0.655021,
          1.361592
        ],
        [
          0.0,
          0.0,
          0.0,
          1.0
        ]
      ]
    },
    {
      "file_path": "/media/NFS/ttao/scannet/posed_images/scene0034_00/00086.jpg",
      "transform_matrix": [
        [
          -0.266352,
          0.65888,
          -0.703515,
          4.12586
        ],
        [
          0.960344,
          0.118977,
          -0.25216,
          1.757052
        ],
        [
          -0.082441,
          -0.74278,
          -0.664441,
          1.350858
        ],
        [
          0.0,
          0.0,
          0.0,
          1.0
        ]
      ]
    },
    {
      "file_path": "/media/NFS/ttao/scannet/posed_images/scene0034_00/00089.jpg",
      "transform_matrix": [
        [
          -0.314656,
          0.648212,
          -0.693407,
          4.104331
        ],
        [
          0.947233,
          0.167367,
          -0.27338,
          1.749372
        ],
        [
          -0.061155,
          -0.742839,
          -0.666671,
          1.351376
        ],
        [
          0.0,
          0.0,
          0.0,
          1.0
        ]
      ]
    },
    {
      "file_path": "/media/NFS/ttao/scannet/posed_images/scene0034_00/00090.jpg",
      "transform_matrix": [
        [
          -0.334864,
          0.634073,
          -0.697006,
          4.095666
        ],
        [
          0.940885,
          0.184966,
          -0.283766,
          1.742787
        ],
        [
          -0.051006,
          -0.750826,
          -0.658528,
          1.347519
        ],
        [
          0.0,
          0.0,
          0.0,
          1.0
        ]
      ]
    },
    {
      "file_path": "/media/NFS/ttao/scannet/posed_images/scene0034_00/00095.jpg",
      "transform_matrix": [
        [
          -0.418491,
          0.530743,
          -0.737005,
          4.061712
        ],
        [
          0.907862,
          0.221667,
          -0.355878,
          1.740572
        ],
        [
          -0.02551,
          -0.818032,
          -0.574607,
          1.379635
        ],
        [
          0.0,
          0.0,
          0.0,
          1.0
        ]
      ]
    },
    {
      "file_path": "/media/NFS/ttao/scannet/posed_images/scene0034_00/00096.jpg",
      "transform_matrix": [
        [
          -0.433318,
          0.512146,
          -0.741581,
          4.05867
        ],
        [
          0.900859,
          0.222188,
          -0.372941,
          1.743404
        ],
        [
          -0.026229,
          -0.829662,
          -0.55765,
          1.387646
        ],
        [
          0.0,
          0.0,
          0.0,
          1.0
        ]
      ]
    },
    {
      "file_path": "/media/NFS/ttao/scannet/posed_images/scene0034_00/00100.jpg",
      "transform_matrix": [
        [
          -0.488951,
          0.439205,
          -0.753675,
          4.064205
        ],
        [
          0.872169,
          0.230554,
          -0.431469,
          1.746095
        ],
        [
          -0.01574,
          -0.8683,
          -0.49579,
          1.410265
        ],
        [
          0.0,
          0.0,
          0.0,
          1.0
        ]
      ]
    },
    {
      "file_path": "/media/NFS/ttao/scannet/posed_images/scene0034_00/00101.jpg",
      "transform_matrix": [
        [
          -0.5002,
          0.427893,
          -0.7528,
          4.064986
        ],
        [
          0.86586,
          0.23784,
          -0.440134,
          1.746911
        ],
        [
          -0.009284,
          -0.871975,
          -0.489463,
          1.416245
        ],
        [
          0.0,
          0.0,
          0.0,
          1.0
        ]
      ]
    },
    {
      "file_path": "/media/NFS/ttao/scannet/posed_images/scene0034_00/00106.jpg",
      "transform_matrix": [
        [
          -0.584579,
          0.339848,
          -0.73673,
          4.085566
        ],
        [
          0.811164,
          0.263527,
          -0.522078,
          1.76936
        ],
        [
          0.016721,
          -0.902805,
          -0.429725,
          1.452603
        ],
        [
          0.0,
          0.0,
          0.0,
          1.0
        ]
      ]
    },
    {
      "file_path": "/media/NFS/ttao/scannet/posed_images/scene0034_00/00109.jpg",
      "transform_matrix": [
        [
          -0.619583,
          0.282919,
          -0.73217,
          4.098101
        ],
        [
          0.784501,
          0.254051,
          -0.565699,
          1.789061
        ],
        [
          0.025962,
          -0.924886,
          -0.379357,
          1.470246
        ],
        [
          0.0,
          0.0,
          0.0,
          1.0
        ]
      ]
    },
    {
      "file_path": "/media/NFS/ttao/scannet/posed_images/scene0034_00/00111.jpg",
      "transform_matrix": [
        [
          -0.633463,
          0.227518,
          -0.739567,
          4.117252
        ],
        [
          0.770952,
          0.267118,
          -0.57817,
          1.807795
        ],
        [
          0.066007,
          -0.936421,
          -0.344615,
          1.472694
        ],
        [
          0.0,
          0.0,
          0.0,
          1.0
        ]
      ]
    },
    {
      "file_path": "/media/NFS/ttao/scannet/posed_images/scene0034_00/00113.jpg",
      "transform_matrix": [
        [
          -0.640549,
          0.200898,
          -0.741172,
          4.121919
        ],
        [
          0.764395,
          0.259145,
          -0.590376,
          1.822181
        ],
        [
          0.073466,
          -0.944713,
          -0.319561,
          1.484183
        ],
        [
          0.0,
          0.0,
          0.0,
          1.0
        ]
      ]
    },
    {
      "file_path": "/media/NFS/ttao/scannet/posed_images/scene0034_00/00118.jpg",
      "transform_matrix": [
        [
          -0.624015,
          0.105621,
          -0.774241,
          4.143723
        ],
        [
          0.772987,
          0.228544,
          -0.591826,
          1.852528
        ],
        [
          0.114439,
          -0.967787,
          -0.224258,
          1.507449
        ],
        [
          0.0,
          0.0,
          0.0,
          1.0
        ]
      ]
    },
    {
      "file_path": "/media/NFS/ttao/scannet/posed_images/scene0034_00/00121.jpg",
      "transform_matrix": [
        [
          -0.620392,
          0.071772,
          -0.781001,
          4.145957
        ],
        [
          0.776554,
          0.19575,
          -0.598871,
          1.868845
        ],
        [
          0.109899,
          -0.978024,
          -0.177177,
          1.540983
        ],
        [
          0.0,
          0.0,
          0.0,
          1.0
        ]
      ]
    },
    {
      "file_path": "/media/NFS/ttao/scannet/posed_images/scene0034_00/00122.jpg",
      "transform_matrix": [
        [
          -0.620162,
          0.06027,
          -0.782156,
          4.148206
        ],
        [
          0.77647,
          0.189228,
          -0.601072,
          1.870553
        ],
        [
          0.111779,
          -0.980082,
          -0.16415,
          1.543534
        ],
        [
          0.0,
          0.0,
          0.0,
          1.0
        ]
      ]
    },
    {
      "file_path": "/media/NFS/ttao/scannet/posed_images/scene0034_00/00126.jpg",
      "transform_matrix": [
        [
          -0.623368,
          0.005729,
          -0.781907,
          4.156283
        ],
        [
          0.772594,
          0.158559,
          -0.614782,
          1.878163
        ],
        [
          0.120456,
          -0.987333,
          -0.103267,
          1.560435
        ],
        [
          0.0,
          0.0,
          0.0,
          1.0
        ]
      ]
    },
    {
      "file_path": "/media/NFS/ttao/scannet/posed_images/scene0034_00/00130.jpg",
      "transform_matrix": [
        [
          -0.60218,
          -0.042901,
          -0.797207,
          4.166708
        ],
        [
          0.783995,
          0.156798,
          -0.600638,
          1.880466
        ],
        [
          0.150769,
          -0.986699,
          -0.060787,
          1.60001
        ],
        [
          0.0,
          0.0,
          0.0,
          1.0
        ]
      ]
    },
    {
      "file_path": "/media/NFS/ttao/scannet/posed_images/scene0034_00/00131.jpg",
      "transform_matrix": [
        [
          -0.597258,
          -0.046536,
          -0.800699,
          4.168826
        ],
        [
          0.786551,
          0.161325,
          -0.596081,
          1.880642
        ],
        [
          0.156911,
          -0.985804,
          -0.059749,
          1.604848
        ],
        [
          0.0,
          0.0,
          0.0,
          1.0
        ]
      ]
    },
    {
      "file_path": "/media/NFS/ttao/scannet/posed_images/scene0034_00/00134.jpg",
      "transform_matrix": [
        [
          -0.583072,
          -0.048527,
          -0.81097,
          4.17273
        ],
        [
          0.795575,
          0.168114,
          -0.582064,
          1.879039
        ],
        [
          0.164581,
          -0.984572,
          -0.059416,
          1.614236
        ],
        [
          0.0,
          0.0,
          0.0,
          1.0
        ]
      ]
    },
    {
      "file_path": "/media/NFS/ttao/scannet/posed_images/scene0034_00/00136.jpg",
      "transform_matrix": [
        [
          -0.58652,
          -0.070546,
          -0.806857,
          4.177753
        ],
        [
          0.790502,
          0.167054,
          -0.589237,
          1.876732
        ],
        [
          0.176357,
          -0.983421,
          -0.042214,
          1.616201
        ],
        [
          0.0,
          0.0,
          0.0,
          1.0
        ]
      ]
    },
    {
      "file_path": "/media/NFS/ttao/scannet/posed_images/scene0034_00/00140.jpg",
      "transform_matrix": [
        [
          -0.578454,
          -0.123209,
          -0.806357,
          4.190296
        ],
        [
          0.794885,
          0.136829,
          -0.591131,
          1.874891
        ],
        [
          0.183165,
          -0.982903,
          0.018788,
          1.627435
        ],
        [
          0.0,
          0.0,
          0.0,
          1.0
        ]
      ]
    },
    {
      "file_path": "/media/NFS/ttao/scannet/posed_images/scene0034_00/00142.jpg",
      "transform_matrix": [
        [
          -0.572439,
          -0.138335,
          -0.808194,
          4.19258
        ],
        [
          0.799896,
          0.122428,
          -0.587518,
          1.87802
        ],
        [
          0.18022,
          -0.982789,
          0.040571,
          1.632274
        ],
        [
          0.0,
          0.0,
          0.0,
          1.0
        ]
      ]
    },
    {
      "file_path": "/media/NFS/ttao/scannet/posed_images/scene0034_00/00146.jpg",
      "transform_matrix": [
        [
          -0.552108,
          -0.176649,
          -0.814845,
          4.199626
        ],
        [
          0.816644,
          0.082509,
          -0.571214,
          1.883886
        ],
        [
          0.168136,
          -0.98081,
          0.098705,
          1.643796
        ],
        [
          0.0,
          0.0,
          0.0,
          1.0
        ]
      ]
    },
    {
      "file_path": "/media/NFS/ttao/scannet/posed_images/scene0034_00/00150.jpg",
      "transform_matrix": [
        [
          -0.521601,
          -0.204027,
          -0.828436,
          4.205282
        ],
        [
          0.838099,
          0.059289,
          -0.542287,
          1.884043
        ],
        [
          0.159758,
          -0.977168,
          0.14007,
          1.652084
        ],
        [
          0.0,
          0.0,
          0.0,
          1.0
        ]
      ]
    },
    {
      "file_path": "/media/NFS/ttao/scannet/posed_images/scene0034_00/00151.jpg",
      "transform_matrix": [
        [
          -0.516044,
          -0.204174,
          -0.831873,
          4.205744
        ],
        [
          0.842869,
          0.05192,
          -0.535608,
          1.884844
        ],
        [
          0.152548,
          -0.977557,
          0.145299,
          1.654857
        ],
        [
          0.0,
          0.0,
          0.0,
          1.0
        ]
      ]
    },
    {
      "file_path": "/media/NFS/ttao/scannet/posed_images/scene0034_00/00156.jpg",
      "transform_matrix": [
        [
          -0.481149,
          -0.201469,
          -0.853174,
          4.207182
        ],
        [
          0.868176,
          0.025391,
          -0.495606,
          1.888002
        ],
        [
          0.121512,
          -0.979166,
          0.162694,
          1.657035
        ],
        [
          0.0,
          0.0,
          0.0,
          1.0
        ]
      ]
    },
    {
      "file_path": "/media/NFS/ttao/scannet/posed_images/scene0034_00/00157.jpg",
      "transform_matrix": [
        [
          -0.475493,
          -0.199109,
          -0.856891,
          4.206327
        ],
        [
          0.871496,
          0.02626,
          -0.489699,
          1.887524
        ],
        [
          0.120006,
          -0.979625,
          0.161036,
          1.652758
        ],
        [
          0.0,
          0.0,
          0.0,
          1.0
        ]
      ]
    },
    {
      "file_path": "/media/NFS/ttao/scannet/posed_images/scene0034_00/00162.jpg",
      "transform_matrix": [
        [
          -0.448005,
          -0.13352,
          -0.884004,
          4.194213
        ],
        [
          0.890004,
          0.027132,
          -0.455144,
          1.884701
        ],
        [
          0.084756,
          -0.990675,
          0.106678,
          1.652611
        ],
        [
          0.0,
          0.0,
          0.0,
          1.0
        ]
      ]
    },
    {
      "file_path": "/media/NFS/ttao/scannet/posed_images/scene0034_00/00165.jpg",
      "transform_matrix": [
        [
          -0.43682,
          -0.094434,
          -0.894578,
          4.182517
        ],
        [
          0.896978,
          0.029412,
          -0.441097,
          1.887169
        ],
        [
          0.067966,
          -0.995097,
          0.071858,
          1.633748
        ],
        [
          0.0,
          0.0,
          0.0,
          1.0
        ]
      ]
    },
    {
      "file_path": "/media/NFS/ttao/scannet/posed_images/scene0034_00/00166.jpg",
      "transform_matrix": [
        [
          -0.435647,
          -0.080517,
          -0.896509,
          4.179525
        ],
        [
          0.897908,
          0.03087,
          -0.4391,
          1.887907
        ],
        [
          0.063031,
          -0.996275,
          0.058848,
          1.631508
        ],
        [
          0.0,
          0.0,
          0.0,
          1.0
        ]
      ]
    },
    {
      "file_path": "/media/NFS/ttao/scannet/posed_images/scene0034_00/00170.jpg",
      "transform_matrix": [
        [
          -0.423913,
          -0.002064,
          -0.905701,
          4.163247
        ],
        [
          0.904503,
          0.050508,
          -0.423467,
          1.879844
        ],
        [
          0.046619,
          -0.998722,
          -0.019544,
          1.608703
        ],
        [
          0.0,
          0.0,
          0.0,
          1.0
        ]
      ]
    },
    {
      "file_path": "/media/NFS/ttao/scannet/posed_images/scene0034_00/00171.jpg",
      "transform_matrix": [
        [
          -0.423716,
          0.018424,
          -0.905608,
          4.159922
        ],
        [
          0.904892,
          0.053237,
          -0.422298,
          1.879853
        ],
        [
          0.040431,
          -0.998412,
          -0.03923,
          1.612175
        ],
        [
          0.0,
          0.0,
          0.0,
          1.0
        ]
      ]
    },
    {
      "file_path": "/media/NFS/ttao/scannet/posed_images/scene0034_00/00175.jpg",
      "transform_matrix": [
        [
          -0.422219,
          0.095613,
          -0.901437,
          4.143576
        ],
        [
          0.905933,
          0.079494,
          -0.415893,
          1.87274
        ],
        [
          0.031894,
          -0.992239,
          -0.120183,
          1.588588
        ],
        [
          0.0,
          0.0,
          0.0,
          1.0
        ]
      ]
    },
    {
      "file_path": "/media/NFS/ttao/scannet/posed_images/scene0034_00/00177.jpg",
      "transform_matrix": [
        [
          -0.420116,
          0.128792,
          -0.898285,
          4.137101
        ],
        [
          0.906727,
          0.099634,
          -0.40978,
          1.868392
        ],
        [
          0.036723,
          -0.986654,
          -0.158637,
          1.577859
        ],
        [
          0.0,
          0.0,
          0.0,
          1.0
        ]
      ]
    },
    {
      "file_path": "/media/NFS/ttao/scannet/posed_images/scene0034_00/00181.jpg",
      "transform_matrix": [
        [
          -0.41563,
          0.226419,
          -0.880901,
          4.117978
        ],
        [
          0.908766,
          0.14317,
          -0.391978,
          1.842215
        ],
        [
          0.037367,
          -0.963451,
          -0.265267,
          1.544441
        ],
        [
          0.0,
          0.0,
          0.0,
          1.0
        ]
      ]
    },
    {
      "file_path": "/media/NFS/ttao/scannet/posed_images/scene0034_00/00183.jpg",
      "transform_matrix": [
        [
          -0.413618,
          0.25587,
          -0.873756,
          4.11086
        ],
        [
          0.909927,
          0.148697,
          -0.387197,
          1.831105
        ],
        [
          0.030853,
          -0.955207,
          -0.294327,
          1.52754
        ],
        [
          0.0,
          0.0,
          0.0,
          1.0
        ]
      ]
    },
    {
      "file_path": "/media/NFS/ttao/scannet/posed_images/scene0034_00/00187.jpg",
      "transform_matrix": [
        [
          -0.377012,
          0.336253,
          -0.863016,
          4.089804
        ],
        [
          0.924996,
          0.184349,
          -0.332261,
          1.78734
        ],
        [
          0.047373,
          -0.923553,
          -0.380534,
          1.489995
        ],
        [
          0.0,
          0.0,
          0.0,
          1.0
        ]
      ]
    },
    {
      "file_path": "/media/NFS/ttao/scannet/posed_images/scene0034_00/00191.jpg",
      "transform_matrix": [
        [
          -0.310474,
          0.418888,
          -0.85331,
          4.062995
        ],
        [
          0.949648,
          0.176456,
          -0.258905,
          1.718115
        ],
        [
          0.042119,
          -0.890728,
          -0.452581,
          1.457984
        ],
        [
          0.0,
          0.0,
          0.0,
          1.0
        ]
      ]
    },
    {
      "file_path": "/media/NFS/ttao/scannet/posed_images/scene0034_00/00192.jpg",
      "transform_matrix": [
        [
          -0.297402,
          0.430598,
          -0.852137,
          4.058497
        ],
        [
          0.954156,
          0.165597,
          -0.249329,
          1.704702
        ],
        [
          0.033751,
          -0.887222,
          -0.460106,
          1.453506
        ],
        [
          0.0,
          0.0,
          0.0,
          1.0
        ]
      ]
    },
    {
      "file_path": "/media/NFS/ttao/scannet/posed_images/scene0034_00/00195.jpg",
      "transform_matrix": [
        [
          -0.240031,
          0.484392,
          -0.841278,
          4.041003
        ],
        [
          0.970762,
          0.121947,
          -0.20676,
          1.649572
        ],
        [
          0.002438,
          -0.86631,
          -0.499501,
          1.43495
        ],
        [
          0.0,
          0.0,
          0.0,
          1.0
        ]
      ]
    },
    {
      "file_path": "/media/NFS/ttao/scannet/posed_images/scene0034_00/00200.jpg",
      "transform_matrix": [
        [
          -0.128031,
          0.550803,
          -0.824757,
          4.018198
        ],
        [
          0.991562,
          0.054054,
          -0.117825,
          1.582989
        ],
        [
          -0.020317,
          -0.832883,
          -0.553076,
          1.41128
        ],
        [
          0.0,
          0.0,
          0.0,
          1.0
        ]
      ]
    },
    {
      "file_path": "/media/NFS/ttao/scannet/posed_images/scene0034_00/00201.jpg",
      "transform_matrix": [
        [
          -0.107953,
          0.562747,
          -0.81955,
          4.014627
        ],
        [
          0.993973,
          0.045281,
          -0.099836,
          1.571064
        ],
        [
          -0.019073,
          -0.825388,
          -0.564244,
          1.408481
        ],
        [
          0.0,
          0.0,
          0.0,
          1.0
        ]
      ]
    },
    {
      "file_path": "/media/NFS/ttao/scannet/posed_images/scene0034_00/00205.jpg",
      "transform_matrix": [
        [
          -0.030368,
          0.579291,
          -0.814554,
          4.010204
        ],
        [
          0.999287,
          -0.000691,
          -0.037747,
          1.545975
        ],
        [
          -0.022429,
          -0.81512,
          -0.578858,
          1.403146
        ],
        [
          0.0,
          0.0,
          0.0,
          1.0
        ]
      ]
    },
    {
      "file_path": "/media/NFS/ttao/scannet/posed_images/scene0034_00/00206.jpg",
      "transform_matrix": [
        [
          -0.018621,
          0.575247,
          -0.817767,
          4.010447
        ],
        [
          0.99954,
          -0.008877,
          -0.029005,
          1.542211
        ],
        [
          -0.023944,
          -0.817931,
          -0.574817,
          1.404868
        ],
        [
          0.0,
          0.0,
          0.0,
          1.0
        ]
      ]
    },
    {
      "file_path": "/media/NFS/ttao/scannet/posed_images/scene0034_00/00211.jpg",
      "transform_matrix": [
        [
          0.035127,
          0.543116,
          -0.838923,
          4.035237
        ],
        [
          0.999321,
          -0.028394,
          0.023461,
          1.533411
        ],
        [
          -0.011078,
          -0.839177,
          -0.543745,
          1.406124
        ],
        [
          0.0,
          0.0,
          0.0,
          1.0
        ]
      ]
    },
    {
      "file_path": "/media/NFS/ttao/scannet/posed_images/scene0034_00/00214.jpg",
      "transform_matrix": [
        [
          0.054955,
          0.527842,
          -0.847563,
          4.052553
        ],
        [
          0.998361,
          -0.042642,
          0.038176,
          1.536965
        ],
        [
          -0.015991,
          -0.848272,
          -0.52932,
          1.41478
        ],
        [
          0.0,
          0.0,
          0.0,
          1.0
        ]
      ]
    },
    {
      "file_path": "/media/NFS/ttao/scannet/posed_images/scene0034_00/00216.jpg",
      "transform_matrix": [
        [
          0.073602,
          0.515269,
          -0.853862,
          4.076941
        ],
        [
          0.997068,
          -0.055985,
          0.052162,
          1.536103
        ],
        [
          -0.020926,
          -0.855198,
          -0.517879,
          1.419402
        ],
        [
          0.0,
          0.0,
          0.0,
          1.0
        ]
      ]
    },
    {
      "file_path": "/media/NFS/ttao/scannet/posed_images/scene0034_00/00220.jpg",
      "transform_matrix": [
        [
          0.126962,
          0.511855,
          -0.849638,
          4.120581
        ],
        [
          0.991367,
          -0.093765,
          0.091653,
          1.52995
        ],
        [
          -0.032753,
          -0.85394,
          -0.519341,
          1.419008
        ],
        [
          0.0,
          0.0,
          0.0,
          1.0
        ]
      ]
    },
    {
      "file_path": "/media/NFS/ttao/scannet/posed_images/scene0034_00/00221.jpg",
      "transform_matrix": [
        [
          0.135467,
          0.509728,
          -0.849604,
          4.130309
        ],
        [
          0.989882,
          -0.106181,
          0.094129,
          1.53063
        ],
        [
          -0.042231,
          -0.853758,
          -0.518954,
          1.418157
        ],
        [
          0.0,
          0.0,
          0.0,
          1.0
        ]
      ]
    },
    {
      "file_path": "/media/NFS/ttao/scannet/posed_images/scene0034_00/00226.jpg",
      "transform_matrix": [
        [
          0.15202,
          0.530315,
          -0.83406,
          4.178527
        ],
        [
          0.985429,
          -0.146455,
          0.086489,
          1.526749
        ],
        [
          -0.076285,
          -0.835055,
          -0.544852,
          1.414923
        ],
