{
  "frames": [
    {
      "file_path": "/media/NFS/ttao/scannet/posed_images/scene0170_01/00001.jpg",
      "transform_matrix": [
        [
          -0.245691,
          -0.640666,
          0.72745,
          0.870918
        ],
        [
          -0.969,
          0.182437,
          -0.166601,
          2.608491
        ],
        [
          -0.025978,
          -0.745831,
          -0.665628,
          1.284553
        ],
        [
          0.0,
          0.0,
          0.0,
          1.0
        ]
      ]
    },
    {
      "file_path": "/media/NFS/ttao/scannet/posed_images/scene0170_01/00004.jpg",
      "transform_matrix": [
        [
          -0.27098,
          -0.633138,
          0.725056,
          0.868987
        ],
        [
          -0.962456,
          0.190535,
          -0.193325,
          2.628029
        ],
        [
          -0.015747,
          -0.750222,
          -0.660999,
          1.281176
        ],
        [
          0.0,
          0.0,
          0.0,
          1.0
        ]
      ]
    },
    {
      "file_path": "/media/NFS/ttao/scannet/posed_images/scene0170_01/00010.jpg",
      "transform_matrix": [
        [
          -0.322109,
          -0.637611,
          0.699784,
          0.86934
        ],
        [
          -0.946675,
          0.222583,
          -0.232946,
          2.683183
        ],
        [
          -0.007231,
          -0.737502,
          -0.675306,
          1.259406
        ],
        [
          0.0,
          0.0,
          0.0,
          1.0
        ]
      ]
    },
    {
      "file_path": "/media/NFS/ttao/scannet/posed_images/scene0170_01/00013.jpg",
      "transform_matrix": [
        [
          -0.334237,
          -0.64147,
          0.690508,
          0.865682
        ],
        [
          -0.942478,
          0.231151,
          -0.241466,
          2.716613
        ],
        [
          -0.004719,
          -0.731495,
          -0.68183,
          1.249098
        ],
        [
          0.0,
          0.0,
          0.0,
          1.0
        ]
      ]
    },
    {
      "file_path": "/media/NFS/ttao/scannet/posed_images/scene0170_01/00018.jpg",
      "transform_matrix": [
        [
          -0.348995,
          -0.643761,
          0.68101,
          0.85914
        ],
        [
          -0.937111,
          0.235821,
          -0.257316,
          2.770691
        ],
        [
          0.005053,
          -0.727984,
          -0.685575,
          1.238584
        ],
        [
          0.0,
          0.0,
          0.0,
          1.0
        ]
      ]
    },
    {
      "file_path": "/media/NFS/ttao/scannet/posed_images/scene0170_01/00022.jpg",
      "transform_matrix": [
        [
          -0.327991,
          -0.648612,
          0.686823,
          0.851773
        ],
        [
          -0.944595,
          0.215322,
          -0.247746,
          2.811537
        ],
        [
          0.012803,
          -0.730027,
          -0.683299,
          1.23466
        ],
        [
          0.0,
          0.0,
          0.0,
          1.0
        ]
      ]
    },
    {
      "file_path": "/media/NFS/ttao/scannet/posed_images/scene0170_01/00024.jpg",
      "transform_matrix": [
        [
          -0.311428,
          -0.649342,
          0.693807,
          0.848347
        ],
        [
          -0.950066,
          0.197648,
          -0.241474,
          2.831597
        ],
        [
          0.019669,
          -0.734364,
          -0.678471,
          1.23234
        ],
        [
          0.0,
          0.0,
          0.0,
          1.0
        ]
      ]
    },
    {
      "file_path": "/media/NFS/ttao/scannet/posed_images/scene0170_01/00032.jpg",
      "transform_matrix": [
        [
          -0.237626,
          -0.665923,
          0.707164,
          0.841908
        ],
        [
          -0.97046,
          0.131474,
          -0.202294,
          2.900564
        ],
        [
          0.041738,
          -0.734344,
          -0.677493,
          1.225564
        ],
        [
          0.0,
          0.0,
          0.0,
          1.0
        ]
      ]
    },
    {
      "file_path": "/media/NFS/ttao/scannet/posed_images/scene0170_01/00033.jpg",
      "transform_matrix": [
        [
          -0.227907,
          -0.668296,
          0.708124,
          0.841443
        ],
        [
          -0.972732,
          0.124145,
          -0.195908,
          2.906398
        ],
        [
          0.043014,
          -0.733464,
          -0.678366,
          1.225067
        ],
        [
          0.0,
          0.0,
          0.0,
          1.0
        ]
      ]
    },
    {
      "file_path": "/media/NFS/ttao/scannet/posed_images/scene0170_01/00041.jpg",
      "transform_matrix": [
        [
          -0.169871,
          -0.655341,
          0.735984,
          0.847465
        ],
        [
          -0.983759,
          0.06882,
          -0.16578,
          2.935868
        ],
        [
          0.057992,
          -0.752192,
          -0.656387,
          1.229053
        ],
        [
          0.0,
          0.0,
          0.0,
          1.0
        ]
      ]
    },
    {
      "file_path": "/media/NFS/ttao/scannet/posed_images/scene0170_01/00042.jpg",
      "transform_matrix": [
        [
          -0.166024,
          -0.650177,
          0.741421,
          0.849286
        ],
        [
          -0.984501,
          0.066197,
          -0.162407,
          2.934798
        ],
        [
          0.056513,
          -0.756893,
          -0.651091,
          1.228831
        ],
        [
          0.0,
          0.0,
          0.0,
          1.0
        ]
      ]
    },
    {
      "file_path": "/media/NFS/ttao/scannet/posed_images/scene0170_01/00048.jpg",
      "transform_matrix": [
        [
          -0.151671,
          -0.626363,
          0.764634,
          0.888679
        ],
        [
          -0.987329,
          0.059482,
          -0.147118,
          2.926708
        ],
        [
          0.046667,
          -0.777259,
          -0.627447,
          1.244918
        ],
        [
          0.0,
          0.0,
          0.0,
          1.0
        ]
      ]
    },
    {
      "file_path": "/media/NFS/ttao/scannet/posed_images/scene0170_01/00054.jpg",
      "transform_matrix": [
        [
          -0.148391,
          -0.618663,
          0.771516,
          0.943888
        ],
        [
          -0.988614,
          0.073105,
          -0.131525,
          2.90913
        ],
        [
          0.024968,
          -0.782248,
          -0.622467,
          1.251188
        ],
        [
          0.0,
          0.0,
          0.0,
          1.0
        ]
      ]
    },
    {
      "file_path": "/media/NFS/ttao/scannet/posed_images/scene0170_01/00055.jpg",
      "transform_matrix": [
        [
          -0.15268,
          -0.618253,
          0.771008,
          0.95417
        ],
        [
          -0.988014,
          0.077523,
          -0.133489,
          2.906837
        ],
        [
          0.022759,
          -0.782147,
          -0.622678,
          1.253609
        ],
        [
          0.0,
          0.0,
          0.0,
          1.0
        ]
      ]
    },
    {
      "file_path": "/media/NFS/ttao/scannet/posed_images/scene0170_01/00061.jpg",
      "transform_matrix": [
        [
          -0.169616,
          -0.621623,
          0.764732,
          0.998659
        ],
        [
          -0.985345,
          0.092761,
          -0.143145,
          2.896153
        ],
        [
          0.018045,
          -0.777804,
          -0.628247,
          1.256841
        ],
        [
          0.0,
          0.0,
          0.0,
          1.0
        ]
      ]
    },
    {
      "file_path": "/media/NFS/ttao/scannet/posed_images/scene0170_01/00066.jpg",
      "transform_matrix": [
        [
          -0.187593,
          -0.632975,
          0.7511,
          1.025892
        ],
        [
          -0.981837,
          0.098752,
          -0.162001,
          2.911621
        ],
        [
          0.02837,
          -0.767848,
          -0.640004,
          1.253124
        ],
        [
          0.0,
          0.0,
          0.0,
          1.0
        ]
      ]
    },
    {
      "file_path": "/media/NFS/ttao/scannet/posed_images/scene0170_01/00068.jpg",
      "transform_matrix": [
        [
          -0.196546,
          -0.63845,
          0.744145,
          1.035887
        ],
        [
          -0.979748,
          0.098263,
          -0.174468,
          2.920591
        ],
        [
          0.038267,
          -0.763365,
          -0.644833,
          1.251807
        ],
        [
          0.0,
          0.0,
          0.0,
          1.0
        ]
      ]
    },
    {
      "file_path": "/media/NFS/ttao/scannet/posed_images/scene0170_01/00074.jpg",
      "transform_matrix": [
        [
          -0.241443,
          -0.64497,
          0.725064,
          1.072526
        ],
        [
          -0.967337,
          0.100502,
          -0.232719,
          2.975747
        ],
        [
          0.077226,
          -0.75757,
          -0.648169,
          1.247013
        ],
        [
          0.0,
          0.0,
          0.0,
          1.0
        ]
      ]
    },
    {
      "file_path": "/media/NFS/ttao/scannet/posed_images/scene0170_01/00075.jpg",
      "transform_matrix": [
        [
          -0.258582,
          -0.640905,
          0.722756,
          1.081144
        ],
        [
          -0.962009,
          0.103002,
          -0.252842,
          2.989906
        ],
        [
          0.087602,
          -0.760678,
          -0.643191,
          1.249024
        ],
        [
          0.0,
          0.0,
          0.0,
          1.0
        ]
      ]
    },
    {
      "file_path": "/media/NFS/ttao/scannet/posed_images/scene0170_01/00082.jpg",
      "transform_matrix": [
        [
          -0.438282,
          -0.593383,
          0.675134,
          1.160355
        ],
        [
          -0.891165,
          0.188937,
          -0.412465,
          3.12727
        ],
        [
          0.117192,
          -0.782431,
          -0.61161,
          1.249903
        ],
        [
          0.0,
          0.0,
          0.0,
          1.0
        ]
      ]
    },
    {
      "file_path": "/media/NFS/ttao/scannet/posed_images/scene0170_01/00085.jpg",
      "transform_matrix": [
        [
          -0.474932,
          -0.590676,
          0.652335,
          1.187974
        ],
        [
          -0.871907,
          0.215394,
          -0.439755,
          3.176452
        ],
        [
          0.119244,
          -0.777629,
          -0.617312,
          1.251706
        ],
        [
          0.0,
          0.0,
          0.0,
          1.0
        ]
      ]
    },
    {
      "file_path": "/media/NFS/ttao/scannet/posed_images/scene0170_01/00092.jpg",
      "transform_matrix": [
        [
          -0.520545,
          -0.589589,
          0.61759,
          1.232771
        ],
        [
          -0.845423,
          0.254628,
          -0.469494,
          3.273566
        ],
        [
          0.119552,
          -0.766518,
          -0.630997,
          1.244994
        ],
        [
          0.0,
          0.0,
          0.0,
          1.0
        ]
      ]
    },
    {
      "file_path": "/media/NFS/ttao/scannet/posed_images/scene0170_01/00093.jpg",
      "transform_matrix": [
        [
          -0.527106,
          -0.588563,
          0.612987,
          1.237142
        ],
        [
          -0.84126,
          0.259394,
          -0.474338,
          3.284851
        ],
        [
          0.120173,
          -0.765708,
          -0.631862,
          1.241791
        ],
        [
          0.0,
          0.0,
          0.0,
          1.0
        ]
      ]
    },
    {
      "file_path": "/media/NFS/ttao/scannet/posed_images/scene0170_01/00097.jpg",
      "transform_matrix": [
        [
          -0.550814,
          -0.583547,
          0.596722,
          1.24963
        ],
        [
          -0.826481,
          0.281702,
          -0.487415,
          3.324464
        ],
        [
          0.116332,
          -0.761654,
          -0.637456,
          1.225619
        ],
        [
          0.0,
          0.0,
          0.0,
          1.0
        ]
      ]
    },
    {
      "file_path": "/media/NFS/ttao/scannet/posed_images/scene0170_01/00105.jpg",
      "transform_matrix": [
        [
          -0.548768,
          -0.605676,
          0.576203,
          1.248436
        ],
        [
          -0.828939,
          0.305007,
          -0.468862,
          3.382804
        ],
        [
          0.108232,
          -0.734933,
          -0.669447,
          1.195525
        ],
        [
          0.0,
          0.0,
          0.0,
          1.0
        ]
      ]
    },
    {
      "file_path": "/media/NFS/ttao/scannet/posed_images/scene0170_01/00108.jpg",
      "transform_matrix": [
        [
          -0.535302,
          -0.630666,
          0.561882,
          1.241214
        ],
        [
          -0.836544,
          0.303845,
          -0.45593,
          3.401878
        ],
        [
          0.116814,
          -0.7141,
          -0.690229,
          1.184456
        ],
        [
          0.0,
          0.0,
          0.0,
          1.0
        ]
      ]
    },
    {
      "file_path": "/media/NFS/ttao/scannet/posed_images/scene0170_01/00110.jpg",
      "transform_matrix": [
        [
          -0.530984,
          -0.636875,
          0.558968,
          1.233123
        ],
        [
          -0.83998,
          0.308596,
          -0.44632,
          3.40396
        ],
        [
          0.111755,
          -0.706511,
          -0.698822,
          1.180913
        ],
        [
          0.0,
          0.0,
          0.0,
          1.0
        ]
      ]
    },
    {
      "file_path": "/media/NFS/ttao/scannet/posed_images/scene0170_01/00114.jpg",
      "transform_matrix": [
        [
          -0.52477,
          -0.647925,
          0.552095,
          1.223733
        ],
        [
          -0.84442,
          0.314269,
          -0.433809,
          3.410926
        ],
        [
          0.10757,
          -0.69385,
          -0.71204,
          1.176857
        ],
        [
          0.0,
          0.0,
          0.0,
          1.0
        ]
      ]
    },
    {
      "file_path": "/media/NFS/ttao/scannet/posed_images/scene0170_01/00119.jpg",
      "transform_matrix": [
        [
          -0.509,
          -0.660271,
          0.552233,
          1.216281
        ],
        [
          -0.853301,
          0.302738,
          -0.424533,
          3.416113
        ],
        [
          0.113125,
          -0.687308,
          -0.717503,
          1.174553
        ],
        [
          0.0,
          0.0,
          0.0,
          1.0
        ]
      ]
    },
    {
      "file_path": "/media/NFS/ttao/scannet/posed_images/scene0170_01/00125.jpg",
      "transform_matrix": [
        [
          -0.475801,
          -0.673232,
          0.566013,
          1.215235
        ],
        [
          -0.871938,
          0.276543,
          -0.404039,
          3.414446
        ],
        [
          0.115485,
          -0.685771,
          -0.718597,
          1.174664
        ],
        [
          0.0,
          0.0,
          0.0,
          1.0
        ]
      ]
    },
    {
      "file_path": "/media/NFS/ttao/scannet/posed_images/scene0170_01/00130.jpg",
      "transform_matrix": [
        [
          -0.44969,
          -0.67294,
          0.587308,
          1.219702
        ],
        [
          -0.885666,
          0.25081,
          -0.390757,
          3.403399
        ],
        [
          0.115653,
          -0.695878,
          -0.708787,
          1.180135
        ],
        [
          0.0,
          0.0,
          0.0,
          1.0
        ]
      ]
    },
    {
      "file_path": "/media/NFS/ttao/scannet/posed_images/scene0170_01/00133.jpg",
      "transform_matrix": [
        [
          -0.429883,
          -0.675862,
          0.598674,
          1.220523
        ],
        [
          -0.895899,
          0.236981,
          -0.375773,
          3.392426
        ],
        [
          0.112097,
          -0.69789,
          -0.707378,
          1.184457
        ],
        [
          0.0,
          0.0,
          0.0,
          1.0
        ]
      ]
    },
    {
      "file_path": "/media/NFS/ttao/scannet/posed_images/scene0170_01/00135.jpg",
      "transform_matrix": [
        [
          -0.419694,
          -0.682825,
          0.598002,
          1.220408
        ],
        [
          -0.900816,
          0.232561,
          -0.366669,
          3.379327
        ],
        [
          0.111299,
          -0.692579,
          -0.712704,
          1.187545
        ],
        [
          0.0,
          0.0,
          0.0,
          1.0
        ]
      ]
    },
    {
      "file_path": "/media/NFS/ttao/scannet/posed_images/scene0170_01/00140.jpg",
      "transform_matrix": [
        [
          -0.397196,
          -0.674618,
          0.622195,
          1.21294
        ],
        [
          -0.912813,
          0.220299,
          -0.343861,
          3.316155
        ],
        [
          0.094906,
          -0.704528,
          -0.703302,
          1.203612
        ],
        [
          0.0,
          0.0,
          0.0,
          1.0
        ]
      ]
    },
    {
      "file_path": "/media/NFS/ttao/scannet/posed_images/scene0170_01/00144.jpg",
      "transform_matrix": [
        [
          -0.376645,
          -0.658237,
          0.651815,
          1.20068
        ],
        [
          -0.923627,
          0.212849,
          -0.318762,
          3.239102
        ],
        [
          0.071083,
          -0.722093,
          -0.688134,
          1.215175
        ],
        [
          0.0,
          0.0,
          0.0,
          1.0
        ]
      ]
    },
    {
      "file_path": "/media/NFS/ttao/scannet/posed_images/scene0170_01/00151.jpg",
      "transform_matrix": [
        [
          -0.265442,
          -0.662624,
          0.700336,
          1.165433
        ],
        [
          -0.962497,
          0.139903,
          -0.232436,
          3.071671
        ],
        [
          0.056038,
          -0.735769,
          -0.67491,
          1.234105
        ],
        [
          0.0,
          0.0,
          0.0,
          1.0
        ]
      ]
    },
    {
      "file_path": "/media/NFS/ttao/scannet/posed_images/scene0170_01/00156.jpg",
      "transform_matrix": [
        [
          -0.20792,
          -0.695916,
          0.687364,
          1.153159
        ],
        [
          -0.976781,
          0.110605,
          -0.183484,
          2.980314
        ],
        [
          0.051664,
          -0.709554,
          -0.702755,
          1.241773
        ],
        [
          0.0,
          0.0,
          0.0,
          1.0
        ]
      ]
    },
    {
      "file_path": "/media/NFS/ttao/scannet/posed_images/scene0170_01/00160.jpg",
      "transform_matrix": [
        [
          -0.170885,
          -0.693905,
          0.699496,
          1.147218
        ],
        [
          -0.984541,
          0.092557,
          -0.148704,
          2.926535
        ],
        [
          0.038443,
          -0.714094,
          -0.698994,
          1.24787
        ],
        [
          0.0,
          0.0,
          0.0,
          1.0
        ]
      ]
    },
    {
      "file_path": "/media/NFS/ttao/scannet/posed_images/scene0170_01/00162.jpg",
      "transform_matrix": [
        [
          -0.154988,
          -0.692656,
          0.70442,
          1.148085
        ],
        [
          -0.987438,
          0.086432,
          -0.13227,
          2.906364
        ],
        [
          0.030733,
          -0.716071,
          -0.697351,
          1.247887
        ],
        [
          0.0,
          0.0,
          0.0,
          1.0
        ]
      ]
    },
    {
      "file_path": "/media/NFS/ttao/scannet/posed_images/scene0170_01/00165.jpg",
      "transform_matrix": [
        [
          -0.116583,
          -0.701259,
          0.70331,
          1.152558
        ],
        [
          -0.9928,
          0.062659,
          -0.102094,
          2.877253
        ],
        [
          0.027526,
          -0.710148,
          -0.703514,
          1.244003
        ],
        [
          0.0,
          0.0,
          0.0,
          1.0
        ]
      ]
    },
    {
      "file_path": "/media/NFS/ttao/scannet/posed_images/scene0170_01/00170.jpg",
      "transform_matrix": [
        [
          -0.026809,
          -0.718213,
          0.695306,
          1.166319
        ],
        [
          -0.998604,
          -0.012422,
          -0.051334,
          2.838829
        ],
        [
          0.045505,
          -0.695712,
          -0.716878,
          1.235763
        ],
        [
          0.0,
          0.0,
          0.0,
          1.0
        ]
      ]
    },
    {
      "file_path": "/media/NFS/ttao/scannet/posed_images/scene0170_01/00176.jpg",
      "transform_matrix": [
        [
          0.085298,
          -0.724249,
          0.684242,
          1.187229
        ],
        [
          -0.993772,
          -0.111266,
          0.006113,
          2.788627
        ],
        [
          0.071705,
          -0.680502,
          -0.729229,
          1.234238
        ],
        [
          0.0,
          0.0,
          0.0,
          1.0
        ]
      ]
    },
    {
      "file_path": "/media/NFS/ttao/scannet/posed_images/scene0170_01/00181.jpg",
      "transform_matrix": [
        [
          0.184817,
          -0.720977,
          0.667858,
          1.196792
        ],
        [
          -0.980771,
          -0.17866,
          0.07854,
          2.75313
        ],
        [
          0.062694,
          -0.669532,
          -0.740133,
          1.238909
        ],
        [
          0.0,
          0.0,
          0.0,
          1.0
        ]
      ]
    },
    {
      "file_path": "/media/NFS/ttao/scannet/posed_images/scene0170_01/00185.jpg",
      "transform_matrix": [
        [
          0.25674,
          -0.709766,
          0.655985,
          1.203227
        ],
        [
          -0.965178,
          -0.223515,
          0.135913,
          2.723038
        ],
        [
          0.050156,
          -0.668036,
          -0.742436,
          1.238491
        ],
        [
          0.0,
          0.0,
          0.0,
          1.0
        ]
      ]
    },
    {
      "file_path": "/media/NFS/ttao/scannet/posed_images/scene0170_01/00186.jpg",
      "transform_matrix": [
        [
          0.273811,
          -0.70765,
          0.651352,
          1.205797
        ],
        [
          -0.960541,
          -0.23562,
          0.1478,
          2.714971
        ],
        [
          0.04888,
          -0.666119,
          -0.744242,
          1.238166
        ],
        [
          0.0,
          0.0,
          0.0,
          1.0
        ]
      ]
    },
    {
      "file_path": "/media/NFS/ttao/scannet/posed_images/scene0170_01/00190.jpg",
      "transform_matrix": [
        [
          0.347307,
          -0.693564,
          0.631147,
          1.217715
        ],
        [
          -0.936248,
          -0.294555,
          0.191513,
          2.677847
        ],
        [
          0.05308,
          -0.657424,
          -0.751649,
          1.237391
        ],
        [
          0.0,
          0.0,
          0.0,
          1.0
        ]
      ]
    },
    {
      "file_path": "/media/NFS/ttao/scannet/posed_images/scene0170_01/00195.jpg",
      "transform_matrix": [
        [
          0.493395,
          -0.632833,
          0.596728,
          1.222615
        ],
        [
          -0.868798,
          -0.39156,
          0.303101,
          2.636985
        ],
        [
          0.041842,
          -0.667985,
          -0.742998,
          1.250887
        ],
        [
          0.0,
          0.0,
          0.0,
          1.0
        ]
      ]
    },
    {
      "file_path": "/media/NFS/ttao/scannet/posed_images/scene0170_01/00200.jpg",
      "transform_matrix": [
        [
          0.60958,
          -0.569966,
          0.550955,
          1.224309
        ],
        [
          -0.791595,
          -0.474759,
          0.384684,
          2.609119
        ],
        [
          0.042314,
          -0.670628,
          -0.740586,
          1.258236
        ],
        [
          0.0,
          0.0,
          0.0,
          1.0
        ]
      ]
    },
    {
      "file_path": "/media/NFS/ttao/scannet/posed_images/scene0170_01/00207.jpg",
      "transform_matrix": [
        [
          0.681463,
          -0.518438,
          0.516556,
          1.234515
        ],
        [
          -0.731206,
          -0.511974,
          0.4508,
          2.591995
        ],
        [
          0.030752,
          -0.684913,
          -0.727976,
          1.264317
        ],
        [
          0.0,
          0.0,
          0.0,
          1.0
        ]
      ]
    },
    {
      "file_path": "/media/NFS/ttao/scannet/posed_images/scene0170_01/00208.jpg",
      "transform_matrix": [
        [
          0.684978,
          -0.514367,
          0.515977,
          1.234109
        ],
        [
          -0.727944,
          -0.512402,
          0.455568,
          2.591238
        ],
        [
          0.030059,
          -0.687656,
          -0.725414,
          1.265277
        ],
        [
          0.0,
          0.0,
          0.0,
          1.0
        ]
      ]
    },
    {
      "file_path": "/media/NFS/ttao/scannet/posed_images/scene0170_01/00212.jpg",
      "transform_matrix": [
        [
          0.686138,
          -0.512677,
          0.516117,
          1.225862
        ],
        [
          -0.726971,
          -0.509542,
          0.460304,
          2.597079
        ],
        [
          0.026996,
          -0.691034,
          -0.722318,
          1.269628
        ],
        [
          0.0,
          0.0,
          0.0,
          1.0
        ]
      ]
    },
    {
      "file_path": "/media/NFS/ttao/scannet/posed_images/scene0170_01/00216.jpg",
      "transform_matrix": [
        [
          0.686635,
          -0.50532,
          0.52267,
          1.200768
        ],
        [
          -0.72688,
          -0.490369,
          0.480816,
          2.607961
        ],
        [
          0.013335,
          -0.710064,
          -0.704011,
          1.278421
        ],
        [
          0.0,
          0.0,
          0.0,
          1.0
        ]
      ]
    },
    {
      "file_path": "/media/NFS/ttao/scannet/posed_images/scene0170_01/00223.jpg",
      "transform_matrix": [
        [
          0.675785,
          -0.446337,
          0.586599,
          1.093434
        ],
        [
          -0.735787,
          -0.455944,
          0.500732,
          2.653679
        ],
        [
          0.043961,
          -0.769999,
          -0.636529,
          1.294073
        ],
        [
          0.0,
          0.0,
          0.0,
          1.0
        ]
      ]
    },
    {
      "file_path": "/media/NFS/ttao/scannet/posed_images/scene0170_01/00227.jpg",
      "transform_matrix": [
        [
          0.666132,
          -0.426727,
          0.611697,
          1.009314
        ],
        [
          -0.744368,
          -0.431773,
          0.5094,
          2.685273
        ],
        [
          0.046739,
          -0.794655,
          -0.60526,
          1.291476
        ],
        [
          0.0,
          0.0,
          0.0,
          1.0
        ]
      ]
    },
    {
      "file_path": "/media/NFS/ttao/scannet/posed_images/scene0170_01/00232.jpg",
      "transform_matrix": [
        [
          0.614712,
          -0.435183,
          0.657833,
          0.890693
        ],
        [
          -0.787353,
          -0.38821,
          0.478925,
          2.739967
        ],
        [
          0.046958,
          -0.812348,
          -0.58128,
          1.263351
        ],
        [
          0.0,
          0.0,
          0.0,
          1.0
        ]
      ]
    },
    {
      "file_path": "/media/NFS/ttao/scannet/posed_images/scene0170_01/00236.jpg",
      "transform_matrix": [
        [
          0.585563,
          -0.453018,
          0.672228,
          0.81469
        ],
        [
          -0.809742,
          -0.365615,
          0.458959,
          2.777468
        ],
        [
          0.03786,
          -0.813081,
          -0.580918,
          1.236022
        ],
        [
          0.0,
          0.0,
          0.0,
          1.0
        ]
      ]
    },
    {
      "file_path": "/media/NFS/ttao/scannet/posed_images/scene0170_01/00240.jpg",
      "transform_matrix": [
        [
          0.570482,
          -0.482028,
          0.66498,
          0.767699
        ],
        [
          -0.820001,
          -0.379969,
          0.428043,
          2.809567
        ],
        [
          0.046343,
          -0.789476,
          -0.61203,
          1.217198
        ],
        [
          0.0,
          0.0,
          0.0,
          1.0
        ]
      ]
    },
    {
      "file_path": "/media/NFS/ttao/scannet/posed_images/scene0170_01/00242.jpg",
      "transform_matrix": [
        [
          0.563202,
          -0.487692,
          0.667053,
          0.749061
        ],
        [
          -0.824465,
          -0.385704,
          0.414113,
          2.822735
        ],
        [
          0.055325,
          -0.783192,
          -0.619314,
          1.210464
        ],
        [
          0.0,
          0.0,
          0.0,
          1.0
        ]
      ]
    },
    {
      "file_path": "/media/NFS/ttao/scannet/posed_images/scene0170_01/00246.jpg",
      "transform_matrix": [
        [
          0.569279,
          -0.482425,
          0.665723,
          0.714757
        ],
        [
          -0.81925,
          -0.400753,
          0.410154,
          2.839474
        ],
        [
          0.068922,
          -0.778886,
          -0.623367,
          1.201198
        ],
        [
          0.0,
          0.0,
          0.0,
          1.0
        ]
      ]
    },
    {
      "file_path": "/media/NFS/ttao/scannet/posed_images/scene0170_01/00253.jpg",
      "transform_matrix": [
        [
          0.614624,
          -0.411858,
          0.672763,
          0.684354
        ],
        [
          -0.785363,
          -0.399258,
          0.473073,
          2.83462
        ],
        [
          0.073767,
          -0.819125,
          -0.568851,
          1.22216
        ],
        [
          0.0,
          0.0,
          0.0,
          1.0
        ]
      ]
    },
    {
      "file_path": "/media/NFS/ttao/scannet/posed_images/scene0170_01/00258.jpg",
      "transform_matrix": [
        [
          0.637783,
          -0.373038,
          0.673851,
          0.690596
        ],
        [
          -0.767262,
          -0.384263,
          0.513469,
          2.834604
        ],
        [
          0.067393,
          -0.844502,
          -0.531295,
          1.255352
        ],
        [
          0.0,
          0.0,
          0.0,
          1.0
        ]
      ]
    },
    {
      "file_path": "/media/NFS/ttao/scannet/posed_images/scene0170_01/00262.jpg",
      "transform_matrix": [
        [
          0.642309,
          -0.351987,
          0.68084,
          0.699058
        ],
        [
          -0.763787,
          -0.367882,
          0.530371,
          2.840492
        ],
        [
          0.063785,
          -0.860679,
          -0.505137,
          1.279776
        ],
        [
          0.0,
          0.0,
          0.0,
          1.0
        ]
      ]
    },
    {
      "file_path": "/media/NFS/ttao/scannet/posed_images/scene0170_01/00265.jpg",
      "transform_matrix": [
        [
          0.648148,
          -0.33821,
          0.682289,
          0.712997
        ],
        [
          -0.759391,
          -0.35392,
          0.545954,
          2.829833
        ],
        [
          0.056828,
          -0.871983,
          -0.486226,
          1.296241
        ],
        [
          0.0,
          0.0,
          0.0,
          1.0
        ]
      ]
    },
    {
      "file_path": "/media/NFS/ttao/scannet/posed_images/scene0170_01/00267.jpg",
      "transform_matrix": [
        [
          0.648434,
          -0.327837,
          0.687063,
          0.722646
        ],
        [
          -0.759082,
          -0.346835,
          0.550909,
          2.820628
        ],
        [
          0.057689,
          -0.878765,
          -0.473755,
          1.30422
        ],
        [
          0.0,
          0.0,
          0.0,
          1.0
        ]
      ]
    },
    {
      "file_path": "/media/NFS/ttao/scannet/posed_images/scene0170_01/00272.jpg",
      "transform_matrix": [
        [
          0.645958,
          -0.308326,
          0.698336,
          0.751562
        ],
        [
          -0.761412,
          -0.325759,
          0.560475,
          2.801831
        ],
        [
          0.054681,
          -0.893765,
          -0.44519,
          1.338293
        ],
        [
          0.0,
          0.0,
          0.0,
          1.0
        ]
      ]
    },
    {
      "file_path": "/media/NFS/ttao/scannet/posed_images/scene0170_01/00278.jpg",
      "transform_matrix": [
        [
          0.640105,
          -0.284674,
          0.713601,
          0.785898
        ],
        [
          -0.766571,
          -0.2987,
          0.568461,
          2.786946
        ],
        [
          0.051326,
          -0.9109,
          -0.409422,
          1.374402
        ],
        [
          0.0,
          0.0,
          0.0,
          1.0
        ]
      ]
    },
    {
      "file_path": "/media/NFS/ttao/scannet/posed_images/scene0170_01/00279.jpg",
      "transform_matrix": [
        [
          0.640051,
          -0.278258,
          0.716176,
          0.788961
        ],
        [
          -0.766771,
          -0.290723,
          0.572313,
          2.783212
        ],
        [
          0.048959,
          -0.915452,
          -0.399438,
          1.377849
        ],
        [
          0.0,
          0.0,
          0.0,
          1.0
        ]
      ]
    },
    {
      "file_path": "/media/NFS/ttao/scannet/posed_images/scene0170_01/00286.jpg",
      "transform_matrix": [
        [
          0.647413,
          -0.242703,
          0.722462,
          0.80294
        ],
        [
          -0.761394,
          -0.247866,
          0.599034,
          2.770042
        ],
        [
          0.033687,
          -0.937901,
          -0.345264,
          1.415128
        ],
        [
          0.0,
          0.0,
          0.0,
          1.0
        ]
      ]
    },
    {
      "file_path": "/media/NFS/ttao/scannet/posed_images/scene0170_01/00291.jpg",
      "transform_matrix": [
        [
          0.65853,
          -0.212032,
          0.722067,
          0.816885
        ],
        [
          -0.752066,
          -0.219961,
          0.6213,
          2.750291
        ],
        [
          0.027091,
          -0.952187,
          -0.304314,
          1.436053
        ],
        [
          0.0,
          0.0,
          0.0,
          1.0
        ]
      ]
    },
    {
      "file_path": "/media/NFS/ttao/scannet/posed_images/scene0170_01/00296.jpg",
      "transform_matrix": [
        [
          0.654473,
          -0.197476,
          0.729842,
          0.820008
        ],
        [
          -0.755718,
          -0.200965,
          0.623301,
          2.740081
        ],
        [
          0.023586,
          -0.959488,
          -0.280762,
          1.454657
        ],
        [
          0.0,
          0.0,
          0.0,
          1.0
        ]
      ]
    },
    {
      "file_path": "/media/NFS/ttao/scannet/posed_images/scene0170_01/00297.jpg",
      "transform_matrix": [
        [
          0.653222,
          -0.196044,
          0.731347,
          0.818753
        ],
        [
          -0.756769,
          -0.200342,
          0.622226,
          2.740983
        ],
        [
          0.024536,
          -0.959912,
          -0.279227,
          1.458242
        ],
        [
          0.0,
          0.0,
          0.0,
          1.0
        ]
      ]
    },
    {
      "file_path": "/media/NFS/ttao/scannet/posed_images/scene0170_01/00304.jpg",
      "transform_matrix": [
        [
          0.669462,
          -0.181532,
          0.720324,
          0.823294
        ],
        [
          -0.742593,
          -0.18888,
          0.642558,
          2.728737
        ],
        [
          0.019409,
          -0.965075,
          -0.261252,
          1.469537
        ],
        [
          0.0,
          0.0,
          0.0,
          1.0
        ]
      ]
    },
    {
      "file_path": "/media/NFS/ttao/scannet/posed_images/scene0170_01/00309.jpg",
      "transform_matrix": [
        [
          0.684125,
          -0.167716,
          0.70982,
          0.822168
        ],
        [
          -0.729272,
          -0.172861,
          0.662029,
          2.731804
        ],
        [
          0.011668,
          -0.970562,
          -0.240569,
          1.483333
        ],
        [
          0.0,
          0.0,
          0.0,
          1.0
        ]
      ]
    },
    {
      "file_path": "/media/NFS/ttao/scannet/posed_images/scene0170_01/00310.jpg",
      "transform_matrix": [
        [
          0.68902,
          -0.16188,
          0.706432,
          0.823221
        ],
        [
          -0.724683,
          -0.166446,
          0.668678,
          2.729931
        ],
        [
          0.009337,
          -0.972672,
          -0.231996,
          1.490003
        ],
        [
          0.0,
          0.0,
          0.0,
          1.0
        ]
      ]
    },
    {
      "file_path": "/media/NFS/ttao/scannet/posed_images/scene0170_01/00316.jpg",
      "transform_matrix": [
        [
          0.707081,
          -0.1347,
          0.694185,
          0.831392
        ],
        [
          -0.707086,
          -0.123457,
          0.696267,
          2.730057
        ],
        [
          -0.008086,
          -0.983166,
          -0.182539,
          1.531632
        ],
        [
          0.0,
          0.0,
          0.0,
          1.0
        ]
      ]
    },
    {
      "file_path": "/media/NFS/ttao/scannet/posed_images/scene0170_01/00319.jpg",
      "transform_matrix": [
        [
          0.717949,
          -0.111614,
          0.68709,
          0.836052
        ],
        [
          -0.696079,
          -0.108291,
          0.709751,
          2.728687
        ],
        [
          -0.004812,
          -0.987834,
          -0.155439,
          1.543013
        ],
        [
          0.0,
          0.0,
          0.0,
          1.0
        ]
      ]
    },
    {
      "file_path": "/media/NFS/ttao/scannet/posed_images/scene0170_01/00325.jpg",
      "transform_matrix": [
        [
          0.732515,
          -0.069986,
          0.677144,
          0.859579
        ],
        [
          -0.680691,
          -0.088472,
          0.727208,
          2.717726
        ],
        [
          0.009013,
          -0.993617,
          -0.112446,
          1.581058
        ],
        [
          0.0,
          0.0,
          0.0,
          1.0
        ]
      ]
    },
    {
      "file_path": "/media/NFS/ttao/scannet/posed_images/scene0170_01/00328.jpg",
      "transform_matrix": [
        [
          0.737983,
          -0.062374,
          0.67193,
          0.874962
        ],
        [
          -0.674815,
          -0.071777,
          0.734488,
          2.709636
        ],
        [
          0.002416,
          -0.995468,
