{
  "frames": [
    {
      "file_path": "/media/NFS/ttao/scannet/posed_images/scene0543_02/00000.jpg",
      "transform_matrix": [
        [
          0.974002,
          -0.08712,
          -0.20912,
          3.166497
        ],
        [
          0.124936,
          -0.56346,
          0.816642,
          0.321776
        ],
        [
          -0.188976,
          -0.821537,
          -0.537926,
          1.53206
        ],
        [
          0.0,
          0.0,
          0.0,
          1.0
        ]
      ]
    },
    {
      "file_path": "/media/NFS/ttao/scannet/posed_images/scene0543_02/00003.jpg",
      "transform_matrix": [
        [
          0.972065,
          -0.112988,
          -0.205729,
          3.173005
        ],
        [
          0.106647,
          -0.568188,
          0.815959,
          0.32112
        ],
        [
          -0.209086,
          -0.815105,
          -0.540265,
          1.534263
        ],
        [
          0.0,
          0.0,
          0.0,
          1.0
        ]
      ]
    },
    {
      "file_path": "/media/NFS/ttao/scannet/posed_images/scene0543_02/00006.jpg",
      "transform_matrix": [
        [
          0.972702,
          -0.129553,
          -0.192528,
          3.183738
        ],
        [
          0.086182,
          -0.568643,
          0.818057,
          0.32263
        ],
        [
          -0.215462,
          -0.812318,
          -0.541955,
          1.535805
        ],
        [
          0.0,
          0.0,
          0.0,
          1.0
        ]
      ]
    },
    {
      "file_path": "/media/NFS/ttao/scannet/posed_images/scene0543_02/00012.jpg",
      "transform_matrix": [
        [
          0.975016,
          -0.139902,
          -0.172546,
          3.192143
        ],
        [
          0.053038,
          -0.607674,
          0.792414,
          0.347168
        ],
        [
          -0.215712,
          -0.781767,
          -0.585071,
          1.549255
        ],
        [
          0.0,
          0.0,
          0.0,
          1.0
        ]
      ]
    },
    {
      "file_path": "/media/NFS/ttao/scannet/posed_images/scene0543_02/00015.jpg",
      "transform_matrix": [
        [
          0.972896,
          -0.155249,
          -0.171382,
          3.215088
        ],
        [
          0.041466,
          -0.611994,
          0.789775,
          0.356764
        ],
        [
          -0.227496,
          -0.775475,
          -0.588968,
          1.543979
        ],
        [
          0.0,
          0.0,
          0.0,
          1.0
        ]
      ]
    },
    {
      "file_path": "/media/NFS/ttao/scannet/posed_images/scene0543_02/00017.jpg",
      "transform_matrix": [
        [
          0.971633,
          -0.159421,
          -0.174682,
          3.234491
        ],
        [
          0.040266,
          -0.616332,
          0.786456,
          0.364195
        ],
        [
          -0.23304,
          -0.77118,
          -0.59243,
          1.539634
        ],
        [
          0.0,
          0.0,
          0.0,
          1.0
        ]
      ]
    },
    {
      "file_path": "/media/NFS/ttao/scannet/posed_images/scene0543_02/00019.jpg",
      "transform_matrix": [
        [
          0.971455,
          -0.159349,
          -0.175737,
          3.253146
        ],
        [
          0.039361,
          -0.622265,
          0.781816,
          0.374479
        ],
        [
          -0.233937,
          -0.766416,
          -0.59823,
          1.535725
        ],
        [
          0.0,
          0.0,
          0.0,
          1.0
        ]
      ]
    },
    {
      "file_path": "/media/NFS/ttao/scannet/posed_images/scene0543_02/00023.jpg",
      "transform_matrix": [
        [
          0.970588,
          -0.174638,
          -0.165713,
          3.301388
        ],
        [
          0.023963,
          -0.61483,
          0.788296,
          0.405696
        ],
        [
          -0.239552,
          -0.769081,
          -0.592562,
          1.539118
        ],
        [
          0.0,
          0.0,
          0.0,
          1.0
        ]
      ]
    },
    {
      "file_path": "/media/NFS/ttao/scannet/posed_images/scene0543_02/00027.jpg",
      "transform_matrix": [
        [
          0.968598,
          -0.197849,
          -0.150578,
          3.356791
        ],
        [
          0.004826,
          -0.590551,
          0.806986,
          0.427078
        ],
        [
          -0.248585,
          -0.782372,
          -0.571051,
          1.538496
        ],
        [
          0.0,
          0.0,
          0.0,
          1.0
        ]
      ]
    },
    {
      "file_path": "/media/NFS/ttao/scannet/posed_images/scene0543_02/00033.jpg",
      "transform_matrix": [
        [
          0.963373,
          -0.244157,
          -0.110903,
          3.436877
        ],
        [
          -0.049357,
          -0.567938,
          0.82159,
          0.454909
        ],
        [
          -0.263583,
          -0.786024,
          -0.559187,
          1.523838
        ],
        [
          0.0,
          0.0,
          0.0,
          1.0
        ]
      ]
    },
    {
      "file_path": "/media/NFS/ttao/scannet/posed_images/scene0543_02/00036.jpg",
      "transform_matrix": [
        [
          0.961647,
          -0.257248,
          -0.095174,
          3.46787
        ],
        [
          -0.073424,
          -0.57575,
          0.814322,
          0.476734
        ],
        [
          -0.264279,
          -0.776102,
          -0.572557,
          1.525366
        ],
        [
          0.0,
          0.0,
          0.0,
          1.0
        ]
      ]
    },
    {
      "file_path": "/media/NFS/ttao/scannet/posed_images/scene0543_02/00038.jpg",
      "transform_matrix": [
        [
          0.960568,
          -0.265941,
          -0.081143,
          3.49137
        ],
        [
          -0.088839,
          -0.570091,
          0.816764,
          0.488536
        ],
        [
          -0.26347,
          -0.777349,
          -0.571237,
          1.522031
        ],
        [
          0.0,
          0.0,
          0.0,
          1.0
        ]
      ]
    },
    {
      "file_path": "/media/NFS/ttao/scannet/posed_images/scene0543_02/00042.jpg",
      "transform_matrix": [
        [
          0.958723,
          -0.281324,
          -0.041329,
          3.52763
        ],
        [
          -0.126938,
          -0.553514,
          0.823109,
          0.51775
        ],
        [
          -0.254436,
          -0.783887,
          -0.566377,
          1.512581
        ],
        [
          0.0,
          0.0,
          0.0,
          1.0
        ]
      ]
    },
    {
      "file_path": "/media/NFS/ttao/scannet/posed_images/scene0543_02/00044.jpg",
      "transform_matrix": [
        [
          0.9583,
          -0.284668,
          -0.024995,
          3.549138
        ],
        [
          -0.141058,
          -0.547291,
          0.82497,
          0.534447
        ],
        [
          -0.248522,
          -0.787043,
          -0.564624,
          1.507637
        ],
        [
          0.0,
          0.0,
          0.0,
          1.0
        ]
      ]
    },
    {
      "file_path": "/media/NFS/ttao/scannet/posed_images/scene0543_02/00047.jpg",
      "transform_matrix": [
        [
          0.957367,
          -0.288343,
          0.017532,
          3.575179
        ],
        [
          -0.17879,
          -0.54377,
          0.819968,
          0.564534
        ],
        [
          -0.226899,
          -0.788144,
          -0.57214,
          1.502973
        ],
        [
          0.0,
          0.0,
          0.0,
          1.0
        ]
      ]
    },
    {
      "file_path": "/media/NFS/ttao/scannet/posed_images/scene0543_02/00051.jpg",
      "transform_matrix": [
        [
          0.950465,
          -0.300565,
          0.079235,
          3.615979
        ],
        [
          -0.235169,
          -0.528657,
          0.815609,
          0.608248
        ],
        [
          -0.203255,
          -0.793841,
          -0.573153,
          1.497694
        ],
        [
          0.0,
          0.0,
          0.0,
          1.0
        ]
      ]
    },
    {
      "file_path": "/media/NFS/ttao/scannet/posed_images/scene0543_02/00055.jpg",
      "transform_matrix": [
        [
          0.940321,
          -0.311092,
          0.137909,
          3.650342
        ],
        [
          -0.288091,
          -0.512082,
          0.809182,
          0.653207
        ],
        [
          -0.18111,
          -0.80062,
          -0.571144,
          1.496979
        ],
        [
          0.0,
          0.0,
          0.0,
          1.0
        ]
      ]
    },
    {
      "file_path": "/media/NFS/ttao/scannet/posed_images/scene0543_02/00058.jpg",
      "transform_matrix": [
        [
          0.93097,
          -0.322602,
          0.170948,
          3.668941
        ],
        [
          -0.321173,
          -0.500987,
          0.803654,
          0.683075
        ],
        [
          -0.173618,
          -0.803081,
          -0.570015,
          1.489496
        ],
        [
          0.0,
          0.0,
          0.0,
          1.0
        ]
      ]
    },
    {
      "file_path": "/media/NFS/ttao/scannet/posed_images/scene0543_02/00063.jpg",
      "transform_matrix": [
        [
          0.912318,
          -0.355297,
          0.203567,
          3.724704
        ],
        [
          -0.370627,
          -0.505116,
          0.779418,
          0.722755
        ],
        [
          -0.1741,
          -0.786525,
          -0.592509,
          1.471004
        ],
        [
          0.0,
          0.0,
          0.0,
          1.0
        ]
      ]
    },
    {
      "file_path": "/media/NFS/ttao/scannet/posed_images/scene0543_02/00066.jpg",
      "transform_matrix": [
        [
          0.907154,
          -0.365494,
          0.208532,
          3.755613
        ],
        [
          -0.380217,
          -0.499614,
          0.778345,
          0.745859
        ],
        [
          -0.180295,
          -0.785366,
          -0.592194,
          1.476103
        ],
        [
          0.0,
          0.0,
          0.0,
          1.0
        ]
      ]
    },
    {
      "file_path": "/media/NFS/ttao/scannet/posed_images/scene0543_02/00069.jpg",
      "transform_matrix": [
        [
          0.909526,
          -0.364741,
          0.199317,
          3.788475
        ],
        [
          -0.370824,
          -0.495443,
          0.78551,
          0.756783
        ],
        [
          -0.187757,
          -0.788353,
          -0.585873,
          1.466235
        ],
        [
          0.0,
          0.0,
          0.0,
          1.0
        ]
      ]
    },
    {
      "file_path": "/media/NFS/ttao/scannet/posed_images/scene0543_02/00070.jpg",
      "transform_matrix": [
        [
          0.914248,
          -0.356236,
          0.192996,
          3.805908
        ],
        [
          -0.361473,
          -0.502033,
          0.785684,
          0.759587
        ],
        [
          -0.182998,
          -0.788073,
          -0.587753,
          1.460218
        ],
        [
          0.0,
          0.0,
          0.0,
          1.0
        ]
      ]
    },
    {
      "file_path": "/media/NFS/ttao/scannet/posed_images/scene0543_02/00074.jpg",
      "transform_matrix": [
        [
          0.928218,
          -0.328573,
          0.174504,
          3.860402
        ],
        [
          -0.32788,
          -0.500831,
          0.801038,
          0.784011
        ],
        [
          -0.175802,
          -0.800754,
          -0.572613,
          1.46385
        ],
        [
          0.0,
          0.0,
          0.0,
          1.0
        ]
      ]
    },
    {
      "file_path": "/media/NFS/ttao/scannet/posed_images/scene0543_02/00079.jpg",
      "transform_matrix": [
        [
          0.930747,
          -0.322516,
          0.172318,
          3.938702
        ],
        [
          -0.32243,
          -0.501579,
          0.802781,
          0.805827
        ],
        [
          -0.172479,
          -0.802746,
          -0.570832,
          1.465132
        ],
        [
          0.0,
          0.0,
          0.0,
          1.0
        ]
      ]
    },
    {
      "file_path": "/media/NFS/ttao/scannet/posed_images/scene0543_02/00083.jpg",
      "transform_matrix": [
        [
          0.945148,
          -0.286008,
          0.157778,
          4.001751
        ],
        [
          -0.286301,
          -0.49284,
          0.821669,
          0.810561
        ],
        [
          -0.157245,
          -0.821771,
          -0.547692,
          1.457648
        ],
        [
          0.0,
          0.0,
          0.0,
          1.0
        ]
      ]
    },
    {
      "file_path": "/media/NFS/ttao/scannet/posed_images/scene0543_02/00087.jpg",
      "transform_matrix": [
        [
          0.94748,
          -0.274985,
          0.163292,
          4.050699
        ],
        [
          -0.284937,
          -0.493966,
          0.821467,
          0.82288
        ],
        [
          -0.145231,
          -0.824852,
          -0.546377,
          1.453152
        ],
        [
          0.0,
          0.0,
          0.0,
          1.0
        ]
      ]
    },
    {
      "file_path": "/media/NFS/ttao/scannet/posed_images/scene0543_02/00089.jpg",
      "transform_matrix": [
        [
          0.948861,
          -0.277958,
          0.149674,
          4.077217
        ],
        [
          -0.273828,
          -0.48871,
          0.82836,
          0.831027
        ],
        [
          -0.157102,
          -0.826984,
          -0.539831,
          1.454697
        ],
        [
          0.0,
          0.0,
          0.0,
          1.0
        ]
      ]
    },
    {
      "file_path": "/media/NFS/ttao/scannet/posed_images/scene0543_02/00094.jpg",
      "transform_matrix": [
        [
          0.951002,
          -0.27336,
          0.144463,
          4.135799
        ],
        [
          -0.264488,
          -0.477279,
          0.838004,
          0.854418
        ],
        [
          -0.160128,
          -0.835153,
          -0.526193,
          1.453395
        ],
        [
          0.0,
          0.0,
          0.0,
          1.0
        ]
      ]
    },
    {
      "file_path": "/media/NFS/ttao/scannet/posed_images/scene0543_02/00095.jpg",
      "transform_matrix": [
        [
          0.951466,
          -0.272013,
          0.14395,
          4.149004
        ],
        [
          -0.263086,
          -0.476211,
          0.839052,
          0.859686
        ],
        [
          -0.159682,
          -0.836201,
          -0.524661,
          1.451048
        ],
        [
          0.0,
          0.0,
          0.0,
          1.0
        ]
      ]
    },
    {
      "file_path": "/media/NFS/ttao/scannet/posed_images/scene0543_02/00100.jpg",
      "transform_matrix": [
        [
          0.948347,
          -0.272864,
          0.161811,
          4.208375
        ],
        [
          -0.281417,
          -0.48817,
          0.826133,
          0.901506
        ],
        [
          -0.146431,
          -0.828997,
          -0.539743,
          1.440652
        ],
        [
          0.0,
          0.0,
          0.0,
          1.0
        ]
      ]
    },
    {
      "file_path": "/media/NFS/ttao/scannet/posed_images/scene0543_02/00102.jpg",
      "transform_matrix": [
        [
          0.945451,
          -0.273847,
          0.176437,
          4.233815
        ],
        [
          -0.294136,
          -0.484816,
          0.823673,
          0.919781
        ],
        [
          -0.140021,
          -0.830639,
          -0.538918,
          1.43646
        ],
        [
          0.0,
          0.0,
          0.0,
          1.0
        ]
      ]
    },
    {
      "file_path": "/media/NFS/ttao/scannet/posed_images/scene0543_02/00105.jpg",
      "transform_matrix": [
        [
          0.938791,
          -0.279985,
          0.200699,
          4.275084
        ],
        [
          -0.316973,
          -0.473911,
          0.821545,
          0.953122
        ],
        [
          -0.134907,
          -0.834875,
          -0.533651,
          1.435806
        ],
        [
          0.0,
          0.0,
          0.0,
          1.0
        ]
      ]
    },
    {
      "file_path": "/media/NFS/ttao/scannet/posed_images/scene0543_02/00110.jpg",
      "transform_matrix": [
        [
          0.926216,
          -0.293064,
          0.237144,
          4.354463
        ],
        [
          -0.353572,
          -0.457024,
          0.816159,
          1.007542
        ],
        [
          -0.130806,
          -0.839787,
          -0.526922,
          1.431663
        ],
        [
          0.0,
          0.0,
          0.0,
          1.0
        ]
      ]
    },
    {
      "file_path": "/media/NFS/ttao/scannet/posed_images/scene0543_02/00114.jpg",
      "transform_matrix": [
        [
          0.914096,
          -0.295486,
          0.277699,
          4.407444
        ],
        [
          -0.389155,
          -0.446791,
          0.805566,
          1.053219
        ],
        [
          -0.11396,
          -0.844432,
          -0.5234,
          1.427485
        ],
        [
          0.0,
          0.0,
          0.0,
          1.0
        ]
      ]
    },
    {
      "file_path": "/media/NFS/ttao/scannet/posed_images/scene0543_02/00115.jpg",
      "transform_matrix": [
        [
          0.909686,
          -0.295907,
          0.291396,
          4.417603
        ],
        [
          -0.402304,
          -0.453743,
          0.795153,
          1.064837
        ],
        [
          -0.103073,
          -0.840569,
          -0.531808,
          1.424395
        ],
        [
          0.0,
          0.0,
          0.0,
          1.0
        ]
      ]
    },
    {
      "file_path": "/media/NFS/ttao/scannet/posed_images/scene0543_02/00120.jpg",
      "transform_matrix": [
        [
          0.897682,
          -0.326705,
          0.295687,
          4.479161
        ],
        [
          -0.426077,
          -0.472457,
          0.77152,
          1.111655
        ],
        [
          -0.11236,
          -0.818565,
          -0.563318,
          1.40345
        ],
        [
          0.0,
          0.0,
          0.0,
          1.0
        ]
      ]
    },
    {
      "file_path": "/media/NFS/ttao/scannet/posed_images/scene0543_02/00123.jpg",
      "transform_matrix": [
        [
          0.892099,
          -0.335438,
          0.302723,
          4.524281
        ],
        [
          -0.43609,
          -0.463838,
          0.771154,
          1.134509
        ],
        [
          -0.11826,
          -0.81996,
          -0.560071,
          1.392748
        ],
        [
          0.0,
          0.0,
          0.0,
          1.0
        ]
      ]
    },
    {
      "file_path": "/media/NFS/ttao/scannet/posed_images/scene0543_02/00127.jpg",
      "transform_matrix": [
        [
          0.897679,
          -0.327973,
          0.294289,
          4.59016
        ],
        [
          -0.422762,
          -0.452664,
          0.785091,
          1.158705
        ],
        [
          -0.124274,
          -0.829174,
          -0.545001,
          1.380434
        ],
        [
          0.0,
          0.0,
          0.0,
          1.0
        ]
      ]
    },
    {
      "file_path": "/media/NFS/ttao/scannet/posed_images/scene0543_02/00128.jpg",
      "transform_matrix": [
        [
          0.900677,
          -0.326192,
          0.287019,
          4.608973
        ],
        [
          -0.415368,
          -0.45261,
          0.789059,
          1.163055
        ],
        [
          -0.127477,
          -0.829905,
          -0.543145,
          1.378068
        ],
        [
          0.0,
          0.0,
          0.0,
          1.0
        ]
      ]
    },
    {
      "file_path": "/media/NFS/ttao/scannet/posed_images/scene0543_02/00132.jpg",
      "transform_matrix": [
        [
          0.903301,
          -0.321222,
          0.284364,
          4.686096
        ],
        [
          -0.408977,
          -0.444605,
          0.796909,
          1.180555
        ],
        [
          -0.129555,
          -0.836147,
          -0.532985,
          1.376911
        ],
        [
          0.0,
          0.0,
          0.0,
          1.0
        ]
      ]
    },
    {
      "file_path": "/media/NFS/ttao/scannet/posed_images/scene0543_02/00137.jpg",
      "transform_matrix": [
        [
          0.910667,
          -0.297294,
          0.286884,
          4.760134
        ],
        [
          -0.395491,
          -0.426508,
          0.813436,
          1.195105
        ],
        [
          -0.119471,
          -0.854229,
          -0.505984,
          1.368136
        ],
        [
          0.0,
          0.0,
          0.0,
          1.0
        ]
      ]
    },
    {
      "file_path": "/media/NFS/ttao/scannet/posed_images/scene0543_02/00140.jpg",
      "transform_matrix": [
        [
          0.913241,
          -0.296249,
          0.279692,
          4.798304
        ],
        [
          -0.390892,
          -0.443565,
          0.806507,
          1.210863
        ],
        [
          -0.114865,
          -0.845864,
          -0.520884,
          1.363585
        ],
        [
          0.0,
          0.0,
          0.0,
          1.0
        ]
      ]
    },
    {
      "file_path": "/media/NFS/ttao/scannet/posed_images/scene0543_02/00145.jpg",
      "transform_matrix": [
        [
          0.909139,
          -0.305584,
          0.282993,
          4.857741
        ],
        [
          -0.396919,
          -0.429837,
          0.810985,
          1.243957
        ],
        [
          -0.126183,
          -0.849623,
          -0.512073,
          1.357815
        ],
        [
          0.0,
          0.0,
          0.0,
          1.0
        ]
      ]
    },
    {
      "file_path": "/media/NFS/ttao/scannet/posed_images/scene0543_02/00146.jpg",
      "transform_matrix": [
        [
          0.910477,
          -0.303459,
          0.280971,
          4.871398
        ],
        [
          -0.394264,
          -0.431805,
          0.811234,
          1.252729
        ],
        [
          -0.124852,
          -0.849387,
          -0.512791,
          1.354499
        ],
        [
          0.0,
          0.0,
          0.0,
          1.0
        ]
      ]
    },
    {
      "file_path": "/media/NFS/ttao/scannet/posed_images/scene0543_02/00149.jpg",
      "transform_matrix": [
        [
          0.910222,
          -0.301678,
          0.283701,
          4.912622
        ],
        [
          -0.397057,
          -0.441129,
          0.80483,
          1.285238
        ],
        [
          -0.117651,
          -0.845219,
          -0.521309,
          1.347948
        ],
        [
          0.0,
          0.0,
          0.0,
          1.0
        ]
      ]
    },
    {
      "file_path": "/media/NFS/ttao/scannet/posed_images/scene0543_02/00152.jpg",
      "transform_matrix": [
        [
          0.906121,
          -0.299667,
          0.298572,
          4.957811
        ],
        [
          -0.407877,
          -0.431767,
          0.804496,
          1.325161
        ],
        [
          -0.112168,
          -0.850751,
          -0.51346,
          1.345105
        ],
        [
          0.0,
          0.0,
          0.0,
          1.0
        ]
      ]
    },
    {
      "file_path": "/media/NFS/ttao/scannet/posed_images/scene0543_02/00158.jpg",
      "transform_matrix": [
        [
          0.882281,
          -0.297546,
          0.364756,
          5.045054
        ],
        [
          -0.46361,
          -0.415062,
          0.782809,
          1.400759
        ],
        [
          -0.081525,
          -0.859762,
          -0.504146,
          1.353029
        ],
        [
          0.0,
          0.0,
          0.0,
          1.0
        ]
      ]
    },
    {
      "file_path": "/media/NFS/ttao/scannet/posed_images/scene0543_02/00161.jpg",
      "transform_matrix": [
        [
          0.87734,
          -0.293018,
          0.38002,
          5.10151
        ],
        [
          -0.471836,
          -0.382457,
          0.794416,
          1.431107
        ],
        [
          -0.087438,
          -0.87628,
          -0.473801,
          1.351203
        ],
        [
          0.0,
          0.0,
          0.0,
          1.0
        ]
      ]
    },
    {
      "file_path": "/media/NFS/ttao/scannet/posed_images/scene0543_02/00165.jpg",
      "transform_matrix": [
        [
          0.867574,
          -0.320406,
          0.380337,
          5.152105
        ],
        [
          -0.486651,
          -0.389494,
          0.781963,
          1.464639
        ],
        [
          -0.102406,
          -0.863502,
          -0.49384,
          1.337465
        ],
        [
          0.0,
          0.0,
          0.0,
          1.0
        ]
      ]
    },
    {
      "file_path": "/media/NFS/ttao/scannet/posed_images/scene0543_02/00166.jpg",
      "transform_matrix": [
        [
          0.870262,
          -0.320953,
          0.373674,
          5.167239
        ],
        [
          -0.481465,
          -0.393925,
          0.782953,
          1.471835
        ],
        [
          -0.104092,
          -0.861285,
          -0.497346,
          1.335032
        ],
        [
          0.0,
          0.0,
          0.0,
          1.0
        ]
      ]
    },
    {
      "file_path": "/media/NFS/ttao/scannet/posed_images/scene0543_02/00171.jpg",
      "transform_matrix": [
        [
          0.863187,
          -0.319505,
          0.390928,
          5.232634
        ],
        [
          -0.495614,
          -0.388524,
          0.776798,
          1.515041
        ],
        [
          -0.096306,
          -0.864272,
          -0.49372,
          1.323907
        ],
        [
          0.0,
          0.0,
          0.0,
          1.0
        ]
      ]
    },
    {
      "file_path": "/media/NFS/ttao/scannet/posed_images/scene0543_02/00173.jpg",
      "transform_matrix": [
        [
          0.869619,
          -0.31,
          0.38427,
          5.264125
        ],
        [
          -0.485537,
          -0.39581,
          0.77948,
          1.525523
        ],
        [
          -0.089541,
          -0.864427,
          -0.49472,
          1.315615
        ],
        [
          0.0,
          0.0,
          0.0,
          1.0
        ]
      ]
    },
    {
      "file_path": "/media/NFS/ttao/scannet/posed_images/scene0543_02/00178.jpg",
      "transform_matrix": [
        [
          0.882857,
          -0.304185,
          0.357819,
          5.353418
        ],
        [
          -0.457531,
          -0.385173,
          0.80144,
          1.551439
        ],
        [
          -0.105964,
          -0.871271,
          -0.479227,
          1.31791
        ],
        [
          0.0,
          0.0,
          0.0,
          1.0
        ]
      ]
    },
    {
      "file_path": "/media/NFS/ttao/scannet/posed_images/scene0543_02/00179.jpg",
      "transform_matrix": [
        [
          0.885799,
          -0.302919,
          0.351569,
          5.369182
        ],
        [
          -0.451658,
          -0.388697,
          0.803069,
          1.554734
        ],
        [
          -0.106611,
          -0.870146,
          -0.481123,
          1.319568
        ],
        [
          0.0,
          0.0,
          0.0,
          1.0
        ]
      ]
    },
    {
      "file_path": "/media/NFS/ttao/scannet/posed_images/scene0543_02/00182.jpg",
      "transform_matrix": [
        [
          0.895129,
          -0.286605,
          0.341469,
          5.411771
        ],
        [
          -0.435699,
          -0.400247,
          0.806206,
          1.570422
        ],
        [
          -0.094391,
          -0.870436,
          -0.483147,
          1.343888
        ],
        [
          0.0,
          0.0,
          0.0,
          1.0
        ]
      ]
    },
    {
      "file_path": "/media/NFS/ttao/scannet/posed_images/scene0543_02/00187.jpg",
      "transform_matrix": [
        [
          0.880771,
          -0.291539,
          0.37316,
          5.469342
        ],
        [
          -0.466373,
          -0.39743,
          0.790282,
          1.585018
        ],
        [
          -0.082093,
          -0.870089,
          -0.486011,
          1.331346
        ],
        [
          0.0,
          0.0,
          0.0,
          1.0
        ]
      ]
    },
    {
      "file_path": "/media/NFS/ttao/scannet/posed_images/scene0543_02/00191.jpg",
      "transform_matrix": [
        [
          0.876138,
          -0.311873,
          0.367583,
          5.568681
        ],
        [
          -0.470149,
          -0.384358,
          0.794499,
          1.604185
        ],
        [
          -0.106499,
          -0.86891,
          -0.483377,
          1.340156
        ],
        [
          0.0,
          0.0,
          0.0,
          1.0
        ]
      ]
    },
    {
      "file_path": "/media/NFS/ttao/scannet/posed_images/scene0543_02/00195.jpg",
      "transform_matrix": [
        [
          0.859028,
          -0.308943,
          0.408197,
          5.626476
        ],
        [
          -0.50485,
          -0.379111,
          0.7755,
          1.648319
        ],
        [
          -0.084834,
          -0.872255,
          -0.481637,
          1.33359
        ],
        [
          0.0,
          0.0,
          0.0,
          1.0
        ]
      ]
    },
    {
      "file_path": "/media/NFS/ttao/scannet/posed_images/scene0543_02/00196.jpg",
      "transform_matrix": [
        [
          0.852712,
          -0.309176,
          0.421061,
          5.637562
        ],
        [
          -0.51613,
          -0.374315,
          0.770388,
          1.662051
        ],
        [
          -0.080576,
          -0.874241,
          -0.478758,
          1.333278
        ],
        [
          0.0,
          0.0,
          0.0,
          1.0
        ]
      ]
    },
    {
      "file_path": "/media/NFS/ttao/scannet/posed_images/scene0543_02/00200.jpg",
      "transform_matrix": [
        [
          0.830052,
          -0.311574,
          0.462532,
          5.721034
        ],
        [
          -0.551264,
          -0.332893,
          0.765043,
          1.717578
        ],
        [
          -0.084394,
          -0.890002,
          -0.448078,
          1.359324
        ],
        [
          0.0,
          0.0,
          0.0,
          1.0
        ]
      ]
    },
    {
      "file_path": "/media/NFS/ttao/scannet/posed_images/scene0543_02/00204.jpg",
      "transform_matrix": [
        [
          0.799988,
          -0.308321,
          0.51474,
          5.766888
        ],
        [
          -0.595941,
          -0.308481,
          0.741413,
          1.767519
        ],
        [
          -0.069806,
          -0.899876,
          -0.430523,
          1.353625
        ],
        [
          0.0,
          0.0,
          0.0,
          1.0
        ]
      ]
    },
    {
      "file_path": "/media/NFS/ttao/scannet/posed_images/scene0543_02/00208.jpg",
      "transform_matrix": [
        [
          0.773502,
          -0.307999,
          0.553924,
          5.819436
        ],
        [
          -0.630048,
          -0.278788,
          0.724787,
          1.809006
        ],
        [
          -0.068807,
          -0.909623,
          -0.409697,
          1.349582
        ],
        [
          0.0,
          0.0,
          0.0,
          1.0
        ]
      ]
    },
    {
      "file_path": "/media/NFS/ttao/scannet/posed_images/scene0543_02/00211.jpg",
      "transform_matrix": [
        [
          0.7693,
          -0.312446,
          0.557275,
          5.861546
        ],
        [
          -0.635874,
          -0.289825,
          0.715308,
          1.83173
        ],
        [
          -0.061983,
          -0.904643,
          -0.421639,
          1.342656
        ],
        [
          0.0,
          0.0,
          0.0,
          1.0
        ]
      ]
    },
    {
      "file_path": "/media/NFS/ttao/scannet/posed_images/scene0543_02/00216.jpg",
      "transform_matrix": [
        [
          0.743969,
          -0.310096,
          0.591905,
          5.934824
        ],
        [
          -0.665966,
          -0.271492,
          0.694824,
          1.87645
        ],
        [
          -0.054765,
          -0.911116,
          -0.408495,
          1.344013
        ],
        [
          0.0,
          0.0,
          0.0,
          1.0
        ]
      ]
    },
    {
      "file_path": "/media/NFS/ttao/scannet/posed_images/scene0543_02/00219.jpg",
      "transform_matrix": [
        [
          0.747024,
          -0.302545,
          0.591964,
          5.975859
        ],
        [
          -0.663041,
          -0.274401,
          0.696477,
          1.889456
        ],
        [
          -0.04828,
          -0.912782,
          -0.405584,
          1.336553
        ],
        [
          0.0,
          0.0,
          0.0,
          1.0
        ]
      ]
    },
    {
      "file_path": "/media/NFS/ttao/scannet/posed_images/scene0543_02/00220.jpg",
      "transform_matrix": [
        [
          0.750651,
          -0.302151,
          0.587561,
          5.996836
        ],
        [
          -0.65907,
          -0.280036,
          0.698002,
          1.894466
        ],
        [
          -0.046364,
          -0.911199,
          -0.409348,
          1.339806
        ],
        [
          0.0,
          0.0,
          0.0,
          1.0
        ]
      ]
    },
    {
      "file_path": "/media/NFS/ttao/scannet/posed_images/scene0543_02/00226.jpg",
      "transform_matrix": [
        [
          0.764313,
          -0.291111,
          0.575396,
          6.106406
        ],
        [
          -0.640699,
          -0.241795,
          0.728725,
          1.917604
        ],
        [
          -0.073012,
          -0.925629,
          -0.371322,
          1.350496
        ],
        [
          0.0,
          0.0,
          0.0,
          1.0
        ]
      ]
    },
    {
      "file_path": "/media/NFS/ttao/scannet/posed_images/scene0543_02/00229.jpg",
      "transform_matrix": [
        [
          0.78865,
          -0.278842,
          0.547977,
          6.171144
        ],
        [
          -0.61119,
          -0.258547,
          0.748064,
          1.934429
        ],
        [
          -0.066914,
          -0.924879,
          -0.374329,
          1.35089
        ],
        [
          0.0,
          0.0,
          0.0,
          1.0
        ]
      ]
    },
    {
      "file_path": "/media/NFS/ttao/scannet/posed_images/scene0543_02/00230.jpg",
      "transform_matrix": [
        [
          0.791205,
          -0.277743,
          0.544843,
          6.176712
        ],
        [
          -0.607645,
          -0.256504,
          0.751647,
          1.935189
        ],
        [
          -0.06901,
          -0.925778,
          -0.371716,
          1.341969
        ],
        [
          0.0,
          0.0,
          0.0,
          1.0
        ]
      ]
    },
    {
      "file_path": "/media/NFS/ttao/scannet/posed_images/scene0543_02/00236.jpg",
      "transform_matrix": [
        [
          0.816307,
          -0.302965,
          0.491788,
          6.27372
        ],
        [
          -0.572253,
          -0.308398,
          0.75988,
          1.970737
        ],
        [
          -0.07855,
          -0.901722,
          -0.42512,
          1.338435
        ],
        [
          0.0,
          0.0,
          0.0,
          1.0
        ]
      ]
    },
    {
      "file_path": "/media/NFS/ttao/scannet/posed_images/scene0543_02/00238.jpg",
      "transform_matrix": [
        [
          0.828426,
          -0.296549,
          0.475151,
          6.308808
        ],
        [
          -0.555045,
          -0.32096,
          0.767405,
          1.979632
        ],
        [
          -0.075068,
          -0.899468,
          -0.43049,
          1.329069
        ],
        [
          0.0,
          0.0,
          0.0,
          1.0
        ]
      ]
    },
    {
      "file_path": "/media/NFS/ttao/scannet/posed_images/scene0543_02/00240.jpg",
      "transform_matrix": [
        [
          0.84392,
          -0.286193,
          0.453754,
          6.347152
        ],
        [
          -0.532103,
          -0.338862,
          0.775911,
          1.991356
        ],
        [
          -0.0683,
          -0.896251,
          -0.438257,
          1.3171
        ],
        [
          0.0,
          0.0,
          0.0,
          1.0
        ]
      ]
    },
    {
      "file_path": "/media/NFS/ttao/scannet/posed_images/scene0543_02/00245.jpg",
      "transform_matrix": [
        [
          0.891117,
          -0.256003,
          0.374663,
          6.463655
        ],
        [
          -0.446041,
          -0.342403,
          0.826926,
          2.021289
        ],
        [
          -0.08341,
          -0.904003,
          -0.419309,
          1.31511
        ],
        [
          0.0,
          0.0,
          0.0,
          1.0
        ]
      ]
    },
    {
      "file_path": "/media/NFS/ttao/scannet/posed_images/scene0543_02/00247.jpg",
      "transform_matrix": [
        [
          0.894745,
          -0.253266,
          0.367816,
          6.500619
        ],
        [
          -0.439496,
          -0.353286,
          0.825852,
          2.032609
        ],
        [
          -0.079216,
          -0.900581,
          -0.42741,
          1.311951
        ],
        [
          0.0,
          0.0,
          0.0,
          1.0
        ]
      ]
    },
    {
      "file_path": "/media/NFS/ttao/scannet/posed_images/scene0543_02/00251.jpg",
      "transform_matrix": [
        [
          0.917502,
          -0.21368,
          0.335458,
          6.579688
        ],
        [
          -0.390716,
          -0.326508,
          0.860659,
          2.037307
        ],
        [
          -0.074376,
          -0.920725,
          -0.383059,
          1.304885
        ],
        [
          0.0,
          0.0,
          0.0,
          1.0
        ]
      ]
    },
    {
      "file_path": "/media/NFS/ttao/scannet/posed_images/scene0543_02/00253.jpg",
      "transform_matrix": [
        [
          0.925331,
          -0.208928,
          0.316403,
          6.619219
        ],
        [
          -0.372047,
          -0.339449,
          0.863918,
          2.038841
        ],
        [
          -0.073094,
          -0.917127,
          -0.391834,
          1.300015
        ],
        [
          0.0,
          0.0,
          0.0,
          1.0
        ]
      ]
    },
    {
      "file_path": "/media/NFS/ttao/scannet/posed_images/scene0543_02/00260.jpg",
      "transform_matrix": [
        [
          0.930926,
          -0.243486,
          0.272196,
          6.747592
        ],
        [
          -0.348602,
          -0.370253,
          0.86104,
          2.019779
        ],
        [
          -0.10887,
          -0.896452,
          -0.429558,
          1.257123
        ],
        [
          0.0,
          0.0,
          0.0,
          1.0
        ]
      ]
    },
    {
      "file_path": "/media/NFS/ttao/scannet/posed_images/scene0543_02/00261.jpg",
      "transform_matrix": [
        [
          0.930699,
          -0.249282,
          0.267692,
          6.763606
        ],
        [
          -0.345726,
          -0.360455,
          0.86634,
          2.010078
        ],
        [
          -0.119472,
