{
  "frames": [
    {
      "file_path": "/media/NFS/ttao/scannet/posed_images/scene0536_01/00000.jpg",
      "transform_matrix": [
        [
          0.962415,
          0.236028,
          -0.134342,
          5.112792
        ],
        [
          0.268815,
          -0.757455,
          0.59498,
          0.848334
        ],
        [
          0.038674,
          -0.608731,
          -0.792434,
          1.420918
        ],
        [
          0.0,
          0.0,
          0.0,
          1.0
        ]
      ]
    },
    {
      "file_path": "/media/NFS/ttao/scannet/posed_images/scene0536_01/00003.jpg",
      "transform_matrix": [
        [
          0.963849,
          0.236411,
          -0.122905,
          5.110871
        ],
        [
          0.262178,
          -0.759212,
          0.595701,
          0.850371
        ],
        [
          0.047519,
          -0.606389,
          -0.793748,
          1.421527
        ],
        [
          0.0,
          0.0,
          0.0,
          1.0
        ]
      ]
    },
    {
      "file_path": "/media/NFS/ttao/scannet/posed_images/scene0536_01/00006.jpg",
      "transform_matrix": [
        [
          0.967779,
          0.218128,
          -0.125794,
          5.115983
        ],
        [
          0.249065,
          -0.755791,
          0.605596,
          0.855576
        ],
        [
          0.037024,
          -0.617414,
          -0.785767,
          1.427098
        ],
        [
          0.0,
          0.0,
          0.0,
          1.0
        ]
      ]
    },
    {
      "file_path": "/media/NFS/ttao/scannet/posed_images/scene0536_01/00011.jpg",
      "transform_matrix": [
        [
          0.976,
          0.199596,
          -0.087095,
          5.148013
        ],
        [
          0.208079,
          -0.736749,
          0.643354,
          0.850969
        ],
        [
          0.064244,
          -0.646036,
          -0.760599,
          1.42472
        ],
        [
          0.0,
          0.0,
          0.0,
          1.0
        ]
      ]
    },
    {
      "file_path": "/media/NFS/ttao/scannet/posed_images/scene0536_01/00013.jpg",
      "transform_matrix": [
        [
          0.980137,
          0.189124,
          -0.059699,
          5.158946
        ],
        [
          0.181612,
          -0.73498,
          0.653316,
          0.850384
        ],
        [
          0.07968,
          -0.651181,
          -0.754728,
          1.417399
        ],
        [
          0.0,
          0.0,
          0.0,
          1.0
        ]
      ]
    },
    {
      "file_path": "/media/NFS/ttao/scannet/posed_images/scene0536_01/00017.jpg",
      "transform_matrix": [
        [
          0.986615,
          0.161952,
          -0.019048,
          5.18308
        ],
        [
          0.136306,
          -0.75493,
          0.641484,
          0.853359
        ],
        [
          0.08951,
          -0.635494,
          -0.7669,
          1.409828
        ],
        [
          0.0,
          0.0,
          0.0,
          1.0
        ]
      ]
    },
    {
      "file_path": "/media/NFS/ttao/scannet/posed_images/scene0536_01/00020.jpg",
      "transform_matrix": [
        [
          0.989995,
          0.141098,
          -0.001009,
          5.204159
        ],
        [
          0.10959,
          -0.764377,
          0.635388,
          0.847916
        ],
        [
          0.088881,
          -0.629142,
          -0.772192,
          1.412291
        ],
        [
          0.0,
          0.0,
          0.0,
          1.0
        ]
      ]
    },
    {
      "file_path": "/media/NFS/ttao/scannet/posed_images/scene0536_01/00023.jpg",
      "transform_matrix": [
        [
          0.992549,
          0.120407,
          0.018694,
          5.238291
        ],
        [
          0.081638,
          -0.771015,
          0.631562,
          0.833872
        ],
        [
          0.090458,
          -0.62533,
          -0.7751,
          1.420658
        ],
        [
          0.0,
          0.0,
          0.0,
          1.0
        ]
      ]
    },
    {
      "file_path": "/media/NFS/ttao/scannet/posed_images/scene0536_01/00028.jpg",
      "transform_matrix": [
        [
          0.995322,
          0.06459,
          0.071852,
          5.322794
        ],
        [
          0.004705,
          -0.77521,
          0.631686,
          0.784805
        ],
        [
          0.096501,
          -0.628393,
          -0.771887,
          1.426168
        ],
        [
          0.0,
          0.0,
          0.0,
          1.0
        ]
      ]
    },
    {
      "file_path": "/media/NFS/ttao/scannet/posed_images/scene0536_01/00029.jpg",
      "transform_matrix": [
        [
          0.995328,
          0.058382,
          0.076901,
          5.344265
        ],
        [
          -0.002819,
          -0.778567,
          0.627555,
          0.774872
        ],
        [
          0.096511,
          -0.62484,
          -0.774765,
          1.426253
        ],
        [
          0.0,
          0.0,
          0.0,
          1.0
        ]
      ]
    },
    {
      "file_path": "/media/NFS/ttao/scannet/posed_images/scene0536_01/00035.jpg",
      "transform_matrix": [
        [
          0.996186,
          0.053999,
          0.068535,
          5.466824
        ],
        [
          0.00101,
          -0.792568,
          0.609783,
          0.715103
        ],
        [
          0.087246,
          -0.607389,
          -0.7896,
          1.421657
        ],
        [
          0.0,
          0.0,
          0.0,
          1.0
        ]
      ]
    },
    {
      "file_path": "/media/NFS/ttao/scannet/posed_images/scene0536_01/00037.jpg",
      "transform_matrix": [
        [
          0.996747,
          0.049038,
          0.063964,
          5.50997
        ],
        [
          0.000806,
          -0.799637,
          0.600483,
          0.706659
        ],
        [
          0.080594,
          -0.598478,
          -0.797075,
          1.427336
        ],
        [
          0.0,
          0.0,
          0.0,
          1.0
        ]
      ]
    },
    {
      "file_path": "/media/NFS/ttao/scannet/posed_images/scene0536_01/00041.jpg",
      "transform_matrix": [
        [
          0.997429,
          0.025781,
          0.066859,
          5.599319
        ],
        [
          -0.020711,
          -0.789496,
          0.613407,
          0.672523
        ],
        [
          0.068599,
          -0.613215,
          -0.786932,
          1.434425
        ],
        [
          0.0,
          0.0,
          0.0,
          1.0
        ]
      ]
    },
    {
      "file_path": "/media/NFS/ttao/scannet/posed_images/scene0536_01/00043.jpg",
      "transform_matrix": [
        [
          0.997764,
          0.000944,
          0.066822,
          5.638006
        ],
        [
          -0.040358,
          -0.788474,
          0.613743,
          0.66498
        ],
        [
          0.053267,
          -0.615068,
          -0.786673,
          1.444953
        ],
        [
          0.0,
          0.0,
          0.0,
          1.0
        ]
      ]
    },
    {
      "file_path": "/media/NFS/ttao/scannet/posed_images/scene0536_01/00046.jpg",
      "transform_matrix": [
        [
          0.995619,
          -0.046121,
          0.081332,
          5.697439
        ],
        [
          -0.087471,
          -0.766726,
          0.635987,
          0.647682
        ],
        [
          0.033027,
          -0.640316,
          -0.767402,
          1.459459
        ],
        [
          0.0,
          0.0,
          0.0,
          1.0
        ]
      ]
    },
    {
      "file_path": "/media/NFS/ttao/scannet/posed_images/scene0536_01/00052.jpg",
      "transform_matrix": [
        [
          0.981169,
          -0.14528,
          0.127285,
          5.804808
        ],
        [
          -0.193071,
          -0.718675,
          0.668004,
          0.595552
        ],
        [
          -0.005571,
          -0.68,
          -0.733191,
          1.460447
        ],
        [
          0.0,
          0.0,
          0.0,
          1.0
        ]
      ]
    },
    {
      "file_path": "/media/NFS/ttao/scannet/posed_images/scene0536_01/00053.jpg",
      "transform_matrix": [
        [
          0.978583,
          -0.153915,
          0.136696,
          5.826144
        ],
        [
          -0.205794,
          -0.715545,
          0.667566,
          0.589228
        ],
        [
          -0.004936,
          -0.6814,
          -0.731895,
          1.45915
        ],
        [
          0.0,
          0.0,
          0.0,
          1.0
        ]
      ]
    },
    {
      "file_path": "/media/NFS/ttao/scannet/posed_images/scene0536_01/00059.jpg",
      "transform_matrix": [
        [
          0.970908,
          -0.171785,
          0.166813,
          5.96292
        ],
        [
          -0.239437,
          -0.689149,
          0.683918,
          0.577522
        ],
        [
          -0.002528,
          -0.703963,
          -0.710232,
          1.467244
        ],
        [
          0.0,
          0.0,
          0.0,
          1.0
        ]
      ]
    },
    {
      "file_path": "/media/NFS/ttao/scannet/posed_images/scene0536_01/00062.jpg",
      "transform_matrix": [
        [
          0.973815,
          -0.150649,
          0.170265,
          6.031406
        ],
        [
          -0.227182,
          -0.673031,
          0.703859,
          0.560211
        ],
        [
          0.008558,
          -0.724109,
          -0.689632,
          1.460632
        ],
        [
          0.0,
          0.0,
          0.0,
          1.0
        ]
      ]
    },
    {
      "file_path": "/media/NFS/ttao/scannet/posed_images/scene0536_01/00065.jpg",
      "transform_matrix": [
        [
          0.976704,
          -0.134126,
          0.167511,
          6.105727
        ],
        [
          -0.213979,
          -0.667675,
          0.713038,
          0.551204
        ],
        [
          0.016206,
          -0.732271,
          -0.680821,
          1.466627
        ],
        [
          0.0,
          0.0,
          0.0,
          1.0
        ]
      ]
    },
    {
      "file_path": "/media/NFS/ttao/scannet/posed_images/scene0536_01/00067.jpg",
      "transform_matrix": [
        [
          0.981972,
          -0.118875,
          0.146966,
          6.153771
        ],
        [
          -0.188399,
          -0.678699,
          0.70984,
          0.545911
        ],
        [
          0.015364,
          -0.724732,
          -0.68886,
          1.47692
        ],
        [
          0.0,
          0.0,
          0.0,
          1.0
        ]
      ]
    },
    {
      "file_path": "/media/NFS/ttao/scannet/posed_images/scene0536_01/00071.jpg",
      "transform_matrix": [
        [
          0.979666,
          -0.126765,
          0.155513,
          6.246645
        ],
        [
          -0.200025,
          -0.677425,
          0.707874,
          0.528642
        ],
        [
          0.015615,
          -0.724587,
          -0.689007,
          1.488512
        ],
        [
          0.0,
          0.0,
          0.0,
          1.0
        ]
      ]
    },
    {
      "file_path": "/media/NFS/ttao/scannet/posed_images/scene0536_01/00076.jpg",
      "transform_matrix": [
        [
          0.979263,
          -0.123338,
          0.160725,
          6.366401
        ],
        [
          -0.201362,
          -0.679925,
          0.705093,
          0.504062
        ],
        [
          0.022317,
          -0.722835,
          -0.690661,
          1.499809
        ],
        [
          0.0,
          0.0,
          0.0,
          1.0
        ]
      ]
    },
    {
      "file_path": "/media/NFS/ttao/scannet/posed_images/scene0536_01/00078.jpg",
      "transform_matrix": [
        [
          0.984474,
          -0.112973,
          0.134339,
          6.415235
        ],
        [
          -0.175105,
          -0.685171,
          0.707021,
          0.492394
        ],
        [
          0.012171,
          -0.719568,
          -0.694316,
          1.50236
        ],
        [
          0.0,
          0.0,
          0.0,
          1.0
        ]
      ]
    },
    {
      "file_path": "/media/NFS/ttao/scannet/posed_images/scene0536_01/00080.jpg",
      "transform_matrix": [
        [
          0.991391,
          -0.083498,
          0.100849,
          6.459445
        ],
        [
          -0.130494,
          -0.692892,
          0.709135,
          0.477612
        ],
        [
          0.010666,
          -0.716191,
          -0.697823,
          1.498711
        ],
        [
          0.0,
          0.0,
          0.0,
          1.0
        ]
      ]
    },
    {
      "file_path": "/media/NFS/ttao/scannet/posed_images/scene0536_01/00084.jpg",
      "transform_matrix": [
        [
          0.999359,
          -0.028106,
          0.022159,
          6.55425
        ],
        [
          -0.035674,
          -0.732468,
          0.679866,
          0.461879
        ],
        [
          -0.002878,
          -0.680221,
          -0.733001,
          1.502055
        ],
        [
          0.0,
          0.0,
          0.0,
          1.0
        ]
      ]
    },
    {
      "file_path": "/media/NFS/ttao/scannet/posed_images/scene0536_01/00088.jpg",
      "transform_matrix": [
        [
          0.998506,
          0.0066,
          -0.054243,
          6.645128
        ],
        [
          0.041728,
          -0.733007,
          0.67894,
          0.439816
        ],
        [
          -0.035279,
          -0.680189,
          -0.732187,
          1.513268
        ],
        [
          0.0,
          0.0,
          0.0,
          1.0
        ]
      ]
    },
    {
      "file_path": "/media/NFS/ttao/scannet/posed_images/scene0536_01/00093.jpg",
      "transform_matrix": [
        [
          0.992105,
          0.065419,
          -0.106993,
          6.736187
        ],
        [
          0.121235,
          -0.718568,
          0.684808,
          0.422893
        ],
        [
          -0.032083,
          -0.692373,
          -0.720826,
          1.531945
        ],
        [
          0.0,
          0.0,
          0.0,
          1.0
        ]
      ]
    },
    {
      "file_path": "/media/NFS/ttao/scannet/posed_images/scene0536_01/00094.jpg",
      "transform_matrix": [
        [
          0.989662,
          0.082499,
          -0.117318,
          6.753255
        ],
        [
          0.140548,
          -0.720779,
          0.678766,
          0.424744
        ],
        [
          -0.028563,
          -0.688238,
          -0.724923,
          1.538589
        ],
        [
          0.0,
          0.0,
          0.0,
          1.0
        ]
      ]
    },
    {
      "file_path": "/media/NFS/ttao/scannet/posed_images/scene0536_01/00099.jpg",
      "transform_matrix": [
        [
          0.978035,
          0.127007,
          -0.165278,
          6.834953
        ],
        [
          0.206605,
          -0.695687,
          0.687993,
          0.443929
        ],
        [
          -0.027602,
          -0.707029,
          -0.706646,
          1.5597
        ],
        [
          0.0,
          0.0,
          0.0,
          1.0
        ]
      ]
    },
    {
      "file_path": "/media/NFS/ttao/scannet/posed_images/scene0536_01/00100.jpg",
      "transform_matrix": [
        [
          0.975355,
          0.136058,
          -0.173696,
          6.85108
        ],
        [
          0.219195,
          -0.687478,
          0.692336,
          0.45073
        ],
        [
          -0.025214,
          -0.713346,
          -0.700358,
          1.561615
        ],
        [
          0.0,
          0.0,
          0.0,
          1.0
        ]
      ]
    },
    {
      "file_path": "/media/NFS/ttao/scannet/posed_images/scene0536_01/00106.jpg",
      "transform_matrix": [
        [
          0.964295,
          0.189466,
          -0.185032,
          6.968204
        ],
        [
          0.264535,
          -0.656222,
          0.706678,
          0.507889
        ],
        [
          0.012469,
          -0.730394,
          -0.682912,
          1.539939
        ],
        [
          0.0,
          0.0,
          0.0,
          1.0
        ]
      ]
    },
    {
      "file_path": "/media/NFS/ttao/scannet/posed_images/scene0536_01/00107.jpg",
      "transform_matrix": [
        [
          0.961458,
          0.194565,
          -0.194274,
          6.983198
        ],
        [
          0.27478,
          -0.654967,
          0.703928,
          0.51426
        ],
        [
          0.009717,
          -0.73018,
          -0.683186,
          1.534469
        ],
        [
          0.0,
          0.0,
          0.0,
          1.0
        ]
      ]
    },
    {
      "file_path": "/media/NFS/ttao/scannet/posed_images/scene0536_01/00112.jpg",
      "transform_matrix": [
        [
          0.943606,
          0.2403,
          -0.227736,
          7.055544
        ],
        [
          0.330544,
          -0.645003,
          0.688994,
          0.579417
        ],
        [
          0.018674,
          -0.725416,
          -0.688058,
          1.552199
        ],
        [
          0.0,
          0.0,
          0.0,
          1.0
        ]
      ]
    },
    {
      "file_path": "/media/NFS/ttao/scannet/posed_images/scene0536_01/00115.jpg",
      "transform_matrix": [
        [
          0.936251,
          0.251553,
          -0.245265,
          7.108757
        ],
        [
          0.351272,
          -0.657432,
          0.666627,
          0.626375
        ],
        [
          0.006448,
          -0.710285,
          -0.703885,
          1.565389
        ],
        [
          0.0,
          0.0,
          0.0,
          1.0
        ]
      ]
    },
    {
      "file_path": "/media/NFS/ttao/scannet/posed_images/scene0536_01/00117.jpg",
      "transform_matrix": [
        [
          0.930586,
          0.256527,
          -0.261156,
          7.130525
        ],
        [
          0.366051,
          -0.644526,
          0.671262,
          0.638583
        ],
        [
          0.003874,
          -0.720264,
          -0.69369,
          1.566946
        ],
        [
          0.0,
          0.0,
          0.0,
          1.0
        ]
      ]
    },
    {
      "file_path": "/media/NFS/ttao/scannet/posed_images/scene0536_01/00121.jpg",
      "transform_matrix": [
        [
          0.916901,
          0.281724,
          -0.282708,
          7.174805
        ],
        [
          0.399107,
          -0.642972,
          0.653683,
          0.665111
        ],
        [
          0.002385,
          -0.712193,
          -0.70198,
          1.566991
        ],
        [
          0.0,
          0.0,
          0.0,
          1.0
        ]
      ]
    },
    {
      "file_path": "/media/NFS/ttao/scannet/posed_images/scene0536_01/00124.jpg",
      "transform_matrix": [
        [
          0.911091,
          0.288191,
          -0.29472,
          7.216122
        ],
        [
          0.412199,
          -0.64113,
          0.647337,
          0.694387
        ],
        [
          -0.002397,
          -0.711266,
          -0.702919,
          1.571639
        ],
        [
          0.0,
          0.0,
          0.0,
          1.0
        ]
      ]
    },
    {
      "file_path": "/media/NFS/ttao/scannet/posed_images/scene0536_01/00127.jpg",
      "transform_matrix": [
        [
          0.906298,
          0.291911,
          -0.305635,
          7.258653
        ],
        [
          0.422558,
          -0.611554,
          0.668915,
          0.724438
        ],
        [
          0.008351,
          -0.735385,
          -0.677599,
          1.578221
        ],
        [
          0.0,
          0.0,
          0.0,
          1.0
        ]
      ]
    },
    {
      "file_path": "/media/NFS/ttao/scannet/posed_images/scene0536_01/00133.jpg",
      "transform_matrix": [
        [
          0.880352,
          0.335311,
          -0.33548,
          7.336927
        ],
        [
          0.46926,
          -0.512658,
          0.719011,
          0.804543
        ],
        [
          0.069106,
          -0.79041,
          -0.608668,
          1.620602
        ],
        [
          0.0,
          0.0,
          0.0,
          1.0
        ]
      ]
    },
    {
      "file_path": "/media/NFS/ttao/scannet/posed_images/scene0536_01/00134.jpg",
      "transform_matrix": [
        [
          0.877711,
          0.340545,
          -0.337124,
          7.349762
        ],
        [
          0.473192,
          -0.504986,
          0.721858,
          0.818445
        ],
        [
          0.075582,
          -0.793107,
          -0.604375,
          1.629068
        ],
        [
          0.0,
          0.0,
          0.0,
          1.0
        ]
      ]
    },
    {
      "file_path": "/media/NFS/ttao/scannet/posed_images/scene0536_01/00139.jpg",
      "transform_matrix": [
        [
          0.890063,
          0.329336,
          -0.31516,
          7.392975
        ],
        [
          0.439956,
          -0.43974,
          0.782987,
          0.868526
        ],
        [
          0.119278,
          -0.835564,
          -0.53629,
          1.668846
        ],
        [
          0.0,
          0.0,
          0.0,
          1.0
        ]
      ]
    },
    {
      "file_path": "/media/NFS/ttao/scannet/posed_images/scene0536_01/00140.jpg",
      "transform_matrix": [
        [
          0.895618,
          0.322759,
          -0.306096,
          7.399083
        ],
        [
          0.428322,
          -0.440052,
          0.789237,
          0.871821
        ],
        [
          0.120035,
          -0.837962,
          -0.532364,
          1.675842
        ],
        [
          0.0,
          0.0,
          0.0,
          1.0
        ]
      ]
    },
    {
      "file_path": "/media/NFS/ttao/scannet/posed_images/scene0536_01/00146.jpg",
      "transform_matrix": [
        [
          0.906365,
          0.342911,
          -0.246808,
          7.423768
        ],
        [
          0.379549,
          -0.404247,
          0.832182,
          0.92017
        ],
        [
          0.185593,
          -0.847937,
          -0.496547,
          1.712769
        ],
        [
          0.0,
          0.0,
          0.0,
          1.0
        ]
      ]
    },
    {
      "file_path": "/media/NFS/ttao/scannet/posed_images/scene0536_01/00147.jpg",
      "transform_matrix": [
        [
          0.906565,
          0.347296,
          -0.239846,
          7.427289
        ],
        [
          0.373899,
          -0.397202,
          0.838111,
          0.926004
        ],
        [
          0.195806,
          -0.84948,
          -0.489943,
          1.721279
        ],
        [
          0.0,
          0.0,
          0.0,
          1.0
        ]
      ]
    },
    {
      "file_path": "/media/NFS/ttao/scannet/posed_images/scene0536_01/00153.jpg",
      "transform_matrix": [
        [
          0.90775,
          0.36309,
          -0.210133,
          7.431286
        ],
        [
          0.32879,
          -0.304659,
          0.893912,
          0.96919
        ],
        [
          0.260552,
          -0.880538,
          -0.395935,
          1.783715
        ],
        [
          0.0,
          0.0,
          0.0,
          1.0
        ]
      ]
    },
    {
      "file_path": "/media/NFS/ttao/scannet/posed_images/scene0536_01/00155.jpg",
      "transform_matrix": [
        [
          0.910224,
          0.355224,
          -0.212856,
          7.427965
        ],
        [
          0.319096,
          -0.274012,
          0.907246,
          0.981575
        ],
        [
          0.26395,
          -0.893719,
          -0.362763,
          1.800957
        ],
        [
          0.0,
          0.0,
          0.0,
          1.0
        ]
      ]
    },
    {
      "file_path": "/media/NFS/ttao/scannet/posed_images/scene0536_01/00157.jpg",
      "transform_matrix": [
        [
          0.913673,
          0.348798,
          -0.208667,
          7.432013
        ],
        [
          0.307877,
          -0.258745,
          0.915567,
          0.985649
        ],
        [
          0.265357,
          -0.900772,
          -0.343795,
          1.80845
        ],
        [
          0.0,
          0.0,
          0.0,
          1.0
        ]
      ]
    },
    {
      "file_path": "/media/NFS/ttao/scannet/posed_images/scene0536_01/00160.jpg",
      "transform_matrix": [
        [
          0.925656,
          0.329456,
          -0.186064,
          7.398098
        ],
        [
          0.277178,
          -0.25571,
          0.926167,
          0.985505
        ],
        [
          0.257553,
          -0.908885,
          -0.328017,
          1.833093
        ],
        [
          0.0,
          0.0,
          0.0,
          1.0
        ]
      ]
    },
    {
      "file_path": "/media/NFS/ttao/scannet/posed_images/scene0536_01/00164.jpg",
      "transform_matrix": [
        [
          0.93743,
          0.304893,
          -0.168123,
          7.407269
        ],
        [
          0.248247,
          -0.246725,
          0.93675,
          0.99169
        ],
        [
          0.244128,
          -0.919873,
          -0.306976,
          1.845992
        ],
        [
          0.0,
          0.0,
          0.0,
          1.0
        ]
      ]
    },
    {
      "file_path": "/media/NFS/ttao/scannet/posed_images/scene0536_01/00169.jpg",
      "transform_matrix": [
        [
          0.955887,
          0.266172,
          -0.124227,
          7.407061
        ],
        [
          0.193615,
          -0.25291,
          0.947919,
          0.988484
        ],
        [
          0.220891,
          -0.930155,
          -0.293289,
          1.844405
        ],
        [
          0.0,
          0.0,
          0.0,
          1.0
        ]
      ]
    },
    {
      "file_path": "/media/NFS/ttao/scannet/posed_images/scene0536_01/00174.jpg",
      "transform_matrix": [
        [
          0.969374,
          0.224826,
          -0.098824,
          7.430941
        ],
        [
          0.163426,
          -0.290169,
          0.942918,
          0.991064
        ],
        [
          0.183317,
          -0.930191,
          -0.318025,
          1.826671
        ],
        [
          0.0,
          0.0,
          0.0,
          1.0
        ]
      ]
    },
    {
      "file_path": "/media/NFS/ttao/scannet/posed_images/scene0536_01/00176.jpg",
      "transform_matrix": [
        [
          0.972585,
          0.211358,
          -0.096986,
          7.435384
        ],
        [
          0.160613,
          -0.308915,
          0.93743,
          0.990556
        ],
        [
          0.168173,
          -0.927307,
          -0.334393,
          1.813739
        ],
        [
          0.0,
          0.0,
          0.0,
          1.0
        ]
      ]
    },
    {
      "file_path": "/media/NFS/ttao/scannet/posed_images/scene0536_01/00180.jpg",
      "transform_matrix": [
        [
          0.978571,
          0.188856,
          -0.082045,
          7.439347
        ],
        [
          0.145288,
          -0.350947,
          0.925056,
          0.995011
        ],
        [
          0.145909,
          -0.917153,
          -0.370865,
          1.799961
        ],
        [
          0.0,
          0.0,
          0.0,
          1.0
        ]
      ]
    },
    {
      "file_path": "/media/NFS/ttao/scannet/posed_images/scene0536_01/00182.jpg",
      "transform_matrix": [
        [
          0.978964,
          0.184319,
          -0.087497,
          7.444637
        ],
        [
          0.149711,
          -0.357561,
          0.921812,
          0.994372
        ],
        [
          0.138622,
          -0.91552,
          -0.377634,
          1.794769
        ],
        [
          0.0,
          0.0,
          0.0,
          1.0
        ]
      ]
    },
    {
      "file_path": "/media/NFS/ttao/scannet/posed_images/scene0536_01/00187.jpg",
      "transform_matrix": [
        [
          0.97519,
          0.196922,
          -0.10112,
          7.437591
        ],
        [
          0.166815,
          -0.353435,
          0.920465,
          0.993187
        ],
        [
          0.145521,
          -0.914497,
          -0.377516,
          1.800815
        ],
        [
          0.0,
          0.0,
          0.0,
          1.0
        ]
      ]
    },
    {
      "file_path": "/media/NFS/ttao/scannet/posed_images/scene0536_01/00188.jpg",
      "transform_matrix": [
        [
          0.973366,
          0.204157,
          -0.104298,
          7.434421
        ],
        [
          0.171786,
          -0.348249,
          0.921527,
          0.991068
        ],
        [
          0.151815,
          -0.9149,
          -0.374045,
          1.803257
        ],
        [
          0.0,
          0.0,
          0.0,
          1.0
        ]
      ]
    },
    {
      "file_path": "/media/NFS/ttao/scannet/posed_images/scene0536_01/00191.jpg",
      "transform_matrix": [
        [
          0.965019,
          0.231711,
          -0.122673,
          7.41938
        ],
        [
          0.195503,
          -0.324206,
          0.925564,
          0.988239
        ],
        [
          0.174692,
          -0.91717,
          -0.358165,
          1.819506
        ],
        [
          0.0,
          0.0,
          0.0,
          1.0
        ]
      ]
    },
    {
      "file_path": "/media/NFS/ttao/scannet/posed_images/scene0536_01/00197.jpg",
      "transform_matrix": [
        [
          0.937468,
          0.285905,
          -0.198527,
          7.401991
        ],
        [
          0.278432,
          -0.273691,
          0.920635,
          0.982806
        ],
        [
          0.208879,
          -0.918342,
          -0.336181,
          1.84798
        ],
        [
          0.0,
          0.0,
          0.0,
          1.0
        ]
      ]
    },
    {
      "file_path": "/media/NFS/ttao/scannet/posed_images/scene0536_01/00200.jpg",
      "transform_matrix": [
        [
          0.91334,
          0.317604,
          -0.25483,
          7.37858
        ],
        [
          0.338578,
          -0.244661,
          0.908573,
          0.977664
        ],
        [
          0.22622,
          -0.916116,
          -0.330993,
          1.86499
        ],
        [
          0.0,
          0.0,
          0.0,
          1.0
        ]
      ]
    },
    {
      "file_path": "/media/NFS/ttao/scannet/posed_images/scene0536_01/00204.jpg",
      "transform_matrix": [
        [
          0.866589,
          0.347289,
          -0.358348,
          7.376472
        ],
        [
          0.44156,
          -0.1991,
          0.874863,
          0.979313
        ],
        [
          0.232483,
          -0.916378,
          -0.325887,
          1.874384
        ],
        [
          0.0,
          0.0,
          0.0,
          1.0
        ]
      ]
    },
    {
      "file_path": "/media/NFS/ttao/scannet/posed_images/scene0536_01/00206.jpg",
      "transform_matrix": [
        [
          0.840757,
          0.359042,
          -0.405236,
          7.362469
        ],
        [
          0.490665,
          -0.188909,
          0.850624,
          0.984666
        ],
        [
          0.228857,
          -0.914003,
          -0.334997,
          1.888839
        ],
        [
          0.0,
          0.0,
          0.0,
          1.0
        ]
      ]
    },
    {
      "file_path": "/media/NFS/ttao/scannet/posed_images/scene0536_01/00208.jpg",
      "transform_matrix": [
        [
          0.810008,
          0.367734,
          -0.456792,
          7.364523
        ],
        [
          0.541627,
          -0.170559,
          0.823135,
          0.985992
        ],
        [
          0.224785,
          -0.914156,
          -0.337328,
          1.883407
        ],
        [
          0.0,
          0.0,
          0.0,
          1.0
        ]
      ]
    },
    {
      "file_path": "/media/NFS/ttao/scannet/posed_images/scene0536_01/00213.jpg",
      "transform_matrix": [
        [
          0.748613,
          0.400387,
          -0.528459,
          7.293734
        ],
        [
          0.624983,
          -0.160106,
          0.764044,
          0.961344
        ],
        [
          0.221303,
          -0.902251,
          -0.370093,
          1.858387
        ],
        [
          0.0,
          0.0,
          0.0,
          1.0
        ]
      ]
    },
    {
      "file_path": "/media/NFS/ttao/scannet/posed_images/scene0536_01/00217.jpg",
      "transform_matrix": [
        [
          0.692816,
          0.420593,
          -0.585754,
          7.2637
        ],
        [
          0.692433,
          -0.161204,
          0.703242,
          0.958971
        ],
        [
          0.201353,
          -0.892813,
          -0.402917,
          1.830185
        ],
        [
          0.0,
          0.0,
          0.0,
          1.0
        ]
      ]
    },
    {
      "file_path": "/media/NFS/ttao/scannet/posed_images/scene0536_01/00220.jpg",
      "transform_matrix": [
        [
          0.662628,
          0.441167,
          -0.605224,
          7.188622
        ],
        [
          0.719419,
          -0.150254,
          0.67813,
          0.898689
        ],
        [
          0.208231,
          -0.884757,
          -0.416946,
          1.782498
        ],
        [
          0.0,
          0.0,
          0.0,
          1.0
        ]
      ]
    },
    {
      "file_path": "/media/NFS/ttao/scannet/posed_images/scene0536_01/00224.jpg",
      "transform_matrix": [
        [
          0.609936,
          0.467137,
          -0.640126,
          7.116594
        ],
        [
          0.770346,
          -0.160059,
          0.61721,
          0.886725
        ],
        [
          0.185864,
          -0.869577,
          -0.457483,
          1.76444
        ],
        [
          0.0,
          0.0,
          0.0,
          1.0
        ]
      ]
    },
    {
      "file_path": "/media/NFS/ttao/scannet/posed_images/scene0536_01/00227.jpg",
      "transform_matrix": [
        [
          0.575018,
          0.487443,
          -0.65708,
          7.063432
        ],
        [
          0.796585,
          -0.150421,
          0.585514,
          0.872258
        ],
        [
          0.186566,
          -0.860101,
          -0.474784,
          1.743894
        ],
        [
          0.0,
          0.0,
          0.0,
          1.0
        ]
      ]
    },
    {
      "file_path": "/media/NFS/ttao/scannet/posed_images/scene0536_01/00230.jpg",
      "transform_matrix": [
        [
          0.549628,
          0.504166,
          -0.666127,
          6.98024
        ],
        [
          0.815123,
          -0.148992,
          0.5598,
          0.820821
        ],
        [
          0.182985,
          -0.850658,
          -0.492848,
          1.718863
        ],
        [
          0.0,
          0.0,
          0.0,
          1.0
        ]
      ]
    },
    {
      "file_path": "/media/NFS/ttao/scannet/posed_images/scene0536_01/00232.jpg",
      "transform_matrix": [
        [
          0.498447,
          0.532594,
          -0.684028,
          6.919762
        ],
        [
          0.849115,
          -0.140838,
          0.509087,
          0.803525
        ],
        [
          0.174799,
          -0.834571,
          -0.522433,
          1.691277
        ],
        [
          0.0,
          0.0,
          0.0,
          1.0
        ]
      ]
    },
    {
      "file_path": "/media/NFS/ttao/scannet/posed_images/scene0536_01/00235.jpg",
      "transform_matrix": [
        [
          0.456755,
          0.552373,
          -0.697323,
          6.885014
        ],
        [
          0.875571,
          -0.140513,
          0.462204,
          0.791025
        ],
        [
          0.157326,
          -0.821669,
          -0.547822,
          1.669442
        ],
        [
          0.0,
          0.0,
          0.0,
          1.0
        ]
      ]
    },
    {
      "file_path": "/media/NFS/ttao/scannet/posed_images/scene0536_01/00238.jpg",
      "transform_matrix": [
        [
          0.409474,
          0.580892,
          -0.703488,
          6.851686
        ],
        [
          0.902638,
          -0.1459,
          0.404917,
          0.781039
        ],
        [
          0.132574,
          -0.800798,
          -0.584078,
          1.649702
        ],
        [
          0.0,
          0.0,
          0.0,
          1.0
        ]
      ]
    },
    {
      "file_path": "/media/NFS/ttao/scannet/posed_images/scene0536_01/00241.jpg",
      "transform_matrix": [
        [
          0.386423,
          0.607949,
          -0.693595,
          6.803121
        ],
        [
          0.914757,
          -0.156506,
          0.372458,
          0.72846
        ],
        [
          0.117884,
          -0.778398,
          -0.616604,
          1.62739
        ],
        [
          0.0,
          0.0,
          0.0,
          1.0
        ]
      ]
    },
    {
      "file_path": "/media/NFS/ttao/scannet/posed_images/scene0536_01/00247.jpg",
      "transform_matrix": [
        [
          0.314079,
          0.662338,
          -0.680193,
          6.742961
        ],
        [
          0.946565,
          -0.163162,
          0.278196,
          0.725751
        ],
        [
          0.073278,
          -0.731222,
          -0.678192,
          1.593746
        ],
        [
          0.0,
          0.0,
          0.0,
          1.0
        ]
      ]
    },
    {
      "file_path": "/media/NFS/ttao/scannet/posed_images/scene0536_01/00250.jpg",
      "transform_matrix": [
        [
          0.308741,
          0.679333,
          -0.665722,
          6.691142
        ],
        [
          0.948803,
          -0.17087,
          0.265662,
          0.695785
        ],
        [
          0.066721,
          -0.71366,
          -0.697308,
          1.573646
        ],
        [
          0.0,
          0.0,
          0.0,
          1.0
        ]
      ]
    },
    {
      "file_path": "/media/NFS/ttao/scannet/posed_images/scene0536_01/00254.jpg",
      "transform_matrix": [
        [
          0.303678,
          0.693004,
          -0.653853,
          6.627959
        ],
        [
          0.950671,
          -0.174818,
          0.256248,
          0.700088
        ],
        [
          0.063275,
          -0.699417,
          -0.711908,
          1.547011
        ],
        [
          0.0,
          0.0,
          0.0,
          1.0
        ]
      ]
    },
    {
      "file_path": "/media/NFS/ttao/scannet/posed_images/scene0536_01/00255.jpg",
      "transform_matrix": [
        [
          0.303729,
          0.698232,
          -0.648244,
          6.614305
        ],
        [
          0.950349,
          -0.173669,
          0.258217,
          0.701319
        ],
        [
          0.067716,
          -0.694486,
          -0.716313,
          1.537388
        ],
        [
          0.0,
          0.0,
          0.0,
          1.0
        ]
      ]
    },
    {
      "file_path": "/media/NFS/ttao/scannet/posed_images/scene0536_01/00260.jpg",
      "transform_matrix": [
        [
          0.317314,
          0.713388,
          -0.624811,
          6.510727
        ],
        [
          0.946266,
          -0.194843,
          0.258102,
          0.71544
        ],
        [
          0.062387,
          -0.673137,
          -0.736882,
          1.518613
        ],
        [
          0.0,
          0.0,
          0.0,
          1.0
