{
  "frames": [
    {
      "file_path": "/media/NFS/ttao/scannet/posed_images/scene0244_01/00000.jpg",
      "transform_matrix": [
        [
          0.37702,
          0.182675,
          -0.908012,
          3.341841
        ],
        [
          0.92279,
          -0.158202,
          0.351328,
          1.995336
        ],
        [
          -0.07947,
          -0.970362,
          -0.228216,
          1.568016
        ],
        [
          0.0,
          0.0,
          0.0,
          1.0
        ]
      ]
    },
    {
      "file_path": "/media/NFS/ttao/scannet/posed_images/scene0244_01/00002.jpg",
      "transform_matrix": [
        [
          0.380057,
          0.192231,
          -0.904767,
          3.329446
        ],
        [
          0.921803,
          -0.159507,
          0.353324,
          2.008936
        ],
        [
          -0.076397,
          -0.9683,
          -0.237821,
          1.566364
        ],
        [
          0.0,
          0.0,
          0.0,
          1.0
        ]
      ]
    },
    {
      "file_path": "/media/NFS/ttao/scannet/posed_images/scene0244_01/00006.jpg",
      "transform_matrix": [
        [
          0.380199,
          0.185014,
          -0.906211,
          3.320081
        ],
        [
          0.922072,
          -0.15245,
          0.355729,
          2.024067
        ],
        [
          -0.072337,
          -0.970839,
          -0.228558,
          1.560612
        ],
        [
          0.0,
          0.0,
          0.0,
          1.0
        ]
      ]
    },
    {
      "file_path": "/media/NFS/ttao/scannet/posed_images/scene0244_01/00008.jpg",
      "transform_matrix": [
        [
          0.380243,
          0.184933,
          -0.906209,
          3.314488
        ],
        [
          0.922204,
          -0.15038,
          0.356266,
          2.029902
        ],
        [
          -0.070391,
          -0.971178,
          -0.227727,
          1.552956
        ],
        [
          0.0,
          0.0,
          0.0,
          1.0
        ]
      ]
    },
    {
      "file_path": "/media/NFS/ttao/scannet/posed_images/scene0244_01/00010.jpg",
      "transform_matrix": [
        [
          0.384654,
          0.189136,
          -0.903476,
          3.295136
        ],
        [
          0.920804,
          -0.147022,
          0.361253,
          2.03242
        ],
        [
          -0.064505,
          -0.970882,
          -0.23071,
          1.565633
        ],
        [
          0.0,
          0.0,
          0.0,
          1.0
        ]
      ]
    },
    {
      "file_path": "/media/NFS/ttao/scannet/posed_images/scene0244_01/00012.jpg",
      "transform_matrix": [
        [
          0.387374,
          0.195417,
          -0.900974,
          3.278198
        ],
        [
          0.92026,
          -0.140628,
          0.365165,
          2.0479
        ],
        [
          -0.055342,
          -0.970586,
          -0.23431,
          1.567174
        ],
        [
          0.0,
          0.0,
          0.0,
          1.0
        ]
      ]
    },
    {
      "file_path": "/media/NFS/ttao/scannet/posed_images/scene0244_01/00014.jpg",
      "transform_matrix": [
        [
          0.39244,
          0.200944,
          -0.897559,
          3.268617
        ],
        [
          0.918737,
          -0.132047,
          0.372137,
          2.056816
        ],
        [
          -0.043741,
          -0.970662,
          -0.236436,
          1.559812
        ],
        [
          0.0,
          0.0,
          0.0,
          1.0
        ]
      ]
    },
    {
      "file_path": "/media/NFS/ttao/scannet/posed_images/scene0244_01/00017.jpg",
      "transform_matrix": [
        [
          0.402761,
          0.197337,
          -0.89378,
          3.258472
        ],
        [
          0.914037,
          -0.138096,
          0.3814,
          2.067859
        ],
        [
          -0.048164,
          -0.970561,
          -0.235993,
          1.539551
        ],
        [
          0.0,
          0.0,
          0.0,
          1.0
        ]
      ]
    },
    {
      "file_path": "/media/NFS/ttao/scannet/posed_images/scene0244_01/00018.jpg",
      "transform_matrix": [
        [
          0.412333,
          0.197726,
          -0.889318,
          3.246063
        ],
        [
          0.909633,
          -0.143469,
          0.389853,
          2.074347
        ],
        [
          -0.050506,
          -0.969702,
          -0.239015,
          1.54458
        ],
        [
          0.0,
          0.0,
          0.0,
          1.0
        ]
      ]
    },
    {
      "file_path": "/media/NFS/ttao/scannet/posed_images/scene0244_01/00021.jpg",
      "transform_matrix": [
        [
          0.442261,
          0.199226,
          -0.87448,
          3.205765
        ],
        [
          0.895654,
          -0.14922,
          0.418973,
          2.076402
        ],
        [
          -0.04702,
          -0.968526,
          -0.244432,
          1.547087
        ],
        [
          0.0,
          0.0,
          0.0,
          1.0
        ]
      ]
    },
    {
      "file_path": "/media/NFS/ttao/scannet/posed_images/scene0244_01/00023.jpg",
      "transform_matrix": [
        [
          0.466289,
          0.198799,
          -0.862006,
          3.17707
        ],
        [
          0.883602,
          -0.151696,
          0.442987,
          2.074743
        ],
        [
          -0.042697,
          -0.968229,
          -0.246393,
          1.538329
        ],
        [
          0.0,
          0.0,
          0.0,
          1.0
        ]
      ]
    },
    {
      "file_path": "/media/NFS/ttao/scannet/posed_images/scene0244_01/00026.jpg",
      "transform_matrix": [
        [
          0.502159,
          0.198075,
          -0.841785,
          3.138818
        ],
        [
          0.863543,
          -0.166802,
          0.475889,
          2.071183
        ],
        [
          -0.04615,
          -0.96589,
          -0.254808,
          1.528772
        ],
        [
          0.0,
          0.0,
          0.0,
          1.0
        ]
      ]
    },
    {
      "file_path": "/media/NFS/ttao/scannet/posed_images/scene0244_01/00029.jpg",
      "transform_matrix": [
        [
          0.5379,
          0.173463,
          -0.82497,
          3.096785
        ],
        [
          0.840658,
          -0.183411,
          0.509564,
          2.070205
        ],
        [
          -0.062918,
          -0.967611,
          -0.24448,
          1.537088
        ],
        [
          0.0,
          0.0,
          0.0,
          1.0
        ]
      ]
    },
    {
      "file_path": "/media/NFS/ttao/scannet/posed_images/scene0244_01/00030.jpg",
      "transform_matrix": [
        [
          0.554255,
          0.171613,
          -0.814463,
          3.072797
        ],
        [
          0.829749,
          -0.191177,
          0.524375,
          2.055805
        ],
        [
          -0.065717,
          -0.966437,
          -0.248357,
          1.550372
        ],
        [
          0.0,
          0.0,
          0.0,
          1.0
        ]
      ]
    },
    {
      "file_path": "/media/NFS/ttao/scannet/posed_images/scene0244_01/00034.jpg",
      "transform_matrix": [
        [
          0.598559,
          0.148627,
          -0.787171,
          3.023281
        ],
        [
          0.796844,
          -0.211367,
          0.566006,
          2.04617
        ],
        [
          -0.082258,
          -0.96604,
          -0.244949,
          1.560088
        ],
        [
          0.0,
          0.0,
          0.0,
          1.0
        ]
      ]
    },
    {
      "file_path": "/media/NFS/ttao/scannet/posed_images/scene0244_01/00035.jpg",
      "transform_matrix": [
        [
          0.618794,
          0.140539,
          -0.77288,
          3.002509
        ],
        [
          0.7809,
          -0.216977,
          0.585761,
          2.033884
        ],
        [
          -0.085375,
          -0.966007,
          -0.244011,
          1.559669
        ],
        [
          0.0,
          0.0,
          0.0,
          1.0
        ]
      ]
    },
    {
      "file_path": "/media/NFS/ttao/scannet/posed_images/scene0244_01/00038.jpg",
      "transform_matrix": [
        [
          0.633152,
          0.144409,
          -0.760437,
          2.974248
        ],
        [
          0.769456,
          -0.224048,
          0.598114,
          2.033665
        ],
        [
          -0.084002,
          -0.96382,
          -0.252973,
          1.551059
        ],
        [
          0.0,
          0.0,
          0.0,
          1.0
        ]
      ]
    },
    {
      "file_path": "/media/NFS/ttao/scannet/posed_images/scene0244_01/00041.jpg",
      "transform_matrix": [
        [
          0.656783,
          0.145437,
          -0.739922,
          2.924972
        ],
        [
          0.750655,
          -0.219499,
          0.623167,
          2.028871
        ],
        [
          -0.07178,
          -0.964712,
          -0.253336,
          1.566666
        ],
        [
          0.0,
          0.0,
          0.0,
          1.0
        ]
      ]
    },
    {
      "file_path": "/media/NFS/ttao/scannet/posed_images/scene0244_01/00042.jpg",
      "transform_matrix": [
        [
          0.659193,
          0.143718,
          -0.738112,
          2.922202
        ],
        [
          0.748382,
          -0.221208,
          0.625293,
          2.040193
        ],
        [
          -0.07341,
          -0.964579,
          -0.253375,
          1.563044
        ],
        [
          0.0,
          0.0,
          0.0,
          1.0
        ]
      ]
    },
    {
      "file_path": "/media/NFS/ttao/scannet/posed_images/scene0244_01/00044.jpg",
      "transform_matrix": [
        [
          0.670253,
          0.142171,
          -0.728388,
          2.896501
        ],
        [
          0.738492,
          -0.224869,
          0.63566,
          2.043839
        ],
        [
          -0.07342,
          -0.963961,
          -0.255711,
          1.567614
        ],
        [
          0.0,
          0.0,
          0.0,
          1.0
        ]
      ]
    },
    {
      "file_path": "/media/NFS/ttao/scannet/posed_images/scene0244_01/00048.jpg",
      "transform_matrix": [
        [
          0.68285,
          0.121868,
          -0.720322,
          2.858114
        ],
        [
          0.726572,
          -0.216153,
          0.652204,
          2.083029
        ],
        [
          -0.076217,
          -0.968724,
          -0.236146,
          1.560923
        ],
        [
          0.0,
          0.0,
          0.0,
          1.0
        ]
      ]
    },
    {
      "file_path": "/media/NFS/ttao/scannet/posed_images/scene0244_01/00049.jpg",
      "transform_matrix": [
        [
          0.68846,
          0.122138,
          -0.714916,
          2.84374
        ],
        [
          0.721533,
          -0.215327,
          0.658046,
          2.080903
        ],
        [
          -0.073569,
          -0.968874,
          -0.23637,
          1.56348
        ],
        [
          0.0,
          0.0,
          0.0,
          1.0
        ]
      ]
    },
    {
      "file_path": "/media/NFS/ttao/scannet/posed_images/scene0244_01/00053.jpg",
      "transform_matrix": [
        [
          0.713259,
          0.102681,
          -0.693339,
          2.787966
        ],
        [
          0.696784,
          -0.21093,
          0.685565,
          2.098219
        ],
        [
          -0.075852,
          -0.972093,
          -0.221994,
          1.561584
        ],
        [
          0.0,
          0.0,
          0.0,
          1.0
        ]
      ]
    },
    {
      "file_path": "/media/NFS/ttao/scannet/posed_images/scene0244_01/00054.jpg",
      "transform_matrix": [
        [
          0.716907,
          0.102178,
          -0.689641,
          2.781635
        ],
        [
          0.693177,
          -0.210176,
          0.689443,
          2.099495
        ],
        [
          -0.0745,
          -0.97231,
          -0.221504,
          1.55936
        ],
        [
          0.0,
          0.0,
          0.0,
          1.0
        ]
      ]
    },
    {
      "file_path": "/media/NFS/ttao/scannet/posed_images/scene0244_01/00057.jpg",
      "transform_matrix": [
        [
          0.733086,
          0.110287,
          -0.671134,
          2.756903
        ],
        [
          0.676391,
          -0.221624,
          0.702409,
          2.125458
        ],
        [
          -0.071273,
          -0.968875,
          -0.237067,
          1.551146
        ],
        [
          0.0,
          0.0,
          0.0,
          1.0
        ]
      ]
    },
    {
      "file_path": "/media/NFS/ttao/scannet/posed_images/scene0244_01/00060.jpg",
      "transform_matrix": [
        [
          0.756034,
          0.112375,
          -0.644814,
          2.718139
        ],
        [
          0.650982,
          -0.23157,
          0.722909,
          2.126018
        ],
        [
          -0.068083,
          -0.966306,
          -0.248229,
          1.552227
        ],
        [
          0.0,
          0.0,
          0.0,
          1.0
        ]
      ]
    },
    {
      "file_path": "/media/NFS/ttao/scannet/posed_images/scene0244_01/00062.jpg",
      "transform_matrix": [
        [
          0.766608,
          0.113506,
          -0.632004,
          2.699798
        ],
        [
          0.638688,
          -0.236363,
          0.732264,
          2.132776
        ],
        [
          -0.066266,
          -0.965013,
          -0.253692,
          1.548194
        ],
        [
          0.0,
          0.0,
          0.0,
          1.0
        ]
      ]
    },
    {
      "file_path": "/media/NFS/ttao/scannet/posed_images/scene0244_01/00065.jpg",
      "transform_matrix": [
        [
          0.789246,
          0.129047,
          -0.600364,
          2.654569
        ],
        [
          0.612112,
          -0.243472,
          0.752356,
          2.138953
        ],
        [
          -0.049083,
          -0.961285,
          -0.271151,
          1.555252
        ],
        [
          0.0,
          0.0,
          0.0,
          1.0
        ]
      ]
    },
    {
      "file_path": "/media/NFS/ttao/scannet/posed_images/scene0244_01/00066.jpg",
      "transform_matrix": [
        [
          0.796485,
          0.13031,
          -0.590451,
          2.637669
        ],
        [
          0.603017,
          -0.243103,
          0.759784,
          2.140197
        ],
        [
          -0.044532,
          -0.961208,
          -0.272207,
          1.556029
        ],
        [
          0.0,
          0.0,
          0.0,
          1.0
        ]
      ]
    },
    {
      "file_path": "/media/NFS/ttao/scannet/posed_images/scene0244_01/00068.jpg",
      "transform_matrix": [
        [
          0.813035,
          0.12531,
          -0.56857,
          2.599006
        ],
        [
          0.580837,
          -0.241727,
          0.777301,
          2.143629
        ],
        [
          -0.040036,
          -0.962219,
          -0.269317,
          1.556575
        ],
        [
          0.0,
          0.0,
          0.0,
          1.0
        ]
      ]
    },
    {
      "file_path": "/media/NFS/ttao/scannet/posed_images/scene0244_01/00070.jpg",
      "transform_matrix": [
        [
          0.817489,
          0.117139,
          -0.563906,
          2.593156
        ],
        [
          0.574052,
          -0.245012,
          0.781302,
          2.165168
        ],
        [
          -0.046642,
          -0.962418,
          -0.267539,
          1.552522
        ],
        [
          0.0,
          0.0,
          0.0,
          1.0
        ]
      ]
    },
    {
      "file_path": "/media/NFS/ttao/scannet/posed_images/scene0244_01/00073.jpg",
      "transform_matrix": [
        [
          0.835608,
          0.103345,
          -0.539518,
          2.548151
        ],
        [
          0.546555,
          -0.254953,
          0.79767,
          2.165743
        ],
        [
          -0.055116,
          -0.961415,
          -0.269524,
          1.553979
        ],
        [
          0.0,
          0.0,
          0.0,
          1.0
        ]
      ]
    },
    {
      "file_path": "/media/NFS/ttao/scannet/posed_images/scene0244_01/00075.jpg",
      "transform_matrix": [
        [
          0.860695,
          0.088107,
          -0.501439,
          2.490016
        ],
        [
          0.505685,
          -0.262169,
          0.821919,
          2.168132
        ],
        [
          -0.059045,
          -0.960992,
          -0.270202,
          1.560434
        ],
        [
          0.0,
          0.0,
          0.0,
          1.0
        ]
      ]
    },
    {
      "file_path": "/media/NFS/ttao/scannet/posed_images/scene0244_01/00079.jpg",
      "transform_matrix": [
        [
          0.883427,
          0.073429,
          -0.46278,
          2.427619
        ],
        [
          0.464688,
          -0.264148,
          0.845158,
          2.177715
        ],
        [
          -0.060183,
          -0.961683,
          -0.267477,
          1.574028
        ],
        [
          0.0,
          0.0,
          0.0,
          1.0
        ]
      ]
    },
    {
      "file_path": "/media/NFS/ttao/scannet/posed_images/scene0244_01/00081.jpg",
      "transform_matrix": [
        [
          0.894814,
          0.053,
          -0.443283,
          2.402402
        ],
        [
          0.440278,
          -0.269165,
          0.856566,
          2.192019
        ],
        [
          -0.073919,
          -0.961635,
          -0.264187,
          1.573838
        ],
        [
          0.0,
          0.0,
          0.0,
          1.0
        ]
      ]
    },
    {
      "file_path": "/media/NFS/ttao/scannet/posed_images/scene0244_01/00082.jpg",
      "transform_matrix": [
        [
          0.898847,
          0.046646,
          -0.435774,
          2.398573
        ],
        [
          0.431082,
          -0.273367,
          0.859907,
          2.196623
        ],
        [
          -0.079014,
          -0.960778,
          -0.265823,
          1.570267
        ],
        [
          0.0,
          0.0,
          0.0,
          1.0
        ]
      ]
    },
    {
      "file_path": "/media/NFS/ttao/scannet/posed_images/scene0244_01/00086.jpg",
      "transform_matrix": [
        [
          0.919735,
          0.026558,
          -0.391639,
          2.332115
        ],
        [
          0.382908,
          -0.280348,
          0.88022,
          2.199919
        ],
        [
          -0.086418,
          -0.959531,
          -0.268015,
          1.575334
        ],
        [
          0.0,
          0.0,
          0.0,
          1.0
        ]
      ]
    },
    {
      "file_path": "/media/NFS/ttao/scannet/posed_images/scene0244_01/00088.jpg",
      "transform_matrix": [
        [
          0.928867,
          0.021392,
          -0.369796,
          2.309011
        ],
        [
          0.359782,
          -0.28957,
          0.886964,
          2.213267
        ],
        [
          -0.088108,
          -0.956918,
          -0.276668,
          1.57042
        ],
        [
          0.0,
          0.0,
          0.0,
          1.0
        ]
      ]
    },
    {
      "file_path": "/media/NFS/ttao/scannet/posed_images/scene0244_01/00090.jpg",
      "transform_matrix": [
        [
          0.932629,
          0.022657,
          -0.360124,
          2.299586
        ],
        [
          0.350854,
          -0.290063,
          0.890374,
          2.226844
        ],
        [
          -0.084285,
          -0.956739,
          -0.278471,
          1.571596
        ],
        [
          0.0,
          0.0,
          0.0,
          1.0
        ]
      ]
    },
    {
      "file_path": "/media/NFS/ttao/scannet/posed_images/scene0244_01/00093.jpg",
      "transform_matrix": [
        [
          0.944028,
          0.023783,
          -0.329006,
          2.254025
        ],
        [
          0.321131,
          -0.294254,
          0.900161,
          2.258157
        ],
        [
          -0.075403,
          -0.955431,
          -0.285422,
          1.571016
        ],
        [
          0.0,
          0.0,
          0.0,
          1.0
        ]
      ]
    },
    {
      "file_path": "/media/NFS/ttao/scannet/posed_images/scene0244_01/00094.jpg",
      "transform_matrix": [
        [
          0.945016,
          0.027017,
          -0.325905,
          2.246561
        ],
        [
          0.319212,
          -0.292715,
          0.901344,
          2.26585
        ],
        [
          -0.071046,
          -0.955818,
          -0.285245,
          1.571777
        ],
        [
          0.0,
          0.0,
          0.0,
          1.0
        ]
      ]
    },
    {
      "file_path": "/media/NFS/ttao/scannet/posed_images/scene0244_01/00096.jpg",
      "transform_matrix": [
        [
          0.946844,
          0.031339,
          -0.320161,
          2.232037
        ],
        [
          0.315363,
          -0.286867,
          0.904574,
          2.28299
        ],
        [
          -0.063496,
          -0.957458,
          -0.281502,
          1.572575
        ],
        [
          0.0,
          0.0,
          0.0,
          1.0
        ]
      ]
    },
    {
      "file_path": "/media/NFS/ttao/scannet/posed_images/scene0244_01/00100.jpg",
      "transform_matrix": [
        [
          0.947679,
          0.010742,
          -0.319043,
          2.217371
        ],
        [
          0.309533,
          -0.275317,
          0.910159,
          2.346539
        ],
        [
          -0.078061,
          -0.961294,
          -0.264237,
          1.564473
        ],
        [
          0.0,
          0.0,
          0.0,
          1.0
        ]
      ]
    },
    {
      "file_path": "/media/NFS/ttao/scannet/posed_images/scene0244_01/00102.jpg",
      "transform_matrix": [
        [
          0.948239,
          -0.000307,
          -0.317557,
          2.203651
        ],
        [
          0.305281,
          -0.274469,
          0.91185,
          2.366751
        ],
        [
          -0.087439,
          -0.961596,
          -0.260169,
          1.56228
        ],
        [
          0.0,
          0.0,
          0.0,
          1.0
        ]
      ]
    },
    {
      "file_path": "/media/NFS/ttao/scannet/posed_images/scene0244_01/00104.jpg",
      "transform_matrix": [
        [
          0.94891,
          0.001028,
          -0.315544,
          2.191132
        ],
        [
          0.302634,
          -0.286097,
          0.909154,
          2.393199
        ],
        [
          -0.089342,
          -0.9582,
          -0.271792,
          1.560462
        ],
        [
          0.0,
          0.0,
          0.0,
          1.0
        ]
      ]
    },
    {
      "file_path": "/media/NFS/ttao/scannet/posed_images/scene0244_01/00107.jpg",
      "transform_matrix": [
        [
          0.953875,
          0.000688,
          -0.300202,
          2.167962
        ],
        [
          0.288771,
          -0.275433,
          0.916923,
          2.428954
        ],
        [
          -0.082055,
          -0.96132,
          -0.262927,
          1.561295
        ],
        [
          0.0,
          0.0,
          0.0,
          1.0
        ]
      ]
    },
    {
      "file_path": "/media/NFS/ttao/scannet/posed_images/scene0244_01/00108.jpg",
      "transform_matrix": [
        [
          0.955147,
          0.005432,
          -0.296082,
          2.159938
        ],
        [
          0.285913,
          -0.277299,
          0.917256,
          2.437834
        ],
        [
          -0.07712,
          -0.960768,
          -0.266414,
          1.559746
        ],
        [
          0.0,
          0.0,
          0.0,
          1.0
        ]
      ]
    },
    {
      "file_path": "/media/NFS/ttao/scannet/posed_images/scene0244_01/00112.jpg",
      "transform_matrix": [
        [
          0.964901,
          0.015127,
          -0.262178,
          2.117162
        ],
        [
          0.255169,
          -0.290028,
          0.922373,
          2.465511
        ],
        [
          -0.062086,
          -0.956899,
          -0.283708,
          1.569414
        ],
        [
          0.0,
          0.0,
          0.0,
          1.0
        ]
      ]
    },
    {
      "file_path": "/media/NFS/ttao/scannet/posed_images/scene0244_01/00114.jpg",
      "transform_matrix": [
        [
          0.967839,
          0.014387,
          -0.251158,
          2.109402
        ],
        [
          0.244515,
          -0.288567,
          0.925711,
          2.481335
        ],
        [
          -0.059158,
          -0.957352,
          -0.282805,
          1.571772
        ],
        [
          0.0,
          0.0,
          0.0,
          1.0
        ]
      ]
    },
    {
      "file_path": "/media/NFS/ttao/scannet/posed_images/scene0244_01/00115.jpg",
      "transform_matrix": [
        [
          0.969839,
          0.014201,
          -0.243334,
          2.101135
        ],
        [
          0.237078,
          -0.286905,
          0.928159,
          2.483929
        ],
        [
          -0.056633,
          -0.957854,
          -0.281618,
          1.570732
        ],
        [
          0.0,
          0.0,
          0.0,
          1.0
        ]
      ]
    },
    {
      "file_path": "/media/NFS/ttao/scannet/posed_images/scene0244_01/00118.jpg",
      "transform_matrix": [
        [
          0.978847,
          0.009771,
          -0.204358,
          2.068906
        ],
        [
          0.198578,
          -0.285771,
          0.937498,
          2.512845
        ],
        [
          -0.049239,
          -0.958248,
          -0.281667,
          1.576068
        ],
        [
          0.0,
          0.0,
          0.0,
          1.0
        ]
      ]
    },
    {
      "file_path": "/media/NFS/ttao/scannet/posed_images/scene0244_01/00120.jpg",
      "transform_matrix": [
        [
          0.98007,
          0.002333,
          -0.19864,
          2.089635
        ],
        [
          0.191265,
          -0.281264,
          0.940377,
          2.525519
        ],
        [
          -0.053676,
          -0.959628,
          -0.276104,
          1.561791
        ],
        [
          0.0,
          0.0,
          0.0,
          1.0
        ]
      ]
    },
    {
      "file_path": "/media/NFS/ttao/scannet/posed_images/scene0244_01/00124.jpg",
      "transform_matrix": [
        [
          0.989219,
          -0.016911,
          -0.145462,
          2.045087
        ],
        [
          0.13443,
          -0.289112,
          0.947809,
          2.560701
        ],
        [
          -0.058083,
          -0.957146,
          -0.283722,
          1.565535
        ],
        [
          0.0,
          0.0,
          0.0,
          1.0
        ]
      ]
    },
    {
      "file_path": "/media/NFS/ttao/scannet/posed_images/scene0244_01/00126.jpg",
      "transform_matrix": [
        [
          0.991948,
          -0.02883,
          -0.123319,
          2.030117
        ],
        [
          0.109861,
          -0.288525,
          0.951149,
          2.573021
        ],
        [
          -0.063003,
          -0.957038,
          -0.283035,
          1.567019
        ],
        [
          0.0,
          0.0,
          0.0,
          1.0
        ]
      ]
    },
    {
      "file_path": "/media/NFS/ttao/scannet/posed_images/scene0244_01/00128.jpg",
      "transform_matrix": [
        [
          0.994546,
          -0.041332,
          -0.095759,
          2.00293
        ],
        [
          0.079463,
          -0.294405,
          0.952372,
          2.585083
        ],
        [
          -0.067555,
          -0.954787,
          -0.289514,
          1.567546
        ],
        [
          0.0,
          0.0,
          0.0,
          1.0
        ]
      ]
    },
    {
      "file_path": "/media/NFS/ttao/scannet/posed_images/scene0244_01/00131.jpg",
      "transform_matrix": [
        [
          0.996373,
          -0.063016,
          -0.057184,
          1.963674
        ],
        [
          0.036817,
          -0.286616,
          0.957338,
          2.596199
        ],
        [
          -0.076717,
          -0.955971,
          -0.283256,
          1.566344
        ],
        [
          0.0,
          0.0,
          0.0,
          1.0
        ]
      ]
    },
    {
      "file_path": "/media/NFS/ttao/scannet/posed_images/scene0244_01/00132.jpg",
      "transform_matrix": [
        [
          0.996219,
          -0.07106,
          -0.049976,
          1.957782
        ],
        [
          0.027719,
          -0.2852,
          0.958067,
          2.59554
        ],
        [
          -0.082334,
          -0.95583,
          -0.282152,
          1.566052
        ],
        [
          0.0,
          0.0,
          0.0,
          1.0
        ]
      ]
    },
    {
      "file_path": "/media/NFS/ttao/scannet/posed_images/scene0244_01/00136.jpg",
      "transform_matrix": [
        [
          0.995147,
          -0.09836,
          0.00294,
          1.902837
        ],
        [
          -0.031491,
          -0.290016,
          0.956504,
          2.614546
        ],
        [
          -0.093229,
          -0.951954,
          -0.291706,
          1.572506
        ],
        [
          0.0,
          0.0,
          0.0,
          1.0
        ]
      ]
    },
    {
      "file_path": "/media/NFS/ttao/scannet/posed_images/scene0244_01/00138.jpg",
      "transform_matrix": [
        [
          0.993726,
          -0.109515,
          0.02271,
          1.887367
        ],
        [
          -0.053224,
          -0.284446,
          0.957214,
          2.624358
        ],
        [
          -0.098369,
          -0.952417,
          -0.28849,
          1.572627
        ],
        [
          0.0,
          0.0,
          0.0,
          1.0
        ]
      ]
    },
    {
      "file_path": "/media/NFS/ttao/scannet/posed_images/scene0244_01/00139.jpg",
      "transform_matrix": [
        [
          0.993261,
          -0.111678,
          0.031003,
          1.881044
        ],
        [
          -0.061764,
          -0.28367,
          0.956931,
          2.626835
        ],
        [
          -0.098073,
          -0.952397,
          -0.288656,
          1.571559
        ],
        [
          0.0,
          0.0,
          0.0,
          1.0
        ]
      ]
    },
    {
      "file_path": "/media/NFS/ttao/scannet/posed_images/scene0244_01/00142.jpg",
      "transform_matrix": [
        [
          0.992903,
          -0.106639,
          0.052656,
          1.882769
        ],
        [
          -0.081453,
          -0.287122,
          0.954425,
          2.639471
        ],
        [
          -0.08666,
          -0.95194,
          -0.29377,
          1.563358
        ],
        [
          0.0,
          0.0,
          0.0,
          1.0
        ]
      ]
    },
    {
      "file_path": "/media/NFS/ttao/scannet/posed_images/scene0244_01/00144.jpg",
      "transform_matrix": [
        [
          0.992013,
          -0.105508,
          0.069123,
          1.868563
        ],
        [
          -0.09687,
          -0.286288,
          0.953234,
          2.652273
        ],
        [
          -0.080785,
          -0.952317,
          -0.294222,
          1.565941
        ],
        [
          0.0,
          0.0,
          0.0,
          1.0
        ]
      ]
    },
    {
      "file_path": "/media/NFS/ttao/scannet/posed_images/scene0244_01/00147.jpg",
      "transform_matrix": [
        [
          0.990331,
          -0.100647,
          0.09547,
          1.852097
        ],
        [
          -0.120168,
          -0.278551,
          0.952874,
          2.685488
        ],
        [
          -0.069311,
          -0.955133,
          -0.287953,
          1.568224
        ],
        [
          0.0,
          0.0,
          0.0,
          1.0
        ]
      ]
    },
    {
      "file_path": "/media/NFS/ttao/scannet/posed_images/scene0244_01/00149.jpg",
      "transform_matrix": [
        [
          0.990047,
          -0.099655,
          0.099374,
          1.848743
        ],
        [
          -0.122786,
          -0.266589,
          0.955957,
          2.698134
        ],
        [
          -0.068774,
          -0.958645,
          -0.276172,
          1.566737
        ],
        [
          0.0,
          0.0,
          0.0,
          1.0
        ]
      ]
    },
    {
      "file_path": "/media/NFS/ttao/scannet/posed_images/scene0244_01/00151.jpg",
      "transform_matrix": [
        [
          0.991828,
          -0.091455,
          0.088952,
          1.850353
        ],
        [
          -0.111235,
          -0.278454,
          0.953986,
          2.716335
        ],
        [
          -0.062478,
          -0.956086,
          -0.286352,
          1.57103
        ],
        [
          0.0,
          0.0,
          0.0,
          1.0
        ]
      ]
    },
    {
      "file_path": "/media/NFS/ttao/scannet/posed_images/scene0244_01/00153.jpg",
      "transform_matrix": [
        [
          0.991136,
          -0.095416,
          0.092446,
          1.851356
        ],
        [
          -0.114856,
          -0.265672,
          0.957197,
          2.728824
        ],
        [
          -0.066771,
          -0.95933,
          -0.274276,
          1.562795
        ],
        [
          0.0,
          0.0,
          0.0,
          1.0
        ]
      ]
    },
    {
      "file_path": "/media/NFS/ttao/scannet/posed_images/scene0244_01/00156.jpg",
      "transform_matrix": [
        [
          0.988422,
          -0.09312,
          0.119792,
          1.8235
        ],
        [
          -0.14185,
          -0.286899,
          0.9474,
          2.753016
        ],
        [
          -0.053853,
          -0.953424,
          -0.296787,
          1.560815
        ],
        [
          0.0,
          0.0,
          0.0,
          1.0
        ]
      ]
    },
    {
      "file_path": "/media/NFS/ttao/scannet/posed_images/scene0244_01/00159.jpg",
      "transform_matrix": [
        [
          0.983509,
          -0.093326,
          0.154918,
          1.791872
        ],
        [
          -0.176203,
          -0.30137,
          0.937085,
          2.773879
        ],
        [
          -0.040767,
          -0.948929,
          -0.312844,
          1.562612
        ],
        [
          0.0,
          0.0,
          0.0,
          1.0
        ]
      ]
    },
    {
      "file_path": "/media/NFS/ttao/scannet/posed_images/scene0244_01/00160.jpg",
      "transform_matrix": [
        [
          0.984199,
          -0.095084,
          0.149373,
          1.829551
        ],
        [
          -0.171376,
          -0.299333,
          0.938632,
          2.770438
        ],
        [
          -0.044537,
          -0.949399,
          -0.310898,
          1.55764
        ],
        [
          0.0,
          0.0,
          0.0,
          1.0
        ]
      ]
    },
    {
      "file_path": "/media/NFS/ttao/scannet/posed_images/scene0244_01/00164.jpg",
      "transform_matrix": [
        [
          0.968225,
          -0.112427,
          0.223385,
          1.774214
        ],
        [
          -0.246865,
          -0.286868,
          0.925616,
          2.791326
        ],
        [
          -0.039982,
          -0.95135,
          -0.305507,
          1.56144
        ],
        [
          0.0,
          0.0,
          0.0,
          1.0
        ]
      ]
    },
    {
      "file_path": "/media/NFS/ttao/scannet/posed_images/scene0244_01/00166.jpg",
      "transform_matrix": [
        [
          0.952181,
          -0.126623,
          0.278062,
          1.742809
        ],
        [
          -0.303431,
          -0.285267,
          0.909149,
          2.800381
        ],
        [
          -0.035798,
          -0.950047,
          -0.310047,
          1.566937
        ],
        [
          0.0,
          0.0,
          0.0,
          1.0
        ]
      ]
    },
    {
      "file_path": "/media/NFS/ttao/scannet/posed_images/scene0244_01/00167.jpg",
      "transform_matrix": [
        [
          0.945767,
          -0.134257,
          0.295805,
          1.731964
        ],
        [
          -0.322742,
          -0.284872,
          0.902599,
          2.802018
        ],
        [
          -0.036914,
          -0.949117,
          -0.312753,
          1.565953
        ],
        [
          0.0,
          0.0,
          0.0,
          1.0
        ]
      ]
    },
    {
      "file_path": "/media/NFS/ttao/scannet/posed_images/scene0244_01/00171.jpg",
      "transform_matrix": [
        [
          0.929671,
          -0.149166,
          0.336841,
          1.81365
        ],
        [
          -0.366171,
          -0.273932,
          0.889314,
          2.787797
        ],
        [
          -0.040384,
          -0.950111,
          -0.309287,
          1.584749
        ],
        [
          0.0,
          0.0,
          0.0,
          1.0
        ]
      ]
    },
    {
      "file_path": "/media/NFS/ttao/scannet/posed_images/scene0244_01/00172.jpg",
      "transform_matrix": [
        [
          0.921768,
          -0.153705,
          0.355974,
          1.807411
        ],
        [
          -0.385777,
          -0.271264,
          0.881812,
          2.785866
        ],
        [
          -0.038976,
          -0.950153,
          -0.309339,
          1.584553
        ],
        [
          0.0,
          0.0,
          0.0,
          1.0
        ]
      ]
    },
    {
      "file_path": "/media/NFS/ttao/scannet/posed_images/scene0244_01/00174.jpg",
      "transform_matrix": [
        [
          0.902829,
          -0.164922,
          0.397116,
          1.777144
        ],
        [
          -0.428417,
          -0.265811,
          0.863599,
          2.788332
        ],
        [
          -0.036869,
          -0.949813,
          -0.310637,
          1.584566
        ],
        [
          0.0,
          0.0,
          0.0,
          1.0
        ]
      ]
    },
    {
      "file_path": "/media/NFS/ttao/scannet/posed_images/scene0244_01/00178.jpg",
      "transform_matrix": [
        [
          0.863564,
          -0.189297,
          0.467358,
          1.724057
        ],
        [
          -0.502965,
          -0.257545,
          0.825043,
          2.792073
        ],
        [
          -0.035813,
          -0.947543,
          -0.317617,
          1.586876
        ],
        [
          0.0,
          0.0,
          0.0,
          1.0
        ]
      ]
    },
    {
      "file_path": "/media/NFS/ttao/scannet/posed_images/scene0244_01/00180.jpg",
      "transform_matrix": [
        [
          0.875034,
          -0.177638,
          0.450289,
          1.793164
        ],
        [
          -0.483259,
          -0.26703,
          0.83376,
          2.76157
        ],
        [
          -0.027867,
          -0.947175,
          -0.319505,
          1.590459
        ],
        [
          0.0,
          0.0,
          0.0,
          1.0
        ]
      ]
    },
    {
      "file_path": "/media/NFS/ttao/scannet/posed_images/scene0244_01/00182.jpg",
      "transform_matrix": [
        [
          0.862992,
          -0.185027,
          0.470118,
          1.775058
        ],
        [
          -0.504313,
          -0.259806,
          0.82351,
          2.759336
        ],
        [
          -0.030232,
          -0.947769,
          -0.317522,
