{
  "frames": [
    {
      "file_path": "/media/NFS/ttao/scannet/posed_images/scene0557_02/00000.jpg",
      "transform_matrix": [
        [
          0.003087,
          0.355618,
          -0.934626,
          3.083735
        ],
        [
          0.998758,
          0.045391,
          0.02057,
          5.080963
        ],
        [
          0.049739,
          -0.933529,
          -0.355036,
          1.3313
        ],
        [
          0.0,
          0.0,
          0.0,
          1.0
        ]
      ]
    },
    {
      "file_path": "/media/NFS/ttao/scannet/posed_images/scene0557_02/00003.jpg",
      "transform_matrix": [
        [
          0.001869,
          0.350286,
          -0.936641,
          3.083803
        ],
        [
          0.998663,
          0.047734,
          0.019844,
          5.082806
        ],
        [
          0.051661,
          -0.935426,
          -0.349728,
          1.331926
        ],
        [
          0.0,
          0.0,
          0.0,
          1.0
        ]
      ]
    },
    {
      "file_path": "/media/NFS/ttao/scannet/posed_images/scene0557_02/00007.jpg",
      "transform_matrix": [
        [
          -0.000475,
          0.348103,
          -0.937456,
          3.083944
        ],
        [
          0.998175,
          0.056772,
          0.020576,
          5.081704
        ],
        [
          0.060384,
          -0.935736,
          -0.347495,
          1.333771
        ],
        [
          0.0,
          0.0,
          0.0,
          1.0
        ]
      ]
    },
    {
      "file_path": "/media/NFS/ttao/scannet/posed_images/scene0557_02/00010.jpg",
      "transform_matrix": [
        [
          -0.010647,
          0.343747,
          -0.939002,
          3.08327
        ],
        [
          0.997656,
          0.06713,
          0.013263,
          5.090981
        ],
        [
          0.067594,
          -0.93666,
          -0.343656,
          1.336564
        ],
        [
          0.0,
          0.0,
          0.0,
          1.0
        ]
      ]
    },
    {
      "file_path": "/media/NFS/ttao/scannet/posed_images/scene0557_02/00014.jpg",
      "transform_matrix": [
        [
          -0.015275,
          0.361519,
          -0.932239,
          3.082676
        ],
        [
          0.997723,
          0.066777,
          0.009547,
          5.099888
        ],
        [
          0.065703,
          -0.92997,
          -0.361716,
          1.3257
        ],
        [
          0.0,
          0.0,
          0.0,
          1.0
        ]
      ]
    },
    {
      "file_path": "/media/NFS/ttao/scannet/posed_images/scene0557_02/00017.jpg",
      "transform_matrix": [
        [
          -0.016839,
          0.381796,
          -0.924093,
          3.081792
        ],
        [
          0.998081,
          0.061503,
          0.007224,
          5.105972
        ],
        [
          0.059593,
          -0.922198,
          -0.382099,
          1.315937
        ],
        [
          0.0,
          0.0,
          0.0,
          1.0
        ]
      ]
    },
    {
      "file_path": "/media/NFS/ttao/scannet/posed_images/scene0557_02/00021.jpg",
      "transform_matrix": [
        [
          -0.041013,
          0.396575,
          -0.917085,
          3.081719
        ],
        [
          0.997325,
          0.071837,
          -0.013537,
          5.128326
        ],
        [
          0.060512,
          -0.915187,
          -0.398461,
          1.304636
        ],
        [
          0.0,
          0.0,
          0.0,
          1.0
        ]
      ]
    },
    {
      "file_path": "/media/NFS/ttao/scannet/posed_images/scene0557_02/00025.jpg",
      "transform_matrix": [
        [
          -0.028467,
          0.413353,
          -0.910126,
          3.083408
        ],
        [
          0.997709,
          0.067659,
          -0.000477,
          5.149932
        ],
        [
          0.061381,
          -0.908054,
          -0.414332,
          1.280845
        ],
        [
          0.0,
          0.0,
          0.0,
          1.0
        ]
      ]
    },
    {
      "file_path": "/media/NFS/ttao/scannet/posed_images/scene0557_02/00028.jpg",
      "transform_matrix": [
        [
          -0.012087,
          0.443584,
          -0.896151,
          3.08637
        ],
        [
          0.99825,
          0.057236,
          0.014867,
          5.165577
        ],
        [
          0.057887,
          -0.894403,
          -0.4435,
          1.256115
        ],
        [
          0.0,
          0.0,
          0.0,
          1.0
        ]
      ]
    },
    {
      "file_path": "/media/NFS/ttao/scannet/posed_images/scene0557_02/00031.jpg",
      "transform_matrix": [
        [
          0.001797,
          0.487324,
          -0.873219,
          3.090665
        ],
        [
          0.997814,
          0.056821,
          0.033764,
          5.179122
        ],
        [
          0.066071,
          -0.87137,
          -0.486156,
          1.237821
        ],
        [
          0.0,
          0.0,
          0.0,
          1.0
        ]
      ]
    },
    {
      "file_path": "/media/NFS/ttao/scannet/posed_images/scene0557_02/00036.jpg",
      "transform_matrix": [
        [
          0.024953,
          0.524732,
          -0.850901,
          3.121612
        ],
        [
          0.997706,
          0.040508,
          0.054239,
          5.179609
        ],
        [
          0.062929,
          -0.850303,
          -0.522517,
          1.216249
        ],
        [
          0.0,
          0.0,
          0.0,
          1.0
        ]
      ]
    },
    {
      "file_path": "/media/NFS/ttao/scannet/posed_images/scene0557_02/00039.jpg",
      "transform_matrix": [
        [
          0.044076,
          0.541736,
          -0.839392,
          3.1476
        ],
        [
          0.996287,
          0.038369,
          0.077078,
          5.174523
        ],
        [
          0.073963,
          -0.839673,
          -0.538033,
          1.206018
        ],
        [
          0.0,
          0.0,
          0.0,
          1.0
        ]
      ]
    },
    {
      "file_path": "/media/NFS/ttao/scannet/posed_images/scene0557_02/00043.jpg",
      "transform_matrix": [
        [
          0.074338,
          0.553945,
          -0.829227,
          3.199377
        ],
        [
          0.994458,
          0.020815,
          0.103056,
          5.16362
        ],
        [
          0.074347,
          -0.832293,
          -0.549328,
          1.196651
        ],
        [
          0.0,
          0.0,
          0.0,
          1.0
        ]
      ]
    },
    {
      "file_path": "/media/NFS/ttao/scannet/posed_images/scene0557_02/00047.jpg",
      "transform_matrix": [
        [
          0.086358,
          0.565622,
          -0.82013,
          3.262286
        ],
        [
          0.993727,
          0.009807,
          0.111401,
          5.137397
        ],
        [
          0.071054,
          -0.824606,
          -0.561227,
          1.187653
        ],
        [
          0.0,
          0.0,
          0.0,
          1.0
        ]
      ]
    },
    {
      "file_path": "/media/NFS/ttao/scannet/posed_images/scene0557_02/00050.jpg",
      "transform_matrix": [
        [
          0.097209,
          0.595875,
          -0.797172,
          3.326188
        ],
        [
          0.992351,
          0.003207,
          0.123406,
          5.114273
        ],
        [
          0.076091,
          -0.803071,
          -0.591005,
          1.175648
        ],
        [
          0.0,
          0.0,
          0.0,
          1.0
        ]
      ]
    },
    {
      "file_path": "/media/NFS/ttao/scannet/posed_images/scene0557_02/00056.jpg",
      "transform_matrix": [
        [
          0.105325,
          0.642215,
          -0.759254,
          3.416615
        ],
        [
          0.991538,
          -0.009554,
          0.129467,
          5.090413
        ],
        [
          0.075891,
          -0.766465,
          -0.637787,
          1.170175
        ],
        [
          0.0,
          0.0,
          0.0,
          1.0
        ]
      ]
    },
    {
      "file_path": "/media/NFS/ttao/scannet/posed_images/scene0557_02/00060.jpg",
      "transform_matrix": [
        [
          0.111265,
          0.653505,
          -0.748699,
          3.459478
        ],
        [
          0.991197,
          -0.01858,
          0.131086,
          5.077739
        ],
        [
          0.071755,
          -0.756694,
          -0.64982,
          1.180553
        ],
        [
          0.0,
          0.0,
          0.0,
          1.0
        ]
      ]
    },
    {
      "file_path": "/media/NFS/ttao/scannet/posed_images/scene0557_02/00063.jpg",
      "transform_matrix": [
        [
          0.092412,
          0.648902,
          -0.755239,
          3.497098
        ],
        [
          0.993684,
          -0.011605,
          0.111617,
          5.072495
        ],
        [
          0.063665,
          -0.760783,
          -0.645876,
          1.185233
        ],
        [
          0.0,
          0.0,
          0.0,
          1.0
        ]
      ]
    },
    {
      "file_path": "/media/NFS/ttao/scannet/posed_images/scene0557_02/00064.jpg",
      "transform_matrix": [
        [
          0.083086,
          0.645919,
          -0.758871,
          3.50959
        ],
        [
          0.994679,
          -0.007203,
          0.102773,
          5.072606
        ],
        [
          0.060917,
          -0.763372,
          -0.64308,
          1.187093
        ],
        [
          0.0,
          0.0,
          0.0,
          1.0
        ]
      ]
    },
    {
      "file_path": "/media/NFS/ttao/scannet/posed_images/scene0557_02/00069.jpg",
      "transform_matrix": [
        [
          0.018928,
          0.638345,
          -0.769517,
          3.574784
        ],
        [
          0.998131,
          0.03267,
          0.051653,
          5.080915
        ],
        [
          0.058112,
          -0.769056,
          -0.636534,
          1.190136
        ],
        [
          0.0,
          0.0,
          0.0,
          1.0
        ]
      ]
    },
    {
      "file_path": "/media/NFS/ttao/scannet/posed_images/scene0557_02/00073.jpg",
      "transform_matrix": [
        [
          -0.027372,
          0.637897,
          -0.769635,
          3.629304
        ],
        [
          0.997645,
          0.065868,
          0.019113,
          5.094665
        ],
        [
          0.062886,
          -0.767299,
          -0.638198,
          1.194154
        ],
        [
          0.0,
          0.0,
          0.0,
          1.0
        ]
      ]
    },
    {
      "file_path": "/media/NFS/ttao/scannet/posed_images/scene0557_02/00076.jpg",
      "transform_matrix": [
        [
          -0.051434,
          0.640803,
          -0.76598,
          3.66451
        ],
        [
          0.996193,
          0.086976,
          0.00587,
          5.10348
        ],
        [
          0.070383,
          -0.762762,
          -0.642837,
          1.198169
        ],
        [
          0.0,
          0.0,
          0.0,
          1.0
        ]
      ]
    },
    {
      "file_path": "/media/NFS/ttao/scannet/posed_images/scene0557_02/00079.jpg",
      "transform_matrix": [
        [
          -0.073809,
          0.631996,
          -0.771449,
          3.694015
        ],
        [
          0.994644,
          0.102781,
          -0.010962,
          5.10371
        ],
        [
          0.072362,
          -0.768126,
          -0.636197,
          1.209355
        ],
        [
          0.0,
          0.0,
          0.0,
          1.0
        ]
      ]
    },
    {
      "file_path": "/media/NFS/ttao/scannet/posed_images/scene0557_02/00085.jpg",
      "transform_matrix": [
        [
          -0.117436,
          0.587551,
          -0.80062,
          3.738416
        ],
        [
          0.988282,
          0.148301,
          -0.036128,
          5.093432
        ],
        [
          0.097506,
          -0.795481,
          -0.598082,
          1.238484
        ],
        [
          0.0,
          0.0,
          0.0,
          1.0
        ]
      ]
    },
    {
      "file_path": "/media/NFS/ttao/scannet/posed_images/scene0557_02/00086.jpg",
      "transform_matrix": [
        [
          -0.118431,
          0.577883,
          -0.807481,
          3.744018
        ],
        [
          0.987772,
          0.1516,
          -0.03638,
          5.091833
        ],
        [
          0.101391,
          -0.801916,
          -0.588771,
          1.243218
        ],
        [
          0.0,
          0.0,
          0.0,
          1.0
        ]
      ]
    },
    {
      "file_path": "/media/NFS/ttao/scannet/posed_images/scene0557_02/00092.jpg",
      "transform_matrix": [
        [
          -0.119816,
          0.50331,
          -0.855759,
          3.771101
        ],
        [
          0.985892,
          0.161799,
          -0.042875,
          5.062245
        ],
        [
          0.116881,
          -0.848823,
          -0.515596,
          1.29088
        ],
        [
          0.0,
          0.0,
          0.0,
          1.0
        ]
      ]
    },
    {
      "file_path": "/media/NFS/ttao/scannet/posed_images/scene0557_02/00095.jpg",
      "transform_matrix": [
        [
          -0.132574,
          0.451795,
          -0.882216,
          3.793474
        ],
        [
          0.984323,
          0.164475,
          -0.063688,
          5.05159
        ],
        [
          0.116328,
          -0.876829,
          -0.466517,
          1.306856
        ],
        [
          0.0,
          0.0,
          0.0,
          1.0
        ]
      ]
    },
    {
      "file_path": "/media/NFS/ttao/scannet/posed_images/scene0557_02/00100.jpg",
      "transform_matrix": [
        [
          -0.155215,
          0.403696,
          -0.901631,
          3.825473
        ],
        [
          0.981861,
          0.163648,
          -0.095754,
          5.010231
        ],
        [
          0.108895,
          -0.900138,
          -0.421774,
          1.331662
        ],
        [
          0.0,
          0.0,
          0.0,
          1.0
        ]
      ]
    },
    {
      "file_path": "/media/NFS/ttao/scannet/posed_images/scene0557_02/00103.jpg",
      "transform_matrix": [
        [
          -0.179275,
          0.378093,
          -0.908243,
          3.847404
        ],
        [
          0.978594,
          0.163372,
          -0.125151,
          4.98868
        ],
        [
          0.101063,
          -0.911238,
          -0.399289,
          1.333634
        ],
        [
          0.0,
          0.0,
          0.0,
          1.0
        ]
      ]
    },
    {
      "file_path": "/media/NFS/ttao/scannet/posed_images/scene0557_02/00106.jpg",
      "transform_matrix": [
        [
          -0.203173,
          0.359127,
          -0.910905,
          3.86583
        ],
        [
          0.973875,
          0.170489,
          -0.150002,
          4.963811
        ],
        [
          0.10143,
          -0.917584,
          -0.384384,
          1.332499
        ],
        [
          0.0,
          0.0,
          0.0,
          1.0
        ]
      ]
    },
    {
      "file_path": "/media/NFS/ttao/scannet/posed_images/scene0557_02/00107.jpg",
      "transform_matrix": [
        [
          -0.21419,
          0.354823,
          -0.910067,
          3.87171
        ],
        [
          0.971627,
          0.173081,
          -0.161197,
          4.95375
        ],
        [
          0.100319,
          -0.918773,
          -0.381828,
          1.332006
        ],
        [
          0.0,
          0.0,
          0.0,
          1.0
        ]
      ]
    },
    {
      "file_path": "/media/NFS/ttao/scannet/posed_images/scene0557_02/00112.jpg",
      "transform_matrix": [
        [
          -0.266878,
          0.358973,
          -0.894379,
          3.900774
        ],
        [
          0.960243,
          0.177931,
          -0.215116,
          4.89761
        ],
        [
          0.081917,
          -0.916231,
          -0.392187,
          1.314402
        ],
        [
          0.0,
          0.0,
          0.0,
          1.0
        ]
      ]
    },
    {
      "file_path": "/media/NFS/ttao/scannet/posed_images/scene0557_02/00115.jpg",
      "transform_matrix": [
        [
          -0.313439,
          0.373606,
          -0.873026,
          3.909143
        ],
        [
          0.946374,
          0.198708,
          -0.254737,
          4.877068
        ],
        [
          0.078306,
          -0.906054,
          -0.415854,
          1.303395
        ],
        [
          0.0,
          0.0,
          0.0,
          1.0
        ]
      ]
    },
    {
      "file_path": "/media/NFS/ttao/scannet/posed_images/scene0557_02/00121.jpg",
      "transform_matrix": [
        [
          -0.359883,
          0.401245,
          -0.84231,
          3.927527
        ],
        [
          0.929223,
          0.235275,
          -0.284941,
          4.849
        ],
        [
          0.083843,
          -0.885239,
          -0.457517,
          1.279047
        ],
        [
          0.0,
          0.0,
          0.0,
          1.0
        ]
      ]
    },
    {
      "file_path": "/media/NFS/ttao/scannet/posed_images/scene0557_02/00122.jpg",
      "transform_matrix": [
        [
          -0.361136,
          0.405432,
          -0.839765,
          3.928439
        ],
        [
          0.928684,
          0.237897,
          -0.28452,
          4.847733
        ],
        [
          0.084424,
          -0.882627,
          -0.462432,
          1.277907
        ],
        [
          0.0,
          0.0,
          0.0,
          1.0
        ]
      ]
    },
    {
      "file_path": "/media/NFS/ttao/scannet/posed_images/scene0557_02/00126.jpg",
      "transform_matrix": [
        [
          -0.372356,
          0.418923,
          -0.828163,
          3.940498
        ],
        [
          0.925197,
          0.237957,
          -0.295614,
          4.841059
        ],
        [
          0.073228,
          -0.876287,
          -0.476191,
          1.268561
        ],
        [
          0.0,
          0.0,
          0.0,
          1.0
        ]
      ]
    },
    {
      "file_path": "/media/NFS/ttao/scannet/posed_images/scene0557_02/00129.jpg",
      "transform_matrix": [
        [
          -0.388163,
          0.426224,
          -0.817106,
          3.949581
        ],
        [
          0.918881,
          0.246939,
          -0.307701,
          4.840622
        ],
        [
          0.070625,
          -0.870261,
          -0.487502,
          1.261136
        ],
        [
          0.0,
          0.0,
          0.0,
          1.0
        ]
      ]
    },
    {
      "file_path": "/media/NFS/ttao/scannet/posed_images/scene0557_02/00133.jpg",
      "transform_matrix": [
        [
          -0.413994,
          0.433979,
          -0.800169,
          3.962518
        ],
        [
          0.907534,
          0.265,
          -0.325818,
          4.845866
        ],
        [
          0.070646,
          -0.861068,
          -0.503559,
          1.255423
        ],
        [
          0.0,
          0.0,
          0.0,
          1.0
        ]
      ]
    },
    {
      "file_path": "/media/NFS/ttao/scannet/posed_images/scene0557_02/00139.jpg",
      "transform_matrix": [
        [
          -0.459501,
          0.41869,
          -0.783299,
          3.973648
        ],
        [
          0.885493,
          0.284473,
          -0.367393,
          4.858064
        ],
        [
          0.069003,
          -0.862423,
          -0.501463,
          1.264824
        ],
        [
          0.0,
          0.0,
          0.0,
          1.0
        ]
      ]
    },
    {
      "file_path": "/media/NFS/ttao/scannet/posed_images/scene0557_02/00140.jpg",
      "transform_matrix": [
        [
          -0.466936,
          0.416755,
          -0.779927,
          3.971808
        ],
        [
          0.881486,
          0.289557,
          -0.373013,
          4.862839
        ],
        [
          0.070378,
          -0.861668,
          -0.502568,
          1.272966
        ],
        [
          0.0,
          0.0,
          0.0,
          1.0
        ]
      ]
    },
    {
      "file_path": "/media/NFS/ttao/scannet/posed_images/scene0557_02/00146.jpg",
      "transform_matrix": [
        [
          -0.464143,
          0.375088,
          -0.802421,
          3.964882
        ],
        [
          0.881702,
          0.282273,
          -0.378053,
          4.86644
        ],
        [
          0.084698,
          -0.882967,
          -0.461731,
          1.301848
        ],
        [
          0.0,
          0.0,
          0.0,
          1.0
        ]
      ]
    },
    {
      "file_path": "/media/NFS/ttao/scannet/posed_images/scene0557_02/00150.jpg",
      "transform_matrix": [
        [
          -0.458226,
          0.343721,
          -0.819686,
          3.95496
        ],
        [
          0.883941,
          0.272875,
          -0.379721,
          4.858333
        ],
        [
          0.093154,
          -0.898552,
          -0.428868,
          1.317761
        ],
        [
          0.0,
          0.0,
          0.0,
          1.0
        ]
      ]
    },
    {
      "file_path": "/media/NFS/ttao/scannet/posed_images/scene0557_02/00154.jpg",
      "transform_matrix": [
        [
          -0.447018,
          0.319108,
          -0.83567,
          3.947253
        ],
        [
          0.888939,
          0.262713,
          -0.375194,
          4.838714
        ],
        [
          0.099814,
          -0.910578,
          -0.401105,
          1.330425
        ],
        [
          0.0,
          0.0,
          0.0,
          1.0
        ]
      ]
    },
    {
      "file_path": "/media/NFS/ttao/scannet/posed_images/scene0557_02/00157.jpg",
      "transform_matrix": [
        [
          -0.433896,
          0.307027,
          -0.847035,
          3.940607
        ],
        [
          0.894703,
          0.25747,
          -0.364989,
          4.819794
        ],
        [
          0.106024,
          -0.916212,
          -0.386413,
          1.335621
        ],
        [
          0.0,
          0.0,
          0.0,
          1.0
        ]
      ]
    },
    {
      "file_path": "/media/NFS/ttao/scannet/posed_images/scene0557_02/00160.jpg",
      "transform_matrix": [
        [
          -0.421771,
          0.30022,
          -0.855556,
          3.93677
        ],
        [
          0.90036,
          0.25009,
          -0.3561,
          4.794969
        ],
        [
          0.107058,
          -0.920501,
          -0.375787,
          1.341418
        ],
        [
          0.0,
          0.0,
          0.0,
          1.0
        ]
      ]
    },
    {
      "file_path": "/media/NFS/ttao/scannet/posed_images/scene0557_02/00163.jpg",
      "transform_matrix": [
        [
          -0.417506,
          0.28747,
          -0.862003,
          3.932593
        ],
        [
          0.902173,
          0.244417,
          -0.355451,
          4.776043
        ],
        [
          0.108507,
          -0.926078,
          -0.361394,
          1.350176
        ],
        [
          0.0,
          0.0,
          0.0,
          1.0
        ]
      ]
    },
    {
      "file_path": "/media/NFS/ttao/scannet/posed_images/scene0557_02/00166.jpg",
      "transform_matrix": [
        [
          -0.41062,
          0.274195,
          -0.869602,
          3.931497
        ],
        [
          0.90509,
          0.238114,
          -0.352297,
          4.755449
        ],
        [
          0.110467,
          -0.931729,
          -0.345945,
          1.354963
        ],
        [
          0.0,
          0.0,
          0.0,
          1.0
        ]
      ]
    },
    {
      "file_path": "/media/NFS/ttao/scannet/posed_images/scene0557_02/00169.jpg",
      "transform_matrix": [
        [
          -0.416251,
          0.263866,
          -0.87012,
          3.93188
        ],
        [
          0.9026,
          0.235435,
          -0.360393,
          4.737477
        ],
        [
          0.109761,
          -0.935385,
          -0.336166,
          1.359128
        ],
        [
          0.0,
          0.0,
          0.0,
          1.0
        ]
      ]
    },
    {
      "file_path": "/media/NFS/ttao/scannet/posed_images/scene0557_02/00172.jpg",
      "transform_matrix": [
        [
          -0.444194,
          0.258522,
          -0.857821,
          3.931657
        ],
        [
          0.889994,
          0.237362,
          -0.38932,
          4.725661
        ],
        [
          0.102966,
          -0.93639,
          -0.335518,
          1.3639
        ],
        [
          0.0,
          0.0,
          0.0,
          1.0
        ]
      ]
    },
    {
      "file_path": "/media/NFS/ttao/scannet/posed_images/scene0557_02/00179.jpg",
      "transform_matrix": [
        [
          -0.482336,
          0.233872,
          -0.844189,
          3.923276
        ],
        [
          0.86981,
          0.242107,
          -0.429901,
          4.694152
        ],
        [
          0.103842,
          -0.941641,
          -0.320201,
          1.364823
        ],
        [
          0.0,
          0.0,
          0.0,
          1.0
        ]
      ]
    },
    {
      "file_path": "/media/NFS/ttao/scannet/posed_images/scene0557_02/00182.jpg",
      "transform_matrix": [
        [
          -0.485258,
          0.238394,
          -0.841244,
          3.912186
        ],
        [
          0.868284,
          0.244709,
          -0.43151,
          4.679447
        ],
        [
          0.102991,
          -0.939833,
          -0.325741,
          1.364486
        ],
        [
          0.0,
          0.0,
          0.0,
          1.0
        ]
      ]
    },
    {
      "file_path": "/media/NFS/ttao/scannet/posed_images/scene0557_02/00183.jpg",
      "transform_matrix": [
        [
          -0.486545,
          0.240544,
          -0.839888,
          3.909501
        ],
        [
          0.867983,
          0.242464,
          -0.433378,
          4.675675
        ],
        [
          0.099396,
          -0.939867,
          -0.326758,
          1.363532
        ],
        [
          0.0,
          0.0,
          0.0,
          1.0
        ]
      ]
    },
    {
      "file_path": "/media/NFS/ttao/scannet/posed_images/scene0557_02/00189.jpg",
      "transform_matrix": [
        [
          -0.494443,
          0.255694,
          -0.83075,
          3.901796
        ],
        [
          0.865135,
          0.237204,
          -0.4419,
          4.633168
        ],
        [
          0.084066,
          -0.937206,
          -0.338494,
          1.354956
        ],
        [
          0.0,
          0.0,
          0.0,
          1.0
        ]
      ]
    },
    {
      "file_path": "/media/NFS/ttao/scannet/posed_images/scene0557_02/00193.jpg",
      "transform_matrix": [
        [
          -0.505894,
          0.2618,
          -0.821907,
          3.89299
        ],
        [
          0.860005,
          0.226868,
          -0.45708,
          4.610228
        ],
        [
          0.066801,
          -0.938079,
          -0.339921,
          1.350129
        ],
        [
          0.0,
          0.0,
          0.0,
          1.0
        ]
      ]
    },
    {
      "file_path": "/media/NFS/ttao/scannet/posed_images/scene0557_02/00197.jpg",
      "transform_matrix": [
        [
          -0.52028,
          0.260769,
          -0.813208,
          3.876376
        ],
        [
          0.851582,
          0.229967,
          -0.471088,
          4.583803
        ],
        [
          0.064166,
          -0.937611,
          -0.341714,
          1.346734
        ],
        [
          0.0,
          0.0,
          0.0,
          1.0
        ]
      ]
    },
    {
      "file_path": "/media/NFS/ttao/scannet/posed_images/scene0557_02/00198.jpg",
      "transform_matrix": [
        [
          -0.523465,
          0.260601,
          -0.811216,
          3.870701
        ],
        [
          0.849695,
          0.230358,
          -0.474293,
          4.577965
        ],
        [
          0.063269,
          -0.937562,
          -0.342016,
          1.348518
        ],
        [
          0.0,
          0.0,
          0.0,
          1.0
        ]
      ]
    },
    {
      "file_path": "/media/NFS/ttao/scannet/posed_images/scene0557_02/00204.jpg",
      "transform_matrix": [
        [
          -0.546407,
          0.242882,
          -0.801528,
          3.829228
        ],
        [
          0.83572,
          0.220833,
          -0.502798,
          4.536192
        ],
        [
          0.054883,
          -0.944585,
          -0.323646,
          1.3462
        ],
        [
          0.0,
          0.0,
          0.0,
          1.0
        ]
      ]
    },
    {
      "file_path": "/media/NFS/ttao/scannet/posed_images/scene0557_02/00208.jpg",
      "transform_matrix": [
        [
          -0.561002,
          0.234261,
          -0.793976,
          3.784882
        ],
        [
          0.826837,
          0.205174,
          -0.523684,
          4.505226
        ],
        [
          0.040224,
          -0.950276,
          -0.308799,
          1.353776
        ],
        [
          0.0,
          0.0,
          0.0,
          1.0
        ]
      ]
    },
    {
      "file_path": "/media/NFS/ttao/scannet/posed_images/scene0557_02/00211.jpg",
      "transform_matrix": [
        [
          -0.542656,
          0.246991,
          -0.80282,
          3.747996
        ],
        [
          0.839445,
          0.192784,
          -0.508102,
          4.467893
        ],
        [
          0.029274,
          -0.949647,
          -0.31195,
          1.362856
        ],
        [
          0.0,
          0.0,
          0.0,
          1.0
        ]
      ]
    },
    {
      "file_path": "/media/NFS/ttao/scannet/posed_images/scene0557_02/00212.jpg",
      "transform_matrix": [
        [
          -0.540264,
          0.250484,
          -0.803351,
          3.738688
        ],
        [
          0.841103,
          0.189915,
          -0.506437,
          4.45327
        ],
        [
          0.025714,
          -0.94931,
          -0.313287,
          1.367194
        ],
        [
          0.0,
          0.0,
          0.0,
          1.0
        ]
      ]
    },
    {
      "file_path": "/media/NFS/ttao/scannet/posed_images/scene0557_02/00216.jpg",
      "transform_matrix": [
        [
          -0.556839,
          0.249228,
          -0.792348,
          3.710368
        ],
        [
          0.830316,
          0.192848,
          -0.522863,
          4.402952
        ],
        [
          0.022491,
          -0.94905,
          -0.314323,
          1.362245
        ],
        [
          0.0,
          0.0,
          0.0,
          1.0
        ]
      ]
    },
    {
      "file_path": "/media/NFS/ttao/scannet/posed_images/scene0557_02/00220.jpg",
      "transform_matrix": [
        [
          -0.568512,
          0.259252,
          -0.780758,
          3.68877
        ],
        [
          0.822269,
          0.208875,
          -0.529381,
          4.341842
        ],
        [
          0.025838,
          -0.942953,
          -0.331923,
          1.363005
        ],
        [
          0.0,
          0.0,
          0.0,
          1.0
        ]
      ]
    },
    {
      "file_path": "/media/NFS/ttao/scannet/posed_images/scene0557_02/00224.jpg",
      "transform_matrix": [
        [
          -0.571864,
          0.250571,
          -0.781144,
          3.672396
        ],
        [
          0.818953,
          0.229902,
          -0.525797,
          4.282323
        ],
        [
          0.047837,
          -0.940404,
          -0.336678,
          1.357293
        ],
        [
          0.0,
          0.0,
          0.0,
          1.0
        ]
      ]
    },
    {
      "file_path": "/media/NFS/ttao/scannet/posed_images/scene0557_02/00229.jpg",
      "transform_matrix": [
        [
          -0.517346,
          0.277775,
          -0.80944,
          3.648105
        ],
        [
          0.854844,
          0.211872,
          -0.473658,
          4.17566
        ],
        [
          0.039927,
          -0.936991,
          -0.347065,
          1.369304
        ],
        [
          0.0,
          0.0,
          0.0,
          1.0
        ]
      ]
    },
    {
      "file_path": "/media/NFS/ttao/scannet/posed_images/scene0557_02/00231.jpg",
      "transform_matrix": [
        [
          -0.49801,
          0.283155,
          -0.81964,
          3.650855
        ],
        [
          0.866281,
          0.205278,
          -0.455433,
          4.133928
        ],
        [
          0.039296,
          -0.936848,
          -0.347522,
          1.363387
        ],
        [
          0.0,
          0.0,
          0.0,
          1.0
        ]
      ]
    },
    {
      "file_path": "/media/NFS/ttao/scannet/posed_images/scene0557_02/00234.jpg",
      "transform_matrix": [
        [
          -0.489754,
          0.285798,
          -0.823687,
          3.646072
        ],
        [
          0.87108,
          0.20038,
          -0.448406,
          4.078231
        ],
        [
          0.036897,
          -0.937106,
          -0.34709,
          1.367473
        ],
        [
          0.0,
          0.0,
          0.0,
          1.0
        ]
      ]
    },
    {
      "file_path": "/media/NFS/ttao/scannet/posed_images/scene0557_02/00241.jpg",
      "transform_matrix": [
        [
          -0.490692,
          0.277951,
          -0.825811,
          3.625153
        ],
        [
          0.870289,
          0.202727,
          -0.448886,
          3.970618
        ],
        [
          0.042646,
          -0.938959,
          -0.341375,
          1.353729
        ],
        [
          0.0,
          0.0,
          0.0,
          1.0
        ]
      ]
    },
    {
      "file_path": "/media/NFS/ttao/scannet/posed_images/scene0557_02/00244.jpg",
      "transform_matrix": [
        [
          -0.48185,
          0.271465,
          -0.833143,
          3.610662
        ],
        [
          0.875066,
          0.198569,
          -0.441396,
          3.925122
        ],
        [
          0.045612,
          -0.941742,
          -0.33323,
          1.346511
        ],
        [
          0.0,
          0.0,
          0.0,
          1.0
        ]
      ]
    },
    {
      "file_path": "/media/NFS/ttao/scannet/posed_images/scene0557_02/00245.jpg",
      "transform_matrix": [
        [
          -0.476877,
          0.273201,
          -0.835434,
          3.603197
        ],
        [
          0.877823,
          0.196586,
          -0.436786,
          3.909716
        ],
        [
          0.044904,
          -0.941656,
          -0.333569,
          1.347955
        ],
        [
          0.0,
          0.0,
          0.0,
          1.0
        ]
      ]
    },
    {
      "file_path": "/media/NFS/ttao/scannet/posed_images/scene0557_02/00250.jpg",
      "transform_matrix": [
        [
          -0.433105,
          0.268802,
          -0.860329,
          3.564547
        ],
        [
          0.901186,
          0.14697,
          -0.407754,
          3.828169
        ],
        [
          0.016837,
          -0.951917,
          -0.305894,
          1.351578
        ],
        [
          0.0,
          0.0,
          0.0,
          1.0
        ]
      ]
    },
    {
      "file_path": "/media/NFS/ttao/scannet/posed_images/scene0557_02/00255.jpg",
      "transform_matrix": [
        [
          -0.368306,
          0.304745,
          -0.87834,
          3.520362
        ],
        [
          0.929703,
          0.118796,
          -0.348627,
          3.73383
        ],
        [
          -0.001899,
          -0.944996,
          -0.327076,
          1.356886
        ],
        [
          0.0,
          0.0,
          0.0,
          1.0
        ]
      ]
    },
    {
      "file_path": "/media/NFS/ttao/scannet/posed_images/scene0557_02/00258.jpg",
      "transform_matrix": [
        [
          -0.340886,
          0.316436,
          -0.885248,
          3.502048
        ],
        [
          0.940101,
          0.117463,
          -0.32002,
          3.683381
        ],
        [
          0.002718,
          -0.941313,
          -0.337523,
          1.357924
        ],
        [
          0.0,
          0.0,
          0.0,
          1.0
        ]
      ]
    },
    {
      "file_path": "/media/NFS/ttao/scannet/posed_images/scene0557_02/00262.jpg",
      "transform_matrix": [
        [
          -0.294565,
          0.315506,
          -0.902046,
          3.487062
        ],
        [
          0.955567,
          0.108236,
          -0.274186,
          3.612284
        ],
        [
          0.011126,
          -0.942731,
          -0.33337,
          1.3513
        ],
        [
          0.0,
          0.0,
          0.0,
          1.0
        ]
      ]
    },
    {
      "file_path": "/media/NFS/ttao/scannet/posed_images/scene0557_02/00263.jpg",
      "transform_matrix": [
        [
          -0.281957,
          0.318056,
          -0.905174,
          3.483931
        ],
        [
          0.959364,
          0.104313,
          -0.262184,
          3.595708
        ],
        [
          0.011032,
          -0.942316,
          -0.334544,
          1.350018
        ],
        [
          0.0,
          0.0,
          0.0,
          1.0
        ]
      ]
    },
    {
      "file_path": "/media/NFS/ttao/scannet/posed_images/scene0557_02/00268.jpg",
      "transform_matrix": [
        [
          -0.206376,
          0.340013,
          -0.917497,
          3.479641
        ],
        [
          0.978419,
          0.061875,
          -0.197149,
          3.508827
        ],
        [
          -0.010263,
          -0.938383,
          -0.345445,
          1.354669
        ],
        [
          0.0,
          0.0,
          0.0,
          1.0
        ]
      ]
    },
    {
      "file_path": "/media/NFS/ttao/scannet/posed_images/scene0557_02/00272.jpg",
      "transform_matrix": [
        [
          -0.143187,
          0.351282,
          -0.925256,
          3.475731
        ],
        [
          0.989312,
          0.024758,
          -0.1437,
          3.43591
        ],
        [
          -0.027572,
          -0.935942,
          -0.351072,
          1.364256
        ],
        [
          0.0,
          0.0,
          0.0,
          1.0
        ]
      ]
    },
    {
      "file_path": "/media/NFS/ttao/scannet/posed_images/scene0557_02/00276.jpg",
      "transform_matrix": [
        [
          -0.087301,
          0.353552,
          -0.931332,
          3.462822
        ],
        [
          0.995383,
          -0.006483,
          -0.095766,
          3.372027
        ],
        [
          -0.039897,
          -0.935393,
          -0.351353,
          1.369894
        ],
        [
          0.0,
          0.0,
          0.0,
          1.0
        ]
      ]
    },
    {
      "file_path": "/media/NFS/ttao/scannet/posed_images/scene0557_02/00278.jpg",
      "transform_matrix": [
        [
          -0.057326,
          0.354918,
          -0.933138,
          3.45573
        ],
        [
          0.997791,
          -0.011068,
          -0.065507,
          3.341317
        ],
        [
          -0.033577,
          -0.934832,
          -0.3535,
          1.367875
        ],
        [
          0.0,
          0.0,
