{
  "frames": [
    {
      "file_path": "/media/NFS/ttao/scannet/posed_images/scene0282_01/00000.jpg",
      "transform_matrix": [
        [
          -0.770677,
          -0.215483,
          0.599686,
          1.901057
        ],
        [
          -0.625865,
          0.432875,
          -0.648778,
          2.983893
        ],
        [
          -0.119789,
          -0.875321,
          -0.46847,
          1.331767
        ],
        [
          0.0,
          0.0,
          0.0,
          1.0
        ]
      ]
    },
    {
      "file_path": "/media/NFS/ttao/scannet/posed_images/scene0282_01/00005.jpg",
      "transform_matrix": [
        [
          -0.780097,
          -0.210723,
          0.589104,
          1.901448
        ],
        [
          -0.614422,
          0.435666,
          -0.657785,
          2.978146
        ],
        [
          -0.118042,
          -0.875095,
          -0.469335,
          1.331692
        ],
        [
          0.0,
          0.0,
          0.0,
          1.0
        ]
      ]
    },
    {
      "file_path": "/media/NFS/ttao/scannet/posed_images/scene0282_01/00009.jpg",
      "transform_matrix": [
        [
          -0.786039,
          -0.20992,
          0.581444,
          1.899162
        ],
        [
          -0.607326,
          0.4377,
          -0.663004,
          2.97205
        ],
        [
          -0.11532,
          -0.874272,
          -0.47154,
          1.330451
        ],
        [
          0.0,
          0.0,
          0.0,
          1.0
        ]
      ]
    },
    {
      "file_path": "/media/NFS/ttao/scannet/posed_images/scene0282_01/00017.jpg",
      "transform_matrix": [
        [
          -0.80221,
          -0.205317,
          0.560628,
          1.883986
        ],
        [
          -0.586575,
          0.446092,
          -0.675967,
          2.956382
        ],
        [
          -0.111304,
          -0.871118,
          -0.478294,
          1.323199
        ],
        [
          0.0,
          0.0,
          0.0,
          1.0
        ]
      ]
    },
    {
      "file_path": "/media/NFS/ttao/scannet/posed_images/scene0282_01/00021.jpg",
      "transform_matrix": [
        [
          -0.810264,
          -0.203594,
          0.549565,
          1.870304
        ],
        [
          -0.575049,
          0.457145,
          -0.678482,
          2.941455
        ],
        [
          -0.113096,
          -0.865776,
          -0.487485,
          1.319776
        ],
        [
          0.0,
          0.0,
          0.0,
          1.0
        ]
      ]
    },
    {
      "file_path": "/media/NFS/ttao/scannet/posed_images/scene0282_01/00027.jpg",
      "transform_matrix": [
        [
          -0.83333,
          -0.18163,
          0.522084,
          1.837154
        ],
        [
          -0.539033,
          0.4763,
          -0.694681,
          2.917765
        ],
        [
          -0.122493,
          -0.860319,
          -0.494819,
          1.308925
        ],
        [
          0.0,
          0.0,
          0.0,
          1.0
        ]
      ]
    },
    {
      "file_path": "/media/NFS/ttao/scannet/posed_images/scene0282_01/00035.jpg",
      "transform_matrix": [
        [
          -0.865098,
          -0.165237,
          0.473605,
          1.801388
        ],
        [
          -0.486372,
          0.507225,
          -0.711452,
          2.890162
        ],
        [
          -0.122666,
          -0.845825,
          -0.519166,
          1.300836
        ],
        [
          0.0,
          0.0,
          0.0,
          1.0
        ]
      ]
    },
    {
      "file_path": "/media/NFS/ttao/scannet/posed_images/scene0282_01/00040.jpg",
      "transform_matrix": [
        [
          -0.880864,
          -0.15054,
          0.448794,
          1.780234
        ],
        [
          -0.457072,
          0.517114,
          -0.723656,
          2.87304
        ],
        [
          -0.123138,
          -0.842574,
          -0.524315,
          1.301467
        ],
        [
          0.0,
          0.0,
          0.0,
          1.0
        ]
      ]
    },
    {
      "file_path": "/media/NFS/ttao/scannet/posed_images/scene0282_01/00044.jpg",
      "transform_matrix": [
        [
          -0.890018,
          -0.141285,
          0.433481,
          1.761604
        ],
        [
          -0.439103,
          0.521511,
          -0.731584,
          2.860355
        ],
        [
          -0.122703,
          -0.841466,
          -0.526193,
          1.299108
        ],
        [
          0.0,
          0.0,
          0.0,
          1.0
        ]
      ]
    },
    {
      "file_path": "/media/NFS/ttao/scannet/posed_images/scene0282_01/00051.jpg",
      "transform_matrix": [
        [
          -0.91034,
          -0.127919,
          0.393595,
          1.742212
        ],
        [
          -0.397974,
          0.531543,
          -0.747716,
          2.834487
        ],
        [
          -0.113565,
          -0.837317,
          -0.534793,
          1.296369
        ],
        [
          0.0,
          0.0,
          0.0,
          1.0
        ]
      ]
    },
    {
      "file_path": "/media/NFS/ttao/scannet/posed_images/scene0282_01/00052.jpg",
      "transform_matrix": [
        [
          -0.91236,
          -0.126323,
          0.389411,
          1.739704
        ],
        [
          -0.393487,
          0.533111,
          -0.748973,
          2.830351
        ],
        [
          -0.112987,
          -0.836562,
          -0.536096,
          1.295543
        ],
        [
          0.0,
          0.0,
          0.0,
          1.0
        ]
      ]
    },
    {
      "file_path": "/media/NFS/ttao/scannet/posed_images/scene0282_01/00057.jpg",
      "transform_matrix": [
        [
          -0.931632,
          -0.108223,
          0.346915,
          1.753154
        ],
        [
          -0.348327,
          0.538049,
          -0.767575,
          2.806741
        ],
        [
          -0.103588,
          -0.835938,
          -0.53896,
          1.300792
        ],
        [
          0.0,
          0.0,
          0.0,
          1.0
        ]
      ]
    },
    {
      "file_path": "/media/NFS/ttao/scannet/posed_images/scene0282_01/00062.jpg",
      "transform_matrix": [
        [
          -0.947085,
          -0.097085,
          0.305949,
          1.774083
        ],
        [
          -0.307936,
          0.543801,
          -0.780676,
          2.782884
        ],
        [
          -0.090584,
          -0.83358,
          -0.544922,
          1.304653
        ],
        [
          0.0,
          0.0,
          0.0,
          1.0
        ]
      ]
    },
    {
      "file_path": "/media/NFS/ttao/scannet/posed_images/scene0282_01/00070.jpg",
      "transform_matrix": [
        [
          -0.967566,
          -0.055845,
          0.246369,
          1.827275
        ],
        [
          -0.237824,
          0.530216,
          -0.813825,
          2.743218
        ],
        [
          -0.085181,
          -0.846022,
          -0.5263,
          1.327294
        ],
        [
          0.0,
          0.0,
          0.0,
          1.0
        ]
      ]
    },
    {
      "file_path": "/media/NFS/ttao/scannet/posed_images/scene0282_01/00074.jpg",
      "transform_matrix": [
        [
          -0.977161,
          -0.02157,
          0.211404,
          1.855727
        ],
        [
          -0.191854,
          0.517311,
          -0.834015,
          2.727981
        ],
        [
          -0.091372,
          -0.855525,
          -0.509635,
          1.34047
        ],
        [
          0.0,
          0.0,
          0.0,
          1.0
        ]
      ]
    },
    {
      "file_path": "/media/NFS/ttao/scannet/posed_images/scene0282_01/00082.jpg",
      "transform_matrix": [
        [
          -0.989338,
          0.043219,
          0.139074,
          1.900756
        ],
        [
          -0.101058,
          0.48389,
          -0.869274,
          2.717178
        ],
        [
          -0.104865,
          -0.874061,
          -0.474363,
          1.35945
        ],
        [
          0.0,
          0.0,
          0.0,
          1.0
        ]
      ]
    },
    {
      "file_path": "/media/NFS/ttao/scannet/posed_images/scene0282_01/00087.jpg",
      "transform_matrix": [
        [
          -0.993401,
          0.083393,
          0.078741,
          1.919038
        ],
        [
          -0.030076,
          0.473099,
          -0.880495,
          2.716717
        ],
        [
          -0.110679,
          -0.877053,
          -0.467469,
          1.363022
        ],
        [
          0.0,
          0.0,
          0.0,
          1.0
        ]
      ]
    },
    {
      "file_path": "/media/NFS/ttao/scannet/posed_images/scene0282_01/00089.jpg",
      "transform_matrix": [
        [
          -0.993998,
          0.097749,
          0.049112,
          1.924497
        ],
        [
          0.002353,
          0.467946,
          -0.883754,
          2.717677
        ],
        [
          -0.109368,
          -0.878334,
          -0.465368,
          1.362553
        ],
        [
          0.0,
          0.0,
          0.0,
          1.0
        ]
      ]
    },
    {
      "file_path": "/media/NFS/ttao/scannet/posed_images/scene0282_01/00095.jpg",
      "transform_matrix": [
        [
          -0.993011,
          0.113394,
          -0.032713,
          1.92972
        ],
        [
          0.0806,
          0.449119,
          -0.889829,
          2.728945
        ],
        [
          -0.086209,
          -0.886247,
          -0.45512,
          1.365742
        ],
        [
          0.0,
          0.0,
          0.0,
          1.0
        ]
      ]
    },
    {
      "file_path": "/media/NFS/ttao/scannet/posed_images/scene0282_01/00100.jpg",
      "transform_matrix": [
        [
          -0.989913,
          0.117241,
          -0.079545,
          1.936877
        ],
        [
          0.122082,
          0.420947,
          -0.898832,
          2.758525
        ],
        [
          -0.071896,
          -0.899477,
          -0.431014,
          1.371568
        ],
        [
          0.0,
          0.0,
          0.0,
          1.0
        ]
      ]
    },
    {
      "file_path": "/media/NFS/ttao/scannet/posed_images/scene0282_01/00106.jpg",
      "transform_matrix": [
        [
          -0.984562,
          0.115494,
          -0.131528,
          1.947759
        ],
        [
          0.165721,
          0.373168,
          -0.912843,
          2.819413
        ],
        [
          -0.056346,
          -0.920547,
          -0.386546,
          1.383819
        ],
        [
          0.0,
          0.0,
          0.0,
          1.0
        ]
      ]
    },
    {
      "file_path": "/media/NFS/ttao/scannet/posed_images/scene0282_01/00114.jpg",
      "transform_matrix": [
        [
          -0.967879,
          0.138916,
          -0.209553,
          1.955156
        ],
        [
          0.246702,
          0.364109,
          -0.898088,
          2.905236
        ],
        [
          -0.048459,
          -0.920938,
          -0.386684,
          1.395701
        ],
        [
          0.0,
          0.0,
          0.0,
          1.0
        ]
      ]
    },
    {
      "file_path": "/media/NFS/ttao/scannet/posed_images/scene0282_01/00117.jpg",
      "transform_matrix": [
        [
          -0.963624,
          0.143044,
          -0.22576,
          1.960777
        ],
        [
          0.262985,
          0.356988,
          -0.896325,
          2.934391
        ],
        [
          -0.047621,
          -0.923091,
          -0.381621,
          1.398695
        ],
        [
          0.0,
          0.0,
          0.0,
          1.0
        ]
      ]
    },
    {
      "file_path": "/media/NFS/ttao/scannet/posed_images/scene0282_01/00120.jpg",
      "transform_matrix": [
        [
          -0.957506,
          0.147057,
          -0.248104,
          1.988289
        ],
        [
          0.284585,
          0.342077,
          -0.895541,
          2.957422
        ],
        [
          -0.046825,
          -0.928093,
          -0.369392,
          1.402661
        ],
        [
          0.0,
          0.0,
          0.0,
          1.0
        ]
      ]
    },
    {
      "file_path": "/media/NFS/ttao/scannet/posed_images/scene0282_01/00127.jpg",
      "transform_matrix": [
        [
          -0.943887,
          0.134991,
          -0.30142,
          2.020275
        ],
        [
          0.329187,
          0.310782,
          -0.891656,
          2.991452
        ],
        [
          -0.02669,
          -0.940846,
          -0.337781,
          1.415033
        ],
        [
          0.0,
          0.0,
          0.0,
          1.0
        ]
      ]
    },
    {
      "file_path": "/media/NFS/ttao/scannet/posed_images/scene0282_01/00134.jpg",
      "transform_matrix": [
        [
          -0.911865,
          0.163211,
          -0.37665,
          2.056628
        ],
        [
          0.409265,
          0.290601,
          -0.864901,
          2.993644
        ],
        [
          -0.031706,
          -0.942822,
          -0.331786,
          1.420449
        ],
        [
          0.0,
          0.0,
          0.0,
          1.0
        ]
      ]
    },
    {
      "file_path": "/media/NFS/ttao/scannet/posed_images/scene0282_01/00139.jpg",
      "transform_matrix": [
        [
          -0.883628,
          0.182917,
          -0.430979,
          2.082618
        ],
        [
          0.46706,
          0.280486,
          -0.83856,
          2.981314
        ],
        [
          -0.032503,
          -0.942268,
          -0.333279,
          1.425186
        ],
        [
          0.0,
          0.0,
          0.0,
          1.0
        ]
      ]
    },
    {
      "file_path": "/media/NFS/ttao/scannet/posed_images/scene0282_01/00141.jpg",
      "transform_matrix": [
        [
          -0.86769,
          0.207432,
          -0.451759,
          2.107224
        ],
        [
          0.49492,
          0.27535,
          -0.824158,
          2.972116
        ],
        [
          -0.046565,
          -0.938698,
          -0.341581,
          1.427069
        ],
        [
          0.0,
          0.0,
          0.0,
          1.0
        ]
      ]
    },
    {
      "file_path": "/media/NFS/ttao/scannet/posed_images/scene0282_01/00150.jpg",
      "transform_matrix": [
        [
          -0.79553,
          0.260965,
          -0.546836,
          2.169356
        ],
        [
          0.603082,
          0.253867,
          -0.756203,
          2.943515
        ],
        [
          -0.058519,
          -0.931369,
          -0.359342,
          1.4254
        ],
        [
          0.0,
          0.0,
          0.0,
          1.0
        ]
      ]
    },
    {
      "file_path": "/media/NFS/ttao/scannet/posed_images/scene0282_01/00152.jpg",
      "transform_matrix": [
        [
          -0.7816,
          0.2657,
          -0.564363,
          2.180959
        ],
        [
          0.621257,
          0.250283,
          -0.742562,
          2.939842
        ],
        [
          -0.056048,
          -0.931,
          -0.360689,
          1.419975
        ],
        [
          0.0,
          0.0,
          0.0,
          1.0
        ]
      ]
    },
    {
      "file_path": "/media/NFS/ttao/scannet/posed_images/scene0282_01/00158.jpg",
      "transform_matrix": [
        [
          -0.732935,
          0.292067,
          -0.614413,
          2.210341
        ],
        [
          0.678153,
          0.24201,
          -0.69393,
          2.92993
        ],
        [
          -0.05398,
          -0.925272,
          -0.375443,
          1.416715
        ],
        [
          0.0,
          0.0,
          0.0,
          1.0
        ]
      ]
    },
    {
      "file_path": "/media/NFS/ttao/scannet/posed_images/scene0282_01/00163.jpg",
      "transform_matrix": [
        [
          -0.692579,
          0.30754,
          -0.652498,
          2.219419
        ],
        [
          0.720234,
          0.244696,
          -0.649143,
          2.935814
        ],
        [
          -0.039974,
          -0.919534,
          -0.390972,
          1.406941
        ],
        [
          0.0,
          0.0,
          0.0,
          1.0
        ]
      ]
    },
    {
      "file_path": "/media/NFS/ttao/scannet/posed_images/scene0282_01/00169.jpg",
      "transform_matrix": [
        [
          -0.636199,
          0.332761,
          -0.696076,
          2.221113
        ],
        [
          0.771146,
          0.24597,
          -0.587224,
          2.935928
        ],
        [
          -0.024191,
          -0.910368,
          -0.413093,
          1.39617
        ],
        [
          0.0,
          0.0,
          0.0,
          1.0
        ]
      ]
    },
    {
      "file_path": "/media/NFS/ttao/scannet/posed_images/scene0282_01/00174.jpg",
      "transform_matrix": [
        [
          -0.593814,
          0.339101,
          -0.729655,
          2.211125
        ],
        [
          0.804563,
          0.241233,
          -0.542665,
          2.944804
        ],
        [
          -0.008002,
          -0.909295,
          -0.416076,
          1.373964
        ],
        [
          0.0,
          0.0,
          0.0,
          1.0
        ]
      ]
    },
    {
      "file_path": "/media/NFS/ttao/scannet/posed_images/scene0282_01/00182.jpg",
      "transform_matrix": [
        [
          -0.52532,
          0.385877,
          -0.758378,
          2.16876
        ],
        [
          0.850815,
          0.225246,
          -0.474741,
          2.953403
        ],
        [
          -0.01237,
          -0.89463,
          -0.446636,
          1.353157
        ],
        [
          0.0,
          0.0,
          0.0,
          1.0
        ]
      ]
    },
    {
      "file_path": "/media/NFS/ttao/scannet/posed_images/scene0282_01/00187.jpg",
      "transform_matrix": [
        [
          -0.475792,
          0.382965,
          -0.791808,
          2.138104
        ],
        [
          0.87954,
          0.212904,
          -0.425537,
          2.949103
        ],
        [
          0.005613,
          -0.898894,
          -0.438131,
          1.340855
        ],
        [
          0.0,
          0.0,
          0.0,
          1.0
        ]
      ]
    },
    {
      "file_path": "/media/NFS/ttao/scannet/posed_images/scene0282_01/00193.jpg",
      "transform_matrix": [
        [
          -0.413174,
          0.39805,
          -0.81905,
          2.076282
        ],
        [
          0.910537,
          0.194845,
          -0.364633,
          2.935725
        ],
        [
          0.014445,
          -0.896433,
          -0.442944,
          1.334603
        ],
        [
          0.0,
          0.0,
          0.0,
          1.0
        ]
      ]
    },
    {
      "file_path": "/media/NFS/ttao/scannet/posed_images/scene0282_01/00195.jpg",
      "transform_matrix": [
        [
          -0.400675,
          0.401199,
          -0.82371,
          2.054512
        ],
        [
          0.916184,
          0.183434,
          -0.356312,
          2.930658
        ],
        [
          0.008144,
          -0.897436,
          -0.44107,
          1.335679
        ],
        [
          0.0,
          0.0,
          0.0,
          1.0
        ]
      ]
    },
    {
      "file_path": "/media/NFS/ttao/scannet/posed_images/scene0282_01/00199.jpg",
      "transform_matrix": [
        [
          -0.403511,
          0.396407,
          -0.824646,
          2.015474
        ],
        [
          0.914974,
          0.176094,
          -0.363061,
          2.914005
        ],
        [
          0.001295,
          -0.901029,
          -0.433757,
          1.336067
        ],
        [
          0.0,
          0.0,
          0.0,
          1.0
        ]
      ]
    },
    {
      "file_path": "/media/NFS/ttao/scannet/posed_images/scene0282_01/00209.jpg",
      "transform_matrix": [
        [
          -0.405852,
          0.368706,
          -0.836265,
          1.907484
        ],
        [
          0.913839,
          0.177198,
          -0.365374,
          2.83344
        ],
        [
          0.013469,
          -0.9125,
          -0.408855,
          1.344392
        ],
        [
          0.0,
          0.0,
          0.0,
          1.0
        ]
      ]
    },
    {
      "file_path": "/media/NFS/ttao/scannet/posed_images/scene0282_01/00210.jpg",
      "transform_matrix": [
        [
          -0.391004,
          0.378749,
          -0.838848,
          1.902121
        ],
        [
          0.920226,
          0.17802,
          -0.348558,
          2.812785
        ],
        [
          0.017316,
          -0.908217,
          -0.418141,
          1.342158
        ],
        [
          0.0,
          0.0,
          0.0,
          1.0
        ]
      ]
    },
    {
      "file_path": "/media/NFS/ttao/scannet/posed_images/scene0282_01/00218.jpg",
      "transform_matrix": [
        [
          -0.279099,
          0.408958,
          -0.868825,
          1.821225
        ],
        [
          0.960191,
          0.129891,
          -0.247309,
          2.705024
        ],
        [
          0.011713,
          -0.903262,
          -0.42893,
          1.333046
        ],
        [
          0.0,
          0.0,
          0.0,
          1.0
        ]
      ]
    },
    {
      "file_path": "/media/NFS/ttao/scannet/posed_images/scene0282_01/00225.jpg",
      "transform_matrix": [
        [
          -0.158157,
          0.427219,
          -0.890208,
          1.758282
        ],
        [
          0.987225,
          0.086067,
          -0.134089,
          2.572984
        ],
        [
          0.019332,
          -0.900043,
          -0.435373,
          1.330931
        ],
        [
          0.0,
          0.0,
          0.0,
          1.0
        ]
      ]
    },
    {
      "file_path": "/media/NFS/ttao/scannet/posed_images/scene0282_01/00226.jpg",
      "transform_matrix": [
        [
          -0.139788,
          0.428691,
          -0.892571,
          1.751413
        ],
        [
          0.989808,
          0.085244,
          -0.114075,
          2.556032
        ],
        [
          0.027184,
          -0.89942,
          -0.436238,
          1.327737
        ],
        [
          0.0,
          0.0,
          0.0,
          1.0
        ]
      ]
    },
    {
      "file_path": "/media/NFS/ttao/scannet/posed_images/scene0282_01/00233.jpg",
      "transform_matrix": [
        [
          0.020735,
          0.44438,
          -0.895598,
          1.693206
        ],
        [
          0.998775,
          0.031037,
          0.038524,
          2.481808
        ],
        [
          0.044916,
          -0.895301,
          -0.443192,
          1.32407
        ],
        [
          0.0,
          0.0,
          0.0,
          1.0
        ]
      ]
    },
    {
      "file_path": "/media/NFS/ttao/scannet/posed_images/scene0282_01/00236.jpg",
      "transform_matrix": [
        [
          0.077818,
          0.432896,
          -0.898079,
          1.674084
        ],
        [
          0.99489,
          0.024409,
          0.097972,
          2.452017
        ],
        [
          0.064333,
          -0.901113,
          -0.428785,
          1.315761
        ],
        [
          0.0,
          0.0,
          0.0,
          1.0
        ]
      ]
    },
    {
      "file_path": "/media/NFS/ttao/scannet/posed_images/scene0282_01/00245.jpg",
      "transform_matrix": [
        [
          0.233356,
          0.437573,
          -0.868374,
          1.594527
        ],
        [
          0.967313,
          -0.013317,
          0.253233,
          2.42673
        ],
        [
          0.099243,
          -0.899084,
          -0.426378,
          1.280718
        ],
        [
          0.0,
          0.0,
          0.0,
          1.0
        ]
      ]
    },
    {
      "file_path": "/media/NFS/ttao/scannet/posed_images/scene0282_01/00248.jpg",
      "transform_matrix": [
        [
          0.28961,
          0.44109,
          -0.84945,
          1.567282
        ],
        [
          0.953048,
          -0.050872,
          0.298515,
          2.404319
        ],
        [
          0.088458,
          -0.89602,
          -0.435113,
          1.273771
        ],
        [
          0.0,
          0.0,
          0.0,
          1.0
        ]
      ]
    },
    {
      "file_path": "/media/NFS/ttao/scannet/posed_images/scene0282_01/00252.jpg",
      "transform_matrix": [
        [
          0.35641,
          0.433032,
          -0.827922,
          1.516981
        ],
        [
          0.93297,
          -0.11716,
          0.340354,
          2.406795
        ],
        [
          0.050385,
          -0.893732,
          -0.445762,
          1.29914
        ],
        [
          0.0,
          0.0,
          0.0,
          1.0
        ]
      ]
    },
    {
      "file_path": "/media/NFS/ttao/scannet/posed_images/scene0282_01/00259.jpg",
      "transform_matrix": [
        [
          0.429253,
          0.387312,
          -0.815923,
          1.490182
        ],
        [
          0.903044,
          -0.199965,
          0.380165,
          2.357977
        ],
        [
          -0.015914,
          -0.900002,
          -0.435596,
          1.326427
        ],
        [
          0.0,
          0.0,
          0.0,
          1.0
        ]
      ]
    },
    {
      "file_path": "/media/NFS/ttao/scannet/posed_images/scene0282_01/00264.jpg",
      "transform_matrix": [
        [
          0.478725,
          0.366141,
          -0.797974,
          1.489681
        ],
        [
          0.877945,
          -0.205669,
          0.432333,
          2.331661
        ],
        [
          -0.005824,
          -0.907547,
          -0.419911,
          1.347792
        ],
        [
          0.0,
          0.0,
          0.0,
          1.0
        ]
      ]
    },
    {
      "file_path": "/media/NFS/ttao/scannet/posed_images/scene0282_01/00269.jpg",
      "transform_matrix": [
        [
          0.52024,
          0.331048,
          -0.787247,
          1.51185
        ],
        [
          0.85402,
          -0.202168,
          0.479352,
          2.296576
        ],
        [
          -0.000467,
          -0.921703,
          -0.387897,
          1.358592
        ],
        [
          0.0,
          0.0,
          0.0,
          1.0
        ]
      ]
    },
    {
      "file_path": "/media/NFS/ttao/scannet/posed_images/scene0282_01/00275.jpg",
      "transform_matrix": [
        [
          0.553442,
          0.307335,
          -0.774111,
          1.55736
        ],
        [
          0.832582,
          -0.22934,
          0.504193,
          2.275855
        ],
        [
          -0.022579,
          -0.923552,
          -0.382808,
          1.377693
        ],
        [
          0.0,
          0.0,
          0.0,
          1.0
        ]
      ]
    },
    {
      "file_path": "/media/NFS/ttao/scannet/posed_images/scene0282_01/00280.jpg",
      "transform_matrix": [
        [
          0.580036,
          0.292836,
          -0.760135,
          1.598187
        ],
        [
          0.814426,
          -0.227217,
          0.533931,
          2.263828
        ],
        [
          -0.016362,
          -0.928773,
          -0.370288,
          1.387997
        ],
        [
          0.0,
          0.0,
          0.0,
          1.0
        ]
      ]
    },
    {
      "file_path": "/media/NFS/ttao/scannet/posed_images/scene0282_01/00283.jpg",
      "transform_matrix": [
        [
          0.599281,
          0.27904,
          -0.750333,
          1.621565
        ],
        [
          0.800522,
          -0.215044,
          0.559393,
          2.260224
        ],
        [
          -0.005262,
          -0.935892,
          -0.352249,
          1.388476
        ],
        [
          0.0,
          0.0,
          0.0,
          1.0
        ]
      ]
    },
    {
      "file_path": "/media/NFS/ttao/scannet/posed_images/scene0282_01/00291.jpg",
      "transform_matrix": [
        [
          0.656361,
          0.241568,
          -0.714727,
          1.653149
        ],
        [
          0.75443,
          -0.216452,
          0.619664,
          2.29116
        ],
        [
          -0.005013,
          -0.945935,
          -0.324316,
          1.399915
        ],
        [
          0.0,
          0.0,
          0.0,
          1.0
        ]
      ]
    },
    {
      "file_path": "/media/NFS/ttao/scannet/posed_images/scene0282_01/00294.jpg",
      "transform_matrix": [
        [
          0.673039,
          0.231479,
          -0.702449,
          1.65828
        ],
        [
          0.739332,
          -0.23644,
          0.630464,
          2.317423
        ],
        [
          -0.020148,
          -0.94367,
          -0.330274,
          1.412493
        ],
        [
          0.0,
          0.0,
          0.0,
          1.0
        ]
      ]
    },
    {
      "file_path": "/media/NFS/ttao/scannet/posed_images/scene0282_01/00301.jpg",
      "transform_matrix": [
        [
          0.716411,
          0.182947,
          -0.673265,
          1.647985
        ],
        [
          0.696736,
          -0.23774,
          0.676785,
          2.390466
        ],
        [
          -0.036247,
          -0.953945,
          -0.297785,
          1.43706
        ],
        [
          0.0,
          0.0,
          0.0,
          1.0
        ]
      ]
    },
    {
      "file_path": "/media/NFS/ttao/scannet/posed_images/scene0282_01/00307.jpg",
      "transform_matrix": [
        [
          0.736311,
          0.13247,
          -0.66355,
          1.630872
        ],
        [
          0.675013,
          -0.211835,
          0.706741,
          2.458157
        ],
        [
          -0.046941,
          -0.968286,
          -0.245395,
          1.465196
        ],
        [
          0.0,
          0.0,
          0.0,
          1.0
        ]
      ]
    },
    {
      "file_path": "/media/NFS/ttao/scannet/posed_images/scene0282_01/00312.jpg",
      "transform_matrix": [
        [
          0.750332,
          0.090789,
          -0.654797,
          1.61008
        ],
        [
          0.658158,
          -0.195319,
          0.727103,
          2.513904
        ],
        [
          -0.061882,
          -0.976529,
          -0.206307,
          1.490262
        ],
        [
          0.0,
          0.0,
          0.0,
          1.0
        ]
      ]
    },
    {
      "file_path": "/media/NFS/ttao/scannet/posed_images/scene0282_01/00315.jpg",
      "transform_matrix": [
        [
          0.755449,
          0.073108,
          -0.651116,
          1.614425
        ],
        [
          0.651355,
          -0.191404,
          0.734235,
          2.554144
        ],
        [
          -0.070948,
          -0.978785,
          -0.192215,
          1.499876
        ],
        [
          0.0,
          0.0,
          0.0,
          1.0
        ]
      ]
    },
    {
      "file_path": "/media/NFS/ttao/scannet/posed_images/scene0282_01/00324.jpg",
      "transform_matrix": [
        [
          0.796941,
          0.063747,
          -0.600684,
          1.578143
        ],
        [
          0.602866,
          -0.146349,
          0.784305,
          2.621078
        ],
        [
          -0.037912,
          -0.987177,
          -0.155063,
          1.525614
        ],
        [
          0.0,
          0.0,
          0.0,
          1.0
        ]
      ]
    },
    {
      "file_path": "/media/NFS/ttao/scannet/posed_images/scene0282_01/00329.jpg",
      "transform_matrix": [
        [
          0.812813,
          0.065252,
          -0.578859,
          1.567237
        ],
        [
          0.582045,
          -0.131321,
          0.802483,
          2.63079
        ],
        [
          -0.023653,
          -0.98919,
          -0.144719,
          1.53772
        ],
        [
          0.0,
          0.0,
          0.0,
          1.0
        ]
      ]
    },
    {
      "file_path": "/media/NFS/ttao/scannet/posed_images/scene0282_01/00332.jpg",
      "transform_matrix": [
        [
          0.81584,
          0.065541,
          -0.574551,
          1.556234
        ],
        [
          0.577634,
          -0.139225,
          0.804335,
          2.625696
        ],
        [
          -0.027275,
          -0.988089,
          -0.151444,
          1.549592
        ],
        [
          0.0,
          0.0,
          0.0,
          1.0
        ]
      ]
    },
    {
      "file_path": "/media/NFS/ttao/scannet/posed_images/scene0282_01/00337.jpg",
      "transform_matrix": [
        [
          0.830877,
          0.058088,
          -0.553416,
          1.544484
        ],
        [
          0.555515,
          -0.144412,
          0.81887,
          2.611393
        ],
        [
          -0.032354,
          -0.987811,
          -0.152258,
          1.554094
        ],
        [
          0.0,
          0.0,
          0.0,
          1.0
        ]
      ]
    },
    {
      "file_path": "/media/NFS/ttao/scannet/posed_images/scene0282_01/00343.jpg",
      "transform_matrix": [
        [
          0.856907,
          0.055701,
          -0.512453,
          1.527917
        ],
        [
          0.514535,
          -0.152309,
          0.843834,
          2.587011
        ],
        [
          -0.031049,
          -0.986762,
          -0.159175,
          1.555711
        ],
        [
          0.0,
          0.0,
          0.0,
          1.0
        ]
      ]
    },
    {
      "file_path": "/media/NFS/ttao/scannet/posed_images/scene0282_01/00346.jpg",
      "transform_matrix": [
        [
          0.864913,
          0.051025,
          -0.499321,
          1.524074
        ],
        [
          0.500314,
          -0.167197,
          0.849547,
          2.573926
        ],
        [
          -0.040137,
          -0.984602,
          -0.17014,
          1.555438
        ],
        [
          0.0,
          0.0,
          0.0,
          1.0
        ]
      ]
    },
    {
      "file_path": "/media/NFS/ttao/scannet/posed_images/scene0282_01/00353.jpg",
      "transform_matrix": [
        [
          0.875667,
          0.072636,
          -0.477421,
          1.523805
        ],
        [
          0.481558,
          -0.205404,
          0.852004,
          2.542711
        ],
        [
          -0.036178,
          -0.975978,
          -0.214844,
          1.537399
        ],
        [
          0.0,
          0.0,
          0.0,
          1.0
        ]
      ]
    },
    {
      "file_path": "/media/NFS/ttao/scannet/posed_images/scene0282_01/00361.jpg",
      "transform_matrix": [
        [
          0.891814,
          0.123662,
          -0.435173,
          1.522197
        ],
        [
          0.452383,
          -0.252783,
          0.855249,
          2.51603
        ],
        [
          -0.004242,
          -0.959588,
          -0.281378,
          1.48562
        ],
        [
          0.0,
          0.0,
          0.0,
          1.0
        ]
      ]
    },
    {
      "file_path": "/media/NFS/ttao/scannet/posed_images/scene0282_01/00362.jpg",
      "transform_matrix": [
        [
          0.893772,
          0.128,
          -0.42987,
          1.521433
        ],
        [
          0.44852,
          -0.251809,
          0.857568,
          2.51251
        ],
        [
          0.001523,
          -0.959275,
          -0.28247,
          1.48226
        ],
        [
          0.0,
          0.0,
          0.0,
          1.0
        ]
      ]
    },
    {
      "file_path": "/media/NFS/ttao/scannet/posed_images/scene0282_01/00369.jpg",
      "transform_matrix": [
        [
          0.894942,
          0.140717,
          -0.423412,
          1.533204
        ],
        [
          0.446129,
          -0.296875,
          0.844295,
          2.491833
        ],
        [
          -0.006894,
          -0.944491,
          -0.328464,
          1.453654
        ],
        [
          0.0,
          0.0,
          0.0,
          1.0
        ]
      ]
    },
    {
      "file_path": "/media/NFS/ttao/scannet/posed_images/scene0282_01/00373.jpg",
      "transform_matrix": [
        [
          0.895771,
          0.145554,
          -0.42001,
          1.540491
        ],
        [
          0.444398,
          -0.315037,
          0.838608,
          2.48113
        ],
        [
          -0.010256,
          -0.937852,
          -0.346885,
          1.433302
        ],
        [
          0.0,
          0.0,
          0.0,
          1.0
        ]
      ]
    },
    {
      "file_path": "/media/NFS/ttao/scannet/posed_images/scene0282_01/00383.jpg",
      "transform_matrix": [
        [
          0.897199,
          0.206402,
          -0.390424,
          1.559878
        ],
        [
          0.44087,
          -0.366929,
          0.819144,
          2.468677
        ],
        [
          0.025815,
          -0.907062,
          -0.420205,
          1.369014
        ],
        [
          0.0,
          0.0,
          0.0,
          1.0
        ]
      ]
    },
    {
      "file_path": "/media/NFS/ttao/scannet/posed_images/scene0282_01/00384.jpg",
      "transform_matrix": [
        [
          0.896334,
          0.210426,
          -0.390263,
          1.563568
        ],
        [
          0.442605,
          -0.372679,
          0.815604,
          2.468233
        ],
        [
          0.026181,
          -0.903787,
          -0.427181,
          1.363299
        ],
        [
          0.0,
          0.0,
          0.0,
          1.0
        ]
      ]
    },
    {
      "file_path": "/media/NFS/ttao/scannet/posed_images/scene0282_01/00392.jpg",
      "transform_matrix": [
        [
          0.908403,
          0.205887,
          -0.363889,
          1.596728
        ],
        [
          0.417757,
          -0.411889,
          0.809831,
          2.489054
        ],
        [
          0.016852,
          -0.88767,
          -0.460172,
          1.34105
        ],
        [
          0.0,
          0.0,
          0.0,
          1.0
        ]
      ]
    },
    {
      "file_path": "/media/NFS/ttao/scannet/posed_images/scene0282_01/00394.jpg",
      "transform_matrix": [
        [
          0.910618,
          0.198729,
          -0.362327,
          1.606069
        ],
        [
          0.413097,
          -0.414074,
          0.811106,
          2.498119
        ],
        [
          0.01116,
          -0.888285,
          -0.459158,
          1.342247
        ],
        [
          0.0,
          0.0,
          0.0,
          1.0
        ]
      ]
    },
    {
      "file_path": "/media/NFS/ttao/scannet/posed_images/scene0282_01/00400.jpg",
      "transform_matrix": [
        [
          0.934729,
          0.172698,
          -0.310574,
          1.635356
        ],
        [
          0.354763,
          -0.402854,
          0.843713,
          2.537143
        ],
        [
          0.020591,
          -0.898824,
          -0.437826,
          1.34078
        ],
        [
          0.0,
          0.0,
          0.0,
          1.0
        ]
      ]
    },
    {
      "file_path": "/media/NFS/ttao/scannet/posed_images/scene0282_01/00407.jpg",
      "transform_matrix": [
        [
          0.957066,
          0.124239,
          -0.261896,
          1.660051
        ],
        [
          0.289867,
          -0.40597,
          0.866698,
          2.598565
        ],
        [
          0.001356,
          -0.905402,
          -0.424553,
          1.357186
