{
  "frames": [
    {
      "file_path": "/media/NFS/ttao/scannet/posed_images/scene0445_00/00000.jpg",
      "transform_matrix": [
        [
          -0.21581,
          -0.621331,
          0.753242,
          1.463631
        ],
        [
          -0.970308,
          0.050178,
          -0.23661,
          1.226949
        ],
        [
          0.109217,
          -0.78194,
          -0.613711,
          1.959679
        ],
        [
          0.0,
          0.0,
          0.0,
          1.0
        ]
      ]
    },
    {
      "file_path": "/media/NFS/ttao/scannet/posed_images/scene0445_00/00002.jpg",
      "transform_matrix": [
        [
          -0.2159,
          -0.621123,
          0.753388,
          1.463988
        ],
        [
          -0.970339,
          0.050536,
          -0.236409,
          1.225771
        ],
        [
          0.108766,
          -0.782082,
          -0.613611,
          1.959107
        ],
        [
          0.0,
          0.0,
          0.0,
          1.0
        ]
      ]
    },
    {
      "file_path": "/media/NFS/ttao/scannet/posed_images/scene0445_00/00004.jpg",
      "transform_matrix": [
        [
          -0.216163,
          -0.621334,
          0.753139,
          1.464548
        ],
        [
          -0.970338,
          0.05119,
          -0.236271,
          1.228128
        ],
        [
          0.10825,
          -0.781872,
          -0.613969,
          1.958048
        ],
        [
          0.0,
          0.0,
          0.0,
          1.0
        ]
      ]
    },
    {
      "file_path": "/media/NFS/ttao/scannet/posed_images/scene0445_00/00006.jpg",
      "transform_matrix": [
        [
          -0.215233,
          -0.622627,
          0.752337,
          1.465243
        ],
        [
          -0.97038,
          0.049802,
          -0.236396,
          1.22783
        ],
        [
          0.109719,
          -0.780933,
          -0.614903,
          1.957405
        ],
        [
          0.0,
          0.0,
          0.0,
          1.0
        ]
      ]
    },
    {
      "file_path": "/media/NFS/ttao/scannet/posed_images/scene0445_00/00009.jpg",
      "transform_matrix": [
        [
          -0.215017,
          -0.62423,
          0.751068,
          1.466643
        ],
        [
          -0.970204,
          0.048589,
          -0.237368,
          1.229951
        ],
        [
          0.111679,
          -0.779728,
          -0.616078,
          1.956705
        ],
        [
          0.0,
          0.0,
          0.0,
          1.0
        ]
      ]
    },
    {
      "file_path": "/media/NFS/ttao/scannet/posed_images/scene0445_00/00012.jpg",
      "transform_matrix": [
        [
          -0.218498,
          -0.624543,
          0.749803,
          1.467826
        ],
        [
          -0.969193,
          0.049373,
          -0.241305,
          1.236513
        ],
        [
          0.113685,
          -0.779428,
          -0.61609,
          1.954194
        ],
        [
          0.0,
          0.0,
          0.0,
          1.0
        ]
      ]
    },
    {
      "file_path": "/media/NFS/ttao/scannet/posed_images/scene0445_00/00014.jpg",
      "transform_matrix": [
        [
          -0.21788,
          -0.625072,
          0.749542,
          1.469035
        ],
        [
          -0.969491,
          0.050234,
          -0.239924,
          1.238179
        ],
        [
          0.112318,
          -0.778949,
          -0.616946,
          1.953093
        ],
        [
          0.0,
          0.0,
          0.0,
          1.0
        ]
      ]
    },
    {
      "file_path": "/media/NFS/ttao/scannet/posed_images/scene0445_00/00015.jpg",
      "transform_matrix": [
        [
          -0.216802,
          -0.624167,
          0.750608,
          1.468134
        ],
        [
          -0.969865,
          0.050158,
          -0.238422,
          1.238742
        ],
        [
          0.111166,
          -0.779679,
          -0.616233,
          1.951218
        ],
        [
          0.0,
          0.0,
          0.0,
          1.0
        ]
      ]
    },
    {
      "file_path": "/media/NFS/ttao/scannet/posed_images/scene0445_00/00018.jpg",
      "transform_matrix": [
        [
          -0.211042,
          -0.622434,
          0.753682,
          1.468914
        ],
        [
          -0.971738,
          0.050163,
          -0.230672,
          1.240504
        ],
        [
          0.105771,
          -0.781063,
          -0.615429,
          1.951073
        ],
        [
          0.0,
          0.0,
          0.0,
          1.0
        ]
      ]
    },
    {
      "file_path": "/media/NFS/ttao/scannet/posed_images/scene0445_00/00020.jpg",
      "transform_matrix": [
        [
          -0.197865,
          -0.620165,
          0.759108,
          1.468397
        ],
        [
          -0.975132,
          0.045662,
          -0.216869,
          1.238565
        ],
        [
          0.099832,
          -0.783141,
          -0.613778,
          1.951137
        ],
        [
          0.0,
          0.0,
          0.0,
          1.0
        ]
      ]
    },
    {
      "file_path": "/media/NFS/ttao/scannet/posed_images/scene0445_00/00022.jpg",
      "transform_matrix": [
        [
          -0.182794,
          -0.612436,
          0.769096,
          1.470775
        ],
        [
          -0.97882,
          0.04002,
          -0.200772,
          1.240105
        ],
        [
          0.092181,
          -0.789507,
          -0.60678,
          1.957004
        ],
        [
          0.0,
          0.0,
          0.0,
          1.0
        ]
      ]
    },
    {
      "file_path": "/media/NFS/ttao/scannet/posed_images/scene0445_00/00025.jpg",
      "transform_matrix": [
        [
          -0.164511,
          -0.596549,
          0.785535,
          1.467318
        ],
        [
          -0.982229,
          0.026128,
          -0.185861,
          1.249656
        ],
        [
          0.090351,
          -0.802151,
          -0.590246,
          1.958813
        ],
        [
          0.0,
          0.0,
          0.0,
          1.0
        ]
      ]
    },
    {
      "file_path": "/media/NFS/ttao/scannet/posed_images/scene0445_00/00028.jpg",
      "transform_matrix": [
        [
          -0.141801,
          -0.589933,
          0.794904,
          1.468037
        ],
        [
          -0.985812,
          0.011295,
          -0.167474,
          1.25843
        ],
        [
          0.08982,
          -0.807373,
          -0.583164,
          1.964033
        ],
        [
          0.0,
          0.0,
          0.0,
          1.0
        ]
      ]
    },
    {
      "file_path": "/media/NFS/ttao/scannet/posed_images/scene0445_00/00030.jpg",
      "transform_matrix": [
        [
          -0.124732,
          -0.585104,
          0.801308,
          1.465415
        ],
        [
          -0.98834,
          0.002189,
          -0.152247,
          1.260382
        ],
        [
          0.087326,
          -0.810955,
          -0.578555,
          1.963166
        ],
        [
          0.0,
          0.0,
          0.0,
          1.0
        ]
      ]
    },
    {
      "file_path": "/media/NFS/ttao/scannet/posed_images/scene0445_00/00032.jpg",
      "transform_matrix": [
        [
          -0.109472,
          -0.581146,
          0.806403,
          1.46294
        ],
        [
          -0.990199,
          -0.007028,
          -0.139488,
          1.267198
        ],
        [
          0.08673,
          -0.813769,
          -0.574681,
          1.960635
        ],
        [
          0.0,
          0.0,
          0.0,
          1.0
        ]
      ]
    },
    {
      "file_path": "/media/NFS/ttao/scannet/posed_images/scene0445_00/00034.jpg",
      "transform_matrix": [
        [
          -0.092145,
          -0.579259,
          0.809918,
          1.461758
        ],
        [
          -0.992061,
          -0.016498,
          -0.124667,
          1.272578
        ],
        [
          0.085577,
          -0.814976,
          -0.573141,
          1.959601
        ],
        [
          0.0,
          0.0,
          0.0,
          1.0
        ]
      ]
    },
    {
      "file_path": "/media/NFS/ttao/scannet/posed_images/scene0445_00/00037.jpg",
      "transform_matrix": [
        [
          -0.067264,
          -0.577577,
          0.81356,
          1.46007
        ],
        [
          -0.994106,
          -0.03069,
          -0.103979,
          1.286405
        ],
        [
          0.085025,
          -0.815759,
          -0.572108,
          1.955452
        ],
        [
          0.0,
          0.0,
          0.0,
          1.0
        ]
      ]
    },
    {
      "file_path": "/media/NFS/ttao/scannet/posed_images/scene0445_00/00039.jpg",
      "transform_matrix": [
        [
          -0.051897,
          -0.577356,
          0.814841,
          1.458684
        ],
        [
          -0.995184,
          -0.03804,
          -0.090336,
          1.293625
        ],
        [
          0.083153,
          -0.815606,
          -0.572602,
          1.953652
        ],
        [
          0.0,
          0.0,
          0.0,
          1.0
        ]
      ]
    },
    {
      "file_path": "/media/NFS/ttao/scannet/posed_images/scene0445_00/00042.jpg",
      "transform_matrix": [
        [
          -0.025828,
          -0.581172,
          0.813371,
          1.46103
        ],
        [
          -0.99617,
          -0.05303,
          -0.069524,
          1.301414
        ],
        [
          0.083538,
          -0.812051,
          -0.577576,
          1.957358
        ],
        [
          0.0,
          0.0,
          0.0,
          1.0
        ]
      ]
    },
    {
      "file_path": "/media/NFS/ttao/scannet/posed_images/scene0445_00/00043.jpg",
      "transform_matrix": [
        [
          -0.018464,
          -0.578319,
          0.815602,
          1.460274
        ],
        [
          -0.99645,
          -0.056375,
          -0.062531,
          1.302645
        ],
        [
          0.082142,
          -0.813861,
          -0.575225,
          1.955941
        ],
        [
          0.0,
          0.0,
          0.0,
          1.0
        ]
      ]
    },
    {
      "file_path": "/media/NFS/ttao/scannet/posed_images/scene0445_00/00045.jpg",
      "transform_matrix": [
        [
          -0.009486,
          -0.580261,
          0.814375,
          1.458544
        ],
        [
          -0.9967,
          -0.060174,
          -0.054485,
          1.309082
        ],
        [
          0.08062,
          -0.812204,
          -0.577775,
          1.954289
        ],
        [
          0.0,
          0.0,
          0.0,
          1.0
        ]
      ]
    },
    {
      "file_path": "/media/NFS/ttao/scannet/posed_images/scene0445_00/00047.jpg",
      "transform_matrix": [
        [
          0.001645,
          -0.585849,
          0.810418,
          1.458627
        ],
        [
          -0.996976,
          -0.063922,
          -0.044186,
          1.311929
        ],
        [
          0.07769,
          -0.807895,
          -0.584183,
          1.950426
        ],
        [
          0.0,
          0.0,
          0.0,
          1.0
        ]
      ]
    },
    {
      "file_path": "/media/NFS/ttao/scannet/posed_images/scene0445_00/00049.jpg",
      "transform_matrix": [
        [
          0.009035,
          -0.5905,
          0.806987,
          1.460375
        ],
        [
          -0.996888,
          -0.068515,
          -0.038974,
          1.315996
        ],
        [
          0.078305,
          -0.804124,
          -0.589282,
          1.949403
        ],
        [
          0.0,
          0.0,
          0.0,
          1.0
        ]
      ]
    },
    {
      "file_path": "/media/NFS/ttao/scannet/posed_images/scene0445_00/00053.jpg",
      "transform_matrix": [
        [
          0.025244,
          -0.593949,
          0.804107,
          1.463398
        ],
        [
          -0.996475,
          -0.079321,
          -0.027307,
          1.31866
        ],
        [
          0.080001,
          -0.800583,
          -0.593857,
          1.950487
        ],
        [
          0.0,
          0.0,
          0.0,
          1.0
        ]
      ]
    },
    {
      "file_path": "/media/NFS/ttao/scannet/posed_images/scene0445_00/00054.jpg",
      "transform_matrix": [
        [
          0.028381,
          -0.593172,
          0.804575,
          1.463224
        ],
        [
          -0.996462,
          -0.080485,
          -0.024187,
          1.319209
        ],
        [
          0.079103,
          -0.801043,
          -0.593358,
          1.949896
        ],
        [
          0.0,
          0.0,
          0.0,
          1.0
        ]
      ]
    },
    {
      "file_path": "/media/NFS/ttao/scannet/posed_images/scene0445_00/00058.jpg",
      "transform_matrix": [
        [
          0.035866,
          -0.595645,
          0.802446,
          1.46447
        ],
        [
          -0.996355,
          -0.083495,
          -0.017444,
          1.320443
        ],
        [
          0.07739,
          -0.798896,
          -0.596469,
          1.945289
        ],
        [
          0.0,
          0.0,
          0.0,
          1.0
        ]
      ]
    },
    {
      "file_path": "/media/NFS/ttao/scannet/posed_images/scene0445_00/00059.jpg",
      "transform_matrix": [
        [
          0.035804,
          -0.596581,
          0.801753,
          1.465603
        ],
        [
          -0.996264,
          -0.084395,
          -0.018308,
          1.322452
        ],
        [
          0.078586,
          -0.798103,
          -0.597374,
          1.945467
        ],
        [
          0.0,
          0.0,
          0.0,
          1.0
        ]
      ]
    },
    {
      "file_path": "/media/NFS/ttao/scannet/posed_images/scene0445_00/00062.jpg",
      "transform_matrix": [
        [
          0.047065,
          -0.596439,
          0.801277,
          1.468415
        ],
        [
          -0.995765,
          -0.091435,
          -0.009571,
          1.312096
        ],
        [
          0.078973,
          -0.797433,
          -0.598217,
          1.947803
        ],
        [
          0.0,
          0.0,
          0.0,
          1.0
        ]
      ]
    },
    {
      "file_path": "/media/NFS/ttao/scannet/posed_images/scene0445_00/00064.jpg",
      "transform_matrix": [
        [
          0.047793,
          -0.596337,
          0.80131,
          1.470853
        ],
        [
          -0.995559,
          -0.093581,
          -0.010264,
          1.312589
        ],
        [
          0.081108,
          -0.797261,
          -0.598161,
          1.948785
        ],
        [
          0.0,
          0.0,
          0.0,
          1.0
        ]
      ]
    },
    {
      "file_path": "/media/NFS/ttao/scannet/posed_images/scene0445_00/00066.jpg",
      "transform_matrix": [
        [
          0.047492,
          -0.596843,
          0.800951,
          1.470912
        ],
        [
          -0.9957,
          -0.092135,
          -0.009617,
          1.311994
        ],
        [
          0.079536,
          -0.79705,
          -0.598653,
          1.946635
        ],
        [
          0.0,
          0.0,
          0.0,
          1.0
        ]
      ]
    },
    {
      "file_path": "/media/NFS/ttao/scannet/posed_images/scene0445_00/00068.jpg",
      "transform_matrix": [
        [
          0.043177,
          -0.598362,
          0.800062,
          1.472781
        ],
        [
          -0.995766,
          -0.090818,
          -0.014183,
          1.315102
        ],
        [
          0.081147,
          -0.796062,
          -0.59975,
          1.945666
        ],
        [
          0.0,
          0.0,
          0.0,
          1.0
        ]
      ]
    },
    {
      "file_path": "/media/NFS/ttao/scannet/posed_images/scene0445_00/00070.jpg",
      "transform_matrix": [
        [
          0.038241,
          -0.601367,
          0.798057,
          1.475102
        ],
        [
          -0.995849,
          -0.088948,
          -0.019307,
          1.314228
        ],
        [
          0.082597,
          -0.794006,
          -0.602272,
          1.943785
        ],
        [
          0.0,
          0.0,
          0.0,
          1.0
        ]
      ]
    },
    {
      "file_path": "/media/NFS/ttao/scannet/posed_images/scene0445_00/00072.jpg",
      "transform_matrix": [
        [
          0.035595,
          -0.603091,
          0.796878,
          1.475493
        ],
        [
          -0.995918,
          -0.087589,
          -0.021803,
          1.313099
        ],
        [
          0.082947,
          -0.792849,
          -0.603747,
          1.940298
        ],
        [
          0.0,
          0.0,
          0.0,
          1.0
        ]
      ]
    },
    {
      "file_path": "/media/NFS/ttao/scannet/posed_images/scene0445_00/00075.jpg",
      "transform_matrix": [
        [
          0.034421,
          -0.606457,
          0.794371,
          1.47797
        ],
        [
          -0.995888,
          -0.087455,
          -0.023614,
          1.314122
        ],
        [
          0.083793,
          -0.790292,
          -0.606974,
          1.935563
        ],
        [
          0.0,
          0.0,
          0.0,
          1.0
        ]
      ]
    },
    {
      "file_path": "/media/NFS/ttao/scannet/posed_images/scene0445_00/00077.jpg",
      "transform_matrix": [
        [
          0.037603,
          -0.606048,
          0.794538,
          1.481424
        ],
        [
          -0.995983,
          -0.087384,
          -0.019517,
          1.311851
        ],
        [
          0.081259,
          -0.790613,
          -0.6069,
          1.938106
        ],
        [
          0.0,
          0.0,
          0.0,
          1.0
        ]
      ]
    },
    {
      "file_path": "/media/NFS/ttao/scannet/posed_images/scene0445_00/00080.jpg",
      "transform_matrix": [
        [
          0.047875,
          -0.595538,
          0.801899,
          1.485164
        ],
        [
          -0.996385,
          -0.084877,
          -0.003548,
          1.310134
        ],
        [
          0.070176,
          -0.798831,
          -0.597448,
          1.944886
        ],
        [
          0.0,
          0.0,
          0.0,
          1.0
        ]
      ]
    },
    {
      "file_path": "/media/NFS/ttao/scannet/posed_images/scene0445_00/00082.jpg",
      "transform_matrix": [
        [
          0.063142,
          -0.58046,
          0.811837,
          1.489306
        ],
        [
          -0.99609,
          -0.087017,
          0.015256,
          1.308732
        ],
        [
          0.061788,
          -0.809626,
          -0.583684,
          1.954696
        ],
        [
          0.0,
          0.0,
          0.0,
          1.0
        ]
      ]
    },
    {
      "file_path": "/media/NFS/ttao/scannet/posed_images/scene0445_00/00085.jpg",
      "transform_matrix": [
        [
          0.080592,
          -0.556349,
          0.827031,
          1.490145
        ],
        [
          -0.995256,
          -0.090287,
          0.036248,
          1.315628
        ],
        [
          0.054504,
          -0.826029,
          -0.560986,
          1.961182
        ],
        [
          0.0,
          0.0,
          0.0,
          1.0
        ]
      ]
    },
    {
      "file_path": "/media/NFS/ttao/scannet/posed_images/scene0445_00/00086.jpg",
      "transform_matrix": [
        [
          0.088988,
          -0.548214,
          0.831591,
          1.492282
        ],
        [
          -0.994524,
          -0.094833,
          0.043906,
          1.318003
        ],
        [
          0.054792,
          -0.830944,
          -0.553651,
          1.962435
        ],
        [
          0.0,
          0.0,
          0.0,
          1.0
        ]
      ]
    },
    {
      "file_path": "/media/NFS/ttao/scannet/posed_images/scene0445_00/00089.jpg",
      "transform_matrix": [
        [
          0.112341,
          -0.521352,
          0.845915,
          1.49328
        ],
        [
          -0.992318,
          -0.103257,
          0.068144,
          1.321508
        ],
        [
          0.051819,
          -0.847072,
          -0.528947,
          1.966807
        ],
        [
          0.0,
          0.0,
          0.0,
          1.0
        ]
      ]
    },
    {
      "file_path": "/media/NFS/ttao/scannet/posed_images/scene0445_00/00092.jpg",
      "transform_matrix": [
        [
          0.141615,
          -0.508336,
          0.849435,
          1.504013
        ],
        [
          -0.989001,
          -0.109651,
          0.099264,
          1.326603
        ],
        [
          0.042682,
          -0.854149,
          -0.518273,
          1.985709
        ],
        [
          0.0,
          0.0,
          0.0,
          1.0
        ]
      ]
    },
    {
      "file_path": "/media/NFS/ttao/scannet/posed_images/scene0445_00/00093.jpg",
      "transform_matrix": [
        [
          0.151724,
          -0.50014,
          0.852549,
          1.506102
        ],
        [
          -0.987525,
          -0.113459,
          0.109185,
          1.330324
        ],
        [
          0.042122,
          -0.858479,
          -0.511115,
          1.989262
        ],
        [
          0.0,
          0.0,
          0.0,
          1.0
        ]
      ]
    },
    {
      "file_path": "/media/NFS/ttao/scannet/posed_images/scene0445_00/00096.jpg",
      "transform_matrix": [
        [
          0.181987,
          -0.477716,
          0.859458,
          1.503183
        ],
        [
          -0.982655,
          -0.120025,
          0.141359,
          1.332272
        ],
        [
          0.035627,
          -0.870277,
          -0.491273,
          1.992283
        ],
        [
          0.0,
          0.0,
          0.0,
          1.0
        ]
      ]
    },
    {
      "file_path": "/media/NFS/ttao/scannet/posed_images/scene0445_00/00098.jpg",
      "transform_matrix": [
        [
          0.205336,
          -0.4652,
          0.861061,
          1.503521
        ],
        [
          -0.97825,
          -0.123978,
          0.166302,
          1.329556
        ],
        [
          0.029389,
          -0.876481,
          -0.480539,
          1.995935
        ],
        [
          0.0,
          0.0,
          0.0,
          1.0
        ]
      ]
    },
    {
      "file_path": "/media/NFS/ttao/scannet/posed_images/scene0445_00/00100.jpg",
      "transform_matrix": [
        [
          0.235907,
          -0.452522,
          0.859983,
          1.503845
        ],
        [
          -0.971432,
          -0.133333,
          0.19632,
          1.325681
        ],
        [
          0.025825,
          -0.881729,
          -0.471049,
          1.994682
        ],
        [
          0.0,
          0.0,
          0.0,
          1.0
        ]
      ]
    },
    {
      "file_path": "/media/NFS/ttao/scannet/posed_images/scene0445_00/00103.jpg",
      "transform_matrix": [
        [
          0.271696,
          -0.437355,
          0.857264,
          1.505612
        ],
        [
          -0.96223,
          -0.139341,
          0.233875,
          1.318903
        ],
        [
          0.017166,
          -0.888429,
          -0.458694,
          1.998077
        ],
        [
          0.0,
          0.0,
          0.0,
          1.0
        ]
      ]
    },
    {
      "file_path": "/media/NFS/ttao/scannet/posed_images/scene0445_00/00105.jpg",
      "transform_matrix": [
        [
          0.294277,
          -0.423305,
          0.856862,
          1.502517
        ],
        [
          -0.95562,
          -0.143268,
          0.257417,
          1.314255
        ],
        [
          0.013795,
          -0.894588,
          -0.44668,
          1.99341
        ],
        [
          0.0,
          0.0,
          0.0,
          1.0
        ]
      ]
    },
    {
      "file_path": "/media/NFS/ttao/scannet/posed_images/scene0445_00/00107.jpg",
      "transform_matrix": [
        [
          0.318346,
          -0.418819,
          0.850439,
          1.504559
        ],
        [
          -0.947876,
          -0.153551,
          0.2792,
          1.309804
        ],
        [
          0.013652,
          -0.894993,
          -0.445871,
          1.991075
        ],
        [
          0.0,
          0.0,
          0.0,
          1.0
        ]
      ]
    },
    {
      "file_path": "/media/NFS/ttao/scannet/posed_images/scene0445_00/00110.jpg",
      "transform_matrix": [
        [
          0.352424,
          -0.424305,
          0.834124,
          1.518714
        ],
        [
          -0.935749,
          -0.172191,
          0.307771,
          1.308686
        ],
        [
          0.01304,
          -0.888997,
          -0.457727,
          1.990815
        ],
        [
          0.0,
          0.0,
          0.0,
          1.0
        ]
      ]
    },
    {
      "file_path": "/media/NFS/ttao/scannet/posed_images/scene0445_00/00111.jpg",
      "transform_matrix": [
        [
          0.362945,
          -0.425233,
          0.829124,
          1.519233
        ],
        [
          -0.931726,
          -0.177553,
          0.316797,
          1.303442
        ],
        [
          0.012501,
          -0.887497,
          -0.460643,
          1.986568
        ],
        [
          0.0,
          0.0,
          0.0,
          1.0
        ]
      ]
    },
    {
      "file_path": "/media/NFS/ttao/scannet/posed_images/scene0445_00/00113.jpg",
      "transform_matrix": [
        [
          0.381452,
          -0.425054,
          0.820867,
          1.521546
        ],
        [
          -0.924284,
          -0.188712,
          0.331792,
          1.299551
        ],
        [
          0.013878,
          -0.885278,
          -0.464856,
          1.983429
        ],
        [
          0.0,
          0.0,
          0.0,
          1.0
        ]
      ]
    },
    {
      "file_path": "/media/NFS/ttao/scannet/posed_images/scene0445_00/00117.jpg",
      "transform_matrix": [
        [
          0.413473,
          -0.427911,
          0.803699,
          1.526688
        ],
        [
          -0.910397,
          -0.208539,
          0.357334,
          1.303641
        ],
        [
          0.014696,
          -0.879434,
          -0.475795,
          1.975796
        ],
        [
          0.0,
          0.0,
          0.0,
          1.0
        ]
      ]
    },
    {
      "file_path": "/media/NFS/ttao/scannet/posed_images/scene0445_00/00119.jpg",
      "transform_matrix": [
        [
          0.429553,
          -0.429187,
          0.794533,
          1.529746
        ],
        [
          -0.90297,
          -0.215258,
          0.3719,
          1.306935
        ],
        [
          0.011415,
          -0.87719,
          -0.480008,
          1.973752
        ],
        [
          0.0,
          0.0,
          0.0,
          1.0
        ]
      ]
    },
    {
      "file_path": "/media/NFS/ttao/scannet/posed_images/scene0445_00/00121.jpg",
      "transform_matrix": [
        [
          0.446573,
          -0.431276,
          0.783947,
          1.536166
        ],
        [
          -0.894714,
          -0.222781,
          0.387112,
          1.317423
        ],
        [
          0.007697,
          -0.874282,
          -0.485357,
          1.976684
        ],
        [
          0.0,
          0.0,
          0.0,
          1.0
        ]
      ]
    },
    {
      "file_path": "/media/NFS/ttao/scannet/posed_images/scene0445_00/00122.jpg",
      "transform_matrix": [
        [
          0.45497,
          -0.431079,
          0.779213,
          1.536409
        ],
        [
          -0.890503,
          -0.222884,
          0.396645,
          1.311302
        ],
        [
          0.002689,
          -0.874353,
          -0.485283,
          1.977499
        ],
        [
          0.0,
          0.0,
          0.0,
          1.0
        ]
      ]
    },
    {
      "file_path": "/media/NFS/ttao/scannet/posed_images/scene0445_00/00124.jpg",
      "transform_matrix": [
        [
          0.470903,
          -0.431095,
          0.76968,
          1.542312
        ],
        [
          -0.882185,
          -0.229544,
          0.411168,
          1.327235
        ],
        [
          -0.000577,
          -0.872621,
          -0.488399,
          1.976535
        ],
        [
          0.0,
          0.0,
          0.0,
          1.0
        ]
      ]
    },
    {
      "file_path": "/media/NFS/ttao/scannet/posed_images/scene0445_00/00127.jpg",
      "transform_matrix": [
        [
          0.497967,
          -0.434328,
          0.750592,
          1.546619
        ],
        [
          -0.867177,
          -0.243705,
          0.434295,
          1.343592
        ],
        [
          -0.005704,
          -0.867161,
          -0.497996,
          1.96745
        ],
        [
          0.0,
          0.0,
          0.0,
          1.0
        ]
      ]
    },
    {
      "file_path": "/media/NFS/ttao/scannet/posed_images/scene0445_00/00129.jpg",
      "transform_matrix": [
        [
          0.515495,
          -0.438769,
          0.736035,
          1.551758
        ],
        [
          -0.856867,
          -0.25729,
          0.446745,
          1.355485
        ],
        [
          -0.006644,
          -0.860978,
          -0.508598,
          1.961207
        ],
        [
          0.0,
          0.0,
          0.0,
          1.0
        ]
      ]
    },
    {
      "file_path": "/media/NFS/ttao/scannet/posed_images/scene0445_00/00132.jpg",
      "transform_matrix": [
        [
          0.540571,
          -0.435498,
          0.719809,
          1.56103
        ],
        [
          -0.841289,
          -0.275775,
          0.464952,
          1.372791
        ],
        [
          -0.003981,
          -0.856907,
          -0.515456,
          1.952807
        ],
        [
          0.0,
          0.0,
          0.0,
          1.0
        ]
      ]
    },
    {
      "file_path": "/media/NFS/ttao/scannet/posed_images/scene0445_00/00133.jpg",
      "transform_matrix": [
        [
          0.546582,
          -0.433715,
          0.716337,
          1.567739
        ],
        [
          -0.837396,
          -0.279081,
          0.46998,
          1.386807
        ],
        [
          -0.003922,
          -0.856741,
          -0.515732,
          1.952409
        ],
        [
          0.0,
          0.0,
          0.0,
          1.0
        ]
      ]
    },
    {
      "file_path": "/media/NFS/ttao/scannet/posed_images/scene0445_00/00136.jpg",
      "transform_matrix": [
        [
          0.562827,
          -0.428516,
          0.706823,
          1.579677
        ],
        [
          -0.82654,
          -0.283971,
          0.485996,
          1.407981
        ],
        [
          -0.007539,
          -0.85775,
          -0.514013,
          1.945908
        ],
        [
          0.0,
          0.0,
          0.0,
          1.0
        ]
      ]
    },
    {
      "file_path": "/media/NFS/ttao/scannet/posed_images/scene0445_00/00138.jpg",
      "transform_matrix": [
        [
          0.57622,
          -0.423943,
          0.698743,
          1.589324
        ],
        [
          -0.81725,
          -0.289974,
          0.498013,
          1.422076
        ],
        [
          -0.008511,
          -0.858013,
          -0.513557,
          1.937453
        ],
        [
          0.0,
          0.0,
          0.0,
          1.0
        ]
      ]
    },
    {
      "file_path": "/media/NFS/ttao/scannet/posed_images/scene0445_00/00140.jpg",
      "transform_matrix": [
        [
          0.58339,
          -0.431635,
          0.688003,
          1.615314
        ],
        [
          -0.812157,
          -0.302135,
          0.499114,
          1.449979
        ],
        [
          -0.007565,
          -0.849944,
          -0.526818,
          1.936568
        ],
        [
          0.0,
          0.0,
          0.0,
          1.0
        ]
      ]
    },
    {
      "file_path": "/media/NFS/ttao/scannet/posed_images/scene0445_00/00143.jpg",
      "transform_matrix": [
        [
          0.586221,
          -0.432788,
          0.684865,
          1.637393
        ],
        [
          -0.810149,
          -0.311409,
          0.496671,
          1.470827
        ],
        [
          -0.00168,
          -0.846002,
          -0.533177,
          1.932364
        ],
        [
          0.0,
          0.0,
          0.0,
          1.0
        ]
      ]
    },
    {
      "file_path": "/media/NFS/ttao/scannet/posed_images/scene0445_00/00146.jpg",
      "transform_matrix": [
        [
          0.603609,
          -0.415204,
          0.680633,
          1.654466
        ],
        [
          -0.797276,
          -0.317023,
          0.51366,
          1.488259
        ],
        [
          0.002503,
          -0.852703,
          -0.52239,
          1.930836
        ],
        [
          0.0,
          0.0,
          0.0,
          1.0
        ]
      ]
    },
    {
      "file_path": "/media/NFS/ttao/scannet/posed_images/scene0445_00/00147.jpg",
      "transform_matrix": [
        [
          0.611667,
          -0.410463,
          0.676301,
          1.661224
        ],
        [
          -0.791109,
          -0.320627,
          0.520907,
          1.492967
        ],
        [
          0.003027,
          -0.85365,
          -0.520838,
          1.933458
        ],
        [
          0.0,
          0.0,
          0.0,
          1.0
        ]
      ]
    },
    {
      "file_path": "/media/NFS/ttao/scannet/posed_images/scene0445_00/00149.jpg",
      "transform_matrix": [
        [
          0.630116,
          -0.392186,
          0.670182,
          1.675004
        ],
        [
          -0.7765,
          -0.317425,
          0.544324,
          1.494286
        ],
        [
          -0.000744,
          -0.863384,
          -0.504547,
          1.943138
        ],
        [
          0.0,
          0.0,
          0.0,
          1.0
        ]
      ]
    },
    {
      "file_path": "/media/NFS/ttao/scannet/posed_images/scene0445_00/00152.jpg",
      "transform_matrix": [
        [
          0.665586,
          -0.365236,
          0.650844,
          1.697499
        ],
        [
          -0.74623,
          -0.312061,
          0.588012,
          1.47986
        ],
        [
          -0.01166,
          -0.877052,
          -0.480254,
          1.955884
        ],
        [
          0.0,
          0.0,
          0.0,
          1.0
        ]
      ]
    },
    {
      "file_path": "/media/NFS/ttao/scannet/posed_images/scene0445_00/00154.jpg",
      "transform_matrix": [
        [
          0.683944,
          -0.347357,
          0.641532,
          1.707327
        ],
        [
          -0.729376,
          -0.307274,
          0.611222,
          1.475407
        ],
        [
          -0.015186,
          -0.88596,
          -0.463512,
          1.955853
        ],
        [
          0.0,
          0.0,
          0.0,
          1.0
        ]
      ]
    },
    {
      "file_path": "/media/NFS/ttao/scannet/posed_images/scene0445_00/00156.jpg",
      "transform_matrix": [
        [
          0.7088,
          -0.326764,
          0.625162,
          1.718705
        ],
        [
          -0.705219,
          -0.307649,
          0.638763,
          1.467589
        ],
        [
          -0.016394,
          -0.893632,
          -0.448502,
          1.957495
        ],
        [
          0.0,
          0.0,
          0.0,
          1.0
        ]
      ]
    },
    {
      "file_path": "/media/NFS/ttao/scannet/posed_images/scene0445_00/00159.jpg",
      "transform_matrix": [
        [
          0.755023,
          -0.29319,
          0.586498,
          1.74147
        ],
        [
          -0.655516,
          -0.316407,
          0.6857,
          1.446401
        ],
        [
          -0.015467,
          -0.902179,
          -0.431085,
          1.962508
        ],
        [
          0.0,
          0.0,
          0.0,
          1.0
        ]
      ]
    },
    {
      "file_path": "/media/NFS/ttao/scannet/posed_images/scene0445_00/00162.jpg",
      "transform_matrix": [
        [
          0.795423,
          -0.246811,
          0.553521,
          1.749608
        ],
        [
          -0.606024,
          -0.333057,
          0.722363,
          1.418823
        ],
        [
          0.006067,
          -0.910032,
          -0.414495,
          1.942332
        ],
        [
          0.0,
          0.0,
          0.0,
          1.0
        ]
      ]
    },
    {
      "file_path": "/media/NFS/ttao/scannet/posed_images/scene0445_00/00163.jpg",
      "transform_matrix": [
        [
          0.80744,
          -0.239042,
          0.539351,
          1.758524
        ],
        [
          -0.589873,
          -0.341877,
          0.731553,
          1.411531
        ],
        [
          0.00952,
          -0.908834,
          -0.41705,
          1.941723
        ],
        [
          0.0,
          0.0,
          0.0,
          1.0
        ]
      ]
    },
    {
      "file_path": "/media/NFS/ttao/scannet/posed_images/scene0445_00/00166.jpg",
      "transform_matrix": [
        [
          0.836978,
          -0.229008,
          0.497014,
          1.785535
        ],
        [
          -0.547203,
          -0.360188,
          0.755535,
          1.390703
        ],
        [
          0.005995,
          -0.904334,
          -0.426783,
          1.937292
        ],
        [
          0.0,
          0.0,
          0.0,
          1.0
        ]
      ]
    },
    {
      "file_path": "/media/NFS/ttao/scannet/posed_images/scene0445_00/00167.jpg",
      "transform_matrix": [
        [
          0.844715,
          -0.226606,
          0.484876,
          1.793822
        ],
        [
          -0.535205,
          -0.363126,
          0.762689,
          1.383312
        ],
        [
          0.003241,
          -0.903764,
          -0.428019,
          1.933001
        ],
        [
          0.0,
          0.0,
          0.0,
          1.0
        ]
      ]
    },
    {
      "file_path": "/media/NFS/ttao/scannet/posed_images/scene0445_00/00171.jpg",
      "transform_matrix": [
        [
          0.870998,
          -0.228792,
          0.43476,
          1.832592
        ],
        [
          -0.49124,
          -0.393477,
          0.777083,
          1.355641
        ],
        [
          -0.006722,
          -0.89041,
          -0.45511,
          1.925892
        ],
        [
          0.0,
          0.0,
          0.0,
          1.0
        ]
      ]
    },
    {
      "file_path": "/media/NFS/ttao/scannet/posed_images/scene0445_00/00173.jpg",
      "transform_matrix": [
        [
          0.880517,
          -0.230081,
          0.41443,
          1.848241
        ],
        [
          -0.473874,
          -0.405983,
          0.781422,
          1.346372
        ],
        [
          -0.011538,
          -0.884444,
          -0.466505,
          1.916019
        ],
        [
          0.0,
          0.0,
          0.0,
          1.0
        ]
      ]
    },
    {
      "file_path": "/media/NFS/ttao/scannet/posed_images/scene0445_00/00176.jpg",
      "transform_matrix": [
        [
          0.888067,
          -0.244948,
          0.389021,
          1.876301
        ],
        [
          -0.459009,
          -0.425629,
          0.77984,
          1.34164
        ],
        [
          -0.025442,
          -0.871115,
