{
  "frames": [
    {
      "file_path": "/media/NFS/ttao/scannet/posed_images/scene0364_00/00001.jpg",
      "transform_matrix": [
        [
          0.924766,
          0.18862,
          -0.330499,
          3.063035
        ],
        [
          0.380346,
          -0.430709,
          0.81843,
          2.366089
        ],
        [
          0.012024,
          -0.88256,
          -0.470046,
          1.407599
        ],
        [
          0.0,
          0.0,
          0.0,
          1.0
        ]
      ]
    },
    {
      "file_path": "/media/NFS/ttao/scannet/posed_images/scene0364_00/00004.jpg",
      "transform_matrix": [
        [
          0.924581,
          0.183469,
          -0.333901,
          3.065268
        ],
        [
          0.380872,
          -0.423582,
          0.821897,
          2.369687
        ],
        [
          0.009358,
          -0.887083,
          -0.461514,
          1.415219
        ],
        [
          0.0,
          0.0,
          0.0,
          1.0
        ]
      ]
    },
    {
      "file_path": "/media/NFS/ttao/scannet/posed_images/scene0364_00/00011.jpg",
      "transform_matrix": [
        [
          0.922416,
          0.191246,
          -0.335521,
          3.060801
        ],
        [
          0.386124,
          -0.43952,
          0.811006,
          2.379762
        ],
        [
          0.007634,
          -0.877637,
          -0.479265,
          1.394445
        ],
        [
          0.0,
          0.0,
          0.0,
          1.0
        ]
      ]
    },
    {
      "file_path": "/media/NFS/ttao/scannet/posed_images/scene0364_00/00017.jpg",
      "transform_matrix": [
        [
          0.919075,
          0.202008,
          -0.33837,
          3.058061
        ],
        [
          0.394038,
          -0.483996,
          0.781333,
          2.383559
        ],
        [
          -0.005934,
          -0.851434,
          -0.524428,
          1.359042
        ],
        [
          0.0,
          0.0,
          0.0,
          1.0
        ]
      ]
    },
    {
      "file_path": "/media/NFS/ttao/scannet/posed_images/scene0364_00/00021.jpg",
      "transform_matrix": [
        [
          0.918287,
          0.213251,
          -0.333578,
          3.057553
        ],
        [
          0.395849,
          -0.510182,
          0.763556,
          2.384859
        ],
        [
          -0.007357,
          -0.83321,
          -0.552909,
          1.333827
        ],
        [
          0.0,
          0.0,
          0.0,
          1.0
        ]
      ]
    },
    {
      "file_path": "/media/NFS/ttao/scannet/posed_images/scene0364_00/00025.jpg",
      "transform_matrix": [
        [
          0.915007,
          0.218574,
          -0.339098,
          3.050673
        ],
        [
          0.402709,
          -0.545339,
          0.73514,
          2.383816
        ],
        [
          -0.024241,
          -0.809216,
          -0.58701,
          1.314309
        ],
        [
          0.0,
          0.0,
          0.0,
          1.0
        ]
      ]
    },
    {
      "file_path": "/media/NFS/ttao/scannet/posed_images/scene0364_00/00027.jpg",
      "transform_matrix": [
        [
          0.912071,
          0.225112,
          -0.342712,
          3.048321
        ],
        [
          0.409039,
          -0.557678,
          0.722276,
          2.382923
        ],
        [
          -0.02853,
          -0.79895,
          -0.600721,
          1.30974
        ],
        [
          0.0,
          0.0,
          0.0,
          1.0
        ]
      ]
    },
    {
      "file_path": "/media/NFS/ttao/scannet/posed_images/scene0364_00/00032.jpg",
      "transform_matrix": [
        [
          0.909466,
          0.234666,
          -0.343225,
          3.040154
        ],
        [
          0.414949,
          -0.564418,
          0.713618,
          2.388685
        ],
        [
          -0.026261,
          -0.791432,
          -0.610694,
          1.330349
        ],
        [
          0.0,
          0.0,
          0.0,
          1.0
        ]
      ]
    },
    {
      "file_path": "/media/NFS/ttao/scannet/posed_images/scene0364_00/00038.jpg",
      "transform_matrix": [
        [
          0.925465,
          0.218344,
          -0.309582,
          3.038839
        ],
        [
          0.37883,
          -0.529873,
          0.758764,
          2.385405
        ],
        [
          0.001632,
          -0.819488,
          -0.573094,
          1.346841
        ],
        [
          0.0,
          0.0,
          0.0,
          1.0
        ]
      ]
    },
    {
      "file_path": "/media/NFS/ttao/scannet/posed_images/scene0364_00/00044.jpg",
      "transform_matrix": [
        [
          0.934517,
          0.242569,
          -0.260459,
          3.001193
        ],
        [
          0.349225,
          -0.483659,
          0.802569,
          2.338041
        ],
        [
          0.068705,
          -0.840972,
          -0.536698,
          1.347348
        ],
        [
          0.0,
          0.0,
          0.0,
          1.0
        ]
      ]
    },
    {
      "file_path": "/media/NFS/ttao/scannet/posed_images/scene0364_00/00046.jpg",
      "transform_matrix": [
        [
          0.93688,
          0.239876,
          -0.254393,
          2.985135
        ],
        [
          0.342546,
          -0.483746,
          0.805389,
          2.314636
        ],
        [
          0.070132,
          -0.841694,
          -0.535381,
          1.341966
        ],
        [
          0.0,
          0.0,
          0.0,
          1.0
        ]
      ]
    },
    {
      "file_path": "/media/NFS/ttao/scannet/posed_images/scene0364_00/00051.jpg",
      "transform_matrix": [
        [
          0.938631,
          0.235546,
          -0.251972,
          2.948424
        ],
        [
          0.338409,
          -0.487582,
          0.804825,
          2.25033
        ],
        [
          0.066716,
          -0.840703,
          -0.53737,
          1.315002
        ],
        [
          0.0,
          0.0,
          0.0,
          1.0
        ]
      ]
    },
    {
      "file_path": "/media/NFS/ttao/scannet/posed_images/scene0364_00/00056.jpg",
      "transform_matrix": [
        [
          0.940354,
          0.239955,
          -0.241155,
          2.933603
        ],
        [
          0.332275,
          -0.495739,
          0.802394,
          2.208949
        ],
        [
          0.072989,
          -0.834664,
          -0.545901,
          1.303495
        ],
        [
          0.0,
          0.0,
          0.0,
          1.0
        ]
      ]
    },
    {
      "file_path": "/media/NFS/ttao/scannet/posed_images/scene0364_00/00062.jpg",
      "transform_matrix": [
        [
          0.943554,
          0.211225,
          -0.255128,
          2.927807
        ],
        [
          0.327604,
          -0.481658,
          0.812823,
          2.200569
        ],
        [
          0.048804,
          -0.850523,
          -0.523668,
          1.355476
        ],
        [
          0.0,
          0.0,
          0.0,
          1.0
        ]
      ]
    },
    {
      "file_path": "/media/NFS/ttao/scannet/posed_images/scene0364_00/00068.jpg",
      "transform_matrix": [
        [
          0.932155,
          0.202647,
          -0.300035,
          2.937979
        ],
        [
          0.360074,
          -0.432197,
          0.826773,
          2.182014
        ],
        [
          0.037868,
          -0.878715,
          -0.475843,
          1.361061
        ],
        [
          0.0,
          0.0,
          0.0,
          1.0
        ]
      ]
    },
    {
      "file_path": "/media/NFS/ttao/scannet/posed_images/scene0364_00/00072.jpg",
      "transform_matrix": [
        [
          0.921906,
          0.235951,
          -0.307274,
          2.944673
        ],
        [
          0.381581,
          -0.415894,
          0.825487,
          2.179543
        ],
        [
          0.066981,
          -0.878271,
          -0.473449,
          1.352295
        ],
        [
          0.0,
          0.0,
          0.0,
          1.0
        ]
      ]
    },
    {
      "file_path": "/media/NFS/ttao/scannet/posed_images/scene0364_00/00075.jpg",
      "transform_matrix": [
        [
          0.914129,
          0.238513,
          -0.327841,
          2.953322
        ],
        [
          0.401188,
          -0.415591,
          0.816292,
          2.183944
        ],
        [
          0.058448,
          -0.877722,
          -0.475592,
          1.352355
        ],
        [
          0.0,
          0.0,
          0.0,
          1.0
        ]
      ]
    },
    {
      "file_path": "/media/NFS/ttao/scannet/posed_images/scene0364_00/00082.jpg",
      "transform_matrix": [
        [
          0.894873,
          0.20645,
          -0.395704,
          2.991537
        ],
        [
          0.446141,
          -0.438983,
          0.779905,
          2.209117
        ],
        [
          -0.012696,
          -0.874456,
          -0.48494,
          1.347064
        ],
        [
          0.0,
          0.0,
          0.0,
          1.0
        ]
      ]
    },
    {
      "file_path": "/media/NFS/ttao/scannet/posed_images/scene0364_00/00084.jpg",
      "transform_matrix": [
        [
          0.891289,
          0.198662,
          -0.407601,
          3.007015
        ],
        [
          0.452557,
          -0.445699,
          0.772363,
          2.222229
        ],
        [
          -0.028228,
          -0.872861,
          -0.487152,
          1.344807
        ],
        [
          0.0,
          0.0,
          0.0,
          1.0
        ]
      ]
    },
    {
      "file_path": "/media/NFS/ttao/scannet/posed_images/scene0364_00/00089.jpg",
      "transform_matrix": [
        [
          0.871403,
          0.196012,
          -0.449707,
          3.059894
        ],
        [
          0.486931,
          -0.457017,
          0.744334,
          2.267326
        ],
        [
          -0.059625,
          -0.867591,
          -0.493691,
          1.341879
        ],
        [
          0.0,
          0.0,
          0.0,
          1.0
        ]
      ]
    },
    {
      "file_path": "/media/NFS/ttao/scannet/posed_images/scene0364_00/00096.jpg",
      "transform_matrix": [
        [
          0.815388,
          0.250386,
          -0.521968,
          3.132509
        ],
        [
          0.574395,
          -0.462369,
          0.675489,
          2.334126
        ],
        [
          -0.072209,
          -0.850601,
          -0.520831,
          1.35061
        ],
        [
          0.0,
          0.0,
          0.0,
          1.0
        ]
      ]
    },
    {
      "file_path": "/media/NFS/ttao/scannet/posed_images/scene0364_00/00100.jpg",
      "transform_matrix": [
        [
          0.794096,
          0.281066,
          -0.538901,
          3.160141
        ],
        [
          0.60466,
          -0.455229,
          0.653569,
          2.351678
        ],
        [
          -0.061628,
          -0.844848,
          -0.531445,
          1.34954
        ],
        [
          0.0,
          0.0,
          0.0,
          1.0
        ]
      ]
    },
    {
      "file_path": "/media/NFS/ttao/scannet/posed_images/scene0364_00/00106.jpg",
      "transform_matrix": [
        [
          0.747467,
          0.33035,
          -0.576336,
          3.186769
        ],
        [
          0.662884,
          -0.427522,
          0.614662,
          2.375812
        ],
        [
          -0.043343,
          -0.841483,
          -0.538542,
          1.345199
        ],
        [
          0.0,
          0.0,
          0.0,
          1.0
        ]
      ]
    },
    {
      "file_path": "/media/NFS/ttao/scannet/posed_images/scene0364_00/00110.jpg",
      "transform_matrix": [
        [
          0.711947,
          0.36037,
          -0.602715,
          3.205888
        ],
        [
          0.701033,
          -0.414901,
          0.580009,
          2.404492
        ],
        [
          -0.041049,
          -0.835458,
          -0.548019,
          1.349528
        ],
        [
          0.0,
          0.0,
          0.0,
          1.0
        ]
      ]
    },
    {
      "file_path": "/media/NFS/ttao/scannet/posed_images/scene0364_00/00111.jpg",
      "transform_matrix": [
        [
          0.702748,
          0.366292,
          -0.609899,
          3.212721
        ],
        [
          0.710315,
          -0.40942,
          0.572563,
          2.413659
        ],
        [
          -0.03998,
          -0.835587,
          -0.547901,
          1.348586
        ],
        [
          0.0,
          0.0,
          0.0,
          1.0
        ]
      ]
    },
    {
      "file_path": "/media/NFS/ttao/scannet/posed_images/scene0364_00/00118.jpg",
      "transform_matrix": [
        [
          0.671091,
          0.411419,
          -0.616742,
          3.260612
        ],
        [
          0.741362,
          -0.377186,
          0.555079,
          2.496748
        ],
        [
          -0.004256,
          -0.829738,
          -0.558137,
          1.355727
        ],
        [
          0.0,
          0.0,
          0.0,
          1.0
        ]
      ]
    },
    {
      "file_path": "/media/NFS/ttao/scannet/posed_images/scene0364_00/00122.jpg",
      "transform_matrix": [
        [
          0.66157,
          0.414913,
          -0.624638,
          3.28945
        ],
        [
          0.749882,
          -0.364147,
          0.552336,
          2.535472
        ],
        [
          0.001712,
          -0.833813,
          -0.552045,
          1.367061
        ],
        [
          0.0,
          0.0,
          0.0,
          1.0
        ]
      ]
    },
    {
      "file_path": "/media/NFS/ttao/scannet/posed_images/scene0364_00/00129.jpg",
      "transform_matrix": [
        [
          0.626552,
          0.382045,
          -0.679319,
          3.345661
        ],
        [
          0.778955,
          -0.335718,
          0.529643,
          2.597829
        ],
        [
          -0.025712,
          -0.861008,
          -0.50794,
          1.409707
        ],
        [
          0.0,
          0.0,
          0.0,
          1.0
        ]
      ]
    },
    {
      "file_path": "/media/NFS/ttao/scannet/posed_images/scene0364_00/00134.jpg",
      "transform_matrix": [
        [
          0.58851,
          0.36043,
          -0.723703,
          3.39547
        ],
        [
          0.808139,
          -0.288601,
          0.51344,
          2.630595
        ],
        [
          -0.023802,
          -0.887017,
          -0.461122,
          1.452067
        ],
        [
          0.0,
          0.0,
          0.0,
          1.0
        ]
      ]
    },
    {
      "file_path": "/media/NFS/ttao/scannet/posed_images/scene0364_00/00138.jpg",
      "transform_matrix": [
        [
          0.568212,
          0.35588,
          -0.741947,
          3.440849
        ],
        [
          0.822785,
          -0.259625,
          0.505589,
          2.6548
        ],
        [
          -0.012699,
          -0.897744,
          -0.440335,
          1.468435
        ],
        [
          0.0,
          0.0,
          0.0,
          1.0
        ]
      ]
    },
    {
      "file_path": "/media/NFS/ttao/scannet/posed_images/scene0364_00/00144.jpg",
      "transform_matrix": [
        [
          0.593335,
          0.33091,
          -0.733793,
          3.486613
        ],
        [
          0.804817,
          -0.260799,
          0.533154,
          2.685151
        ],
        [
          -0.014947,
          -0.906908,
          -0.421063,
          1.481055
        ],
        [
          0.0,
          0.0,
          0.0,
          1.0
        ]
      ]
    },
    {
      "file_path": "/media/NFS/ttao/scannet/posed_images/scene0364_00/00148.jpg",
      "transform_matrix": [
        [
          0.603988,
          0.309436,
          -0.734471,
          3.500102
        ],
        [
          0.796723,
          -0.258419,
          0.546308,
          2.702177
        ],
        [
          -0.020754,
          -0.915133,
          -0.402617,
          1.496651
        ],
        [
          0.0,
          0.0,
          0.0,
          1.0
        ]
      ]
    },
    {
      "file_path": "/media/NFS/ttao/scannet/posed_images/scene0364_00/00149.jpg",
      "transform_matrix": [
        [
          0.605466,
          0.30469,
          -0.735238,
          3.50163
        ],
        [
          0.795591,
          -0.256242,
          0.548977,
          2.703762
        ],
        [
          -0.021131,
          -0.917335,
          -0.397554,
          1.498707
        ],
        [
          0.0,
          0.0,
          0.0,
          1.0
        ]
      ]
    },
    {
      "file_path": "/media/NFS/ttao/scannet/posed_images/scene0364_00/00155.jpg",
      "transform_matrix": [
        [
          0.620512,
          0.274662,
          -0.734524,
          3.501171
        ],
        [
          0.784196,
          -0.216495,
          0.58152,
          2.704628
        ],
        [
          0.0007,
          -0.936852,
          -0.349727,
          1.524216
        ],
        [
          0.0,
          0.0,
          0.0,
          1.0
        ]
      ]
    },
    {
      "file_path": "/media/NFS/ttao/scannet/posed_images/scene0364_00/00162.jpg",
      "transform_matrix": [
        [
          0.648727,
          0.230123,
          -0.725394,
          3.477449
        ],
        [
          0.760799,
          -0.173079,
          0.625483,
          2.67392
        ],
        [
          0.018388,
          -0.957647,
          -0.287359,
          1.53515
        ],
        [
          0.0,
          0.0,
          0.0,
          1.0
        ]
      ]
    },
    {
      "file_path": "/media/NFS/ttao/scannet/posed_images/scene0364_00/00163.jpg",
      "transform_matrix": [
        [
          0.652361,
          0.224011,
          -0.724047,
          3.47189
        ],
        [
          0.757642,
          -0.167408,
          0.630836,
          2.668272
        ],
        [
          0.020103,
          -0.960101,
          -0.27893,
          1.535899
        ],
        [
          0.0,
          0.0,
          0.0,
          1.0
        ]
      ]
    },
    {
      "file_path": "/media/NFS/ttao/scannet/posed_images/scene0364_00/00172.jpg",
      "transform_matrix": [
        [
          0.696977,
          0.177484,
          -0.694783,
          3.392992
        ],
        [
          0.71703,
          -0.159516,
          0.678545,
          2.582913
        ],
        [
          0.009602,
          -0.97111,
          -0.238441,
          1.54731
        ],
        [
          0.0,
          0.0,
          0.0,
          1.0
        ]
      ]
    },
    {
      "file_path": "/media/NFS/ttao/scannet/posed_images/scene0364_00/00173.jpg",
      "transform_matrix": [
        [
          0.706122,
          0.176384,
          -0.68577,
          3.382534
        ],
        [
          0.707997,
          -0.160122,
          0.687824,
          2.573498
        ],
        [
          0.011514,
          -0.97121,
          -0.237945,
          1.546928
        ],
        [
          0.0,
          0.0,
          0.0,
          1.0
        ]
      ]
    },
    {
      "file_path": "/media/NFS/ttao/scannet/posed_images/scene0364_00/00179.jpg",
      "transform_matrix": [
        [
          0.760439,
          0.15281,
          -0.631176,
          3.330506
        ],
        [
          0.649409,
          -0.181156,
          0.738547,
          2.525401
        ],
        [
          -0.001483,
          -0.97151,
          -0.236994,
          1.547945
        ],
        [
          0.0,
          0.0,
          0.0,
          1.0
        ]
      ]
    },
    {
      "file_path": "/media/NFS/ttao/scannet/posed_images/scene0364_00/00182.jpg",
      "transform_matrix": [
        [
          0.772847,
          0.1375,
          -0.619517,
          3.306095
        ],
        [
          0.634458,
          -0.187554,
          0.749858,
          2.496782
        ],
        [
          -0.013087,
          -0.972583,
          -0.232188,
          1.549751
        ],
        [
          0.0,
          0.0,
          0.0,
          1.0
        ]
      ]
    },
    {
      "file_path": "/media/NFS/ttao/scannet/posed_images/scene0364_00/00187.jpg",
      "transform_matrix": [
        [
          0.785124,
          0.133021,
          -0.604885,
          3.26417
        ],
        [
          0.618788,
          -0.209665,
          0.757062,
          2.447079
        ],
        [
          -0.026118,
          -0.968683,
          -0.246924,
          1.533115
        ],
        [
          0.0,
          0.0,
          0.0,
          1.0
        ]
      ]
    },
    {
      "file_path": "/media/NFS/ttao/scannet/posed_images/scene0364_00/00191.jpg",
      "transform_matrix": [
        [
          0.780468,
          0.138996,
          -0.609549,
          3.221688
        ],
        [
          0.624453,
          -0.220813,
          0.7492,
          2.411603
        ],
        [
          -0.03046,
          -0.965361,
          -0.259134,
          1.517502
        ],
        [
          0.0,
          0.0,
          0.0,
          1.0
        ]
      ]
    },
    {
      "file_path": "/media/NFS/ttao/scannet/posed_images/scene0364_00/00200.jpg",
      "transform_matrix": [
        [
          0.803967,
          0.117914,
          -0.582867,
          3.084565
        ],
        [
          0.59447,
          -0.185033,
          0.78254,
          2.347542
        ],
        [
          -0.015578,
          -0.975633,
          -0.218857,
          1.509356
        ],
        [
          0.0,
          0.0,
          0.0,
          1.0
        ]
      ]
    },
    {
      "file_path": "/media/NFS/ttao/scannet/posed_images/scene0364_00/00204.jpg",
      "transform_matrix": [
        [
          0.82339,
          0.104858,
          -0.557704,
          3.014852
        ],
        [
          0.566399,
          -0.212379,
          0.796296,
          2.322131
        ],
        [
          -0.034947,
          -0.971545,
          -0.234262,
          1.509738
        ],
        [
          0.0,
          0.0,
          0.0,
          1.0
        ]
      ]
    },
    {
      "file_path": "/media/NFS/ttao/scannet/posed_images/scene0364_00/00208.jpg",
      "transform_matrix": [
        [
          0.836176,
          0.109086,
          -0.537503,
          2.95249
        ],
        [
          0.547739,
          -0.216347,
          0.808193,
          2.288266
        ],
        [
          -0.028124,
          -0.970203,
          -0.240655,
          1.509785
        ],
        [
          0.0,
          0.0,
          0.0,
          1.0
        ]
      ]
    },
    {
      "file_path": "/media/NFS/ttao/scannet/posed_images/scene0364_00/00212.jpg",
      "transform_matrix": [
        [
          0.851942,
          0.113188,
          -0.511258,
          2.895294
        ],
        [
          0.523483,
          -0.207838,
          0.826299,
          2.250699
        ],
        [
          -0.012731,
          -0.971592,
          -0.236318,
          1.51451
        ],
        [
          0.0,
          0.0,
          0.0,
          1.0
        ]
      ]
    },
    {
      "file_path": "/media/NFS/ttao/scannet/posed_images/scene0364_00/00215.jpg",
      "transform_matrix": [
        [
          0.864534,
          0.114861,
          -0.489272,
          2.852648
        ],
        [
          0.502573,
          -0.199077,
          0.841302,
          2.213186
        ],
        [
          -0.000769,
          -0.973229,
          -0.229835,
          1.514421
        ],
        [
          0.0,
          0.0,
          0.0,
          1.0
        ]
      ]
    },
    {
      "file_path": "/media/NFS/ttao/scannet/posed_images/scene0364_00/00219.jpg",
      "transform_matrix": [
        [
          0.88093,
          0.10267,
          -0.461975,
          2.80312
        ],
        [
          0.473222,
          -0.200981,
          0.857711,
          2.155325
        ],
        [
          -0.004787,
          -0.9742,
          -0.225636,
          1.508353
        ],
        [
          0.0,
          0.0,
          0.0,
          1.0
        ]
      ]
    },
    {
      "file_path": "/media/NFS/ttao/scannet/posed_images/scene0364_00/00228.jpg",
      "transform_matrix": [
        [
          0.919812,
          0.113698,
          -0.375525,
          2.683661
        ],
        [
          0.392353,
          -0.260954,
          0.882022,
          2.017973
        ],
        [
          0.002289,
          -0.958632,
          -0.284638,
          1.49369
        ],
        [
          0.0,
          0.0,
          0.0,
          1.0
        ]
      ]
    },
    {
      "file_path": "/media/NFS/ttao/scannet/posed_images/scene0364_00/00232.jpg",
      "transform_matrix": [
        [
          0.919538,
          0.137206,
          -0.368274,
          2.650697
        ],
        [
          0.392428,
          -0.269874,
          0.8793,
          1.97975
        ],
        [
          0.021257,
          -0.95307,
          -0.302003,
          1.487812
        ],
        [
          0.0,
          0.0,
          0.0,
          1.0
        ]
      ]
    },
    {
      "file_path": "/media/NFS/ttao/scannet/posed_images/scene0364_00/00236.jpg",
      "transform_matrix": [
        [
          0.921241,
          0.157061,
          -0.355877,
          2.639992
        ],
        [
          0.38695,
          -0.276346,
          0.879718,
          1.961905
        ],
        [
          0.039824,
          -0.948138,
          -0.315355,
          1.484367
        ],
        [
          0.0,
          0.0,
          0.0,
          1.0
        ]
      ]
    },
    {
      "file_path": "/media/NFS/ttao/scannet/posed_images/scene0364_00/00238.jpg",
      "transform_matrix": [
        [
          0.919566,
          0.160485,
          -0.358669,
          2.641077
        ],
        [
          0.390589,
          -0.273718,
          0.878931,
          1.953572
        ],
        [
          0.042881,
          -0.948326,
          -0.314385,
          1.478647
        ],
        [
          0.0,
          0.0,
          0.0,
          1.0
        ]
      ]
    },
    {
      "file_path": "/media/NFS/ttao/scannet/posed_images/scene0364_00/00245.jpg",
      "transform_matrix": [
        [
          0.895071,
          0.186244,
          -0.405169,
          2.66641
        ],
        [
          0.444909,
          -0.311691,
          0.839586,
          1.951278
        ],
        [
          0.03008,
          -0.931752,
          -0.361847,
          1.468513
        ],
        [
          0.0,
          0.0,
          0.0,
          1.0
        ]
      ]
    },
    {
      "file_path": "/media/NFS/ttao/scannet/posed_images/scene0364_00/00250.jpg",
      "transform_matrix": [
        [
          0.866066,
          0.198763,
          -0.458718,
          2.704612
        ],
        [
          0.499791,
          -0.322626,
          0.803817,
          1.962096
        ],
        [
          0.011775,
          -0.925422,
          -0.378755,
          1.464405
        ],
        [
          0.0,
          0.0,
          0.0,
          1.0
        ]
      ]
    },
    {
      "file_path": "/media/NFS/ttao/scannet/posed_images/scene0364_00/00253.jpg",
      "transform_matrix": [
        [
          0.8464,
          0.212398,
          -0.488359,
          2.739127
        ],
        [
          0.532508,
          -0.326282,
          0.781009,
          1.979864
        ],
        [
          0.006542,
          -0.921101,
          -0.389268,
          1.457672
        ],
        [
          0.0,
          0.0,
          0.0,
          1.0
        ]
      ]
    },
    {
      "file_path": "/media/NFS/ttao/scannet/posed_images/scene0364_00/00260.jpg",
      "transform_matrix": [
        [
          0.787265,
          0.254919,
          -0.561454,
          2.83571
        ],
        [
          0.616609,
          -0.321481,
          0.71864,
          2.029816
        ],
        [
          0.002698,
          -0.911957,
          -0.410276,
          1.437203
        ],
        [
          0.0,
          0.0,
          0.0,
          1.0
        ]
      ]
    },
    {
      "file_path": "/media/NFS/ttao/scannet/posed_images/scene0364_00/00262.jpg",
      "transform_matrix": [
        [
          0.772659,
          0.255131,
          -0.581298,
          2.872556
        ],
        [
          0.634821,
          -0.309603,
          0.707918,
          2.050509
        ],
        [
          0.00064,
          -0.915999,
          -0.40118,
          1.43535
        ],
        [
          0.0,
          0.0,
          0.0,
          1.0
        ]
      ]
    },
    {
      "file_path": "/media/NFS/ttao/scannet/posed_images/scene0364_00/00267.jpg",
      "transform_matrix": [
        [
          0.742215,
          0.249158,
          -0.622123,
          2.954437
        ],
        [
          0.669449,
          -0.318451,
          0.671139,
          2.107056
        ],
        [
          -0.030896,
          -0.914609,
          -0.403158,
          1.431612
        ],
        [
          0.0,
          0.0,
          0.0,
          1.0
        ]
      ]
    },
    {
      "file_path": "/media/NFS/ttao/scannet/posed_images/scene0364_00/00272.jpg",
      "transform_matrix": [
        [
          0.690527,
          0.270882,
          -0.670668,
          2.999761
        ],
        [
          0.722081,
          -0.312114,
          0.617401,
          2.149601
        ],
        [
          -0.042082,
          -0.910609,
          -0.411122,
          1.428516
        ],
        [
          0.0,
          0.0,
          0.0,
          1.0
        ]
      ]
    },
    {
      "file_path": "/media/NFS/ttao/scannet/posed_images/scene0364_00/00276.jpg",
      "transform_matrix": [
        [
          0.644431,
          0.299376,
          -0.703621,
          3.031301
        ],
        [
          0.764034,
          -0.289384,
          0.576636,
          2.183705
        ],
        [
          -0.030985,
          -0.909193,
          -0.415221,
          1.41403
        ],
        [
          0.0,
          0.0,
          0.0,
          1.0
        ]
      ]
    },
    {
      "file_path": "/media/NFS/ttao/scannet/posed_images/scene0364_00/00280.jpg",
      "transform_matrix": [
        [
          0.578623,
          0.348032,
          -0.737611,
          3.062467
        ],
        [
          0.815407,
          -0.266265,
          0.514018,
          2.226128
        ],
        [
          -0.017505,
          -0.898875,
          -0.437855,
          1.391036
        ],
        [
          0.0,
          0.0,
          0.0,
          1.0
        ]
      ]
    },
    {
      "file_path": "/media/NFS/ttao/scannet/posed_images/scene0364_00/00287.jpg",
      "transform_matrix": [
        [
          0.47713,
          0.438081,
          -0.761861,
          3.123153
        ],
        [
          0.878831,
          -0.239497,
          0.41267,
          2.324191
        ],
        [
          -0.001681,
          -0.866445,
          -0.49927,
          1.378738
        ],
        [
          0.0,
          0.0,
          0.0,
          1.0
        ]
      ]
    },
    {
      "file_path": "/media/NFS/ttao/scannet/posed_images/scene0364_00/00291.jpg",
      "transform_matrix": [
        [
          0.412468,
          0.433454,
          -0.801242,
          3.18309
        ],
        [
          0.910785,
          -0.214072,
          0.353051,
          2.384865
        ],
        [
          -0.018492,
          -0.875381,
          -0.483081,
          1.381329
        ],
        [
          0.0,
          0.0,
          0.0,
          1.0
        ]
      ]
    },
    {
      "file_path": "/media/NFS/ttao/scannet/posed_images/scene0364_00/00298.jpg",
      "transform_matrix": [
        [
          0.284168,
          0.446564,
          -0.848427,
          3.263388
        ],
        [
          0.958146,
          -0.164302,
          0.234438,
          2.427828
        ],
        [
          -0.034706,
          -0.879537,
          -0.474563,
          1.38451
        ],
        [
          0.0,
          0.0,
          0.0,
          1.0
        ]
      ]
    },
    {
      "file_path": "/media/NFS/ttao/scannet/posed_images/scene0364_00/00300.jpg",
      "transform_matrix": [
        [
          0.236101,
          0.448563,
          -0.862002,
          3.290783
        ],
        [
          0.971101,
          -0.140797,
          0.192716,
          2.442752
        ],
        [
          -0.034921,
          -0.882591,
          -0.468842,
          1.385677
        ],
        [
          0.0,
          0.0,
          0.0,
          1.0
        ]
      ]
    },
    {
      "file_path": "/media/NFS/ttao/scannet/posed_images/scene0364_00/00307.jpg",
      "transform_matrix": [
        [
          0.142433,
          0.456056,
          -0.87848,
          3.364717
        ],
        [
          0.989784,
          -0.071308,
          0.12346,
          2.48572
        ],
        [
          -0.006338,
          -0.88709,
          -0.461553,
          1.388187
        ],
        [
          0.0,
          0.0,
          0.0,
          1.0
        ]
      ]
    },
    {
      "file_path": "/media/NFS/ttao/scannet/posed_images/scene0364_00/00310.jpg",
      "transform_matrix": [
        [
          0.12211,
          0.44907,
          -0.885114,
          3.384999
        ],
        [
          0.992507,
          -0.059101,
          0.106941,
          2.50149
        ],
        [
          -0.004287,
          -0.89154,
          -0.452922,
          1.392354
        ],
        [
          0.0,
          0.0,
          0.0,
          1.0
        ]
      ]
    },
    {
      "file_path": "/media/NFS/ttao/scannet/posed_images/scene0364_00/00314.jpg",
      "transform_matrix": [
        [
          0.108248,
          0.475796,
          -0.872869,
          3.395925
        ],
        [
          0.994115,
          -0.04799,
          0.097125,
          2.499544
        ],
        [
          0.004323,
          -0.878246,
          -0.47819,
          1.383917
        ],
        [
          0.0,
          0.0,
          0.0,
          1.0
        ]
      ]
    },
    {
      "file_path": "/media/NFS/ttao/scannet/posed_images/scene0364_00/00318.jpg",
      "transform_matrix": [
        [
          0.0926,
          0.49744,
          -0.862542,
          3.407349
        ],
        [
          0.995627,
          -0.057006,
          0.074012,
          2.476934
        ],
        [
          -0.012354,
          -0.865624,
          -0.500543,
          1.35354
        ],
        [
          0.0,
          0.0,
          0.0,
          1.0
        ]
      ]
    },
    {
      "file_path": "/media/NFS/ttao/scannet/posed_images/scene0364_00/00325.jpg",
      "transform_matrix": [
        [
          0.115279,
          0.542752,
          -0.831945,
          3.413099
        ],
        [
          0.993303,
          -0.056465,
          0.1008,
          2.435716
        ],
        [
          0.007733,
          -0.837993,
          -0.545626,
          1.315669
        ],
        [
          0.0,
          0.0,
          0.0,
          1.0
        ]
      ]
    },
    {
      "file_path": "/media/NFS/ttao/scannet/posed_images/scene0364_00/00331.jpg",
      "transform_matrix": [
        [
          0.140563,
          0.499012,
          -0.85512,
          3.409354
        ],
        [
          0.99007,
          -0.069295,
          0.122308,
          2.392569
        ],
        [
          0.001778,
          -0.86382,
          -0.503797,
          1.328296
        ],
        [
          0.0,
          0.0,
          0.0,
          1.0
        ]
      ]
    },
    {
      "file_path": "/media/NFS/ttao/scannet/posed_images/scene0364_00/00333.jpg",
      "transform_matrix": [
        [
          0.160213,
          0.481898,
          -0.861456,
          3.401751
        ],
        [
          0.987075,
          -0.081653,
          0.137898,
          2.382196
        ],
        [
          -0.003888,
          -0.872414,
          -0.488752,
          1.345594
        ],
        [
          0.0,
          0.0,
          0.0,
          1.0
        ]
      ]
    },
    {
      "file_path": "/media/NFS/ttao/scannet/posed_images/scene0364_00/00340.jpg",
      "transform_matrix": [
        [
          0.17828,
          0.437363,
          -0.881437,
          3.373936
        ],
        [
          0.983745,
          -0.098816,
          0.149941,
          2.34715
        ],
        [
          -0.021522,
          -0.89384,
          -0.44787,
          1.394489
        ],
        [
          0.0,
          0.0,
          0.0,
          1.0
        ]
      ]
    },
    {
      "file_path": "/media/NFS/ttao/scannet/posed_images/scene0364_00/00345.jpg",
      "transform_matrix": [
        [
          0.167725,
          0.397061,
          -0.902336,
          3.367184
        ],
        [
          0.985804,
          -0.074642,
          0.150395,
          2.345652
        ],
        [
          -0.007636,
          -0.914752,
          -0.403944,
          1.417215
        ],
        [
          0.0,
          0.0,
          0.0,
          1.0
        ]
      ]
    },
    {
      "file_path": "/media/NFS/ttao/scannet/posed_images/scene0364_00/00349.jpg",
      "transform_matrix": [
        [
          0.170592,
          0.375063,
          -0.911168,
          3.35792
        ],
        [
          0.985336,
          -0.068165,
          0.156419,
          2.357453
        ],
        [
          -0.003443,
          -0.92449,
          -0.381191,
          1.436906
        ],
        [
          0.0,
          0.0,
          0.0,
          1.0
        ]
      ]
    },
    {
      "file_path": "/media/NFS/ttao/scannet/posed_images/scene0364_00/00355.jpg",
      "transform_matrix": [
        [
          0.152145,
          0.350812,
          -0.924004,
          3.329917
        ],
        [
          0.988243,
          -0.068307,
          0.136788,
          2.405958
        ],
        [
          -0.015129,
          -0.933951,
          -0.35708,
          1.46031
        ],
        [
          0.0,
          0.0,
          0.0,
          1.0
        ]
      ]
    },
    {
      "file_path": "/media/NFS/ttao/scannet/posed_images/scene0364_00/00359.jpg",
      "transform_matrix": [
        [
          0.109536,
          0.328604,
          -0.938095,
          3.311464
        ],
        [
          0.993851,
          -0.051584,
          0.097977,
          2.451926
        ],
        [
          -0.016195,
          -0.943058,
          -0.332234,
          1.471424
        ],
        [
          0.0,
          0.0,
          0.0,
          1.0
        ]
      ]
    },
    {
      "file_path": "/media/NFS/ttao/scannet/posed_images/scene0364_00/00363.jpg",
      "transform_matrix": [
        [
          0.065018,
          0.32065,
          -0.944964,
          3.283123
        ],
        [
          0.99775,
          -0.036432,
          0.056287,
          2.500332
        ],
        [
          -0.016379,
          -0.946497,
          -0.322297,
          1.483039
        ],
        [
          0.0,
          0.0,
          0.0,
