{
  "frames": [
    {
      "file_path": "/media/NFS/ttao/scannet/posed_images/scene0210_01/00000.jpg",
      "transform_matrix": [
        [
          -0.998386,
          -0.006421,
          -0.056427,
          1.49078
        ],
        [
          0.046972,
          0.465081,
          -0.884021,
          3.583163
        ],
        [
          0.03192,
          -0.885245,
          -0.464028,
          1.343152
        ],
        [
          0.0,
          0.0,
          0.0,
          1.0
        ]
      ]
    },
    {
      "file_path": "/media/NFS/ttao/scannet/posed_images/scene0210_01/00003.jpg",
      "transform_matrix": [
        [
          -0.997945,
          -0.006801,
          -0.063723,
          1.494665
        ],
        [
          0.052763,
          0.477148,
          -0.877237,
          3.581594
        ],
        [
          0.036372,
          -0.878797,
          -0.475809,
          1.339083
        ],
        [
          0.0,
          0.0,
          0.0,
          1.0
        ]
      ]
    },
    {
      "file_path": "/media/NFS/ttao/scannet/posed_images/scene0210_01/00009.jpg",
      "transform_matrix": [
        [
          -0.99651,
          -0.000182,
          -0.083476,
          1.498919
        ],
        [
          0.072446,
          0.494914,
          -0.865917,
          3.578788
        ],
        [
          0.041471,
          -0.868942,
          -0.493173,
          1.333645
        ],
        [
          0.0,
          0.0,
          0.0,
          1.0
        ]
      ]
    },
    {
      "file_path": "/media/NFS/ttao/scannet/posed_images/scene0210_01/00010.jpg",
      "transform_matrix": [
        [
          -0.99597,
          0.005468,
          -0.089517,
          1.500939
        ],
        [
          0.080447,
          0.495678,
          -0.864773,
          3.575442
        ],
        [
          0.039643,
          -0.868489,
          -0.494121,
          1.338248
        ],
        [
          0.0,
          0.0,
          0.0,
          1.0
        ]
      ]
    },
    {
      "file_path": "/media/NFS/ttao/scannet/posed_images/scene0210_01/00016.jpg",
      "transform_matrix": [
        [
          -0.990775,
          0.031294,
          -0.131852,
          1.505329
        ],
        [
          0.1307,
          0.477713,
          -0.868739,
          3.575478
        ],
        [
          0.035801,
          -0.877958,
          -0.477396,
          1.347366
        ],
        [
          0.0,
          0.0,
          0.0,
          1.0
        ]
      ]
    },
    {
      "file_path": "/media/NFS/ttao/scannet/posed_images/scene0210_01/00019.jpg",
      "transform_matrix": [
        [
          -0.986557,
          0.048764,
          -0.155971,
          1.5047
        ],
        [
          0.160527,
          0.467879,
          -0.869092,
          3.578527
        ],
        [
          0.030596,
          -0.882447,
          -0.469417,
          1.349865
        ],
        [
          0.0,
          0.0,
          0.0,
          1.0
        ]
      ]
    },
    {
      "file_path": "/media/NFS/ttao/scannet/posed_images/scene0210_01/00023.jpg",
      "transform_matrix": [
        [
          -0.978136,
          0.062287,
          -0.19842,
          1.504364
        ],
        [
          0.205404,
          0.438672,
          -0.874858,
          3.585081
        ],
        [
          0.032548,
          -0.896486,
          -0.441874,
          1.362935
        ],
        [
          0.0,
          0.0,
          0.0,
          1.0
        ]
      ]
    },
    {
      "file_path": "/media/NFS/ttao/scannet/posed_images/scene0210_01/00029.jpg",
      "transform_matrix": [
        [
          -0.969241,
          0.056322,
          -0.239584,
          1.497481
        ],
        [
          0.242631,
          0.381878,
          -0.891796,
          3.626991
        ],
        [
          0.041264,
          -0.922495,
          -0.383797,
          1.400213
        ],
        [
          0.0,
          0.0,
          0.0,
          1.0
        ]
      ]
    },
    {
      "file_path": "/media/NFS/ttao/scannet/posed_images/scene0210_01/00032.jpg",
      "transform_matrix": [
        [
          -0.967786,
          0.052693,
          -0.2462,
          1.491536
        ],
        [
          0.248411,
          0.359172,
          -0.899604,
          3.65513
        ],
        [
          0.041025,
          -0.931783,
          -0.360691,
          1.429032
        ],
        [
          0.0,
          0.0,
          0.0,
          1.0
        ]
      ]
    },
    {
      "file_path": "/media/NFS/ttao/scannet/posed_images/scene0210_01/00036.jpg",
      "transform_matrix": [
        [
          -0.965109,
          0.058071,
          -0.255331,
          1.482313
        ],
        [
          0.259347,
          0.346505,
          -0.901484,
          3.703747
        ],
        [
          0.036123,
          -0.936249,
          -0.349476,
          1.445807
        ],
        [
          0.0,
          0.0,
          0.0,
          1.0
        ]
      ]
    },
    {
      "file_path": "/media/NFS/ttao/scannet/posed_images/scene0210_01/00038.jpg",
      "transform_matrix": [
        [
          -0.963504,
          0.0624,
          -0.260321,
          1.474467
        ],
        [
          0.265665,
          0.342448,
          -0.901195,
          3.728908
        ],
        [
          0.032912,
          -0.937463,
          -0.346527,
          1.444508
        ],
        [
          0.0,
          0.0,
          0.0,
          1.0
        ]
      ]
    },
    {
      "file_path": "/media/NFS/ttao/scannet/posed_images/scene0210_01/00043.jpg",
      "transform_matrix": [
        [
          -0.961527,
          0.095753,
          -0.257481,
          1.459294
        ],
        [
          0.274227,
          0.390052,
          -0.87901,
          3.777847
        ],
        [
          0.016264,
          -0.9158,
          -0.401304,
          1.417941
        ],
        [
          0.0,
          0.0,
          0.0,
          1.0
        ]
      ]
    },
    {
      "file_path": "/media/NFS/ttao/scannet/posed_images/scene0210_01/00045.jpg",
      "transform_matrix": [
        [
          -0.959834,
          0.113201,
          -0.256719,
          1.451648
        ],
        [
          0.280508,
          0.406266,
          -0.869634,
          3.792828
        ],
        [
          0.005853,
          -0.906716,
          -0.421702,
          1.402884
        ],
        [
          0.0,
          0.0,
          0.0,
          1.0
        ]
      ]
    },
    {
      "file_path": "/media/NFS/ttao/scannet/posed_images/scene0210_01/00052.jpg",
      "transform_matrix": [
        [
          -0.953322,
          0.162086,
          -0.254765,
          1.439175
        ],
        [
          0.301564,
          0.46812,
          -0.830616,
          3.825238
        ],
        [
          -0.015371,
          -0.868672,
          -0.495149,
          1.356811
        ],
        [
          0.0,
          0.0,
          0.0,
          1.0
        ]
      ]
    },
    {
      "file_path": "/media/NFS/ttao/scannet/posed_images/scene0210_01/00056.jpg",
      "transform_matrix": [
        [
          -0.946671,
          0.180577,
          -0.266845,
          1.438902
        ],
        [
          0.321619,
          0.479767,
          -0.816324,
          3.829558
        ],
        [
          -0.019386,
          -0.858613,
          -0.512258,
          1.342279
        ],
        [
          0.0,
          0.0,
          0.0,
          1.0
        ]
      ]
    },
    {
      "file_path": "/media/NFS/ttao/scannet/posed_images/scene0210_01/00057.jpg",
      "transform_matrix": [
        [
          -0.943893,
          0.183653,
          -0.274476,
          1.439405
        ],
        [
          0.329762,
          0.478911,
          -0.813573,
          3.828693
        ],
        [
          -0.017965,
          -0.858438,
          -0.512603,
          1.341103
        ],
        [
          0.0,
          0.0,
          0.0,
          1.0
        ]
      ]
    },
    {
      "file_path": "/media/NFS/ttao/scannet/posed_images/scene0210_01/00061.jpg",
      "transform_matrix": [
        [
          -0.933569,
          0.18802,
          -0.305118,
          1.438866
        ],
        [
          0.358201,
          0.461318,
          -0.811713,
          3.816576
        ],
        [
          -0.011862,
          -0.867084,
          -0.498021,
          1.356801
        ],
        [
          0.0,
          0.0,
          0.0,
          1.0
        ]
      ]
    },
    {
      "file_path": "/media/NFS/ttao/scannet/posed_images/scene0210_01/00066.jpg",
      "transform_matrix": [
        [
          -0.925659,
          0.157661,
          -0.343947,
          1.452135
        ],
        [
          0.378328,
          0.397597,
          -0.835933,
          3.80366
        ],
        [
          0.004958,
          -0.903913,
          -0.427687,
          1.392305
        ],
        [
          0.0,
          0.0,
          0.0,
          1.0
        ]
      ]
    },
    {
      "file_path": "/media/NFS/ttao/scannet/posed_images/scene0210_01/00072.jpg",
      "transform_matrix": [
        [
          -0.910291,
          0.124818,
          -0.394704,
          1.470237
        ],
        [
          0.413107,
          0.335406,
          -0.846667,
          3.793201
        ],
        [
          0.026707,
          -0.933768,
          -0.35688,
          1.430333
        ],
        [
          0.0,
          0.0,
          0.0,
          1.0
        ]
      ]
    },
    {
      "file_path": "/media/NFS/ttao/scannet/posed_images/scene0210_01/00073.jpg",
      "transform_matrix": [
        [
          -0.906425,
          0.134257,
          -0.40046,
          1.473003
        ],
        [
          0.421707,
          0.340592,
          -0.840333,
          3.786999
        ],
        [
          0.023573,
          -0.930576,
          -0.365339,
          1.441119
        ],
        [
          0.0,
          0.0,
          0.0,
          1.0
        ]
      ]
    },
    {
      "file_path": "/media/NFS/ttao/scannet/posed_images/scene0210_01/00079.jpg",
      "transform_matrix": [
        [
          -0.892334,
          0.10377,
          -0.439285,
          1.487133
        ],
        [
          0.449787,
          0.285991,
          -0.846109,
          3.773994
        ],
        [
          0.037831,
          -0.952597,
          -0.301874,
          1.490203
        ],
        [
          0.0,
          0.0,
          0.0,
          1.0
        ]
      ]
    },
    {
      "file_path": "/media/NFS/ttao/scannet/posed_images/scene0210_01/00081.jpg",
      "transform_matrix": [
        [
          -0.888586,
          0.090241,
          -0.449746,
          1.491393
        ],
        [
          0.456357,
          0.273093,
          -0.846853,
          3.772804
        ],
        [
          0.046401,
          -0.957746,
          -0.283848,
          1.504294
        ],
        [
          0.0,
          0.0,
          0.0,
          1.0
        ]
      ]
    },
    {
      "file_path": "/media/NFS/ttao/scannet/posed_images/scene0210_01/00087.jpg",
      "transform_matrix": [
        [
          -0.873237,
          0.072945,
          -0.481806,
          1.503031
        ],
        [
          0.485931,
          0.204328,
          -0.849777,
          3.768792
        ],
        [
          0.036459,
          -0.976181,
          -0.213873,
          1.554236
        ],
        [
          0.0,
          0.0,
          0.0,
          1.0
        ]
      ]
    },
    {
      "file_path": "/media/NFS/ttao/scannet/posed_images/scene0210_01/00088.jpg",
      "transform_matrix": [
        [
          -0.873491,
          0.068485,
          -0.482,
          1.503182
        ],
        [
          0.485635,
          0.192221,
          -0.852766,
          3.7704
        ],
        [
          0.034249,
          -0.978959,
          -0.201162,
          1.562268
        ],
        [
          0.0,
          0.0,
          0.0,
          1.0
        ]
      ]
    },
    {
      "file_path": "/media/NFS/ttao/scannet/posed_images/scene0210_01/00091.jpg",
      "transform_matrix": [
        [
          -0.878064,
          0.050565,
          -0.475864,
          1.506729
        ],
        [
          0.477596,
          0.155114,
          -0.864779,
          3.781868
        ],
        [
          0.030086,
          -0.986602,
          -0.160349,
          1.575384
        ],
        [
          0.0,
          0.0,
          0.0,
          1.0
        ]
      ]
    },
    {
      "file_path": "/media/NFS/ttao/scannet/posed_images/scene0210_01/00098.jpg",
      "transform_matrix": [
        [
          -0.856263,
          0.00388,
          -0.516526,
          1.517475
        ],
        [
          0.514436,
          0.096588,
          -0.852072,
          3.793075
        ],
        [
          0.046585,
          -0.995317,
          -0.084701,
          1.620944
        ],
        [
          0.0,
          0.0,
          0.0,
          1.0
        ]
      ]
    },
    {
      "file_path": "/media/NFS/ttao/scannet/posed_images/scene0210_01/00102.jpg",
      "transform_matrix": [
        [
          -0.851039,
          -0.012735,
          -0.524948,
          1.518456
        ],
        [
          0.522999,
          0.068842,
          -0.849549,
          3.796711
        ],
        [
          0.046957,
          -0.997546,
          -0.051927,
          1.634289
        ],
        [
          0.0,
          0.0,
          0.0,
          1.0
        ]
      ]
    },
    {
      "file_path": "/media/NFS/ttao/scannet/posed_images/scene0210_01/00106.jpg",
      "transform_matrix": [
        [
          -0.844905,
          -0.034849,
          -0.533781,
          1.523043
        ],
        [
          0.532295,
          0.043907,
          -0.845419,
          3.791689
        ],
        [
          0.052899,
          -0.998428,
          -0.018547,
          1.639607
        ],
        [
          0.0,
          0.0,
          0.0,
          1.0
        ]
      ]
    },
    {
      "file_path": "/media/NFS/ttao/scannet/posed_images/scene0210_01/00109.jpg",
      "transform_matrix": [
        [
          -0.840692,
          -0.035102,
          -0.540375,
          1.527065
        ],
        [
          0.539165,
          0.038585,
          -0.841316,
          3.781756
        ],
        [
          0.050382,
          -0.998639,
          -0.013513,
          1.642307
        ],
        [
          0.0,
          0.0,
          0.0,
          1.0
        ]
      ]
    },
    {
      "file_path": "/media/NFS/ttao/scannet/posed_images/scene0210_01/00113.jpg",
      "transform_matrix": [
        [
          -0.845125,
          -0.039985,
          -0.533071,
          1.536656
        ],
        [
          0.532814,
          0.017722,
          -0.846047,
          3.760927
        ],
        [
          0.043276,
          -0.999043,
          0.006327,
          1.640241
        ],
        [
          0.0,
          0.0,
          0.0,
          1.0
        ]
      ]
    },
    {
      "file_path": "/media/NFS/ttao/scannet/posed_images/scene0210_01/00116.jpg",
      "transform_matrix": [
        [
          -0.840721,
          -0.052263,
          -0.53894,
          1.546016
        ],
        [
          0.539738,
          -0.001368,
          -0.841832,
          3.740305
        ],
        [
          0.043259,
          -0.998632,
          0.029358,
          1.63917
        ],
        [
          0.0,
          0.0,
          0.0,
          1.0
        ]
      ]
    },
    {
      "file_path": "/media/NFS/ttao/scannet/posed_images/scene0210_01/00119.jpg",
      "transform_matrix": [
        [
          -0.831669,
          -0.068395,
          -0.551044,
          1.555928
        ],
        [
          0.55364,
          -0.026115,
          -0.832346,
          3.715479
        ],
        [
          0.042537,
          -0.997316,
          0.059585,
          1.642477
        ],
        [
          0.0,
          0.0,
          0.0,
          1.0
        ]
      ]
    },
    {
      "file_path": "/media/NFS/ttao/scannet/posed_images/scene0210_01/00123.jpg",
      "transform_matrix": [
        [
          -0.821496,
          -0.088083,
          -0.56337,
          1.568514
        ],
        [
          0.568426,
          -0.048321,
          -0.821314,
          3.676963
        ],
        [
          0.045121,
          -0.994941,
          0.089764,
          1.638945
        ],
        [
          0.0,
          0.0,
          0.0,
          1.0
        ]
      ]
    },
    {
      "file_path": "/media/NFS/ttao/scannet/posed_images/scene0210_01/00130.jpg",
      "transform_matrix": [
        [
          -0.805024,
          -0.138647,
          -0.576813,
          1.580043
        ],
        [
          0.587076,
          -0.046369,
          -0.808203,
          3.59476
        ],
        [
          0.085309,
          -0.989256,
          0.118724,
          1.629967
        ],
        [
          0.0,
          0.0,
          0.0,
          1.0
        ]
      ]
    },
    {
      "file_path": "/media/NFS/ttao/scannet/posed_images/scene0210_01/00131.jpg",
      "transform_matrix": [
        [
          -0.802513,
          -0.145663,
          -0.57858,
          1.581019
        ],
        [
          0.589297,
          -0.041905,
          -0.806829,
          3.580402
        ],
        [
          0.09328,
          -0.988446,
          0.119468,
          1.631024
        ],
        [
          0.0,
          0.0,
          0.0,
          1.0
        ]
      ]
    },
    {
      "file_path": "/media/NFS/ttao/scannet/posed_images/scene0210_01/00137.jpg",
      "transform_matrix": [
        [
          -0.817705,
          -0.135193,
          -0.559536,
          1.569745
        ],
        [
          0.569455,
          -0.047904,
          -0.820626,
          3.488735
        ],
        [
          0.084139,
          -0.989661,
          0.116158,
          1.615465
        ],
        [
          0.0,
          0.0,
          0.0,
          1.0
        ]
      ]
    },
    {
      "file_path": "/media/NFS/ttao/scannet/posed_images/scene0210_01/00139.jpg",
      "transform_matrix": [
        [
          -0.818108,
          -0.137078,
          -0.558489,
          1.559346
        ],
        [
          0.568753,
          -0.049367,
          -0.821026,
          3.455634
        ],
        [
          0.084973,
          -0.989329,
          0.118351,
          1.613867
        ],
        [
          0.0,
          0.0,
          0.0,
          1.0
        ]
      ]
    },
    {
      "file_path": "/media/NFS/ttao/scannet/posed_images/scene0210_01/00145.jpg",
      "transform_matrix": [
        [
          -0.810004,
          -0.129615,
          -0.571921,
          1.514512
        ],
        [
          0.580394,
          -0.037682,
          -0.813464,
          3.342407
        ],
        [
          0.083886,
          -0.990848,
          0.10575,
          1.642621
        ],
        [
          0.0,
          0.0,
          0.0,
          1.0
        ]
      ]
    },
    {
      "file_path": "/media/NFS/ttao/scannet/posed_images/scene0210_01/00146.jpg",
      "transform_matrix": [
        [
          -0.807838,
          -0.131474,
          -0.574554,
          1.510373
        ],
        [
          0.582654,
          -0.031024,
          -0.812128,
          3.326963
        ],
        [
          0.088949,
          -0.990834,
          0.101666,
          1.647013
        ],
        [
          0.0,
          0.0,
          0.0,
          1.0
        ]
      ]
    },
    {
      "file_path": "/media/NFS/ttao/scannet/posed_images/scene0210_01/00153.jpg",
      "transform_matrix": [
        [
          -0.768788,
          -0.155247,
          -0.620374,
          1.498504
        ],
        [
          0.629622,
          -0.013866,
          -0.776778,
          3.206712
        ],
        [
          0.11199,
          -0.987778,
          0.108407,
          1.654014
        ],
        [
          0.0,
          0.0,
          0.0,
          1.0
        ]
      ]
    },
    {
      "file_path": "/media/NFS/ttao/scannet/posed_images/scene0210_01/00154.jpg",
      "transform_matrix": [
        [
          -0.758662,
          -0.156549,
          -0.632396,
          1.498242
        ],
        [
          0.641673,
          -0.011721,
          -0.766889,
          3.188392
        ],
        [
          0.112643,
          -0.987601,
          0.109346,
          1.655665
        ],
        [
          0.0,
          0.0,
          0.0,
          1.0
        ]
      ]
    },
    {
      "file_path": "/media/NFS/ttao/scannet/posed_images/scene0210_01/00157.jpg",
      "transform_matrix": [
        [
          -0.730735,
          -0.148366,
          -0.666343,
          1.50004
        ],
        [
          0.675428,
          -0.015417,
          -0.737265,
          3.132732
        ],
        [
          0.099112,
          -0.988812,
          0.111476,
          1.661708
        ],
        [
          0.0,
          0.0,
          0.0,
          1.0
        ]
      ]
    },
    {
      "file_path": "/media/NFS/ttao/scannet/posed_images/scene0210_01/00164.jpg",
      "transform_matrix": [
        [
          -0.633547,
          -0.112182,
          -0.765528,
          1.515502
        ],
        [
          0.773203,
          -0.056191,
          -0.631664,
          3.017591
        ],
        [
          0.027846,
          -0.992098,
          0.122339,
          1.689865
        ],
        [
          0.0,
          0.0,
          0.0,
          1.0
        ]
      ]
    },
    {
      "file_path": "/media/NFS/ttao/scannet/posed_images/scene0210_01/00165.jpg",
      "transform_matrix": [
        [
          -0.622681,
          -0.104669,
          -0.775443,
          1.517912
        ],
        [
          0.782266,
          -0.060344,
          -0.620015,
          3.003128
        ],
        [
          0.018103,
          -0.992675,
          0.119454,
          1.693699
        ],
        [
          0.0,
          0.0,
          0.0,
          1.0
        ]
      ]
    },
    {
      "file_path": "/media/NFS/ttao/scannet/posed_images/scene0210_01/00170.jpg",
      "transform_matrix": [
        [
          -0.568959,
          -0.095452,
          -0.816808,
          1.52405
        ],
        [
          0.822274,
          -0.051165,
          -0.566788,
          2.937825
        ],
        [
          0.012308,
          -0.994118,
          0.107598,
          1.70246
        ],
        [
          0.0,
          0.0,
          0.0,
          1.0
        ]
      ]
    },
    {
      "file_path": "/media/NFS/ttao/scannet/posed_images/scene0210_01/00174.jpg",
      "transform_matrix": [
        [
          -0.543586,
          -0.091121,
          -0.834393,
          1.52053
        ],
        [
          0.838763,
          -0.021688,
          -0.544064,
          2.898314
        ],
        [
          0.031479,
          -0.995604,
          0.088218,
          1.694963
        ],
        [
          0.0,
          0.0,
          0.0,
          1.0
        ]
      ]
    },
    {
      "file_path": "/media/NFS/ttao/scannet/posed_images/scene0210_01/00179.jpg",
      "transform_matrix": [
        [
          -0.523403,
          -0.050798,
          -0.85057,
          1.50659
        ],
        [
          0.850869,
          0.02216,
          -0.52491,
          2.866692
        ],
        [
          0.045513,
          -0.998463,
          0.031624,
          1.673271
        ],
        [
          0.0,
          0.0,
          0.0,
          1.0
        ]
      ]
    },
    {
      "file_path": "/media/NFS/ttao/scannet/posed_images/scene0210_01/00180.jpg",
      "transform_matrix": [
        [
          -0.515485,
          -0.035376,
          -0.856168,
          1.50405
        ],
        [
          0.855403,
          0.037758,
          -0.516585,
          2.858841
        ],
        [
          0.050602,
          -0.998661,
          0.010797,
          1.664586
        ],
        [
          0.0,
          0.0,
          0.0,
          1.0
        ]
      ]
    },
    {
      "file_path": "/media/NFS/ttao/scannet/posed_images/scene0210_01/00184.jpg",
      "transform_matrix": [
        [
          -0.4767,
          0.042818,
          -0.878023,
          1.490385
        ],
        [
          0.877733,
          0.078182,
          -0.472729,
          2.833982
        ],
        [
          0.048404,
          -0.996019,
          -0.074853,
          1.636147
        ],
        [
          0.0,
          0.0,
          0.0,
          1.0
        ]
      ]
    },
    {
      "file_path": "/media/NFS/ttao/scannet/posed_images/scene0210_01/00189.jpg",
      "transform_matrix": [
        [
          -0.407168,
          0.150935,
          -0.900796,
          1.483274
        ],
        [
          0.913333,
          0.073958,
          -0.400442,
          2.804858
        ],
        [
          0.006181,
          -0.985773,
          -0.167967,
          1.592854
        ],
        [
          0.0,
          0.0,
          0.0,
          1.0
        ]
      ]
    },
    {
      "file_path": "/media/NFS/ttao/scannet/posed_images/scene0210_01/00193.jpg",
      "transform_matrix": [
        [
          -0.340809,
          0.2172,
          -0.914698,
          1.492401
        ],
        [
          0.940038,
          0.064927,
          -0.334834,
          2.779892
        ],
        [
          -0.013338,
          -0.973965,
          -0.226304,
          1.554544
        ],
        [
          0.0,
          0.0,
          0.0,
          1.0
        ]
      ]
    },
    {
      "file_path": "/media/NFS/ttao/scannet/posed_images/scene0210_01/00196.jpg",
      "transform_matrix": [
        [
          -0.299665,
          0.251679,
          -0.920249,
          1.507625
        ],
        [
          0.95364,
          0.050922,
          -0.296612,
          2.761094
        ],
        [
          -0.02779,
          -0.96647,
          -0.25527,
          1.53062
        ],
        [
          0.0,
          0.0,
          0.0,
          1.0
        ]
      ]
    },
    {
      "file_path": "/media/NFS/ttao/scannet/posed_images/scene0210_01/00200.jpg",
      "transform_matrix": [
        [
          -0.243112,
          0.298744,
          -0.922848,
          1.523771
        ],
        [
          0.968888,
          0.029275,
          -0.245763,
          2.747031
        ],
        [
          -0.046403,
          -0.953884,
          -0.296566,
          1.4946
        ],
        [
          0.0,
          0.0,
          0.0,
          1.0
        ]
      ]
    },
    {
      "file_path": "/media/NFS/ttao/scannet/posed_images/scene0210_01/00206.jpg",
      "transform_matrix": [
        [
          -0.151724,
          0.355081,
          -0.922441,
          1.542308
        ],
        [
          0.98729,
          0.009774,
          -0.158628,
          2.74125
        ],
        [
          -0.04731,
          -0.934784,
          -0.352051,
          1.467819
        ],
        [
          0.0,
          0.0,
          0.0,
          1.0
        ]
      ]
    },
    {
      "file_path": "/media/NFS/ttao/scannet/posed_images/scene0210_01/00211.jpg",
      "transform_matrix": [
        [
          -0.068502,
          0.376589,
          -0.923845,
          1.537349
        ],
        [
          0.995737,
          -0.031523,
          -0.086682,
          2.776976
        ],
        [
          -0.061766,
          -0.925844,
          -0.372824,
          1.454467
        ],
        [
          0.0,
          0.0,
          0.0,
          1.0
        ]
      ]
    },
    {
      "file_path": "/media/NFS/ttao/scannet/posed_images/scene0210_01/00213.jpg",
      "transform_matrix": [
        [
          -0.037852,
          0.378424,
          -0.924858,
          1.535957
        ],
        [
          0.997268,
          -0.044442,
          -0.059,
          2.79249
        ],
        [
          -0.06343,
          -0.924565,
          -0.375708,
          1.452053
        ],
        [
          0.0,
          0.0,
          0.0,
          1.0
        ]
      ]
    },
    {
      "file_path": "/media/NFS/ttao/scannet/posed_images/scene0210_01/00216.jpg",
      "transform_matrix": [
        [
          0.00376,
          0.382076,
          -0.924124,
          1.530564
        ],
        [
          0.997996,
          -0.059809,
          -0.020668,
          2.818445
        ],
        [
          -0.063168,
          -0.922194,
          -0.381535,
          1.451703
        ],
        [
          0.0,
          0.0,
          0.0,
          1.0
        ]
      ]
    },
    {
      "file_path": "/media/NFS/ttao/scannet/posed_images/scene0210_01/00219.jpg",
      "transform_matrix": [
        [
          0.038088,
          0.380922,
          -0.923823,
          1.523495
        ],
        [
          0.997163,
          -0.074564,
          0.010367,
          2.852959
        ],
        [
          -0.064935,
          -0.921596,
          -0.382681,
          1.452997
        ],
        [
          0.0,
          0.0,
          0.0,
          1.0
        ]
      ]
    },
    {
      "file_path": "/media/NFS/ttao/scannet/posed_images/scene0210_01/00223.jpg",
      "transform_matrix": [
        [
          0.06943,
          0.375316,
          -0.924293,
          1.515719
        ],
        [
          0.994677,
          -0.096766,
          0.035425,
          2.898497
        ],
        [
          -0.076144,
          -0.921832,
          -0.380036,
          1.453643
        ],
        [
          0.0,
          0.0,
          0.0,
          1.0
        ]
      ]
    },
    {
      "file_path": "/media/NFS/ttao/scannet/posed_images/scene0210_01/00229.jpg",
      "transform_matrix": [
        [
          0.155761,
          0.373749,
          -0.914358,
          1.50564
        ],
        [
          0.985124,
          -0.126796,
          0.115987,
          2.962994
        ],
        [
          -0.072587,
          -0.918823,
          -0.387938,
          1.439378
        ],
        [
          0.0,
          0.0,
          0.0,
          1.0
        ]
      ]
    },
    {
      "file_path": "/media/NFS/ttao/scannet/posed_images/scene0210_01/00233.jpg",
      "transform_matrix": [
        [
          0.214082,
          0.369268,
          -0.904328,
          1.497264
        ],
        [
          0.973921,
          -0.151912,
          0.168526,
          3.003132
        ],
        [
          -0.075147,
          -0.916823,
          -0.392159,
          1.437114
        ],
        [
          0.0,
          0.0,
          0.0,
          1.0
        ]
      ]
    },
    {
      "file_path": "/media/NFS/ttao/scannet/posed_images/scene0210_01/00237.jpg",
      "transform_matrix": [
        [
          0.281115,
          0.361986,
          -0.888786,
          1.489295
        ],
        [
          0.956332,
          -0.182893,
          0.22799,
          3.045288
        ],
        [
          -0.080023,
          -0.914066,
          -0.397593,
          1.42842
        ],
        [
          0.0,
          0.0,
          0.0,
          1.0
        ]
      ]
    },
    {
      "file_path": "/media/NFS/ttao/scannet/posed_images/scene0210_01/00241.jpg",
      "transform_matrix": [
        [
          0.33462,
          0.355422,
          -0.872757,
          1.476041
        ],
        [
          0.938536,
          -0.20897,
          0.274739,
          3.084493
        ],
        [
          -0.084732,
          -0.911047,
          -0.403501,
          1.426965
        ],
        [
          0.0,
          0.0,
          0.0,
          1.0
        ]
      ]
    },
    {
      "file_path": "/media/NFS/ttao/scannet/posed_images/scene0210_01/00242.jpg",
      "transform_matrix": [
        [
          0.349216,
          0.355672,
          -0.866918,
          1.472439
        ],
        [
          0.933095,
          -0.21683,
          0.286914,
          3.093956
        ],
        [
          -0.085926,
          -0.909111,
          -0.407595,
          1.426123
        ],
        [
          0.0,
          0.0,
          0.0,
          1.0
        ]
      ]
    },
    {
      "file_path": "/media/NFS/ttao/scannet/posed_images/scene0210_01/00248.jpg",
      "transform_matrix": [
        [
          0.438867,
          0.333368,
          -0.834423,
          1.448216
        ],
        [
          0.89464,
          -0.248669,
          0.37119,
          3.138197
        ],
        [
          -0.083753,
          -0.909412,
          -0.407377,
          1.424138
        ],
        [
          0.0,
          0.0,
          0.0,
          1.0
        ]
      ]
    },
    {
      "file_path": "/media/NFS/ttao/scannet/posed_images/scene0210_01/00250.jpg",
      "transform_matrix": [
        [
          0.466338,
          0.322559,
          -0.823702,
          1.438965
        ],
        [
          0.881563,
          -0.246631,
          0.402516,
          3.145066
        ],
        [
          -0.073315,
          -0.913854,
          -0.399369,
          1.424355
        ],
        [
          0.0,
          0.0,
          0.0,
          1.0
        ]
      ]
    },
    {
      "file_path": "/media/NFS/ttao/scannet/posed_images/scene0210_01/00257.jpg",
      "transform_matrix": [
        [
          0.575873,
          0.27531,
          -0.769789,
          1.398838
        ],
        [
          0.814812,
          -0.270119,
          0.512948,
          3.172315
        ],
        [
          -0.066715,
          -0.922627,
          -0.37988,
          1.428923
        ],
        [
          0.0,
          0.0,
          0.0,
          1.0
        ]
      ]
    },
    {
      "file_path": "/media/NFS/ttao/scannet/posed_images/scene0210_01/00258.jpg",
      "transform_matrix": [
        [
          0.589343,
          0.271799,
          -0.760789,
          1.391146
        ],
        [
          0.805206,
          -0.274213,
          0.525785,
          3.175893
        ],
        [
          -0.06571,
          -0.92246,
          -0.380459,
          1.42974
        ],
        [
          0.0,
          0.0,
          0.0,
          1.0
        ]
      ]
    },
    {
      "file_path": "/media/NFS/ttao/scannet/posed_images/scene0210_01/00263.jpg",
      "transform_matrix": [
        [
          0.665389,
          0.245696,
          -0.704905,
          1.357285
        ],
        [
          0.74442,
          -0.288775,
          0.602036,
          3.198754
        ],
        [
          -0.055642,
          -0.925334,
          -0.375049,
          1.438221
        ],
        [
          0.0,
          0.0,
          0.0,
          1.0
        ]
      ]
    },
    {
      "file_path": "/media/NFS/ttao/scannet/posed_images/scene0210_01/00265.jpg",
      "transform_matrix": [
        [
          0.698911,
          0.227609,
          -0.678025,
          1.346249
        ],
        [
          0.713493,
          -0.287526,
          0.63895,
          3.207659
        ],
        [
          -0.049519,
          -0.930335,
          -0.363352,
          1.440333
        ],
        [
          0.0,
          0.0,
          0.0,
          1.0
        ]
      ]
    },
    {
      "file_path": "/media/NFS/ttao/scannet/posed_images/scene0210_01/00270.jpg",
      "transform_matrix": [
        [
          0.765962,
          0.202369,
          -0.610203,
          1.328714
        ],
        [
          0.641743,
          -0.297252,
          0.706971,
          3.24035
        ],
        [
          -0.038315,
          -0.933107,
          -0.357553,
          1.443824
        ],
        [
          0.0,
          0.0,
          0.0,
          1.0
        ]
      ]
    },
    {
      "file_path": "/media/NFS/ttao/scannet/posed_images/scene0210_01/00273.jpg",
      "transform_matrix": [
        [
          0.798436,
          0.188501,
          -0.571811,
          1.322338
        ],
        [
          0.601288,
          -0.298339,
          0.741246,
          3.26398
        ],
        [
          -0.030868,
          -0.935661,
          -0.351548,
          1.447531
        ],
        [
          0.0,
          0.0,
          0.0,
          1.0
        ]
      ]
    },
    {
      "file_path": "/media/NFS/ttao/scannet/posed_images/scene0210_01/00279.jpg",
      "transform_matrix": [
        [
          0.846589,
          0.160517,
          -0.507465,
          1.316417
        ],
        [
          0.531876,
          -0.290745,
          0.795346,
          3.317236
        ],
        [
          -0.019876,
          -0.94324,
          -0.331517,
          1.445735
        ],
        [
          0.0,
          0.0,
          0.0,
          1.0
        ]
      ]
    },
    {
      "file_path": "/media/NFS/ttao/scannet/posed_images/scene0210_01/00281.jpg",
      "transform_matrix": [
        [
          0.85043,
          0.150058,
          -0.504232,
          1.32114
        ],
        [
          0.525632,
          -0.282249,
          0.802525,
          3.344143
        ],
        [
          -0.021893,
          -0.947533,
          -0.318908,
          1.443417
        ],
        [
          0.0,
          0.0,
          0.0,
          1.0
        ]
      ]
    },
    {
      "file_path": "/media/NFS/ttao/scannet/posed_images/scene0210_01/00287.jpg",
      "transform_matrix": [
        [
          0.876344,
          0.102438,
          -0.470668,
          1.315955
        ],
        [
          0.479682,
          -0.274649,
          0.833351,
          3.413365
        ],
        [
          -0.043902,
          -0.956072,
          -0.289825,
          1.457165
        ],
        [
          0.0,
          0.0,
          0.0,
          1.0
        ]
      ]
    },
    {
      "file_path": "/media/NFS/ttao/scannet/posed_images/scene0210_01/00288.jpg",
      "transform_matrix": [
        [
          0.881891,
          0.099241,
          -0.460889,
          1.313728
        ],
        [
          0.469355,
          -0.276919,
          0.838464,
          3.425344
        ],
        [
          -0.044419,
          -0.955755,
          -0.290792,
          1.457485
        ],
        [
          0.0,
          0.0,
          0.0,
          1.0
        ]
      ]
    },
    {
      "file_path": "/media/NFS/ttao/scannet/posed_images/scene0210_01/00295.jpg",
      "transform_matrix": [
        [
          0.927074,
          0.076571,
          -0.366976,
          1.302026
        ],
        [
          0.372772,
          -0.291939,
          0.880802,
          3.513248
        ],
        [
          -0.039691,
          -0.953367,
          -0.299193,
          1.449931
        ],
        [
          0.0,
          0.0,
          0.0,
          1.0
        ]
      ]
    },
    {
      "file_path": "/media/NFS/ttao/scannet/posed_images/scene0210_01/00299.jpg",
      "transform_matrix": [
        [
          0.954853,
          0.06103,
          -0.290741,
          1.289986
        ],
        [
          0.29444,
          -0.324539,
          0.898877,
          3.550868
        ],
        [
          -0.039498,
          -0.943901,
