{
  "frames": [
    {
      "file_path": "/media/NFS/ttao/scannet/posed_images/scene0452_02/00002.jpg",
      "transform_matrix": [
        [
          -0.768841,
          0.204542,
          -0.605844,
          1.930445
        ],
        [
          0.639286,
          0.225058,
          -0.735298,
          2.966379
        ],
        [
          -0.014049,
          -0.952634,
          -0.303794,
          1.399963
        ],
        [
          0.0,
          0.0,
          0.0,
          1.0
        ]
      ]
    },
    {
      "file_path": "/media/NFS/ttao/scannet/posed_images/scene0452_02/00008.jpg",
      "transform_matrix": [
        [
          -0.786889,
          0.183428,
          -0.589203,
          1.921587
        ],
        [
          0.617093,
          0.231681,
          -0.752011,
          2.950706
        ],
        [
          -0.001433,
          -0.955342,
          -0.295499,
          1.415932
        ],
        [
          0.0,
          0.0,
          0.0,
          1.0
        ]
      ]
    },
    {
      "file_path": "/media/NFS/ttao/scannet/posed_images/scene0452_02/00010.jpg",
      "transform_matrix": [
        [
          -0.786114,
          0.170798,
          -0.594013,
          1.917247
        ],
        [
          0.618034,
          0.229028,
          -0.75205,
          2.933796
        ],
        [
          0.007597,
          -0.958318,
          -0.285602,
          1.434045
        ],
        [
          0.0,
          0.0,
          0.0,
          1.0
        ]
      ]
    },
    {
      "file_path": "/media/NFS/ttao/scannet/posed_images/scene0452_02/00018.jpg",
      "transform_matrix": [
        [
          -0.789852,
          0.120642,
          -0.601314,
          1.935459
        ],
        [
          0.612513,
          0.204737,
          -0.763486,
          2.897255
        ],
        [
          0.031003,
          -0.971354,
          -0.235606,
          1.472605
        ],
        [
          0.0,
          0.0,
          0.0,
          1.0
        ]
      ]
    },
    {
      "file_path": "/media/NFS/ttao/scannet/posed_images/scene0452_02/00025.jpg",
      "transform_matrix": [
        [
          -0.768718,
          0.077172,
          -0.634916,
          1.974852
        ],
        [
          0.638688,
          0.14529,
          -0.755625,
          2.855802
        ],
        [
          0.033934,
          -0.986375,
          -0.160976,
          1.51248
        ],
        [
          0.0,
          0.0,
          0.0,
          1.0
        ]
      ]
    },
    {
      "file_path": "/media/NFS/ttao/scannet/posed_images/scene0452_02/00029.jpg",
      "transform_matrix": [
        [
          -0.761076,
          0.055363,
          -0.646297,
          1.992899
        ],
        [
          0.647975,
          0.110788,
          -0.753561,
          2.849792
        ],
        [
          0.029882,
          -0.992301,
          -0.120192,
          1.524282
        ],
        [
          0.0,
          0.0,
          0.0,
          1.0
        ]
      ]
    },
    {
      "file_path": "/media/NFS/ttao/scannet/posed_images/scene0452_02/00032.jpg",
      "transform_matrix": [
        [
          -0.750517,
          0.050283,
          -0.658935,
          2.00331
        ],
        [
          0.660438,
          0.092319,
          -0.745184,
          2.842555
        ],
        [
          0.023362,
          -0.994459,
          -0.102495,
          1.537585
        ],
        [
          0.0,
          0.0,
          0.0,
          1.0
        ]
      ]
    },
    {
      "file_path": "/media/NFS/ttao/scannet/posed_images/scene0452_02/00039.jpg",
      "transform_matrix": [
        [
          -0.733727,
          0.018019,
          -0.679205,
          2.020748
        ],
        [
          0.678614,
          0.068836,
          -0.731262,
          2.838825
        ],
        [
          0.033577,
          -0.997465,
          -0.062735,
          1.572562
        ],
        [
          0.0,
          0.0,
          0.0,
          1.0
        ]
      ]
    },
    {
      "file_path": "/media/NFS/ttao/scannet/posed_images/scene0452_02/00047.jpg",
      "transform_matrix": [
        [
          -0.737103,
          -0.003177,
          -0.675773,
          2.041238
        ],
        [
          0.675777,
          -0.006787,
          -0.737075,
          2.893152
        ],
        [
          -0.002245,
          -0.999972,
          0.00715,
          1.580638
        ],
        [
          0.0,
          0.0,
          0.0,
          1.0
        ]
      ]
    },
    {
      "file_path": "/media/NFS/ttao/scannet/posed_images/scene0452_02/00052.jpg",
      "transform_matrix": [
        [
          -0.742984,
          -0.003387,
          -0.669301,
          2.058474
        ],
        [
          0.668972,
          -0.035486,
          -0.74244,
          2.932917
        ],
        [
          -0.021236,
          -0.999364,
          0.028632,
          1.584659
        ],
        [
          0.0,
          0.0,
          0.0,
          1.0
        ]
      ]
    },
    {
      "file_path": "/media/NFS/ttao/scannet/posed_images/scene0452_02/00059.jpg",
      "transform_matrix": [
        [
          -0.767115,
          0.050305,
          -0.639534,
          2.058043
        ],
        [
          0.640848,
          0.014813,
          -0.767525,
          2.995356
        ],
        [
          -0.029137,
          -0.998624,
          -0.043601,
          1.52649
        ],
        [
          0.0,
          0.0,
          0.0,
          1.0
        ]
      ]
    },
    {
      "file_path": "/media/NFS/ttao/scannet/posed_images/scene0452_02/00060.jpg",
      "transform_matrix": [
        [
          -0.765424,
          0.060958,
          -0.640633,
          2.058184
        ],
        [
          0.643001,
          0.032212,
          -0.765188,
          3.00009
        ],
        [
          -0.026008,
          -0.99762,
          -0.063852,
          1.526041
        ],
        [
          0.0,
          0.0,
          0.0,
          1.0
        ]
      ]
    },
    {
      "file_path": "/media/NFS/ttao/scannet/posed_images/scene0452_02/00067.jpg",
      "transform_matrix": [
        [
          -0.749838,
          0.12663,
          -0.64939,
          2.056893
        ],
        [
          0.661618,
          0.140486,
          -0.736563,
          3.012194
        ],
        [
          -0.002041,
          -0.981951,
          -0.189122,
          1.477779
        ],
        [
          0.0,
          0.0,
          0.0,
          1.0
        ]
      ]
    },
    {
      "file_path": "/media/NFS/ttao/scannet/posed_images/scene0452_02/00072.jpg",
      "transform_matrix": [
        [
          -0.748772,
          0.172385,
          -0.640018,
          2.063711
        ],
        [
          0.662806,
          0.186969,
          -0.725073,
          3.01454
        ],
        [
          -0.005328,
          -0.967123,
          -0.254255,
          1.441366
        ],
        [
          0.0,
          0.0,
          0.0,
          1.0
        ]
      ]
    },
    {
      "file_path": "/media/NFS/ttao/scannet/posed_images/scene0452_02/00077.jpg",
      "transform_matrix": [
        [
          -0.735525,
          0.202187,
          -0.646625,
          2.07478
        ],
        [
          0.677489,
          0.224256,
          -0.700513,
          3.015273
        ],
        [
          0.003375,
          -0.953326,
          -0.301925,
          1.410892
        ],
        [
          0.0,
          0.0,
          0.0,
          1.0
        ]
      ]
    },
    {
      "file_path": "/media/NFS/ttao/scannet/posed_images/scene0452_02/00087.jpg",
      "transform_matrix": [
        [
          -0.712293,
          0.2301,
          -0.663093,
          2.133773
        ],
        [
          0.700414,
          0.294093,
          -0.65033,
          3.009515
        ],
        [
          0.04537,
          -0.927665,
          -0.370646,
          1.368293
        ],
        [
          0.0,
          0.0,
          0.0,
          1.0
        ]
      ]
    },
    {
      "file_path": "/media/NFS/ttao/scannet/posed_images/scene0452_02/00089.jpg",
      "transform_matrix": [
        [
          -0.713588,
          0.232706,
          -0.660787,
          2.147416
        ],
        [
          0.698947,
          0.300564,
          -0.648948,
          3.019263
        ],
        [
          0.047595,
          -0.924937,
          -0.377128,
          1.361844
        ],
        [
          0.0,
          0.0,
          0.0,
          1.0
        ]
      ]
    },
    {
      "file_path": "/media/NFS/ttao/scannet/posed_images/scene0452_02/00094.jpg",
      "transform_matrix": [
        [
          -0.673866,
          0.255566,
          -0.693246,
          2.167781
        ],
        [
          0.736952,
          0.299765,
          -0.605841,
          3.036387
        ],
        [
          0.052979,
          -0.919145,
          -0.390342,
          1.36472
        ],
        [
          0.0,
          0.0,
          0.0,
          1.0
        ]
      ]
    },
    {
      "file_path": "/media/NFS/ttao/scannet/posed_images/scene0452_02/00099.jpg",
      "transform_matrix": [
        [
          -0.6165,
          0.266225,
          -0.74098,
          2.167926
        ],
        [
          0.786639,
          0.248389,
          -0.565245,
          3.054152
        ],
        [
          0.033569,
          -0.931358,
          -0.362555,
          1.389338
        ],
        [
          0.0,
          0.0,
          0.0,
          1.0
        ]
      ]
    },
    {
      "file_path": "/media/NFS/ttao/scannet/posed_images/scene0452_02/00109.jpg",
      "transform_matrix": [
        [
          -0.509406,
          0.222373,
          -0.831297,
          2.158867
        ],
        [
          0.860073,
          0.162925,
          -0.483457,
          3.061435
        ],
        [
          0.027931,
          -0.961252,
          -0.274252,
          1.429968
        ],
        [
          0.0,
          0.0,
          0.0,
          1.0
        ]
      ]
    },
    {
      "file_path": "/media/NFS/ttao/scannet/posed_images/scene0452_02/00114.jpg",
      "transform_matrix": [
        [
          -0.465118,
          0.183017,
          -0.866124,
          2.156013
        ],
        [
          0.884767,
          0.128366,
          -0.448005,
          3.042407
        ],
        [
          0.029188,
          -0.974693,
          -0.221633,
          1.455176
        ],
        [
          0.0,
          0.0,
          0.0,
          1.0
        ]
      ]
    },
    {
      "file_path": "/media/NFS/ttao/scannet/posed_images/scene0452_02/00121.jpg",
      "transform_matrix": [
        [
          -0.413623,
          0.141855,
          -0.899329,
          2.140355
        ],
        [
          0.909981,
          0.096062,
          -0.40337,
          3.023107
        ],
        [
          0.029172,
          -0.985215,
          -0.168818,
          1.491913
        ],
        [
          0.0,
          0.0,
          0.0,
          1.0
        ]
      ]
    },
    {
      "file_path": "/media/NFS/ttao/scannet/posed_images/scene0452_02/00122.jpg",
      "transform_matrix": [
        [
          -0.407373,
          0.134374,
          -0.903322,
          2.138671
        ],
        [
          0.91268,
          0.095207,
          -0.39743,
          3.018679
        ],
        [
          0.032599,
          -0.986346,
          -0.161425,
          1.501267
        ],
        [
          0.0,
          0.0,
          0.0,
          1.0
        ]
      ]
    },
    {
      "file_path": "/media/NFS/ttao/scannet/posed_images/scene0452_02/00129.jpg",
      "transform_matrix": [
        [
          -0.342397,
          0.062129,
          -0.937499,
          2.138719
        ],
        [
          0.938229,
          0.075601,
          -0.337654,
          2.994496
        ],
        [
          0.049898,
          -0.995201,
          -0.084177,
          1.571383
        ],
        [
          0.0,
          0.0,
          0.0,
          1.0
        ]
      ]
    },
    {
      "file_path": "/media/NFS/ttao/scannet/posed_images/scene0452_02/00138.jpg",
      "transform_matrix": [
        [
          -0.248491,
          -0.019073,
          -0.968446,
          2.181314
        ],
        [
          0.968211,
          0.024655,
          -0.248917,
          2.948317
        ],
        [
          0.028625,
          -0.999514,
          0.01234,
          1.606578
        ],
        [
          0.0,
          0.0,
          0.0,
          1.0
        ]
      ]
    },
    {
      "file_path": "/media/NFS/ttao/scannet/posed_images/scene0452_02/00139.jpg",
      "transform_matrix": [
        [
          -0.243455,
          -0.027081,
          -0.969534,
          2.184728
        ],
        [
          0.969694,
          0.014408,
          -0.243897,
          2.94592
        ],
        [
          0.020574,
          -0.999529,
          0.022752,
          1.609311
        ],
        [
          0.0,
          0.0,
          0.0,
          1.0
        ]
      ]
    },
    {
      "file_path": "/media/NFS/ttao/scannet/posed_images/scene0452_02/00144.jpg",
      "transform_matrix": [
        [
          -0.211356,
          -0.020198,
          -0.9772,
          2.202215
        ],
        [
          0.977312,
          -0.018477,
          -0.210998,
          2.935642
        ],
        [
          -0.013794,
          -0.999625,
          0.023645,
          1.621063
        ],
        [
          0.0,
          0.0,
          0.0,
          1.0
        ]
      ]
    },
    {
      "file_path": "/media/NFS/ttao/scannet/posed_images/scene0452_02/00153.jpg",
      "transform_matrix": [
        [
          -0.113964,
          0.043177,
          -0.992546,
          2.219182
        ],
        [
          0.993483,
          0.006886,
          -0.113772,
          2.882959
        ],
        [
          0.001922,
          -0.999044,
          -0.04368,
          1.541123
        ],
        [
          0.0,
          0.0,
          0.0,
          1.0
        ]
      ]
    },
    {
      "file_path": "/media/NFS/ttao/scannet/posed_images/scene0452_02/00159.jpg",
      "transform_matrix": [
        [
          -0.12092,
          0.154336,
          -0.980591,
          2.2159
        ],
        [
          0.992414,
          0.040895,
          -0.115941,
          2.862057
        ],
        [
          0.022207,
          -0.987172,
          -0.15811,
          1.47738
        ],
        [
          0.0,
          0.0,
          0.0,
          1.0
        ]
      ]
    },
    {
      "file_path": "/media/NFS/ttao/scannet/posed_images/scene0452_02/00161.jpg",
      "transform_matrix": [
        [
          -0.12164,
          0.201398,
          -0.971927,
          2.210206
        ],
        [
          0.992169,
          0.052643,
          -0.113265,
          2.855458
        ],
        [
          0.028354,
          -0.978094,
          -0.206225,
          1.463704
        ],
        [
          0.0,
          0.0,
          0.0,
          1.0
        ]
      ]
    },
    {
      "file_path": "/media/NFS/ttao/scannet/posed_images/scene0452_02/00168.jpg",
      "transform_matrix": [
        [
          -0.129072,
          0.29287,
          -0.9474,
          2.205625
        ],
        [
          0.990774,
          0.077896,
          -0.110902,
          2.852711
        ],
        [
          0.041319,
          -0.952974,
          -0.300223,
          1.418814
        ],
        [
          0.0,
          0.0,
          0.0,
          1.0
        ]
      ]
    },
    {
      "file_path": "/media/NFS/ttao/scannet/posed_images/scene0452_02/00173.jpg",
      "transform_matrix": [
        [
          -0.15465,
          0.328691,
          -0.93169,
          2.199451
        ],
        [
          0.986999,
          0.093179,
          -0.130958,
          2.866657
        ],
        [
          0.043769,
          -0.93983,
          -0.338828,
          1.396489
        ],
        [
          0.0,
          0.0,
          0.0,
          1.0
        ]
      ]
    },
    {
      "file_path": "/media/NFS/ttao/scannet/posed_images/scene0452_02/00181.jpg",
      "transform_matrix": [
        [
          -0.24129,
          0.382581,
          -0.891858,
          2.200521
        ],
        [
          0.969864,
          0.127075,
          -0.207883,
          2.916925
        ],
        [
          0.033801,
          -0.915141,
          -0.401714,
          1.35409
        ],
        [
          0.0,
          0.0,
          0.0,
          1.0
        ]
      ]
    },
    {
      "file_path": "/media/NFS/ttao/scannet/posed_images/scene0452_02/00188.jpg",
      "transform_matrix": [
        [
          -0.353987,
          0.39909,
          -0.845825,
          2.196913
        ],
        [
          0.934771,
          0.179907,
          -0.306326,
          3.005736
        ],
        [
          0.029918,
          -0.899089,
          -0.436743,
          1.328009
        ],
        [
          0.0,
          0.0,
          0.0,
          1.0
        ]
      ]
    },
    {
      "file_path": "/media/NFS/ttao/scannet/posed_images/scene0452_02/00193.jpg",
      "transform_matrix": [
        [
          -0.470179,
          0.363675,
          -0.804159,
          2.17233
        ],
        [
          0.881336,
          0.241648,
          -0.40602,
          3.128738
        ],
        [
          0.046664,
          -0.899637,
          -0.434138,
          1.30991
        ],
        [
          0.0,
          0.0,
          0.0,
          1.0
        ]
      ]
    },
    {
      "file_path": "/media/NFS/ttao/scannet/posed_images/scene0452_02/00195.jpg",
      "transform_matrix": [
        [
          -0.499911,
          0.359709,
          -0.787844,
          2.17077
        ],
        [
          0.864741,
          0.257806,
          -0.430997,
          3.15048
        ],
        [
          0.048077,
          -0.896742,
          -0.439935,
          1.309202
        ],
        [
          0.0,
          0.0,
          0.0,
          1.0
        ]
      ]
    },
    {
      "file_path": "/media/NFS/ttao/scannet/posed_images/scene0452_02/00205.jpg",
      "transform_matrix": [
        [
          -0.63031,
          0.343179,
          -0.696375,
          2.112003
        ],
        [
          0.775445,
          0.23516,
          -0.58599,
          3.235759
        ],
        [
          -0.037339,
          -0.909356,
          -0.41434,
          1.333703
        ],
        [
          0.0,
          0.0,
          0.0,
          1.0
        ]
      ]
    },
    {
      "file_path": "/media/NFS/ttao/scannet/posed_images/scene0452_02/00210.jpg",
      "transform_matrix": [
        [
          -0.674803,
          0.320288,
          -0.664873,
          2.071777
        ],
        [
          0.736852,
          0.242235,
          -0.631166,
          3.239377
        ],
        [
          -0.041099,
          -0.915826,
          -0.399466,
          1.330708
        ],
        [
          0.0,
          0.0,
          0.0,
          1.0
        ]
      ]
    },
    {
      "file_path": "/media/NFS/ttao/scannet/posed_images/scene0452_02/00213.jpg",
      "transform_matrix": [
        [
          -0.686204,
          0.302257,
          -0.661638,
          2.041869
        ],
        [
          0.727049,
          0.256399,
          -0.636914,
          3.227647
        ],
        [
          -0.022868,
          -0.918096,
          -0.395697,
          1.324939
        ],
        [
          0.0,
          0.0,
          0.0,
          1.0
        ]
      ]
    },
    {
      "file_path": "/media/NFS/ttao/scannet/posed_images/scene0452_02/00221.jpg",
      "transform_matrix": [
        [
          -0.727288,
          0.231167,
          -0.646231,
          1.899785
        ],
        [
          0.686225,
          0.26159,
          -0.678723,
          3.185724
        ],
        [
          0.012149,
          -0.937087,
          -0.348884,
          1.341055
        ],
        [
          0.0,
          0.0,
          0.0,
          1.0
        ]
      ]
    },
    {
      "file_path": "/media/NFS/ttao/scannet/posed_images/scene0452_02/00225.jpg",
      "transform_matrix": [
        [
          -0.740649,
          0.235624,
          -0.629222,
          1.827467
        ],
        [
          0.671886,
          0.263745,
          -0.692104,
          3.154735
        ],
        [
          0.002877,
          -0.935372,
          -0.353655,
          1.35396
        ],
        [
          0.0,
          0.0,
          0.0,
          1.0
        ]
      ]
    },
    {
      "file_path": "/media/NFS/ttao/scannet/posed_images/scene0452_02/00232.jpg",
      "transform_matrix": [
        [
          -0.760068,
          0.248868,
          -0.600301,
          1.6845
        ],
        [
          0.649077,
          0.245888,
          -0.719888,
          3.126574
        ],
        [
          -0.03155,
          -0.936805,
          -0.348426,
          1.357013
        ],
        [
          0.0,
          0.0,
          0.0,
          1.0
        ]
      ]
    },
    {
      "file_path": "/media/NFS/ttao/scannet/posed_images/scene0452_02/00233.jpg",
      "transform_matrix": [
        [
          -0.763821,
          0.249546,
          -0.595234,
          1.664878
        ],
        [
          0.64466,
          0.249987,
          -0.72244,
          3.12169
        ],
        [
          -0.031481,
          -0.935539,
          -0.351818,
          1.354278
        ],
        [
          0.0,
          0.0,
          0.0,
          1.0
        ]
      ]
    },
    {
      "file_path": "/media/NFS/ttao/scannet/posed_images/scene0452_02/00243.jpg",
      "transform_matrix": [
        [
          -0.86165,
          0.18763,
          -0.471544,
          1.463922
        ],
        [
          0.507499,
          0.314934,
          -0.802036,
          3.083327
        ],
        [
          -0.001981,
          -0.930383,
          -0.366585,
          1.358058
        ],
        [
          0.0,
          0.0,
          0.0,
          1.0
        ]
      ]
    },
    {
      "file_path": "/media/NFS/ttao/scannet/posed_images/scene0452_02/00247.jpg",
      "transform_matrix": [
        [
          -0.878917,
          0.188283,
          -0.43824,
          1.400563
        ],
        [
          0.476848,
          0.325684,
          -0.816422,
          3.062648
        ],
        [
          -0.010991,
          -0.926542,
          -0.376032,
          1.365113
        ],
        [
          0.0,
          0.0,
          0.0,
          1.0
        ]
      ]
    },
    {
      "file_path": "/media/NFS/ttao/scannet/posed_images/scene0452_02/00252.jpg",
      "transform_matrix": [
        [
          -0.904534,
          0.176463,
          -0.388174,
          1.33031
        ],
        [
          0.425712,
          0.321989,
          -0.845631,
          3.035419
        ],
        [
          -0.024235,
          -0.930153,
          -0.366372,
          1.360168
        ],
        [
          0.0,
          0.0,
          0.0,
          1.0
        ]
      ]
    },
    {
      "file_path": "/media/NFS/ttao/scannet/posed_images/scene0452_02/00257.jpg",
      "transform_matrix": [
        [
          -0.929812,
          0.158251,
          -0.332273,
          1.27439
        ],
        [
          0.367383,
          0.345461,
          -0.863531,
          2.997419
        ],
        [
          -0.021868,
          -0.924994,
          -0.379353,
          1.346161
        ],
        [
          0.0,
          0.0,
          0.0,
          1.0
        ]
      ]
    },
    {
      "file_path": "/media/NFS/ttao/scannet/posed_images/scene0452_02/00263.jpg",
      "transform_matrix": [
        [
          -0.958393,
          0.096714,
          -0.268569,
          1.21587
        ],
        [
          0.284951,
          0.379921,
          -0.880036,
          2.953765
        ],
        [
          0.016923,
          -0.919949,
          -0.391672,
          1.326213
        ],
        [
          0.0,
          0.0,
          0.0,
          1.0
        ]
      ]
    },
    {
      "file_path": "/media/NFS/ttao/scannet/posed_images/scene0452_02/00267.jpg",
      "transform_matrix": [
        [
          -0.969194,
          0.088619,
          -0.229805,
          1.17969
        ],
        [
          0.246143,
          0.381753,
          -0.890886,
          2.927941
        ],
        [
          0.008779,
          -0.920006,
          -0.391805,
          1.330222
        ],
        [
          0.0,
          0.0,
          0.0,
          1.0
        ]
      ]
    },
    {
      "file_path": "/media/NFS/ttao/scannet/posed_images/scene0452_02/00275.jpg",
      "transform_matrix": [
        [
          -0.989809,
          0.07686,
          -0.119875,
          1.109933
        ],
        [
          0.141222,
          0.421839,
          -0.895605,
          2.890658
        ],
        [
          -0.018268,
          -0.903407,
          -0.428394,
          1.32118
        ],
        [
          0.0,
          0.0,
          0.0,
          1.0
        ]
      ]
    },
    {
      "file_path": "/media/NFS/ttao/scannet/posed_images/scene0452_02/00282.jpg",
      "transform_matrix": [
        [
          -0.999478,
          -0.016312,
          0.027876,
          1.051708
        ],
        [
          -0.032266,
          0.466226,
          -0.884077,
          2.889614
        ],
        [
          0.001425,
          -0.884515,
          -0.466509,
          1.31382
        ],
        [
          0.0,
          0.0,
          0.0,
          1.0
        ]
      ]
    },
    {
      "file_path": "/media/NFS/ttao/scannet/posed_images/scene0452_02/00284.jpg",
      "transform_matrix": [
        [
          -0.996954,
          -0.044149,
          0.064293,
          1.027741
        ],
        [
          -0.077466,
          0.465012,
          -0.881908,
          2.89333
        ],
        [
          0.009038,
          -0.884203,
          -0.467016,
          1.316392
        ],
        [
          0.0,
          0.0,
          0.0,
          1.0
        ]
      ]
    },
    {
      "file_path": "/media/NFS/ttao/scannet/posed_images/scene0452_02/00292.jpg",
      "transform_matrix": [
        [
          -0.970748,
          -0.142724,
          0.193075,
          0.977813
        ],
        [
          -0.238729,
          0.487923,
          -0.839607,
          2.911214
        ],
        [
          0.025626,
          -0.861139,
          -0.507723,
          1.300177
        ],
        [
          0.0,
          0.0,
          0.0,
          1.0
        ]
      ]
    },
    {
      "file_path": "/media/NFS/ttao/scannet/posed_images/scene0452_02/00297.jpg",
      "transform_matrix": [
        [
          -0.941774,
          -0.195485,
          0.273583,
          0.954013
        ],
        [
          -0.335598,
          0.495941,
          -0.800884,
          2.910077
        ],
        [
          0.020879,
          -0.846066,
          -0.532669,
          1.295636
        ],
        [
          0.0,
          0.0,
          0.0,
          1.0
        ]
      ]
    },
    {
      "file_path": "/media/NFS/ttao/scannet/posed_images/scene0452_02/00302.jpg",
      "transform_matrix": [
        [
          -0.921804,
          -0.205377,
          0.328783,
          0.960673
        ],
        [
          -0.387651,
          0.483451,
          -0.784858,
          2.91866
        ],
        [
          0.002241,
          -0.850938,
          -0.525262,
          1.305233
        ],
        [
          0.0,
          0.0,
          0.0,
          1.0
        ]
      ]
    },
    {
      "file_path": "/media/NFS/ttao/scannet/posed_images/scene0452_02/00310.jpg",
      "transform_matrix": [
        [
          -0.870982,
          -0.283652,
          0.401163,
          1.026363
        ],
        [
          -0.489593,
          0.432791,
          -0.756961,
          2.956249
        ],
        [
          0.041094,
          -0.855707,
          -0.515827,
          1.300523
        ],
        [
          0.0,
          0.0,
          0.0,
          1.0
        ]
      ]
    },
    {
      "file_path": "/media/NFS/ttao/scannet/posed_images/scene0452_02/00315.jpg",
      "transform_matrix": [
        [
          -0.842184,
          -0.327566,
          0.428282,
          1.045992
        ],
        [
          -0.535586,
          0.416546,
          -0.7346,
          2.966681
        ],
        [
          0.062231,
          -0.84805,
          -0.526249,
          1.29724
        ],
        [
          0.0,
          0.0,
          0.0,
          1.0
        ]
      ]
    },
    {
      "file_path": "/media/NFS/ttao/scannet/posed_images/scene0452_02/00320.jpg",
      "transform_matrix": [
        [
          -0.808865,
          -0.358752,
          0.465869,
          1.049292
        ],
        [
          -0.584698,
          0.406976,
          -0.701783,
          2.976633
        ],
        [
          0.062169,
          -0.84004,
          -0.53895,
          1.291332
        ],
        [
          0.0,
          0.0,
          0.0,
          1.0
        ]
      ]
    },
    {
      "file_path": "/media/NFS/ttao/scannet/posed_images/scene0452_02/00327.jpg",
      "transform_matrix": [
        [
          -0.751641,
          -0.40783,
          0.518372,
          1.025813
        ],
        [
          -0.657838,
          0.406585,
          -0.633986,
          2.982321
        ],
        [
          0.047796,
          -0.817535,
          -0.573892,
          1.271515
        ],
        [
          0.0,
          0.0,
          0.0,
          1.0
        ]
      ]
    },
    {
      "file_path": "/media/NFS/ttao/scannet/posed_images/scene0452_02/00329.jpg",
      "transform_matrix": [
        [
          -0.738625,
          -0.416488,
          0.530067,
          1.015505
        ],
        [
          -0.672918,
          0.408659,
          -0.616586,
          2.978994
        ],
        [
          0.040184,
          -0.812118,
          -0.582108,
          1.26935
        ],
        [
          0.0,
          0.0,
          0.0,
          1.0
        ]
      ]
    },
    {
      "file_path": "/media/NFS/ttao/scannet/posed_images/scene0452_02/00336.jpg",
      "transform_matrix": [
        [
          -0.707481,
          -0.434857,
          0.557108,
          0.989142
        ],
        [
          -0.70673,
          0.437257,
          -0.556182,
          2.97562
        ],
        [
          -0.00174,
          -0.787214,
          -0.616678,
          1.265205
        ],
        [
          0.0,
          0.0,
          0.0,
          1.0
        ]
      ]
    },
    {
      "file_path": "/media/NFS/ttao/scannet/posed_images/scene0452_02/00342.jpg",
      "transform_matrix": [
        [
          -0.692068,
          -0.406946,
          0.596185,
          0.980072
        ],
        [
          -0.721825,
          0.393891,
          -0.569051,
          2.976712
        ],
        [
          -0.003259,
          -0.824163,
          -0.566344,
          1.304796
        ],
        [
          0.0,
          0.0,
          0.0,
          1.0
        ]
      ]
    },
    {
      "file_path": "/media/NFS/ttao/scannet/posed_images/scene0452_02/00349.jpg",
      "transform_matrix": [
        [
          -0.673236,
          -0.385807,
          0.630798,
          0.97875
        ],
        [
          -0.739288,
          0.33463,
          -0.584359,
          2.98501
        ],
        [
          0.014366,
          -0.859753,
          -0.510508,
          1.327215
        ],
        [
          0.0,
          0.0,
          0.0,
          1.0
        ]
      ]
    },
    {
      "file_path": "/media/NFS/ttao/scannet/posed_images/scene0452_02/00356.jpg",
      "transform_matrix": [
        [
          -0.665515,
          -0.35725,
          0.655334,
          1.004649
        ],
        [
          -0.746284,
          0.304043,
          -0.592131,
          3.01086
        ],
        [
          0.012289,
          -0.883136,
          -0.468955,
          1.342005
        ],
        [
          0.0,
          0.0,
          0.0,
          1.0
        ]
      ]
    },
    {
      "file_path": "/media/NFS/ttao/scannet/posed_images/scene0452_02/00359.jpg",
      "transform_matrix": [
        [
          -0.661669,
          -0.357555,
          0.659051,
          1.018056
        ],
        [
          -0.749642,
          0.297655,
          -0.591133,
          3.02689
        ],
        [
          0.015192,
          -0.885187,
          -0.464987,
          1.336702
        ],
        [
          0.0,
          0.0,
          0.0,
          1.0
        ]
      ]
    },
    {
      "file_path": "/media/NFS/ttao/scannet/posed_images/scene0452_02/00364.jpg",
      "transform_matrix": [
        [
          -0.651927,
          -0.360027,
          0.667362,
          1.058964
        ],
        [
          -0.757868,
          0.280271,
          -0.589139,
          3.06324
        ],
        [
          0.025063,
          -0.889848,
          -0.455569,
          1.330823
        ],
        [
          0.0,
          0.0,
          0.0,
          1.0
        ]
      ]
    },
    {
      "file_path": "/media/NFS/ttao/scannet/posed_images/scene0452_02/00371.jpg",
      "transform_matrix": [
        [
          -0.656755,
          -0.350295,
          0.667806,
          1.117129
        ],
        [
          -0.752093,
          0.239641,
          -0.613945,
          3.113579
        ],
        [
          0.055028,
          -0.905464,
          -0.42084,
          1.322566
        ],
        [
          0.0,
          0.0,
          0.0,
          1.0
        ]
      ]
    },
    {
      "file_path": "/media/NFS/ttao/scannet/posed_images/scene0452_02/00378.jpg",
      "transform_matrix": [
        [
          -0.706697,
          -0.327713,
          0.627044,
          1.198943
        ],
        [
          -0.703278,
          0.228509,
          -0.673189,
          3.174176
        ],
        [
          0.077327,
          -0.916727,
          -0.39196,
          1.308816
        ],
        [
          0.0,
          0.0,
          0.0,
          1.0
        ]
      ]
    },
    {
      "file_path": "/media/NFS/ttao/scannet/posed_images/scene0452_02/00381.jpg",
      "transform_matrix": [
        [
          -0.723921,
          -0.325441,
          0.608299,
          1.225828
        ],
        [
          -0.68518,
          0.23639,
          -0.688947,
          3.196676
        ],
        [
          0.080416,
          -0.915537,
          -0.394113,
          1.293413
        ],
        [
          0.0,
          0.0,
          0.0,
          1.0
        ]
      ]
    },
    {
      "file_path": "/media/NFS/ttao/scannet/posed_images/scene0452_02/00386.jpg",
      "transform_matrix": [
        [
          -0.738866,
          -0.347539,
          0.577315,
          1.269708
        ],
        [
          -0.666069,
          0.246829,
          -0.703866,
          3.22431
        ],
        [
          0.102123,
          -0.904595,
          -0.413858,
          1.270486
        ],
        [
          0.0,
          0.0,
          0.0,
          1.0
        ]
      ]
    },
    {
      "file_path": "/media/NFS/ttao/scannet/posed_images/scene0452_02/00394.jpg",
      "transform_matrix": [
        [
          -0.725308,
          -0.394944,
          0.563869,
          1.322148
        ],
        [
          -0.676635,
          0.258044,
          -0.689622,
          3.259516
        ],
        [
          0.126859,
          -0.881722,
          -0.454394,
          1.233426
        ],
        [
          0.0,
          0.0,
          0.0,
          1.0
        ]
      ]
    },
    {
      "file_path": "/media/NFS/ttao/scannet/posed_images/scene0452_02/00396.jpg",
      "transform_matrix": [
        [
          -0.719366,
          -0.394484,
          0.571747,
          1.32939
        ],
        [
          -0.683567,
          0.255701,
          -0.683633,
          3.266971
        ],
        [
          0.123486,
          -0.882609,
          -0.453599,
          1.226534
        ],
        [
          0.0,
          0.0,
          0.0,
          1.0
        ]
      ]
    },
    {
      "file_path": "/media/NFS/ttao/scannet/posed_images/scene0452_02/00403.jpg",
      "transform_matrix": [
        [
          -0.698414,
          -0.420204,
          0.57935,
          1.356308
        ],
        [
          -0.706234,
          0.273458,
          -0.653034,
          3.281755
        ],
        [
          0.11598,
          -0.865245,
          -0.48775,
          1.209586
        ],
        [
          0.0,
          0.0,
          0.0,
          1.0
        ]
      ]
    },
    {
      "file_path": "/media/NFS/ttao/scannet/posed_images/scene0452_02/00408.jpg",
      "transform_matrix": [
        [
          -0.686658,
          -0.417573,
          0.595091,
          1.373009
        ],
        [
          -0.719897,
          0.276578,
          -0.636595,
          3.291001
        ],
        [
          0.101236,
          -0.865528,
          -0.490524,
          1.208346
        ],
        [
          0.0,
          0.0,
          0.0,
          1.0
        ]
      ]
    },
    {
      "file_path": "/media/NFS/ttao/scannet/posed_images/scene0452_02/00416.jpg",
      "transform_matrix": [
        [
          -0.677623,
          -0.378191,
          0.630713,
          1.399054
        ],
        [
          -0.733194,
          0.280914,
          -0.619284,
          3.278562
        ],
        [
          0.057032,
          -0.882077,
          -0.467641,
          1.247416
        ],
        [
          0.0,
          0.0,
          0.0,
          1.0
        ]
      ]
    },
    {
      "file_path": "/media/NFS/ttao/scannet/posed_images/scene0452_02/00418.jpg",
      "transform_matrix": [
        [
          -0.682557,
          -0.362158,
          0.634789,
          1.405004
        ],
        [
          -0.729265,
          0.28065,
          -0.624026,
          3.271523
        ],
        [
          0.047842,
          -0.888863,
          -0.455669,
          1.254768
        ],
        [
          0.0,
          0.0,
          0.0,
          1.0
        ]
      ]
    },
    {
      "file_path": "/media/NFS/ttao/scannet/posed_images/scene0452_02/00426.jpg",
      "transform_matrix": [
        [
          -0.675512,
          -0.31226,
          0.667964,
          1.444754
        ],
        [
          -0.737348,
          0.284661,
          -0.612606,
          3.243715
        ],
        [
          0.001149,
          -0.906345,
          -0.422536,
          1.29466
        ],
        [
          0.0,
          0.0,
          0.0,
          1.0
        ]
      ]
    },
    {
      "file_path": "/media/NFS/ttao/scannet/posed_images/scene0452_02/00433.jpg",
      "transform_matrix": [
        [
          -0.653936,
          -0.272809,
          0.70565,
          1.470187
        ],
        [
          -0.756133,
          0.266636,
          -0.597636,
          3.227416
        ],
        [
          -0.025111,
          -0.924381,
