{
  "frames": [
    {
      "file_path": "/media/NFS/ttao/scannet/posed_images/scene0296_01/00000.jpg",
      "transform_matrix": [
        [
          -0.208676,
          -0.109162,
          0.971874,
          4.698131
        ],
        [
          -0.977961,
          0.030311,
          -0.206578,
          3.773619
        ],
        [
          -0.006908,
          -0.993562,
          -0.113081,
          1.510989
        ],
        [
          0.0,
          0.0,
          0.0,
          1.0
        ]
      ]
    },
    {
      "file_path": "/media/NFS/ttao/scannet/posed_images/scene0296_01/00007.jpg",
      "transform_matrix": [
        [
          -0.216927,
          -0.103561,
          0.970679,
          4.700763
        ],
        [
          -0.976157,
          0.030903,
          -0.214854,
          3.759624
        ],
        [
          -0.007746,
          -0.994143,
          -0.107795,
          1.505323
        ],
        [
          0.0,
          0.0,
          0.0,
          1.0
        ]
      ]
    },
    {
      "file_path": "/media/NFS/ttao/scannet/posed_images/scene0296_01/00014.jpg",
      "transform_matrix": [
        [
          -0.191193,
          -0.231668,
          0.953821,
          4.696097
        ],
        [
          -0.981248,
          0.069305,
          -0.179858,
          3.730708
        ],
        [
          -0.024437,
          -0.970323,
          -0.240575,
          1.425663
        ],
        [
          0.0,
          0.0,
          0.0,
          1.0
        ]
      ]
    },
    {
      "file_path": "/media/NFS/ttao/scannet/posed_images/scene0296_01/00026.jpg",
      "transform_matrix": [
        [
          -0.161031,
          -0.398164,
          0.903069,
          4.648454
        ],
        [
          -0.986718,
          0.08477,
          -0.138572,
          3.740599
        ],
        [
          -0.021379,
          -0.913389,
          -0.406526,
          1.339223
        ],
        [
          0.0,
          0.0,
          0.0,
          1.0
        ]
      ]
    },
    {
      "file_path": "/media/NFS/ttao/scannet/posed_images/scene0296_01/00031.jpg",
      "transform_matrix": [
        [
          -0.158434,
          -0.417451,
          0.894781,
          4.604869
        ],
        [
          -0.987327,
          0.075391,
          -0.139648,
          3.76994
        ],
        [
          -0.009163,
          -0.905566,
          -0.424106,
          1.320253
        ],
        [
          0.0,
          0.0,
          0.0,
          1.0
        ]
      ]
    },
    {
      "file_path": "/media/NFS/ttao/scannet/posed_images/scene0296_01/00043.jpg",
      "transform_matrix": [
        [
          -0.120639,
          -0.498437,
          0.858491,
          4.459204
        ],
        [
          -0.992415,
          0.081167,
          -0.092333,
          3.926971
        ],
        [
          -0.023659,
          -0.863118,
          -0.504448,
          1.261097
        ],
        [
          0.0,
          0.0,
          0.0,
          1.0
        ]
      ]
    },
    {
      "file_path": "/media/NFS/ttao/scannet/posed_images/scene0296_01/00053.jpg",
      "transform_matrix": [
        [
          -0.082342,
          -0.527814,
          0.845359,
          4.382465
        ],
        [
          -0.996157,
          0.069,
          -0.05395,
          3.993737
        ],
        [
          -0.029854,
          -0.846553,
          -0.531467,
          1.262801
        ],
        [
          0.0,
          0.0,
          0.0,
          1.0
        ]
      ]
    },
    {
      "file_path": "/media/NFS/ttao/scannet/posed_images/scene0296_01/00060.jpg",
      "transform_matrix": [
        [
          -0.036298,
          -0.522479,
          0.851879,
          4.321657
        ],
        [
          -0.99901,
          0.040915,
          -0.017473,
          4.016022
        ],
        [
          -0.025725,
          -0.85167,
          -0.523447,
          1.271913
        ],
        [
          0.0,
          0.0,
          0.0,
          1.0
        ]
      ]
    },
    {
      "file_path": "/media/NFS/ttao/scannet/posed_images/scene0296_01/00062.jpg",
      "transform_matrix": [
        [
          -0.030015,
          -0.514658,
          0.85687,
          4.300287
        ],
        [
          -0.999228,
          0.037205,
          -0.012656,
          4.015486
        ],
        [
          -0.025366,
          -0.856588,
          -0.515378,
          1.276705
        ],
        [
          0.0,
          0.0,
          0.0,
          1.0
        ]
      ]
    },
    {
      "file_path": "/media/NFS/ttao/scannet/posed_images/scene0296_01/00070.jpg",
      "transform_matrix": [
        [
          0.029755,
          -0.460333,
          0.887247,
          4.243418
        ],
        [
          -0.998497,
          0.027193,
          0.047595,
          4.053272
        ],
        [
          -0.046037,
          -0.887329,
          -0.458832,
          1.320607
        ],
        [
          0.0,
          0.0,
          0.0,
          1.0
        ]
      ]
    },
    {
      "file_path": "/media/NFS/ttao/scannet/posed_images/scene0296_01/00079.jpg",
      "transform_matrix": [
        [
          0.059792,
          -0.401685,
          0.913824,
          4.234153
        ],
        [
          -0.997129,
          0.018578,
          0.073408,
          4.091743
        ],
        [
          -0.046464,
          -0.91559,
          -0.399421,
          1.369199
        ],
        [
          0.0,
          0.0,
          0.0,
          1.0
        ]
      ]
    },
    {
      "file_path": "/media/NFS/ttao/scannet/posed_images/scene0296_01/00086.jpg",
      "transform_matrix": [
        [
          0.062431,
          -0.333285,
          0.940757,
          4.244316
        ],
        [
          -0.997622,
          0.006755,
          0.068598,
          4.153402
        ],
        [
          -0.029218,
          -0.942802,
          -0.33207,
          1.390693
        ],
        [
          0.0,
          0.0,
          0.0,
          1.0
        ]
      ]
    },
    {
      "file_path": "/media/NFS/ttao/scannet/posed_images/scene0296_01/00096.jpg",
      "transform_matrix": [
        [
          0.087173,
          -0.260848,
          0.961436,
          4.281308
        ],
        [
          -0.994619,
          0.031438,
          0.098711,
          4.219278
        ],
        [
          -0.055974,
          -0.964868,
          -0.256704,
          1.462046
        ],
        [
          0.0,
          0.0,
          0.0,
          1.0
        ]
      ]
    },
    {
      "file_path": "/media/NFS/ttao/scannet/posed_images/scene0296_01/00103.jpg",
      "transform_matrix": [
        [
          0.072383,
          -0.203477,
          0.9764,
          4.28441
        ],
        [
          -0.996974,
          0.01308,
          0.076634,
          4.237041
        ],
        [
          -0.028365,
          -0.978992,
          -0.201914,
          1.491633
        ],
        [
          0.0,
          0.0,
          0.0,
          1.0
        ]
      ]
    },
    {
      "file_path": "/media/NFS/ttao/scannet/posed_images/scene0296_01/00115.jpg",
      "transform_matrix": [
        [
          -0.067022,
          -0.142699,
          0.987494,
          4.27382
        ],
        [
          -0.997736,
          0.015149,
          -0.065528,
          4.141988
        ],
        [
          -0.005609,
          -0.98965,
          -0.143391,
          1.526206
        ],
        [
          0.0,
          0.0,
          0.0,
          1.0
        ]
      ]
    },
    {
      "file_path": "/media/NFS/ttao/scannet/posed_images/scene0296_01/00122.jpg",
      "transform_matrix": [
        [
          -0.156966,
          -0.121466,
          0.980106,
          4.254625
        ],
        [
          -0.987581,
          0.012583,
          -0.156604,
          4.059496
        ],
        [
          0.006689,
          -0.992516,
          -0.121933,
          1.534579
        ],
        [
          0.0,
          0.0,
          0.0,
          1.0
        ]
      ]
    },
    {
      "file_path": "/media/NFS/ttao/scannet/posed_images/scene0296_01/00127.jpg",
      "transform_matrix": [
        [
          -0.228633,
          -0.10305,
          0.968043,
          4.247548
        ],
        [
          -0.973494,
          0.018077,
          -0.227996,
          4.027878
        ],
        [
          0.005996,
          -0.994512,
          -0.104451,
          1.540989
        ],
        [
          0.0,
          0.0,
          0.0,
          1.0
        ]
      ]
    },
    {
      "file_path": "/media/NFS/ttao/scannet/posed_images/scene0296_01/00134.jpg",
      "transform_matrix": [
        [
          -0.333331,
          -0.07747,
          0.939622,
          4.24462
        ],
        [
          -0.942582,
          0.049281,
          -0.330318,
          3.987439
        ],
        [
          -0.020716,
          -0.995776,
          -0.089448,
          1.522976
        ],
        [
          0.0,
          0.0,
          0.0,
          1.0
        ]
      ]
    },
    {
      "file_path": "/media/NFS/ttao/scannet/posed_images/scene0296_01/00142.jpg",
      "transform_matrix": [
        [
          -0.442104,
          -0.058326,
          0.895065,
          4.252042
        ],
        [
          -0.895833,
          0.078807,
          -0.437348,
          3.974066
        ],
        [
          -0.045029,
          -0.995182,
          -0.087092,
          1.551524
        ],
        [
          0.0,
          0.0,
          0.0,
          1.0
        ]
      ]
    },
    {
      "file_path": "/media/NFS/ttao/scannet/posed_images/scene0296_01/00151.jpg",
      "transform_matrix": [
        [
          -0.561775,
          -0.05238,
          0.82563,
          4.270138
        ],
        [
          -0.826092,
          0.089205,
          -0.55643,
          3.948146
        ],
        [
          -0.044505,
          -0.994635,
          -0.093383,
          1.52355
        ],
        [
          0.0,
          0.0,
          0.0,
          1.0
        ]
      ]
    },
    {
      "file_path": "/media/NFS/ttao/scannet/posed_images/scene0296_01/00163.jpg",
      "transform_matrix": [
        [
          -0.649455,
          -0.097305,
          0.754149,
          4.314867
        ],
        [
          -0.760104,
          0.110747,
          -0.640294,
          3.955273
        ],
        [
          -0.021215,
          -0.989074,
          -0.145887,
          1.495169
        ],
        [
          0.0,
          0.0,
          0.0,
          1.0
        ]
      ]
    },
    {
      "file_path": "/media/NFS/ttao/scannet/posed_images/scene0296_01/00168.jpg",
      "transform_matrix": [
        [
          -0.662791,
          -0.102289,
          0.741785,
          4.347351
        ],
        [
          -0.748468,
          0.120173,
          -0.652191,
          3.963895
        ],
        [
          -0.022431,
          -0.987469,
          -0.15621,
          1.474458
        ],
        [
          0.0,
          0.0,
          0.0,
          1.0
        ]
      ]
    },
    {
      "file_path": "/media/NFS/ttao/scannet/posed_images/scene0296_01/00178.jpg",
      "transform_matrix": [
        [
          -0.696546,
          -0.14484,
          0.702741,
          4.400313
        ],
        [
          -0.716125,
          0.201202,
          -0.668343,
          3.955526
        ],
        [
          -0.044591,
          -0.968782,
          -0.24387,
          1.436459
        ],
        [
          0.0,
          0.0,
          0.0,
          1.0
        ]
      ]
    },
    {
      "file_path": "/media/NFS/ttao/scannet/posed_images/scene0296_01/00182.jpg",
      "transform_matrix": [
        [
          -0.70999,
          -0.14818,
          0.688445,
          4.420295
        ],
        [
          -0.702224,
          0.222372,
          -0.676337,
          3.947486
        ],
        [
          -0.052871,
          -0.963636,
          -0.261937,
          1.417691
        ],
        [
          0.0,
          0.0,
          0.0,
          1.0
        ]
      ]
    },
    {
      "file_path": "/media/NFS/ttao/scannet/posed_images/scene0296_01/00192.jpg",
      "transform_matrix": [
        [
          -0.756539,
          -0.181178,
          0.628349,
          4.463495
        ],
        [
          -0.652445,
          0.27423,
          -0.706479,
          3.954493
        ],
        [
          -0.044313,
          -0.944443,
          -0.325675,
          1.393408
        ],
        [
          0.0,
          0.0,
          0.0,
          1.0
        ]
      ]
    },
    {
      "file_path": "/media/NFS/ttao/scannet/posed_images/scene0296_01/00204.jpg",
      "transform_matrix": [
        [
          -0.848543,
          -0.182668,
          0.496596,
          4.490634
        ],
        [
          -0.527724,
          0.360466,
          -0.769137,
          4.039131
        ],
        [
          -0.038509,
          -0.914711,
          -0.402269,
          1.362334
        ],
        [
          0.0,
          0.0,
          0.0,
          1.0
        ]
      ]
    },
    {
      "file_path": "/media/NFS/ttao/scannet/posed_images/scene0296_01/00211.jpg",
      "transform_matrix": [
        [
          -0.881237,
          -0.150024,
          0.448235,
          4.508189
        ],
        [
          -0.468331,
          0.405408,
          -0.785055,
          4.083272
        ],
        [
          -0.063941,
          -0.901741,
          -0.427521,
          1.345703
        ],
        [
          0.0,
          0.0,
          0.0,
          1.0
        ]
      ]
    },
    {
      "file_path": "/media/NFS/ttao/scannet/posed_images/scene0296_01/00214.jpg",
      "transform_matrix": [
        [
          -0.890903,
          -0.140985,
          0.431759,
          4.504703
        ],
        [
          -0.448938,
          0.417542,
          -0.790008,
          4.082935
        ],
        [
          -0.068898,
          -0.897654,
          -0.435283,
          1.350178
        ],
        [
          0.0,
          0.0,
          0.0,
          1.0
        ]
      ]
    },
    {
      "file_path": "/media/NFS/ttao/scannet/posed_images/scene0296_01/00228.jpg",
      "transform_matrix": [
        [
          -0.926777,
          -0.080194,
          0.366952,
          4.468315
        ],
        [
          -0.371352,
          0.342343,
          -0.863075,
          4.040437
        ],
        [
          -0.05641,
          -0.936147,
          -0.347055,
          1.389346
        ],
        [
          0.0,
          0.0,
          0.0,
          1.0
        ]
      ]
    },
    {
      "file_path": "/media/NFS/ttao/scannet/posed_images/scene0296_01/00230.jpg",
      "transform_matrix": [
        [
          -0.922833,
          -0.076363,
          0.377554,
          4.463524
        ],
        [
          -0.380784,
          0.328823,
          -0.864222,
          4.026272
        ],
        [
          -0.058154,
          -0.941299,
          -0.332526,
          1.399088
        ],
        [
          0.0,
          0.0,
          0.0,
          1.0
        ]
      ]
    },
    {
      "file_path": "/media/NFS/ttao/scannet/posed_images/scene0296_01/00238.jpg",
      "transform_matrix": [
        [
          -0.901895,
          -0.048067,
          0.429272,
          4.425569
        ],
        [
          -0.426586,
          0.255312,
          -0.867664,
          3.935127
        ],
        [
          -0.067892,
          -0.965663,
          -0.250769,
          1.447838
        ],
        [
          0.0,
          0.0,
          0.0,
          1.0
        ]
      ]
    },
    {
      "file_path": "/media/NFS/ttao/scannet/posed_images/scene0296_01/00252.jpg",
      "transform_matrix": [
        [
          -0.872293,
          -0.026285,
          0.488277,
          4.345565
        ],
        [
          -0.485138,
          0.171503,
          -0.857454,
          3.748593
        ],
        [
          -0.061202,
          -0.984833,
          -0.162353,
          1.511128
        ],
        [
          0.0,
          0.0,
          0.0,
          1.0
        ]
      ]
    },
    {
      "file_path": "/media/NFS/ttao/scannet/posed_images/scene0296_01/00259.jpg",
      "transform_matrix": [
        [
          -0.834915,
          -0.031325,
          0.549487,
          4.327695
        ],
        [
          -0.548506,
          0.129661,
          -0.826032,
          3.675197
        ],
        [
          -0.045372,
          -0.991063,
          -0.125438,
          1.523626
        ],
        [
          0.0,
          0.0,
          0.0,
          1.0
        ]
      ]
    },
    {
      "file_path": "/media/NFS/ttao/scannet/posed_images/scene0296_01/00269.jpg",
      "transform_matrix": [
        [
          -0.855604,
          -0.049498,
          0.515259,
          4.288099
        ],
        [
          -0.517235,
          0.042809,
          -0.854772,
          3.499106
        ],
        [
          0.020252,
          -0.997856,
          -0.06223,
          1.607461
        ],
        [
          0.0,
          0.0,
          0.0,
          1.0
        ]
      ]
    },
    {
      "file_path": "/media/NFS/ttao/scannet/posed_images/scene0296_01/00276.jpg",
      "transform_matrix": [
        [
          -0.8644,
          -0.003879,
          0.502789,
          4.263721
        ],
        [
          -0.502781,
          0.016324,
          -0.86426,
          3.437414
        ],
        [
          -0.004855,
          -0.999859,
          -0.016061,
          1.627889
        ],
        [
          0.0,
          0.0,
          0.0,
          1.0
        ]
      ]
    },
    {
      "file_path": "/media/NFS/ttao/scannet/posed_images/scene0296_01/00283.jpg",
      "transform_matrix": [
        [
          -0.883363,
          -0.008151,
          0.468619,
          4.220577
        ],
        [
          -0.468365,
          -0.02186,
          -0.883264,
          3.366997
        ],
        [
          0.017443,
          -0.999728,
          0.015493,
          1.597897
        ],
        [
          0.0,
          0.0,
          0.0,
          1.0
        ]
      ]
    },
    {
      "file_path": "/media/NFS/ttao/scannet/posed_images/scene0296_01/00285.jpg",
      "transform_matrix": [
        [
          -0.890408,
          -0.007248,
          0.455105,
          4.213882
        ],
        [
          -0.454893,
          -0.020265,
          -0.890315,
          3.34553
        ],
        [
          0.015676,
          -0.999768,
          0.014747,
          1.604104
        ],
        [
          0.0,
          0.0,
          0.0,
          1.0
        ]
      ]
    },
    {
      "file_path": "/media/NFS/ttao/scannet/posed_images/scene0296_01/00300.jpg",
      "transform_matrix": [
        [
          -0.944331,
          0.016006,
          0.328606,
          4.14648
        ],
        [
          -0.328875,
          -0.018814,
          -0.944186,
          3.270318
        ],
        [
          -0.008931,
          -0.999695,
          0.02303,
          1.616852
        ],
        [
          0.0,
          0.0,
          0.0,
          1.0
        ]
      ]
    },
    {
      "file_path": "/media/NFS/ttao/scannet/posed_images/scene0296_01/00302.jpg",
      "transform_matrix": [
        [
          -0.950541,
          0.014049,
          0.310281,
          4.131735
        ],
        [
          -0.310457,
          -0.012839,
          -0.950501,
          3.256885
        ],
        [
          -0.00937,
          -0.999819,
          0.016566,
          1.591424
        ],
        [
          0.0,
          0.0,
          0.0,
          1.0
        ]
      ]
    },
    {
      "file_path": "/media/NFS/ttao/scannet/posed_images/scene0296_01/00309.jpg",
      "transform_matrix": [
        [
          -0.971549,
          0.00356,
          0.236811,
          4.159336
        ],
        [
          -0.236528,
          0.036486,
          -0.970939,
          3.252876
        ],
        [
          -0.012097,
          -0.999328,
          -0.034607,
          1.568213
        ],
        [
          0.0,
          0.0,
          0.0,
          1.0
        ]
      ]
    },
    {
      "file_path": "/media/NFS/ttao/scannet/posed_images/scene0296_01/00324.jpg",
      "transform_matrix": [
        [
          -0.98276,
          -0.024237,
          0.183291,
          4.283686
        ],
        [
          -0.184214,
          0.212866,
          -0.959559,
          3.302452
        ],
        [
          -0.015759,
          -0.976781,
          -0.213661,
          1.447905
        ],
        [
          0.0,
          0.0,
          0.0,
          1.0
        ]
      ]
    },
    {
      "file_path": "/media/NFS/ttao/scannet/posed_images/scene0296_01/00331.jpg",
      "transform_matrix": [
        [
          -0.978856,
          -0.042129,
          0.200164,
          4.280128
        ],
        [
          -0.204254,
          0.2539,
          -0.945418,
          3.329877
        ],
        [
          -0.010992,
          -0.966313,
          -0.257137,
          1.424173
        ],
        [
          0.0,
          0.0,
          0.0,
          1.0
        ]
      ]
    },
    {
      "file_path": "/media/NFS/ttao/scannet/posed_images/scene0296_01/00333.jpg",
      "transform_matrix": [
        [
          -0.97684,
          -0.042033,
          0.2098,
          4.267155
        ],
        [
          -0.213587,
          0.25011,
          -0.944365,
          3.34019
        ],
        [
          -0.012779,
          -0.967305,
          -0.253295,
          1.413227
        ],
        [
          0.0,
          0.0,
          0.0,
          1.0
        ]
      ]
    },
    {
      "file_path": "/media/NFS/ttao/scannet/posed_images/scene0296_01/00343.jpg",
      "transform_matrix": [
        [
          -0.947459,
          -0.14052,
          0.287361,
          4.166672
        ],
        [
          -0.318709,
          0.337947,
          -0.88556,
          3.401696
        ],
        [
          0.027326,
          -0.930616,
          -0.364976,
          1.340991
        ],
        [
          0.0,
          0.0,
          0.0,
          1.0
        ]
      ]
    },
    {
      "file_path": "/media/NFS/ttao/scannet/posed_images/scene0296_01/00355.jpg",
      "transform_matrix": [
        [
          -0.933098,
          -0.155337,
          0.324344,
          4.080601
        ],
        [
          -0.359423,
          0.432856,
          -0.82671,
          3.451453
        ],
        [
          -0.011975,
          -0.887978,
          -0.459729,
          1.261866
        ],
        [
          0.0,
          0.0,
          0.0,
          1.0
        ]
      ]
    },
    {
      "file_path": "/media/NFS/ttao/scannet/posed_images/scene0296_01/00357.jpg",
      "transform_matrix": [
        [
          -0.934221,
          -0.155543,
          0.320994,
          4.073451
        ],
        [
          -0.356086,
          0.45921,
          -0.813836,
          3.45676
        ],
        [
          -0.020817,
          -0.874604,
          -0.48439,
          1.252715
        ],
        [
          0.0,
          0.0,
          0.0,
          1.0
        ]
      ]
    },
    {
      "file_path": "/media/NFS/ttao/scannet/posed_images/scene0296_01/00372.jpg",
      "transform_matrix": [
        [
          -0.944422,
          -0.163693,
          0.285083,
          4.0233
        ],
        [
          -0.328033,
          0.525975,
          -0.784694,
          3.515302
        ],
        [
          -0.021498,
          -0.834599,
          -0.550439,
          1.231034
        ],
        [
          0.0,
          0.0,
          0.0,
          1.0
        ]
      ]
    },
    {
      "file_path": "/media/NFS/ttao/scannet/posed_images/scene0296_01/00374.jpg",
      "transform_matrix": [
        [
          -0.949487,
          -0.161142,
          0.269273,
          4.004375
        ],
        [
          -0.313426,
          0.529225,
          -0.788471,
          3.515408
        ],
        [
          -0.01545,
          -0.83304,
          -0.552998,
          1.227177
        ],
        [
          0.0,
          0.0,
          0.0,
          1.0
        ]
      ]
    },
    {
      "file_path": "/media/NFS/ttao/scannet/posed_images/scene0296_01/00386.jpg",
      "transform_matrix": [
        [
          -0.955587,
          -0.132693,
          0.263146,
          3.895082
        ],
        [
          -0.294207,
          0.481637,
          -0.825511,
          3.417826
        ],
        [
          -0.017201,
          -0.866267,
          -0.499286,
          1.293546
        ],
        [
          0.0,
          0.0,
          0.0,
          1.0
        ]
      ]
    },
    {
      "file_path": "/media/NFS/ttao/scannet/posed_images/scene0296_01/00391.jpg",
      "transform_matrix": [
        [
          -0.934838,
          -0.169862,
          0.311809,
          3.808737
        ],
        [
          -0.354987,
          0.427604,
          -0.831348,
          3.347927
        ],
        [
          0.007884,
          -0.887864,
          -0.460039,
          1.309419
        ],
        [
          0.0,
          0.0,
          0.0,
          1.0
        ]
      ]
    },
    {
      "file_path": "/media/NFS/ttao/scannet/posed_images/scene0296_01/00403.jpg",
      "transform_matrix": [
        [
          -0.937557,
          -0.148228,
          0.314667,
          3.750576
        ],
        [
          -0.346523,
          0.31964,
          -0.881903,
          3.237687
        ],
        [
          0.030143,
          -0.935873,
          -0.351046,
          1.40254
        ],
        [
          0.0,
          0.0,
          0.0,
          1.0
        ]
      ]
    },
    {
      "file_path": "/media/NFS/ttao/scannet/posed_images/scene0296_01/00413.jpg",
      "transform_matrix": [
        [
          -0.959113,
          -0.088654,
          0.268779,
          3.789043
        ],
        [
          -0.28238,
          0.235798,
          -0.929871,
          3.181723
        ],
        [
          0.019059,
          -0.96775,
          -0.251191,
          1.487495
        ],
        [
          0.0,
          0.0,
          0.0,
          1.0
        ]
      ]
    },
    {
      "file_path": "/media/NFS/ttao/scannet/posed_images/scene0296_01/00420.jpg",
      "transform_matrix": [
        [
          -0.978451,
          -0.029543,
          0.204353,
          3.850959
        ],
        [
          -0.206394,
          0.16802,
          -0.963935,
          3.156327
        ],
        [
          -0.005858,
          -0.985341,
          -0.170497,
          1.529923
        ],
        [
          0.0,
          0.0,
          0.0,
          1.0
        ]
      ]
    },
    {
      "file_path": "/media/NFS/ttao/scannet/posed_images/scene0296_01/00425.jpg",
      "transform_matrix": [
        [
          -0.989807,
          -0.008709,
          0.142149,
          3.888819
        ],
        [
          -0.142064,
          0.130475,
          -0.981221,
          3.138646
        ],
        [
          -0.010001,
          -0.991413,
          -0.130383,
          1.554343
        ],
        [
          0.0,
          0.0,
          0.0,
          1.0
        ]
      ]
    },
    {
      "file_path": "/media/NFS/ttao/scannet/posed_images/scene0296_01/00437.jpg",
      "transform_matrix": [
        [
          -0.999871,
          -0.012906,
          0.009589,
          3.941887
        ],
        [
          -0.010263,
          0.053255,
          -0.998528,
          3.169082
        ],
        [
          0.012376,
          -0.998498,
          -0.053381,
          1.595241
        ],
        [
          0.0,
          0.0,
          0.0,
          1.0
        ]
      ]
    },
    {
      "file_path": "/media/NFS/ttao/scannet/posed_images/scene0296_01/00439.jpg",
      "transform_matrix": [
        [
          -0.999869,
          -0.003504,
          -0.015778,
          3.947568
        ],
        [
          0.01556,
          0.055182,
          -0.998355,
          3.18142
        ],
        [
          0.004369,
          -0.99847,
          -0.05512,
          1.587552
        ],
        [
          0.0,
          0.0,
          0.0,
          1.0
        ]
      ]
    },
    {
      "file_path": "/media/NFS/ttao/scannet/posed_images/scene0296_01/00446.jpg",
      "transform_matrix": [
        [
          -0.995637,
          0.028465,
          -0.088866,
          3.997674
        ],
        [
          0.090565,
          0.065346,
          -0.993744,
          3.259428
        ],
        [
          -0.02248,
          -0.997457,
          -0.067639,
          1.575753
        ],
        [
          0.0,
          0.0,
          0.0,
          1.0
        ]
      ]
    },
    {
      "file_path": "/media/NFS/ttao/scannet/posed_images/scene0296_01/00453.jpg",
      "transform_matrix": [
        [
          -0.987295,
          0.096714,
          -0.126077,
          4.054127
        ],
        [
          0.136003,
          0.104014,
          -0.985233,
          3.323034
        ],
        [
          -0.082172,
          -0.989862,
          -0.115846,
          1.546083
        ],
        [
          0.0,
          0.0,
          0.0,
          1.0
        ]
      ]
    },
    {
      "file_path": "/media/NFS/ttao/scannet/posed_images/scene0296_01/00468.jpg",
      "transform_matrix": [
        [
          -0.96874,
          0.114648,
          -0.219999,
          4.114399
        ],
        [
          0.239684,
          0.203787,
          -0.949222,
          3.412167
        ],
        [
          -0.063993,
          -0.972279,
          -0.224896,
          1.440365
        ],
        [
          0.0,
          0.0,
          0.0,
          1.0
        ]
      ]
    },
    {
      "file_path": "/media/NFS/ttao/scannet/posed_images/scene0296_01/00473.jpg",
      "transform_matrix": [
        [
          -0.955386,
          0.140891,
          -0.259591,
          4.188576
        ],
        [
          0.287394,
          0.240692,
          -0.927077,
          3.432813
        ],
        [
          -0.068136,
          -0.960321,
          -0.270445,
          1.420541
        ],
        [
          0.0,
          0.0,
          0.0,
          1.0
        ]
      ]
    },
    {
      "file_path": "/media/NFS/ttao/scannet/posed_images/scene0296_01/00477.jpg",
      "transform_matrix": [
        [
          -0.944226,
          0.173402,
          -0.279944,
          4.217888
        ],
        [
          0.319027,
          0.271038,
          -0.908163,
          3.456625
        ],
        [
          -0.081601,
          -0.946821,
          -0.311241,
          1.387318
        ],
        [
          0.0,
          0.0,
          0.0,
          1.0
        ]
      ]
    },
    {
      "file_path": "/media/NFS/ttao/scannet/posed_images/scene0296_01/00492.jpg",
      "transform_matrix": [
        [
          -0.867881,
          0.267448,
          -0.418633,
          4.219231
        ],
        [
          0.491218,
          0.336369,
          -0.803468,
          3.409508
        ],
        [
          -0.074071,
          -0.902955,
          -0.423304,
          1.37703
        ],
        [
          0.0,
          0.0,
          0.0,
          1.0
        ]
      ]
    },
    {
      "file_path": "/media/NFS/ttao/scannet/posed_images/scene0296_01/00499.jpg",
      "transform_matrix": [
        [
          -0.820281,
          0.279754,
          -0.498875,
          4.15195
        ],
        [
          0.566536,
          0.277568,
          -0.775882,
          3.361608
        ],
        [
          -0.078584,
          -0.919072,
          -0.386174,
          1.37498
        ],
        [
          0.0,
          0.0,
          0.0,
          1.0
        ]
      ]
    },
    {
      "file_path": "/media/NFS/ttao/scannet/posed_images/scene0296_01/00504.jpg",
      "transform_matrix": [
        [
          -0.79106,
          0.291566,
          -0.537785,
          4.141033
        ],
        [
          0.606595,
          0.260102,
          -0.751259,
          3.288828
        ],
        [
          -0.079163,
          -0.920509,
          -0.382619,
          1.403838
        ],
        [
          0.0,
          0.0,
          0.0,
          1.0
        ]
      ]
    },
    {
      "file_path": "/media/NFS/ttao/scannet/posed_images/scene0296_01/00511.jpg",
      "transform_matrix": [
        [
          -0.753521,
          0.293788,
          -0.588128,
          4.125545
        ],
        [
          0.655856,
          0.274189,
          -0.70333,
          3.220735
        ],
        [
          -0.045372,
          -0.915701,
          -0.39929,
          1.402009
        ],
        [
          0.0,
          0.0,
          0.0,
          1.0
        ]
      ]
    },
    {
      "file_path": "/media/NFS/ttao/scannet/posed_images/scene0296_01/00523.jpg",
      "transform_matrix": [
        [
          -0.664156,
          0.292529,
          -0.687985,
          4.169592
        ],
        [
          0.747324,
          0.235039,
          -0.621502,
          3.087682
        ],
        [
          -0.020104,
          -0.926921,
          -0.374716,
          1.395217
        ],
        [
          0.0,
          0.0,
          0.0,
          1.0
        ]
      ]
    },
    {
      "file_path": "/media/NFS/ttao/scannet/posed_images/scene0296_01/00525.jpg",
      "transform_matrix": [
        [
          -0.641694,
          0.305312,
          -0.703572,
          4.180802
        ],
        [
          0.766573,
          0.226147,
          -0.601019,
          3.061556
        ],
        [
          -0.024388,
          -0.925009,
          -0.379161,
          1.400526
        ],
        [
          0.0,
          0.0,
          0.0,
          1.0
        ]
      ]
    },
    {
      "file_path": "/media/NFS/ttao/scannet/posed_images/scene0296_01/00535.jpg",
      "transform_matrix": [
        [
          -0.526432,
          0.353949,
          -0.773039,
          4.227104
        ],
        [
          0.850155,
          0.208195,
          -0.483622,
          2.933956
        ],
        [
          -0.010235,
          -0.911798,
          -0.410512,
          1.380172
        ],
        [
          0.0,
          0.0,
          0.0,
          1.0
        ]
      ]
    },
    {
      "file_path": "/media/NFS/ttao/scannet/posed_images/scene0296_01/00545.jpg",
      "transform_matrix": [
        [
          -0.497773,
          0.383248,
          -0.778038,
          4.222818
        ],
        [
          0.867296,
          0.215279,
          -0.448835,
          2.823851
        ],
        [
          -0.00452,
          -0.898207,
          -0.439549,
          1.360001
        ],
        [
          0.0,
          0.0,
          0.0,
          1.0
        ]
      ]
    },
    {
      "file_path": "/media/NFS/ttao/scannet/posed_images/scene0296_01/00549.jpg",
      "transform_matrix": [
        [
          -0.484314,
          0.38408,
          -0.78608,
          4.211265
        ],
        [
          0.874705,
          0.193866,
          -0.444194,
          2.771308
        ],
        [
          -0.018212,
          -0.902717,
          -0.429849,
          1.349221
        ],
        [
          0.0,
          0.0,
          0.0,
          1.0
        ]
      ]
    },
    {
      "file_path": "/media/NFS/ttao/scannet/posed_images/scene0296_01/00564.jpg",
      "transform_matrix": [
        [
          -0.398701,
          0.364523,
          -0.841523,
          4.134121
        ],
        [
          0.917081,
          0.157319,
          -0.366353,
          2.571849
        ],
        [
          -0.001156,
          -0.917809,
          -0.39702,
          1.410616
        ],
        [
          0.0,
          0.0,
          0.0,
          1.0
        ]
      ]
    },
    {
      "file_path": "/media/NFS/ttao/scannet/posed_images/scene0296_01/00571.jpg",
      "transform_matrix": [
        [
          -0.371898,
          0.312599,
          -0.874056,
          4.118105
        ],
        [
          0.928252,
          0.131729,
          -0.347845,
          2.469654
        ],
        [
          0.006402,
          -0.940707,
          -0.339161,
          1.447448
        ],
        [
          0.0,
          0.0,
          0.0,
          1.0
        ]
      ]
    },
    {
      "file_path": "/media/NFS/ttao/scannet/posed_images/scene0296_01/00573.jpg",
      "transform_matrix": [
        [
          -0.371062,
          0.304322,
          -0.877326,
          4.105278
        ],
        [
          0.928608,
          0.121492,
          -0.350609,
          2.465066
        ],
        [
          -0.00011,
          -0.94479,
          -0.327677,
          1.455608
        ],
        [
          0.0,
          0.0,
          0.0,
          1.0
        ]
      ]
    },
    {
      "file_path": "/media/NFS/ttao/scannet/posed_images/scene0296_01/00583.jpg",
      "transform_matrix": [
        [
          -0.397944,
          0.252245,
          -0.882051,
          4.051808
        ],
        [
          0.917042,
          0.082162,
          -0.390235,
          2.435062
        ],
        [
          -0.025963,
          -0.964169,
          -0.264015,
          1.500888
        ],
        [
          0.0,
          0.0,
          0.0,
          1.0
        ]
      ]
    },
    {
      "file_path": "/media/NFS/ttao/scannet/posed_images/scene0296_01/00590.jpg",
      "transform_matrix": [
        [
          -0.427103,
          0.213859,
          -0.878548,
          4.020076
        ],
        [
          0.90294,
          0.049547,
          -0.4269,
          2.453503
        ],
        [
          -0.047767,
          -0.975607,
          -0.214264,
          1.503438
        ],
        [
          0.0,
          0.0,
          0.0,
          1.0
        ]
      ]
    },
    {
      "file_path": "/media/NFS/ttao/scannet/posed_images/scene0296_01/00600.jpg",
      "transform_matrix": [
        [
          -0.528907,
          0.175759,
          -0.83028,
          3.914011
        ],
        [
          0.846509,
          0.039326,
          -0.53092,
          2.590116
        ],
        [
          -0.060662,
          -0.983647,
          -0.169582,
          1.519118
        ],
        [
          0.0,
          0.0,
          0.0,
          1.0
        ]
      ]
    },
    {
      "file_path": "/media/NFS/ttao/scannet/posed_images/scene0296_01/00612.jpg",
      "transform_matrix": [
        [
          -0.619629,
          0.13427,
          -0.773324,
          3.849444
        ],
        [
          0.780937,
          0.006646,
          -0.624575,
          2.771262
        ],
        [
          -0.078722,
          -0.990923,
          -0.108975,
          1.580312
        ],
        [
          0.0,
          0.0,
          0.0,
          1.0
        ]
      ]
    },
    {
      "file_path": "/media/NFS/ttao/scannet/posed_images/scene0296_01/00617.jpg",
      "transform_matrix": [
        [
          -0.654227,
          0.100453,
          -0.749597,
          3.868429
        ],
        [
          0.752404,
          -0.013993,
          -0.658553,
          2.828733
