{
  "frames": [
    {
      "file_path": "/media/NFS/ttao/scannet/posed_images/scene0128_00/00000.jpg",
      "transform_matrix": [
        [
          -0.971613,
          -0.06682,
          0.226943,
          2.775299
        ],
        [
          -0.235147,
          0.378036,
          -0.89543,
          4.618156
        ],
        [
          -0.02596,
          -0.923376,
          -0.383017,
          1.427592
        ],
        [
          0.0,
          0.0,
          0.0,
          1.0
        ]
      ]
    },
    {
      "file_path": "/media/NFS/ttao/scannet/posed_images/scene0128_00/00006.jpg",
      "transform_matrix": [
        [
          -0.963762,
          -0.06996,
          0.257429,
          2.766101
        ],
        [
          -0.264171,
          0.384561,
          -0.884493,
          4.605406
        ],
        [
          -0.037118,
          -0.920445,
          -0.389106,
          1.421297
        ],
        [
          0.0,
          0.0,
          0.0,
          1.0
        ]
      ]
    },
    {
      "file_path": "/media/NFS/ttao/scannet/posed_images/scene0128_00/00012.jpg",
      "transform_matrix": [
        [
          -0.957318,
          -0.088466,
          0.275167,
          2.752915
        ],
        [
          -0.287096,
          0.40122,
          -0.869827,
          4.589092
        ],
        [
          -0.033453,
          -0.9117,
          -0.409493,
          1.410503
        ],
        [
          0.0,
          0.0,
          0.0,
          1.0
        ]
      ]
    },
    {
      "file_path": "/media/NFS/ttao/scannet/posed_images/scene0128_00/00022.jpg",
      "transform_matrix": [
        [
          -0.927879,
          -0.12471,
          0.351408,
          2.739695
        ],
        [
          -0.371806,
          0.380942,
          -0.846548,
          4.511886
        ],
        [
          -0.028293,
          -0.91615,
          -0.399836,
          1.415141
        ],
        [
          0.0,
          0.0,
          0.0,
          1.0
        ]
      ]
    },
    {
      "file_path": "/media/NFS/ttao/scannet/posed_images/scene0128_00/00027.jpg",
      "transform_matrix": [
        [
          -0.897019,
          -0.160547,
          0.411803,
          2.714244
        ],
        [
          -0.44181,
          0.352448,
          -0.824975,
          4.472542
        ],
        [
          -0.012692,
          -0.921957,
          -0.387084,
          1.422978
        ],
        [
          0.0,
          0.0,
          0.0,
          1.0
        ]
      ]
    },
    {
      "file_path": "/media/NFS/ttao/scannet/posed_images/scene0128_00/00033.jpg",
      "transform_matrix": [
        [
          -0.883633,
          -0.150423,
          0.443357,
          2.695515
        ],
        [
          -0.467758,
          0.323848,
          -0.82239,
          4.454987
        ],
        [
          -0.019874,
          -0.934075,
          -0.356525,
          1.44259
        ],
        [
          0.0,
          0.0,
          0.0,
          1.0
        ]
      ]
    },
    {
      "file_path": "/media/NFS/ttao/scannet/posed_images/scene0128_00/00043.jpg",
      "transform_matrix": [
        [
          -0.847815,
          -0.143117,
          0.510615,
          2.622248
        ],
        [
          -0.5285,
          0.307133,
          -0.791427,
          4.430784
        ],
        [
          -0.04356,
          -0.940844,
          -0.336029,
          1.44661
        ],
        [
          0.0,
          0.0,
          0.0,
          1.0
        ]
      ]
    },
    {
      "file_path": "/media/NFS/ttao/scannet/posed_images/scene0128_00/00045.jpg",
      "transform_matrix": [
        [
          -0.839392,
          -0.147939,
          0.523006,
          2.599789
        ],
        [
          -0.541846,
          0.303377,
          -0.783815,
          4.419641
        ],
        [
          -0.042711,
          -0.941316,
          -0.334813,
          1.445812
        ],
        [
          0.0,
          0.0,
          0.0,
          1.0
        ]
      ]
    },
    {
      "file_path": "/media/NFS/ttao/scannet/posed_images/scene0128_00/00053.jpg",
      "transform_matrix": [
        [
          -0.813767,
          -0.179749,
          0.552696,
          2.485638
        ],
        [
          -0.580816,
          0.285691,
          -0.762256,
          4.376687
        ],
        [
          -0.020886,
          -0.941314,
          -0.336887,
          1.444723
        ],
        [
          0.0,
          0.0,
          0.0,
          1.0
        ]
      ]
    },
    {
      "file_path": "/media/NFS/ttao/scannet/posed_images/scene0128_00/00063.jpg",
      "transform_matrix": [
        [
          -0.841644,
          -0.185155,
          0.5073,
          2.380533
        ],
        [
          -0.53998,
          0.301684,
          -0.785754,
          4.360187
        ],
        [
          -0.007558,
          -0.935257,
          -0.35389,
          1.423323
        ],
        [
          0.0,
          0.0,
          0.0,
          1.0
        ]
      ]
    },
    {
      "file_path": "/media/NFS/ttao/scannet/posed_images/scene0128_00/00065.jpg",
      "transform_matrix": [
        [
          -0.844513,
          -0.176495,
          0.505616,
          2.364202
        ],
        [
          -0.535251,
          0.308923,
          -0.786176,
          4.359475
        ],
        [
          -0.01744,
          -0.934567,
          -0.355359,
          1.427965
        ],
        [
          0.0,
          0.0,
          0.0,
          1.0
        ]
      ]
    },
    {
      "file_path": "/media/NFS/ttao/scannet/posed_images/scene0128_00/00075.jpg",
      "transform_matrix": [
        [
          -0.857706,
          -0.16271,
          0.487715,
          2.268362
        ],
        [
          -0.513551,
          0.316565,
          -0.797529,
          4.394077
        ],
        [
          -0.024627,
          -0.934512,
          -0.355079,
          1.425695
        ],
        [
          0.0,
          0.0,
          0.0,
          1.0
        ]
      ]
    },
    {
      "file_path": "/media/NFS/ttao/scannet/posed_images/scene0128_00/00076.jpg",
      "transform_matrix": [
        [
          -0.860244,
          -0.160235,
          0.484051,
          2.258348
        ],
        [
          -0.509261,
          0.316888,
          -0.800147,
          4.397533
        ],
        [
          -0.025178,
          -0.93483,
          -0.354202,
          1.425936
        ],
        [
          0.0,
          0.0,
          0.0,
          1.0
        ]
      ]
    },
    {
      "file_path": "/media/NFS/ttao/scannet/posed_images/scene0128_00/00088.jpg",
      "transform_matrix": [
        [
          -0.909845,
          -0.159948,
          0.382881,
          2.169356
        ],
        [
          -0.414859,
          0.369699,
          -0.831393,
          4.449141
        ],
        [
          -0.008571,
          -0.915281,
          -0.402725,
          1.43788
        ],
        [
          0.0,
          0.0,
          0.0,
          1.0
        ]
      ]
    },
    {
      "file_path": "/media/NFS/ttao/scannet/posed_images/scene0128_00/00090.jpg",
      "transform_matrix": [
        [
          -0.916762,
          -0.149481,
          0.37041,
          2.152736
        ],
        [
          -0.399244,
          0.371575,
          -0.838175,
          4.465767
        ],
        [
          -0.012344,
          -0.91629,
          -0.400325,
          1.431541
        ],
        [
          0.0,
          0.0,
          0.0,
          1.0
        ]
      ]
    },
    {
      "file_path": "/media/NFS/ttao/scannet/posed_images/scene0128_00/00098.jpg",
      "transform_matrix": [
        [
          -0.938483,
          -0.151707,
          0.310217,
          2.092662
        ],
        [
          -0.345205,
          0.388366,
          -0.854404,
          4.493288
        ],
        [
          0.009141,
          -0.908932,
          -0.416844,
          1.423781
        ],
        [
          0.0,
          0.0,
          0.0,
          1.0
        ]
      ]
    },
    {
      "file_path": "/media/NFS/ttao/scannet/posed_images/scene0128_00/00104.jpg",
      "transform_matrix": [
        [
          -0.948476,
          -0.157818,
          0.27475,
          2.038289
        ],
        [
          -0.315873,
          0.402899,
          -0.859009,
          4.524507
        ],
        [
          0.02487,
          -0.901535,
          -0.43199,
          1.415761
        ],
        [
          0.0,
          0.0,
          0.0,
          1.0
        ]
      ]
    },
    {
      "file_path": "/media/NFS/ttao/scannet/posed_images/scene0128_00/00110.jpg",
      "transform_matrix": [
        [
          -0.957346,
          -0.168596,
          0.234659,
          1.970997
        ],
        [
          -0.285452,
          0.425949,
          -0.858536,
          4.530533
        ],
        [
          0.044793,
          -0.8889,
          -0.455906,
          1.415606
        ],
        [
          0.0,
          0.0,
          0.0,
          1.0
        ]
      ]
    },
    {
      "file_path": "/media/NFS/ttao/scannet/posed_images/scene0128_00/00118.jpg",
      "transform_matrix": [
        [
          -0.971192,
          -0.148902,
          0.186047,
          1.914125
        ],
        [
          -0.233381,
          0.436583,
          -0.868866,
          4.55159
        ],
        [
          0.048151,
          -0.887256,
          -0.458757,
          1.421669
        ],
        [
          0.0,
          0.0,
          0.0,
          1.0
        ]
      ]
    },
    {
      "file_path": "/media/NFS/ttao/scannet/posed_images/scene0128_00/00127.jpg",
      "transform_matrix": [
        [
          -0.985956,
          -0.111518,
          0.124318,
          1.875873
        ],
        [
          -0.160589,
          0.428694,
          -0.889063,
          4.578456
        ],
        [
          0.045852,
          -0.896541,
          -0.440582,
          1.429157
        ],
        [
          0.0,
          0.0,
          0.0,
          1.0
        ]
      ]
    },
    {
      "file_path": "/media/NFS/ttao/scannet/posed_images/scene0128_00/00131.jpg",
      "transform_matrix": [
        [
          -0.987756,
          -0.100855,
          0.119027,
          1.848311
        ],
        [
          -0.151058,
          0.427575,
          -0.89127,
          4.580441
        ],
        [
          0.038996,
          -0.898336,
          -0.437574,
          1.436852
        ],
        [
          0.0,
          0.0,
          0.0,
          1.0
        ]
      ]
    },
    {
      "file_path": "/media/NFS/ttao/scannet/posed_images/scene0128_00/00135.jpg",
      "transform_matrix": [
        [
          -0.985559,
          -0.094189,
          0.140722,
          1.815608
        ],
        [
          -0.167784,
          0.430951,
          -0.88664,
          4.581935
        ],
        [
          0.022867,
          -0.897446,
          -0.440531,
          1.436684
        ],
        [
          0.0,
          0.0,
          0.0,
          1.0
        ]
      ]
    },
    {
      "file_path": "/media/NFS/ttao/scannet/posed_images/scene0128_00/00143.jpg",
      "transform_matrix": [
        [
          -0.977835,
          -0.129077,
          0.164857,
          1.706052
        ],
        [
          -0.205736,
          0.446145,
          -0.870992,
          4.576355
        ],
        [
          0.038875,
          -0.885604,
          -0.462812,
          1.436774
        ],
        [
          0.0,
          0.0,
          0.0,
          1.0
        ]
      ]
    },
    {
      "file_path": "/media/NFS/ttao/scannet/posed_images/scene0128_00/00149.jpg",
      "transform_matrix": [
        [
          -0.979147,
          -0.144508,
          0.142788,
          1.622909
        ],
        [
          -0.193226,
          0.445443,
          -0.874211,
          4.581942
        ],
        [
          0.062727,
          -0.883571,
          -0.464077,
          1.436373
        ],
        [
          0.0,
          0.0,
          0.0,
          1.0
        ]
      ]
    },
    {
      "file_path": "/media/NFS/ttao/scannet/posed_images/scene0128_00/00157.jpg",
      "transform_matrix": [
        [
          -0.988309,
          -0.117347,
          0.097337,
          1.574275
        ],
        [
          -0.140801,
          0.457613,
          -0.877932,
          4.605149
        ],
        [
          0.05848,
          -0.881374,
          -0.468786,
          1.447541
        ],
        [
          0.0,
          0.0,
          0.0,
          1.0
        ]
      ]
    },
    {
      "file_path": "/media/NFS/ttao/scannet/posed_images/scene0128_00/00163.jpg",
      "transform_matrix": [
        [
          -0.992687,
          -0.101219,
          0.065789,
          1.568452
        ],
        [
          -0.104865,
          0.453029,
          -0.885307,
          4.644249
        ],
        [
          0.059806,
          -0.885731,
          -0.46033,
          1.456947
        ],
        [
          0.0,
          0.0,
          0.0,
          1.0
        ]
      ]
    },
    {
      "file_path": "/media/NFS/ttao/scannet/posed_images/scene0128_00/00173.jpg",
      "transform_matrix": [
        [
          -0.996292,
          -0.085796,
          0.006502,
          1.549745
        ],
        [
          -0.046973,
          0.479044,
          -0.876533,
          4.708003
        ],
        [
          0.072088,
          -0.873588,
          -0.481298,
          1.46534
        ],
        [
          0.0,
          0.0,
          0.0,
          1.0
        ]
      ]
    },
    {
      "file_path": "/media/NFS/ttao/scannet/posed_images/scene0128_00/00175.jpg",
      "transform_matrix": [
        [
          -0.996651,
          -0.081622,
          0.004966,
          1.545347
        ],
        [
          -0.043658,
          0.479762,
          -0.876312,
          4.71507
        ],
        [
          0.069144,
          -0.873594,
          -0.481719,
          1.471119
        ],
        [
          0.0,
          0.0,
          0.0,
          1.0
        ]
      ]
    },
    {
      "file_path": "/media/NFS/ttao/scannet/posed_images/scene0128_00/00182.jpg",
      "transform_matrix": [
        [
          -0.995399,
          -0.092081,
          0.026487,
          1.504456
        ],
        [
          -0.065025,
          0.446182,
          -0.892577,
          4.742811
        ],
        [
          0.070372,
          -0.890193,
          -0.450116,
          1.47969
        ],
        [
          0.0,
          0.0,
          0.0,
          1.0
        ]
      ]
    },
    {
      "file_path": "/media/NFS/ttao/scannet/posed_images/scene0128_00/00190.jpg",
      "transform_matrix": [
        [
          -0.985963,
          -0.145547,
          0.081807,
          1.47264
        ],
        [
          -0.137927,
          0.433922,
          -0.89033,
          4.760404
        ],
        [
          0.094087,
          -0.889116,
          -0.447906,
          1.470524
        ],
        [
          0.0,
          0.0,
          0.0,
          1.0
        ]
      ]
    },
    {
      "file_path": "/media/NFS/ttao/scannet/posed_images/scene0128_00/00200.jpg",
      "transform_matrix": [
        [
          -0.969201,
          -0.183789,
          0.163924,
          1.510986
        ],
        [
          -0.230601,
          0.443639,
          -0.86603,
          4.741247
        ],
        [
          0.086444,
          -0.877158,
          -0.472357,
          1.458627
        ],
        [
          0.0,
          0.0,
          0.0,
          1.0
        ]
      ]
    },
    {
      "file_path": "/media/NFS/ttao/scannet/posed_images/scene0128_00/00204.jpg",
      "transform_matrix": [
        [
          -0.965237,
          -0.184799,
          0.184844,
          1.552268
        ],
        [
          -0.250224,
          0.448942,
          -0.857811,
          4.720132
        ],
        [
          0.075539,
          -0.874243,
          -0.479577,
          1.458072
        ],
        [
          0.0,
          0.0,
          0.0,
          1.0
        ]
      ]
    },
    {
      "file_path": "/media/NFS/ttao/scannet/posed_images/scene0128_00/00210.jpg",
      "transform_matrix": [
        [
          -0.968988,
          -0.156433,
          0.19129,
          1.639896
        ],
        [
          -0.242241,
          0.44843,
          -0.860367,
          4.684535
        ],
        [
          0.048809,
          -0.880023,
          -0.472417,
          1.455658
        ],
        [
          0.0,
          0.0,
          0.0,
          1.0
        ]
      ]
    },
    {
      "file_path": "/media/NFS/ttao/scannet/posed_images/scene0128_00/00214.jpg",
      "transform_matrix": [
        [
          -0.972769,
          -0.126457,
          0.194239,
          1.693438
        ],
        [
          -0.230751,
          0.449707,
          -0.862855,
          4.660701
        ],
        [
          0.021763,
          -0.884179,
          -0.466641,
          1.455275
        ],
        [
          0.0,
          0.0,
          0.0,
          1.0
        ]
      ]
    },
    {
      "file_path": "/media/NFS/ttao/scannet/posed_images/scene0128_00/00222.jpg",
      "transform_matrix": [
        [
          -0.966998,
          -0.128958,
          0.219739,
          1.805452
        ],
        [
          -0.25446,
          0.445292,
          -0.858467,
          4.611462
        ],
        [
          0.012858,
          -0.886051,
          -0.463411,
          1.443617
        ],
        [
          0.0,
          0.0,
          0.0,
          1.0
        ]
      ]
    },
    {
      "file_path": "/media/NFS/ttao/scannet/posed_images/scene0128_00/00231.jpg",
      "transform_matrix": [
        [
          -0.956008,
          -0.132759,
          0.261578,
          1.931777
        ],
        [
          -0.293335,
          0.437857,
          -0.849845,
          4.512695
        ],
        [
          -0.001709,
          -0.889189,
          -0.457538,
          1.42053
        ],
        [
          0.0,
          0.0,
          0.0,
          1.0
        ]
      ]
    },
    {
      "file_path": "/media/NFS/ttao/scannet/posed_images/scene0128_00/00239.jpg",
      "transform_matrix": [
        [
          -0.952207,
          -0.144559,
          0.269081,
          2.053293
        ],
        [
          -0.305321,
          0.476451,
          -0.824484,
          4.412196
        ],
        [
          -0.009017,
          -0.867235,
          -0.497817,
          1.426568
        ],
        [
          0.0,
          0.0,
          0.0,
          1.0
        ]
      ]
    },
    {
      "file_path": "/media/NFS/ttao/scannet/posed_images/scene0128_00/00245.jpg",
      "transform_matrix": [
        [
          -0.951629,
          -0.140795,
          0.273091,
          2.144771
        ],
        [
          -0.3071,
          0.463518,
          -0.831169,
          4.376913
        ],
        [
          -0.009558,
          -0.874831,
          -0.484335,
          1.422693
        ],
        [
          0.0,
          0.0,
          0.0,
          1.0
        ]
      ]
    },
    {
      "file_path": "/media/NFS/ttao/scannet/posed_images/scene0128_00/00247.jpg",
      "transform_matrix": [
        [
          -0.954075,
          -0.135146,
          0.267352,
          2.175011
        ],
        [
          -0.299278,
          0.469317,
          -0.830768,
          4.361478
        ],
        [
          -0.013198,
          -0.872627,
          -0.488209,
          1.426057
        ],
        [
          0.0,
          0.0,
          0.0,
          1.0
        ]
      ]
    },
    {
      "file_path": "/media/NFS/ttao/scannet/posed_images/scene0128_00/00255.jpg",
      "transform_matrix": [
        [
          -0.960208,
          -0.135684,
          0.244114,
          2.310928
        ],
        [
          -0.279272,
          0.475742,
          -0.834073,
          4.332293
        ],
        [
          -0.002965,
          -0.869057,
          -0.494704,
          1.426613
        ],
        [
          0.0,
          0.0,
          0.0,
          1.0
        ]
      ]
    },
    {
      "file_path": "/media/NFS/ttao/scannet/posed_images/scene0128_00/00261.jpg",
      "transform_matrix": [
        [
          -0.972795,
          -0.115988,
          0.200542,
          2.412337
        ],
        [
          -0.231618,
          0.505002,
          -0.83146,
          4.305612
        ],
        [
          -0.004835,
          -0.855289,
          -0.518129,
          1.409626
        ],
        [
          0.0,
          0.0,
          0.0,
          1.0
        ]
      ]
    },
    {
      "file_path": "/media/NFS/ttao/scannet/posed_images/scene0128_00/00271.jpg",
      "transform_matrix": [
        [
          -0.986385,
          -0.080321,
          0.1435,
          2.548796
        ],
        [
          -0.164439,
          0.491798,
          -0.855041,
          4.24223
        ],
        [
          -0.001896,
          -0.866997,
          -0.498311,
          1.399537
        ],
        [
          0.0,
          0.0,
          0.0,
          1.0
        ]
      ]
    },
    {
      "file_path": "/media/NFS/ttao/scannet/posed_images/scene0128_00/00275.jpg",
      "transform_matrix": [
        [
          -0.989941,
          -0.056858,
          0.129555,
          2.596935
        ],
        [
          -0.140679,
          0.493034,
          -0.858561,
          4.21476
        ],
        [
          -0.015059,
          -0.86815,
          -0.496073,
          1.395529
        ],
        [
          0.0,
          0.0,
          0.0,
          1.0
        ]
      ]
    },
    {
      "file_path": "/media/NFS/ttao/scannet/posed_images/scene0128_00/00280.jpg",
      "transform_matrix": [
        [
          -0.996044,
          -0.028147,
          0.084286,
          2.649467
        ],
        [
          -0.087305,
          0.486749,
          -0.869168,
          4.183138
        ],
        [
          -0.016561,
          -0.873089,
          -0.487281,
          1.398825
        ],
        [
          0.0,
          0.0,
          0.0,
          1.0
        ]
      ]
    },
    {
      "file_path": "/media/NFS/ttao/scannet/posed_images/scene0128_00/00286.jpg",
      "transform_matrix": [
        [
          -0.999284,
          -0.029706,
          0.02342,
          2.711721
        ],
        [
          -0.034994,
          0.49083,
          -0.870552,
          4.148815
        ],
        [
          0.014365,
          -0.870749,
          -0.491518,
          1.411778
        ],
        [
          0.0,
          0.0,
          0.0,
          1.0
        ]
      ]
    },
    {
      "file_path": "/media/NFS/ttao/scannet/posed_images/scene0128_00/00298.jpg",
      "transform_matrix": [
        [
          -0.993076,
          0.061331,
          -0.100191,
          2.900056
        ],
        [
          0.11723,
          0.46275,
          -0.878704,
          4.087499
        ],
        [
          -0.007529,
          -0.884365,
          -0.466736,
          1.415906
        ],
        [
          0.0,
          0.0,
          0.0,
          1.0
        ]
      ]
    },
    {
      "file_path": "/media/NFS/ttao/scannet/posed_images/scene0128_00/00300.jpg",
      "transform_matrix": [
        [
          -0.990366,
          0.074803,
          -0.116527,
          2.926016
        ],
        [
          0.138027,
          0.465953,
          -0.873977,
          4.078238
        ],
        [
          -0.01108,
          -0.881642,
          -0.471789,
          1.409197
        ],
        [
          0.0,
          0.0,
          0.0,
          1.0
        ]
      ]
    },
    {
      "file_path": "/media/NFS/ttao/scannet/posed_images/scene0128_00/00308.jpg",
      "transform_matrix": [
        [
          -0.970984,
          0.094872,
          -0.219522,
          3.028005
        ],
        [
          0.237779,
          0.481,
          -0.843861,
          4.028801
        ],
        [
          0.025532,
          -0.871573,
          -0.489601,
          1.393684
        ],
        [
          0.0,
          0.0,
          0.0,
          1.0
        ]
      ]
    },
    {
      "file_path": "/media/NFS/ttao/scannet/posed_images/scene0128_00/00318.jpg",
      "transform_matrix": [
        [
          -0.952992,
          0.120971,
          -0.277799,
          3.097241
        ],
        [
          0.301542,
          0.468365,
          -0.830486,
          3.92385
        ],
        [
          0.029647,
          -0.875215,
          -0.482826,
          1.377822
        ],
        [
          0.0,
          0.0,
          0.0,
          1.0
        ]
      ]
    },
    {
      "file_path": "/media/NFS/ttao/scannet/posed_images/scene0128_00/00324.jpg",
      "transform_matrix": [
        [
          -0.950546,
          0.120056,
          -0.286442,
          3.132228
        ],
        [
          0.308639,
          0.468173,
          -0.827983,
          3.848488
        ],
        [
          0.0347,
          -0.875443,
          -0.482074,
          1.377965
        ],
        [
          0.0,
          0.0,
          0.0,
          1.0
        ]
      ]
    },
    {
      "file_path": "/media/NFS/ttao/scannet/posed_images/scene0128_00/00329.jpg",
      "transform_matrix": [
        [
          -0.942226,
          0.131227,
          -0.308205,
          3.170126
        ],
        [
          0.333255,
          0.460433,
          -0.822765,
          3.783236
        ],
        [
          0.033939,
          -0.877942,
          -0.477564,
          1.383414
        ],
        [
          0.0,
          0.0,
          0.0,
          1.0
        ]
      ]
    },
    {
      "file_path": "/media/NFS/ttao/scannet/posed_images/scene0128_00/00333.jpg",
      "transform_matrix": [
        [
          -0.939862,
          0.132743,
          -0.314703,
          3.202568
        ],
        [
          0.339847,
          0.455435,
          -0.822851,
          3.72886
        ],
        [
          0.034099,
          -0.880317,
          -0.473159,
          1.383731
        ],
        [
          0.0,
          0.0,
          0.0,
          1.0
        ]
      ]
    },
    {
      "file_path": "/media/NFS/ttao/scannet/posed_images/scene0128_00/00339.jpg",
      "transform_matrix": [
        [
          -0.932152,
          0.155275,
          -0.327082,
          3.253055
        ],
        [
          0.361659,
          0.442205,
          -0.820766,
          3.646028
        ],
        [
          0.017193,
          -0.883371,
          -0.468359,
          1.384735
        ],
        [
          0.0,
          0.0,
          0.0,
          1.0
        ]
      ]
    },
    {
      "file_path": "/media/NFS/ttao/scannet/posed_images/scene0128_00/00345.jpg",
      "transform_matrix": [
        [
          -0.914626,
          0.18311,
          -0.360457,
          3.284896
        ],
        [
          0.403908,
          0.45307,
          -0.794723,
          3.559314
        ],
        [
          0.01779,
          -0.872467,
          -0.48835,
          1.380752
        ],
        [
          0.0,
          0.0,
          0.0,
          1.0
        ]
      ]
    },
    {
      "file_path": "/media/NFS/ttao/scannet/posed_images/scene0128_00/00353.jpg",
      "transform_matrix": [
        [
          -0.904481,
          0.189723,
          -0.381994,
          3.309881
        ],
        [
          0.425534,
          0.462106,
          -0.778062,
          3.421016
        ],
        [
          0.028905,
          -0.866293,
          -0.498699,
          1.361206
        ],
        [
          0.0,
          0.0,
          0.0,
          1.0
        ]
      ]
    },
    {
      "file_path": "/media/NFS/ttao/scannet/posed_images/scene0128_00/00359.jpg",
      "transform_matrix": [
        [
          -0.900631,
          0.169819,
          -0.40003,
          3.32158
        ],
        [
          0.433175,
          0.424843,
          -0.794901,
          3.287634
        ],
        [
          0.034961,
          -0.889196,
          -0.456189,
          1.384972
        ],
        [
          0.0,
          0.0,
          0.0,
          1.0
        ]
      ]
    },
    {
      "file_path": "/media/NFS/ttao/scannet/posed_images/scene0128_00/00365.jpg",
      "transform_matrix": [
        [
          -0.909727,
          0.153569,
          -0.385763,
          3.340543
        ],
        [
          0.41289,
          0.432595,
          -0.801488,
          3.189377
        ],
        [
          0.043795,
          -0.888414,
          -0.45695,
          1.381825
        ],
        [
          0.0,
          0.0,
          0.0,
          1.0
        ]
      ]
    },
    {
      "file_path": "/media/NFS/ttao/scannet/posed_images/scene0128_00/00371.jpg",
      "transform_matrix": [
        [
          -0.898239,
          0.157722,
          -0.410231,
          3.375118
        ],
        [
          0.438122,
          0.39536,
          -0.807304,
          3.09618
        ],
        [
          0.03486,
          -0.904884,
          -0.42423,
          1.364885
        ],
        [
          0.0,
          0.0,
          0.0,
          1.0
        ]
      ]
    },
    {
      "file_path": "/media/NFS/ttao/scannet/posed_images/scene0128_00/00380.jpg",
      "transform_matrix": [
        [
          -0.917057,
          0.174459,
          -0.358566,
          3.470713
        ],
        [
          0.398342,
          0.359884,
          -0.843687,
          2.923394
        ],
        [
          -0.018147,
          -0.916541,
          -0.399529,
          1.379357
        ],
        [
          0.0,
          0.0,
          0.0,
          1.0
        ]
      ]
    },
    {
      "file_path": "/media/NFS/ttao/scannet/posed_images/scene0128_00/00388.jpg",
      "transform_matrix": [
        [
          -0.962225,
          0.144708,
          -0.230612,
          3.511206
        ],
        [
          0.26792,
          0.352754,
          -0.89654,
          2.787592
        ],
        [
          -0.048387,
          -0.924459,
          -0.378199,
          1.411271
        ],
        [
          0.0,
          0.0,
          0.0,
          1.0
        ]
      ]
    },
    {
      "file_path": "/media/NFS/ttao/scannet/posed_images/scene0128_00/00390.jpg",
      "transform_matrix": [
        [
          -0.962822,
          0.159384,
          -0.218104,
          3.524151
        ],
        [
          0.262051,
          0.355045,
          -0.89737,
          2.754596
        ],
        [
          -0.06559,
          -0.921162,
          -0.383612,
          1.440748
        ],
        [
          0.0,
          0.0,
          0.0,
          1.0
        ]
      ]
    },
    {
      "file_path": "/media/NFS/ttao/scannet/posed_images/scene0128_00/00398.jpg",
      "transform_matrix": [
        [
          -0.990304,
          0.119901,
          -0.07016,
          3.4942
        ],
        [
          0.103312,
          0.298003,
          -0.948958,
          2.67108
        ],
        [
          -0.092873,
          -0.947005,
          -0.3075,
          1.472038
        ],
        [
          0.0,
          0.0,
          0.0,
          1.0
        ]
      ]
    },
    {
      "file_path": "/media/NFS/ttao/scannet/posed_images/scene0128_00/00406.jpg",
      "transform_matrix": [
        [
          -0.996148,
          0.056155,
          0.067347,
          3.456569
        ],
        [
          -0.053331,
          0.221659,
          -0.973665,
          2.596822
        ],
        [
          -0.069604,
          -0.973506,
          -0.217811,
          1.490137
        ],
        [
          0.0,
          0.0,
          0.0,
          1.0
        ]
      ]
    },
    {
      "file_path": "/media/NFS/ttao/scannet/posed_images/scene0128_00/00416.jpg",
      "transform_matrix": [
        [
          -0.98093,
          0.043881,
          0.189343,
          3.426425
        ],
        [
          -0.180835,
          0.151007,
          -0.971852,
          2.517795
        ],
        [
          -0.071238,
          -0.987558,
          -0.140192,
          1.503763
        ],
        [
          0.0,
          0.0,
          0.0,
          1.0
        ]
      ]
    },
    {
      "file_path": "/media/NFS/ttao/scannet/posed_images/scene0128_00/00422.jpg",
      "transform_matrix": [
        [
          -0.973469,
          0.058325,
          0.22126,
          3.425026
        ],
        [
          -0.213347,
          0.118163,
          -0.969805,
          2.470314
        ],
        [
          -0.082709,
          -0.99128,
          -0.102585,
          1.518022
        ],
        [
          0.0,
          0.0,
          0.0,
          1.0
        ]
      ]
    },
    {
      "file_path": "/media/NFS/ttao/scannet/posed_images/scene0128_00/00427.jpg",
      "transform_matrix": [
        [
          -0.971918,
          0.068716,
          0.225061,
          3.4389
        ],
        [
          -0.218889,
          0.087095,
          -0.971855,
          2.43197
        ],
        [
          -0.086384,
          -0.993827,
          -0.069608,
          1.526154
        ],
        [
          0.0,
          0.0,
          0.0,
          1.0
        ]
      ]
    },
    {
      "file_path": "/media/NFS/ttao/scannet/posed_images/scene0128_00/00431.jpg",
      "transform_matrix": [
        [
          -0.969437,
          0.099219,
          0.224382,
          3.455077
        ],
        [
          -0.221182,
          0.042299,
          -0.974315,
          2.403432
        ],
        [
          -0.106161,
          -0.994166,
          -0.019061,
          1.538021
        ],
        [
          0.0,
          0.0,
          0.0,
          1.0
        ]
      ]
    },
    {
      "file_path": "/media/NFS/ttao/scannet/posed_images/scene0128_00/00439.jpg",
      "transform_matrix": [
        [
          -0.961471,
          0.14409,
          0.234121,
          3.495047
        ],
        [
          -0.238746,
          -0.015442,
          -0.970959,
          2.348705
        ],
        [
          -0.13629,
          -0.989444,
          0.049248,
          1.56143
        ],
        [
          0.0,
          0.0,
          0.0,
          1.0
        ]
      ]
    },
    {
      "file_path": "/media/NFS/ttao/scannet/posed_images/scene0128_00/00447.jpg",
      "transform_matrix": [
        [
          -0.956735,
          0.148625,
          0.250137,
          3.525169
        ],
        [
          -0.262631,
          -0.071104,
          -0.962273,
          2.310573
        ],
        [
          -0.125232,
          -0.986334,
          0.107061,
          1.574742
        ],
        [
          0.0,
          0.0,
          0.0,
          1.0
        ]
      ]
    },
    {
      "file_path": "/media/NFS/ttao/scannet/posed_images/scene0128_00/00451.jpg",
      "transform_matrix": [
        [
          -0.954164,
          0.143603,
          0.262581,
          3.533199
        ],
        [
          -0.275027,
          -0.074716,
          -0.958529,
          2.291752
        ],
        [
          -0.118029,
          -0.986811,
          0.110787,
          1.580268
        ],
        [
          0.0,
          0.0,
          0.0,
          1.0
        ]
      ]
    },
    {
      "file_path": "/media/NFS/ttao/scannet/posed_images/scene0128_00/00459.jpg",
      "transform_matrix": [
        [
          -0.961436,
          0.110376,
          0.25191,
          3.565413
        ],
        [
          -0.248059,
          0.047561,
          -0.967577,
          2.224263
        ],
        [
          -0.118778,
          -0.992751,
          -0.018347,
          1.559308
        ],
        [
          0.0,
          0.0,
          0.0,
          1.0
        ]
      ]
    },
    {
      "file_path": "/media/NFS/ttao/scannet/posed_images/scene0128_00/00463.jpg",
      "transform_matrix": [
        [
          -0.967526,
          0.090501,
          0.236014,
          3.583788
        ],
        [
          -0.228216,
          0.088678,
          -0.969564,
          2.191418
        ],
        [
          -0.108676,
          -0.99194,
          -0.065145,
          1.545411
        ],
        [
          0.0,
          0.0,
          0.0,
          1.0
        ]
      ]
    },
    {
      "file_path": "/media/NFS/ttao/scannet/posed_images/scene0128_00/00469.jpg",
      "transform_matrix": [
        [
          -0.9802,
          0.052575,
          0.190902,
          3.604909
        ],
        [
          -0.177834,
          0.190244,
          -0.965496,
          2.125681
        ],
        [
          -0.087079,
          -0.980328,
          -0.177128,
          1.528088
        ],
        [
          0.0,
          0.0,
          0.0,
          1.0
        ]
      ]
    },
    {
      "file_path": "/media/NFS/ttao/scannet/posed_images/scene0128_00/00480.jpg",
      "transform_matrix": [
        [
          -0.99488,
          0.060078,
          0.081263,
          3.644337
        ],
        [
          -0.0633,
          0.256371,
          -0.964504,
          1.94509
        ],
        [
          -0.078779,
          -0.96471,
          -0.251256,
          1.495488
        ],
        [
          0.0,
          0.0,
          0.0,
          1.0
        ]
      ]
    },
    {
      "file_path": "/media/NFS/ttao/scannet/posed_images/scene0128_00/00484.jpg",
      "transform_matrix": [
        [
          -0.99654,
          0.068237,
          0.047458,
          3.651105
        ],
        [
          -0.026018,
          0.286187,
          -0.957821,
          1.872267
        ],
        [
          -0.078941,
          -0.955741,
          -0.283421,
          1.485409
        ],
        [
          0.0,
          0.0,
          0.0,
          1.0
        ]
      ]
    },
    {
      "file_path": "/media/NFS/ttao/scannet/posed_images/scene0128_00/00488.jpg",
      "transform_matrix": [
        [
          -0.997769,
          0.064293,
          0.017993,
          3.657642
        ],
        [
          0.002815,
          0.309778,
          -0.950805,
          1.804501
        ],
        [
          -0.066704,
          -0.948633,
          -0.309268,
          1.485244
        ],
        [
          0.0,
          0.0,
          0.0,
          1.0
        ]
      ]
    },
    {
      "file_path": "/media/NFS/ttao/scannet/posed_images/scene0128_00/00496.jpg",
      "transform_matrix": [
        [
          -0.991352,
          0.084326,
          -0.100553,
          3.658498
        ],
        [
          0.124021,
          0.351526,
          -0.927927,
          1.67438
        ],
        [
          -0.042901,
          -0.932373,
          -0.358944,
          1.480274
        ],
        [
          0.0,
          0.0,
          0.0,
          1.0
        ]
      ]
    },
    {
      "file_path": "/media/NFS/ttao/scannet/posed_images/scene0128_00/00506.jpg",
      "transform_matrix": [
        [
          -0.965055,
          0.159489,
          -0.207924,
          3.682078
        ],
        [
          0.25149,
          0.340739,
          -0.905897,
          1.506806
        ],
        [
