{
  "frames": [
    {
      "file_path": "/media/NFS/ttao/scannet/posed_images/scene0634_00/00000.jpg",
      "transform_matrix": [
        [
          0.52792,
          -0.458502,
          0.714896,
          2.189404
        ],
        [
          -0.847924,
          -0.236741,
          0.47432,
          5.686418
        ],
        [
          -0.048232,
          -0.85658,
          -0.513755,
          1.160308
        ],
        [
          0.0,
          0.0,
          0.0,
          1.0
        ]
      ]
    },
    {
      "file_path": "/media/NFS/ttao/scannet/posed_images/scene0634_00/00006.jpg",
      "transform_matrix": [
        [
          0.536,
          -0.467608,
          0.702885,
          2.266279
        ],
        [
          -0.842043,
          -0.236386,
          0.484857,
          5.724857
        ],
        [
          -0.060571,
          -0.851742,
          -0.520448,
          1.175051
        ],
        [
          0.0,
          0.0,
          0.0,
          1.0
        ]
      ]
    },
    {
      "file_path": "/media/NFS/ttao/scannet/posed_images/scene0634_00/00011.jpg",
      "transform_matrix": [
        [
          0.54581,
          -0.487095,
          0.681784,
          2.320934
        ],
        [
          -0.835848,
          -0.25947,
          0.483771,
          5.764802
        ],
        [
          -0.05874,
          -0.833915,
          -0.548759,
          1.231084
        ],
        [
          0.0,
          0.0,
          0.0,
          1.0
        ]
      ]
    },
    {
      "file_path": "/media/NFS/ttao/scannet/posed_images/scene0634_00/00021.jpg",
      "transform_matrix": [
        [
          0.460245,
          -0.479154,
          0.747386,
          2.382281
        ],
        [
          -0.885212,
          -0.183539,
          0.427451,
          5.816346
        ],
        [
          -0.067641,
          -0.858327,
          -0.508626,
          1.266727
        ],
        [
          0.0,
          0.0,
          0.0,
          1.0
        ]
      ]
    },
    {
      "file_path": "/media/NFS/ttao/scannet/posed_images/scene0634_00/00028.jpg",
      "transform_matrix": [
        [
          0.341748,
          -0.489623,
          0.802171,
          2.425018
        ],
        [
          -0.937439,
          -0.117242,
          0.327815,
          5.868027
        ],
        [
          -0.066458,
          -0.864016,
          -0.499059,
          1.29304
        ],
        [
          0.0,
          0.0,
          0.0,
          1.0
        ]
      ]
    },
    {
      "file_path": "/media/NFS/ttao/scannet/posed_images/scene0634_00/00034.jpg",
      "transform_matrix": [
        [
          0.269566,
          -0.478997,
          0.835402,
          2.452234
        ],
        [
          -0.961113,
          -0.079803,
          0.264373,
          5.890779
        ],
        [
          -0.059966,
          -0.874181,
          -0.481883,
          1.302722
        ],
        [
          0.0,
          0.0,
          0.0,
          1.0
        ]
      ]
    },
    {
      "file_path": "/media/NFS/ttao/scannet/posed_images/scene0634_00/00039.jpg",
      "transform_matrix": [
        [
          0.206339,
          -0.479756,
          0.852794,
          2.470969
        ],
        [
          -0.975746,
          -0.035773,
          0.215963,
          5.90788
        ],
        [
          -0.073102,
          -0.876672,
          -0.475502,
          1.308698
        ],
        [
          0.0,
          0.0,
          0.0,
          1.0
        ]
      ]
    },
    {
      "file_path": "/media/NFS/ttao/scannet/posed_images/scene0634_00/00045.jpg",
      "transform_matrix": [
        [
          0.160623,
          -0.45575,
          0.875495,
          2.488979
        ],
        [
          -0.981395,
          0.020787,
          0.190873,
          5.893088
        ],
        [
          -0.10519,
          -0.889865,
          -0.443932,
          1.312138
        ],
        [
          0.0,
          0.0,
          0.0,
          1.0
        ]
      ]
    },
    {
      "file_path": "/media/NFS/ttao/scannet/posed_images/scene0634_00/00053.jpg",
      "transform_matrix": [
        [
          0.111306,
          -0.433956,
          0.894032,
          2.544999
        ],
        [
          -0.987484,
          0.052862,
          0.1486,
          5.840129
        ],
        [
          -0.111746,
          -0.899382,
          -0.422641,
          1.323657
        ],
        [
          0.0,
          0.0,
          0.0,
          1.0
        ]
      ]
    },
    {
      "file_path": "/media/NFS/ttao/scannet/posed_images/scene0634_00/00060.jpg",
      "transform_matrix": [
        [
          0.091152,
          -0.405371,
          0.909597,
          2.593683
        ],
        [
          -0.990665,
          0.056059,
          0.12426,
          5.773167
        ],
        [
          -0.101362,
          -0.912432,
          -0.396477,
          1.341806
        ],
        [
          0.0,
          0.0,
          0.0,
          1.0
        ]
      ]
    },
    {
      "file_path": "/media/NFS/ttao/scannet/posed_images/scene0634_00/00066.jpg",
      "transform_matrix": [
        [
          0.084024,
          -0.382722,
          0.920035,
          2.618387
        ],
        [
          -0.993004,
          0.044711,
          0.109287,
          5.724781
        ],
        [
          -0.082962,
          -0.922781,
          -0.376288,
          1.342259
        ],
        [
          0.0,
          0.0,
          0.0,
          1.0
        ]
      ]
    },
    {
      "file_path": "/media/NFS/ttao/scannet/posed_images/scene0634_00/00068.jpg",
      "transform_matrix": [
        [
          0.078959,
          -0.38553,
          0.919311,
          2.624594
        ],
        [
          -0.993429,
          0.046218,
          0.104708,
          5.711782
        ],
        [
          -0.082857,
          -0.921537,
          -0.379347,
          1.340263
        ],
        [
          0.0,
          0.0,
          0.0,
          1.0
        ]
      ]
    },
    {
      "file_path": "/media/NFS/ttao/scannet/posed_images/scene0634_00/00075.jpg",
      "transform_matrix": [
        [
          0.040303,
          -0.386598,
          0.921368,
          2.64835
        ],
        [
          -0.992857,
          0.088141,
          0.080414,
          5.67452
        ],
        [
          -0.112298,
          -0.918027,
          -0.380284,
          1.348128
        ],
        [
          0.0,
          0.0,
          0.0,
          1.0
        ]
      ]
    },
    {
      "file_path": "/media/NFS/ttao/scannet/posed_images/scene0634_00/00081.jpg",
      "transform_matrix": [
        [
          -0.00809,
          -0.385464,
          0.922688,
          2.672144
        ],
        [
          -0.991305,
          0.12428,
          0.043228,
          5.658336
        ],
        [
          -0.131335,
          -0.914315,
          -0.383117,
          1.348052
        ],
        [
          0.0,
          0.0,
          0.0,
          1.0
        ]
      ]
    },
    {
      "file_path": "/media/NFS/ttao/scannet/posed_images/scene0634_00/00086.jpg",
      "transform_matrix": [
        [
          -0.046596,
          -0.368883,
          0.928307,
          2.706395
        ],
        [
          -0.989779,
          0.142443,
          0.006921,
          5.639513
        ],
        [
          -0.134784,
          -0.918496,
          -0.37175,
          1.343663
        ],
        [
          0.0,
          0.0,
          0.0,
          1.0
        ]
      ]
    },
    {
      "file_path": "/media/NFS/ttao/scannet/posed_images/scene0634_00/00098.jpg",
      "transform_matrix": [
        [
          -0.165907,
          -0.382918,
          0.908762,
          2.843852
        ],
        [
          -0.984133,
          0.123074,
          -0.127808,
          5.627678
        ],
        [
          -0.062905,
          -0.915547,
          -0.397261,
          1.339388
        ],
        [
          0.0,
          0.0,
          0.0,
          1.0
        ]
      ]
    },
    {
      "file_path": "/media/NFS/ttao/scannet/posed_images/scene0634_00/00101.jpg",
      "transform_matrix": [
        [
          -0.177368,
          -0.367796,
          0.912834,
          2.883374
        ],
        [
          -0.982128,
          0.125496,
          -0.140268,
          5.631174
        ],
        [
          -0.062966,
          -0.921399,
          -0.383482,
          1.340885
        ],
        [
          0.0,
          0.0,
          0.0,
          1.0
        ]
      ]
    },
    {
      "file_path": "/media/NFS/ttao/scannet/posed_images/scene0634_00/00109.jpg",
      "transform_matrix": [
        [
          -0.21474,
          -0.357784,
          0.908778,
          2.951547
        ],
        [
          -0.975489,
          0.124333,
          -0.181554,
          5.614443
        ],
        [
          -0.048034,
          -0.92549,
          -0.375714,
          1.337349
        ],
        [
          0.0,
          0.0,
          0.0,
          1.0
        ]
      ]
    },
    {
      "file_path": "/media/NFS/ttao/scannet/posed_images/scene0634_00/00116.jpg",
      "transform_matrix": [
        [
          -0.211212,
          -0.402154,
          0.890877,
          2.999362
        ],
        [
          -0.976549,
          0.125739,
          -0.174763,
          5.594839
        ],
        [
          -0.041736,
          -0.906897,
          -0.419281,
          1.331799
        ],
        [
          0.0,
          0.0,
          0.0,
          1.0
        ]
      ]
    },
    {
      "file_path": "/media/NFS/ttao/scannet/posed_images/scene0634_00/00118.jpg",
      "transform_matrix": [
        [
          -0.207598,
          -0.407052,
          0.889501,
          3.009759
        ],
        [
          -0.977229,
          0.127099,
          -0.169909,
          5.585126
        ],
        [
          -0.043892,
          -0.904519,
          -0.424168,
          1.333127
        ],
        [
          0.0,
          0.0,
          0.0,
          1.0
        ]
      ]
    },
    {
      "file_path": "/media/NFS/ttao/scannet/posed_images/scene0634_00/00124.jpg",
      "transform_matrix": [
        [
          -0.17139,
          -0.386005,
          0.906436,
          3.051939
        ],
        [
          -0.984645,
          0.098082,
          -0.144409,
          5.541255
        ],
        [
          -0.033163,
          -0.917268,
          -0.396888,
          1.330647
        ],
        [
          0.0,
          0.0,
          0.0,
          1.0
        ]
      ]
    },
    {
      "file_path": "/media/NFS/ttao/scannet/posed_images/scene0634_00/00131.jpg",
      "transform_matrix": [
        [
          -0.137533,
          -0.384571,
          0.912793,
          3.116394
        ],
        [
          -0.990438,
          0.063458,
          -0.122496,
          5.491367
        ],
        [
          -0.010815,
          -0.920912,
          -0.389621,
          1.34109
        ],
        [
          0.0,
          0.0,
          0.0,
          1.0
        ]
      ]
    },
    {
      "file_path": "/media/NFS/ttao/scannet/posed_images/scene0634_00/00139.jpg",
      "transform_matrix": [
        [
          -0.095612,
          -0.36801,
          0.924893,
          3.176203
        ],
        [
          -0.99503,
          0.061281,
          -0.078479,
          5.399504
        ],
        [
          -0.027797,
          -0.9278,
          -0.37204,
          1.34715
        ],
        [
          0.0,
          0.0,
          0.0,
          1.0
        ]
      ]
    },
    {
      "file_path": "/media/NFS/ttao/scannet/posed_images/scene0634_00/00143.jpg",
      "transform_matrix": [
        [
          -0.088528,
          -0.366404,
          0.926235,
          3.20225
        ],
        [
          -0.995472,
          0.064863,
          -0.069486,
          5.370399
        ],
        [
          -0.034618,
          -0.928192,
          -0.370487,
          1.347035
        ],
        [
          0.0,
          0.0,
          0.0,
          1.0
        ]
      ]
    },
    {
      "file_path": "/media/NFS/ttao/scannet/posed_images/scene0634_00/00148.jpg",
      "transform_matrix": [
        [
          -0.065275,
          -0.357044,
          0.931804,
          3.227015
        ],
        [
          -0.995899,
          0.081934,
          -0.03837,
          5.337325
        ],
        [
          -0.062646,
          -0.930487,
          -0.360928,
          1.354881
        ],
        [
          0.0,
          0.0,
          0.0,
          1.0
        ]
      ]
    },
    {
      "file_path": "/media/NFS/ttao/scannet/posed_images/scene0634_00/00156.jpg",
      "transform_matrix": [
        [
          -0.125498,
          -0.370287,
          0.920401,
          3.284482
        ],
        [
          -0.990552,
          0.098467,
          -0.095449,
          5.318204
        ],
        [
          -0.055286,
          -0.923684,
          -0.379147,
          1.348506
        ],
        [
          0.0,
          0.0,
          0.0,
          1.0
        ]
      ]
    },
    {
      "file_path": "/media/NFS/ttao/scannet/posed_images/scene0634_00/00161.jpg",
      "transform_matrix": [
        [
          -0.163266,
          -0.384831,
          0.908433,
          3.350997
        ],
        [
          -0.985945,
          0.096739,
          -0.136216,
          5.298794
        ],
        [
          -0.035461,
          -0.917904,
          -0.395216,
          1.347898
        ],
        [
          0.0,
          0.0,
          0.0,
          1.0
        ]
      ]
    },
    {
      "file_path": "/media/NFS/ttao/scannet/posed_images/scene0634_00/00167.jpg",
      "transform_matrix": [
        [
          -0.185165,
          -0.362565,
          0.913379,
          3.417661
        ],
        [
          -0.982352,
          0.093301,
          -0.162112,
          5.288425
        ],
        [
          -0.026443,
          -0.927276,
          -0.373443,
          1.345858
        ],
        [
          0.0,
          0.0,
          0.0,
          1.0
        ]
      ]
    },
    {
      "file_path": "/media/NFS/ttao/scannet/posed_images/scene0634_00/00178.jpg",
      "transform_matrix": [
        [
          -0.241425,
          -0.396314,
          0.885804,
          3.522008
        ],
        [
          -0.969723,
          0.133094,
          -0.20475,
          5.240464
        ],
        [
          -0.03675,
          -0.908417,
          -0.416447,
          1.339736
        ],
        [
          0.0,
          0.0,
          0.0,
          1.0
        ]
      ]
    },
    {
      "file_path": "/media/NFS/ttao/scannet/posed_images/scene0634_00/00180.jpg",
      "transform_matrix": [
        [
          -0.268107,
          -0.40374,
          0.874707,
          3.547592
        ],
        [
          -0.962988,
          0.138526,
          -0.231226,
          5.235976
        ],
        [
          -0.027815,
          -0.904326,
          -0.425936,
          1.347579
        ],
        [
          0.0,
          0.0,
          0.0,
          1.0
        ]
      ]
    },
    {
      "file_path": "/media/NFS/ttao/scannet/posed_images/scene0634_00/00189.jpg",
      "transform_matrix": [
        [
          -0.384941,
          -0.385104,
          0.838759,
          3.590424
        ],
        [
          -0.922434,
          0.190665,
          -0.335802,
          5.190479
        ],
        [
          -0.030604,
          -0.902963,
          -0.428627,
          1.336466
        ],
        [
          0.0,
          0.0,
          0.0,
          1.0
        ]
      ]
    },
    {
      "file_path": "/media/NFS/ttao/scannet/posed_images/scene0634_00/00195.jpg",
      "transform_matrix": [
        [
          -0.417008,
          -0.366434,
          0.831764,
          3.592963
        ],
        [
          -0.908664,
          0.189058,
          -0.372273,
          5.136881
        ],
        [
          -0.020838,
          -0.911034,
          -0.411804,
          1.331292
        ],
        [
          0.0,
          0.0,
          0.0,
          1.0
        ]
      ]
    },
    {
      "file_path": "/media/NFS/ttao/scannet/posed_images/scene0634_00/00201.jpg",
      "transform_matrix": [
        [
          -0.38538,
          -0.375622,
          0.842847,
          3.604134
        ],
        [
          -0.9224,
          0.182255,
          -0.340531,
          5.062967
        ],
        [
          -0.025702,
          -0.908676,
          -0.416711,
          1.35073
        ],
        [
          0.0,
          0.0,
          0.0,
          1.0
        ]
      ]
    },
    {
      "file_path": "/media/NFS/ttao/scannet/posed_images/scene0634_00/00210.jpg",
      "transform_matrix": [
        [
          -0.408545,
          -0.410341,
          0.815298,
          3.615249
        ],
        [
          -0.912735,
          0.181228,
          -0.366158,
          4.987381
        ],
        [
          0.002495,
          -0.893743,
          -0.448573,
          1.362554
        ],
        [
          0.0,
          0.0,
          0.0,
          1.0
        ]
      ]
    },
    {
      "file_path": "/media/NFS/ttao/scannet/posed_images/scene0634_00/00212.jpg",
      "transform_matrix": [
        [
          -0.417996,
          -0.403727,
          0.813809,
          3.621589
        ],
        [
          -0.908447,
          0.187498,
          -0.373588,
          4.966581
        ],
        [
          -0.00176,
          -0.89546,
          -0.445138,
          1.367583
        ],
        [
          0.0,
          0.0,
          0.0,
          1.0
        ]
      ]
    },
    {
      "file_path": "/media/NFS/ttao/scannet/posed_images/scene0634_00/00218.jpg",
      "transform_matrix": [
        [
          -0.474421,
          -0.401169,
          0.783574,
          3.65739
        ],
        [
          -0.880135,
          0.19902,
          -0.430991,
          4.943546
        ],
        [
          0.016953,
          -0.894122,
          -0.447502,
          1.363759
        ],
        [
          0.0,
          0.0,
          0.0,
          1.0
        ]
      ]
    },
    {
      "file_path": "/media/NFS/ttao/scannet/posed_images/scene0634_00/00227.jpg",
      "transform_matrix": [
        [
          -0.582959,
          -0.365956,
          0.72542,
          3.757298
        ],
        [
          -0.81181,
          0.225508,
          -0.53862,
          4.978615
        ],
        [
          0.033524,
          -0.902897,
          -0.428549,
          1.368425
        ],
        [
          0.0,
          0.0,
          0.0,
          1.0
        ]
      ]
    },
    {
      "file_path": "/media/NFS/ttao/scannet/posed_images/scene0634_00/00234.jpg",
      "transform_matrix": [
        [
          -0.649454,
          -0.356863,
          0.67146,
          3.830184
        ],
        [
          -0.759444,
          0.260119,
          -0.596308,
          4.984983
        ],
        [
          0.038141,
          -0.897211,
          -0.439952,
          1.34829
        ],
        [
          0.0,
          0.0,
          0.0,
          1.0
        ]
      ]
    },
    {
      "file_path": "/media/NFS/ttao/scannet/posed_images/scene0634_00/00236.jpg",
      "transform_matrix": [
        [
          -0.662992,
          -0.349649,
          0.661957,
          3.844909
        ],
        [
          -0.747823,
          0.268347,
          -0.607249,
          4.987377
        ],
        [
          0.03469,
          -0.897628,
          -0.439388,
          1.343087
        ],
        [
          0.0,
          0.0,
          0.0,
          1.0
        ]
      ]
    },
    {
      "file_path": "/media/NFS/ttao/scannet/posed_images/scene0634_00/00248.jpg",
      "transform_matrix": [
        [
          -0.745458,
          -0.326034,
          0.581373,
          3.93089
        ],
        [
          -0.664808,
          0.30061,
          -0.683859,
          4.975733
        ],
        [
          0.048195,
          -0.89629,
          -0.440842,
          1.335779
        ],
        [
          0.0,
          0.0,
          0.0,
          1.0
        ]
      ]
    },
    {
      "file_path": "/media/NFS/ttao/scannet/posed_images/scene0634_00/00253.jpg",
      "transform_matrix": [
        [
          -0.768285,
          -0.339262,
          0.542807,
          3.94109
        ],
        [
          -0.636718,
          0.317882,
          -0.702526,
          4.95139
        ],
        [
          0.065792,
          -0.885354,
          -0.460238,
          1.332203
        ],
        [
          0.0,
          0.0,
          0.0,
          1.0
        ]
      ]
    },
    {
      "file_path": "/media/NFS/ttao/scannet/posed_images/scene0634_00/00257.jpg",
      "transform_matrix": [
        [
          -0.786916,
          -0.329938,
          0.521444,
          3.945259
        ],
        [
          -0.613653,
          0.329749,
          -0.717423,
          4.931176
        ],
        [
          0.064759,
          -0.884538,
          -0.461952,
          1.327477
        ],
        [
          0.0,
          0.0,
          0.0,
          1.0
        ]
      ]
    },
    {
      "file_path": "/media/NFS/ttao/scannet/posed_images/scene0634_00/00263.jpg",
      "transform_matrix": [
        [
          -0.811118,
          -0.295434,
          0.504783,
          3.949075
        ],
        [
          -0.582844,
          0.33629,
          -0.739731,
          4.889894
        ],
        [
          0.048788,
          -0.894219,
          -0.444963,
          1.329413
        ],
        [
          0.0,
          0.0,
          0.0,
          1.0
        ]
      ]
    },
    {
      "file_path": "/media/NFS/ttao/scannet/posed_images/scene0634_00/00272.jpg",
      "transform_matrix": [
        [
          -0.846158,
          -0.255549,
          0.467666,
          3.955125
        ],
        [
          -0.529901,
          0.309974,
          -0.789381,
          4.805621
        ],
        [
          0.056761,
          -0.915757,
          -0.397702,
          1.335887
        ],
        [
          0.0,
          0.0,
          0.0,
          1.0
        ]
      ]
    },
    {
      "file_path": "/media/NFS/ttao/scannet/posed_images/scene0634_00/00278.jpg",
      "transform_matrix": [
        [
          -0.859603,
          -0.23542,
          0.453499,
          3.955816
        ],
        [
          -0.507828,
          0.295438,
          -0.809214,
          4.74694
        ],
        [
          0.056524,
          -0.925902,
          -0.373512,
          1.350515
        ],
        [
          0.0,
          0.0,
          0.0,
          1.0
        ]
      ]
    },
    {
      "file_path": "/media/NFS/ttao/scannet/posed_images/scene0634_00/00280.jpg",
      "transform_matrix": [
        [
          -0.866311,
          -0.225523,
          0.445696,
          3.95323
        ],
        [
          -0.496581,
          0.292431,
          -0.817247,
          4.730436
        ],
        [
          0.053973,
          -0.929314,
          -0.365326,
          1.348899
        ],
        [
          0.0,
          0.0,
          0.0,
          1.0
        ]
      ]
    },
    {
      "file_path": "/media/NFS/ttao/scannet/posed_images/scene0634_00/00289.jpg",
      "transform_matrix": [
        [
          -0.912766,
          -0.168616,
          0.372059,
          3.980198
        ],
        [
          -0.407208,
          0.303661,
          -0.861378,
          4.670578
        ],
        [
          0.032263,
          -0.937741,
          -0.345833,
          1.367293
        ],
        [
          0.0,
          0.0,
          0.0,
          1.0
        ]
      ]
    },
    {
      "file_path": "/media/NFS/ttao/scannet/posed_images/scene0634_00/00296.jpg",
      "transform_matrix": [
        [
          -0.953114,
          -0.160211,
          0.256721,
          4.024814
        ],
        [
          -0.298297,
          0.354681,
          -0.886127,
          4.631554
        ],
        [
          0.050914,
          -0.921159,
          -0.385842,
          1.372481
        ],
        [
          0.0,
          0.0,
          0.0,
          1.0
        ]
      ]
    },
    {
      "file_path": "/media/NFS/ttao/scannet/posed_images/scene0634_00/00300.jpg",
      "transform_matrix": [
        [
          -0.95875,
          -0.14039,
          0.247161,
          4.027528
        ],
        [
          -0.280931,
          0.33551,
          -0.899172,
          4.615519
        ],
        [
          0.04331,
          -0.931517,
          -0.36111,
          1.373454
        ],
        [
          0.0,
          0.0,
          0.0,
          1.0
        ]
      ]
    },
    {
      "file_path": "/media/NFS/ttao/scannet/posed_images/scene0634_00/00306.jpg",
      "transform_matrix": [
        [
          -0.972855,
          -0.125597,
          0.194369,
          4.055391
        ],
        [
          -0.226471,
          0.343997,
          -0.91125,
          4.600033
        ],
        [
          0.047588,
          -0.930533,
          -0.363103,
          1.372079
        ],
        [
          0.0,
          0.0,
          0.0,
          1.0
        ]
      ]
    },
    {
      "file_path": "/media/NFS/ttao/scannet/posed_images/scene0634_00/00315.jpg",
      "transform_matrix": [
        [
          -0.988633,
          -0.091664,
          0.119172,
          4.06449
        ],
        [
          -0.144192,
          0.353592,
          -0.924219,
          4.577548
        ],
        [
          0.042579,
          -0.930898,
          -0.36279,
          1.367832
        ],
        [
          0.0,
          0.0,
          0.0,
          1.0
        ]
      ]
    },
    {
      "file_path": "/media/NFS/ttao/scannet/posed_images/scene0634_00/00317.jpg",
      "transform_matrix": [
        [
          -0.991099,
          -0.083522,
          0.103668,
          4.067863
        ],
        [
          -0.126766,
          0.35423,
          -0.926527,
          4.574522
        ],
        [
          0.040663,
          -0.931421,
          -0.361665,
          1.368024
        ],
        [
          0.0,
          0.0,
          0.0,
          1.0
        ]
      ]
    },
    {
      "file_path": "/media/NFS/ttao/scannet/posed_images/scene0634_00/00328.jpg",
      "transform_matrix": [
        [
          -0.998599,
          -0.049779,
          0.017958,
          4.085299
        ],
        [
          -0.036065,
          0.391833,
          -0.919329,
          4.543593
        ],
        [
          0.038727,
          -0.918689,
          -0.39308,
          1.355257
        ],
        [
          0.0,
          0.0,
          0.0,
          1.0
        ]
      ]
    },
    {
      "file_path": "/media/NFS/ttao/scannet/posed_images/scene0634_00/00334.jpg",
      "transform_matrix": [
        [
          -0.999094,
          -0.042479,
          -0.0025,
          4.063243
        ],
        [
          -0.014777,
          0.401458,
          -0.915758,
          4.519547
        ],
        [
          0.039904,
          -0.914892,
          -0.401722,
          1.355011
        ],
        [
          0.0,
          0.0,
          0.0,
          1.0
        ]
      ]
    },
    {
      "file_path": "/media/NFS/ttao/scannet/posed_images/scene0634_00/00336.jpg",
      "transform_matrix": [
        [
          -0.999099,
          -0.041661,
          -0.008072,
          4.055269
        ],
        [
          -0.00925,
          0.399442,
          -0.916712,
          4.511326
        ],
        [
          0.041415,
          -0.915811,
          -0.399468,
          1.35635
        ],
        [
          0.0,
          0.0,
          0.0,
          1.0
        ]
      ]
    },
    {
      "file_path": "/media/NFS/ttao/scannet/posed_images/scene0634_00/00345.jpg",
      "transform_matrix": [
        [
          -0.999184,
          -0.013687,
          -0.038005,
          3.990834
        ],
        [
          0.029571,
          0.393108,
          -0.919017,
          4.471041
        ],
        [
          0.027519,
          -0.91939,
          -0.392383,
          1.370265
        ],
        [
          0.0,
          0.0,
          0.0,
          1.0
        ]
      ]
    },
    {
      "file_path": "/media/NFS/ttao/scannet/posed_images/scene0634_00/00349.jpg",
      "transform_matrix": [
        [
          -0.99792,
          -0.007692,
          -0.064,
          3.969733
        ],
        [
          0.055843,
          0.392778,
          -0.917936,
          4.465297
        ],
        [
          0.032199,
          -0.919601,
          -0.391531,
          1.371715
        ],
        [
          0.0,
          0.0,
          0.0,
          1.0
        ]
      ]
    },
    {
      "file_path": "/media/NFS/ttao/scannet/posed_images/scene0634_00/00355.jpg",
      "transform_matrix": [
        [
          -0.992663,
          0.006481,
          -0.12074,
          3.904224
        ],
        [
          0.113635,
          0.391236,
          -0.913248,
          4.445471
        ],
        [
          0.041319,
          -0.920268,
          -0.389102,
          1.38915
        ],
        [
          0.0,
          0.0,
          0.0,
          1.0
        ]
      ]
    },
    {
      "file_path": "/media/NFS/ttao/scannet/posed_images/scene0634_00/00366.jpg",
      "transform_matrix": [
        [
          -0.952925,
          0.077361,
          -0.293172,
          3.87797
        ],
        [
          0.299303,
          0.394659,
          -0.868713,
          4.416627
        ],
        [
          0.048498,
          -0.915565,
          -0.399235,
          1.394122
        ],
        [
          0.0,
          0.0,
          0.0,
          1.0
        ]
      ]
    },
    {
      "file_path": "/media/NFS/ttao/scannet/posed_images/scene0634_00/00368.jpg",
      "transform_matrix": [
        [
          -0.945169,
          0.092502,
          -0.313207,
          3.875733
        ],
        [
          0.324205,
          0.381235,
          -0.865766,
          4.412369
        ],
        [
          0.039321,
          -0.919839,
          -0.390322,
          1.391791
        ],
        [
          0.0,
          0.0,
          0.0,
          1.0
        ]
      ]
    },
    {
      "file_path": "/media/NFS/ttao/scannet/posed_images/scene0634_00/00375.jpg",
      "transform_matrix": [
        [
          -0.921609,
          0.116706,
          -0.370156,
          3.898959
        ],
        [
          0.386184,
          0.370845,
          -0.844592,
          4.403437
        ],
        [
          0.038701,
          -0.921333,
          -0.386844,
          1.370399
        ],
        [
          0.0,
          0.0,
          0.0,
          1.0
        ]
      ]
    },
    {
      "file_path": "/media/NFS/ttao/scannet/posed_images/scene0634_00/00381.jpg",
      "transform_matrix": [
        [
          -0.903796,
          0.117849,
          -0.411417,
          3.922962
        ],
        [
          0.424576,
          0.367627,
          -0.827397,
          4.398707
        ],
        [
          0.05374,
          -0.922476,
          -0.382296,
          1.35949
        ],
        [
          0.0,
          0.0,
          0.0,
          1.0
        ]
      ]
    },
    {
      "file_path": "/media/NFS/ttao/scannet/posed_images/scene0634_00/00388.jpg",
      "transform_matrix": [
        [
          -0.880881,
          0.133633,
          -0.454082,
          3.957762
        ],
        [
          0.468985,
          0.376203,
          -0.799077,
          4.381047
        ],
        [
          0.064044,
          -0.91685,
          -0.394062,
          1.349152
        ],
        [
          0.0,
          0.0,
          0.0,
          1.0
        ]
      ]
    },
    {
      "file_path": "/media/NFS/ttao/scannet/posed_images/scene0634_00/00392.jpg",
      "transform_matrix": [
        [
          -0.867495,
          0.155743,
          -0.472437,
          3.960946
        ],
        [
          0.494975,
          0.364785,
          -0.788626,
          4.376064
        ],
        [
          0.049515,
          -0.917974,
          -0.393538,
          1.346819
        ],
        [
          0.0,
          0.0,
          0.0,
          1.0
        ]
      ]
    },
    {
      "file_path": "/media/NFS/ttao/scannet/posed_images/scene0634_00/00400.jpg",
      "transform_matrix": [
        [
          -0.808199,
          0.232941,
          -0.540882,
          3.96652
        ],
        [
          0.588909,
          0.321007,
          -0.741715,
          4.375095
        ],
        [
          0.000851,
          -0.917983,
          -0.396619,
          1.331728
        ],
        [
          0.0,
          0.0,
          0.0,
          1.0
        ]
      ]
    },
    {
      "file_path": "/media/NFS/ttao/scannet/posed_images/scene0634_00/00407.jpg",
      "transform_matrix": [
        [
          -0.718964,
          0.28424,
          -0.63427,
          3.96723
        ],
        [
          0.695029,
          0.300545,
          -0.653152,
          4.367443
        ],
        [
          0.004975,
          -0.910429,
          -0.413636,
          1.328587
        ],
        [
          0.0,
          0.0,
          0.0,
          1.0
        ]
      ]
    },
    {
      "file_path": "/media/NFS/ttao/scannet/posed_images/scene0634_00/00411.jpg",
      "transform_matrix": [
        [
          -0.695444,
          0.303946,
          -0.651133,
          3.957327
        ],
        [
          0.71858,
          0.293685,
          -0.63039,
          4.367599
        ],
        [
          -0.000377,
          -0.906292,
          -0.422652,
          1.318929
        ],
        [
          0.0,
          0.0,
          0.0,
          1.0
        ]
      ]
    },
    {
      "file_path": "/media/NFS/ttao/scannet/posed_images/scene0634_00/00420.jpg",
      "transform_matrix": [
        [
          -0.678251,
          0.319341,
          -0.661814,
          3.945067
        ],
        [
          0.734814,
          0.288751,
          -0.613736,
          4.390242
        ],
        [
          -0.004892,
          -0.902577,
          -0.430501,
          1.317271
        ],
        [
          0.0,
          0.0,
          0.0,
          1.0
        ]
      ]
    },
    {
      "file_path": "/media/NFS/ttao/scannet/posed_images/scene0634_00/00428.jpg",
      "transform_matrix": [
        [
          -0.674069,
          0.294849,
          -0.67727,
          3.95372
        ],
        [
          0.738519,
          0.287437,
          -0.609893,
          4.445136
        ],
        [
          0.014846,
          -0.911287,
          -0.411504,
          1.326255
        ],
        [
          0.0,
          0.0,
          0.0,
          1.0
        ]
      ]
    },
    {
      "file_path": "/media/NFS/ttao/scannet/posed_images/scene0634_00/00433.jpg",
      "transform_matrix": [
        [
          -0.668102,
          0.290068,
          -0.685201,
          3.956786
        ],
        [
          0.744029,
          0.270049,
          -0.611142,
          4.475258
        ],
        [
          0.007765,
          -0.918115,
          -0.396239,
          1.329778
        ],
        [
          0.0,
          0.0,
          0.0,
          1.0
        ]
      ]
    },
    {
      "file_path": "/media/NFS/ttao/scannet/posed_images/scene0634_00/00437.jpg",
      "transform_matrix": [
        [
          -0.669367,
          0.279308,
          -0.688429,
          3.963178
        ],
        [
          0.742668,
          0.276245,
          -0.610027,
          4.501307
        ],
        [
          0.01979,
          -0.919606,
          -0.392343,
          1.327514
        ],
        [
          0.0,
          0.0,
          0.0,
          1.0
        ]
      ]
    },
    {
      "file_path": "/media/NFS/ttao/scannet/posed_images/scene0634_00/00443.jpg",
      "transform_matrix": [
        [
          -0.663966,
          0.266828,
          -0.698535,
          3.974082
        ],
        [
          0.747697,
          0.249277,
          -0.615476,
          4.533277
        ],
        [
          0.009902,
          -0.930948,
          -0.365018,
          1.330178
        ],
        [
          0.0,
          0.0,
          0.0,
          1.0
        ]
      ]
    },
    {
      "file_path": "/media/NFS/ttao/scannet/posed_images/scene0634_00/00450.jpg",
      "transform_matrix": [
        [
          -0.657745,
          0.263144,
          -0.705781,
          3.972523
        ],
        [
          0.753084,
          0.210653,
          -0.623289,
          4.572056
        ],
        [
          -0.01534,
          -0.941478,
          -0.336725,
          1.340644
        ],
        [
          0.0,
          0.0,
          0.0,
          1.0
        ]
      ]
    },
    {
      "file_path": "/media/NFS/ttao/scannet/posed_images/scene0634_00/00460.jpg",
      "transform_matrix": [
        [
          -0.626724,
          0.271455,
          -0.730431,
          3.959904
        ],
        [
          0.778269,
          0.171238,
          -0.604132,
          4.625098
        ],
        [
          -0.038917,
          -0.947095,
          -0.318584,
          1.34095
        ],
        [
          0.0,
          0.0,
          0.0,
          1.0
        ]
      ]
    },
    {
      "file_path": "/media/NFS/ttao/scannet/posed_images/scene0634_00/00465.jpg",
      "transform_matrix": [
        [
          -0.591199,
          0.277665,
          -0.757223,
          3.949807
        ],
        [
          0.80499,
          0.145232,
          -0.575238,
          4.644234
        ],
        [
          -0.049751,
          -0.949637,
          -0.309379,
          1.342689
        ],
        [
          0.0,
          0.0,
          0.0,
          1.0
        ]
      ]
    },
    {
      "file_path": "/media/NFS/ttao/scannet/posed_images/scene0634_00/00471.jpg",
      "transform_matrix": [
        [
          -0.53717,
          0.281608,
          -0.795076,
          3.930827
        ],
        [
          0.840536,
          0.100111,
          -0.532426,
          4.663453
        ],
        [
          -0.07034,
          -0.954293,
          -0.290478,
          1.349035
        ],
        [
          0.0,
          0.0,
          0.0,
          1.0
        ]
      ]
    },
    {
      "file_path": "/media/NFS/ttao/scannet/posed_images/scene0634_00/00478.jpg",
      "transform_matrix": [
        [
          -0.492948,
          0.272275,
          -0.826359,
          3.903522
        ],
        [
          0.865768,
          0.059282,
          -0.496923,
          4.66335
        ],
        [
          -0.086312,
          -0.960392,
          -0.264949,
          1.356213
        ],
        [
          0.0,
          0.0,
          0.0,
          1.0
        ]
      ]
    },
    {
      "file_path": "/media/NFS/ttao/scannet/posed_images/scene0634_00/00480.jpg",
      "transform_matrix": [
        [
          -0.480129,
          0.274057,
          -0.833289,
          3.887502
        ],
        [
          0.872614,
          0.052226,
          -0.485611,
          4.673951
        ],
        [
          -0.089566,
