{
  "frames": [
    {
      "file_path": "/media/NFS/ttao/scannet/posed_images/scene0218_01/00001.jpg",
      "transform_matrix": [
        [
          0.878003,
          -0.224559,
          0.42271,
          3.022111
        ],
        [
          -0.473172,
          -0.273905,
          0.837308,
          6.205231
        ],
        [
          -0.072243,
          -0.935173,
          -0.346745,
          1.455944
        ],
        [
          0.0,
          0.0,
          0.0,
          1.0
        ]
      ]
    },
    {
      "file_path": "/media/NFS/ttao/scannet/posed_images/scene0218_01/00002.jpg",
      "transform_matrix": [
        [
          0.874713,
          -0.220044,
          0.431807,
          3.013993
        ],
        [
          -0.480447,
          -0.276757,
          0.832212,
          6.221943
        ],
        [
          -0.063617,
          -0.935407,
          -0.347802,
          1.451729
        ],
        [
          0.0,
          0.0,
          0.0,
          1.0
        ]
      ]
    },
    {
      "file_path": "/media/NFS/ttao/scannet/posed_images/scene0218_01/00006.jpg",
      "transform_matrix": [
        [
          0.854531,
          -0.218153,
          0.471366,
          2.973067
        ],
        [
          -0.517796,
          -0.286514,
          0.8061,
          6.292819
        ],
        [
          -0.0408,
          -0.932909,
          -0.357794,
          1.437371
        ],
        [
          0.0,
          0.0,
          0.0,
          1.0
        ]
      ]
    },
    {
      "file_path": "/media/NFS/ttao/scannet/posed_images/scene0218_01/00007.jpg",
      "transform_matrix": [
        [
          0.850564,
          -0.220475,
          0.477422,
          2.961175
        ],
        [
          -0.524446,
          -0.288834,
          0.800957,
          6.311493
        ],
        [
          -0.038695,
          -0.931647,
          -0.361299,
          1.437424
        ],
        [
          0.0,
          0.0,
          0.0,
          1.0
        ]
      ]
    },
    {
      "file_path": "/media/NFS/ttao/scannet/posed_images/scene0218_01/00010.jpg",
      "transform_matrix": [
        [
          0.826414,
          -0.240682,
          0.50903,
          2.897988
        ],
        [
          -0.562216,
          -0.303168,
          0.769417,
          6.394211
        ],
        [
          -0.030864,
          -0.922042,
          -0.385858,
          1.437116
        ],
        [
          0.0,
          0.0,
          0.0,
          1.0
        ]
      ]
    },
    {
      "file_path": "/media/NFS/ttao/scannet/posed_images/scene0218_01/00014.jpg",
      "transform_matrix": [
        [
          0.830368,
          -0.253506,
          0.49621,
          2.837117
        ],
        [
          -0.555173,
          -0.300214,
          0.775664,
          6.454778
        ],
        [
          -0.047666,
          -0.919569,
          -0.390028,
          1.431337
        ],
        [
          0.0,
          0.0,
          0.0,
          1.0
        ]
      ]
    },
    {
      "file_path": "/media/NFS/ttao/scannet/posed_images/scene0218_01/00016.jpg",
      "transform_matrix": [
        [
          0.827929,
          -0.246381,
          0.503816,
          2.810356
        ],
        [
          -0.559731,
          -0.306717,
          0.769822,
          6.486207
        ],
        [
          -0.035141,
          -0.919359,
          -0.391847,
          1.42898
        ],
        [
          0.0,
          0.0,
          0.0,
          1.0
        ]
      ]
    },
    {
      "file_path": "/media/NFS/ttao/scannet/posed_images/scene0218_01/00017.jpg",
      "transform_matrix": [
        [
          0.822277,
          -0.243067,
          0.514568,
          2.797452
        ],
        [
          -0.568621,
          -0.314279,
          0.760197,
          6.504392
        ],
        [
          -0.023061,
          -0.917686,
          -0.396637,
          1.42561
        ],
        [
          0.0,
          0.0,
          0.0,
          1.0
        ]
      ]
    },
    {
      "file_path": "/media/NFS/ttao/scannet/posed_images/scene0218_01/00021.jpg",
      "transform_matrix": [
        [
          0.794569,
          -0.241044,
          0.557278,
          2.742741
        ],
        [
          -0.606969,
          -0.339214,
          0.718696,
          6.576712
        ],
        [
          0.015799,
          -0.909303,
          -0.415835,
          1.4141
        ],
        [
          0.0,
          0.0,
          0.0,
          1.0
        ]
      ]
    },
    {
      "file_path": "/media/NFS/ttao/scannet/posed_images/scene0218_01/00024.jpg",
      "transform_matrix": [
        [
          0.783417,
          -0.236539,
          0.574723,
          2.717794
        ],
        [
          -0.620787,
          -0.342001,
          0.70545,
          6.617668
        ],
        [
          0.02969,
          -0.909442,
          -0.414769,
          1.406128
        ],
        [
          0.0,
          0.0,
          0.0,
          1.0
        ]
      ]
    },
    {
      "file_path": "/media/NFS/ttao/scannet/posed_images/scene0218_01/00025.jpg",
      "transform_matrix": [
        [
          0.780358,
          -0.234673,
          0.579629,
          2.709283
        ],
        [
          -0.624377,
          -0.343633,
          0.701477,
          6.629863
        ],
        [
          0.034562,
          -0.90931,
          -0.414681,
          1.400701
        ],
        [
          0.0,
          0.0,
          0.0,
          1.0
        ]
      ]
    },
    {
      "file_path": "/media/NFS/ttao/scannet/posed_images/scene0218_01/00027.jpg",
      "transform_matrix": [
        [
          0.771854,
          -0.243313,
          0.587401,
          2.688367
        ],
        [
          -0.634946,
          -0.342853,
          0.692312,
          6.667294
        ],
        [
          0.032944,
          -0.907331,
          -0.419124,
          1.393729
        ],
        [
          0.0,
          0.0,
          0.0,
          1.0
        ]
      ]
    },
    {
      "file_path": "/media/NFS/ttao/scannet/posed_images/scene0218_01/00030.jpg",
      "transform_matrix": [
        [
          0.755351,
          -0.257695,
          0.602526,
          2.666032
        ],
        [
          -0.655024,
          -0.324535,
          0.682364,
          6.710525
        ],
        [
          0.019699,
          -0.910093,
          -0.413935,
          1.390149
        ],
        [
          0.0,
          0.0,
          0.0,
          1.0
        ]
      ]
    },
    {
      "file_path": "/media/NFS/ttao/scannet/posed_images/scene0218_01/00032.jpg",
      "transform_matrix": [
        [
          0.740834,
          -0.269495,
          0.615254,
          2.654835
        ],
        [
          -0.671685,
          -0.299852,
          0.677442,
          6.73205
        ],
        [
          0.001918,
          -0.915129,
          -0.403157,
          1.385556
        ],
        [
          0.0,
          0.0,
          0.0,
          1.0
        ]
      ]
    },
    {
      "file_path": "/media/NFS/ttao/scannet/posed_images/scene0218_01/00036.jpg",
      "transform_matrix": [
        [
          0.713641,
          -0.306137,
          0.630076,
          2.632296
        ],
        [
          -0.700471,
          -0.302185,
          0.646549,
          6.777697
        ],
        [
          -0.007533,
          -0.902754,
          -0.430091,
          1.382907
        ],
        [
          0.0,
          0.0,
          0.0,
          1.0
        ]
      ]
    },
    {
      "file_path": "/media/NFS/ttao/scannet/posed_images/scene0218_01/00037.jpg",
      "transform_matrix": [
        [
          0.707996,
          -0.308016,
          0.635505,
          2.62322
        ],
        [
          -0.70619,
          -0.301009,
          0.640851,
          6.789438
        ],
        [
          -0.0061,
          -0.902507,
          -0.430631,
          1.384037
        ],
        [
          0.0,
          0.0,
          0.0,
          1.0
        ]
      ]
    },
    {
      "file_path": "/media/NFS/ttao/scannet/posed_images/scene0218_01/00040.jpg",
      "transform_matrix": [
        [
          0.696875,
          -0.318797,
          0.642444,
          2.597362
        ],
        [
          -0.717193,
          -0.309867,
          0.624193,
          6.822011
        ],
        [
          8.1e-05,
          -0.895741,
          -0.444577,
          1.392365
        ],
        [
          0.0,
          0.0,
          0.0,
          1.0
        ]
      ]
    },
    {
      "file_path": "/media/NFS/ttao/scannet/posed_images/scene0218_01/00043.jpg",
      "transform_matrix": [
        [
          0.679187,
          -0.315416,
          0.662735,
          2.570902
        ],
        [
          -0.733936,
          -0.299889,
          0.60943,
          6.843434
        ],
        [
          0.006523,
          -0.900322,
          -0.435176,
          1.392432
        ],
        [
          0.0,
          0.0,
          0.0,
          1.0
        ]
      ]
    },
    {
      "file_path": "/media/NFS/ttao/scannet/posed_images/scene0218_01/00046.jpg",
      "transform_matrix": [
        [
          0.632442,
          -0.349278,
          0.691391,
          2.548976
        ],
        [
          -0.774607,
          -0.285607,
          0.56428,
          6.86016
        ],
        [
          0.000376,
          -0.892431,
          -0.451183,
          1.398578
        ],
        [
          0.0,
          0.0,
          0.0,
          1.0
        ]
      ]
    },
    {
      "file_path": "/media/NFS/ttao/scannet/posed_images/scene0218_01/00047.jpg",
      "transform_matrix": [
        [
          0.6133,
          -0.361654,
          0.702189,
          2.539717
        ],
        [
          -0.789805,
          -0.271323,
          0.550084,
          6.863669
        ],
        [
          -0.00842,
          -0.891959,
          -0.452039,
          1.399641
        ],
        [
          0.0,
          0.0,
          0.0,
          1.0
        ]
      ]
    },
    {
      "file_path": "/media/NFS/ttao/scannet/posed_images/scene0218_01/00051.jpg",
      "transform_matrix": [
        [
          0.53246,
          -0.38151,
          0.755603,
          2.48463
        ],
        [
          -0.845126,
          -0.189608,
          0.499811,
          6.866056
        ],
        [
          -0.047414,
          -0.90471,
          -0.423382,
          1.438233
        ],
        [
          0.0,
          0.0,
          0.0,
          1.0
        ]
      ]
    },
    {
      "file_path": "/media/NFS/ttao/scannet/posed_images/scene0218_01/00054.jpg",
      "transform_matrix": [
        [
          0.519428,
          -0.373871,
          0.768385,
          2.450514
        ],
        [
          -0.852474,
          -0.16461,
          0.496178,
          6.854078
        ],
        [
          -0.059023,
          -0.912756,
          -0.404218,
          1.457835
        ],
        [
          0.0,
          0.0,
          0.0,
          1.0
        ]
      ]
    },
    {
      "file_path": "/media/NFS/ttao/scannet/posed_images/scene0218_01/00055.jpg",
      "transform_matrix": [
        [
          0.516929,
          -0.367893,
          0.772942,
          2.437808
        ],
        [
          -0.854158,
          -0.162015,
          0.494131,
          6.852707
        ],
        [
          -0.056559,
          -0.915645,
          -0.397989,
          1.460477
        ],
        [
          0.0,
          0.0,
          0.0,
          1.0
        ]
      ]
    },
    {
      "file_path": "/media/NFS/ttao/scannet/posed_images/scene0218_01/00058.jpg",
      "transform_matrix": [
        [
          0.504974,
          -0.355792,
          0.786393,
          2.413905
        ],
        [
          -0.861918,
          -0.159496,
          0.48131,
          6.839634
        ],
        [
          -0.04582,
          -0.920855,
          -0.387204,
          1.478246
        ],
        [
          0.0,
          0.0,
          0.0,
          1.0
        ]
      ]
    },
    {
      "file_path": "/media/NFS/ttao/scannet/posed_images/scene0218_01/00061.jpg",
      "transform_matrix": [
        [
          0.484584,
          -0.335543,
          0.80783,
          2.397012
        ],
        [
          -0.873262,
          -0.131814,
          0.469083,
          6.807202
        ],
        [
          -0.050914,
          -0.932757,
          -0.356892,
          1.494673
        ],
        [
          0.0,
          0.0,
          0.0,
          1.0
        ]
      ]
    },
    {
      "file_path": "/media/NFS/ttao/scannet/posed_images/scene0218_01/00063.jpg",
      "transform_matrix": [
        [
          0.471748,
          -0.333509,
          0.816226,
          2.392885
        ],
        [
          -0.880195,
          -0.123468,
          0.45827,
          6.78728
        ],
        [
          -0.05206,
          -0.934627,
          -0.351799,
          1.505323
        ],
        [
          0.0,
          0.0,
          0.0,
          1.0
        ]
      ]
    },
    {
      "file_path": "/media/NFS/ttao/scannet/posed_images/scene0218_01/00066.jpg",
      "transform_matrix": [
        [
          0.454745,
          -0.323131,
          0.829936,
          2.391861
        ],
        [
          -0.888804,
          -0.105139,
          0.446065,
          6.745123
        ],
        [
          -0.056879,
          -0.940496,
          -0.335011,
          1.51771
        ],
        [
          0.0,
          0.0,
          0.0,
          1.0
        ]
      ]
    },
    {
      "file_path": "/media/NFS/ttao/scannet/posed_images/scene0218_01/00069.jpg",
      "transform_matrix": [
        [
          0.442863,
          -0.307805,
          0.842098,
          2.394059
        ],
        [
          -0.894309,
          -0.08471,
          0.439358,
          6.679061
        ],
        [
          -0.063902,
          -0.947671,
          -0.312788,
          1.524464
        ],
        [
          0.0,
          0.0,
          0.0,
          1.0
        ]
      ]
    },
    {
      "file_path": "/media/NFS/ttao/scannet/posed_images/scene0218_01/00070.jpg",
      "transform_matrix": [
        [
          0.448051,
          -0.304296,
          0.840627,
          2.396648
        ],
        [
          -0.89159,
          -0.082981,
          0.445176,
          6.65079
        ],
        [
          -0.065709,
          -0.948956,
          -0.308487,
          1.522596
        ],
        [
          0.0,
          0.0,
          0.0,
          1.0
        ]
      ]
    },
    {
      "file_path": "/media/NFS/ttao/scannet/posed_images/scene0218_01/00074.jpg",
      "transform_matrix": [
        [
          0.470073,
          -0.277279,
          0.837943,
          2.397232
        ],
        [
          -0.881782,
          -0.105971,
          0.459599,
          6.596653
        ],
        [
          -0.038639,
          -0.954928,
          -0.294314,
          1.530973
        ],
        [
          0.0,
          0.0,
          0.0,
          1.0
        ]
      ]
    },
    {
      "file_path": "/media/NFS/ttao/scannet/posed_images/scene0218_01/00075.jpg",
      "transform_matrix": [
        [
          0.473537,
          -0.274612,
          0.83687,
          2.399042
        ],
        [
          -0.880001,
          -0.107704,
          0.4626,
          6.582329
        ],
        [
          -0.036901,
          -0.955504,
          -0.292661,
          1.53134
        ],
        [
          0.0,
          0.0,
          0.0,
          1.0
        ]
      ]
    },
    {
      "file_path": "/media/NFS/ttao/scannet/posed_images/scene0218_01/00079.jpg",
      "transform_matrix": [
        [
          0.481332,
          -0.274141,
          0.832566,
          2.405667
        ],
        [
          -0.875014,
          -0.094274,
          0.474831,
          6.524246
        ],
        [
          -0.051682,
          -0.957058,
          -0.285254,
          1.533111
        ],
        [
          0.0,
          0.0,
          0.0,
          1.0
        ]
      ]
    },
    {
      "file_path": "/media/NFS/ttao/scannet/posed_images/scene0218_01/00080.jpg",
      "transform_matrix": [
        [
          0.488795,
          -0.27178,
          0.828984,
          2.409097
        ],
        [
          -0.870316,
          -0.086286,
          0.484877,
          6.492929
        ],
        [
          -0.06025,
          -0.958483,
          -0.278711,
          1.52985
        ],
        [
          0.0,
          0.0,
          0.0,
          1.0
        ]
      ]
    },
    {
      "file_path": "/media/NFS/ttao/scannet/posed_images/scene0218_01/00082.jpg",
      "transform_matrix": [
        [
          0.49543,
          -0.271598,
          0.825096,
          2.410669
        ],
        [
          -0.866062,
          -0.081196,
          0.4933,
          6.475867
        ],
        [
          -0.066985,
          -0.95898,
          -0.275447,
          1.537702
        ],
        [
          0.0,
          0.0,
          0.0,
          1.0
        ]
      ]
    },
    {
      "file_path": "/media/NFS/ttao/scannet/posed_images/scene0218_01/00085.jpg",
      "transform_matrix": [
        [
          0.498025,
          -0.279842,
          0.820768,
          2.430508
        ],
        [
          -0.863126,
          -0.068744,
          0.500288,
          6.440842
        ],
        [
          -0.083578,
          -0.957582,
          -0.275775,
          1.531651
        ],
        [
          0.0,
          0.0,
          0.0,
          1.0
        ]
      ]
    },
    {
      "file_path": "/media/NFS/ttao/scannet/posed_images/scene0218_01/00087.jpg",
      "transform_matrix": [
        [
          0.495758,
          -0.288811,
          0.819032,
          2.445443
        ],
        [
          -0.863353,
          -0.061757,
          0.500808,
          6.424182
        ],
        [
          -0.094058,
          -0.955392,
          -0.279962,
          1.528141
        ],
        [
          0.0,
          0.0,
          0.0,
          1.0
        ]
      ]
    },
    {
      "file_path": "/media/NFS/ttao/scannet/posed_images/scene0218_01/00091.jpg",
      "transform_matrix": [
        [
          0.478056,
          -0.311079,
          0.821397,
          2.501392
        ],
        [
          -0.872358,
          -0.059298,
          0.485258,
          6.396596
        ],
        [
          -0.102247,
          -0.948532,
          -0.29972,
          1.506186
        ],
        [
          0.0,
          0.0,
          0.0,
          1.0
        ]
      ]
    },
    {
      "file_path": "/media/NFS/ttao/scannet/posed_images/scene0218_01/00093.jpg",
      "transform_matrix": [
        [
          0.478461,
          -0.309329,
          0.821821,
          2.526575
        ],
        [
          -0.872465,
          -0.061521,
          0.48479,
          6.384676
        ],
        [
          -0.0994,
          -0.948963,
          -0.299315,
          1.503673
        ],
        [
          0.0,
          0.0,
          0.0,
          1.0
        ]
      ]
    },
    {
      "file_path": "/media/NFS/ttao/scannet/posed_images/scene0218_01/00095.jpg",
      "transform_matrix": [
        [
          0.480375,
          -0.302499,
          0.823246,
          2.566922
        ],
        [
          -0.872801,
          -0.072448,
          0.482669,
          6.357235
        ],
        [
          -0.086364,
          -0.950392,
          -0.298823,
          1.505882
        ],
        [
          0.0,
          0.0,
          0.0,
          1.0
        ]
      ]
    },
    {
      "file_path": "/media/NFS/ttao/scannet/posed_images/scene0218_01/00097.jpg",
      "transform_matrix": [
        [
          0.477831,
          -0.292103,
          0.828464,
          2.595522
        ],
        [
          -0.875572,
          -0.082063,
          0.476067,
          6.343636
        ],
        [
          -0.071074,
          -0.95286,
          -0.294969,
          1.509175
        ],
        [
          0.0,
          0.0,
          0.0,
          1.0
        ]
      ]
    },
    {
      "file_path": "/media/NFS/ttao/scannet/posed_images/scene0218_01/00100.jpg",
      "transform_matrix": [
        [
          0.479631,
          -0.273199,
          0.833857,
          2.647388
        ],
        [
          -0.875861,
          -0.091527,
          0.473804,
          6.307578
        ],
        [
          -0.053123,
          -0.957594,
          -0.283183,
          1.517731
        ],
        [
          0.0,
          0.0,
          0.0,
          1.0
        ]
      ]
    },
    {
      "file_path": "/media/NFS/ttao/scannet/posed_images/scene0218_01/00104.jpg",
      "transform_matrix": [
        [
          0.451285,
          -0.265886,
          0.851849,
          2.710148
        ],
        [
          -0.89103,
          -0.081774,
          0.446518,
          6.265161
        ],
        [
          -0.049064,
          -0.96053,
          -0.273816,
          1.53182
        ],
        [
          0.0,
          0.0,
          0.0,
          1.0
        ]
      ]
    },
    {
      "file_path": "/media/NFS/ttao/scannet/posed_images/scene0218_01/00105.jpg",
      "transform_matrix": [
        [
          0.449896,
          -0.270201,
          0.851225,
          2.724761
        ],
        [
          -0.891251,
          -0.074857,
          0.447289,
          6.250367
        ],
        [
          -0.057138,
          -0.95989,
          -0.274495,
          1.534392
        ],
        [
          0.0,
          0.0,
          0.0,
          1.0
        ]
      ]
    },
    {
      "file_path": "/media/NFS/ttao/scannet/posed_images/scene0218_01/00108.jpg",
      "transform_matrix": [
        [
          0.439657,
          -0.273708,
          0.855444,
          2.772505
        ],
        [
          -0.894743,
          -0.050401,
          0.443728,
          6.204547
        ],
        [
          -0.078337,
          -0.960491,
          -0.267058,
          1.545251
        ],
        [
          0.0,
          0.0,
          0.0,
          1.0
        ]
      ]
    },
    {
      "file_path": "/media/NFS/ttao/scannet/posed_images/scene0218_01/00111.jpg",
      "transform_matrix": [
        [
          0.444819,
          -0.266028,
          0.855199,
          2.812823
        ],
        [
          -0.890386,
          -0.028264,
          0.454329,
          6.142705
        ],
        [
          -0.096693,
          -0.963551,
          -0.24944,
          1.532371
        ],
        [
          0.0,
          0.0,
          0.0,
          1.0
        ]
      ]
    },
    {
      "file_path": "/media/NFS/ttao/scannet/posed_images/scene0218_01/00112.jpg",
      "transform_matrix": [
        [
          0.446856,
          -0.265628,
          0.85426,
          2.830838
        ],
        [
          -0.889583,
          -0.030894,
          0.455727,
          6.120655
        ],
        [
          -0.094662,
          -0.963581,
          -0.250104,
          1.533124
        ],
        [
          0.0,
          0.0,
          0.0,
          1.0
        ]
      ]
    },
    {
      "file_path": "/media/NFS/ttao/scannet/posed_images/scene0218_01/00115.jpg",
      "transform_matrix": [
        [
          0.446943,
          -0.251938,
          0.858353,
          2.86592
        ],
        [
          -0.891245,
          -0.042849,
          0.451493,
          6.068929
        ],
        [
          -0.076968,
          -0.966794,
          -0.243689,
          1.535124
        ],
        [
          0.0,
          0.0,
          0.0,
          1.0
        ]
      ]
    },
    {
      "file_path": "/media/NFS/ttao/scannet/posed_images/scene0218_01/00119.jpg",
      "transform_matrix": [
        [
          0.451617,
          -0.261587,
          0.853003,
          2.930346
        ],
        [
          -0.889322,
          -0.055097,
          0.45395,
          5.961914
        ],
        [
          -0.07175,
          -0.963606,
          -0.257518,
          1.543333
        ],
        [
          0.0,
          0.0,
          0.0,
          1.0
        ]
      ]
    },
    {
      "file_path": "/media/NFS/ttao/scannet/posed_images/scene0218_01/00120.jpg",
      "transform_matrix": [
        [
          0.436584,
          -0.253322,
          0.863263,
          2.959469
        ],
        [
          -0.896802,
          -0.046073,
          0.440026,
          5.911546
        ],
        [
          -0.071695,
          -0.966284,
          -0.247294,
          1.533047
        ],
        [
          0.0,
          0.0,
          0.0,
          1.0
        ]
      ]
    },
    {
      "file_path": "/media/NFS/ttao/scannet/posed_images/scene0218_01/00122.jpg",
      "transform_matrix": [
        [
          0.418802,
          -0.252722,
          0.872202,
          2.97691
        ],
        [
          -0.905766,
          -0.047771,
          0.421077,
          5.878425
        ],
        [
          -0.06475,
          -0.966359,
          -0.248914,
          1.525862
        ],
        [
          0.0,
          0.0,
          0.0,
          1.0
        ]
      ]
    },
    {
      "file_path": "/media/NFS/ttao/scannet/posed_images/scene0218_01/00126.jpg",
      "transform_matrix": [
        [
          0.39115,
          -0.276009,
          0.877964,
          3.027699
        ],
        [
          -0.918387,
          -0.05515,
          0.391822,
          5.815284
        ],
        [
          -0.059726,
          -0.959572,
          -0.275055,
          1.526239
        ],
        [
          0.0,
          0.0,
          0.0,
          1.0
        ]
      ]
    },
    {
      "file_path": "/media/NFS/ttao/scannet/posed_images/scene0218_01/00128.jpg",
      "transform_matrix": [
        [
          0.380136,
          -0.278005,
          0.882161,
          3.05358
        ],
        [
          -0.922998,
          -0.0524,
          0.38122,
          5.783428
        ],
        [
          -0.059756,
          -0.959149,
          -0.276518,
          1.525443
        ],
        [
          0.0,
          0.0,
          0.0,
          1.0
        ]
      ]
    },
    {
      "file_path": "/media/NFS/ttao/scannet/posed_images/scene0218_01/00131.jpg",
      "transform_matrix": [
        [
          0.35913,
          -0.272984,
          0.892472,
          3.089818
        ],
        [
          -0.930972,
          -0.037463,
          0.363163,
          5.736163
        ],
        [
          -0.065703,
          -0.961289,
          -0.267594,
          1.511722
        ],
        [
          0.0,
          0.0,
          0.0,
          1.0
        ]
      ]
    },
    {
      "file_path": "/media/NFS/ttao/scannet/posed_images/scene0218_01/00134.jpg",
      "transform_matrix": [
        [
          0.343459,
          -0.254922,
          0.903908,
          3.126234
        ],
        [
          -0.937632,
          -0.038047,
          0.345543,
          5.701505
        ],
        [
          -0.053695,
          -0.966213,
          -0.252091,
          1.503884
        ],
        [
          0.0,
          0.0,
          0.0,
          1.0
        ]
      ]
    },
    {
      "file_path": "/media/NFS/ttao/scannet/posed_images/scene0218_01/00136.jpg",
      "transform_matrix": [
        [
          0.353323,
          -0.240146,
          0.904153,
          3.169028
        ],
        [
          -0.934737,
          -0.051553,
          0.351582,
          5.666155
        ],
        [
          -0.037819,
          -0.969367,
          -0.242688,
          1.49447
        ],
        [
          0.0,
          0.0,
          0.0,
          1.0
        ]
      ]
    },
    {
      "file_path": "/media/NFS/ttao/scannet/posed_images/scene0218_01/00137.jpg",
      "transform_matrix": [
        [
          0.356503,
          -0.237335,
          0.903647,
          3.188181
        ],
        [
          -0.933704,
          -0.056126,
          0.35362,
          5.646525
        ],
        [
          -0.033209,
          -0.969805,
          -0.24161,
          1.493752
        ],
        [
          0.0,
          0.0,
          0.0,
          1.0
        ]
      ]
    },
    {
      "file_path": "/media/NFS/ttao/scannet/posed_images/scene0218_01/00140.jpg",
      "transform_matrix": [
        [
          0.336432,
          -0.23699,
          0.911399,
          3.240606
        ],
        [
          -0.941585,
          -0.069019,
          0.329627,
          5.603027
        ],
        [
          -0.015214,
          -0.969057,
          -0.246367,
          1.487398
        ],
        [
          0.0,
          0.0,
          0.0,
          1.0
        ]
      ]
    },
    {
      "file_path": "/media/NFS/ttao/scannet/posed_images/scene0218_01/00144.jpg",
      "transform_matrix": [
        [
          0.324598,
          -0.272896,
          0.905629,
          3.314047
        ],
        [
          -0.945796,
          -0.083195,
          0.313925,
          5.54032
        ],
        [
          -0.010325,
          -0.95844,
          -0.285109,
          1.502151
        ],
        [
          0.0,
          0.0,
          0.0,
          1.0
        ]
      ]
    },
    {
      "file_path": "/media/NFS/ttao/scannet/posed_images/scene0218_01/00145.jpg",
      "transform_matrix": [
        [
          0.317496,
          -0.271587,
          0.908536,
          3.328897
        ],
        [
          -0.948194,
          -0.079646,
          0.307546,
          5.523792
        ],
        [
          -0.011164,
          -0.959113,
          -0.282804,
          1.508655
        ],
        [
          0.0,
          0.0,
          0.0,
          1.0
        ]
      ]
    },
    {
      "file_path": "/media/NFS/ttao/scannet/posed_images/scene0218_01/00148.jpg",
      "transform_matrix": [
        [
          0.314568,
          -0.261259,
          0.912574,
          3.358021
        ],
        [
          -0.948916,
          -0.061607,
          0.309458,
          5.478204
        ],
        [
          -0.024628,
          -0.963301,
          -0.267292,
          1.515427
        ],
        [
          0.0,
          0.0,
          0.0,
          1.0
        ]
      ]
    },
    {
      "file_path": "/media/NFS/ttao/scannet/posed_images/scene0218_01/00151.jpg",
      "transform_matrix": [
        [
          0.322711,
          -0.252283,
          0.912256,
          3.396759
        ],
        [
          -0.945505,
          -0.041797,
          0.322914,
          5.402198
        ],
        [
          -0.043336,
          -0.966751,
          -0.252023,
          1.521283
        ],
        [
          0.0,
          0.0,
          0.0,
          1.0
        ]
      ]
    },
    {
      "file_path": "/media/NFS/ttao/scannet/posed_images/scene0218_01/00153.jpg",
      "transform_matrix": [
        [
          0.333508,
          -0.247063,
          0.909798,
          3.416935
        ],
        [
          -0.941589,
          -0.039458,
          0.334446,
          5.363369
        ],
        [
          -0.046731,
          -0.968196,
          -0.245791,
          1.518056
        ],
        [
          0.0,
          0.0,
          0.0,
          1.0
        ]
      ]
    },
    {
      "file_path": "/media/NFS/ttao/scannet/posed_images/scene0218_01/00155.jpg",
      "transform_matrix": [
        [
          0.345123,
          -0.251408,
          0.904258,
          3.435845
        ],
        [
          -0.937321,
          -0.042893,
          0.345817,
          5.318622
        ],
        [
          -0.048154,
          -0.96693,
          -0.250454,
          1.518351
        ],
        [
          0.0,
          0.0,
          0.0,
          1.0
        ]
      ]
    },
    {
      "file_path": "/media/NFS/ttao/scannet/posed_images/scene0218_01/00159.jpg",
      "transform_matrix": [
        [
          0.352732,
          -0.268396,
          0.896406,
          3.476598
        ],
        [
          -0.933649,
          -0.037184,
          0.356254,
          5.233006
        ],
        [
          -0.062285,
          -0.962591,
          -0.263704,
          1.534086
        ],
        [
          0.0,
          0.0,
          0.0,
          1.0
        ]
      ]
    },
    {
      "file_path": "/media/NFS/ttao/scannet/posed_images/scene0218_01/00160.jpg",
      "transform_matrix": [
        [
          0.356311,
          -0.26792,
          0.895132,
          3.488151
        ],
        [
          -0.932037,
          -0.034302,
          0.360735,
          5.213631
        ],
        [
          -0.065943,
          -0.96283,
          -0.261934,
          1.536476
        ],
        [
          0.0,
          0.0,
          0.0,
          1.0
        ]
      ]
    },
    {
      "file_path": "/media/NFS/ttao/scannet/posed_images/scene0218_01/00164.jpg",
      "transform_matrix": [
        [
          0.360536,
          -0.235675,
          0.90248,
          3.517028
        ],
        [
          -0.930282,
          -0.020582,
          0.366267,
          5.133605
        ],
        [
          -0.067745,
          -0.971614,
          -0.226665,
          1.549007
        ],
        [
          0.0,
          0.0,
          0.0,
          1.0
        ]
      ]
    },
    {
      "file_path": "/media/NFS/ttao/scannet/posed_images/scene0218_01/00166.jpg",
      "transform_matrix": [
        [
          0.351846,
          -0.22366,
          0.908945,
          3.542121
        ],
        [
          -0.932967,
          -0.004949,
          0.359927,
          5.087072
        ],
        [
          -0.076003,
          -0.974655,
          -0.210409,
          1.553941
        ],
        [
          0.0,
          0.0,
          0.0,
          1.0
        ]
      ]
    },
    {
      "file_path": "/media/NFS/ttao/scannet/posed_images/scene0218_01/00167.jpg",
      "transform_matrix": [
        [
          0.346189,
          -0.219297,
          0.912174,
          3.550625
        ],
        [
          -0.935047,
          -0.001448,
          0.354522,
          5.077118
        ],
        [
          -0.076425,
          -0.975657,
          -0.205554,
          1.554477
        ],
        [
          0.0,
          0.0,
          0.0,
          1.0
        ]
      ]
    },
    {
      "file_path": "/media/NFS/ttao/scannet/posed_images/scene0218_01/00171.jpg",
      "transform_matrix": [
        [
          0.31754,
          -0.203773,
          0.926091,
          3.580852
        ],
        [
          -0.944819,
          0.014949,
          0.327251,
          5.028142
        ],
        [
          -0.080529,
          -0.978904,
          -0.187782,
          1.543208
        ],
        [
          0.0,
          0.0,
          0.0,
          1.0
        ]
      ]
    },
    {
      "file_path": "/media/NFS/ttao/scannet/posed_images/scene0218_01/00172.jpg",
      "transform_matrix": [
        [
          0.30716,
          -0.202739,
          0.929812,
          3.58969
        ],
        [
          -0.948308,
          0.016698,
          0.316912,
          5.018077
        ],
        [
          -0.079776,
          -0.979091,
          -0.18713,
          1.537165
        ],
        [
          0.0,
          0.0,
          0.0,
          1.0
        ]
      ]
    },
    {
      "file_path": "/media/NFS/ttao/scannet/posed_images/scene0218_01/00175.jpg",
      "transform_matrix": [
        [
          0.277591,
          -0.21646,
          0.935996,
          3.624221
        ],
        [
          -0.957773,
          0.013634,
          0.287203,
          4.98759
        ],
        [
          -0.074929,
          -0.976196,
          -0.203535,
          1.528795
        ],
        [
          0.0,
          0.0,
          0.0,
          1.0
        ]
      ]
    },
    {
      "file_path": "/media/NFS/ttao/scannet/posed_images/scene0218_01/00178.jpg",
      "transform_matrix": [
        [
          0.250947,
          -0.230668,
          0.940116,
          3.6596
        ],
        [
          -0.965612,
          0.008543,
          0.259849,
          4.962784
        ],
        [
          -0.06797,
          -0.972995,
          -0.220592,
          1.514023
        ],
        [
          0.0,
          0.0,
          0.0,
          1.0
        ]
      ]
    },
    {
      "file_path": "/media/NFS/ttao/scannet/posed_images/scene0218_01/00181.jpg",
      "transform_matrix": [
        [
          0.22073,
          -0.241355,
          0.945,
          3.712182
        ],
        [
          -0.974246,
          -0.008792,
          0.225316,
          4.927899
        ],
        [
          -0.046073,
          -0.970397,
          -0.23708,
          1.509188
        ],
        [
          0.0,
          0.0,
          0.0,
          1.0
        ]
      ]
    },
    {
      "file_path": "/media/NFS/ttao/scannet/posed_images/scene0218_01/00184.jpg",
      "transform_matrix": [
        [
          0.225119,
          -0.244483,
          0.943159,
          3.758425
        ],
        [
          -0.973696,
          -0.021498,
          0.226835,
          4.900907
        ],
        [
          -0.035181,
          -0.969415,
          -0.242892,
          1.507842
        ],
        [
          0.0,
          0.0,
          0.0,
          1.0
        ]
      ]
    },
    {
      "file_path": "/media/NFS/ttao/scannet/posed_images/scene0218_01/00185.jpg",
      "transform_matrix": [
        [
          0.22785,
          -0.242408,
          0.943039,
          3.764941
        ],
        [
          -0.973264,
          -0.027827,
          0.228,
          4.893388
        ],
        [
          -0.029027,
          -0.969775,
          -0.242267,
          1.509045
        ],
        [
          0.0,
          0.0,
          0.0,
          1.0
        ]
      ]
    },
    {
      "file_path": "/media/NFS/ttao/scannet/posed_images/scene0218_01/00187.jpg",
      "transform_matrix": [
        [
          0.225516,
          -0.232527,
          0.946083,
          3.796749
        ],
        [
          -0.974147,
          -0.040403,
          0.222275,
          4.868085
        ],
        [
          -0.013461,
          -0.97175,
          -0.235627,
          1.50705
        ],
        [
          0.0,
          0.0,
          0.0,
          1.0
        ]
      ]
    },
    {
      "file_path": "/media/NFS/ttao/scannet/posed_images/scene0218_01/00191.jpg",
      "transform_matrix": [
        [
          0.207521,
          -0.248442,
          0.946156,
          3.84687
        ],
        [
          -0.977594,
          -0.017774,
          0.20975,
          4.821125
        ],
        [
          -0.035294,
          -0.968484,
          -0.246564,
          1.498972
        ],
        [
          0.0,
          0.0,
          0.0,
          1.0
        ]
      ]
    },
    {
      "file_path": "/media/NFS/ttao/scannet/posed_images/scene0218_01/00194.jpg",
      "transform_matrix": [
        [
          0.214731,
          -0.255671,
          0.942615,
          3.900731
        ],
        [
          -0.974739,
          0.004607,
          0.223299,
          4.768863
        ],
        [
          -0.061433,
          -0.966753,
