{
  "frames": [
    {
      "file_path": "/media/NFS/ttao/scannet/posed_images/scene0412_01/00003.jpg",
      "transform_matrix": [
        [
          0.655986,
          0.088868,
          0.749524,
          4.177426
        ],
        [
          -0.754529,
          0.051926,
          0.65421,
          1.135841
        ],
        [
          0.019219,
          -0.994689,
          0.101116,
          1.770892
        ],
        [
          0.0,
          0.0,
          0.0,
          1.0
        ]
      ]
    },
    {
      "file_path": "/media/NFS/ttao/scannet/posed_images/scene0412_01/00004.jpg",
      "transform_matrix": [
        [
          0.656868,
          0.089155,
          0.748717,
          4.176282
        ],
        [
          -0.753745,
          0.051506,
          0.655146,
          1.136468
        ],
        [
          0.019846,
          -0.994685,
          0.101032,
          1.770295
        ],
        [
          0.0,
          0.0,
          0.0,
          1.0
        ]
      ]
    },
    {
      "file_path": "/media/NFS/ttao/scannet/posed_images/scene0412_01/00011.jpg",
      "transform_matrix": [
        [
          0.683601,
          0.098282,
          0.723209,
          4.163273
        ],
        [
          -0.729298,
          0.05322,
          0.682124,
          1.137255
        ],
        [
          0.028551,
          -0.993735,
          0.108058,
          1.766055
        ],
        [
          0.0,
          0.0,
          0.0,
          1.0
        ]
      ]
    },
    {
      "file_path": "/media/NFS/ttao/scannet/posed_images/scene0412_01/00015.jpg",
      "transform_matrix": [
        [
          0.712076,
          0.108486,
          0.69367,
          4.149656
        ],
        [
          -0.701046,
          0.055689,
          0.710938,
          1.140687
        ],
        [
          0.038497,
          -0.992537,
          0.115708,
          1.75981
        ],
        [
          0.0,
          0.0,
          0.0,
          1.0
        ]
      ]
    },
    {
      "file_path": "/media/NFS/ttao/scannet/posed_images/scene0412_01/00019.jpg",
      "transform_matrix": [
        [
          0.746235,
          0.093273,
          0.659116,
          4.13693
        ],
        [
          -0.664027,
          0.034494,
          0.746913,
          1.154974
        ],
        [
          0.046931,
          -0.995043,
          0.087677,
          1.755607
        ],
        [
          0.0,
          0.0,
          0.0,
          1.0
        ]
      ]
    },
    {
      "file_path": "/media/NFS/ttao/scannet/posed_images/scene0412_01/00024.jpg",
      "transform_matrix": [
        [
          0.801346,
          0.087196,
          0.591813,
          4.106852
        ],
        [
          -0.597313,
          0.062705,
          0.799554,
          1.172163
        ],
        [
          0.032609,
          -0.994216,
          0.102332,
          1.756328
        ],
        [
          0.0,
          0.0,
          0.0,
          1.0
        ]
      ]
    },
    {
      "file_path": "/media/NFS/ttao/scannet/posed_images/scene0412_01/00028.jpg",
      "transform_matrix": [
        [
          0.84169,
          0.101352,
          0.530365,
          4.076559
        ],
        [
          -0.537839,
          0.07035,
          0.840107,
          1.186723
        ],
        [
          0.047835,
          -0.99236,
          0.113724,
          1.74423
        ],
        [
          0.0,
          0.0,
          0.0,
          1.0
        ]
      ]
    },
    {
      "file_path": "/media/NFS/ttao/scannet/posed_images/scene0412_01/00033.jpg",
      "transform_matrix": [
        [
          0.871813,
          0.087593,
          0.481945,
          4.036309
        ],
        [
          -0.486804,
          0.045566,
          0.872322,
          1.223294
        ],
        [
          0.054449,
          -0.995114,
          0.082365,
          1.740615
        ],
        [
          0.0,
          0.0,
          0.0,
          1.0
        ]
      ]
    },
    {
      "file_path": "/media/NFS/ttao/scannet/posed_images/scene0412_01/00037.jpg",
      "transform_matrix": [
        [
          0.891931,
          0.070357,
          0.446665,
          4.004577
        ],
        [
          -0.449803,
          0.037054,
          0.892359,
          1.253291
        ],
        [
          0.046233,
          -0.996833,
          0.064696,
          1.731754
        ],
        [
          0.0,
          0.0,
          0.0,
          1.0
        ]
      ]
    },
    {
      "file_path": "/media/NFS/ttao/scannet/posed_images/scene0412_01/00043.jpg",
      "transform_matrix": [
        [
          0.919216,
          0.060965,
          0.389006,
          3.962441
        ],
        [
          -0.391459,
          0.034988,
          0.91953,
          1.300433
        ],
        [
          0.042448,
          -0.997527,
          0.056027,
          1.714916
        ],
        [
          0.0,
          0.0,
          0.0,
          1.0
        ]
      ]
    },
    {
      "file_path": "/media/NFS/ttao/scannet/posed_images/scene0412_01/00044.jpg",
      "transform_matrix": [
        [
          0.922081,
          0.05942,
          0.382409,
          3.956735
        ],
        [
          -0.38479,
          0.035382,
          0.922326,
          1.307467
        ],
        [
          0.041274,
          -0.997606,
          0.055489,
          1.712088
        ],
        [
          0.0,
          0.0,
          0.0,
          1.0
        ]
      ]
    },
    {
      "file_path": "/media/NFS/ttao/scannet/posed_images/scene0412_01/00049.jpg",
      "transform_matrix": [
        [
          0.938884,
          0.034654,
          0.342485,
          3.940017
        ],
        [
          -0.343787,
          0.043768,
          0.938027,
          1.345615
        ],
        [
          0.017517,
          -0.998441,
          0.053007,
          1.697284
        ],
        [
          0.0,
          0.0,
          0.0,
          1.0
        ]
      ]
    },
    {
      "file_path": "/media/NFS/ttao/scannet/posed_images/scene0412_01/00055.jpg",
      "transform_matrix": [
        [
          0.952099,
          0.044732,
          0.3025,
          3.942702
        ],
        [
          -0.303436,
          0.015711,
          0.952722,
          1.410405
        ],
        [
          0.037865,
          -0.998875,
          0.028532,
          1.67168
        ],
        [
          0.0,
          0.0,
          0.0,
          1.0
        ]
      ]
    },
    {
      "file_path": "/media/NFS/ttao/scannet/posed_images/scene0412_01/00060.jpg",
      "transform_matrix": [
        [
          0.965406,
          0.03313,
          0.258638,
          3.950752
        ],
        [
          -0.258999,
          0.00703,
          0.965852,
          1.466938
        ],
        [
          0.030181,
          -0.999426,
          0.015367,
          1.652642
        ],
        [
          0.0,
          0.0,
          0.0,
          1.0
        ]
      ]
    },
    {
      "file_path": "/media/NFS/ttao/scannet/posed_images/scene0412_01/00061.jpg",
      "transform_matrix": [
        [
          0.967849,
          0.030672,
          0.249656,
          3.956158
        ],
        [
          -0.24993,
          0.005399,
          0.968249,
          1.480258
        ],
        [
          0.02835,
          -0.999515,
          0.012891,
          1.648649
        ],
        [
          0.0,
          0.0,
          0.0,
          1.0
        ]
      ]
    },
    {
      "file_path": "/media/NFS/ttao/scannet/posed_images/scene0412_01/00067.jpg",
      "transform_matrix": [
        [
          0.98489,
          0.005708,
          0.173088,
          3.978887
        ],
        [
          -0.172982,
          -0.015652,
          0.984801,
          1.565346
        ],
        [
          0.00833,
          -0.999861,
          -0.014428,
          1.647292
        ],
        [
          0.0,
          0.0,
          0.0,
          1.0
        ]
      ]
    },
    {
      "file_path": "/media/NFS/ttao/scannet/posed_images/scene0412_01/00071.jpg",
      "transform_matrix": [
        [
          0.989134,
          0.006101,
          0.146892,
          3.990084
        ],
        [
          -0.146241,
          -0.061799,
          0.987317,
          1.614896
        ],
        [
          0.015102,
          -0.99807,
          -0.060235,
          1.637579
        ],
        [
          0.0,
          0.0,
          0.0,
          1.0
        ]
      ]
    },
    {
      "file_path": "/media/NFS/ttao/scannet/posed_images/scene0412_01/00077.jpg",
      "transform_matrix": [
        [
          0.996774,
          -0.019012,
          0.077973,
          4.000592
        ],
        [
          -0.079709,
          -0.121095,
          0.989436,
          1.683516
        ],
        [
          -0.009369,
          -0.992459,
          -0.12222,
          1.629631
        ],
        [
          0.0,
          0.0,
          0.0,
          1.0
        ]
      ]
    },
    {
      "file_path": "/media/NFS/ttao/scannet/posed_images/scene0412_01/00083.jpg",
      "transform_matrix": [
        [
          0.994411,
          0.034737,
          0.099701,
          3.986801
        ],
        [
          -0.093202,
          -0.154829,
          0.983535,
          1.749198
        ],
        [
          0.049601,
          -0.98733,
          -0.150726,
          1.61395
        ],
        [
          0.0,
          0.0,
          0.0,
          1.0
        ]
      ]
    },
    {
      "file_path": "/media/NFS/ttao/scannet/posed_images/scene0412_01/00085.jpg",
      "transform_matrix": [
        [
          0.993769,
          0.038653,
          0.104544,
          3.979172
        ],
        [
          -0.097417,
          -0.15458,
          0.983166,
          1.775607
        ],
        [
          0.054163,
          -0.987224,
          -0.149851,
          1.612892
        ],
        [
          0.0,
          0.0,
          0.0,
          1.0
        ]
      ]
    },
    {
      "file_path": "/media/NFS/ttao/scannet/posed_images/scene0412_01/00088.jpg",
      "transform_matrix": [
        [
          0.994029,
          0.037058,
          0.102635,
          3.965115
        ],
        [
          -0.096784,
          -0.135,
          0.986107,
          1.815841
        ],
        [
          0.050398,
          -0.990152,
          -0.130607,
          1.60976
        ],
        [
          0.0,
          0.0,
          0.0,
          1.0
        ]
      ]
    },
    {
      "file_path": "/media/NFS/ttao/scannet/posed_images/scene0412_01/00095.jpg",
      "transform_matrix": [
        [
          0.991954,
          0.012749,
          0.125957,
          3.918297
        ],
        [
          -0.122791,
          -0.145357,
          0.98173,
          1.906429
        ],
        [
          0.030824,
          -0.989297,
          -0.142622,
          1.607293
        ],
        [
          0.0,
          0.0,
          0.0,
          1.0
        ]
      ]
    },
    {
      "file_path": "/media/NFS/ttao/scannet/posed_images/scene0412_01/00100.jpg",
      "transform_matrix": [
        [
          0.997368,
          -0.017581,
          0.070336,
          3.893128
        ],
        [
          -0.071898,
          -0.115112,
          0.990747,
          1.95531
        ],
        [
          -0.009322,
          -0.993197,
          -0.116073,
          1.614434
        ],
        [
          0.0,
          0.0,
          0.0,
          1.0
        ]
      ]
    },
    {
      "file_path": "/media/NFS/ttao/scannet/posed_images/scene0412_01/00103.jpg",
      "transform_matrix": [
        [
          0.998892,
          -0.030486,
          0.035849,
          3.879628
        ],
        [
          -0.039048,
          -0.111774,
          0.992966,
          1.974544
        ],
        [
          -0.026265,
          -0.993266,
          -0.11284,
          1.606377
        ],
        [
          0.0,
          0.0,
          0.0,
          1.0
        ]
      ]
    },
    {
      "file_path": "/media/NFS/ttao/scannet/posed_images/scene0412_01/00109.jpg",
      "transform_matrix": [
        [
          0.998444,
          -0.005004,
          -0.055536,
          3.867544
        ],
        [
          0.05434,
          -0.136068,
          0.989208,
          2.021397
        ],
        [
          -0.012506,
          -0.990687,
          -0.135584,
          1.594216
        ],
        [
          0.0,
          0.0,
          0.0,
          1.0
        ]
      ]
    },
    {
      "file_path": "/media/NFS/ttao/scannet/posed_images/scene0412_01/00113.jpg",
      "transform_matrix": [
        [
          0.985094,
          -0.017963,
          -0.171078,
          3.878862
        ],
        [
          0.167773,
          -0.119251,
          0.978587,
          2.043908
        ],
        [
          -0.037979,
          -0.992702,
          -0.114459,
          1.602151
        ],
        [
          0.0,
          0.0,
          0.0,
          1.0
        ]
      ]
    },
    {
      "file_path": "/media/NFS/ttao/scannet/posed_images/scene0412_01/00117.jpg",
      "transform_matrix": [
        [
          0.969398,
          -0.00075,
          -0.245494,
          3.891405
        ],
        [
          0.242721,
          -0.146965,
          0.9589,
          2.053302
        ],
        [
          -0.036798,
          -0.989141,
          -0.142285,
          1.594367
        ],
        [
          0.0,
          0.0,
          0.0,
          1.0
        ]
      ]
    },
    {
      "file_path": "/media/NFS/ttao/scannet/posed_images/scene0412_01/00119.jpg",
      "transform_matrix": [
        [
          0.962463,
          0.014858,
          -0.271008,
          3.899021
        ],
        [
          0.270256,
          -0.144638,
          0.951863,
          2.056606
        ],
        [
          -0.025055,
          -0.989373,
          -0.143224,
          1.591143
        ],
        [
          0.0,
          0.0,
          0.0,
          1.0
        ]
      ]
    },
    {
      "file_path": "/media/NFS/ttao/scannet/posed_images/scene0412_01/00124.jpg",
      "transform_matrix": [
        [
          0.93921,
          0.056657,
          -0.338636,
          3.946709
        ],
        [
          0.343177,
          -0.185596,
          0.920752,
          2.092837
        ],
        [
          -0.010683,
          -0.980991,
          -0.193757,
          1.615951
        ],
        [
          0.0,
          0.0,
          0.0,
          1.0
        ]
      ]
    },
    {
      "file_path": "/media/NFS/ttao/scannet/posed_images/scene0412_01/00129.jpg",
      "transform_matrix": [
        [
          0.922095,
          0.102203,
          -0.373222,
          3.953127
        ],
        [
          0.386947,
          -0.234695,
          0.891735,
          2.116403
        ],
        [
          0.003545,
          -0.966681,
          -0.255958,
          1.601072
        ],
        [
          0.0,
          0.0,
          0.0,
          1.0
        ]
      ]
    },
    {
      "file_path": "/media/NFS/ttao/scannet/posed_images/scene0412_01/00135.jpg",
      "transform_matrix": [
        [
          0.860533,
          0.090069,
          -0.50137,
          3.951236
        ],
        [
          0.507686,
          -0.232202,
          0.829661,
          2.152578
        ],
        [
          -0.041693,
          -0.968488,
          -0.245544,
          1.582345
        ],
        [
          0.0,
          0.0,
          0.0,
          1.0
        ]
      ]
    },
    {
      "file_path": "/media/NFS/ttao/scannet/posed_images/scene0412_01/00140.jpg",
      "transform_matrix": [
        [
          0.817303,
          0.109987,
          -0.565614,
          3.941996
        ],
        [
          0.575673,
          -0.198175,
          0.793302,
          2.21868
        ],
        [
          -0.024838,
          -0.973976,
          -0.225285,
          1.57191
        ],
        [
          0.0,
          0.0,
          0.0,
          1.0
        ]
      ]
    },
    {
      "file_path": "/media/NFS/ttao/scannet/posed_images/scene0412_01/00141.jpg",
      "transform_matrix": [
        [
          0.813091,
          0.111852,
          -0.571291,
          3.935615
        ],
        [
          0.581833,
          -0.187891,
          0.791308,
          2.228034
        ],
        [
          -0.018831,
          -0.9758,
          -0.217851,
          1.564292
        ],
        [
          0.0,
          0.0,
          0.0,
          1.0
        ]
      ]
    },
    {
      "file_path": "/media/NFS/ttao/scannet/posed_images/scene0412_01/00147.jpg",
      "transform_matrix": [
        [
          0.803181,
          0.084192,
          -0.589755,
          3.870795
        ],
        [
          0.595399,
          -0.146663,
          0.78993,
          2.29643
        ],
        [
          -0.019989,
          -0.985597,
          -0.167925,
          1.569343
        ],
        [
          0.0,
          0.0,
          0.0,
          1.0
        ]
      ]
    },
    {
      "file_path": "/media/NFS/ttao/scannet/posed_images/scene0412_01/00151.jpg",
      "transform_matrix": [
        [
          0.797176,
          0.08023,
          -0.598393,
          3.805938
        ],
        [
          0.603326,
          -0.142864,
          0.784594,
          2.324563
        ],
        [
          -0.022541,
          -0.986485,
          -0.162292,
          1.578144
        ],
        [
          0.0,
          0.0,
          0.0,
          1.0
        ]
      ]
    },
    {
      "file_path": "/media/NFS/ttao/scannet/posed_images/scene0412_01/00155.jpg",
      "transform_matrix": [
        [
          0.746862,
          0.060562,
          -0.662216,
          3.766092
        ],
        [
          0.663726,
          -0.129,
          0.736768,
          2.372658
        ],
        [
          -0.040806,
          -0.989793,
          -0.136542,
          1.56383
        ],
        [
          0.0,
          0.0,
          0.0,
          1.0
        ]
      ]
    },
    {
      "file_path": "/media/NFS/ttao/scannet/posed_images/scene0412_01/00161.jpg",
      "transform_matrix": [
        [
          0.690884,
          0.095341,
          -0.716651,
          3.715298
        ],
        [
          0.720876,
          -0.166159,
          0.672852,
          2.44379
        ],
        [
          -0.054927,
          -0.981479,
          -0.183526,
          1.538975
        ],
        [
          0.0,
          0.0,
          0.0,
          1.0
        ]
      ]
    },
    {
      "file_path": "/media/NFS/ttao/scannet/posed_images/scene0412_01/00164.jpg",
      "transform_matrix": [
        [
          0.672983,
          0.128574,
          -0.728398,
          3.701025
        ],
        [
          0.738148,
          -0.179637,
          0.650283,
          2.481934
        ],
        [
          -0.047238,
          -0.975294,
          -0.215799,
          1.518945
        ],
        [
          0.0,
          0.0,
          0.0,
          1.0
        ]
      ]
    },
    {
      "file_path": "/media/NFS/ttao/scannet/posed_images/scene0412_01/00171.jpg",
      "transform_matrix": [
        [
          0.576572,
          0.172232,
          -0.798687,
          3.691176
        ],
        [
          0.816295,
          -0.163334,
          0.554062,
          2.581955
        ],
        [
          -0.035025,
          -0.971421,
          -0.234766,
          1.493304
        ],
        [
          0.0,
          0.0,
          0.0,
          1.0
        ]
      ]
    },
    {
      "file_path": "/media/NFS/ttao/scannet/posed_images/scene0412_01/00176.jpg",
      "transform_matrix": [
        [
          0.518467,
          0.239272,
          -0.820939,
          3.685673
        ],
        [
          0.855061,
          -0.153961,
          0.495144,
          2.646391
        ],
        [
          -0.007919,
          -0.958668,
          -0.284416,
          1.472958
        ],
        [
          0.0,
          0.0,
          0.0,
          1.0
        ]
      ]
    },
    {
      "file_path": "/media/NFS/ttao/scannet/posed_images/scene0412_01/00177.jpg",
      "transform_matrix": [
        [
          0.508092,
          0.246876,
          -0.825163,
          3.684863
        ],
        [
          0.861277,
          -0.153018,
          0.484549,
          2.659146
        ],
        [
          -0.006641,
          -0.95689,
          -0.290376,
          1.469707
        ],
        [
          0.0,
          0.0,
          0.0,
          1.0
        ]
      ]
    },
    {
      "file_path": "/media/NFS/ttao/scannet/posed_images/scene0412_01/00184.jpg",
      "transform_matrix": [
        [
          0.436373,
          0.313634,
          -0.843334,
          3.671112
        ],
        [
          0.89927,
          -0.183144,
          0.397205,
          2.769421
        ],
        [
          -0.029875,
          -0.931715,
          -0.361961,
          1.445913
        ],
        [
          0.0,
          0.0,
          0.0,
          1.0
        ]
      ]
    },
    {
      "file_path": "/media/NFS/ttao/scannet/posed_images/scene0412_01/00187.jpg",
      "transform_matrix": [
        [
          0.41364,
          0.31285,
          -0.855001,
          3.662199
        ],
        [
          0.909803,
          -0.177177,
          0.375323,
          2.815783
        ],
        [
          -0.034067,
          -0.933131,
          -0.357919,
          1.432146
        ],
        [
          0.0,
          0.0,
          0.0,
          1.0
        ]
      ]
    },
    {
      "file_path": "/media/NFS/ttao/scannet/posed_images/scene0412_01/00191.jpg",
      "transform_matrix": [
        [
          0.40562,
          0.309798,
          -0.859941,
          3.646741
        ],
        [
          0.913115,
          -0.179699,
          0.365964,
          2.891077
        ],
        [
          -0.041156,
          -0.933667,
          -0.35577,
          1.423681
        ],
        [
          0.0,
          0.0,
          0.0,
          1.0
        ]
      ]
    },
    {
      "file_path": "/media/NFS/ttao/scannet/posed_images/scene0412_01/00197.jpg",
      "transform_matrix": [
        [
          0.450324,
          0.309731,
          -0.837422,
          3.622067
        ],
        [
          0.892228,
          -0.191525,
          0.408958,
          3.003705
        ],
        [
          -0.03372,
          -0.931335,
          -0.362599,
          1.411152
        ],
        [
          0.0,
          0.0,
          0.0,
          1.0
        ]
      ]
    },
    {
      "file_path": "/media/NFS/ttao/scannet/posed_images/scene0412_01/00201.jpg",
      "transform_matrix": [
        [
          0.397875,
          0.25917,
          -0.880072,
          3.613591
        ],
        [
          0.915356,
          -0.176758,
          0.361774,
          3.089899
        ],
        [
          -0.061799,
          -0.94952,
          -0.30756,
          1.405476
        ],
        [
          0.0,
          0.0,
          0.0,
          1.0
        ]
      ]
    },
    {
      "file_path": "/media/NFS/ttao/scannet/posed_images/scene0412_01/00205.jpg",
      "transform_matrix": [
        [
          0.3643,
          0.267066,
          -0.892167,
          3.607965
        ],
        [
          0.925677,
          -0.208788,
          0.315484,
          3.166766
        ],
        [
          -0.102019,
          -0.940789,
          -0.323278,
          1.403843
        ],
        [
          0.0,
          0.0,
          0.0,
          1.0
        ]
      ]
    },
    {
      "file_path": "/media/NFS/ttao/scannet/posed_images/scene0412_01/00211.jpg",
      "transform_matrix": [
        [
          0.328853,
          0.268399,
          -0.905438,
          3.619725
        ],
        [
          0.938106,
          -0.203183,
          0.280489,
          3.269933
        ],
        [
          -0.108686,
          -0.941636,
          -0.318604,
          1.399251
        ],
        [
          0.0,
          0.0,
          0.0,
          1.0
        ]
      ]
    },
    {
      "file_path": "/media/NFS/ttao/scannet/posed_images/scene0412_01/00212.jpg",
      "transform_matrix": [
        [
          0.317699,
          0.269214,
          -0.909171,
          3.622914
        ],
        [
          0.941223,
          -0.205575,
          0.268027,
          3.284538
        ],
        [
          -0.114746,
          -0.940884,
          -0.318701,
          1.400908
        ],
        [
          0.0,
          0.0,
          0.0,
          1.0
        ]
      ]
    },
    {
      "file_path": "/media/NFS/ttao/scannet/posed_images/scene0412_01/00220.jpg",
      "transform_matrix": [
        [
          0.205132,
          0.266618,
          -0.941719,
          3.669553
        ],
        [
          0.97419,
          -0.148232,
          0.170238,
          3.407995
        ],
        [
          -0.094204,
          -0.952335,
          -0.290144,
          1.40345
        ],
        [
          0.0,
          0.0,
          0.0,
          1.0
        ]
      ]
    },
    {
      "file_path": "/media/NFS/ttao/scannet/posed_images/scene0412_01/00224.jpg",
      "transform_matrix": [
        [
          0.134081,
          0.291779,
          -0.947041,
          3.680816
        ],
        [
          0.987066,
          -0.124067,
          0.101524,
          3.477341
        ],
        [
          -0.087874,
          -0.948405,
          -0.30464,
          1.405421
        ],
        [
          0.0,
          0.0,
          0.0,
          1.0
        ]
      ]
    },
    {
      "file_path": "/media/NFS/ttao/scannet/posed_images/scene0412_01/00225.jpg",
      "transform_matrix": [
        [
          0.115371,
          0.295993,
          -0.948197,
          3.682518
        ],
        [
          0.989326,
          -0.119775,
          0.082986,
          3.495014
        ],
        [
          -0.089007,
          -0.947651,
          -0.306652,
          1.403836
        ],
        [
          0.0,
          0.0,
          0.0,
          1.0
        ]
      ]
    },
    {
      "file_path": "/media/NFS/ttao/scannet/posed_images/scene0412_01/00232.jpg",
      "transform_matrix": [
        [
          -0.023291,
          0.286186,
          -0.957891,
          3.67105
        ],
        [
          0.99312,
          -0.103365,
          -0.055029,
          3.610843
        ],
        [
          -0.114761,
          -0.952582,
          -0.281809,
          1.400639
        ],
        [
          0.0,
          0.0,
          0.0,
          1.0
        ]
      ]
    },
    {
      "file_path": "/media/NFS/ttao/scannet/posed_images/scene0412_01/00236.jpg",
      "transform_matrix": [
        [
          -0.062954,
          0.279925,
          -0.957956,
          3.64995
        ],
        [
          0.992418,
          -0.083968,
          -0.089755,
          3.671986
        ],
        [
          -0.105563,
          -0.956343,
          -0.272516,
          1.402774
        ],
        [
          0.0,
          0.0,
          0.0,
          1.0
        ]
      ]
    },
    {
      "file_path": "/media/NFS/ttao/scannet/posed_images/scene0412_01/00239.jpg",
      "transform_matrix": [
        [
          -0.065322,
          0.279436,
          -0.95794,
          3.630643
        ],
        [
          0.993797,
          -0.068368,
          -0.087711,
          3.717126
        ],
        [
          -0.090002,
          -0.957727,
          -0.273237,
          1.398237
        ],
        [
          0.0,
          0.0,
          0.0,
          1.0
        ]
      ]
    },
    {
      "file_path": "/media/NFS/ttao/scannet/posed_images/scene0412_01/00244.jpg",
      "transform_matrix": [
        [
          -0.042502,
          0.277498,
          -0.959786,
          3.595797
        ],
        [
          0.997073,
          -0.049329,
          -0.058415,
          3.79619
        ],
        [
          -0.063555,
          -0.959459,
          -0.274589,
          1.400098
        ],
        [
          0.0,
          0.0,
          0.0,
          1.0
        ]
      ]
    },
    {
      "file_path": "/media/NFS/ttao/scannet/posed_images/scene0412_01/00248.jpg",
      "transform_matrix": [
        [
          -0.050201,
          0.264702,
          -0.963023,
          3.570679
        ],
        [
          0.99601,
          -0.057966,
          -0.067853,
          3.862968
        ],
        [
          -0.073784,
          -0.962586,
          -0.260736,
          1.402205
        ],
        [
          0.0,
          0.0,
          0.0,
          1.0
        ]
      ]
    },
    {
      "file_path": "/media/NFS/ttao/scannet/posed_images/scene0412_01/00252.jpg",
      "transform_matrix": [
        [
          -0.041681,
          0.266452,
          -0.962946,
          3.547523
        ],
        [
          0.996655,
          -0.056715,
          -0.058834,
          3.920648
        ],
        [
          -0.07029,
          -0.962178,
          -0.263197,
          1.398868
        ],
        [
          0.0,
          0.0,
          0.0,
          1.0
        ]
      ]
    },
    {
      "file_path": "/media/NFS/ttao/scannet/posed_images/scene0412_01/00259.jpg",
      "transform_matrix": [
        [
          -0.095437,
          0.281802,
          -0.954714,
          3.511323
        ],
        [
          0.992767,
          -0.043229,
          -0.112,
          4.02052
        ],
        [
          -0.072833,
          -0.958498,
          -0.275638,
          1.390682
        ],
        [
          0.0,
          0.0,
          0.0,
          1.0
        ]
      ]
    },
    {
      "file_path": "/media/NFS/ttao/scannet/posed_images/scene0412_01/00261.jpg",
      "transform_matrix": [
        [
          -0.122612,
          0.28322,
          -0.951185,
          3.501132
        ],
        [
          0.989552,
          -0.038357,
          -0.138979,
          4.049672
        ],
        [
          -0.075846,
          -0.958288,
          -0.275558,
          1.39132
        ],
        [
          0.0,
          0.0,
          0.0,
          1.0
        ]
      ]
    },
    {
      "file_path": "/media/NFS/ttao/scannet/posed_images/scene0412_01/00267.jpg",
      "transform_matrix": [
        [
          -0.152482,
          0.253292,
          -0.955297,
          3.486594
        ],
        [
          0.985318,
          -0.036151,
          -0.166859,
          4.109572
        ],
        [
          -0.076799,
          -0.966714,
          -0.244061,
          1.382286
        ],
        [
          0.0,
          0.0,
          0.0,
          1.0
        ]
      ]
    },
    {
      "file_path": "/media/NFS/ttao/scannet/posed_images/scene0412_01/00272.jpg",
      "transform_matrix": [
        [
          -0.144085,
          0.288234,
          -0.946658,
          3.488621
        ],
        [
          0.986868,
          -0.02874,
          -0.158955,
          4.132089
        ],
        [
          -0.073023,
          -0.957129,
          -0.280308,
          1.345293
        ],
        [
          0.0,
          0.0,
          0.0,
          1.0
        ]
      ]
    },
    {
      "file_path": "/media/NFS/ttao/scannet/posed_images/scene0412_01/00277.jpg",
      "transform_matrix": [
        [
          -0.174535,
          0.356133,
          -0.917991,
          3.476546
        ],
        [
          0.982534,
          0.001883,
          -0.186075,
          4.147245
        ],
        [
          -0.064539,
          -0.934434,
          -0.350241,
          1.335442
        ],
        [
          0.0,
          0.0,
          0.0,
          1.0
        ]
      ]
    },
    {
      "file_path": "/media/NFS/ttao/scannet/posed_images/scene0412_01/00283.jpg",
      "transform_matrix": [
        [
          -0.259692,
          0.344091,
          -0.902309,
          3.448208
        ],
        [
          0.964986,
          0.056755,
          -0.256087,
          4.174571
        ],
        [
          -0.036907,
          -0.93722,
          -0.346781,
          1.321692
        ],
        [
          0.0,
          0.0,
          0.0,
          1.0
        ]
      ]
    },
    {
      "file_path": "/media/NFS/ttao/scannet/posed_images/scene0412_01/00285.jpg",
      "transform_matrix": [
        [
          -0.297732,
          0.34593,
          -0.889768,
          3.436156
        ],
        [
          0.954392,
          0.086229,
          -0.285832,
          4.18305
        ],
        [
          -0.022154,
          -0.934289,
          -0.355826,
          1.314731
        ],
        [
          0.0,
          0.0,
          0.0,
          1.0
        ]
      ]
    },
    {
      "file_path": "/media/NFS/ttao/scannet/posed_images/scene0412_01/00289.jpg",
      "transform_matrix": [
        [
          -0.370942,
          0.320753,
          -0.871504,
          3.41902
        ],
        [
          0.928619,
          0.119728,
          -0.351187,
          4.201181
        ],
        [
          -0.008301,
          -0.939565,
          -0.342269,
          1.302344
        ],
        [
          0.0,
          0.0,
          0.0,
          1.0
        ]
      ]
    },
    {
      "file_path": "/media/NFS/ttao/scannet/posed_images/scene0412_01/00296.jpg",
      "transform_matrix": [
        [
          -0.481499,
          0.31019,
          -0.819719,
          3.405503
        ],
        [
          0.875964,
          0.139309,
          -0.461822,
          4.236854
        ],
        [
          -0.029059,
          -0.940412,
          -0.338793,
          1.292038
        ],
        [
          0.0,
          0.0,
          0.0,
          1.0
        ]
      ]
    },
    {
      "file_path": "/media/NFS/ttao/scannet/posed_images/scene0412_01/00300.jpg",
      "transform_matrix": [
        [
          -0.595082,
          0.274744,
          -0.755243,
          3.411758
        ],
        [
          0.802774,
          0.158992,
          -0.574695,
          4.25399
        ],
        [
          -0.037817,
          -0.948281,
          -0.315171,
          1.287236
        ],
        [
          0.0,
          0.0,
          0.0,
          1.0
        ]
      ]
    },
    {
      "file_path": "/media/NFS/ttao/scannet/posed_images/scene0412_01/00303.jpg",
      "transform_matrix": [
        [
          -0.686674,
          0.248051,
          -0.683336,
          3.419306
        ],
        [
          0.726046,
          0.186765,
          -0.661797,
          4.271035
        ],
        [
          -0.036537,
          -0.950573,
          -0.308343,
          1.291258
        ],
        [
          0.0,
          0.0,
          0.0,
          1.0
        ]
      ]
    },
    {
      "file_path": "/media/NFS/ttao/scannet/posed_images/scene0412_01/00309.jpg",
      "transform_matrix": [
        [
          -0.824661,
          0.191548,
          -0.532205,
          3.432139
        ],
        [
          0.564819,
          0.228626,
          -0.792912,
          4.320057
        ],
        [
          -0.030204,
          -0.954484,
          -0.296729,
          1.294319
        ],
        [
          0.0,
          0.0,
          0.0,
          1.0
        ]
      ]
    },
    {
      "file_path": "/media/NFS/ttao/scannet/posed_images/scene0412_01/00312.jpg",
      "transform_matrix": [
        [
          -0.848299,
          0.177007,
          -0.499056,
          3.470572
        ],
        [
          0.529009,
          0.241995,
          -0.813381,
          4.299201
        ],
        [
          -0.023205,
          -0.953995,
          -0.298922,
          1.31865
        ],
        [
          0.0,
          0.0,
          0.0,
          1.0
        ]
      ]
    },
    {
      "file_path": "/media/NFS/ttao/scannet/posed_images/scene0412_01/00317.jpg",
      "transform_matrix": [
        [
          -0.907729,
          0.163897,
          -0.38622,
          3.482384
        ],
        [
          0.417732,
          0.267296,
          -0.868362,
          4.311694
        ],
        [
          -0.039087,
          -0.949574,
          -0.311097,
          1.323327
        ],
        [
          0.0,
          0.0,
          0.0,
          1.0
        ]
      ]
    },
    {
      "file_path": "/media/NFS/ttao/scannet/posed_images/scene0412_01/00320.jpg",
      "transform_matrix": [
        [
          -0.933363,
          0.151815,
          -0.325249,
          3.495058
        ],
        [
          0.355404,
          0.26409,
          -0.89663,
          4.312698
        ],
        [
          -0.050227,
          -0.952475,
          -0.300447,
          1.323887
        ],
        [
          0.0,
          0.0,
          0.0,
          1.0
        ]
      ]
    },
    {
      "file_path": "/media/NFS/ttao/scannet/posed_images/scene0412_01/00325.jpg",
      "transform_matrix": [
        [
          -0.960521,
          0.116089,
          -0.252831,
          3.516422
        ],
        [
          0.276505,
          0.297923,
          -0.913667,
          4.300812
        ],
        [
          -0.030742,
          -0.947505,
          -0.31826,
          1.32741
        ],
        [
          0.0,
          0.0,
          0.0,
          1.0
        ]
      ]
    },
    {
      "file_path": "/media/NFS/ttao/scannet/posed_images/scene0412_01/00331.jpg",
      "transform_matrix": [
        [
          -0.972757,
          0.081028,
          -0.217204,
          3.546248
        ],
        [
          0.231149,
          0.267461,
          -0.935433,
          4.274036
        ],
        [
          -0.017702,
          -0.960156,
          -0.278904,
          1.32307
        ],
        [
          0.0,
          0.0,
          0.0,
          1.0
        ]
      ]
    },
    {
      "file_path": "/media/NFS/ttao/scannet/posed_images/scene0412_01/00332.jpg",
      "transform_matrix": [
        [
          -0.971477,
          0.076422,
          -0.224484,
          3.553374
        ],
        [
          0.236875,
          0.26833,
          -0.93375,
          4.268216
        ],
        [
          -0.011123,
          -0.960291,
          -0.278779,
          1.31918
        ],
        [
          0.0,
          0.0,
          0.0,
          1.0
        ]
      ]
    },
    {
      "file_path": "/media/NFS/ttao/scannet/posed_images/scene0412_01/00338.jpg",
      "transform_matrix": [
        [
          -0.965631,
          0.066354,
          -0.251306,
          3.59016
        ],
        [
          0.259327,
          0.311162,
          -0.914291,
          4.224575
        ],
        [
          0.01753,
          -0.948038,
          -0.317674,
          1.322991
        ],
        [
          0.0,
          0.0,
          0.0,
          1.0
        ]
      ]
    },
    {
      "file_path": "/media/NFS/ttao/scannet/posed_images/scene0412_01/00342.jpg",
      "transform_matrix": [
        [
          -0.963963,
          0.058373,
          -0.259552,
          3.617475
        ],
        [
          0.263972,
          0.331148,
          -0.905903,
          4.186803
        ],
        [
          0.03307,
          -0.941771,
          -0.334624,
          1.327435
        ],
        [
