{
  "frames": [
    {
      "file_path": "/media/NFS/ttao/scannet/posed_images/scene0601_00/00000.jpg",
      "transform_matrix": [
        [
          -0.304247,
          -0.490028,
          0.816888,
          5.106345
        ],
        [
          -0.952559,
          0.149207,
          -0.265271,
          4.864983
        ],
        [
          0.008105,
          -0.858842,
          -0.512177,
          1.321156
        ],
        [
          0.0,
          0.0,
          0.0,
          1.0
        ]
      ]
    },
    {
      "file_path": "/media/NFS/ttao/scannet/posed_images/scene0601_00/00007.jpg",
      "transform_matrix": [
        [
          -0.284536,
          -0.479007,
          0.830416,
          5.115939
        ],
        [
          -0.958662,
          0.144654,
          -0.245038,
          4.834394
        ],
        [
          -0.002748,
          -0.86581,
          -0.500365,
          1.330157
        ],
        [
          0.0,
          0.0,
          0.0,
          1.0
        ]
      ]
    },
    {
      "file_path": "/media/NFS/ttao/scannet/posed_images/scene0601_00/00010.jpg",
      "transform_matrix": [
        [
          -0.284877,
          -0.477662,
          0.831074,
          5.118621
        ],
        [
          -0.958549,
          0.146842,
          -0.244175,
          4.815444
        ],
        [
          -0.005404,
          -0.866185,
          -0.499694,
          1.326044
        ],
        [
          0.0,
          0.0,
          0.0,
          1.0
        ]
      ]
    },
    {
      "file_path": "/media/NFS/ttao/scannet/posed_images/scene0601_00/00015.jpg",
      "transform_matrix": [
        [
          -0.28529,
          -0.503232,
          0.815701,
          5.12672
        ],
        [
          -0.958256,
          0.166497,
          -0.232431,
          4.802193
        ],
        [
          -0.018845,
          -0.84796,
          -0.529725,
          1.29807
        ],
        [
          0.0,
          0.0,
          0.0,
          1.0
        ]
      ]
    },
    {
      "file_path": "/media/NFS/ttao/scannet/posed_images/scene0601_00/00025.jpg",
      "transform_matrix": [
        [
          -0.274999,
          -0.543693,
          0.792952,
          5.136935
        ],
        [
          -0.960375,
          0.194234,
          -0.199884,
          4.792704
        ],
        [
          -0.045343,
          -0.816499,
          -0.575563,
          1.25307
        ],
        [
          0.0,
          0.0,
          0.0,
          1.0
        ]
      ]
    },
    {
      "file_path": "/media/NFS/ttao/scannet/posed_images/scene0601_00/00026.jpg",
      "transform_matrix": [
        [
          -0.274422,
          -0.546461,
          0.791248,
          5.140584
        ],
        [
          -0.960532,
          0.19471,
          -0.198661,
          4.793258
        ],
        [
          -0.045503,
          -0.814536,
          -0.578326,
          1.255576
        ],
        [
          0.0,
          0.0,
          0.0,
          1.0
        ]
      ]
    },
    {
      "file_path": "/media/NFS/ttao/scannet/posed_images/scene0601_00/00036.jpg",
      "transform_matrix": [
        [
          -0.272284,
          -0.501677,
          0.821086,
          5.17102
        ],
        [
          -0.961309,
          0.178898,
          -0.209479,
          4.7825
        ],
        [
          -0.0418,
          -0.846354,
          -0.530977,
          1.308434
        ],
        [
          0.0,
          0.0,
          0.0,
          1.0
        ]
      ]
    },
    {
      "file_path": "/media/NFS/ttao/scannet/posed_images/scene0601_00/00041.jpg",
      "transform_matrix": [
        [
          -0.273893,
          -0.472116,
          0.837908,
          5.179001
        ],
        [
          -0.960932,
          0.170495,
          -0.218042,
          4.780984
        ],
        [
          -0.039918,
          -0.864892,
          -0.500368,
          1.322889
        ],
        [
          0.0,
          0.0,
          0.0,
          1.0
        ]
      ]
    },
    {
      "file_path": "/media/NFS/ttao/scannet/posed_images/scene0601_00/00043.jpg",
      "transform_matrix": [
        [
          -0.281957,
          -0.465821,
          0.838756,
          5.185673
        ],
        [
          -0.958865,
          0.166736,
          -0.229733,
          4.786679
        ],
        [
          -0.032836,
          -0.869028,
          -0.493672,
          1.328356
        ],
        [
          0.0,
          0.0,
          0.0,
          1.0
        ]
      ]
    },
    {
      "file_path": "/media/NFS/ttao/scannet/posed_images/scene0601_00/00048.jpg",
      "transform_matrix": [
        [
          -0.306201,
          -0.4393,
          0.844545,
          5.199181
        ],
        [
          -0.951565,
          0.167026,
          -0.258122,
          4.792943
        ],
        [
          -0.027668,
          -0.882676,
          -0.469166,
          1.342305
        ],
        [
          0.0,
          0.0,
          0.0,
          1.0
        ]
      ]
    },
    {
      "file_path": "/media/NFS/ttao/scannet/posed_images/scene0601_00/00054.jpg",
      "transform_matrix": [
        [
          -0.362309,
          -0.398466,
          0.84259,
          5.219225
        ],
        [
          -0.93178,
          0.176941,
          -0.316984,
          4.836514
        ],
        [
          -0.022782,
          -0.899954,
          -0.435389,
          1.359592
        ],
        [
          0.0,
          0.0,
          0.0,
          1.0
        ]
      ]
    },
    {
      "file_path": "/media/NFS/ttao/scannet/posed_images/scene0601_00/00062.jpg",
      "transform_matrix": [
        [
          -0.430904,
          -0.339744,
          0.836,
          5.247037
        ],
        [
          -0.902192,
          0.181957,
          -0.391077,
          4.890044
        ],
        [
          -0.01925,
          -0.922749,
          -0.38492,
          1.393906
        ],
        [
          0.0,
          0.0,
          0.0,
          1.0
        ]
      ]
    },
    {
      "file_path": "/media/NFS/ttao/scannet/posed_images/scene0601_00/00069.jpg",
      "transform_matrix": [
        [
          -0.464125,
          -0.28288,
          0.839385,
          5.270182
        ],
        [
          -0.885655,
          0.163472,
          -0.434617,
          4.90899
        ],
        [
          -0.014272,
          -0.945122,
          -0.326405,
          1.440562
        ],
        [
          0.0,
          0.0,
          0.0,
          1.0
        ]
      ]
    },
    {
      "file_path": "/media/NFS/ttao/scannet/posed_images/scene0601_00/00074.jpg",
      "transform_matrix": [
        [
          -0.480015,
          -0.256998,
          0.838772,
          5.283097
        ],
        [
          -0.877253,
          0.136779,
          -0.460129,
          4.909031
        ],
        [
          0.003526,
          -0.956684,
          -0.291108,
          1.470903
        ],
        [
          0.0,
          0.0,
          0.0,
          1.0
        ]
      ]
    },
    {
      "file_path": "/media/NFS/ttao/scannet/posed_images/scene0601_00/00076.jpg",
      "transform_matrix": [
        [
          -0.479675,
          -0.24674,
          0.84204,
          5.286536
        ],
        [
          -0.877446,
          0.13469,
          -0.460377,
          4.909766
        ],
        [
          0.000179,
          -0.959676,
          -0.281109,
          1.48145
        ],
        [
          0.0,
          0.0,
          0.0,
          1.0
        ]
      ]
    },
    {
      "file_path": "/media/NFS/ttao/scannet/posed_images/scene0601_00/00085.jpg",
      "transform_matrix": [
        [
          -0.517131,
          -0.166212,
          0.839613,
          5.286037
        ],
        [
          -0.855785,
          0.08391,
          -0.510481,
          4.875471
        ],
        [
          0.014395,
          -0.982513,
          -0.185634,
          1.545888
        ],
        [
          0.0,
          0.0,
          0.0,
          1.0
        ]
      ]
    },
    {
      "file_path": "/media/NFS/ttao/scannet/posed_images/scene0601_00/00090.jpg",
      "transform_matrix": [
        [
          -0.547929,
          -0.132677,
          0.825936,
          5.310993
        ],
        [
          -0.836315,
          0.064794,
          -0.544407,
          4.880285
        ],
        [
          0.018715,
          -0.989039,
          -0.146462,
          1.555728
        ],
        [
          0.0,
          0.0,
          0.0,
          1.0
        ]
      ]
    },
    {
      "file_path": "/media/NFS/ttao/scannet/posed_images/scene0601_00/00094.jpg",
      "transform_matrix": [
        [
          -0.568775,
          -0.111557,
          0.814892,
          5.323545
        ],
        [
          -0.822407,
          0.062769,
          -0.565427,
          4.853009
        ],
        [
          0.011928,
          -0.991774,
          -0.127447,
          1.591525
        ],
        [
          0.0,
          0.0,
          0.0,
          1.0
        ]
      ]
    },
    {
      "file_path": "/media/NFS/ttao/scannet/posed_images/scene0601_00/00100.jpg",
      "transform_matrix": [
        [
          -0.636559,
          -0.052717,
          0.769424,
          5.331935
        ],
        [
          -0.771019,
          0.066723,
          -0.633307,
          4.799117
        ],
        [
          -0.017952,
          -0.996378,
          -0.083118,
          1.566836
        ],
        [
          0.0,
          0.0,
          0.0,
          1.0
        ]
      ]
    },
    {
      "file_path": "/media/NFS/ttao/scannet/posed_images/scene0601_00/00105.jpg",
      "transform_matrix": [
        [
          -0.68426,
          -0.046453,
          0.727757,
          5.334885
        ],
        [
          -0.728861,
          0.075682,
          -0.680466,
          4.745478
        ],
        [
          -0.023468,
          -0.996049,
          -0.085644,
          1.593811
        ],
        [
          0.0,
          0.0,
          0.0,
          1.0
        ]
      ]
    },
    {
      "file_path": "/media/NFS/ttao/scannet/posed_images/scene0601_00/00112.jpg",
      "transform_matrix": [
        [
          -0.716336,
          -0.046107,
          0.696231,
          5.367705
        ],
        [
          -0.697675,
          0.032072,
          -0.715697,
          4.760531
        ],
        [
          0.010669,
          -0.998421,
          -0.055142,
          1.618485
        ],
        [
          0.0,
          0.0,
          0.0,
          1.0
        ]
      ]
    },
    {
      "file_path": "/media/NFS/ttao/scannet/posed_images/scene0601_00/00113.jpg",
      "transform_matrix": [
        [
          -0.718855,
          -0.038354,
          0.694101,
          5.365932
        ],
        [
          -0.695103,
          0.026896,
          -0.718407,
          4.765281
        ],
        [
          0.008886,
          -0.998902,
          -0.045994,
          1.610041
        ],
        [
          0.0,
          0.0,
          0.0,
          1.0
        ]
      ]
    },
    {
      "file_path": "/media/NFS/ttao/scannet/posed_images/scene0601_00/00122.jpg",
      "transform_matrix": [
        [
          -0.814561,
          -0.03015,
          0.579294,
          5.383656
        ],
        [
          -0.579732,
          0.076853,
          -0.811175,
          4.833665
        ],
        [
          -0.020063,
          -0.996586,
          -0.08008,
          1.565288
        ],
        [
          0.0,
          0.0,
          0.0,
          1.0
        ]
      ]
    },
    {
      "file_path": "/media/NFS/ttao/scannet/posed_images/scene0601_00/00125.jpg",
      "transform_matrix": [
        [
          -0.839262,
          -0.03629,
          0.542515,
          5.373296
        ],
        [
          -0.543292,
          0.095896,
          -0.834049,
          4.85215
        ],
        [
          -0.021758,
          -0.99473,
          -0.100198,
          1.509275
        ],
        [
          0.0,
          0.0,
          0.0,
          1.0
        ]
      ]
    },
    {
      "file_path": "/media/NFS/ttao/scannet/posed_images/scene0601_00/00135.jpg",
      "transform_matrix": [
        [
          -0.880214,
          -0.039559,
          0.472924,
          5.366415
        ],
        [
          -0.470383,
          0.204891,
          -0.858347,
          4.920986
        ],
        [
          -0.062943,
          -0.977985,
          -0.198956,
          1.450933
        ],
        [
          0.0,
          0.0,
          0.0,
          1.0
        ]
      ]
    },
    {
      "file_path": "/media/NFS/ttao/scannet/posed_images/scene0601_00/00136.jpg",
      "transform_matrix": [
        [
          -0.881854,
          -0.037255,
          0.470048,
          5.360564
        ],
        [
          -0.466628,
          0.212204,
          -0.85862,
          4.928133
        ],
        [
          -0.067758,
          -0.976515,
          -0.204517,
          1.44417
        ],
        [
          0.0,
          0.0,
          0.0,
          1.0
        ]
      ]
    },
    {
      "file_path": "/media/NFS/ttao/scannet/posed_images/scene0601_00/00141.jpg",
      "transform_matrix": [
        [
          -0.892394,
          -0.039525,
          0.449524,
          5.312525
        ],
        [
          -0.4447,
          0.246233,
          -0.861168,
          4.964303
        ],
        [
          -0.076651,
          -0.968404,
          -0.237314,
          1.433455
        ],
        [
          0.0,
          0.0,
          0.0,
          1.0
        ]
      ]
    },
    {
      "file_path": "/media/NFS/ttao/scannet/posed_images/scene0601_00/00151.jpg",
      "transform_matrix": [
        [
          -0.921087,
          -0.087251,
          0.379454,
          5.283913
        ],
        [
          -0.384331,
          0.35981,
          -0.850192,
          5.024048
        ],
        [
          -0.062351,
          -0.928937,
          -0.364949,
          1.384099
        ],
        [
          0.0,
          0.0,
          0.0,
          1.0
        ]
      ]
    },
    {
      "file_path": "/media/NFS/ttao/scannet/posed_images/scene0601_00/00154.jpg",
      "transform_matrix": [
        [
          -0.925634,
          -0.091662,
          0.36715,
          5.287701
        ],
        [
          -0.373261,
          0.380791,
          -0.845975,
          5.041949
        ],
        [
          -0.062264,
          -0.920107,
          -0.386687,
          1.371544
        ],
        [
          0.0,
          0.0,
          0.0,
          1.0
        ]
      ]
    },
    {
      "file_path": "/media/NFS/ttao/scannet/posed_images/scene0601_00/00161.jpg",
      "transform_matrix": [
        [
          -0.933357,
          -0.099857,
          0.344779,
          5.315333
        ],
        [
          -0.353088,
          0.428278,
          -0.83181,
          5.073102
        ],
        [
          -0.064599,
          -0.898113,
          -0.434995,
          1.351528
        ],
        [
          0.0,
          0.0,
          0.0,
          1.0
        ]
      ]
    },
    {
      "file_path": "/media/NFS/ttao/scannet/posed_images/scene0601_00/00168.jpg",
      "transform_matrix": [
        [
          -0.943176,
          -0.115816,
          0.311456,
          5.381433
        ],
        [
          -0.329357,
          0.450129,
          -0.830004,
          5.125401
        ],
        [
          -0.044068,
          -0.885421,
          -0.462696,
          1.323581
        ],
        [
          0.0,
          0.0,
          0.0,
          1.0
        ]
      ]
    },
    {
      "file_path": "/media/NFS/ttao/scannet/posed_images/scene0601_00/00169.jpg",
      "transform_matrix": [
        [
          -0.945994,
          -0.112759,
          0.303943,
          5.392129
        ],
        [
          -0.321168,
          0.453595,
          -0.831326,
          5.134026
        ],
        [
          -0.044128,
          -0.884046,
          -0.465313,
          1.322685
        ],
        [
          0.0,
          0.0,
          0.0,
          1.0
        ]
      ]
    },
    {
      "file_path": "/media/NFS/ttao/scannet/posed_images/scene0601_00/00176.jpg",
      "transform_matrix": [
        [
          -0.963889,
          -0.093206,
          0.249462,
          5.494889
        ],
        [
          -0.262975,
          0.480834,
          -0.836447,
          5.203162
        ],
        [
          -0.041988,
          -0.871844,
          -0.487981,
          1.288305
        ],
        [
          0.0,
          0.0,
          0.0,
          1.0
        ]
      ]
    },
    {
      "file_path": "/media/NFS/ttao/scannet/posed_images/scene0601_00/00184.jpg",
      "transform_matrix": [
        [
          -0.974226,
          -0.070572,
          0.21425,
          5.544252
        ],
        [
          -0.217251,
          0.549162,
          -0.806984,
          5.237811
        ],
        [
          -0.060707,
          -0.832731,
          -0.550339,
          1.268876
        ],
        [
          0.0,
          0.0,
          0.0,
          1.0
        ]
      ]
    },
    {
      "file_path": "/media/NFS/ttao/scannet/posed_images/scene0601_00/00189.jpg",
      "transform_matrix": [
        [
          -0.97969,
          -0.053717,
          0.193187,
          5.541451
        ],
        [
          -0.190172,
          0.554369,
          -0.810253,
          5.2372
        ],
        [
          -0.063573,
          -0.830536,
          -0.553325,
          1.276259
        ],
        [
          0.0,
          0.0,
          0.0,
          1.0
        ]
      ]
    },
    {
      "file_path": "/media/NFS/ttao/scannet/posed_images/scene0601_00/00191.jpg",
      "transform_matrix": [
        [
          -0.982587,
          -0.042191,
          0.18095,
          5.553561
        ],
        [
          -0.17369,
          0.554457,
          -0.813886,
          5.237201
        ],
        [
          -0.06599,
          -0.831142,
          -0.55213,
          1.284983
        ],
        [
          0.0,
          0.0,
          0.0,
          1.0
        ]
      ]
    },
    {
      "file_path": "/media/NFS/ttao/scannet/posed_images/scene0601_00/00200.jpg",
      "transform_matrix": [
        [
          -0.986072,
          0.010776,
          0.165967,
          5.510558
        ],
        [
          -0.135215,
          0.5291,
          -0.837717,
          5.205209
        ],
        [
          -0.096841,
          -0.848491,
          -0.520274,
          1.314545
        ],
        [
          0.0,
          0.0,
          0.0,
          1.0
        ]
      ]
    },
    {
      "file_path": "/media/NFS/ttao/scannet/posed_images/scene0601_00/00205.jpg",
      "transform_matrix": [
        [
          -0.986434,
          0.024522,
          0.162319,
          5.463325
        ],
        [
          -0.127656,
          0.507086,
          -0.852389,
          5.178593
        ],
        [
          -0.103212,
          -0.861546,
          -0.497076,
          1.328484
        ],
        [
          0.0,
          0.0,
          0.0,
          1.0
        ]
      ]
    },
    {
      "file_path": "/media/NFS/ttao/scannet/posed_images/scene0601_00/00210.jpg",
      "transform_matrix": [
        [
          -0.987047,
          0.024345,
          0.158573,
          5.406211
        ],
        [
          -0.126418,
          0.490534,
          -0.862204,
          5.142901
        ],
        [
          -0.098776,
          -0.871082,
          -0.481102,
          1.329237
        ],
        [
          0.0,
          0.0,
          0.0,
          1.0
        ]
      ]
    },
    {
      "file_path": "/media/NFS/ttao/scannet/posed_images/scene0601_00/00217.jpg",
      "transform_matrix": [
        [
          -0.984528,
          0.021419,
          0.173912,
          5.356785
        ],
        [
          -0.142827,
          0.476875,
          -0.867289,
          5.084414
        ],
        [
          -0.101511,
          -0.87871,
          -0.466438,
          1.341931
        ],
        [
          0.0,
          0.0,
          0.0,
          1.0
        ]
      ]
    },
    {
      "file_path": "/media/NFS/ttao/scannet/posed_images/scene0601_00/00219.jpg",
      "transform_matrix": [
        [
          -0.98371,
          0.015009,
          0.179132,
          5.344921
        ],
        [
          -0.150442,
          0.476696,
          -0.866099,
          5.071479
        ],
        [
          -0.098391,
          -0.87894,
          -0.466673,
          1.340651
        ],
        [
          0.0,
          0.0,
          0.0,
          1.0
        ]
      ]
    },
    {
      "file_path": "/media/NFS/ttao/scannet/posed_images/scene0601_00/00227.jpg",
      "transform_matrix": [
        [
          -0.98378,
          0.027693,
          0.177226,
          5.25174
        ],
        [
          -0.141468,
          0.487669,
          -0.86149,
          5.023
        ],
        [
          -0.110285,
          -0.872589,
          -0.475842,
          1.327292
        ],
        [
          0.0,
          0.0,
          0.0,
          1.0
        ]
      ]
    },
    {
      "file_path": "/media/NFS/ttao/scannet/posed_images/scene0601_00/00233.jpg",
      "transform_matrix": [
        [
          -0.987399,
          0.072296,
          0.14077,
          5.189281
        ],
        [
          -0.088507,
          0.485115,
          -0.86996,
          4.989707
        ],
        [
          -0.131184,
          -0.871457,
          -0.472603,
          1.321282
        ],
        [
          0.0,
          0.0,
          0.0,
          1.0
        ]
      ]
    },
    {
      "file_path": "/media/NFS/ttao/scannet/posed_images/scene0601_00/00235.jpg",
      "transform_matrix": [
        [
          -0.988251,
          0.079051,
          0.130811,
          5.178991
        ],
        [
          -0.076545,
          0.484809,
          -0.871264,
          4.98286
        ],
        [
          -0.132293,
          -0.87104,
          -0.473062,
          1.319573
        ],
        [
          0.0,
          0.0,
          0.0,
          1.0
        ]
      ]
    },
    {
      "file_path": "/media/NFS/ttao/scannet/posed_images/scene0601_00/00240.jpg",
      "transform_matrix": [
        [
          -0.989577,
          0.07146,
          0.125022,
          5.156243
        ],
        [
          -0.077729,
          0.465783,
          -0.881478,
          4.966192
        ],
        [
          -0.121224,
          -0.882009,
          -0.455374,
          1.332772
        ],
        [
          0.0,
          0.0,
          0.0,
          1.0
        ]
      ]
    },
    {
      "file_path": "/media/NFS/ttao/scannet/posed_images/scene0601_00/00245.jpg",
      "transform_matrix": [
        [
          -0.986826,
          0.048618,
          0.154304,
          5.159836
        ],
        [
          -0.11955,
          0.423471,
          -0.897987,
          4.934505
        ],
        [
          -0.109002,
          -0.904604,
          -0.41208,
          1.365539
        ],
        [
          0.0,
          0.0,
          0.0,
          1.0
        ]
      ]
    },
    {
      "file_path": "/media/NFS/ttao/scannet/posed_images/scene0601_00/00251.jpg",
      "transform_matrix": [
        [
          -0.980746,
          0.000515,
          0.195289,
          5.166186
        ],
        [
          -0.183095,
          0.345408,
          -0.920418,
          4.89932
        ],
        [
          -0.067929,
          -0.938453,
          -0.338663,
          1.389731
        ],
        [
          0.0,
          0.0,
          0.0,
          1.0
        ]
      ]
    },
    {
      "file_path": "/media/NFS/ttao/scannet/posed_images/scene0601_00/00260.jpg",
      "transform_matrix": [
        [
          -0.96677,
          -0.038172,
          0.252782,
          5.145851
        ],
        [
          -0.253868,
          0.259849,
          -0.931681,
          4.819611
        ],
        [
          -0.030121,
          -0.964895,
          -0.260904,
          1.446761
        ],
        [
          0.0,
          0.0,
          0.0,
          1.0
        ]
      ]
    },
    {
      "file_path": "/media/NFS/ttao/scannet/posed_images/scene0601_00/00263.jpg",
      "transform_matrix": [
        [
          -0.961972,
          -0.015884,
          0.272687,
          5.135273
        ],
        [
          -0.268964,
          0.22917,
          -0.935489,
          4.790172
        ],
        [
          -0.047633,
          -0.973257,
          -0.224727,
          1.469072
        ],
        [
          0.0,
          0.0,
          0.0,
          1.0
        ]
      ]
    },
    {
      "file_path": "/media/NFS/ttao/scannet/posed_images/scene0601_00/00271.jpg",
      "transform_matrix": [
        [
          -0.959376,
          0.037654,
          0.279606,
          5.044645
        ],
        [
          -0.268147,
          0.186432,
          -0.945167,
          4.736536
        ],
        [
          -0.087717,
          -0.981746,
          -0.168762,
          1.520457
        ],
        [
          0.0,
          0.0,
          0.0,
          1.0
        ]
      ]
    },
    {
      "file_path": "/media/NFS/ttao/scannet/posed_images/scene0601_00/00273.jpg",
      "transform_matrix": [
        [
          -0.9563,
          0.040098,
          0.289624,
          5.023118
        ],
        [
          -0.278701,
          0.174504,
          -0.944391,
          4.728902
        ],
        [
          -0.088409,
          -0.98384,
          -0.155703,
          1.528972
        ],
        [
          0.0,
          0.0,
          0.0,
          1.0
        ]
      ]
    },
    {
      "file_path": "/media/NFS/ttao/scannet/posed_images/scene0601_00/00283.jpg",
      "transform_matrix": [
        [
          -0.953634,
          0.03393,
          0.29905,
          4.909307
        ],
        [
          -0.292716,
          0.126534,
          -0.947791,
          4.704001
        ],
        [
          -0.069999,
          -0.991382,
          -0.110735,
          1.560186
        ],
        [
          0.0,
          0.0,
          0.0,
          1.0
        ]
      ]
    },
    {
      "file_path": "/media/NFS/ttao/scannet/posed_images/scene0601_00/00286.jpg",
      "transform_matrix": [
        [
          -0.955065,
          0.036691,
          0.294116,
          4.86839
        ],
        [
          -0.287565,
          0.125717,
          -0.949475,
          4.69196
        ],
        [
          -0.071812,
          -0.991387,
          -0.109517,
          1.564813
        ],
        [
          0.0,
          0.0,
          0.0,
          1.0
        ]
      ]
    },
    {
      "file_path": "/media/NFS/ttao/scannet/posed_images/scene0601_00/00291.jpg",
      "transform_matrix": [
        [
          -0.956402,
          0.056321,
          0.286572,
          4.803754
        ],
        [
          -0.277824,
          0.127099,
          -0.952187,
          4.674592
        ],
        [
          -0.09005,
          -0.99029,
          -0.10591,
          1.542779
        ],
        [
          0.0,
          0.0,
          0.0,
          1.0
        ]
      ]
    },
    {
      "file_path": "/media/NFS/ttao/scannet/posed_images/scene0601_00/00299.jpg",
      "transform_matrix": [
        [
          -0.96239,
          0.03807,
          0.268992,
          4.743477
        ],
        [
          -0.256688,
          0.196859,
          -0.946234,
          4.638422
        ],
        [
          -0.088977,
          -0.979692,
          -0.179683,
          1.464999
        ],
        [
          0.0,
          0.0,
          0.0,
          1.0
        ]
      ]
    },
    {
      "file_path": "/media/NFS/ttao/scannet/posed_images/scene0601_00/00301.jpg",
      "transform_matrix": [
        [
          -0.961377,
          0.03755,
          0.27266,
          4.742621
        ],
        [
          -0.257676,
          0.225365,
          -0.939582,
          4.626682
        ],
        [
          -0.096729,
          -0.973551,
          -0.206985,
          1.447468
        ],
        [
          0.0,
          0.0,
          0.0,
          1.0
        ]
      ]
    },
    {
      "file_path": "/media/NFS/ttao/scannet/posed_images/scene0601_00/00306.jpg",
      "transform_matrix": [
        [
          -0.967215,
          0.015527,
          0.253482,
          4.699375
        ],
        [
          -0.236981,
          0.30362,
          -0.922851,
          4.577978
        ],
        [
          -0.091292,
          -0.952666,
          -0.289986,
          1.40206
        ],
        [
          0.0,
          0.0,
          0.0,
          1.0
        ]
      ]
    },
    {
      "file_path": "/media/NFS/ttao/scannet/posed_images/scene0601_00/00314.jpg",
      "transform_matrix": [
        [
          -0.965064,
          -0.04326,
          0.258419,
          4.652423
        ],
        [
          -0.256708,
          0.353617,
          -0.899475,
          4.501474
        ],
        [
          -0.05247,
          -0.934389,
          -0.352368,
          1.369929
        ],
        [
          0.0,
          0.0,
          0.0,
          1.0
        ]
      ]
    },
    {
      "file_path": "/media/NFS/ttao/scannet/posed_images/scene0601_00/00317.jpg",
      "transform_matrix": [
        [
          -0.959004,
          -0.068784,
          0.274917,
          4.62202
        ],
        [
          -0.280974,
          0.357214,
          -0.890759,
          4.47225
        ],
        [
          -0.036934,
          -0.931486,
          -0.361896,
          1.357076
        ],
        [
          0.0,
          0.0,
          0.0,
          1.0
        ]
      ]
    },
    {
      "file_path": "/media/NFS/ttao/scannet/posed_images/scene0601_00/00324.jpg",
      "transform_matrix": [
        [
          -0.953601,
          -0.078729,
          0.290597,
          4.533409
        ],
        [
          -0.296689,
          0.409829,
          -0.862563,
          4.424348
        ],
        [
          -0.051186,
          -0.908759,
          -0.414171,
          1.344112
        ],
        [
          0.0,
          0.0,
          0.0,
          1.0
        ]
      ]
    },
    {
      "file_path": "/media/NFS/ttao/scannet/posed_images/scene0601_00/00329.jpg",
      "transform_matrix": [
        [
          -0.936096,
          -0.099285,
          0.33744,
          4.457699
        ],
        [
          -0.346699,
          0.422318,
          -0.837524,
          4.399238
        ],
        [
          -0.059354,
          -0.900994,
          -0.429752,
          1.335484
        ],
        [
          0.0,
          0.0,
          0.0,
          1.0
        ]
      ]
    },
    {
      "file_path": "/media/NFS/ttao/scannet/posed_images/scene0601_00/00337.jpg",
      "transform_matrix": [
        [
          -0.888837,
          -0.18016,
          0.42132,
          4.318491
        ],
        [
          -0.455952,
          0.439172,
          -0.774103,
          4.379382
        ],
        [
          -0.04557,
          -0.880153,
          -0.472497,
          1.325076
        ],
        [
          0.0,
          0.0,
          0.0,
          1.0
        ]
      ]
    },
    {
      "file_path": "/media/NFS/ttao/scannet/posed_images/scene0601_00/00340.jpg",
      "transform_matrix": [
        [
          -0.872417,
          -0.192546,
          0.449238,
          4.262906
        ],
        [
          -0.486336,
          0.433464,
          -0.758674,
          4.35465
        ],
        [
          -0.048649,
          -0.880361,
          -0.471803,
          1.333712
        ],
        [
          0.0,
          0.0,
          0.0,
          1.0
        ]
      ]
    },
    {
      "file_path": "/media/NFS/ttao/scannet/posed_images/scene0601_00/00347.jpg",
      "transform_matrix": [
        [
          -0.859679,
          -0.18865,
          0.474724,
          4.186553
        ],
        [
          -0.50712,
          0.427024,
          -0.748652,
          4.328565
        ],
        [
          -0.061485,
          -0.884343,
          -0.462771,
          1.337091
        ],
        [
          0.0,
          0.0,
          0.0,
          1.0
        ]
      ]
    },
    {
      "file_path": "/media/NFS/ttao/scannet/posed_images/scene0601_00/00352.jpg",
      "transform_matrix": [
        [
          -0.856951,
          -0.194197,
          0.477411,
          4.151468
        ],
        [
          -0.511766,
          0.430377,
          -0.743553,
          4.315608
        ],
        [
          -0.061071,
          -0.881512,
          -0.468196,
          1.337021
        ],
        [
          0.0,
          0.0,
          0.0,
          1.0
        ]
      ]
    },
    {
      "file_path": "/media/NFS/ttao/scannet/posed_images/scene0601_00/00355.jpg",
      "transform_matrix": [
        [
          -0.854643,
          -0.197628,
          0.480134,
          4.143655
        ],
        [
          -0.516081,
          0.424804,
          -0.743776,
          4.317402
        ],
        [
          -0.056972,
          -0.883451,
          -0.465048,
          1.32598
        ],
        [
          0.0,
          0.0,
          0.0,
          1.0
        ]
      ]
    },
    {
      "file_path": "/media/NFS/ttao/scannet/posed_images/scene0601_00/00360.jpg",
      "transform_matrix": [
        [
          -0.848227,
          -0.210461,
          0.486022,
          4.127714
        ],
        [
          -0.527182,
          0.423687,
          -0.736592,
          4.316363
        ],
        [
          -0.050897,
          -0.881019,
          -0.470334,
          1.317509
        ],
        [
          0.0,
          0.0,
          0.0,
          1.0
        ]
      ]
    },
    {
      "file_path": "/media/NFS/ttao/scannet/posed_images/scene0601_00/00370.jpg",
      "transform_matrix": [
        [
          -0.911333,
          -0.171366,
          0.374306,
          4.144323
        ],
        [
          -0.409576,
          0.468992,
          -0.782492,
          4.351192
        ],
        [
          -0.041454,
          -0.866418,
          -0.497596,
          1.309377
        ],
        [
          0.0,
          0.0,
          0.0,
          1.0
        ]
      ]
    },
    {
      "file_path": "/media/NFS/ttao/scannet/posed_images/scene0601_00/00371.jpg",
      "transform_matrix": [
        [
          -0.914448,
          -0.173002,
          0.365862,
          4.15435
        ],
        [
          -0.403169,
          0.468086,
          -0.786353,
          4.356689
        ],
        [
          -0.035214,
          -0.866583,
          -0.497789,
          1.313718
        ],
        [
          0.0,
          0.0,
          0.0,
          1.0
        ]
      ]
    },
    {
      "file_path": "/media/NFS/ttao/scannet/posed_images/scene0601_00/00376.jpg",
      "transform_matrix": [
        [
          -0.927077,
          -0.165509,
          0.336354,
          4.208637
        ],
        [
          -0.374516,
          0.447913,
          -0.811857,
          4.402157
        ],
        [
          -0.016287,
          -0.878624,
          -0.477236,
          1.323622
        ],
        [
          0.0,
          0.0,
          0.0,
          1.0
        ]
      ]
    },
    {
      "file_path": "/media/NFS/ttao/scannet/posed_images/scene0601_00/00383.jpg",
      "transform_matrix": [
        [
          -0.966244,
          -0.125592,
          0.224943,
          4.30981
        ],
        [
          -0.257243,
          0.42258,
          -0.869053,
          4.484375
        ],
        [
          0.01409,
          -0.897582,
          -0.440623,
          1.330143
        ],
        [
          0.0,
          0.0,
          0.0,
          1.0
        ]
      ]
    },
    {
      "file_path": "/media/NFS/ttao/scannet/posed_images/scene0601_00/00391.jpg",
      "transform_matrix": [
        [
          -0.993136,
          -0.041228,
          0.109457,
          4.397054
        ],
        [
          -0.116616,
          0.421166,
          -0.899455,
          4.553781
        ],
        [
          -0.009017,
          -0.906046,
          -0.423083,
          1.352365
        ],
        [
          0.0,
          0.0,
          0.0,
          1.0
        ]
      ]
    },
    {
      "file_path": "/media/NFS/ttao/scannet/posed_images/scene0601_00/00398.jpg",
      "transform_matrix": [
        [
          -0.998747,
          -0.008466,
          0.049321,
          4.471929
        ],
        [
          -0.048928,
          0.371968,
          -0.926955,
          4.566669
        ],
        [
          -0.010498,
          -0.928207,
          -0.371917,
          1.368595
        ],
        [
          0.0,
          0.0,
          0.0,
          1.0
        ]
      ]
    },
    {
      "file_path": "/media/NFS/ttao/scannet/posed_images/scene0601_00/00403.jpg",
      "transform_matrix": [
        [
          -0.999512,
          0.020169,
          0.02386,
          4.524699
        ],
        [
          -0.015685,
          0.336548,
          -0.941536,
          4.546088
        ],
        [
          -0.02702,
          -0.94145,
          -0.336067,
          1.366164
        ],
        [
          0.0,
          0.0,
          0.0,
          1.0
        ]
      ]
    },
    {
      "file_path": "/media/NFS/ttao/scannet/posed_images/scene0601_00/00404.jpg",
      "transform_matrix": [
        [
          -0.999392,
          0.030101,
          0.017599,
          4.535697
        ],
        [
          -0.006599,
          0.33235,
          -0.943133,
          4.540595
        ],
        [
          -0.034238,
          -0.942676,
          -0.331949,
          1.362824
        ],
        [
          0.0,
          0.0,
          0.0,
          1.0
        ]
      ]
    },
    {
      "file_path": "/media/NFS/ttao/scannet/posed_images/scene0601_00/00414.jpg",
      "transform_matrix": [
        [
          -0.990487,
          0.112851,
          -0.078747,
          4.643329
        ],
        [
          0.110557,
          0.31186,
          -0.943674,
          4.464136
        ],
        [
          -0.081936,
          -0.943402,
          -0.32137,
          1.352112
        ],
        [
          0.0,
          0.0,
          0.0,
          1.0
        ]
      ]
    },
    {
      "file_path": "/media/NFS/ttao/scannet/posed_images/scene0601_00/00419.jpg",
      "transform_matrix": [
        [
          -0.982927,
          0.120565,
          -0.13899,
          4.682302
        ],
        [
          0.170333,
          0.31059,
          -0.935158,
          4.43764
        ],
        [
          -0.069579,
          -0.942867,
          -0.325823,
          1.349886
        ],
        [
          0.0,
          0.0,
          0.0,
          1.0
        ]
      ]
    },
    {
      "file_path": "/media/NFS/ttao/scannet/posed_images/scene0601_00/00421.jpg",
      "transform_matrix": [
        [
          -0.979314,
          0.123211,
          -0.160507,
          4.704028
        ],
        [
          0.191444,
          0.307346,
          -0.932142,
          4.428411
