{
  "frames": [
    {
      "file_path": "/media/NFS/ttao/scannet/posed_images/scene0353_00/00003.jpg",
      "transform_matrix": [
        [
          -0.800234,
          -0.193686,
          0.567548,
          3.683061
        ],
        [
          -0.599629,
          0.245178,
          -0.761796,
          2.128099
        ],
        [
          0.008399,
          -0.949933,
          -0.31234,
          1.476655
        ],
        [
          0.0,
          0.0,
          0.0,
          1.0
        ]
      ]
    },
    {
      "file_path": "/media/NFS/ttao/scannet/posed_images/scene0353_00/00009.jpg",
      "transform_matrix": [
        [
          -0.801589,
          -0.184797,
          0.5686,
          3.679799
        ],
        [
          -0.597848,
          0.238469,
          -0.765318,
          2.125874
        ],
        [
          0.005835,
          -0.953406,
          -0.301635,
          1.478095
        ],
        [
          0.0,
          0.0,
          0.0,
          1.0
        ]
      ]
    },
    {
      "file_path": "/media/NFS/ttao/scannet/posed_images/scene0353_00/00018.jpg",
      "transform_matrix": [
        [
          -0.791771,
          -0.173115,
          0.585773,
          3.667274
        ],
        [
          -0.610671,
          0.245445,
          -0.752887,
          2.125423
        ],
        [
          -0.013439,
          -0.953828,
          -0.300053,
          1.466759
        ],
        [
          0.0,
          0.0,
          0.0,
          1.0
        ]
      ]
    },
    {
      "file_path": "/media/NFS/ttao/scannet/posed_images/scene0353_00/00027.jpg",
      "transform_matrix": [
        [
          -0.76974,
          -0.155691,
          0.61908,
          3.658764
        ],
        [
          -0.638327,
          0.197207,
          -0.744076,
          2.122971
        ],
        [
          -0.006241,
          -0.96792,
          -0.25118,
          1.499455
        ],
        [
          0.0,
          0.0,
          0.0,
          1.0
        ]
      ]
    },
    {
      "file_path": "/media/NFS/ttao/scannet/posed_images/scene0353_00/00039.jpg",
      "transform_matrix": [
        [
          -0.753251,
          -0.100334,
          0.650036,
          3.628499
        ],
        [
          -0.657517,
          0.089505,
          -0.748105,
          2.1261
        ],
        [
          0.016879,
          -0.99092,
          -0.133391,
          1.571425
        ],
        [
          0.0,
          0.0,
          0.0,
          1.0
        ]
      ]
    },
    {
      "file_path": "/media/NFS/ttao/scannet/posed_images/scene0353_00/00051.jpg",
      "transform_matrix": [
        [
          -0.796478,
          -0.077029,
          0.599741,
          3.612129
        ],
        [
          -0.602386,
          0.014985,
          -0.798065,
          2.144267
        ],
        [
          0.052487,
          -0.996916,
          -0.058336,
          1.563882
        ],
        [
          0.0,
          0.0,
          0.0,
          1.0
        ]
      ]
    },
    {
      "file_path": "/media/NFS/ttao/scannet/posed_images/scene0353_00/00066.jpg",
      "transform_matrix": [
        [
          -0.874284,
          -0.024561,
          0.484794,
          3.66558
        ],
        [
          -0.483922,
          -0.034175,
          -0.874444,
          2.207344
        ],
        [
          0.038045,
          -0.999114,
          0.017993,
          1.588473
        ],
        [
          0.0,
          0.0,
          0.0,
          1.0
        ]
      ]
    },
    {
      "file_path": "/media/NFS/ttao/scannet/posed_images/scene0353_00/00069.jpg",
      "transform_matrix": [
        [
          -0.886598,
          -0.014467,
          0.462315,
          3.673464
        ],
        [
          -0.461821,
          -0.028069,
          -0.886529,
          2.214185
        ],
        [
          0.025802,
          -0.999501,
          0.018205,
          1.590811
        ],
        [
          0.0,
          0.0,
          0.0,
          1.0
        ]
      ]
    },
    {
      "file_path": "/media/NFS/ttao/scannet/posed_images/scene0353_00/00080.jpg",
      "transform_matrix": [
        [
          -0.937779,
          -0.041409,
          0.344754,
          3.698241
        ],
        [
          -0.346725,
          0.058061,
          -0.936168,
          2.209295
        ],
        [
          0.018749,
          -0.997454,
          -0.068806,
          1.562715
        ],
        [
          0.0,
          0.0,
          0.0,
          1.0
        ]
      ]
    },
    {
      "file_path": "/media/NFS/ttao/scannet/posed_images/scene0353_00/00089.jpg",
      "transform_matrix": [
        [
          -0.918865,
          -0.121341,
          0.375451,
          3.693452
        ],
        [
          -0.39338,
          0.207807,
          -0.895583,
          2.210464
        ],
        [
          0.030649,
          -0.970614,
          -0.23868,
          1.497447
        ],
        [
          0.0,
          0.0,
          0.0,
          1.0
        ]
      ]
    },
    {
      "file_path": "/media/NFS/ttao/scannet/posed_images/scene0353_00/00101.jpg",
      "transform_matrix": [
        [
          -0.843123,
          -0.240313,
          0.481034,
          3.598589
        ],
        [
          -0.535429,
          0.292673,
          -0.79225,
          2.278665
        ],
        [
          0.049603,
          -0.925523,
          -0.37543,
          1.408428
        ],
        [
          0.0,
          0.0,
          0.0,
          1.0
        ]
      ]
    },
    {
      "file_path": "/media/NFS/ttao/scannet/posed_images/scene0353_00/00113.jpg",
      "transform_matrix": [
        [
          -0.777287,
          -0.328133,
          0.536799,
          3.53849
        ],
        [
          -0.628879,
          0.380369,
          -0.678108,
          2.33628
        ],
        [
          0.018328,
          -0.864667,
          -0.502012,
          1.356619
        ],
        [
          0.0,
          0.0,
          0.0,
          1.0
        ]
      ]
    },
    {
      "file_path": "/media/NFS/ttao/scannet/posed_images/scene0353_00/00125.jpg",
      "transform_matrix": [
        [
          -0.708272,
          -0.382476,
          0.593349,
          3.553771
        ],
        [
          -0.705594,
          0.357247,
          -0.611974,
          2.390906
        ],
        [
          0.022093,
          -0.852107,
          -0.522901,
          1.325932
        ],
        [
          0.0,
          0.0,
          0.0,
          1.0
        ]
      ]
    },
    {
      "file_path": "/media/NFS/ttao/scannet/posed_images/scene0353_00/00128.jpg",
      "transform_matrix": [
        [
          -0.704657,
          -0.38276,
          0.597456,
          3.569629
        ],
        [
          -0.709197,
          0.353441,
          -0.610016,
          2.399215
        ],
        [
          0.022324,
          -0.853566,
          -0.520506,
          1.320073
        ],
        [
          0.0,
          0.0,
          0.0,
          1.0
        ]
      ]
    },
    {
      "file_path": "/media/NFS/ttao/scannet/posed_images/scene0353_00/00137.jpg",
      "transform_matrix": [
        [
          -0.756211,
          -0.374543,
          0.536529,
          3.629716
        ],
        [
          -0.653914,
          0.403409,
          -0.640045,
          2.420136
        ],
        [
          0.023284,
          -0.834852,
          -0.549981,
          1.267867
        ],
        [
          0.0,
          0.0,
          0.0,
          1.0
        ]
      ]
    },
    {
      "file_path": "/media/NFS/ttao/scannet/posed_images/scene0353_00/00152.jpg",
      "transform_matrix": [
        [
          -0.918332,
          -0.215504,
          0.332001,
          3.767033
        ],
        [
          -0.395805,
          0.495233,
          -0.773358,
          2.40997
        ],
        [
          0.002244,
          -0.841607,
          -0.540086,
          1.297843
        ],
        [
          0.0,
          0.0,
          0.0,
          1.0
        ]
      ]
    },
    {
      "file_path": "/media/NFS/ttao/scannet/posed_images/scene0353_00/00158.jpg",
      "transform_matrix": [
        [
          -0.94845,
          -0.170614,
          0.267085,
          3.772353
        ],
        [
          -0.316911,
          0.519232,
          -0.793704,
          2.399642
        ],
        [
          -0.003262,
          -0.83743,
          -0.546535,
          1.303079
        ],
        [
          0.0,
          0.0,
          0.0,
          1.0
        ]
      ]
    },
    {
      "file_path": "/media/NFS/ttao/scannet/posed_images/scene0353_00/00173.jpg",
      "transform_matrix": [
        [
          -0.968438,
          -0.122605,
          0.217015,
          3.732632
        ],
        [
          -0.248997,
          0.436398,
          -0.864614,
          2.375771
        ],
        [
          0.011301,
          -0.891361,
          -0.453153,
          1.369826
        ],
        [
          0.0,
          0.0,
          0.0,
          1.0
        ]
      ]
    },
    {
      "file_path": "/media/NFS/ttao/scannet/posed_images/scene0353_00/00182.jpg",
      "transform_matrix": [
        [
          -0.979686,
          -0.103491,
          0.171771,
          3.72109
        ],
        [
          -0.199009,
          0.396161,
          -0.896355,
          2.379319
        ],
        [
          0.024716,
          -0.91233,
          -0.408709,
          1.384612
        ],
        [
          0.0,
          0.0,
          0.0,
          1.0
        ]
      ]
    },
    {
      "file_path": "/media/NFS/ttao/scannet/posed_images/scene0353_00/00194.jpg",
      "transform_matrix": [
        [
          -0.997742,
          -0.050041,
          0.044803,
          3.757935
        ],
        [
          -0.062439,
          0.44517,
          -0.893267,
          2.3907
        ],
        [
          0.024755,
          -0.894047,
          -0.447289,
          1.357111
        ],
        [
          0.0,
          0.0,
          0.0,
          1.0
        ]
      ]
    },
    {
      "file_path": "/media/NFS/ttao/scannet/posed_images/scene0353_00/00197.jpg",
      "transform_matrix": [
        [
          -0.99931,
          -0.032,
          0.018866,
          3.766748
        ],
        [
          -0.031192,
          0.447018,
          -0.893981,
          2.395617
        ],
        [
          0.020175,
          -0.893953,
          -0.447707,
          1.355244
        ],
        [
          0.0,
          0.0,
          0.0,
          1.0
        ]
      ]
    },
    {
      "file_path": "/media/NFS/ttao/scannet/posed_images/scene0353_00/00209.jpg",
      "transform_matrix": [
        [
          -0.993459,
          0.054931,
          -0.100104,
          3.746607
        ],
        [
          0.114169,
          0.492843,
          -0.862596,
          2.411552
        ],
        [
          0.001953,
          -0.868383,
          -0.495891,
          1.335108
        ],
        [
          0.0,
          0.0,
          0.0,
          1.0
        ]
      ]
    },
    {
      "file_path": "/media/NFS/ttao/scannet/posed_images/scene0353_00/00221.jpg",
      "transform_matrix": [
        [
          -0.987474,
          0.078105,
          -0.137093,
          3.678819
        ],
        [
          0.157756,
          0.504273,
          -0.849012,
          2.456926
        ],
        [
          0.00282,
          -0.860005,
          -0.510279,
          1.323616
        ],
        [
          0.0,
          0.0,
          0.0,
          1.0
        ]
      ]
    },
    {
      "file_path": "/media/NFS/ttao/scannet/posed_images/scene0353_00/00227.jpg",
      "transform_matrix": [
        [
          -0.980704,
          0.104934,
          -0.164947,
          3.65326
        ],
        [
          0.195459,
          0.542699,
          -0.816868,
          2.481384
        ],
        [
          0.003799,
          -0.833347,
          -0.552737,
          1.310766
        ],
        [
          0.0,
          0.0,
          0.0,
          1.0
        ]
      ]
    },
    {
      "file_path": "/media/NFS/ttao/scannet/posed_images/scene0353_00/00244.jpg",
      "transform_matrix": [
        [
          -0.941664,
          0.206961,
          -0.265397,
          3.59212
        ],
        [
          0.336344,
          0.550824,
          -0.76385,
          2.534672
        ],
        [
          -0.0119,
          -0.808554,
          -0.588301,
          1.3007
        ],
        [
          0.0,
          0.0,
          0.0,
          1.0
        ]
      ]
    },
    {
      "file_path": "/media/NFS/ttao/scannet/posed_images/scene0353_00/00253.jpg",
      "transform_matrix": [
        [
          -0.907567,
          0.218949,
          -0.358307,
          3.56785
        ],
        [
          0.419559,
          0.507583,
          -0.752549,
          2.552559
        ],
        [
          0.017101,
          -0.833319,
          -0.552528,
          1.302253
        ],
        [
          0.0,
          0.0,
          0.0,
          1.0
        ]
      ]
    },
    {
      "file_path": "/media/NFS/ttao/scannet/posed_images/scene0353_00/00256.jpg",
      "transform_matrix": [
        [
          -0.896625,
          0.235857,
          -0.374747,
          3.558795
        ],
        [
          0.442617,
          0.501106,
          -0.743628,
          2.5588
        ],
        [
          0.012398,
          -0.832625,
          -0.553699,
          1.304902
        ],
        [
          0.0,
          0.0,
          0.0,
          1.0
        ]
      ]
    },
    {
      "file_path": "/media/NFS/ttao/scannet/posed_images/scene0353_00/00265.jpg",
      "transform_matrix": [
        [
          -0.862771,
          0.276042,
          -0.423589,
          3.527007
        ],
        [
          0.505573,
          0.463115,
          -0.727957,
          2.571635
        ],
        [
          -0.004776,
          -0.842215,
          -0.539121,
          1.321499
        ],
        [
          0.0,
          0.0,
          0.0,
          1.0
        ]
      ]
    },
    {
      "file_path": "/media/NFS/ttao/scannet/posed_images/scene0353_00/00283.jpg",
      "transform_matrix": [
        [
          -0.78178,
          0.260404,
          -0.566577,
          3.473983
        ],
        [
          0.623414,
          0.307127,
          -0.719047,
          2.573979
        ],
        [
          -0.013232,
          -0.915348,
          -0.402445,
          1.412846
        ],
        [
          0.0,
          0.0,
          0.0,
          1.0
        ]
      ]
    },
    {
      "file_path": "/media/NFS/ttao/scannet/posed_images/scene0353_00/00286.jpg",
      "transform_matrix": [
        [
          -0.785012,
          0.238824,
          -0.571593,
          3.474917
        ],
        [
          0.619456,
          0.294458,
          -0.727715,
          2.570754
        ],
        [
          -0.005485,
          -0.925342,
          -0.379094,
          1.425582
        ],
        [
          0.0,
          0.0,
          0.0,
          1.0
        ]
      ]
    },
    {
      "file_path": "/media/NFS/ttao/scannet/posed_images/scene0353_00/00304.jpg",
      "transform_matrix": [
        [
          -0.875946,
          0.109885,
          -0.469727,
          3.513604
        ],
        [
          0.480497,
          0.112137,
          -0.869798,
          2.57925
        ],
        [
          -0.042904,
          -0.987598,
          -0.151025,
          1.536509
        ],
        [
          0.0,
          0.0,
          0.0,
          1.0
        ]
      ]
    },
    {
      "file_path": "/media/NFS/ttao/scannet/posed_images/scene0353_00/00313.jpg",
      "transform_matrix": [
        [
          -0.907114,
          0.058521,
          -0.416797,
          3.540159
        ],
        [
          0.420046,
          0.063359,
          -0.905288,
          2.579411
        ],
        [
          -0.02657,
          -0.996274,
          -0.082055,
          1.556112
        ],
        [
          0.0,
          0.0,
          0.0,
          1.0
        ]
      ]
    },
    {
      "file_path": "/media/NFS/ttao/scannet/posed_images/scene0353_00/00322.jpg",
      "transform_matrix": [
        [
          -0.929167,
          0.012509,
          -0.369449,
          3.558509
        ],
        [
          0.369533,
          0.005145,
          -0.929204,
          2.57673
        ],
        [
          -0.009723,
          -0.999909,
          -0.009403,
          1.577981
        ],
        [
          0.0,
          0.0,
          0.0,
          1.0
        ]
      ]
    },
    {
      "file_path": "/media/NFS/ttao/scannet/posed_images/scene0353_00/00334.jpg",
      "transform_matrix": [
        [
          -0.954312,
          -0.028929,
          -0.297407,
          3.563183
        ],
        [
          0.298398,
          -0.039987,
          -0.953604,
          2.575774
        ],
        [
          0.015695,
          -0.998782,
          0.046793,
          1.601269
        ],
        [
          0.0,
          0.0,
          0.0,
          1.0
        ]
      ]
    },
    {
      "file_path": "/media/NFS/ttao/scannet/posed_images/scene0353_00/00337.jpg",
      "transform_matrix": [
        [
          -0.954236,
          -0.038546,
          -0.296559,
          3.5653
        ],
        [
          0.298352,
          -0.05484,
          -0.952879,
          2.573665
        ],
        [
          0.020466,
          -0.997751,
          0.06383,
          1.610613
        ],
        [
          0.0,
          0.0,
          0.0,
          1.0
        ]
      ]
    },
    {
      "file_path": "/media/NFS/ttao/scannet/posed_images/scene0353_00/00349.jpg",
      "transform_matrix": [
        [
          -0.967465,
          -0.049838,
          -0.248049,
          3.58207
        ],
        [
          0.251689,
          -0.089672,
          -0.963645,
          2.571306
        ],
        [
          0.025783,
          -0.994724,
          0.099298,
          1.631136
        ],
        [
          0.0,
          0.0,
          0.0,
          1.0
        ]
      ]
    },
    {
      "file_path": "/media/NFS/ttao/scannet/posed_images/scene0353_00/00364.jpg",
      "transform_matrix": [
        [
          -0.99851,
          -0.054367,
          0.004592,
          3.651252
        ],
        [
          -0.000896,
          -0.067807,
          -0.997698,
          2.568797
        ],
        [
          0.054553,
          -0.996216,
          0.067658,
          1.618007
        ],
        [
          0.0,
          0.0,
          0.0,
          1.0
        ]
      ]
    },
    {
      "file_path": "/media/NFS/ttao/scannet/posed_images/scene0353_00/00370.jpg",
      "transform_matrix": [
        [
          -0.994618,
          -0.09199,
          0.047674,
          3.680747
        ],
        [
          -0.040337,
          -0.080036,
          -0.995976,
          2.562476
        ],
        [
          0.095435,
          -0.992538,
          0.075895,
          1.591489
        ],
        [
          0.0,
          0.0,
          0.0,
          1.0
        ]
      ]
    },
    {
      "file_path": "/media/NFS/ttao/scannet/posed_images/scene0353_00/00379.jpg",
      "transform_matrix": [
        [
          -0.993512,
          -0.113617,
          -0.00503,
          3.69172
        ],
        [
          0.017093,
          -0.105452,
          -0.994278,
          2.552034
        ],
        [
          0.112436,
          -0.987912,
          0.10671,
          1.590738
        ],
        [
          0.0,
          0.0,
          0.0,
          1.0
        ]
      ]
    },
    {
      "file_path": "/media/NFS/ttao/scannet/posed_images/scene0353_00/00391.jpg",
      "transform_matrix": [
        [
          -0.947828,
          -0.054072,
          -0.314163,
          3.610697
        ],
        [
          0.317374,
          -0.067533,
          -0.945893,
          2.55024
        ],
        [
          0.02993,
          -0.996251,
          0.081171,
          1.608471
        ],
        [
          0.0,
          0.0,
          0.0,
          1.0
        ]
      ]
    },
    {
      "file_path": "/media/NFS/ttao/scannet/posed_images/scene0353_00/00399.jpg",
      "transform_matrix": [
        [
          -0.87681,
          -0.046879,
          -0.478545,
          3.579768
        ],
        [
          0.480794,
          -0.098659,
          -0.871266,
          2.556653
        ],
        [
          -0.006369,
          -0.994017,
          0.109045,
          1.609629
        ],
        [
          0.0,
          0.0,
          0.0,
          1.0
        ]
      ]
    },
    {
      "file_path": "/media/NFS/ttao/scannet/posed_images/scene0353_00/00405.jpg",
      "transform_matrix": [
        [
          -0.827383,
          -0.036532,
          -0.560448,
          3.549433
        ],
        [
          0.561546,
          -0.07179,
          -0.824325,
          2.558468
        ],
        [
          -0.01012,
          -0.996751,
          0.079912,
          1.60618
        ],
        [
          0.0,
          0.0,
          0.0,
          1.0
        ]
      ]
    },
    {
      "file_path": "/media/NFS/ttao/scannet/posed_images/scene0353_00/00423.jpg",
      "transform_matrix": [
        [
          -0.731091,
          0.06275,
          -0.679388,
          3.504459
        ],
        [
          0.682247,
          0.076997,
          -0.727056,
          2.511853
        ],
        [
          0.006688,
          -0.995055,
          -0.099102,
          1.528149
        ],
        [
          0.0,
          0.0,
          0.0,
          1.0
        ]
      ]
    },
    {
      "file_path": "/media/NFS/ttao/scannet/posed_images/scene0353_00/00426.jpg",
      "transform_matrix": [
        [
          -0.721319,
          0.098453,
          -0.68557,
          3.509512
        ],
        [
          0.6926,
          0.105243,
          -0.713603,
          2.493411
        ],
        [
          0.001895,
          -0.989561,
          -0.144102,
          1.508448
        ],
        [
          0.0,
          0.0,
          0.0,
          1.0
        ]
      ]
    },
    {
      "file_path": "/media/NFS/ttao/scannet/posed_images/scene0353_00/00435.jpg",
      "transform_matrix": [
        [
          -0.646822,
          0.212092,
          -0.732556,
          3.527865
        ],
        [
          0.762293,
          0.208831,
          -0.612617,
          2.43601
        ],
        [
          0.023049,
          -0.954676,
          -0.296753,
          1.434794
        ],
        [
          0.0,
          0.0,
          0.0,
          1.0
        ]
      ]
    },
    {
      "file_path": "/media/NFS/ttao/scannet/posed_images/scene0353_00/00453.jpg",
      "transform_matrix": [
        [
          -0.535206,
          0.436922,
          -0.722948,
          3.53521
        ],
        [
          0.844635,
          0.289116,
          -0.450561,
          2.391887
        ],
        [
          0.012156,
          -0.85177,
          -0.523776,
          1.3425
        ],
        [
          0.0,
          0.0,
          0.0,
          1.0
        ]
      ]
    },
    {
      "file_path": "/media/NFS/ttao/scannet/posed_images/scene0353_00/00459.jpg",
      "transform_matrix": [
        [
          -0.516948,
          0.498209,
          -0.696099,
          3.52224
        ],
        [
          0.855872,
          0.285811,
          -0.431041,
          2.406738
        ],
        [
          -0.015796,
          -0.818596,
          -0.574152,
          1.330508
        ],
        [
          0.0,
          0.0,
          0.0,
          1.0
        ]
      ]
    },
    {
      "file_path": "/media/NFS/ttao/scannet/posed_images/scene0353_00/00471.jpg",
      "transform_matrix": [
        [
          -0.461978,
          0.461045,
          -0.757637,
          3.495795
        ],
        [
          0.886433,
          0.21255,
          -0.411169,
          2.483991
        ],
        [
          -0.028531,
          -0.861545,
          -0.506878,
          1.381614
        ],
        [
          0.0,
          0.0,
          0.0,
          1.0
        ]
      ]
    },
    {
      "file_path": "/media/NFS/ttao/scannet/posed_images/scene0353_00/00483.jpg",
      "transform_matrix": [
        [
          -0.380337,
          0.439005,
          -0.814014,
          3.478006
        ],
        [
          0.924377,
          0.152342,
          -0.349743,
          2.54482
        ],
        [
          -0.02953,
          -0.885475,
          -0.463747,
          1.40303
        ],
        [
          0.0,
          0.0,
          0.0,
          1.0
        ]
      ]
    },
    {
      "file_path": "/media/NFS/ttao/scannet/posed_images/scene0353_00/00489.jpg",
      "transform_matrix": [
        [
          -0.374485,
          0.430795,
          -0.821082,
          3.478966
        ],
        [
          0.926501,
          0.138678,
          -0.349806,
          2.551343
        ],
        [
          -0.036828,
          -0.891731,
          -0.451065,
          1.399549
        ],
        [
          0.0,
          0.0,
          0.0,
          1.0
        ]
      ]
    },
    {
      "file_path": "/media/NFS/ttao/scannet/posed_images/scene0353_00/00495.jpg",
      "transform_matrix": [
        [
          -0.385752,
          0.433505,
          -0.814414,
          3.482329
        ],
        [
          0.92207,
          0.151139,
          -0.356294,
          2.55197
        ],
        [
          -0.031365,
          -0.888387,
          -0.458023,
          1.404629
        ],
        [
          0.0,
          0.0,
          0.0,
          1.0
        ]
      ]
    },
    {
      "file_path": "/media/NFS/ttao/scannet/posed_images/scene0353_00/00504.jpg",
      "transform_matrix": [
        [
          -0.39446,
          0.3771,
          -0.837972,
          3.490739
        ],
        [
          0.918814,
          0.14845,
          -0.36571,
          2.542481
        ],
        [
          -0.013512,
          -0.914198,
          -0.405043,
          1.434134
        ],
        [
          0.0,
          0.0,
          0.0,
          1.0
        ]
      ]
    },
    {
      "file_path": "/media/NFS/ttao/scannet/posed_images/scene0353_00/00522.jpg",
      "transform_matrix": [
        [
          -0.329458,
          0.213185,
          -0.919788,
          3.461229
        ],
        [
          0.943053,
          0.026913,
          -0.331554,
          2.540958
        ],
        [
          -0.045928,
          -0.976641,
          -0.209911,
          1.540994
        ],
        [
          0.0,
          0.0,
          0.0,
          1.0
        ]
      ]
    },
    {
      "file_path": "/media/NFS/ttao/scannet/posed_images/scene0353_00/00531.jpg",
      "transform_matrix": [
        [
          -0.344509,
          0.116765,
          -0.931493,
          3.453146
        ],
        [
          0.937746,
          -0.003821,
          -0.347301,
          2.588233
        ],
        [
          -0.044112,
          -0.993152,
          -0.10818,
          1.564945
        ],
        [
          0.0,
          0.0,
          0.0,
          1.0
        ]
      ]
    },
    {
      "file_path": "/media/NFS/ttao/scannet/posed_images/scene0353_00/00543.jpg",
      "transform_matrix": [
        [
          -0.383563,
          0.036083,
          -0.92281,
          3.431343
        ],
        [
          0.923444,
          0.002562,
          -0.383726,
          2.665616
        ],
        [
          -0.011481,
          -0.999346,
          -0.034303,
          1.60105
        ],
        [
          0.0,
          0.0,
          0.0,
          1.0
        ]
      ]
    },
    {
      "file_path": "/media/NFS/ttao/scannet/posed_images/scene0353_00/00549.jpg",
      "transform_matrix": [
        [
          -0.381935,
          0.056388,
          -0.922468,
          3.411254
        ],
        [
          0.923854,
          -0.003614,
          -0.382729,
          2.695801
        ],
        [
          -0.024915,
          -0.998402,
          -0.050714,
          1.589606
        ],
        [
          0.0,
          0.0,
          0.0,
          1.0
        ]
      ]
    },
    {
      "file_path": "/media/NFS/ttao/scannet/posed_images/scene0353_00/00557.jpg",
      "transform_matrix": [
        [
          -0.350846,
          0.12342,
          -0.928264,
          3.38419
        ],
        [
          0.93576,
          0.008607,
          -0.352534,
          2.738545
        ],
        [
          -0.03552,
          -0.992317,
          -0.118511,
          1.550107
        ],
        [
          0.0,
          0.0,
          0.0,
          1.0
        ]
      ]
    },
    {
      "file_path": "/media/NFS/ttao/scannet/posed_images/scene0353_00/00569.jpg",
      "transform_matrix": [
        [
          -0.370892,
          0.276724,
          -0.886489,
          3.37524
        ],
        [
          0.927938,
          0.072381,
          -0.36564,
          2.760881
        ],
        [
          -0.037016,
          -0.95822,
          -0.283628,
          1.478226
        ],
        [
          0.0,
          0.0,
          0.0,
          1.0
        ]
      ]
    },
    {
      "file_path": "/media/NFS/ttao/scannet/posed_images/scene0353_00/00575.jpg",
      "transform_matrix": [
        [
          -0.371726,
          0.327636,
          -0.868605,
          3.371163
        ],
        [
          0.92801,
          0.106075,
          -0.357137,
          2.758975
        ],
        [
          -0.024874,
          -0.93883,
          -0.34348,
          1.459
        ],
        [
          0.0,
          0.0,
          0.0,
          1.0
        ]
      ]
    },
    {
      "file_path": "/media/NFS/ttao/scannet/posed_images/scene0353_00/00587.jpg",
      "transform_matrix": [
        [
          -0.382024,
          0.396353,
          -0.834842,
          3.362066
        ],
        [
          0.924122,
          0.171141,
          -0.341627,
          2.744255
        ],
        [
          0.007471,
          -0.902006,
          -0.431658,
          1.429974
        ],
        [
          0.0,
          0.0,
          0.0,
          1.0
        ]
      ]
    },
    {
      "file_path": "/media/NFS/ttao/scannet/posed_images/scene0353_00/00596.jpg",
      "transform_matrix": [
        [
          -0.351546,
          0.373494,
          -0.858439,
          3.340335
        ],
        [
          0.936045,
          0.155245,
          -0.315782,
          2.752135
        ],
        [
          0.015326,
          -0.91455,
          -0.404184,
          1.449263
        ],
        [
          0.0,
          0.0,
          0.0,
          1.0
        ]
      ]
    },
    {
      "file_path": "/media/NFS/ttao/scannet/posed_images/scene0353_00/00605.jpg",
      "transform_matrix": [
        [
          -0.308206,
          0.366683,
          -0.877811,
          3.308225
        ],
        [
          0.951307,
          0.123643,
          -0.282362,
          2.76948
        ],
        [
          0.004997,
          -0.922093,
          -0.386936,
          1.456954
        ],
        [
          0.0,
          0.0,
          0.0,
          1.0
        ]
      ]
    },
    {
      "file_path": "/media/NFS/ttao/scannet/posed_images/scene0353_00/00617.jpg",
      "transform_matrix": [
        [
          -0.252788,
          0.329196,
          -0.909796,
          3.25886
        ],
        [
          0.967464,
          0.096333,
          -0.233954,
          2.778168
        ],
        [
          0.010626,
          -0.939335,
          -0.342837,
          1.477057
        ],
        [
          0.0,
          0.0,
          0.0,
          1.0
        ]
      ]
    },
    {
      "file_path": "/media/NFS/ttao/scannet/posed_images/scene0353_00/00629.jpg",
      "transform_matrix": [
        [
          -0.178843,
          0.271642,
          -0.945635,
          3.223845
        ],
        [
          0.983877,
          0.047795,
          -0.172346,
          2.741283
        ],
        [
          -0.00162,
          -0.961211,
          -0.27581,
          1.510336
        ],
        [
          0.0,
          0.0,
          0.0,
          1.0
        ]
      ]
    },
    {
      "file_path": "/media/NFS/ttao/scannet/posed_images/scene0353_00/00641.jpg",
      "transform_matrix": [
        [
          -0.048449,
          0.199854,
          -0.978627,
          3.202968
        ],
        [
          0.998826,
          0.010083,
          -0.04739,
          2.674944
        ],
        [
          0.000397,
          -0.979774,
          -0.200108,
          1.541515
        ],
        [
          0.0,
          0.0,
          0.0,
          1.0
        ]
      ]
    },
    {
      "file_path": "/media/NFS/ttao/scannet/posed_images/scene0353_00/00650.jpg",
      "transform_matrix": [
        [
          0.015243,
          0.205624,
          -0.978512,
          3.189845
        ],
        [
          0.999798,
          0.009737,
          0.01762,
          2.653411
        ],
        [
          0.013151,
          -0.978583,
          -0.205434,
          1.546815
        ],
        [
          0.0,
          0.0,
          0.0,
          1.0
        ]
      ]
    },
    {
      "file_path": "/media/NFS/ttao/scannet/posed_images/scene0353_00/00653.jpg",
      "transform_matrix": [
        [
          0.03407,
          0.202559,
          -0.978677,
          3.184212
        ],
        [
          0.999341,
          0.005397,
          0.035906,
          2.652801
        ],
        [
          0.012555,
          -0.979255,
          -0.202241,
          1.552665
        ],
        [
          0.0,
          0.0,
          0.0,
          1.0
        ]
      ]
    },
    {
      "file_path": "/media/NFS/ttao/scannet/posed_images/scene0353_00/00671.jpg",
      "transform_matrix": [
        [
          0.171261,
          0.130674,
          -0.976522,
          3.153636
        ],
        [
          0.985225,
          -0.02436,
          0.169528,
          2.679685
        ],
        [
          -0.001635,
          -0.991126,
          -0.132915,
          1.564823
        ],
        [
          0.0,
          0.0,
          0.0,
          1.0
        ]
      ]
    },
    {
      "file_path": "/media/NFS/ttao/scannet/posed_images/scene0353_00/00677.jpg",
      "transform_matrix": [
        [
          0.242484,
          0.138529,
          -0.960214,
          3.144391
        ],
        [
          0.970147,
          -0.030367,
          0.240612,
          2.650274
        ],
        [
          0.004173,
          -0.989893,
          -0.141757,
          1.558899
        ],
        [
          0.0,
          0.0,
          0.0,
          1.0
        ]
      ]
    },
    {
      "file_path": "/media/NFS/ttao/scannet/posed_images/scene0353_00/00683.jpg",
      "transform_matrix": [
        [
          0.320186,
          0.142688,
          -0.936548,
          3.138642
        ],
        [
          0.947322,
          -0.039958,
          0.317782,
          2.590588
        ],
        [
          0.007921,
          -0.988961,
          -0.147965,
          1.53898
        ],
        [
          0.0,
          0.0,
          0.0,
          1.0
        ]
      ]
    },
    {
      "file_path": "/media/NFS/ttao/scannet/posed_images/scene0353_00/00701.jpg",
      "transform_matrix": [
        [
          0.509905,
          0.196992,
          -0.837372,
          3.10716
        ],
        [
          0.858855,
          -0.06155,
          0.508507,
          2.423105
        ],
        [
          0.048632,
          -0.978471,
          -0.200572,
          1.510954
        ],
        [
          0.0,
          0.0,
          0.0,
          1.0
        ]
      ]
    },
    {
      "file_path": "/media/NFS/ttao/scannet/posed_images/scene0353_00/00706.jpg",
      "transform_matrix": [
        [
          0.537451,
          0.208328,
          -0.817158,
          3.120379
        ],
        [
          0.840698,
          -0.056368,
          0.538563,
          2.398981
        ],
        [
          0.066136,
          -0.976434,
          -0.205435,
          1.501207
        ],
        [
          0.0,
          0.0,
          0.0,
          1.0
        ]
      ]
    },
    {
      "file_path": "/media/NFS/ttao/scannet/posed_images/scene0353_00/00712.jpg",
      "transform_matrix": [
        [
          0.577971,
          0.224869,
          -0.784463,
          3.13904
        ],
        [
          0.813439,
          -0.081816,
          0.575867,
          2.361681
        ],
        [
          0.065313,
          -0.970948,
          -0.230205,
          1.483919
        ],
        [
          0.0,
          0.0,
          0.0,
          1.0
        ]
      ]
    },
    {
      "file_path": "/media/NFS/ttao/scannet/posed_images/scene0353_00/00730.jpg",
      "transform_matrix": [
        [
          0.643535,
          0.243318,
          -0.725712,
          3.129513
        ],
        [
          0.764986,
          -0.172663,
          0.620471,
          2.2202
        ],
        [
          0.025669,
          -0.954455,
          -0.29725,
          1.445263
        ],
        [
          0.0,
          0.0,
          0.0,
          1.0
        ]
      ]
    },
    {
      "file_path": "/media/NFS/ttao/scannet/posed_images/scene0353_00/00733.jpg",
      "transform_matrix": [
        [
          0.66012,
          0.247667,
          -0.709157,
          3.112833
        ],
        [
          0.750578,
          -0.180316,
          0.635704,
          2.192055
        ],
        [
          0.029571,
          -0.951918,
          -0.304924,
          1.433107
        ],
        [
          0.0,
          0.0,
          0.0,
          1.0
        ]
      ]
    },
    {
      "file_path": "/media/NFS/ttao/scannet/posed_images/scene0353_00/00742.jpg",
      "transform_matrix": [
        [
          0.752977,
          0.242197,
          -0.611855,
          3.044185
        ],
        [
          0.658019,
          -0.268531,
          0.703493,
          2.130215
        ],
        [
          0.006082,
          -0.932326,
          -0.361568,
          1.407071
        ],
        [
          0.0,
          0.0,
          0.0,
          1.0
        ]
      ]
    },
    {
      "file_path": "/media/NFS/ttao/scannet/posed_images/scene0353_00/00754.jpg",
      "transform_matrix": [
        [
          0.810946,
          0.287126,
          -0.509828,
          3.002317
        ],
        [
          0.583488,
          -0.331776,
          0.74126,
          2.114898
        ],
        [
          0.043686,
          -0.898601,
          -0.436587,
          1.37206
        ],
        [
          0.0,
          0.0,
          0.0,
          1.0
        ]
      ]
    },
    {
      "file_path": "/media/NFS/ttao/scannet/posed_images/scene0353_00/00763.jpg",
      "transform_matrix": [
        [
          0.826765,
          0.272431,
          -0.49218,
          2.983345
        ],
        [
          0.560452,
          -0.323451,
          0.762413,
          2.1566
        ],
        [
          0.048509,
          -0.906179,
          -0.420102,
