{
  "frames": [
    {
      "file_path": "/media/NFS/ttao/scannet/posed_images/scene0034_01/00000.jpg",
      "transform_matrix": [
        [
          -0.137975,
          -0.643693,
          0.752743,
          1.655074
        ],
        [
          -0.989977,
          0.112772,
          -0.085024,
          3.829681
        ],
        [
          -0.030159,
          -0.756929,
          -0.652801,
          1.419908
        ],
        [
          0.0,
          0.0,
          0.0,
          1.0
        ]
      ]
    },
    {
      "file_path": "/media/NFS/ttao/scannet/posed_images/scene0034_01/00004.jpg",
      "transform_matrix": [
        [
          -0.162331,
          -0.650188,
          0.74223,
          1.685332
        ],
        [
          -0.986347,
          0.128048,
          -0.103553,
          3.869597
        ],
        [
          -0.027712,
          -0.748906,
          -0.662097,
          1.421207
        ],
        [
          0.0,
          0.0,
          0.0,
          1.0
        ]
      ]
    },
    {
      "file_path": "/media/NFS/ttao/scannet/posed_images/scene0034_01/00008.jpg",
      "transform_matrix": [
        [
          -0.176335,
          -0.659574,
          0.730662,
          1.711427
        ],
        [
          -0.983685,
          0.14496,
          -0.106542,
          3.894793
        ],
        [
          -0.035645,
          -0.737529,
          -0.674375,
          1.419193
        ],
        [
          0.0,
          0.0,
          0.0,
          1.0
        ]
      ]
    },
    {
      "file_path": "/media/NFS/ttao/scannet/posed_images/scene0034_01/00013.jpg",
      "transform_matrix": [
        [
          -0.203457,
          -0.659812,
          0.723363,
          1.738073
        ],
        [
          -0.97853,
          0.161891,
          -0.127559,
          3.921904
        ],
        [
          -0.032941,
          -0.733785,
          -0.678583,
          1.411356
        ],
        [
          0.0,
          0.0,
          0.0,
          1.0
        ]
      ]
    },
    {
      "file_path": "/media/NFS/ttao/scannet/posed_images/scene0034_01/00015.jpg",
      "transform_matrix": [
        [
          -0.220529,
          -0.660163,
          0.718019,
          1.753326
        ],
        [
          -0.974796,
          0.174641,
          -0.138826,
          3.926713
        ],
        [
          -0.033747,
          -0.730538,
          -0.682038,
          1.41023
        ],
        [
          0.0,
          0.0,
          0.0,
          1.0
        ]
      ]
    },
    {
      "file_path": "/media/NFS/ttao/scannet/posed_images/scene0034_01/00021.jpg",
      "transform_matrix": [
        [
          -0.253395,
          -0.644705,
          0.721212,
          1.798473
        ],
        [
          -0.967094,
          0.186402,
          -0.173156,
          3.911865
        ],
        [
          -0.022801,
          -0.741357,
          -0.670724,
          1.416559
        ],
        [
          0.0,
          0.0,
          0.0,
          1.0
        ]
      ]
    },
    {
      "file_path": "/media/NFS/ttao/scannet/posed_images/scene0034_01/00026.jpg",
      "transform_matrix": [
        [
          -0.24263,
          -0.622269,
          0.744252,
          1.855226
        ],
        [
          -0.969175,
          0.189312,
          -0.157672,
          3.870122
        ],
        [
          -0.042781,
          -0.759567,
          -0.649021,
          1.425952
        ],
        [
          0.0,
          0.0,
          0.0,
          1.0
        ]
      ]
    },
    {
      "file_path": "/media/NFS/ttao/scannet/posed_images/scene0034_01/00028.jpg",
      "transform_matrix": [
        [
          -0.231798,
          -0.605406,
          0.761415,
          1.872936
        ],
        [
          -0.971109,
          0.189654,
          -0.14484,
          3.848511
        ],
        [
          -0.056719,
          -0.772991,
          -0.631877,
          1.430139
        ],
        [
          0.0,
          0.0,
          0.0,
          1.0
        ]
      ]
    },
    {
      "file_path": "/media/NFS/ttao/scannet/posed_images/scene0034_01/00031.jpg",
      "transform_matrix": [
        [
          -0.227002,
          -0.588627,
          0.775879,
          1.902924
        ],
        [
          -0.971495,
          0.192752,
          -0.138001,
          3.808858
        ],
        [
          -0.068321,
          -0.78509,
          -0.615603,
          1.436938
        ],
        [
          0.0,
          0.0,
          0.0,
          1.0
        ]
      ]
    },
    {
      "file_path": "/media/NFS/ttao/scannet/posed_images/scene0034_01/00036.jpg",
      "transform_matrix": [
        [
          -0.223786,
          -0.547399,
          0.806396,
          1.944849
        ],
        [
          -0.971047,
          0.196183,
          -0.136306,
          3.748971
        ],
        [
          -0.083587,
          -0.813552,
          -0.575453,
          1.454291
        ],
        [
          0.0,
          0.0,
          0.0,
          1.0
        ]
      ]
    },
    {
      "file_path": "/media/NFS/ttao/scannet/posed_images/scene0034_01/00040.jpg",
      "transform_matrix": [
        [
          -0.22554,
          -0.531094,
          0.816744,
          1.975054
        ],
        [
          -0.970844,
          0.192394,
          -0.142988,
          3.707282
        ],
        [
          -0.081197,
          -0.825181,
          -0.559003,
          1.462867
        ],
        [
          0.0,
          0.0,
          0.0,
          1.0
        ]
      ]
    },
    {
      "file_path": "/media/NFS/ttao/scannet/posed_images/scene0034_01/00045.jpg",
      "transform_matrix": [
        [
          -0.276775,
          -0.51621,
          0.810507,
          2.021883
        ],
        [
          -0.958677,
          0.20612,
          -0.196096,
          3.666504
        ],
        [
          -0.065835,
          -0.831289,
          -0.551928,
          1.464766
        ],
        [
          0.0,
          0.0,
          0.0,
          1.0
        ]
      ]
    },
    {
      "file_path": "/media/NFS/ttao/scannet/posed_images/scene0034_01/00047.jpg",
      "transform_matrix": [
        [
          -0.295954,
          -0.509006,
          0.808284,
          2.037726
        ],
        [
          -0.952916,
          0.215842,
          -0.212988,
          3.656736
        ],
        [
          -0.06605,
          -0.833262,
          -0.548919,
          1.459831
        ],
        [
          0.0,
          0.0,
          0.0,
          1.0
        ]
      ]
    },
    {
      "file_path": "/media/NFS/ttao/scannet/posed_images/scene0034_01/00051.jpg",
      "transform_matrix": [
        [
          -0.370681,
          -0.490779,
          0.788499,
          2.09613
        ],
        [
          -0.926649,
          0.252641,
          -0.278377,
          3.636693
        ],
        [
          -0.062585,
          -0.833852,
          -0.548429,
          1.46575
        ],
        [
          0.0,
          0.0,
          0.0,
          1.0
        ]
      ]
    },
    {
      "file_path": "/media/NFS/ttao/scannet/posed_images/scene0034_01/00056.jpg",
      "transform_matrix": [
        [
          -0.47556,
          -0.449039,
          0.756443,
          2.165929
        ],
        [
          -0.877642,
          0.300733,
          -0.373235,
          3.609508
        ],
        [
          -0.059891,
          -0.841382,
          -0.537112,
          1.473784
        ],
        [
          0.0,
          0.0,
          0.0,
          1.0
        ]
      ]
    },
    {
      "file_path": "/media/NFS/ttao/scannet/posed_images/scene0034_01/00061.jpg",
      "transform_matrix": [
        [
          -0.550245,
          -0.417553,
          0.723105,
          2.223262
        ],
        [
          -0.833386,
          0.328491,
          -0.444478,
          3.580009
        ],
        [
          -0.05194,
          -0.847198,
          -0.528733,
          1.478006
        ],
        [
          0.0,
          0.0,
          0.0,
          1.0
        ]
      ]
    },
    {
      "file_path": "/media/NFS/ttao/scannet/posed_images/scene0034_01/00065.jpg",
      "transform_matrix": [
        [
          -0.613533,
          -0.390561,
          0.686323,
          2.272626
        ],
        [
          -0.78882,
          0.343419,
          -0.509732,
          3.571444
        ],
        [
          -0.036616,
          -0.854123,
          -0.518781,
          1.486503
        ],
        [
          0.0,
          0.0,
          0.0,
          1.0
        ]
      ]
    },
    {
      "file_path": "/media/NFS/ttao/scannet/posed_images/scene0034_01/00066.jpg",
      "transform_matrix": [
        [
          -0.625994,
          -0.386129,
          0.677522,
          2.280914
        ],
        [
          -0.779075,
          0.347823,
          -0.521595,
          3.568045
        ],
        [
          -0.034255,
          -0.854356,
          -0.518559,
          1.488536
        ],
        [
          0.0,
          0.0,
          0.0,
          1.0
        ]
      ]
    },
    {
      "file_path": "/media/NFS/ttao/scannet/posed_images/scene0034_01/00071.jpg",
      "transform_matrix": [
        [
          -0.701697,
          -0.34936,
          0.620942,
          2.317054
        ],
        [
          -0.712024,
          0.37489,
          -0.5937,
          3.546351
        ],
        [
          -0.02537,
          -0.858723,
          -0.511812,
          1.495305
        ],
        [
          0.0,
          0.0,
          0.0,
          1.0
        ]
      ]
    },
    {
      "file_path": "/media/NFS/ttao/scannet/posed_images/scene0034_01/00074.jpg",
      "transform_matrix": [
        [
          -0.746822,
          -0.32917,
          0.577845,
          2.331188
        ],
        [
          -0.664857,
          0.389068,
          -0.637645,
          3.538299
        ],
        [
          -0.014927,
          -0.860391,
          -0.509415,
          1.499142
        ],
        [
          0.0,
          0.0,
          0.0,
          1.0
        ]
      ]
    },
    {
      "file_path": "/media/NFS/ttao/scannet/posed_images/scene0034_01/00080.jpg",
      "transform_matrix": [
        [
          -0.845133,
          -0.276369,
          0.45757,
          2.330187
        ],
        [
          -0.53451,
          0.42564,
          -0.730157,
          3.513963
        ],
        [
          0.007033,
          -0.861656,
          -0.507445,
          1.50226
        ],
        [
          0.0,
          0.0,
          0.0,
          1.0
        ]
      ]
    },
    {
      "file_path": "/media/NFS/ttao/scannet/posed_images/scene0034_01/00081.jpg",
      "transform_matrix": [
        [
          -0.851757,
          -0.270857,
          0.448494,
          2.327932
        ],
        [
          -0.523871,
          0.426671,
          -0.737232,
          3.511311
        ],
        [
          0.008325,
          -0.862896,
          -0.505314,
          1.50443
        ],
        [
          0.0,
          0.0,
          0.0,
          1.0
        ]
      ]
    },
    {
      "file_path": "/media/NFS/ttao/scannet/posed_images/scene0034_01/00086.jpg",
      "transform_matrix": [
        [
          -0.897334,
          -0.25091,
          0.363091,
          2.311646
        ],
        [
          -0.439229,
          0.427104,
          -0.790354,
          3.506024
        ],
        [
          0.04323,
          -0.868692,
          -0.493463,
          1.513758
        ],
        [
          0.0,
          0.0,
          0.0,
          1.0
        ]
      ]
    },
    {
      "file_path": "/media/NFS/ttao/scannet/posed_images/scene0034_01/00091.jpg",
      "transform_matrix": [
        [
          -0.933557,
          -0.215494,
          0.286415,
          2.275381
        ],
        [
          -0.352267,
          0.404087,
          -0.844169,
          3.507918
        ],
        [
          0.066176,
          -0.888975,
          -0.453149,
          1.5216
        ],
        [
          0.0,
          0.0,
          0.0,
          1.0
        ]
      ]
    },
    {
      "file_path": "/media/NFS/ttao/scannet/posed_images/scene0034_01/00095.jpg",
      "transform_matrix": [
        [
          -0.954949,
          -0.200782,
          0.218537,
          2.254739
        ],
        [
          -0.280888,
          0.373843,
          -0.883936,
          3.51054
        ],
        [
          0.09578,
          -0.905499,
          -0.413398,
          1.546894
        ],
        [
          0.0,
          0.0,
          0.0,
          1.0
        ]
      ]
    },
    {
      "file_path": "/media/NFS/ttao/scannet/posed_images/scene0034_01/00100.jpg",
      "transform_matrix": [
        [
          -0.970992,
          -0.19357,
          0.140375,
          2.239746
        ],
        [
          -0.200336,
          0.338088,
          -0.919545,
          3.528003
        ],
        [
          0.130537,
          -0.920993,
          -0.367059,
          1.558372
        ],
        [
          0.0,
          0.0,
          0.0,
          1.0
        ]
      ]
    },
    {
      "file_path": "/media/NFS/ttao/scannet/posed_images/scene0034_01/00101.jpg",
      "transform_matrix": [
        [
          -0.973296,
          -0.190658,
          0.127846,
          2.241832
        ],
        [
          -0.18689,
          0.334746,
          -0.923589,
          3.530943
        ],
        [
          0.133294,
          -0.922819,
          -0.361439,
          1.560754
        ],
        [
          0.0,
          0.0,
          0.0,
          1.0
        ]
      ]
    },
    {
      "file_path": "/media/NFS/ttao/scannet/posed_images/scene0034_01/00105.jpg",
      "transform_matrix": [
        [
          -0.981771,
          -0.17549,
          0.073004,
          2.226825
        ],
        [
          -0.12923,
          0.334663,
          -0.933435,
          3.541285
        ],
        [
          0.139377,
          -0.925853,
          -0.351241,
          1.551919
        ],
        [
          0.0,
          0.0,
          0.0,
          1.0
        ]
      ]
    },
    {
      "file_path": "/media/NFS/ttao/scannet/posed_images/scene0034_01/00111.jpg",
      "transform_matrix": [
        [
          -0.989402,
          -0.14514,
          0.004378,
          2.193186
        ],
        [
          -0.061109,
          0.388841,
          -0.919276,
          3.542871
        ],
        [
          0.131721,
          -0.909801,
          -0.393589,
          1.540883
        ],
        [
          0.0,
          0.0,
          0.0,
          1.0
        ]
      ]
    },
    {
      "file_path": "/media/NFS/ttao/scannet/posed_images/scene0034_01/00115.jpg",
      "transform_matrix": [
        [
          -0.99109,
          -0.132179,
          -0.016432,
          2.180544
        ],
        [
          -0.043842,
          0.440218,
          -0.89682,
          3.54855
        ],
        [
          0.125775,
          -0.888109,
          -0.442091,
          1.521792
        ],
        [
          0.0,
          0.0,
          0.0,
          1.0
        ]
      ]
    },
    {
      "file_path": "/media/NFS/ttao/scannet/posed_images/scene0034_01/00120.jpg",
      "transform_matrix": [
        [
          -0.992648,
          -0.121008,
          -0.002745,
          2.152832
        ],
        [
          -0.058291,
          0.497807,
          -0.865327,
          3.550869
        ],
        [
          0.106078,
          -0.858805,
          -0.5012,
          1.506388
        ],
        [
          0.0,
          0.0,
          0.0,
          1.0
        ]
      ]
    },
    {
      "file_path": "/media/NFS/ttao/scannet/posed_images/scene0034_01/00121.jpg",
      "transform_matrix": [
        [
          -0.992811,
          -0.119694,
          -0.000377,
          2.14962
        ],
        [
          -0.060356,
          0.503338,
          -0.861979,
          3.552756
        ],
        [
          0.103363,
          -0.855759,
          -0.506944,
          1.503084
        ],
        [
          0.0,
          0.0,
          0.0,
          1.0
        ]
      ]
    },
    {
      "file_path": "/media/NFS/ttao/scannet/posed_images/scene0034_01/00127.jpg",
      "transform_matrix": [
        [
          -0.994638,
          -0.092935,
          0.045379,
          2.125724
        ],
        [
          -0.088788,
          0.54231,
          -0.835474,
          3.574431
        ],
        [
          0.053035,
          -0.835023,
          -0.547654,
          1.481653
        ],
        [
          0.0,
          0.0,
          0.0,
          1.0
        ]
      ]
    },
    {
      "file_path": "/media/NFS/ttao/scannet/posed_images/scene0034_01/00131.jpg",
      "transform_matrix": [
        [
          -0.986666,
          -0.102163,
          0.126702,
          2.098054
        ],
        [
          -0.162455,
          0.570573,
          -0.805019,
          3.591501
        ],
        [
          0.00995,
          -0.814868,
          -0.579562,
          1.461266
        ],
        [
          0.0,
          0.0,
          0.0,
          1.0
        ]
      ]
    },
    {
      "file_path": "/media/NFS/ttao/scannet/posed_images/scene0034_01/00135.jpg",
      "transform_matrix": [
        [
          -0.967242,
          -0.146638,
          0.207221,
          2.089919
        ],
        [
          -0.253567,
          0.597049,
          -0.761076,
          3.61339
        ],
        [
          -0.012118,
          -0.788689,
          -0.614674,
          1.440559
        ],
        [
          0.0,
          0.0,
          0.0,
          1.0
        ]
      ]
    },
    {
      "file_path": "/media/NFS/ttao/scannet/posed_images/scene0034_01/00138.jpg",
      "transform_matrix": [
        [
          -0.949309,
          -0.181504,
          0.256648,
          2.090561
        ],
        [
          -0.313462,
          0.607683,
          -0.7297,
          3.625356
        ],
        [
          -0.023518,
          -0.773161,
          -0.633774,
          1.432138
        ],
        [
          0.0,
          0.0,
          0.0,
          1.0
        ]
      ]
    },
    {
      "file_path": "/media/NFS/ttao/scannet/posed_images/scene0034_01/00141.jpg",
      "transform_matrix": [
        [
          -0.920746,
          -0.221751,
          0.321018,
          2.08331
        ],
        [
          -0.387723,
          0.611889,
          -0.689393,
          3.633047
        ],
        [
          -0.043554,
          -0.759222,
          -0.649373,
          1.420673
        ],
        [
          0.0,
          0.0,
          0.0,
          1.0
        ]
      ]
    },
    {
      "file_path": "/media/NFS/ttao/scannet/posed_images/scene0034_01/00145.jpg",
      "transform_matrix": [
        [
          -0.8724,
          -0.276247,
          0.403244,
          2.092562
        ],
        [
          -0.484993,
          0.591871,
          -0.643794,
          3.651314
        ],
        [
          -0.060822,
          -0.757217,
          -0.650326,
          1.418553
        ],
        [
          0.0,
          0.0,
          0.0,
          1.0
        ]
      ]
    },
    {
      "file_path": "/media/NFS/ttao/scannet/posed_images/scene0034_01/00151.jpg",
      "transform_matrix": [
        [
          -0.780046,
          -0.368247,
          0.505887,
          2.101452
        ],
        [
          -0.622923,
          0.533396,
          -0.572237,
          3.661611
        ],
        [
          -0.059113,
          -0.761501,
          -0.645463,
          1.421366
        ],
        [
          0.0,
          0.0,
          0.0,
          1.0
        ]
      ]
    },
    {
      "file_path": "/media/NFS/ttao/scannet/posed_images/scene0034_01/00155.jpg",
      "transform_matrix": [
        [
          -0.702993,
          -0.435928,
          0.561932,
          2.114724
        ],
        [
          -0.709505,
          0.48434,
          -0.511877,
          3.669348
        ],
        [
          -0.049024,
          -0.75854,
          -0.64978,
          1.418155
        ],
        [
          0.0,
          0.0,
          0.0,
          1.0
        ]
      ]
    },
    {
      "file_path": "/media/NFS/ttao/scannet/posed_images/scene0034_01/00158.jpg",
      "transform_matrix": [
        [
          -0.652413,
          -0.460017,
          0.60228,
          2.120338
        ],
        [
          -0.755488,
          0.457629,
          -0.468842,
          3.666956
        ],
        [
          -0.059946,
          -0.760895,
          -0.646101,
          1.416614
        ],
        [
          0.0,
          0.0,
          0.0,
          1.0
        ]
      ]
    },
    {
      "file_path": "/media/NFS/ttao/scannet/posed_images/scene0034_01/00160.jpg",
      "transform_matrix": [
        [
          -0.598045,
          -0.484113,
          0.63873,
          2.117695
        ],
        [
          -0.797988,
          0.433807,
          -0.418363,
          3.65533
        ],
        [
          -0.07455,
          -0.759899,
          -0.645752,
          1.412027
        ],
        [
          0.0,
          0.0,
          0.0,
          1.0
        ]
      ]
    },
    {
      "file_path": "/media/NFS/ttao/scannet/posed_images/scene0034_01/00165.jpg",
      "transform_matrix": [
        [
          -0.511822,
          -0.516308,
          0.686633,
          2.141513
        ],
        [
          -0.854201,
          0.391009,
          -0.342713,
          3.6343
        ],
        [
          -0.091534,
          -0.761931,
          -0.641158,
          1.409911
        ],
        [
          0.0,
          0.0,
          0.0,
          1.0
        ]
      ]
    },
    {
      "file_path": "/media/NFS/ttao/scannet/posed_images/scene0034_01/00171.jpg",
      "transform_matrix": [
        [
          -0.448166,
          -0.548399,
          0.705979,
          2.206848
        ],
        [
          -0.889482,
          0.352416,
          -0.290903,
          3.621427
        ],
        [
          -0.089267,
          -0.758328,
          -0.645732,
          1.399842
        ],
        [
          0.0,
          0.0,
          0.0,
          1.0
        ]
      ]
    },
    {
      "file_path": "/media/NFS/ttao/scannet/posed_images/scene0034_01/00172.jpg",
      "transform_matrix": [
        [
          -0.434995,
          -0.559019,
          0.705887,
          2.224152
        ],
        [
          -0.895373,
          0.351533,
          -0.273371,
          3.617796
        ],
        [
          -0.095323,
          -0.750947,
          -0.653446,
          1.406846
        ],
        [
          0.0,
          0.0,
          0.0,
          1.0
        ]
      ]
    },
    {
      "file_path": "/media/NFS/ttao/scannet/posed_images/scene0034_01/00175.jpg",
      "transform_matrix": [
        [
          -0.357124,
          -0.575793,
          0.735476,
          2.270017
        ],
        [
          -0.928877,
          0.301734,
          -0.214811,
          3.617167
        ],
        [
          -0.098232,
          -0.759881,
          -0.642598,
          1.399474
        ],
        [
          0.0,
          0.0,
          0.0,
          1.0
        ]
      ]
    },
    {
      "file_path": "/media/NFS/ttao/scannet/posed_images/scene0034_01/00181.jpg",
      "transform_matrix": [
        [
          -0.232448,
          -0.588208,
          0.774583,
          2.348542
        ],
        [
          -0.966858,
          0.226226,
          -0.118356,
          3.622813
        ],
        [
          -0.105613,
          -0.776423,
          -0.6213,
          1.405439
        ],
        [
          0.0,
          0.0,
          0.0,
          1.0
        ]
      ]
    },
    {
      "file_path": "/media/NFS/ttao/scannet/posed_images/scene0034_01/00186.jpg",
      "transform_matrix": [
        [
          -0.160607,
          -0.589937,
          0.791315,
          2.399042
        ],
        [
          -0.979691,
          0.192792,
          -0.05511,
          3.618698
        ],
        [
          -0.120048,
          -0.784095,
          -0.60892,
          1.407493
        ],
        [
          0.0,
          0.0,
          0.0,
          1.0
        ]
      ]
    },
    {
      "file_path": "/media/NFS/ttao/scannet/posed_images/scene0034_01/00191.jpg",
      "transform_matrix": [
        [
          -0.073902,
          -0.595667,
          0.799825,
          2.437019
        ],
        [
          -0.989449,
          0.144014,
          0.015831,
          3.619384
        ],
        [
          -0.124616,
          -0.790216,
          -0.600025,
          1.405654
        ],
        [
          0.0,
          0.0,
          0.0,
          1.0
        ]
      ]
    },
    {
      "file_path": "/media/NFS/ttao/scannet/posed_images/scene0034_01/00192.jpg",
      "transform_matrix": [
        [
          -0.057066,
          -0.599793,
          0.798117,
          2.444886
        ],
        [
          -0.990059,
          0.136934,
          0.032118,
          3.616467
        ],
        [
          -0.128554,
          -0.788351,
          -0.601646,
          1.4084
        ],
        [
          0.0,
          0.0,
          0.0,
          1.0
        ]
      ]
    },
    {
      "file_path": "/media/NFS/ttao/scannet/posed_images/scene0034_01/00197.jpg",
      "transform_matrix": [
        [
          0.044523,
          -0.611315,
          0.790134,
          2.474692
        ],
        [
          -0.9886,
          0.086912,
          0.122948,
          3.592204
        ],
        [
          -0.143832,
          -0.786601,
          -0.600476,
          1.404447
        ],
        [
          0.0,
          0.0,
          0.0,
          1.0
        ]
      ]
    },
    {
      "file_path": "/media/NFS/ttao/scannet/posed_images/scene0034_01/00200.jpg",
      "transform_matrix": [
        [
          0.119944,
          -0.626307,
          0.770294,
          2.48532
        ],
        [
          -0.980908,
          0.044874,
          0.189225,
          3.564321
        ],
        [
          -0.153079,
          -0.778284,
          -0.608967,
          1.397192
        ],
        [
          0.0,
          0.0,
          0.0,
          1.0
        ]
      ]
    },
    {
      "file_path": "/media/NFS/ttao/scannet/posed_images/scene0034_01/00206.jpg",
      "transform_matrix": [
        [
          0.223113,
          -0.656958,
          0.720157,
          2.501322
        ],
        [
          -0.969509,
          -0.07274,
          0.234009,
          3.521533
        ],
        [
          -0.10135,
          -0.75041,
          -0.653157,
          1.380342
        ],
        [
          0.0,
          0.0,
          0.0,
          1.0
        ]
      ]
    },
    {
      "file_path": "/media/NFS/ttao/scannet/posed_images/scene0034_01/00207.jpg",
      "transform_matrix": [
        [
          0.234225,
          -0.660901,
          0.712985,
          2.503582
        ],
        [
          -0.967527,
          -0.08678,
          0.237405,
          3.517402
        ],
        [
          -0.095028,
          -0.745439,
          -0.659766,
          1.379087
        ],
        [
          0.0,
          0.0,
          0.0,
          1.0
        ]
      ]
    },
    {
      "file_path": "/media/NFS/ttao/scannet/posed_images/scene0034_01/00212.jpg",
      "transform_matrix": [
        [
          0.322693,
          -0.666712,
          0.671836,
          2.516561
        ],
        [
          -0.942257,
          -0.15912,
          0.294674,
          3.498717
        ],
        [
          -0.08956,
          -0.728132,
          -0.679561,
          1.364818
        ],
        [
          0.0,
          0.0,
          0.0,
          1.0
        ]
      ]
    },
    {
      "file_path": "/media/NFS/ttao/scannet/posed_images/scene0034_01/00215.jpg",
      "transform_matrix": [
        [
          0.387183,
          -0.654084,
          0.649818,
          2.533039
        ],
        [
          -0.916047,
          -0.19292,
          0.351625,
          3.501383
        ],
        [
          -0.104629,
          -0.731407,
          -0.673867,
          1.366429
        ],
        [
          0.0,
          0.0,
          0.0,
          1.0
        ]
      ]
    },
    {
      "file_path": "/media/NFS/ttao/scannet/posed_images/scene0034_01/00220.jpg",
      "transform_matrix": [
        [
          0.469836,
          -0.60958,
          0.638487,
          2.563116
        ],
        [
          -0.87534,
          -0.228176,
          0.426281,
          3.509707
        ],
        [
          -0.114165,
          -0.759176,
          -0.640796,
          1.37874
        ],
        [
          0.0,
          0.0,
          0.0,
          1.0
        ]
      ]
    },
    {
      "file_path": "/media/NFS/ttao/scannet/posed_images/scene0034_01/00226.jpg",
      "transform_matrix": [
        [
          0.548395,
          -0.509805,
          0.662844,
          2.618171
        ],
        [
          -0.830978,
          -0.243628,
          0.50012,
          3.513726
        ],
        [
          -0.093476,
          -0.825073,
          -0.557241,
          1.411251
        ],
        [
          0.0,
          0.0,
          0.0,
          1.0
        ]
      ]
    },
    {
      "file_path": "/media/NFS/ttao/scannet/posed_images/scene0034_01/00230.jpg",
      "transform_matrix": [
        [
          0.569507,
          -0.417641,
          0.707981,
          2.640566
        ],
        [
          -0.820012,
          -0.229003,
          0.524535,
          3.501836
        ],
        [
          -0.056937,
          -0.87928,
          -0.47289,
          1.45069
        ],
        [
          0.0,
          0.0,
          0.0,
          1.0
        ]
      ]
    },
    {
      "file_path": "/media/NFS/ttao/scannet/posed_images/scene0034_01/00232.jpg",
      "transform_matrix": [
        [
          0.572905,
          -0.403753,
          0.713276,
          2.65057
        ],
        [
          -0.816653,
          -0.207197,
          0.538653,
          3.49272
        ],
        [
          -0.069694,
          -0.891097,
          -0.448431,
          1.466861
        ],
        [
          0.0,
          0.0,
          0.0,
          1.0
        ]
      ]
    },
    {
      "file_path": "/media/NFS/ttao/scannet/posed_images/scene0034_01/00238.jpg",
      "transform_matrix": [
        [
          0.608737,
          -0.334748,
          0.719293,
          2.664653
        ],
        [
          -0.789298,
          -0.163765,
          0.591769,
          3.439589
        ],
        [
          -0.080299,
          -0.927968,
          -0.363906,
          1.506636
        ],
        [
          0.0,
          0.0,
          0.0,
          1.0
        ]
      ]
    },
    {
      "file_path": "/media/NFS/ttao/scannet/posed_images/scene0034_01/00239.jpg",
      "transform_matrix": [
        [
          0.616812,
          -0.324178,
          0.717252,
          2.664219
        ],
        [
          -0.783111,
          -0.161006,
          0.600678,
          3.429155
        ],
        [
          -0.079245,
          -0.932194,
          -0.353178,
          1.509355
        ],
        [
          0.0,
          0.0,
          0.0,
          1.0
        ]
      ]
    },
    {
      "file_path": "/media/NFS/ttao/scannet/posed_images/scene0034_01/00244.jpg",
      "transform_matrix": [
        [
          0.706487,
          -0.249301,
          0.662364,
          2.66494
        ],
        [
          -0.705291,
          -0.17043,
          0.688127,
          3.349398
        ],
        [
          -0.058665,
          -0.953312,
          -0.296236,
          1.541169
        ],
        [
          0.0,
          0.0,
          0.0,
          1.0
        ]
      ]
    },
    {
      "file_path": "/media/NFS/ttao/scannet/posed_images/scene0034_01/00247.jpg",
      "transform_matrix": [
        [
          0.753178,
          -0.192504,
          0.629019,
          2.659597
        ],
        [
          -0.657519,
          -0.191563,
          0.728678,
          3.293941
        ],
        [
          -0.019776,
          -0.962417,
          -0.270857,
          1.551111
        ],
        [
          0.0,
          0.0,
          0.0,
          1.0
        ]
      ]
    },
    {
      "file_path": "/media/NFS/ttao/scannet/posed_images/scene0034_01/00251.jpg",
      "transform_matrix": [
        [
          0.784084,
          -0.14139,
          0.604335,
          2.646151
        ],
        [
          -0.620639,
          -0.171632,
          0.765082,
          3.225897
        ],
        [
          -0.004452,
          -0.974962,
          -0.222326,
          1.559752
        ],
        [
          0.0,
          0.0,
          0.0,
          1.0
        ]
      ]
    },
    {
      "file_path": "/media/NFS/ttao/scannet/posed_images/scene0034_01/00255.jpg",
      "transform_matrix": [
        [
          0.794238,
          -0.11485,
          0.596653,
          2.636624
        ],
        [
          -0.607567,
          -0.138918,
          0.782026,
          3.176104
        ],
        [
          -0.006929,
          -0.983622,
          -0.180113,
          1.568756
        ],
        [
          0.0,
          0.0,
          0.0,
          1.0
        ]
      ]
    },
    {
      "file_path": "/media/NFS/ttao/scannet/posed_images/scene0034_01/00259.jpg",
      "transform_matrix": [
        [
          0.805653,
          -0.086553,
          0.58603,
          2.628637
        ],
        [
          -0.592244,
          -0.095902,
          0.800031,
          3.144303
        ],
        [
          -0.013044,
          -0.991621,
          -0.128524,
          1.56447
        ],
        [
          0.0,
          0.0,
          0.0,
          1.0
        ]
      ]
    },
    {
      "file_path": "/media/NFS/ttao/scannet/posed_images/scene0034_01/00265.jpg",
      "transform_matrix": [
        [
          0.823874,
          -0.061592,
          0.563417,
          2.618695
        ],
        [
          -0.566618,
          -0.066197,
          0.821318,
          3.110898
        ],
        [
          -0.01329,
          -0.995904,
          -0.089437,
          1.586715
        ],
        [
          0.0,
          0.0,
          0.0,
          1.0
        ]
      ]
    },
    {
      "file_path": "/media/NFS/ttao/scannet/posed_images/scene0034_01/00266.jpg",
      "transform_matrix": [
        [
          0.825177,
          -0.059711,
          0.561709,
          2.61755
        ],
        [
          -0.564748,
          -0.066267,
          0.822598,
          3.109346
        ],
        [
          -0.011895,
          -0.996014,
          -0.088404,
          1.587461
        ],
        [
          0.0,
          0.0,
          0.0,
          1.0
        ]
      ]
    },
    {
      "file_path": "/media/NFS/ttao/scannet/posed_images/scene0034_01/00271.jpg",
      "transform_matrix": [
        [
          0.824643,
          -0.087245,
          0.558885,
          2.617157
        ],
        [
          -0.565484,
          -0.102928,
          0.818312,
          3.114762
        ],
        [
          -0.013869,
          -0.990856,
          -0.134214,
          1.576936
        ],
        [
          0.0,
          0.0,
          0.0,
          1.0
        ]
      ]
    },
    {
      "file_path": "/media/NFS/ttao/scannet/posed_images/scene0034_01/00275.jpg",
      "transform_matrix": [
        [
          0.821729,
          -0.131311,
          0.554543,
          2.626147
        ],
        [
          -0.569511,
          -0.154327,
          0.807366,
          3.127756
        ],
        [
          -0.020435,
          -0.979255,
          -0.201598,
          1.56584
        ],
        [
          0.0,
          0.0,
          0.0,
          1.0
        ]
      ]
    },
    {
      "file_path": "/media/NFS/ttao/scannet/posed_images/scene0034_01/00280.jpg",
      "transform_matrix": [
        [
          0.807796,
          -0.19384,
          0.55668,
          2.640933
        ],
        [
          -0.589174,
          -0.235946,
          0.772789,
          3.16454
        ],
        [
          -0.018451,
          -0.952237,
          -0.304802,
          1.542442
        ],
        [
          0.0,
          0.0,
          0.0,
          1.0
        ]
      ]
    },
    {
      "file_path": "/media/NFS/ttao/scannet/posed_images/scene0034_01/00281.jpg",
      "transform_matrix": [
        [
          0.804755,
          -0.203059,
          0.557796,
          2.643227
        ],
        [
          -0.593305,
          -0.245186,
          0.766728,
          3.170363
        ],
        [
          -0.018927,
          -0.947972,
          -0.317791,
          1.53554
        ],
        [
          0.0,
          0.0,
          0.0,
          1.0
        ]
      ]
    },
    {
      "file_path": "/media/NFS/ttao/scannet/posed_images/scene0034_01/00286.jpg",
      "transform_matrix": [
        [
          0.768571,
          -0.26408,
          0.582718,
          2.657723
        ],
        [
          -0.63975,
          -0.311169,
          0.702776,
          3.231817
        ],
        [
          -0.004265,
          -0.912927,
          -0.4081,
          1.508199
        ],
        [
          0.0,
          0.0,
          0.0,
          1.0
        ]
      ]
    },
    {
      "file_path": "/media/NFS/ttao/scannet/posed_images/scene0034_01/00291.jpg",
      "transform_matrix": [
        [
          0.722012,
          -0.342487,
          0.601167,
          2.677332
        ],
        [
          -0.691876,
          -0.354171,
          0.629183,
          3.314644
        ],
        [
          -0.002571,
          -0.87021,
          -0.492674,
          1.489566
        ],
        [
          0.0,
          0.0,
          0.0,
          1.0
        ]
      ]
    },
    {
      "file_path": "/media/NFS/ttao/scannet/posed_images/scene0034_01/00295.jpg",
      "transform_matrix": [
        [
          0.667115,
          -0.40377,
          0.626041,
          2.68775
        ],
        [
          -0.744875,
          -0.349262,
          0.568486,
          3.389354
        ],
        [
          -0.010886,
          -0.845568,
          -0.533756,
          1.473835
        ],
        [
          0.0,
          0.0,
          0.0,
          1.0
        ]
      ]
    },
    {
      "file_path": "/media/NFS/ttao/scannet/posed_images/scene0034_01/00300.jpg",
      "transform_matrix": [
        [
          0.578664,
          -0.479901,
          0.659426,
          2.708004
        ],
        [
          -0.815445,
          -0.326515,
          0.477951,
          3.479081
        ],
        [
          -0.014057,
          -0.814299,
          -0.580275,
          1.459771
        ],
        [
          0.0,
          0.0,
          0.0,
          1.0
        ]
      ]
    },
    {
      "file_path": "/media/NFS/ttao/scannet/posed_images/scene0034_01/00301.jpg",
      "transform_matrix": [
        [
          0.563396,
          -0.490833,
          0.664581,
          2.711355
        ],
        [
          -0.826155,
          -0.327668,
          0.458368,
          3.494986
        ],
