{
  "frames": [
    {
      "file_path": "/media/NFS/ttao/scannet/posed_images/scene0049_00/00003.jpg",
      "transform_matrix": [
        [
          0.478873,
          -0.428944,
          0.765955,
          0.725473
        ],
        [
          -0.87533,
          -0.166797,
          0.453846,
          2.084639
        ],
        [
          -0.066915,
          -0.887798,
          -0.455343,
          1.401624
        ],
        [
          0.0,
          0.0,
          0.0,
          1.0
        ]
      ]
    },
    {
      "file_path": "/media/NFS/ttao/scannet/posed_images/scene0049_00/00007.jpg",
      "transform_matrix": [
        [
          0.478942,
          -0.421509,
          0.770029,
          0.708668
        ],
        [
          -0.874751,
          -0.155562,
          0.458924,
          2.067218
        ],
        [
          -0.073654,
          -0.893382,
          -0.443221,
          1.400694
        ],
        [
          0.0,
          0.0,
          0.0,
          1.0
        ]
      ]
    },
    {
      "file_path": "/media/NFS/ttao/scannet/posed_images/scene0049_00/00012.jpg",
      "transform_matrix": [
        [
          0.503408,
          -0.424761,
          0.752435,
          0.70369
        ],
        [
          -0.860602,
          -0.168775,
          0.4805,
          2.045675
        ],
        [
          -0.077105,
          -0.889434,
          -0.450513,
          1.435686
        ],
        [
          0.0,
          0.0,
          0.0,
          1.0
        ]
      ]
    },
    {
      "file_path": "/media/NFS/ttao/scannet/posed_images/scene0049_00/00015.jpg",
      "transform_matrix": [
        [
          0.513312,
          -0.415477,
          0.750926,
          0.693693
        ],
        [
          -0.856041,
          -0.185817,
          0.482355,
          2.040322
        ],
        [
          -0.060873,
          -0.890422,
          -0.451047,
          1.447379
        ],
        [
          0.0,
          0.0,
          0.0,
          1.0
        ]
      ]
    },
    {
      "file_path": "/media/NFS/ttao/scannet/posed_images/scene0049_00/00022.jpg",
      "transform_matrix": [
        [
          0.472433,
          -0.403897,
          0.783373,
          0.632104
        ],
        [
          -0.878971,
          -0.15042,
          0.452531,
          2.031716
        ],
        [
          -0.064941,
          -0.902353,
          -0.426077,
          1.457794
        ],
        [
          0.0,
          0.0,
          0.0,
          1.0
        ]
      ]
    },
    {
      "file_path": "/media/NFS/ttao/scannet/posed_images/scene0049_00/00031.jpg",
      "transform_matrix": [
        [
          0.374186,
          -0.437625,
          0.817599,
          0.515853
        ],
        [
          -0.925151,
          -0.115437,
          0.36162,
          2.05675
        ],
        [
          -0.063873,
          -0.891717,
          -0.448064,
          1.453017
        ],
        [
          0.0,
          0.0,
          0.0,
          1.0
        ]
      ]
    },
    {
      "file_path": "/media/NFS/ttao/scannet/posed_images/scene0049_00/00032.jpg",
      "transform_matrix": [
        [
          0.369895,
          -0.438855,
          0.818892,
          0.506212
        ],
        [
          -0.926436,
          -0.107862,
          0.360669,
          2.057651
        ],
        [
          -0.069954,
          -0.892061,
          -0.446469,
          1.456688
        ],
        [
          0.0,
          0.0,
          0.0,
          1.0
        ]
      ]
    },
    {
      "file_path": "/media/NFS/ttao/scannet/posed_images/scene0049_00/00041.jpg",
      "transform_matrix": [
        [
          0.311322,
          -0.376492,
          0.872544,
          0.444806
        ],
        [
          -0.946284,
          -0.038443,
          0.321044,
          2.042637
        ],
        [
          -0.087328,
          -0.925622,
          -0.368236,
          1.485816
        ],
        [
          0.0,
          0.0,
          0.0,
          1.0
        ]
      ]
    },
    {
      "file_path": "/media/NFS/ttao/scannet/posed_images/scene0049_00/00044.jpg",
      "transform_matrix": [
        [
          0.301292,
          -0.351178,
          0.886508,
          0.437088
        ],
        [
          -0.949072,
          -0.020626,
          0.314384,
          2.033676
        ],
        [
          -0.09212,
          -0.936081,
          -0.339508,
          1.491137
        ],
        [
          0.0,
          0.0,
          0.0,
          1.0
        ]
      ]
    },
    {
      "file_path": "/media/NFS/ttao/scannet/posed_images/scene0049_00/00050.jpg",
      "transform_matrix": [
        [
          0.329769,
          -0.29349,
          0.897283,
          0.427975
        ],
        [
          -0.939548,
          -0.009193,
          0.342295,
          1.996795
        ],
        [
          -0.092211,
          -0.955918,
          -0.278779,
          1.513434
        ],
        [
          0.0,
          0.0,
          0.0,
          1.0
        ]
      ]
    },
    {
      "file_path": "/media/NFS/ttao/scannet/posed_images/scene0049_00/00058.jpg",
      "transform_matrix": [
        [
          0.325627,
          -0.227811,
          0.917643,
          0.421479
        ],
        [
          -0.943501,
          -0.015245,
          0.331018,
          1.985751
        ],
        [
          -0.06142,
          -0.973586,
          -0.219904,
          1.540644
        ],
        [
          0.0,
          0.0,
          0.0,
          1.0
        ]
      ]
    },
    {
      "file_path": "/media/NFS/ttao/scannet/posed_images/scene0049_00/00065.jpg",
      "transform_matrix": [
        [
          0.34331,
          -0.170657,
          0.923588,
          0.406013
        ],
        [
          -0.937107,
          0.003727,
          0.349023,
          1.978046
        ],
        [
          -0.063006,
          -0.985323,
          -0.158644,
          1.567372
        ],
        [
          0.0,
          0.0,
          0.0,
          1.0
        ]
      ]
    },
    {
      "file_path": "/media/NFS/ttao/scannet/posed_images/scene0049_00/00068.jpg",
      "transform_matrix": [
        [
          0.332401,
          -0.156533,
          0.930058,
          0.400223
        ],
        [
          -0.940681,
          0.01611,
          0.338909,
          1.977814
        ],
        [
          -0.068034,
          -0.987541,
          -0.141893,
          1.575122
        ],
        [
          0.0,
          0.0,
          0.0,
          1.0
        ]
      ]
    },
    {
      "file_path": "/media/NFS/ttao/scannet/posed_images/scene0049_00/00075.jpg",
      "transform_matrix": [
        [
          0.313718,
          -0.123214,
          0.941488,
          0.388563
        ],
        [
          -0.946536,
          0.03791,
          0.320362,
          1.974791
        ],
        [
          -0.075164,
          -0.991656,
          -0.104733,
          1.579882
        ],
        [
          0.0,
          0.0,
          0.0,
          1.0
        ]
      ]
    },
    {
      "file_path": "/media/NFS/ttao/scannet/posed_images/scene0049_00/00082.jpg",
      "transform_matrix": [
        [
          0.301897,
          -0.093919,
          0.948703,
          0.37712
        ],
        [
          -0.949619,
          0.058218,
          0.307953,
          1.984936
        ],
        [
          -0.084155,
          -0.993876,
          -0.071611,
          1.580812
        ],
        [
          0.0,
          0.0,
          0.0,
          1.0
        ]
      ]
    },
    {
      "file_path": "/media/NFS/ttao/scannet/posed_images/scene0049_00/00084.jpg",
      "transform_matrix": [
        [
          0.302027,
          -0.095384,
          0.948515,
          0.3742
        ],
        [
          -0.94948,
          0.058876,
          0.308255,
          1.986818
        ],
        [
          -0.085247,
          -0.993698,
          -0.072783,
          1.585633
        ],
        [
          0.0,
          0.0,
          0.0,
          1.0
        ]
      ]
    },
    {
      "file_path": "/media/NFS/ttao/scannet/posed_images/scene0049_00/00091.jpg",
      "transform_matrix": [
        [
          0.250315,
          -0.094722,
          0.96352,
          0.368407
        ],
        [
          -0.965803,
          0.045038,
          0.255335,
          1.98496
        ],
        [
          -0.067581,
          -0.994484,
          -0.080209,
          1.589116
        ],
        [
          0.0,
          0.0,
          0.0,
          1.0
        ]
      ]
    },
    {
      "file_path": "/media/NFS/ttao/scannet/posed_images/scene0049_00/00096.jpg",
      "transform_matrix": [
        [
          0.183995,
          -0.101696,
          0.977652,
          0.366683
        ],
        [
          -0.980764,
          0.046964,
          0.189466,
          1.995419
        ],
        [
          -0.065183,
          -0.993706,
          -0.091099,
          1.582737
        ],
        [
          0.0,
          0.0,
          0.0,
          1.0
        ]
      ]
    },
    {
      "file_path": "/media/NFS/ttao/scannet/posed_images/scene0049_00/00106.jpg",
      "transform_matrix": [
        [
          0.019687,
          -0.119899,
          0.992591,
          0.360457
        ],
        [
          -0.998841,
          0.041264,
          0.024795,
          2.051153
        ],
        [
          -0.043931,
          -0.991928,
          -0.118948,
          1.601478
        ],
        [
          0.0,
          0.0,
          0.0,
          1.0
        ]
      ]
    },
    {
      "file_path": "/media/NFS/ttao/scannet/posed_images/scene0049_00/00109.jpg",
      "transform_matrix": [
        [
          -0.019436,
          -0.121944,
          0.992347,
          0.363084
        ],
        [
          -0.998897,
          0.044803,
          -0.014059,
          2.062087
        ],
        [
          -0.042746,
          -0.991525,
          -0.12268,
          1.597998
        ],
        [
          0.0,
          0.0,
          0.0,
          1.0
        ]
      ]
    },
    {
      "file_path": "/media/NFS/ttao/scannet/posed_images/scene0049_00/00115.jpg",
      "transform_matrix": [
        [
          -0.066158,
          -0.127602,
          0.989616,
          0.382337
        ],
        [
          -0.997539,
          0.031548,
          -0.062619,
          2.013301
        ],
        [
          -0.02323,
          -0.991323,
          -0.129376,
          1.592339
        ],
        [
          0.0,
          0.0,
          0.0,
          1.0
        ]
      ]
    },
    {
      "file_path": "/media/NFS/ttao/scannet/posed_images/scene0049_00/00123.jpg",
      "transform_matrix": [
        [
          -0.156114,
          -0.12034,
          0.980381,
          0.364836
        ],
        [
          -0.987655,
          0.031963,
          -0.153349,
          2.055382
        ],
        [
          -0.012882,
          -0.992218,
          -0.123844,
          1.545754
        ],
        [
          0.0,
          0.0,
          0.0,
          1.0
        ]
      ]
    },
    {
      "file_path": "/media/NFS/ttao/scannet/posed_images/scene0049_00/00125.jpg",
      "transform_matrix": [
        [
          -0.173288,
          -0.123498,
          0.977097,
          0.369348
        ],
        [
          -0.984765,
          0.036294,
          -0.170061,
          2.047873
        ],
        [
          -0.014461,
          -0.991681,
          -0.127906,
          1.549813
        ],
        [
          0.0,
          0.0,
          0.0,
          1.0
        ]
      ]
    },
    {
      "file_path": "/media/NFS/ttao/scannet/posed_images/scene0049_00/00130.jpg",
      "transform_matrix": [
        [
          -0.221418,
          -0.129136,
          0.966591,
          0.344899
        ],
        [
          -0.975169,
          0.024745,
          -0.220077,
          2.063381
        ],
        [
          0.004501,
          -0.991318,
          -0.131408,
          1.51934
        ],
        [
          0.0,
          0.0,
          0.0,
          1.0
        ]
      ]
    },
    {
      "file_path": "/media/NFS/ttao/scannet/posed_images/scene0049_00/00140.jpg",
      "transform_matrix": [
        [
          -0.30745,
          -0.189696,
          0.932464,
          0.352629
        ],
        [
          -0.950801,
          0.022,
          -0.30902,
          2.059377
        ],
        [
          0.038106,
          -0.981596,
          -0.187127,
          1.494585
        ],
        [
          0.0,
          0.0,
          0.0,
          1.0
        ]
      ]
    },
    {
      "file_path": "/media/NFS/ttao/scannet/posed_images/scene0049_00/00145.jpg",
      "transform_matrix": [
        [
          -0.342677,
          -0.216619,
          0.914138,
          0.35303
        ],
        [
          -0.937885,
          0.022682,
          -0.346204,
          2.04874
        ],
        [
          0.05426,
          -0.975993,
          -0.210937,
          1.483248
        ],
        [
          0.0,
          0.0,
          0.0,
          1.0
        ]
      ]
    },
    {
      "file_path": "/media/NFS/ttao/scannet/posed_images/scene0049_00/00149.jpg",
      "transform_matrix": [
        [
          -0.358067,
          -0.230693,
          0.904748,
          0.353511
        ],
        [
          -0.931342,
          0.019484,
          -0.363624,
          2.040539
        ],
        [
          0.066257,
          -0.972831,
          -0.221831,
          1.475869
        ],
        [
          0.0,
          0.0,
          0.0,
          1.0
        ]
      ]
    },
    {
      "file_path": "/media/NFS/ttao/scannet/posed_images/scene0049_00/00157.jpg",
      "transform_matrix": [
        [
          -0.387281,
          -0.289134,
          0.875451,
          0.366372
        ],
        [
          -0.916874,
          0.021164,
          -0.398615,
          2.038423
        ],
        [
          0.096725,
          -0.957054,
          -0.273296,
          1.44404
        ],
        [
          0.0,
          0.0,
          0.0,
          1.0
        ]
      ]
    },
    {
      "file_path": "/media/NFS/ttao/scannet/posed_images/scene0049_00/00159.jpg",
      "transform_matrix": [
        [
          -0.384414,
          -0.293159,
          0.875376,
          0.372657
        ],
        [
          -0.918073,
          0.021986,
          -0.3958,
          2.036321
        ],
        [
          0.096787,
          -0.955811,
          -0.277594,
          1.444622
        ],
        [
          0.0,
          0.0,
          0.0,
          1.0
        ]
      ]
    },
    {
      "file_path": "/media/NFS/ttao/scannet/posed_images/scene0049_00/00166.jpg",
      "transform_matrix": [
        [
          -0.329985,
          -0.338024,
          0.88139,
          0.408822
        ],
        [
          -0.93985,
          0.030341,
          -0.340236,
          2.030683
        ],
        [
          0.088266,
          -0.940648,
          -0.327705,
          1.422501
        ],
        [
          0.0,
          0.0,
          0.0,
          1.0
        ]
      ]
    },
    {
      "file_path": "/media/NFS/ttao/scannet/posed_images/scene0049_00/00171.jpg",
      "transform_matrix": [
        [
          -0.27283,
          -0.390392,
          0.879294,
          0.456789
        ],
        [
          -0.959256,
          0.040631,
          -0.279601,
          2.029589
        ],
        [
          0.073428,
          -0.919752,
          -0.385571,
          1.440084
        ],
        [
          0.0,
          0.0,
          0.0,
          1.0
        ]
      ]
    },
    {
      "file_path": "/media/NFS/ttao/scannet/posed_images/scene0049_00/00178.jpg",
      "transform_matrix": [
        [
          -0.203406,
          -0.434088,
          0.877607,
          0.482348
        ],
        [
          -0.976029,
          0.01903,
          -0.216805,
          2.020584
        ],
        [
          0.077411,
          -0.900669,
          -0.427554,
          1.432043
        ],
        [
          0.0,
          0.0,
          0.0,
          1.0
        ]
      ]
    },
    {
      "file_path": "/media/NFS/ttao/scannet/posed_images/scene0049_00/00181.jpg",
      "transform_matrix": [
        [
          -0.174158,
          -0.449746,
          0.876012,
          0.502099
        ],
        [
          -0.981341,
          0.005663,
          -0.192191,
          2.020487
        ],
        [
          0.081476,
          -0.893138,
          -0.442341,
          1.445081
        ],
        [
          0.0,
          0.0,
          0.0,
          1.0
        ]
      ]
    },
    {
      "file_path": "/media/NFS/ttao/scannet/posed_images/scene0049_00/00186.jpg",
      "transform_matrix": [
        [
          -0.111434,
          -0.453473,
          0.884276,
          0.522283
        ],
        [
          -0.991801,
          -0.005268,
          -0.127686,
          1.994067
        ],
        [
          0.062561,
          -0.891254,
          -0.449168,
          1.43812
        ],
        [
          0.0,
          0.0,
          0.0,
          1.0
        ]
      ]
    },
    {
      "file_path": "/media/NFS/ttao/scannet/posed_images/scene0049_00/00197.jpg",
      "transform_matrix": [
        [
          0.085426,
          -0.455882,
          0.885931,
          0.56157
        ],
        [
          -0.995464,
          -0.076431,
          0.056658,
          1.86621
        ],
        [
          0.041883,
          -0.886752,
          -0.460344,
          1.426357
        ],
        [
          0.0,
          0.0,
          0.0,
          1.0
        ]
      ]
    },
    {
      "file_path": "/media/NFS/ttao/scannet/posed_images/scene0049_00/00200.jpg",
      "transform_matrix": [
        [
          0.135586,
          -0.452174,
          0.881564,
          0.567208
        ],
        [
          -0.989982,
          -0.097211,
          0.102399,
          1.832613
        ],
        [
          0.039396,
          -0.886616,
          -0.460825,
          1.407415
        ],
        [
          0.0,
          0.0,
          0.0,
          1.0
        ]
      ]
    },
    {
      "file_path": "/media/NFS/ttao/scannet/posed_images/scene0049_00/00205.jpg",
      "transform_matrix": [
        [
          0.199422,
          -0.457989,
          0.8663,
          0.590067
        ],
        [
          -0.979431,
          -0.12091,
          0.161543,
          1.797578
        ],
        [
          0.03076,
          -0.880697,
          -0.472681,
          1.404663
        ],
        [
          0.0,
          0.0,
          0.0,
          1.0
        ]
      ]
    },
    {
      "file_path": "/media/NFS/ttao/scannet/posed_images/scene0049_00/00212.jpg",
      "transform_matrix": [
        [
          0.280105,
          -0.467823,
          0.838262,
          0.62702
        ],
        [
          -0.959949,
          -0.142248,
          0.24138,
          1.742691
        ],
        [
          0.006318,
          -0.8723,
          -0.48893,
          1.395915
        ],
        [
          0.0,
          0.0,
          0.0,
          1.0
        ]
      ]
    },
    {
      "file_path": "/media/NFS/ttao/scannet/posed_images/scene0049_00/00215.jpg",
      "transform_matrix": [
        [
          0.299484,
          -0.475608,
          0.827107,
          0.649507
        ],
        [
          -0.953886,
          -0.16765,
          0.248986,
          1.739089
        ],
        [
          0.020245,
          -0.863534,
          -0.503885,
          1.389531
        ],
        [
          0.0,
          0.0,
          0.0,
          1.0
        ]
      ]
    },
    {
      "file_path": "/media/NFS/ttao/scannet/posed_images/scene0049_00/00226.jpg",
      "transform_matrix": [
        [
          0.372742,
          -0.4459,
          0.813779,
          0.73712
        ],
        [
          -0.927862,
          -0.190073,
          0.320849,
          1.740755
        ],
        [
          0.011611,
          -0.874669,
          -0.484582,
          1.398556
        ],
        [
          0.0,
          0.0,
          0.0,
          1.0
        ]
      ]
    },
    {
      "file_path": "/media/NFS/ttao/scannet/posed_images/scene0049_00/00231.jpg",
      "transform_matrix": [
        [
          0.401878,
          -0.44449,
          0.800577,
          0.780837
        ],
        [
          -0.915692,
          -0.1936,
          0.352174,
          1.729174
        ],
        [
          -0.001546,
          -0.874613,
          -0.48482,
          1.398637
        ],
        [
          0.0,
          0.0,
          0.0,
          1.0
        ]
      ]
    },
    {
      "file_path": "/media/NFS/ttao/scannet/posed_images/scene0049_00/00233.jpg",
      "transform_matrix": [
        [
          0.416987,
          -0.449612,
          0.789918,
          0.797272
        ],
        [
          -0.908885,
          -0.19951,
          0.36623,
          1.726619
        ],
        [
          -0.007065,
          -0.870658,
          -0.491839,
          1.397987
        ],
        [
          0.0,
          0.0,
          0.0,
          1.0
        ]
      ]
    },
    {
      "file_path": "/media/NFS/ttao/scannet/posed_images/scene0049_00/00238.jpg",
      "transform_matrix": [
        [
          0.470736,
          -0.443205,
          0.762874,
          0.836886
        ],
        [
          -0.8817,
          -0.205112,
          0.424895,
          1.71598
        ],
        [
          -0.031841,
          -0.872639,
          -0.487327,
          1.393836
        ],
        [
          0.0,
          0.0,
          0.0,
          1.0
        ]
      ]
    },
    {
      "file_path": "/media/NFS/ttao/scannet/posed_images/scene0049_00/00248.jpg",
      "transform_matrix": [
        [
          0.650221,
          -0.368562,
          0.66436,
          0.953088
        ],
        [
          -0.759672,
          -0.303329,
          0.57523,
          1.657755
        ],
        [
          -0.010488,
          -0.878723,
          -0.477217,
          1.40657
        ],
        [
          0.0,
          0.0,
          0.0,
          1.0
        ]
      ]
    },
    {
      "file_path": "/media/NFS/ttao/scannet/posed_images/scene0049_00/00250.jpg",
      "transform_matrix": [
        [
          0.677184,
          -0.358987,
          0.642301,
          1.002905
        ],
        [
          -0.735564,
          -0.307528,
          0.603632,
          1.637584
        ],
        [
          -0.019171,
          -0.881224,
          -0.472311,
          1.41155
        ],
        [
          0.0,
          0.0,
          0.0,
          1.0
        ]
      ]
    },
    {
      "file_path": "/media/NFS/ttao/scannet/posed_images/scene0049_00/00255.jpg",
      "transform_matrix": [
        [
          0.720255,
          -0.326119,
          0.612274,
          1.036867
        ],
        [
          -0.693205,
          -0.304694,
          0.653168,
          1.628818
        ],
        [
          -0.026455,
          -0.894879,
          -0.445525,
          1.421734
        ],
        [
          0.0,
          0.0,
          0.0,
          1.0
        ]
      ]
    },
    {
      "file_path": "/media/NFS/ttao/scannet/posed_images/scene0049_00/00263.jpg",
      "transform_matrix": [
        [
          0.757087,
          -0.286648,
          0.58707,
          1.105897
        ],
        [
          -0.652007,
          -0.274711,
          0.706697,
          1.629507
        ],
        [
          -0.041298,
          -0.917805,
          -0.394877,
          1.433144
        ],
        [
          0.0,
          0.0,
          0.0,
          1.0
        ]
      ]
    },
    {
      "file_path": "/media/NFS/ttao/scannet/posed_images/scene0049_00/00270.jpg",
      "transform_matrix": [
        [
          0.764263,
          -0.26015,
          0.590104,
          1.156288
        ],
        [
          -0.642876,
          -0.234821,
          0.729088,
          1.622133
        ],
        [
          -0.051104,
          -0.936579,
          -0.346709,
          1.422562
        ],
        [
          0.0,
          0.0,
          0.0,
          1.0
        ]
      ]
    },
    {
      "file_path": "/media/NFS/ttao/scannet/posed_images/scene0049_00/00272.jpg",
      "transform_matrix": [
        [
          0.763227,
          -0.262888,
          0.590232,
          1.168682
        ],
        [
          -0.643701,
          -0.230235,
          0.729822,
          1.621937
        ],
        [
          -0.055969,
          -0.936953,
          -0.344943,
          1.426097
        ],
        [
          0.0,
          0.0,
          0.0,
          1.0
        ]
      ]
    },
    {
      "file_path": "/media/NFS/ttao/scannet/posed_images/scene0049_00/00280.jpg",
      "transform_matrix": [
        [
          0.781627,
          -0.221878,
          0.582949,
          1.237978
        ],
        [
          -0.621315,
          -0.194514,
          0.759034,
          1.600921
        ],
        [
          -0.055021,
          -0.955476,
          -0.289893,
          1.433827
        ],
        [
          0.0,
          0.0,
          0.0,
          1.0
        ]
      ]
    },
    {
      "file_path": "/media/NFS/ttao/scannet/posed_images/scene0049_00/00286.jpg",
      "transform_matrix": [
        [
          0.799672,
          -0.185022,
          0.571219,
          1.299261
        ],
        [
          -0.598829,
          -0.17618,
          0.781258,
          1.575655
        ],
        [
          -0.043912,
          -0.966813,
          -0.251683,
          1.435468
        ],
        [
          0.0,
          0.0,
          0.0,
          1.0
        ]
      ]
    },
    {
      "file_path": "/media/NFS/ttao/scannet/posed_images/scene0049_00/00294.jpg",
      "transform_matrix": [
        [
          0.802804,
          -0.159673,
          0.574465,
          1.369405
        ],
        [
          -0.594429,
          -0.139242,
          0.792001,
          1.538162
        ],
        [
          -0.046472,
          -0.977301,
          -0.206698,
          1.440187
        ],
        [
          0.0,
          0.0,
          0.0,
          1.0
        ]
      ]
    },
    {
      "file_path": "/media/NFS/ttao/scannet/posed_images/scene0049_00/00298.jpg",
      "transform_matrix": [
        [
          0.806221,
          -0.162133,
          0.568965,
          1.403134
        ],
        [
          -0.588424,
          -0.120011,
          0.799596,
          1.531053
        ],
        [
          -0.061358,
          -0.979444,
          -0.192158,
          1.442802
        ],
        [
          0.0,
          0.0,
          0.0,
          1.0
        ]
      ]
    },
    {
      "file_path": "/media/NFS/ttao/scannet/posed_images/scene0049_00/00301.jpg",
      "transform_matrix": [
        [
          0.813544,
          -0.162903,
          0.558219,
          1.434124
        ],
        [
          -0.576961,
          -0.106381,
          0.809814,
          1.525526
        ],
        [
          -0.072537,
          -0.98089,
          -0.180535,
          1.447814
        ],
        [
          0.0,
          0.0,
          0.0,
          1.0
        ]
      ]
    },
    {
      "file_path": "/media/NFS/ttao/scannet/posed_images/scene0049_00/00308.jpg",
      "transform_matrix": [
        [
          0.830362,
          -0.14549,
          0.537895,
          1.495071
        ],
        [
          -0.549812,
          -0.057003,
          0.833341,
          1.539207
        ],
        [
          -0.090581,
          -0.987716,
          -0.127325,
          1.461262
        ],
        [
          0.0,
          0.0,
          0.0,
          1.0
        ]
      ]
    },
    {
      "file_path": "/media/NFS/ttao/scannet/posed_images/scene0049_00/00313.jpg",
      "transform_matrix": [
        [
          0.826572,
          -0.123519,
          0.54911,
          1.52544
        ],
        [
          -0.556988,
          -0.039302,
          0.82959,
          1.563619
        ],
        [
          -0.080889,
          -0.991564,
          -0.101285,
          1.468816
        ],
        [
          0.0,
          0.0,
          0.0,
          1.0
        ]
      ]
    },
    {
      "file_path": "/media/NFS/ttao/scannet/posed_images/scene0049_00/00321.jpg",
      "transform_matrix": [
        [
          0.812513,
          -0.111244,
          0.57223,
          1.59166
        ],
        [
          -0.575794,
          0.000103,
          0.817595,
          1.596505
        ],
        [
          -0.091011,
          -0.993793,
          -0.06397,
          1.474511
        ],
        [
          0.0,
          0.0,
          0.0,
          1.0
        ]
      ]
    },
    {
      "file_path": "/media/NFS/ttao/scannet/posed_images/scene0049_00/00323.jpg",
      "transform_matrix": [
        [
          0.812567,
          -0.115931,
          0.571222,
          1.604551
        ],
        [
          -0.574569,
          0.005476,
          0.818438,
          1.602906
        ],
        [
          -0.09801,
          -0.993242,
          -0.062161,
          1.47689
        ],
        [
          0.0,
          0.0,
          0.0,
          1.0
        ]
      ]
    },
    {
      "file_path": "/media/NFS/ttao/scannet/posed_images/scene0049_00/00332.jpg",
      "transform_matrix": [
        [
          0.864959,
          -0.127521,
          0.48537,
          1.681366
        ],
        [
          -0.48113,
          0.064276,
          0.87429,
          1.582467
        ],
        [
          -0.142688,
          -0.989751,
          -0.005758,
          1.476991
        ],
        [
          0.0,
          0.0,
          0.0,
          1.0
        ]
      ]
    },
    {
      "file_path": "/media/NFS/ttao/scannet/posed_images/scene0049_00/00339.jpg",
      "transform_matrix": [
        [
          0.894999,
          -0.135411,
          0.425019,
          1.731406
        ],
        [
          -0.41403,
          0.102402,
          0.904485,
          1.55941
        ],
        [
          -0.165999,
          -0.985484,
          0.035585,
          1.487205
        ],
        [
          0.0,
          0.0,
          0.0,
          1.0
        ]
      ]
    },
    {
      "file_path": "/media/NFS/ttao/scannet/posed_images/scene0049_00/00345.jpg",
      "transform_matrix": [
        [
          0.906869,
          -0.145971,
          0.395323,
          1.764652
        ],
        [
          -0.381324,
          0.115083,
          0.91725,
          1.544874
        ],
        [
          -0.179387,
          -0.982572,
          0.048703,
          1.49287
        ],
        [
          0.0,
          0.0,
          0.0,
          1.0
        ]
      ]
    },
    {
      "file_path": "/media/NFS/ttao/scannet/posed_images/scene0049_00/00351.jpg",
      "transform_matrix": [
        [
          0.918768,
          -0.144553,
          0.367381,
          1.781919
        ],
        [
          -0.354184,
          0.109293,
          0.928767,
          1.535908
        ],
        [
          -0.174409,
          -0.983443,
          0.049217,
          1.494311
        ],
        [
          0.0,
          0.0,
          0.0,
          1.0
        ]
      ]
    },
    {
      "file_path": "/media/NFS/ttao/scannet/posed_images/scene0049_00/00352.jpg",
      "transform_matrix": [
        [
          0.920496,
          -0.142626,
          0.363792,
          1.782991
        ],
        [
          -0.350572,
          0.109768,
          0.930081,
          1.533883
        ],
        [
          -0.172586,
          -0.983671,
          0.05104,
          1.491928
        ],
        [
          0.0,
          0.0,
          0.0,
          1.0
        ]
      ]
    },
    {
      "file_path": "/media/NFS/ttao/scannet/posed_images/scene0049_00/00359.jpg",
      "transform_matrix": [
        [
          0.930382,
          -0.141417,
          0.338216,
          1.795882
        ],
        [
          -0.328136,
          0.09009,
          0.940325,
          1.524026
        ],
        [
          -0.163448,
          -0.985842,
          0.037414,
          1.490716
        ],
        [
          0.0,
          0.0,
          0.0,
          1.0
        ]
      ]
    },
    {
      "file_path": "/media/NFS/ttao/scannet/posed_images/scene0049_00/00364.jpg",
      "transform_matrix": [
        [
          0.924204,
          -0.133681,
          0.357738,
          1.801287
        ],
        [
          -0.355696,
          0.039681,
          0.933759,
          1.519496
        ],
        [
          -0.139022,
          -0.990229,
          -0.010877,
          1.480127
        ],
        [
          0.0,
          0.0,
          0.0,
          1.0
        ]
      ]
    },
    {
      "file_path": "/media/NFS/ttao/scannet/posed_images/scene0049_00/00373.jpg",
      "transform_matrix": [
        [
          0.881225,
          -0.152664,
          0.447366,
          1.815931
        ],
        [
          -0.465247,
          -0.112749,
          0.877971,
          1.529513
        ],
        [
          -0.083595,
          -0.981826,
          -0.170383,
          1.44751
        ],
        [
          0.0,
          0.0,
          0.0,
          1.0
        ]
      ]
    },
    {
      "file_path": "/media/NFS/ttao/scannet/posed_images/scene0049_00/00378.jpg",
      "transform_matrix": [
        [
          0.831227,
          -0.208931,
          0.515179,
          1.8173
        ],
        [
          -0.54823,
          -0.154329,
          0.821965,
          1.556682
        ],
        [
          -0.092227,
          -0.965676,
          -0.242825,
          1.430229
        ],
        [
          0.0,
          0.0,
          0.0,
          1.0
        ]
      ]
    },
    {
      "file_path": "/media/NFS/ttao/scannet/posed_images/scene0049_00/00381.jpg",
      "transform_matrix": [
        [
          0.807413,
          -0.225647,
          0.545131,
          1.825157
        ],
        [
          -0.583543,
          -0.169241,
          0.794251,
          1.57143
        ],
        [
          -0.086961,
          -0.959396,
          -0.268322,
          1.414763
        ],
        [
          0.0,
          0.0,
          0.0,
          1.0
        ]
      ]
    },
    {
      "file_path": "/media/NFS/ttao/scannet/posed_images/scene0049_00/00390.jpg",
      "transform_matrix": [
        [
          0.719292,
          -0.29018,
          0.6312,
          1.849142
        ],
        [
          -0.692137,
          -0.221255,
          0.687017,
          1.674796
        ],
        [
          -0.059702,
          -0.931043,
          -0.359991,
          1.408881
        ],
        [
          0.0,
          0.0,
          0.0,
          1.0
        ]
      ]
    },
    {
      "file_path": "/media/NFS/ttao/scannet/posed_images/scene0049_00/00397.jpg",
      "transform_matrix": [
        [
          0.654577,
          -0.322594,
          0.683712,
          1.860103
        ],
        [
          -0.751801,
          -0.18263,
          0.633594,
          1.76441
        ],
        [
          -0.079527,
          -0.928752,
          -0.362071,
          1.404827
        ],
        [
          0.0,
          0.0,
          0.0,
          1.0
        ]
      ]
    },
    {
      "file_path": "/media/NFS/ttao/scannet/posed_images/scene0049_00/00398.jpg",
      "transform_matrix": [
        [
          0.644336,
          -0.330231,
          0.689767,
          1.864066
        ],
        [
          -0.759966,
          -0.175847,
          0.625723,
          1.776709
        ],
        [
          -0.08534,
          -0.927376,
          -0.364269,
          1.403446
        ],
        [
          0.0,
          0.0,
          0.0,
          1.0
        ]
      ]
    },
    {
      "file_path": "/media/NFS/ttao/scannet/posed_images/scene0049_00/00407.jpg",
      "transform_matrix": [
        [
          0.581617,
          -0.365078,
          0.726938,
          1.89032
        ],
        [
          -0.808999,
          -0.166112,
          0.56385,
          1.872842
        ],
        [
          -0.085096,
          -0.916038,
          -0.391961,
          1.390084
        ],
        [
          0.0,
          0.0,
          0.0,
          1.0
        ]
      ]
    },
    {
      "file_path": "/media/NFS/ttao/scannet/posed_images/scene0049_00/00412.jpg",
      "transform_matrix": [
        [
          0.575029,
          -0.358662,
          0.735326,
          1.91437
        ],
        [
          -0.81367,
          -0.156955,
          0.559738,
          1.909349
        ],
        [
          -0.085343,
          -0.920178,
          -0.382086,
          1.390558
        ],
        [
          0.0,
          0.0,
          0.0,
          1.0
        ]
      ]
    },
    {
      "file_path": "/media/NFS/ttao/scannet/posed_images/scene0049_00/00417.jpg",
      "transform_matrix": [
        [
          0.565925,
          -0.358709,
          0.742332,
          1.946467
        ],
        [
          -0.822468,
          -0.18313,
          0.538526,
          1.957557
        ],
        [
          -0.057231,
          -0.91531,
          -0.398664,
          1.387913
        ],
        [
          0.0,
          0.0,
          0.0,
          1.0
        ]
      ]
    },
    {
      "file_path": "/media/NFS/ttao/scannet/posed_images/scene0049_00/00421.jpg",
      "transform_matrix": [
        [
          0.560904,
          -0.354455,
          0.748163,
          1.983054
        ],
        [
          -0.82618,
          -0.181764,
          0.533281,
          1.995573
        ],
        [
          -0.053035,
          -0.917237,
          -0.394796,
          1.3966
        ],
        [
          0.0,
          0.0,
          0.0,
          1.0
        ]
      ]
    },
    {
      "file_path": "/media/NFS/ttao/scannet/posed_images/scene0049_00/00431.jpg",
      "transform_matrix": [
        [
          0.517023,
          -0.307606,
          0.79879,
          2.080738
        ],
        [
          -0.85449,
          -0.130604,
          0.502782,
          2.071864
        ],
        [
          -0.050334,
          -0.942508,
          -0.330372,
          1.415107
        ],
        [
          0.0,
          0.0,
          0.0,
          1.0
        ]
      ]
    },
    {
      "file_path": "/media/NFS/ttao/scannet/posed_images/scene0049_00/00434.jpg",
      "transform_matrix": [
        [
          0.500053,
          -0.307408,
          0.809597,
          2.104353
        ],
        [
          -0.864801,
          -0.128194,
          0.485474,
          2.097005
        ],
        [
          -0.045452,
          -0.942904,
          -0.32995,
          1.414134
        ],
        [
          0.0,
          0.0,
          0.0,
          1.0
        ]
      ]
    },
    {
      "file_path": "/media/NFS/ttao/scannet/posed_images/scene0049_00/00438.jpg",
      "transform_matrix": [
        [
          0.486229,
          -0.311886,
          0.816277,
          2.136086
        ],
        [
          -0.872479,
          -0.121328,
          0.473349,
          2.132319
        ],
        [
          -0.048593,
          -0.942341,
