{
  "frames": [
    {
      "file_path": "/media/NFS/ttao/scannet/posed_images/scene0042_02/00000.jpg",
      "transform_matrix": [
        [
          -0.171961,
          0.577461,
          -0.798103,
          4.836547
        ],
        [
          0.979809,
          0.016372,
          -0.199265,
          2.549078
        ],
        [
          -0.102001,
          -0.816254,
          -0.568616,
          1.352556
        ],
        [
          0.0,
          0.0,
          0.0,
          1.0
        ]
      ]
    },
    {
      "file_path": "/media/NFS/ttao/scannet/posed_images/scene0042_02/00004.jpg",
      "transform_matrix": [
        [
          -0.17696,
          0.587685,
          -0.789501,
          4.845043
        ],
        [
          0.979538,
          0.027026,
          -0.199437,
          2.54601
        ],
        [
          -0.095869,
          -0.808639,
          -0.580442,
          1.343906
        ],
        [
          0.0,
          0.0,
          0.0,
          1.0
        ]
      ]
    },
    {
      "file_path": "/media/NFS/ttao/scannet/posed_images/scene0042_02/00007.jpg",
      "transform_matrix": [
        [
          -0.179312,
          0.587729,
          -0.788938,
          4.848186
        ],
        [
          0.980129,
          0.03758,
          -0.19477,
          2.545074
        ],
        [
          -0.084824,
          -0.808185,
          -0.582789,
          1.340933
        ],
        [
          0.0,
          0.0,
          0.0,
          1.0
        ]
      ]
    },
    {
      "file_path": "/media/NFS/ttao/scannet/posed_images/scene0042_02/00013.jpg",
      "transform_matrix": [
        [
          -0.16991,
          0.599497,
          -0.782135,
          4.855241
        ],
        [
          0.983512,
          0.053286,
          -0.172814,
          2.534174
        ],
        [
          -0.061924,
          -0.798601,
          -0.598666,
          1.333338
        ],
        [
          0.0,
          0.0,
          0.0,
          1.0
        ]
      ]
    },
    {
      "file_path": "/media/NFS/ttao/scannet/posed_images/scene0042_02/00014.jpg",
      "transform_matrix": [
        [
          -0.171456,
          0.599883,
          -0.781501,
          4.857487
        ],
        [
          0.98329,
          0.054926,
          -0.173566,
          2.533575
        ],
        [
          -0.061195,
          -0.7982,
          -0.599276,
          1.329893
        ],
        [
          0.0,
          0.0,
          0.0,
          1.0
        ]
      ]
    },
    {
      "file_path": "/media/NFS/ttao/scannet/posed_images/scene0042_02/00020.jpg",
      "transform_matrix": [
        [
          -0.187163,
          0.618547,
          -0.763132,
          4.860601
        ],
        [
          0.980576,
          0.071253,
          -0.182738,
          2.525034
        ],
        [
          -0.058657,
          -0.782511,
          -0.619868,
          1.327464
        ],
        [
          0.0,
          0.0,
          0.0,
          1.0
        ]
      ]
    },
    {
      "file_path": "/media/NFS/ttao/scannet/posed_images/scene0042_02/00024.jpg",
      "transform_matrix": [
        [
          -0.203884,
          0.624078,
          -0.754294,
          4.868728
        ],
        [
          0.976457,
          0.074185,
          -0.202556,
          2.518474
        ],
        [
          -0.070454,
          -0.777833,
          -0.62451,
          1.324467
        ],
        [
          0.0,
          0.0,
          0.0,
          1.0
        ]
      ]
    },
    {
      "file_path": "/media/NFS/ttao/scannet/posed_images/scene0042_02/00025.jpg",
      "transform_matrix": [
        [
          -0.209441,
          0.622402,
          -0.754155,
          4.86991
        ],
        [
          0.975204,
          0.076561,
          -0.207645,
          2.517418
        ],
        [
          -0.0715,
          -0.778944,
          -0.623004,
          1.325113
        ],
        [
          0.0,
          0.0,
          0.0,
          1.0
        ]
      ]
    },
    {
      "file_path": "/media/NFS/ttao/scannet/posed_images/scene0042_02/00029.jpg",
      "transform_matrix": [
        [
          -0.23737,
          0.594262,
          -0.768445,
          4.875804
        ],
        [
          0.968675,
          0.085382,
          -0.233191,
          2.509492
        ],
        [
          -0.072965,
          -0.799726,
          -0.595914,
          1.338323
        ],
        [
          0.0,
          0.0,
          0.0,
          1.0
        ]
      ]
    },
    {
      "file_path": "/media/NFS/ttao/scannet/posed_images/scene0042_02/00035.jpg",
      "transform_matrix": [
        [
          -0.299778,
          0.54896,
          -0.780241,
          4.882335
        ],
        [
          0.950382,
          0.100598,
          -0.29437,
          2.492428
        ],
        [
          -0.083107,
          -0.829773,
          -0.551879,
          1.359953
        ],
        [
          0.0,
          0.0,
          0.0,
          1.0
        ]
      ]
    },
    {
      "file_path": "/media/NFS/ttao/scannet/posed_images/scene0042_02/00036.jpg",
      "transform_matrix": [
        [
          -0.310428,
          0.544382,
          -0.779284,
          4.8834
        ],
        [
          0.947055,
          0.106406,
          -0.302927,
          2.488734
        ],
        [
          -0.081988,
          -0.832062,
          -0.548591,
          1.362039
        ],
        [
          0.0,
          0.0,
          0.0,
          1.0
        ]
      ]
    },
    {
      "file_path": "/media/NFS/ttao/scannet/posed_images/scene0042_02/00040.jpg",
      "transform_matrix": [
        [
          -0.356699,
          0.528822,
          -0.770139,
          4.885507
        ],
        [
          0.930414,
          0.126759,
          -0.343892,
          2.480868
        ],
        [
          -0.084236,
          -0.839214,
          -0.537238,
          1.368103
        ],
        [
          0.0,
          0.0,
          0.0,
          1.0
        ]
      ]
    },
    {
      "file_path": "/media/NFS/ttao/scannet/posed_images/scene0042_02/00046.jpg",
      "transform_matrix": [
        [
          -0.432842,
          0.520175,
          -0.736251,
          4.890122
        ],
        [
          0.897013,
          0.167415,
          -0.409072,
          2.462275
        ],
        [
          -0.089529,
          -0.837491,
          -0.539068,
          1.372681
        ],
        [
          0.0,
          0.0,
          0.0,
          1.0
        ]
      ]
    },
    {
      "file_path": "/media/NFS/ttao/scannet/posed_images/scene0042_02/00049.jpg",
      "transform_matrix": [
        [
          -0.456578,
          0.511786,
          -0.727745,
          4.893196
        ],
        [
          0.885682,
          0.183965,
          -0.426292,
          2.455627
        ],
        [
          -0.084291,
          -0.839185,
          -0.537274,
          1.373742
        ],
        [
          0.0,
          0.0,
          0.0,
          1.0
        ]
      ]
    },
    {
      "file_path": "/media/NFS/ttao/scannet/posed_images/scene0042_02/00051.jpg",
      "transform_matrix": [
        [
          -0.471531,
          0.503547,
          -0.723947,
          4.894113
        ],
        [
          0.877855,
          0.189978,
          -0.439636,
          2.458859
        ],
        [
          -0.083844,
          -0.842822,
          -0.531622,
          1.373339
        ],
        [
          0.0,
          0.0,
          0.0,
          1.0
        ]
      ]
    },
    {
      "file_path": "/media/NFS/ttao/scannet/posed_images/scene0042_02/00056.jpg",
      "transform_matrix": [
        [
          -0.49924,
          0.482366,
          -0.71978,
          4.894718
        ],
        [
          0.862712,
          0.199504,
          -0.464678,
          2.45643
        ],
        [
          -0.080546,
          -0.852948,
          -0.515743,
          1.386347
        ],
        [
          0.0,
          0.0,
          0.0,
          1.0
        ]
      ]
    },
    {
      "file_path": "/media/NFS/ttao/scannet/posed_images/scene0042_02/00058.jpg",
      "transform_matrix": [
        [
          -0.519616,
          0.47011,
          -0.71344,
          4.897842
        ],
        [
          0.849736,
          0.197212,
          -0.488934,
          2.455686
        ],
        [
          -0.089154,
          -0.860293,
          -0.501944,
          1.392321
        ],
        [
          0.0,
          0.0,
          0.0,
          1.0
        ]
      ]
    },
    {
      "file_path": "/media/NFS/ttao/scannet/posed_images/scene0042_02/00062.jpg",
      "transform_matrix": [
        [
          -0.542334,
          0.454161,
          -0.706832,
          4.908111
        ],
        [
          0.835883,
          0.206863,
          -0.508435,
          2.448376
        ],
        [
          -0.084694,
          -0.866571,
          -0.491814,
          1.391134
        ],
        [
          0.0,
          0.0,
          0.0,
          1.0
        ]
      ]
    },
    {
      "file_path": "/media/NFS/ttao/scannet/posed_images/scene0042_02/00067.jpg",
      "transform_matrix": [
        [
          -0.5438,
          0.431076,
          -0.720039,
          4.922854
        ],
        [
          0.83709,
          0.217613,
          -0.50192,
          2.443735
        ],
        [
          -0.059676,
          -0.875682,
          -0.479187,
          1.395682
        ],
        [
          0.0,
          0.0,
          0.0,
          1.0
        ]
      ]
    },
    {
      "file_path": "/media/NFS/ttao/scannet/posed_images/scene0042_02/00069.jpg",
      "transform_matrix": [
        [
          -0.545529,
          0.409121,
          -0.73145,
          4.939062
        ],
        [
          0.836891,
          0.219206,
          -0.501561,
          2.441304
        ],
        [
          -0.044861,
          -0.885759,
          -0.461972,
          1.399263
        ],
        [
          0.0,
          0.0,
          0.0,
          1.0
        ]
      ]
    },
    {
      "file_path": "/media/NFS/ttao/scannet/posed_images/scene0042_02/00075.jpg",
      "transform_matrix": [
        [
          -0.541715,
          0.36893,
          -0.755272,
          4.978031
        ],
        [
          0.839822,
          0.199842,
          -0.50474,
          2.441039
        ],
        [
          -0.035279,
          -0.907719,
          -0.418093,
          1.433599
        ],
        [
          0.0,
          0.0,
          0.0,
          1.0
        ]
      ]
    },
    {
      "file_path": "/media/NFS/ttao/scannet/posed_images/scene0042_02/00079.jpg",
      "transform_matrix": [
        [
          -0.541975,
          0.346646,
          -0.765571,
          5.008102
        ],
        [
          0.839962,
          0.19422,
          -0.506698,
          2.440694
        ],
        [
          -0.026956,
          -0.917668,
          -0.396432,
          1.447584
        ],
        [
          0.0,
          0.0,
          0.0,
          1.0
        ]
      ]
    },
    {
      "file_path": "/media/NFS/ttao/scannet/posed_images/scene0042_02/00081.jpg",
      "transform_matrix": [
        [
          -0.550282,
          0.337701,
          -0.763641,
          5.036354
        ],
        [
          0.83446,
          0.190169,
          -0.517217,
          2.434854
        ],
        [
          -0.029444,
          -0.921842,
          -0.386445,
          1.451366
        ],
        [
          0.0,
          0.0,
          0.0,
          1.0
        ]
      ]
    },
    {
      "file_path": "/media/NFS/ttao/scannet/posed_images/scene0042_02/00086.jpg",
      "transform_matrix": [
        [
          -0.581486,
          0.321448,
          -0.747359,
          5.07756
        ],
        [
          0.813132,
          0.199953,
          -0.546658,
          2.42805
        ],
        [
          -0.026285,
          -0.925575,
          -0.37765,
          1.451223
        ],
        [
          0.0,
          0.0,
          0.0,
          1.0
        ]
      ]
    },
    {
      "file_path": "/media/NFS/ttao/scannet/posed_images/scene0042_02/00087.jpg",
      "transform_matrix": [
        [
          -0.582464,
          0.314791,
          -0.749428,
          5.085843
        ],
        [
          0.812541,
          0.199817,
          -0.547585,
          2.425955
        ],
        [
          -0.022626,
          -0.92789,
          -0.372167,
          1.448345
        ],
        [
          0.0,
          0.0,
          0.0,
          1.0
        ]
      ]
    },
    {
      "file_path": "/media/NFS/ttao/scannet/posed_images/scene0042_02/00091.jpg",
      "transform_matrix": [
        [
          -0.568922,
          0.294601,
          -0.767815,
          5.111466
        ],
        [
          0.822288,
          0.188913,
          -0.536801,
          2.422159
        ],
        [
          -0.013091,
          -0.936762,
          -0.349723,
          1.461226
        ],
        [
          0.0,
          0.0,
          0.0,
          1.0
        ]
      ]
    },
    {
      "file_path": "/media/NFS/ttao/scannet/posed_images/scene0042_02/00097.jpg",
      "transform_matrix": [
        [
          -0.545854,
          0.263444,
          -0.795387,
          5.126728
        ],
        [
          0.837646,
          0.194014,
          -0.510595,
          2.423241
        ],
        [
          0.019803,
          -0.944963,
          -0.326576,
          1.470441
        ],
        [
          0.0,
          0.0,
          0.0,
          1.0
        ]
      ]
    },
    {
      "file_path": "/media/NFS/ttao/scannet/posed_images/scene0042_02/00100.jpg",
      "transform_matrix": [
        [
          -0.541333,
          0.26147,
          -0.799119,
          5.131934
        ],
        [
          0.84057,
          0.190901,
          -0.50695,
          2.424296
        ],
        [
          0.020001,
          -0.946145,
          -0.323125,
          1.468316
        ],
        [
          0.0,
          0.0,
          0.0,
          1.0
        ]
      ]
    },
    {
      "file_path": "/media/NFS/ttao/scannet/posed_images/scene0042_02/00102.jpg",
      "transform_matrix": [
        [
          -0.540103,
          0.275025,
          -0.795393,
          5.136258
        ],
        [
          0.841479,
          0.192435,
          -0.504858,
          2.422523
        ],
        [
          0.014213,
          -0.941982,
          -0.335362,
          1.458676
        ],
        [
          0.0,
          0.0,
          0.0,
          1.0
        ]
      ]
    },
    {
      "file_path": "/media/NFS/ttao/scannet/posed_images/scene0042_02/00108.jpg",
      "transform_matrix": [
        [
          -0.541306,
          0.314947,
          -0.779613,
          5.138732
        ],
        [
          0.840798,
          0.210333,
          -0.498818,
          2.407917
        ],
        [
          0.006877,
          -0.92551,
          -0.378661,
          1.438266
        ],
        [
          0.0,
          0.0,
          0.0,
          1.0
        ]
      ]
    },
    {
      "file_path": "/media/NFS/ttao/scannet/posed_images/scene0042_02/00111.jpg",
      "transform_matrix": [
        [
          -0.538661,
          0.323772,
          -0.777828,
          5.135163
        ],
        [
          0.842516,
          0.210714,
          -0.495748,
          2.404122
        ],
        [
          0.00339,
          -0.922373,
          -0.386286,
          1.420611
        ],
        [
          0.0,
          0.0,
          0.0,
          1.0
        ]
      ]
    },
    {
      "file_path": "/media/NFS/ttao/scannet/posed_images/scene0042_02/00115.jpg",
      "transform_matrix": [
        [
          -0.517426,
          0.335648,
          -0.787154,
          5.128121
        ],
        [
          0.855728,
          0.202589,
          -0.476117,
          2.392809
        ],
        [
          -0.000339,
          -0.919945,
          -0.392048,
          1.411353
        ],
        [
          0.0,
          0.0,
          0.0,
          1.0
        ]
      ]
    },
    {
      "file_path": "/media/NFS/ttao/scannet/posed_images/scene0042_02/00118.jpg",
      "transform_matrix": [
        [
          -0.511015,
          0.340215,
          -0.789378,
          5.122711
        ],
        [
          0.859525,
          0.192619,
          -0.473408,
          2.386667
        ],
        [
          -0.009012,
          -0.920408,
          -0.390854,
          1.404222
        ],
        [
          0.0,
          0.0,
          0.0,
          1.0
        ]
      ]
    },
    {
      "file_path": "/media/NFS/ttao/scannet/posed_images/scene0042_02/00123.jpg",
      "transform_matrix": [
        [
          -0.51981,
          0.345344,
          -0.781368,
          5.113649
        ],
        [
          0.85409,
          0.190713,
          -0.483899,
          2.366224
        ],
        [
          -0.018094,
          -0.918894,
          -0.39409,
          1.39462
        ],
        [
          0.0,
          0.0,
          0.0,
          1.0
        ]
      ]
    },
    {
      "file_path": "/media/NFS/ttao/scannet/posed_images/scene0042_02/00126.jpg",
      "transform_matrix": [
        [
          -0.511648,
          0.345281,
          -0.786764,
          5.099936
        ],
        [
          0.859002,
          0.186135,
          -0.476938,
          2.35272
        ],
        [
          -0.018233,
          -0.919856,
          -0.391832,
          1.391696
        ],
        [
          0.0,
          0.0,
          0.0,
          1.0
        ]
      ]
    },
    {
      "file_path": "/media/NFS/ttao/scannet/posed_images/scene0042_02/00130.jpg",
      "transform_matrix": [
        [
          -0.484655,
          0.36999,
          -0.792602,
          5.086948
        ],
        [
          0.874661,
          0.195859,
          -0.443404,
          2.336427
        ],
        [
          -0.008816,
          -0.908156,
          -0.41854,
          1.391199
        ],
        [
          0.0,
          0.0,
          0.0,
          1.0
        ]
      ]
    },
    {
      "file_path": "/media/NFS/ttao/scannet/posed_images/scene0042_02/00131.jpg",
      "transform_matrix": [
        [
          -0.478356,
          0.371503,
          -0.795714,
          5.087261
        ],
        [
          0.878125,
          0.193629,
          -0.437497,
          2.332114
        ],
        [
          -0.008458,
          -0.908016,
          -0.41885,
          1.387059
        ],
        [
          0.0,
          0.0,
          0.0,
          1.0
        ]
      ]
    },
    {
      "file_path": "/media/NFS/ttao/scannet/posed_images/scene0042_02/00137.jpg",
      "transform_matrix": [
        [
          -0.465909,
          0.413367,
          -0.78234,
          5.092154
        ],
        [
          0.884832,
          0.216778,
          -0.412407,
          2.291662
        ],
        [
          -0.000881,
          -0.884384,
          -0.466759,
          1.376209
        ],
        [
          0.0,
          0.0,
          0.0,
          1.0
        ]
      ]
    },
    {
      "file_path": "/media/NFS/ttao/scannet/posed_images/scene0042_02/00140.jpg",
      "transform_matrix": [
        [
          -0.451214,
          0.418995,
          -0.78794,
          5.108221
        ],
        [
          0.892415,
          0.212765,
          -0.397902,
          2.264603
        ],
        [
          0.000928,
          -0.882709,
          -0.46992,
          1.367642
        ],
        [
          0.0,
          0.0,
          0.0,
          1.0
        ]
      ]
    },
    {
      "file_path": "/media/NFS/ttao/scannet/posed_images/scene0042_02/00145.jpg",
      "transform_matrix": [
        [
          -0.408537,
          0.427597,
          -0.806386,
          5.147142
        ],
        [
          0.91253,
          0.172301,
          -0.370947,
          2.226012
        ],
        [
          -0.019675,
          -0.887397,
          -0.460586,
          1.372008
        ],
        [
          0.0,
          0.0,
          0.0,
          1.0
        ]
      ]
    },
    {
      "file_path": "/media/NFS/ttao/scannet/posed_images/scene0042_02/00146.jpg",
      "transform_matrix": [
        [
          -0.391513,
          0.432806,
          -0.812033,
          5.164001
        ],
        [
          0.919933,
          0.163972,
          -0.356141,
          2.208268
        ],
        [
          -0.020989,
          -0.886449,
          -0.46235,
          1.375951
        ],
        [
          0.0,
          0.0,
          0.0,
          1.0
        ]
      ]
    },
    {
      "file_path": "/media/NFS/ttao/scannet/posed_images/scene0042_02/00152.jpg",
      "transform_matrix": [
        [
          -0.385867,
          0.442684,
          -0.809406,
          5.218728
        ],
        [
          0.922475,
          0.173629,
          -0.344808,
          2.134086
        ],
        [
          -0.012105,
          -0.879707,
          -0.475362,
          1.371624
        ],
        [
          0.0,
          0.0,
          0.0,
          1.0
        ]
      ]
    },
    {
      "file_path": "/media/NFS/ttao/scannet/posed_images/scene0042_02/00156.jpg",
      "transform_matrix": [
        [
          -0.376458,
          0.43732,
          -0.816719,
          5.237485
        ],
        [
          0.926426,
          0.181247,
          -0.329975,
          2.099272
        ],
        [
          0.003723,
          -0.880852,
          -0.473377,
          1.373242
        ],
        [
          0.0,
          0.0,
          0.0,
          1.0
        ]
      ]
    },
    {
      "file_path": "/media/NFS/ttao/scannet/posed_images/scene0042_02/00159.jpg",
      "transform_matrix": [
        [
          -0.377938,
          0.430026,
          -0.819903,
          5.246007
        ],
        [
          0.925779,
          0.184927,
          -0.329751,
          2.077662
        ],
        [
          0.009821,
          -0.883674,
          -0.468,
          1.374668
        ],
        [
          0.0,
          0.0,
          0.0,
          1.0
        ]
      ]
    },
    {
      "file_path": "/media/NFS/ttao/scannet/posed_images/scene0042_02/00160.jpg",
      "transform_matrix": [
        [
          -0.374983,
          0.428007,
          -0.822313,
          5.24894
        ],
        [
          0.926988,
          0.181713,
          -0.328136,
          2.071511
        ],
        [
          0.00898,
          -0.88532,
          -0.464896,
          1.36932
        ],
        [
          0.0,
          0.0,
          0.0,
          1.0
        ]
      ]
    },
    {
      "file_path": "/media/NFS/ttao/scannet/posed_images/scene0042_02/00164.jpg",
      "transform_matrix": [
        [
          -0.373127,
          0.425008,
          -0.824709,
          5.24211
        ],
        [
          0.927757,
          0.177237,
          -0.328411,
          2.055015
        ],
        [
          0.006592,
          -0.887669,
          -0.460436,
          1.371006
        ],
        [
          0.0,
          0.0,
          0.0,
          1.0
        ]
      ]
    },
    {
      "file_path": "/media/NFS/ttao/scannet/posed_images/scene0042_02/00168.jpg",
      "transform_matrix": [
        [
          -0.351353,
          0.429804,
          -0.831757,
          5.22351
        ],
        [
          0.936169,
          0.172472,
          -0.306335,
          2.034351
        ],
        [
          0.011791,
          -0.886297,
          -0.462968,
          1.373678
        ],
        [
          0.0,
          0.0,
          0.0,
          1.0
        ]
      ]
    },
    {
      "file_path": "/media/NFS/ttao/scannet/posed_images/scene0042_02/00174.jpg",
      "transform_matrix": [
        [
          -0.325437,
          0.417785,
          -0.848261,
          5.179566
        ],
        [
          0.945555,
          0.139907,
          -0.293857,
          1.999807
        ],
        [
          -0.004091,
          -0.897709,
          -0.440569,
          1.373098
        ],
        [
          0.0,
          0.0,
          0.0,
          1.0
        ]
      ]
    },
    {
      "file_path": "/media/NFS/ttao/scannet/posed_images/scene0042_02/00175.jpg",
      "transform_matrix": [
        [
          -0.327431,
          0.418321,
          -0.847229,
          5.170946
        ],
        [
          0.944854,
          0.139011,
          -0.296524,
          1.994496
        ],
        [
          -0.006268,
          -0.897599,
          -0.440768,
          1.373017
        ],
        [
          0.0,
          0.0,
          0.0,
          1.0
        ]
      ]
    },
    {
      "file_path": "/media/NFS/ttao/scannet/posed_images/scene0042_02/00180.jpg",
      "transform_matrix": [
        [
          -0.347923,
          0.409024,
          -0.843593,
          5.126547
        ],
        [
          0.937495,
          0.144862,
          -0.316414,
          1.964082
        ],
        [
          -0.007217,
          -0.900952,
          -0.433859,
          1.357339
        ],
        [
          0.0,
          0.0,
          0.0,
          1.0
        ]
      ]
    },
    {
      "file_path": "/media/NFS/ttao/scannet/posed_images/scene0042_02/00185.jpg",
      "transform_matrix": [
        [
          -0.342707,
          0.41551,
          -0.842558,
          5.053295
        ],
        [
          0.939301,
          0.136004,
          -0.314986,
          1.932814
        ],
        [
          -0.016288,
          -0.899363,
          -0.436899,
          1.356754
        ],
        [
          0.0,
          0.0,
          0.0,
          1.0
        ]
      ]
    },
    {
      "file_path": "/media/NFS/ttao/scannet/posed_images/scene0042_02/00186.jpg",
      "transform_matrix": [
        [
          -0.336344,
          0.422428,
          -0.841681,
          5.037571
        ],
        [
          0.941616,
          0.136372,
          -0.307835,
          1.925752
        ],
        [
          -0.015256,
          -0.896079,
          -0.443632,
          1.358741
        ],
        [
          0.0,
          0.0,
          0.0,
          1.0
        ]
      ]
    },
    {
      "file_path": "/media/NFS/ttao/scannet/posed_images/scene0042_02/00191.jpg",
      "transform_matrix": [
        [
          -0.34579,
          0.413249,
          -0.84241,
          4.967183
        ],
        [
          0.937938,
          0.1269,
          -0.322751,
          1.906676
        ],
        [
          -0.026474,
          -0.901733,
          -0.431483,
          1.367562
        ],
        [
          0.0,
          0.0,
          0.0,
          1.0
        ]
      ]
    },
    {
      "file_path": "/media/NFS/ttao/scannet/posed_images/scene0042_02/00195.jpg",
      "transform_matrix": [
        [
          -0.340393,
          0.417193,
          -0.842664,
          4.930795
        ],
        [
          0.939481,
          0.113897,
          -0.323114,
          1.895316
        ],
        [
          -0.038824,
          -0.901653,
          -0.430715,
          1.367612
        ],
        [
          0.0,
          0.0,
          0.0,
          1.0
        ]
      ]
    },
    {
      "file_path": "/media/NFS/ttao/scannet/posed_images/scene0042_02/00198.jpg",
      "transform_matrix": [
        [
          -0.309412,
          0.42369,
          -0.851323,
          4.903446
        ],
        [
          0.95058,
          0.113596,
          -0.288951,
          1.886903
        ],
        [
          -0.025718,
          -0.898656,
          -0.4379,
          1.363563
        ],
        [
          0.0,
          0.0,
          0.0,
          1.0
        ]
      ]
    },
    {
      "file_path": "/media/NFS/ttao/scannet/posed_images/scene0042_02/00202.jpg",
      "transform_matrix": [
        [
          -0.245687,
          0.447543,
          -0.859851,
          4.858917
        ],
        [
          0.969349,
          0.112879,
          -0.218222,
          1.877581
        ],
        [
          -0.000604,
          -0.887109,
          -0.461559,
          1.363776
        ],
        [
          0.0,
          0.0,
          0.0,
          1.0
        ]
      ]
    },
    {
      "file_path": "/media/NFS/ttao/scannet/posed_images/scene0042_02/00207.jpg",
      "transform_matrix": [
        [
          -0.182503,
          0.451086,
          -0.873621,
          4.821599
        ],
        [
          0.982998,
          0.101985,
          -0.152693,
          1.850577
        ],
        [
          0.020219,
          -0.886634,
          -0.462029,
          1.359624
        ],
        [
          0.0,
          0.0,
          0.0,
          1.0
        ]
      ]
    },
    {
      "file_path": "/media/NFS/ttao/scannet/posed_images/scene0042_02/00211.jpg",
      "transform_matrix": [
        [
          -0.143774,
          0.453832,
          -0.879413,
          4.784649
        ],
        [
          0.989267,
          0.089326,
          -0.115636,
          1.81512
        ],
        [
          0.026075,
          -0.886599,
          -0.461803,
          1.36294
        ],
        [
          0.0,
          0.0,
          0.0,
          1.0
        ]
      ]
    },
    {
      "file_path": "/media/NFS/ttao/scannet/posed_images/scene0042_02/00212.jpg",
      "transform_matrix": [
        [
          -0.136912,
          0.453822,
          -0.880512,
          4.774312
        ],
        [
          0.99019,
          0.087758,
          -0.108735,
          1.802883
        ],
        [
          0.027926,
          -0.886761,
          -0.461385,
          1.363225
        ],
        [
          0.0,
          0.0,
          0.0,
          1.0
        ]
      ]
    },
    {
      "file_path": "/media/NFS/ttao/scannet/posed_images/scene0042_02/00215.jpg",
      "transform_matrix": [
        [
          -0.09829,
          0.452891,
          -0.886132,
          4.726816
        ],
        [
          0.994255,
          0.082618,
          -0.068057,
          1.743932
        ],
        [
          0.042388,
          -0.88773,
          -0.458409,
          1.363681
        ],
        [
          0.0,
          0.0,
          0.0,
          1.0
        ]
      ]
    },
    {
      "file_path": "/media/NFS/ttao/scannet/posed_images/scene0042_02/00222.jpg",
      "transform_matrix": [
        [
          0.024775,
          0.467834,
          -0.883469,
          4.62988
        ],
        [
          0.997813,
          0.042598,
          0.050538,
          1.650645
        ],
        [
          0.061277,
          -0.882789,
          -0.465756,
          1.384333
        ],
        [
          0.0,
          0.0,
          0.0,
          1.0
        ]
      ]
    },
    {
      "file_path": "/media/NFS/ttao/scannet/posed_images/scene0042_02/00225.jpg",
      "transform_matrix": [
        [
          0.067507,
          0.461999,
          -0.884308,
          4.586438
        ],
        [
          0.996295,
          0.016119,
          0.084477,
          1.606033
        ],
        [
          0.053282,
          -0.886734,
          -0.459199,
          1.39124
        ],
        [
          0.0,
          0.0,
          0.0,
          1.0
        ]
      ]
    },
    {
      "file_path": "/media/NFS/ttao/scannet/posed_images/scene0042_02/00226.jpg",
      "transform_matrix": [
        [
          0.073865,
          0.462637,
          -0.883466,
          4.576478
        ],
        [
          0.995826,
          0.013413,
          0.090283,
          1.594185
        ],
        [
          0.053618,
          -0.886447,
          -0.459715,
          1.392464
        ],
        [
          0.0,
          0.0,
          0.0,
          1.0
        ]
      ]
    },
    {
      "file_path": "/media/NFS/ttao/scannet/posed_images/scene0042_02/00230.jpg",
      "transform_matrix": [
        [
          0.105199,
          0.477123,
          -0.872518,
          4.542487
        ],
        [
          0.991404,
          0.018318,
          0.12955,
          1.53607
        ],
        [
          0.077794,
          -0.878646,
          -0.471094,
          1.374492
        ],
        [
          0.0,
          0.0,
          0.0,
          1.0
        ]
      ]
    },
    {
      "file_path": "/media/NFS/ttao/scannet/posed_images/scene0042_02/00236.jpg",
      "transform_matrix": [
        [
          0.091416,
          0.53808,
          -0.837922,
          4.502372
        ],
        [
          0.987826,
          0.057355,
          0.144601,
          1.484246
        ],
        [
          0.125866,
          -0.84094,
          -0.526286,
          1.341051
        ],
        [
          0.0,
          0.0,
          0.0,
          1.0
        ]
      ]
    },
    {
      "file_path": "/media/NFS/ttao/scannet/posed_images/scene0042_02/00240.jpg",
      "transform_matrix": [
        [
          0.084953,
          0.566204,
          -0.819876,
          4.481474
        ],
        [
          0.986352,
          0.068686,
          0.149637,
          1.458341
        ],
        [
          0.141039,
          -0.821399,
          -0.552641,
          1.338464
        ],
        [
          0.0,
          0.0,
          0.0,
          1.0
        ]
      ]
    },
    {
      "file_path": "/media/NFS/ttao/scannet/posed_images/scene0042_02/00242.jpg",
      "transform_matrix": [
        [
          0.081183,
          0.570063,
          -0.817581,
          4.478745
        ],
        [
          0.985684,
          0.075697,
          0.150656,
          1.452896
        ],
        [
          0.147772,
          -0.818107,
          -0.555756,
          1.336156
        ],
        [
          0.0,
          0.0,
          0.0,
          1.0
        ]
      ]
    },
    {
      "file_path": "/media/NFS/ttao/scannet/posed_images/scene0042_02/00245.jpg",
      "transform_matrix": [
        [
          0.074159,
          0.559428,
          -0.825555,
          4.477483
        ],
        [
          0.987182,
          0.076138,
          0.140271,
          1.450831
        ],
        [
          0.141327,
          -0.825375,
          -0.546611,
          1.343563
        ],
        [
          0.0,
          0.0,
          0.0,
          1.0
        ]
      ]
    },
    {
      "file_path": "/media/NFS/ttao/scannet/posed_images/scene0042_02/00251.jpg",
      "transform_matrix": [
        [
          0.072411,
          0.517224,
          -0.852781,
          4.483393
        ],
        [
          0.990428,
          0.063454,
          0.122585,
          1.459552
        ],
        [
          0.117516,
          -0.853495,
          -0.507678,
          1.377249
        ],
        [
          0.0,
          0.0,
          0.0,
          1.0
        ]
      ]
    },
    {
      "file_path": "/media/NFS/ttao/scannet/posed_images/scene0042_02/00253.jpg",
      "transform_matrix": [
        [
          0.066086,
          0.510133,
          -0.857553,
          4.491316
        ],
        [
          0.992,
          0.059055,
          0.111577,
          1.473138
        ],
        [
          0.107562,
          -0.858066,
          -0.502149,
          1.385915
        ],
        [
          0.0,
          0.0,
          0.0,
          1.0
        ]
      ]
    },
    {
      "file_path": "/media/NFS/ttao/scannet/posed_images/scene0042_02/00258.jpg",
      "transform_matrix": [
        [
          0.035976,
          0.507244,
          -0.861051,
          4.509962
        ],
        [
          0.995313,
          0.059209,
          0.076466,
          1.505721
        ],
        [
          0.089769,
          -0.859766,
          -0.502736,
          1.393188
        ],
        [
          0.0,
          0.0,
          0.0,
          1.0
        ]
      ]
    },
    {
      "file_path": "/media/NFS/ttao/scannet/posed_images/scene0042_02/00259.jpg",
      "transform_matrix": [
        [
          0.016654,
          0.504695,
          -0.863137,
          4.52151
        ],
        [
          0.996056,
          0.066869,
          0.058318,
          1.519643
        ],
        [
          0.08715,
          -0.860704,
          -0.50159,
          1.393243
        ],
        [
          0.0,
          0.0,
          0.0,
          1.0
        ]
      ]
    },
    {
      "file_path": "/media/NFS/ttao/scannet/posed_images/scene0042_02/00263.jpg",
      "transform_matrix": [
        [
          -0.040939,
          0.503373,
          -0.863099,
          4.553813
        ],
        [
          0.996507,
          0.083503,
          0.001433,
          1.564747
        ],
        [
          0.072793,
          -0.860025,
          -0.505033,
          1.391373
        ],
        [
          0.0,
          0.0,
          0.0,
          1.0
        ]
      ]
    },
    {
      "file_path": "/media/NFS/ttao/scannet/posed_images/scene0042_02/00267.jpg",
      "transform_matrix": [
        [
          -0.174461,
          0.489326,
          -0.854472,
          4.611243
        ],
        [
          0.983405,
          0.130449,
          -0.126082,
          1.64408
        ],
        [
          0.04977,
          -0.862289,
          -0.503965,
          1.380054
        ],
        [
          0.0,
          0.0,
          0.0,
          1.0
        ]
      ]
    },
    {
      "file_path": "/media/NFS/ttao/scannet/posed_images/scene0042_02/00273.jpg",
      "transform_matrix": [
        [
          -0.350906,
          0.472704,
          -0.808342,
          4.682897
        ],
        [
          0.935748,
          0.209482,
          -0.283713,
          1.752874
        ],
        [
          0.035221,
          -0.855961,
          -0.51584,
          1.372083
        ],
        [
          0.0,
          0.0,
          0.0,
          1.0
        ]
      ]
    },
    {
      "file_path": "/media/NFS/ttao/scannet/posed_images/scene0042_02/00276.jpg",
      "transform_matrix": [
        [
          -0.41822,
          0.491356,
          -0.763977,
          4.715344
        ],
        [
          0.907935,
          0.251419,
          -0.335324,
          1.805365
        ],
        [
          0.027315,
          -0.833881,
          -0.551268,
          1.370525
        ],
        [
          0.0,
          0.0,
          0.0,
          1.0
        ]
      ]
    },
    {
      "file_path": "/media/NFS/ttao/scannet/posed_images/scene0042_02/00280.jpg",
      "transform_matrix": [
        [
          -0.477203,
          0.473531,
          -0.740302,
          4.746587
        ],
        [
          0.878793,
          0.256044,
          -0.402697,
          1.851844
        ],
        [
          -0.00114,
          -0.84274,
          -0.53832,
          1.360887
        ],
        [
          0.0,
          0.0,
          0.0,
          1.0
        ]
      ]
    },
    {
      "file_path": "/media/NFS/ttao/scannet/posed_images/scene0042_02/00284.jpg",
      "transform_matrix": [
        [
          -0.524147,
          0.449525,
          -0.723324,
          4.771889
        ],
        [
          0.851324,
          0.253874,
          -0.459124,
          1.872584
        ],
        [
          -0.022754,
          -0.856432,
          -0.515759,
