{
  "frames": [
    {
      "file_path": "/media/NFS/ttao/scannet/posed_images/scene0424_00/00000.jpg",
      "transform_matrix": [
        [
          0.87377,
          -0.271785,
          0.403309,
          2.028222
        ],
        [
          -0.486302,
          -0.478094,
          0.731394,
          1.398994
        ],
        [
          -0.005962,
          -0.8352,
          -0.549913,
          1.630468
        ],
        [
          0.0,
          0.0,
          0.0,
          1.0
        ]
      ]
    },
    {
      "file_path": "/media/NFS/ttao/scannet/posed_images/scene0424_00/00005.jpg",
      "transform_matrix": [
        [
          0.871905,
          -0.278547,
          0.402733,
          2.027835
        ],
        [
          -0.489556,
          -0.477676,
          0.729494,
          1.397397
        ],
        [
          -0.010822,
          -0.833209,
          -0.552852,
          1.625784
        ],
        [
          0.0,
          0.0,
          0.0,
          1.0
        ]
      ]
    },
    {
      "file_path": "/media/NFS/ttao/scannet/posed_images/scene0424_00/00011.jpg",
      "transform_matrix": [
        [
          0.870591,
          -0.282267,
          0.402986,
          2.030617
        ],
        [
          -0.491837,
          -0.477667,
          0.727963,
          1.397762
        ],
        [
          -0.012987,
          -0.831961,
          -0.554682,
          1.628174
        ],
        [
          0.0,
          0.0,
          0.0,
          1.0
        ]
      ]
    },
    {
      "file_path": "/media/NFS/ttao/scannet/posed_images/scene0424_00/00016.jpg",
      "transform_matrix": [
        [
          0.863685,
          -0.290053,
          0.412211,
          2.035063
        ],
        [
          -0.503853,
          -0.474985,
          0.721472,
          1.395317
        ],
        [
          -0.013471,
          -0.830818,
          -0.556381,
          1.623054
        ],
        [
          0.0,
          0.0,
          0.0,
          1.0
        ]
      ]
    },
    {
      "file_path": "/media/NFS/ttao/scannet/posed_images/scene0424_00/00023.jpg",
      "transform_matrix": [
        [
          0.847049,
          -0.294994,
          0.442138,
          2.048335
        ],
        [
          -0.531493,
          -0.462723,
          0.709508,
          1.398095
        ],
        [
          -0.004713,
          -0.835982,
          -0.548737,
          1.632269
        ],
        [
          0.0,
          0.0,
          0.0,
          1.0
        ]
      ]
    },
    {
      "file_path": "/media/NFS/ttao/scannet/posed_images/scene0424_00/00025.jpg",
      "transform_matrix": [
        [
          0.839283,
          -0.297804,
          0.454882,
          2.056876
        ],
        [
          -0.543687,
          -0.454978,
          0.705266,
          1.398827
        ],
        [
          -0.00307,
          -0.839231,
          -0.543767,
          1.637597
        ],
        [
          0.0,
          0.0,
          0.0,
          1.0
        ]
      ]
    },
    {
      "file_path": "/media/NFS/ttao/scannet/posed_images/scene0424_00/00033.jpg",
      "transform_matrix": [
        [
          0.812126,
          -0.2933,
          0.504408,
          2.093278
        ],
        [
          -0.583479,
          -0.411356,
          0.700241,
          1.400591
        ],
        [
          0.002111,
          -0.862995,
          -0.505207,
          1.668235
        ],
        [
          0.0,
          0.0,
          0.0,
          1.0
        ]
      ]
    },
    {
      "file_path": "/media/NFS/ttao/scannet/posed_images/scene0424_00/00036.jpg",
      "transform_matrix": [
        [
          0.799242,
          -0.282777,
          0.530329,
          2.108486
        ],
        [
          -0.600978,
          -0.384952,
          0.700455,
          1.40143
        ],
        [
          0.006079,
          -0.878549,
          -0.477613,
          1.686994
        ],
        [
          0.0,
          0.0,
          0.0,
          1.0
        ]
      ]
    },
    {
      "file_path": "/media/NFS/ttao/scannet/posed_images/scene0424_00/00040.jpg",
      "transform_matrix": [
        [
          0.779351,
          -0.26742,
          0.566655,
          2.12579
        ],
        [
          -0.626449,
          -0.351576,
          0.69567,
          1.400487
        ],
        [
          0.013187,
          -0.897152,
          -0.441526,
          1.708916
        ],
        [
          0.0,
          0.0,
          0.0,
          1.0
        ]
      ]
    },
    {
      "file_path": "/media/NFS/ttao/scannet/posed_images/scene0424_00/00045.jpg",
      "transform_matrix": [
        [
          0.755641,
          -0.246644,
          0.606773,
          2.142366
        ],
        [
          -0.654658,
          -0.313745,
          0.687741,
          1.395266
        ],
        [
          0.020744,
          -0.916914,
          -0.398546,
          1.72498
        ],
        [
          0.0,
          0.0,
          0.0,
          1.0
        ]
      ]
    },
    {
      "file_path": "/media/NFS/ttao/scannet/posed_images/scene0424_00/00053.jpg",
      "transform_matrix": [
        [
          0.706717,
          -0.222032,
          0.671753,
          2.170893
        ],
        [
          -0.70677,
          -0.264557,
          0.656114,
          1.39715
        ],
        [
          0.032039,
          -0.938462,
          -0.343892,
          1.756507
        ],
        [
          0.0,
          0.0,
          0.0,
          1.0
        ]
      ]
    },
    {
      "file_path": "/media/NFS/ttao/scannet/posed_images/scene0424_00/00059.jpg",
      "transform_matrix": [
        [
          0.68046,
          -0.200718,
          0.70476,
          2.183871
        ],
        [
          -0.73199,
          -0.230988,
          0.640965,
          1.398462
        ],
        [
          0.034137,
          -0.952028,
          -0.304102,
          1.775712
        ],
        [
          0.0,
          0.0,
          0.0,
          1.0
        ]
      ]
    },
    {
      "file_path": "/media/NFS/ttao/scannet/posed_images/scene0424_00/00065.jpg",
      "transform_matrix": [
        [
          0.668053,
          -0.168332,
          0.724824,
          2.188479
        ],
        [
          -0.743479,
          -0.191224,
          0.640838,
          1.393406
        ],
        [
          0.03073,
          -0.967004,
          -0.252899,
          1.800499
        ],
        [
          0.0,
          0.0,
          0.0,
          1.0
        ]
      ]
    },
    {
      "file_path": "/media/NFS/ttao/scannet/posed_images/scene0424_00/00067.jpg",
      "transform_matrix": [
        [
          0.662456,
          -0.15456,
          0.732983,
          2.188956
        ],
        [
          -0.748435,
          -0.177797,
          0.638931,
          1.395803
        ],
        [
          0.031569,
          -0.971853,
          -0.233461,
          1.808462
        ],
        [
          0.0,
          0.0,
          0.0,
          1.0
        ]
      ]
    },
    {
      "file_path": "/media/NFS/ttao/scannet/posed_images/scene0424_00/00075.jpg",
      "transform_matrix": [
        [
          0.635157,
          -0.104869,
          0.765231,
          2.184788
        ],
        [
          -0.77142,
          -0.135611,
          0.621709,
          1.394855
        ],
        [
          0.038576,
          -0.985197,
          -0.167032,
          1.831089
        ],
        [
          0.0,
          0.0,
          0.0,
          1.0
        ]
      ]
    },
    {
      "file_path": "/media/NFS/ttao/scannet/posed_images/scene0424_00/00076.jpg",
      "transform_matrix": [
        [
          0.632237,
          -0.097592,
          0.768604,
          2.184416
        ],
        [
          -0.77381,
          -0.129049,
          0.620133,
          1.395266
        ],
        [
          0.038668,
          -0.986824,
          -0.157107,
          1.836857
        ],
        [
          0.0,
          0.0,
          0.0,
          1.0
        ]
      ]
    },
    {
      "file_path": "/media/NFS/ttao/scannet/posed_images/scene0424_00/00085.jpg",
      "transform_matrix": [
        [
          0.619583,
          -0.048733,
          0.783417,
          2.186519
        ],
        [
          -0.784279,
          -0.079127,
          0.615342,
          1.388411
        ],
        [
          0.032002,
          -0.995672,
          -0.087247,
          1.870675
        ],
        [
          0.0,
          0.0,
          0.0,
          1.0
        ]
      ]
    },
    {
      "file_path": "/media/NFS/ttao/scannet/posed_images/scene0424_00/00087.jpg",
      "transform_matrix": [
        [
          0.61669,
          -0.036497,
          0.78636,
          2.186266
        ],
        [
          -0.786539,
          -0.069694,
          0.613595,
          1.389253
        ],
        [
          0.03241,
          -0.9969,
          -0.071686,
          1.873477
        ],
        [
          0.0,
          0.0,
          0.0,
          1.0
        ]
      ]
    },
    {
      "file_path": "/media/NFS/ttao/scannet/posed_images/scene0424_00/00096.jpg",
      "transform_matrix": [
        [
          0.607253,
          0.008966,
          0.794458,
          2.186922
        ],
        [
          -0.793217,
          -0.050133,
          0.606871,
          1.382793
        ],
        [
          0.04527,
          -0.998702,
          -0.023332,
          1.885787
        ],
        [
          0.0,
          0.0,
          0.0,
          1.0
        ]
      ]
    },
    {
      "file_path": "/media/NFS/ttao/scannet/posed_images/scene0424_00/00098.jpg",
      "transform_matrix": [
        [
          0.606297,
          0.014002,
          0.795115,
          2.187343
        ],
        [
          -0.793814,
          -0.049166,
          0.606171,
          1.384482
        ],
        [
          0.04758,
          -0.998692,
          -0.018694,
          1.892913
        ],
        [
          0.0,
          0.0,
          0.0,
          1.0
        ]
      ]
    },
    {
      "file_path": "/media/NFS/ttao/scannet/posed_images/scene0424_00/00106.jpg",
      "transform_matrix": [
        [
          0.593765,
          0.052626,
          0.802916,
          2.190648
        ],
        [
          -0.802297,
          -0.037341,
          0.595755,
          1.380227
        ],
        [
          0.061334,
          -0.997916,
          0.02005,
          1.896106
        ],
        [
          0.0,
          0.0,
          0.0,
          1.0
        ]
      ]
    },
    {
      "file_path": "/media/NFS/ttao/scannet/posed_images/scene0424_00/00107.jpg",
      "transform_matrix": [
        [
          0.590261,
          0.056403,
          0.805239,
          2.190356
        ],
        [
          -0.804674,
          -0.037931,
          0.592504,
          1.382232
        ],
        [
          0.063962,
          -0.997687,
          0.022996,
          1.896809
        ],
        [
          0.0,
          0.0,
          0.0,
          1.0
        ]
      ]
    },
    {
      "file_path": "/media/NFS/ttao/scannet/posed_images/scene0424_00/00115.jpg",
      "transform_matrix": [
        [
          0.58718,
          0.032283,
          0.808812,
          2.195765
        ],
        [
          -0.806343,
          -0.064229,
          0.587951,
          1.386223
        ],
        [
          0.07093,
          -0.997413,
          -0.011683,
          1.881398
        ],
        [
          0.0,
          0.0,
          0.0,
          1.0
        ]
      ]
    },
    {
      "file_path": "/media/NFS/ttao/scannet/posed_images/scene0424_00/00118.jpg",
      "transform_matrix": [
        [
          0.588321,
          0.015692,
          0.808475,
          2.202292
        ],
        [
          -0.805319,
          -0.07898,
          0.587557,
          1.386093
        ],
        [
          0.073073,
          -0.996753,
          -0.033829,
          1.868745
        ],
        [
          0.0,
          0.0,
          0.0,
          1.0
        ]
      ]
    },
    {
      "file_path": "/media/NFS/ttao/scannet/posed_images/scene0424_00/00124.jpg",
      "transform_matrix": [
        [
          0.600185,
          -0.027713,
          0.799381,
          2.210024
        ],
        [
          -0.796527,
          -0.111869,
          0.594163,
          1.382744
        ],
        [
          0.07296,
          -0.993336,
          -0.089216,
          1.842493
        ],
        [
          0.0,
          0.0,
          0.0,
          1.0
        ]
      ]
    },
    {
      "file_path": "/media/NFS/ttao/scannet/posed_images/scene0424_00/00132.jpg",
      "transform_matrix": [
        [
          0.602863,
          -0.106201,
          0.790745,
          2.221369
        ],
        [
          -0.794379,
          -0.17218,
          0.582508,
          1.382637
        ],
        [
          0.074288,
          -0.979324,
          -0.188165,
          1.802277
        ],
        [
          0.0,
          0.0,
          0.0,
          1.0
        ]
      ]
    },
    {
      "file_path": "/media/NFS/ttao/scannet/posed_images/scene0424_00/00137.jpg",
      "transform_matrix": [
        [
          0.601759,
          -0.160971,
          0.782288,
          2.229052
        ],
        [
          -0.795715,
          -0.205119,
          0.569881,
          1.383983
        ],
        [
          0.068728,
          -0.965409,
          -0.251519,
          1.775897
        ],
        [
          0.0,
          0.0,
          0.0,
          1.0
        ]
      ]
    },
    {
      "file_path": "/media/NFS/ttao/scannet/posed_images/scene0424_00/00140.jpg",
      "transform_matrix": [
        [
          0.594955,
          -0.198297,
          0.778914,
          2.231826
        ],
        [
          -0.800725,
          -0.230352,
          0.552971,
          1.388865
        ],
        [
          0.069772,
          -0.952689,
          -0.295831,
          1.765665
        ],
        [
          0.0,
          0.0,
          0.0,
          1.0
        ]
      ]
    },
    {
      "file_path": "/media/NFS/ttao/scannet/posed_images/scene0424_00/00145.jpg",
      "transform_matrix": [
        [
          0.591799,
          -0.24919,
          0.766602,
          2.237955
        ],
        [
          -0.802723,
          -0.268965,
          0.532254,
          1.385674
        ],
        [
          0.073556,
          -0.930356,
          -0.359204,
          1.734577
        ],
        [
          0.0,
          0.0,
          0.0,
          1.0
        ]
      ]
    },
    {
      "file_path": "/media/NFS/ttao/scannet/posed_images/scene0424_00/00151.jpg",
      "transform_matrix": [
        [
          0.589748,
          -0.309545,
          0.745909,
          2.239081
        ],
        [
          -0.804816,
          -0.301725,
          0.51111,
          1.378175
        ],
        [
          0.066848,
          -0.901745,
          -0.427068,
          1.691299
        ],
        [
          0.0,
          0.0,
          0.0,
          1.0
        ]
      ]
    },
    {
      "file_path": "/media/NFS/ttao/scannet/posed_images/scene0424_00/00155.jpg",
      "transform_matrix": [
        [
          0.609168,
          -0.350972,
          0.711149,
          2.255963
        ],
        [
          -0.791552,
          -0.32402,
          0.518127,
          1.348331
        ],
        [
          0.048579,
          -0.878538,
          -0.475195,
          1.673798
        ],
        [
          0.0,
          0.0,
          0.0,
          1.0
        ]
      ]
    },
    {
      "file_path": "/media/NFS/ttao/scannet/posed_images/scene0424_00/00163.jpg",
      "transform_matrix": [
        [
          0.632855,
          -0.398025,
          0.664132,
          2.237536
        ],
        [
          -0.772209,
          -0.387011,
          0.5039,
          1.344964
        ],
        [
          0.056461,
          -0.831744,
          -0.55228,
          1.628023
        ],
        [
          0.0,
          0.0,
          0.0,
          1.0
        ]
      ]
    },
    {
      "file_path": "/media/NFS/ttao/scannet/posed_images/scene0424_00/00165.jpg",
      "transform_matrix": [
        [
          0.642826,
          -0.408784,
          0.64782,
          2.230555
        ],
        [
          -0.764329,
          -0.398338,
          0.507079,
          1.343516
        ],
        [
          0.050765,
          -0.821111,
          -0.568507,
          1.617116
        ],
        [
          0.0,
          0.0,
          0.0,
          1.0
        ]
      ]
    },
    {
      "file_path": "/media/NFS/ttao/scannet/posed_images/scene0424_00/00172.jpg",
      "transform_matrix": [
        [
          0.677127,
          -0.435811,
          0.592931,
          2.21638
        ],
        [
          -0.735064,
          -0.438202,
          0.51736,
          1.335394
        ],
        [
          0.034353,
          -0.786161,
          -0.617067,
          1.586509
        ],
        [
          0.0,
          0.0,
          0.0,
          1.0
        ]
      ]
    },
    {
      "file_path": "/media/NFS/ttao/scannet/posed_images/scene0424_00/00177.jpg",
      "transform_matrix": [
        [
          0.704223,
          -0.429486,
          0.565343,
          2.199665
        ],
        [
          -0.709054,
          -0.466074,
          0.529166,
          1.340236
        ],
        [
          0.036222,
          -0.77351,
          -0.632749,
          1.575997
        ],
        [
          0.0,
          0.0,
          0.0,
          1.0
        ]
      ]
    },
    {
      "file_path": "/media/NFS/ttao/scannet/posed_images/scene0424_00/00183.jpg",
      "transform_matrix": [
        [
          0.739933,
          -0.410888,
          0.532607,
          2.178895
        ],
        [
          -0.672014,
          -0.486742,
          0.558103,
          1.351415
        ],
        [
          0.029924,
          -0.770878,
          -0.636279,
          1.5781
        ],
        [
          0.0,
          0.0,
          0.0,
          1.0
        ]
      ]
    },
    {
      "file_path": "/media/NFS/ttao/scannet/posed_images/scene0424_00/00190.jpg",
      "transform_matrix": [
        [
          0.782371,
          -0.365667,
          0.504166,
          2.148372
        ],
        [
          -0.622433,
          -0.48735,
          0.612428,
          1.366962
        ],
        [
          0.021761,
          -0.792955,
          -0.608891,
          1.594842
        ],
        [
          0.0,
          0.0,
          0.0,
          1.0
        ]
      ]
    },
    {
      "file_path": "/media/NFS/ttao/scannet/posed_images/scene0424_00/00194.jpg",
      "transform_matrix": [
        [
          0.80325,
          -0.339781,
          0.489222,
          2.137985
        ],
        [
          -0.595416,
          -0.480669,
          0.643767,
          1.37587
        ],
        [
          0.016414,
          -0.808397,
          -0.588409,
          1.613263
        ],
        [
          0.0,
          0.0,
          0.0,
          1.0
        ]
      ]
    },
    {
      "file_path": "/media/NFS/ttao/scannet/posed_images/scene0424_00/00196.jpg",
      "transform_matrix": [
        [
          0.811606,
          -0.325606,
          0.485053,
          2.130481
        ],
        [
          -0.583988,
          -0.474851,
          0.658388,
          1.37771
        ],
        [
          0.015953,
          -0.817616,
          -0.575542,
          1.617582
        ],
        [
          0.0,
          0.0,
          0.0,
          1.0
        ]
      ]
    },
    {
      "file_path": "/media/NFS/ttao/scannet/posed_images/scene0424_00/00200.jpg",
      "transform_matrix": [
        [
          0.826625,
          -0.295408,
          0.478983,
          2.11122
        ],
        [
          -0.562494,
          -0.459569,
          0.687312,
          1.379709
        ],
        [
          0.017088,
          -0.837574,
          -0.546057,
          1.623766
        ],
        [
          0.0,
          0.0,
          0.0,
          1.0
        ]
      ]
    },
    {
      "file_path": "/media/NFS/ttao/scannet/posed_images/scene0424_00/00208.jpg",
      "transform_matrix": [
        [
          0.856066,
          -0.243006,
          0.456179,
          2.09193
        ],
        [
          -0.516805,
          -0.416132,
          0.748163,
          1.394183
        ],
        [
          0.008023,
          -0.876232,
          -0.481823,
          1.665934
        ],
        [
          0.0,
          0.0,
          0.0,
          1.0
        ]
      ]
    },
    {
      "file_path": "/media/NFS/ttao/scannet/posed_images/scene0424_00/00211.jpg",
      "transform_matrix": [
        [
          0.86355,
          -0.226265,
          0.450651,
          2.08443
        ],
        [
          -0.504239,
          -0.396426,
          0.767196,
          1.392386
        ],
        [
          0.00506,
          -0.889747,
          -0.456425,
          1.675027
        ],
        [
          0.0,
          0.0,
          0.0,
          1.0
        ]
      ]
    },
    {
      "file_path": "/media/NFS/ttao/scannet/posed_images/scene0424_00/00221.jpg",
      "transform_matrix": [
        [
          0.884749,
          -0.17177,
          0.433261,
          2.061216
        ],
        [
          -0.465841,
          -0.354948,
          0.810558,
          1.400895
        ],
        [
          0.014556,
          -0.91897,
          -0.394058,
          1.70212
        ],
        [
          0.0,
          0.0,
          0.0,
          1.0
        ]
      ]
    },
    {
      "file_path": "/media/NFS/ttao/scannet/posed_images/scene0424_00/00225.jpg",
      "transform_matrix": [
        [
          0.892917,
          -0.150599,
          0.424286,
          2.051646
        ],
        [
          -0.449767,
          -0.340652,
          0.82563,
          1.403432
        ],
        [
          0.020195,
          -0.92805,
          -0.371909,
          1.70842
        ],
        [
          0.0,
          0.0,
          0.0,
          1.0
        ]
      ]
    },
    {
      "file_path": "/media/NFS/ttao/scannet/posed_images/scene0424_00/00230.jpg",
      "transform_matrix": [
        [
          0.907494,
          -0.131237,
          0.399038,
          2.041866
        ],
        [
          -0.419613,
          -0.327278,
          0.846649,
          1.407663
        ],
        [
          0.019484,
          -0.93577,
          -0.352072,
          1.715852
        ],
        [
          0.0,
          0.0,
          0.0,
          1.0
        ]
      ]
    },
    {
      "file_path": "/media/NFS/ttao/scannet/posed_images/scene0424_00/00233.jpg",
      "transform_matrix": [
        [
          0.915891,
          -0.120288,
          0.382982,
          2.035236
        ],
        [
          -0.400837,
          -0.325782,
          0.856269,
          1.40845
        ],
        [
          0.021769,
          -0.937762,
          -0.346596,
          1.718545
        ],
        [
          0.0,
          0.0,
          0.0,
          1.0
        ]
      ]
    },
    {
      "file_path": "/media/NFS/ttao/scannet/posed_images/scene0424_00/00241.jpg",
      "transform_matrix": [
        [
          0.936335,
          -0.099817,
          0.336621,
          2.010418
        ],
        [
          -0.350712,
          -0.311435,
          0.883182,
          1.413904
        ],
        [
          0.016679,
          -0.94501,
          -0.326614,
          1.716693
        ],
        [
          0.0,
          0.0,
          0.0,
          1.0
        ]
      ]
    },
    {
      "file_path": "/media/NFS/ttao/scannet/posed_images/scene0424_00/00244.jpg",
      "transform_matrix": [
        [
          0.944382,
          -0.0945,
          0.314982,
          2.004287
        ],
        [
          -0.328566,
          -0.311112,
          0.89177,
          1.415508
        ],
        [
          0.013722,
          -0.945663,
          -0.324858,
          1.715809
        ],
        [
          0.0,
          0.0,
          0.0,
          1.0
        ]
      ]
    },
    {
      "file_path": "/media/NFS/ttao/scannet/posed_images/scene0424_00/00250.jpg",
      "transform_matrix": [
        [
          0.959593,
          -0.080126,
          0.269744,
          1.997722
        ],
        [
          -0.281191,
          -0.309332,
          0.90843,
          1.412549
        ],
        [
          0.010652,
          -0.947572,
          -0.319364,
          1.711977
        ],
        [
          0.0,
          0.0,
          0.0,
          1.0
        ]
      ]
    },
    {
      "file_path": "/media/NFS/ttao/scannet/posed_images/scene0424_00/00255.jpg",
      "transform_matrix": [
        [
          0.966791,
          -0.074498,
          0.244471,
          1.975964
        ],
        [
          -0.255446,
          -0.311478,
          0.915275,
          1.412958
        ],
        [
          0.007961,
          -0.947329,
          -0.320164,
          1.698855
        ],
        [
          0.0,
          0.0,
          0.0,
          1.0
        ]
      ]
    },
    {
      "file_path": "/media/NFS/ttao/scannet/posed_images/scene0424_00/00258.jpg",
      "transform_matrix": [
        [
          0.972558,
          -0.063782,
          0.223747,
          1.974989
        ],
        [
          -0.232322,
          -0.318076,
          0.919159,
          1.410217
        ],
        [
          0.012542,
          -0.945917,
          -0.324165,
          1.689518
        ],
        [
          0.0,
          0.0,
          0.0,
          1.0
        ]
      ]
    },
    {
      "file_path": "/media/NFS/ttao/scannet/posed_images/scene0424_00/00267.jpg",
      "transform_matrix": [
        [
          0.987326,
          -0.03797,
          0.154096,
          1.988376
        ],
        [
          -0.157799,
          -0.338471,
          0.927651,
          1.396094
        ],
        [
          0.016934,
          -0.94021,
          -0.340173,
          1.672647
        ],
        [
          0.0,
          0.0,
          0.0,
          1.0
        ]
      ]
    },
    {
      "file_path": "/media/NFS/ttao/scannet/posed_images/scene0424_00/00269.jpg",
      "transform_matrix": [
        [
          0.989771,
          -0.035711,
          0.138123,
          1.995752
        ],
        [
          -0.142026,
          -0.338202,
          0.930295,
          1.392466
        ],
        [
          0.013492,
          -0.940396,
          -0.339814,
          1.669508
        ],
        [
          0.0,
          0.0,
          0.0,
          1.0
        ]
      ]
    },
    {
      "file_path": "/media/NFS/ttao/scannet/posed_images/scene0424_00/00277.jpg",
      "transform_matrix": [
        [
          0.996052,
          -0.014451,
          0.087586,
          2.019259
        ],
        [
          -0.087584,
          -0.3207,
          0.943123,
          1.373765
        ],
        [
          0.01446,
          -0.94707,
          -0.3207,
          1.656088
        ],
        [
          0.0,
          0.0,
          0.0,
          1.0
        ]
      ]
    },
    {
      "file_path": "/media/NFS/ttao/scannet/posed_images/scene0424_00/00278.jpg",
      "transform_matrix": [
        [
          0.996518,
          -0.013954,
          0.082197,
          2.025662
        ],
        [
          -0.082342,
          -0.319301,
          0.944069,
          1.371462
        ],
        [
          0.013072,
          -0.94755,
          -0.319339,
          1.653431
        ],
        [
          0.0,
          0.0,
          0.0,
          1.0
        ]
      ]
    },
    {
      "file_path": "/media/NFS/ttao/scannet/posed_images/scene0424_00/00287.jpg",
      "transform_matrix": [
        [
          0.998954,
          -0.025842,
          0.037717,
          2.086685
        ],
        [
          -0.044057,
          -0.323559,
          0.945182,
          1.351342
        ],
        [
          -0.012222,
          -0.945855,
          -0.324359,
          1.611042
        ],
        [
          0.0,
          0.0,
          0.0,
          1.0
        ]
      ]
    },
    {
      "file_path": "/media/NFS/ttao/scannet/posed_images/scene0424_00/00289.jpg",
      "transform_matrix": [
        [
          0.998998,
          -0.02997,
          0.033232,
          2.093469
        ],
        [
          -0.041098,
          -0.320613,
          0.946318,
          1.350907
        ],
        [
          -0.017706,
          -0.946736,
          -0.321523,
          1.604976
        ],
        [
          0.0,
          0.0,
          0.0,
          1.0
        ]
      ]
    },
    {
      "file_path": "/media/NFS/ttao/scannet/posed_images/scene0424_00/00294.jpg",
      "transform_matrix": [
        [
          0.998925,
          -0.043445,
          0.016166,
          2.119871
        ],
        [
          -0.029581,
          -0.328947,
          0.943885,
          1.3688
        ],
        [
          -0.035689,
          -0.943349,
          -0.329878,
          1.595224
        ],
        [
          0.0,
          0.0,
          0.0,
          1.0
        ]
      ]
    },
    {
      "file_path": "/media/NFS/ttao/scannet/posed_images/scene0424_00/00300.jpg",
      "transform_matrix": [
        [
          0.999107,
          -0.041957,
          -0.00492,
          2.148821
        ],
        [
          -0.007769,
          -0.296972,
          0.954855,
          1.408626
        ],
        [
          -0.041524,
          -0.953964,
          -0.297033,
          1.57238
        ],
        [
          0.0,
          0.0,
          0.0,
          1.0
        ]
      ]
    },
    {
      "file_path": "/media/NFS/ttao/scannet/posed_images/scene0424_00/00306.jpg",
      "transform_matrix": [
        [
          0.999171,
          -0.040675,
          0.00165,
          2.19595
        ],
        [
          -0.012928,
          -0.278612,
          0.960317,
          1.486883
        ],
        [
          -0.038601,
          -0.959542,
          -0.278907,
          1.553905
        ],
        [
          0.0,
          0.0,
          0.0,
          1.0
        ]
      ]
    },
    {
      "file_path": "/media/NFS/ttao/scannet/posed_images/scene0424_00/00312.jpg",
      "transform_matrix": [
        [
          0.998637,
          -0.051869,
          0.005873,
          2.220338
        ],
        [
          -0.019777,
          -0.271819,
          0.962145,
          1.544123
        ],
        [
          -0.048309,
          -0.960949,
          -0.272475,
          1.527429
        ],
        [
          0.0,
          0.0,
          0.0,
          1.0
        ]
      ]
    },
    {
      "file_path": "/media/NFS/ttao/scannet/posed_images/scene0424_00/00319.jpg",
      "transform_matrix": [
        [
          0.998803,
          -0.046685,
          -0.014573,
          2.257107
        ],
        [
          0.000833,
          -0.281702,
          0.959502,
          1.5865
        ],
        [
          -0.048899,
          -0.958366,
          -0.281326,
          1.502597
        ],
        [
          0.0,
          0.0,
          0.0,
          1.0
        ]
      ]
    },
    {
      "file_path": "/media/NFS/ttao/scannet/posed_images/scene0424_00/00320.jpg",
      "transform_matrix": [
        [
          0.998848,
          -0.044627,
          -0.017662,
          2.261062
        ],
        [
          0.004623,
          -0.276827,
          0.960909,
          1.590644
        ],
        [
          -0.047772,
          -0.959883,
          -0.276301,
          1.498704
        ],
        [
          0.0,
          0.0,
          0.0,
          1.0
        ]
      ]
    },
    {
      "file_path": "/media/NFS/ttao/scannet/posed_images/scene0424_00/00325.jpg",
      "transform_matrix": [
        [
          0.998211,
          -0.029071,
          -0.052252,
          2.285596
        ],
        [
          0.04161,
          -0.289846,
          0.956168,
          1.60562
        ],
        [
          -0.042942,
          -0.956632,
          -0.288117,
          1.467906
        ],
        [
          0.0,
          0.0,
          0.0,
          1.0
        ]
      ]
    },
    {
      "file_path": "/media/NFS/ttao/scannet/posed_images/scene0424_00/00331.jpg",
      "transform_matrix": [
        [
          0.991878,
          -0.00061,
          -0.127192,
          2.317554
        ],
        [
          0.121217,
          -0.298416,
          0.946707,
          1.616924
        ],
        [
          -0.038533,
          -0.954436,
          -0.295918,
          1.432269
        ],
        [
          0.0,
          0.0,
          0.0,
          1.0
        ]
      ]
    },
    {
      "file_path": "/media/NFS/ttao/scannet/posed_images/scene0424_00/00336.jpg",
      "transform_matrix": [
        [
          0.984656,
          0.022608,
          -0.173037,
          2.326895
        ],
        [
          0.170854,
          -0.326724,
          0.929549,
          1.621674
        ],
        [
          -0.03552,
          -0.944849,
          -0.325573,
          1.409852
        ],
        [
          0.0,
          0.0,
          0.0,
          1.0
        ]
      ]
    },
    {
      "file_path": "/media/NFS/ttao/scannet/posed_images/scene0424_00/00342.jpg",
      "transform_matrix": [
        [
          0.970924,
          0.047603,
          -0.234609,
          2.33793
        ],
        [
          0.235463,
          -0.366677,
          0.900058,
          1.625662
        ],
        [
          -0.04318,
          -0.929129,
          -0.367224,
          1.396604
        ],
        [
          0.0,
          0.0,
          0.0,
          1.0
        ]
      ]
    },
    {
      "file_path": "/media/NFS/ttao/scannet/posed_images/scene0424_00/00347.jpg",
      "transform_matrix": [
        [
          0.962785,
          0.055829,
          -0.264441,
          2.328276
        ],
        [
          0.265152,
          -0.384629,
          0.884169,
          1.623794
        ],
        [
          -0.052349,
          -0.921382,
          -0.385118,
          1.387272
        ],
        [
          0.0,
          0.0,
          0.0,
          1.0
        ]
      ]
    },
    {
      "file_path": "/media/NFS/ttao/scannet/posed_images/scene0424_00/00354.jpg",
      "transform_matrix": [
        [
          0.945232,
          0.08227,
          -0.31586,
          2.324513
        ],
        [
          0.320569,
          -0.416075,
          0.850951,
          1.623664
        ],
        [
          -0.061413,
          -0.905601,
          -0.41966,
          1.377555
        ],
        [
          0.0,
          0.0,
          0.0,
          1.0
        ]
      ]
    },
    {
      "file_path": "/media/NFS/ttao/scannet/posed_images/scene0424_00/00361.jpg",
      "transform_matrix": [
        [
          0.918812,
          0.12861,
          -0.373153,
          2.313741
        ],
        [
          0.390158,
          -0.438883,
          0.809419,
          1.619068
        ],
        [
          -0.059671,
          -0.889293,
          -0.453429,
          1.369299
        ],
        [
          0.0,
          0.0,
          0.0,
          1.0
        ]
      ]
    },
    {
      "file_path": "/media/NFS/ttao/scannet/posed_images/scene0424_00/00364.jpg",
      "transform_matrix": [
        [
          0.905853,
          0.143924,
          -0.398391,
          2.303248
        ],
        [
          0.419142,
          -0.440503,
          0.7939,
          1.613927
        ],
        [
          -0.061231,
          -0.88614,
          -0.459355,
          1.367321
        ],
        [
          0.0,
          0.0,
          0.0,
          1.0
        ]
      ]
    },
    {
      "file_path": "/media/NFS/ttao/scannet/posed_images/scene0424_00/00367.jpg",
      "transform_matrix": [
        [
          0.890812,
          0.16275,
          -0.424223,
          2.292724
        ],
        [
          0.450781,
          -0.433694,
          0.780196,
          1.608602
        ],
        [
          -0.057006,
          -0.88624,
          -0.459705,
          1.36782
        ],
        [
          0.0,
          0.0,
          0.0,
          1.0
        ]
      ]
    },
    {
      "file_path": "/media/NFS/ttao/scannet/posed_images/scene0424_00/00371.jpg",
      "transform_matrix": [
        [
          0.867105,
          0.188982,
          -0.460884,
          2.281369
        ],
        [
          0.495725,
          -0.418091,
          0.76122,
          1.603318
        ],
        [
          -0.048835,
          -0.88853,
          -0.456212,
          1.375133
        ],
        [
          0.0,
          0.0,
          0.0,
          1.0
        ]
      ]
    },
    {
      "file_path": "/media/NFS/ttao/scannet/posed_images/scene0424_00/00378.jpg",
      "transform_matrix": [
        [
          0.822791,
          0.219625,
          -0.524195,
          2.259337
        ],
        [
          0.566805,
          -0.384923,
          0.7284,
          1.586831
        ],
        [
          -0.0418,
          -0.896437,
          -0.441195,
          1.380946
        ],
        [
          0.0,
          0.0,
          0.0,
          1.0
        ]
      ]
    },
    {
      "file_path": "/media/NFS/ttao/scannet/posed_images/scene0424_00/00385.jpg",
      "transform_matrix": [
        [
          0.775019,
          0.255786,
          -0.577857,
          2.23891
        ],
        [
          0.631034,
          -0.36213,
          0.686045,
          1.572659
        ],
        [
          -0.033779,
          -0.896346,
          -0.442067,
          1.385851
        ],
        [
          0.0,
          0.0,
          0.0,
          1.0
        ]
      ]
    },
    {
      "file_path": "/media/NFS/ttao/scannet/posed_images/scene0424_00/00390.jpg",
      "transform_matrix": [
        [
          0.744529,
          0.278329,
          -0.606803,
          2.217273
        ],
        [
          0.666716,
          -0.356502,
          0.65452,
          1.565409
        ],
        [
          -0.034155,
          -0.891874,
          -0.450993,
          1.391914
        ],
        [
          0.0,
          0.0,
          0.0,
          1.0
        ]
      ]
    },
    {
      "file_path": "/media/NFS/ttao/scannet/posed_images/scene0424_00/00395.jpg",
      "transform_matrix": [
        [
          0.708537,
          0.292421,
          -0.642235,
          2.193417
        ],
        [
          0.705192,
          -0.327018,
          0.629097,
          1.556566
        ],
        [
          -0.026061,
          -0.898638,
          -0.437917,
          1.401114
        ],
        [
          0.0,
          0.0,
          0.0,
          1.0
        ]
      ]
    },
    {
      "file_path": "/media/NFS/ttao/scannet/posed_images/scene0424_00/00401.jpg",
      "transform_matrix": [
        [
          0.667387,
          0.286795,
          -0.687272,
          2.146128
        ],
        [
          0.744144,
          -0.292829,
          0.600417,
          1.557646
        ],
        [
          -0.029057,
          -0.91214,
          -0.408847,
          1.433292
        ],
        [
