{
  "frames": [
    {
      "file_path": "/media/NFS/ttao/scannet/posed_images/scene0277_01/00000.jpg",
      "transform_matrix": [
        [
          -0.98068,
          -0.162551,
          0.10883,
          2.67111
        ],
        [
          -0.188625,
          0.638348,
          -0.746279,
          2.224003
        ],
        [
          0.051837,
          -0.752389,
          -0.656676,
          1.442657
        ],
        [
          0.0,
          0.0,
          0.0,
          1.0
        ]
      ]
    },
    {
      "file_path": "/media/NFS/ttao/scannet/posed_images/scene0277_01/00002.jpg",
      "transform_matrix": [
        [
          -0.981425,
          -0.162723,
          0.101617,
          2.678072
        ],
        [
          -0.183634,
          0.643507,
          -0.743086,
          2.229125
        ],
        [
          0.055526,
          -0.747944,
          -0.661436,
          1.441518
        ],
        [
          0.0,
          0.0,
          0.0,
          1.0
        ]
      ]
    },
    {
      "file_path": "/media/NFS/ttao/scannet/posed_images/scene0277_01/00005.jpg",
      "transform_matrix": [
        [
          -0.982924,
          -0.157276,
          0.095527,
          2.684615
        ],
        [
          -0.175821,
          0.649527,
          -0.739731,
          2.230678
        ],
        [
          0.054295,
          -0.743895,
          -0.666087,
          1.439876
        ],
        [
          0.0,
          0.0,
          0.0,
          1.0
        ]
      ]
    },
    {
      "file_path": "/media/NFS/ttao/scannet/posed_images/scene0277_01/00009.jpg",
      "transform_matrix": [
        [
          -0.98544,
          -0.150977,
          0.078193,
          2.694249
        ],
        [
          -0.158169,
          0.645313,
          -0.747365,
          2.228145
        ],
        [
          0.062376,
          -0.748851,
          -0.659797,
          1.439375
        ],
        [
          0.0,
          0.0,
          0.0,
          1.0
        ]
      ]
    },
    {
      "file_path": "/media/NFS/ttao/scannet/posed_images/scene0277_01/00012.jpg",
      "transform_matrix": [
        [
          -0.989453,
          -0.127389,
          0.06895,
          2.702779
        ],
        [
          -0.136387,
          0.658987,
          -0.739686,
          2.211728
        ],
        [
          0.048791,
          -0.741288,
          -0.669411,
          1.447534
        ],
        [
          0.0,
          0.0,
          0.0,
          1.0
        ]
      ]
    },
    {
      "file_path": "/media/NFS/ttao/scannet/posed_images/scene0277_01/00014.jpg",
      "transform_matrix": [
        [
          -0.990546,
          -0.121966,
          0.062792,
          2.706397
        ],
        [
          -0.128158,
          0.659503,
          -0.740697,
          2.200861
        ],
        [
          0.048928,
          -0.741742,
          -0.668899,
          1.444179
        ],
        [
          0.0,
          0.0,
          0.0,
          1.0
        ]
      ]
    },
    {
      "file_path": "/media/NFS/ttao/scannet/posed_images/scene0277_01/00017.jpg",
      "transform_matrix": [
        [
          -0.992495,
          -0.111611,
          0.049964,
          2.717721
        ],
        [
          -0.111185,
          0.653566,
          -0.748659,
          2.170505
        ],
        [
          0.050903,
          -0.748596,
          -0.66107,
          1.44003
        ],
        [
          0.0,
          0.0,
          0.0,
          1.0
        ]
      ]
    },
    {
      "file_path": "/media/NFS/ttao/scannet/posed_images/scene0277_01/00022.jpg",
      "transform_matrix": [
        [
          -0.994981,
          -0.099745,
          0.008015,
          2.74742
        ],
        [
          -0.072124,
          0.659317,
          -0.748397,
          2.116928
        ],
        [
          0.069364,
          -0.745219,
          -0.663202,
          1.433664
        ],
        [
          0.0,
          0.0,
          0.0,
          1.0
        ]
      ]
    },
    {
      "file_path": "/media/NFS/ttao/scannet/posed_images/scene0277_01/00025.jpg",
      "transform_matrix": [
        [
          -0.996547,
          -0.077178,
          -0.030627,
          2.770094
        ],
        [
          -0.028522,
          0.664587,
          -0.746666,
          2.074492
        ],
        [
          0.077981,
          -0.743214,
          -0.664494,
          1.429989
        ],
        [
          0.0,
          0.0,
          0.0,
          1.0
        ]
      ]
    },
    {
      "file_path": "/media/NFS/ttao/scannet/posed_images/scene0277_01/00026.jpg",
      "transform_matrix": [
        [
          -0.99746,
          -0.063294,
          -0.032661,
          2.777746
        ],
        [
          -0.017817,
          0.66572,
          -0.745989,
          2.057968
        ],
        [
          0.06896,
          -0.743512,
          -0.665157,
          1.433823
        ],
        [
          0.0,
          0.0,
          0.0,
          1.0
        ]
      ]
    },
    {
      "file_path": "/media/NFS/ttao/scannet/posed_images/scene0277_01/00029.jpg",
      "transform_matrix": [
        [
          -0.998721,
          -0.035244,
          -0.036263,
          2.812373
        ],
        [
          0.003183,
          0.67187,
          -0.740662,
          2.000321
        ],
        [
          0.050468,
          -0.73983,
          -0.670899,
          1.432518
        ],
        [
          0.0,
          0.0,
          0.0,
          1.0
        ]
      ]
    },
    {
      "file_path": "/media/NFS/ttao/scannet/posed_images/scene0277_01/00034.jpg",
      "transform_matrix": [
        [
          -0.995642,
          0.004774,
          -0.093136,
          2.84791
        ],
        [
          0.075721,
          0.624344,
          -0.777471,
          1.936509
        ],
        [
          0.054437,
          -0.781135,
          -0.621985,
          1.431204
        ],
        [
          0.0,
          0.0,
          0.0,
          1.0
        ]
      ]
    },
    {
      "file_path": "/media/NFS/ttao/scannet/posed_images/scene0277_01/00037.jpg",
      "transform_matrix": [
        [
          -0.988903,
          0.030767,
          -0.14534,
          2.882685
        ],
        [
          0.133368,
          0.614847,
          -0.777287,
          1.885145
        ],
        [
          0.065447,
          -0.788046,
          -0.612128,
          1.438422
        ],
        [
          0.0,
          0.0,
          0.0,
          1.0
        ]
      ]
    },
    {
      "file_path": "/media/NFS/ttao/scannet/posed_images/scene0277_01/00040.jpg",
      "transform_matrix": [
        [
          -0.983472,
          0.050314,
          -0.173931,
          2.917888
        ],
        [
          0.168984,
          0.600036,
          -0.781921,
          1.85075
        ],
        [
          0.065024,
          -0.798389,
          -0.598621,
          1.442158
        ],
        [
          0.0,
          0.0,
          0.0,
          1.0
        ]
      ]
    },
    {
      "file_path": "/media/NFS/ttao/scannet/posed_images/scene0277_01/00041.jpg",
      "transform_matrix": [
        [
          -0.980543,
          0.063144,
          -0.185872,
          2.930466
        ],
        [
          0.186455,
          0.59574,
          -0.781235,
          1.840119
        ],
        [
          0.061401,
          -0.800691,
          -0.595922,
          1.444704
        ],
        [
          0.0,
          0.0,
          0.0,
          1.0
        ]
      ]
    },
    {
      "file_path": "/media/NFS/ttao/scannet/posed_images/scene0277_01/00044.jpg",
      "transform_matrix": [
        [
          -0.969888,
          0.093428,
          -0.22492,
          2.971665
        ],
        [
          0.235984,
          0.588928,
          -0.772966,
          1.811258
        ],
        [
          0.060246,
          -0.802767,
          -0.593241,
          1.448637
        ],
        [
          0.0,
          0.0,
          0.0,
          1.0
        ]
      ]
    },
    {
      "file_path": "/media/NFS/ttao/scannet/posed_images/scene0277_01/00047.jpg",
      "transform_matrix": [
        [
          -0.951458,
          0.134965,
          -0.276608,
          3.024769
        ],
        [
          0.303488,
          0.560951,
          -0.770214,
          1.785514
        ],
        [
          0.051212,
          -0.816773,
          -0.574681,
          1.457599
        ],
        [
          0.0,
          0.0,
          0.0,
          1.0
        ]
      ]
    },
    {
      "file_path": "/media/NFS/ttao/scannet/posed_images/scene0277_01/00050.jpg",
      "transform_matrix": [
        [
          -0.937999,
          0.164587,
          -0.305072,
          3.063962
        ],
        [
          0.344179,
          0.546854,
          -0.763211,
          1.768934
        ],
        [
          0.041215,
          -0.820891,
          -0.569596,
          1.461851
        ],
        [
          0.0,
          0.0,
          0.0,
          1.0
        ]
      ]
    },
    {
      "file_path": "/media/NFS/ttao/scannet/posed_images/scene0277_01/00055.jpg",
      "transform_matrix": [
        [
          -0.897136,
          0.23623,
          -0.373286,
          3.109047
        ],
        [
          0.44142,
          0.512262,
          -0.736706,
          1.740852
        ],
        [
          0.017189,
          -0.825701,
          -0.563846,
          1.473163
        ],
        [
          0.0,
          0.0,
          0.0,
          1.0
        ]
      ]
    },
    {
      "file_path": "/media/NFS/ttao/scannet/posed_images/scene0277_01/00056.jpg",
      "transform_matrix": [
        [
          -0.889628,
          0.245948,
          -0.384801,
          3.112863
        ],
        [
          0.456469,
          0.504896,
          -0.732609,
          1.736957
        ],
        [
          0.014101,
          -0.827399,
          -0.561437,
          1.474863
        ],
        [
          0.0,
          0.0,
          0.0,
          1.0
        ]
      ]
    },
    {
      "file_path": "/media/NFS/ttao/scannet/posed_images/scene0277_01/00060.jpg",
      "transform_matrix": [
        [
          -0.860656,
          0.274931,
          -0.428585,
          3.118266
        ],
        [
          0.509129,
          0.477456,
          -0.716117,
          1.710505
        ],
        [
          0.007747,
          -0.834535,
          -0.550901,
          1.484346
        ],
        [
          0.0,
          0.0,
          0.0,
          1.0
        ]
      ]
    },
    {
      "file_path": "/media/NFS/ttao/scannet/posed_images/scene0277_01/00062.jpg",
      "transform_matrix": [
        [
          -0.843261,
          0.283891,
          -0.456417,
          3.116836
        ],
        [
          0.537405,
          0.461549,
          -0.705811,
          1.694781
        ],
        [
          0.010285,
          -0.840464,
          -0.541771,
          1.486881
        ],
        [
          0.0,
          0.0,
          0.0,
          1.0
        ]
      ]
    },
    {
      "file_path": "/media/NFS/ttao/scannet/posed_images/scene0277_01/00065.jpg",
      "transform_matrix": [
        [
          -0.817593,
          0.309919,
          -0.485274,
          3.115406
        ],
        [
          0.575534,
          0.414437,
          -0.704984,
          1.659175
        ],
        [
          -0.017372,
          -0.855682,
          -0.517211,
          1.493513
        ],
        [
          0.0,
          0.0,
          0.0,
          1.0
        ]
      ]
    },
    {
      "file_path": "/media/NFS/ttao/scannet/posed_images/scene0277_01/00070.jpg",
      "transform_matrix": [
        [
          -0.779335,
          0.323806,
          -0.536457,
          3.109172
        ],
        [
          0.626103,
          0.368057,
          -0.687408,
          1.606945
        ],
        [
          -0.02514,
          -0.871598,
          -0.489576,
          1.500751
        ],
        [
          0.0,
          0.0,
          0.0,
          1.0
        ]
      ]
    },
    {
      "file_path": "/media/NFS/ttao/scannet/posed_images/scene0277_01/00071.jpg",
      "transform_matrix": [
        [
          -0.775289,
          0.321713,
          -0.543533,
          3.113457
        ],
        [
          0.630968,
          0.35581,
          -0.689405,
          1.601377
        ],
        [
          -0.028397,
          -0.87744,
          -0.478846,
          1.496732
        ],
        [
          0.0,
          0.0,
          0.0,
          1.0
        ]
      ]
    },
    {
      "file_path": "/media/NFS/ttao/scannet/posed_images/scene0277_01/00074.jpg",
      "transform_matrix": [
        [
          -0.773431,
          0.323606,
          -0.545054,
          3.117273
        ],
        [
          0.632955,
          0.347829,
          -0.691652,
          1.578548
        ],
        [
          -0.034237,
          -0.87994,
          -0.47385,
          1.499173
        ],
        [
          0.0,
          0.0,
          0.0,
          1.0
        ]
      ]
    },
    {
      "file_path": "/media/NFS/ttao/scannet/posed_images/scene0277_01/00079.jpg",
      "transform_matrix": [
        [
          -0.746068,
          0.304512,
          -0.592162,
          3.129724
        ],
        [
          0.665786,
          0.355256,
          -0.656142,
          1.561146
        ],
        [
          0.010566,
          -0.883779,
          -0.467785,
          1.493671
        ],
        [
          0.0,
          0.0,
          0.0,
          1.0
        ]
      ]
    },
    {
      "file_path": "/media/NFS/ttao/scannet/posed_images/scene0277_01/00081.jpg",
      "transform_matrix": [
        [
          -0.731373,
          0.302523,
          -0.611206,
          3.141633
        ],
        [
          0.681701,
          0.34979,
          -0.642596,
          1.560178
        ],
        [
          0.019393,
          -0.886638,
          -0.462058,
          1.490545
        ],
        [
          0.0,
          0.0,
          0.0,
          1.0
        ]
      ]
    },
    {
      "file_path": "/media/NFS/ttao/scannet/posed_images/scene0277_01/00083.jpg",
      "transform_matrix": [
        [
          -0.718657,
          0.306844,
          -0.624002,
          3.150886
        ],
        [
          0.695067,
          0.343239,
          -0.631718,
          1.560936
        ],
        [
          0.020343,
          -0.887712,
          -0.459949,
          1.493287
        ],
        [
          0.0,
          0.0,
          0.0,
          1.0
        ]
      ]
    },
    {
      "file_path": "/media/NFS/ttao/scannet/posed_images/scene0277_01/00088.jpg",
      "transform_matrix": [
        [
          -0.652656,
          0.324179,
          -0.684798,
          3.195273
        ],
        [
          0.757021,
          0.315964,
          -0.571914,
          1.56881
        ],
        [
          0.030969,
          -0.89167,
          -0.451626,
          1.495872
        ],
        [
          0.0,
          0.0,
          0.0,
          1.0
        ]
      ]
    },
    {
      "file_path": "/media/NFS/ttao/scannet/posed_images/scene0277_01/00089.jpg",
      "transform_matrix": [
        [
          -0.63995,
          0.32791,
          -0.694938,
          3.205307
        ],
        [
          0.767963,
          0.304011,
          -0.563747,
          1.572115
        ],
        [
          0.02641,
          -0.894456,
          -0.446375,
          1.497103
        ],
        [
          0.0,
          0.0,
          0.0,
          1.0
        ]
      ]
    },
    {
      "file_path": "/media/NFS/ttao/scannet/posed_images/scene0277_01/00091.jpg",
      "transform_matrix": [
        [
          -0.619437,
          0.339708,
          -0.707741,
          3.229038
        ],
        [
          0.784886,
          0.286258,
          -0.549555,
          1.577837
        ],
        [
          0.015908,
          -0.89591,
          -0.443951,
          1.497034
        ],
        [
          0.0,
          0.0,
          0.0,
          1.0
        ]
      ]
    },
    {
      "file_path": "/media/NFS/ttao/scannet/posed_images/scene0277_01/00096.jpg",
      "transform_matrix": [
        [
          -0.57857,
          0.350355,
          -0.736551,
          3.276593
        ],
        [
          0.81563,
          0.246191,
          -0.523582,
          1.601607
        ],
        [
          -0.002107,
          -0.903682,
          -0.428199,
          1.508811
        ],
        [
          0.0,
          0.0,
          0.0,
          1.0
        ]
      ]
    },
    {
      "file_path": "/media/NFS/ttao/scannet/posed_images/scene0277_01/00097.jpg",
      "transform_matrix": [
        [
          -0.571664,
          0.351023,
          -0.741609,
          3.286957
        ],
        [
          0.820477,
          0.239777,
          -0.518965,
          1.607319
        ],
        [
          -0.004348,
          -0.905146,
          -0.425078,
          1.509337
        ],
        [
          0.0,
          0.0,
          0.0,
          1.0
        ]
      ]
    },
    {
      "file_path": "/media/NFS/ttao/scannet/posed_images/scene0277_01/00100.jpg",
      "transform_matrix": [
        [
          -0.551774,
          0.369737,
          -0.747556,
          3.310507
        ],
        [
          0.833824,
          0.226464,
          -0.50344,
          1.626055
        ],
        [
          -0.016846,
          -0.901115,
          -0.433253,
          1.511512
        ],
        [
          0.0,
          0.0,
          0.0,
          1.0
        ]
      ]
    },
    {
      "file_path": "/media/NFS/ttao/scannet/posed_images/scene0277_01/00105.jpg",
      "transform_matrix": [
        [
          -0.517832,
          0.362284,
          -0.774984,
          3.327439
        ],
        [
          0.855475,
          0.215513,
          -0.470868,
          1.658314
        ],
        [
          -0.003569,
          -0.90681,
          -0.421525,
          1.520288
        ],
        [
          0.0,
          0.0,
          0.0,
          1.0
        ]
      ]
    },
    {
      "file_path": "/media/NFS/ttao/scannet/posed_images/scene0277_01/00106.jpg",
      "transform_matrix": [
        [
          -0.501139,
          0.363283,
          -0.78542,
          3.331985
        ],
        [
          0.865349,
          0.204533,
          -0.457534,
          1.669643
        ],
        [
          -0.00557,
          -0.908951,
          -0.416866,
          1.521453
        ],
        [
          0.0,
          0.0,
          0.0,
          1.0
        ]
      ]
    },
    {
      "file_path": "/media/NFS/ttao/scannet/posed_images/scene0277_01/00111.jpg",
      "transform_matrix": [
        [
          -0.451482,
          0.366184,
          -0.813679,
          3.327027
        ],
        [
          0.892191,
          0.172359,
          -0.417478,
          1.696224
        ],
        [
          -0.012629,
          -0.914441,
          -0.404523,
          1.532318
        ],
        [
          0.0,
          0.0,
          0.0,
          1.0
        ]
      ]
    },
    {
      "file_path": "/media/NFS/ttao/scannet/posed_images/scene0277_01/00112.jpg",
      "transform_matrix": [
        [
          -0.446008,
          0.366955,
          -0.816346,
          3.327649
        ],
        [
          0.894852,
          0.164674,
          -0.414877,
          1.701783
        ],
        [
          -0.01781,
          -0.915547,
          -0.401816,
          1.533401
        ],
        [
          0.0,
          0.0,
          0.0,
          1.0
        ]
      ]
    },
    {
      "file_path": "/media/NFS/ttao/scannet/posed_images/scene0277_01/00115.jpg",
      "transform_matrix": [
        [
          -0.448177,
          0.392756,
          -0.803044,
          3.325619
        ],
        [
          0.893171,
          0.159361,
          -0.420536,
          1.713287
        ],
        [
          -0.037194,
          -0.90573,
          -0.42222,
          1.537645
        ],
        [
          0.0,
          0.0,
          0.0,
          1.0
        ]
      ]
    },
    {
      "file_path": "/media/NFS/ttao/scannet/posed_images/scene0277_01/00120.jpg",
      "transform_matrix": [
        [
          -0.422466,
          0.37989,
          -0.822925,
          3.312404
        ],
        [
          0.905825,
          0.145235,
          -0.397979,
          1.733224
        ],
        [
          -0.031671,
          -0.913559,
          -0.405471,
          1.546348
        ],
        [
          0.0,
          0.0,
          0.0,
          1.0
        ]
      ]
    },
    {
      "file_path": "/media/NFS/ttao/scannet/posed_images/scene0277_01/00121.jpg",
      "transform_matrix": [
        [
          -0.417784,
          0.381318,
          -0.824654,
          3.310002
        ],
        [
          0.907997,
          0.143666,
          -0.393576,
          1.736863
        ],
        [
          -0.031602,
          -0.913212,
          -0.406257,
          1.544989
        ],
        [
          0.0,
          0.0,
          0.0,
          1.0
        ]
      ]
    },
    {
      "file_path": "/media/NFS/ttao/scannet/posed_images/scene0277_01/00126.jpg",
      "transform_matrix": [
        [
          -0.377895,
          0.370355,
          -0.848548,
          3.291844
        ],
        [
          0.925826,
          0.144681,
          -0.349163,
          1.743816
        ],
        [
          -0.006546,
          -0.917554,
          -0.397558,
          1.540526
        ],
        [
          0.0,
          0.0,
          0.0,
          1.0
        ]
      ]
    },
    {
      "file_path": "/media/NFS/ttao/scannet/posed_images/scene0277_01/00128.jpg",
      "transform_matrix": [
        [
          -0.374051,
          0.375089,
          -0.848171,
          3.285248
        ],
        [
          0.927395,
          0.146404,
          -0.344245,
          1.746755
        ],
        [
          -0.004946,
          -0.915355,
          -0.402619,
          1.538893
        ],
        [
          0.0,
          0.0,
          0.0,
          1.0
        ]
      ]
    },
    {
      "file_path": "/media/NFS/ttao/scannet/posed_images/scene0277_01/00132.jpg",
      "transform_matrix": [
        [
          -0.363579,
          0.376776,
          -0.851969,
          3.267071
        ],
        [
          0.931505,
          0.136777,
          -0.337033,
          1.757719
        ],
        [
          -0.010456,
          -0.916151,
          -0.400698,
          1.542053
        ],
        [
          0.0,
          0.0,
          0.0,
          1.0
        ]
      ]
    },
    {
      "file_path": "/media/NFS/ttao/scannet/posed_images/scene0277_01/00133.jpg",
      "transform_matrix": [
        [
          -0.361186,
          0.377055,
          -0.852862,
          3.261946
        ],
        [
          0.932408,
          0.133607,
          -0.335805,
          1.760732
        ],
        [
          -0.012668,
          -0.916504,
          -0.399826,
          1.542004
        ],
        [
          0.0,
          0.0,
          0.0,
          1.0
        ]
      ]
    },
    {
      "file_path": "/media/NFS/ttao/scannet/posed_images/scene0277_01/00136.jpg",
      "transform_matrix": [
        [
          -0.352856,
          0.384608,
          -0.852977,
          3.245664
        ],
        [
          0.935512,
          0.127833,
          -0.329358,
          1.764424
        ],
        [
          -0.017635,
          -0.914186,
          -0.404911,
          1.541748
        ],
        [
          0.0,
          0.0,
          0.0,
          1.0
        ]
      ]
    },
    {
      "file_path": "/media/NFS/ttao/scannet/posed_images/scene0277_01/00139.jpg",
      "transform_matrix": [
        [
          -0.339326,
          0.380547,
          -0.860257,
          3.2216
        ],
        [
          0.940585,
          0.125026,
          -0.315704,
          1.769633
        ],
        [
          -0.012586,
          -0.916271,
          -0.400362,
          1.54218
        ],
        [
          0.0,
          0.0,
          0.0,
          1.0
        ]
      ]
    },
    {
      "file_path": "/media/NFS/ttao/scannet/posed_images/scene0277_01/00142.jpg",
      "transform_matrix": [
        [
          -0.325959,
          0.375819,
          -0.867474,
          3.200581
        ],
        [
          0.945259,
          0.114628,
          -0.305527,
          1.767972
        ],
        [
          -0.015386,
          -0.919576,
          -0.39261,
          1.544754
        ],
        [
          0.0,
          0.0,
          0.0,
          1.0
        ]
      ]
    },
    {
      "file_path": "/media/NFS/ttao/scannet/posed_images/scene0277_01/00145.jpg",
      "transform_matrix": [
        [
          -0.329805,
          0.368034,
          -0.869356,
          3.175611
        ],
        [
          0.943797,
          0.107232,
          -0.312649,
          1.775058
        ],
        [
          -0.021843,
          -0.923608,
          -0.382715,
          1.550204
        ],
        [
          0.0,
          0.0,
          0.0,
          1.0
        ]
      ]
    },
    {
      "file_path": "/media/NFS/ttao/scannet/posed_images/scene0277_01/00148.jpg",
      "transform_matrix": [
        [
          -0.331459,
          0.36625,
          -0.86948,
          3.147205
        ],
        [
          0.943051,
          0.101144,
          -0.3169,
          1.778881
        ],
        [
          -0.028122,
          -0.925003,
          -0.378917,
          1.555434
        ],
        [
          0.0,
          0.0,
          0.0,
          1.0
        ]
      ]
    },
    {
      "file_path": "/media/NFS/ttao/scannet/posed_images/scene0277_01/00151.jpg",
      "transform_matrix": [
        [
          -0.32291,
          0.370253,
          -0.871001,
          3.113163
        ],
        [
          0.945873,
          0.094684,
          -0.310419,
          1.778309
        ],
        [
          -0.032464,
          -0.924093,
          -0.380786,
          1.558805
        ],
        [
          0.0,
          0.0,
          0.0,
          1.0
        ]
      ]
    },
    {
      "file_path": "/media/NFS/ttao/scannet/posed_images/scene0277_01/00155.jpg",
      "transform_matrix": [
        [
          -0.303469,
          0.374213,
          -0.876283,
          3.068374
        ],
        [
          0.952043,
          0.081439,
          -0.294927,
          1.773311
        ],
        [
          -0.039002,
          -0.92376,
          -0.380981,
          1.558116
        ],
        [
          0.0,
          0.0,
          0.0,
          1.0
        ]
      ]
    },
    {
      "file_path": "/media/NFS/ttao/scannet/posed_images/scene0277_01/00157.jpg",
      "transform_matrix": [
        [
          -0.292272,
          0.375824,
          -0.879394,
          3.043476
        ],
        [
          0.955489,
          0.076069,
          -0.285053,
          1.772465
        ],
        [
          -0.040235,
          -0.923564,
          -0.381328,
          1.556727
        ],
        [
          0.0,
          0.0,
          0.0,
          1.0
        ]
      ]
    },
    {
      "file_path": "/media/NFS/ttao/scannet/posed_images/scene0277_01/00161.jpg",
      "transform_matrix": [
        [
          -0.260304,
          0.373013,
          -0.890564,
          2.985662
        ],
        [
          0.964394,
          0.055781,
          -0.25852,
          1.773231
        ],
        [
          -0.046755,
          -0.926148,
          -0.374251,
          1.553456
        ],
        [
          0.0,
          0.0,
          0.0,
          1.0
        ]
      ]
    },
    {
      "file_path": "/media/NFS/ttao/scannet/posed_images/scene0277_01/00164.jpg",
      "transform_matrix": [
        [
          -0.248273,
          0.377709,
          -0.892018,
          2.949582
        ],
        [
          0.967582,
          0.052649,
          -0.247011,
          1.779626
        ],
        [
          -0.046334,
          -0.924426,
          -0.378535,
          1.549773
        ],
        [
          0.0,
          0.0,
          0.0,
          1.0
        ]
      ]
    },
    {
      "file_path": "/media/NFS/ttao/scannet/posed_images/scene0277_01/00167.jpg",
      "transform_matrix": [
        [
          -0.228666,
          0.37813,
          -0.897067,
          2.917096
        ],
        [
          0.972741,
          0.052242,
          -0.225934,
          1.792995
        ],
        [
          -0.038568,
          -0.924277,
          -0.379769,
          1.548279
        ],
        [
          0.0,
          0.0,
          0.0,
          1.0
        ]
      ]
    },
    {
      "file_path": "/media/NFS/ttao/scannet/posed_images/scene0277_01/00169.jpg",
      "transform_matrix": [
        [
          -0.218917,
          0.381588,
          -0.898034,
          2.898229
        ],
        [
          0.975006,
          0.049779,
          -0.216529,
          1.799585
        ],
        [
          -0.037921,
          -0.922991,
          -0.382949,
          1.548182
        ],
        [
          0.0,
          0.0,
          0.0,
          1.0
        ]
      ]
    },
    {
      "file_path": "/media/NFS/ttao/scannet/posed_images/scene0277_01/00173.jpg",
      "transform_matrix": [
        [
          -0.214629,
          0.377798,
          -0.900668,
          2.871839
        ],
        [
          0.975921,
          0.046231,
          -0.213169,
          1.83662
        ],
        [
          -0.038896,
          -0.924733,
          -0.378624,
          1.552237
        ],
        [
          0.0,
          0.0,
          0.0,
          1.0
        ]
      ]
    },
    {
      "file_path": "/media/NFS/ttao/scannet/posed_images/scene0277_01/00177.jpg",
      "transform_matrix": [
        [
          -0.18549,
          0.385792,
          -0.903747,
          2.842402
        ],
        [
          0.981327,
          0.025081,
          -0.190706,
          1.844682
        ],
        [
          -0.050906,
          -0.922245,
          -0.38324,
          1.554011
        ],
        [
          0.0,
          0.0,
          0.0,
          1.0
        ]
      ]
    },
    {
      "file_path": "/media/NFS/ttao/scannet/posed_images/scene0277_01/00179.jpg",
      "transform_matrix": [
        [
          -0.165375,
          0.387669,
          -0.906843,
          2.830999
        ],
        [
          0.984937,
          0.017828,
          -0.171996,
          1.850058
        ],
        [
          -0.050511,
          -0.921626,
          -0.384778,
          1.552559
        ],
        [
          0.0,
          0.0,
          0.0,
          1.0
        ]
      ]
    },
    {
      "file_path": "/media/NFS/ttao/scannet/posed_images/scene0277_01/00182.jpg",
      "transform_matrix": [
        [
          -0.129876,
          0.38252,
          -0.914774,
          2.82679
        ],
        [
          0.990972,
          0.019107,
          -0.132705,
          1.845036
        ],
        [
          -0.033284,
          -0.92375,
          -0.381548,
          1.548654
        ],
        [
          0.0,
          0.0,
          0.0,
          1.0
        ]
      ]
    },
    {
      "file_path": "/media/NFS/ttao/scannet/posed_images/scene0277_01/00183.jpg",
      "transform_matrix": [
        [
          -0.115888,
          0.379799,
          -0.917781,
          2.825776
        ],
        [
          0.992915,
          0.019868,
          -0.117153,
          1.841097
        ],
        [
          -0.026261,
          -0.924856,
          -0.379411,
          1.548006
        ],
        [
          0.0,
          0.0,
          0.0,
          1.0
        ]
      ]
    },
    {
      "file_path": "/media/NFS/ttao/scannet/posed_images/scene0277_01/00186.jpg",
      "transform_matrix": [
        [
          -0.065669,
          0.367929,
          -0.927532,
          2.815063
        ],
        [
          0.99781,
          0.016807,
          -0.063978,
          1.828794
        ],
        [
          -0.00795,
          -0.929702,
          -0.368227,
          1.545351
        ],
        [
          0.0,
          0.0,
          0.0,
          1.0
        ]
      ]
    },
    {
      "file_path": "/media/NFS/ttao/scannet/posed_images/scene0277_01/00190.jpg",
      "transform_matrix": [
        [
          0.014775,
          0.363296,
          -0.931557,
          2.821262
        ],
        [
          0.999876,
          -0.01051,
          0.01176,
          1.794389
        ],
        [
          -0.005519,
          -0.931615,
          -0.363406,
          1.548505
        ],
        [
          0.0,
          0.0,
          0.0,
          1.0
        ]
      ]
    },
    {
      "file_path": "/media/NFS/ttao/scannet/posed_images/scene0277_01/00192.jpg",
      "transform_matrix": [
        [
          0.033169,
          0.369478,
          -0.928647,
          2.820977
        ],
        [
          0.999318,
          -0.027359,
          0.024808,
          1.792728
        ],
        [
          -0.01624,
          -0.928837,
          -0.370133,
          1.551439
        ],
        [
          0.0,
          0.0,
          0.0,
          1.0
        ]
      ]
    },
    {
      "file_path": "/media/NFS/ttao/scannet/posed_images/scene0277_01/00196.jpg",
      "transform_matrix": [
        [
          0.072545,
          0.353974,
          -0.932438,
          2.831456
        ],
        [
          0.997291,
          -0.03716,
          0.063484,
          1.769096
        ],
        [
          -0.012178,
          -0.934517,
          -0.355711,
          1.555276
        ],
        [
          0.0,
          0.0,
          0.0,
          1.0
        ]
      ]
    },
    {
      "file_path": "/media/NFS/ttao/scannet/posed_images/scene0277_01/00198.jpg",
      "transform_matrix": [
        [
          0.084858,
          0.355947,
          -0.930645,
          2.832292
        ],
        [
          0.996309,
          -0.042472,
          0.074601,
          1.76381
        ],
        [
          -0.012973,
          -0.933541,
          -0.358237,
          1.559259
        ],
        [
          0.0,
          0.0,
          0.0,
          1.0
        ]
      ]
    },
    {
      "file_path": "/media/NFS/ttao/scannet/posed_images/scene0277_01/00201.jpg",
      "transform_matrix": [
        [
          0.125933,
          0.338028,
          -0.932673,
          2.84242
        ],
        [
          0.991968,
          -0.054159,
          0.114311,
          1.752962
        ],
        [
          -0.011872,
          -0.939577,
          -0.342133,
          1.565693
        ],
        [
          0.0,
          0.0,
          0.0,
          1.0
        ]
      ]
    },
    {
      "file_path": "/media/NFS/ttao/scannet/posed_images/scene0277_01/00206.jpg",
      "transform_matrix": [
        [
          0.194902,
          0.315559,
          -0.928674,
          2.854163
        ],
        [
          0.98029,
          -0.093865,
          0.17384,
          1.737945
        ],
        [
          -0.032314,
          -0.944252,
          -0.327634,
          1.56992
        ],
        [
          0.0,
          0.0,
          0.0,
          1.0
        ]
      ]
    },
    {
      "file_path": "/media/NFS/ttao/scannet/posed_images/scene0277_01/00209.jpg",
      "transform_matrix": [
        [
          0.22899,
          0.301852,
          -0.925445,
          2.864163
        ],
        [
          0.97259,
          -0.110415,
          0.204641,
          1.738693
        ],
        [
          -0.040412,
          -0.946939,
          -0.318862,
          1.568782
        ],
        [
          0.0,
          0.0,
          0.0,
          1.0
        ]
      ]
    },
    {
      "file_path": "/media/NFS/ttao/scannet/posed_images/scene0277_01/00210.jpg",
      "transform_matrix": [
        [
          0.24106,
          0.303237,
          -0.92192,
          2.853716
        ],
        [
          0.969635,
          -0.115574,
          0.215522,
          1.729721
        ],
        [
          -0.041196,
          -0.945881,
          -0.32189,
          1.573897
        ],
        [
          0.0,
          0.0,
          0.0,
          1.0
        ]
      ]
    },
    {
      "file_path": "/media/NFS/ttao/scannet/posed_images/scene0277_01/00214.jpg",
      "transform_matrix": [
        [
          0.268162,
          0.301646,
          -0.914931,
          2.863832
        ],
        [
          0.962543,
          -0.123318,
          0.24146,
          1.726091
        ],
        [
          -0.039993,
          -0.945411,
          -0.323417,
          1.564033
        ],
        [
          0.0,
          0.0,
          0.0,
          1.0
        ]
      ]
    },
    {
      "file_path": "/media/NFS/ttao/scannet/posed_images/scene0277_01/00218.jpg",
      "transform_matrix": [
        [
          0.291808,
          0.305503,
          -0.906375,
          2.874537
        ],
        [
          0.955982,
          -0.123613,
          0.266115,
          1.724999
        ],
        [
          -0.030741,
          -0.944133,
          -0.328127,
          1.557773
        ],
        [
          0.0,
          0.0,
          0.0,
          1.0
        ]
      ]
    },
    {
      "file_path": "/media/NFS/ttao/scannet/posed_images/scene0277_01/00221.jpg",
      "transform_matrix": [
        [
          0.314566,
          0.315432,
          -0.895294,
          2.870732
        ],
        [
          0.94897,
          -0.126812,
          0.288747,
          1.732872
        ],
        [
          -0.022454,
          -0.940437,
          -0.339226,
          1.577203
        ],
        [
          0.0,
          0.0,
          0.0,
          1.0
        ]
      ]
    },
    {
      "file_path": "/media/NFS/ttao/scannet/posed_images/scene0277_01/00224.jpg",
      "transform_matrix": [
        [
          0.324056,
          0.318196,
          -0.89092,
          2.872983
        ],
        [
          0.945924,
          -0.123575,
          0.299927,
          1.73299
        ],
        [
          -0.01466,
          -0.939937,
          -0.341035,
          1.579475
        ],
        [
          0.0,
          0.0,
          0.0,
          1.0
        ]
      ]
    },
    {
      "file_path": "/media/NFS/ttao/scannet/posed_images/scene0277_01/00227.jpg",
      "transform_matrix": [
        [
          0.339234,
          0.310158,
          -0.8881,
          2.880258
        ],
        [
          0.940701,
          -0.11067,
          0.320677,
          1.739177
        ],
        [
          0.001174,
          -0.944222,
          -0.329309,
          1.579204
        ],
        [
          0.0,
          0.0,
          0.0,
          1.0
        ]
      ]
    },
    {
      "file_path": "/media/NFS/ttao/scannet/posed_images/scene0277_01/00228.jpg",
      "transform_matrix": [
        [
          0.343991,
          0.310672,
          -0.886089,
          2.879115
        ],
        [
          0.938959,
          -0.108699,
          0.326406,
          1.739107
        ],
        [
          0.005088,
