{
  "frames": [
    {
      "file_path": "/media/NFS/ttao/scannet/posed_images/scene0330_00/00003.jpg",
      "transform_matrix": [
        [
          -0.693622,
          -0.256576,
          0.673096,
          3.715289
        ],
        [
          -0.714124,
          0.367418,
          -0.595845,
          8.152678
        ],
        [
          -0.094427,
          -0.893965,
          -0.438076,
          1.472108
        ],
        [
          0.0,
          0.0,
          0.0,
          1.0
        ]
      ]
    },
    {
      "file_path": "/media/NFS/ttao/scannet/posed_images/scene0330_00/00008.jpg",
      "transform_matrix": [
        [
          -0.699353,
          -0.243996,
          0.671842,
          3.714378
        ],
        [
          -0.709996,
          0.345665,
          -0.613533,
          8.157047
        ],
        [
          -0.082532,
          -0.90608,
          -0.414978,
          1.467361
        ],
        [
          0.0,
          0.0,
          0.0,
          1.0
        ]
      ]
    },
    {
      "file_path": "/media/NFS/ttao/scannet/posed_images/scene0330_00/00013.jpg",
      "transform_matrix": [
        [
          -0.719881,
          -0.250773,
          0.647213,
          3.749868
        ],
        [
          -0.688998,
          0.371005,
          -0.622606,
          8.16422
        ],
        [
          -0.083987,
          -0.89413,
          -0.439861,
          1.479143
        ],
        [
          0.0,
          0.0,
          0.0,
          1.0
        ]
      ]
    },
    {
      "file_path": "/media/NFS/ttao/scannet/posed_images/scene0330_00/00014.jpg",
      "transform_matrix": [
        [
          -0.719971,
          -0.251021,
          0.647016,
          3.753696
        ],
        [
          -0.688837,
          0.372032,
          -0.622171,
          8.162724
        ],
        [
          -0.084533,
          -0.893633,
          -0.440765,
          1.483825
        ],
        [
          0.0,
          0.0,
          0.0,
          1.0
        ]
      ]
    },
    {
      "file_path": "/media/NFS/ttao/scannet/posed_images/scene0330_00/00020.jpg",
      "transform_matrix": [
        [
          -0.715803,
          -0.231922,
          0.658664,
          3.761687
        ],
        [
          -0.692374,
          0.358359,
          -0.626256,
          8.153648
        ],
        [
          -0.090796,
          -0.904318,
          -0.417092,
          1.493417
        ],
        [
          0.0,
          0.0,
          0.0,
          1.0
        ]
      ]
    },
    {
      "file_path": "/media/NFS/ttao/scannet/posed_images/scene0330_00/00028.jpg",
      "transform_matrix": [
        [
          -0.732893,
          -0.232327,
          0.639447,
          3.784046
        ],
        [
          -0.676893,
          0.343555,
          -0.650989,
          8.150356
        ],
        [
          -0.068442,
          -0.909942,
          -0.40905,
          1.499111
        ],
        [
          0.0,
          0.0,
          0.0,
          1.0
        ]
      ]
    },
    {
      "file_path": "/media/NFS/ttao/scannet/posed_images/scene0330_00/00033.jpg",
      "transform_matrix": [
        [
          -0.756588,
          -0.233013,
          0.610966,
          3.850905
        ],
        [
          -0.651736,
          0.344533,
          -0.675676,
          8.183256
        ],
        [
          -0.053057,
          -0.909396,
          -0.412533,
          1.495488
        ],
        [
          0.0,
          0.0,
          0.0,
          1.0
        ]
      ]
    },
    {
      "file_path": "/media/NFS/ttao/scannet/posed_images/scene0330_00/00036.jpg",
      "transform_matrix": [
        [
          -0.753094,
          -0.217746,
          0.620835,
          3.855731
        ],
        [
          -0.654023,
          0.350241,
          -0.670512,
          8.17468
        ],
        [
          -0.071441,
          -0.910998,
          -0.406175,
          1.498393
        ],
        [
          0.0,
          0.0,
          0.0,
          1.0
        ]
      ]
    },
    {
      "file_path": "/media/NFS/ttao/scannet/posed_images/scene0330_00/00044.jpg",
      "transform_matrix": [
        [
          -0.769599,
          -0.222036,
          0.59868,
          3.853033
        ],
        [
          -0.634868,
          0.366312,
          -0.680263,
          8.127435
        ],
        [
          -0.06826,
          -0.903613,
          -0.422877,
          1.494613
        ],
        [
          0.0,
          0.0,
          0.0,
          1.0
        ]
      ]
    },
    {
      "file_path": "/media/NFS/ttao/scannet/posed_images/scene0330_00/00045.jpg",
      "transform_matrix": [
        [
          -0.773662,
          -0.219585,
          0.594331,
          3.850872
        ],
        [
          -0.630029,
          0.36605,
          -0.684888,
          8.126391
        ],
        [
          -0.067164,
          -0.904317,
          -0.421544,
          1.486087
        ],
        [
          0.0,
          0.0,
          0.0,
          1.0
        ]
      ]
    },
    {
      "file_path": "/media/NFS/ttao/scannet/posed_images/scene0330_00/00053.jpg",
      "transform_matrix": [
        [
          -0.813042,
          -0.235224,
          0.532573,
          3.883636
        ],
        [
          -0.58028,
          0.401736,
          -0.708437,
          8.090358
        ],
        [
          -0.047312,
          -0.88503,
          -0.463124,
          1.468732
        ],
        [
          0.0,
          0.0,
          0.0,
          1.0
        ]
      ]
    },
    {
      "file_path": "/media/NFS/ttao/scannet/posed_images/scene0330_00/00056.jpg",
      "transform_matrix": [
        [
          -0.809845,
          -0.22986,
          0.539736,
          3.891791
        ],
        [
          -0.583838,
          0.405671,
          -0.703253,
          8.067609
        ],
        [
          -0.057305,
          -0.884644,
          -0.462732,
          1.460623
        ],
        [
          0.0,
          0.0,
          0.0,
          1.0
        ]
      ]
    },
    {
      "file_path": "/media/NFS/ttao/scannet/posed_images/scene0330_00/00063.jpg",
      "transform_matrix": [
        [
          -0.800653,
          -0.213544,
          0.559781,
          3.905657
        ],
        [
          -0.592852,
          0.417273,
          -0.688775,
          7.994402
        ],
        [
          -0.086498,
          -0.883336,
          -0.46069,
          1.457939
        ],
        [
          0.0,
          0.0,
          0.0,
          1.0
        ]
      ]
    },
    {
      "file_path": "/media/NFS/ttao/scannet/posed_images/scene0330_00/00067.jpg",
      "transform_matrix": [
        [
          -0.777124,
          -0.239847,
          0.581853,
          3.913579
        ],
        [
          -0.624347,
          0.410134,
          -0.664816,
          7.96327
        ],
        [
          -0.079184,
          -0.879922,
          -0.468473,
          1.452345
        ],
        [
          0.0,
          0.0,
          0.0,
          1.0
        ]
      ]
    },
    {
      "file_path": "/media/NFS/ttao/scannet/posed_images/scene0330_00/00072.jpg",
      "transform_matrix": [
        [
          -0.727966,
          -0.266104,
          0.631866,
          3.928588
        ],
        [
          -0.680122,
          0.396694,
          -0.616497,
          7.933095
        ],
        [
          -0.086606,
          -0.878534,
          -0.469763,
          1.44582
        ],
        [
          0.0,
          0.0,
          0.0,
          1.0
        ]
      ]
    },
    {
      "file_path": "/media/NFS/ttao/scannet/posed_images/scene0330_00/00080.jpg",
      "transform_matrix": [
        [
          -0.636353,
          -0.314976,
          0.704163,
          3.963444
        ],
        [
          -0.761425,
          0.402789,
          -0.507931,
          7.85813
        ],
        [
          -0.123643,
          -0.85939,
          -0.496146,
          1.448144
        ],
        [
          0.0,
          0.0,
          0.0,
          1.0
        ]
      ]
    },
    {
      "file_path": "/media/NFS/ttao/scannet/posed_images/scene0330_00/00085.jpg",
      "transform_matrix": [
        [
          -0.637719,
          -0.284305,
          0.715881,
          3.995182
        ],
        [
          -0.758135,
          0.395989,
          -0.518097,
          7.80993
        ],
        [
          -0.136184,
          -0.873134,
          -0.468072,
          1.452566
        ],
        [
          0.0,
          0.0,
          0.0,
          1.0
        ]
      ]
    },
    {
      "file_path": "/media/NFS/ttao/scannet/posed_images/scene0330_00/00088.jpg",
      "transform_matrix": [
        [
          -0.667165,
          -0.306466,
          0.678948,
          4.017701
        ],
        [
          -0.736087,
          0.411096,
          -0.537751,
          7.771822
        ],
        [
          -0.11431,
          -0.858533,
          -0.499854,
          1.444958
        ],
        [
          0.0,
          0.0,
          0.0,
          1.0
        ]
      ]
    },
    {
      "file_path": "/media/NFS/ttao/scannet/posed_images/scene0330_00/00094.jpg",
      "transform_matrix": [
        [
          -0.699285,
          -0.327444,
          0.635438,
          4.04412
        ],
        [
          -0.708991,
          0.431209,
          -0.558024,
          7.714897
        ],
        [
          -0.091285,
          -0.840737,
          -0.533693,
          1.434093
        ],
        [
          0.0,
          0.0,
          0.0,
          1.0
        ]
      ]
    },
    {
      "file_path": "/media/NFS/ttao/scannet/posed_images/scene0330_00/00102.jpg",
      "transform_matrix": [
        [
          -0.694859,
          -0.337941,
          0.634796,
          4.035896
        ],
        [
          -0.713601,
          0.433414,
          -0.550388,
          7.629423
        ],
        [
          -0.089131,
          -0.835433,
          -0.542317,
          1.419839
        ],
        [
          0.0,
          0.0,
          0.0,
          1.0
        ]
      ]
    },
    {
      "file_path": "/media/NFS/ttao/scannet/posed_images/scene0330_00/00103.jpg",
      "transform_matrix": [
        [
          -0.691561,
          -0.338454,
          0.638116,
          4.028505
        ],
        [
          -0.716716,
          0.431342,
          -0.547962,
          7.617126
        ],
        [
          -0.089786,
          -0.836297,
          -0.540875,
          1.418633
        ],
        [
          0.0,
          0.0,
          0.0,
          1.0
        ]
      ]
    },
    {
      "file_path": "/media/NFS/ttao/scannet/posed_images/scene0330_00/00111.jpg",
      "transform_matrix": [
        [
          -0.634155,
          -0.381997,
          0.672255,
          3.952154
        ],
        [
          -0.769104,
          0.401079,
          -0.497609,
          7.507084
        ],
        [
          -0.079542,
          -0.832595,
          -0.548141,
          1.405872
        ],
        [
          0.0,
          0.0,
          0.0,
          1.0
        ]
      ]
    },
    {
      "file_path": "/media/NFS/ttao/scannet/posed_images/scene0330_00/00117.jpg",
      "transform_matrix": [
        [
          -0.594771,
          -0.389182,
          0.703409,
          3.898238
        ],
        [
          -0.799035,
          0.382271,
          -0.464125,
          7.422232
        ],
        [
          -0.088264,
          -0.838097,
          -0.538334,
          1.39926
        ],
        [
          0.0,
          0.0,
          0.0,
          1.0
        ]
      ]
    },
    {
      "file_path": "/media/NFS/ttao/scannet/posed_images/scene0330_00/00122.jpg",
      "transform_matrix": [
        [
          -0.572563,
          -0.418962,
          0.704728,
          3.875885
        ],
        [
          -0.816254,
          0.371837,
          -0.442116,
          7.366955
        ],
        [
          -0.076814,
          -0.828377,
          -0.554879,
          1.395618
        ],
        [
          0.0,
          0.0,
          0.0,
          1.0
        ]
      ]
    },
    {
      "file_path": "/media/NFS/ttao/scannet/posed_images/scene0330_00/00125.jpg",
      "transform_matrix": [
        [
          -0.554881,
          -0.426212,
          0.714458,
          3.863564
        ],
        [
          -0.828612,
          0.359764,
          -0.42892,
          7.328829
        ],
        [
          -0.074225,
          -0.830008,
          -0.552791,
          1.388007
        ],
        [
          0.0,
          0.0,
          0.0,
          1.0
        ]
      ]
    },
    {
      "file_path": "/media/NFS/ttao/scannet/posed_images/scene0330_00/00133.jpg",
      "transform_matrix": [
        [
          -0.494339,
          -0.455924,
          0.74011,
          3.847836
        ],
        [
          -0.867959,
          0.305621,
          -0.391464,
          7.212575
        ],
        [
          -0.047715,
          -0.835901,
          -0.546803,
          1.371395
        ],
        [
          0.0,
          0.0,
          0.0,
          1.0
        ]
      ]
    },
    {
      "file_path": "/media/NFS/ttao/scannet/posed_images/scene0330_00/00136.jpg",
      "transform_matrix": [
        [
          -0.472594,
          -0.472437,
          0.743948,
          3.851517
        ],
        [
          -0.880859,
          0.279339,
          -0.382175,
          7.171785
        ],
        [
          -0.027261,
          -0.835926,
          -0.548164,
          1.363256
        ],
        [
          0.0,
          0.0,
          0.0,
          1.0
        ]
      ]
    },
    {
      "file_path": "/media/NFS/ttao/scannet/posed_images/scene0330_00/00139.jpg",
      "transform_matrix": [
        [
          -0.452111,
          -0.480241,
          0.751641,
          3.860636
        ],
        [
          -0.891663,
          0.265141,
          -0.366929,
          7.129649
        ],
        [
          -0.023077,
          -0.836104,
          -0.548086,
          1.360824
        ],
        [
          0.0,
          0.0,
          0.0,
          1.0
        ]
      ]
    },
    {
      "file_path": "/media/NFS/ttao/scannet/posed_images/scene0330_00/00147.jpg",
      "transform_matrix": [
        [
          -0.368421,
          -0.488495,
          0.790973,
          3.874337
        ],
        [
          -0.929304,
          0.217025,
          -0.298821,
          7.020126
        ],
        [
          -0.025688,
          -0.845147,
          -0.533917,
          1.356367
        ],
        [
          0.0,
          0.0,
          0.0,
          1.0
        ]
      ]
    },
    {
      "file_path": "/media/NFS/ttao/scannet/posed_images/scene0330_00/00153.jpg",
      "transform_matrix": [
        [
          -0.317677,
          -0.462343,
          0.827841,
          3.875444
        ],
        [
          -0.947228,
          0.194253,
          -0.255001,
          6.950871
        ],
        [
          -0.042913,
          -0.865162,
          -0.499654,
          1.351065
        ],
        [
          0.0,
          0.0,
          0.0,
          1.0
        ]
      ]
    },
    {
      "file_path": "/media/NFS/ttao/scannet/posed_images/scene0330_00/00155.jpg",
      "transform_matrix": [
        [
          -0.303704,
          -0.465114,
          0.831524,
          3.873338
        ],
        [
          -0.952054,
          0.181894,
          -0.245983,
          6.926301
        ],
        [
          -0.036839,
          -0.866362,
          -0.498056,
          1.3473
        ],
        [
          0.0,
          0.0,
          0.0,
          1.0
        ]
      ]
    },
    {
      "file_path": "/media/NFS/ttao/scannet/posed_images/scene0330_00/00164.jpg",
      "transform_matrix": [
        [
          -0.296398,
          -0.440776,
          0.847269,
          3.857692
        ],
        [
          -0.954617,
          0.163869,
          -0.248702,
          6.8074
        ],
        [
          -0.029219,
          -0.882533,
          -0.469343,
          1.353452
        ],
        [
          0.0,
          0.0,
          0.0,
          1.0
        ]
      ]
    },
    {
      "file_path": "/media/NFS/ttao/scannet/posed_images/scene0330_00/00169.jpg",
      "transform_matrix": [
        [
          -0.314982,
          -0.430859,
          0.845664,
          3.855411
        ],
        [
          -0.948749,
          0.16711,
          -0.268236,
          6.753154
        ],
        [
          -0.025747,
          -0.886812,
          -0.461414,
          1.34717
        ],
        [
          0.0,
          0.0,
          0.0,
          1.0
        ]
      ]
    },
    {
      "file_path": "/media/NFS/ttao/scannet/posed_images/scene0330_00/00175.jpg",
      "transform_matrix": [
        [
          -0.321383,
          -0.412084,
          0.852585,
          3.866092
        ],
        [
          -0.945089,
          0.195985,
          -0.261526,
          6.712897
        ],
        [
          -0.059323,
          -0.889819,
          -0.452442,
          1.340284
        ],
        [
          0.0,
          0.0,
          0.0,
          1.0
        ]
      ]
    },
    {
      "file_path": "/media/NFS/ttao/scannet/posed_images/scene0330_00/00180.jpg",
      "transform_matrix": [
        [
          -0.282058,
          -0.420839,
          0.862171,
          3.896941
        ],
        [
          -0.957331,
          0.182411,
          -0.224153,
          6.657063
        ],
        [
          -0.062937,
          -0.888606,
          -0.454332,
          1.335318
        ],
        [
          0.0,
          0.0,
          0.0,
          1.0
        ]
      ]
    },
    {
      "file_path": "/media/NFS/ttao/scannet/posed_images/scene0330_00/00183.jpg",
      "transform_matrix": [
        [
          -0.304344,
          -0.429174,
          0.850403,
          3.920298
        ],
        [
          -0.950713,
          0.192458,
          -0.243115,
          6.629332
        ],
        [
          -0.059328,
          -0.882479,
          -0.466595,
          1.330806
        ],
        [
          0.0,
          0.0,
          0.0,
          1.0
        ]
      ]
    },
    {
      "file_path": "/media/NFS/ttao/scannet/posed_images/scene0330_00/00186.jpg",
      "transform_matrix": [
        [
          -0.321483,
          -0.426414,
          0.84547,
          3.953268
        ],
        [
          -0.94405,
          0.213741,
          -0.251166,
          6.5977
        ],
        [
          -0.073611,
          -0.878912,
          -0.471271,
          1.337049
        ],
        [
          0.0,
          0.0,
          0.0,
          1.0
        ]
      ]
    },
    {
      "file_path": "/media/NFS/ttao/scannet/posed_images/scene0330_00/00192.jpg",
      "transform_matrix": [
        [
          -0.350485,
          -0.425413,
          0.834377,
          4.017331
        ],
        [
          -0.933526,
          0.230438,
          -0.274643,
          6.541709
        ],
        [
          -0.075435,
          -0.87517,
          -0.477899,
          1.320306
        ],
        [
          0.0,
          0.0,
          0.0,
          1.0
        ]
      ]
    },
    {
      "file_path": "/media/NFS/ttao/scannet/posed_images/scene0330_00/00200.jpg",
      "transform_matrix": [
        [
          -0.350157,
          -0.419908,
          0.837298,
          4.081246
        ],
        [
          -0.934444,
          0.21847,
          -0.28122,
          6.435166
        ],
        [
          -0.064838,
          -0.880879,
          -0.468879,
          1.312708
        ],
        [
          0.0,
          0.0,
          0.0,
          1.0
        ]
      ]
    },
    {
      "file_path": "/media/NFS/ttao/scannet/posed_images/scene0330_00/00207.jpg",
      "transform_matrix": [
        [
          -0.338552,
          -0.411761,
          0.846071,
          4.108493
        ],
        [
          -0.938979,
          0.20598,
          -0.275483,
          6.306625
        ],
        [
          -0.06084,
          -0.887708,
          -0.45637,
          1.313791
        ],
        [
          0.0,
          0.0,
          0.0,
          1.0
        ]
      ]
    },
    {
      "file_path": "/media/NFS/ttao/scannet/posed_images/scene0330_00/00208.jpg",
      "transform_matrix": [
        [
          -0.341413,
          -0.420568,
          0.840571,
          4.116037
        ],
        [
          -0.938381,
          0.203564,
          -0.27929,
          6.291102
        ],
        [
          -0.05365,
          -0.884129,
          -0.464153,
          1.317478
        ],
        [
          0.0,
          0.0,
          0.0,
          1.0
        ]
      ]
    },
    {
      "file_path": "/media/NFS/ttao/scannet/posed_images/scene0330_00/00216.jpg",
      "transform_matrix": [
        [
          -0.423948,
          -0.374245,
          0.824748,
          4.157632
        ],
        [
          -0.903538,
          0.237453,
          -0.3567,
          6.159803
        ],
        [
          -0.062346,
          -0.896413,
          -0.438812,
          1.330516
        ],
        [
          0.0,
          0.0,
          0.0,
          1.0
        ]
      ]
    },
    {
      "file_path": "/media/NFS/ttao/scannet/posed_images/scene0330_00/00222.jpg",
      "transform_matrix": [
        [
          -0.478374,
          -0.378332,
          0.792479,
          4.217402
        ],
        [
          -0.875908,
          0.270095,
          -0.399792,
          6.066849
        ],
        [
          -0.06279,
          -0.885389,
          -0.460591,
          1.312871
        ],
        [
          0.0,
          0.0,
          0.0,
          1.0
        ]
      ]
    },
    {
      "file_path": "/media/NFS/ttao/scannet/posed_images/scene0330_00/00224.jpg",
      "transform_matrix": [
        [
          -0.495035,
          -0.384373,
          0.779229,
          4.243688
        ],
        [
          -0.866915,
          0.278682,
          -0.413274,
          6.041149
        ],
        [
          -0.058306,
          -0.88011,
          -0.471176,
          1.3102
        ],
        [
          0.0,
          0.0,
          0.0,
          1.0
        ]
      ]
    },
    {
      "file_path": "/media/NFS/ttao/scannet/posed_images/scene0330_00/00230.jpg",
      "transform_matrix": [
        [
          -0.556077,
          -0.364282,
          0.747046,
          4.313165
        ],
        [
          -0.830065,
          0.288925,
          -0.476985,
          5.97952
        ],
        [
          -0.042083,
          -0.885337,
          -0.463042,
          1.301018
        ],
        [
          0.0,
          0.0,
          0.0,
          1.0
        ]
      ]
    },
    {
      "file_path": "/media/NFS/ttao/scannet/posed_images/scene0330_00/00238.jpg",
      "transform_matrix": [
        [
          -0.595849,
          -0.352794,
          0.721457,
          4.416047
        ],
        [
          -0.80179,
          0.31255,
          -0.509358,
          5.903627
        ],
        [
          -0.045793,
          -0.881958,
          -0.469099,
          1.302038
        ],
        [
          0.0,
          0.0,
          0.0,
          1.0
        ]
      ]
    },
    {
      "file_path": "/media/NFS/ttao/scannet/posed_images/scene0330_00/00239.jpg",
      "transform_matrix": [
        [
          -0.594314,
          -0.350781,
          0.723702,
          4.415245
        ],
        [
          -0.802477,
          0.3181,
          -0.504821,
          5.880347
        ],
        [
          -0.053128,
          -0.880776,
          -0.470544,
          1.298844
        ],
        [
          0.0,
          0.0,
          0.0,
          1.0
        ]
      ]
    },
    {
      "file_path": "/media/NFS/ttao/scannet/posed_images/scene0330_00/00246.jpg",
      "transform_matrix": [
        [
          -0.645483,
          -0.341196,
          0.683328,
          4.459343
        ],
        [
          -0.761406,
          0.357863,
          -0.540551,
          5.797783
        ],
        [
          -0.060104,
          -0.869206,
          -0.490783,
          1.279691
        ],
        [
          0.0,
          0.0,
          0.0,
          1.0
        ]
      ]
    },
    {
      "file_path": "/media/NFS/ttao/scannet/posed_images/scene0330_00/00254.jpg",
      "transform_matrix": [
        [
          -0.707721,
          -0.275941,
          0.650375,
          4.482742
        ],
        [
          -0.699914,
          0.399177,
          -0.592266,
          5.678404
        ],
        [
          -0.096184,
          -0.874365,
          -0.475641,
          1.269816
        ],
        [
          0.0,
          0.0,
          0.0,
          1.0
        ]
      ]
    },
    {
      "file_path": "/media/NFS/ttao/scannet/posed_images/scene0330_00/00255.jpg",
      "transform_matrix": [
        [
          -0.720569,
          -0.270241,
          0.638553,
          4.491167
        ],
        [
          -0.686303,
          0.409241,
          -0.601257,
          5.668942
        ],
        [
          -0.098838,
          -0.871488,
          -0.480354,
          1.266235
        ],
        [
          0.0,
          0.0,
          0.0,
          1.0
        ]
      ]
    },
    {
      "file_path": "/media/NFS/ttao/scannet/posed_images/scene0330_00/00261.jpg",
      "transform_matrix": [
        [
          -0.783413,
          -0.205159,
          0.586664,
          4.510737
        ],
        [
          -0.609364,
          0.4392,
          -0.660135,
          5.580353
        ],
        [
          -0.122231,
          -0.87465,
          -0.469091,
          1.273158
        ],
        [
          0.0,
          0.0,
          0.0,
          1.0
        ]
      ]
    },
    {
      "file_path": "/media/NFS/ttao/scannet/posed_images/scene0330_00/00266.jpg",
      "transform_matrix": [
        [
          -0.83121,
          -0.213261,
          0.51343,
          4.543075
        ],
        [
          -0.54648,
          0.483219,
          -0.684003,
          5.526719
        ],
        [
          -0.102228,
          -0.849128,
          -0.518199,
          1.26777
        ],
        [
          0.0,
          0.0,
          0.0,
          1.0
        ]
      ]
    },
    {
      "file_path": "/media/NFS/ttao/scannet/posed_images/scene0330_00/00271.jpg",
      "transform_matrix": [
        [
          -0.880162,
          -0.169465,
          0.443392,
          4.569183
        ],
        [
          -0.46436,
          0.50106,
          -0.730279,
          5.471862
        ],
        [
          -0.098409,
          -0.848658,
          -0.519707,
          1.258317
        ],
        [
          0.0,
          0.0,
          0.0,
          1.0
        ]
      ]
    },
    {
      "file_path": "/media/NFS/ttao/scannet/posed_images/scene0330_00/00277.jpg",
      "transform_matrix": [
        [
          -0.933066,
          -0.131828,
          0.334677,
          4.633413
        ],
        [
          -0.354193,
          0.498971,
          -0.790933,
          5.402956
        ],
        [
          -0.062727,
          -0.856533,
          -0.512266,
          1.255011
        ],
        [
          0.0,
          0.0,
          0.0,
          1.0
        ]
      ]
    },
    {
      "file_path": "/media/NFS/ttao/scannet/posed_images/scene0330_00/00283.jpg",
      "transform_matrix": [
        [
          -0.978238,
          -0.041687,
          0.203253,
          4.68952
        ],
        [
          -0.194996,
          0.519449,
          -0.831955,
          5.315253
        ],
        [
          -0.070898,
          -0.853484,
          -0.516274,
          1.259053
        ],
        [
          0.0,
          0.0,
          0.0,
          1.0
        ]
      ]
    },
    {
      "file_path": "/media/NFS/ttao/scannet/posed_images/scene0330_00/00290.jpg",
      "transform_matrix": [
        [
          -0.994259,
          0.050758,
          0.094196,
          4.69257
        ],
        [
          -0.057241,
          0.49146,
          -0.869017,
          5.230239
        ],
        [
          -0.090403,
          -0.86942,
          -0.485733,
          1.257165
        ],
        [
          0.0,
          0.0,
          0.0,
          1.0
        ]
      ]
    },
    {
      "file_path": "/media/NFS/ttao/scannet/posed_images/scene0330_00/00293.jpg",
      "transform_matrix": [
        [
          -0.998011,
          0.049881,
          0.038538,
          4.689703
        ],
        [
          -0.00891,
          0.493611,
          -0.869637,
          5.195713
        ],
        [
          -0.062401,
          -0.868251,
          -0.492185,
          1.262713
        ],
        [
          0.0,
          0.0,
          0.0,
          1.0
        ]
      ]
    },
    {
      "file_path": "/media/NFS/ttao/scannet/posed_images/scene0330_00/00300.jpg",
      "transform_matrix": [
        [
          -0.993502,
          0.061549,
          -0.095737,
          4.644467
        ],
        [
          0.113285,
          0.453644,
          -0.883953,
          5.106562
        ],
        [
          -0.010976,
          -0.889055,
          -0.457669,
          1.275855
        ],
        [
          0.0,
          0.0,
          0.0,
          1.0
        ]
      ]
    },
    {
      "file_path": "/media/NFS/ttao/scannet/posed_images/scene0330_00/00304.jpg",
      "transform_matrix": [
        [
          -0.984379,
          0.087156,
          -0.152979,
          4.647096
        ],
        [
          0.175869,
          0.445783,
          -0.877694,
          5.071825
        ],
        [
          -0.008301,
          -0.890888,
          -0.454147,
          1.266028
        ],
        [
          0.0,
          0.0,
          0.0,
          1.0
        ]
      ]
    },
    {
      "file_path": "/media/NFS/ttao/scannet/posed_images/scene0330_00/00308.jpg",
      "transform_matrix": [
        [
          -0.979416,
          0.129244,
          -0.155049,
          4.647087
        ],
        [
          0.196912,
          0.442871,
          -0.874695,
          5.022031
        ],
        [
          -0.044383,
          -0.887221,
          -0.459204,
          1.27493
        ],
        [
          0.0,
          0.0,
          0.0,
          1.0
        ]
      ]
    },
    {
      "file_path": "/media/NFS/ttao/scannet/posed_images/scene0330_00/00311.jpg",
      "transform_matrix": [
        [
          -0.981211,
          0.120672,
          -0.150544,
          4.633284
        ],
        [
          0.188947,
          0.443119,
          -0.876324,
          4.994506
        ],
        [
          -0.039039,
          -0.888304,
          -0.457594,
          1.284875
        ],
        [
          0.0,
          0.0,
          0.0,
          1.0
        ]
      ]
    },
    {
      "file_path": "/media/NFS/ttao/scannet/posed_images/scene0330_00/00318.jpg",
      "transform_matrix": [
        [
          -0.975058,
          0.113368,
          -0.190811,
          4.651124
        ],
        [
          0.221726,
          0.459102,
          -0.860269,
          4.935858
        ],
        [
          -0.009925,
          -0.881121,
          -0.472787,
          1.277398
        ],
        [
          0.0,
          0.0,
          0.0,
          1.0
        ]
      ]
    },
    {
      "file_path": "/media/NFS/ttao/scannet/posed_images/scene0330_00/00326.jpg",
      "transform_matrix": [
        [
          -0.945108,
          0.14392,
          -0.293356,
          4.636405
        ],
        [
          0.326757,
          0.419007,
          -0.84715,
          4.895465
        ],
        [
          0.000996,
          -0.896504,
          -0.443034,
          1.2852
        ],
        [
          0.0,
          0.0,
          0.0,
          1.0
        ]
      ]
    },
    {
      "file_path": "/media/NFS/ttao/scannet/posed_images/scene0330_00/00332.jpg",
      "transform_matrix": [
        [
          -0.898216,
          0.185359,
          -0.398559,
          4.645621
        ],
        [
          0.43944,
          0.358033,
          -0.823836,
          4.876117
        ],
        [
          -0.010008,
          -0.915125,
          -0.403045,
          1.309723
        ],
        [
          0.0,
          0.0,
          0.0,
          1.0
        ]
      ]
    },
    {
      "file_path": "/media/NFS/ttao/scannet/posed_images/scene0330_00/00335.jpg",
      "transform_matrix": [
        [
          -0.853183,
          0.195102,
          -0.48375,
          4.67052
        ],
        [
          0.521526,
          0.335841,
          -0.78436,
          4.856806
        ],
        [
          0.009432,
          -0.921491,
          -0.388285,
          1.31994
        ],
        [
          0.0,
          0.0,
          0.0,
          1.0
        ]
      ]
    },
    {
      "file_path": "/media/NFS/ttao/scannet/posed_images/scene0330_00/00341.jpg",
      "transform_matrix": [
        [
          -0.795724,
          0.208182,
          -0.568757,
          4.680937
        ],
        [
          0.605592,
          0.259446,
          -0.752294,
          4.832778
        ],
        [
          -0.009053,
          -0.943053,
          -0.332521,
          1.333406
        ],
        [
          0.0,
          0.0,
          0.0,
          1.0
        ]
      ]
    },
    {
      "file_path": "/media/NFS/ttao/scannet/posed_images/scene0330_00/00343.jpg",
      "transform_matrix": [
        [
          -0.783361,
          0.201723,
          -0.587923,
          4.686839
        ],
        [
          0.621561,
          0.250086,
          -0.742374,
          4.81824
        ],
        [
          -0.002723,
          -0.946977,
          -0.32129,
          1.332767
        ],
        [
          0.0,
          0.0,
          0.0,
          1.0
        ]
      ]
    },
    {
      "file_path": "/media/NFS/ttao/scannet/posed_images/scene0330_00/00351.jpg",
      "transform_matrix": [
        [
          -0.739478,
          0.172052,
          -0.650823,
          4.656913
        ],
        [
          0.673052,
          0.207882,
          -0.70978,
          4.771114
        ],
        [
          0.013176,
          -0.962904,
          -0.269524,
          1.366673
        ],
        [
          0.0,
          0.0,
          0.0,
          1.0
        ]
      ]
    },
    {
      "file_path": "/media/NFS/ttao/scannet/posed_images/scene0330_00/00355.jpg",
      "transform_matrix": [
        [
          -0.72785,
          0.165913,
          -0.665363,
          4.629254
        ],
        [
          0.685736,
          0.174848,
          -0.706537,
          4.751738
        ],
        [
          -0.000886,
          -0.970516,
          -0.241035,
          1.369972
        ],
        [
          0.0,
          0.0,
          0.0,
          1.0
        ]
      ]
    },
    {
      "file_path": "/media/NFS/ttao/scannet/posed_images/scene0330_00/00358.jpg",
      "transform_matrix": [
        [
          -0.731026,
          0.159254,
          -0.663505,
          4.603015
        ],
        [
          0.682302,
          0.159184,
          -0.713529,
          4.736625
        ],
        [
          -0.008013,
          -0.97432,
          -0.225027,
          1.372491
        ],
        [
          0.0,
          0.0,
          0.0,
          1.0
        ]
      ]
    },
    {
      "file_path": "/media/NFS/ttao/scannet/posed_images/scene0330_00/00366.jpg",
      "transform_matrix": [
        [
          -0.69931,
          0.130578,
          -0.702791,
          4.572865
        ],
        [
          0.712481,
          0.206769,
          -0.670535,
          4.648465
        ],
        [
          0.057758,
          -0.969637,
          -0.23763,
          1.375318
        ],
        [
          0.0,
          0.0,
          0.0,
          1.0
        ]
      ]
    },
    {
      "file_path": "/media/NFS/ttao/scannet/posed_images/scene0330_00/00372.jpg",
      "transform_matrix": [
        [
          -0.682564,
          0.1235,
          -0.720315,
          4.506825
        ],
        [
          0.728986,
          0.184948,
          -0.65907,
          4.614999
        ],
        [
          0.051826,
          -0.974957,
          -0.216269,
          1.37012
        ],
        [
          0.0,
          0.0,
          0.0,
          1.0
        ]
      ]
    },
    {
      "file_path": "/media/NFS/ttao/scannet/posed_images/scene0330_00/00379.jpg",
      "transform_matrix": [
        [
          -0.618185,
          0.148447,
          -0.771888,
          4.467473
        ],
        [
          0.785685,
          0.145902,
          -0.601176,
          4.531557
        ],
        [
          0.023377,
          -0.978098,
          -0.206827,
          1.380063
        ],
        [
          0.0,
          0.0,
          0.0,
          1.0
        ]
      ]
    },
    {
      "file_path": "/media/NFS/ttao/scannet/posed_images/scene0330_00/00380.jpg",
      "transform_matrix": [
        [
          -0.621987,
          0.147116,
          -0.769083,
          4.444034
        ],
        [
          0.782787,
          0.141151,
          -0.60607,
          4.552616
        ],
        [
          0.019394,
          -0.978996,
          -0.202955,
          1.372384
        ],
        [
          0.0,
          0.0,
          0.0,
          1.0
        ]
      ]
    },
    {
      "file_path": "/media/NFS/ttao/scannet/posed_images/scene0330_00/00388.jpg",
      "transform_matrix": [
        [
          -0.550785,
          0.164422,
          -0.818292,
          4.428732
        ],
        [
          0.834167,
          0.075181,
          -0.546364,
          4.448603
        ],
        [
          -0.028315,
          -0.983521,
          -0.178564,
          1.38886
        ],
        [
          0.0,
          0.0,
          0.0,
          1.0
        ]
      ]
    },
    {
      "file_path": "/media/NFS/ttao/scannet/posed_images/scene0330_00/00390.jpg",
      "transform_matrix": [
        [
          -0.532916,
          0.164212,
          -0.830082,
          4.43046
        ],
        [
          0.845728,
          0.071732,
          -0.528771,
          4.418138
        ],
        [
          -0.027287,
          -0.983814,
          -0.177105,
          1.383428
        ],
        [
          0.0,
          0.0,
          0.0,
          1.0
        ]
      ]
    },
    {
      "file_path": "/media/NFS/ttao/scannet/posed_images/scene0330_00/00398.jpg",
      "transform_matrix": [
        [
          -0.476634,
          0.13675,
          -0.8684,
          4.404095
        ],
        [
          0.879097,
          0.077518,
          -0.470298,
          4.330336
        ],
        [
          0.003003,
          -0.987568,
          -0.157164,
          1.406355
        ],
        [
          0.0,
          0.0,
          0.0,
          1.0
        ]
      ]
    },
    {
      "file_path": "/media/NFS/ttao/scannet/posed_images/scene0330_00/00404.jpg",
      "transform_matrix": [
        [
          -0.50801,
          0.079724,
          -0.857654,
          4.357628
        ],
        [
          0.861343,
          0.051241,
          -0.505433,
