{
  "frames": [
    {
      "file_path": "/media/NFS/ttao/scannet/posed_images/scene0229_00/00000.jpg",
      "transform_matrix": [
        [
          0.890719,
          0.159334,
          -0.425713,
          3.628551
        ],
        [
          0.442158,
          -0.520932,
          0.730155,
          1.914079
        ],
        [
          -0.105429,
          -0.838596,
          -0.534455,
          1.386964
        ],
        [
          0.0,
          0.0,
          0.0,
          1.0
        ]
      ]
    },
    {
      "file_path": "/media/NFS/ttao/scannet/posed_images/scene0229_00/00004.jpg",
      "transform_matrix": [
        [
          0.917396,
          0.174697,
          -0.357584,
          3.620215
        ],
        [
          0.3915,
          -0.557588,
          0.732,
          1.919913
        ],
        [
          -0.071507,
          -0.811527,
          -0.579922,
          1.383975
        ],
        [
          0.0,
          0.0,
          0.0,
          1.0
        ]
      ]
    },
    {
      "file_path": "/media/NFS/ttao/scannet/posed_images/scene0229_00/00008.jpg",
      "transform_matrix": [
        [
          0.920048,
          0.177181,
          -0.349455,
          3.620139
        ],
        [
          0.386359,
          -0.558479,
          0.734049,
          1.925507
        ],
        [
          -0.065104,
          -0.810376,
          -0.582283,
          1.38174
        ],
        [
          0.0,
          0.0,
          0.0,
          1.0
        ]
      ]
    },
    {
      "file_path": "/media/NFS/ttao/scannet/posed_images/scene0229_00/00011.jpg",
      "transform_matrix": [
        [
          0.923634,
          0.177362,
          -0.339768,
          3.619279
        ],
        [
          0.378901,
          -0.556077,
          0.739738,
          1.932208
        ],
        [
          -0.057736,
          -0.811986,
          -0.580815,
          1.377693
        ],
        [
          0.0,
          0.0,
          0.0,
          1.0
        ]
      ]
    },
    {
      "file_path": "/media/NFS/ttao/scannet/posed_images/scene0229_00/00012.jpg",
      "transform_matrix": [
        [
          0.924582,
          0.174392,
          -0.338725,
          3.618362
        ],
        [
          0.376193,
          -0.55843,
          0.739348,
          1.939499
        ],
        [
          -0.060218,
          -0.811014,
          -0.581919,
          1.382578
        ],
        [
          0.0,
          0.0,
          0.0,
          1.0
        ]
      ]
    },
    {
      "file_path": "/media/NFS/ttao/scannet/posed_images/scene0229_00/00015.jpg",
      "transform_matrix": [
        [
          0.929771,
          0.161596,
          -0.330775,
          3.626371
        ],
        [
          0.363279,
          -0.548236,
          0.753304,
          1.952937
        ],
        [
          -0.059611,
          -0.820564,
          -0.568438,
          1.385933
        ],
        [
          0.0,
          0.0,
          0.0,
          1.0
        ]
      ]
    },
    {
      "file_path": "/media/NFS/ttao/scannet/posed_images/scene0229_00/00020.jpg",
      "transform_matrix": [
        [
          0.940059,
          0.153852,
          -0.304332,
          3.632524
        ],
        [
          0.338935,
          -0.519865,
          0.784132,
          1.970688
        ],
        [
          -0.037571,
          -0.84028,
          -0.54085,
          1.389419
        ],
        [
          0.0,
          0.0,
          0.0,
          1.0
        ]
      ]
    },
    {
      "file_path": "/media/NFS/ttao/scannet/posed_images/scene0229_00/00023.jpg",
      "transform_matrix": [
        [
          0.942517,
          0.152467,
          -0.297346,
          3.634215
        ],
        [
          0.332763,
          -0.509447,
          0.793557,
          1.98868
        ],
        [
          -0.030491,
          -0.846887,
          -0.530898,
          1.395584
        ],
        [
          0.0,
          0.0,
          0.0,
          1.0
        ]
      ]
    },
    {
      "file_path": "/media/NFS/ttao/scannet/posed_images/scene0229_00/00026.jpg",
      "transform_matrix": [
        [
          0.942614,
          0.143233,
          -0.3016,
          3.627741
        ],
        [
          0.332453,
          -0.486171,
          0.808154,
          2.012243
        ],
        [
          -0.030875,
          -0.862045,
          -0.50589,
          1.401063
        ],
        [
          0.0,
          0.0,
          0.0,
          1.0
        ]
      ]
    },
    {
      "file_path": "/media/NFS/ttao/scannet/posed_images/scene0229_00/00027.jpg",
      "transform_matrix": [
        [
          0.941892,
          0.143124,
          -0.303898,
          3.628336
        ],
        [
          0.334478,
          -0.483155,
          0.809126,
          2.017507
        ],
        [
          -0.031025,
          -0.863757,
          -0.502952,
          1.401446
        ],
        [
          0.0,
          0.0,
          0.0,
          1.0
        ]
      ]
    },
    {
      "file_path": "/media/NFS/ttao/scannet/posed_images/scene0229_00/00031.jpg",
      "transform_matrix": [
        [
          0.944096,
          0.130748,
          -0.302635,
          3.608425
        ],
        [
          0.328202,
          -0.459341,
          0.825403,
          2.062292
        ],
        [
          -0.031093,
          -0.878585,
          -0.476574,
          1.413232
        ],
        [
          0.0,
          0.0,
          0.0,
          1.0
        ]
      ]
    },
    {
      "file_path": "/media/NFS/ttao/scannet/posed_images/scene0229_00/00035.jpg",
      "transform_matrix": [
        [
          0.951545,
          0.123298,
          -0.281708,
          3.573957
        ],
        [
          0.307058,
          -0.430555,
          0.848727,
          2.120268
        ],
        [
          -0.016645,
          -0.894103,
          -0.447552,
          1.424549
        ],
        [
          0.0,
          0.0,
          0.0,
          1.0
        ]
      ]
    },
    {
      "file_path": "/media/NFS/ttao/scannet/posed_images/scene0229_00/00036.jpg",
      "transform_matrix": [
        [
          0.952234,
          0.121018,
          -0.280366,
          3.56858
        ],
        [
          0.304911,
          -0.427102,
          0.851242,
          2.132027
        ],
        [
          -0.016729,
          -0.896068,
          -0.443601,
          1.428517
        ],
        [
          0.0,
          0.0,
          0.0,
          1.0
        ]
      ]
    },
    {
      "file_path": "/media/NFS/ttao/scannet/posed_images/scene0229_00/00039.jpg",
      "transform_matrix": [
        [
          0.950251,
          0.117909,
          -0.288307,
          3.543504
        ],
        [
          0.311101,
          -0.405258,
          0.859641,
          2.166564
        ],
        [
          -0.015479,
          -0.906567,
          -0.421779,
          1.436697
        ],
        [
          0.0,
          0.0,
          0.0,
          1.0
        ]
      ]
    },
    {
      "file_path": "/media/NFS/ttao/scannet/posed_images/scene0229_00/00042.jpg",
      "transform_matrix": [
        [
          0.945277,
          0.109563,
          -0.307324,
          3.51869
        ],
        [
          0.325558,
          -0.378951,
          0.866261,
          2.203945
        ],
        [
          -0.02155,
          -0.918908,
          -0.393883,
          1.453155
        ],
        [
          0.0,
          0.0,
          0.0,
          1.0
        ]
      ]
    },
    {
      "file_path": "/media/NFS/ttao/scannet/posed_images/scene0229_00/00046.jpg",
      "transform_matrix": [
        [
          0.930565,
          0.108492,
          -0.349684,
          3.500533
        ],
        [
          0.365399,
          -0.335428,
          0.868316,
          2.260994
        ],
        [
          -0.023089,
          -0.935798,
          -0.35178,
          1.477012
        ],
        [
          0.0,
          0.0,
          0.0,
          1.0
        ]
      ]
    },
    {
      "file_path": "/media/NFS/ttao/scannet/posed_images/scene0229_00/00050.jpg",
      "transform_matrix": [
        [
          0.929481,
          0.091177,
          -0.357424,
          3.471774
        ],
        [
          0.36862,
          -0.26527,
          0.890927,
          2.26136
        ],
        [
          -0.013582,
          -0.959853,
          -0.280173,
          1.458238
        ],
        [
          0.0,
          0.0,
          0.0,
          1.0
        ]
      ]
    },
    {
      "file_path": "/media/NFS/ttao/scannet/posed_images/scene0229_00/00051.jpg",
      "transform_matrix": [
        [
          0.928934,
          0.091938,
          -0.35865,
          3.472059
        ],
        [
          0.370126,
          -0.255276,
          0.893219,
          2.269758
        ],
        [
          -0.009434,
          -0.962487,
          -0.271164,
          1.473996
        ],
        [
          0.0,
          0.0,
          0.0,
          1.0
        ]
      ]
    },
    {
      "file_path": "/media/NFS/ttao/scannet/posed_images/scene0229_00/00054.jpg",
      "transform_matrix": [
        [
          0.925541,
          0.092048,
          -0.367287,
          3.475963
        ],
        [
          0.37861,
          -0.211507,
          0.901066,
          2.280361
        ],
        [
          0.005258,
          -0.973032,
          -0.230609,
          1.506277
        ],
        [
          0.0,
          0.0,
          0.0,
          1.0
        ]
      ]
    },
    {
      "file_path": "/media/NFS/ttao/scannet/posed_images/scene0229_00/00059.jpg",
      "transform_matrix": [
        [
          0.907914,
          0.07321,
          -0.412712,
          3.52948
        ],
        [
          0.418172,
          -0.090795,
          0.903819,
          2.288964
        ],
        [
          0.028696,
          -0.993175,
          -0.113049,
          1.553063
        ],
        [
          0.0,
          0.0,
          0.0,
          1.0
        ]
      ]
    },
    {
      "file_path": "/media/NFS/ttao/scannet/posed_images/scene0229_00/00062.jpg",
      "transform_matrix": [
        [
          0.896622,
          0.089663,
          -0.433623,
          3.547951
        ],
        [
          0.438622,
          -0.045691,
          0.89751,
          2.257131
        ],
        [
          0.060661,
          -0.994923,
          -0.080296,
          1.555961
        ],
        [
          0.0,
          0.0,
          0.0,
          1.0
        ]
      ]
    },
    {
      "file_path": "/media/NFS/ttao/scannet/posed_images/scene0229_00/00063.jpg",
      "transform_matrix": [
        [
          0.888312,
          0.09574,
          -0.44915,
          3.569438
        ],
        [
          0.454215,
          -0.038877,
          0.890043,
          2.260977
        ],
        [
          0.067751,
          -0.994647,
          -0.078022,
          1.564654
        ],
        [
          0.0,
          0.0,
          0.0,
          1.0
        ]
      ]
    },
    {
      "file_path": "/media/NFS/ttao/scannet/posed_images/scene0229_00/00068.jpg",
      "transform_matrix": [
        [
          0.844161,
          0.135218,
          -0.518757,
          3.658281
        ],
        [
          0.521767,
          0.014955,
          0.852957,
          2.246051
        ],
        [
          0.123093,
          -0.990703,
          -0.057928,
          1.634569
        ],
        [
          0.0,
          0.0,
          0.0,
          1.0
        ]
      ]
    },
    {
      "file_path": "/media/NFS/ttao/scannet/posed_images/scene0229_00/00069.jpg",
      "transform_matrix": [
        [
          0.843619,
          0.143447,
          -0.517426,
          3.666677
        ],
        [
          0.520082,
          0.021288,
          0.853851,
          2.239771
        ],
        [
          0.133497,
          -0.989429,
          -0.056645,
          1.637885
        ],
        [
          0.0,
          0.0,
          0.0,
          1.0
        ]
      ]
    },
    {
      "file_path": "/media/NFS/ttao/scannet/posed_images/scene0229_00/00072.jpg",
      "transform_matrix": [
        [
          0.850402,
          0.167384,
          -0.498798,
          3.713433
        ],
        [
          0.501214,
          0.03058,
          0.864783,
          2.203817
        ],
        [
          0.160004,
          -0.985417,
          -0.05789,
          1.614304
        ],
        [
          0.0,
          0.0,
          0.0,
          1.0
        ]
      ]
    },
    {
      "file_path": "/media/NFS/ttao/scannet/posed_images/scene0229_00/00075.jpg",
      "transform_matrix": [
        [
          0.883505,
          0.223446,
          -0.411693,
          3.69716
        ],
        [
          0.420808,
          0.007465,
          0.907119,
          2.139751
        ],
        [
          0.205766,
          -0.974688,
          -0.087432,
          1.601017
        ],
        [
          0.0,
          0.0,
          0.0,
          1.0
        ]
      ]
    },
    {
      "file_path": "/media/NFS/ttao/scannet/posed_images/scene0229_00/00078.jpg",
      "transform_matrix": [
        [
          0.862701,
          0.214798,
          -0.457831,
          3.731541
        ],
        [
          0.461611,
          0.035292,
          0.88638,
          2.118733
        ],
        [
          0.20655,
          -0.976021,
          -0.068707,
          1.628364
        ],
        [
          0.0,
          0.0,
          0.0,
          1.0
        ]
      ]
    },
    {
      "file_path": "/media/NFS/ttao/scannet/posed_images/scene0229_00/00081.jpg",
      "transform_matrix": [
        [
          0.812723,
          0.178103,
          -0.554762,
          3.788941
        ],
        [
          0.539,
          0.131765,
          0.831935,
          2.109769
        ],
        [
          0.221268,
          -0.97515,
          0.011091,
          1.629632
        ],
        [
          0.0,
          0.0,
          0.0,
          1.0
        ]
      ]
    },
    {
      "file_path": "/media/NFS/ttao/scannet/posed_images/scene0229_00/00086.jpg",
      "transform_matrix": [
        [
          0.730615,
          0.165889,
          -0.662331,
          3.849846
        ],
        [
          0.634216,
          0.19445,
          0.748304,
          2.082663
        ],
        [
          0.252925,
          -0.966783,
          0.036859,
          1.703482
        ],
        [
          0.0,
          0.0,
          0.0,
          1.0
        ]
      ]
    },
    {
      "file_path": "/media/NFS/ttao/scannet/posed_images/scene0229_00/00090.jpg",
      "transform_matrix": [
        [
          0.680249,
          0.168716,
          -0.7133,
          3.913856
        ],
        [
          0.682373,
          0.209562,
          0.700322,
          2.067126
        ],
        [
          0.267636,
          -0.96313,
          0.027427,
          1.695222
        ],
        [
          0.0,
          0.0,
          0.0,
          1.0
        ]
      ]
    },
    {
      "file_path": "/media/NFS/ttao/scannet/posed_images/scene0229_00/00091.jpg",
      "transform_matrix": [
        [
          0.672654,
          0.16382,
          -0.721595,
          3.921167
        ],
        [
          0.690418,
          0.211867,
          0.691691,
          2.060506
        ],
        [
          0.266194,
          -0.963471,
          0.029409,
          1.688184
        ],
        [
          0.0,
          0.0,
          0.0,
          1.0
        ]
      ]
    },
    {
      "file_path": "/media/NFS/ttao/scannet/posed_images/scene0229_00/00096.jpg",
      "transform_matrix": [
        [
          0.635308,
          0.157064,
          -0.756118,
          3.971699
        ],
        [
          0.720451,
          0.232031,
          0.653538,
          2.025413
        ],
        [
          0.27809,
          -0.959944,
          0.034254,
          1.692838
        ],
        [
          0.0,
          0.0,
          0.0,
          1.0
        ]
      ]
    },
    {
      "file_path": "/media/NFS/ttao/scannet/posed_images/scene0229_00/00097.jpg",
      "transform_matrix": [
        [
          0.640255,
          0.156548,
          -0.752041,
          3.970006
        ],
        [
          0.715577,
          0.234447,
          0.658015,
          2.008025
        ],
        [
          0.279324,
          -0.959441,
          0.038083,
          1.693869
        ],
        [
          0.0,
          0.0,
          0.0,
          1.0
        ]
      ]
    },
    {
      "file_path": "/media/NFS/ttao/scannet/posed_images/scene0229_00/00100.jpg",
      "transform_matrix": [
        [
          0.671031,
          0.154908,
          -0.725066,
          3.987385
        ],
        [
          0.688694,
          0.231995,
          0.686935,
          1.96481
        ],
        [
          0.274624,
          -0.960303,
          0.048992,
          1.712711
        ],
        [
          0.0,
          0.0,
          0.0,
          1.0
        ]
      ]
    },
    {
      "file_path": "/media/NFS/ttao/scannet/posed_images/scene0229_00/00105.jpg",
      "transform_matrix": [
        [
          0.754675,
          0.208617,
          -0.622049,
          3.966096
        ],
        [
          0.596887,
          0.175302,
          0.78294,
          1.881058
        ],
        [
          0.272381,
          -0.962158,
          0.007775,
          1.723902
        ],
        [
          0.0,
          0.0,
          0.0,
          1.0
        ]
      ]
    },
    {
      "file_path": "/media/NFS/ttao/scannet/posed_images/scene0229_00/00107.jpg",
      "transform_matrix": [
        [
          0.77507,
          0.223594,
          -0.590992,
          3.971525
        ],
        [
          0.569573,
          0.157748,
          0.806661,
          1.863135
        ],
        [
          0.273593,
          -0.961832,
          -0.005088,
          1.706843
        ],
        [
          0.0,
          0.0,
          0.0,
          1.0
        ]
      ]
    },
    {
      "file_path": "/media/NFS/ttao/scannet/posed_images/scene0229_00/00111.jpg",
      "transform_matrix": [
        [
          0.80178,
          0.235548,
          -0.549241,
          3.962399
        ],
        [
          0.545326,
          0.087599,
          0.833634,
          1.825509
        ],
        [
          0.244474,
          -0.967907,
          -0.058216,
          1.662875
        ],
        [
          0.0,
          0.0,
          0.0,
          1.0
        ]
      ]
    },
    {
      "file_path": "/media/NFS/ttao/scannet/posed_images/scene0229_00/00112.jpg",
      "transform_matrix": [
        [
          0.798594,
          0.236367,
          -0.553515,
          3.982419
        ],
        [
          0.5543,
          0.06951,
          0.82941,
          1.839586
        ],
        [
          0.23452,
          -0.969174,
          -0.075508,
          1.658466
        ],
        [
          0.0,
          0.0,
          0.0,
          1.0
        ]
      ]
    },
    {
      "file_path": "/media/NFS/ttao/scannet/posed_images/scene0229_00/00117.jpg",
      "transform_matrix": [
        [
          0.764404,
          0.240623,
          -0.598153,
          4.113483
        ],
        [
          0.621767,
          -0.02969,
          0.782639,
          1.874402
        ],
        [
          0.170562,
          -0.970164,
          -0.172306,
          1.632227
        ],
        [
          0.0,
          0.0,
          0.0,
          1.0
        ]
      ]
    },
    {
      "file_path": "/media/NFS/ttao/scannet/posed_images/scene0229_00/00118.jpg",
      "transform_matrix": [
        [
          0.75915,
          0.251464,
          -0.600381,
          4.131696
        ],
        [
          0.628188,
          -0.041431,
          0.776958,
          1.878928
        ],
        [
          0.170502,
          -0.966979,
          -0.189419,
          1.623158
        ],
        [
          0.0,
          0.0,
          0.0,
          1.0
        ]
      ]
    },
    {
      "file_path": "/media/NFS/ttao/scannet/posed_images/scene0229_00/00123.jpg",
      "transform_matrix": [
        [
          0.757108,
          0.298636,
          -0.581037,
          4.152691
        ],
        [
          0.633602,
          -0.118963,
          0.764458,
          1.836922
        ],
        [
          0.159172,
          -0.946924,
          -0.279285,
          1.570282
        ],
        [
          0.0,
          0.0,
          0.0,
          1.0
        ]
      ]
    },
    {
      "file_path": "/media/NFS/ttao/scannet/posed_images/scene0229_00/00124.jpg",
      "transform_matrix": [
        [
          0.755891,
          0.298538,
          -0.582669,
          4.164287
        ],
        [
          0.636632,
          -0.127545,
          0.760547,
          1.8385
        ],
        [
          0.152735,
          -0.945837,
          -0.286469,
          1.56299
        ],
        [
          0.0,
          0.0,
          0.0,
          1.0
        ]
      ]
    },
    {
      "file_path": "/media/NFS/ttao/scannet/posed_images/scene0229_00/00128.jpg",
      "transform_matrix": [
        [
          0.7644,
          0.295981,
          -0.572789,
          4.222239
        ],
        [
          0.633462,
          -0.179321,
          0.752708,
          1.827518
        ],
        [
          0.120074,
          -0.938211,
          -0.324566,
          1.539338
        ],
        [
          0.0,
          0.0,
          0.0,
          1.0
        ]
      ]
    },
    {
      "file_path": "/media/NFS/ttao/scannet/posed_images/scene0229_00/00132.jpg",
      "transform_matrix": [
        [
          0.814151,
          0.285703,
          -0.505502,
          4.255753
        ],
        [
          0.571034,
          -0.236151,
          0.786227,
          1.813244
        ],
        [
          0.105253,
          -0.928766,
          -0.355408,
          1.50676
        ],
        [
          0.0,
          0.0,
          0.0,
          1.0
        ]
      ]
    },
    {
      "file_path": "/media/NFS/ttao/scannet/posed_images/scene0229_00/00133.jpg",
      "transform_matrix": [
        [
          0.824876,
          0.280317,
          -0.49092,
          4.26301
        ],
        [
          0.556072,
          -0.245956,
          0.793908,
          1.813319
        ],
        [
          0.101802,
          -0.927862,
          -0.358759,
          1.506073
        ],
        [
          0.0,
          0.0,
          0.0,
          1.0
        ]
      ]
    },
    {
      "file_path": "/media/NFS/ttao/scannet/posed_images/scene0229_00/00137.jpg",
      "transform_matrix": [
        [
          0.888792,
          0.256429,
          -0.379859,
          4.26826
        ],
        [
          0.446416,
          -0.296777,
          0.844178,
          1.801894
        ],
        [
          0.103738,
          -0.919874,
          -0.378247,
          1.489685
        ],
        [
          0.0,
          0.0,
          0.0,
          1.0
        ]
      ]
    },
    {
      "file_path": "/media/NFS/ttao/scannet/posed_images/scene0229_00/00141.jpg",
      "transform_matrix": [
        [
          0.920766,
          0.25114,
          -0.298528,
          4.303207
        ],
        [
          0.37334,
          -0.345275,
          0.861047,
          1.794058
        ],
        [
          0.113169,
          -0.904276,
          -0.411678,
          1.441007
        ],
        [
          0.0,
          0.0,
          0.0,
          1.0
        ]
      ]
    },
    {
      "file_path": "/media/NFS/ttao/scannet/posed_images/scene0229_00/00143.jpg",
      "transform_matrix": [
        [
          0.931419,
          0.240907,
          -0.272806,
          4.305078
        ],
        [
          0.34892,
          -0.377887,
          0.857588,
          1.802294
        ],
        [
          0.103509,
          -0.893961,
          -0.436028,
          1.438322
        ],
        [
          0.0,
          0.0,
          0.0,
          1.0
        ]
      ]
    },
    {
      "file_path": "/media/NFS/ttao/scannet/posed_images/scene0229_00/00146.jpg",
      "transform_matrix": [
        [
          0.949601,
          0.218603,
          -0.224656,
          4.310962
        ],
        [
          0.301041,
          -0.43626,
          0.847969,
          1.805317
        ],
        [
          0.08736,
          -0.872863,
          -0.480082,
          1.415836
        ],
        [
          0.0,
          0.0,
          0.0,
          1.0
        ]
      ]
    },
    {
      "file_path": "/media/NFS/ttao/scannet/posed_images/scene0229_00/00148.jpg",
      "transform_matrix": [
        [
          0.955363,
          0.207419,
          -0.21038,
          4.316739
        ],
        [
          0.285623,
          -0.466458,
          0.83716,
          1.813993
        ],
        [
          0.075509,
          -0.85988,
          -0.50488,
          1.408952
        ],
        [
          0.0,
          0.0,
          0.0,
          1.0
        ]
      ]
    },
    {
      "file_path": "/media/NFS/ttao/scannet/posed_images/scene0229_00/00151.jpg",
      "transform_matrix": [
        [
          0.958211,
          0.201415,
          -0.203136,
          4.370713
        ],
        [
          0.279648,
          -0.509992,
          0.813453,
          1.834597
        ],
        [
          0.060244,
          -0.836266,
          -0.545005,
          1.384147
        ],
        [
          0.0,
          0.0,
          0.0,
          1.0
        ]
      ]
    },
    {
      "file_path": "/media/NFS/ttao/scannet/posed_images/scene0229_00/00154.jpg",
      "transform_matrix": [
        [
          0.958992,
          0.207828,
          -0.192722,
          4.373082
        ],
        [
          0.277156,
          -0.545295,
          0.7911,
          1.842224
        ],
        [
          0.059322,
          -0.812072,
          -0.580534,
          1.368672
        ],
        [
          0.0,
          0.0,
          0.0,
          1.0
        ]
      ]
    },
    {
      "file_path": "/media/NFS/ttao/scannet/posed_images/scene0229_00/00157.jpg",
      "transform_matrix": [
        [
          0.950854,
          0.221438,
          -0.216427,
          4.38784
        ],
        [
          0.30699,
          -0.582983,
          0.752255,
          1.847086
        ],
        [
          0.040405,
          -0.781726,
          -0.622312,
          1.339095
        ],
        [
          0.0,
          0.0,
          0.0,
          1.0
        ]
      ]
    },
    {
      "file_path": "/media/NFS/ttao/scannet/posed_images/scene0229_00/00160.jpg",
      "transform_matrix": [
        [
          0.936023,
          0.24461,
          -0.253036,
          4.391519
        ],
        [
          0.351596,
          -0.6182,
          0.703,
          1.861494
        ],
        [
          0.015534,
          -0.74699,
          -0.664654,
          1.320524
        ],
        [
          0.0,
          0.0,
          0.0,
          1.0
        ]
      ]
    },
    {
      "file_path": "/media/NFS/ttao/scannet/posed_images/scene0229_00/00165.jpg",
      "transform_matrix": [
        [
          0.902719,
          0.309324,
          -0.299028,
          4.388719
        ],
        [
          0.430231,
          -0.649853,
          0.626572,
          1.875947
        ],
        [
          -0.000511,
          -0.694269,
          -0.719716,
          1.282373
        ],
        [
          0.0,
          0.0,
          0.0,
          1.0
        ]
      ]
    },
    {
      "file_path": "/media/NFS/ttao/scannet/posed_images/scene0229_00/00167.jpg",
      "transform_matrix": [
        [
          0.888724,
          0.3314,
          -0.316771,
          4.384185
        ],
        [
          0.458397,
          -0.652178,
          0.603768,
          1.887444
        ],
        [
          -0.006503,
          -0.68179,
          -0.731519,
          1.276356
        ],
        [
          0.0,
          0.0,
          0.0,
          1.0
        ]
      ]
    },
    {
      "file_path": "/media/NFS/ttao/scannet/posed_images/scene0229_00/00171.jpg",
      "transform_matrix": [
        [
          0.854743,
          0.379811,
          -0.353775,
          4.387213
        ],
        [
          0.518666,
          -0.651215,
          0.55399,
          1.916694
        ],
        [
          -0.019972,
          -0.65701,
          -0.753617,
          1.250586
        ],
        [
          0.0,
          0.0,
          0.0,
          1.0
        ]
      ]
    },
    {
      "file_path": "/media/NFS/ttao/scannet/posed_images/scene0229_00/00172.jpg",
      "transform_matrix": [
        [
          0.850904,
          0.386255,
          -0.356047,
          4.38211
        ],
        [
          0.524888,
          -0.652637,
          0.546404,
          1.925005
        ],
        [
          -0.021318,
          -0.651822,
          -0.758072,
          1.249492
        ],
        [
          0.0,
          0.0,
          0.0,
          1.0
        ]
      ]
    },
    {
      "file_path": "/media/NFS/ttao/scannet/posed_images/scene0229_00/00175.jpg",
      "transform_matrix": [
        [
          0.830593,
          0.393361,
          -0.394185,
          4.365304
        ],
        [
          0.556006,
          -0.625401,
          0.547476,
          1.948796
        ],
        [
          -0.031168,
          -0.6739,
          -0.738165,
          1.239995
        ],
        [
          0.0,
          0.0,
          0.0,
          1.0
        ]
      ]
    },
    {
      "file_path": "/media/NFS/ttao/scannet/posed_images/scene0229_00/00179.jpg",
      "transform_matrix": [
        [
          0.800188,
          0.411206,
          -0.436588,
          4.347381
        ],
        [
          0.598205,
          -0.599438,
          0.531813,
          1.961818
        ],
        [
          -0.043023,
          -0.686719,
          -0.725648,
          1.221601
        ],
        [
          0.0,
          0.0,
          0.0,
          1.0
        ]
      ]
    },
    {
      "file_path": "/media/NFS/ttao/scannet/posed_images/scene0229_00/00182.jpg",
      "transform_matrix": [
        [
          0.750682,
          0.458896,
          -0.47528,
          4.341463
        ],
        [
          0.657121,
          -0.593026,
          0.465309,
          1.998917
        ],
        [
          -0.068325,
          -0.661615,
          -0.746724,
          1.206492
        ],
        [
          0.0,
          0.0,
          0.0,
          1.0
        ]
      ]
    },
    {
      "file_path": "/media/NFS/ttao/scannet/posed_images/scene0229_00/00186.jpg",
      "transform_matrix": [
        [
          0.673066,
          0.545951,
          -0.498919,
          4.310617
        ],
        [
          0.736802,
          -0.553425,
          0.388386,
          2.011436
        ],
        [
          -0.064075,
          -0.629014,
          -0.774749,
          1.195738
        ],
        [
          0.0,
          0.0,
          0.0,
          1.0
        ]
      ]
    },
    {
      "file_path": "/media/NFS/ttao/scannet/posed_images/scene0229_00/00190.jpg",
      "transform_matrix": [
        [
          0.561835,
          0.601461,
          -0.567967,
          4.286579
        ],
        [
          0.82221,
          -0.481666,
          0.303263,
          2.037785
        ],
        [
          -0.091169,
          -0.637372,
          -0.765144,
          1.208448
        ],
        [
          0.0,
          0.0,
          0.0,
          1.0
        ]
      ]
    },
    {
      "file_path": "/media/NFS/ttao/scannet/posed_images/scene0229_00/00193.jpg",
      "transform_matrix": [
        [
          0.500951,
          0.611166,
          -0.612799,
          4.286698
        ],
        [
          0.857632,
          -0.445657,
          0.256628,
          2.051316
        ],
        [
          -0.116257,
          -0.654114,
          -0.747408,
          1.209826
        ],
        [
          0.0,
          0.0,
          0.0,
          1.0
        ]
      ]
    },
    {
      "file_path": "/media/NFS/ttao/scannet/posed_images/scene0229_00/00196.jpg",
      "transform_matrix": [
        [
          0.418078,
          0.61996,
          -0.663973,
          4.291573
        ],
        [
          0.895979,
          -0.401929,
          0.188877,
          2.065708
        ],
        [
          -0.149774,
          -0.673872,
          -0.723509,
          1.216039
        ],
        [
          0.0,
          0.0,
          0.0,
          1.0
        ]
      ]
    },
    {
      "file_path": "/media/NFS/ttao/scannet/posed_images/scene0229_00/00197.jpg",
      "transform_matrix": [
        [
          0.398749,
          0.62574,
          -0.670409,
          4.29255
        ],
        [
          0.904258,
          -0.390008,
          0.173817,
          2.065258
        ],
        [
          -0.1527,
          -0.675532,
          -0.721345,
          1.21746
        ],
        [
          0.0,
          0.0,
          0.0,
          1.0
        ]
      ]
    },
    {
      "file_path": "/media/NFS/ttao/scannet/posed_images/scene0229_00/00200.jpg",
      "transform_matrix": [
        [
          0.298483,
          0.647025,
          -0.701617,
          4.307584
        ],
        [
          0.9405,
          -0.324474,
          0.100882,
          2.078056
        ],
        [
          -0.162383,
          -0.689982,
          -0.705377,
          1.228416
        ],
        [
          0.0,
          0.0,
          0.0,
          1.0
        ]
      ]
    },
    {
      "file_path": "/media/NFS/ttao/scannet/posed_images/scene0229_00/00205.jpg",
      "transform_matrix": [
        [
          0.154692,
          0.650597,
          -0.743501,
          4.347584
        ],
        [
          0.977754,
          -0.20872,
          0.020791,
          2.094289
        ],
        [
          -0.141657,
          -0.730178,
          -0.668412,
          1.25554
        ],
        [
          0.0,
          0.0,
          0.0,
          1.0
        ]
      ]
    },
    {
      "file_path": "/media/NFS/ttao/scannet/posed_images/scene0229_00/00206.jpg",
      "transform_matrix": [
        [
          0.13145,
          0.649371,
          -0.749025,
          4.355118
        ],
        [
          0.982208,
          -0.18754,
          0.009784,
          2.097603
        ],
        [
          -0.134118,
          -0.736985,
          -0.66247,
          1.260259
        ],
        [
          0.0,
          0.0,
          0.0,
          1.0
        ]
      ]
    },
    {
      "file_path": "/media/NFS/ttao/scannet/posed_images/scene0229_00/00210.jpg",
      "transform_matrix": [
        [
          0.026018,
          0.624059,
          -0.780944,
          4.396196
        ],
        [
          0.994779,
          -0.09328,
          -0.041398,
          2.10101
        ],
        [
          -0.098682,
          -0.77579,
          -0.623227,
          1.28458
        ],
        [
          0.0,
          0.0,
          0.0,
          1.0
        ]
      ]
    },
    {
      "file_path": "/media/NFS/ttao/scannet/posed_images/scene0229_00/00212.jpg",
      "transform_matrix": [
        [
          -0.019105,
          0.607157,
          -0.794352,
          4.409823
        ],
        [
          0.996011,
          -0.0577,
          -0.068058,
          2.103838
        ],
        [
          -0.087156,
          -0.792484,
          -0.603633,
          1.292767
        ],
        [
          0.0,
          0.0,
          0.0,
          1.0
        ]
      ]
    },
    {
      "file_path": "/media/NFS/ttao/scannet/posed_images/scene0229_00/00216.jpg",
      "transform_matrix": [
        [
          -0.132889,
          0.545576,
          -0.827458,
          4.417052
        ],
        [
          0.988926,
          0.017335,
          -0.147391,
          2.125888
        ],
        [
          -0.066069,
          -0.837882,
          -0.541838,
          1.329632
        ],
        [
          0.0,
          0.0,
          0.0,
          1.0
        ]
      ]
    },
    {
      "file_path": "/media/NFS/ttao/scannet/posed_images/scene0229_00/00218.jpg",
      "transform_matrix": [
        [
          -0.163887,
          0.519655,
          -0.83851,
          4.415283
        ],
        [
          0.98459,
          0.033589,
          -0.171622,
          2.132527
        ],
        [
          -0.06102,
          -0.853715,
          -0.517152,
          1.341947
        ],
        [
          0.0,
          0.0,
          0.0,
          1.0
        ]
      ]
    },
    {
      "file_path": "/media/NFS/ttao/scannet/posed_images/scene0229_00/00222.jpg",
      "transform_matrix": [
        [
          -0.210072,
          0.452139,
          -0.866856,
          4.401675
        ],
        [
          0.976897,
          0.061459,
          -0.204683,
          2.1536
        ],
        [
          -0.039269,
          -0.889828,
          -0.454604,
          1.397587
        ],
        [
          0.0,
          0.0,
          0.0,
          1.0
        ]
      ]
    },
    {
      "file_path": "/media/NFS/ttao/scannet/posed_images/scene0229_00/00224.jpg",
      "transform_matrix": [
        [
          -0.208886,
          0.418219,
          -0.884001,
          4.402903
        ],
        [
          0.977451,
          0.060713,
          -0.202245,
          2.156164
        ],
        [
          -0.030912,
          -0.906315,
          -0.421471,
          1.40652
        ],
        [
          0.0,
          0.0,
          0.0,
          1.0
        ]
      ]
    },
    {
      "file_path": "/media/NFS/ttao/scannet/posed_images/scene0229_00/00229.jpg",
      "transform_matrix": [
        [
          -0.246157,
          0.286659,
          -0.925869,
          4.408856
        ],
        [
          0.969162,
          0.0615,
          -0.238626,
          2.161566
        ],
        [
          -0.011463,
          -0.956057,
          -0.292957,
          1.465884
        ],
        [
          0.0,
          0.0,
          0.0,
          1.0
        ]
      ]
    },
    {
      "file_path": "/media/NFS/ttao/scannet/posed_images/scene0229_00/00232.jpg",
      "transform_matrix": [
        [
          -0.271312,
          0.207859,
          -0.939779,
          4.429266
        ],
        [
          0.962489,
          0.056462,
          -0.26538,
          2.180382
        ],
        [
          -0.002099,
          -0.976528,
          -0.215381,
          1.45586
        ],
        [
          0.0,
          0.0,
          0.0,
          1.0
        ]
      ]
    },
    {
      "file_path": "/media/NFS/ttao/scannet/posed_images/scene0229_00/00235.jpg",
      "transform_matrix": [
        [
          -0.260339,
          0.153827,
          -0.953185,
          4.439948
        ],
        [
          0.965181,
          0.067514,
          -0.25272,
          2.178448
        ],
        [
          0.025479,
          -0.985789,
          -0.166048,
          1.487688
        ],
        [
          0.0,
          0.0,
          0.0,
          1.0
        ]
