{
  "frames": [
    {
      "file_path": "/media/NFS/ttao/scannet/posed_images/scene0489_01/00003.jpg",
      "transform_matrix": [
        [
          0.77563,
          -0.265184,
          0.572779,
          3.913504
        ],
        [
          -0.629605,
          -0.260809,
          0.731831,
          3.629122
        ],
        [
          -0.044684,
          -0.928254,
          -0.369252,
          1.422679
        ],
        [
          0.0,
          0.0,
          0.0,
          1.0
        ]
      ]
    },
    {
      "file_path": "/media/NFS/ttao/scannet/posed_images/scene0489_01/00004.jpg",
      "transform_matrix": [
        [
          0.778448,
          -0.262621,
          0.57013,
          3.918511
        ],
        [
          -0.626187,
          -0.261685,
          0.734446,
          3.629182
        ],
        [
          -0.043687,
          -0.928737,
          -0.368158,
          1.421423
        ],
        [
          0.0,
          0.0,
          0.0,
          1.0
        ]
      ]
    },
    {
      "file_path": "/media/NFS/ttao/scannet/posed_images/scene0489_01/00011.jpg",
      "transform_matrix": [
        [
          0.810232,
          -0.21408,
          0.545614,
          3.952029
        ],
        [
          -0.585625,
          -0.257832,
          0.768483,
          3.63
        ],
        [
          -0.02384,
          -0.942174,
          -0.334274,
          1.42254
        ],
        [
          0.0,
          0.0,
          0.0,
          1.0
        ]
      ]
    },
    {
      "file_path": "/media/NFS/ttao/scannet/posed_images/scene0489_01/00014.jpg",
      "transform_matrix": [
        [
          0.812915,
          -0.211573,
          0.542593,
          3.966659
        ],
        [
          -0.58185,
          -0.255191,
          0.772223,
          3.629131
        ],
        [
          -0.024917,
          -0.943459,
          -0.330552,
          1.415357
        ],
        [
          0.0,
          0.0,
          0.0,
          1.0
        ]
      ]
    },
    {
      "file_path": "/media/NFS/ttao/scannet/posed_images/scene0489_01/00018.jpg",
      "transform_matrix": [
        [
          0.811469,
          -0.235653,
          0.534776,
          3.990193
        ],
        [
          -0.583077,
          -0.26505,
          0.767965,
          3.624196
        ],
        [
          -0.039231,
          -0.934995,
          -0.352484,
          1.39792
        ],
        [
          0.0,
          0.0,
          0.0,
          1.0
        ]
      ]
    },
    {
      "file_path": "/media/NFS/ttao/scannet/posed_images/scene0489_01/00022.jpg",
      "transform_matrix": [
        [
          0.802498,
          -0.271045,
          0.531537,
          4.01515
        ],
        [
          -0.593118,
          -0.265533,
          0.760068,
          3.614097
        ],
        [
          -0.064872,
          -0.925217,
          -0.373851,
          1.378891
        ],
        [
          0.0,
          0.0,
          0.0,
          1.0
        ]
      ]
    },
    {
      "file_path": "/media/NFS/ttao/scannet/posed_images/scene0489_01/00026.jpg",
      "transform_matrix": [
        [
          0.780547,
          -0.312923,
          0.541133,
          4.033804
        ],
        [
          -0.618738,
          -0.263612,
          0.740048,
          3.603045
        ],
        [
          -0.088929,
          -0.912463,
          -0.399379,
          1.359657
        ],
        [
          0.0,
          0.0,
          0.0,
          1.0
        ]
      ]
    },
    {
      "file_path": "/media/NFS/ttao/scannet/posed_images/scene0489_01/00034.jpg",
      "transform_matrix": [
        [
          0.718887,
          -0.376455,
          0.584366,
          4.058124
        ],
        [
          -0.688029,
          -0.265513,
          0.675366,
          3.579462
        ],
        [
          -0.099088,
          -0.887572,
          -0.449886,
          1.333264
        ],
        [
          0.0,
          0.0,
          0.0,
          1.0
        ]
      ]
    },
    {
      "file_path": "/media/NFS/ttao/scannet/posed_images/scene0489_01/00038.jpg",
      "transform_matrix": [
        [
          0.684933,
          -0.391362,
          0.614575,
          4.055026
        ],
        [
          -0.723011,
          -0.260753,
          0.639736,
          3.577006
        ],
        [
          -0.090116,
          -0.882521,
          -0.461558,
          1.333062
        ],
        [
          0.0,
          0.0,
          0.0,
          1.0
        ]
      ]
    },
    {
      "file_path": "/media/NFS/ttao/scannet/posed_images/scene0489_01/00043.jpg",
      "transform_matrix": [
        [
          0.676121,
          -0.398095,
          0.619984,
          4.049473
        ],
        [
          -0.732729,
          -0.275075,
          0.622448,
          3.57088
        ],
        [
          -0.077251,
          -0.875131,
          -0.47768,
          1.335602
        ],
        [
          0.0,
          0.0,
          0.0,
          1.0
        ]
      ]
    },
    {
      "file_path": "/media/NFS/ttao/scannet/posed_images/scene0489_01/00046.jpg",
      "transform_matrix": [
        [
          0.671139,
          -0.400437,
          0.623878,
          4.040366
        ],
        [
          -0.73791,
          -0.280081,
          0.614039,
          3.575999
        ],
        [
          -0.071148,
          -0.87247,
          -0.48346,
          1.341839
        ],
        [
          0.0,
          0.0,
          0.0,
          1.0
        ]
      ]
    },
    {
      "file_path": "/media/NFS/ttao/scannet/posed_images/scene0489_01/00051.jpg",
      "transform_matrix": [
        [
          0.661239,
          -0.379578,
          0.647058,
          4.028201
        ],
        [
          -0.748783,
          -0.28143,
          0.600101,
          3.583538
        ],
        [
          -0.045684,
          -0.881316,
          -0.470314,
          1.348724
        ],
        [
          0.0,
          0.0,
          0.0,
          1.0
        ]
      ]
    },
    {
      "file_path": "/media/NFS/ttao/scannet/posed_images/scene0489_01/00053.jpg",
      "transform_matrix": [
        [
          0.651063,
          -0.379202,
          0.657513,
          4.024255
        ],
        [
          -0.758178,
          -0.284038,
          0.586931,
          3.594685
        ],
        [
          -0.035807,
          -0.880641,
          -0.472429,
          1.347481
        ],
        [
          0.0,
          0.0,
          0.0,
          1.0
        ]
      ]
    },
    {
      "file_path": "/media/NFS/ttao/scannet/posed_images/scene0489_01/00059.jpg",
      "transform_matrix": [
        [
          0.62028,
          -0.374426,
          0.689244,
          4.018069
        ],
        [
          -0.78438,
          -0.295781,
          0.545217,
          3.643407
        ],
        [
          -0.000279,
          -0.878817,
          -0.477159,
          1.338914
        ],
        [
          0.0,
          0.0,
          0.0,
          1.0
        ]
      ]
    },
    {
      "file_path": "/media/NFS/ttao/scannet/posed_images/scene0489_01/00065.jpg",
      "transform_matrix": [
        [
          0.547197,
          -0.385721,
          0.742829,
          4.0266
        ],
        [
          -0.835911,
          -0.297166,
          0.461459,
          3.720298
        ],
        [
          0.042749,
          -0.873448,
          -0.485037,
          1.327717
        ],
        [
          0.0,
          0.0,
          0.0,
          1.0
        ]
      ]
    },
    {
      "file_path": "/media/NFS/ttao/scannet/posed_images/scene0489_01/00069.jpg",
      "transform_matrix": [
        [
          0.513148,
          -0.424954,
          0.745716,
          4.043427
        ],
        [
          -0.857832,
          -0.282619,
          0.429245,
          3.7711
        ],
        [
          0.028345,
          -0.859965,
          -0.509565,
          1.327105
        ],
        [
          0.0,
          0.0,
          0.0,
          1.0
        ]
      ]
    },
    {
      "file_path": "/media/NFS/ttao/scannet/posed_images/scene0489_01/00072.jpg",
      "transform_matrix": [
        [
          0.490832,
          -0.441032,
          0.751382,
          4.054648
        ],
        [
          -0.870925,
          -0.272056,
          0.409236,
          3.798056
        ],
        [
          0.023931,
          -0.855264,
          -0.51764,
          1.324947
        ],
        [
          0.0,
          0.0,
          0.0,
          1.0
        ]
      ]
    },
    {
      "file_path": "/media/NFS/ttao/scannet/posed_images/scene0489_01/00076.jpg",
      "transform_matrix": [
        [
          0.457605,
          -0.452576,
          0.765358,
          4.065507
        ],
        [
          -0.888403,
          -0.268111,
          0.372633,
          3.832548
        ],
        [
          0.036557,
          -0.850465,
          -0.524759,
          1.320394
        ],
        [
          0.0,
          0.0,
          0.0,
          1.0
        ]
      ]
    },
    {
      "file_path": "/media/NFS/ttao/scannet/posed_images/scene0489_01/00082.jpg",
      "transform_matrix": [
        [
          0.478021,
          -0.441263,
          0.759462,
          4.092445
        ],
        [
          -0.87801,
          -0.264062,
          0.399212,
          3.86404
        ],
        [
          0.024387,
          -0.857647,
          -0.513661,
          1.317815
        ],
        [
          0.0,
          0.0,
          0.0,
          1.0
        ]
      ]
    },
    {
      "file_path": "/media/NFS/ttao/scannet/posed_images/scene0489_01/00088.jpg",
      "transform_matrix": [
        [
          0.536352,
          -0.418791,
          0.732763,
          4.150462
        ],
        [
          -0.843951,
          -0.274874,
          0.460641,
          3.868601
        ],
        [
          0.008506,
          -0.865482,
          -0.500868,
          1.284955
        ],
        [
          0.0,
          0.0,
          0.0,
          1.0
        ]
      ]
    },
    {
      "file_path": "/media/NFS/ttao/scannet/posed_images/scene0489_01/00089.jpg",
      "transform_matrix": [
        [
          0.5441,
          -0.41938,
          0.726688,
          4.167768
        ],
        [
          -0.838974,
          -0.281052,
          0.465975,
          3.86445
        ],
        [
          0.008816,
          -0.863209,
          -0.504769,
          1.277423
        ],
        [
          0.0,
          0.0,
          0.0,
          1.0
        ]
      ]
    },
    {
      "file_path": "/media/NFS/ttao/scannet/posed_images/scene0489_01/00097.jpg",
      "transform_matrix": [
        [
          0.636871,
          -0.383266,
          0.668956,
          4.333241
        ],
        [
          -0.770602,
          -0.343264,
          0.536974,
          3.815147
        ],
        [
          0.023825,
          -0.857483,
          -0.513961,
          1.270326
        ],
        [
          0.0,
          0.0,
          0.0,
          1.0
        ]
      ]
    },
    {
      "file_path": "/media/NFS/ttao/scannet/posed_images/scene0489_01/00099.jpg",
      "transform_matrix": [
        [
          0.666858,
          -0.381543,
          0.640098,
          4.365214
        ],
        [
          -0.744716,
          -0.371665,
          0.554313,
          3.807732
        ],
        [
          0.026408,
          -0.84634,
          -0.531989,
          1.283071
        ],
        [
          0.0,
          0.0,
          0.0,
          1.0
        ]
      ]
    },
    {
      "file_path": "/media/NFS/ttao/scannet/posed_images/scene0489_01/00103.jpg",
      "transform_matrix": [
        [
          0.749096,
          -0.354479,
          0.559643,
          4.40799
        ],
        [
          -0.662236,
          -0.422738,
          0.618656,
          3.803092
        ],
        [
          0.017282,
          -0.834049,
          -0.55142,
          1.325997
        ],
        [
          0.0,
          0.0,
          0.0,
          1.0
        ]
      ]
    },
    {
      "file_path": "/media/NFS/ttao/scannet/posed_images/scene0489_01/00108.jpg",
      "transform_matrix": [
        [
          0.84177,
          -0.267139,
          0.469105,
          4.418514
        ],
        [
          -0.53927,
          -0.455884,
          0.708066,
          3.800118
        ],
        [
          0.024706,
          -0.849003,
          -0.52781,
          1.349645
        ],
        [
          0.0,
          0.0,
          0.0,
          1.0
        ]
      ]
    },
    {
      "file_path": "/media/NFS/ttao/scannet/posed_images/scene0489_01/00112.jpg",
      "transform_matrix": [
        [
          0.901471,
          -0.219963,
          0.372782,
          4.412742
        ],
        [
          -0.432804,
          -0.469103,
          0.76982,
          3.797415
        ],
        [
          0.005541,
          -0.855312,
          -0.518084,
          1.363899
        ],
        [
          0.0,
          0.0,
          0.0,
          1.0
        ]
      ]
    },
    {
      "file_path": "/media/NFS/ttao/scannet/posed_images/scene0489_01/00119.jpg",
      "transform_matrix": [
        [
          0.966603,
          -0.120049,
          0.226421,
          4.392396
        ],
        [
          -0.256057,
          -0.489027,
          0.833839,
          3.800573
        ],
        [
          0.010624,
          -0.863968,
          -0.503435,
          1.373049
        ],
        [
          0.0,
          0.0,
          0.0,
          1.0
        ]
      ]
    },
    {
      "file_path": "/media/NFS/ttao/scannet/posed_images/scene0489_01/00124.jpg",
      "transform_matrix": [
        [
          0.98737,
          -0.065907,
          0.14407,
          4.394437
        ],
        [
          -0.157835,
          -0.487886,
          0.858519,
          3.788568
        ],
        [
          0.013707,
          -0.870416,
          -0.492126,
          1.376193
        ],
        [
          0.0,
          0.0,
          0.0,
          1.0
        ]
      ]
    },
    {
      "file_path": "/media/NFS/ttao/scannet/posed_images/scene0489_01/00128.jpg",
      "transform_matrix": [
        [
          0.992482,
          -0.05191,
          0.110839,
          4.403346
        ],
        [
          -0.122088,
          -0.483743,
          0.866653,
          3.785127
        ],
        [
          0.008629,
          -0.873669,
          -0.486444,
          1.376946
        ],
        [
          0.0,
          0.0,
          0.0,
          1.0
        ]
      ]
    },
    {
      "file_path": "/media/NFS/ttao/scannet/posed_images/scene0489_01/00130.jpg",
      "transform_matrix": [
        [
          0.992604,
          -0.055276,
          0.108085,
          4.412043
        ],
        [
          -0.121327,
          -0.48251,
          0.867447,
          3.784957
        ],
        [
          0.004204,
          -0.874145,
          -0.485647,
          1.376445
        ],
        [
          0.0,
          0.0,
          0.0,
          1.0
        ]
      ]
    },
    {
      "file_path": "/media/NFS/ttao/scannet/posed_images/scene0489_01/00134.jpg",
      "transform_matrix": [
        [
          0.98733,
          -0.085381,
          0.133754,
          4.435311
        ],
        [
          -0.158394,
          -0.479553,
          0.863099,
          3.785594
        ],
        [
          -0.00955,
          -0.87335,
          -0.487,
          1.372372
        ],
        [
          0.0,
          0.0,
          0.0,
          1.0
        ]
      ]
    },
    {
      "file_path": "/media/NFS/ttao/scannet/posed_images/scene0489_01/00142.jpg",
      "transform_matrix": [
        [
          0.926714,
          -0.221731,
          0.303374,
          4.481174
        ],
        [
          -0.374993,
          -0.493935,
          0.784479,
          3.790842
        ],
        [
          -0.024096,
          -0.840752,
          -0.540884,
          1.352066
        ],
        [
          0.0,
          0.0,
          0.0,
          1.0
        ]
      ]
    },
    {
      "file_path": "/media/NFS/ttao/scannet/posed_images/scene0489_01/00146.jpg",
      "transform_matrix": [
        [
          0.864887,
          -0.298924,
          0.403257,
          4.485527
        ],
        [
          -0.501544,
          -0.481607,
          0.718685,
          3.805619
        ],
        [
          -0.020621,
          -0.823832,
          -0.566459,
          1.346388
        ],
        [
          0.0,
          0.0,
          0.0,
          1.0
        ]
      ]
    },
    {
      "file_path": "/media/NFS/ttao/scannet/posed_images/scene0489_01/00151.jpg",
      "transform_matrix": [
        [
          0.77211,
          -0.369558,
          0.516985,
          4.458014
        ],
        [
          -0.635462,
          -0.441467,
          0.633478,
          3.839566
        ],
        [
          -0.005875,
          -0.817639,
          -0.575701,
          1.336427
        ],
        [
          0.0,
          0.0,
          0.0,
          1.0
        ]
      ]
    },
    {
      "file_path": "/media/NFS/ttao/scannet/posed_images/scene0489_01/00153.jpg",
      "transform_matrix": [
        [
          0.731978,
          -0.384691,
          0.562335,
          4.445658
        ],
        [
          -0.681324,
          -0.416254,
          0.602105,
          3.855035
        ],
        [
          0.00245,
          -0.82386,
          -0.566788,
          1.334301
        ],
        [
          0.0,
          0.0,
          0.0,
          1.0
        ]
      ]
    },
    {
      "file_path": "/media/NFS/ttao/scannet/posed_images/scene0489_01/00159.jpg",
      "transform_matrix": [
        [
          0.558591,
          -0.420392,
          0.715015,
          4.391181
        ],
        [
          -0.829321,
          -0.29787,
          0.472758,
          3.908617
        ],
        [
          0.014238,
          -0.857055,
          -0.515028,
          1.315679
        ],
        [
          0.0,
          0.0,
          0.0,
          1.0
        ]
      ]
    },
    {
      "file_path": "/media/NFS/ttao/scannet/posed_images/scene0489_01/00161.jpg",
      "transform_matrix": [
        [
          0.471251,
          -0.435472,
          0.766999,
          4.357494
        ],
        [
          -0.881275,
          -0.267702,
          0.389473,
          3.947531
        ],
        [
          0.035722,
          -0.859477,
          -0.509925,
          1.312287
        ],
        [
          0.0,
          0.0,
          0.0,
          1.0
        ]
      ]
    },
    {
      "file_path": "/media/NFS/ttao/scannet/posed_images/scene0489_01/00169.jpg",
      "transform_matrix": [
        [
          0.267694,
          -0.492881,
          0.827894,
          4.299417
        ],
        [
          -0.960406,
          -0.205346,
          0.18829,
          3.997863
        ],
        [
          0.0772,
          -0.845518,
          -0.528336,
          1.321282
        ],
        [
          0.0,
          0.0,
          0.0,
          1.0
        ]
      ]
    },
    {
      "file_path": "/media/NFS/ttao/scannet/posed_images/scene0489_01/00172.jpg",
      "transform_matrix": [
        [
          0.209663,
          -0.502675,
          0.838665,
          4.279484
        ],
        [
          -0.972178,
          -0.198802,
          0.123883,
          4.016271
        ],
        [
          0.104455,
          -0.841306,
          -0.530371,
          1.319611
        ],
        [
          0.0,
          0.0,
          0.0,
          1.0
        ]
      ]
    },
    {
      "file_path": "/media/NFS/ttao/scannet/posed_images/scene0489_01/00178.jpg",
      "transform_matrix": [
        [
          0.107917,
          -0.528972,
          0.84175,
          4.235093
        ],
        [
          -0.987943,
          -0.151603,
          0.03139,
          4.02865
        ],
        [
          0.111008,
          -0.834988,
          -0.538954,
          1.313734
        ],
        [
          0.0,
          0.0,
          0.0,
          1.0
        ]
      ]
    },
    {
      "file_path": "/media/NFS/ttao/scannet/posed_images/scene0489_01/00182.jpg",
      "transform_matrix": [
        [
          0.037667,
          -0.531285,
          0.846355,
          4.198952
        ],
        [
          -0.991756,
          -0.123682,
          -0.033501,
          4.032702
        ],
        [
          0.122478,
          -0.838116,
          -0.531564,
          1.317518
        ],
        [
          0.0,
          0.0,
          0.0,
          1.0
        ]
      ]
    },
    {
      "file_path": "/media/NFS/ttao/scannet/posed_images/scene0489_01/00184.jpg",
      "transform_matrix": [
        [
          0.00669,
          -0.525734,
          0.850622,
          4.175906
        ],
        [
          -0.992909,
          -0.104457,
          -0.056752,
          4.035446
        ],
        [
          0.118689,
          -0.844211,
          -0.522705,
          1.318402
        ],
        [
          0.0,
          0.0,
          0.0,
          1.0
        ]
      ]
    },
    {
      "file_path": "/media/NFS/ttao/scannet/posed_images/scene0489_01/00188.jpg",
      "transform_matrix": [
        [
          -0.039267,
          -0.524663,
          0.850404,
          4.132812
        ],
        [
          -0.992939,
          -0.074848,
          -0.092026,
          4.038504
        ],
        [
          0.111934,
          -0.848013,
          -0.518019,
          1.320748
        ],
        [
          0.0,
          0.0,
          0.0,
          1.0
        ]
      ]
    },
    {
      "file_path": "/media/NFS/ttao/scannet/posed_images/scene0489_01/00193.jpg",
      "transform_matrix": [
        [
          -0.112783,
          -0.532539,
          0.838857,
          4.094813
        ],
        [
          -0.989677,
          -0.014927,
          -0.142537,
          4.033811
        ],
        [
          0.088429,
          -0.846274,
          -0.525358,
          1.327629
        ],
        [
          0.0,
          0.0,
          0.0,
          1.0
        ]
      ]
    },
    {
      "file_path": "/media/NFS/ttao/scannet/posed_images/scene0489_01/00199.jpg",
      "transform_matrix": [
        [
          -0.21211,
          -0.502811,
          0.837968,
          4.071516
        ],
        [
          -0.975721,
          0.061081,
          -0.210328,
          4.029689
        ],
        [
          0.054571,
          -0.862236,
          -0.503559,
          1.351336
        ],
        [
          0.0,
          0.0,
          0.0,
          1.0
        ]
      ]
    },
    {
      "file_path": "/media/NFS/ttao/scannet/posed_images/scene0489_01/00204.jpg",
      "transform_matrix": [
        [
          -0.315524,
          -0.456114,
          0.832108,
          4.075628
        ],
        [
          -0.948463,
          0.124447,
          -0.291429,
          4.029924
        ],
        [
          0.029372,
          -0.881177,
          -0.471873,
          1.357442
        ],
        [
          0.0,
          0.0,
          0.0,
          1.0
        ]
      ]
    },
    {
      "file_path": "/media/NFS/ttao/scannet/posed_images/scene0489_01/00209.jpg",
      "transform_matrix": [
        [
          -0.397552,
          -0.439074,
          0.805709,
          4.105446
        ],
        [
          -0.917075,
          0.161017,
          -0.364755,
          4.041727
        ],
        [
          0.030422,
          -0.883905,
          -0.466676,
          1.346596
        ],
        [
          0.0,
          0.0,
          0.0,
          1.0
        ]
      ]
    },
    {
      "file_path": "/media/NFS/ttao/scannet/posed_images/scene0489_01/00211.jpg",
      "transform_matrix": [
        [
          -0.432341,
          -0.436058,
          0.789263,
          4.130437
        ],
        [
          -0.900912,
          0.17206,
          -0.398438,
          4.050884
        ],
        [
          0.037941,
          -0.883317,
          -0.467238,
          1.349004
        ],
        [
          0.0,
          0.0,
          0.0,
          1.0
        ]
      ]
    },
    {
      "file_path": "/media/NFS/ttao/scannet/posed_images/scene0489_01/00218.jpg",
      "transform_matrix": [
        [
          -0.552999,
          -0.389708,
          0.736424,
          4.214449
        ],
        [
          -0.830604,
          0.188381,
          -0.524032,
          4.090999
        ],
        [
          0.065491,
          -0.901466,
          -0.427867,
          1.353184
        ],
        [
          0.0,
          0.0,
          0.0,
          1.0
        ]
      ]
    },
    {
      "file_path": "/media/NFS/ttao/scannet/posed_images/scene0489_01/00222.jpg",
      "transform_matrix": [
        [
          -0.632317,
          -0.367058,
          0.682234,
          4.265507
        ],
        [
          -0.77091,
          0.211016,
          -0.600973,
          4.103305
        ],
        [
          0.07663,
          -0.905947,
          -0.416398,
          1.351691
        ],
        [
          0.0,
          0.0,
          0.0,
          1.0
        ]
      ]
    },
    {
      "file_path": "/media/NFS/ttao/scannet/posed_images/scene0489_01/00226.jpg",
      "transform_matrix": [
        [
          -0.690767,
          -0.345143,
          0.635388,
          4.309106
        ],
        [
          -0.718269,
          0.226354,
          -0.657916,
          4.109509
        ],
        [
          0.083252,
          -0.910846,
          -0.404263,
          1.350825
        ],
        [
          0.0,
          0.0,
          0.0,
          1.0
        ]
      ]
    },
    {
      "file_path": "/media/NFS/ttao/scannet/posed_images/scene0489_01/00232.jpg",
      "transform_matrix": [
        [
          -0.752231,
          -0.314766,
          0.578854,
          4.365134
        ],
        [
          -0.653781,
          0.247265,
          -0.715144,
          4.105526
        ],
        [
          0.081972,
          -0.916397,
          -0.391788,
          1.340662
        ],
        [
          0.0,
          0.0,
          0.0,
          1.0
        ]
      ]
    },
    {
      "file_path": "/media/NFS/ttao/scannet/posed_images/scene0489_01/00234.jpg",
      "transform_matrix": [
        [
          -0.75868,
          -0.312355,
          0.571698,
          4.382977
        ],
        [
          -0.646067,
          0.24803,
          -0.721857,
          4.101437
        ],
        [
          0.083678,
          -0.917014,
          -0.389978,
          1.337023
        ],
        [
          0.0,
          0.0,
          0.0,
          1.0
        ]
      ]
    },
    {
      "file_path": "/media/NFS/ttao/scannet/posed_images/scene0489_01/00238.jpg",
      "transform_matrix": [
        [
          -0.760318,
          -0.318358,
          0.566184,
          4.41619
        ],
        [
          -0.642763,
          0.243068,
          -0.726481,
          4.08265
        ],
        [
          0.09366,
          -0.916278,
          -0.389438,
          1.340684
        ],
        [
          0.0,
          0.0,
          0.0,
          1.0
        ]
      ]
    },
    {
      "file_path": "/media/NFS/ttao/scannet/posed_images/scene0489_01/00243.jpg",
      "transform_matrix": [
        [
          -0.753074,
          -0.293144,
          0.589021,
          4.455586
        ],
        [
          -0.653476,
          0.229192,
          -0.721415,
          4.058314
        ],
        [
          0.07648,
          -0.92819,
          -0.364161,
          1.355223
        ],
        [
          0.0,
          0.0,
          0.0,
          1.0
        ]
      ]
    },
    {
      "file_path": "/media/NFS/ttao/scannet/posed_images/scene0489_01/00249.jpg",
      "transform_matrix": [
        [
          -0.750286,
          -0.27973,
          0.599018,
          4.504592
        ],
        [
          -0.657028,
          0.214916,
          -0.722582,
          4.044338
        ],
        [
          0.073389,
          -0.935715,
          -0.345039,
          1.365578
        ],
        [
          0.0,
          0.0,
          0.0,
          1.0
        ]
      ]
    },
    {
      "file_path": "/media/NFS/ttao/scannet/posed_images/scene0489_01/00253.jpg",
      "transform_matrix": [
        [
          -0.75316,
          -0.26514,
          0.602039,
          4.546154
        ],
        [
          -0.65342,
          0.195639,
          -0.731278,
          4.051123
        ],
        [
          0.076109,
          -0.944154,
          -0.320595,
          1.358644
        ],
        [
          0.0,
          0.0,
          0.0,
          1.0
        ]
      ]
    },
    {
      "file_path": "/media/NFS/ttao/scannet/posed_images/scene0489_01/00255.jpg",
      "transform_matrix": [
        [
          -0.754148,
          -0.265292,
          0.600733,
          4.568262
        ],
        [
          -0.651915,
          0.192166,
          -0.733538,
          4.061113
        ],
        [
          0.079161,
          -0.944824,
          -0.31787,
          1.345887
        ],
        [
          0.0,
          0.0,
          0.0,
          1.0
        ]
      ]
    },
    {
      "file_path": "/media/NFS/ttao/scannet/posed_images/scene0489_01/00263.jpg",
      "transform_matrix": [
        [
          -0.752996,
          -0.302763,
          0.584236,
          4.662335
        ],
        [
          -0.650322,
          0.206944,
          -0.730928,
          4.146955
        ],
        [
          0.100394,
          -0.930327,
          -0.352722,
          1.296424
        ],
        [
          0.0,
          0.0,
          0.0,
          1.0
        ]
      ]
    },
    {
      "file_path": "/media/NFS/ttao/scannet/posed_images/scene0489_01/00267.jpg",
      "transform_matrix": [
        [
          -0.743853,
          -0.308466,
          0.592901,
          4.698465
        ],
        [
          -0.661105,
          0.209391,
          -0.720483,
          4.187455
        ],
        [
          0.098096,
          -0.927903,
          -0.359685,
          1.28656
        ],
        [
          0.0,
          0.0,
          0.0,
          1.0
        ]
      ]
    },
    {
      "file_path": "/media/NFS/ttao/scannet/posed_images/scene0489_01/00270.jpg",
      "transform_matrix": [
        [
          -0.741645,
          -0.313002,
          0.593289,
          4.719834
        ],
        [
          -0.662916,
          0.20686,
          -0.719549,
          4.213264
        ],
        [
          0.102493,
          -0.926951,
          -0.360911,
          1.278264
        ],
        [
          0.0,
          0.0,
          0.0,
          1.0
        ]
      ]
    },
    {
      "file_path": "/media/NFS/ttao/scannet/posed_images/scene0489_01/00277.jpg",
      "transform_matrix": [
        [
          -0.723315,
          -0.35277,
          0.593607,
          4.755397
        ],
        [
          -0.677815,
          0.198594,
          -0.707903,
          4.261557
        ],
        [
          0.13184,
          -0.914392,
          -0.38276,
          1.247838
        ],
        [
          0.0,
          0.0,
          0.0,
          1.0
        ]
      ]
    },
    {
      "file_path": "/media/NFS/ttao/scannet/posed_images/scene0489_01/00278.jpg",
      "transform_matrix": [
        [
          -0.717448,
          -0.358564,
          0.597244,
          4.757135
        ],
        [
          -0.683437,
          0.196346,
          -0.703109,
          4.268037
        ],
        [
          0.134843,
          -0.912623,
          -0.385924,
          1.245452
        ],
        [
          0.0,
          0.0,
          0.0,
          1.0
        ]
      ]
    },
    {
      "file_path": "/media/NFS/ttao/scannet/posed_images/scene0489_01/00286.jpg",
      "transform_matrix": [
        [
          -0.634761,
          -0.414122,
          0.652367,
          4.727129
        ],
        [
          -0.763096,
          0.203203,
          -0.613509,
          4.293125
        ],
        [
          0.121505,
          -0.88725,
          -0.445,
          1.232162
        ],
        [
          0.0,
          0.0,
          0.0,
          1.0
        ]
      ]
    },
    {
      "file_path": "/media/NFS/ttao/scannet/posed_images/scene0489_01/00290.jpg",
      "transform_matrix": [
        [
          -0.598887,
          -0.43331,
          0.673481,
          4.684672
        ],
        [
          -0.795715,
          0.227045,
          -0.561505,
          4.277073
        ],
        [
          0.090395,
          -0.872177,
          -0.480766,
          1.235552
        ],
        [
          0.0,
          0.0,
          0.0,
          1.0
        ]
      ]
    },
    {
      "file_path": "/media/NFS/ttao/scannet/posed_images/scene0489_01/00295.jpg",
      "transform_matrix": [
        [
          -0.571775,
          -0.446901,
          0.688006,
          4.616069
        ],
        [
          -0.817507,
          0.239875,
          -0.523585,
          4.235011
        ],
        [
          0.068955,
          -0.861823,
          -0.5025,
          1.237931
        ],
        [
          0.0,
          0.0,
          0.0,
          1.0
        ]
      ]
    },
    {
      "file_path": "/media/NFS/ttao/scannet/posed_images/scene0489_01/00300.jpg",
      "transform_matrix": [
        [
          -0.528076,
          -0.471448,
          0.70631,
          4.515728
        ],
        [
          -0.847367,
          0.237959,
          -0.474704,
          4.178092
        ],
        [
          0.055726,
          -0.849183,
          -0.52515,
          1.230134
        ],
        [
          0.0,
          0.0,
          0.0,
          1.0
        ]
      ]
    },
    {
      "file_path": "/media/NFS/ttao/scannet/posed_images/scene0489_01/00303.jpg",
      "transform_matrix": [
        [
          -0.490114,
          -0.489528,
          0.721215,
          4.451986
        ],
        [
          -0.870145,
          0.226033,
          -0.437901,
          4.145845
        ],
        [
          0.051347,
          -0.842183,
          -0.536742,
          1.224043
        ],
        [
          0.0,
          0.0,
          0.0,
          1.0
        ]
      ]
    },
    {
      "file_path": "/media/NFS/ttao/scannet/posed_images/scene0489_01/00305.jpg",
      "transform_matrix": [
        [
          -0.468726,
          -0.50468,
          0.724979,
          4.412911
        ],
        [
          -0.881775,
          0.218429,
          -0.418046,
          4.121632
        ],
        [
          0.052623,
          -0.835217,
          -0.547397,
          1.217768
        ],
        [
          0.0,
          0.0,
          0.0,
          1.0
        ]
      ]
    },
    {
      "file_path": "/media/NFS/ttao/scannet/posed_images/scene0489_01/00313.jpg",
      "transform_matrix": [
        [
          -0.398014,
          -0.599101,
          0.694739,
          4.307903
        ],
        [
          -0.915634,
          0.212739,
          -0.341111,
          4.059479
        ],
        [
          0.056562,
          -0.771894,
          -0.633231,
          1.214189
        ],
        [
          0.0,
          0.0,
          0.0,
          1.0
        ]
      ]
    },
    {
      "file_path": "/media/NFS/ttao/scannet/posed_images/scene0489_01/00315.jpg",
      "transform_matrix": [
        [
          -0.38698,
          -0.604443,
          0.696344,
          4.291805
        ],
        [
          -0.92013,
          0.203942,
          -0.334318,
          4.048699
        ],
        [
          0.060062,
          -0.770102,
          -0.635088,
          1.220883
        ],
        [
          0.0,
          0.0,
          0.0,
          1.0
        ]
      ]
    },
    {
      "file_path": "/media/NFS/ttao/scannet/posed_images/scene0489_01/00322.jpg",
      "transform_matrix": [
        [
          -0.342083,
          -0.554027,
          0.758969,
          4.231718
        ],
        [
          -0.935923,
          0.128825,
          -0.3278,
          4.014456
        ],
        [
          0.083836,
          -0.822471,
          -0.562595,
          1.288915
        ],
        [
          0.0,
          0.0,
          0.0,
          1.0
        ]
      ]
    },
    {
      "file_path": "/media/NFS/ttao/scannet/posed_images/scene0489_01/00326.jpg",
      "transform_matrix": [
        [
          -0.305199,
          -0.516593,
          0.799991,
          4.184196
        ],
        [
          -0.948185,
          0.086947,
          -0.30559,
          4.017914
        ],
        [
          0.088309,
          -0.851805,
          -0.516362,
          1.304581
        ],
        [
          0.0,
          0.0,
          0.0,
          1.0
        ]
      ]
    },
    {
      "file_path": "/media/NFS/ttao/scannet/posed_images/scene0489_01/00331.jpg",
      "transform_matrix": [
        [
          -0.253321,
          -0.467221,
          0.847073,
          4.127018
        ],
        [
          -0.963245,
          0.040924,
          -0.26549,
          4.016186
        ],
        [
          0.089376,
          -0.883193,
          -0.460415,
          1.331322
        ],
        [
          0.0,
          0.0,
          0.0,
          1.0
        ]
      ]
    },
    {
      "file_path": "/media/NFS/ttao/scannet/posed_images/scene0489_01/00335.jpg",
      "transform_matrix": [
        [
          -0.225241,
          -0.43076,
          0.873906,
          4.096241
        ],
        [
          -0.96999,
          0.014836,
          -0.242692,
          4.02348
        ],
        [
          0.091577,
          -0.902345,
          -0.421175,
          1.350315
        ],
        [
          0.0,
          0.0,
          0.0,
          1.0
        ]
      ]
    },
    {
      "file_path": "/media/NFS/ttao/scannet/posed_images/scene0489_01/00336.jpg",
      "transform_matrix": [
        [
          -0.217853,
          -0.429627,
          0.876333,
          4.091099
        ],
        [
          -0.972083,
          0.015341,
          -0.234135,
          4.020669
        ],
        [
          0.087147,
          -0.902876,
          -0.420976,
          1.355844
        ],
        [
          0.0,
          0.0,
          0.0,
          1.0
        ]
      ]
    },
    {
      "file_path": "/media/NFS/ttao/scannet/posed_images/scene0489_01/00342.jpg",
      "transform_matrix": [
        [
          -0.186251,
          -0.396037,
          0.899147,
          4.056823
        ],
        [
          -0.981284,
          0.029424,
          -0.190305,
          3.995934
        ],
        [
          0.048912,
          -0.917763,
          -0.394105,
          1.38743
        ],
        [
          0.0,
          0.0,
          0.0,
          1.0
        ]
      ]
    },
    {
      "file_path": "/media/NFS/ttao/scannet/posed_images/scene0489_01/00349.jpg",
      "transform_matrix": [
        [
          -0.20068,
          -0.365731,
          0.908828,
          4.03194
        ],
        [
          -0.978636,
          0.032503,
          -0.203014,
          3.950843
        ],
        [
          0.044709,
          -0.930153,
