{
  "frames": [
    {
      "file_path": "/media/NFS/ttao/scannet/posed_images/scene0264_00/00003.jpg",
      "transform_matrix": [
        [
          0.550451,
          0.254856,
          -0.795017,
          2.632691
        ],
        [
          0.833902,
          -0.213635,
          0.508889,
          2.78339
        ],
        [
          -0.04015,
          -0.943084,
          -0.33012,
          1.367046
        ],
        [
          0.0,
          0.0,
          0.0,
          1.0
        ]
      ]
    },
    {
      "file_path": "/media/NFS/ttao/scannet/posed_images/scene0264_00/00005.jpg",
      "transform_matrix": [
        [
          0.551183,
          0.254809,
          -0.794525,
          2.631815
        ],
        [
          0.83349,
          -0.212225,
          0.510152,
          2.784928
        ],
        [
          -0.038627,
          -0.943415,
          -0.329356,
          1.365409
        ],
        [
          0.0,
          0.0,
          0.0,
          1.0
        ]
      ]
    },
    {
      "file_path": "/media/NFS/ttao/scannet/posed_images/scene0264_00/00010.jpg",
      "transform_matrix": [
        [
          0.554408,
          0.255706,
          -0.791989,
          2.618877
        ],
        [
          0.831504,
          -0.210352,
          0.514154,
          2.775796
        ],
        [
          -0.035124,
          -0.943592,
          -0.329241,
          1.366137
        ],
        [
          0.0,
          0.0,
          0.0,
          1.0
        ]
      ]
    },
    {
      "file_path": "/media/NFS/ttao/scannet/posed_images/scene0264_00/00014.jpg",
      "transform_matrix": [
        [
          0.549176,
          0.282206,
          -0.786617,
          2.607777
        ],
        [
          0.835443,
          -0.209056,
          0.508263,
          2.772465
        ],
        [
          -0.021012,
          -0.936299,
          -0.350575,
          1.371977
        ],
        [
          0.0,
          0.0,
          0.0,
          1.0
        ]
      ]
    },
    {
      "file_path": "/media/NFS/ttao/scannet/posed_images/scene0264_00/00024.jpg",
      "transform_matrix": [
        [
          0.513581,
          0.205925,
          -0.832964,
          2.594094
        ],
        [
          0.858003,
          -0.132351,
          0.4963,
          2.77205
        ],
        [
          -0.008043,
          -0.969576,
          -0.244657,
          1.41582
        ],
        [
          0.0,
          0.0,
          0.0,
          1.0
        ]
      ]
    },
    {
      "file_path": "/media/NFS/ttao/scannet/posed_images/scene0264_00/00029.jpg",
      "transform_matrix": [
        [
          0.484788,
          0.179479,
          -0.856019,
          2.582898
        ],
        [
          0.87458,
          -0.08878,
          0.476686,
          2.770635
        ],
        [
          0.009558,
          -0.979748,
          -0.200008,
          1.445181
        ],
        [
          0.0,
          0.0,
          0.0,
          1.0
        ]
      ]
    },
    {
      "file_path": "/media/NFS/ttao/scannet/posed_images/scene0264_00/00035.jpg",
      "transform_matrix": [
        [
          0.494717,
          0.197255,
          -0.846372,
          2.562565
        ],
        [
          0.867898,
          -0.061929,
          0.492867,
          2.763291
        ],
        [
          0.044806,
          -0.978394,
          -0.201834,
          1.459598
        ],
        [
          0.0,
          0.0,
          0.0,
          1.0
        ]
      ]
    },
    {
      "file_path": "/media/NFS/ttao/scannet/posed_images/scene0264_00/00040.jpg",
      "transform_matrix": [
        [
          0.48388,
          0.183489,
          -0.855682,
          2.54625
        ],
        [
          0.873963,
          -0.050746,
          0.483336,
          2.772453
        ],
        [
          0.045265,
          -0.981711,
          -0.184918,
          1.475643
        ],
        [
          0.0,
          0.0,
          0.0,
          1.0
        ]
      ]
    },
    {
      "file_path": "/media/NFS/ttao/scannet/posed_images/scene0264_00/00042.jpg",
      "transform_matrix": [
        [
          0.482081,
          0.175353,
          -0.858399,
          2.541534
        ],
        [
          0.875045,
          -0.047701,
          0.481685,
          2.773399
        ],
        [
          0.043518,
          -0.983349,
          -0.176438,
          1.479898
        ],
        [
          0.0,
          0.0,
          0.0,
          1.0
        ]
      ]
    },
    {
      "file_path": "/media/NFS/ttao/scannet/posed_images/scene0264_00/00046.jpg",
      "transform_matrix": [
        [
          0.487861,
          0.154185,
          -0.859197,
          2.532542
        ],
        [
          0.871843,
          -0.037157,
          0.488373,
          2.776945
        ],
        [
          0.043374,
          -0.987343,
          -0.152553,
          1.487792
        ],
        [
          0.0,
          0.0,
          0.0,
          1.0
        ]
      ]
    },
    {
      "file_path": "/media/NFS/ttao/scannet/posed_images/scene0264_00/00056.jpg",
      "transform_matrix": [
        [
          0.554897,
          0.158917,
          -0.816599,
          2.497159
        ],
        [
          0.831466,
          -0.073569,
          0.550683,
          2.782103
        ],
        [
          0.027437,
          -0.984547,
          -0.172957,
          1.475198
        ],
        [
          0.0,
          0.0,
          0.0,
          1.0
        ]
      ]
    },
    {
      "file_path": "/media/NFS/ttao/scannet/posed_images/scene0264_00/00058.jpg",
      "transform_matrix": [
        [
          0.561427,
          0.15293,
          -0.813273,
          2.49046
        ],
        [
          0.827264,
          -0.078963,
          0.556237,
          2.785552
        ],
        [
          0.020847,
          -0.985077,
          -0.170845,
          1.470382
        ],
        [
          0.0,
          0.0,
          0.0,
          1.0
        ]
      ]
    },
    {
      "file_path": "/media/NFS/ttao/scannet/posed_images/scene0264_00/00067.jpg",
      "transform_matrix": [
        [
          0.619849,
          0.145336,
          -0.771145,
          2.469069
        ],
        [
          0.784365,
          -0.085125,
          0.614432,
          2.790969
        ],
        [
          0.023656,
          -0.985713,
          -0.166761,
          1.462434
        ],
        [
          0.0,
          0.0,
          0.0,
          1.0
        ]
      ]
    },
    {
      "file_path": "/media/NFS/ttao/scannet/posed_images/scene0264_00/00072.jpg",
      "transform_matrix": [
        [
          0.639179,
          0.159629,
          -0.752309,
          2.45794
        ],
        [
          0.769052,
          -0.12865,
          0.626106,
          2.81823
        ],
        [
          0.00316,
          -0.978758,
          -0.204993,
          1.437064
        ],
        [
          0.0,
          0.0,
          0.0,
          1.0
        ]
      ]
    },
    {
      "file_path": "/media/NFS/ttao/scannet/posed_images/scene0264_00/00077.jpg",
      "transform_matrix": [
        [
          0.646625,
          0.178779,
          -0.741562,
          2.446584
        ],
        [
          0.762805,
          -0.154278,
          0.627955,
          2.842084
        ],
        [
          -0.002141,
          -0.971718,
          -0.236133,
          1.410277
        ],
        [
          0.0,
          0.0,
          0.0,
          1.0
        ]
      ]
    },
    {
      "file_path": "/media/NFS/ttao/scannet/posed_images/scene0264_00/00080.jpg",
      "transform_matrix": [
        [
          0.631727,
          0.188121,
          -0.752018,
          2.448349
        ],
        [
          0.774846,
          -0.18217,
          0.605333,
          2.87441
        ],
        [
          -0.02312,
          -0.965103,
          -0.260846,
          1.397106
        ],
        [
          0.0,
          0.0,
          0.0,
          1.0
        ]
      ]
    },
    {
      "file_path": "/media/NFS/ttao/scannet/posed_images/scene0264_00/00085.jpg",
      "transform_matrix": [
        [
          0.611814,
          0.216277,
          -0.76086,
          2.448399
        ],
        [
          0.790425,
          -0.203887,
          0.577632,
          2.934434
        ],
        [
          -0.030201,
          -0.954806,
          -0.295692,
          1.388513
        ],
        [
          0.0,
          0.0,
          0.0,
          1.0
        ]
      ]
    },
    {
      "file_path": "/media/NFS/ttao/scannet/posed_images/scene0264_00/00091.jpg",
      "transform_matrix": [
        [
          0.628928,
          0.23913,
          -0.739775,
          2.448571
        ],
        [
          0.777181,
          -0.167712,
          0.606516,
          2.988858
        ],
        [
          0.020967,
          -0.956394,
          -0.291326,
          1.372281
        ],
        [
          0.0,
          0.0,
          0.0,
          1.0
        ]
      ]
    },
    {
      "file_path": "/media/NFS/ttao/scannet/posed_images/scene0264_00/00099.jpg",
      "transform_matrix": [
        [
          0.632896,
          0.273273,
          -0.724406,
          2.446727
        ],
        [
          0.773828,
          -0.192859,
          0.603321,
          3.057722
        ],
        [
          0.025163,
          -0.942405,
          -0.333526,
          1.355782
        ],
        [
          0.0,
          0.0,
          0.0,
          1.0
        ]
      ]
    },
    {
      "file_path": "/media/NFS/ttao/scannet/posed_images/scene0264_00/00101.jpg",
      "transform_matrix": [
        [
          0.632095,
          0.268334,
          -0.726948,
          2.450802
        ],
        [
          0.774728,
          -0.199611,
          0.59996,
          3.07532
        ],
        [
          0.015883,
          -0.942418,
          -0.334059,
          1.354688
        ],
        [
          0.0,
          0.0,
          0.0,
          1.0
        ]
      ]
    },
    {
      "file_path": "/media/NFS/ttao/scannet/posed_images/scene0264_00/00106.jpg",
      "transform_matrix": [
        [
          0.655841,
          0.266083,
          -0.70645,
          2.439679
        ],
        [
          0.754855,
          -0.221098,
          0.617503,
          3.098497
        ],
        [
          0.008112,
          -0.938251,
          -0.345859,
          1.349714
        ],
        [
          0.0,
          0.0,
          0.0,
          1.0
        ]
      ]
    },
    {
      "file_path": "/media/NFS/ttao/scannet/posed_images/scene0264_00/00115.jpg",
      "transform_matrix": [
        [
          0.672784,
          0.268386,
          -0.689443,
          2.396775
        ],
        [
          0.739821,
          -0.250583,
          0.624398,
          3.13973
        ],
        [
          -0.005183,
          -0.930149,
          -0.367146,
          1.349148
        ],
        [
          0.0,
          0.0,
          0.0,
          1.0
        ]
      ]
    },
    {
      "file_path": "/media/NFS/ttao/scannet/posed_images/scene0264_00/00117.jpg",
      "transform_matrix": [
        [
          0.679621,
          0.267521,
          -0.683043,
          2.380308
        ],
        [
          0.73356,
          -0.250871,
          0.631629,
          3.146009
        ],
        [
          -0.002382,
          -0.930321,
          -0.36674,
          1.350677
        ],
        [
          0.0,
          0.0,
          0.0,
          1.0
        ]
      ]
    },
    {
      "file_path": "/media/NFS/ttao/scannet/posed_images/scene0264_00/00123.jpg",
      "transform_matrix": [
        [
          0.701375,
          0.24597,
          -0.669008,
          2.355939
        ],
        [
          0.712772,
          -0.249234,
          0.655621,
          3.171755
        ],
        [
          -0.005477,
          -0.936686,
          -0.350127,
          1.360076
        ],
        [
          0.0,
          0.0,
          0.0,
          1.0
        ]
      ]
    },
    {
      "file_path": "/media/NFS/ttao/scannet/posed_images/scene0264_00/00127.jpg",
      "transform_matrix": [
        [
          0.734836,
          0.231886,
          -0.637374,
          2.332488
        ],
        [
          0.678245,
          -0.25008,
          0.690973,
          3.179498
        ],
        [
          0.000833,
          -0.940047,
          -0.341043,
          1.35774
        ],
        [
          0.0,
          0.0,
          0.0,
          1.0
        ]
      ]
    },
    {
      "file_path": "/media/NFS/ttao/scannet/posed_images/scene0264_00/00133.jpg",
      "transform_matrix": [
        [
          0.783891,
          0.20285,
          -0.586828,
          2.317588
        ],
        [
          0.62088,
          -0.26352,
          0.738286,
          3.204556
        ],
        [
          -0.00488,
          -0.943085,
          -0.332516,
          1.360595
        ],
        [
          0.0,
          0.0,
          0.0,
          1.0
        ]
      ]
    },
    {
      "file_path": "/media/NFS/ttao/scannet/posed_images/scene0264_00/00141.jpg",
      "transform_matrix": [
        [
          0.849383,
          0.197973,
          -0.48924,
          2.310231
        ],
        [
          0.527621,
          -0.295952,
          0.796259,
          3.247361
        ],
        [
          0.012846,
          -0.934462,
          -0.355831,
          1.345433
        ],
        [
          0.0,
          0.0,
          0.0,
          1.0
        ]
      ]
    },
    {
      "file_path": "/media/NFS/ttao/scannet/posed_images/scene0264_00/00147.jpg",
      "transform_matrix": [
        [
          0.866829,
          0.206738,
          -0.453725,
          2.315916
        ],
        [
          0.498135,
          -0.319551,
          0.80607,
          3.281954
        ],
        [
          0.021657,
          -0.924742,
          -0.379979,
          1.337951
        ],
        [
          0.0,
          0.0,
          0.0,
          1.0
        ]
      ]
    },
    {
      "file_path": "/media/NFS/ttao/scannet/posed_images/scene0264_00/00149.jpg",
      "transform_matrix": [
        [
          0.867573,
          0.202093,
          -0.454396,
          2.32544
        ],
        [
          0.49693,
          -0.316568,
          0.807988,
          3.296062
        ],
        [
          0.019441,
          -0.926792,
          -0.375072,
          1.337811
        ],
        [
          0.0,
          0.0,
          0.0,
          1.0
        ]
      ]
    },
    {
      "file_path": "/media/NFS/ttao/scannet/posed_images/scene0264_00/00154.jpg",
      "transform_matrix": [
        [
          0.868745,
          0.190824,
          -0.457021,
          2.357017
        ],
        [
          0.494703,
          -0.29059,
          0.81904,
          3.334106
        ],
        [
          0.023487,
          -0.937626,
          -0.34685,
          1.338621
        ],
        [
          0.0,
          0.0,
          0.0,
          1.0
        ]
      ]
    },
    {
      "file_path": "/media/NFS/ttao/scannet/posed_images/scene0264_00/00162.jpg",
      "transform_matrix": [
        [
          0.884977,
          0.173817,
          -0.431976,
          2.438141
        ],
        [
          0.462673,
          -0.223786,
          0.857819,
          3.406964
        ],
        [
          0.052434,
          -0.959014,
          -0.278466,
          1.348548
        ],
        [
          0.0,
          0.0,
          0.0,
          1.0
        ]
      ]
    },
    {
      "file_path": "/media/NFS/ttao/scannet/posed_images/scene0264_00/00168.jpg",
      "transform_matrix": [
        [
          0.902272,
          0.171326,
          -0.395666,
          2.46126
        ],
        [
          0.428433,
          -0.253084,
          0.867406,
          3.4408
        ],
        [
          0.048473,
          -0.952153,
          -0.301752,
          1.356486
        ],
        [
          0.0,
          0.0,
          0.0,
          1.0
        ]
      ]
    },
    {
      "file_path": "/media/NFS/ttao/scannet/posed_images/scene0264_00/00170.jpg",
      "transform_matrix": [
        [
          0.899717,
          0.173168,
          -0.400651,
          2.478083
        ],
        [
          0.433515,
          -0.24786,
          0.866389,
          3.457847
        ],
        [
          0.050725,
          -0.953194,
          -0.298075,
          1.355363
        ],
        [
          0.0,
          0.0,
          0.0,
          1.0
        ]
      ]
    },
    {
      "file_path": "/media/NFS/ttao/scannet/posed_images/scene0264_00/00176.jpg",
      "transform_matrix": [
        [
          0.908561,
          0.123128,
          -0.399195,
          2.482114
        ],
        [
          0.417651,
          -0.246678,
          0.874481,
          3.482849
        ],
        [
          0.009201,
          -0.961243,
          -0.275547,
          1.367153
        ],
        [
          0.0,
          0.0,
          0.0,
          1.0
        ]
      ]
    },
    {
      "file_path": "/media/NFS/ttao/scannet/posed_images/scene0264_00/00183.jpg",
      "transform_matrix": [
        [
          0.945102,
          0.123351,
          -0.3026,
          2.452508
        ],
        [
          0.325197,
          -0.264118,
          0.908013,
          3.514139
        ],
        [
          0.032082,
          -0.95657,
          -0.289732,
          1.353238
        ],
        [
          0.0,
          0.0,
          0.0,
          1.0
        ]
      ]
    },
    {
      "file_path": "/media/NFS/ttao/scannet/posed_images/scene0264_00/00188.jpg",
      "transform_matrix": [
        [
          0.97038,
          0.096652,
          -0.221407,
          2.399763
        ],
        [
          0.240199,
          -0.287997,
          0.927018,
          3.535005
        ],
        [
          0.025834,
          -0.952741,
          -0.302682,
          1.342741
        ],
        [
          0.0,
          0.0,
          0.0,
          1.0
        ]
      ]
    },
    {
      "file_path": "/media/NFS/ttao/scannet/posed_images/scene0264_00/00196.jpg",
      "transform_matrix": [
        [
          0.988899,
          0.03673,
          -0.143975,
          2.292489
        ],
        [
          0.148563,
          -0.261689,
          0.95365,
          3.586472
        ],
        [
          -0.002649,
          -0.964453,
          -0.26424,
          1.345602
        ],
        [
          0.0,
          0.0,
          0.0,
          1.0
        ]
      ]
    },
    {
      "file_path": "/media/NFS/ttao/scannet/posed_images/scene0264_00/00197.jpg",
      "transform_matrix": [
        [
          0.989663,
          0.03479,
          -0.13913,
          2.278945
        ],
        [
          0.143386,
          -0.259073,
          0.955155,
          3.591371
        ],
        [
          -0.002815,
          -0.965231,
          -0.261384,
          1.341981
        ],
        [
          0.0,
          0.0,
          0.0,
          1.0
        ]
      ]
    },
    {
      "file_path": "/media/NFS/ttao/scannet/posed_images/scene0264_00/00202.jpg",
      "transform_matrix": [
        [
          0.996205,
          0.037257,
          -0.078662,
          2.224281
        ],
        [
          0.085854,
          -0.272,
          0.95846,
          3.630692
        ],
        [
          0.014313,
          -0.961576,
          -0.274167,
          1.353955
        ],
        [
          0.0,
          0.0,
          0.0,
          1.0
        ]
      ]
    },
    {
      "file_path": "/media/NFS/ttao/scannet/posed_images/scene0264_00/00212.jpg",
      "transform_matrix": [
        [
          0.999221,
          0.002153,
          0.039406,
          2.185196
        ],
        [
          -0.037376,
          -0.268875,
          0.96245,
          3.715595
        ],
        [
          0.012667,
          -0.963173,
          -0.268585,
          1.337697
        ],
        [
          0.0,
          0.0,
          0.0,
          1.0
        ]
      ]
    },
    {
      "file_path": "/media/NFS/ttao/scannet/posed_images/scene0264_00/00216.jpg",
      "transform_matrix": [
        [
          0.9975,
          -0.004341,
          0.070535,
          2.187273
        ],
        [
          -0.069027,
          -0.273701,
          0.959335,
          3.758809
        ],
        [
          0.015141,
          -0.961805,
          -0.273317,
          1.335343
        ],
        [
          0.0,
          0.0,
          0.0,
          1.0
        ]
      ]
    },
    {
      "file_path": "/media/NFS/ttao/scannet/posed_images/scene0264_00/00221.jpg",
      "transform_matrix": [
        [
          0.992704,
          -0.026218,
          0.117688,
          2.211856
        ],
        [
          -0.120422,
          -0.264464,
          0.956848,
          3.822721
        ],
        [
          0.006037,
          -0.964039,
          -0.265692,
          1.329931
        ],
        [
          0.0,
          0.0,
          0.0,
          1.0
        ]
      ]
    },
    {
      "file_path": "/media/NFS/ttao/scannet/posed_images/scene0264_00/00224.jpg",
      "transform_matrix": [
        [
          0.990648,
          -0.042303,
          0.129722,
          2.217853
        ],
        [
          -0.136195,
          -0.249027,
          0.958872,
          3.866312
        ],
        [
          -0.008259,
          -0.967572,
          -0.25246,
          1.334211
        ],
        [
          0.0,
          0.0,
          0.0,
          1.0
        ]
      ]
    },
    {
      "file_path": "/media/NFS/ttao/scannet/posed_images/scene0264_00/00231.jpg",
      "transform_matrix": [
        [
          0.985266,
          -0.059976,
          0.160167,
          2.247844
        ],
        [
          -0.170774,
          -0.293952,
          0.940441,
          3.960636
        ],
        [
          -0.009323,
          -0.953936,
          -0.299864,
          1.333914
        ],
        [
          0.0,
          0.0,
          0.0,
          1.0
        ]
      ]
    },
    {
      "file_path": "/media/NFS/ttao/scannet/posed_images/scene0264_00/00234.jpg",
      "transform_matrix": [
        [
          0.979987,
          -0.088445,
          0.178334,
          2.251514
        ],
        [
          -0.196826,
          -0.296622,
          0.934492,
          3.992779
        ],
        [
          -0.029753,
          -0.95089,
          -0.308094,
          1.332137
        ],
        [
          0.0,
          0.0,
          0.0,
          1.0
        ]
      ]
    },
    {
      "file_path": "/media/NFS/ttao/scannet/posed_images/scene0264_00/00240.jpg",
      "transform_matrix": [
        [
          0.962305,
          -0.10797,
          0.249623,
          2.259489
        ],
        [
          -0.270395,
          -0.281108,
          0.920796,
          4.043418
        ],
        [
          -0.029247,
          -0.953583,
          -0.299706,
          1.345869
        ],
        [
          0.0,
          0.0,
          0.0,
          1.0
        ]
      ]
    },
    {
      "file_path": "/media/NFS/ttao/scannet/posed_images/scene0264_00/00248.jpg",
      "transform_matrix": [
        [
          0.917794,
          -0.140929,
          0.371204,
          2.223365
        ],
        [
          -0.395723,
          -0.248132,
          0.884214,
          4.101483
        ],
        [
          -0.032503,
          -0.95842,
          -0.283503,
          1.355002
        ],
        [
          0.0,
          0.0,
          0.0,
          1.0
        ]
      ]
    },
    {
      "file_path": "/media/NFS/ttao/scannet/posed_images/scene0264_00/00252.jpg",
      "transform_matrix": [
        [
          0.897062,
          -0.146042,
          0.417075,
          2.214246
        ],
        [
          -0.441242,
          -0.244358,
          0.863478,
          4.116932
        ],
        [
          -0.024188,
          -0.958624,
          -0.283644,
          1.353226
        ],
        [
          0.0,
          0.0,
          0.0,
          1.0
        ]
      ]
    },
    {
      "file_path": "/media/NFS/ttao/scannet/posed_images/scene0264_00/00260.jpg",
      "transform_matrix": [
        [
          0.851301,
          -0.17343,
          0.495186,
          2.1857
        ],
        [
          -0.524404,
          -0.250753,
          0.813709,
          4.144185
        ],
        [
          -0.016952,
          -0.952389,
          -0.304413,
          1.350436
        ],
        [
          0.0,
          0.0,
          0.0,
          1.0
        ]
      ]
    },
    {
      "file_path": "/media/NFS/ttao/scannet/posed_images/scene0264_00/00261.jpg",
      "transform_matrix": [
        [
          0.845677,
          -0.176255,
          0.50375,
          2.184373
        ],
        [
          -0.533421,
          -0.248912,
          0.808396,
          4.144615
        ],
        [
          -0.017094,
          -0.952353,
          -0.304517,
          1.350491
        ],
        [
          0.0,
          0.0,
          0.0,
          1.0
        ]
      ]
    },
    {
      "file_path": "/media/NFS/ttao/scannet/posed_images/scene0264_00/00268.jpg",
      "transform_matrix": [
        [
          0.799102,
          -0.19078,
          0.570121,
          2.163019
        ],
        [
          -0.600894,
          -0.22347,
          0.767455,
          4.157347
        ],
        [
          -0.01901,
          -0.955858,
          -0.293214,
          1.358365
        ],
        [
          0.0,
          0.0,
          0.0,
          1.0
        ]
      ]
    },
    {
      "file_path": "/media/NFS/ttao/scannet/posed_images/scene0264_00/00274.jpg",
      "transform_matrix": [
        [
          0.755608,
          -0.205922,
          0.621815,
          2.182423
        ],
        [
          -0.654944,
          -0.222594,
          0.72215,
          4.144866
        ],
        [
          -0.010294,
          -0.952916,
          -0.303061,
          1.355075
        ],
        [
          0.0,
          0.0,
          0.0,
          1.0
        ]
      ]
    },
    {
      "file_path": "/media/NFS/ttao/scannet/posed_images/scene0264_00/00277.jpg",
      "transform_matrix": [
        [
          0.721982,
          -0.206709,
          0.660313,
          2.184102
        ],
        [
          -0.691899,
          -0.221581,
          0.687152,
          4.14955
        ],
        [
          0.004272,
          -0.952981,
          -0.302999,
          1.351287
        ],
        [
          0.0,
          0.0,
          0.0,
          1.0
        ]
      ]
    },
    {
      "file_path": "/media/NFS/ttao/scannet/posed_images/scene0264_00/00282.jpg",
      "transform_matrix": [
        [
          0.674709,
          -0.209028,
          0.707866,
          2.215681
        ],
        [
          -0.737432,
          -0.231208,
          0.634616,
          4.138786
        ],
        [
          0.031012,
          -0.950184,
          -0.310142,
          1.348338
        ],
        [
          0.0,
          0.0,
          0.0,
          1.0
        ]
      ]
    },
    {
      "file_path": "/media/NFS/ttao/scannet/posed_images/scene0264_00/00289.jpg",
      "transform_matrix": [
        [
          0.59602,
          -0.234564,
          0.767945,
          2.223392
        ],
        [
          -0.802404,
          -0.20988,
          0.558658,
          4.142372
        ],
        [
          0.030136,
          -0.949173,
          -0.313308,
          1.3408
        ],
        [
          0.0,
          0.0,
          0.0,
          1.0
        ]
      ]
    },
    {
      "file_path": "/media/NFS/ttao/scannet/posed_images/scene0264_00/00297.jpg",
      "transform_matrix": [
        [
          0.543681,
          -0.253951,
          0.79995,
          2.256345
        ],
        [
          -0.839041,
          -0.187772,
          0.510639,
          4.131372
        ],
        [
          0.020531,
          -0.948815,
          -0.315164,
          1.348376
        ],
        [
          0.0,
          0.0,
          0.0,
          1.0
        ]
      ]
    },
    {
      "file_path": "/media/NFS/ttao/scannet/posed_images/scene0264_00/00298.jpg",
      "transform_matrix": [
        [
          0.535324,
          -0.256513,
          0.804754,
          2.258479
        ],
        [
          -0.844424,
          -0.184403,
          0.502935,
          4.131497
        ],
        [
          0.019389,
          -0.948787,
          -0.315321,
          1.348261
        ],
        [
          0.0,
          0.0,
          0.0,
          1.0
        ]
      ]
    },
    {
      "file_path": "/media/NFS/ttao/scannet/posed_images/scene0264_00/00308.jpg",
      "transform_matrix": [
        [
          0.484843,
          -0.274596,
          0.830376,
          2.285463
        ],
        [
          -0.87441,
          -0.172014,
          0.453672,
          4.137148
        ],
        [
          0.01826,
          -0.946049,
          -0.323509,
          1.338045
        ],
        [
          0.0,
          0.0,
          0.0,
          1.0
        ]
      ]
    },
    {
      "file_path": "/media/NFS/ttao/scannet/posed_images/scene0264_00/00309.jpg",
      "transform_matrix": [
        [
          0.481655,
          -0.276499,
          0.831598,
          2.289073
        ],
        [
          -0.876209,
          -0.169571,
          0.451113,
          4.139704
        ],
        [
          0.016283,
          -0.945935,
          -0.323946,
          1.337981
        ],
        [
          0.0,
          0.0,
          0.0,
          1.0
        ]
      ]
    },
    {
      "file_path": "/media/NFS/ttao/scannet/posed_images/scene0264_00/00316.jpg",
      "transform_matrix": [
        [
          0.447239,
          -0.275814,
          0.850825,
          2.34122
        ],
        [
          -0.894384,
          -0.145826,
          0.422863,
          4.155731
        ],
        [
          0.007441,
          -0.950085,
          -0.311902,
          1.346537
        ],
        [
          0.0,
          0.0,
          0.0,
          1.0
        ]
      ]
    },
    {
      "file_path": "/media/NFS/ttao/scannet/posed_images/scene0264_00/00322.jpg",
      "transform_matrix": [
        [
          0.390147,
          -0.264298,
          0.882005,
          2.406111
        ],
        [
          -0.92041,
          -0.138091,
          0.365755,
          4.166563
        ],
        [
          0.025129,
          -0.954504,
          -0.297138,
          1.343517
        ],
        [
          0.0,
          0.0,
          0.0,
          1.0
        ]
      ]
    },
    {
      "file_path": "/media/NFS/ttao/scannet/posed_images/scene0264_00/00325.jpg",
      "transform_matrix": [
        [
          0.367097,
          -0.279295,
          0.887262,
          2.435993
        ],
        [
          -0.930045,
          -0.126593,
          0.34495,
          4.179059
        ],
        [
          0.015978,
          -0.951824,
          -0.306229,
          1.342746
        ],
        [
          0.0,
          0.0,
          0.0,
          1.0
        ]
      ]
    },
    {
      "file_path": "/media/NFS/ttao/scannet/posed_images/scene0264_00/00333.jpg",
      "transform_matrix": [
        [
          0.292627,
          -0.338367,
          0.894358,
          2.505831
        ],
        [
          -0.956165,
          -0.09296,
          0.27768,
          4.216105
        ],
        [
          -0.010818,
          -0.936411,
          -0.350738,
          1.359182
        ],
        [
          0.0,
          0.0,
          0.0,
          1.0
        ]
      ]
    },
    {
      "file_path": "/media/NFS/ttao/scannet/posed_images/scene0264_00/00338.jpg",
      "transform_matrix": [
        [
          0.244067,
          -0.326849,
          0.913017,
          2.523269
        ],
        [
          -0.969702,
          -0.072085,
          0.233414,
          4.262779
        ],
        [
          -0.010477,
          -0.942323,
          -0.33454,
          1.366794
        ],
        [
          0.0,
          0.0,
          0.0,
          1.0
        ]
      ]
    },
    {
      "file_path": "/media/NFS/ttao/scannet/posed_images/scene0264_00/00345.jpg",
      "transform_matrix": [
        [
          0.125186,
          -0.333071,
          0.934554,
          2.536835
        ],
        [
          -0.991061,
          0.001806,
          0.133399,
          4.340426
        ],
        [
          -0.046119,
          -0.9429,
          -0.329868,
          1.391976
        ],
        [
          0.0,
          0.0,
          0.0,
          1.0
        ]
      ]
    },
    {
      "file_path": "/media/NFS/ttao/scannet/posed_images/scene0264_00/00346.jpg",
      "transform_matrix": [
        [
          0.10598,
          -0.335423,
          0.936087,
          2.539835
        ],
        [
          -0.99289,
          0.015615,
          0.118006,
          4.34743
        ],
        [
          -0.054199,
          -0.941938,
          -0.331384,
          1.392601
        ],
        [
          0.0,
          0.0,
          0.0,
          1.0
        ]
      ]
    },
    {
      "file_path": "/media/NFS/ttao/scannet/posed_images/scene0264_00/00351.jpg",
      "transform_matrix": [
        [
          0.018109,
          -0.356071,
          0.934283,
          2.555376
        ],
        [
          -0.997319,
          0.059833,
          0.042134,
          4.387209
        ],
        [
          -0.070904,
          -0.932541,
          -0.354033,
          1.392546
        ],
        [
          0.0,
          0.0,
          0.0,
          1.0
        ]
      ]
    },
    {
      "file_path": "/media/NFS/ttao/scannet/posed_images/scene0264_00/00361.jpg",
      "transform_matrix": [
        [
          -0.131756,
          -0.325154,
          0.936438,
          2.616874
        ],
        [
          -0.989946,
          0.092187,
          -0.107275,
          4.430508
        ],
        [
          -0.051446,
          -0.941157,
          -0.334031,
          1.394346
        ],
        [
          0.0,
          0.0,
          0.0,
          1.0
        ]
      ]
    },
    {
      "file_path": "/media/NFS/ttao/scannet/posed_images/scene0264_00/00365.jpg",
      "transform_matrix": [
        [
          -0.174567,
          -0.309605,
          0.934704,
          2.659383
        ],
        [
          -0.982651,
          0.11516,
          -0.145377,
          4.440429
        ],
        [
          -0.062631,
          -0.943866,
          -0.324337,
          1.393675
        ],
        [
          0.0,
          0.0,
          0.0,
          1.0
        ]
      ]
    },
    {
      "file_path": "/media/NFS/ttao/scannet/posed_images/scene0264_00/00369.jpg",
      "transform_matrix": [
        [
          -0.24168,
          -0.294414,
          0.924614,
          2.711704
        ],
        [
          -0.966733,
          0.155312,
          -0.203235,
          4.446691
        ],
        [
          -0.083769,
          -0.942973,
          -0.322156,
          1.393795
        ],
        [
          0.0,
          0.0,
          0.0,
          1.0
        ]
      ]
    },
    {
      "file_path": "/media/NFS/ttao/scannet/posed_images/scene0264_00/00373.jpg",
      "transform_matrix": [
        [
          -0.299949,
          -0.30459,
          0.904022,
          2.76518
        ],
        [
          -0.949196,
          0.189835,
          -0.250977,
          4.440135
        ],
        [
          -0.09517,
          -0.933374,
          -0.346056,
          1.402389
        ],
        [
          0.0,
          0.0,
          0.0,
          1.0
        ]
      ]
    },
    {
      "file_path": "/media/NFS/ttao/scannet/posed_images/scene0264_00/00378.jpg",
      "transform_matrix": [
        [
          -0.373074,
          -0.305097,
          0.876203,
          2.8078
        ],
        [
          -0.922073,
          0.226709,
          -0.313663,
          4.438019
        ],
        [
          -0.102945,
          -0.924942,
          -0.365901,
          1.402979
        ],
        [
          0.0,
          0.0,
          0.0,
          1.0
        ]
      ]
    },
    {
      "file_path": "/media/NFS/ttao/scannet/posed_images/scene0264_00/00385.jpg",
      "transform_matrix": [
        [
          -0.44092,
          -0.290184,
          0.849343,
          2.824991
        ],
        [
          -0.89256,
          0.24137,
          -0.380889,
          4.449825
        ],
        [
          -0.094477,
          -0.926031,
          -0.365432,
          1.4159
        ],
        [
          0.0,
          0.0,
          0.0,
          1.0
        ]
      ]
    },
    {
      "file_path": "/media/NFS/ttao/scannet/posed_images/scene0264_00/00390.jpg",
      "transform_matrix": [
        [
          -0.513463,
          -0.269469,
          0.814704,
          2.820988
        ],
        [
          -0.853386,
          0.259864,
          -0.45189,
          4.473543
        ],
        [
          -0.089942,
          -0.927285,
          -0.363391,
          1.431628
        ],
        [
          0.0,
          0.0,
          0.0,
          1.0
        ]
      ]
    },
    {
      "file_path": "/media/NFS/ttao/scannet/posed_images/scene0264_00/00396.jpg",
      "transform_matrix": [
        [
          -0.591042,
          -0.257367,
          0.764481,
          2.806688
        ],
        [
          -0.800861,
          0.300476,
          -0.518012,
          4.512171
        ],
        [
          -0.096388,
          -0.91841,
          -0.383709,
          1.427842
        ],
        [
          0.0,
          0.0,
          0.0,
          1.0
        ]
      ]
    },
    {
      "file_path": "/media/NFS/ttao/scannet/posed_images/scene0264_00/00399.jpg",
      "transform_matrix": [
        [
          -0.638765,
          -0.246768,
          0.728756,
          2.802913
        ],
        [
          -0.764299,
          0.312416,
          -0.564131,
          4.533733
        ],
        [
          -0.088466,
          -0.917334,
          -0.388165,
          1.429273
        ],
        [
          0.0,
          0.0,
          0.0,
          1.0
        ]
      ]
    },
    {
      "file_path": "/media/NFS/ttao/scannet/posed_images/scene0264_00/00409.jpg",
      "transform_matrix": [
        [
          -0.727698,
          -0.22724,
          0.647161,
          2.76754
        ],
        [
          -0.681441,
          0.346898,
          -0.644437,
          4.571466
        ],
        [
          -0.078057,
          -0.909958,
          -0.407287,
          1.419288
        ],
        [
          0.0,
          0.0,
          0.0,
          1.0
        ]
      ]
    },
    {
      "file_path": "/media/NFS/ttao/scannet/posed_images/scene0264_00/00414.jpg",
      "transform_matrix": [
        [
          -0.784919,
          -0.210745,
          0.582656,
          2.765722
        ],
        [
          -0.615998,
          0.366654,
          -0.697217,
          4.580504
        ],
        [
          -0.066698,
          -0.906174,
          -0.417612,
          1.412783
        ],
        [
