{
  "frames": [
    {
      "file_path": "/media/NFS/ttao/scannet/posed_images/scene0540_00/00001.jpg",
      "transform_matrix": [
        [
          -0.67721,
          -0.310843,
          0.666905,
          3.641862
        ],
        [
          -0.735511,
          0.310937,
          -0.601948,
          2.988089
        ],
        [
          -0.020254,
          -0.898162,
          -0.439198,
          1.460538
        ],
        [
          0.0,
          0.0,
          0.0,
          1.0
        ]
      ]
    },
    {
      "file_path": "/media/NFS/ttao/scannet/posed_images/scene0540_00/00005.jpg",
      "transform_matrix": [
        [
          -0.678625,
          -0.312008,
          0.66492,
          3.644269
        ],
        [
          -0.734122,
          0.316606,
          -0.600688,
          2.988214
        ],
        [
          -0.023099,
          -0.895774,
          -0.443909,
          1.461925
        ],
        [
          0.0,
          0.0,
          0.0,
          1.0
        ]
      ]
    },
    {
      "file_path": "/media/NFS/ttao/scannet/posed_images/scene0540_00/00007.jpg",
      "transform_matrix": [
        [
          -0.679891,
          -0.310088,
          0.664525,
          3.645163
        ],
        [
          -0.732842,
          0.31981,
          -0.600554,
          2.987218
        ],
        [
          -0.026297,
          -0.895303,
          -0.444681,
          1.46302
        ],
        [
          0.0,
          0.0,
          0.0,
          1.0
        ]
      ]
    },
    {
      "file_path": "/media/NFS/ttao/scannet/posed_images/scene0540_00/00009.jpg",
      "transform_matrix": [
        [
          -0.681939,
          -0.307691,
          0.66354,
          3.644497
        ],
        [
          -0.730824,
          0.322946,
          -0.601334,
          2.988753
        ],
        [
          -0.029263,
          -0.895004,
          -0.445097,
          1.460718
        ],
        [
          0.0,
          0.0,
          0.0,
          1.0
        ]
      ]
    },
    {
      "file_path": "/media/NFS/ttao/scannet/posed_images/scene0540_00/00013.jpg",
      "transform_matrix": [
        [
          -0.677219,
          -0.311491,
          0.666595,
          3.657046
        ],
        [
          -0.73526,
          0.320595,
          -0.597169,
          2.997145
        ],
        [
          -0.027694,
          -0.894535,
          -0.44614,
          1.467513
        ],
        [
          0.0,
          0.0,
          0.0,
          1.0
        ]
      ]
    },
    {
      "file_path": "/media/NFS/ttao/scannet/posed_images/scene0540_00/00017.jpg",
      "transform_matrix": [
        [
          -0.67477,
          -0.30787,
          0.670747,
          3.658401
        ],
        [
          -0.737364,
          0.319795,
          -0.595001,
          3.000991
        ],
        [
          -0.031319,
          -0.896073,
          -0.4428,
          1.467988
        ],
        [
          0.0,
          0.0,
          0.0,
          1.0
        ]
      ]
    },
    {
      "file_path": "/media/NFS/ttao/scannet/posed_images/scene0540_00/00019.jpg",
      "transform_matrix": [
        [
          -0.674822,
          -0.306875,
          0.671151,
          3.659884
        ],
        [
          -0.737119,
          0.324223,
          -0.592904,
          3.00403
        ],
        [
          -0.035655,
          -0.894823,
          -0.444996,
          1.468853
        ],
        [
          0.0,
          0.0,
          0.0,
          1.0
        ]
      ]
    },
    {
      "file_path": "/media/NFS/ttao/scannet/posed_images/scene0540_00/00023.jpg",
      "transform_matrix": [
        [
          -0.679544,
          -0.30431,
          0.667545,
          3.658601
        ],
        [
          -0.733208,
          0.312762,
          -0.60381,
          3.000796
        ],
        [
          -0.025037,
          -0.899764,
          -0.435658,
          1.472677
        ],
        [
          0.0,
          0.0,
          0.0,
          1.0
        ]
      ]
    },
    {
      "file_path": "/media/NFS/ttao/scannet/posed_images/scene0540_00/00026.jpg",
      "transform_matrix": [
        [
          -0.682534,
          -0.309064,
          0.662288,
          3.665613
        ],
        [
          -0.730789,
          0.300623,
          -0.61284,
          3.008442
        ],
        [
          -0.009692,
          -0.902278,
          -0.431047,
          1.470973
        ],
        [
          0.0,
          0.0,
          0.0,
          1.0
        ]
      ]
    },
    {
      "file_path": "/media/NFS/ttao/scannet/posed_images/scene0540_00/00031.jpg",
      "transform_matrix": [
        [
          -0.680823,
          -0.307923,
          0.664578,
          3.677938
        ],
        [
          -0.732448,
          0.285742,
          -0.617957,
          3.019583
        ],
        [
          0.000385,
          -0.907488,
          -0.420077,
          1.477305
        ],
        [
          0.0,
          0.0,
          0.0,
          1.0
        ]
      ]
    },
    {
      "file_path": "/media/NFS/ttao/scannet/posed_images/scene0540_00/00035.jpg",
      "transform_matrix": [
        [
          -0.693992,
          -0.289753,
          0.659104,
          3.68868
        ],
        [
          -0.719948,
          0.288335,
          -0.631299,
          3.021874
        ],
        [
          -0.007122,
          -0.912637,
          -0.408709,
          1.488032
        ],
        [
          0.0,
          0.0,
          0.0,
          1.0
        ]
      ]
    },
    {
      "file_path": "/media/NFS/ttao/scannet/posed_images/scene0540_00/00037.jpg",
      "transform_matrix": [
        [
          -0.704519,
          -0.272981,
          0.655084,
          3.692178
        ],
        [
          -0.709546,
          0.289196,
          -0.642581,
          3.021891
        ],
        [
          -0.014035,
          -0.917522,
          -0.397437,
          1.493891
        ],
        [
          0.0,
          0.0,
          0.0,
          1.0
        ]
      ]
    },
    {
      "file_path": "/media/NFS/ttao/scannet/posed_images/scene0540_00/00043.jpg",
      "transform_matrix": [
        [
          -0.738412,
          -0.236572,
          0.631491,
          3.71263
        ],
        [
          -0.673811,
          0.296269,
          -0.676908,
          3.020803
        ],
        [
          -0.026954,
          -0.925343,
          -0.378173,
          1.507389
        ],
        [
          0.0,
          0.0,
          0.0,
          1.0
        ]
      ]
    },
    {
      "file_path": "/media/NFS/ttao/scannet/posed_images/scene0540_00/00046.jpg",
      "transform_matrix": [
        [
          -0.755924,
          -0.231093,
          0.612516,
          3.727825
        ],
        [
          -0.654213,
          0.301239,
          -0.69373,
          3.020775
        ],
        [
          -0.024197,
          -0.925122,
          -0.378898,
          1.508438
        ],
        [
          0.0,
          0.0,
          0.0,
          1.0
        ]
      ]
    },
    {
      "file_path": "/media/NFS/ttao/scannet/posed_images/scene0540_00/00047.jpg",
      "transform_matrix": [
        [
          -0.761672,
          -0.229319,
          0.606026,
          3.733333
        ],
        [
          -0.647524,
          0.303779,
          -0.698879,
          3.021519
        ],
        [
          -0.023832,
          -0.924733,
          -0.379869,
          1.509021
        ],
        [
          0.0,
          0.0,
          0.0,
          1.0
        ]
      ]
    },
    {
      "file_path": "/media/NFS/ttao/scannet/posed_images/scene0540_00/00052.jpg",
      "transform_matrix": [
        [
          -0.783131,
          -0.231,
          0.57736,
          3.760278
        ],
        [
          -0.621582,
          0.318371,
          -0.715734,
          3.015173
        ],
        [
          -0.018481,
          -0.919391,
          -0.392912,
          1.493294
        ],
        [
          0.0,
          0.0,
          0.0,
          1.0
        ]
      ]
    },
    {
      "file_path": "/media/NFS/ttao/scannet/posed_images/scene0540_00/00056.jpg",
      "transform_matrix": [
        [
          -0.809087,
          -0.20867,
          0.549396,
          3.794959
        ],
        [
          -0.587211,
          0.324744,
          -0.741434,
          3.004355
        ],
        [
          -0.023698,
          -0.922496,
          -0.385279,
          1.49507
        ],
        [
          0.0,
          0.0,
          0.0,
          1.0
        ]
      ]
    },
    {
      "file_path": "/media/NFS/ttao/scannet/posed_images/scene0540_00/00058.jpg",
      "transform_matrix": [
        [
          -0.822657,
          -0.18839,
          0.536418,
          3.812812
        ],
        [
          -0.567101,
          0.338929,
          -0.750682,
          2.99463
        ],
        [
          -0.040387,
          -0.921757,
          -0.385659,
          1.495926
        ],
        [
          0.0,
          0.0,
          0.0,
          1.0
        ]
      ]
    },
    {
      "file_path": "/media/NFS/ttao/scannet/posed_images/scene0540_00/00063.jpg",
      "transform_matrix": [
        [
          -0.857039,
          -0.129132,
          0.498807,
          3.87483
        ],
        [
          -0.509483,
          0.35683,
          -0.783007,
          2.980619
        ],
        [
          -0.076878,
          -0.925202,
          -0.371607,
          1.496763
        ],
        [
          0.0,
          0.0,
          0.0,
          1.0
        ]
      ]
    },
    {
      "file_path": "/media/NFS/ttao/scannet/posed_images/scene0540_00/00064.jpg",
      "transform_matrix": [
        [
          -0.859449,
          -0.120714,
          0.496765,
          3.886541
        ],
        [
          -0.503586,
          0.367224,
          -0.782015,
          2.975841
        ],
        [
          -0.088024,
          -0.922266,
          -0.3764,
          1.500285
        ],
        [
          0.0,
          0.0,
          0.0,
          1.0
        ]
      ]
    },
    {
      "file_path": "/media/NFS/ttao/scannet/posed_images/scene0540_00/00068.jpg",
      "transform_matrix": [
        [
          -0.873179,
          -0.106484,
          0.475625,
          3.933995
        ],
        [
          -0.477362,
          0.383862,
          -0.790427,
          2.962479
        ],
        [
          -0.098407,
          -0.91723,
          -0.386012,
          1.502133
        ],
        [
          0.0,
          0.0,
          0.0,
          1.0
        ]
      ]
    },
    {
      "file_path": "/media/NFS/ttao/scannet/posed_images/scene0540_00/00070.jpg",
      "transform_matrix": [
        [
          -0.885573,
          -0.094063,
          0.454876,
          3.964229
        ],
        [
          -0.454398,
          0.378552,
          -0.806363,
          2.960671
        ],
        [
          -0.096346,
          -0.920788,
          -0.377978,
          1.506012
        ],
        [
          0.0,
          0.0,
          0.0,
          1.0
        ]
      ]
    },
    {
      "file_path": "/media/NFS/ttao/scannet/posed_images/scene0540_00/00076.jpg",
      "transform_matrix": [
        [
          -0.908363,
          -0.088835,
          0.408637,
          3.997551
        ],
        [
          -0.409036,
          0.391983,
          -0.824038,
          2.957937
        ],
        [
          -0.086975,
          -0.915674,
          -0.392399,
          1.491742
        ],
        [
          0.0,
          0.0,
          0.0,
          1.0
        ]
      ]
    },
    {
      "file_path": "/media/NFS/ttao/scannet/posed_images/scene0540_00/00079.jpg",
      "transform_matrix": [
        [
          -0.924521,
          -0.083469,
          0.371879,
          4.019375
        ],
        [
          -0.372789,
          0.401073,
          -0.836761,
          2.966129
        ],
        [
          -0.079307,
          -0.912235,
          -0.401917,
          1.490883
        ],
        [
          0.0,
          0.0,
          0.0,
          1.0
        ]
      ]
    },
    {
      "file_path": "/media/NFS/ttao/scannet/posed_images/scene0540_00/00080.jpg",
      "transform_matrix": [
        [
          -0.931562,
          -0.079938,
          0.354685,
          4.038579
        ],
        [
          -0.355759,
          0.401689,
          -0.843849,
          2.980283
        ],
        [
          -0.075017,
          -0.912281,
          -0.402637,
          1.490533
        ],
        [
          0.0,
          0.0,
          0.0,
          1.0
        ]
      ]
    },
    {
      "file_path": "/media/NFS/ttao/scannet/posed_images/scene0540_00/00087.jpg",
      "transform_matrix": [
        [
          -0.960113,
          -0.079394,
          0.268104,
          4.065332
        ],
        [
          -0.27733,
          0.392645,
          -0.87688,
          3.035847
        ],
        [
          -0.035651,
          -0.916257,
          -0.399002,
          1.489882
        ],
        [
          0.0,
          0.0,
          0.0,
          1.0
        ]
      ]
    },
    {
      "file_path": "/media/NFS/ttao/scannet/posed_images/scene0540_00/00088.jpg",
      "transform_matrix": [
        [
          -0.962478,
          -0.075439,
          0.260663,
          4.06767
        ],
        [
          -0.268962,
          0.392643,
          -0.879483,
          3.045052
        ],
        [
          -0.036,
          -0.916592,
          -0.3982,
          1.488774
        ],
        [
          0.0,
          0.0,
          0.0,
          1.0
        ]
      ]
    },
    {
      "file_path": "/media/NFS/ttao/scannet/posed_images/scene0540_00/00092.jpg",
      "transform_matrix": [
        [
          -0.97049,
          -0.051615,
          0.235551,
          4.075326
        ],
        [
          -0.236998,
          0.38443,
          -0.892214,
          3.082313
        ],
        [
          -0.044502,
          -0.92171,
          -0.385319,
          1.487341
        ],
        [
          0.0,
          0.0,
          0.0,
          1.0
        ]
      ]
    },
    {
      "file_path": "/media/NFS/ttao/scannet/posed_images/scene0540_00/00097.jpg",
      "transform_matrix": [
        [
          -0.978357,
          -0.032298,
          0.204386,
          4.062043
        ],
        [
          -0.200622,
          0.389956,
          -0.898713,
          3.113125
        ],
        [
          -0.050675,
          -0.920267,
          -0.387996,
          1.495297
        ],
        [
          0.0,
          0.0,
          0.0,
          1.0
        ]
      ]
    },
    {
      "file_path": "/media/NFS/ttao/scannet/posed_images/scene0540_00/00098.jpg",
      "transform_matrix": [
        [
          -0.979838,
          -0.028791,
          0.197709,
          4.055531
        ],
        [
          -0.193155,
          0.389484,
          -0.900551,
          3.117219
        ],
        [
          -0.051076,
          -0.920583,
          -0.387193,
          1.497601
        ],
        [
          0.0,
          0.0,
          0.0,
          1.0
        ]
      ]
    },
    {
      "file_path": "/media/NFS/ttao/scannet/posed_images/scene0540_00/00104.jpg",
      "transform_matrix": [
        [
          -0.986652,
          -0.002843,
          0.162819,
          4.024091
        ],
        [
          -0.152328,
          0.369586,
          -0.916625,
          3.13623
        ],
        [
          -0.057569,
          -0.929192,
          -0.365086,
          1.509729
        ],
        [
          0.0,
          0.0,
          0.0,
          1.0
        ]
      ]
    },
    {
      "file_path": "/media/NFS/ttao/scannet/posed_images/scene0540_00/00105.jpg",
      "transform_matrix": [
        [
          -0.987888,
          9.9e-05,
          0.155167,
          4.014153
        ],
        [
          -0.144044,
          0.371209,
          -0.917309,
          3.138944
        ],
        [
          -0.05769,
          -0.928549,
          -0.366699,
          1.514982
        ],
        [
          0.0,
          0.0,
          0.0,
          1.0
        ]
      ]
    },
    {
      "file_path": "/media/NFS/ttao/scannet/posed_images/scene0540_00/00109.jpg",
      "transform_matrix": [
        [
          -0.989636,
          0.015391,
          0.14277,
          3.996186
        ],
        [
          -0.127697,
          0.360412,
          -0.924011,
          3.142322
        ],
        [
          -0.065677,
          -0.932666,
          -0.354711,
          1.521082
        ],
        [
          0.0,
          0.0,
          0.0,
          1.0
        ]
      ]
    },
    {
      "file_path": "/media/NFS/ttao/scannet/posed_images/scene0540_00/00111.jpg",
      "transform_matrix": [
        [
          -0.990471,
          0.017716,
          0.136575,
          3.991061
        ],
        [
          -0.121442,
          0.355335,
          -0.926817,
          3.143429
        ],
        [
          -0.064949,
          -0.934571,
          -0.349798,
          1.510396
        ],
        [
          0.0,
          0.0,
          0.0,
          1.0
        ]
      ]
    },
    {
      "file_path": "/media/NFS/ttao/scannet/posed_images/scene0540_00/00117.jpg",
      "transform_matrix": [
        [
          -0.993415,
          0.024378,
          0.111947,
          3.969458
        ],
        [
          -0.09589,
          0.357848,
          -0.928843,
          3.129672
        ],
        [
          -0.062703,
          -0.933462,
          -0.353154,
          1.509767
        ],
        [
          0.0,
          0.0,
          0.0,
          1.0
        ]
      ]
    },
    {
      "file_path": "/media/NFS/ttao/scannet/posed_images/scene0540_00/00118.jpg",
      "transform_matrix": [
        [
          -0.993866,
          0.025083,
          0.107706,
          3.968384
        ],
        [
          -0.091669,
          0.357919,
          -0.929242,
          3.125592
        ],
        [
          -0.061858,
          -0.933416,
          -0.353425,
          1.509941
        ],
        [
          0.0,
          0.0,
          0.0,
          1.0
        ]
      ]
    },
    {
      "file_path": "/media/NFS/ttao/scannet/posed_images/scene0540_00/00124.jpg",
      "transform_matrix": [
        [
          -0.997028,
          0.041184,
          0.065101,
          3.945051
        ],
        [
          -0.04659,
          0.350648,
          -0.935348,
          3.098634
        ],
        [
          -0.061349,
          -0.935601,
          -0.347687,
          1.518584
        ],
        [
          0.0,
          0.0,
          0.0,
          1.0
        ]
      ]
    },
    {
      "file_path": "/media/NFS/ttao/scannet/posed_images/scene0540_00/00125.jpg",
      "transform_matrix": [
        [
          -0.997198,
          0.042723,
          0.061401,
          3.941322
        ],
        [
          -0.04258,
          0.350676,
          -0.935528,
          3.094073
        ],
        [
          -0.061501,
          -0.935522,
          -0.347874,
          1.518341
        ],
        [
          0.0,
          0.0,
          0.0,
          1.0
        ]
      ]
    },
    {
      "file_path": "/media/NFS/ttao/scannet/posed_images/scene0540_00/00130.jpg",
      "transform_matrix": [
        [
          -0.997713,
          0.05514,
          0.039084,
          3.916279
        ],
        [
          -0.017235,
          0.351597,
          -0.935993,
          3.072884
        ],
        [
          -0.065352,
          -0.934526,
          -0.349843,
          1.524907
        ],
        [
          0.0,
          0.0,
          0.0,
          1.0
        ]
      ]
    },
    {
      "file_path": "/media/NFS/ttao/scannet/posed_images/scene0540_00/00131.jpg",
      "transform_matrix": [
        [
          -0.997495,
          0.060735,
          0.036264,
          3.907241
        ],
        [
          -0.012644,
          0.351308,
          -0.936175,
          3.071118
        ],
        [
          -0.069599,
          -0.934288,
          -0.34966,
          1.520544
        ],
        [
          0.0,
          0.0,
          0.0,
          1.0
        ]
      ]
    },
    {
      "file_path": "/media/NFS/ttao/scannet/posed_images/scene0540_00/00137.jpg",
      "transform_matrix": [
        [
          -0.996708,
          0.081041,
          -0.002333,
          3.87701
        ],
        [
          0.031055,
          0.355036,
          -0.934336,
          3.050414
        ],
        [
          -0.074891,
          -0.931333,
          -0.356384,
          1.527089
        ],
        [
          0.0,
          0.0,
          0.0,
          1.0
        ]
      ]
    },
    {
      "file_path": "/media/NFS/ttao/scannet/posed_images/scene0540_00/00138.jpg",
      "transform_matrix": [
        [
          -0.996389,
          0.084487,
          -0.008431,
          3.869966
        ],
        [
          0.038154,
          0.356819,
          -0.933394,
          3.047557
        ],
        [
          -0.075852,
          -0.930345,
          -0.358754,
          1.528308
        ],
        [
          0.0,
          0.0,
          0.0,
          1.0
        ]
      ]
    },
    {
      "file_path": "/media/NFS/ttao/scannet/posed_images/scene0540_00/00145.jpg",
      "transform_matrix": [
        [
          -0.991975,
          0.113033,
          -0.056654,
          3.845698
        ],
        [
          0.093419,
          0.353301,
          -0.930834,
          3.033046
        ],
        [
          -0.085199,
          -0.928656,
          -0.361025,
          1.531638
        ],
        [
          0.0,
          0.0,
          0.0,
          1.0
        ]
      ]
    },
    {
      "file_path": "/media/NFS/ttao/scannet/posed_images/scene0540_00/00148.jpg",
      "transform_matrix": [
        [
          -0.989816,
          0.122194,
          -0.073026,
          3.835803
        ],
        [
          0.112272,
          0.354722,
          -0.928206,
          3.032136
        ],
        [
          -0.087517,
          -0.926952,
          -0.364829,
          1.533612
        ],
        [
          0.0,
          0.0,
          0.0,
          1.0
        ]
      ]
    },
    {
      "file_path": "/media/NFS/ttao/scannet/posed_images/scene0540_00/00149.jpg",
      "transform_matrix": [
        [
          -0.989359,
          0.123041,
          -0.077644,
          3.832362
        ],
        [
          0.116923,
          0.354819,
          -0.927595,
          3.032038
        ],
        [
          -0.086583,
          -0.926803,
          -0.36543,
          1.535463
        ],
        [
          0.0,
          0.0,
          0.0,
          1.0
        ]
      ]
    },
    {
      "file_path": "/media/NFS/ttao/scannet/posed_images/scene0540_00/00154.jpg",
      "transform_matrix": [
        [
          -0.985031,
          0.130922,
          -0.112129,
          3.817806
        ],
        [
          0.150815,
          0.33955,
          -0.928419,
          3.041652
        ],
        [
          -0.083477,
          -0.931432,
          -0.354212,
          1.526472
        ],
        [
          0.0,
          0.0,
          0.0,
          1.0
        ]
      ]
    },
    {
      "file_path": "/media/NFS/ttao/scannet/posed_images/scene0540_00/00157.jpg",
      "transform_matrix": [
        [
          -0.981943,
          0.129956,
          -0.137472,
          3.811925
        ],
        [
          0.174062,
          0.336051,
          -0.92562,
          3.044993
        ],
        [
          -0.074092,
          -0.932835,
          -0.352603,
          1.52479
        ],
        [
          0.0,
          0.0,
          0.0,
          1.0
        ]
      ]
    },
    {
      "file_path": "/media/NFS/ttao/scannet/posed_images/scene0540_00/00159.jpg",
      "transform_matrix": [
        [
          -0.978607,
          0.131565,
          -0.158173,
          3.810274
        ],
        [
          0.19415,
          0.336179,
          -0.921569,
          3.045609
        ],
        [
          -0.068072,
          -0.932563,
          -0.35453,
          1.523452
        ],
        [
          0.0,
          0.0,
          0.0,
          1.0
        ]
      ]
    },
    {
      "file_path": "/media/NFS/ttao/scannet/posed_images/scene0540_00/00163.jpg",
      "transform_matrix": [
        [
          -0.970162,
          0.151111,
          -0.189608,
          3.784631
        ],
        [
          0.230579,
          0.333252,
          -0.914208,
          3.051481
        ],
        [
          -0.074959,
          -0.93065,
          -0.358152,
          1.508682
        ],
        [
          0.0,
          0.0,
          0.0,
          1.0
        ]
      ]
    },
    {
      "file_path": "/media/NFS/ttao/scannet/posed_images/scene0540_00/00168.jpg",
      "transform_matrix": [
        [
          -0.958326,
          0.169253,
          -0.230143,
          3.768203
        ],
        [
          0.27631,
          0.34453,
          -0.897191,
          3.047953
        ],
        [
          -0.072561,
          -0.923392,
          -0.376938,
          1.500541
        ],
        [
          0.0,
          0.0,
          0.0,
          1.0
        ]
      ]
    },
    {
      "file_path": "/media/NFS/ttao/scannet/posed_images/scene0540_00/00171.jpg",
      "transform_matrix": [
        [
          -0.949787,
          0.18349,
          -0.253449,
          3.746064
        ],
        [
          0.304001,
          0.349362,
          -0.886301,
          3.041336
        ],
        [
          -0.074082,
          -0.918846,
          -0.3876,
          1.499635
        ],
        [
          0.0,
          0.0,
          0.0,
          1.0
        ]
      ]
    },
    {
      "file_path": "/media/NFS/ttao/scannet/posed_images/scene0540_00/00175.jpg",
      "transform_matrix": [
        [
          -0.938261,
          0.20548,
          -0.278287,
          3.726654
        ],
        [
          0.335617,
          0.345777,
          -0.876241,
          3.027317
        ],
        [
          -0.083825,
          -0.915542,
          -0.393392,
          1.493704
        ],
        [
          0.0,
          0.0,
          0.0,
          1.0
        ]
      ]
    },
    {
      "file_path": "/media/NFS/ttao/scannet/posed_images/scene0540_00/00176.jpg",
      "transform_matrix": [
        [
          -0.935123,
          0.212476,
          -0.283545,
          3.718757
        ],
        [
          0.343311,
          0.345401,
          -0.873404,
          3.024174
        ],
        [
          -0.087641,
          -0.914085,
          -0.395939,
          1.491967
        ],
        [
          0.0,
          0.0,
          0.0,
          1.0
        ]
      ]
    },
    {
      "file_path": "/media/NFS/ttao/scannet/posed_images/scene0540_00/00181.jpg",
      "transform_matrix": [
        [
          -0.91823,
          0.245073,
          -0.311115,
          3.682318
        ],
        [
          0.383228,
          0.35156,
          -0.854132,
          2.995517
        ],
        [
          -0.099949,
          -0.903518,
          -0.416732,
          1.488147
        ],
        [
          0.0,
          0.0,
          0.0,
          1.0
        ]
      ]
    },
    {
      "file_path": "/media/NFS/ttao/scannet/posed_images/scene0540_00/00185.jpg",
      "transform_matrix": [
        [
          -0.904688,
          0.257472,
          -0.33948,
          3.653434
        ],
        [
          0.414445,
          0.346901,
          -0.841365,
          2.974344
        ],
        [
          -0.098862,
          -0.901869,
          -0.420545,
          1.482376
        ],
        [
          0.0,
          0.0,
          0.0,
          1.0
        ]
      ]
    },
    {
      "file_path": "/media/NFS/ttao/scannet/posed_images/scene0540_00/00188.jpg",
      "transform_matrix": [
        [
          -0.892022,
          0.266678,
          -0.364936,
          3.634264
        ],
        [
          0.442007,
          0.345915,
          -0.827631,
          2.955985
        ],
        [
          -0.094474,
          -0.89957,
          -0.426438,
          1.472887
        ],
        [
          0.0,
          0.0,
          0.0,
          1.0
        ]
      ]
    },
    {
      "file_path": "/media/NFS/ttao/scannet/posed_images/scene0540_00/00191.jpg",
      "transform_matrix": [
        [
          -0.879173,
          0.30452,
          -0.3665,
          3.571399
        ],
        [
          0.461128,
          0.349925,
          -0.815422,
          2.942279
        ],
        [
          -0.120065,
          -0.885901,
          -0.448067,
          1.478487
        ],
        [
          0.0,
          0.0,
          0.0,
          1.0
        ]
      ]
    },
    {
      "file_path": "/media/NFS/ttao/scannet/posed_images/scene0540_00/00194.jpg",
      "transform_matrix": [
        [
          -0.865076,
          0.318469,
          -0.387584,
          3.545678
        ],
        [
          0.48746,
          0.351257,
          -0.799375,
          2.92563
        ],
        [
          -0.118434,
          -0.880452,
          -0.459105,
          1.467222
        ],
        [
          0.0,
          0.0,
          0.0,
          1.0
        ]
      ]
    },
    {
      "file_path": "/media/NFS/ttao/scannet/posed_images/scene0540_00/00199.jpg",
      "transform_matrix": [
        [
          -0.84393,
          0.334537,
          -0.419365,
          3.497926
        ],
        [
          0.526156,
          0.363751,
          -0.768664,
          2.89936
        ],
        [
          -0.104602,
          -0.869351,
          -0.482999,
          1.451453
        ],
        [
          0.0,
          0.0,
          0.0,
          1.0
        ]
      ]
    },
    {
      "file_path": "/media/NFS/ttao/scannet/posed_images/scene0540_00/00200.jpg",
      "transform_matrix": [
        [
          -0.841031,
          0.340958,
          -0.420018,
          3.47442
        ],
        [
          0.530952,
          0.371382,
          -0.761685,
          2.889736
        ],
        [
          -0.103715,
          -0.863611,
          -0.493376,
          1.4583
        ],
        [
          0.0,
          0.0,
          0.0,
          1.0
        ]
      ]
    },
    {
      "file_path": "/media/NFS/ttao/scannet/posed_images/scene0540_00/00203.jpg",
      "transform_matrix": [
        [
          -0.825892,
          0.355699,
          -0.43747,
          3.449206
        ],
        [
          0.554636,
          0.373003,
          -0.743806,
          2.876187
        ],
        [
          -0.101394,
          -0.85694,
          -0.505344,
          1.450411
        ],
        [
          0.0,
          0.0,
          0.0,
          1.0
        ]
      ]
    },
    {
      "file_path": "/media/NFS/ttao/scannet/posed_images/scene0540_00/00209.jpg",
      "transform_matrix": [
        [
          -0.787556,
          0.391772,
          -0.475679,
          3.406805
        ],
        [
          0.607103,
          0.360805,
          -0.707987,
          2.851464
        ],
        [
          -0.105741,
          -0.846366,
          -0.522,
          1.440853
        ],
        [
          0.0,
          0.0,
          0.0,
          1.0
        ]
      ]
    },
    {
      "file_path": "/media/NFS/ttao/scannet/posed_images/scene0540_00/00212.jpg",
      "transform_matrix": [
        [
          -0.765271,
          0.405311,
          -0.500084,
          3.387837
        ],
        [
          0.635988,
          0.356109,
          -0.684621,
          2.832364
        ],
        [
          -0.0994,
          -0.841968,
          -0.530293,
          1.442012
        ],
        [
          0.0,
          0.0,
          0.0,
          1.0
        ]
      ]
    },
    {
      "file_path": "/media/NFS/ttao/scannet/posed_images/scene0540_00/00213.jpg",
      "transform_matrix": [
        [
          -0.756057,
          0.409735,
          -0.510387,
          3.386539
        ],
        [
          0.647387,
          0.353461,
          -0.675245,
          2.826061
        ],
        [
          -0.09627,
          -0.840942,
          -0.532494,
          1.440548
        ],
        [
          0.0,
          0.0,
          0.0,
          1.0
        ]
      ]
    },
    {
      "file_path": "/media/NFS/ttao/scannet/posed_images/scene0540_00/00219.jpg",
      "transform_matrix": [
        [
          -0.698387,
          0.446066,
          -0.559715,
          3.375997
        ],
        [
          0.710801,
          0.340738,
          -0.615354,
          2.790881
        ],
        [
          -0.083772,
          -0.827601,
          -0.555031,
          1.43675
        ],
        [
          0.0,
          0.0,
          0.0,
          1.0
        ]
      ]
    },
    {
      "file_path": "/media/NFS/ttao/scannet/posed_images/scene0540_00/00222.jpg",
      "transform_matrix": [
        [
          -0.664099,
          0.463344,
          -0.586758,
          3.378147
        ],
        [
          0.744862,
          0.342391,
          -0.572669,
          2.77029
        ],
        [
          -0.064442,
          -0.817362,
          -0.572509,
          1.433972
        ],
        [
          0.0,
          0.0,
          0.0,
          1.0
        ]
      ]
    },
    {
      "file_path": "/media/NFS/ttao/scannet/posed_images/scene0540_00/00225.jpg",
      "transform_matrix": [
        [
          -0.642773,
          0.466713,
          -0.607472,
          3.384027
        ],
        [
          0.764531,
          0.340802,
          -0.547125,
          2.754914
        ],
        [
          -0.048323,
          -0.816108,
          -0.575875,
          1.424694
        ],
        [
          0.0,
          0.0,
          0.0,
          1.0
        ]
      ]
    },
    {
      "file_path": "/media/NFS/ttao/scannet/posed_images/scene0540_00/00227.jpg",
      "transform_matrix": [
        [
          -0.637447,
          0.461351,
          -0.617103,
          3.388875
        ],
        [
          0.769419,
          0.338861,
          -0.54145,
          2.741538
        ],
        [
          -0.040686,
          -0.819957,
          -0.570978,
          1.416254
        ],
        [
          0.0,
          0.0,
          0.0,
          1.0
        ]
      ]
    },
    {
      "file_path": "/media/NFS/ttao/scannet/posed_images/scene0540_00/00232.jpg",
      "transform_matrix": [
        [
          -0.63012,
          0.443229,
          -0.637571,
          3.373327
        ],
        [
          0.77647,
          0.352715,
          -0.522194,
          2.705197
        ],
        [
          -0.006571,
          -0.8241,
          -0.566407,
          1.386205
        ],
        [
          0.0,
          0.0,
          0.0,
          1.0
        ]
      ]
    },
    {
      "file_path": "/media/NFS/ttao/scannet/posed_images/scene0540_00/00235.jpg",
      "transform_matrix": [
        [
          -0.648059,
          0.433498,
          -0.626178,
          3.356448
        ],
        [
          0.761588,
          0.366783,
          -0.534279,
          2.685046
        ],
        [
          -0.001937,
          -0.823134,
          -0.567844,
          1.373377
        ],
        [
          0.0,
          0.0,
          0.0,
          1.0
        ]
      ]
    },
    {
      "file_path": "/media/NFS/ttao/scannet/posed_images/scene0540_00/00238.jpg",
      "transform_matrix": [
        [
          -0.659855,
          0.40624,
          -0.632108,
          3.339783
        ],
        [
          0.751177,
          0.376809,
          -0.541986,
          2.669357
        ],
        [
          0.018008,
          -0.832457,
          -0.553797,
          1.363117
        ],
        [
          0.0,
          0.0,
          0.0,
          1.0
        ]
      ]
    },
    {
      "file_path": "/media/NFS/ttao/scannet/posed_images/scene0540_00/00242.jpg",
      "transform_matrix": [
        [
          -0.681432,
          0.429573,
          -0.592552,
          3.322343
        ],
        [
          0.731692,
          0.381412,
          -0.564936,
          2.647806
        ],
        [
          -0.016675,
          -0.818531,
          -0.574221,
          1.358108
        ],
        [
          0.0,
          0.0,
          0.0,
          1.0
        ]
      ]
    },
    {
      "file_path": "/media/NFS/ttao/scannet/posed_images/scene0540_00/00246.jpg",
      "transform_matrix": [
        [
          -0.68188,
          0.440354,
          -0.584061,
          3.304491
        ],
        [
          0.731023,
          0.382538,
          -0.56504,
          2.630347
        ],
        [
          -0.025392,
          -0.812252,
          -0.582754,
          1.353787
        ],
        [
          0.0,
          0.0,
          0.0,
          1.0
        ]
      ]
    },
    {
      "file_path": "/media/NFS/ttao/scannet/posed_images/scene0540_00/00247.jpg",
      "transform_matrix": [
        [
          -0.681934,
          0.438925,
          -0.585072,
          3.302534
        ],
        [
          0.730973,
          0.381228,
          -0.565989,
          2.626003
        ],
        [
          -0.025381,
          -0.81364,
          -0.580815,
          1.352844
        ],
        [
          0.0,
          0.0,
          0.0,
          1.0
        ]
      ]
    },
    {
      "file_path": "/media/NFS/ttao/scannet/posed_images/scene0540_00/00252.jpg",
      "transform_matrix": [
        [
          -0.694426,
          0.437795,
          -0.571059,
          3.297791
        ],
        [
          0.718756,
          0.384435,
          -0.579309,
          2.602473
        ],
        [
          -0.034083,
          -0.81274,
          -0.581629,
          1.357639
        ],
        [
          0.0,
          0.0,
          0.0,
          1.0
        ]
      ]
    },
    {
      "file_path": "/media/NFS/ttao/scannet/posed_images/scene0540_00/00254.jpg",
      "transform_matrix": [
        [
          -0.690965,
          0.439743,
          -0.573753,
          3.297099
        ],
        [
          0.722078,
          0.382299,
          -0.576585,
          2.594194
        ],
        [
          -0.034204,
          -0.812695,
          -0.581684,
          1.358842
        ],
        [
          0.0,
          0.0,
          0.0,
          1.0
        ]
      ]
    },
    {
      "file_path": "/media/NFS/ttao/scannet/posed_images/scene0540_00/00260.jpg",
      "transform_matrix": [
        [
          -0.676758,
          0.450297,
          -0.582435,
          3.288243
        ],
        [
          0.734716,
          0.362799,
          -0.57321,
          2.584209
        ],
        [
          -0.046808,
          -0.815849,
          -0.576368,
          1.366481
        ],
        [
          0.0,
          0.0,
          0.0,
          1.0
        ]
      ]
    },
    {
      "file_path": "/media/NFS/ttao/scannet/posed_images/scene0540_00/00261.jpg",
      "transform_matrix": [
        [
          -0.669671,
          0.460184,
          -0.582899,
          3.286716
        ],
        [
          0.740826,
          0.358839,
          -0.567813,
          2.581065
        ],
