{
  "frames": [
    {
      "file_path": "/media/NFS/ttao/scannet/posed_images/scene0221_00/00000.jpg",
      "transform_matrix": [
        [
          -0.492487,
          -0.142614,
          0.858555,
          6.169727
        ],
        [
          -0.869976,
          0.108405,
          -0.481031,
          3.184682
        ],
        [
          -0.024469,
          -0.983824,
          -0.177459,
          1.707875
        ],
        [
          0.0,
          0.0,
          0.0,
          1.0
        ]
      ]
    },
    {
      "file_path": "/media/NFS/ttao/scannet/posed_images/scene0221_00/00003.jpg",
      "transform_matrix": [
        [
          -0.500741,
          -0.152892,
          0.851988,
          6.167504
        ],
        [
          -0.865405,
          0.109167,
          -0.489037,
          3.19419
        ],
        [
          -0.018239,
          -0.982195,
          -0.186978,
          1.705326
        ],
        [
          0.0,
          0.0,
          0.0,
          1.0
        ]
      ]
    },
    {
      "file_path": "/media/NFS/ttao/scannet/posed_images/scene0221_00/00006.jpg",
      "transform_matrix": [
        [
          -0.50634,
          -0.146943,
          0.849722,
          6.163996
        ],
        [
          -0.862099,
          0.109273,
          -0.494818,
          3.1952
        ],
        [
          -0.020142,
          -0.983091,
          -0.182009,
          1.707013
        ],
        [
          0.0,
          0.0,
          0.0,
          1.0
        ]
      ]
    },
    {
      "file_path": "/media/NFS/ttao/scannet/posed_images/scene0221_00/00009.jpg",
      "transform_matrix": [
        [
          -0.517061,
          -0.146305,
          0.843352,
          6.164949
        ],
        [
          -0.85567,
          0.113474,
          -0.504928,
          3.200581
        ],
        [
          -0.021825,
          -0.98271,
          -0.183862,
          1.706889
        ],
        [
          0.0,
          0.0,
          0.0,
          1.0
        ]
      ]
    },
    {
      "file_path": "/media/NFS/ttao/scannet/posed_images/scene0221_00/00014.jpg",
      "transform_matrix": [
        [
          -0.567449,
          -0.135549,
          0.812175,
          6.17691
        ],
        [
          -0.823337,
          0.10635,
          -0.557499,
          3.218445
        ],
        [
          -0.010807,
          -0.985047,
          -0.17195,
          1.716303
        ],
        [
          0.0,
          0.0,
          0.0,
          1.0
        ]
      ]
    },
    {
      "file_path": "/media/NFS/ttao/scannet/posed_images/scene0221_00/00016.jpg",
      "transform_matrix": [
        [
          -0.595373,
          -0.136809,
          0.791716,
          6.187898
        ],
        [
          -0.803402,
          0.112077,
          -0.584794,
          3.228252
        ],
        [
          -0.008728,
          -0.984237,
          -0.17664,
          1.723682
        ],
        [
          0.0,
          0.0,
          0.0,
          1.0
        ]
      ]
    },
    {
      "file_path": "/media/NFS/ttao/scannet/posed_images/scene0221_00/00021.jpg",
      "transform_matrix": [
        [
          -0.666933,
          -0.147394,
          0.730394,
          6.201737
        ],
        [
          -0.745116,
          0.134273,
          -0.653279,
          3.233616
        ],
        [
          -0.001783,
          -0.979921,
          -0.199377,
          1.698975
        ],
        [
          0.0,
          0.0,
          0.0,
          1.0
        ]
      ]
    },
    {
      "file_path": "/media/NFS/ttao/scannet/posed_images/scene0221_00/00025.jpg",
      "transform_matrix": [
        [
          -0.722677,
          -0.158741,
          0.67271,
          6.22279
        ],
        [
          -0.691076,
          0.183324,
          -0.699147,
          3.24679
        ],
        [
          -0.012341,
          -0.970152,
          -0.242185,
          1.695902
        ],
        [
          0.0,
          0.0,
          0.0,
          1.0
        ]
      ]
    },
    {
      "file_path": "/media/NFS/ttao/scannet/posed_images/scene0221_00/00027.jpg",
      "transform_matrix": [
        [
          -0.749777,
          -0.159437,
          0.642196,
          6.231922
        ],
        [
          -0.66163,
          0.193883,
          -0.724331,
          3.253935
        ],
        [
          -0.009026,
          -0.967982,
          -0.250857,
          1.690251
        ],
        [
          0.0,
          0.0,
          0.0,
          1.0
        ]
      ]
    },
    {
      "file_path": "/media/NFS/ttao/scannet/posed_images/scene0221_00/00029.jpg",
      "transform_matrix": [
        [
          -0.781269,
          -0.160791,
          0.60313,
          6.22965
        ],
        [
          -0.624183,
          0.207139,
          -0.753319,
          3.256563
        ],
        [
          -0.003805,
          -0.965008,
          -0.262194,
          1.689449
        ],
        [
          0.0,
          0.0,
          0.0,
          1.0
        ]
      ]
    },
    {
      "file_path": "/media/NFS/ttao/scannet/posed_images/scene0221_00/00033.jpg",
      "transform_matrix": [
        [
          -0.842827,
          -0.135936,
          0.520734,
          6.212795
        ],
        [
          -0.537984,
          0.239172,
          -0.808313,
          3.253283
        ],
        [
          -0.014666,
          -0.961415,
          -0.274712,
          1.639335
        ],
        [
          0.0,
          0.0,
          0.0,
          1.0
        ]
      ]
    },
    {
      "file_path": "/media/NFS/ttao/scannet/posed_images/scene0221_00/00038.jpg",
      "transform_matrix": [
        [
          -0.908363,
          -0.085285,
          0.409394,
          6.190524
        ],
        [
          -0.416236,
          0.278746,
          -0.865476,
          3.241121
        ],
        [
          -0.040305,
          -0.956571,
          -0.288701,
          1.62928
        ],
        [
          0.0,
          0.0,
          0.0,
          1.0
        ]
      ]
    },
    {
      "file_path": "/media/NFS/ttao/scannet/posed_images/scene0221_00/00039.jpg",
      "transform_matrix": [
        [
          -0.918834,
          -0.076835,
          0.387093,
          6.185449
        ],
        [
          -0.392259,
          0.285499,
          -0.874427,
          3.239855
        ],
        [
          -0.043328,
          -0.955294,
          -0.292465,
          1.627538
        ],
        [
          0.0,
          0.0,
          0.0,
          1.0
        ]
      ]
    },
    {
      "file_path": "/media/NFS/ttao/scannet/posed_images/scene0221_00/00043.jpg",
      "transform_matrix": [
        [
          -0.951661,
          -0.032304,
          0.305446,
          6.16456
        ],
        [
          -0.299744,
          0.314719,
          -0.900614,
          3.224764
        ],
        [
          -0.067036,
          -0.948635,
          -0.309189,
          1.611621
        ],
        [
          0.0,
          0.0,
          0.0,
          1.0
        ]
      ]
    },
    {
      "file_path": "/media/NFS/ttao/scannet/posed_images/scene0221_00/00047.jpg",
      "transform_matrix": [
        [
          -0.971142,
          -0.002774,
          0.238486,
          6.13759
        ],
        [
          -0.225927,
          0.331096,
          -0.916151,
          3.216306
        ],
        [
          -0.076421,
          -0.943593,
          -0.322168,
          1.605815
        ],
        [
          0.0,
          0.0,
          0.0,
          1.0
        ]
      ]
    },
    {
      "file_path": "/media/NFS/ttao/scannet/posed_images/scene0221_00/00050.jpg",
      "transform_matrix": [
        [
          -0.973067,
          0.023378,
          0.229334,
          6.084279
        ],
        [
          -0.208995,
          0.33032,
          -0.92044,
          3.200585
        ],
        [
          -0.097272,
          -0.94358,
          -0.316538,
          1.599788
        ],
        [
          0.0,
          0.0,
          0.0,
          1.0
        ]
      ]
    },
    {
      "file_path": "/media/NFS/ttao/scannet/posed_images/scene0221_00/00052.jpg",
      "transform_matrix": [
        [
          -0.977099,
          0.033809,
          0.210083,
          6.069685
        ],
        [
          -0.18759,
          0.329156,
          -0.925455,
          3.195776
        ],
        [
          -0.100439,
          -0.94367,
          -0.315276,
          1.597009
        ],
        [
          0.0,
          0.0,
          0.0,
          1.0
        ]
      ]
    },
    {
      "file_path": "/media/NFS/ttao/scannet/posed_images/scene0221_00/00055.jpg",
      "transform_matrix": [
        [
          -0.981119,
          0.049981,
          0.186835,
          6.04566
        ],
        [
          -0.160133,
          0.331801,
          -0.929659,
          3.185637
        ],
        [
          -0.108457,
          -0.942025,
          -0.317533,
          1.591379
        ],
        [
          0.0,
          0.0,
          0.0,
          1.0
        ]
      ]
    },
    {
      "file_path": "/media/NFS/ttao/scannet/posed_images/scene0221_00/00059.jpg",
      "transform_matrix": [
        [
          -0.985689,
          0.06629,
          0.154991,
          6.012698
        ],
        [
          -0.122219,
          0.352204,
          -0.927909,
          3.168523
        ],
        [
          -0.1161,
          -0.933573,
          -0.339062,
          1.574828
        ],
        [
          0.0,
          0.0,
          0.0,
          1.0
        ]
      ]
    },
    {
      "file_path": "/media/NFS/ttao/scannet/posed_images/scene0221_00/00061.jpg",
      "transform_matrix": [
        [
          -0.985756,
          0.065737,
          0.154804,
          5.979684
        ],
        [
          -0.119408,
          0.374638,
          -0.91945,
          3.151651
        ],
        [
          -0.118437,
          -0.924838,
          -0.361452,
          1.569713
        ],
        [
          0.0,
          0.0,
          0.0,
          1.0
        ]
      ]
    },
    {
      "file_path": "/media/NFS/ttao/scannet/posed_images/scene0221_00/00067.jpg",
      "transform_matrix": [
        [
          -0.989616,
          0.031273,
          0.140295,
          5.913598
        ],
        [
          -0.113047,
          0.433479,
          -0.894045,
          3.122502
        ],
        [
          -0.088774,
          -0.900621,
          -0.425443,
          1.533739
        ],
        [
          0.0,
          0.0,
          0.0,
          1.0
        ]
      ]
    },
    {
      "file_path": "/media/NFS/ttao/scannet/posed_images/scene0221_00/00068.jpg",
      "transform_matrix": [
        [
          -0.989582,
          0.022392,
          0.142217,
          5.901217
        ],
        [
          -0.117789,
          0.442071,
          -0.889212,
          3.116715
        ],
        [
          -0.082781,
          -0.8967,
          -0.434828,
          1.529235
        ],
        [
          0.0,
          0.0,
          0.0,
          1.0
        ]
      ]
    },
    {
      "file_path": "/media/NFS/ttao/scannet/posed_images/scene0221_00/00073.jpg",
      "transform_matrix": [
        [
          -0.989011,
          -0.017318,
          0.146827,
          5.834199
        ],
        [
          -0.13728,
          0.476234,
          -0.868536,
          3.094251
        ],
        [
          -0.054882,
          -0.879148,
          -0.473378,
          1.502176
        ],
        [
          0.0,
          0.0,
          0.0,
          1.0
        ]
      ]
    },
    {
      "file_path": "/media/NFS/ttao/scannet/posed_images/scene0221_00/00074.jpg",
      "transform_matrix": [
        [
          -0.9887,
          -0.026661,
          0.147519,
          5.820675
        ],
        [
          -0.142191,
          0.478468,
          -0.866516,
          3.089741
        ],
        [
          -0.04748,
          -0.8777,
          -0.476853,
          1.500401
        ],
        [
          0.0,
          0.0,
          0.0,
          1.0
        ]
      ]
    },
    {
      "file_path": "/media/NFS/ttao/scannet/posed_images/scene0221_00/00078.jpg",
      "transform_matrix": [
        [
          -0.990477,
          -0.045649,
          0.129887,
          5.782543
        ],
        [
          -0.136292,
          0.458519,
          -0.878171,
          3.070275
        ],
        [
          -0.019468,
          -0.887511,
          -0.460374,
          1.506114
        ],
        [
          0.0,
          0.0,
          0.0,
          1.0
        ]
      ]
    },
    {
      "file_path": "/media/NFS/ttao/scannet/posed_images/scene0221_00/00083.jpg",
      "transform_matrix": [
        [
          -0.994409,
          -0.033212,
          0.100238,
          5.730078
        ],
        [
          -0.105128,
          0.400666,
          -0.910173,
          3.037652
        ],
        [
          -0.009934,
          -0.915622,
          -0.401918,
          1.533224
        ],
        [
          0.0,
          0.0,
          0.0,
          1.0
        ]
      ]
    },
    {
      "file_path": "/media/NFS/ttao/scannet/posed_images/scene0221_00/00084.jpg",
      "transform_matrix": [
        [
          -0.99528,
          -0.026887,
          0.093244,
          5.723034
        ],
        [
          -0.09641,
          0.383503,
          -0.918494,
          3.031999
        ],
        [
          -0.011064,
          -0.923148,
          -0.384285,
          1.540735
        ],
        [
          0.0,
          0.0,
          0.0,
          1.0
        ]
      ]
    },
    {
      "file_path": "/media/NFS/ttao/scannet/posed_images/scene0221_00/00087.jpg",
      "transform_matrix": [
        [
          -0.997723,
          -0.008401,
          0.066925,
          5.698853
        ],
        [
          -0.065885,
          0.333875,
          -0.940312,
          3.013139
        ],
        [
          -0.014444,
          -0.94258,
          -0.333669,
          1.567913
        ],
        [
          0.0,
          0.0,
          0.0,
          1.0
        ]
      ]
    },
    {
      "file_path": "/media/NFS/ttao/scannet/posed_images/scene0221_00/00093.jpg",
      "transform_matrix": [
        [
          -0.99773,
          0.040908,
          0.053503,
          5.64025
        ],
        [
          -0.04311,
          0.222432,
          -0.973995,
          2.993933
        ],
        [
          -0.051745,
          -0.97409,
          -0.220163,
          1.608167
        ],
        [
          0.0,
          0.0,
          0.0,
          1.0
        ]
      ]
    },
    {
      "file_path": "/media/NFS/ttao/scannet/posed_images/scene0221_00/00096.jpg",
      "transform_matrix": [
        [
          -0.997667,
          0.05515,
          0.040229,
          5.616169
        ],
        [
          -0.028459,
          0.199632,
          -0.979458,
          2.973871
        ],
        [
          -0.062049,
          -0.978318,
          -0.197597,
          1.621502
        ],
        [
          0.0,
          0.0,
          0.0,
          1.0
        ]
      ]
    },
    {
      "file_path": "/media/NFS/ttao/scannet/posed_images/scene0221_00/00097.jpg",
      "transform_matrix": [
        [
          -0.997525,
          0.061954,
          0.033251,
          5.608172
        ],
        [
          -0.020196,
          0.200525,
          -0.979481,
          2.965819
        ],
        [
          -0.06735,
          -0.977728,
          -0.198778,
          1.624469
        ],
        [
          0.0,
          0.0,
          0.0,
          1.0
        ]
      ]
    },
    {
      "file_path": "/media/NFS/ttao/scannet/posed_images/scene0221_00/00100.jpg",
      "transform_matrix": [
        [
          -0.997471,
          0.070505,
          0.008968,
          5.585997
        ],
        [
          0.005102,
          0.196884,
          -0.980413,
          2.953079
        ],
        [
          -0.070889,
          -0.977889,
          -0.196746,
          1.622159
        ],
        [
          0.0,
          0.0,
          0.0,
          1.0
        ]
      ]
    },
    {
      "file_path": "/media/NFS/ttao/scannet/posed_images/scene0221_00/00104.jpg",
      "transform_matrix": [
        [
          -0.995577,
          0.077946,
          -0.052446,
          5.550022
        ],
        [
          0.06805,
          0.21344,
          -0.974583,
          2.924556
        ],
        [
          -0.06477,
          -0.973842,
          -0.2178,
          1.615268
        ],
        [
          0.0,
          0.0,
          0.0,
          1.0
        ]
      ]
    },
    {
      "file_path": "/media/NFS/ttao/scannet/posed_images/scene0221_00/00108.jpg",
      "transform_matrix": [
        [
          -0.985188,
          0.105857,
          -0.134903,
          5.524075
        ],
        [
          0.158255,
          0.258354,
          -0.953,
          2.900084
        ],
        [
          -0.066029,
          -0.960233,
          -0.27128,
          1.601504
        ],
        [
          0.0,
          0.0,
          0.0,
          1.0
        ]
      ]
    },
    {
      "file_path": "/media/NFS/ttao/scannet/posed_images/scene0221_00/00112.jpg",
      "transform_matrix": [
        [
          -0.966944,
          0.15463,
          -0.202756,
          5.478623
        ],
        [
          0.241079,
          0.295331,
          -0.924478,
          2.903017
        ],
        [
          -0.083072,
          -0.942799,
          -0.322846,
          1.567111
        ],
        [
          0.0,
          0.0,
          0.0,
          1.0
        ]
      ]
    },
    {
      "file_path": "/media/NFS/ttao/scannet/posed_images/scene0221_00/00116.jpg",
      "transform_matrix": [
        [
          -0.934959,
          0.201685,
          -0.291847,
          5.446839
        ],
        [
          0.343,
          0.303903,
          -0.888816,
          2.898127
        ],
        [
          -0.090568,
          -0.93111,
          -0.353315,
          1.562794
        ],
        [
          0.0,
          0.0,
          0.0,
          1.0
        ]
      ]
    },
    {
      "file_path": "/media/NFS/ttao/scannet/posed_images/scene0221_00/00119.jpg",
      "transform_matrix": [
        [
          -0.913633,
          0.230318,
          -0.335007,
          5.426815
        ],
        [
          0.394252,
          0.300875,
          -0.868354,
          2.905719
        ],
        [
          -0.099202,
          -0.925434,
          -0.365693,
          1.560622
        ],
        [
          0.0,
          0.0,
          0.0,
          1.0
        ]
      ]
    },
    {
      "file_path": "/media/NFS/ttao/scannet/posed_images/scene0221_00/00121.jpg",
      "transform_matrix": [
        [
          -0.910035,
          0.244235,
          -0.334941,
          5.382307
        ],
        [
          0.399532,
          0.301395,
          -0.865757,
          2.928075
        ],
        [
          -0.110499,
          -0.921689,
          -0.37186,
          1.554295
        ],
        [
          0.0,
          0.0,
          0.0,
          1.0
        ]
      ]
    },
    {
      "file_path": "/media/NFS/ttao/scannet/posed_images/scene0221_00/00125.jpg",
      "transform_matrix": [
        [
          -0.900743,
          0.26891,
          -0.341102,
          5.359374
        ],
        [
          0.417414,
          0.318731,
          -0.850985,
          2.960857
        ],
        [
          -0.120118,
          -0.908899,
          -0.399342,
          1.542343
        ],
        [
          0.0,
          0.0,
          0.0,
          1.0
        ]
      ]
    },
    {
      "file_path": "/media/NFS/ttao/scannet/posed_images/scene0221_00/00126.jpg",
      "transform_matrix": [
        [
          -0.902068,
          0.271509,
          -0.335494,
          5.356003
        ],
        [
          0.413859,
          0.323617,
          -0.850878,
          2.970808
        ],
        [
          -0.122449,
          -0.906397,
          -0.404291,
          1.537594
        ],
        [
          0.0,
          0.0,
          0.0,
          1.0
        ]
      ]
    },
    {
      "file_path": "/media/NFS/ttao/scannet/posed_images/scene0221_00/00132.jpg",
      "transform_matrix": [
        [
          -0.92483,
          0.266292,
          -0.271622,
          5.339086
        ],
        [
          0.361041,
          0.389725,
          -0.84721,
          3.024889
        ],
        [
          -0.119747,
          -0.881591,
          -0.456571,
          1.521838
        ],
        [
          0.0,
          0.0,
          0.0,
          1.0
        ]
      ]
    },
    {
      "file_path": "/media/NFS/ttao/scannet/posed_images/scene0221_00/00133.jpg",
      "transform_matrix": [
        [
          -0.928623,
          0.260683,
          -0.264016,
          5.333758
        ],
        [
          0.351928,
          0.393517,
          -0.849289,
          3.036198
        ],
        [
          -0.1175,
          -0.881583,
          -0.45717,
          1.521311
        ],
        [
          0.0,
          0.0,
          0.0,
          1.0
        ]
      ]
    },
    {
      "file_path": "/media/NFS/ttao/scannet/posed_images/scene0221_00/00136.jpg",
      "transform_matrix": [
        [
          -0.934,
          0.248153,
          -0.257029,
          5.33597
        ],
        [
          0.341926,
          0.412278,
          -0.844461,
          3.064974
        ],
        [
          -0.103588,
          -0.876611,
          -0.469918,
          1.49957
        ],
        [
          0.0,
          0.0,
          0.0,
          1.0
        ]
      ]
    },
    {
      "file_path": "/media/NFS/ttao/scannet/posed_images/scene0221_00/00140.jpg",
      "transform_matrix": [
        [
          -0.936796,
          0.24291,
          -0.25181,
          5.335834
        ],
        [
          0.338179,
          0.444101,
          -0.829705,
          3.092221
        ],
        [
          -0.089714,
          -0.862421,
          -0.498179,
          1.483564
        ],
        [
          0.0,
          0.0,
          0.0,
          1.0
        ]
      ]
    },
    {
      "file_path": "/media/NFS/ttao/scannet/posed_images/scene0221_00/00145.jpg",
      "transform_matrix": [
        [
          -0.920004,
          0.28228,
          -0.271865,
          5.344773
        ],
        [
          0.379583,
          0.469202,
          -0.79735,
          3.109775
        ],
        [
          -0.097517,
          -0.83676,
          -0.538816,
          1.459954
        ],
        [
          0.0,
          0.0,
          0.0,
          1.0
        ]
      ]
    },
    {
      "file_path": "/media/NFS/ttao/scannet/posed_images/scene0221_00/00146.jpg",
      "transform_matrix": [
        [
          -0.912997,
          0.293781,
          -0.28307,
          5.348054
        ],
        [
          0.395986,
          0.471245,
          -0.788114,
          3.111451
        ],
        [
          -0.098138,
          -0.831637,
          -0.546579,
          1.45476
        ],
        [
          0.0,
          0.0,
          0.0,
          1.0
        ]
      ]
    },
    {
      "file_path": "/media/NFS/ttao/scannet/posed_images/scene0221_00/00151.jpg",
      "transform_matrix": [
        [
          -0.859769,
          0.364191,
          -0.357998,
          5.359343
        ],
        [
          0.501379,
          0.468766,
          -0.72724,
          3.118812
        ],
        [
          -0.097037,
          -0.804751,
          -0.585628,
          1.433105
        ],
        [
          0.0,
          0.0,
          0.0,
          1.0
        ]
      ]
    },
    {
      "file_path": "/media/NFS/ttao/scannet/posed_images/scene0221_00/00155.jpg",
      "transform_matrix": [
        [
          -0.793212,
          0.441419,
          -0.419481,
          5.372592
        ],
        [
          0.599101,
          0.442328,
          -0.667401,
          3.126566
        ],
        [
          -0.109055,
          -0.780702,
          -0.615314,
          1.416031
        ],
        [
          0.0,
          0.0,
          0.0,
          1.0
        ]
      ]
    },
    {
      "file_path": "/media/NFS/ttao/scannet/posed_images/scene0221_00/00158.jpg",
      "transform_matrix": [
        [
          -0.737536,
          0.499516,
          -0.45445,
          5.373738
        ],
        [
          0.664103,
          0.414411,
          -0.622279,
          3.133578
        ],
        [
          -0.122509,
          -0.760754,
          -0.637373,
          1.416008
        ],
        [
          0.0,
          0.0,
          0.0,
          1.0
        ]
      ]
    },
    {
      "file_path": "/media/NFS/ttao/scannet/posed_images/scene0221_00/00161.jpg",
      "transform_matrix": [
        [
          -0.674533,
          0.530664,
          -0.513226,
          5.378997
        ],
        [
          0.72987,
          0.37495,
          -0.571578,
          3.139469
        ],
        [
          -0.110881,
          -0.760137,
          -0.640232,
          1.418469
        ],
        [
          0.0,
          0.0,
          0.0,
          1.0
        ]
      ]
    },
    {
      "file_path": "/media/NFS/ttao/scannet/posed_images/scene0221_00/00162.jpg",
      "transform_matrix": [
        [
          -0.654714,
          0.537804,
          -0.531146,
          5.382897
        ],
        [
          0.748199,
          0.361194,
          -0.556541,
          3.140393
        ],
        [
          -0.107463,
          -0.761778,
          -0.638863,
          1.420698
        ],
        [
          0.0,
          0.0,
          0.0,
          1.0
        ]
      ]
    },
    {
      "file_path": "/media/NFS/ttao/scannet/posed_images/scene0221_00/00168.jpg",
      "transform_matrix": [
        [
          -0.581777,
          0.518728,
          -0.626464,
          5.39367
        ],
        [
          0.807028,
          0.272323,
          -0.523971,
          3.13895
        ],
        [
          -0.101198,
          -0.810408,
          -0.577059,
          1.466435
        ],
        [
          0.0,
          0.0,
          0.0,
          1.0
        ]
      ]
    },
    {
      "file_path": "/media/NFS/ttao/scannet/posed_images/scene0221_00/00171.jpg",
      "transform_matrix": [
        [
          -0.579251,
          0.486503,
          -0.654051,
          5.3877
        ],
        [
          0.809056,
          0.24521,
          -0.534134,
          3.147067
        ],
        [
          -0.099478,
          -0.838562,
          -0.535647,
          1.490181
        ],
        [
          0.0,
          0.0,
          0.0,
          1.0
        ]
      ]
    },
    {
      "file_path": "/media/NFS/ttao/scannet/posed_images/scene0221_00/00173.jpg",
      "transform_matrix": [
        [
          -0.585326,
          0.469403,
          -0.661101,
          5.382058
        ],
        [
          0.804657,
          0.236131,
          -0.544766,
          3.148999
        ],
        [
          -0.099608,
          -0.850825,
          -0.515922,
          1.505154
        ],
        [
          0.0,
          0.0,
          0.0,
          1.0
        ]
      ]
    },
    {
      "file_path": "/media/NFS/ttao/scannet/posed_images/scene0221_00/00177.jpg",
      "transform_matrix": [
        [
          -0.604756,
          0.441095,
          -0.663103,
          5.360924
        ],
        [
          0.789021,
          0.218671,
          -0.574134,
          3.152742
        ],
        [
          -0.108246,
          -0.870413,
          -0.480276,
          1.52635
        ],
        [
          0.0,
          0.0,
          0.0,
          1.0
        ]
      ]
    },
    {
      "file_path": "/media/NFS/ttao/scannet/posed_images/scene0221_00/00181.jpg",
      "transform_matrix": [
        [
          -0.613802,
          0.416967,
          -0.670362,
          5.326533
        ],
        [
          0.782424,
          0.208186,
          -0.586917,
          3.166408
        ],
        [
          -0.105165,
          -0.884758,
          -0.45403,
          1.531537
        ],
        [
          0.0,
          0.0,
          0.0,
          1.0
        ]
      ]
    },
    {
      "file_path": "/media/NFS/ttao/scannet/posed_images/scene0221_00/00183.jpg",
      "transform_matrix": [
        [
          -0.608518,
          0.414746,
          -0.67653,
          5.310375
        ],
        [
          0.786329,
          0.200482,
          -0.584374,
          3.1658
        ],
        [
          -0.106735,
          -0.887577,
          -0.448123,
          1.52767
        ],
        [
          0.0,
          0.0,
          0.0,
          1.0
        ]
      ]
    },
    {
      "file_path": "/media/NFS/ttao/scannet/posed_images/scene0221_00/00186.jpg",
      "transform_matrix": [
        [
          -0.606784,
          0.411588,
          -0.680007,
          5.271966
        ],
        [
          0.788392,
          0.202661,
          -0.580833,
          3.178599
        ],
        [
          -0.101253,
          -0.888552,
          -0.447464,
          1.522577
        ],
        [
          0.0,
          0.0,
          0.0,
          1.0
        ]
      ]
    },
    {
      "file_path": "/media/NFS/ttao/scannet/posed_images/scene0221_00/00189.jpg",
      "transform_matrix": [
        [
          -0.595653,
          0.410841,
          -0.690222,
          5.235947
        ],
        [
          0.798954,
          0.214371,
          -0.561887,
          3.192499
        ],
        [
          -0.082883,
          -0.886146,
          -0.455934,
          1.513599
        ],
        [
          0.0,
          0.0,
          0.0,
          1.0
        ]
      ]
    },
    {
      "file_path": "/media/NFS/ttao/scannet/posed_images/scene0221_00/00194.jpg",
      "transform_matrix": [
        [
          -0.584343,
          0.413337,
          -0.698353,
          5.161525
        ],
        [
          0.809623,
          0.238337,
          -0.536382,
          3.23101
        ],
        [
          -0.055264,
          -0.878833,
          -0.473918,
          1.507946
        ],
        [
          0.0,
          0.0,
          0.0,
          1.0
        ]
      ]
    },
    {
      "file_path": "/media/NFS/ttao/scannet/posed_images/scene0221_00/00196.jpg",
      "transform_matrix": [
        [
          -0.583748,
          0.405755,
          -0.703279,
          5.136218
        ],
        [
          0.81021,
          0.234669,
          -0.537113,
          3.239769
        ],
        [
          -0.052899,
          -0.883342,
          -0.465734,
          1.523615
        ],
        [
          0.0,
          0.0,
          0.0,
          1.0
        ]
      ]
    },
    {
      "file_path": "/media/NFS/ttao/scannet/posed_images/scene0221_00/00200.jpg",
      "transform_matrix": [
        [
          -0.596748,
          0.365149,
          -0.714534,
          5.111345
        ],
        [
          0.798957,
          0.18763,
          -0.571369,
          3.256666
        ],
        [
          -0.074567,
          -0.911845,
          -0.403707,
          1.556532
        ],
        [
          0.0,
          0.0,
          0.0,
          1.0
        ]
      ]
    },
    {
      "file_path": "/media/NFS/ttao/scannet/posed_images/scene0221_00/00203.jpg",
      "transform_matrix": [
        [
          -0.616164,
          0.332724,
          -0.713889,
          5.09246
        ],
        [
          0.782832,
          0.158936,
          -0.601593,
          3.264951
        ],
        [
          -0.086702,
          -0.929534,
          -0.358397,
          1.578991
        ],
        [
          0.0,
          0.0,
          0.0,
          1.0
        ]
      ]
    },
    {
      "file_path": "/media/NFS/ttao/scannet/posed_images/scene0221_00/00207.jpg",
      "transform_matrix": [
        [
          -0.628761,
          0.299245,
          -0.717713,
          5.064506
        ],
        [
          0.771149,
          0.121322,
          -0.624989,
          3.274381
        ],
        [
          -0.09995,
          -0.946432,
          -0.307045,
          1.601972
        ],
        [
          0.0,
          0.0,
          0.0,
          1.0
        ]
      ]
    },
    {
      "file_path": "/media/NFS/ttao/scannet/posed_images/scene0221_00/00208.jpg",
      "transform_matrix": [
        [
          -0.629138,
          0.299162,
          -0.717417,
          5.054296
        ],
        [
          0.76994,
          0.113189,
          -0.627998,
          3.274701
        ],
        [
          -0.106669,
          -0.947465,
          -0.301548,
          1.610514
        ],
        [
          0.0,
          0.0,
          0.0,
          1.0
        ]
      ]
    },
    {
      "file_path": "/media/NFS/ttao/scannet/posed_images/scene0221_00/00211.jpg",
      "transform_matrix": [
        [
          -0.633592,
          0.2853,
          -0.719142,
          5.026595
        ],
        [
          0.763069,
          0.077118,
          -0.6417,
          3.287165
        ],
        [
          -0.127618,
          -0.955331,
          -0.266565,
          1.619543
        ],
        [
          0.0,
          0.0,
          0.0,
          1.0
        ]
      ]
    },
    {
      "file_path": "/media/NFS/ttao/scannet/posed_images/scene0221_00/00215.jpg",
      "transform_matrix": [
        [
          -0.631385,
          0.271282,
          -0.72647,
          4.982787
        ],
        [
          0.76246,
          0.046293,
          -0.645377,
          3.294634
        ],
        [
          -0.141449,
          -0.961386,
          -0.23607,
          1.635089
        ],
        [
          0.0,
          0.0,
          0.0,
          1.0
        ]
      ]
    },
    {
      "file_path": "/media/NFS/ttao/scannet/posed_images/scene0221_00/00217.jpg",
      "transform_matrix": [
        [
          -0.627755,
          0.265857,
          -0.731604,
          4.955326
        ],
        [
          0.76499,
          0.036927,
          -0.642982,
          3.29777
        ],
        [
          -0.143926,
          -0.963305,
          -0.226559,
          1.645462
        ],
        [
          0.0,
          0.0,
          0.0,
          1.0
        ]
      ]
    },
    {
      "file_path": "/media/NFS/ttao/scannet/posed_images/scene0221_00/00223.jpg",
      "transform_matrix": [
        [
          -0.556668,
          0.2265,
          -0.799261,
          4.866025
        ],
        [
          0.822746,
          0.017209,
          -0.568148,
          3.311884
        ],
        [
          -0.114931,
          -0.973859,
          -0.195932,
          1.641832
        ],
        [
          0.0,
          0.0,
          0.0,
          1.0
        ]
      ]
    },
    {
      "file_path": "/media/NFS/ttao/scannet/posed_images/scene0221_00/00224.jpg",
      "transform_matrix": [
        [
          -0.536195,
          0.220594,
          -0.814759,
          4.858306
        ],
        [
          0.83691,
          0.013268,
          -0.54718,
          3.311308
        ],
        [
          -0.109894,
          -0.975276,
          -0.191732,
          1.641675
        ],
        [
          0.0,
          0.0,
          0.0,
          1.0
        ]
      ]
    },
    {
      "file_path": "/media/NFS/ttao/scannet/posed_images/scene0221_00/00229.jpg",
      "transform_matrix": [
        [
          -0.443112,
          0.231242,
          -0.866129,
          4.801905
        ],
        [
          0.89139,
          0.010982,
          -0.453103,
          3.30512
        ],
        [
          -0.095264,
          -0.972834,
          -0.210993,
          1.611383
        ],
        [
          0.0,
          0.0,
          0.0,
          1.0
        ]
      ]
    },
    {
      "file_path": "/media/NFS/ttao/scannet/posed_images/scene0221_00/00232.jpg",
      "transform_matrix": [
        [
          -0.401178,
          0.257626,
          -0.879025,
          4.753196
        ],
        [
          0.911414,
          0.016356,
          -0.411166,
          3.305941
        ],
        [
          -0.09155,
          -0.966106,
          -0.241365,
          1.597133
        ],
        [
          0.0,
          0.0,
          0.0,
          1.0
        ]
      ]
    },
    {
      "file_path": "/media/NFS/ttao/scannet/posed_images/scene0221_00/00236.jpg",
      "transform_matrix": [
        [
          -0.375475,
          0.302325,
          -0.876138,
          4.717594
        ],
        [
          0.922311,
          0.028613,
          -0.385389,
          3.310341
        ],
        [
          -0.091444,
          -0.952775,
          -0.289581,
          1.557514
        ],
        [
          0.0,
          0.0,
          0.0,
          1.0
        ]
      ]
    },
    {
      "file_path": "/media/NFS/ttao/scannet/posed_images/scene0221_00/00237.jpg",
      "transform_matrix": [
        [
          -0.375606,
          0.314117,
          -0.871924,
          4.70587
        ],
        [
          0.922376,
          0.035097,
          -0.384696,
          3.315109
        ],
        [
          -0.090238,
          -0.948736,
          -0.302916,
          1.549233
        ],
        [
          0.0,
          0.0,
          0.0,
          1.0
        ]
      ]
    },
    {
      "file_path": "/media/NFS/ttao/scannet/posed_images/scene0221_00/00242.jpg",
      "transform_matrix": [
        [
          -0.396012,
          0.362074,
          -0.843846,
          4.654171
        ],
        [
          0.915064,
          0.079186,
          -0.395458,
          3.339038
        ],
        [
          -0.076365,
          -0.92878,
          -0.362679,
          1.515291
        ],
        [
          0.0,
          0.0,
          0.0,
          1.0
        ]
      ]
    },
    {
      "file_path": "/media/NFS/ttao/scannet/posed_images/scene0221_00/00244.jpg",
      "transform_matrix": [
        [
          -0.415021,
          0.377178,
          -0.827946,
          4.627448
        ],
        [
          0.907072,
          0.100967,
          -0.408688,
          3.35824
        ],
        [
          -0.070553,
          -0.920621,
          -0.384031,
          1.498396
        ],
        [
          0.0,
          0.0,
          0.0,
          1.0
        ]
      ]
    },
    {
      "file_path": "/media/NFS/ttao/scannet/posed_images/scene0221_00/00249.jpg",
      "transform_matrix": [
        [
          -0.474291,
          0.423148,
          -0.772007,
          4.568835
        ],
        [
          0.878821,
          0.175606,
          -0.443661,
          3.413023
        ],
        [
          -0.052165,
          -0.88888,
          -0.45516,
          1.448985
        ],
        [
          0.0,
          0.0,
          0.0,
          1.0
        ]
      ]
    },
    {
      "file_path": "/media/NFS/ttao/scannet/posed_images/scene0221_00/00250.jpg",
      "transform_matrix": [
        [
          -0.486693,
          0.433978,
          -0.758151,
          4.553472
        ],
        [
          0.872189,
          0.192568,
          -0.449671,
          3.432748
        ],
        [
          -0.049152,
