{
  "frames": [
    {
      "file_path": "/media/NFS/ttao/scannet/posed_images/scene0435_02/00000.jpg",
      "transform_matrix": [
        [
          0.542635,
          -0.267535,
          0.796223,
          3.348397
        ],
        [
          -0.837771,
          -0.103862,
          0.536052,
          3.125438
        ],
        [
          -0.060716,
          -0.957934,
          -0.280492,
          1.387844
        ],
        [
          0.0,
          0.0,
          0.0,
          1.0
        ]
      ]
    },
    {
      "file_path": "/media/NFS/ttao/scannet/posed_images/scene0435_02/00006.jpg",
      "transform_matrix": [
        [
          0.53188,
          -0.226308,
          0.81602,
          3.342436
        ],
        [
          -0.845004,
          -0.078758,
          0.528929,
          3.123401
        ],
        [
          -0.055433,
          -0.970866,
          -0.233121,
          1.406501
        ],
        [
          0.0,
          0.0,
          0.0,
          1.0
        ]
      ]
    },
    {
      "file_path": "/media/NFS/ttao/scannet/posed_images/scene0435_02/00011.jpg",
      "transform_matrix": [
        [
          0.532063,
          -0.190155,
          0.825076,
          3.339293
        ],
        [
          -0.845579,
          -0.0691,
          0.52936,
          3.127523
        ],
        [
          -0.043647,
          -0.979319,
          -0.197557,
          1.431704
        ],
        [
          0.0,
          0.0,
          0.0,
          1.0
        ]
      ]
    },
    {
      "file_path": "/media/NFS/ttao/scannet/posed_images/scene0435_02/00018.jpg",
      "transform_matrix": [
        [
          0.538579,
          -0.14352,
          0.830262,
          3.345842
        ],
        [
          -0.841465,
          -0.041047,
          0.53875,
          3.121093
        ],
        [
          -0.043241,
          -0.988796,
          -0.142874,
          1.465588
        ],
        [
          0.0,
          0.0,
          0.0,
          1.0
        ]
      ]
    },
    {
      "file_path": "/media/NFS/ttao/scannet/posed_images/scene0435_02/00021.jpg",
      "transform_matrix": [
        [
          0.535948,
          -0.136652,
          0.833118,
          3.355251
        ],
        [
          -0.842703,
          -0.026853,
          0.537709,
          3.113218
        ],
        [
          -0.051107,
          -0.990255,
          -0.129549,
          1.462857
        ],
        [
          0.0,
          0.0,
          0.0,
          1.0
        ]
      ]
    },
    {
      "file_path": "/media/NFS/ttao/scannet/posed_images/scene0435_02/00026.jpg",
      "transform_matrix": [
        [
          0.528226,
          -0.125073,
          0.839842,
          3.371579
        ],
        [
          -0.847736,
          -0.021549,
          0.529981,
          3.105163
        ],
        [
          -0.048188,
          -0.991913,
          -0.117412,
          1.462262
        ],
        [
          0.0,
          0.0,
          0.0,
          1.0
        ]
      ]
    },
    {
      "file_path": "/media/NFS/ttao/scannet/posed_images/scene0435_02/00034.jpg",
      "transform_matrix": [
        [
          0.522712,
          -0.235647,
          0.819294,
          3.395391
        ],
        [
          -0.848408,
          -0.049639,
          0.52701,
          3.128801
        ],
        [
          -0.08352,
          -0.97057,
          -0.225872,
          1.397026
        ],
        [
          0.0,
          0.0,
          0.0,
          1.0
        ]
      ]
    },
    {
      "file_path": "/media/NFS/ttao/scannet/posed_images/scene0435_02/00039.jpg",
      "transform_matrix": [
        [
          0.500392,
          -0.296843,
          0.813322,
          3.38765
        ],
        [
          -0.861153,
          -0.073457,
          0.50301,
          3.152253
        ],
        [
          -0.08957,
          -0.952097,
          -0.292385,
          1.362443
        ],
        [
          0.0,
          0.0,
          0.0,
          1.0
        ]
      ]
    },
    {
      "file_path": "/media/NFS/ttao/scannet/posed_images/scene0435_02/00042.jpg",
      "transform_matrix": [
        [
          0.48263,
          -0.323837,
          0.813756,
          3.378071
        ],
        [
          -0.873525,
          -0.110699,
          0.474025,
          3.174144
        ],
        [
          -0.063425,
          -0.939615,
          -0.336306,
          1.340524
        ],
        [
          0.0,
          0.0,
          0.0,
          1.0
        ]
      ]
    },
    {
      "file_path": "/media/NFS/ttao/scannet/posed_images/scene0435_02/00047.jpg",
      "transform_matrix": [
        [
          0.474761,
          -0.369825,
          0.798643,
          3.344577
        ],
        [
          -0.878182,
          -0.138956,
          0.457697,
          3.219096
        ],
        [
          -0.058291,
          -0.918651,
          -0.390745,
          1.314988
        ],
        [
          0.0,
          0.0,
          0.0,
          1.0
        ]
      ]
    },
    {
      "file_path": "/media/NFS/ttao/scannet/posed_images/scene0435_02/00057.jpg",
      "transform_matrix": [
        [
          0.461606,
          -0.479655,
          0.746224,
          3.257199
        ],
        [
          -0.883498,
          -0.173017,
          0.435311,
          3.335147
        ],
        [
          -0.07969,
          -0.86023,
          -0.503641,
          1.293228
        ],
        [
          0.0,
          0.0,
          0.0,
          1.0
        ]
      ]
    },
    {
      "file_path": "/media/NFS/ttao/scannet/posed_images/scene0435_02/00058.jpg",
      "transform_matrix": [
        [
          0.45651,
          -0.488792,
          0.743425,
          3.256407
        ],
        [
          -0.885418,
          -0.167532,
          0.433553,
          3.341626
        ],
        [
          -0.08737,
          -0.856163,
          -0.509265,
          1.294345
        ],
        [
          0.0,
          0.0,
          0.0,
          1.0
        ]
      ]
    },
    {
      "file_path": "/media/NFS/ttao/scannet/posed_images/scene0435_02/00066.jpg",
      "transform_matrix": [
        [
          0.321478,
          -0.493806,
          0.807965,
          3.255341
        ],
        [
          -0.945676,
          -0.12376,
          0.300632,
          3.440331
        ],
        [
          -0.04846,
          -0.86072,
          -0.506767,
          1.295958
        ],
        [
          0.0,
          0.0,
          0.0,
          1.0
        ]
      ]
    },
    {
      "file_path": "/media/NFS/ttao/scannet/posed_images/scene0435_02/00070.jpg",
      "transform_matrix": [
        [
          0.290429,
          -0.469828,
          0.833615,
          3.275254
        ],
        [
          -0.956191,
          -0.109049,
          0.271674,
          3.491353
        ],
        [
          -0.036735,
          -0.875997,
          -0.480916,
          1.271172
        ],
        [
          0.0,
          0.0,
          0.0,
          1.0
        ]
      ]
    },
    {
      "file_path": "/media/NFS/ttao/scannet/posed_images/scene0435_02/00076.jpg",
      "transform_matrix": [
        [
          0.279261,
          -0.470128,
          0.837253,
          3.356481
        ],
        [
          -0.957376,
          -0.069315,
          0.280405,
          3.586449
        ],
        [
          -0.073792,
          -0.879872,
          -0.469447,
          1.289551
        ],
        [
          0.0,
          0.0,
          0.0,
          1.0
        ]
      ]
    },
    {
      "file_path": "/media/NFS/ttao/scannet/posed_images/scene0435_02/00084.jpg",
      "transform_matrix": [
        [
          0.175614,
          -0.450458,
          0.875355,
          3.442858
        ],
        [
          -0.98334,
          -0.037886,
          0.177782,
          3.737672
        ],
        [
          -0.04692,
          -0.891993,
          -0.449607,
          1.322028
        ],
        [
          0.0,
          0.0,
          0.0,
          1.0
        ]
      ]
    },
    {
      "file_path": "/media/NFS/ttao/scannet/posed_images/scene0435_02/00089.jpg",
      "transform_matrix": [
        [
          0.080071,
          -0.422628,
          0.902759,
          3.486766
        ],
        [
          -0.996071,
          0.000436,
          0.088552,
          3.837115
        ],
        [
          -0.037818,
          -0.906303,
          -0.420933,
          1.332633
        ],
        [
          0.0,
          0.0,
          0.0,
          1.0
        ]
      ]
    },
    {
      "file_path": "/media/NFS/ttao/scannet/posed_images/scene0435_02/00092.jpg",
      "transform_matrix": [
        [
          0.004068,
          -0.418128,
          0.908379,
          3.509607
        ],
        [
          -0.998872,
          0.041275,
          0.023472,
          3.904904
        ],
        [
          -0.047308,
          -0.90745,
          -0.417489,
          1.339732
        ],
        [
          0.0,
          0.0,
          0.0,
          1.0
        ]
      ]
    },
    {
      "file_path": "/media/NFS/ttao/scannet/posed_images/scene0435_02/00100.jpg",
      "transform_matrix": [
        [
          -0.110686,
          -0.429592,
          0.896214,
          3.569836
        ],
        [
          -0.992774,
          0.089835,
          -0.07955,
          4.062102
        ],
        [
          -0.046338,
          -0.898544,
          -0.436431,
          1.372009
        ],
        [
          0.0,
          0.0,
          0.0,
          1.0
        ]
      ]
    },
    {
      "file_path": "/media/NFS/ttao/scannet/posed_images/scene0435_02/00105.jpg",
      "transform_matrix": [
        [
          -0.21128,
          -0.411779,
          0.886453,
          3.618961
        ],
        [
          -0.976947,
          0.117346,
          -0.178338,
          4.126764
        ],
        [
          -0.030586,
          -0.903697,
          -0.42708,
          1.372648
        ],
        [
          0.0,
          0.0,
          0.0,
          1.0
        ]
      ]
    },
    {
      "file_path": "/media/NFS/ttao/scannet/posed_images/scene0435_02/00107.jpg",
      "transform_matrix": [
        [
          -0.247392,
          -0.396725,
          0.883972,
          3.64291
        ],
        [
          -0.968625,
          0.123594,
          -0.215615,
          4.148349
        ],
        [
          -0.023714,
          -0.909579,
          -0.414854,
          1.374254
        ],
        [
          0.0,
          0.0,
          0.0,
          1.0
        ]
      ]
    },
    {
      "file_path": "/media/NFS/ttao/scannet/posed_images/scene0435_02/00112.jpg",
      "transform_matrix": [
        [
          -0.329014,
          -0.349501,
          0.877268,
          3.693471
        ],
        [
          -0.943797,
          0.152766,
          -0.293105,
          4.203953
        ],
        [
          -0.031576,
          -0.924398,
          -0.38012,
          1.367849
        ],
        [
          0.0,
          0.0,
          0.0,
          1.0
        ]
      ]
    },
    {
      "file_path": "/media/NFS/ttao/scannet/posed_images/scene0435_02/00118.jpg",
      "transform_matrix": [
        [
          -0.380527,
          -0.368388,
          0.848227,
          3.751861
        ],
        [
          -0.924769,
          0.152669,
          -0.34856,
          4.260439
        ],
        [
          -0.001093,
          -0.917051,
          -0.398768,
          1.373473
        ],
        [
          0.0,
          0.0,
          0.0,
          1.0
        ]
      ]
    },
    {
      "file_path": "/media/NFS/ttao/scannet/posed_images/scene0435_02/00123.jpg",
      "transform_matrix": [
        [
          -0.428647,
          -0.348112,
          0.833714,
          3.778744
        ],
        [
          -0.903471,
          0.166231,
          -0.395103,
          4.304543
        ],
        [
          -0.001049,
          -0.922597,
          -0.385764,
          1.383088
        ],
        [
          0.0,
          0.0,
          0.0,
          1.0
        ]
      ]
    },
    {
      "file_path": "/media/NFS/ttao/scannet/posed_images/scene0435_02/00133.jpg",
      "transform_matrix": [
        [
          -0.538274,
          -0.320237,
          0.779557,
          3.791395
        ],
        [
          -0.842465,
          0.22932,
          -0.487508,
          4.393256
        ],
        [
          -0.022651,
          -0.919163,
          -0.393226,
          1.405639
        ],
        [
          0.0,
          0.0,
          0.0,
          1.0
        ]
      ]
    },
    {
      "file_path": "/media/NFS/ttao/scannet/posed_images/scene0435_02/00134.jpg",
      "transform_matrix": [
        [
          -0.546072,
          -0.319218,
          0.774536,
          3.792618
        ],
        [
          -0.837478,
          0.231036,
          -0.495229,
          4.401226
        ],
        [
          -0.02086,
          -0.919088,
          -0.3935,
          1.408318
        ],
        [
          0.0,
          0.0,
          0.0,
          1.0
        ]
      ]
    },
    {
      "file_path": "/media/NFS/ttao/scannet/posed_images/scene0435_02/00142.jpg",
      "transform_matrix": [
        [
          -0.621159,
          -0.289095,
          0.728413,
          3.80285
        ],
        [
          -0.78361,
          0.216309,
          -0.582379,
          4.456368
        ],
        [
          0.010801,
          -0.932542,
          -0.3609,
          1.419702
        ],
        [
          0.0,
          0.0,
          0.0,
          1.0
        ]
      ]
    },
    {
      "file_path": "/media/NFS/ttao/scannet/posed_images/scene0435_02/00149.jpg",
      "transform_matrix": [
        [
          -0.640454,
          -0.260698,
          0.722395,
          3.80407
        ],
        [
          -0.767903,
          0.232022,
          -0.597068,
          4.462682
        ],
        [
          -0.011958,
          -0.937124,
          -0.34879,
          1.429028
        ],
        [
          0.0,
          0.0,
          0.0,
          1.0
        ]
      ]
    },
    {
      "file_path": "/media/NFS/ttao/scannet/posed_images/scene0435_02/00150.jpg",
      "transform_matrix": [
        [
          -0.641028,
          -0.2536,
          0.72441,
          3.799656
        ],
        [
          -0.767307,
          0.233843,
          -0.597124,
          4.461522
        ],
        [
          -0.017968,
          -0.938619,
          -0.344489,
          1.424361
        ],
        [
          0.0,
          0.0,
          0.0,
          1.0
        ]
      ]
    },
    {
      "file_path": "/media/NFS/ttao/scannet/posed_images/scene0435_02/00155.jpg",
      "transform_matrix": [
        [
          -0.625747,
          -0.241216,
          0.741792,
          3.790351
        ],
        [
          -0.779211,
          0.236744,
          -0.580329,
          4.454536
        ],
        [
          -0.035631,
          -0.941152,
          -0.3361,
          1.432085
        ],
        [
          0.0,
          0.0,
          0.0,
          1.0
        ]
      ]
    },
    {
      "file_path": "/media/NFS/ttao/scannet/posed_images/scene0435_02/00163.jpg",
      "transform_matrix": [
        [
          -0.590204,
          -0.20039,
          0.781987,
          3.744341
        ],
        [
          -0.804815,
          0.221304,
          -0.550724,
          4.391076
        ],
        [
          -0.062697,
          -0.954394,
          -0.291892,
          1.455366
        ],
        [
          0.0,
          0.0,
          0.0,
          1.0
        ]
      ]
    },
    {
      "file_path": "/media/NFS/ttao/scannet/posed_images/scene0435_02/00167.jpg",
      "transform_matrix": [
        [
          -0.571115,
          -0.195012,
          0.797369,
          3.707455
        ],
        [
          -0.819092,
          0.199271,
          -0.537939,
          4.346798
        ],
        [
          -0.053988,
          -0.960344,
          -0.27354,
          1.459836
        ],
        [
          0.0,
          0.0,
          0.0,
          1.0
        ]
      ]
    },
    {
      "file_path": "/media/NFS/ttao/scannet/posed_images/scene0435_02/00175.jpg",
      "transform_matrix": [
        [
          -0.490169,
          -0.166716,
          0.855535,
          3.612278
        ],
        [
          -0.869708,
          0.158647,
          -0.467374,
          4.259554
        ],
        [
          -0.057809,
          -0.973158,
          -0.222758,
          1.461598
        ],
        [
          0.0,
          0.0,
          0.0,
          1.0
        ]
      ]
    },
    {
      "file_path": "/media/NFS/ttao/scannet/posed_images/scene0435_02/00181.jpg",
      "transform_matrix": [
        [
          -0.442922,
          -0.207784,
          0.87215,
          3.563169
        ],
        [
          -0.89491,
          0.161445,
          -0.416018,
          4.205061
        ],
        [
          -0.054363,
          -0.96476,
          -0.257455,
          1.456732
        ],
        [
          0.0,
          0.0,
          0.0,
          1.0
        ]
      ]
    },
    {
      "file_path": "/media/NFS/ttao/scannet/posed_images/scene0435_02/00183.jpg",
      "transform_matrix": [
        [
          -0.424,
          -0.213192,
          0.880212,
          3.553895
        ],
        [
          -0.904001,
          0.158464,
          -0.397079,
          4.189055
        ],
        [
          -0.054828,
          -0.964074,
          -0.259915,
          1.454653
        ],
        [
          0.0,
          0.0,
          0.0,
          1.0
        ]
      ]
    },
    {
      "file_path": "/media/NFS/ttao/scannet/posed_images/scene0435_02/00188.jpg",
      "transform_matrix": [
        [
          -0.36872,
          -0.215919,
          0.904115,
          3.539256
        ],
        [
          -0.927741,
          0.14597,
          -0.343495,
          4.145695
        ],
        [
          -0.057807,
          -0.965439,
          -0.254139,
          1.448488
        ],
        [
          0.0,
          0.0,
          0.0,
          1.0
        ]
      ]
    },
    {
      "file_path": "/media/NFS/ttao/scannet/posed_images/scene0435_02/00194.jpg",
      "transform_matrix": [
        [
          -0.372204,
          -0.207258,
          0.904715,
          3.533117
        ],
        [
          -0.926163,
          0.146704,
          -0.34742,
          4.070633
        ],
        [
          -0.06072,
          -0.967224,
          -0.246558,
          1.426102
        ],
        [
          0.0,
          0.0,
          0.0,
          1.0
        ]
      ]
    },
    {
      "file_path": "/media/NFS/ttao/scannet/posed_images/scene0435_02/00199.jpg",
      "transform_matrix": [
        [
          -0.372312,
          -0.232294,
          0.898567,
          3.546598
        ],
        [
          -0.92778,
          0.118868,
          -0.353687,
          3.99321
        ],
        [
          -0.024651,
          -0.965355,
          -0.259774,
          1.413136
        ],
        [
          0.0,
          0.0,
          0.0,
          1.0
        ]
      ]
    },
    {
      "file_path": "/media/NFS/ttao/scannet/posed_images/scene0435_02/00204.jpg",
      "transform_matrix": [
        [
          -0.319016,
          -0.267128,
          0.909325,
          3.551099
        ],
        [
          -0.947053,
          0.126604,
          -0.295061,
          3.903714
        ],
        [
          -0.036305,
          -0.955308,
          -0.293373,
          1.412364
        ],
        [
          0.0,
          0.0,
          0.0,
          1.0
        ]
      ]
    },
    {
      "file_path": "/media/NFS/ttao/scannet/posed_images/scene0435_02/00213.jpg",
      "transform_matrix": [
        [
          -0.172356,
          -0.226152,
          0.958722,
          3.512677
        ],
        [
          -0.980409,
          0.133596,
          -0.144741,
          3.723391
        ],
        [
          -0.095348,
          -0.964887,
          -0.244748,
          1.43453
        ],
        [
          0.0,
          0.0,
          0.0,
          1.0
        ]
      ]
    },
    {
      "file_path": "/media/NFS/ttao/scannet/posed_images/scene0435_02/00217.jpg",
      "transform_matrix": [
        [
          -0.085459,
          -0.230729,
          0.969258,
          3.479642
        ],
        [
          -0.991812,
          0.112355,
          -0.060701,
          3.641286
        ],
        [
          -0.094896,
          -0.966509,
          -0.238442,
          1.432578
        ],
        [
          0.0,
          0.0,
          0.0,
          1.0
        ]
      ]
    },
    {
      "file_path": "/media/NFS/ttao/scannet/posed_images/scene0435_02/00223.jpg",
      "transform_matrix": [
        [
          0.029595,
          -0.225908,
          0.973699,
          3.422841
        ],
        [
          -0.996628,
          0.067907,
          0.046047,
          3.510792
        ],
        [
          -0.076523,
          -0.971779,
          -0.223137,
          1.450984
        ],
        [
          0.0,
          0.0,
          0.0,
          1.0
        ]
      ]
    },
    {
      "file_path": "/media/NFS/ttao/scannet/posed_images/scene0435_02/00225.jpg",
      "transform_matrix": [
        [
          0.045155,
          -0.233829,
          0.971228,
          3.40959
        ],
        [
          -0.996314,
          0.060435,
          0.060871,
          3.466007
        ],
        [
          -0.07293,
          -0.970398,
          -0.230239,
          1.467448
        ],
        [
          0.0,
          0.0,
          0.0,
          1.0
        ]
      ]
    },
    {
      "file_path": "/media/NFS/ttao/scannet/posed_images/scene0435_02/00234.jpg",
      "transform_matrix": [
        [
          0.0195,
          -0.285832,
          0.958081,
          3.385588
        ],
        [
          -0.995517,
          0.083152,
          0.04507,
          3.31956
        ],
        [
          -0.092549,
          -0.954665,
          -0.282929,
          1.450716
        ],
        [
          0.0,
          0.0,
          0.0,
          1.0
        ]
      ]
    },
    {
      "file_path": "/media/NFS/ttao/scannet/posed_images/scene0435_02/00236.jpg",
      "transform_matrix": [
        [
          0.014186,
          -0.29574,
          0.955163,
          3.387782
        ],
        [
          -0.996056,
          0.079497,
          0.039407,
          3.287617
        ],
        [
          -0.087587,
          -0.951955,
          -0.293445,
          1.449955
        ],
        [
          0.0,
          0.0,
          0.0,
          1.0
        ]
      ]
    },
    {
      "file_path": "/media/NFS/ttao/scannet/posed_images/scene0435_02/00241.jpg",
      "transform_matrix": [
        [
          -0.003141,
          -0.304948,
          0.952364,
          3.40212
        ],
        [
          -0.998572,
          0.051749,
          0.013276,
          3.212039
        ],
        [
          -0.053333,
          -0.950962,
          -0.304675,
          1.449324
        ],
        [
          0.0,
          0.0,
          0.0,
          1.0
        ]
      ]
    },
    {
      "file_path": "/media/NFS/ttao/scannet/posed_images/scene0435_02/00249.jpg",
      "transform_matrix": [
        [
          0.004231,
          -0.341784,
          0.939769,
          3.403663
        ],
        [
          -0.999919,
          0.009837,
          0.008079,
          3.111417
        ],
        [
          -0.012005,
          -0.939727,
          -0.341715,
          1.412023
        ],
        [
          0.0,
          0.0,
          0.0,
          1.0
        ]
      ]
    },
    {
      "file_path": "/media/NFS/ttao/scannet/posed_images/scene0435_02/00252.jpg",
      "transform_matrix": [
        [
          0.013915,
          -0.365528,
          0.930697,
          3.410999
        ],
        [
          -0.999764,
          0.010443,
          0.019049,
          3.068015
        ],
        [
          -0.016682,
          -0.930742,
          -0.365296,
          1.422965
        ],
        [
          0.0,
          0.0,
          0.0,
          1.0
        ]
      ]
    },
    {
      "file_path": "/media/NFS/ttao/scannet/posed_images/scene0435_02/00262.jpg",
      "transform_matrix": [
        [
          0.005262,
          -0.335166,
          0.942144,
          3.384708
        ],
        [
          -0.999734,
          0.01939,
          0.012481,
          2.907472
        ],
        [
          -0.022452,
          -0.94196,
          -0.334975,
          1.434211
        ],
        [
          0.0,
          0.0,
          0.0,
          1.0
        ]
      ]
    },
    {
      "file_path": "/media/NFS/ttao/scannet/posed_images/scene0435_02/00264.jpg",
      "transform_matrix": [
        [
          0.006177,
          -0.330388,
          0.943825,
          3.374617
        ],
        [
          -0.999882,
          0.011258,
          0.010484,
          2.87263
        ],
        [
          -0.01409,
          -0.943778,
          -0.330279,
          1.436932
        ],
        [
          0.0,
          0.0,
          0.0,
          1.0
        ]
      ]
    },
    {
      "file_path": "/media/NFS/ttao/scannet/posed_images/scene0435_02/00268.jpg",
      "transform_matrix": [
        [
          0.012296,
          -0.343599,
          0.939036,
          3.362514
        ],
        [
          -0.999871,
          0.005435,
          0.015081,
          2.78427
        ],
        [
          -0.010286,
          -0.939101,
          -0.343488,
          1.441002
        ],
        [
          0.0,
          0.0,
          0.0,
          1.0
        ]
      ]
    },
    {
      "file_path": "/media/NFS/ttao/scannet/posed_images/scene0435_02/00277.jpg",
      "transform_matrix": [
        [
          -0.017077,
          -0.36889,
          0.929316,
          3.35726
        ],
        [
          -0.999737,
          0.020515,
          -0.010228,
          2.683096
        ],
        [
          -0.015292,
          -0.929247,
          -0.369143,
          1.446024
        ],
        [
          0.0,
          0.0,
          0.0,
          1.0
        ]
      ]
    },
    {
      "file_path": "/media/NFS/ttao/scannet/posed_images/scene0435_02/00280.jpg",
      "transform_matrix": [
        [
          -0.020769,
          -0.361335,
          0.932205,
          3.353735
        ],
        [
          -0.999688,
          0.020447,
          -0.014347,
          2.660077
        ],
        [
          -0.013876,
          -0.932212,
          -0.361646,
          1.442113
        ],
        [
          0.0,
          0.0,
          0.0,
          1.0
        ]
      ]
    },
    {
      "file_path": "/media/NFS/ttao/scannet/posed_images/scene0435_02/00288.jpg",
      "transform_matrix": [
        [
          -0.088126,
          -0.37843,
          0.921425,
          3.360136
        ],
        [
          -0.995939,
          0.050597,
          -0.074472,
          2.67293
        ],
        [
          -0.018439,
          -0.924246,
          -0.381352,
          1.429481
        ],
        [
          0.0,
          0.0,
          0.0,
          1.0
        ]
      ]
    },
    {
      "file_path": "/media/NFS/ttao/scannet/posed_images/scene0435_02/00294.jpg",
      "transform_matrix": [
        [
          -0.147171,
          -0.383749,
          0.911634,
          3.361424
        ],
        [
          -0.988899,
          0.076141,
          -0.127593,
          2.736146
        ],
        [
          -0.020449,
          -0.920293,
          -0.390695,
          1.423975
        ],
        [
          0.0,
          0.0,
          0.0,
          1.0
        ]
      ]
    },
    {
      "file_path": "/media/NFS/ttao/scannet/posed_images/scene0435_02/00296.jpg",
      "transform_matrix": [
        [
          -0.158491,
          -0.384606,
          0.909373,
          3.362011
        ],
        [
          -0.987161,
          0.080221,
          -0.13812,
          2.766226
        ],
        [
          -0.019829,
          -0.919588,
          -0.392382,
          1.422724
        ],
        [
          0.0,
          0.0,
          0.0,
          1.0
        ]
      ]
    },
    {
      "file_path": "/media/NFS/ttao/scannet/posed_images/scene0435_02/00301.jpg",
      "transform_matrix": [
        [
          -0.176994,
          -0.364249,
          0.914328,
          3.347765
        ],
        [
          -0.983896,
          0.089022,
          -0.154996,
          2.858895
        ],
        [
          -0.024938,
          -0.927037,
          -0.37414,
          1.415032
        ],
        [
          0.0,
          0.0,
          0.0,
          1.0
        ]
      ]
    },
    {
      "file_path": "/media/NFS/ttao/scannet/posed_images/scene0435_02/00310.jpg",
      "transform_matrix": [
        [
          -0.148659,
          -0.341457,
          0.928067,
          3.338947
        ],
        [
          -0.987745,
          0.096396,
          -0.122752,
          3.03798
        ],
        [
          -0.047547,
          -0.934941,
          -0.351603,
          1.399545
        ],
        [
          0.0,
          0.0,
          0.0,
          1.0
        ]
      ]
    },
    {
      "file_path": "/media/NFS/ttao/scannet/posed_images/scene0435_02/00314.jpg",
      "transform_matrix": [
        [
          -0.106221,
          -0.344485,
          0.932763,
          3.356784
        ],
        [
          -0.993382,
          0.077981,
          -0.084325,
          3.116699
        ],
        [
          -0.043689,
          -0.935547,
          -0.350489,
          1.392129
        ],
        [
          0.0,
          0.0,
          0.0,
          1.0
        ]
      ]
    },
    {
      "file_path": "/media/NFS/ttao/scannet/posed_images/scene0435_02/00319.jpg",
      "transform_matrix": [
        [
          -0.081112,
          -0.384123,
          0.919712,
          3.405539
        ],
        [
          -0.995691,
          0.072845,
          -0.057389,
          3.187401
        ],
        [
          -0.044952,
          -0.920404,
          -0.388376,
          1.374136
        ],
        [
          0.0,
          0.0,
          0.0,
          1.0
        ]
      ]
    },
    {
      "file_path": "/media/NFS/ttao/scannet/posed_images/scene0435_02/00325.jpg",
      "transform_matrix": [
        [
          -0.180457,
          -0.366058,
          0.912928,
          3.477759
        ],
        [
          -0.981097,
          0.132943,
          -0.140625,
          3.299241
        ],
        [
          -0.069891,
          -0.921047,
          -0.383129,
          1.363374
        ],
        [
          0.0,
          0.0,
          0.0,
          1.0
        ]
      ]
    },
    {
      "file_path": "/media/NFS/ttao/scannet/posed_images/scene0435_02/00330.jpg",
      "transform_matrix": [
        [
          -0.26123,
          -0.400189,
          0.878412,
          3.557801
        ],
        [
          -0.963532,
          0.16279,
          -0.21238,
          3.399578
        ],
        [
          -0.058005,
          -0.901858,
          -0.428121,
          1.377491
        ],
        [
          0.0,
          0.0,
          0.0,
          1.0
        ]
      ]
    },
    {
      "file_path": "/media/NFS/ttao/scannet/posed_images/scene0435_02/00336.jpg",
      "transform_matrix": [
        [
          -0.330563,
          -0.379824,
          0.86398,
          3.608283
        ],
        [
          -0.942237,
          0.1852,
          -0.279087,
          3.503531
        ],
        [
          -0.054005,
          -0.906331,
          -0.419105,
          1.393404
        ],
        [
          0.0,
          0.0,
          0.0,
          1.0
        ]
      ]
    },
    {
      "file_path": "/media/NFS/ttao/scannet/posed_images/scene0435_02/00341.jpg",
      "transform_matrix": [
        [
          -0.413759,
          -0.368835,
          0.832324,
          3.628813
        ],
        [
          -0.909269,
          0.212709,
          -0.35775,
          3.611973
        ],
        [
          -0.045092,
          -0.904829,
          -0.423381,
          1.390483
        ],
        [
          0.0,
          0.0,
          0.0,
          1.0
        ]
      ]
    },
    {
      "file_path": "/media/NFS/ttao/scannet/posed_images/scene0435_02/00348.jpg",
      "transform_matrix": [
        [
          -0.506516,
          -0.357421,
          0.78466,
          3.665166
        ],
        [
          -0.859717,
          0.278779,
          -0.427981,
          3.750586
        ],
        [
          -0.065777,
          -0.891366,
          -0.448487,
          1.405203
        ],
        [
          0.0,
          0.0,
          0.0,
          1.0
        ]
      ]
    },
    {
      "file_path": "/media/NFS/ttao/scannet/posed_images/scene0435_02/00349.jpg",
      "transform_matrix": [
        [
          -0.518777,
          -0.353579,
          0.778365,
          3.672295
        ],
        [
          -0.852432,
          0.283199,
          -0.439498,
          3.764102
        ],
        [
          -0.065034,
          -0.891504,
          -0.44832,
          1.410893
        ],
        [
          0.0,
          0.0,
          0.0,
          1.0
        ]
      ]
    },
    {
      "file_path": "/media/NFS/ttao/scannet/posed_images/scene0435_02/00354.jpg",
      "transform_matrix": [
        [
          -0.589997,
          -0.339662,
          0.732484,
          3.705132
        ],
        [
          -0.806539,
          0.28994,
          -0.515198,
          3.83258
        ],
        [
          -0.037384,
          -0.894743,
          -0.445014,
          1.410957
        ],
        [
          0.0,
          0.0,
          0.0,
          1.0
        ]
      ]
    },
    {
      "file_path": "/media/NFS/ttao/scannet/posed_images/scene0435_02/00364.jpg",
      "transform_matrix": [
        [
          -0.679201,
          -0.316227,
          0.662334,
          3.817368
        ],
        [
          -0.733861,
          0.278391,
          -0.619634,
          3.905794
        ],
        [
          0.011557,
          -0.906917,
          -0.42115,
          1.397523
        ],
        [
          0.0,
          0.0,
          0.0,
          1.0
        ]
      ]
    },
    {
      "file_path": "/media/NFS/ttao/scannet/posed_images/scene0435_02/00367.jpg",
      "transform_matrix": [
        [
          -0.698588,
          -0.294767,
          0.651987,
          3.853076
        ],
        [
          -0.715518,
          0.291393,
          -0.63492,
          3.910606
        ],
        [
          -0.00283,
          -0.910057,
          -0.414475,
          1.39433
        ],
        [
          0.0,
          0.0,
          0.0,
          1.0
        ]
      ]
    },
    {
      "file_path": "/media/NFS/ttao/scannet/posed_images/scene0435_02/00370.jpg",
      "transform_matrix": [
        [
          -0.73241,
          -0.27953,
          0.620836,
          3.901053
        ],
        [
          -0.680825,
          0.310363,
          -0.66344,
          3.902086
        ],
        [
          -0.007233,
          -0.908591,
          -0.417624,
          1.399959
        ],
        [
          0.0,
          0.0,
          0.0,
          1.0
        ]
      ]
    },
    {
      "file_path": "/media/NFS/ttao/scannet/posed_images/scene0435_02/00378.jpg",
      "transform_matrix": [
        [
          -0.805516,
          -0.246337,
          0.538946,
          4.006069
        ],
        [
          -0.592339,
          0.309121,
          -0.744028,
          3.910002
        ],
        [
          0.016682,
          -0.918566,
          -0.394917,
          1.400375
        ],
        [
          0.0,
          0.0,
          0.0,
          1.0
        ]
      ]
    },
    {
      "file_path": "/media/NFS/ttao/scannet/posed_images/scene0435_02/00383.jpg",
      "transform_matrix": [
        [
          -0.840604,
          -0.23808,
          0.486522,
          4.088956
        ],
        [
          -0.540488,
          0.309868,
          -0.782211,
          3.907471
        ],
        [
          0.035471,
          -0.920489,
          -0.389156,
          1.412738
        ],
        [
          0.0,
          0.0,
          0.0,
          1.0
        ]
      ]
    },
    {
      "file_path": "/media/NFS/ttao/scannet/posed_images/scene0435_02/00391.jpg",
      "transform_matrix": [
        [
          -0.892879,
          -0.198562,
          0.404154,
          4.175754
        ],
        [
          -0.449607,
          0.343449,
          -0.824558,
          3.877103
        ],
        [
          0.02492,
          -0.917941,
          -0.395934,
          1.418062
        ],
        [
          0.0,
          0.0,
          0.0,
          1.0
        ]
      ]
    },
    {
      "file_path": "/media/NFS/ttao/scannet/posed_images/scene0435_02/00393.jpg",
      "transform_matrix": [
        [
          -0.900364,
          -0.185959,
          0.393401,
          4.195097
        ],
        [
          -0.43477,
          0.347294,
          -0.83088,
          3.864321
        ],
        [
          0.017883,
          -0.919133,
          -0.39354,
          1.418767
        ],
        [
          0.0,
          0.0,
          0.0,
          1.0
        ]
      ]
    },
    {
      "file_path": "/media/NFS/ttao/scannet/posed_images/scene0435_02/00401.jpg",
      "transform_matrix": [
        [
          -0.942629,
          -0.148424,
          0.299033,
          4.268037
        ],
        [
          -0.333198,
          0.362681,
          -0.870311,
          3.802293
        ],
        [
          0.020722,
          -0.920018,
          -0.391328,
          1.39616
        ],
        [
          0.0,
          0.0,
          0.0,
          1.0
        ]
      ]
    },
    {
      "file_path": "/media/NFS/ttao/scannet/posed_images/scene0435_02/00404.jpg",
      "transform_matrix": [
        [
          -0.947352,
          -0.139534,
          0.288193,
          4.280907
        ],
        [
          -0.319662,
          0.360235,
          -0.876383,
          3.757865
        ],
        [
          0.018468,
          -0.922367,
          -0.385873,
          1.395516
        ],
        [
          0.0,
          0.0,
          0.0,
          1.0
        ]
      ]
    },
    {
      "file_path": "/media/NFS/ttao/scannet/posed_images/scene0435_02/00411.jpg",
      "transform_matrix": [
        [
          -0.942114,
          -0.12341,
          0.311756,
          4.30632
        ],
        [
          -0.33522,
          0.327206,
          -0.883495,
          3.646113
        ],
        [
          0.007024,
          -0.93686,
          -0.349635,
          1.364139
        ],
        [
          0.0,
          0.0,
          0.0,
          1.0
        ]
      ]
    },
    {
      "file_path": "/media/NFS/ttao/scannet/posed_images/scene0435_02/00414.jpg",
      "transform_matrix": [
        [
          -0.937503,
          -0.132474,
          0.321774,
          4.32605
        ],
        [
          -0.34761,
          0.314082,
          -0.88347,
          3.604742
        ],
        [
