{
  "frames": [
    {
      "file_path": "/media/NFS/ttao/scannet/posed_images/scene0078_00/00001.jpg",
      "transform_matrix": [
        [
          0.993106,
          -0.061381,
          0.099861,
          3.283498
        ],
        [
          -0.116562,
          -0.427194,
          0.896615,
          2.568158
        ],
        [
          -0.012375,
          -0.902074,
          -0.431404,
          1.509645
        ],
        [
          0.0,
          0.0,
          0.0,
          1.0
        ]
      ]
    },
    {
      "file_path": "/media/NFS/ttao/scannet/posed_images/scene0078_00/00002.jpg",
      "transform_matrix": [
        [
          0.992758,
          -0.062357,
          0.102681,
          3.283188
        ],
        [
          -0.119576,
          -0.430727,
          0.894525,
          2.568117
        ],
        [
          -0.011552,
          -0.900325,
          -0.435064,
          1.510042
        ],
        [
          0.0,
          0.0,
          0.0,
          1.0
        ]
      ]
    },
    {
      "file_path": "/media/NFS/ttao/scannet/posed_images/scene0078_00/00005.jpg",
      "transform_matrix": [
        [
          0.992218,
          -0.068899,
          0.103709,
          3.28952
        ],
        [
          -0.123592,
          -0.44407,
          0.887427,
          2.568604
        ],
        [
          -0.015089,
          -0.893339,
          -0.44913,
          1.508233
        ],
        [
          0.0,
          0.0,
          0.0,
          1.0
        ]
      ]
    },
    {
      "file_path": "/media/NFS/ttao/scannet/posed_images/scene0078_00/00007.jpg",
      "transform_matrix": [
        [
          0.991958,
          -0.072326,
          0.103867,
          3.290581
        ],
        [
          -0.125512,
          -0.456306,
          0.880927,
          2.568773
        ],
        [
          -0.016319,
          -0.886879,
          -0.461714,
          1.506808
        ],
        [
          0.0,
          0.0,
          0.0,
          1.0
        ]
      ]
    },
    {
      "file_path": "/media/NFS/ttao/scannet/posed_images/scene0078_00/00009.jpg",
      "transform_matrix": [
        [
          0.991697,
          -0.07473,
          0.104657,
          3.294037
        ],
        [
          -0.127453,
          -0.462749,
          0.877279,
          2.566846
        ],
        [
          -0.017129,
          -0.883334,
          -0.468431,
          1.501968
        ],
        [
          0.0,
          0.0,
          0.0,
          1.0
        ]
      ]
    },
    {
      "file_path": "/media/NFS/ttao/scannet/posed_images/scene0078_00/00010.jpg",
      "transform_matrix": [
        [
          0.991146,
          -0.077038,
          0.10814,
          3.292579
        ],
        [
          -0.131714,
          -0.467749,
          0.873992,
          2.571753
        ],
        [
          -0.016748,
          -0.880498,
          -0.473754,
          1.506585
        ],
        [
          0.0,
          0.0,
          0.0,
          1.0
        ]
      ]
    },
    {
      "file_path": "/media/NFS/ttao/scannet/posed_images/scene0078_00/00013.jpg",
      "transform_matrix": [
        [
          0.989885,
          -0.084706,
          0.113808,
          3.303316
        ],
        [
          -0.140374,
          -0.468557,
          0.87221,
          2.568513
        ],
        [
          -0.020556,
          -0.879363,
          -0.475708,
          1.502735
        ],
        [
          0.0,
          0.0,
          0.0,
          1.0
        ]
      ]
    },
    {
      "file_path": "/media/NFS/ttao/scannet/posed_images/scene0078_00/00015.jpg",
      "transform_matrix": [
        [
          0.988673,
          -0.090097,
          0.120031,
          3.31209
        ],
        [
          -0.148421,
          -0.468253,
          0.87104,
          2.569103
        ],
        [
          -0.022273,
          -0.878989,
          -0.476322,
          1.505775
        ],
        [
          0.0,
          0.0,
          0.0,
          1.0
        ]
      ]
    },
    {
      "file_path": "/media/NFS/ttao/scannet/posed_images/scene0078_00/00017.jpg",
      "transform_matrix": [
        [
          0.98773,
          -0.09247,
          0.125851,
          3.319739
        ],
        [
          -0.154633,
          -0.466314,
          0.870999,
          2.566373
        ],
        [
          -0.021855,
          -0.879773,
          -0.474891,
          1.503361
        ],
        [
          0.0,
          0.0,
          0.0,
          1.0
        ]
      ]
    },
    {
      "file_path": "/media/NFS/ttao/scannet/posed_images/scene0078_00/00019.jpg",
      "transform_matrix": [
        [
          0.987429,
          -0.092776,
          0.12797,
          3.32939
        ],
        [
          -0.156707,
          -0.468808,
          0.869288,
          2.566246
        ],
        [
          -0.020656,
          -0.878414,
          -0.477454,
          1.503107
        ],
        [
          0.0,
          0.0,
          0.0,
          1.0
        ]
      ]
    },
    {
      "file_path": "/media/NFS/ttao/scannet/posed_images/scene0078_00/00020.jpg",
      "transform_matrix": [
        [
          0.987033,
          -0.093554,
          0.130438,
          3.330046
        ],
        [
          -0.159328,
          -0.472176,
          0.866986,
          2.568762
        ],
        [
          -0.01952,
          -0.876526,
          -0.480959,
          1.506276
        ],
        [
          0.0,
          0.0,
          0.0,
          1.0
        ]
      ]
    },
    {
      "file_path": "/media/NFS/ttao/scannet/posed_images/scene0078_00/00022.jpg",
      "transform_matrix": [
        [
          0.986322,
          -0.097677,
          0.132772,
          3.341377
        ],
        [
          -0.16318,
          -0.4649,
          0.870196,
          2.56765
        ],
        [
          -0.023273,
          -0.879959,
          -0.47448,
          1.504447
        ],
        [
          0.0,
          0.0,
          0.0,
          1.0
        ]
      ]
    },
    {
      "file_path": "/media/NFS/ttao/scannet/posed_images/scene0078_00/00024.jpg",
      "transform_matrix": [
        [
          0.986204,
          -0.097117,
          0.134049,
          3.344972
        ],
        [
          -0.163608,
          -0.44876,
          0.878548,
          2.565202
        ],
        [
          -0.025166,
          -0.888359,
          -0.458458,
          1.504758
        ],
        [
          0.0,
          0.0,
          0.0,
          1.0
        ]
      ]
    },
    {
      "file_path": "/media/NFS/ttao/scannet/posed_images/scene0078_00/00026.jpg",
      "transform_matrix": [
        [
          0.987799,
          -0.092099,
          0.125587,
          3.357619
        ],
        [
          -0.153117,
          -0.427016,
          0.891186,
          2.561047
        ],
        [
          -0.02845,
          -0.899541,
          -0.435908,
          1.507161
        ],
        [
          0.0,
          0.0,
          0.0,
          1.0
        ]
      ]
    },
    {
      "file_path": "/media/NFS/ttao/scannet/posed_images/scene0078_00/00029.jpg",
      "transform_matrix": [
        [
          0.98937,
          -0.083035,
          0.119385,
          3.36158
        ],
        [
          -0.143239,
          -0.41473,
          0.8986,
          2.56124
        ],
        [
          -0.025103,
          -0.906148,
          -0.422215,
          1.508995
        ],
        [
          0.0,
          0.0,
          0.0,
          1.0
        ]
      ]
    },
    {
      "file_path": "/media/NFS/ttao/scannet/posed_images/scene0078_00/00031.jpg",
      "transform_matrix": [
        [
          0.990686,
          -0.078931,
          0.110956,
          3.373596
        ],
        [
          -0.133763,
          -0.411725,
          0.901438,
          2.562819
        ],
        [
          -0.025468,
          -0.907883,
          -0.418448,
          1.5155
        ],
        [
          0.0,
          0.0,
          0.0,
          1.0
        ]
      ]
    },
    {
      "file_path": "/media/NFS/ttao/scannet/posed_images/scene0078_00/00032.jpg",
      "transform_matrix": [
        [
          0.991076,
          -0.074799,
          0.110338,
          3.375199
        ],
        [
          -0.131335,
          -0.406254,
          0.904273,
          2.561633
        ],
        [
          -0.022813,
          -0.910694,
          -0.412452,
          1.513257
        ],
        [
          0.0,
          0.0,
          0.0,
          1.0
        ]
      ]
    },
    {
      "file_path": "/media/NFS/ttao/scannet/posed_images/scene0078_00/00034.jpg",
      "transform_matrix": [
        [
          0.991458,
          -0.070838,
          0.109518,
          3.380098
        ],
        [
          -0.128543,
          -0.388371,
          0.912494,
          2.56292
        ],
        [
          -0.022106,
          -0.918777,
          -0.394159,
          1.516559
        ],
        [
          0.0,
          0.0,
          0.0,
          1.0
        ]
      ]
    },
    {
      "file_path": "/media/NFS/ttao/scannet/posed_images/scene0078_00/00036.jpg",
      "transform_matrix": [
        [
          0.992323,
          -0.067114,
          0.103879,
          3.389361
        ],
        [
          -0.121453,
          -0.370426,
          0.920887,
          2.565283
        ],
        [
          -0.023325,
          -0.926434,
          -0.375733,
          1.525093
        ],
        [
          0.0,
          0.0,
          0.0,
          1.0
        ]
      ]
    },
    {
      "file_path": "/media/NFS/ttao/scannet/posed_images/scene0078_00/00040.jpg",
      "transform_matrix": [
        [
          0.993562,
          -0.067779,
          0.090783,
          3.403512
        ],
        [
          -0.108266,
          -0.331956,
          0.937061,
          2.560199
        ],
        [
          -0.033377,
          -0.940857,
          -0.337157,
          1.523484
        ],
        [
          0.0,
          0.0,
          0.0,
          1.0
        ]
      ]
    },
    {
      "file_path": "/media/NFS/ttao/scannet/posed_images/scene0078_00/00041.jpg",
      "transform_matrix": [
        [
          0.993592,
          -0.066892,
          0.091103,
          3.399265
        ],
        [
          -0.108151,
          -0.328601,
          0.938256,
          2.563987
        ],
        [
          -0.032825,
          -0.942097,
          -0.33373,
          1.527999
        ],
        [
          0.0,
          0.0,
          0.0,
          1.0
        ]
      ]
    },
    {
      "file_path": "/media/NFS/ttao/scannet/posed_images/scene0078_00/00044.jpg",
      "transform_matrix": [
        [
          0.995004,
          -0.06158,
          0.078581,
          3.410353
        ],
        [
          -0.094114,
          -0.315945,
          0.944098,
          2.566536
        ],
        [
          -0.033311,
          -0.946777,
          -0.320162,
          1.531543
        ],
        [
          0.0,
          0.0,
          0.0,
          1.0
        ]
      ]
    },
    {
      "file_path": "/media/NFS/ttao/scannet/posed_images/scene0078_00/00046.jpg",
      "transform_matrix": [
        [
          0.995858,
          -0.058973,
          0.069198,
          3.419821
        ],
        [
          -0.084194,
          -0.310904,
          0.946705,
          2.570559
        ],
        [
          -0.034316,
          -0.94861,
          -0.314581,
          1.538235
        ],
        [
          0.0,
          0.0,
          0.0,
          1.0
        ]
      ]
    },
    {
      "file_path": "/media/NFS/ttao/scannet/posed_images/scene0078_00/00048.jpg",
      "transform_matrix": [
        [
          0.996114,
          -0.059909,
          0.064566,
          3.421932
        ],
        [
          -0.079685,
          -0.300659,
          0.950397,
          2.574861
        ],
        [
          -0.037525,
          -0.951848,
          -0.304264,
          1.538257
        ],
        [
          0.0,
          0.0,
          0.0,
          1.0
        ]
      ]
    },
    {
      "file_path": "/media/NFS/ttao/scannet/posed_images/scene0078_00/00049.jpg",
      "transform_matrix": [
        [
          0.99631,
          -0.05984,
          0.06152,
          3.42492
        ],
        [
          -0.076576,
          -0.296154,
          0.952065,
          2.576602
        ],
        [
          -0.038752,
          -0.953264,
          -0.299644,
          1.535651
        ],
        [
          0.0,
          0.0,
          0.0,
          1.0
        ]
      ]
    },
    {
      "file_path": "/media/NFS/ttao/scannet/posed_images/scene0078_00/00052.jpg",
      "transform_matrix": [
        [
          0.996537,
          -0.066161,
          0.050359,
          3.433492
        ],
        [
          -0.067615,
          -0.292353,
          0.953917,
          2.590263
        ],
        [
          -0.04839,
          -0.954019,
          -0.295814,
          1.543799
        ],
        [
          0.0,
          0.0,
          0.0,
          1.0
        ]
      ]
    },
    {
      "file_path": "/media/NFS/ttao/scannet/posed_images/scene0078_00/00054.jpg",
      "transform_matrix": [
        [
          0.996552,
          -0.068037,
          0.047484,
          3.437874
        ],
        [
          -0.06493,
          -0.283246,
          0.956847,
          2.60168
        ],
        [
          -0.051651,
          -0.956631,
          -0.286687,
          1.547302
        ],
        [
          0.0,
          0.0,
          0.0,
          1.0
        ]
      ]
    },
    {
      "file_path": "/media/NFS/ttao/scannet/posed_images/scene0078_00/00056.jpg",
      "transform_matrix": [
        [
          0.996485,
          -0.06991,
          0.046164,
          3.437376
        ],
        [
          -0.063569,
          -0.272066,
          0.960177,
          2.613233
        ],
        [
          -0.054566,
          -0.959736,
          -0.275554,
          1.535809
        ],
        [
          0.0,
          0.0,
          0.0,
          1.0
        ]
      ]
    },
    {
      "file_path": "/media/NFS/ttao/scannet/posed_images/scene0078_00/00057.jpg",
      "transform_matrix": [
        [
          0.996596,
          -0.06961,
          0.044174,
          3.438158
        ],
        [
          -0.061642,
          -0.273356,
          0.959936,
          2.621976
        ],
        [
          -0.054746,
          -0.959391,
          -0.276716,
          1.533835
        ],
        [
          0.0,
          0.0,
          0.0,
          1.0
        ]
      ]
    },
    {
      "file_path": "/media/NFS/ttao/scannet/posed_images/scene0078_00/00060.jpg",
      "transform_matrix": [
        [
          0.997248,
          -0.063618,
          0.038072,
          3.440341
        ],
        [
          -0.054646,
          -0.283686,
          0.957359,
          2.653294
        ],
        [
          -0.050105,
          -0.956805,
          -0.286382,
          1.528451
        ],
        [
          0.0,
          0.0,
          0.0,
          1.0
        ]
      ]
    },
    {
      "file_path": "/media/NFS/ttao/scannet/posed_images/scene0078_00/00061.jpg",
      "transform_matrix": [
        [
          0.997626,
          -0.055788,
          0.040384,
          3.438276
        ],
        [
          -0.05508,
          -0.294293,
          0.954127,
          2.677879
        ],
        [
          -0.041344,
          -0.954086,
          -0.296667,
          1.521236
        ],
        [
          0.0,
          0.0,
          0.0,
          1.0
        ]
      ]
    },
    {
      "file_path": "/media/NFS/ttao/scannet/posed_images/scene0078_00/00063.jpg",
      "transform_matrix": [
        [
          0.998019,
          -0.045748,
          0.043177,
          3.43751
        ],
        [
          -0.055245,
          -0.309157,
          0.949405,
          2.70578
        ],
        [
          -0.030085,
          -0.94991,
          -0.311072,
          1.517064
        ],
        [
          0.0,
          0.0,
          0.0,
          1.0
        ]
      ]
    },
    {
      "file_path": "/media/NFS/ttao/scannet/posed_images/scene0078_00/00065.jpg",
      "transform_matrix": [
        [
          0.998323,
          -0.03572,
          0.045561,
          3.438203
        ],
        [
          -0.054594,
          -0.318917,
          0.946209,
          2.731752
        ],
        [
          -0.019269,
          -0.947109,
          -0.320332,
          1.510846
        ],
        [
          0.0,
          0.0,
          0.0,
          1.0
        ]
      ]
    },
    {
      "file_path": "/media/NFS/ttao/scannet/posed_images/scene0078_00/00067.jpg",
      "transform_matrix": [
        [
          0.998435,
          -0.028426,
          0.048152,
          3.435799
        ],
        [
          -0.054884,
          -0.333498,
          0.941152,
          2.760867
        ],
        [
          -0.010695,
          -0.942322,
          -0.334536,
          1.505986
        ],
        [
          0.0,
          0.0,
          0.0,
          1.0
        ]
      ]
    },
    {
      "file_path": "/media/NFS/ttao/scannet/posed_images/scene0078_00/00069.jpg",
      "transform_matrix": [
        [
          0.998317,
          -0.026305,
          0.051681,
          3.433876
        ],
        [
          -0.05763,
          -0.350815,
          0.93467,
          2.790237
        ],
        [
          -0.006456,
          -0.936075,
          -0.351741,
          1.504295
        ],
        [
          0.0,
          0.0,
          0.0,
          1.0
        ]
      ]
    },
    {
      "file_path": "/media/NFS/ttao/scannet/posed_images/scene0078_00/00072.jpg",
      "transform_matrix": [
        [
          0.998266,
          -0.028589,
          0.051465,
          3.436679
        ],
        [
          -0.058513,
          -0.385422,
          0.920883,
          2.829767
        ],
        [
          -0.006492,
          -0.922297,
          -0.386426,
          1.498669
        ],
        [
          0.0,
          0.0,
          0.0,
          1.0
        ]
      ]
    },
    {
      "file_path": "/media/NFS/ttao/scannet/posed_images/scene0078_00/00074.jpg",
      "transform_matrix": [
        [
          0.998397,
          -0.023697,
          0.051393,
          3.437908
        ],
        [
          -0.056587,
          -0.40361,
          0.91318,
          2.853188
        ],
        [
          -0.000897,
          -0.914624,
          -0.404304,
          1.49717
        ],
        [
          0.0,
          0.0,
          0.0,
          1.0
        ]
      ]
    },
    {
      "file_path": "/media/NFS/ttao/scannet/posed_images/scene0078_00/00076.jpg",
      "transform_matrix": [
        [
          0.99845,
          -0.016352,
          0.0532,
          3.443594
        ],
        [
          -0.055159,
          -0.41822,
          0.906669,
          2.872027
        ],
        [
          0.007424,
          -0.908198,
          -0.418474,
          1.493508
        ],
        [
          0.0,
          0.0,
          0.0,
          1.0
        ]
      ]
    },
    {
      "file_path": "/media/NFS/ttao/scannet/posed_images/scene0078_00/00078.jpg",
      "transform_matrix": [
        [
          0.998862,
          -0.012403,
          0.046062,
          3.450856
        ],
        [
          -0.046876,
          -0.434159,
          0.899616,
          2.886578
        ],
        [
          0.00884,
          -0.900751,
          -0.434246,
          1.49053
        ],
        [
          0.0,
          0.0,
          0.0,
          1.0
        ]
      ]
    },
    {
      "file_path": "/media/NFS/ttao/scannet/posed_images/scene0078_00/00079.jpg",
      "transform_matrix": [
        [
          0.999188,
          -0.011014,
          0.038758,
          3.454874
        ],
        [
          -0.039665,
          -0.437999,
          0.8981,
          2.892511
        ],
        [
          0.007084,
          -0.898908,
          -0.43808,
          1.489816
        ],
        [
          0.0,
          0.0,
          0.0,
          1.0
        ]
      ]
    },
    {
      "file_path": "/media/NFS/ttao/scannet/posed_images/scene0078_00/00082.jpg",
      "transform_matrix": [
        [
          0.999917,
          0.003694,
          0.012333,
          3.471868
        ],
        [
          -0.009306,
          -0.454513,
          0.890692,
          2.904958
        ],
        [
          0.008895,
          -0.890733,
          -0.454441,
          1.486916
        ],
        [
          0.0,
          0.0,
          0.0,
          1.0
        ]
      ]
    },
    {
      "file_path": "/media/NFS/ttao/scannet/posed_images/scene0078_00/00084.jpg",
      "transform_matrix": [
        [
          0.999554,
          0.028184,
          -0.009842,
          3.483128
        ],
        [
          0.021612,
          -0.455706,
          0.889868,
          2.907828
        ],
        [
          0.020595,
          -0.889684,
          -0.456112,
          1.479962
        ],
        [
          0.0,
          0.0,
          0.0,
          1.0
        ]
      ]
    },
    {
      "file_path": "/media/NFS/ttao/scannet/posed_images/scene0078_00/00087.jpg",
      "transform_matrix": [
        [
          0.995436,
          0.069737,
          -0.065145,
          3.513524
        ],
        [
          0.090783,
          -0.481519,
          0.871721,
          2.913248
        ],
        [
          0.029423,
          -0.873657,
          -0.485652,
          1.46679
        ],
        [
          0.0,
          0.0,
          0.0,
          1.0
        ]
      ]
    },
    {
      "file_path": "/media/NFS/ttao/scannet/posed_images/scene0078_00/00089.jpg",
      "transform_matrix": [
        [
          0.992707,
          0.081868,
          -0.088492,
          3.531599
        ],
        [
          0.117338,
          -0.487753,
          0.86506,
          2.914221
        ],
        [
          0.027658,
          -0.869134,
          -0.493802,
          1.461415
        ],
        [
          0.0,
          0.0,
          0.0,
          1.0
        ]
      ]
    },
    {
      "file_path": "/media/NFS/ttao/scannet/posed_images/scene0078_00/00091.jpg",
      "transform_matrix": [
        [
          0.990047,
          0.095962,
          -0.102949,
          3.54351
        ],
        [
          0.137289,
          -0.497571,
          0.85649,
          2.91825
        ],
        [
          0.030966,
          -0.862099,
          -0.505793,
          1.459724
        ],
        [
          0.0,
          0.0,
          0.0,
          1.0
        ]
      ]
    },
    {
      "file_path": "/media/NFS/ttao/scannet/posed_images/scene0078_00/00092.jpg",
      "transform_matrix": [
        [
          0.988891,
          0.100808,
          -0.109234,
          3.550929
        ],
        [
          0.145237,
          -0.498891,
          0.854408,
          2.919098
        ],
        [
          0.031635,
          -0.860782,
          -0.50799,
          1.457421
        ],
        [
          0.0,
          0.0,
          0.0,
          1.0
        ]
      ]
    },
    {
      "file_path": "/media/NFS/ttao/scannet/posed_images/scene0078_00/00094.jpg",
      "transform_matrix": [
        [
          0.985504,
          0.107142,
          -0.131535,
          3.567054
        ],
        [
          0.167812,
          -0.501829,
          0.848532,
          2.916305
        ],
        [
          0.024905,
          -0.858306,
          -0.512534,
          1.448737
        ],
        [
          0.0,
          0.0,
          0.0,
          1.0
        ]
      ]
    },
    {
      "file_path": "/media/NFS/ttao/scannet/posed_images/scene0078_00/00097.jpg",
      "transform_matrix": [
        [
          0.975492,
          0.116809,
          -0.18647,
          3.583883
        ],
        [
          0.220033,
          -0.514013,
          0.829082,
          2.911714
        ],
        [
          0.000996,
          -0.849792,
          -0.527117,
          1.445578
        ],
        [
          0.0,
          0.0,
          0.0,
          1.0
        ]
      ]
    },
    {
      "file_path": "/media/NFS/ttao/scannet/posed_images/scene0078_00/00099.jpg",
      "transform_matrix": [
        [
          0.965492,
          0.128195,
          -0.226696,
          3.592486
        ],
        [
          0.260111,
          -0.517908,
          0.814932,
          2.905175
        ],
        [
          -0.012938,
          -0.845776,
          -0.533381,
          1.444461
        ],
        [
          0.0,
          0.0,
          0.0,
          1.0
        ]
      ]
    },
    {
      "file_path": "/media/NFS/ttao/scannet/posed_images/scene0078_00/00100.jpg",
      "transform_matrix": [
        [
          0.959781,
          0.136266,
          -0.245461,
          3.597672
        ],
        [
          0.280179,
          -0.520543,
          0.806557,
          2.903613
        ],
        [
          -0.017867,
          -0.842892,
          -0.537787,
          1.448954
        ],
        [
          0.0,
          0.0,
          0.0,
          1.0
        ]
      ]
    },
    {
      "file_path": "/media/NFS/ttao/scannet/posed_images/scene0078_00/00103.jpg",
      "transform_matrix": [
        [
          0.943038,
          0.157155,
          -0.293226,
          3.601141
        ],
        [
          0.331848,
          -0.506842,
          0.795605,
          2.891816
        ],
        [
          -0.023586,
          -0.847593,
          -0.530123,
          1.456843
        ],
        [
          0.0,
          0.0,
          0.0,
          1.0
        ]
      ]
    },
    {
      "file_path": "/media/NFS/ttao/scannet/posed_images/scene0078_00/00104.jpg",
      "transform_matrix": [
        [
          0.936429,
          0.162175,
          -0.311125,
          3.600473
        ],
        [
          0.349711,
          -0.50301,
          0.790369,
          2.887056
        ],
        [
          -0.028321,
          -0.848929,
          -0.527748,
          1.460816
        ],
        [
          0.0,
          0.0,
          0.0,
          1.0
        ]
      ]
    },
    {
      "file_path": "/media/NFS/ttao/scannet/posed_images/scene0078_00/00107.jpg",
      "transform_matrix": [
        [
          0.916127,
          0.166019,
          -0.364897,
          3.601693
        ],
        [
          0.397945,
          -0.486718,
          0.777654,
          2.871928
        ],
        [
          -0.048497,
          -0.857638,
          -0.511962,
          1.468173
        ],
        [
          0.0,
          0.0,
          0.0,
          1.0
        ]
      ]
    },
    {
      "file_path": "/media/NFS/ttao/scannet/posed_images/scene0078_00/00109.jpg",
      "transform_matrix": [
        [
          0.902429,
          0.169217,
          -0.396215,
          3.605616
        ],
        [
          0.426922,
          -0.474932,
          0.76953,
          2.860613
        ],
        [
          -0.057958,
          -0.8636,
          -0.500836,
          1.4698
        ],
        [
          0.0,
          0.0,
          0.0,
          1.0
        ]
      ]
    },
    {
      "file_path": "/media/NFS/ttao/scannet/posed_images/scene0078_00/00110.jpg",
      "transform_matrix": [
        [
          0.895222,
          0.17539,
          -0.409653,
          3.606535
        ],
        [
          0.441724,
          -0.47057,
          0.763835,
          2.855453
        ],
        [
          -0.058801,
          -0.864756,
          -0.498738,
          1.469584
        ],
        [
          0.0,
          0.0,
          0.0,
          1.0
        ]
      ]
    },
    {
      "file_path": "/media/NFS/ttao/scannet/posed_images/scene0078_00/00113.jpg",
      "transform_matrix": [
        [
          0.877078,
          0.185099,
          -0.443252,
          3.606353
        ],
        [
          0.476293,
          -0.454761,
          0.752554,
          2.847782
        ],
        [
          -0.062277,
          -0.871166,
          -0.487022,
          1.476228
        ],
        [
          0.0,
          0.0,
          0.0,
          1.0
        ]
      ]
    },
    {
      "file_path": "/media/NFS/ttao/scannet/posed_images/scene0078_00/00114.jpg",
      "transform_matrix": [
        [
          0.872702,
          0.186722,
          -0.451138,
          3.603996
        ],
        [
          0.484321,
          -0.448075,
          0.751439,
          2.844035
        ],
        [
          -0.061834,
          -0.874279,
          -0.48147,
          1.478052
        ],
        [
          0.0,
          0.0,
          0.0,
          1.0
        ]
      ]
    },
    {
      "file_path": "/media/NFS/ttao/scannet/posed_images/scene0078_00/00117.jpg",
      "transform_matrix": [
        [
          0.856772,
          0.198821,
          -0.475828,
          3.602797
        ],
        [
          0.512267,
          -0.434347,
          0.740895,
          2.834954
        ],
        [
          -0.05937,
          -0.878529,
          -0.473986,
          1.479532
        ],
        [
          0.0,
          0.0,
          0.0,
          1.0
        ]
      ]
    },
    {
      "file_path": "/media/NFS/ttao/scannet/posed_images/scene0078_00/00119.jpg",
      "transform_matrix": [
        [
          0.846354,
          0.205913,
          -0.491208,
          3.600628
        ],
        [
          0.529454,
          -0.425676,
          0.73381,
          2.830902
        ],
        [
          -0.057995,
          -0.881136,
          -0.469294,
          1.480406
        ],
        [
          0.0,
          0.0,
          0.0,
          1.0
        ]
      ]
    },
    {
      "file_path": "/media/NFS/ttao/scannet/posed_images/scene0078_00/00120.jpg",
      "transform_matrix": [
        [
          0.842376,
          0.212064,
          -0.49541,
          3.596728
        ],
        [
          0.536416,
          -0.417964,
          0.733188,
          2.823294
        ],
        [
          -0.05158,
          -0.883366,
          -0.465837,
          1.478488
        ],
        [
          0.0,
          0.0,
          0.0,
          1.0
        ]
      ]
    },
    {
      "file_path": "/media/NFS/ttao/scannet/posed_images/scene0078_00/00124.jpg",
      "transform_matrix": [
        [
          0.82163,
          0.230127,
          -0.521503,
          3.586593
        ],
        [
          0.56819,
          -0.403912,
          0.716949,
          2.808787
        ],
        [
          -0.045652,
          -0.885379,
          -0.462622,
          1.477175
        ],
        [
          0.0,
          0.0,
          0.0,
          1.0
        ]
      ]
    },
    {
      "file_path": "/media/NFS/ttao/scannet/posed_images/scene0078_00/00126.jpg",
      "transform_matrix": [
        [
          0.812012,
          0.239507,
          -0.532233,
          3.575589
        ],
        [
          0.581865,
          -0.403278,
          0.706258,
          2.80322
        ],
        [
          -0.045484,
          -0.883178,
          -0.466827,
          1.478456
        ],
        [
          0.0,
          0.0,
          0.0,
          1.0
        ]
      ]
    },
    {
      "file_path": "/media/NFS/ttao/scannet/posed_images/scene0078_00/00128.jpg",
      "transform_matrix": [
        [
          0.801314,
          0.250785,
          -0.543141,
          3.565869
        ],
        [
          0.596696,
          -0.40031,
          0.69549,
          2.798347
        ],
        [
          -0.043006,
          -0.881396,
          -0.470416,
          1.476438
        ],
        [
          0.0,
          0.0,
          0.0,
          1.0
        ]
      ]
    },
    {
      "file_path": "/media/NFS/ttao/scannet/posed_images/scene0078_00/00129.jpg",
      "transform_matrix": [
        [
          0.797157,
          0.254607,
          -0.547463,
          3.559723
        ],
        [
          0.602383,
          -0.39685,
          0.692563,
          2.794259
        ],
        [
          -0.040929,
          -0.881864,
          -0.469723,
          1.473924
        ],
        [
          0.0,
          0.0,
          0.0,
          1.0
        ]
      ]
    },
    {
      "file_path": "/media/NFS/ttao/scannet/posed_images/scene0078_00/00131.jpg",
      "transform_matrix": [
        [
          0.787409,
          0.264239,
          -0.556924,
          3.549978
        ],
        [
          0.614988,
          -0.398503,
          0.68043,
          2.786417
        ],
        [
          -0.04214,
          -0.878278,
          -0.476289,
          1.467008
        ],
        [
          0.0,
          0.0,
          0.0,
          1.0
        ]
      ]
    },
    {
      "file_path": "/media/NFS/ttao/scannet/posed_images/scene0078_00/00134.jpg",
      "transform_matrix": [
        [
          0.759337,
          0.288353,
          -0.583318,
          3.534735
        ],
        [
          0.64934,
          -0.393668,
          0.650678,
          2.782525
        ],
        [
          -0.042009,
          -0.872856,
          -0.486166,
          1.46207
        ],
        [
          0.0,
          0.0,
          0.0,
          1.0
        ]
      ]
    },
    {
      "file_path": "/media/NFS/ttao/scannet/posed_images/scene0078_00/00135.jpg",
      "transform_matrix": [
        [
          0.754738,
          0.296176,
          -0.585363,
          3.524747
        ],
        [
          0.655177,
          -0.385675,
          0.649613,
          2.77884
        ],
        [
          -0.03336,
          -0.873805,
          -0.485132,
          1.463123
        ],
        [
          0.0,
          0.0,
          0.0,
          1.0
        ]
      ]
    },
    {
      "file_path": "/media/NFS/ttao/scannet/posed_images/scene0078_00/00138.jpg",
      "transform_matrix": [
        [
          0.739962,
          0.306017,
          -0.599007,
          3.49606
        ],
        [
          0.672453,
          -0.358034,
          0.64778,
          2.773436
        ],
        [
          -0.016233,
          -0.882137,
          -0.470713,
          1.458061
        ],
        [
          0.0,
          0.0,
          0.0,
          1.0
        ]
      ]
    },
    {
      "file_path": "/media/NFS/ttao/scannet/posed_images/scene0078_00/00139.jpg",
      "transform_matrix": [
        [
          0.739346,
          0.309262,
          -0.598101,
          3.485635
        ],
        [
          0.67323,
          -0.354479,
          0.648926,
          2.77155
        ],
        [
          -0.011326,
          -0.882441,
          -0.470287,
          1.458277
        ],
        [
          0.0,
          0.0,
          0.0,
          1.0
        ]
      ]
    },
    {
      "file_path": "/media/NFS/ttao/scannet/posed_images/scene0078_00/00142.jpg",
      "transform_matrix": [
        [
          0.738312,
          0.311295,
          -0.598324,
          3.451663
        ],
        [
          0.674447,
          -0.346141,
          0.652156,
          2.770881
        ],
        [
          -0.004092,
          -0.885032,
          -0.465512,
          1.464778
        ],
        [
          0.0,
          0.0,
          0.0,
          1.0
        ]
      ]
    },
    {
      "file_path": "/media/NFS/ttao/scannet/posed_images/scene0078_00/00144.jpg",
      "transform_matrix": [
        [
          0.732477,
          0.309004,
          -0.606625,
          3.431747
        ],
        [
          0.68071,
          -0.346291,
          0.645536,
          2.768727
        ],
        [
          -0.010596,
          -0.885776,
          -0.463992,
          1.468438
        ],
        [
          0.0,
          0.0,
          0.0,
          1.0
        ]
      ]
    },
    {
      "file_path": "/media/NFS/ttao/scannet/posed_images/scene0078_00/00145.jpg",
      "transform_matrix": [
        [
          0.73057,
          0.307309,
          -0.609778,
          3.421428
        ],
        [
          0.6827,
          -0.346685,
          0.643219,
          2.769772
        ],
        [
          -0.013734,
          -0.886212,
          -0.463077,
          1.470998
        ],
        [
          0.0,
          0.0,
          0.0,
          1.0
        ]
      ]
    },
    {
      "file_path": "/media/NFS/ttao/scannet/posed_images/scene0078_00/00148.jpg",
      "transform_matrix": [
        [
          0.723728,
          0.304707,
          -0.61917,
          3.396285
        ],
        [
          0.689881,
          -0.341274,
          0.638432,
          2.766207
        ],
        [
          -0.016772,
          -0.889205,
          -0.457201,
          1.471744
        ],
        [
          0.0,
          0.0,
          0.0,
          1.0
        ]
      ]
    },
    {
      "file_path": "/media/NFS/ttao/scannet/posed_images/scene0078_00/00149.jpg",
      "transform_matrix": [
        [
          0.720725,
          0.306235,
          -0.621912,
          3.388433
        ],
        [
          0.693015,
          -0.340169,
          0.635622,
          2.766071
        ],
        [
          -0.016905,
          -0.889103,
          -0.457394,
          1.471933
        ],
        [
          0.0,
          0.0,
          0.0,
          1.0
        ]
      ]
    },
    {
      "file_path": "/media/NFS/ttao/scannet/posed_images/scene0078_00/00151.jpg",
      "transform_matrix": [
        [
          0.71903,
          0.311622,
          -0.621198,
          3.369514
        ],
        [
          0.694943,
          -0.331344,
          0.638173,
          2.759419
        ],
        [
          -0.006962,
          -0.890563,
          -0.454806,
          1.472764
        ],
        [
          0.0,
          0.0,
          0.0,
          1.0
        ]
      ]
    },
    {
      "file_path": "/media/NFS/ttao/scannet/posed_images/scene0078_00/00154.jpg",
      "transform_matrix": [
        [
          0.707808,
          0.304897,
          -0.637216,
          3.35354
        ],
        [
          0.706395,
          -0.300886,
          0.640682,
          2.754426
        ],
        [
          0.003613,
          -0.903607,
          -0.428348,
          1.467521
        ],
        [
          0.0,
          0.0,
          0.0,
          1.0
        ]
      ]
    },
    {
      "file_path": "/media/NFS/ttao/scannet/posed_images/scene0078_00/00156.jpg",
      "transform_matrix": [
        [
          0.69733,
          0.309929,
          -0.646277,
          3.345075
        ],
        [
          0.716696,
          -0.290461,
          0.634018,
          2.751503
        ],
        [
          0.008782,
          -0.905305,
          -0.424672,
          1.466325
        ],
        [
          0.0,
          0.0,
          0.0,
          1.0
        ]
      ]
    },
    {
      "file_path": "/media/NFS/ttao/scannet/posed_images/scene0078_00/00157.jpg",
      "transform_matrix": [
        [
          0.695773,
          0.312406,
          -0.646763,
          3.339869
        ],
        [
          0.718175,
          -0.288567,
          0.633209,
          2.753198
        ],
        [
          0.011183,
          -0.905059,
          -0.425139,
