{
  "frames": [
    {
      "file_path": "/media/NFS/ttao/scannet/posed_images/scene0268_01/00000.jpg",
      "transform_matrix": [
        [
          -0.677339,
          -0.537486,
          0.502316,
          1.462982
        ],
        [
          -0.735049,
          0.466371,
          -0.492139,
          1.606309
        ],
        [
          0.030252,
          -0.702572,
          -0.71097,
          1.320446
        ],
        [
          0.0,
          0.0,
          0.0,
          1.0
        ]
      ]
    },
    {
      "file_path": "/media/NFS/ttao/scannet/posed_images/scene0268_01/00003.jpg",
      "transform_matrix": [
        [
          -0.676719,
          -0.540802,
          0.499585,
          1.464105
        ],
        [
          -0.735801,
          0.473309,
          -0.48433,
          1.604427
        ],
        [
          0.025469,
          -0.695351,
          -0.718219,
          1.31793
        ],
        [
          0.0,
          0.0,
          0.0,
          1.0
        ]
      ]
    },
    {
      "file_path": "/media/NFS/ttao/scannet/posed_images/scene0268_01/00009.jpg",
      "transform_matrix": [
        [
          -0.683293,
          -0.549736,
          0.480521,
          1.466791
        ],
        [
          -0.72922,
          0.480705,
          -0.486992,
          1.605232
        ],
        [
          0.036728,
          -0.683164,
          -0.729341,
          1.311966
        ],
        [
          0.0,
          0.0,
          0.0,
          1.0
        ]
      ]
    },
    {
      "file_path": "/media/NFS/ttao/scannet/posed_images/scene0268_01/00010.jpg",
      "transform_matrix": [
        [
          -0.687263,
          -0.546295,
          0.478781,
          1.46487
        ],
        [
          -0.725413,
          0.481655,
          -0.491716,
          1.607664
        ],
        [
          0.038014,
          -0.685252,
          -0.727313,
          1.308402
        ],
        [
          0.0,
          0.0,
          0.0,
          1.0
        ]
      ]
    },
    {
      "file_path": "/media/NFS/ttao/scannet/posed_images/scene0268_01/00015.jpg",
      "transform_matrix": [
        [
          -0.718506,
          -0.537356,
          0.441585,
          1.459094
        ],
        [
          -0.693942,
          0.511108,
          -0.507161,
          1.603789
        ],
        [
          0.046829,
          -0.670833,
          -0.740128,
          1.300099
        ],
        [
          0.0,
          0.0,
          0.0,
          1.0
        ]
      ]
    },
    {
      "file_path": "/media/NFS/ttao/scannet/posed_images/scene0268_01/00020.jpg",
      "transform_matrix": [
        [
          -0.750875,
          -0.524362,
          0.401536,
          1.441301
        ],
        [
          -0.658802,
          0.551826,
          -0.51134,
          1.602778
        ],
        [
          0.046549,
          -0.648485,
          -0.759803,
          1.285757
        ],
        [
          0.0,
          0.0,
          0.0,
          1.0
        ]
      ]
    },
    {
      "file_path": "/media/NFS/ttao/scannet/posed_images/scene0268_01/00024.jpg",
      "transform_matrix": [
        [
          -0.754594,
          -0.533515,
          0.382034,
          1.43184
        ],
        [
          -0.654524,
          0.57047,
          -0.496147,
          1.608699
        ],
        [
          0.046763,
          -0.62444,
          -0.779672,
          1.275774
        ],
        [
          0.0,
          0.0,
          0.0,
          1.0
        ]
      ]
    },
    {
      "file_path": "/media/NFS/ttao/scannet/posed_images/scene0268_01/00026.jpg",
      "transform_matrix": [
        [
          -0.756484,
          -0.539405,
          0.369831,
          1.43236
        ],
        [
          -0.652154,
          0.57955,
          -0.488689,
          1.613047
        ],
        [
          0.049266,
          -0.610872,
          -0.790195,
          1.27175
        ],
        [
          0.0,
          0.0,
          0.0,
          1.0
        ]
      ]
    },
    {
      "file_path": "/media/NFS/ttao/scannet/posed_images/scene0268_01/00031.jpg",
      "transform_matrix": [
        [
          -0.757856,
          -0.552451,
          0.347063,
          1.428596
        ],
        [
          -0.650155,
          0.595188,
          -0.472281,
          1.623041
        ],
        [
          0.054345,
          -0.583566,
          -0.810245,
          1.260859
        ],
        [
          0.0,
          0.0,
          0.0,
          1.0
        ]
      ]
    },
    {
      "file_path": "/media/NFS/ttao/scannet/posed_images/scene0268_01/00036.jpg",
      "transform_matrix": [
        [
          -0.757304,
          -0.561496,
          0.333485,
          1.424921
        ],
        [
          -0.650379,
          0.602204,
          -0.462987,
          1.630316
        ],
        [
          0.059139,
          -0.567514,
          -0.821237,
          1.255151
        ],
        [
          0.0,
          0.0,
          0.0,
          1.0
        ]
      ]
    },
    {
      "file_path": "/media/NFS/ttao/scannet/posed_images/scene0268_01/00038.jpg",
      "transform_matrix": [
        [
          -0.753303,
          -0.56759,
          0.332229,
          1.427121
        ],
        [
          -0.654726,
          0.599432,
          -0.460451,
          1.630577
        ],
        [
          0.062198,
          -0.564378,
          -0.82317,
          1.256826
        ],
        [
          0.0,
          0.0,
          0.0,
          1.0
        ]
      ]
    },
    {
      "file_path": "/media/NFS/ttao/scannet/posed_images/scene0268_01/00041.jpg",
      "transform_matrix": [
        [
          -0.746127,
          -0.575379,
          0.335014,
          1.434651
        ],
        [
          -0.662771,
          0.593878,
          -0.456118,
          1.626211
        ],
        [
          0.063484,
          -0.562359,
          -0.824453,
          1.261094
        ],
        [
          0.0,
          0.0,
          0.0,
          1.0
        ]
      ]
    },
    {
      "file_path": "/media/NFS/ttao/scannet/posed_images/scene0268_01/00044.jpg",
      "transform_matrix": [
        [
          -0.736969,
          -0.584388,
          0.339657,
          1.448834
        ],
        [
          -0.672678,
          0.584897,
          -0.45321,
          1.614284
        ],
        [
          0.066187,
          -0.562482,
          -0.824157,
          1.266174
        ],
        [
          0.0,
          0.0,
          0.0,
          1.0
        ]
      ]
    },
    {
      "file_path": "/media/NFS/ttao/scannet/posed_images/scene0268_01/00049.jpg",
      "transform_matrix": [
        [
          -0.717735,
          -0.59851,
          0.355869,
          1.47798
        ],
        [
          -0.693471,
          0.568242,
          -0.442943,
          1.582298
        ],
        [
          0.062887,
          -0.564701,
          -0.822896,
          1.270946
        ],
        [
          0.0,
          0.0,
          0.0,
          1.0
        ]
      ]
    },
    {
      "file_path": "/media/NFS/ttao/scannet/posed_images/scene0268_01/00052.jpg",
      "transform_matrix": [
        [
          -0.707809,
          -0.607686,
          0.360173,
          1.499113
        ],
        [
          -0.703648,
          0.561522,
          -0.4354,
          1.558828
        ],
        [
          0.062342,
          -0.561614,
          -0.825047,
          1.272946
        ],
        [
          0.0,
          0.0,
          0.0,
          1.0
        ]
      ]
    },
    {
      "file_path": "/media/NFS/ttao/scannet/posed_images/scene0268_01/00059.jpg",
      "transform_matrix": [
        [
          -0.684688,
          -0.623949,
          0.376684,
          1.551139
        ],
        [
          -0.726618,
          0.544075,
          -0.419534,
          1.500941
        ],
        [
          0.056823,
          -0.560955,
          -0.825894,
          1.279262
        ],
        [
          0.0,
          0.0,
          0.0,
          1.0
        ]
      ]
    },
    {
      "file_path": "/media/NFS/ttao/scannet/posed_images/scene0268_01/00060.jpg",
      "transform_matrix": [
        [
          -0.6826,
          -0.624247,
          0.379964,
          1.556457
        ],
        [
          -0.728652,
          0.541607,
          -0.419199,
          1.494038
        ],
        [
          0.055893,
          -0.563007,
          -0.82456,
          1.279369
        ],
        [
          0.0,
          0.0,
          0.0,
          1.0
        ]
      ]
    },
    {
      "file_path": "/media/NFS/ttao/scannet/posed_images/scene0268_01/00066.jpg",
      "transform_matrix": [
        [
          -0.67372,
          -0.62244,
          0.398333,
          1.599335
        ],
        [
          -0.737869,
          0.536978,
          -0.408905,
          1.458841
        ],
        [
          0.040623,
          -0.569405,
          -0.821052,
          1.286477
        ],
        [
          0.0,
          0.0,
          0.0,
          1.0
        ]
      ]
    },
    {
      "file_path": "/media/NFS/ttao/scannet/posed_images/scene0268_01/00067.jpg",
      "transform_matrix": [
        [
          -0.672572,
          -0.624192,
          0.397531,
          1.607075
        ],
        [
          -0.738819,
          0.535618,
          -0.408975,
          1.454832
        ],
        [
          0.042355,
          -0.568768,
          -0.821406,
          1.286184
        ],
        [
          0.0,
          0.0,
          0.0,
          1.0
        ]
      ]
    },
    {
      "file_path": "/media/NFS/ttao/scannet/posed_images/scene0268_01/00074.jpg",
      "transform_matrix": [
        [
          -0.680174,
          -0.618064,
          0.394158,
          1.666583
        ],
        [
          -0.731606,
          0.538607,
          -0.417918,
          1.430366
        ],
        [
          0.046004,
          -0.572625,
          -0.818526,
          1.284598
        ],
        [
          0.0,
          0.0,
          0.0,
          1.0
        ]
      ]
    },
    {
      "file_path": "/media/NFS/ttao/scannet/posed_images/scene0268_01/00075.jpg",
      "transform_matrix": [
        [
          -0.681328,
          -0.617057,
          0.393741,
          1.674901
        ],
        [
          -0.730449,
          0.538405,
          -0.420197,
          1.428781
        ],
        [
          0.047293,
          -0.5739,
          -0.817559,
          1.283202
        ],
        [
          0.0,
          0.0,
          0.0,
          1.0
        ]
      ]
    },
    {
      "file_path": "/media/NFS/ttao/scannet/posed_images/scene0268_01/00082.jpg",
      "transform_matrix": [
        [
          -0.703653,
          -0.589521,
          0.396657,
          1.752176
        ],
        [
          -0.70952,
          0.553011,
          -0.43676,
          1.412591
        ],
        [
          0.038124,
          -0.588764,
          -0.807405,
          1.283509
        ],
        [
          0.0,
          0.0,
          0.0,
          1.0
        ]
      ]
    },
    {
      "file_path": "/media/NFS/ttao/scannet/posed_images/scene0268_01/00083.jpg",
      "transform_matrix": [
        [
          -0.706937,
          -0.586948,
          0.39463,
          1.763034
        ],
        [
          -0.706442,
          0.558865,
          -0.434292,
          1.409152
        ],
        [
          0.034362,
          -0.5858,
          -0.809727,
          1.283904
        ],
        [
          0.0,
          0.0,
          0.0,
          1.0
        ]
      ]
    },
    {
      "file_path": "/media/NFS/ttao/scannet/posed_images/scene0268_01/00088.jpg",
      "transform_matrix": [
        [
          -0.730773,
          -0.566359,
          0.381062,
          1.816026
        ],
        [
          -0.682087,
          0.583764,
          -0.440428,
          1.388706
        ],
        [
          0.02699,
          -0.58177,
          -0.812905,
          1.281373
        ],
        [
          0.0,
          0.0,
          0.0,
          1.0
        ]
      ]
    },
    {
      "file_path": "/media/NFS/ttao/scannet/posed_images/scene0268_01/00090.jpg",
      "transform_matrix": [
        [
          -0.748782,
          -0.556992,
          0.359285,
          1.834953
        ],
        [
          -0.662105,
          0.603438,
          -0.444387,
          1.377907
        ],
        [
          0.030714,
          -0.570633,
          -0.820631,
          1.276113
        ],
        [
          0.0,
          0.0,
          0.0,
          1.0
        ]
      ]
    },
    {
      "file_path": "/media/NFS/ttao/scannet/posed_images/scene0268_01/00096.jpg",
      "transform_matrix": [
        [
          -0.792711,
          -0.531011,
          0.299394,
          1.874275
        ],
        [
          -0.607551,
          0.647988,
          -0.459341,
          1.341867
        ],
        [
          0.049911,
          -0.546021,
          -0.836283,
          1.261351
        ],
        [
          0.0,
          0.0,
          0.0,
          1.0
        ]
      ]
    },
    {
      "file_path": "/media/NFS/ttao/scannet/posed_images/scene0268_01/00100.jpg",
      "transform_matrix": [
        [
          -0.822504,
          -0.502498,
          0.266428,
          1.889433
        ],
        [
          -0.565808,
          0.675246,
          -0.473185,
          1.32235
        ],
        [
          0.05787,
          -0.539943,
          -0.83971,
          1.258444
        ],
        [
          0.0,
          0.0,
          0.0,
          1.0
        ]
      ]
    },
    {
      "file_path": "/media/NFS/ttao/scannet/posed_images/scene0268_01/00105.jpg",
      "transform_matrix": [
        [
          -0.859316,
          -0.458632,
          0.226345,
          1.886981
        ],
        [
          -0.506298,
          0.700201,
          -0.50337,
          1.29565
        ],
        [
          0.072375,
          -0.547152,
          -0.833899,
          1.256925
        ],
        [
          0.0,
          0.0,
          0.0,
          1.0
        ]
      ]
    },
    {
      "file_path": "/media/NFS/ttao/scannet/posed_images/scene0268_01/00108.jpg",
      "transform_matrix": [
        [
          -0.874338,
          -0.437059,
          0.21098,
          1.877163
        ],
        [
          -0.479496,
          0.710819,
          -0.514606,
          1.284069
        ],
        [
          0.074944,
          -0.551104,
          -0.831064,
          1.259125
        ],
        [
          0.0,
          0.0,
          0.0,
          1.0
        ]
      ]
    },
    {
      "file_path": "/media/NFS/ttao/scannet/posed_images/scene0268_01/00110.jpg",
      "transform_matrix": [
        [
          -0.884224,
          -0.423787,
          0.196345,
          1.874432
        ],
        [
          -0.460128,
          0.718214,
          -0.521969,
          1.281516
        ],
        [
          0.080186,
          -0.551881,
          -0.830059,
          1.259967
        ],
        [
          0.0,
          0.0,
          0.0,
          1.0
        ]
      ]
    },
    {
      "file_path": "/media/NFS/ttao/scannet/posed_images/scene0268_01/00116.jpg",
      "transform_matrix": [
        [
          -0.897105,
          -0.402737,
          0.181676,
          1.85072
        ],
        [
          -0.433661,
          0.724002,
          -0.536433,
          1.277831
        ],
        [
          0.084507,
          -0.560022,
          -0.824157,
          1.264054
        ],
        [
          0.0,
          0.0,
          0.0,
          1.0
        ]
      ]
    },
    {
      "file_path": "/media/NFS/ttao/scannet/posed_images/scene0268_01/00118.jpg",
      "transform_matrix": [
        [
          -0.897078,
          -0.400841,
          0.18595,
          1.843436
        ],
        [
          -0.434449,
          0.723295,
          -0.536748,
          1.279067
        ],
        [
          0.080654,
          -0.562291,
          -0.822997,
          1.267639
        ],
        [
          0.0,
          0.0,
          0.0,
          1.0
        ]
      ]
    },
    {
      "file_path": "/media/NFS/ttao/scannet/posed_images/scene0268_01/00121.jpg",
      "transform_matrix": [
        [
          -0.889747,
          -0.410369,
          0.199871,
          1.835404
        ],
        [
          -0.449507,
          0.711629,
          -0.539934,
          1.285046
        ],
        [
          0.079338,
          -0.570248,
          -0.817633,
          1.271316
        ],
        [
          0.0,
          0.0,
          0.0,
          1.0
        ]
      ]
    },
    {
      "file_path": "/media/NFS/ttao/scannet/posed_images/scene0268_01/00124.jpg",
      "transform_matrix": [
        [
          -0.872608,
          -0.431715,
          0.228423,
          1.82932
        ],
        [
          -0.482962,
          0.692952,
          -0.535318,
          1.299338
        ],
        [
          0.072819,
          -0.577443,
          -0.813177,
          1.277988
        ],
        [
          0.0,
          0.0,
          0.0,
          1.0
        ]
      ]
    },
    {
      "file_path": "/media/NFS/ttao/scannet/posed_images/scene0268_01/00130.jpg",
      "transform_matrix": [
        [
          -0.789265,
          -0.504514,
          0.350038,
          1.793355
        ],
        [
          -0.613239,
          0.618278,
          -0.491599,
          1.348526
        ],
        [
          0.031598,
          -0.602659,
          -0.797373,
          1.298177
        ],
        [
          0.0,
          0.0,
          0.0,
          1.0
        ]
      ]
    },
    {
      "file_path": "/media/NFS/ttao/scannet/posed_images/scene0268_01/00134.jpg",
      "transform_matrix": [
        [
          -0.7159,
          -0.563545,
          0.412194,
          1.769657
        ],
        [
          -0.697445,
          0.549709,
          -0.459773,
          1.388314
        ],
        [
          0.032516,
          -0.616634,
          -0.786578,
          1.309379
        ],
        [
          0.0,
          0.0,
          0.0,
          1.0
        ]
      ]
    },
    {
      "file_path": "/media/NFS/ttao/scannet/posed_images/scene0268_01/00139.jpg",
      "transform_matrix": [
        [
          -0.639215,
          -0.621115,
          0.453454,
          1.734187
        ],
        [
          -0.766743,
          0.469315,
          -0.438005,
          1.438582
        ],
        [
          0.059238,
          -0.627662,
          -0.776229,
          1.320321
        ],
        [
          0.0,
          0.0,
          0.0,
          1.0
        ]
      ]
    },
    {
      "file_path": "/media/NFS/ttao/scannet/posed_images/scene0268_01/00140.jpg",
      "transform_matrix": [
        [
          -0.620907,
          -0.628104,
          0.468998,
          1.717131
        ],
        [
          -0.781721,
          0.45172,
          -0.429955,
          1.44108
        ],
        [
          0.058201,
          -0.633588,
          -0.771479,
          1.324188
        ],
        [
          0.0,
          0.0,
          0.0,
          1.0
        ]
      ]
    },
    {
      "file_path": "/media/NFS/ttao/scannet/posed_images/scene0268_01/00144.jpg",
      "transform_matrix": [
        [
          -0.584172,
          -0.635977,
          0.504258,
          1.689242
        ],
        [
          -0.809663,
          0.413404,
          -0.416586,
          1.471308
        ],
        [
          0.056476,
          -0.651637,
          -0.756426,
          1.342806
        ],
        [
          0.0,
          0.0,
          0.0,
          1.0
        ]
      ]
    },
    {
      "file_path": "/media/NFS/ttao/scannet/posed_images/scene0268_01/00150.jpg",
      "transform_matrix": [
        [
          -0.564127,
          -0.627452,
          0.536716,
          1.662548
        ],
        [
          -0.824403,
          0.391773,
          -0.408502,
          1.506066
        ],
        [
          0.046044,
          -0.672917,
          -0.738283,
          1.370565
        ],
        [
          0.0,
          0.0,
          0.0,
          1.0
        ]
      ]
    },
    {
      "file_path": "/media/NFS/ttao/scannet/posed_images/scene0268_01/00153.jpg",
      "transform_matrix": [
        [
          -0.562576,
          -0.623577,
          0.542826,
          1.650212
        ],
        [
          -0.824936,
          0.379974,
          -0.41845,
          1.527835
        ],
        [
          0.054676,
          -0.683207,
          -0.728175,
          1.378652
        ],
        [
          0.0,
          0.0,
          0.0,
          1.0
        ]
      ]
    },
    {
      "file_path": "/media/NFS/ttao/scannet/posed_images/scene0268_01/00155.jpg",
      "transform_matrix": [
        [
          -0.566568,
          -0.616823,
          0.546379,
          1.643921
        ],
        [
          -0.821827,
          0.374688,
          -0.429196,
          1.544663
        ],
        [
          0.060016,
          -0.692198,
          -0.719208,
          1.384515
        ],
        [
          0.0,
          0.0,
          0.0,
          1.0
        ]
      ]
    },
    {
      "file_path": "/media/NFS/ttao/scannet/posed_images/scene0268_01/00158.jpg",
      "transform_matrix": [
        [
          -0.572328,
          -0.596053,
          0.563171,
          1.636679
        ],
        [
          -0.817982,
          0.366525,
          -0.443356,
          1.567794
        ],
        [
          0.057848,
          -0.714409,
          -0.697333,
          1.401745
        ],
        [
          0.0,
          0.0,
          0.0,
          1.0
        ]
      ]
    },
    {
      "file_path": "/media/NFS/ttao/scannet/posed_images/scene0268_01/00163.jpg",
      "transform_matrix": [
        [
          -0.58886,
          -0.527479,
          0.612381,
          1.627892
        ],
        [
          -0.807353,
          0.34849,
          -0.476168,
          1.61161
        ],
        [
          0.03776,
          -0.774804,
          -0.631073,
          1.437441
        ],
        [
          0.0,
          0.0,
          0.0,
          1.0
        ]
      ]
    },
    {
      "file_path": "/media/NFS/ttao/scannet/posed_images/scene0268_01/00168.jpg",
      "transform_matrix": [
        [
          -0.601855,
          -0.473317,
          0.643228,
          1.622871
        ],
        [
          -0.798319,
          0.334991,
          -0.500468,
          1.653091
        ],
        [
          0.021405,
          -0.81471,
          -0.579474,
          1.473121
        ],
        [
          0.0,
          0.0,
          0.0,
          1.0
        ]
      ]
    },
    {
      "file_path": "/media/NFS/ttao/scannet/posed_images/scene0268_01/00172.jpg",
      "transform_matrix": [
        [
          -0.612291,
          -0.444384,
          0.653929,
          1.609747
        ],
        [
          -0.78985,
          0.307014,
          -0.530923,
          1.679883
        ],
        [
          0.035168,
          -0.841585,
          -0.538979,
          1.490968
        ],
        [
          0.0,
          0.0,
          0.0,
          1.0
        ]
      ]
    },
    {
      "file_path": "/media/NFS/ttao/scannet/posed_images/scene0268_01/00176.jpg",
      "transform_matrix": [
        [
          -0.620083,
          -0.413595,
          0.666661,
          1.595998
        ],
        [
          -0.783591,
          0.284801,
          -0.552153,
          1.708512
        ],
        [
          0.038502,
          -0.86477,
          -0.500689,
          1.504528
        ],
        [
          0.0,
          0.0,
          0.0,
          1.0
        ]
      ]
    },
    {
      "file_path": "/media/NFS/ttao/scannet/posed_images/scene0268_01/00177.jpg",
      "transform_matrix": [
        [
          -0.619719,
          -0.408273,
          0.67027,
          1.592041
        ],
        [
          -0.783901,
          0.280595,
          -0.553865,
          1.712221
        ],
        [
          0.038054,
          -0.868665,
          -0.493936,
          1.506213
        ],
        [
          0.0,
          0.0,
          0.0,
          1.0
        ]
      ]
    },
    {
      "file_path": "/media/NFS/ttao/scannet/posed_images/scene0268_01/00183.jpg",
      "transform_matrix": [
        [
          -0.618788,
          -0.379682,
          0.687708,
          1.572403
        ],
        [
          -0.784504,
          0.253335,
          -0.566017,
          1.732291
        ],
        [
          0.040686,
          -0.889754,
          -0.454623,
          1.519156
        ],
        [
          0.0,
          0.0,
          0.0,
          1.0
        ]
      ]
    },
    {
      "file_path": "/media/NFS/ttao/scannet/posed_images/scene0268_01/00188.jpg",
      "transform_matrix": [
        [
          -0.624691,
          -0.336098,
          0.70484,
          1.555264
        ],
        [
          -0.779938,
          0.224427,
          -0.584234,
          1.741198
        ],
        [
          0.038175,
          -0.914697,
          -0.402333,
          1.534527
        ],
        [
          0.0,
          0.0,
          0.0,
          1.0
        ]
      ]
    },
    {
      "file_path": "/media/NFS/ttao/scannet/posed_images/scene0268_01/00189.jpg",
      "transform_matrix": [
        [
          -0.625567,
          -0.326465,
          0.708581,
          1.552031
        ],
        [
          -0.779307,
          0.218757,
          -0.587219,
          1.742399
        ],
        [
          0.036699,
          -0.919547,
          -0.391263,
          1.539246
        ],
        [
          0.0,
          0.0,
          0.0,
          1.0
        ]
      ]
    },
    {
      "file_path": "/media/NFS/ttao/scannet/posed_images/scene0268_01/00194.jpg",
      "transform_matrix": [
        [
          -0.625042,
          -0.282412,
          0.727713,
          1.540116
        ],
        [
          -0.779803,
          0.184037,
          -0.598362,
          1.749002
        ],
        [
          0.035059,
          -0.941474,
          -0.335257,
          1.562762
        ],
        [
          0.0,
          0.0,
          0.0,
          1.0
        ]
      ]
    },
    {
      "file_path": "/media/NFS/ttao/scannet/posed_images/scene0268_01/00199.jpg",
      "transform_matrix": [
        [
          -0.628095,
          -0.248269,
          0.737468,
          1.530828
        ],
        [
          -0.777293,
          0.156048,
          -0.609479,
          1.752985
        ],
        [
          0.036234,
          -0.956039,
          -0.290991,
          1.580756
        ],
        [
          0.0,
          0.0,
          0.0,
          1.0
        ]
      ]
    },
    {
      "file_path": "/media/NFS/ttao/scannet/posed_images/scene0268_01/00200.jpg",
      "transform_matrix": [
        [
          -0.631323,
          -0.239859,
          0.737495,
          1.528271
        ],
        [
          -0.774763,
          0.153053,
          -0.613447,
          1.756598
        ],
        [
          0.034265,
          -0.958667,
          -0.282459,
          1.590716
        ],
        [
          0.0,
          0.0,
          0.0,
          1.0
        ]
      ]
    },
    {
      "file_path": "/media/NFS/ttao/scannet/posed_images/scene0268_01/00206.jpg",
      "transform_matrix": [
        [
          -0.640168,
          -0.204061,
          0.740638,
          1.515911
        ],
        [
          -0.76775,
          0.135681,
          -0.626219,
          1.759608
        ],
        [
          0.027296,
          -0.96951,
          -0.243526,
          1.605426
        ],
        [
          0.0,
          0.0,
          0.0,
          1.0
        ]
      ]
    },
    {
      "file_path": "/media/NFS/ttao/scannet/posed_images/scene0268_01/00208.jpg",
      "transform_matrix": [
        [
          -0.642378,
          -0.1921,
          0.741922,
          1.511779
        ],
        [
          -0.766036,
          0.131611,
          -0.62918,
          1.760738
        ],
        [
          0.02322,
          -0.97251,
          -0.2317,
          1.607989
        ],
        [
          0.0,
          0.0,
          0.0,
          1.0
        ]
      ]
    },
    {
      "file_path": "/media/NFS/ttao/scannet/posed_images/scene0268_01/00214.jpg",
      "transform_matrix": [
        [
          -0.655544,
          -0.149642,
          0.740181,
          1.499841
        ],
        [
          -0.755068,
          0.114866,
          -0.645506,
          1.766277
        ],
        [
          0.011574,
          -0.982045,
          -0.18829,
          1.62687
        ],
        [
          0.0,
          0.0,
          0.0,
          1.0
        ]
      ]
    },
    {
      "file_path": "/media/NFS/ttao/scannet/posed_images/scene0268_01/00216.jpg",
      "transform_matrix": [
        [
          -0.657879,
          -0.139705,
          0.740052,
          1.497981
        ],
        [
          -0.753065,
          0.109716,
          -0.648734,
          1.767691
        ],
        [
          0.009436,
          -0.984096,
          -0.177387,
          1.630498
        ],
        [
          0.0,
          0.0,
          0.0,
          1.0
        ]
      ]
    },
    {
      "file_path": "/media/NFS/ttao/scannet/posed_images/scene0268_01/00222.jpg",
      "transform_matrix": [
        [
          -0.663723,
          -0.125919,
          0.737304,
          1.498083
        ],
        [
          -0.74784,
          0.092681,
          -0.657378,
          1.776017
        ],
        [
          0.014442,
          -0.987702,
          -0.155682,
          1.645697
        ],
        [
          0.0,
          0.0,
          0.0,
          1.0
        ]
      ]
    },
    {
      "file_path": "/media/NFS/ttao/scannet/posed_images/scene0268_01/00223.jpg",
      "transform_matrix": [
        [
          -0.665371,
          -0.126347,
          0.735743,
          1.499228
        ],
        [
          -0.746316,
          0.089959,
          -0.659485,
          1.776752
        ],
        [
          0.017137,
          -0.987899,
          -0.154151,
          1.645532
        ],
        [
          0.0,
          0.0,
          0.0,
          1.0
        ]
      ]
    },
    {
      "file_path": "/media/NFS/ttao/scannet/posed_images/scene0268_01/00226.jpg",
      "transform_matrix": [
        [
          -0.669085,
          -0.114979,
          0.734238,
          1.504319
        ],
        [
          -0.743018,
          0.082444,
          -0.664174,
          1.776264
        ],
        [
          0.015833,
          -0.989941,
          -0.140594,
          1.649604
        ],
        [
          0.0,
          0.0,
          0.0,
          1.0
        ]
      ]
    },
    {
      "file_path": "/media/NFS/ttao/scannet/posed_images/scene0268_01/00233.jpg",
      "transform_matrix": [
        [
          -0.676822,
          -0.061411,
          0.733581,
          1.520075
        ],
        [
          -0.736147,
          0.056121,
          -0.674491,
          1.764141
        ],
        [
          0.000252,
          -0.996534,
          -0.083191,
          1.669484
        ],
        [
          0.0,
          0.0,
          0.0,
          1.0
        ]
      ]
    },
    {
      "file_path": "/media/NFS/ttao/scannet/posed_images/scene0268_01/00235.jpg",
      "transform_matrix": [
        [
          -0.68226,
          -0.045098,
          0.729717,
          1.52636
        ],
        [
          -0.731086,
          0.050086,
          -0.680444,
          1.757776
        ],
        [
          -0.005861,
          -0.997726,
          -0.067142,
          1.671975
        ],
        [
          0.0,
          0.0,
          0.0,
          1.0
        ]
      ]
    },
    {
      "file_path": "/media/NFS/ttao/scannet/posed_images/scene0268_01/00238.jpg",
      "transform_matrix": [
        [
          -0.684935,
          -0.028072,
          0.728064,
          1.537356
        ],
        [
          -0.728563,
          0.037113,
          -0.683973,
          1.74576
        ],
        [
          -0.007821,
          -0.998917,
          -0.045872,
          1.678457
        ],
        [
          0.0,
          0.0,
          0.0,
          1.0
        ]
      ]
    },
    {
      "file_path": "/media/NFS/ttao/scannet/posed_images/scene0268_01/00242.jpg",
      "transform_matrix": [
        [
          -0.696425,
          -0.012165,
          0.717526,
          1.558289
        ],
        [
          -0.717628,
          0.014133,
          -0.696284,
          1.732058
        ],
        [
          -0.00167,
          -0.999826,
          -0.018573,
          1.687181
        ],
        [
          0.0,
          0.0,
          0.0,
          1.0
        ]
      ]
    },
    {
      "file_path": "/media/NFS/ttao/scannet/posed_images/scene0268_01/00246.jpg",
      "transform_matrix": [
        [
          -0.703049,
          -0.002615,
          0.711136,
          1.576324
        ],
        [
          -0.710943,
          -0.021033,
          -0.702935,
          1.720317
        ],
        [
          0.016795,
          -0.999775,
          0.012928,
          1.698409
        ],
        [
          0.0,
          0.0,
          0.0,
          1.0
        ]
      ]
    },
    {
      "file_path": "/media/NFS/ttao/scannet/posed_images/scene0268_01/00250.jpg",
      "transform_matrix": [
        [
          -0.711613,
          0.006419,
          0.702542,
          1.592353
        ],
        [
          -0.702269,
          -0.035823,
          -0.71101,
          1.711316
        ],
        [
          0.020603,
          -0.999337,
          0.03,
          1.710007
        ],
        [
          0.0,
          0.0,
          0.0,
          1.0
        ]
      ]
    },
    {
      "file_path": "/media/NFS/ttao/scannet/posed_images/scene0268_01/00254.jpg",
      "transform_matrix": [
        [
          -0.730331,
          0.007528,
          0.683052,
          1.609322
        ],
        [
          -0.6826,
          -0.046048,
          -0.72934,
          1.706716
        ],
        [
          0.025963,
          -0.998911,
          0.038768,
          1.715291
        ],
        [
          0.0,
          0.0,
          0.0,
          1.0
        ]
      ]
    },
    {
      "file_path": "/media/NFS/ttao/scannet/posed_images/scene0268_01/00257.jpg",
      "transform_matrix": [
        [
          -0.752037,
          -0.002024,
          0.659117,
          1.625385
        ],
        [
          -0.658274,
          -0.048349,
          -0.751224,
          1.705346
        ],
        [
          0.033388,
          -0.998828,
          0.035028,
          1.716217
        ],
        [
          0.0,
          0.0,
          0.0,
          1.0
        ]
      ]
    },
    {
      "file_path": "/media/NFS/ttao/scannet/posed_images/scene0268_01/00260.jpg",
      "transform_matrix": [
        [
          -0.785216,
          -0.014593,
          0.61905,
          1.644032
        ],
        [
          -0.617892,
          -0.047028,
          -0.784855,
          1.70919
        ],
        [
          0.040566,
          -0.998787,
          0.027911,
          1.715451
        ],
        [
          0.0,
          0.0,
          0.0,
          1.0
        ]
      ]
    },
    {
      "file_path": "/media/NFS/ttao/scannet/posed_images/scene0268_01/00266.jpg",
      "transform_matrix": [
        [
          -0.859815,
          -0.023518,
          0.510063,
          1.693091
        ],
        [
          -0.509073,
          -0.037844,
          -0.859891,
          1.730319
        ],
        [
          0.039525,
          -0.999007,
          0.020567,
          1.707192
        ],
        [
          0.0,
          0.0,
          0.0,
          1.0
        ]
      ]
    },
    {
      "file_path": "/media/NFS/ttao/scannet/posed_images/scene0268_01/00271.jpg",
      "transform_matrix": [
        [
          -0.908395,
          -0.011926,
          0.417944,
          1.745383
        ],
        [
          -0.418051,
          0.008578,
          -0.908383,
          1.759132
        ],
        [
          0.007248,
          -0.999892,
          -0.012778,
          1.709542
        ],
        [
          0.0,
          0.0,
          0.0,
          1.0
        ]
      ]
    },
    {
      "file_path": "/media/NFS/ttao/scannet/posed_images/scene0268_01/00272.jpg",
      "transform_matrix": [
        [
          -0.915042,
          -0.008563,
          0.403267,
          1.754841
        ],
        [
          -0.403342,
          0.010425,
          -0.91499,
          1.766566
        ],
        [
          0.003631,
          -0.999909,
          -0.012993,
          1.708341
        ],
        [
          0.0,
          0.0,
          0.0,
          1.0
        ]
      ]
    },
    {
      "file_path": "/media/NFS/ttao/scannet/posed_images/scene0268_01/00279.jpg",
      "transform_matrix": [
        [
          -0.947971,
          -0.003999,
          0.318333,
          1.805243
        ],
        [
          -0.318197,
          0.043657,
          -0.947019,
          1.802627
        ],
        [
          -0.01011,
          -0.999039,
          -0.042659,
          1.699698
        ],
        [
          0.0,
          0.0,
          0.0,
          1.0
        ]
      ]
    },
    {
      "file_path": "/media/NFS/ttao/scannet/posed_images/scene0268_01/00281.jpg",
      "transform_matrix": [
        [
          -0.953003,
          -0.001332,
          0.302959,
          1.818613
        ],
        [
          -0.302712,
          0.044818,
          -0.952028,
          1.808061
        ],
        [
          -0.01231,
          -0.998994,
          -0.043115,
          1.692308
        ],
        [
          0.0,
          0.0,
          0.0,
          1.0
        ]
      ]
    },
    {
      "file_path": "/media/NFS/ttao/scannet/posed_images/scene0268_01/00285.jpg",
      "transform_matrix": [
        [
          -0.958451,
          0.001619,
          0.285254,
          1.831409
        ],
        [
          -0.284909,
          0.044063,
          -0.957541,
          1.820359
        ],
        [
          -0.014119,
          -0.999027,
          -0.041771,
          1.682616
        ],
        [
          0.0,
          0.0,
          0.0,
          1.0
        ]
      ]
    },
    {
      "file_path": "/media/NFS/ttao/scannet/posed_images/scene0268_01/00289.jpg",
      "transform_matrix": [
        [
          -0.968483,
          0.003132,
          0.24906,
          1.835388
        ],
        [
          -0.248426,
          0.060275,
          -0.966774,
          1.826693
        ],
        [
          -0.01804,
          -0.998177,
          -0.057597,
          1.680778
        ],
        [
          0.0,
          0.0,
          0.0,
          1.0
        ]
      ]
    },
    {
      "file_path": "/media/NFS/ttao/scannet/posed_images/scene0268_01/00291.jpg",
      "transform_matrix": [
        [
          -0.974713,
          0.005173,
          0.2234,
          1.834452
        ],
        [
          -0.222722,
          0.058659,
          -0.973116,
          1.824219
        ],
        [
