{
  "frames": [
    {
      "file_path": "/media/NFS/ttao/scannet/posed_images/scene0083_00/00000.jpg",
      "transform_matrix": [
        [
          -0.693623,
          0.392298,
          -0.604144,
          2.706242
        ],
        [
          0.720137,
          0.397492,
          -0.568686,
          2.586761
        ],
        [
          0.017048,
          -0.82952,
          -0.558217,
          1.453005
        ],
        [
          0.0,
          0.0,
          0.0,
          1.0
        ]
      ]
    },
    {
      "file_path": "/media/NFS/ttao/scannet/posed_images/scene0083_00/00003.jpg",
      "transform_matrix": [
        [
          -0.68897,
          0.400817,
          -0.603877,
          2.703838
        ],
        [
          0.724521,
          0.403569,
          -0.55875,
          2.593028
        ],
        [
          0.01975,
          -0.822483,
          -0.568447,
          1.451995
        ],
        [
          0.0,
          0.0,
          0.0,
          1.0
        ]
      ]
    },
    {
      "file_path": "/media/NFS/ttao/scannet/posed_images/scene0083_00/00004.jpg",
      "transform_matrix": [
        [
          -0.687775,
          0.405276,
          -0.60226,
          2.702493
        ],
        [
          0.725687,
          0.405077,
          -0.55614,
          2.593958
        ],
        [
          0.018572,
          -0.819551,
          -0.572706,
          1.452821
        ],
        [
          0.0,
          0.0,
          0.0,
          1.0
        ]
      ]
    },
    {
      "file_path": "/media/NFS/ttao/scannet/posed_images/scene0083_00/00008.jpg",
      "transform_matrix": [
        [
          -0.67769,
          0.426256,
          -0.599201,
          2.699077
        ],
        [
          0.735122,
          0.412919,
          -0.537675,
          2.602154
        ],
        [
          0.018234,
          -0.804862,
          -0.593181,
          1.447017
        ],
        [
          0.0,
          0.0,
          0.0,
          1.0
        ]
      ]
    },
    {
      "file_path": "/media/NFS/ttao/scannet/posed_images/scene0083_00/00010.jpg",
      "transform_matrix": [
        [
          -0.671434,
          0.431797,
          -0.602269,
          2.70038
        ],
        [
          0.740677,
          0.417278,
          -0.52657,
          2.603711
        ],
        [
          0.023942,
          -0.799644,
          -0.599997,
          1.439298
        ],
        [
          0.0,
          0.0,
          0.0,
          1.0
        ]
      ]
    },
    {
      "file_path": "/media/NFS/ttao/scannet/posed_images/scene0083_00/00013.jpg",
      "transform_matrix": [
        [
          -0.665789,
          0.448517,
          -0.596286,
          2.694505
        ],
        [
          0.745564,
          0.431303,
          -0.508047,
          2.608029
        ],
        [
          0.029312,
          -0.782822,
          -0.621555,
          1.432062
        ],
        [
          0.0,
          0.0,
          0.0,
          1.0
        ]
      ]
    },
    {
      "file_path": "/media/NFS/ttao/scannet/posed_images/scene0083_00/00016.jpg",
      "transform_matrix": [
        [
          -0.658656,
          0.461623,
          -0.594202,
          2.687181
        ],
        [
          0.751471,
          0.443712,
          -0.488274,
          2.614146
        ],
        [
          0.038256,
          -0.76813,
          -0.63915,
          1.421426
        ],
        [
          0.0,
          0.0,
          0.0,
          1.0
        ]
      ]
    },
    {
      "file_path": "/media/NFS/ttao/scannet/posed_images/scene0083_00/00017.jpg",
      "transform_matrix": [
        [
          -0.654874,
          0.466328,
          -0.594708,
          2.683654
        ],
        [
          0.754818,
          0.442423,
          -0.484265,
          2.615295
        ],
        [
          0.037286,
          -0.766029,
          -0.641724,
          1.419497
        ],
        [
          0.0,
          0.0,
          0.0,
          1.0
        ]
      ]
    },
    {
      "file_path": "/media/NFS/ttao/scannet/posed_images/scene0083_00/00021.jpg",
      "transform_matrix": [
        [
          -0.650121,
          0.475097,
          -0.59298,
          2.668191
        ],
        [
          0.759389,
          0.432871,
          -0.485748,
          2.62259
        ],
        [
          0.025906,
          -0.766098,
          -0.642202,
          1.415833
        ],
        [
          0.0,
          0.0,
          0.0,
          1.0
        ]
      ]
    },
    {
      "file_path": "/media/NFS/ttao/scannet/posed_images/scene0083_00/00022.jpg",
      "transform_matrix": [
        [
          -0.649739,
          0.47689,
          -0.59196,
          2.663306
        ],
        [
          0.75981,
          0.430987,
          -0.486764,
          2.623611
        ],
        [
          0.022994,
          -0.766046,
          -0.642375,
          1.417576
        ],
        [
          0.0,
          0.0,
          0.0,
          1.0
        ]
      ]
    },
    {
      "file_path": "/media/NFS/ttao/scannet/posed_images/scene0083_00/00026.jpg",
      "transform_matrix": [
        [
          -0.641857,
          0.467023,
          -0.608202,
          2.645051
        ],
        [
          0.766624,
          0.408954,
          -0.49502,
          2.628297
        ],
        [
          0.017541,
          -0.783994,
          -0.620521,
          1.431967
        ],
        [
          0.0,
          0.0,
          0.0,
          1.0
        ]
      ]
    },
    {
      "file_path": "/media/NFS/ttao/scannet/posed_images/scene0083_00/00028.jpg",
      "transform_matrix": [
        [
          -0.638315,
          0.457996,
          -0.618704,
          2.639093
        ],
        [
          0.769654,
          0.393995,
          -0.502394,
          2.630267
        ],
        [
          0.013672,
          -0.796874,
          -0.603991,
          1.441755
        ],
        [
          0.0,
          0.0,
          0.0,
          1.0
        ]
      ]
    },
    {
      "file_path": "/media/NFS/ttao/scannet/posed_images/scene0083_00/00030.jpg",
      "transform_matrix": [
        [
          -0.633985,
          0.448118,
          -0.630281,
          2.633264
        ],
        [
          0.773318,
          0.374245,
          -0.511781,
          2.633172
        ],
        [
          0.006541,
          -0.811869,
          -0.583803,
          1.455752
        ],
        [
          0.0,
          0.0,
          0.0,
          1.0
        ]
      ]
    },
    {
      "file_path": "/media/NFS/ttao/scannet/posed_images/scene0083_00/00032.jpg",
      "transform_matrix": [
        [
          -0.63039,
          0.434646,
          -0.643189,
          2.630106
        ],
        [
          0.776277,
          0.354766,
          -0.52109,
          2.637062
        ],
        [
          0.001692,
          -0.827782,
          -0.561047,
          1.466516
        ],
        [
          0.0,
          0.0,
          0.0,
          1.0
        ]
      ]
    },
    {
      "file_path": "/media/NFS/ttao/scannet/posed_images/scene0083_00/00036.jpg",
      "transform_matrix": [
        [
          -0.626161,
          0.40907,
          -0.663766,
          2.624892
        ],
        [
          0.779652,
          0.337357,
          -0.527573,
          2.644953
        ],
        [
          0.008111,
          -0.847852,
          -0.530171,
          1.478435
        ],
        [
          0.0,
          0.0,
          0.0,
          1.0
        ]
      ]
    },
    {
      "file_path": "/media/NFS/ttao/scannet/posed_images/scene0083_00/00038.jpg",
      "transform_matrix": [
        [
          -0.627733,
          0.398333,
          -0.668792,
          2.62022
        ],
        [
          0.778255,
          0.339303,
          -0.528387,
          2.64898
        ],
        [
          0.016449,
          -0.852176,
          -0.522996,
          1.478498
        ],
        [
          0.0,
          0.0,
          0.0,
          1.0
        ]
      ]
    },
    {
      "file_path": "/media/NFS/ttao/scannet/posed_images/scene0083_00/00041.jpg",
      "transform_matrix": [
        [
          -0.623107,
          0.405584,
          -0.668759,
          2.61488
        ],
        [
          0.782039,
          0.336565,
          -0.524537,
          2.647938
        ],
        [
          0.012337,
          -0.849838,
          -0.526899,
          1.472642
        ],
        [
          0.0,
          0.0,
          0.0,
          1.0
        ]
      ]
    },
    {
      "file_path": "/media/NFS/ttao/scannet/posed_images/scene0083_00/00042.jpg",
      "transform_matrix": [
        [
          -0.624325,
          0.407266,
          -0.666598,
          2.61195
        ],
        [
          0.781059,
          0.339486,
          -0.524115,
          2.647941
        ],
        [
          0.012847,
          -0.84787,
          -0.530048,
          1.470338
        ],
        [
          0.0,
          0.0,
          0.0,
          1.0
        ]
      ]
    },
    {
      "file_path": "/media/NFS/ttao/scannet/posed_images/scene0083_00/00044.jpg",
      "transform_matrix": [
        [
          -0.624419,
          0.40532,
          -0.667695,
          2.604554
        ],
        [
          0.780911,
          0.342251,
          -0.522535,
          2.647359
        ],
        [
          0.016725,
          -0.847691,
          -0.530226,
          1.466898
        ],
        [
          0.0,
          0.0,
          0.0,
          1.0
        ]
      ]
    },
    {
      "file_path": "/media/NFS/ttao/scannet/posed_images/scene0083_00/00047.jpg",
      "transform_matrix": [
        [
          -0.614964,
          0.407345,
          -0.675196,
          2.591195
        ],
        [
          0.788284,
          0.340026,
          -0.512827,
          2.643436
        ],
        [
          0.020687,
          -0.847616,
          -0.530207,
          1.464785
        ],
        [
          0.0,
          0.0,
          0.0,
          1.0
        ]
      ]
    },
    {
      "file_path": "/media/NFS/ttao/scannet/posed_images/scene0083_00/00050.jpg",
      "transform_matrix": [
        [
          -0.586649,
          0.422286,
          -0.691027,
          2.582271
        ],
        [
          0.809538,
          0.329153,
          -0.486115,
          2.6304
        ],
        [
          0.022174,
          -0.844591,
          -0.534953,
          1.463799
        ],
        [
          0.0,
          0.0,
          0.0,
          1.0
        ]
      ]
    },
    {
      "file_path": "/media/NFS/ttao/scannet/posed_images/scene0083_00/00052.jpg",
      "transform_matrix": [
        [
          -0.562975,
          0.429895,
          -0.705868,
          2.577075
        ],
        [
          0.826231,
          0.313476,
          -0.468055,
          2.617316
        ],
        [
          0.020059,
          -0.846713,
          -0.531672,
          1.461397
        ],
        [
          0.0,
          0.0,
          0.0,
          1.0
        ]
      ]
    },
    {
      "file_path": "/media/NFS/ttao/scannet/posed_images/scene0083_00/00055.jpg",
      "transform_matrix": [
        [
          -0.518428,
          0.445822,
          -0.729709,
          2.567794
        ],
        [
          0.855028,
          0.282896,
          -0.434624,
          2.591403
        ],
        [
          0.012667,
          -0.849242,
          -0.527852,
          1.458623
        ],
        [
          0.0,
          0.0,
          0.0,
          1.0
        ]
      ]
    },
    {
      "file_path": "/media/NFS/ttao/scannet/posed_images/scene0083_00/00057.jpg",
      "transform_matrix": [
        [
          -0.479195,
          0.46323,
          -0.745514,
          2.562737
        ],
        [
          0.877692,
          0.258077,
          -0.403797,
          2.572691
        ],
        [
          0.005349,
          -0.847829,
          -0.530242,
          1.456039
        ],
        [
          0.0,
          0.0,
          0.0,
          1.0
        ]
      ]
    },
    {
      "file_path": "/media/NFS/ttao/scannet/posed_images/scene0083_00/00060.jpg",
      "transform_matrix": [
        [
          -0.408659,
          0.494814,
          -0.766914,
          2.555316
        ],
        [
          0.912564,
          0.207733,
          -0.352241,
          2.54824
        ],
        [
          -0.01498,
          -0.843804,
          -0.536442,
          1.451885
        ],
        [
          0.0,
          0.0,
          0.0,
          1.0
        ]
      ]
    },
    {
      "file_path": "/media/NFS/ttao/scannet/posed_images/scene0083_00/00062.jpg",
      "transform_matrix": [
        [
          -0.363502,
          0.523164,
          -0.770822,
          2.548541
        ],
        [
          0.931129,
          0.177897,
          -0.318358,
          2.53504
        ],
        [
          -0.029427,
          -0.833458,
          -0.551799,
          1.447514
        ],
        [
          0.0,
          0.0,
          0.0,
          1.0
        ]
      ]
    },
    {
      "file_path": "/media/NFS/ttao/scannet/posed_images/scene0083_00/00066.jpg",
      "transform_matrix": [
        [
          -0.244582,
          0.581951,
          -0.775572,
          2.523654
        ],
        [
          0.969066,
          0.119456,
          -0.215968,
          2.520421
        ],
        [
          -0.033036,
          -0.804402,
          -0.593166,
          1.433847
        ],
        [
          0.0,
          0.0,
          0.0,
          1.0
        ]
      ]
    },
    {
      "file_path": "/media/NFS/ttao/scannet/posed_images/scene0083_00/00067.jpg",
      "transform_matrix": [
        [
          -0.221121,
          0.590119,
          -0.776444,
          2.51711
        ],
        [
          0.974827,
          0.110401,
          -0.19371,
          2.520393
        ],
        [
          -0.028591,
          -0.799732,
          -0.599676,
          1.432085
        ],
        [
          0.0,
          0.0,
          0.0,
          1.0
        ]
      ]
    },
    {
      "file_path": "/media/NFS/ttao/scannet/posed_images/scene0083_00/00069.jpg",
      "transform_matrix": [
        [
          -0.183228,
          0.599695,
          -0.77897,
          2.504684
        ],
        [
          0.982683,
          0.089473,
          -0.162263,
          2.523526
        ],
        [
          -0.027612,
          -0.795211,
          -0.605704,
          1.427315
        ],
        [
          0.0,
          0.0,
          0.0,
          1.0
        ]
      ]
    },
    {
      "file_path": "/media/NFS/ttao/scannet/posed_images/scene0083_00/00073.jpg",
      "transform_matrix": [
        [
          -0.108849,
          0.613957,
          -0.781798,
          2.475932
        ],
        [
          0.993761,
          0.047961,
          -0.100695,
          2.536236
        ],
        [
          -0.024326,
          -0.787881,
          -0.615347,
          1.416965
        ],
        [
          0.0,
          0.0,
          0.0,
          1.0
        ]
      ]
    },
    {
      "file_path": "/media/NFS/ttao/scannet/posed_images/scene0083_00/00074.jpg",
      "transform_matrix": [
        [
          -0.093938,
          0.61761,
          -0.780855,
          2.468064
        ],
        [
          0.995344,
          0.041238,
          -0.087124,
          2.54131
        ],
        [
          -0.021608,
          -0.785403,
          -0.618608,
          1.41448
        ],
        [
          0.0,
          0.0,
          0.0,
          1.0
        ]
      ]
    },
    {
      "file_path": "/media/NFS/ttao/scannet/posed_images/scene0083_00/00077.jpg",
      "transform_matrix": [
        [
          -0.048414,
          0.633164,
          -0.772502,
          2.44676
        ],
        [
          0.998774,
          0.022692,
          -0.043997,
          2.555486
        ],
        [
          -0.010328,
          -0.773685,
          -0.633486,
          1.407044
        ],
        [
          0.0,
          0.0,
          0.0,
          1.0
        ]
      ]
    },
    {
      "file_path": "/media/NFS/ttao/scannet/posed_images/scene0083_00/00079.jpg",
      "transform_matrix": [
        [
          -0.014333,
          0.638135,
          -0.769791,
          2.43341
        ],
        [
          0.999869,
          0.003358,
          -0.015833,
          2.563956
        ],
        [
          -0.007519,
          -0.769917,
          -0.6381,
          1.40405
        ],
        [
          0.0,
          0.0,
          0.0,
          1.0
        ]
      ]
    },
    {
      "file_path": "/media/NFS/ttao/scannet/posed_images/scene0083_00/00082.jpg",
      "transform_matrix": [
        [
          0.027088,
          0.648015,
          -0.761146,
          2.414407
        ],
        [
          0.999595,
          -0.024235,
          0.014941,
          2.576115
        ],
        [
          -0.008764,
          -0.761242,
          -0.648408,
          1.403032
        ],
        [
          0.0,
          0.0,
          0.0,
          1.0
        ]
      ]
    },
    {
      "file_path": "/media/NFS/ttao/scannet/posed_images/scene0083_00/00084.jpg",
      "transform_matrix": [
        [
          0.059214,
          0.651208,
          -0.756586,
          2.405658
        ],
        [
          0.998236,
          -0.041916,
          0.042048,
          2.58006
        ],
        [
          -0.004331,
          -0.757741,
          -0.652541,
          1.400882
        ],
        [
          0.0,
          0.0,
          0.0,
          1.0
        ]
      ]
    },
    {
      "file_path": "/media/NFS/ttao/scannet/posed_images/scene0083_00/00087.jpg",
      "transform_matrix": [
        [
          0.116952,
          0.655361,
          -0.746206,
          2.391776
        ],
        [
          0.993119,
          -0.072645,
          0.09185,
          2.585943
        ],
        [
          0.005987,
          -0.751814,
          -0.659348,
          1.39866
        ],
        [
          0.0,
          0.0,
          0.0,
          1.0
        ]
      ]
    },
    {
      "file_path": "/media/NFS/ttao/scannet/posed_images/scene0083_00/00089.jpg",
      "transform_matrix": [
        [
          0.152987,
          0.655278,
          -0.739734,
          2.383473
        ],
        [
          0.988178,
          -0.093911,
          0.121179,
          2.582288
        ],
        [
          0.009937,
          -0.749527,
          -0.661899,
          1.396472
        ],
        [
          0.0,
          0.0,
          0.0,
          1.0
        ]
      ]
    },
    {
      "file_path": "/media/NFS/ttao/scannet/posed_images/scene0083_00/00093.jpg",
      "transform_matrix": [
        [
          0.240715,
          0.655491,
          -0.715813,
          2.357179
        ],
        [
          0.970592,
          -0.16473,
          0.175543,
          2.58775
        ],
        [
          -0.002849,
          -0.737018,
          -0.675867,
          1.390703
        ],
        [
          0.0,
          0.0,
          0.0,
          1.0
        ]
      ]
    },
    {
      "file_path": "/media/NFS/ttao/scannet/posed_images/scene0083_00/00095.jpg",
      "transform_matrix": [
        [
          0.289633,
          0.647253,
          -0.705108,
          2.344532
        ],
        [
          0.957138,
          -0.195443,
          0.213751,
          2.580893
        ],
        [
          0.000543,
          -0.736794,
          -0.676117,
          1.385874
        ],
        [
          0.0,
          0.0,
          0.0,
          1.0
        ]
      ]
    },
    {
      "file_path": "/media/NFS/ttao/scannet/posed_images/scene0083_00/00098.jpg",
      "transform_matrix": [
        [
          0.371684,
          0.633494,
          -0.678628,
          2.325967
        ],
        [
          0.928276,
          -0.243833,
          0.280799,
          2.568027
        ],
        [
          0.012413,
          -0.734323,
          -0.678687,
          1.380669
        ],
        [
          0.0,
          0.0,
          0.0,
          1.0
        ]
      ]
    },
    {
      "file_path": "/media/NFS/ttao/scannet/posed_images/scene0083_00/00101.jpg",
      "transform_matrix": [
        [
          0.47879,
          0.59643,
          -0.64423,
          2.301968
        ],
        [
          0.877915,
          -0.329417,
          0.34749,
          2.574146
        ],
        [
          -0.004967,
          -0.731954,
          -0.681336,
          1.387754
        ],
        [
          0.0,
          0.0,
          0.0,
          1.0
        ]
      ]
    },
    {
      "file_path": "/media/NFS/ttao/scannet/posed_images/scene0083_00/00103.jpg",
      "transform_matrix": [
        [
          0.521597,
          0.58646,
          -0.619678,
          2.294692
        ],
        [
          0.853192,
          -0.359259,
          0.378149,
          2.570079
        ],
        [
          -0.000856,
          -0.725946,
          -0.687751,
          1.386682
        ],
        [
          0.0,
          0.0,
          0.0,
          1.0
        ]
      ]
    },
    {
      "file_path": "/media/NFS/ttao/scannet/posed_images/scene0083_00/00105.jpg",
      "transform_matrix": [
        [
          0.562057,
          0.579633,
          -0.590016,
          2.290478
        ],
        [
          0.827098,
          -0.393055,
          0.401767,
          2.568713
        ],
        [
          0.000969,
          -0.713817,
          -0.700332,
          1.383755
        ],
        [
          0.0,
          0.0,
          0.0,
          1.0
        ]
      ]
    },
    {
      "file_path": "/media/NFS/ttao/scannet/posed_images/scene0083_00/00107.jpg",
      "transform_matrix": [
        [
          0.589601,
          0.576246,
          -0.565961,
          2.289443
        ],
        [
          0.807692,
          -0.422401,
          0.411353,
          2.572232
        ],
        [
          -0.002022,
          -0.699656,
          -0.714477,
          1.381396
        ],
        [
          0.0,
          0.0,
          0.0,
          1.0
        ]
      ]
    },
    {
      "file_path": "/media/NFS/ttao/scannet/posed_images/scene0083_00/00111.jpg",
      "transform_matrix": [
        [
          0.639238,
          0.580177,
          -0.504747,
          2.293878
        ],
        [
          0.768994,
          -0.478122,
          0.424322,
          2.591152
        ],
        [
          0.004851,
          -0.65939,
          -0.751786,
          1.377419
        ],
        [
          0.0,
          0.0,
          0.0,
          1.0
        ]
      ]
    },
    {
      "file_path": "/media/NFS/ttao/scannet/posed_images/scene0083_00/00112.jpg",
      "transform_matrix": [
        [
          0.647665,
          0.575552,
          -0.49927,
          2.298008
        ],
        [
          0.761899,
          -0.48374,
          0.430704,
          2.592242
        ],
        [
          0.006376,
          -0.659344,
          -0.751814,
          1.375023
        ],
        [
          0.0,
          0.0,
          0.0,
          1.0
        ]
      ]
    },
    {
      "file_path": "/media/NFS/ttao/scannet/posed_images/scene0083_00/00114.jpg",
      "transform_matrix": [
        [
          0.661739,
          0.571554,
          -0.485209,
          2.306006
        ],
        [
          0.74971,
          -0.49926,
          0.434366,
          2.600064
        ],
        [
          0.006018,
          -0.651203,
          -0.75888,
          1.373415
        ],
        [
          0.0,
          0.0,
          0.0,
          1.0
        ]
      ]
    },
    {
      "file_path": "/media/NFS/ttao/scannet/posed_images/scene0083_00/00117.jpg",
      "transform_matrix": [
        [
          0.676459,
          0.57028,
          -0.466031,
          2.322515
        ],
        [
          0.736451,
          -0.518101,
          0.434985,
          2.611847
        ],
        [
          0.006612,
          -0.637458,
          -0.770457,
          1.372322
        ],
        [
          0.0,
          0.0,
          0.0,
          1.0
        ]
      ]
    },
    {
      "file_path": "/media/NFS/ttao/scannet/posed_images/scene0083_00/00119.jpg",
      "transform_matrix": [
        [
          0.684763,
          0.572471,
          -0.450974,
          2.336593
        ],
        [
          0.728726,
          -0.531363,
          0.431987,
          2.616755
        ],
        [
          0.00767,
          -0.624445,
          -0.781031,
          1.370584
        ],
        [
          0.0,
          0.0,
          0.0,
          1.0
        ]
      ]
    },
    {
      "file_path": "/media/NFS/ttao/scannet/posed_images/scene0083_00/00122.jpg",
      "transform_matrix": [
        [
          0.7075,
          0.562687,
          -0.427584,
          2.353321
        ],
        [
          0.706693,
          -0.558746,
          0.434037,
          2.624142
        ],
        [
          0.005316,
          -0.609251,
          -0.79296,
          1.369339
        ],
        [
          0.0,
          0.0,
          0.0,
          1.0
        ]
      ]
    },
    {
      "file_path": "/media/NFS/ttao/scannet/posed_images/scene0083_00/00124.jpg",
      "transform_matrix": [
        [
          0.715414,
          0.560252,
          -0.417494,
          2.366067
        ],
        [
          0.698685,
          -0.569596,
          0.432898,
          2.627662
        ],
        [
          0.004729,
          -0.601398,
          -0.798936,
          1.36768
        ],
        [
          0.0,
          0.0,
          0.0,
          1.0
        ]
      ]
    },
    {
      "file_path": "/media/NFS/ttao/scannet/posed_images/scene0083_00/00127.jpg",
      "transform_matrix": [
        [
          0.727636,
          0.555137,
          -0.402951,
          2.387621
        ],
        [
          0.685956,
          -0.59171,
          0.42349,
          2.632523
        ],
        [
          -0.003335,
          -0.584553,
          -0.811349,
          1.361126
        ],
        [
          0.0,
          0.0,
          0.0,
          1.0
        ]
      ]
    },
    {
      "file_path": "/media/NFS/ttao/scannet/posed_images/scene0083_00/00129.jpg",
      "transform_matrix": [
        [
          0.732291,
          0.552161,
          -0.398583,
          2.396083
        ],
        [
          0.68089,
          -0.603795,
          0.414512,
          2.633335
        ],
        [
          -0.011785,
          -0.574934,
          -0.818115,
          1.358058
        ],
        [
          0.0,
          0.0,
          0.0,
          1.0
        ]
      ]
    },
    {
      "file_path": "/media/NFS/ttao/scannet/posed_images/scene0083_00/00132.jpg",
      "transform_matrix": [
        [
          0.743165,
          0.545925,
          -0.386875,
          2.406512
        ],
        [
          0.669002,
          -0.616573,
          0.415059,
          2.632456
        ],
        [
          -0.011946,
          -0.567277,
          -0.82344,
          1.354071
        ],
        [
          0.0,
          0.0,
          0.0,
          1.0
        ]
      ]
    },
    {
      "file_path": "/media/NFS/ttao/scannet/posed_images/scene0083_00/00134.jpg",
      "transform_matrix": [
        [
          0.750454,
          0.541875,
          -0.378406,
          2.411892
        ],
        [
          0.660895,
          -0.620537,
          0.42208,
          2.629625
        ],
        [
          -0.006101,
          -0.566838,
          -0.823807,
          1.351448
        ],
        [
          0.0,
          0.0,
          0.0,
          1.0
        ]
      ]
    },
    {
      "file_path": "/media/NFS/ttao/scannet/posed_images/scene0083_00/00137.jpg",
      "transform_matrix": [
        [
          0.761667,
          0.535875,
          -0.364282,
          2.417596
        ],
        [
          0.647945,
          -0.625056,
          0.435285,
          2.622845
        ],
        [
          0.005562,
          -0.567577,
          -0.823302,
          1.346734
        ],
        [
          0.0,
          0.0,
          0.0,
          1.0
        ]
      ]
    },
    {
      "file_path": "/media/NFS/ttao/scannet/posed_images/scene0083_00/00141.jpg",
      "transform_matrix": [
        [
          0.792679,
          0.511826,
          -0.331201,
          2.423562
        ],
        [
          0.609423,
          -0.650805,
          0.452832,
          2.614289
        ],
        [
          0.016223,
          -0.560792,
          -0.827798,
          1.339824
        ],
        [
          0.0,
          0.0,
          0.0,
          1.0
        ]
      ]
    },
    {
      "file_path": "/media/NFS/ttao/scannet/posed_images/scene0083_00/00142.jpg",
      "transform_matrix": [
        [
          0.797339,
          0.506007,
          -0.328949,
          2.426409
        ],
        [
          0.603368,
          -0.655615,
          0.454,
          2.614023
        ],
        [
          0.014063,
          -0.560469,
          -0.828056,
          1.338355
        ],
        [
          0.0,
          0.0,
          0.0,
          1.0
        ]
      ]
    },
    {
      "file_path": "/media/NFS/ttao/scannet/posed_images/scene0083_00/00144.jpg",
      "transform_matrix": [
        [
          0.805764,
          0.50188,
          -0.314422,
          2.428117
        ],
        [
          0.591977,
          -0.666786,
          0.452725,
          2.61109
        ],
        [
          0.017562,
          -0.55092,
          -0.834374,
          1.333746
        ],
        [
          0.0,
          0.0,
          0.0,
          1.0
        ]
      ]
    },
    {
      "file_path": "/media/NFS/ttao/scannet/posed_images/scene0083_00/00147.jpg",
      "transform_matrix": [
        [
          0.818679,
          0.489982,
          -0.299471,
          2.429652
        ],
        [
          0.573995,
          -0.682646,
          0.452243,
          2.602613
        ],
        [
          0.017158,
          -0.542137,
          -0.840115,
          1.327827
        ],
        [
          0.0,
          0.0,
          0.0,
          1.0
        ]
      ]
    },
    {
      "file_path": "/media/NFS/ttao/scannet/posed_images/scene0083_00/00151.jpg",
      "transform_matrix": [
        [
          0.835016,
          0.468948,
          -0.287814,
          2.427077
        ],
        [
          0.550126,
          -0.701532,
          0.453007,
          2.589631
        ],
        [
          0.010526,
          -0.536601,
          -0.84377,
          1.324201
        ],
        [
          0.0,
          0.0,
          0.0,
          1.0
        ]
      ]
    },
    {
      "file_path": "/media/NFS/ttao/scannet/posed_images/scene0083_00/00153.jpg",
      "transform_matrix": [
        [
          0.838759,
          0.465215,
          -0.282947,
          2.424035
        ],
        [
          0.544336,
          -0.703493,
          0.456943,
          2.581411
        ],
        [
          0.013526,
          -0.537283,
          -0.843294,
          1.323449
        ],
        [
          0.0,
          0.0,
          0.0,
          1.0
        ]
      ]
    },
    {
      "file_path": "/media/NFS/ttao/scannet/posed_images/scene0083_00/00154.jpg",
      "transform_matrix": [
        [
          0.841396,
          0.461629,
          -0.280986,
          2.422173
        ],
        [
          0.540186,
          -0.703083,
          0.462465,
          2.577456
        ],
        [
          0.015931,
          -0.5409,
          -0.840936,
          1.323989
        ],
        [
          0.0,
          0.0,
          0.0,
          1.0
        ]
      ]
    },
    {
      "file_path": "/media/NFS/ttao/scannet/posed_images/scene0083_00/00158.jpg",
      "transform_matrix": [
        [
          0.854554,
          0.436765,
          -0.281023,
          2.418889
        ],
        [
          0.518756,
          -0.691666,
          0.502484,
          2.560304
        ],
        [
          0.025093,
          -0.575182,
          -0.817641,
          1.32392
        ],
        [
          0.0,
          0.0,
          0.0,
          1.0
        ]
      ]
    },
    {
      "file_path": "/media/NFS/ttao/scannet/posed_images/scene0083_00/00159.jpg",
      "transform_matrix": [
        [
          0.853575,
          0.439025,
          -0.280477,
          2.418016
        ],
        [
          0.519858,
          -0.682615,
          0.5136,
          2.553554
        ],
        [
          0.034025,
          -0.584204,
          -0.810893,
          1.322833
        ],
        [
          0.0,
          0.0,
          0.0,
          1.0
        ]
      ]
    },
    {
      "file_path": "/media/NFS/ttao/scannet/posed_images/scene0083_00/00163.jpg",
      "transform_matrix": [
        [
          0.829003,
          0.475575,
          -0.294249,
          2.41808
        ],
        [
          0.554176,
          -0.62791,
          0.546459,
          2.526547
        ],
        [
          0.075121,
          -0.616082,
          -0.784092,
          1.325211
        ],
        [
          0.0,
          0.0,
          0.0,
          1.0
        ]
      ]
    },
    {
      "file_path": "/media/NFS/ttao/scannet/posed_images/scene0083_00/00166.jpg",
      "transform_matrix": [
        [
          0.809703,
          0.489387,
          -0.323855,
          2.419097
        ],
        [
          0.581089,
          -0.591547,
          0.558935,
          2.506961
        ],
        [
          0.081961,
          -0.640759,
          -0.763354,
          1.329275
        ],
        [
          0.0,
          0.0,
          0.0,
          1.0
        ]
      ]
    },
    {
      "file_path": "/media/NFS/ttao/scannet/posed_images/scene0083_00/00167.jpg",
      "transform_matrix": [
        [
          0.801575,
          0.49463,
          -0.335886,
          2.422317
        ],
        [
          0.592463,
          -0.581555,
          0.557477,
          2.499357
        ],
        [
          0.080408,
          -0.645859,
          -0.75921,
          1.328421
        ],
        [
          0.0,
          0.0,
          0.0,
          1.0
        ]
      ]
    },
    {
      "file_path": "/media/NFS/ttao/scannet/posed_images/scene0083_00/00169.jpg",
      "transform_matrix": [
        [
          0.785746,
          0.511707,
          -0.347504,
          2.424751
        ],
        [
          0.613652,
          -0.574326,
          0.541831,
          2.483929
        ],
        [
          0.077678,
          -0.638988,
          -0.765285,
          1.328342
        ],
        [
          0.0,
          0.0,
          0.0,
          1.0
        ]
      ]
    },
    {
      "file_path": "/media/NFS/ttao/scannet/posed_images/scene0083_00/00172.jpg",
      "transform_matrix": [
        [
          0.756103,
          0.553974,
          -0.348456,
          2.432135
        ],
        [
          0.645667,
          -0.54447,
          0.535413,
          2.446687
        ],
        [
          0.106881,
          -0.629813,
          -0.769358,
          1.315016
        ],
        [
          0.0,
          0.0,
          0.0,
          1.0
        ]
      ]
    },
    {
      "file_path": "/media/NFS/ttao/scannet/posed_images/scene0083_00/00176.jpg",
      "transform_matrix": [
        [
          0.717426,
          0.588052,
          -0.373491,
          2.444586
        ],
        [
          0.687587,
          -0.511607,
          0.515249,
          2.416687
        ],
        [
          0.111913,
          -0.62646,
          -0.771377,
          1.309529
        ],
        [
          0.0,
          0.0,
          0.0,
          1.0
        ]
      ]
    },
    {
      "file_path": "/media/NFS/ttao/scannet/posed_images/scene0083_00/00178.jpg",
      "transform_matrix": [
        [
          0.70204,
          0.598467,
          -0.385975,
          2.446346
        ],
        [
          0.703693,
          -0.499767,
          0.505024,
          2.403363
        ],
        [
          0.109343,
          -0.626155,
          -0.771994,
          1.309277
        ],
        [
          0.0,
          0.0,
          0.0,
          1.0
        ]
      ]
    },
    {
      "file_path": "/media/NFS/ttao/scannet/posed_images/scene0083_00/00181.jpg",
      "transform_matrix": [
        [
          0.694316,
          0.605387,
          -0.389142,
          2.444626
        ],
        [
          0.709746,
          -0.486515,
          0.509474,
          2.387362
        ],
        [
          0.119105,
          -0.629928,
          -0.767467,
          1.311158
        ],
        [
          0.0,
          0.0,
          0.0,
          1.0
        ]
      ]
    },
    {
      "file_path": "/media/NFS/ttao/scannet/posed_images/scene0083_00/00183.jpg",
      "transform_matrix": [
        [
          0.699096,
          0.601021,
          -0.387349,
          2.444902
        ],
        [
          0.704114,
          -0.484373,
          0.519237,
          2.380857
        ],
        [
          0.124451,
          -0.635734,
          -0.76181,
          1.311462
        ],
        [
          0.0,
          0.0,
          0.0,
          1.0
        ]
      ]
    },
    {
      "file_path": "/media/NFS/ttao/scannet/posed_images/scene0083_00/00184.jpg",
      "transform_matrix": [
        [
          0.70191,
          0.59927,
          -0.384966,
          2.445243
        ],
        [
          0.701021,
          -0.485574,
          0.522291,
          2.378739
        ],
        [
          0.126063,
          -0.63647,
          -0.76093,
          1.311202
        ],
        [
          0.0,
          0.0,
          0.0,
          1.0
        ]
      ]
    },
    {
      "file_path": "/media/NFS/ttao/scannet/posed_images/scene0083_00/00187.jpg",
      "transform_matrix": [
        [
          0.710124,
          0.596279,
          -0.374402,
          2.445267
        ],
        [
          0.69131,
          -0.489684,
          0.53132,
          2.374536
        ],
        [
          0.133476,
          -0.63613,
          -0.759949,
          1.313469
        ],
        [
          0.0,
          0.0,
          0.0,
          1.0
        ]
      ]
    },
    {
      "file_path": "/media/NFS/ttao/scannet/posed_images/scene0083_00/00190.jpg",
      "transform_matrix": [
        [
          0.711545,
          0.58921,
          -0.3828,
          2.447104
        ],
        [
          0.690021,
          -0.483166,
          0.538908,
          2.369678
        ],
        [
          0.132574,
          -0.647597,
          -0.750361,
          1.317975
        ],
        [
          0.0,
          0.0,
          0.0,
          1.0
        ]
      ]
    },
    {
      "file_path": "/media/NFS/ttao/scannet/posed_images/scene0083_00/00193.jpg",
      "transform_matrix": [
        [
          0.715136,
          0.581219,
          -0.388286,
          2.447971
        ],
        [
          0.686769,
          -0.480851,
          0.545097,
          2.368917
        ],
        [
          0.130113,
          -0.656481,
          -0.743037,
          1.323056
        ],
        [
          0.0,
