{
  "frames": [
    {
      "file_path": "/media/NFS/ttao/scannet/posed_images/scene0533_00/00003.jpg",
      "transform_matrix": [
        [
          -0.606307,
          0.211865,
          -0.766489,
          3.895276
        ],
        [
          0.793201,
          0.22994,
          -0.563879,
          6.01413
        ],
        [
          0.056781,
          -0.949864,
          -0.307465,
          1.477068
        ],
        [
          0.0,
          0.0,
          0.0,
          1.0
        ]
      ]
    },
    {
      "file_path": "/media/NFS/ttao/scannet/posed_images/scene0533_00/00009.jpg",
      "transform_matrix": [
        [
          -0.616919,
          0.199603,
          -0.761295,
          3.891307
        ],
        [
          0.78471,
          0.230168,
          -0.575546,
          6.013928
        ],
        [
          0.060345,
          -0.952461,
          -0.298625,
          1.489393
        ],
        [
          0.0,
          0.0,
          0.0,
          1.0
        ]
      ]
    },
    {
      "file_path": "/media/NFS/ttao/scannet/posed_images/scene0533_00/00021.jpg",
      "transform_matrix": [
        [
          -0.629212,
          0.157543,
          -0.7611,
          3.958284
        ],
        [
          0.773998,
          0.21627,
          -0.595108,
          5.958351
        ],
        [
          0.070848,
          -0.963539,
          -0.258018,
          1.493929
        ],
        [
          0.0,
          0.0,
          0.0,
          1.0
        ]
      ]
    },
    {
      "file_path": "/media/NFS/ttao/scannet/posed_images/scene0533_00/00026.jpg",
      "transform_matrix": [
        [
          -0.645213,
          0.147326,
          -0.749663,
          3.96413
        ],
        [
          0.759987,
          0.224245,
          -0.610028,
          5.963848
        ],
        [
          0.078235,
          -0.963332,
          -0.256651,
          1.499563
        ],
        [
          0.0,
          0.0,
          0.0,
          1.0
        ]
      ]
    },
    {
      "file_path": "/media/NFS/ttao/scannet/posed_images/scene0533_00/00044.jpg",
      "transform_matrix": [
        [
          -0.638791,
          0.312819,
          -0.702915,
          3.960028
        ],
        [
          0.768894,
          0.29204,
          -0.568784,
          6.042121
        ],
        [
          0.027353,
          -0.903801,
          -0.427077,
          1.403253
        ],
        [
          0.0,
          0.0,
          0.0,
          1.0
        ]
      ]
    },
    {
      "file_path": "/media/NFS/ttao/scannet/posed_images/scene0533_00/00053.jpg",
      "transform_matrix": [
        [
          -0.613384,
          0.310777,
          -0.72607,
          3.931336
        ],
        [
          0.789755,
          0.249423,
          -0.560425,
          6.105642
        ],
        [
          0.006932,
          -0.917173,
          -0.398429,
          1.417622
        ],
        [
          0.0,
          0.0,
          0.0,
          1.0
        ]
      ]
    },
    {
      "file_path": "/media/NFS/ttao/scannet/posed_images/scene0533_00/00059.jpg",
      "transform_matrix": [
        [
          -0.609834,
          0.296842,
          -0.734839,
          3.909766
        ],
        [
          0.792502,
          0.236209,
          -0.562269,
          6.142568
        ],
        [
          0.006671,
          -0.925251,
          -0.379296,
          1.419749
        ],
        [
          0.0,
          0.0,
          0.0,
          1.0
        ]
      ]
    },
    {
      "file_path": "/media/NFS/ttao/scannet/posed_images/scene0533_00/00067.jpg",
      "transform_matrix": [
        [
          -0.616044,
          0.268667,
          -0.740478,
          3.835562
        ],
        [
          0.787711,
          0.209223,
          -0.579428,
          6.184988
        ],
        [
          -0.000748,
          -0.940236,
          -0.340522,
          1.420389
        ],
        [
          0.0,
          0.0,
          0.0,
          1.0
        ]
      ]
    },
    {
      "file_path": "/media/NFS/ttao/scannet/posed_images/scene0533_00/00076.jpg",
      "transform_matrix": [
        [
          -0.675071,
          0.255033,
          -0.69227,
          3.711612
        ],
        [
          0.737191,
          0.26981,
          -0.619477,
          6.22369
        ],
        [
          0.028794,
          -0.928526,
          -0.370149,
          1.418564
        ],
        [
          0.0,
          0.0,
          0.0,
          1.0
        ]
      ]
    },
    {
      "file_path": "/media/NFS/ttao/scannet/posed_images/scene0533_00/00085.jpg",
      "transform_matrix": [
        [
          -0.69828,
          0.262479,
          -0.665966,
          3.617355
        ],
        [
          0.715642,
          0.277043,
          -0.641174,
          6.285646
        ],
        [
          0.016206,
          -0.924312,
          -0.381294,
          1.421037
        ],
        [
          0.0,
          0.0,
          0.0,
          1.0
        ]
      ]
    },
    {
      "file_path": "/media/NFS/ttao/scannet/posed_images/scene0533_00/00100.jpg",
      "transform_matrix": [
        [
          -0.791382,
          0.239648,
          -0.562391,
          3.497543
        ],
        [
          0.609374,
          0.382643,
          -0.694441,
          6.391881
        ],
        [
          0.048773,
          -0.892274,
          -0.448852,
          1.434937
        ],
        [
          0.0,
          0.0,
          0.0,
          1.0
        ]
      ]
    },
    {
      "file_path": "/media/NFS/ttao/scannet/posed_images/scene0533_00/00111.jpg",
      "transform_matrix": [
        [
          -0.761244,
          0.224582,
          -0.608335,
          3.505816
        ],
        [
          0.640373,
          0.408095,
          -0.650677,
          6.381036
        ],
        [
          0.102128,
          -0.884885,
          -0.454476,
          1.450811
        ],
        [
          0.0,
          0.0,
          0.0,
          1.0
        ]
      ]
    },
    {
      "file_path": "/media/NFS/ttao/scannet/posed_images/scene0533_00/00120.jpg",
      "transform_matrix": [
        [
          -0.623751,
          0.231638,
          -0.746511,
          3.627174
        ],
        [
          0.769479,
          0.349687,
          -0.534435,
          6.290196
        ],
        [
          0.137249,
          -0.907779,
          -0.396358,
          1.448924
        ],
        [
          0.0,
          0.0,
          0.0,
          1.0
        ]
      ]
    },
    {
      "file_path": "/media/NFS/ttao/scannet/posed_images/scene0533_00/00132.jpg",
      "transform_matrix": [
        [
          -0.637669,
          0.264573,
          -0.72345,
          3.819558
        ],
        [
          0.763741,
          0.339542,
          -0.549009,
          6.081877
        ],
        [
          0.100389,
          -0.902614,
          -0.41858,
          1.439579
        ],
        [
          0.0,
          0.0,
          0.0,
          1.0
        ]
      ]
    },
    {
      "file_path": "/media/NFS/ttao/scannet/posed_images/scene0533_00/00141.jpg",
      "transform_matrix": [
        [
          -0.616076,
          0.247226,
          -0.747883,
          3.88493
        ],
        [
          0.783556,
          0.289456,
          -0.549777,
          5.933389
        ],
        [
          0.080561,
          -0.924713,
          -0.372042,
          1.424888
        ],
        [
          0.0,
          0.0,
          0.0,
          1.0
        ]
      ]
    },
    {
      "file_path": "/media/NFS/ttao/scannet/posed_images/scene0533_00/00149.jpg",
      "transform_matrix": [
        [
          -0.55269,
          0.28969,
          -0.781418,
          3.942443
        ],
        [
          0.832079,
          0.244322,
          -0.497947,
          5.758356
        ],
        [
          0.046667,
          -0.925412,
          -0.376079,
          1.441803
        ],
        [
          0.0,
          0.0,
          0.0,
          1.0
        ]
      ]
    },
    {
      "file_path": "/media/NFS/ttao/scannet/posed_images/scene0533_00/00161.jpg",
      "transform_matrix": [
        [
          -0.419865,
          0.264751,
          -0.868113,
          4.052189
        ],
        [
          0.904914,
          0.195462,
          -0.378054,
          5.532086
        ],
        [
          0.069592,
          -0.944299,
          -0.321645,
          1.441049
        ],
        [
          0.0,
          0.0,
          0.0,
          1.0
        ]
      ]
    },
    {
      "file_path": "/media/NFS/ttao/scannet/posed_images/scene0533_00/00170.jpg",
      "transform_matrix": [
        [
          -0.29198,
          0.321042,
          -0.900933,
          4.124862
        ],
        [
          0.955107,
          0.147294,
          -0.25705,
          5.347738
        ],
        [
          0.050178,
          -0.935541,
          -0.349637,
          1.444644
        ],
        [
          0.0,
          0.0,
          0.0,
          1.0
        ]
      ]
    },
    {
      "file_path": "/media/NFS/ttao/scannet/posed_images/scene0533_00/00173.jpg",
      "transform_matrix": [
        [
          -0.263955,
          0.31645,
          -0.911146,
          4.140977
        ],
        [
          0.963375,
          0.132819,
          -0.232956,
          5.290753
        ],
        [
          0.047298,
          -0.939265,
          -0.339918,
          1.442471
        ],
        [
          0.0,
          0.0,
          0.0,
          1.0
        ]
      ]
    },
    {
      "file_path": "/media/NFS/ttao/scannet/posed_images/scene0533_00/00188.jpg",
      "transform_matrix": [
        [
          -0.154744,
          0.369045,
          -0.916439,
          4.12919
        ],
        [
          0.987817,
          0.04229,
          -0.149766,
          4.995455
        ],
        [
          -0.016514,
          -0.928449,
          -0.371092,
          1.435792
        ],
        [
          0.0,
          0.0,
          0.0,
          1.0
        ]
      ]
    },
    {
      "file_path": "/media/NFS/ttao/scannet/posed_images/scene0533_00/00199.jpg",
      "transform_matrix": [
        [
          0.040498,
          0.329764,
          -0.943194,
          4.132683
        ],
        [
          0.997898,
          -0.061137,
          0.021472,
          4.814422
        ],
        [
          -0.050583,
          -0.942082,
          -0.331547,
          1.455146
        ],
        [
          0.0,
          0.0,
          0.0,
          1.0
        ]
      ]
    },
    {
      "file_path": "/media/NFS/ttao/scannet/posed_images/scene0533_00/00205.jpg",
      "transform_matrix": [
        [
          0.128215,
          0.338946,
          -0.932028,
          4.149893
        ],
        [
          0.989559,
          -0.106106,
          0.097542,
          4.704185
        ],
        [
          -0.065832,
          -0.934803,
          -0.349012,
          1.456
        ],
        [
          0.0,
          0.0,
          0.0,
          1.0
        ]
      ]
    },
    {
      "file_path": "/media/NFS/ttao/scannet/posed_images/scene0533_00/00220.jpg",
      "transform_matrix": [
        [
          0.180372,
          0.351435,
          -0.918672,
          4.157855
        ],
        [
          0.983269,
          -0.088597,
          0.159163,
          4.560895
        ],
        [
          -0.025456,
          -0.932011,
          -0.361536,
          1.450734
        ],
        [
          0.0,
          0.0,
          0.0,
          1.0
        ]
      ]
    },
    {
      "file_path": "/media/NFS/ttao/scannet/posed_images/scene0533_00/00223.jpg",
      "transform_matrix": [
        [
          0.181827,
          0.360354,
          -0.914923,
          4.158331
        ],
        [
          0.982781,
          -0.097686,
          0.156839,
          4.564882
        ],
        [
          -0.032857,
          -0.927687,
          -0.371911,
          1.442162
        ],
        [
          0.0,
          0.0,
          0.0,
          1.0
        ]
      ]
    },
    {
      "file_path": "/media/NFS/ttao/scannet/posed_images/scene0533_00/00240.jpg",
      "transform_matrix": [
        [
          -0.004386,
          0.405925,
          -0.913896,
          4.208556
        ],
        [
          0.99918,
          -0.035007,
          -0.020344,
          4.719052
        ],
        [
          -0.040251,
          -0.913236,
          -0.405438,
          1.405678
        ],
        [
          0.0,
          0.0,
          0.0,
          1.0
        ]
      ]
    },
    {
      "file_path": "/media/NFS/ttao/scannet/posed_images/scene0533_00/00243.jpg",
      "transform_matrix": [
        [
          -0.047317,
          0.396696,
          -0.91673,
          4.219836
        ],
        [
          0.998452,
          -0.008085,
          -0.055033,
          4.752477
        ],
        [
          -0.029243,
          -0.917915,
          -0.395699,
          1.408252
        ],
        [
          0.0,
          0.0,
          0.0,
          1.0
        ]
      ]
    },
    {
      "file_path": "/media/NFS/ttao/scannet/posed_images/scene0533_00/00258.jpg",
      "transform_matrix": [
        [
          -0.234098,
          0.256528,
          -0.937759,
          4.311011
        ],
        [
          0.972135,
          0.073974,
          -0.222443,
          4.85341
        ],
        [
          0.012307,
          -0.963702,
          -0.266698,
          1.472942
        ],
        [
          0.0,
          0.0,
          0.0,
          1.0
        ]
      ]
    },
    {
      "file_path": "/media/NFS/ttao/scannet/posed_images/scene0533_00/00267.jpg",
      "transform_matrix": [
        [
          -0.307747,
          0.180204,
          -0.934247,
          4.394412
        ],
        [
          0.950909,
          0.091927,
          -0.295504,
          4.900085
        ],
        [
          0.032632,
          -0.979324,
          -0.199648,
          1.476319
        ],
        [
          0.0,
          0.0,
          0.0,
          1.0
        ]
      ]
    },
    {
      "file_path": "/media/NFS/ttao/scannet/posed_images/scene0533_00/00276.jpg",
      "transform_matrix": [
        [
          -0.40327,
          0.184104,
          -0.89637,
          4.501245
        ],
        [
          0.914577,
          0.113618,
          -0.388124,
          4.933064
        ],
        [
          0.030389,
          -0.976318,
          -0.214196,
          1.444749
        ],
        [
          0.0,
          0.0,
          0.0,
          1.0
        ]
      ]
    },
    {
      "file_path": "/media/NFS/ttao/scannet/posed_images/scene0533_00/00287.jpg",
      "transform_matrix": [
        [
          -0.473496,
          0.226795,
          -0.851097,
          4.543366
        ],
        [
          0.880569,
          0.14383,
          -0.451565,
          4.985611
        ],
        [
          0.020001,
          -0.963264,
          -0.267811,
          1.414862
        ],
        [
          0.0,
          0.0,
          0.0,
          1.0
        ]
      ]
    },
    {
      "file_path": "/media/NFS/ttao/scannet/posed_images/scene0533_00/00290.jpg",
      "transform_matrix": [
        [
          -0.486356,
          0.239098,
          -0.840411,
          4.546803
        ],
        [
          0.873693,
          0.145101,
          -0.464335,
          5.004995
        ],
        [
          0.010922,
          -0.960093,
          -0.279469,
          1.394346
        ],
        [
          0.0,
          0.0,
          0.0,
          1.0
        ]
      ]
    },
    {
      "file_path": "/media/NFS/ttao/scannet/posed_images/scene0533_00/00302.jpg",
      "transform_matrix": [
        [
          -0.55037,
          0.296125,
          -0.780643,
          4.575055
        ],
        [
          0.834889,
          0.187026,
          -0.51767,
          5.035155
        ],
        [
          -0.007294,
          -0.93666,
          -0.350164,
          1.380127
        ],
        [
          0.0,
          0.0,
          0.0,
          1.0
        ]
      ]
    },
    {
      "file_path": "/media/NFS/ttao/scannet/posed_images/scene0533_00/00317.jpg",
      "transform_matrix": [
        [
          -0.590817,
          0.23032,
          -0.773232,
          4.668167
        ],
        [
          0.806005,
          0.21119,
          -0.552951,
          4.844677
        ],
        [
          0.035943,
          -0.949922,
          -0.310413,
          1.390936
        ],
        [
          0.0,
          0.0,
          0.0,
          1.0
        ]
      ]
    },
    {
      "file_path": "/media/NFS/ttao/scannet/posed_images/scene0533_00/00322.jpg",
      "transform_matrix": [
        [
          -0.564249,
          0.231253,
          -0.792556,
          4.681093
        ],
        [
          0.825076,
          0.192295,
          -0.531293,
          4.752889
        ],
        [
          0.029542,
          -0.9537,
          -0.299304,
          1.427212
        ],
        [
          0.0,
          0.0,
          0.0,
          1.0
        ]
      ]
    },
    {
      "file_path": "/media/NFS/ttao/scannet/posed_images/scene0533_00/00331.jpg",
      "transform_matrix": [
        [
          -0.480558,
          0.218612,
          -0.849278,
          4.648835
        ],
        [
          0.87667,
          0.144819,
          -0.458779,
          4.603154
        ],
        [
          0.022697,
          -0.965006,
          -0.261244,
          1.447659
        ],
        [
          0.0,
          0.0,
          0.0,
          1.0
        ]
      ]
    },
    {
      "file_path": "/media/NFS/ttao/scannet/posed_images/scene0533_00/00343.jpg",
      "transform_matrix": [
        [
          -0.428835,
          0.209008,
          -0.878873,
          4.570456
        ],
        [
          0.903225,
          0.080985,
          -0.421458,
          4.416311
        ],
        [
          -0.016913,
          -0.974555,
          -0.22351,
          1.490262
        ],
        [
          0.0,
          0.0,
          0.0,
          1.0
        ]
      ]
    },
    {
      "file_path": "/media/NFS/ttao/scannet/posed_images/scene0533_00/00352.jpg",
      "transform_matrix": [
        [
          -0.32512,
          0.205887,
          -0.922988,
          4.557484
        ],
        [
          0.945673,
          0.070897,
          -0.317296,
          4.237683
        ],
        [
          0.00011,
          -0.976004,
          -0.217752,
          1.503722
        ],
        [
          0.0,
          0.0,
          0.0,
          1.0
        ]
      ]
    },
    {
      "file_path": "/media/NFS/ttao/scannet/posed_images/scene0533_00/00366.jpg",
      "transform_matrix": [
        [
          -0.161668,
          0.260386,
          -0.951873,
          4.580939
        ],
        [
          0.98653,
          0.067016,
          -0.149222,
          3.939386
        ],
        [
          0.024936,
          -0.963176,
          -0.267713,
          1.508738
        ],
        [
          0.0,
          0.0,
          0.0,
          1.0
        ]
      ]
    },
    {
      "file_path": "/media/NFS/ttao/scannet/posed_images/scene0533_00/00372.jpg",
      "transform_matrix": [
        [
          -0.139455,
          0.252942,
          -0.957378,
          4.570013
        ],
        [
          0.989498,
          0.072715,
          -0.124922,
          3.854167
        ],
        [
          0.038018,
          -0.964745,
          -0.260427,
          1.500156
        ],
        [
          0.0,
          0.0,
          0.0,
          1.0
        ]
      ]
    },
    {
      "file_path": "/media/NFS/ttao/scannet/posed_images/scene0533_00/00384.jpg",
      "transform_matrix": [
        [
          -0.087617,
          0.261447,
          -0.961233,
          4.523016
        ],
        [
          0.995658,
          0.053427,
          -0.076223,
          3.716646
        ],
        [
          0.031427,
          -0.963738,
          -0.264993,
          1.499478
        ],
        [
          0.0,
          0.0,
          0.0,
          1.0
        ]
      ]
    },
    {
      "file_path": "/media/NFS/ttao/scannet/posed_images/scene0533_00/00393.jpg",
      "transform_matrix": [
        [
          -0.089821,
          0.265434,
          -0.959936,
          4.519711
        ],
        [
          0.994299,
          0.079512,
          -0.07105,
          3.641452
        ],
        [
          0.057467,
          -0.960845,
          -0.271062,
          1.502705
        ],
        [
          0.0,
          0.0,
          0.0,
          1.0
        ]
      ]
    },
    {
      "file_path": "/media/NFS/ttao/scannet/posed_images/scene0533_00/00402.jpg",
      "transform_matrix": [
        [
          -0.04099,
          0.297898,
          -0.953717,
          4.543262
        ],
        [
          0.996751,
          0.078433,
          -0.018341,
          3.58165
        ],
        [
          0.069339,
          -0.95137,
          -0.300145,
          1.492414
        ],
        [
          0.0,
          0.0,
          0.0,
          1.0
        ]
      ]
    },
    {
      "file_path": "/media/NFS/ttao/scannet/posed_images/scene0533_00/00413.jpg",
      "transform_matrix": [
        [
          -0.106947,
          0.317079,
          -0.94235,
          4.578473
        ],
        [
          0.991368,
          0.106308,
          -0.076739,
          3.567163
        ],
        [
          0.075847,
          -0.942422,
          -0.325711,
          1.46083
        ],
        [
          0.0,
          0.0,
          0.0,
          1.0
        ]
      ]
    },
    {
      "file_path": "/media/NFS/ttao/scannet/posed_images/scene0533_00/00422.jpg",
      "transform_matrix": [
        [
          -0.095804,
          0.293557,
          -0.951129,
          4.577534
        ],
        [
          0.994951,
          0.056935,
          -0.082645,
          3.637074
        ],
        [
          0.029892,
          -0.954245,
          -0.297529,
          1.465509
        ],
        [
          0.0,
          0.0,
          0.0,
          1.0
        ]
      ]
    },
    {
      "file_path": "/media/NFS/ttao/scannet/posed_images/scene0533_00/00428.jpg",
      "transform_matrix": [
        [
          -0.142719,
          0.305397,
          -0.941469,
          4.578979
        ],
        [
          0.989732,
          0.05158,
          -0.133303,
          3.745034
        ],
        [
          0.00785,
          -0.950827,
          -0.309622,
          1.44734
        ],
        [
          0.0,
          0.0,
          0.0,
          1.0
        ]
      ]
    },
    {
      "file_path": "/media/NFS/ttao/scannet/posed_images/scene0533_00/00440.jpg",
      "transform_matrix": [
        [
          -0.188789,
          0.28587,
          -0.939488,
          4.601956
        ],
        [
          0.981912,
          0.06899,
          -0.176321,
          3.906746
        ],
        [
          0.01441,
          -0.955782,
          -0.293724,
          1.459576
        ],
        [
          0.0,
          0.0,
          0.0,
          1.0
        ]
      ]
    },
    {
      "file_path": "/media/NFS/ttao/scannet/posed_images/scene0533_00/00448.jpg",
      "transform_matrix": [
        [
          -0.280949,
          0.27499,
          -0.919483,
          4.653067
        ],
        [
          0.959414,
          0.104778,
          -0.261814,
          3.979063
        ],
        [
          0.024346,
          -0.955721,
          -0.293266,
          1.441055
        ],
        [
          0.0,
          0.0,
          0.0,
          1.0
        ]
      ]
    },
    {
      "file_path": "/media/NFS/ttao/scannet/posed_images/scene0533_00/00463.jpg",
      "transform_matrix": [
        [
          -0.493912,
          0.267096,
          -0.827473,
          4.743178
        ],
        [
          0.866599,
          0.229045,
          -0.443333,
          4.132543
        ],
        [
          0.071115,
          -0.936054,
          -0.344593,
          1.427136
        ],
        [
          0.0,
          0.0,
          0.0,
          1.0
        ]
      ]
    },
    {
      "file_path": "/media/NFS/ttao/scannet/posed_images/scene0533_00/00475.jpg",
      "transform_matrix": [
        [
          -0.535906,
          0.226382,
          -0.813361,
          4.716964
        ],
        [
          0.842836,
          0.199733,
          -0.499735,
          4.245048
        ],
        [
          0.049324,
          -0.95334,
          -0.297841,
          1.433763
        ],
        [
          0.0,
          0.0,
          0.0,
          1.0
        ]
      ]
    },
    {
      "file_path": "/media/NFS/ttao/scannet/posed_images/scene0533_00/00484.jpg",
      "transform_matrix": [
        [
          -0.62291,
          0.208817,
          -0.753909,
          4.642849
        ],
        [
          0.781863,
          0.198153,
          -0.591122,
          4.378212
        ],
        [
          0.025953,
          -0.957669,
          -0.286698,
          1.425806
        ],
        [
          0.0,
          0.0,
          0.0,
          1.0
        ]
      ]
    },
    {
      "file_path": "/media/NFS/ttao/scannet/posed_images/scene0533_00/00492.jpg",
      "transform_matrix": [
        [
          -0.689243,
          0.212974,
          -0.692521,
          4.609204
        ],
        [
          0.724503,
          0.210823,
          -0.656238,
          4.469721
        ],
        [
          0.006238,
          -0.954042,
          -0.299609,
          1.442941
        ],
        [
          0.0,
          0.0,
          0.0,
          1.0
        ]
      ]
    },
    {
      "file_path": "/media/NFS/ttao/scannet/posed_images/scene0533_00/00495.jpg",
      "transform_matrix": [
        [
          -0.708868,
          0.198476,
          -0.676841,
          4.602961
        ],
        [
          0.705217,
          0.217489,
          -0.67481,
          4.503243
        ],
        [
          0.013272,
          -0.95567,
          -0.294139,
          1.44169
        ],
        [
          0.0,
          0.0,
          0.0,
          1.0
        ]
      ]
    },
    {
      "file_path": "/media/NFS/ttao/scannet/posed_images/scene0533_00/00513.jpg",
      "transform_matrix": [
        [
          -0.86677,
          0.12453,
          -0.48291,
          4.600745
        ],
        [
          0.49816,
          0.261616,
          -0.826677,
          4.738136
        ],
        [
          0.023391,
          -0.957105,
          -0.288796,
          1.415936
        ],
        [
          0.0,
          0.0,
          0.0,
          1.0
        ]
      ]
    },
    {
      "file_path": "/media/NFS/ttao/scannet/posed_images/scene0533_00/00522.jpg",
      "transform_matrix": [
        [
          -0.91399,
          0.091948,
          -0.39518,
          4.54612
        ],
        [
          0.405475,
          0.241936,
          -0.881508,
          4.800474
        ],
        [
          0.014556,
          -0.965926,
          -0.25841,
          1.446624
        ],
        [
          0.0,
          0.0,
          0.0,
          1.0
        ]
      ]
    },
    {
      "file_path": "/media/NFS/ttao/scannet/posed_images/scene0533_00/00533.jpg",
      "transform_matrix": [
        [
          -0.960304,
          0.016968,
          -0.278439,
          4.39415
        ],
        [
          0.274303,
          0.238974,
          -0.931477,
          4.798311
        ],
        [
          0.050734,
          -0.970877,
          -0.234142,
          1.456534
        ],
        [
          0.0,
          0.0,
          0.0,
          1.0
        ]
      ]
    },
    {
      "file_path": "/media/NFS/ttao/scannet/posed_images/scene0533_00/00539.jpg",
      "transform_matrix": [
        [
          -0.969723,
          0.008151,
          -0.244071,
          4.318886
        ],
        [
          0.238,
          0.255439,
          -0.937074,
          4.769591
        ],
        [
          0.054707,
          -0.966791,
          -0.249645,
          1.472397
        ],
        [
          0.0,
          0.0,
          0.0,
          1.0
        ]
      ]
    },
    {
      "file_path": "/media/NFS/ttao/scannet/posed_images/scene0533_00/00545.jpg",
      "transform_matrix": [
        [
          -0.977964,
          0.027409,
          -0.206968,
          4.2509
        ],
        [
          0.2067,
          0.266537,
          -0.941399,
          4.720922
        ],
        [
          0.029362,
          -0.963435,
          -0.266329,
          1.479146
        ],
        [
          0.0,
          0.0,
          0.0,
          1.0
        ]
      ]
    },
    {
      "file_path": "/media/NFS/ttao/scannet/posed_images/scene0533_00/00554.jpg",
      "transform_matrix": [
        [
          -0.985173,
          -0.021812,
          -0.170174,
          4.18902
        ],
        [
          0.160906,
          0.226714,
          -0.960578,
          4.613046
        ],
        [
          0.059533,
          -0.973717,
          -0.219843,
          1.496157
        ],
        [
          0.0,
          0.0,
          0.0,
          1.0
        ]
      ]
    },
    {
      "file_path": "/media/NFS/ttao/scannet/posed_images/scene0533_00/00572.jpg",
      "transform_matrix": [
        [
          -0.996605,
          -0.0736,
          0.036886,
          4.046332
        ],
        [
          -0.054078,
          0.247447,
          -0.967391,
          4.499821
        ],
        [
          0.062072,
          -0.966102,
          -0.250587,
          1.477097
        ],
        [
          0.0,
          0.0,
          0.0,
          1.0
        ]
      ]
    },
    {
      "file_path": "/media/NFS/ttao/scannet/posed_images/scene0533_00/00574.jpg",
      "transform_matrix": [
        [
          -0.993408,
          -0.088485,
          0.072879,
          4.00996
        ],
        [
          -0.092887,
          0.248774,
          -0.964097,
          4.498435
        ],
        [
          0.067178,
          -0.964511,
          -0.255353,
          1.479937
        ],
        [
          0.0,
          0.0,
          0.0,
          1.0
        ]
      ]
    },
    {
      "file_path": "/media/NFS/ttao/scannet/posed_images/scene0533_00/00592.jpg",
      "transform_matrix": [
        [
          -0.979645,
          -0.131237,
          0.151899,
          3.805874
        ],
        [
          -0.185943,
          0.308126,
          -0.932997,
          4.497082
        ],
        [
          0.07564,
          -0.94225,
          -0.326257,
          1.437417
        ],
        [
          0.0,
          0.0,
          0.0,
          1.0
        ]
      ]
    },
    {
      "file_path": "/media/NFS/ttao/scannet/posed_images/scene0533_00/00595.jpg",
      "transform_matrix": [
        [
          -0.97875,
          -0.114801,
          0.169907,
          3.795454
        ],
        [
          -0.197971,
          0.313115,
          -0.928852,
          4.493764
        ],
        [
          0.053433,
          -0.942751,
          -0.329188,
          1.435601
        ],
        [
          0.0,
          0.0,
          0.0,
          1.0
        ]
      ]
    },
    {
      "file_path": "/media/NFS/ttao/scannet/posed_images/scene0533_00/00604.jpg",
      "transform_matrix": [
        [
          -0.965865,
          -0.100453,
          0.238778,
          3.787781
        ],
        [
          -0.257375,
          0.267557,
          -0.928532,
          4.528214
        ],
        [
          0.029387,
          -0.958291,
          -0.284278,
          1.393852
        ],
        [
          0.0,
          0.0,
          0.0,
          1.0
        ]
      ]
    },
    {
      "file_path": "/media/NFS/ttao/scannet/posed_images/scene0533_00/00621.jpg",
      "transform_matrix": [
        [
          -0.95423,
          -0.135416,
          0.26666,
          3.79834
        ],
        [
          -0.296359,
          0.308273,
          -0.903958,
          4.63067
        ],
        [
          0.040206,
          -0.94161,
          -0.334295,
          1.254921
        ],
        [
          0.0,
          0.0,
          0.0,
          1.0
        ]
      ]
    },
    {
      "file_path": "/media/NFS/ttao/scannet/posed_images/scene0533_00/00627.jpg",
      "transform_matrix": [
        [
          -0.949823,
          -0.162944,
          0.266995,
          3.804348
        ],
        [
          -0.305584,
          0.301261,
          -0.90325,
          4.674278
        ],
        [
          0.066744,
          -0.939516,
          -0.335938,
          1.244182
        ],
        [
          0.0,
          0.0,
          0.0,
          1.0
        ]
      ]
    },
    {
      "file_path": "/media/NFS/ttao/scannet/posed_images/scene0533_00/00639.jpg",
      "transform_matrix": [
        [
          -0.903615,
          -0.170015,
          0.393161,
          3.77346
        ],
        [
          -0.424011,
          0.224769,
          -0.877322,
          4.78934
        ],
        [
          0.060787,
          -0.959466,
          -0.275192,
          1.310996
        ],
        [
          0.0,
          0.0,
          0.0,
          1.0
        ]
      ]
    },
    {
      "file_path": "/media/NFS/ttao/scannet/posed_images/scene0533_00/00642.jpg",
      "transform_matrix": [
        [
          -0.898274,
          -0.174362,
          0.403364,
          3.774193
        ],
        [
          -0.435313,
          0.227637,
          -0.871024,
          4.80746
        ],
        [
          0.060053,
          -0.958008,
          -0.280382,
          1.324049
        ],
        [
          0.0,
          0.0,
          0.0,
          1.0
        ]
      ]
    },
    {
      "file_path": "/media/NFS/ttao/scannet/posed_images/scene0533_00/00657.jpg",
      "transform_matrix": [
        [
          -0.917286,
          -0.184244,
          0.353046,
          3.722022
        ],
        [
          -0.390016,
          0.236506,
          -0.889917,
          4.785818
        ],
        [
          0.080464,
          -0.954001,
          -0.288802,
          1.450742
        ],
        [
          0.0,
          0.0,
          0.0,
          1.0
        ]
      ]
    },
    {
      "file_path": "/media/NFS/ttao/scannet/posed_images/scene0533_00/00668.jpg",
      "transform_matrix": [
        [
          -0.930856,
          -0.210063,
          0.298966,
          3.734768
        ],
        [
          -0.355148,
          0.327828,
          -0.875442,
          4.722974
        ],
        [
          0.085889,
          -0.921087,
          -0.379765,
          1.47191
        ],
        [
          0.0,
          0.0,
          0.0,
          1.0
        ]
      ]
    },
    {
      "file_path": "/media/NFS/ttao/scannet/posed_images/scene0533_00/00680.jpg",
      "transform_matrix": [
        [
          -0.927914,
          -0.193877,
          0.318414,
          3.792199
        ],
        [
          -0.362199,
          0.266671,
          -0.89314,
          4.694067
        ],
        [
          0.088248,
          -0.944086,
          -0.31767,
          1.51405
        ],
        [
          0.0,
          0.0,
          0.0,
          1.0
        ]
      ]
    },
    {
      "file_path": "/media/NFS/ttao/scannet/posed_images/scene0533_00/00683.jpg",
      "transform_matrix": [
        [
          -0.93268,
          -0.183462,
          0.310563,
          3.827641
        ],
        [
          -0.35081,
          0.261097,
          -0.899311,
          4.689206
        ],
        [
          0.083903,
          -0.947719,
          -0.30788,
          1.515727
        ],
        [
          0.0,
          0.0,
          0.0,
          1.0
        ]
      ]
    },
    {
      "file_path": "/media/NFS/ttao/scannet/posed_images/scene0533_00/00692.jpg",
      "transform_matrix": [
        [
          -0.943195,
          -0.149799,
          0.296552,
          3.98792
        ],
        [
          -0.325889,
          0.243463,
          -0.913522,
          4.694402
        ],
        [
          0.064646,
          -0.958272,
          -0.278451,
          1.516816
        ],
        [
          0.0,
          0.0,
          0.0,
          1.0
        ]
      ]
    },
    {
      "file_path": "/media/NFS/ttao/scannet/posed_images/scene0533_00/00701.jpg",
      "transform_matrix": [
        [
          -0.925227,
          -0.170476,
          0.338958,
          4.10826
        ],
        [
          -0.371694,
          0.227969,
          -0.89993,
          4.689146
        ],
        [
          0.076144,
          -0.958628,
          -0.274288,
          1.502806
        ],
        [
          0.0,
          0.0,
          0.0,
          1.0
        ]
      ]
    },
    {
      "file_path": "/media/NFS/ttao/scannet/posed_images/scene0533_00/00718.jpg",
      "transform_matrix": [
        [
          -0.89192,
          -0.178488,
          0.415476,
          4.348062
        ],
        [
          -0.448859,
          0.238099,
          -0.861298,
          4.706324
        ],
        [
          0.054807,
          -0.954699,
          -0.292481,
          1.489399
        ],
        [
          0.0,
          0.0,
          0.0,
          1.0
        ]
      ]
    },
    {
      "file_path": "/media/NFS/ttao/scannet/posed_images/scene0533_00/00721.jpg",
      "transform_matrix": [
        [
          -0.883565,
          -0.180884,
          0.431966,
          4.381539
        ],
        [
          -0.465285,
          0.234419,
          -0.853556,
          4.720808
        ],
        [
          0.053134,
          -0.955159,
          -0.291286,
          1.487499
        ],
        [
          0.0,
          0.0,
          0.0,
          1.0
        ]
      ]
    },
    {
      "file_path": "/media/NFS/ttao/scannet/posed_images/scene0533_00/00736.jpg",
      "transform_matrix": [
        [
          -0.90123,
          -0.16781,
          0.399532,
          4.62137
        ],
        [
          -0.432122,
          0.278881,
          -0.857611,
          4.881854
        ],
        [
          0.032494,
          -0.94555,
          -0.32385,
          1.474698
        ],
        [
          0.0,
          0.0,
          0.0,
          1.0
        ]
      ]
    },
    {
      "file_path": "/media/NFS/ttao/scannet/posed_images/scene0533_00/00742.jpg",
      "transform_matrix": [
        [
          -0.894158,
          -0.178058,
          0.410824,
          4.696038
        ],
        [
          -0.446715,
          0.292378,
          -0.845554,
          4.929529
        ],
        [
          0.030442,
          -0.93958,
          -0.340973,
          1.459681
        ],
        [
          0.0,
          0.0,
          0.0,
          1.0
        ]
      ]
    },
    {
      "file_path": "/media/NFS/ttao/scannet/posed_images/scene0533_00/00750.jpg",
      "transform_matrix": [
        [
          -0.896262,
          -0.177412,
          0.406498,
          4.805475
        ],
        [
          -0.44249,
          0.29506,
          -0.846843,
          4.970252
        ],
        [
          0.030299,
          -0.938864,
          -0.342953,
          1.442752
