{
  "frames": [
    {
      "file_path": "/media/NFS/ttao/scannet/posed_images/scene0312_00/00000.jpg",
      "transform_matrix": [
        [
          -0.291109,
          0.696604,
          -0.655743,
          6.808348
        ],
        [
          0.955176,
          0.173086,
          -0.240167,
          2.633235
        ],
        [
          -0.053801,
          -0.696265,
          -0.715766,
          1.376115
        ],
        [
          0.0,
          0.0,
          0.0,
          1.0
        ]
      ]
    },
    {
      "file_path": "/media/NFS/ttao/scannet/posed_images/scene0312_00/00004.jpg",
      "transform_matrix": [
        [
          -0.281305,
          0.695873,
          -0.660778,
          6.804993
        ],
        [
          0.958817,
          0.175686,
          -0.223169,
          2.633293
        ],
        [
          -0.039208,
          -0.696344,
          -0.716637,
          1.376398
        ],
        [
          0.0,
          0.0,
          0.0,
          1.0
        ]
      ]
    },
    {
      "file_path": "/media/NFS/ttao/scannet/posed_images/scene0312_00/00007.jpg",
      "transform_matrix": [
        [
          -0.277107,
          0.694206,
          -0.664296,
          6.80233
        ],
        [
          0.96022,
          0.17527,
          -0.217388,
          2.628779
        ],
        [
          -0.034481,
          -0.698111,
          -0.715159,
          1.378987
        ],
        [
          0.0,
          0.0,
          0.0,
          1.0
        ]
      ]
    },
    {
      "file_path": "/media/NFS/ttao/scannet/posed_images/scene0312_00/00011.jpg",
      "transform_matrix": [
        [
          -0.252265,
          0.698185,
          -0.67,
          6.803179
        ],
        [
          0.967399,
          0.165934,
          -0.191326,
          2.581359
        ],
        [
          -0.022405,
          -0.696422,
          -0.717282,
          1.387918
        ],
        [
          0.0,
          0.0,
          0.0,
          1.0
        ]
      ]
    },
    {
      "file_path": "/media/NFS/ttao/scannet/posed_images/scene0312_00/00015.jpg",
      "transform_matrix": [
        [
          -0.247562,
          0.691403,
          -0.678731,
          6.80077
        ],
        [
          0.968828,
          0.169928,
          -0.180271,
          2.580047
        ],
        [
          -0.009304,
          -0.702201,
          -0.711918,
          1.388276
        ],
        [
          0.0,
          0.0,
          0.0,
          1.0
        ]
      ]
    },
    {
      "file_path": "/media/NFS/ttao/scannet/posed_images/scene0312_00/00019.jpg",
      "transform_matrix": [
        [
          -0.237106,
          0.69751,
          -0.67621,
          6.795048
        ],
        [
          0.971471,
          0.166657,
          -0.16873,
          2.581146
        ],
        [
          -0.004996,
          -0.696925,
          -0.717126,
          1.38191
        ],
        [
          0.0,
          0.0,
          0.0,
          1.0
        ]
      ]
    },
    {
      "file_path": "/media/NFS/ttao/scannet/posed_images/scene0312_00/00023.jpg",
      "transform_matrix": [
        [
          -0.247739,
          0.694796,
          -0.675192,
          6.779192
        ],
        [
          0.968656,
          0.164533,
          -0.186105,
          2.591936
        ],
        [
          -0.018214,
          -0.700134,
          -0.713779,
          1.379017
        ],
        [
          0.0,
          0.0,
          0.0,
          1.0
        ]
      ]
    },
    {
      "file_path": "/media/NFS/ttao/scannet/posed_images/scene0312_00/00027.jpg",
      "transform_matrix": [
        [
          -0.26991,
          0.684923,
          -0.676779,
          6.747397
        ],
        [
          0.961929,
          0.160483,
          -0.221218,
          2.611172
        ],
        [
          -0.042905,
          -0.710722,
          -0.702163,
          1.39288
        ],
        [
          0.0,
          0.0,
          0.0,
          1.0
        ]
      ]
    },
    {
      "file_path": "/media/NFS/ttao/scannet/posed_images/scene0312_00/00033.jpg",
      "transform_matrix": [
        [
          -0.279216,
          0.641822,
          -0.714215,
          6.731333
        ],
        [
          0.959564,
          0.158831,
          -0.232401,
          2.63727
        ],
        [
          -0.035721,
          -0.750225,
          -0.660217,
          1.393372
        ],
        [
          0.0,
          0.0,
          0.0,
          1.0
        ]
      ]
    },
    {
      "file_path": "/media/NFS/ttao/scannet/posed_images/scene0312_00/00037.jpg",
      "transform_matrix": [
        [
          -0.299619,
          0.647619,
          -0.700584,
          6.719447
        ],
        [
          0.951603,
          0.150197,
          -0.26813,
          2.661857
        ],
        [
          -0.06842,
          -0.747014,
          -0.661278,
          1.388806
        ],
        [
          0.0,
          0.0,
          0.0,
          1.0
        ]
      ]
    },
    {
      "file_path": "/media/NFS/ttao/scannet/posed_images/scene0312_00/00042.jpg",
      "transform_matrix": [
        [
          -0.286667,
          0.667631,
          -0.687088,
          6.711285
        ],
        [
          0.95586,
          0.151073,
          -0.252009,
          2.685157
        ],
        [
          -0.064448,
          -0.729003,
          -0.68147,
          1.359192
        ],
        [
          0.0,
          0.0,
          0.0,
          1.0
        ]
      ]
    },
    {
      "file_path": "/media/NFS/ttao/scannet/posed_images/scene0312_00/00044.jpg",
      "transform_matrix": [
        [
          -0.294398,
          0.684543,
          -0.666882,
          6.692568
        ],
        [
          0.952974,
          0.157766,
          -0.25875,
          2.68958
        ],
        [
          -0.071914,
          -0.711696,
          -0.698797,
          1.36494
        ],
        [
          0.0,
          0.0,
          0.0,
          1.0
        ]
      ]
    },
    {
      "file_path": "/media/NFS/ttao/scannet/posed_images/scene0312_00/00049.jpg",
      "transform_matrix": [
        [
          -0.300573,
          0.679357,
          -0.669425,
          6.662677
        ],
        [
          0.951202,
          0.162165,
          -0.262521,
          2.677567
        ],
        [
          -0.069788,
          -0.715666,
          -0.694948,
          1.361823
        ],
        [
          0.0,
          0.0,
          0.0,
          1.0
        ]
      ]
    },
    {
      "file_path": "/media/NFS/ttao/scannet/posed_images/scene0312_00/00051.jpg",
      "transform_matrix": [
        [
          -0.29883,
          0.686356,
          -0.663036,
          6.640997
        ],
        [
          0.952454,
          0.171239,
          -0.252009,
          2.669411
        ],
        [
          -0.05943,
          -0.706819,
          -0.704894,
          1.362536
        ],
        [
          0.0,
          0.0,
          0.0,
          1.0
        ]
      ]
    },
    {
      "file_path": "/media/NFS/ttao/scannet/posed_images/scene0312_00/00057.jpg",
      "transform_matrix": [
        [
          -0.284299,
          0.682956,
          -0.672864,
          6.552909
        ],
        [
          0.958393,
          0.183663,
          -0.218522,
          2.605434
        ],
        [
          -0.025661,
          -0.706993,
          -0.706755,
          1.372663
        ],
        [
          0.0,
          0.0,
          0.0,
          1.0
        ]
      ]
    },
    {
      "file_path": "/media/NFS/ttao/scannet/posed_images/scene0312_00/00058.jpg",
      "transform_matrix": [
        [
          -0.282101,
          0.681759,
          -0.674999,
          6.538496
        ],
        [
          0.959215,
          0.187188,
          -0.211819,
          2.593246
        ],
        [
          -0.018058,
          -0.707224,
          -0.706759,
          1.378032
        ],
        [
          0.0,
          0.0,
          0.0,
          1.0
        ]
      ]
    },
    {
      "file_path": "/media/NFS/ttao/scannet/posed_images/scene0312_00/00065.jpg",
      "transform_matrix": [
        [
          -0.283409,
          0.637578,
          -0.716362,
          6.45177
        ],
        [
          0.958999,
          0.188907,
          -0.21127,
          2.530193
        ],
        [
          0.000625,
          -0.746866,
          -0.664974,
          1.405859
        ],
        [
          0.0,
          0.0,
          0.0,
          1.0
        ]
      ]
    },
    {
      "file_path": "/media/NFS/ttao/scannet/posed_images/scene0312_00/00068.jpg",
      "transform_matrix": [
        [
          -0.280254,
          0.626653,
          -0.727162,
          6.424822
        ],
        [
          0.959759,
          0.197043,
          -0.200091,
          2.512972
        ],
        [
          0.017894,
          -0.753977,
          -0.656658,
          1.413261
        ],
        [
          0.0,
          0.0,
          0.0,
          1.0
        ]
      ]
    },
    {
      "file_path": "/media/NFS/ttao/scannet/posed_images/scene0312_00/00073.jpg",
      "transform_matrix": [
        [
          -0.272936,
          0.606744,
          -0.746571,
          6.409469
        ],
        [
          0.961856,
          0.18698,
          -0.19968,
          2.502412
        ],
        [
          0.018439,
          -0.772593,
          -0.634634,
          1.40415
        ],
        [
          0.0,
          0.0,
          0.0,
          1.0
        ]
      ]
    },
    {
      "file_path": "/media/NFS/ttao/scannet/posed_images/scene0312_00/00077.jpg",
      "transform_matrix": [
        [
          -0.371314,
          0.580512,
          -0.724659,
          6.498478
        ],
        [
          0.928139,
          0.21008,
          -0.307286,
          2.575807
        ],
        [
          -0.026147,
          -0.786684,
          -0.616802,
          1.450383
        ],
        [
          0.0,
          0.0,
          0.0,
          1.0
        ]
      ]
    },
    {
      "file_path": "/media/NFS/ttao/scannet/posed_images/scene0312_00/00079.jpg",
      "transform_matrix": [
        [
          -0.368967,
          0.587637,
          -0.720102,
          6.49358
        ],
        [
          0.928918,
          0.207118,
          -0.306942,
          2.572953
        ],
        [
          -0.031225,
          -0.782167,
          -0.622286,
          1.447181
        ],
        [
          0.0,
          0.0,
          0.0,
          1.0
        ]
      ]
    },
    {
      "file_path": "/media/NFS/ttao/scannet/posed_images/scene0312_00/00084.jpg",
      "transform_matrix": [
        [
          -0.370727,
          0.598015,
          -0.710591,
          6.476724
        ],
        [
          0.928227,
          0.213093,
          -0.304937,
          2.565109
        ],
        [
          -0.030935,
          -0.772638,
          -0.634093,
          1.427552
        ],
        [
          0.0,
          0.0,
          0.0,
          1.0
        ]
      ]
    },
    {
      "file_path": "/media/NFS/ttao/scannet/posed_images/scene0312_00/00089.jpg",
      "transform_matrix": [
        [
          -0.391993,
          0.595573,
          -0.701166,
          6.444273
        ],
        [
          0.919283,
          0.22417,
          -0.323522,
          2.544914
        ],
        [
          -0.035501,
          -0.771389,
          -0.635374,
          1.420652
        ],
        [
          0.0,
          0.0,
          0.0,
          1.0
        ]
      ]
    },
    {
      "file_path": "/media/NFS/ttao/scannet/posed_images/scene0312_00/00090.jpg",
      "transform_matrix": [
        [
          -0.401132,
          0.595984,
          -0.695627,
          6.431324
        ],
        [
          0.915365,
          0.232071,
          -0.329014,
          2.539635
        ],
        [
          -0.034652,
          -0.76873,
          -0.638634,
          1.424644
        ],
        [
          0.0,
          0.0,
          0.0,
          1.0
        ]
      ]
    },
    {
      "file_path": "/media/NFS/ttao/scannet/posed_images/scene0312_00/00094.jpg",
      "transform_matrix": [
        [
          -0.428012,
          0.57728,
          -0.69538,
          6.391637
        ],
        [
          0.90313,
          0.244169,
          -0.353183,
          2.515395
        ],
        [
          -0.034095,
          -0.779185,
          -0.625866,
          1.44064
        ],
        [
          0.0,
          0.0,
          0.0,
          1.0
        ]
      ]
    },
    {
      "file_path": "/media/NFS/ttao/scannet/posed_images/scene0312_00/00100.jpg",
      "transform_matrix": [
        [
          -0.449704,
          0.529424,
          -0.719358,
          6.351554
        ],
        [
          0.892123,
          0.227116,
          -0.390558,
          2.494126
        ],
        [
          -0.043393,
          -0.817391,
          -0.574446,
          1.448646
        ],
        [
          0.0,
          0.0,
          0.0,
          1.0
        ]
      ]
    },
    {
      "file_path": "/media/NFS/ttao/scannet/posed_images/scene0312_00/00102.jpg",
      "transform_matrix": [
        [
          -0.451949,
          0.513484,
          -0.729436,
          6.340082
        ],
        [
          0.891324,
          0.227099,
          -0.392387,
          2.48302
        ],
        [
          -0.03583,
          -0.827502,
          -0.560318,
          1.456466
        ],
        [
          0.0,
          0.0,
          0.0,
          1.0
        ]
      ]
    },
    {
      "file_path": "/media/NFS/ttao/scannet/posed_images/scene0312_00/00106.jpg",
      "transform_matrix": [
        [
          -0.444223,
          0.471063,
          -0.76208,
          6.313372
        ],
        [
          0.895653,
          0.21287,
          -0.390502,
          2.462355
        ],
        [
          -0.021727,
          -0.856029,
          -0.516471,
          1.485708
        ],
        [
          0.0,
          0.0,
          0.0,
          1.0
        ]
      ]
    },
    {
      "file_path": "/media/NFS/ttao/scannet/posed_images/scene0312_00/00113.jpg",
      "transform_matrix": [
        [
          -0.386594,
          0.396448,
          -0.832691,
          6.284849
        ],
        [
          0.92225,
          0.166151,
          -0.349068,
          2.465674
        ],
        [
          -3.5e-05,
          -0.902897,
          -0.429857,
          1.541256
        ],
        [
          0.0,
          0.0,
          0.0,
          1.0
        ]
      ]
    },
    {
      "file_path": "/media/NFS/ttao/scannet/posed_images/scene0312_00/00117.jpg",
      "transform_matrix": [
        [
          -0.310104,
          0.371068,
          -0.875296,
          6.287005
        ],
        [
          0.950362,
          0.145638,
          -0.274958,
          2.478724
        ],
        [
          0.025448,
          -0.917114,
          -0.397812,
          1.552021
        ],
        [
          0.0,
          0.0,
          0.0,
          1.0
        ]
      ]
    },
    {
      "file_path": "/media/NFS/ttao/scannet/posed_images/scene0312_00/00119.jpg",
      "transform_matrix": [
        [
          -0.268406,
          0.368817,
          -0.889906,
          6.286392
        ],
        [
          0.962867,
          0.130619,
          -0.236278,
          2.497503
        ],
        [
          0.029095,
          -0.920279,
          -0.39018,
          1.550269
        ],
        [
          0.0,
          0.0,
          0.0,
          1.0
        ]
      ]
    },
    {
      "file_path": "/media/NFS/ttao/scannet/posed_images/scene0312_00/00123.jpg",
      "transform_matrix": [
        [
          -0.183804,
          0.388127,
          -0.903091,
          6.294984
        ],
        [
          0.982372,
          0.104398,
          -0.155072,
          2.530451
        ],
        [
          0.034093,
          -0.915674,
          -0.400474,
          1.545876
        ],
        [
          0.0,
          0.0,
          0.0,
          1.0
        ]
      ]
    },
    {
      "file_path": "/media/NFS/ttao/scannet/posed_images/scene0312_00/00126.jpg",
      "transform_matrix": [
        [
          -0.119833,
          0.409131,
          -0.904573,
          6.305237
        ],
        [
          0.992282,
          0.078613,
          -0.095896,
          2.548089
        ],
        [
          0.031877,
          -0.909083,
          -0.415394,
          1.545771
        ],
        [
          0.0,
          0.0,
          0.0,
          1.0
        ]
      ]
    },
    {
      "file_path": "/media/NFS/ttao/scannet/posed_images/scene0312_00/00130.jpg",
      "transform_matrix": [
        [
          -0.053811,
          0.410873,
          -0.910103,
          6.338029
        ],
        [
          0.998517,
          0.02972,
          -0.045622,
          2.590652
        ],
        [
          0.008303,
          -0.911208,
          -0.411863,
          1.540402
        ],
        [
          0.0,
          0.0,
          0.0,
          1.0
        ]
      ]
    },
    {
      "file_path": "/media/NFS/ttao/scannet/posed_images/scene0312_00/00137.jpg",
      "transform_matrix": [
        [
          0.004254,
          0.405062,
          -0.914279,
          6.438554
        ],
        [
          0.99999,
          -0.003201,
          0.003235,
          2.65705
        ],
        [
          -0.001616,
          -0.914284,
          -0.405071,
          1.543671
        ],
        [
          0.0,
          0.0,
          0.0,
          1.0
        ]
      ]
    },
    {
      "file_path": "/media/NFS/ttao/scannet/posed_images/scene0312_00/00140.jpg",
      "transform_matrix": [
        [
          -0.007865,
          0.407669,
          -0.913096,
          6.500991
        ],
        [
          0.999963,
          -2.3e-05,
          -0.008624,
          2.716595
        ],
        [
          -0.003537,
          -0.91313,
          -0.407654,
          1.528807
        ],
        [
          0.0,
          0.0,
          0.0,
          1.0
        ]
      ]
    },
    {
      "file_path": "/media/NFS/ttao/scannet/posed_images/scene0312_00/00142.jpg",
      "transform_matrix": [
        [
          -0.012983,
          0.418965,
          -0.90791,
          6.545737
        ],
        [
          0.999916,
          0.006192,
          -0.011441,
          2.74315
        ],
        [
          0.000829,
          -0.907981,
          -0.41901,
          1.516993
        ],
        [
          0.0,
          0.0,
          0.0,
          1.0
        ]
      ]
    },
    {
      "file_path": "/media/NFS/ttao/scannet/posed_images/scene0312_00/00149.jpg",
      "transform_matrix": [
        [
          0.069477,
          0.495452,
          -0.865852,
          6.668213
        ],
        [
          0.997427,
          -0.01911,
          0.0691,
          2.821064
        ],
        [
          0.017689,
          -0.868425,
          -0.495505,
          1.503864
        ],
        [
          0.0,
          0.0,
          0.0,
          1.0
        ]
      ]
    },
    {
      "file_path": "/media/NFS/ttao/scannet/posed_images/scene0312_00/00151.jpg",
      "transform_matrix": [
        [
          0.123874,
          0.505913,
          -0.853644,
          6.706647
        ],
        [
          0.992298,
          -0.062568,
          0.106913,
          2.84919
        ],
        [
          0.000678,
          -0.860313,
          -0.509767,
          1.496815
        ],
        [
          0.0,
          0.0,
          0.0,
          1.0
        ]
      ]
    },
    {
      "file_path": "/media/NFS/ttao/scannet/posed_images/scene0312_00/00155.jpg",
      "transform_matrix": [
        [
          0.261596,
          0.511781,
          -0.81832,
          6.749475
        ],
        [
          0.965177,
          -0.138149,
          0.222143,
          2.895882
        ],
        [
          0.000639,
          -0.847935,
          -0.530099,
          1.490385
        ],
        [
          0.0,
          0.0,
          0.0,
          1.0
        ]
      ]
    },
    {
      "file_path": "/media/NFS/ttao/scannet/posed_images/scene0312_00/00159.jpg",
      "transform_matrix": [
        [
          0.382646,
          0.497069,
          -0.778784,
          6.793839
        ],
        [
          0.923893,
          -0.207507,
          0.3215,
          2.938375
        ],
        [
          -0.001795,
          -0.842534,
          -0.538641,
          1.467582
        ],
        [
          0.0,
          0.0,
          0.0,
          1.0
        ]
      ]
    },
    {
      "file_path": "/media/NFS/ttao/scannet/posed_images/scene0312_00/00163.jpg",
      "transform_matrix": [
        [
          0.466602,
          0.498898,
          -0.730331,
          6.841294
        ],
        [
          0.884457,
          -0.267084,
          0.382624,
          3.008426
        ],
        [
          -0.00417,
          -0.82448,
          -0.565876,
          1.4557
        ],
        [
          0.0,
          0.0,
          0.0,
          1.0
        ]
      ]
    },
    {
      "file_path": "/media/NFS/ttao/scannet/posed_images/scene0312_00/00165.jpg",
      "transform_matrix": [
        [
          0.500233,
          0.507537,
          -0.70155,
          6.851183
        ],
        [
          0.865793,
          -0.280969,
          0.414077,
          3.032131
        ],
        [
          0.013046,
          -0.814532,
          -0.579972,
          1.444625
        ],
        [
          0.0,
          0.0,
          0.0,
          1.0
        ]
      ]
    },
    {
      "file_path": "/media/NFS/ttao/scannet/posed_images/scene0312_00/00171.jpg",
      "transform_matrix": [
        [
          0.540277,
          0.518353,
          -0.662881,
          6.917017
        ],
        [
          0.840657,
          -0.297492,
          0.452543,
          3.140803
        ],
        [
          0.037376,
          -0.801754,
          -0.596485,
          1.437841
        ],
        [
          0.0,
          0.0,
          0.0,
          1.0
        ]
      ]
    },
    {
      "file_path": "/media/NFS/ttao/scannet/posed_images/scene0312_00/00175.jpg",
      "transform_matrix": [
        [
          0.561408,
          0.513077,
          -0.649287,
          6.965796
        ],
        [
          0.827248,
          -0.327133,
          0.456777,
          3.167885
        ],
        [
          0.021958,
          -0.793559,
          -0.608097,
          1.414528
        ],
        [
          0.0,
          0.0,
          0.0,
          1.0
        ]
      ]
    },
    {
      "file_path": "/media/NFS/ttao/scannet/posed_images/scene0312_00/00180.jpg",
      "transform_matrix": [
        [
          0.567625,
          0.523658,
          -0.635282,
          7.019264
        ],
        [
          0.823283,
          -0.358669,
          0.439956,
          3.199292
        ],
        [
          0.00253,
          -0.772747,
          -0.634709,
          1.412991
        ],
        [
          0.0,
          0.0,
          0.0,
          1.0
        ]
      ]
    },
    {
      "file_path": "/media/NFS/ttao/scannet/posed_images/scene0312_00/00184.jpg",
      "transform_matrix": [
        [
          0.561394,
          0.530496,
          -0.635147,
          7.086531
        ],
        [
          0.827471,
          -0.370332,
          0.422073,
          3.208601
        ],
        [
          -0.011307,
          -0.762515,
          -0.646872,
          1.401355
        ],
        [
          0.0,
          0.0,
          0.0,
          1.0
        ]
      ]
    },
    {
      "file_path": "/media/NFS/ttao/scannet/posed_images/scene0312_00/00188.jpg",
      "transform_matrix": [
        [
          0.536539,
          0.537937,
          -0.650191,
          7.178908
        ],
        [
          0.843401,
          -0.367645,
          0.391805,
          3.215698
        ],
        [
          -0.028273,
          -0.758591,
          -0.650953,
          1.39211
        ],
        [
          0.0,
          0.0,
          0.0,
          1.0
        ]
      ]
    },
    {
      "file_path": "/media/NFS/ttao/scannet/posed_images/scene0312_00/00190.jpg",
      "transform_matrix": [
        [
          0.515139,
          0.539976,
          -0.665626,
          7.227091
        ],
        [
          0.855941,
          -0.364584,
          0.366665,
          3.226641
        ],
        [
          -0.044686,
          -0.75862,
          -0.649999,
          1.398494
        ],
        [
          0.0,
          0.0,
          0.0,
          1.0
        ]
      ]
    },
    {
      "file_path": "/media/NFS/ttao/scannet/posed_images/scene0312_00/00196.jpg",
      "transform_matrix": [
        [
          0.466782,
          0.592364,
          -0.656673,
          7.375558
        ],
        [
          0.882581,
          -0.359261,
          0.303287,
          3.244696
        ],
        [
          -0.056261,
          -0.721136,
          -0.690506,
          1.380731
        ],
        [
          0.0,
          0.0,
          0.0,
          1.0
        ]
      ]
    },
    {
      "file_path": "/media/NFS/ttao/scannet/posed_images/scene0312_00/00200.jpg",
      "transform_matrix": [
        [
          0.455651,
          0.602569,
          -0.655204,
          7.451187
        ],
        [
          0.886789,
          -0.371251,
          0.275277,
          3.278785
        ],
        [
          -0.077372,
          -0.706459,
          -0.703512,
          1.399638
        ],
        [
          0.0,
          0.0,
          0.0,
          1.0
        ]
      ]
    },
    {
      "file_path": "/media/NFS/ttao/scannet/posed_images/scene0312_00/00203.jpg",
      "transform_matrix": [
        [
          0.452637,
          0.581986,
          -0.675583,
          7.511271
        ],
        [
          0.88682,
          -0.372923,
          0.272907,
          3.301769
        ],
        [
          -0.093112,
          -0.722649,
          -0.684915,
          1.398966
        ],
        [
          0.0,
          0.0,
          0.0,
          1.0
        ]
      ]
    },
    {
      "file_path": "/media/NFS/ttao/scannet/posed_images/scene0312_00/00207.jpg",
      "transform_matrix": [
        [
          0.467234,
          0.578018,
          -0.66902,
          7.573195
        ],
        [
          0.879596,
          -0.380465,
          0.285584,
          3.342722
        ],
        [
          -0.089466,
          -0.721901,
          -0.686188,
          1.388405
        ],
        [
          0.0,
          0.0,
          0.0,
          1.0
        ]
      ]
    },
    {
      "file_path": "/media/NFS/ttao/scannet/posed_images/scene0312_00/00211.jpg",
      "transform_matrix": [
        [
          0.477474,
          0.564322,
          -0.673468,
          7.628156
        ],
        [
          0.872959,
          -0.391744,
          0.290653,
          3.410345
        ],
        [
          -0.099805,
          -0.72669,
          -0.679677,
          1.387195
        ],
        [
          0.0,
          0.0,
          0.0,
          1.0
        ]
      ]
    },
    {
      "file_path": "/media/NFS/ttao/scannet/posed_images/scene0312_00/00213.jpg",
      "transform_matrix": [
        [
          0.484162,
          0.559719,
          -0.672534,
          7.660809
        ],
        [
          0.870355,
          -0.386989,
          0.304503,
          3.442638
        ],
        [
          -0.089827,
          -0.732772,
          -0.67452,
          1.376636
        ],
        [
          0.0,
          0.0,
          0.0,
          1.0
        ]
      ]
    },
    {
      "file_path": "/media/NFS/ttao/scannet/posed_images/scene0312_00/00218.jpg",
      "transform_matrix": [
        [
          0.486743,
          0.577573,
          -0.655355,
          7.70786
        ],
        [
          0.871517,
          -0.372164,
          0.319298,
          3.517132
        ],
        [
          -0.059482,
          -0.72657,
          -0.684513,
          1.378207
        ],
        [
          0.0,
          0.0,
          0.0,
          1.0
        ]
      ]
    },
    {
      "file_path": "/media/NFS/ttao/scannet/posed_images/scene0312_00/00223.jpg",
      "transform_matrix": [
        [
          0.422281,
          0.617205,
          -0.66388,
          7.75754
        ],
        [
          0.905191,
          -0.325934,
          0.272755,
          3.599338
        ],
        [
          -0.048035,
          -0.716118,
          -0.696325,
          1.39883
        ],
        [
          0.0,
          0.0,
          0.0,
          1.0
        ]
      ]
    },
    {
      "file_path": "/media/NFS/ttao/scannet/posed_images/scene0312_00/00226.jpg",
      "transform_matrix": [
        [
          0.396464,
          0.603105,
          -0.692156,
          7.78916
        ],
        [
          0.916527,
          -0.303428,
          0.260594,
          3.642128
        ],
        [
          -0.052854,
          -0.737697,
          -0.67306,
          1.411673
        ],
        [
          0.0,
          0.0,
          0.0,
          1.0
        ]
      ]
    },
    {
      "file_path": "/media/NFS/ttao/scannet/posed_images/scene0312_00/00232.jpg",
      "transform_matrix": [
        [
          0.348825,
          0.586218,
          -0.731211,
          7.850711
        ],
        [
          0.934963,
          -0.271407,
          0.228436,
          3.721148
        ],
        [
          -0.064543,
          -0.763339,
          -0.642765,
          1.41393
        ],
        [
          0.0,
          0.0,
          0.0,
          1.0
        ]
      ]
    },
    {
      "file_path": "/media/NFS/ttao/scannet/posed_images/scene0312_00/00234.jpg",
      "transform_matrix": [
        [
          0.322285,
          0.589592,
          -0.740617,
          7.870659
        ],
        [
          0.943837,
          -0.260318,
          0.203484,
          3.753462
        ],
        [
          -0.072823,
          -0.764602,
          -0.640376,
          1.412443
        ],
        [
          0.0,
          0.0,
          0.0,
          1.0
        ]
      ]
    },
    {
      "file_path": "/media/NFS/ttao/scannet/posed_images/scene0312_00/00238.jpg",
      "transform_matrix": [
        [
          0.254553,
          0.606336,
          -0.753366,
          7.91084
        ],
        [
          0.963989,
          -0.221115,
          0.147759,
          3.817423
        ],
        [
          -0.076989,
          -0.763849,
          -0.640787,
          1.408945
        ],
        [
          0.0,
          0.0,
          0.0,
          1.0
        ]
      ]
    },
    {
      "file_path": "/media/NFS/ttao/scannet/posed_images/scene0312_00/00244.jpg",
      "transform_matrix": [
        [
          0.123466,
          0.609369,
          -0.783215,
          7.959877
        ],
        [
          0.988789,
          -0.142337,
          0.04513,
          3.906947
        ],
        [
          -0.08398,
          -0.780006,
          -0.620111,
          1.419755
        ],
        [
          0.0,
          0.0,
          0.0,
          1.0
        ]
      ]
    },
    {
      "file_path": "/media/NFS/ttao/scannet/posed_images/scene0312_00/00245.jpg",
      "transform_matrix": [
        [
          0.110447,
          0.611852,
          -0.783224,
          7.963659
        ],
        [
          0.990436,
          -0.133327,
          0.035513,
          3.920588
        ],
        [
          -0.082696,
          -0.779655,
          -0.620725,
          1.422562
        ],
        [
          0.0,
          0.0,
          0.0,
          1.0
        ]
      ]
    },
    {
      "file_path": "/media/NFS/ttao/scannet/posed_images/scene0312_00/00249.jpg",
      "transform_matrix": [
        [
          0.046298,
          0.613224,
          -0.788551,
          7.966569
        ],
        [
          0.994017,
          -0.106462,
          -0.024429,
          3.977537
        ],
        [
          -0.098931,
          -0.782702,
          -0.614484,
          1.434373
        ],
        [
          0.0,
          0.0,
          0.0,
          1.0
        ]
      ]
    },
    {
      "file_path": "/media/NFS/ttao/scannet/posed_images/scene0312_00/00255.jpg",
      "transform_matrix": [
        [
          -0.04867,
          0.627546,
          -0.777057,
          7.922182
        ],
        [
          0.995676,
          -0.031148,
          -0.087518,
          4.091746
        ],
        [
          -0.079125,
          -0.777956,
          -0.623317,
          1.433236
        ],
        [
          0.0,
          0.0,
          0.0,
          1.0
        ]
      ]
    },
    {
      "file_path": "/media/NFS/ttao/scannet/posed_images/scene0312_00/00257.jpg",
      "transform_matrix": [
        [
          -0.0587,
          0.617866,
          -0.784089,
          7.900295
        ],
        [
          0.99598,
          -0.016991,
          -0.087951,
          4.129455
        ],
        [
          -0.067665,
          -0.7861,
          -0.614385,
          1.426522
        ],
        [
          0.0,
          0.0,
          0.0,
          1.0
        ]
      ]
    },
    {
      "file_path": "/media/NFS/ttao/scannet/posed_images/scene0312_00/00264.jpg",
      "transform_matrix": [
        [
          -0.100076,
          0.64155,
          -0.760525,
          7.802749
        ],
        [
          0.994776,
          0.049057,
          -0.089518,
          4.262001
        ],
        [
          -0.020121,
          -0.765511,
          -0.643108,
          1.408671
        ],
        [
          0.0,
          0.0,
          0.0,
          1.0
        ]
      ]
    },
    {
      "file_path": "/media/NFS/ttao/scannet/posed_images/scene0312_00/00265.jpg",
      "transform_matrix": [
        [
          -0.106038,
          0.637051,
          -0.763493,
          7.78849
        ],
        [
          0.994338,
          0.06263,
          -0.085842,
          4.27844
        ],
        [
          -0.006868,
          -0.768273,
          -0.640086,
          1.409962
        ],
        [
          0.0,
          0.0,
          0.0,
          1.0
        ]
      ]
    },
    {
      "file_path": "/media/NFS/ttao/scannet/posed_images/scene0312_00/00269.jpg",
      "transform_matrix": [
        [
          -0.12203,
          0.621784,
          -0.773624,
          7.722923
        ],
        [
          0.992456,
          0.067161,
          -0.102569,
          4.368719
        ],
        [
          -0.011819,
          -0.780304,
          -0.625289,
          1.421313
        ],
        [
          0.0,
          0.0,
          0.0,
          1.0
        ]
      ]
    },
    {
      "file_path": "/media/NFS/ttao/scannet/posed_images/scene0312_00/00275.jpg",
      "transform_matrix": [
        [
          -0.120195,
          0.616068,
          -0.778468,
          7.648193
        ],
        [
          0.992382,
          0.053201,
          -0.111121,
          4.485225
        ],
        [
          -0.027043,
          -0.785894,
          -0.61777,
          1.426284
        ],
        [
          0.0,
          0.0,
          0.0,
          1.0
        ]
      ]
    },
    {
      "file_path": "/media/NFS/ttao/scannet/posed_images/scene0312_00/00280.jpg",
      "transform_matrix": [
        [
          -0.144165,
          0.598952,
          -0.787701,
          7.588583
        ],
        [
          0.989235,
          0.06702,
          -0.130089,
          4.591263
        ],
        [
          -0.025126,
          -0.797976,
          -0.602166,
          1.409651
        ],
        [
          0.0,
          0.0,
          0.0,
          1.0
        ]
      ]
    },
    {
      "file_path": "/media/NFS/ttao/scannet/posed_images/scene0312_00/00281.jpg",
      "transform_matrix": [
        [
          -0.152341,
          0.602067,
          -0.783778,
          7.57291
        ],
        [
          0.987974,
          0.071553,
          -0.137066,
          4.613025
        ],
        [
          -0.026442,
          -0.795233,
          -0.605727,
          1.409279
        ],
        [
          0.0,
          0.0,
          0.0,
          1.0
        ]
      ]
    },
    {
      "file_path": "/media/NFS/ttao/scannet/posed_images/scene0312_00/00288.jpg",
      "transform_matrix": [
        [
          -0.230287,
          0.594449,
          -0.770453,
          7.481521
        ],
        [
          0.972204,
          0.106143,
          -0.208695,
          4.752037
        ],
        [
          -0.04228,
          -0.797097,
          -0.602369,
          1.423974
        ],
        [
          0.0,
          0.0,
          0.0,
          1.0
        ]
      ]
    },
    {
      "file_path": "/media/NFS/ttao/scannet/posed_images/scene0312_00/00292.jpg",
      "transform_matrix": [
        [
          -0.284387,
          0.612562,
          -0.73749,
          7.425741
        ],
        [
          0.957483,
          0.142575,
          -0.250796,
          4.814686
        ],
        [
          -0.048481,
          -0.777457,
          -0.627065,
          1.434937
        ],
        [
          0.0,
          0.0,
          0.0,
          1.0
        ]
      ]
    },
    {
      "file_path": "/media/NFS/ttao/scannet/posed_images/scene0312_00/00293.jpg",
      "transform_matrix": [
        [
          -0.291315,
          0.612313,
          -0.734988,
          7.410405
        ],
        [
          0.95541,
          0.147482,
          -0.255814,
          4.82725
        ],
        [
          -0.048241,
          -0.776738,
          -0.627974,
          1.441004
        ],
        [
          0.0,
          0.0,
          0.0,
          1.0
        ]
      ]
    },
    {
      "file_path": "/media/NFS/ttao/scannet/posed_images/scene0312_00/00300.jpg",
      "transform_matrix": [
        [
          -0.293886,
          0.5951,
          -0.747989,
          7.317679
        ],
        [
          0.954413,
          0.139946,
          -0.263648,
          4.92439
        ],
        [
          -0.052219,
          -0.791373,
          -0.609099,
          1.429289
        ],
        [
          0.0,
          0.0,
          0.0,
          1.0
        ]
      ]
    },
    {
      "file_path": "/media/NFS/ttao/scannet/posed_images/scene0312_00/00301.jpg",
      "transform_matrix": [
        [
          -0.29496,
          0.592228,
          -0.749843,
          7.301857
        ],
        [
          0.9542,
          0.141498,
          -0.263592,
          4.939561
        ],
        [
          -0.050005,
          -0.793249,
          -0.60684,
          1.424269
        ],
        [
          0.0,
          0.0,
          0.0,
          1.0
        ]
      ]
    },
    {
      "file_path": "/media/NFS/ttao/scannet/posed_images/scene0312_00/00306.jpg",
      "transform_matrix": [
        [
          -0.300403,
          0.59995,
          -0.741497,
          7.199237
        ],
        [
          0.953656,
          0.174819,
          -0.244907,
          5.028172
        ],
        [
          -0.017305,
          -0.780703,
          -0.624662,
