{
  "frames": [
    {
      "file_path": "/media/NFS/ttao/scannet/posed_images/scene0423_00/00000.jpg",
      "transform_matrix": [
        [
          0.99676,
          0.055385,
          -0.058333,
          3.613119
        ],
        [
          0.078917,
          -0.533015,
          0.842417,
          1.534159
        ],
        [
          0.015565,
          -0.844291,
          -0.535659,
          1.301635
        ],
        [
          0.0,
          0.0,
          0.0,
          1.0
        ]
      ]
    },
    {
      "file_path": "/media/NFS/ttao/scannet/posed_images/scene0423_00/00002.jpg",
      "transform_matrix": [
        [
          0.997177,
          0.054022,
          -0.052149,
          3.61653
        ],
        [
          0.072954,
          -0.532711,
          0.843147,
          1.537808
        ],
        [
          0.017768,
          -0.844571,
          -0.535148,
          1.301303
        ],
        [
          0.0,
          0.0,
          0.0,
          1.0
        ]
      ]
    },
    {
      "file_path": "/media/NFS/ttao/scannet/posed_images/scene0423_00/00005.jpg",
      "transform_matrix": [
        [
          0.997906,
          0.052141,
          -0.038266,
          3.620037
        ],
        [
          0.060135,
          -0.530246,
          0.845709,
          1.543981
        ],
        [
          0.023805,
          -0.846239,
          -0.532271,
          1.301234
        ],
        [
          0.0,
          0.0,
          0.0,
          1.0
        ]
      ]
    },
    {
      "file_path": "/media/NFS/ttao/scannet/posed_images/scene0423_00/00007.jpg",
      "transform_matrix": [
        [
          0.998434,
          0.04693,
          -0.030445,
          3.622308
        ],
        [
          0.050732,
          -0.530303,
          0.846289,
          1.54844
        ],
        [
          0.023571,
          -0.846508,
          -0.531854,
          1.300212
        ],
        [
          0.0,
          0.0,
          0.0,
          1.0
        ]
      ]
    },
    {
      "file_path": "/media/NFS/ttao/scannet/posed_images/scene0423_00/00010.jpg",
      "transform_matrix": [
        [
          0.999281,
          0.03412,
          -0.016551,
          3.620618
        ],
        [
          0.032371,
          -0.540097,
          0.84098,
          1.555916
        ],
        [
          0.019755,
          -0.840911,
          -0.540813,
          1.297029
        ],
        [
          0.0,
          0.0,
          0.0,
          1.0
        ]
      ]
    },
    {
      "file_path": "/media/NFS/ttao/scannet/posed_images/scene0423_00/00012.jpg",
      "transform_matrix": [
        [
          0.999743,
          0.022097,
          -0.005016,
          3.623707
        ],
        [
          0.016425,
          -0.554165,
          0.832245,
          1.561477
        ],
        [
          0.015611,
          -0.832114,
          -0.554385,
          1.29265
        ],
        [
          0.0,
          0.0,
          0.0,
          1.0
        ]
      ]
    },
    {
      "file_path": "/media/NFS/ttao/scannet/posed_images/scene0423_00/00015.jpg",
      "transform_matrix": [
        [
          0.999923,
          0.001052,
          0.012364,
          3.631544
        ],
        [
          -0.009497,
          -0.576452,
          0.817076,
          1.56855
        ],
        [
          0.007986,
          -0.817131,
          -0.576397,
          1.285307
        ],
        [
          0.0,
          0.0,
          0.0,
          1.0
        ]
      ]
    },
    {
      "file_path": "/media/NFS/ttao/scannet/posed_images/scene0423_00/00018.jpg",
      "transform_matrix": [
        [
          0.999331,
          -0.018973,
          0.031269,
          3.639385
        ],
        [
          -0.036411,
          -0.596878,
          0.801506,
          1.573405
        ],
        [
          0.003456,
          -0.802108,
          -0.597169,
          1.275489
        ],
        [
          0.0,
          0.0,
          0.0,
          1.0
        ]
      ]
    },
    {
      "file_path": "/media/NFS/ttao/scannet/posed_images/scene0423_00/00020.jpg",
      "transform_matrix": [
        [
          0.998565,
          -0.032926,
          0.042237,
          3.643507
        ],
        [
          -0.053554,
          -0.611171,
          0.789685,
          1.579147
        ],
        [
          -0.000187,
          -0.790813,
          -0.612057,
          1.275279
        ],
        [
          0.0,
          0.0,
          0.0,
          1.0
        ]
      ]
    },
    {
      "file_path": "/media/NFS/ttao/scannet/posed_images/scene0423_00/00023.jpg",
      "transform_matrix": [
        [
          0.997483,
          -0.042187,
          0.056982,
          3.652844
        ],
        [
          -0.070841,
          -0.625754,
          0.776797,
          1.576965
        ],
        [
          0.002886,
          -0.778879,
          -0.627167,
          1.264052
        ],
        [
          0.0,
          0.0,
          0.0,
          1.0
        ]
      ]
    },
    {
      "file_path": "/media/NFS/ttao/scannet/posed_images/scene0423_00/00026.jpg",
      "transform_matrix": [
        [
          0.996265,
          -0.046047,
          0.073048,
          3.657269
        ],
        [
          -0.08545,
          -0.647544,
          0.757222,
          1.573584
        ],
        [
          0.012434,
          -0.760636,
          -0.64906,
          1.253597
        ],
        [
          0.0,
          0.0,
          0.0,
          1.0
        ]
      ]
    },
    {
      "file_path": "/media/NFS/ttao/scannet/posed_images/scene0423_00/00029.jpg",
      "transform_matrix": [
        [
          0.995414,
          -0.044564,
          0.084648,
          3.657604
        ],
        [
          -0.0928,
          -0.664676,
          0.741347,
          1.565276
        ],
        [
          0.023226,
          -0.745802,
          -0.665763,
          1.245124
        ],
        [
          0.0,
          0.0,
          0.0,
          1.0
        ]
      ]
    },
    {
      "file_path": "/media/NFS/ttao/scannet/posed_images/scene0423_00/00032.jpg",
      "transform_matrix": [
        [
          0.995176,
          -0.045816,
          0.086754,
          3.657721
        ],
        [
          -0.094737,
          -0.678615,
          0.728359,
          1.554338
        ],
        [
          0.025502,
          -0.733064,
          -0.679682,
          1.244
        ],
        [
          0.0,
          0.0,
          0.0,
          1.0
        ]
      ]
    },
    {
      "file_path": "/media/NFS/ttao/scannet/posed_images/scene0423_00/00034.jpg",
      "transform_matrix": [
        [
          0.995101,
          -0.046983,
          0.08698,
          3.652555
        ],
        [
          -0.09557,
          -0.682227,
          0.724867,
          1.542318
        ],
        [
          0.025283,
          -0.729629,
          -0.683375,
          1.242052
        ],
        [
          0.0,
          0.0,
          0.0,
          1.0
        ]
      ]
    },
    {
      "file_path": "/media/NFS/ttao/scannet/posed_images/scene0423_00/00037.jpg",
      "transform_matrix": [
        [
          0.995263,
          -0.046668,
          0.085282,
          3.641027
        ],
        [
          -0.093883,
          -0.689116,
          0.718544,
          1.519755
        ],
        [
          0.025236,
          -0.723146,
          -0.690234,
          1.239902
        ],
        [
          0.0,
          0.0,
          0.0,
          1.0
        ]
      ]
    },
    {
      "file_path": "/media/NFS/ttao/scannet/posed_images/scene0423_00/00039.jpg",
      "transform_matrix": [
        [
          0.995602,
          -0.045496,
          0.081894,
          3.630304
        ],
        [
          -0.090623,
          -0.689289,
          0.718796,
          1.50154
        ],
        [
          0.023746,
          -0.723057,
          -0.69038,
          1.239461
        ],
        [
          0.0,
          0.0,
          0.0,
          1.0
        ]
      ]
    },
    {
      "file_path": "/media/NFS/ttao/scannet/posed_images/scene0423_00/00040.jpg",
      "transform_matrix": [
        [
          0.996377,
          -0.038352,
          0.075904,
          3.633288
        ],
        [
          -0.081402,
          -0.688455,
          0.720697,
          1.488954
        ],
        [
          0.024617,
          -0.724265,
          -0.689083,
          1.238578
        ],
        [
          0.0,
          0.0,
          0.0,
          1.0
        ]
      ]
    },
    {
      "file_path": "/media/NFS/ttao/scannet/posed_images/scene0423_00/00043.jpg",
      "transform_matrix": [
        [
          0.997577,
          -0.032519,
          0.061499,
          3.616294
        ],
        [
          -0.067065,
          -0.6845,
          0.725922,
          1.452307
        ],
        [
          0.01849,
          -0.728288,
          -0.685022,
          1.241848
        ],
        [
          0.0,
          0.0,
          0.0,
          1.0
        ]
      ]
    },
    {
      "file_path": "/media/NFS/ttao/scannet/posed_images/scene0423_00/00047.jpg",
      "transform_matrix": [
        [
          0.998825,
          -0.019036,
          0.04457,
          3.581613
        ],
        [
          -0.045762,
          -0.673285,
          0.737966,
          1.39413
        ],
        [
          0.015961,
          -0.739138,
          -0.673365,
          1.242381
        ],
        [
          0.0,
          0.0,
          0.0,
          1.0
        ]
      ]
    },
    {
      "file_path": "/media/NFS/ttao/scannet/posed_images/scene0423_00/00048.jpg",
      "transform_matrix": [
        [
          0.999123,
          -0.014129,
          0.039405,
          3.573113
        ],
        [
          -0.03868,
          -0.671524,
          0.739973,
          1.379874
        ],
        [
          0.016006,
          -0.740848,
          -0.671481,
          1.241646
        ],
        [
          0.0,
          0.0,
          0.0,
          1.0
        ]
      ]
    },
    {
      "file_path": "/media/NFS/ttao/scannet/posed_images/scene0423_00/00052.jpg",
      "transform_matrix": [
        [
          0.999843,
          0.014677,
          0.009945,
          3.554478
        ],
        [
          0.002364,
          -0.666283,
          0.745696,
          1.319618
        ],
        [
          0.01757,
          -0.745555,
          -0.666212,
          1.239782
        ],
        [
          0.0,
          0.0,
          0.0,
          1.0
        ]
      ]
    },
    {
      "file_path": "/media/NFS/ttao/scannet/posed_images/scene0423_00/00053.jpg",
      "transform_matrix": [
        [
          0.999801,
          0.019522,
          0.004092,
          3.548327
        ],
        [
          0.009955,
          -0.666149,
          0.745752,
          1.307075
        ],
        [
          0.017285,
          -0.745563,
          -0.666211,
          1.241007
        ],
        [
          0.0,
          0.0,
          0.0,
          1.0
        ]
      ]
    },
    {
      "file_path": "/media/NFS/ttao/scannet/posed_images/scene0423_00/00057.jpg",
      "transform_matrix": [
        [
          0.999353,
          0.035096,
          -0.0079,
          3.524927
        ],
        [
          0.029402,
          -0.670317,
          0.741492,
          1.266999
        ],
        [
          0.020728,
          -0.741244,
          -0.670915,
          1.24598
        ],
        [
          0.0,
          0.0,
          0.0,
          1.0
        ]
      ]
    },
    {
      "file_path": "/media/NFS/ttao/scannet/posed_images/scene0423_00/00060.jpg",
      "transform_matrix": [
        [
          0.998586,
          0.052231,
          -0.009886,
          3.510764
        ],
        [
          0.042043,
          -0.662197,
          0.74815,
          1.232034
        ],
        [
          0.03253,
          -0.747507,
          -0.663457,
          1.240454
        ],
        [
          0.0,
          0.0,
          0.0,
          1.0
        ]
      ]
    },
    {
      "file_path": "/media/NFS/ttao/scannet/posed_images/scene0423_00/00062.jpg",
      "transform_matrix": [
        [
          0.998125,
          0.059891,
          -0.01266,
          3.503253
        ],
        [
          0.049068,
          -0.659109,
          0.750446,
          1.212524
        ],
        [
          0.0366,
          -0.749659,
          -0.660811,
          1.240311
        ],
        [
          0.0,
          0.0,
          0.0,
          1.0
        ]
      ]
    },
    {
      "file_path": "/media/NFS/ttao/scannet/posed_images/scene0423_00/00064.jpg",
      "transform_matrix": [
        [
          0.99767,
          0.063552,
          -0.024828,
          3.508187
        ],
        [
          0.060601,
          -0.658188,
          0.750411,
          1.191951
        ],
        [
          0.031349,
          -0.750166,
          -0.660506,
          1.237804
        ],
        [
          0.0,
          0.0,
          0.0,
          1.0
        ]
      ]
    },
    {
      "file_path": "/media/NFS/ttao/scannet/posed_images/scene0423_00/00066.jpg",
      "transform_matrix": [
        [
          0.997315,
          0.063024,
          -0.037283,
          3.513344
        ],
        [
          0.069632,
          -0.658688,
          0.749188,
          1.171474
        ],
        [
          0.022658,
          -0.749772,
          -0.661308,
          1.235487
        ],
        [
          0.0,
          0.0,
          0.0,
          1.0
        ]
      ]
    },
    {
      "file_path": "/media/NFS/ttao/scannet/posed_images/scene0423_00/00070.jpg",
      "transform_matrix": [
        [
          0.996018,
          0.062807,
          -0.063281,
          3.512452
        ],
        [
          0.089027,
          -0.662144,
          0.74407,
          1.122698
        ],
        [
          0.004831,
          -0.74674,
          -0.665098,
          1.229992
        ],
        [
          0.0,
          0.0,
          0.0,
          1.0
        ]
      ]
    },
    {
      "file_path": "/media/NFS/ttao/scannet/posed_images/scene0423_00/00071.jpg",
      "transform_matrix": [
        [
          0.995519,
          0.063909,
          -0.069696,
          3.509346
        ],
        [
          0.094552,
          -0.662073,
          0.743451,
          1.107867
        ],
        [
          0.001369,
          -0.746709,
          -0.665149,
          1.230215
        ],
        [
          0.0,
          0.0,
          0.0,
          1.0
        ]
      ]
    },
    {
      "file_path": "/media/NFS/ttao/scannet/posed_images/scene0423_00/00074.jpg",
      "transform_matrix": [
        [
          0.993578,
          0.074932,
          -0.084782,
          3.509171
        ],
        [
          0.113149,
          -0.66142,
          0.741432,
          1.060087
        ],
        [
          -0.00052,
          -0.746263,
          -0.665651,
          1.225185
        ],
        [
          0.0,
          0.0,
          0.0,
          1.0
        ]
      ]
    },
    {
      "file_path": "/media/NFS/ttao/scannet/posed_images/scene0423_00/00078.jpg",
      "transform_matrix": [
        [
          0.991902,
          0.081667,
          -0.097263,
          3.50108
        ],
        [
          0.126891,
          -0.669351,
          0.732031,
          1.00536
        ],
        [
          -0.00532,
          -0.738445,
          -0.674293,
          1.226486
        ],
        [
          0.0,
          0.0,
          0.0,
          1.0
        ]
      ]
    },
    {
      "file_path": "/media/NFS/ttao/scannet/posed_images/scene0423_00/00080.jpg",
      "transform_matrix": [
        [
          0.990396,
          0.085579,
          -0.108592,
          3.49567
        ],
        [
          0.137801,
          -0.674915,
          0.724914,
          0.981575
        ],
        [
          -0.011253,
          -0.732916,
          -0.680226,
          1.228582
        ],
        [
          0.0,
          0.0,
          0.0,
          1.0
        ]
      ]
    },
    {
      "file_path": "/media/NFS/ttao/scannet/posed_images/scene0423_00/00083.jpg",
      "transform_matrix": [
        [
          0.985274,
          0.104166,
          -0.135592,
          3.485685
        ],
        [
          0.170119,
          -0.676884,
          0.716162,
          0.95197
        ],
        [
          -0.01718,
          -0.728682,
          -0.684637,
          1.239117
        ],
        [
          0.0,
          0.0,
          0.0,
          1.0
        ]
      ]
    },
    {
      "file_path": "/media/NFS/ttao/scannet/posed_images/scene0423_00/00086.jpg",
      "transform_matrix": [
        [
          0.981124,
          0.11906,
          -0.152382,
          3.464834
        ],
        [
          0.192682,
          -0.668746,
          0.71809,
          0.922241
        ],
        [
          -0.016409,
          -0.733897,
          -0.679063,
          1.246349
        ],
        [
          0.0,
          0.0,
          0.0,
          1.0
        ]
      ]
    },
    {
      "file_path": "/media/NFS/ttao/scannet/posed_images/scene0423_00/00087.jpg",
      "transform_matrix": [
        [
          0.979578,
          0.126212,
          -0.156517,
          3.461221
        ],
        [
          0.200609,
          -0.665856,
          0.718604,
          0.915093
        ],
        [
          -0.013521,
          -0.735327,
          -0.677577,
          1.24895
        ],
        [
          0.0,
          0.0,
          0.0,
          1.0
        ]
      ]
    },
    {
      "file_path": "/media/NFS/ttao/scannet/posed_images/scene0423_00/00089.jpg",
      "transform_matrix": [
        [
          0.978204,
          0.138116,
          -0.155052,
          3.437736
        ],
        [
          0.207642,
          -0.655701,
          0.725907,
          0.894744
        ],
        [
          -0.001408,
          -0.74228,
          -0.670088,
          1.251281
        ],
        [
          0.0,
          0.0,
          0.0,
          1.0
        ]
      ]
    },
    {
      "file_path": "/media/NFS/ttao/scannet/posed_images/scene0423_00/00093.jpg",
      "transform_matrix": [
        [
          0.969402,
          0.167005,
          -0.179915,
          3.395366
        ],
        [
          0.245281,
          -0.629562,
          0.737217,
          0.858905
        ],
        [
          0.009851,
          -0.75879,
          -0.651261,
          1.249451
        ],
        [
          0.0,
          0.0,
          0.0,
          1.0
        ]
      ]
    },
    {
      "file_path": "/media/NFS/ttao/scannet/posed_images/scene0423_00/00094.jpg",
      "transform_matrix": [
        [
          0.96756,
          0.172282,
          -0.184789,
          3.374965
        ],
        [
          0.252424,
          -0.628836,
          0.735423,
          0.849714
        ],
        [
          0.010498,
          -0.758211,
          -0.651925,
          1.25007
        ],
        [
          0.0,
          0.0,
          0.0,
          1.0
        ]
      ]
    },
    {
      "file_path": "/media/NFS/ttao/scannet/posed_images/scene0423_00/00098.jpg",
      "transform_matrix": [
        [
          0.957716,
          0.18572,
          -0.219745,
          3.304509
        ],
        [
          0.287685,
          -0.628993,
          0.722222,
          0.821307
        ],
        [
          -0.004087,
          -0.754902,
          -0.655826,
          1.262562
        ],
        [
          0.0,
          0.0,
          0.0,
          1.0
        ]
      ]
    },
    {
      "file_path": "/media/NFS/ttao/scannet/posed_images/scene0423_00/00100.jpg",
      "transform_matrix": [
        [
          0.959822,
          0.171592,
          -0.22203,
          3.234675
        ],
        [
          0.280242,
          -0.626582,
          0.727227,
          0.799941
        ],
        [
          -0.014334,
          -0.760231,
          -0.649495,
          1.2707
        ],
        [
          0.0,
          0.0,
          0.0,
          1.0
        ]
      ]
    },
    {
      "file_path": "/media/NFS/ttao/scannet/posed_images/scene0423_00/00102.jpg",
      "transform_matrix": [
        [
          0.955495,
          0.17876,
          -0.234679,
          3.207045
        ],
        [
          0.294388,
          -0.629286,
          0.71926,
          0.7932
        ],
        [
          -0.019105,
          -0.756336,
          -0.653905,
          1.278913
        ],
        [
          0.0,
          0.0,
          0.0,
          1.0
        ]
      ]
    },
    {
      "file_path": "/media/NFS/ttao/scannet/posed_images/scene0423_00/00106.jpg",
      "transform_matrix": [
        [
          0.951971,
          0.166055,
          -0.257248,
          3.169772
        ],
        [
          0.304684,
          -0.596909,
          0.742204,
          0.796791
        ],
        [
          -0.030307,
          -0.784937,
          -0.618834,
          1.311701
        ],
        [
          0.0,
          0.0,
          0.0,
          1.0
        ]
      ]
    },
    {
      "file_path": "/media/NFS/ttao/scannet/posed_images/scene0423_00/00109.jpg",
      "transform_matrix": [
        [
          0.955008,
          0.156851,
          -0.251708,
          3.141935
        ],
        [
          0.29596,
          -0.5588,
          0.774693,
          0.796949
        ],
        [
          -0.019143,
          -0.814334,
          -0.580081,
          1.323221
        ],
        [
          0.0,
          0.0,
          0.0,
          1.0
        ]
      ]
    },
    {
      "file_path": "/media/NFS/ttao/scannet/posed_images/scene0423_00/00111.jpg",
      "transform_matrix": [
        [
          0.959352,
          0.153656,
          -0.236712,
          3.101888
        ],
        [
          0.282158,
          -0.538419,
          0.794035,
          0.796572
        ],
        [
          -0.005442,
          -0.82855,
          -0.559889,
          1.327485
        ],
        [
          0.0,
          0.0,
          0.0,
          1.0
        ]
      ]
    },
    {
      "file_path": "/media/NFS/ttao/scannet/posed_images/scene0423_00/00114.jpg",
      "transform_matrix": [
        [
          0.960056,
          0.154661,
          -0.233177,
          3.068237
        ],
        [
          0.279766,
          -0.516503,
          0.809293,
          0.812912
        ],
        [
          0.004729,
          -0.842202,
          -0.539141,
          1.335885
        ],
        [
          0.0,
          0.0,
          0.0,
          1.0
        ]
      ]
    },
    {
      "file_path": "/media/NFS/ttao/scannet/posed_images/scene0423_00/00116.jpg",
      "transform_matrix": [
        [
          0.961021,
          0.148502,
          -0.233205,
          3.046163
        ],
        [
          0.276439,
          -0.502824,
          0.818993,
          0.826796
        ],
        [
          0.004361,
          -0.851537,
          -0.524276,
          1.338722
        ],
        [
          0.0,
          0.0,
          0.0,
          1.0
        ]
      ]
    },
    {
      "file_path": "/media/NFS/ttao/scannet/posed_images/scene0423_00/00119.jpg",
      "transform_matrix": [
        [
          0.962548,
          0.127485,
          -0.239266,
          3.010146
        ],
        [
          0.270947,
          -0.482881,
          0.832715,
          0.854284
        ],
        [
          -0.009378,
          -0.866357,
          -0.499338,
          1.347401
        ],
        [
          0.0,
          0.0,
          0.0,
          1.0
        ]
      ]
    },
    {
      "file_path": "/media/NFS/ttao/scannet/posed_images/scene0423_00/00121.jpg",
      "transform_matrix": [
        [
          0.962562,
          0.115846,
          -0.24506,
          2.992715
        ],
        [
          0.27058,
          -0.464538,
          0.843203,
          0.87423
        ],
        [
          -0.016158,
          -0.877944,
          -0.478492,
          1.35131
        ],
        [
          0.0,
          0.0,
          0.0,
          1.0
        ]
      ]
    },
    {
      "file_path": "/media/NFS/ttao/scannet/posed_images/scene0423_00/00123.jpg",
      "transform_matrix": [
        [
          0.967193,
          0.107917,
          -0.229983,
          2.966287
        ],
        [
          0.253792,
          -0.450779,
          0.855797,
          0.891083
        ],
        [
          -0.011316,
          -0.886088,
          -0.463378,
          1.346215
        ],
        [
          0.0,
          0.0,
          0.0,
          1.0
        ]
      ]
    },
    {
      "file_path": "/media/NFS/ttao/scannet/posed_images/scene0423_00/00127.jpg",
      "transform_matrix": [
        [
          0.974902,
          0.104623,
          -0.196519,
          2.909454
        ],
        [
          0.222632,
          -0.461693,
          0.858647,
          0.936905
        ],
        [
          -0.000898,
          -0.880848,
          -0.473398,
          1.354076
        ],
        [
          0.0,
          0.0,
          0.0,
          1.0
        ]
      ]
    },
    {
      "file_path": "/media/NFS/ttao/scannet/posed_images/scene0423_00/00129.jpg",
      "transform_matrix": [
        [
          0.976691,
          0.107958,
          -0.185524,
          2.884463
        ],
        [
          0.214581,
          -0.469359,
          0.856538,
          0.954698
        ],
        [
          0.005393,
          -0.876383,
          -0.481585,
          1.357137
        ],
        [
          0.0,
          0.0,
          0.0,
          1.0
        ]
      ]
    },
    {
      "file_path": "/media/NFS/ttao/scannet/posed_images/scene0423_00/00130.jpg",
      "transform_matrix": [
        [
          0.978716,
          0.106691,
          -0.175303,
          2.86817
        ],
        [
          0.205047,
          -0.473572,
          0.856554,
          0.966753
        ],
        [
          0.008368,
          -0.874269,
          -0.48537,
          1.360459
        ],
        [
          0.0,
          0.0,
          0.0,
          1.0
        ]
      ]
    },
    {
      "file_path": "/media/NFS/ttao/scannet/posed_images/scene0423_00/00134.jpg",
      "transform_matrix": [
        [
          0.984094,
          0.098497,
          -0.147841,
          2.815281
        ],
        [
          0.176938,
          -0.469163,
          0.865205,
          0.996872
        ],
        [
          0.015858,
          -0.877601,
          -0.479129,
          1.36357
        ],
        [
          0.0,
          0.0,
          0.0,
          1.0
        ]
      ]
    },
    {
      "file_path": "/media/NFS/ttao/scannet/posed_images/scene0423_00/00135.jpg",
      "transform_matrix": [
        [
          0.98572,
          0.096869,
          -0.137743,
          2.801076
        ],
        [
          0.167298,
          -0.470154,
          0.866584,
          1.004017
        ],
        [
          0.019185,
          -0.877253,
          -0.479646,
          1.362041
        ],
        [
          0.0,
          0.0,
          0.0,
          1.0
        ]
      ]
    },
    {
      "file_path": "/media/NFS/ttao/scannet/posed_images/scene0423_00/00138.jpg",
      "transform_matrix": [
        [
          0.990936,
          0.089818,
          -0.099896,
          2.755508
        ],
        [
          0.130952,
          -0.47996,
          0.867462,
          1.022247
        ],
        [
          0.029968,
          -0.87268,
          -0.487372,
          1.360832
        ],
        [
          0.0,
          0.0,
          0.0,
          1.0
        ]
      ]
    },
    {
      "file_path": "/media/NFS/ttao/scannet/posed_images/scene0423_00/00142.jpg",
      "transform_matrix": [
        [
          0.997116,
          0.062549,
          -0.04298,
          2.659328
        ],
        [
          0.068007,
          -0.48505,
          0.871838,
          1.046477
        ],
        [
          0.033685,
          -0.872246,
          -0.487905,
          1.362185
        ],
        [
          0.0,
          0.0,
          0.0,
          1.0
        ]
      ]
    },
    {
      "file_path": "/media/NFS/ttao/scannet/posed_images/scene0423_00/00144.jpg",
      "transform_matrix": [
        [
          0.998473,
          0.045934,
          -0.030682,
          2.622452
        ],
        [
          0.049217,
          -0.48759,
          0.871684,
          1.058932
        ],
        [
          0.02508,
          -0.871863,
          -0.489106,
          1.365692
        ],
        [
          0.0,
          0.0,
          0.0,
          1.0
        ]
      ]
    },
    {
      "file_path": "/media/NFS/ttao/scannet/posed_images/scene0423_00/00147.jpg",
      "transform_matrix": [
        [
          0.999149,
          0.03334,
          -0.024276,
          2.568882
        ],
        [
          0.037562,
          -0.492659,
          0.869411,
          1.075487
        ],
        [
          0.017026,
          -0.869584,
          -0.493492,
          1.368025
        ],
        [
          0.0,
          0.0,
          0.0,
          1.0
        ]
      ]
    },
    {
      "file_path": "/media/NFS/ttao/scannet/posed_images/scene0423_00/00149.jpg",
      "transform_matrix": [
        [
          0.99902,
          0.03529,
          -0.026732,
          2.541837
        ],
        [
          0.040705,
          -0.494759,
          0.868077,
          1.086519
        ],
        [
          0.017409,
          -0.868314,
          -0.49571,
          1.367548
        ],
        [
          0.0,
          0.0,
          0.0,
          1.0
        ]
      ]
    },
    {
      "file_path": "/media/NFS/ttao/scannet/posed_images/scene0423_00/00152.jpg",
      "transform_matrix": [
        [
          0.998805,
          0.045191,
          -0.018611,
          2.498628
        ],
        [
          0.039246,
          -0.514689,
          0.856478,
          1.113791
        ],
        [
          0.029126,
          -0.856185,
          -0.515848,
          1.36136
        ],
        [
          0.0,
          0.0,
          0.0,
          1.0
        ]
      ]
    },
    {
      "file_path": "/media/NFS/ttao/scannet/posed_images/scene0423_00/00153.jpg",
      "transform_matrix": [
        [
          0.998667,
          0.048754,
          -0.016952,
          2.487393
        ],
        [
          0.039982,
          -0.522948,
          0.851426,
          1.123544
        ],
        [
          0.032645,
          -0.850969,
          -0.5242,
          1.363047
        ],
        [
          0.0,
          0.0,
          0.0,
          1.0
        ]
      ]
    },
    {
      "file_path": "/media/NFS/ttao/scannet/posed_images/scene0423_00/00157.jpg",
      "transform_matrix": [
        [
          0.998007,
          0.0631,
          -0.000768,
          2.452174
        ],
        [
          0.03498,
          -0.543038,
          0.838979,
          1.154554
        ],
        [
          0.052523,
          -0.837334,
          -0.544163,
          1.351885
        ],
        [
          0.0,
          0.0,
          0.0,
          1.0
        ]
      ]
    },
    {
      "file_path": "/media/NFS/ttao/scannet/posed_images/scene0423_00/00158.jpg",
      "transform_matrix": [
        [
          0.997738,
          0.067012,
          0.005279,
          2.445457
        ],
        [
          0.032338,
          -0.547353,
          0.836277,
          1.16052
        ],
        [
          0.05893,
          -0.834214,
          -0.548282,
          1.346035
        ],
        [
          0.0,
          0.0,
          0.0,
          1.0
        ]
      ]
    },
    {
      "file_path": "/media/NFS/ttao/scannet/posed_images/scene0423_00/00162.jpg",
      "transform_matrix": [
        [
          0.997544,
          0.064743,
          0.026726,
          2.420984
        ],
        [
          0.015587,
          -0.577196,
          0.816457,
          1.201384
        ],
        [
          0.068286,
          -0.814036,
          -0.576787,
          1.330789
        ],
        [
          0.0,
          0.0,
          0.0,
          1.0
        ]
      ]
    },
    {
      "file_path": "/media/NFS/ttao/scannet/posed_images/scene0423_00/00165.jpg",
      "transform_matrix": [
        [
          0.998614,
          0.040667,
          0.033414,
          2.416615
        ],
        [
          -0.003064,
          -0.588853,
          0.808235,
          1.227267
        ],
        [
          0.052545,
          -0.807217,
          -0.587912,
          1.328684
        ],
        [
          0.0,
          0.0,
          0.0,
          1.0
        ]
      ]
    },
    {
      "file_path": "/media/NFS/ttao/scannet/posed_images/scene0423_00/00166.jpg",
      "transform_matrix": [
        [
          0.998804,
          0.028796,
          0.03951,
          2.417896
        ],
        [
          -0.014804,
          -0.592059,
          0.805759,
          1.234213
        ],
        [
          0.046595,
          -0.80538,
          -0.590925,
          1.329018
        ],
        [
          0.0,
          0.0,
          0.0,
          1.0
        ]
      ]
    },
    {
      "file_path": "/media/NFS/ttao/scannet/posed_images/scene0423_00/00170.jpg",
      "transform_matrix": [
        [
          0.997021,
          -0.015351,
          0.075581,
          2.421928
        ],
        [
          -0.070607,
          -0.575965,
          0.81442,
          1.263822
        ],
        [
          0.031029,
          -0.817331,
          -0.575333,
          1.347439
        ],
        [
          0.0,
          0.0,
          0.0,
          1.0
        ]
      ]
    },
    {
      "file_path": "/media/NFS/ttao/scannet/posed_images/scene0423_00/00173.jpg",
      "transform_matrix": [
        [
          0.995163,
          -0.023226,
          0.095448,
          2.418629
        ],
        [
          -0.092248,
          -0.554934,
          0.826764,
          1.262962
        ],
        [
          0.033765,
          -0.83157,
          -0.554393,
          1.351025
        ],
        [
          0.0,
          0.0,
          0.0,
          1.0
        ]
      ]
    },
    {
      "file_path": "/media/NFS/ttao/scannet/posed_images/scene0423_00/00175.jpg",
      "transform_matrix": [
        [
          0.995034,
          -0.02199,
          0.097078,
          2.419419
        ],
        [
          -0.093196,
          -0.548376,
          0.831023,
          1.260063
        ],
        [
          0.034961,
          -0.835943,
          -0.547702,
          1.352596
        ],
        [
          0.0,
          0.0,
          0.0,
          1.0
        ]
      ]
    },
    {
      "file_path": "/media/NFS/ttao/scannet/posed_images/scene0423_00/00176.jpg",
      "transform_matrix": [
        [
          0.995141,
          -0.019937,
          0.096422,
          2.419752
        ],
        [
          -0.091597,
          -0.546718,
          0.832292,
          1.25847
        ],
        [
          0.036122,
          -0.837079,
          -0.545888,
          1.354609
        ],
        [
          0.0,
          0.0,
          0.0,
          1.0
        ]
      ]
    },
    {
      "file_path": "/media/NFS/ttao/scannet/posed_images/scene0423_00/00180.jpg",
      "transform_matrix": [
        [
          0.996224,
          -0.004211,
          0.086722,
          2.423107
        ],
        [
          -0.076092,
          -0.523367,
          0.848703,
          1.241744
        ],
        [
          0.041814,
          -0.852097,
          -0.521711,
          1.371204
        ],
        [
          0.0,
          0.0,
          0.0,
          1.0
        ]
      ]
    },
    {
      "file_path": "/media/NFS/ttao/scannet/posed_images/scene0423_00/00183.jpg",
      "transform_matrix": [
        [
          0.997305,
          0.005583,
          0.073156,
          2.434997
        ],
        [
          -0.060244,
          -0.50681,
          0.85995,
          1.220018
        ],
        [
          0.041877,
          -0.86204,
          -0.505108,
          1.371927
        ],
        [
          0.0,
          0.0,
          0.0,
          1.0
        ]
      ]
    },
    {
      "file_path": "/media/NFS/ttao/scannet/posed_images/scene0423_00/00184.jpg",
      "transform_matrix": [
        [
          0.997243,
          0.009911,
          0.073533,
          2.441309
        ],
        [
          -0.058546,
          -0.503705,
          0.861889,
          1.211912
        ],
        [
          0.045581,
          -0.863819,
          -0.501736,
          1.370334
        ],
        [
          0.0,
          0.0,
          0.0,
          1.0
        ]
      ]
    },
    {
      "file_path": "/media/NFS/ttao/scannet/posed_images/scene0423_00/00186.jpg",
      "transform_matrix": [
        [
          0.996665,
          0.016329,
          0.079949,
          2.449328
        ],
        [
          -0.060946,
          -0.502528,
          0.86241,
          1.196277
        ],
        [
          0.054259,
          -0.864407,
          -0.499857,
          1.362523
        ],
        [
          0.0,
          0.0,
          0.0,
          1.0
        ]
      ]
    },
    {
      "file_path": "/media/NFS/ttao/scannet/posed_images/scene0423_00/00190.jpg",
      "transform_matrix": [
        [
          0.994488,
          0.004916,
          0.104731,
          2.47104
        ],
        [
          -0.086698,
          -0.523157,
          0.847815,
          1.185285
        ],
        [
          0.058958,
          -0.852222,
          -0.519848,
          1.357785
        ],
        [
          0.0,
          0.0,
          0.0,
          1.0
        ]
      ]
    },
    {
      "file_path": "/media/NFS/ttao/scannet/posed_images/scene0423_00/00193.jpg",
      "transform_matrix": [
        [
          0.994249,
          -0.026834,
          0.103674,
          2.492132
        ],
        [
          -0.101808,
          -0.537152,
          0.837319,
          1.18205
        ],
        [
          0.03322,
          -0.843059,
          -0.536794,
          1.358113
        ],
        [
          0.0,
          0.0,
          0.0,
          1.0
        ]
      ]
    },
    {
      "file_path": "/media/NFS/ttao/scannet/posed_images/scene0423_00/00196.jpg",
      "transform_matrix": [
        [
          0.993549,
          -0.044033,
          0.104506,
          2.516421
        ],
        [
          -0.111956,
          -0.527625,
          0.842068,
          1.180447
        ],
        [
          0.018061,
          -0.848336,
          -0.529151,
          1.360094
        ],
        [
          0.0,
          0.0,
          0.0,
          1.0
        ]
      ]
    },
    {
      "file_path": "/media/NFS/ttao/scannet/posed_images/scene0423_00/00198.jpg",
      "transform_matrix": [
        [
          0.992913,
          -0.04952,
          0.108036,
          2.537719
        ],
        [
          -0.117849,
          -0.527686,
          0.841225,
          1.179775
        ],
        [
          0.015352,
          -0.847995,
          -0.529783,
          1.36108
        ],
        [
          0.0,
          0.0,
          0.0,
