{
  "frames": [
    {
      "file_path": "/media/NFS/ttao/scannet/posed_images/scene0544_00/00002.jpg",
      "transform_matrix": [
        [
          0.998161,
          -0.013455,
          -0.059111,
          2.285027
        ],
        [
          0.047276,
          -0.43759,
          0.897931,
          1.505095
        ],
        [
          -0.037948,
          -0.899074,
          -0.436149,
          1.365319
        ],
        [
          0.0,
          0.0,
          0.0,
          1.0
        ]
      ]
    },
    {
      "file_path": "/media/NFS/ttao/scannet/posed_images/scene0544_00/00003.jpg",
      "transform_matrix": [
        [
          0.998306,
          -0.004995,
          -0.057973,
          2.292826
        ],
        [
          0.05021,
          -0.429564,
          0.90164,
          1.509463
        ],
        [
          -0.029406,
          -0.903023,
          -0.428585,
          1.365689
        ],
        [
          0.0,
          0.0,
          0.0,
          1.0
        ]
      ]
    },
    {
      "file_path": "/media/NFS/ttao/scannet/posed_images/scene0544_00/00008.jpg",
      "transform_matrix": [
        [
          0.997401,
          -0.001715,
          -0.072025,
          2.309989
        ],
        [
          0.064994,
          -0.409935,
          0.909796,
          1.520426
        ],
        [
          -0.031086,
          -0.912113,
          -0.408758,
          1.374027
        ],
        [
          0.0,
          0.0,
          0.0,
          1.0
        ]
      ]
    },
    {
      "file_path": "/media/NFS/ttao/scannet/posed_images/scene0544_00/00014.jpg",
      "transform_matrix": [
        [
          0.99473,
          0.000677,
          -0.102531,
          2.322218
        ],
        [
          0.094324,
          -0.398084,
          0.912487,
          1.531865
        ],
        [
          -0.040198,
          -0.917349,
          -0.39605,
          1.376393
        ],
        [
          0.0,
          0.0,
          0.0,
          1.0
        ]
      ]
    },
    {
      "file_path": "/media/NFS/ttao/scannet/posed_images/scene0544_00/00015.jpg",
      "transform_matrix": [
        [
          0.99435,
          0.003581,
          -0.106087,
          2.32356
        ],
        [
          0.098726,
          -0.398339,
          0.91191,
          1.533245
        ],
        [
          -0.038993,
          -0.917231,
          -0.396442,
          1.375895
        ],
        [
          0.0,
          0.0,
          0.0,
          1.0
        ]
      ]
    },
    {
      "file_path": "/media/NFS/ttao/scannet/posed_images/scene0544_00/00018.jpg",
      "transform_matrix": [
        [
          0.994115,
          0.006613,
          -0.108131,
          2.329278
        ],
        [
          0.101666,
          -0.401701,
          0.91011,
          1.537348
        ],
        [
          -0.037417,
          -0.915747,
          -0.400009,
          1.37295
        ],
        [
          0.0,
          0.0,
          0.0,
          1.0
        ]
      ]
    },
    {
      "file_path": "/media/NFS/ttao/scannet/posed_images/scene0544_00/00022.jpg",
      "transform_matrix": [
        [
          0.996567,
          0.003423,
          -0.082719,
          2.342013
        ],
        [
          0.077223,
          -0.398645,
          0.913848,
          1.546468
        ],
        [
          -0.029847,
          -0.917099,
          -0.397541,
          1.374834
        ],
        [
          0.0,
          0.0,
          0.0,
          1.0
        ]
      ]
    },
    {
      "file_path": "/media/NFS/ttao/scannet/posed_images/scene0544_00/00028.jpg",
      "transform_matrix": [
        [
          0.998971,
          -0.017215,
          -0.041948,
          2.354117
        ],
        [
          0.032068,
          -0.385807,
          0.922022,
          1.550288
        ],
        [
          -0.032056,
          -0.922419,
          -0.384858,
          1.377397
        ],
        [
          0.0,
          0.0,
          0.0,
          1.0
        ]
      ]
    },
    {
      "file_path": "/media/NFS/ttao/scannet/posed_images/scene0544_00/00031.jpg",
      "transform_matrix": [
        [
          0.999197,
          -0.025998,
          -0.03049,
          2.359969
        ],
        [
          0.018275,
          -0.381492,
          0.924192,
          1.555168
        ],
        [
          -0.035659,
          -0.924007,
          -0.38071,
          1.383461
        ],
        [
          0.0,
          0.0,
          0.0,
          1.0
        ]
      ]
    },
    {
      "file_path": "/media/NFS/ttao/scannet/posed_images/scene0544_00/00036.jpg",
      "transform_matrix": [
        [
          0.999372,
          -0.026661,
          -0.023365,
          2.368122
        ],
        [
          0.012306,
          -0.357193,
          0.93395,
          1.551702
        ],
        [
          -0.033246,
          -0.93365,
          -0.35664,
          1.388093
        ],
        [
          0.0,
          0.0,
          0.0,
          1.0
        ]
      ]
    },
    {
      "file_path": "/media/NFS/ttao/scannet/posed_images/scene0544_00/00037.jpg",
      "transform_matrix": [
        [
          0.99947,
          -0.023475,
          -0.022565,
          2.367523
        ],
        [
          0.012786,
          -0.354389,
          0.935011,
          1.550535
        ],
        [
          -0.029946,
          -0.934803,
          -0.353901,
          1.388716
        ],
        [
          0.0,
          0.0,
          0.0,
          1.0
        ]
      ]
    },
    {
      "file_path": "/media/NFS/ttao/scannet/posed_images/scene0544_00/00041.jpg",
      "transform_matrix": [
        [
          0.998937,
          -0.020036,
          -0.041515,
          2.370586
        ],
        [
          0.030708,
          -0.38246,
          0.923462,
          1.553094
        ],
        [
          -0.03438,
          -0.923755,
          -0.381438,
          1.384474
        ],
        [
          0.0,
          0.0,
          0.0,
          1.0
        ]
      ]
    },
    {
      "file_path": "/media/NFS/ttao/scannet/posed_images/scene0544_00/00045.jpg",
      "transform_matrix": [
        [
          0.996448,
          -0.00554,
          -0.084032,
          2.370952
        ],
        [
          0.073452,
          -0.430917,
          0.899397,
          1.552016
        ],
        [
          -0.041193,
          -0.902375,
          -0.428979,
          1.364208
        ],
        [
          0.0,
          0.0,
          0.0,
          1.0
        ]
      ]
    },
    {
      "file_path": "/media/NFS/ttao/scannet/posed_images/scene0544_00/00051.jpg",
      "transform_matrix": [
        [
          0.990838,
          0.022844,
          -0.133107,
          2.359792
        ],
        [
          0.12744,
          -0.48439,
          0.86552,
          1.552566
        ],
        [
          -0.044704,
          -0.874554,
          -0.482864,
          1.339727
        ],
        [
          0.0,
          0.0,
          0.0,
          1.0
        ]
      ]
    },
    {
      "file_path": "/media/NFS/ttao/scannet/posed_images/scene0544_00/00054.jpg",
      "transform_matrix": [
        [
          0.986415,
          0.032456,
          -0.161035,
          2.359978
        ],
        [
          0.156065,
          -0.491142,
          0.856985,
          1.552464
        ],
        [
          -0.051277,
          -0.870475,
          -0.489535,
          1.331719
        ],
        [
          0.0,
          0.0,
          0.0,
          1.0
        ]
      ]
    },
    {
      "file_path": "/media/NFS/ttao/scannet/posed_images/scene0544_00/00057.jpg",
      "transform_matrix": [
        [
          0.981258,
          0.044361,
          -0.187523,
          2.361428
        ],
        [
          0.184954,
          -0.489927,
          0.851918,
          1.553843
        ],
        [
          -0.05408,
          -0.870634,
          -0.488949,
          1.328496
        ],
        [
          0.0,
          0.0,
          0.0,
          1.0
        ]
      ]
    },
    {
      "file_path": "/media/NFS/ttao/scannet/posed_images/scene0544_00/00060.jpg",
      "transform_matrix": [
        [
          0.974832,
          0.06577,
          -0.213017,
          2.361911
        ],
        [
          0.217723,
          -0.486338,
          0.84621,
          1.55435
        ],
        [
          -0.047943,
          -0.871292,
          -0.488418,
          1.326245
        ],
        [
          0.0,
          0.0,
          0.0,
          1.0
        ]
      ]
    },
    {
      "file_path": "/media/NFS/ttao/scannet/posed_images/scene0544_00/00064.jpg",
      "transform_matrix": [
        [
          0.965534,
          0.102358,
          -0.239303,
          2.361156
        ],
        [
          0.258039,
          -0.496721,
          0.828664,
          1.552379
        ],
        [
          -0.034046,
          -0.861853,
          -0.506014,
          1.314729
        ],
        [
          0.0,
          0.0,
          0.0,
          1.0
        ]
      ]
    },
    {
      "file_path": "/media/NFS/ttao/scannet/posed_images/scene0544_00/00070.jpg",
      "transform_matrix": [
        [
          0.958966,
          0.122249,
          -0.255812,
          2.351911
        ],
        [
          0.28122,
          -0.524852,
          0.803397,
          1.558686
        ],
        [
          -0.036049,
          -0.842369,
          -0.537694,
          1.302253
        ],
        [
          0.0,
          0.0,
          0.0,
          1.0
        ]
      ]
    },
    {
      "file_path": "/media/NFS/ttao/scannet/posed_images/scene0544_00/00072.jpg",
      "transform_matrix": [
        [
          0.957329,
          0.126255,
          -0.259963,
          2.349951
        ],
        [
          0.286797,
          -0.525902,
          0.800734,
          1.564628
        ],
        [
          -0.035618,
          -0.841122,
          -0.539671,
          1.302934
        ],
        [
          0.0,
          0.0,
          0.0,
          1.0
        ]
      ]
    },
    {
      "file_path": "/media/NFS/ttao/scannet/posed_images/scene0544_00/00075.jpg",
      "transform_matrix": [
        [
          0.95562,
          0.134313,
          -0.262205,
          2.33925
        ],
        [
          0.293343,
          -0.516084,
          0.804741,
          1.56963
        ],
        [
          -0.027232,
          -0.845942,
          -0.53258,
          1.303017
        ],
        [
          0.0,
          0.0,
          0.0,
          1.0
        ]
      ]
    },
    {
      "file_path": "/media/NFS/ttao/scannet/posed_images/scene0544_00/00082.jpg",
      "transform_matrix": [
        [
          0.952199,
          0.138223,
          -0.272419,
          2.292545
        ],
        [
          0.30526,
          -0.464275,
          0.831423,
          1.581851
        ],
        [
          -0.011555,
          -0.874839,
          -0.484276,
          1.314142
        ],
        [
          0.0,
          0.0,
          0.0,
          1.0
        ]
      ]
    },
    {
      "file_path": "/media/NFS/ttao/scannet/posed_images/scene0544_00/00084.jpg",
      "transform_matrix": [
        [
          0.950778,
          0.138928,
          -0.276983,
          2.275692
        ],
        [
          0.309768,
          -0.449316,
          0.837949,
          1.585799
        ],
        [
          -0.008039,
          -0.882505,
          -0.470235,
          1.32266
        ],
        [
          0.0,
          0.0,
          0.0,
          1.0
        ]
      ]
    },
    {
      "file_path": "/media/NFS/ttao/scannet/posed_images/scene0544_00/00089.jpg",
      "transform_matrix": [
        [
          0.941391,
          0.134318,
          -0.30942,
          2.222993
        ],
        [
          0.337162,
          -0.402401,
          0.851114,
          1.594266
        ],
        [
          -0.010191,
          -0.905556,
          -0.424104,
          1.346167
        ],
        [
          0.0,
          0.0,
          0.0,
          1.0
        ]
      ]
    },
    {
      "file_path": "/media/NFS/ttao/scannet/posed_images/scene0544_00/00092.jpg",
      "transform_matrix": [
        [
          0.937272,
          0.126447,
          -0.324857,
          2.190679
        ],
        [
          0.348075,
          -0.390531,
          0.852249,
          1.594652
        ],
        [
          -0.019102,
          -0.911864,
          -0.410047,
          1.356479
        ],
        [
          0.0,
          0.0,
          0.0,
          1.0
        ]
      ]
    },
    {
      "file_path": "/media/NFS/ttao/scannet/posed_images/scene0544_00/00095.jpg",
      "transform_matrix": [
        [
          0.930408,
          0.120629,
          -0.346105,
          2.167509
        ],
        [
          0.365374,
          -0.380021,
          0.849757,
          1.596399
        ],
        [
          -0.029022,
          -0.917079,
          -0.397649,
          1.36281
        ],
        [
          0.0,
          0.0,
          0.0,
          1.0
        ]
      ]
    },
    {
      "file_path": "/media/NFS/ttao/scannet/posed_images/scene0544_00/00100.jpg",
      "transform_matrix": [
        [
          0.916722,
          0.119655,
          -0.381187,
          2.136451
        ],
        [
          0.39779,
          -0.362193,
          0.842958,
          1.59702
        ],
        [
          -0.037199,
          -0.924391,
          -0.379628,
          1.372516
        ],
        [
          0.0,
          0.0,
          0.0,
          1.0
        ]
      ]
    },
    {
      "file_path": "/media/NFS/ttao/scannet/posed_images/scene0544_00/00101.jpg",
      "transform_matrix": [
        [
          0.913224,
          0.120376,
          -0.389272,
          2.131583
        ],
        [
          0.405576,
          -0.360295,
          0.840057,
          1.596877
        ],
        [
          -0.03913,
          -0.925039,
          -0.377852,
          1.37457
        ],
        [
          0.0,
          0.0,
          0.0,
          1.0
        ]
      ]
    },
    {
      "file_path": "/media/NFS/ttao/scannet/posed_images/scene0544_00/00106.jpg",
      "transform_matrix": [
        [
          0.890477,
          0.126451,
          -0.437104,
          2.122086
        ],
        [
          0.452997,
          -0.337006,
          0.825361,
          1.602977
        ],
        [
          -0.042939,
          -0.932972,
          -0.357378,
          1.38018
        ],
        [
          0.0,
          0.0,
          0.0,
          1.0
        ]
      ]
    },
    {
      "file_path": "/media/NFS/ttao/scannet/posed_images/scene0544_00/00109.jpg",
      "transform_matrix": [
        [
          0.875052,
          0.128558,
          -0.466643,
          2.124148
        ],
        [
          0.481985,
          -0.31992,
          0.815685,
          1.611437
        ],
        [
          -0.044426,
          -0.938682,
          -0.34191,
          1.38612
        ],
        [
          0.0,
          0.0,
          0.0,
          1.0
        ]
      ]
    },
    {
      "file_path": "/media/NFS/ttao/scannet/posed_images/scene0544_00/00116.jpg",
      "transform_matrix": [
        [
          0.821065,
          0.134493,
          -0.554765,
          2.157219
        ],
        [
          0.569728,
          -0.25358,
          0.781734,
          1.634742
        ],
        [
          -0.03554,
          -0.957919,
          -0.28483,
          1.402454
        ],
        [
          0.0,
          0.0,
          0.0,
          1.0
        ]
      ]
    },
    {
      "file_path": "/media/NFS/ttao/scannet/posed_images/scene0544_00/00117.jpg",
      "transform_matrix": [
        [
          0.812696,
          0.138065,
          -0.566095,
          2.162747
        ],
        [
          0.581813,
          -0.245478,
          0.775393,
          1.639193
        ],
        [
          -0.031909,
          -0.95952,
          -0.279827,
          1.403978
        ],
        [
          0.0,
          0.0,
          0.0,
          1.0
        ]
      ]
    },
    {
      "file_path": "/media/NFS/ttao/scannet/posed_images/scene0544_00/00123.jpg",
      "transform_matrix": [
        [
          0.768356,
          0.135649,
          -0.625483,
          2.198935
        ],
        [
          0.63983,
          -0.186814,
          0.745465,
          1.667404
        ],
        [
          -0.015727,
          -0.972985,
          -0.230332,
          1.415814
        ],
        [
          0.0,
          0.0,
          0.0,
          1.0
        ]
      ]
    },
    {
      "file_path": "/media/NFS/ttao/scannet/posed_images/scene0544_00/00127.jpg",
      "transform_matrix": [
        [
          0.7426,
          0.139383,
          -0.65507,
          2.220358
        ],
        [
          0.669689,
          -0.165982,
          0.723855,
          1.687671
        ],
        [
          -0.007837,
          -0.976229,
          -0.216602,
          1.421076
        ],
        [
          0.0,
          0.0,
          0.0,
          1.0
        ]
      ]
    },
    {
      "file_path": "/media/NFS/ttao/scannet/posed_images/scene0544_00/00128.jpg",
      "transform_matrix": [
        [
          0.736164,
          0.140923,
          -0.661969,
          2.225446
        ],
        [
          0.676751,
          -0.165391,
          0.717394,
          1.69278
        ],
        [
          -0.008386,
          -0.976108,
          -0.217125,
          1.42359
        ],
        [
          0.0,
          0.0,
          0.0,
          1.0
        ]
      ]
    },
    {
      "file_path": "/media/NFS/ttao/scannet/posed_images/scene0544_00/00134.jpg",
      "transform_matrix": [
        [
          0.697005,
          0.174209,
          -0.695583,
          2.238579
        ],
        [
          0.717032,
          -0.178874,
          0.673699,
          1.71551
        ],
        [
          -0.007057,
          -0.968326,
          -0.249589,
          1.42099
        ],
        [
          0.0,
          0.0,
          0.0,
          1.0
        ]
      ]
    },
    {
      "file_path": "/media/NFS/ttao/scannet/posed_images/scene0544_00/00135.jpg",
      "transform_matrix": [
        [
          0.691778,
          0.178282,
          -0.699756,
          2.238873
        ],
        [
          0.722022,
          -0.185948,
          0.666414,
          1.719352
        ],
        [
          -0.011309,
          -0.96625,
          -0.257359,
          1.418772
        ],
        [
          0.0,
          0.0,
          0.0,
          1.0
        ]
      ]
    },
    {
      "file_path": "/media/NFS/ttao/scannet/posed_images/scene0544_00/00140.jpg",
      "transform_matrix": [
        [
          0.661013,
          0.224765,
          -0.715921,
          2.226412
        ],
        [
          0.75018,
          -0.219671,
          0.623678,
          1.740065
        ],
        [
          -0.017086,
          -0.949329,
          -0.313819,
          1.405208
        ],
        [
          0.0,
          0.0,
          0.0,
          1.0
        ]
      ]
    },
    {
      "file_path": "/media/NFS/ttao/scannet/posed_images/scene0544_00/00144.jpg",
      "transform_matrix": [
        [
          0.647602,
          0.268022,
          -0.713286,
          2.209265
        ],
        [
          0.761964,
          -0.233661,
          0.603998,
          1.754106
        ],
        [
          -0.004782,
          -0.934648,
          -0.355542,
          1.379087
        ],
        [
          0.0,
          0.0,
          0.0,
          1.0
        ]
      ]
    },
    {
      "file_path": "/media/NFS/ttao/scannet/posed_images/scene0544_00/00150.jpg",
      "transform_matrix": [
        [
          0.652115,
          0.317492,
          -0.688437,
          2.171996
        ],
        [
          0.758118,
          -0.275427,
          0.591098,
          1.775299
        ],
        [
          -0.001945,
          -0.90738,
          -0.420306,
          1.348563
        ],
        [
          0.0,
          0.0,
          0.0,
          1.0
        ]
      ]
    },
    {
      "file_path": "/media/NFS/ttao/scannet/posed_images/scene0544_00/00151.jpg",
      "transform_matrix": [
        [
          0.654082,
          0.322126,
          -0.684406,
          2.164954
        ],
        [
          0.756423,
          -0.279954,
          0.591143,
          1.776554
        ],
        [
          -0.001179,
          -0.904356,
          -0.426777,
          1.343376
        ],
        [
          0.0,
          0.0,
          0.0,
          1.0
        ]
      ]
    },
    {
      "file_path": "/media/NFS/ttao/scannet/posed_images/scene0544_00/00157.jpg",
      "transform_matrix": [
        [
          0.646528,
          0.357178,
          -0.674111,
          2.135036
        ],
        [
          0.762849,
          -0.31194,
          0.566352,
          1.796989
        ],
        [
          -0.007994,
          -0.880407,
          -0.474151,
          1.320263
        ],
        [
          0.0,
          0.0,
          0.0,
          1.0
        ]
      ]
    },
    {
      "file_path": "/media/NFS/ttao/scannet/posed_images/scene0544_00/00158.jpg",
      "transform_matrix": [
        [
          0.641975,
          0.356339,
          -0.678889,
          2.134212
        ],
        [
          0.766643,
          -0.311366,
          0.561525,
          1.801151
        ],
        [
          -0.011289,
          -0.88095,
          -0.473074,
          1.319566
        ],
        [
          0.0,
          0.0,
          0.0,
          1.0
        ]
      ]
    },
    {
      "file_path": "/media/NFS/ttao/scannet/posed_images/scene0544_00/00162.jpg",
      "transform_matrix": [
        [
          0.612615,
          0.356764,
          -0.705282,
          2.126112
        ],
        [
          0.790327,
          -0.286989,
          0.541314,
          1.813715
        ],
        [
          -0.009287,
          -0.88902,
          -0.457774,
          1.324571
        ],
        [
          0.0,
          0.0,
          0.0,
          1.0
        ]
      ]
    },
    {
      "file_path": "/media/NFS/ttao/scannet/posed_images/scene0544_00/00168.jpg",
      "transform_matrix": [
        [
          0.514017,
          0.320087,
          -0.795821,
          2.136149
        ],
        [
          0.857422,
          -0.218513,
          0.465917,
          1.839546
        ],
        [
          -0.024763,
          -0.921844,
          -0.38677,
          1.351369
        ],
        [
          0.0,
          0.0,
          0.0,
          1.0
        ]
      ]
    },
    {
      "file_path": "/media/NFS/ttao/scannet/posed_images/scene0544_00/00169.jpg",
      "transform_matrix": [
        [
          0.495349,
          0.327613,
          -0.804549,
          2.139771
        ],
        [
          0.868435,
          -0.209404,
          0.449412,
          1.844556
        ],
        [
          -0.021243,
          -0.921314,
          -0.388238,
          1.352477
        ],
        [
          0.0,
          0.0,
          0.0,
          1.0
        ]
      ]
    },
    {
      "file_path": "/media/NFS/ttao/scannet/posed_images/scene0544_00/00174.jpg",
      "transform_matrix": [
        [
          0.416668,
          0.31642,
          -0.852212,
          2.162052
        ],
        [
          0.909043,
          -0.150481,
          0.388582,
          1.881467
        ],
        [
          -0.005286,
          -0.936608,
          -0.35034,
          1.381109
        ],
        [
          0.0,
          0.0,
          0.0,
          1.0
        ]
      ]
    },
    {
      "file_path": "/media/NFS/ttao/scannet/posed_images/scene0544_00/00179.jpg",
      "transform_matrix": [
        [
          0.343148,
          0.275131,
          -0.898082,
          2.192519
        ],
        [
          0.939246,
          -0.092188,
          0.330633,
          1.914704
        ],
        [
          0.008175,
          -0.956977,
          -0.29005,
          1.40245
        ],
        [
          0.0,
          0.0,
          0.0,
          1.0
        ]
      ]
    },
    {
      "file_path": "/media/NFS/ttao/scannet/posed_images/scene0544_00/00184.jpg",
      "transform_matrix": [
        [
          0.269786,
          0.254623,
          -0.928646,
          2.21757
        ],
        [
          0.962895,
          -0.064275,
          0.262112,
          1.937102
        ],
        [
          0.007051,
          -0.964902,
          -0.262515,
          1.405191
        ],
        [
          0.0,
          0.0,
          0.0,
          1.0
        ]
      ]
    },
    {
      "file_path": "/media/NFS/ttao/scannet/posed_images/scene0544_00/00187.jpg",
      "transform_matrix": [
        [
          0.231934,
          0.247082,
          -0.940828,
          2.227208
        ],
        [
          0.972731,
          -0.057859,
          0.224604,
          1.946441
        ],
        [
          0.00106,
          -0.967266,
          -0.253764,
          1.410546
        ],
        [
          0.0,
          0.0,
          0.0,
          1.0
        ]
      ]
    },
    {
      "file_path": "/media/NFS/ttao/scannet/posed_images/scene0544_00/00190.jpg",
      "transform_matrix": [
        [
          0.196486,
          0.241349,
          -0.950339,
          2.23236
        ],
        [
          0.980478,
          -0.055826,
          0.18854,
          1.950662
        ],
        [
          -0.00755,
          -0.968832,
          -0.247606,
          1.414227
        ],
        [
          0.0,
          0.0,
          0.0,
          1.0
        ]
      ]
    },
    {
      "file_path": "/media/NFS/ttao/scannet/posed_images/scene0544_00/00192.jpg",
      "transform_matrix": [
        [
          0.176695,
          0.238409,
          -0.954956,
          2.233547
        ],
        [
          0.984218,
          -0.05239,
          0.16903,
          1.951013
        ],
        [
          -0.009732,
          -0.969751,
          -0.243903,
          1.415969
        ],
        [
          0.0,
          0.0,
          0.0,
          1.0
        ]
      ]
    },
    {
      "file_path": "/media/NFS/ttao/scannet/posed_images/scene0544_00/00199.jpg",
      "transform_matrix": [
        [
          0.132188,
          0.205019,
          -0.969791,
          2.21662
        ],
        [
          0.99115,
          -0.039346,
          0.126781,
          1.952145
        ],
        [
          -0.012165,
          -0.977967,
          -0.208406,
          1.433777
        ],
        [
          0.0,
          0.0,
          0.0,
          1.0
        ]
      ]
    },
    {
      "file_path": "/media/NFS/ttao/scannet/posed_images/scene0544_00/00200.jpg",
      "transform_matrix": [
        [
          0.130039,
          0.192808,
          -0.972582,
          2.212985
        ],
        [
          0.991466,
          -0.034443,
          0.125735,
          1.949805
        ],
        [
          -0.009256,
          -0.980632,
          -0.195641,
          1.425426
        ],
        [
          0.0,
          0.0,
          0.0,
          1.0
        ]
      ]
    },
    {
      "file_path": "/media/NFS/ttao/scannet/posed_images/scene0544_00/00203.jpg",
      "transform_matrix": [
        [
          0.121945,
          0.183551,
          -0.975417,
          2.20064
        ],
        [
          0.992537,
          -0.02168,
          0.120005,
          1.944859
        ],
        [
          0.00088,
          -0.982771,
          -0.184824,
          1.433617
        ],
        [
          0.0,
          0.0,
          0.0,
          1.0
        ]
      ]
    },
    {
      "file_path": "/media/NFS/ttao/scannet/posed_images/scene0544_00/00210.jpg",
      "transform_matrix": [
        [
          0.081143,
          0.156733,
          -0.984302,
          2.170308
        ],
        [
          0.996691,
          -0.017461,
          0.079384,
          1.934221
        ],
        [
          -0.004745,
          -0.987487,
          -0.157631,
          1.43648
        ],
        [
          0.0,
          0.0,
          0.0,
          1.0
        ]
      ]
    },
    {
      "file_path": "/media/NFS/ttao/scannet/posed_images/scene0544_00/00211.jpg",
      "transform_matrix": [
        [
          0.078154,
          0.160782,
          -0.983891,
          2.163385
        ],
        [
          0.996939,
          -0.014686,
          0.076791,
          1.931042
        ],
        [
          -0.002103,
          -0.986881,
          -0.161438,
          1.441966
        ],
        [
          0.0,
          0.0,
          0.0,
          1.0
        ]
      ]
    },
    {
      "file_path": "/media/NFS/ttao/scannet/posed_images/scene0544_00/00217.jpg",
      "transform_matrix": [
        [
          0.065777,
          0.143139,
          -0.987514,
          2.132697
        ],
        [
          0.997794,
          -0.000513,
          0.066388,
          1.904947
        ],
        [
          0.008996,
          -0.989702,
          -0.142857,
          1.447083
        ],
        [
          0.0,
          0.0,
          0.0,
          1.0
        ]
      ]
    },
    {
      "file_path": "/media/NFS/ttao/scannet/posed_images/scene0544_00/00221.jpg",
      "transform_matrix": [
        [
          0.052798,
          0.125503,
          -0.990687,
          2.11836
        ],
        [
          0.998601,
          -0.003716,
          0.052749,
          1.89603
        ],
        [
          0.002939,
          -0.992086,
          -0.125524,
          1.445565
        ],
        [
          0.0,
          0.0,
          0.0,
          1.0
        ]
      ]
    },
    {
      "file_path": "/media/NFS/ttao/scannet/posed_images/scene0544_00/00224.jpg",
      "transform_matrix": [
        [
          0.035917,
          0.123732,
          -0.991666,
          2.115474
        ],
        [
          0.99934,
          -0.009878,
          0.034962,
          1.896911
        ],
        [
          -0.005469,
          -0.992266,
          -0.124006,
          1.447956
        ],
        [
          0.0,
          0.0,
          0.0,
          1.0
        ]
      ]
    },
    {
      "file_path": "/media/NFS/ttao/scannet/posed_images/scene0544_00/00226.jpg",
      "transform_matrix": [
        [
          0.014977,
          0.124847,
          -0.992063,
          2.116943
        ],
        [
          0.999776,
          -0.016729,
          0.012988,
          1.902487
        ],
        [
          -0.014974,
          -0.992035,
          -0.125069,
          1.451052
        ],
        [
          0.0,
          0.0,
          0.0,
          1.0
        ]
      ]
    },
    {
      "file_path": "/media/NFS/ttao/scannet/posed_images/scene0544_00/00232.jpg",
      "transform_matrix": [
        [
          -0.041454,
          0.106528,
          -0.993445,
          2.140309
        ],
        [
          0.998987,
          -0.012997,
          -0.043079,
          1.928623
        ],
        [
          -0.017501,
          -0.994225,
          -0.105882,
          1.460794
        ],
        [
          0.0,
          0.0,
          0.0,
          1.0
        ]
      ]
    },
    {
      "file_path": "/media/NFS/ttao/scannet/posed_images/scene0544_00/00235.jpg",
      "transform_matrix": [
        [
          -0.06655,
          0.115064,
          -0.991126,
          2.154951
        ],
        [
          0.997777,
          0.004066,
          -0.066525,
          1.953715
        ],
        [
          -0.003624,
          -0.99335,
          -0.115079,
          1.459625
        ],
        [
          0.0,
          0.0,
          0.0,
          1.0
        ]
      ]
    },
    {
      "file_path": "/media/NFS/ttao/scannet/posed_images/scene0544_00/00239.jpg",
      "transform_matrix": [
        [
          -0.098411,
          0.107432,
          -0.98933,
          2.181199
        ],
        [
          0.99504,
          0.025136,
          -0.096249,
          1.991875
        ],
        [
          0.014527,
          -0.993895,
          -0.109373,
          1.462496
        ],
        [
          0.0,
          0.0,
          0.0,
          1.0
        ]
      ]
    },
    {
      "file_path": "/media/NFS/ttao/scannet/posed_images/scene0544_00/00242.jpg",
      "transform_matrix": [
        [
          -0.124185,
          0.104504,
          -0.986741,
          2.21039
        ],
        [
          0.992238,
          0.019631,
          -0.122798,
          2.032376
        ],
        [
          0.006538,
          -0.994331,
          -0.106131,
          1.453954
        ],
        [
          0.0,
          0.0,
          0.0,
          1.0
        ]
      ]
    },
    {
      "file_path": "/media/NFS/ttao/scannet/posed_images/scene0544_00/00245.jpg",
      "transform_matrix": [
        [
          -0.134816,
          0.125944,
          -0.982834,
          2.228661
        ],
        [
          0.990865,
          0.020467,
          -0.133295,
          2.054962
        ],
        [
          0.003328,
          -0.991826,
          -0.127552,
          1.447902
        ],
        [
          0.0,
          0.0,
          0.0,
          1.0
        ]
      ]
    },
    {
      "file_path": "/media/NFS/ttao/scannet/posed_images/scene0544_00/00251.jpg",
      "transform_matrix": [
        [
          -0.156967,
          0.195645,
          -0.968031,
          2.250398
        ],
        [
          0.987601,
          0.028588,
          -0.154363,
          2.088332
        ],
        [
          -0.002527,
          -0.980258,
          -0.197706,
          1.427932
        ],
        [
          0.0,
          0.0,
          0.0,
          1.0
        ]
      ]
    },
    {
      "file_path": "/media/NFS/ttao/scannet/posed_images/scene0544_00/00253.jpg",
      "transform_matrix": [
        [
          -0.157538,
          0.215249,
          -0.963768,
          2.256306
        ],
        [
          0.987483,
          0.026738,
          -0.155442,
          2.093366
        ],
        [
          -0.007689,
          -0.976193,
          -0.216767,
          1.419714
        ],
        [
          0.0,
          0.0,
          0.0,
          1.0
        ]
      ]
    },
    {
      "file_path": "/media/NFS/ttao/scannet/posed_images/scene0544_00/00259.jpg",
      "transform_matrix": [
        [
          -0.155257,
          0.280112,
          -0.947329,
          2.268007
        ],
        [
          0.987846,
          0.036828,
          -0.151007,
          2.093965
        ],
        [
          -0.007411,
          -0.959261,
          -0.282425,
          1.391745
        ],
        [
          0.0,
          0.0,
          0.0,
          1.0
        ]
      ]
    },
    {
      "file_path": "/media/NFS/ttao/scannet/posed_images/scene0544_00/00260.jpg",
      "transform_matrix": [
        [
          -0.150091,
          0.27948,
          -0.948348,
          2.270966
        ],
        [
          0.988651,
          0.036077,
          -0.145837,
          2.085695
        ],
        [
          -0.006545,
          -0.959474,
          -0.281723,
          1.382253
        ],
        [
          0.0,
          0.0,
          0.0,
          1.0
        ]
      ]
    },
    {
      "file_path": "/media/NFS/ttao/scannet/posed_images/scene0544_00/00266.jpg",
      "transform_matrix": [
        [
          -0.127784,
          0.311929,
          -0.941473,
          2.285646
        ],
        [
          0.991792,
          0.044453,
          -0.119885,
          2.061805
        ],
        [
          0.004456,
          -0.949065,
          -0.315049,
          1.379447
        ],
        [
          0.0,
          0.0,
          0.0,
          1.0
        ]
      ]
    },
    {
      "file_path": "/media/NFS/ttao/scannet/posed_images/scene0544_00/00268.jpg",
      "transform_matrix": [
        [
          -0.125769,
          0.325596,
          -0.937107,
          2.292326
        ],
        [
          0.992055,
          0.044229,
          -0.117776,
          2.055822
        ],
        [
          0.0031,
          -0.944474,
          -0.328572,
          1.375394
        ],
        [
          0.0,
          0.0,
          0.0,
          1.0
        ]
      ]
    },
    {
      "file_path": "/media/NFS/ttao/scannet/posed_images/scene0544_00/00274.jpg",
      "transform_matrix": [
        [
          -0.142886,
          0.352215,
          -0.924948,
          2.321155
        ],
        [
          0.989716,
          0.04448,
          -0.135954,
          2.020595
        ],
        [
          -0.006743,
          -0.934862,
          -0.354949,
          1.346542
        ],
        [
          0.0,
          0.0,
          0.0,
          1.0
        ]
      ]
    },
    {
      "file_path": "/media/NFS/ttao/scannet/posed_images/scene0544_00/00277.jpg",
      "transform_matrix": [
        [
          -0.155588,
          0.360645,
          -0.919635,
          2.336264
        ],
        [
          0.987761,
          0.046477,
          -0.148887,
          2.010318
        ],
        [
          -0.010954,
          -0.931545,
          -0.363462,
          1.342236
        ],
        [
          0.0,
          0.0,
          0.0,
          1.0
        ]
      ]
    },
    {
      "file_path": "/media/NFS/ttao/scannet/posed_images/scene0544_00/00281.jpg",
      "transform_matrix": [
        [
          -0.188408,
          0.351642,
          -0.916979,
          2.358762
        ],
        [
          0.981889,
          0.048513,
          -0.183141,
          1.987973
        ],
        [
          -0.019915,
          -0.934877,
          -0.354414,
          1.355738
        ],
        [
          0.0,
          0.0,
          0.0,
          1.0
        ]
      ]
    },
    {
      "file_path": "/media/NFS/ttao/scannet/posed_images/scene0544_00/00283.jpg",
      "transform_matrix": [
        [
          -0.210191,
          0.345543,
          -0.91456,
          2.370508
        ],
        [
          0.977512,
          0.057976,
          -0.202754,
          1.980407
        ],
        [
          -0.017038,
          -0.93661,
          -0.349958,
          1.357978
        ],
        [
          0.0,
          0.0,
          0.0,
          1.0
        ]
      ]
    },
    {
      "file_path": "/media/NFS/ttao/scannet/posed_images/scene0544_00/00289.jpg",
      "transform_matrix": [
        [
          -0.28128,
          0.307434,
          -0.909047,
          2.401536
        ],
        [
          0.95944,
          0.071441,
          -0.272712,
          1.970609
        ],
        [
          -0.018898,
          -0.948884,
          -0.31506,
          1.369052
        ],
        [
          0.0,
          0.0,
          0.0,
          1.0
        ]
      ]
    },
    {
      "file_path": "/media/NFS/ttao/scannet/posed_images/scene0544_00/00293.jpg",
      "transform_matrix": [
        [
          -0.316995,
          0.294912,
          -0.90141,
          2.417595
        ],
        [
          0.948136,
          0.074981,
          -0.308895,
          1.957751
        ],
        [
          -0.023509,
          -0.952578,
          -0.303386,
          1.365504
