{
  "frames": [
    {
      "file_path": "/media/NFS/ttao/scannet/posed_images/scene0300_00/00003.jpg",
      "transform_matrix": [
        [
          0.325806,
          0.294867,
          -0.898278,
          3.003419
        ],
        [
          0.945332,
          -0.115753,
          0.304876,
          3.716882
        ],
        [
          -0.01408,
          -0.948501,
          -0.31646,
          1.424194
        ],
        [
          0.0,
          0.0,
          0.0,
          1.0
        ]
      ]
    },
    {
      "file_path": "/media/NFS/ttao/scannet/posed_images/scene0300_00/00005.jpg",
      "transform_matrix": [
        [
          0.327641,
          0.296944,
          -0.896926,
          3.002495
        ],
        [
          0.944695,
          -0.117288,
          0.30626,
          3.715776
        ],
        [
          -0.014257,
          -0.947665,
          -0.318949,
          1.424468
        ],
        [
          0.0,
          0.0,
          0.0,
          1.0
        ]
      ]
    },
    {
      "file_path": "/media/NFS/ttao/scannet/posed_images/scene0300_00/00012.jpg",
      "transform_matrix": [
        [
          0.337349,
          0.309628,
          -0.889003,
          3.000269
        ],
        [
          0.94125,
          -0.126637,
          0.313069,
          3.717966
        ],
        [
          -0.015646,
          -0.942387,
          -0.334158,
          1.417681
        ],
        [
          0.0,
          0.0,
          0.0,
          1.0
        ]
      ]
    },
    {
      "file_path": "/media/NFS/ttao/scannet/posed_images/scene0300_00/00016.jpg",
      "transform_matrix": [
        [
          0.334688,
          0.315033,
          -0.88811,
          3.003479
        ],
        [
          0.942172,
          -0.129053,
          0.309284,
          3.728248
        ],
        [
          -0.017178,
          -0.940266,
          -0.340007,
          1.39867
        ],
        [
          0.0,
          0.0,
          0.0,
          1.0
        ]
      ]
    },
    {
      "file_path": "/media/NFS/ttao/scannet/posed_images/scene0300_00/00026.jpg",
      "transform_matrix": [
        [
          0.32048,
          0.371369,
          -0.871423,
          2.9768
        ],
        [
          0.947013,
          -0.146428,
          0.285877,
          3.71895
        ],
        [
          -0.021435,
          -0.916866,
          -0.398619,
          1.375877
        ],
        [
          0.0,
          0.0,
          0.0,
          1.0
        ]
      ]
    },
    {
      "file_path": "/media/NFS/ttao/scannet/posed_images/scene0300_00/00028.jpg",
      "transform_matrix": [
        [
          0.320254,
          0.374883,
          -0.87,
          2.975929
        ],
        [
          0.946988,
          -0.151416,
          0.283349,
          3.722283
        ],
        [
          -0.025509,
          -0.914623,
          -0.403501,
          1.376242
        ],
        [
          0.0,
          0.0,
          0.0,
          1.0
        ]
      ]
    },
    {
      "file_path": "/media/NFS/ttao/scannet/posed_images/scene0300_00/00037.jpg",
      "transform_matrix": [
        [
          0.328031,
          0.385657,
          -0.86236,
          2.981556
        ],
        [
          0.943458,
          -0.179916,
          0.278419,
          3.740328
        ],
        [
          -0.047778,
          -0.90493,
          -0.422869,
          1.360621
        ],
        [
          0.0,
          0.0,
          0.0,
          1.0
        ]
      ]
    },
    {
      "file_path": "/media/NFS/ttao/scannet/posed_images/scene0300_00/00040.jpg",
      "transform_matrix": [
        [
          0.322759,
          0.383553,
          -0.865283,
          2.986938
        ],
        [
          0.945205,
          -0.17809,
          0.273628,
          3.751617
        ],
        [
          -0.049147,
          -0.906185,
          -0.420016,
          1.363483
        ],
        [
          0.0,
          0.0,
          0.0,
          1.0
        ]
      ]
    },
    {
      "file_path": "/media/NFS/ttao/scannet/posed_images/scene0300_00/00045.jpg",
      "transform_matrix": [
        [
          0.313653,
          0.373539,
          -0.872978,
          2.985315
        ],
        [
          0.948555,
          -0.165086,
          0.270168,
          3.750397
        ],
        [
          -0.043199,
          -0.912807,
          -0.406101,
          1.370772
        ],
        [
          0.0,
          0.0,
          0.0,
          1.0
        ]
      ]
    },
    {
      "file_path": "/media/NFS/ttao/scannet/posed_images/scene0300_00/00051.jpg",
      "transform_matrix": [
        [
          0.263855,
          0.356846,
          -0.896126,
          2.990189
        ],
        [
          0.964079,
          -0.126988,
          0.233295,
          3.767748
        ],
        [
          -0.030546,
          -0.925492,
          -0.377534,
          1.375025
        ],
        [
          0.0,
          0.0,
          0.0,
          1.0
        ]
      ]
    },
    {
      "file_path": "/media/NFS/ttao/scannet/posed_images/scene0300_00/00061.jpg",
      "transform_matrix": [
        [
          0.168018,
          0.344255,
          -0.92372,
          2.989879
        ],
        [
          0.984308,
          -0.109853,
          0.138098,
          3.7969
        ],
        [
          -0.053932,
          -0.932427,
          -0.35731,
          1.375054
        ],
        [
          0.0,
          0.0,
          0.0,
          1.0
        ]
      ]
    },
    {
      "file_path": "/media/NFS/ttao/scannet/posed_images/scene0300_00/00065.jpg",
      "transform_matrix": [
        [
          0.126625,
          0.349282,
          -0.928422,
          2.984624
        ],
        [
          0.990074,
          -0.102044,
          0.096643,
          3.812121
        ],
        [
          -0.060984,
          -0.931445,
          -0.358736,
          1.379665
        ],
        [
          0.0,
          0.0,
          0.0,
          1.0
        ]
      ]
    },
    {
      "file_path": "/media/NFS/ttao/scannet/posed_images/scene0300_00/00068.jpg",
      "transform_matrix": [
        [
          0.090637,
          0.357493,
          -0.929507,
          2.978157
        ],
        [
          0.99422,
          -0.086417,
          0.063711,
          3.828531
        ],
        [
          -0.057549,
          -0.929909,
          -0.363259,
          1.381806
        ],
        [
          0.0,
          0.0,
          0.0,
          1.0
        ]
      ]
    },
    {
      "file_path": "/media/NFS/ttao/scannet/posed_images/scene0300_00/00079.jpg",
      "transform_matrix": [
        [
          -0.005955,
          0.387289,
          -0.921939,
          2.942594
        ],
        [
          0.999144,
          -0.035447,
          -0.021344,
          3.883879
        ],
        [
          -0.040947,
          -0.921277,
          -0.386746,
          1.35063
        ],
        [
          0.0,
          0.0,
          0.0,
          1.0
        ]
      ]
    },
    {
      "file_path": "/media/NFS/ttao/scannet/posed_images/scene0300_00/00082.jpg",
      "transform_matrix": [
        [
          -0.017492,
          0.394609,
          -0.918683,
          2.907914
        ],
        [
          0.998866,
          -0.033801,
          -0.033538,
          3.899949
        ],
        [
          -0.044287,
          -0.918227,
          -0.393571,
          1.353582
        ],
        [
          0.0,
          0.0,
          0.0,
          1.0
        ]
      ]
    },
    {
      "file_path": "/media/NFS/ttao/scannet/posed_images/scene0300_00/00091.jpg",
      "transform_matrix": [
        [
          -0.035809,
          0.385608,
          -0.921968,
          2.799027
        ],
        [
          0.999222,
          -0.001443,
          -0.039413,
          3.90485
        ],
        [
          -0.016529,
          -0.922662,
          -0.385256,
          1.34606
        ],
        [
          0.0,
          0.0,
          0.0,
          1.0
        ]
      ]
    },
    {
      "file_path": "/media/NFS/ttao/scannet/posed_images/scene0300_00/00094.jpg",
      "transform_matrix": [
        [
          -0.053219,
          0.412185,
          -0.909544,
          2.762763
        ],
        [
          0.998529,
          0.012513,
          -0.052754,
          3.918995
        ],
        [
          -0.010363,
          -0.911014,
          -0.412245,
          1.343755
        ],
        [
          0.0,
          0.0,
          0.0,
          1.0
        ]
      ]
    },
    {
      "file_path": "/media/NFS/ttao/scannet/posed_images/scene0300_00/00101.jpg",
      "transform_matrix": [
        [
          -0.108593,
          0.446158,
          -0.888341,
          2.695948
        ],
        [
          0.992451,
          -0.002577,
          -0.122614,
          3.947634
        ],
        [
          -0.056995,
          -0.89495,
          -0.44251,
          1.345489
        ],
        [
          0.0,
          0.0,
          0.0,
          1.0
        ]
      ]
    },
    {
      "file_path": "/media/NFS/ttao/scannet/posed_images/scene0300_00/00103.jpg",
      "transform_matrix": [
        [
          -0.142083,
          0.442836,
          -0.885273,
          2.67962
        ],
        [
          0.987634,
          0.003542,
          -0.156739,
          3.969253
        ],
        [
          -0.066274,
          -0.896596,
          -0.437863,
          1.345826
        ],
        [
          0.0,
          0.0,
          0.0,
          1.0
        ]
      ]
    },
    {
      "file_path": "/media/NFS/ttao/scannet/posed_images/scene0300_00/00112.jpg",
      "transform_matrix": [
        [
          -0.33588,
          0.438177,
          -0.833778,
          2.639712
        ],
        [
          0.941755,
          0.140469,
          -0.305557,
          4.087021
        ],
        [
          -0.016768,
          -0.887846,
          -0.459836,
          1.334719
        ],
        [
          0.0,
          0.0,
          0.0,
          1.0
        ]
      ]
    },
    {
      "file_path": "/media/NFS/ttao/scannet/posed_images/scene0300_00/00119.jpg",
      "transform_matrix": [
        [
          -0.449279,
          0.360549,
          -0.817406,
          2.648569
        ],
        [
          0.893359,
          0.173589,
          -0.414458,
          4.18774
        ],
        [
          -0.00754,
          -0.916445,
          -0.40009,
          1.354632
        ],
        [
          0.0,
          0.0,
          0.0,
          1.0
        ]
      ]
    },
    {
      "file_path": "/media/NFS/ttao/scannet/posed_images/scene0300_00/00124.jpg",
      "transform_matrix": [
        [
          -0.491511,
          0.334805,
          -0.803942,
          2.681905
        ],
        [
          0.87049,
          0.161552,
          -0.464918,
          4.233648
        ],
        [
          -0.025778,
          -0.928335,
          -0.370849,
          1.362757
        ],
        [
          0.0,
          0.0,
          0.0,
          1.0
        ]
      ]
    },
    {
      "file_path": "/media/NFS/ttao/scannet/posed_images/scene0300_00/00131.jpg",
      "transform_matrix": [
        [
          -0.574812,
          0.332681,
          -0.747606,
          2.740793
        ],
        [
          0.818279,
          0.230163,
          -0.52673,
          4.293623
        ],
        [
          -0.003162,
          -0.914521,
          -0.404526,
          1.324166
        ],
        [
          0.0,
          0.0,
          0.0,
          1.0
        ]
      ]
    },
    {
      "file_path": "/media/NFS/ttao/scannet/posed_images/scene0300_00/00133.jpg",
      "transform_matrix": [
        [
          -0.597019,
          0.328721,
          -0.731786,
          2.752372
        ],
        [
          0.802194,
          0.252926,
          -0.540845,
          4.305646
        ],
        [
          0.0073,
          -0.909929,
          -0.414699,
          1.332234
        ],
        [
          0.0,
          0.0,
          0.0,
          1.0
        ]
      ]
    },
    {
      "file_path": "/media/NFS/ttao/scannet/posed_images/scene0300_00/00140.jpg",
      "transform_matrix": [
        [
          -0.702502,
          0.309563,
          -0.640829,
          2.783453
        ],
        [
          0.711596,
          0.291503,
          -0.639264,
          4.358304
        ],
        [
          -0.011089,
          -0.905095,
          -0.425065,
          1.343487
        ],
        [
          0.0,
          0.0,
          0.0,
          1.0
        ]
      ]
    },
    {
      "file_path": "/media/NFS/ttao/scannet/posed_images/scene0300_00/00148.jpg",
      "transform_matrix": [
        [
          -0.819044,
          0.228949,
          -0.52607,
          2.747672
        ],
        [
          0.573631,
          0.343921,
          -0.743415,
          4.463965
        ],
        [
          0.010723,
          -0.910659,
          -0.413019,
          1.327663
        ],
        [
          0.0,
          0.0,
          0.0,
          1.0
        ]
      ]
    },
    {
      "file_path": "/media/NFS/ttao/scannet/posed_images/scene0300_00/00150.jpg",
      "transform_matrix": [
        [
          -0.830576,
          0.210765,
          -0.515482,
          2.747494
        ],
        [
          0.556344,
          0.355563,
          -0.751037,
          4.468324
        ],
        [
          0.024994,
          -0.910578,
          -0.41258,
          1.344817
        ],
        [
          0.0,
          0.0,
          0.0,
          1.0
        ]
      ]
    },
    {
      "file_path": "/media/NFS/ttao/scannet/posed_images/scene0300_00/00157.jpg",
      "transform_matrix": [
        [
          -0.869714,
          0.206582,
          -0.448242,
          2.703735
        ],
        [
          0.493509,
          0.37652,
          -0.784017,
          4.537381
        ],
        [
          0.006808,
          -0.903082,
          -0.429415,
          1.347242
        ],
        [
          0.0,
          0.0,
          0.0,
          1.0
        ]
      ]
    },
    {
      "file_path": "/media/NFS/ttao/scannet/posed_images/scene0300_00/00166.jpg",
      "transform_matrix": [
        [
          -0.898264,
          0.179404,
          -0.401169,
          2.689879
        ],
        [
          0.439277,
          0.340455,
          -0.83134,
          4.603341
        ],
        [
          -0.012566,
          -0.922987,
          -0.384626,
          1.368099
        ],
        [
          0.0,
          0.0,
          0.0,
          1.0
        ]
      ]
    },
    {
      "file_path": "/media/NFS/ttao/scannet/posed_images/scene0300_00/00168.jpg",
      "transform_matrix": [
        [
          -0.903991,
          0.165054,
          -0.394408,
          2.693572
        ],
        [
          0.427493,
          0.333608,
          -0.840211,
          4.616315
        ],
        [
          -0.007103,
          -0.92815,
          -0.372139,
          1.368159
        ],
        [
          0.0,
          0.0,
          0.0,
          1.0
        ]
      ]
    },
    {
      "file_path": "/media/NFS/ttao/scannet/posed_images/scene0300_00/00176.jpg",
      "transform_matrix": [
        [
          -0.952803,
          0.113911,
          -0.281409,
          2.650873
        ],
        [
          0.303317,
          0.396431,
          -0.866511,
          4.642004
        ],
        [
          0.012854,
          -0.91097,
          -0.412272,
          1.357437
        ],
        [
          0.0,
          0.0,
          0.0,
          1.0
        ]
      ]
    },
    {
      "file_path": "/media/NFS/ttao/scannet/posed_images/scene0300_00/00183.jpg",
      "transform_matrix": [
        [
          -0.988255,
          0.061877,
          -0.139725,
          2.572577
        ],
        [
          0.15277,
          0.378407,
          -0.912946,
          4.703222
        ],
        [
          -0.003618,
          -0.923569,
          -0.383416,
          1.339149
        ],
        [
          0.0,
          0.0,
          0.0,
          1.0
        ]
      ]
    },
    {
      "file_path": "/media/NFS/ttao/scannet/posed_images/scene0300_00/00189.jpg",
      "transform_matrix": [
        [
          -0.998081,
          -0.010577,
          -0.061018,
          2.482738
        ],
        [
          0.052342,
          0.38251,
          -0.922468,
          4.713961
        ],
        [
          0.033097,
          -0.923891,
          -0.381222,
          1.341549
        ],
        [
          0.0,
          0.0,
          0.0,
          1.0
        ]
      ]
    },
    {
      "file_path": "/media/NFS/ttao/scannet/posed_images/scene0300_00/00190.jpg",
      "transform_matrix": [
        [
          -0.997552,
          -0.01633,
          -0.068,
          2.515473
        ],
        [
          0.056086,
          0.394018,
          -0.91739,
          4.707689
        ],
        [
          0.041774,
          -0.918958,
          -0.392138,
          1.347514
        ],
        [
          0.0,
          0.0,
          0.0,
          1.0
        ]
      ]
    },
    {
      "file_path": "/media/NFS/ttao/scannet/posed_images/scene0300_00/00199.jpg",
      "transform_matrix": [
        [
          -0.999868,
          -0.014021,
          0.00816,
          2.439517
        ],
        [
          -0.012814,
          0.374139,
          -0.927284,
          4.65548
        ],
        [
          0.009949,
          -0.927267,
          -0.374269,
          1.375405
        ],
        [
          0.0,
          0.0,
          0.0,
          1.0
        ]
      ]
    },
    {
      "file_path": "/media/NFS/ttao/scannet/posed_images/scene0300_00/00204.jpg",
      "transform_matrix": [
        [
          -0.999786,
          -0.020396,
          -0.003386,
          2.429235
        ],
        [
          -0.004313,
          0.365938,
          -0.93063,
          4.618729
        ],
        [
          0.02022,
          -0.930416,
          -0.365947,
          1.376157
        ],
        [
          0.0,
          0.0,
          0.0,
          1.0
        ]
      ]
    },
    {
      "file_path": "/media/NFS/ttao/scannet/posed_images/scene0300_00/00208.jpg",
      "transform_matrix": [
        [
          -0.9997,
          -0.023867,
          -0.005531,
          2.420655
        ],
        [
          -0.00301,
          0.343703,
          -0.939074,
          4.58295
        ],
        [
          0.024314,
          -0.938775,
          -0.343672,
          1.386338
        ],
        [
          0.0,
          0.0,
          0.0,
          1.0
        ]
      ]
    },
    {
      "file_path": "/media/NFS/ttao/scannet/posed_images/scene0300_00/00215.jpg",
      "transform_matrix": [
        [
          -0.999728,
          -0.022602,
          0.005833,
          2.399272
        ],
        [
          -0.012943,
          0.328797,
          -0.944312,
          4.5383
        ],
        [
          0.019425,
          -0.94413,
          -0.329,
          1.395457
        ],
        [
          0.0,
          0.0,
          0.0,
          1.0
        ]
      ]
    },
    {
      "file_path": "/media/NFS/ttao/scannet/posed_images/scene0300_00/00224.jpg",
      "transform_matrix": [
        [
          -0.991581,
          -0.02547,
          0.126956,
          2.295643
        ],
        [
          -0.129095,
          0.270516,
          -0.954021,
          4.502178
        ],
        [
          -0.010045,
          -0.962379,
          -0.271526,
          1.433325
        ],
        [
          0.0,
          0.0,
          0.0,
          1.0
        ]
      ]
    },
    {
      "file_path": "/media/NFS/ttao/scannet/posed_images/scene0300_00/00231.jpg",
      "transform_matrix": [
        [
          -0.983328,
          -0.042675,
          0.176764,
          2.214697
        ],
        [
          -0.181819,
          0.215437,
          -0.959442,
          4.47848
        ],
        [
          0.002863,
          -0.975585,
          -0.219604,
          1.482133
        ],
        [
          0.0,
          0.0,
          0.0,
          1.0
        ]
      ]
    },
    {
      "file_path": "/media/NFS/ttao/scannet/posed_images/scene0300_00/00232.jpg",
      "transform_matrix": [
        [
          -0.982938,
          -0.038113,
          0.179945,
          2.204399
        ],
        [
          -0.183937,
          0.202894,
          -0.96177,
          4.478232
        ],
        [
          0.000146,
          -0.978459,
          -0.206443,
          1.482896
        ],
        [
          0.0,
          0.0,
          0.0,
          1.0
        ]
      ]
    },
    {
      "file_path": "/media/NFS/ttao/scannet/posed_images/scene0300_00/00239.jpg",
      "transform_matrix": [
        [
          -0.973774,
          -0.026903,
          0.225919,
          2.132891
        ],
        [
          -0.227315,
          0.156679,
          -0.961135,
          4.476199
        ],
        [
          -0.009539,
          -0.987283,
          -0.158685,
          1.500218
        ],
        [
          0.0,
          0.0,
          0.0,
          1.0
        ]
      ]
    },
    {
      "file_path": "/media/NFS/ttao/scannet/posed_images/scene0300_00/00246.jpg",
      "transform_matrix": [
        [
          -0.966604,
          0.00371,
          0.25625,
          2.102331
        ],
        [
          -0.253676,
          0.128242,
          -0.958751,
          4.513221
        ],
        [
          -0.036418,
          -0.991736,
          -0.123018,
          1.505355
        ],
        [
          0.0,
          0.0,
          0.0,
          1.0
        ]
      ]
    },
    {
      "file_path": "/media/NFS/ttao/scannet/posed_images/scene0300_00/00253.jpg",
      "transform_matrix": [
        [
          -0.962958,
          0.013306,
          0.269324,
          2.092864
        ],
        [
          -0.267582,
          0.076382,
          -0.960503,
          4.563914
        ],
        [
          -0.033352,
          -0.99699,
          -0.069992,
          1.51612
        ],
        [
          0.0,
          0.0,
          0.0,
          1.0
        ]
      ]
    },
    {
      "file_path": "/media/NFS/ttao/scannet/posed_images/scene0300_00/00255.jpg",
      "transform_matrix": [
        [
          -0.961715,
          0.010748,
          0.27384,
          2.086875
        ],
        [
          -0.272251,
          0.076862,
          -0.959152,
          4.578691
        ],
        [
          -0.031357,
          -0.996984,
          -0.070993,
          1.526513
        ],
        [
          0.0,
          0.0,
          0.0,
          1.0
        ]
      ]
    },
    {
      "file_path": "/media/NFS/ttao/scannet/posed_images/scene0300_00/00260.jpg",
      "transform_matrix": [
        [
          -0.949653,
          0.005674,
          0.313252,
          2.052966
        ],
        [
          -0.312255,
          0.064588,
          -0.9478,
          4.611599
        ],
        [
          -0.02561,
          -0.997896,
          -0.059564,
          1.531674
        ],
        [
          0.0,
          0.0,
          0.0,
          1.0
        ]
      ]
    },
    {
      "file_path": "/media/NFS/ttao/scannet/posed_images/scene0300_00/00267.jpg",
      "transform_matrix": [
        [
          -0.929339,
          -0.04574,
          0.366384,
          2.021781
        ],
        [
          -0.369159,
          0.095927,
          -0.924402,
          4.641468
        ],
        [
          0.007136,
          -0.994337,
          -0.106034,
          1.515017
        ],
        [
          0.0,
          0.0,
          0.0,
          1.0
        ]
      ]
    },
    {
      "file_path": "/media/NFS/ttao/scannet/posed_images/scene0300_00/00276.jpg",
      "transform_matrix": [
        [
          -0.88022,
          -0.099349,
          0.464049,
          1.998628
        ],
        [
          -0.474553,
          0.177205,
          -0.862205,
          4.630177
        ],
        [
          0.003427,
          -0.979147,
          -0.203125,
          1.466337
        ],
        [
          0.0,
          0.0,
          0.0,
          1.0
        ]
      ]
    },
    {
      "file_path": "/media/NFS/ttao/scannet/posed_images/scene0300_00/00280.jpg",
      "transform_matrix": [
        [
          -0.843615,
          -0.124006,
          0.522434,
          1.973758
        ],
        [
          -0.536927,
          0.203617,
          -0.818688,
          4.608998
        ],
        [
          -0.004854,
          -0.971166,
          -0.238356,
          1.440149
        ],
        [
          0.0,
          0.0,
          0.0,
          1.0
        ]
      ]
    },
    {
      "file_path": "/media/NFS/ttao/scannet/posed_images/scene0300_00/00288.jpg",
      "transform_matrix": [
        [
          -0.783233,
          -0.175818,
          0.596351,
          1.87155
        ],
        [
          -0.621642,
          0.237533,
          -0.746418,
          4.542666
        ],
        [
          -0.010419,
          -0.955336,
          -0.295339,
          1.382729
        ],
        [
          0.0,
          0.0,
          0.0,
          1.0
        ]
      ]
    },
    {
      "file_path": "/media/NFS/ttao/scannet/posed_images/scene0300_00/00292.jpg",
      "transform_matrix": [
        [
          -0.779154,
          -0.185105,
          0.598878,
          1.861433
        ],
        [
          -0.626526,
          0.259844,
          -0.73481,
          4.511165
        ],
        [
          -0.019598,
          -0.947743,
          -0.318431,
          1.393865
        ],
        [
          0.0,
          0.0,
          0.0,
          1.0
        ]
      ]
    },
    {
      "file_path": "/media/NFS/ttao/scannet/posed_images/scene0300_00/00300.jpg",
      "transform_matrix": [
        [
          -0.759641,
          -0.236532,
          0.605803,
          1.825022
        ],
        [
          -0.650314,
          0.284921,
          -0.70421,
          4.464095
        ],
        [
          -0.006038,
          -0.928909,
          -0.370258,
          1.366413
        ],
        [
          0.0,
          0.0,
          0.0,
          1.0
        ]
      ]
    },
    {
      "file_path": "/media/NFS/ttao/scannet/posed_images/scene0300_00/00306.jpg",
      "transform_matrix": [
        [
          -0.751863,
          -0.253273,
          0.608732,
          1.828943
        ],
        [
          -0.658948,
          0.319617,
          -0.680905,
          4.410527
        ],
        [
          -0.022106,
          -0.91307,
          -0.407202,
          1.346244
        ],
        [
          0.0,
          0.0,
          0.0,
          1.0
        ]
      ]
    },
    {
      "file_path": "/media/NFS/ttao/scannet/posed_images/scene0300_00/00307.jpg",
      "transform_matrix": [
        [
          -0.747964,
          -0.256789,
          0.612052,
          1.833194
        ],
        [
          -0.663403,
          0.318553,
          -0.677068,
          4.404033
        ],
        [
          -0.021107,
          -0.91246,
          -0.408621,
          1.346791
        ],
        [
          0.0,
          0.0,
          0.0,
          1.0
        ]
      ]
    },
    {
      "file_path": "/media/NFS/ttao/scannet/posed_images/scene0300_00/00316.jpg",
      "transform_matrix": [
        [
          -0.689334,
          -0.297121,
          0.66071,
          1.882623
        ],
        [
          -0.724442,
          0.280849,
          -0.62953,
          4.327508
        ],
        [
          0.001486,
          -0.912602,
          -0.408846,
          1.34653
        ],
        [
          0.0,
          0.0,
          0.0,
          1.0
        ]
      ]
    },
    {
      "file_path": "/media/NFS/ttao/scannet/posed_images/scene0300_00/00323.jpg",
      "transform_matrix": [
        [
          -0.644014,
          -0.294693,
          0.705976,
          1.884108
        ],
        [
          -0.765004,
          0.252753,
          -0.592355,
          4.251142
        ],
        [
          -0.003875,
          -0.92156,
          -0.388218,
          1.332778
        ],
        [
          0.0,
          0.0,
          0.0,
          1.0
        ]
      ]
    },
    {
      "file_path": "/media/NFS/ttao/scannet/posed_images/scene0300_00/00328.jpg",
      "transform_matrix": [
        [
          -0.597912,
          -0.326644,
          0.731987,
          1.875009
        ],
        [
          -0.801349,
          0.264621,
          -0.536485,
          4.17716
        ],
        [
          -0.01846,
          -0.907348,
          -0.419976,
          1.348081
        ],
        [
          0.0,
          0.0,
          0.0,
          1.0
        ]
      ]
    },
    {
      "file_path": "/media/NFS/ttao/scannet/posed_images/scene0300_00/00330.jpg",
      "transform_matrix": [
        [
          -0.597419,
          -0.323122,
          0.73395,
          1.876514
        ],
        [
          -0.801595,
          0.267037,
          -0.534918,
          4.16433
        ],
        [
          -0.023148,
          -0.907901,
          -0.418546,
          1.342526
        ],
        [
          0.0,
          0.0,
          0.0,
          1.0
        ]
      ]
    },
    {
      "file_path": "/media/NFS/ttao/scannet/posed_images/scene0300_00/00337.jpg",
      "transform_matrix": [
        [
          -0.551383,
          -0.374443,
          0.745499,
          1.843961
        ],
        [
          -0.834185,
          0.258774,
          -0.487002,
          4.070726
        ],
        [
          -0.010561,
          -0.890409,
          -0.455038,
          1.342103
        ],
        [
          0.0,
          0.0,
          0.0,
          1.0
        ]
      ]
    },
    {
      "file_path": "/media/NFS/ttao/scannet/posed_images/scene0300_00/00344.jpg",
      "transform_matrix": [
        [
          -0.480131,
          -0.424669,
          0.767549,
          1.798043
        ],
        [
          -0.877197,
          0.232517,
          -0.420074,
          3.984472
        ],
        [
          -7.6e-05,
          -0.874981,
          -0.484157,
          1.315842
        ],
        [
          0.0,
          0.0,
          0.0,
          1.0
        ]
      ]
    },
    {
      "file_path": "/media/NFS/ttao/scannet/posed_images/scene0300_00/00351.jpg",
      "transform_matrix": [
        [
          -0.409199,
          -0.418371,
          0.810877,
          1.780725
        ],
        [
          -0.910792,
          0.240753,
          -0.335404,
          3.891959
        ],
        [
          -0.054897,
          -0.875787,
          -0.479565,
          1.316399
        ],
        [
          0.0,
          0.0,
          0.0,
          1.0
        ]
      ]
    },
    {
      "file_path": "/media/NFS/ttao/scannet/posed_images/scene0300_00/00356.jpg",
      "transform_matrix": [
        [
          -0.333169,
          -0.446374,
          0.830511,
          1.806612
        ],
        [
          -0.939858,
          0.227542,
          -0.254738,
          3.837083
        ],
        [
          -0.075268,
          -0.865434,
          -0.495338,
          1.307751
        ],
        [
          0.0,
          0.0,
          0.0,
          1.0
        ]
      ]
    },
    {
      "file_path": "/media/NFS/ttao/scannet/posed_images/scene0300_00/00360.jpg",
      "transform_matrix": [
        [
          -0.266983,
          -0.469699,
          0.841489,
          1.842692
        ],
        [
          -0.962161,
          0.179263,
          -0.205209,
          3.829765
        ],
        [
          -0.054461,
          -0.864435,
          -0.499786,
          1.303159
        ],
        [
          0.0,
          0.0,
          0.0,
          1.0
        ]
      ]
    },
    {
      "file_path": "/media/NFS/ttao/scannet/posed_images/scene0300_00/00369.jpg",
      "transform_matrix": [
        [
          -0.131725,
          -0.519384,
          0.844327,
          1.911066
        ],
        [
          -0.989834,
          0.115006,
          -0.08368,
          3.76142
        ],
        [
          -0.053641,
          -0.846767,
          -0.529253,
          1.298736
        ],
        [
          0.0,
          0.0,
          0.0,
          1.0
        ]
      ]
    },
    {
      "file_path": "/media/NFS/ttao/scannet/posed_images/scene0300_00/00372.jpg",
      "transform_matrix": [
        [
          -0.077562,
          -0.520997,
          0.850027,
          1.921146
        ],
        [
          -0.995024,
          0.093927,
          -0.033223,
          3.754922
        ],
        [
          -0.062532,
          -0.848375,
          -0.52569,
          1.309718
        ],
        [
          0.0,
          0.0,
          0.0,
          1.0
        ]
      ]
    },
    {
      "file_path": "/media/NFS/ttao/scannet/posed_images/scene0300_00/00377.jpg",
      "transform_matrix": [
        [
          0.055701,
          -0.509029,
          0.858945,
          1.936664
        ],
        [
          -0.996431,
          0.026305,
          0.080206,
          3.695736
        ],
        [
          -0.063422,
          -0.860347,
          -0.505747,
          1.312748
        ],
        [
          0.0,
          0.0,
          0.0,
          1.0
        ]
      ]
    },
    {
      "file_path": "/media/NFS/ttao/scannet/posed_images/scene0300_00/00386.jpg",
      "transform_matrix": [
        [
          0.228466,
          -0.461579,
          0.857174,
          1.910003
        ],
        [
          -0.971485,
          -0.05075,
          0.231605,
          3.657367
        ],
        [
          -0.063402,
          -0.885646,
          -0.460012,
          1.330514
        ],
        [
          0.0,
          0.0,
          0.0,
          1.0
        ]
      ]
    },
    {
      "file_path": "/media/NFS/ttao/scannet/posed_images/scene0300_00/00393.jpg",
      "transform_matrix": [
        [
          0.30513,
          -0.428316,
          0.850553,
          1.892772
        ],
        [
          -0.949958,
          -0.074153,
          0.303449,
          3.657573
        ],
        [
          -0.066901,
          -0.900581,
          -0.429509,
          1.358461
        ],
        [
          0.0,
          0.0,
          0.0,
          1.0
        ]
      ]
    },
    {
      "file_path": "/media/NFS/ttao/scannet/posed_images/scene0300_00/00395.jpg",
      "transform_matrix": [
        [
          0.332793,
          -0.421824,
          0.843394,
          1.896412
        ],
        [
          -0.940521,
          -0.083666,
          0.329272,
          3.647908
        ],
        [
          -0.068332,
          -0.90281,
          -0.424577,
          1.352823
        ],
        [
          0.0,
          0.0,
          0.0,
          1.0
        ]
      ]
    },
    {
      "file_path": "/media/NFS/ttao/scannet/posed_images/scene0300_00/00400.jpg",
      "transform_matrix": [
        [
          0.370605,
          -0.396433,
          0.839936,
          1.918274
        ],
        [
          -0.926544,
          -0.094944,
          0.364008,
          3.64914
        ],
        [
          -0.064558,
          -0.913141,
          -0.402499,
          1.346225
        ],
        [
          0.0,
          0.0,
          0.0,
          1.0
        ]
      ]
    },
    {
      "file_path": "/media/NFS/ttao/scannet/posed_images/scene0300_00/00411.jpg",
      "transform_matrix": [
        [
          0.412456,
          -0.321527,
          0.85235,
          2.009223
        ],
        [
          -0.910718,
          -0.123209,
          0.394224,
          3.708447
        ],
        [
          -0.021737,
          -0.93885,
          -0.343639,
          1.371431
        ],
        [
          0.0,
          0.0,
          0.0,
          1.0
        ]
      ]
    },
    {
      "file_path": "/media/NFS/ttao/scannet/posed_images/scene0300_00/00414.jpg",
      "transform_matrix": [
        [
          0.421794,
          -0.305411,
          0.853706,
          2.044851
        ],
        [
          -0.906407,
          -0.118399,
          0.405474,
          3.717426
        ],
        [
          -0.022758,
          -0.944831,
          -0.326767,
          1.38061
        ],
        [
          0.0,
          0.0,
          0.0,
          1.0
        ]
      ]
    },
    {
      "file_path": "/media/NFS/ttao/scannet/posed_images/scene0300_00/00423.jpg",
      "transform_matrix": [
        [
          0.403927,
          -0.311833,
          0.860002,
          2.130069
        ],
        [
          -0.912075,
          -0.064884,
          0.404858,
          3.742094
        ],
        [
          -0.070448,
          -0.947919,
          -0.310623,
          1.381473
        ],
        [
          0.0,
          0.0,
          0.0,
          1.0
        ]
      ]
    },
    {
      "file_path": "/media/NFS/ttao/scannet/posed_images/scene0300_00/00425.jpg",
      "transform_matrix": [
        [
          0.403051,
          -0.321384,
          0.856891,
          2.15052
        ],
        [
          -0.911998,
          -0.063066,
          0.405318,
          3.746098
        ],
        [
          -0.076222,
          -0.944847,
          -0.31852,
          1.379983
        ],
        [
          0.0,
          0.0,
          0.0,
          1.0
        ]
      ]
    },
    {
      "file_path": "/media/NFS/ttao/scannet/posed_images/scene0300_00/00432.jpg",
      "transform_matrix": [
        [
          0.436493,
          -0.361202,
          0.824019,
          2.219079
        ],
        [
          -0.896599,
          -0.098565,
          0.431735,
          3.764796
        ],
        [
          -0.074724,
          -0.927264,
          -0.366876,
          1.361333
        ],
        [
          0.0,
          0.0,
          0.0,
          1.0
        ]
      ]
    },
    {
      "file_path": "/media/NFS/ttao/scannet/posed_images/scene0300_00/00435.jpg",
      "transform_matrix": [
        [
          0.457822,
          -0.346492,
          0.818744,
          2.250198
        ],
        [
          -0.886378,
          -0.106631,
          0.450515,
          3.762531
        ],
        [
          -0.068796,
          -0.931973,
          -0.355941,
          1.36247
        ],
        [
          0.0,
          0.0,
          0.0,
          1.0
        ]
      ]
    },
    {
      "file_path": "/media/NFS/ttao/scannet/posed_images/scene0300_00/00444.jpg",
      "transform_matrix": [
        [
          0.567298,
          -0.312641,
          0.761859,
          2.326939
        ],
        [
          -0.822075,
          -0.160357,
          0.546331,
          3.750739
        ],
        [
          -0.048636,
          -0.936238,
          -0.347984,
          1.364803
        ],
        [
          0.0,
          0.0,
          0.0,
          1.0
        ]
      ]
    },
    {
      "file_path": "/media/NFS/ttao/scannet/posed_images/scene0300_00/00451.jpg",
      "transform_matrix": [
        [
          0.622559,
          -0.317108,
          0.715446,
          2.360316
        ],
        [
          -0.780501,
          -0.185118,
          0.597118,
          3.753346
        ],
        [
          -0.056909,
