{
  "frames": [
    {
      "file_path": "/media/NFS/ttao/scannet/posed_images/scene0303_01/00000.jpg",
      "transform_matrix": [
        [
          -0.800609,
          -0.286439,
          0.526287,
          2.152713
        ],
        [
          -0.598886,
          0.354682,
          -0.718008,
          1.603397
        ],
        [
          0.019001,
          -0.89003,
          -0.455506,
          1.342316
        ],
        [
          0.0,
          0.0,
          0.0,
          1.0
        ]
      ]
    },
    {
      "file_path": "/media/NFS/ttao/scannet/posed_images/scene0303_01/00003.jpg",
      "transform_matrix": [
        [
          -0.811912,
          -0.297863,
          0.502072,
          2.162362
        ],
        [
          -0.582788,
          0.36345,
          -0.726817,
          1.606488
        ],
        [
          0.034014,
          -0.882713,
          -0.46868,
          1.336416
        ],
        [
          0.0,
          0.0,
          0.0,
          1.0
        ]
      ]
    },
    {
      "file_path": "/media/NFS/ttao/scannet/posed_images/scene0303_01/00009.jpg",
      "transform_matrix": [
        [
          -0.820216,
          -0.297061,
          0.488877,
          2.165987
        ],
        [
          -0.571228,
          0.3794,
          -0.727842,
          1.605269
        ],
        [
          0.030733,
          -0.876248,
          -0.48088,
          1.336487
        ],
        [
          0.0,
          0.0,
          0.0,
          1.0
        ]
      ]
    },
    {
      "file_path": "/media/NFS/ttao/scannet/posed_images/scene0303_01/00010.jpg",
      "transform_matrix": [
        [
          -0.820342,
          -0.294807,
          0.490028,
          2.163338
        ],
        [
          -0.571209,
          0.381106,
          -0.726966,
          1.602629
        ],
        [
          0.027562,
          -0.876269,
          -0.481033,
          1.338329
        ],
        [
          0.0,
          0.0,
          0.0,
          1.0
        ]
      ]
    },
    {
      "file_path": "/media/NFS/ttao/scannet/posed_images/scene0303_01/00014.jpg",
      "transform_matrix": [
        [
          -0.821849,
          -0.280354,
          0.49595,
          2.160345
        ],
        [
          -0.569402,
          0.375803,
          -0.731131,
          1.600579
        ],
        [
          0.018596,
          -0.883275,
          -0.468487,
          1.344536
        ],
        [
          0.0,
          0.0,
          0.0,
          1.0
        ]
      ]
    },
    {
      "file_path": "/media/NFS/ttao/scannet/posed_images/scene0303_01/00017.jpg",
      "transform_matrix": [
        [
          -0.823789,
          -0.270982,
          0.497937,
          2.157761
        ],
        [
          -0.566613,
          0.36577,
          -0.738351,
          1.602226
        ],
        [
          0.01795,
          -0.890383,
          -0.454859,
          1.348879
        ],
        [
          0.0,
          0.0,
          0.0,
          1.0
        ]
      ]
    },
    {
      "file_path": "/media/NFS/ttao/scannet/posed_images/scene0303_01/00020.jpg",
      "transform_matrix": [
        [
          -0.825566,
          -0.260636,
          0.50051,
          2.153157
        ],
        [
          -0.563984,
          0.351157,
          -0.747402,
          1.602567
        ],
        [
          0.019042,
          -0.89931,
          -0.436898,
          1.354063
        ],
        [
          0.0,
          0.0,
          0.0,
          1.0
        ]
      ]
    },
    {
      "file_path": "/media/NFS/ttao/scannet/posed_images/scene0303_01/00025.jpg",
      "transform_matrix": [
        [
          -0.828057,
          -0.247666,
          0.502974,
          2.14955
        ],
        [
          -0.559837,
          0.317167,
          -0.765498,
          1.606439
        ],
        [
          0.030061,
          -0.91546,
          -0.401285,
          1.362216
        ],
        [
          0.0,
          0.0,
          0.0,
          1.0
        ]
      ]
    },
    {
      "file_path": "/media/NFS/ttao/scannet/posed_images/scene0303_01/00028.jpg",
      "transform_matrix": [
        [
          -0.828767,
          -0.228077,
          0.511006,
          2.143928
        ],
        [
          -0.558876,
          0.291076,
          -0.776488,
          1.60982
        ],
        [
          0.028357,
          -0.929116,
          -0.3687,
          1.367143
        ],
        [
          0.0,
          0.0,
          0.0,
          1.0
        ]
      ]
    },
    {
      "file_path": "/media/NFS/ttao/scannet/posed_images/scene0303_01/00033.jpg",
      "transform_matrix": [
        [
          -0.828988,
          -0.198057,
          0.523023,
          2.135253
        ],
        [
          -0.558837,
          0.25669,
          -0.78855,
          1.613419
        ],
        [
          0.021923,
          -0.945983,
          -0.323474,
          1.376139
        ],
        [
          0.0,
          0.0,
          0.0,
          1.0
        ]
      ]
    },
    {
      "file_path": "/media/NFS/ttao/scannet/posed_images/scene0303_01/00038.jpg",
      "transform_matrix": [
        [
          -0.828689,
          -0.181678,
          0.529403,
          2.130259
        ],
        [
          -0.559212,
          0.228901,
          -0.796797,
          1.615674
        ],
        [
          0.023579,
          -0.956346,
          -0.291284,
          1.38961
        ],
        [
          0.0,
          0.0,
          0.0,
          1.0
        ]
      ]
    },
    {
      "file_path": "/media/NFS/ttao/scannet/posed_images/scene0303_01/00040.jpg",
      "transform_matrix": [
        [
          -0.828676,
          -0.175378,
          0.531544,
          2.126455
        ],
        [
          -0.559145,
          0.215988,
          -0.800441,
          1.619542
        ],
        [
          0.025573,
          -0.960516,
          -0.277046,
          1.389474
        ],
        [
          0.0,
          0.0,
          0.0,
          1.0
        ]
      ]
    },
    {
      "file_path": "/media/NFS/ttao/scannet/posed_images/scene0303_01/00045.jpg",
      "transform_matrix": [
        [
          -0.828264,
          -0.168778,
          0.534315,
          2.125344
        ],
        [
          -0.559608,
          0.200477,
          -0.804144,
          1.623571
        ],
        [
          0.028604,
          -0.965051,
          -0.260498,
          1.396233
        ],
        [
          0.0,
          0.0,
          0.0,
          1.0
        ]
      ]
    },
    {
      "file_path": "/media/NFS/ttao/scannet/posed_images/scene0303_01/00046.jpg",
      "transform_matrix": [
        [
          -0.828495,
          -0.16826,
          0.53412,
          2.12519
        ],
        [
          -0.55925,
          0.19938,
          -0.804666,
          1.623891
        ],
        [
          0.0289,
          -0.965368,
          -0.259285,
          1.396636
        ],
        [
          0.0,
          0.0,
          0.0,
          1.0
        ]
      ]
    },
    {
      "file_path": "/media/NFS/ttao/scannet/posed_images/scene0303_01/00049.jpg",
      "transform_matrix": [
        [
          -0.829058,
          -0.168152,
          0.53328,
          2.125719
        ],
        [
          -0.558355,
          0.197723,
          -0.805695,
          1.624346
        ],
        [
          0.030038,
          -0.965728,
          -0.257813,
          1.398312
        ],
        [
          0.0,
          0.0,
          0.0,
          1.0
        ]
      ]
    },
    {
      "file_path": "/media/NFS/ttao/scannet/posed_images/scene0303_01/00056.jpg",
      "transform_matrix": [
        [
          -0.830317,
          -0.157339,
          0.534619,
          2.124864
        ],
        [
          -0.55628,
          0.176229,
          -0.812094,
          1.629709
        ],
        [
          0.033559,
          -0.971693,
          -0.23385,
          1.402926
        ],
        [
          0.0,
          0.0,
          0.0,
          1.0
        ]
      ]
    },
    {
      "file_path": "/media/NFS/ttao/scannet/posed_images/scene0303_01/00058.jpg",
      "transform_matrix": [
        [
          -0.830962,
          -0.157744,
          0.533498,
          2.124871
        ],
        [
          -0.555202,
          0.174099,
          -0.81329,
          1.630253
        ],
        [
          0.035411,
          -0.972012,
          -0.232249,
          1.403408
        ],
        [
          0.0,
          0.0,
          0.0,
          1.0
        ]
      ]
    },
    {
      "file_path": "/media/NFS/ttao/scannet/posed_images/scene0303_01/00060.jpg",
      "transform_matrix": [
        [
          -0.832489,
          -0.156563,
          0.53146,
          2.123563
        ],
        [
          -0.552928,
          0.174003,
          -0.814858,
          1.632107
        ],
        [
          0.035102,
          -0.97222,
          -0.231424,
          1.400916
        ],
        [
          0.0,
          0.0,
          0.0,
          1.0
        ]
      ]
    },
    {
      "file_path": "/media/NFS/ttao/scannet/posed_images/scene0303_01/00063.jpg",
      "transform_matrix": [
        [
          -0.836033,
          -0.160761,
          0.524599,
          2.126051
        ],
        [
          -0.547308,
          0.176802,
          -0.818044,
          1.633129
        ],
        [
          0.038759,
          -0.971029,
          -0.235798,
          1.39826
        ],
        [
          0.0,
          0.0,
          0.0,
          1.0
        ]
      ]
    },
    {
      "file_path": "/media/NFS/ttao/scannet/posed_images/scene0303_01/00070.jpg",
      "transform_matrix": [
        [
          -0.854505,
          -0.192022,
          0.482647,
          2.128937
        ],
        [
          -0.517754,
          0.239998,
          -0.821177,
          1.623008
        ],
        [
          0.041849,
          -0.951593,
          -0.3045,
          1.384571
        ],
        [
          0.0,
          0.0,
          0.0,
          1.0
        ]
      ]
    },
    {
      "file_path": "/media/NFS/ttao/scannet/posed_images/scene0303_01/00073.jpg",
      "transform_matrix": [
        [
          -0.863859,
          -0.202056,
          0.461434,
          2.129287
        ],
        [
          -0.502393,
          0.278792,
          -0.81846,
          1.620766
        ],
        [
          0.036731,
          -0.938855,
          -0.342348,
          1.372315
        ],
        [
          0.0,
          0.0,
          0.0,
          1.0
        ]
      ]
    },
    {
      "file_path": "/media/NFS/ttao/scannet/posed_images/scene0303_01/00077.jpg",
      "transform_matrix": [
        [
          -0.873202,
          -0.222777,
          0.433461,
          2.129665
        ],
        [
          -0.486414,
          0.343042,
          -0.80357,
          1.614659
        ],
        [
          0.030322,
          -0.91252,
          -0.407907,
          1.354448
        ],
        [
          0.0,
          0.0,
          0.0,
          1.0
        ]
      ]
    },
    {
      "file_path": "/media/NFS/ttao/scannet/posed_images/scene0303_01/00081.jpg",
      "transform_matrix": [
        [
          -0.884505,
          -0.22993,
          0.405935,
          2.129606
        ],
        [
          -0.466202,
          0.402939,
          -0.787589,
          1.608101
        ],
        [
          0.017524,
          -0.885874,
          -0.463595,
          1.339033
        ],
        [
          0.0,
          0.0,
          0.0,
          1.0
        ]
      ]
    },
    {
      "file_path": "/media/NFS/ttao/scannet/posed_images/scene0303_01/00083.jpg",
      "transform_matrix": [
        [
          -0.889584,
          -0.230199,
          0.394523,
          2.128885
        ],
        [
          -0.456653,
          0.428512,
          -0.779645,
          1.605317
        ],
        [
          0.010416,
          -0.87372,
          -0.486318,
          1.334641
        ],
        [
          0.0,
          0.0,
          0.0,
          1.0
        ]
      ]
    },
    {
      "file_path": "/media/NFS/ttao/scannet/posed_images/scene0303_01/00088.jpg",
      "transform_matrix": [
        [
          -0.892627,
          -0.244325,
          0.378844,
          2.125836
        ],
        [
          -0.450791,
          0.487672,
          -0.747639,
          1.608753
        ],
        [
          -0.002084,
          -0.838142,
          -0.545449,
          1.331598
        ],
        [
          0.0,
          0.0,
          0.0,
          1.0
        ]
      ]
    },
    {
      "file_path": "/media/NFS/ttao/scannet/posed_images/scene0303_01/00089.jpg",
      "transform_matrix": [
        [
          -0.893311,
          -0.246502,
          0.37581,
          2.124986
        ],
        [
          -0.449439,
          0.491432,
          -0.745989,
          1.612335
        ],
        [
          -0.000797,
          -0.835303,
          -0.549789,
          1.330222
        ],
        [
          0.0,
          0.0,
          0.0,
          1.0
        ]
      ]
    },
    {
      "file_path": "/media/NFS/ttao/scannet/posed_images/scene0303_01/00095.jpg",
      "transform_matrix": [
        [
          -0.910792,
          -0.252737,
          0.326468,
          2.121899
        ],
        [
          -0.412842,
          0.549224,
          -0.726577,
          1.624004
        ],
        [
          0.004329,
          -0.796541,
          -0.604569,
          1.332364
        ],
        [
          0.0,
          0.0,
          0.0,
          1.0
        ]
      ]
    },
    {
      "file_path": "/media/NFS/ttao/scannet/posed_images/scene0303_01/00099.jpg",
      "transform_matrix": [
        [
          -0.926058,
          -0.229171,
          0.29983,
          2.117635
        ],
        [
          -0.377311,
          0.546831,
          -0.747404,
          1.637195
        ],
        [
          0.007327,
          -0.805268,
          -0.592866,
          1.345137
        ],
        [
          0.0,
          0.0,
          0.0,
          1.0
        ]
      ]
    },
    {
      "file_path": "/media/NFS/ttao/scannet/posed_images/scene0303_01/00100.jpg",
      "transform_matrix": [
        [
          -0.931568,
          -0.226266,
          0.284579,
          2.121792
        ],
        [
          -0.36345,
          0.559611,
          -0.744808,
          1.638508
        ],
        [
          0.009272,
          -0.79727,
          -0.603552,
          1.350989
        ],
        [
          0.0,
          0.0,
          0.0,
          1.0
        ]
      ]
    },
    {
      "file_path": "/media/NFS/ttao/scannet/posed_images/scene0303_01/00104.jpg",
      "transform_matrix": [
        [
          -0.950977,
          -0.212527,
          0.224668,
          2.114384
        ],
        [
          -0.308852,
          0.61521,
          -0.725346,
          1.64307
        ],
        [
          0.015938,
          -0.759177,
          -0.65069,
          1.354007
        ],
        [
          0.0,
          0.0,
          0.0,
          1.0
        ]
      ]
    },
    {
      "file_path": "/media/NFS/ttao/scannet/posed_images/scene0303_01/00109.jpg",
      "transform_matrix": [
        [
          -0.963553,
          -0.167928,
          0.208245,
          2.100166
        ],
        [
          -0.267433,
          0.624276,
          -0.734002,
          1.651237
        ],
        [
          -0.006743,
          -0.762941,
          -0.646432,
          1.368058
        ],
        [
          0.0,
          0.0,
          0.0,
          1.0
        ]
      ]
    },
    {
      "file_path": "/media/NFS/ttao/scannet/posed_images/scene0303_01/00111.jpg",
      "transform_matrix": [
        [
          -0.970209,
          -0.151962,
          0.188687,
          2.094455
        ],
        [
          -0.242147,
          0.633138,
          -0.735188,
          1.653472
        ],
        [
          -0.007744,
          -0.758976,
          -0.651073,
          1.375021
        ],
        [
          0.0,
          0.0,
          0.0,
          1.0
        ]
      ]
    },
    {
      "file_path": "/media/NFS/ttao/scannet/posed_images/scene0303_01/00114.jpg",
      "transform_matrix": [
        [
          -0.978715,
          -0.131145,
          0.157856,
          2.081223
        ],
        [
          -0.205224,
          0.628126,
          -0.750561,
          1.656994
        ],
        [
          -0.000721,
          -0.766981,
          -0.64167,
          1.382492
        ],
        [
          0.0,
          0.0,
          0.0,
          1.0
        ]
      ]
    },
    {
      "file_path": "/media/NFS/ttao/scannet/posed_images/scene0303_01/00121.jpg",
      "transform_matrix": [
        [
          -0.993605,
          -0.072847,
          0.086271,
          2.053924
        ],
        [
          -0.112692,
          0.592024,
          -0.798002,
          1.658389
        ],
        [
          0.007057,
          -0.802621,
          -0.596447,
          1.404123
        ],
        [
          0.0,
          0.0,
          0.0,
          1.0
        ]
      ]
    },
    {
      "file_path": "/media/NFS/ttao/scannet/posed_images/scene0303_01/00124.jpg",
      "transform_matrix": [
        [
          -0.997407,
          -0.045951,
          0.055392,
          2.038439
        ],
        [
          -0.071856,
          0.592323,
          -0.80249,
          1.655656
        ],
        [
          0.004066,
          -0.804389,
          -0.594089,
          1.409133
        ],
        [
          0.0,
          0.0,
          0.0,
          1.0
        ]
      ]
    },
    {
      "file_path": "/media/NFS/ttao/scannet/posed_images/scene0303_01/00125.jpg",
      "transform_matrix": [
        [
          -0.998347,
          -0.037962,
          0.043159,
          2.033558
        ],
        [
          -0.057288,
          0.596196,
          -0.800793,
          1.653723
        ],
        [
          0.004669,
          -0.801941,
          -0.597385,
          1.409585
        ],
        [
          0.0,
          0.0,
          0.0,
          1.0
        ]
      ]
    },
    {
      "file_path": "/media/NFS/ttao/scannet/posed_images/scene0303_01/00128.jpg",
      "transform_matrix": [
        [
          -0.999935,
          -0.009696,
          0.006026,
          2.019383
        ],
        [
          -0.010706,
          0.613234,
          -0.789829,
          1.643979
        ],
        [
          0.003963,
          -0.789842,
          -0.613298,
          1.410368
        ],
        [
          0.0,
          0.0,
          0.0,
          1.0
        ]
      ]
    },
    {
      "file_path": "/media/NFS/ttao/scannet/posed_images/scene0303_01/00134.jpg",
      "transform_matrix": [
        [
          -0.99862,
          0.04146,
          -0.032228,
          1.988506
        ],
        [
          0.050797,
          0.607101,
          -0.792999,
          1.631461
        ],
        [
          -0.013312,
          -0.793542,
          -0.608369,
          1.409461
        ],
        [
          0.0,
          0.0,
          0.0,
          1.0
        ]
      ]
    },
    {
      "file_path": "/media/NFS/ttao/scannet/posed_images/scene0303_01/00136.jpg",
      "transform_matrix": [
        [
          -0.996321,
          0.06542,
          -0.055363,
          1.974463
        ],
        [
          0.083776,
          0.607283,
          -0.790056,
          1.625212
        ],
        [
          -0.018065,
          -0.791788,
          -0.610529,
          1.409945
        ],
        [
          0.0,
          0.0,
          0.0,
          1.0
        ]
      ]
    },
    {
      "file_path": "/media/NFS/ttao/scannet/posed_images/scene0303_01/00141.jpg",
      "transform_matrix": [
        [
          -0.991401,
          0.098693,
          -0.085929,
          1.950097
        ],
        [
          0.12822,
          0.601414,
          -0.788581,
          1.618251
        ],
        [
          -0.026148,
          -0.792818,
          -0.608897,
          1.41128
        ],
        [
          0.0,
          0.0,
          0.0,
          1.0
        ]
      ]
    },
    {
      "file_path": "/media/NFS/ttao/scannet/posed_images/scene0303_01/00143.jpg",
      "transform_matrix": [
        [
          -0.989182,
          0.108394,
          -0.098844,
          1.94315
        ],
        [
          0.144395,
          0.600619,
          -0.786388,
          1.615046
        ],
        [
          -0.025872,
          -0.792153,
          -0.609773,
          1.411473
        ],
        [
          0.0,
          0.0,
          0.0,
          1.0
        ]
      ]
    },
    {
      "file_path": "/media/NFS/ttao/scannet/posed_images/scene0303_01/00148.jpg",
      "transform_matrix": [
        [
          -0.98421,
          0.12674,
          -0.123564,
          1.924485
        ],
        [
          0.174643,
          0.581621,
          -0.794491,
          1.609134
        ],
        [
          -0.028827,
          -0.803526,
          -0.594572,
          1.414341
        ],
        [
          0.0,
          0.0,
          0.0,
          1.0
        ]
      ]
    },
    {
      "file_path": "/media/NFS/ttao/scannet/posed_images/scene0303_01/00150.jpg",
      "transform_matrix": [
        [
          -0.981732,
          0.136157,
          -0.132904,
          1.913686
        ],
        [
          0.18782,
          0.581786,
          -0.791359,
          1.607193
        ],
        [
          -0.030428,
          -0.801864,
          -0.596731,
          1.414552
        ],
        [
          0.0,
          0.0,
          0.0,
          1.0
        ]
      ]
    },
    {
      "file_path": "/media/NFS/ttao/scannet/posed_images/scene0303_01/00154.jpg",
      "transform_matrix": [
        [
          -0.976653,
          0.15363,
          -0.150159,
          1.897301
        ],
        [
          0.212129,
          0.579275,
          -0.787046,
          1.600394
        ],
        [
          -0.033931,
          -0.800523,
          -0.59834,
          1.414273
        ],
        [
          0.0,
          0.0,
          0.0,
          1.0
        ]
      ]
    },
    {
      "file_path": "/media/NFS/ttao/scannet/posed_images/scene0303_01/00157.jpg",
      "transform_matrix": [
        [
          -0.972573,
          0.167879,
          -0.16099,
          1.883231
        ],
        [
          0.229229,
          0.574432,
          -0.7858,
          1.595932
        ],
        [
          -0.039441,
          -0.801152,
          -0.59716,
          1.41398
        ],
        [
          0.0,
          0.0,
          0.0,
          1.0
        ]
      ]
    },
    {
      "file_path": "/media/NFS/ttao/scannet/posed_images/scene0303_01/00162.jpg",
      "transform_matrix": [
        [
          -0.962655,
          0.190928,
          -0.191942,
          1.853495
        ],
        [
          0.267848,
          0.568469,
          -0.777882,
          1.587278
        ],
        [
          -0.039406,
          -0.800243,
          -0.598379,
          1.414117
        ],
        [
          0.0,
          0.0,
          0.0,
          1.0
        ]
      ]
    },
    {
      "file_path": "/media/NFS/ttao/scannet/posed_images/scene0303_01/00167.jpg",
      "transform_matrix": [
        [
          -0.952758,
          0.198791,
          -0.229638,
          1.828858
        ],
        [
          0.302931,
          0.567172,
          -0.765865,
          1.577259
        ],
        [
          -0.022002,
          -0.799249,
          -0.600597,
          1.41223
        ],
        [
          0.0,
          0.0,
          0.0,
          1.0
        ]
      ]
    },
    {
      "file_path": "/media/NFS/ttao/scannet/posed_images/scene0303_01/00170.jpg",
      "transform_matrix": [
        [
          -0.944718,
          0.208802,
          -0.252802,
          1.829545
        ],
        [
          0.32763,
          0.570897,
          -0.752818,
          1.567038
        ],
        [
          -0.012865,
          -0.794027,
          -0.607747,
          1.410154
        ],
        [
          0.0,
          0.0,
          0.0,
          1.0
        ]
      ]
    },
    {
      "file_path": "/media/NFS/ttao/scannet/posed_images/scene0303_01/00173.jpg",
      "transform_matrix": [
        [
          -0.942353,
          0.202957,
          -0.266044,
          1.839513
        ],
        [
          0.334619,
          0.568826,
          -0.75131,
          1.558899
        ],
        [
          -0.00115,
          -0.797023,
          -0.603948,
          1.409673
        ],
        [
          0.0,
          0.0,
          0.0,
          1.0
        ]
      ]
    },
    {
      "file_path": "/media/NFS/ttao/scannet/posed_images/scene0303_01/00178.jpg",
      "transform_matrix": [
        [
          -0.927193,
          0.223723,
          -0.300434,
          1.885001
        ],
        [
          0.374432,
          0.530733,
          -0.760344,
          1.534589
        ],
        [
          -0.010656,
          -0.817478,
          -0.575861,
          1.412411
        ],
        [
          0.0,
          0.0,
          0.0,
          1.0
        ]
      ]
    },
    {
      "file_path": "/media/NFS/ttao/scannet/posed_images/scene0303_01/00179.jpg",
      "transform_matrix": [
        [
          -0.924901,
          0.228726,
          -0.303714,
          1.896408
        ],
        [
          0.379956,
          0.526993,
          -0.760205,
          1.528537
        ],
        [
          -0.013824,
          -0.818513,
          -0.574322,
          1.413201
        ],
        [
          0.0,
          0.0,
          0.0,
          1.0
        ]
      ]
    },
    {
      "file_path": "/media/NFS/ttao/scannet/posed_images/scene0303_01/00185.jpg",
      "transform_matrix": [
        [
          -0.916815,
          0.248689,
          -0.312417,
          2.003356
        ],
        [
          0.398118,
          0.508821,
          -0.763284,
          1.482084
        ],
        [
          -0.030856,
          -0.824169,
          -0.565502,
          1.412023
        ],
        [
          0.0,
          0.0,
          0.0,
          1.0
        ]
      ]
    },
    {
      "file_path": "/media/NFS/ttao/scannet/posed_images/scene0303_01/00186.jpg",
      "transform_matrix": [
        [
          -0.914126,
          0.252143,
          -0.317487,
          2.020461
        ],
        [
          0.404215,
          0.506208,
          -0.761816,
          1.475538
        ],
        [
          -0.031371,
          -0.824729,
          -0.564658,
          1.411561
        ],
        [
          0.0,
          0.0,
          0.0,
          1.0
        ]
      ]
    },
    {
      "file_path": "/media/NFS/ttao/scannet/posed_images/scene0303_01/00190.jpg",
      "transform_matrix": [
        [
          -0.90952,
          0.27301,
          -0.31343,
          2.072215
        ],
        [
          0.41379,
          0.523263,
          -0.744965,
          1.457333
        ],
        [
          -0.039377,
          -0.807255,
          -0.588887,
          1.418741
        ],
        [
          0.0,
          0.0,
          0.0,
          1.0
        ]
      ]
    },
    {
      "file_path": "/media/NFS/ttao/scannet/posed_images/scene0303_01/00196.jpg",
      "transform_matrix": [
        [
          -0.896485,
          0.249543,
          -0.366119,
          2.143184
        ],
        [
          0.442732,
          0.47204,
          -0.762343,
          1.45216
        ],
        [
          -0.017414,
          -0.845522,
          -0.533657,
          1.435437
        ],
        [
          0.0,
          0.0,
          0.0,
          1.0
        ]
      ]
    },
    {
      "file_path": "/media/NFS/ttao/scannet/posed_images/scene0303_01/00199.jpg",
      "transform_matrix": [
        [
          -0.88781,
          0.234429,
          -0.396025,
          2.16941
        ],
        [
          0.459955,
          0.480584,
          -0.746646,
          1.449344
        ],
        [
          0.015288,
          -0.845034,
          -0.534494,
          1.436653
        ],
        [
          0.0,
          0.0,
          0.0,
          1.0
        ]
      ]
    },
    {
      "file_path": "/media/NFS/ttao/scannet/posed_images/scene0303_01/00200.jpg",
      "transform_matrix": [
        [
          -0.883081,
          0.229919,
          -0.409029,
          2.173499
        ],
        [
          0.468532,
          0.479264,
          -0.742148,
          1.451304
        ],
        [
          0.025399,
          -0.84702,
          -0.530953,
          1.435996
        ],
        [
          0.0,
          0.0,
          0.0,
          1.0
        ]
      ]
    },
    {
      "file_path": "/media/NFS/ttao/scannet/posed_images/scene0303_01/00204.jpg",
      "transform_matrix": [
        [
          -0.87009,
          0.242149,
          -0.429311,
          2.206611
        ],
        [
          0.492533,
          0.460448,
          -0.738511,
          1.450655
        ],
        [
          0.018846,
          -0.854021,
          -0.519897,
          1.443542
        ],
        [
          0.0,
          0.0,
          0.0,
          1.0
        ]
      ]
    },
    {
      "file_path": "/media/NFS/ttao/scannet/posed_images/scene0303_01/00210.jpg",
      "transform_matrix": [
        [
          -0.848705,
          0.296773,
          -0.437752,
          2.24542
        ],
        [
          0.527999,
          0.428054,
          -0.733476,
          1.45383
        ],
        [
          -0.030294,
          -0.853637,
          -0.519987,
          1.459756
        ],
        [
          0.0,
          0.0,
          0.0,
          1.0
        ]
      ]
    },
    {
      "file_path": "/media/NFS/ttao/scannet/posed_images/scene0303_01/00211.jpg",
      "transform_matrix": [
        [
          -0.84532,
          0.299768,
          -0.442238,
          2.252722
        ],
        [
          0.533435,
          0.427541,
          -0.729833,
          1.453828
        ],
        [
          -0.029706,
          -0.852847,
          -0.521315,
          1.463649
        ],
        [
          0.0,
          0.0,
          0.0,
          1.0
        ]
      ]
    },
    {
      "file_path": "/media/NFS/ttao/scannet/posed_images/scene0303_01/00216.jpg",
      "transform_matrix": [
        [
          -0.811347,
          0.348869,
          -0.469049,
          2.290016
        ],
        [
          0.583002,
          0.424278,
          -0.69289,
          1.455472
        ],
        [
          -0.04272,
          -0.83563,
          -0.547628,
          1.473571
        ],
        [
          0.0,
          0.0,
          0.0,
          1.0
        ]
      ]
    },
    {
      "file_path": "/media/NFS/ttao/scannet/posed_images/scene0303_01/00218.jpg",
      "transform_matrix": [
        [
          -0.786779,
          0.380546,
          -0.485967,
          2.299543
        ],
        [
          0.614929,
          0.415264,
          -0.670387,
          1.451958
        ],
        [
          -0.053308,
          -0.826281,
          -0.560729,
          1.473738
        ],
        [
          0.0,
          0.0,
          0.0,
          1.0
        ]
      ]
    },
    {
      "file_path": "/media/NFS/ttao/scannet/posed_images/scene0303_01/00222.jpg",
      "transform_matrix": [
        [
          -0.760921,
          0.342186,
          -0.551278,
          2.319449
        ],
        [
          0.648804,
          0.410751,
          -0.640575,
          1.442158
        ],
        [
          0.007242,
          -0.845099,
          -0.534561,
          1.473594
        ],
        [
          0.0,
          0.0,
          0.0,
          1.0
        ]
      ]
    },
    {
      "file_path": "/media/NFS/ttao/scannet/posed_images/scene0303_01/00225.jpg",
      "transform_matrix": [
        [
          -0.718004,
          0.400975,
          -0.568938,
          2.332442
        ],
        [
          0.696009,
          0.421256,
          -0.581476,
          1.425526
        ],
        [
          0.006511,
          -0.813488,
          -0.581546,
          1.466903
        ],
        [
          0.0,
          0.0,
          0.0,
          1.0
        ]
      ]
    },
    {
      "file_path": "/media/NFS/ttao/scannet/posed_images/scene0303_01/00231.jpg",
      "transform_matrix": [
        [
          -0.635131,
          0.462872,
          -0.618351,
          2.350747
        ],
        [
          0.772044,
          0.355974,
          -0.526527,
          1.392208
        ],
        [
          -0.023597,
          -0.811808,
          -0.583448,
          1.462905
        ],
        [
          0.0,
          0.0,
          0.0,
          1.0
        ]
      ]
    },
    {
      "file_path": "/media/NFS/ttao/scannet/posed_images/scene0303_01/00235.jpg",
      "transform_matrix": [
        [
          -0.604817,
          0.45015,
          -0.656933,
          2.357755
        ],
        [
          0.795984,
          0.316214,
          -0.516157,
          1.379492
        ],
        [
          -0.024617,
          -0.835089,
          -0.549564,
          1.46301
        ],
        [
          0.0,
          0.0,
          0.0,
          1.0
        ]
      ]
    },
    {
      "file_path": "/media/NFS/ttao/scannet/posed_images/scene0303_01/00236.jpg",
      "transform_matrix": [
        [
          -0.600753,
          0.446239,
          -0.6633,
          2.359546
        ],
        [
          0.799211,
          0.3156,
          -0.511526,
          1.378661
        ],
        [
          -0.018925,
          -0.837417,
          -0.546237,
          1.46314
        ],
        [
          0.0,
          0.0,
          0.0,
          1.0
        ]
      ]
    },
    {
      "file_path": "/media/NFS/ttao/scannet/posed_images/scene0303_01/00240.jpg",
      "transform_matrix": [
        [
          -0.560909,
          0.436907,
          -0.703202,
          2.364441
        ],
        [
          0.827863,
          0.291045,
          -0.479515,
          1.380735
        ],
        [
          -0.00484,
          -0.85112,
          -0.524949,
          1.463677
        ],
        [
          0.0,
          0.0,
          0.0,
          1.0
        ]
      ]
    },
    {
      "file_path": "/media/NFS/ttao/scannet/posed_images/scene0303_01/00243.jpg",
      "transform_matrix": [
        [
          -0.537748,
          0.44074,
          -0.718732,
          2.362408
        ],
        [
          0.843088,
          0.275611,
          -0.461781,
          1.386499
        ],
        [
          -0.005435,
          -0.854276,
          -0.519792,
          1.46178
        ],
        [
          0.0,
          0.0,
          0.0,
          1.0
        ]
      ]
    },
    {
      "file_path": "/media/NFS/ttao/scannet/posed_images/scene0303_01/00249.jpg",
      "transform_matrix": [
        [
          -0.447548,
          0.452858,
          -0.771116,
          2.344155
        ],
        [
          0.894123,
          0.241674,
          -0.377011,
          1.395606
        ],
        [
          0.015627,
          -0.858204,
          -0.513071,
          1.455444
        ],
        [
          0.0,
          0.0,
          0.0,
          1.0
        ]
      ]
    },
    {
      "file_path": "/media/NFS/ttao/scannet/posed_images/scene0303_01/00252.jpg",
      "transform_matrix": [
        [
          -0.431323,
          0.429791,
          -0.793247,
          2.331399
        ],
        [
          0.901735,
          0.233511,
          -0.363794,
          1.402993
        ],
        [
          0.028877,
          -0.872211,
          -0.488277,
          1.451398
        ],
        [
          0.0,
          0.0,
          0.0,
          1.0
        ]
      ]
    },
    {
      "file_path": "/media/NFS/ttao/scannet/posed_images/scene0303_01/00256.jpg",
      "transform_matrix": [
        [
          -0.437633,
          0.404476,
          -0.803042,
          2.319268
        ],
        [
          0.89839,
          0.233491,
          -0.37199,
          1.409101
        ],
        [
          0.037042,
          -0.88424,
          -0.465561,
          1.456
        ],
        [
          0.0,
          0.0,
          0.0,
          1.0
        ]
      ]
    },
    {
      "file_path": "/media/NFS/ttao/scannet/posed_images/scene0303_01/00257.jpg",
      "transform_matrix": [
        [
          -0.432713,
          0.403269,
          -0.806308,
          2.315517
        ],
        [
          0.900802,
          0.229383,
          -0.3687,
          1.410969
        ],
        [
          0.036268,
          -0.885865,
          -0.462523,
          1.458142
        ],
        [
          0.0,
          0.0,
          0.0,
          1.0
        ]
      ]
    },
    {
      "file_path": "/media/NFS/ttao/scannet/posed_images/scene0303_01/00261.jpg",
      "transform_matrix": [
        [
          -0.394709,
          0.386467,
          -0.833576,
          2.302582
        ],
        [
          0.91769,
          0.210528,
          -0.336932,
          1.414941
        ],
        [
          0.045278,
          -0.897954,
          -0.437754,
          1.463785
        ],
        [
          0.0,
          0.0,
          0.0,
          1.0
        ]
      ]
    },
    {
      "file_path": "/media/NFS/ttao/scannet/posed_images/scene0303_01/00265.jpg",
      "transform_matrix": [
        [
          -0.354408,
          0.359377,
          -0.863275,
          2.29019
        ],
        [
          0.932868,
          0.199502,
          -0.299927,
          1.416056
        ],
        [
          0.064438,
          -0.911618,
          -0.405956,
          1.466307
        ],
        [
          0.0,
          0.0,
          0.0,
          1.0
        ]
      ]
    },
    {
      "file_path": "/media/NFS/ttao/scannet/posed_images/scene0303_01/00269.jpg",
      "transform_matrix": [
        [
          -0.330022,
          0.329552,
          -0.88458,
          2.276948
        ],
        [
          0.94135,
          0.184705,
          -0.282389,
          1.420435
        ],
        [
          0.070325,
          -0.925894,
          -0.37118,
          1.470397
        ],
        [
          0.0,
          0.0,
          0.0,
          1.0
        ]
      ]
    },
    {
      "file_path": "/media/NFS/ttao/scannet/posed_images/scene0303_01/00273.jpg",
      "transform_matrix": [
        [
          -0.311404,
          0.308365,
          -0.898854,
          2.2617
        ],
        [
          0.947731,
          0.169988,
          -0.270021,
          1.432657
        ],
        [
          0.069529,
          -0.935957,
          -0.345182,
          1.473341
        ],
        [
          0.0,
          0.0,
          0.0,
          1.0
        ]
      ]
    },
    {
      "file_path": "/media/NFS/ttao/scannet/posed_images/scene0303_01/00278.jpg",
      "transform_matrix": [
        [
          -0.279808,
          0.31445,
          -0.907099,
          2.25112
        ],
        [
          0.958846,
          0.138956,
          -0.2476,
          1.442362
        ],
        [
          0.048189,
          -0.939049,
