{
  "frames": [
    {
      "file_path": "/media/NFS/ttao/scannet/posed_images/scene0444_01/00000.jpg",
      "transform_matrix": [
        [
          -0.850856,
          -0.378783,
          0.364098,
          0.172172
        ],
        [
          -0.525052,
          0.587843,
          -0.615436,
          0.83169
        ],
        [
          0.019084,
          -0.714818,
          -0.69905,
          1.062329
        ],
        [
          0.0,
          0.0,
          0.0,
          1.0
        ]
      ]
    },
    {
      "file_path": "/media/NFS/ttao/scannet/posed_images/scene0444_01/00001.jpg",
      "transform_matrix": [
        [
          -0.86232,
          -0.366721,
          0.34917,
          0.182317
        ],
        [
          -0.505952,
          0.596213,
          -0.623332,
          0.825682
        ],
        [
          0.020409,
          -0.714175,
          -0.69967,
          1.061974
        ],
        [
          0.0,
          0.0,
          0.0,
          1.0
        ]
      ]
    },
    {
      "file_path": "/media/NFS/ttao/scannet/posed_images/scene0444_01/00002.jpg",
      "transform_matrix": [
        [
          -0.867034,
          -0.361755,
          0.342616,
          0.187182
        ],
        [
          -0.497777,
          0.59901,
          -0.62722,
          0.823099
        ],
        [
          0.02167,
          -0.714367,
          -0.699435,
          1.062686
        ],
        [
          0.0,
          0.0,
          0.0,
          1.0
        ]
      ]
    },
    {
      "file_path": "/media/NFS/ttao/scannet/posed_images/scene0444_01/00003.jpg",
      "transform_matrix": [
        [
          -0.870164,
          -0.359584,
          0.336919,
          0.192103
        ],
        [
          -0.492203,
          0.60168,
          -0.629061,
          0.820562
        ],
        [
          0.023483,
          -0.713218,
          -0.700548,
          1.064538
        ],
        [
          0.0,
          0.0,
          0.0,
          1.0
        ]
      ]
    },
    {
      "file_path": "/media/NFS/ttao/scannet/posed_images/scene0444_01/00004.jpg",
      "transform_matrix": [
        [
          -0.872109,
          -0.358841,
          0.332654,
          0.196128
        ],
        [
          -0.488555,
          0.600774,
          -0.63276,
          0.820397
        ],
        [
          0.02721,
          -0.714355,
          -0.699254,
          1.065929
        ],
        [
          0.0,
          0.0,
          0.0,
          1.0
        ]
      ]
    },
    {
      "file_path": "/media/NFS/ttao/scannet/posed_images/scene0444_01/00005.jpg",
      "transform_matrix": [
        [
          -0.874596,
          -0.355433,
          0.329772,
          0.200752
        ],
        [
          -0.483967,
          0.598873,
          -0.638065,
          0.820344
        ],
        [
          0.029298,
          -0.717648,
          -0.69579,
          1.068558
        ],
        [
          0.0,
          0.0,
          0.0,
          1.0
        ]
      ]
    },
    {
      "file_path": "/media/NFS/ttao/scannet/posed_images/scene0444_01/00006.jpg",
      "transform_matrix": [
        [
          -0.87809,
          -0.34895,
          0.327402,
          0.20622
        ],
        [
          -0.477608,
          0.597513,
          -0.644103,
          0.821075
        ],
        [
          0.029132,
          -0.72195,
          -0.691331,
          1.071002
        ],
        [
          0.0,
          0.0,
          0.0,
          1.0
        ]
      ]
    },
    {
      "file_path": "/media/NFS/ttao/scannet/posed_images/scene0444_01/00007.jpg",
      "transform_matrix": [
        [
          -0.881223,
          -0.341368,
          0.326977,
          0.21064
        ],
        [
          -0.471962,
          0.596737,
          -0.648966,
          0.821511
        ],
        [
          0.026417,
          -0.726205,
          -0.686971,
          1.07307
        ],
        [
          0.0,
          0.0,
          0.0,
          1.0
        ]
      ]
    },
    {
      "file_path": "/media/NFS/ttao/scannet/posed_images/scene0444_01/00008.jpg",
      "transform_matrix": [
        [
          -0.884449,
          -0.333383,
          0.326507,
          0.215633
        ],
        [
          -0.466139,
          0.598849,
          -0.651226,
          0.821884
        ],
        [
          0.021579,
          -0.728173,
          -0.685054,
          1.075212
        ],
        [
          0.0,
          0.0,
          0.0,
          1.0
        ]
      ]
    },
    {
      "file_path": "/media/NFS/ttao/scannet/posed_images/scene0444_01/00009.jpg",
      "transform_matrix": [
        [
          -0.886298,
          -0.329114,
          0.325822,
          0.221407
        ],
        [
          -0.462778,
          0.602531,
          -0.650225,
          0.823336
        ],
        [
          0.01768,
          -0.727076,
          -0.686329,
          1.07673
        ],
        [
          0.0,
          0.0,
          0.0,
          1.0
        ]
      ]
    },
    {
      "file_path": "/media/NFS/ttao/scannet/posed_images/scene0444_01/00010.jpg",
      "transform_matrix": [
        [
          -0.886962,
          -0.327175,
          0.325967,
          0.225017
        ],
        [
          -0.461562,
          0.60339,
          -0.650293,
          0.827202
        ],
        [
          0.016074,
          -0.72724,
          -0.686196,
          1.076433
        ],
        [
          0.0,
          0.0,
          0.0,
          1.0
        ]
      ]
    },
    {
      "file_path": "/media/NFS/ttao/scannet/posed_images/scene0444_01/00011.jpg",
      "transform_matrix": [
        [
          -0.887571,
          -0.326011,
          0.325475,
          0.230785
        ],
        [
          -0.460361,
          0.601785,
          -0.652628,
          0.830887
        ],
        [
          0.016897,
          -0.729089,
          -0.68421,
          1.077373
        ],
        [
          0.0,
          0.0,
          0.0,
          1.0
        ]
      ]
    },
    {
      "file_path": "/media/NFS/ttao/scannet/posed_images/scene0444_01/00012.jpg",
      "transform_matrix": [
        [
          -0.889346,
          -0.322736,
          0.323892,
          0.23632
        ],
        [
          -0.456845,
          0.597929,
          -0.658615,
          0.835053
        ],
        [
          0.018895,
          -0.733705,
          -0.679206,
          1.078401
        ],
        [
          0.0,
          0.0,
          0.0,
          1.0
        ]
      ]
    },
    {
      "file_path": "/media/NFS/ttao/scannet/posed_images/scene0444_01/00013.jpg",
      "transform_matrix": [
        [
          -0.891114,
          -0.319715,
          0.322023,
          0.241257
        ],
        [
          -0.453318,
          0.59519,
          -0.663514,
          0.837223
        ],
        [
          0.02047,
          -0.737246,
          -0.675315,
          1.081298
        ],
        [
          0.0,
          0.0,
          0.0,
          1.0
        ]
      ]
    },
    {
      "file_path": "/media/NFS/ttao/scannet/posed_images/scene0444_01/00014.jpg",
      "transform_matrix": [
        [
          -0.894158,
          -0.313566,
          0.319622,
          0.246251
        ],
        [
          -0.447281,
          0.592799,
          -0.669723,
          0.839637
        ],
        [
          0.020531,
          -0.741799,
          -0.670308,
          1.082975
        ],
        [
          0.0,
          0.0,
          0.0,
          1.0
        ]
      ]
    },
    {
      "file_path": "/media/NFS/ttao/scannet/posed_images/scene0444_01/00015.jpg",
      "transform_matrix": [
        [
          -0.897628,
          -0.308037,
          0.315241,
          0.251676
        ],
        [
          -0.44025,
          0.592427,
          -0.674693,
          0.841058
        ],
        [
          0.021073,
          -0.744408,
          -0.667393,
          1.085799
        ],
        [
          0.0,
          0.0,
          0.0,
          1.0
        ]
      ]
    },
    {
      "file_path": "/media/NFS/ttao/scannet/posed_images/scene0444_01/00016.jpg",
      "transform_matrix": [
        [
          -0.899958,
          -0.303622,
          0.312873,
          0.255057
        ],
        [
          -0.435383,
          0.588439,
          -0.681309,
          0.84223
        ],
        [
          0.022753,
          -0.749369,
          -0.661762,
          1.087707
        ],
        [
          0.0,
          0.0,
          0.0,
          1.0
        ]
      ]
    },
    {
      "file_path": "/media/NFS/ttao/scannet/posed_images/scene0444_01/00017.jpg",
      "transform_matrix": [
        [
          -0.902329,
          -0.29786,
          0.311579,
          0.259274
        ],
        [
          -0.430391,
          0.582686,
          -0.689377,
          0.843291
        ],
        [
          0.023785,
          -0.756146,
          -0.653971,
          1.091025
        ],
        [
          0.0,
          0.0,
          0.0,
          1.0
        ]
      ]
    },
    {
      "file_path": "/media/NFS/ttao/scannet/posed_images/scene0444_01/00018.jpg",
      "transform_matrix": [
        [
          -0.903708,
          -0.291872,
          0.313245,
          0.262418
        ],
        [
          -0.427521,
          0.575534,
          -0.697128,
          0.843954
        ],
        [
          0.023189,
          -0.763919,
          -0.644895,
          1.095489
        ],
        [
          0.0,
          0.0,
          0.0,
          1.0
        ]
      ]
    },
    {
      "file_path": "/media/NFS/ttao/scannet/posed_images/scene0444_01/00019.jpg",
      "transform_matrix": [
        [
          -0.904903,
          -0.285799,
          0.315387,
          0.266294
        ],
        [
          -0.424998,
          0.566774,
          -0.705793,
          0.845245
        ],
        [
          0.022962,
          -0.772713,
          -0.63434,
          1.099698
        ],
        [
          0.0,
          0.0,
          0.0,
          1.0
        ]
      ]
    },
    {
      "file_path": "/media/NFS/ttao/scannet/posed_images/scene0444_01/00020.jpg",
      "transform_matrix": [
        [
          -0.905609,
          -0.280972,
          0.317689,
          0.269053
        ],
        [
          -0.423435,
          0.556676,
          -0.714713,
          0.8469
        ],
        [
          0.023964,
          -0.781771,
          -0.623104,
          1.103134
        ],
        [
          0.0,
          0.0,
          0.0,
          1.0
        ]
      ]
    },
    {
      "file_path": "/media/NFS/ttao/scannet/posed_images/scene0444_01/00021.jpg",
      "transform_matrix": [
        [
          -0.906399,
          -0.274965,
          0.320679,
          0.272426
        ],
        [
          -0.421754,
          0.546364,
          -0.723609,
          0.846864
        ],
        [
          0.02376,
          -0.791126,
          -0.611191,
          1.109988
        ],
        [
          0.0,
          0.0,
          0.0,
          1.0
        ]
      ]
    },
    {
      "file_path": "/media/NFS/ttao/scannet/posed_images/scene0444_01/00022.jpg",
      "transform_matrix": [
        [
          -0.906524,
          -0.271191,
          0.323527,
          0.275951
        ],
        [
          -0.421434,
          0.536617,
          -0.731051,
          0.84663
        ],
        [
          0.024645,
          -0.79906,
          -0.600745,
          1.117115
        ],
        [
          0.0,
          0.0,
          0.0,
          1.0
        ]
      ]
    },
    {
      "file_path": "/media/NFS/ttao/scannet/posed_images/scene0444_01/00023.jpg",
      "transform_matrix": [
        [
          -0.907474,
          -0.266145,
          0.32505,
          0.279549
        ],
        [
          -0.419385,
          0.528508,
          -0.738103,
          0.84668
        ],
        [
          0.024651,
          -0.80613,
          -0.591225,
          1.123589
        ],
        [
          0.0,
          0.0,
          0.0,
          1.0
        ]
      ]
    },
    {
      "file_path": "/media/NFS/ttao/scannet/posed_images/scene0444_01/00024.jpg",
      "transform_matrix": [
        [
          -0.908053,
          -0.261291,
          0.327363,
          0.282831
        ],
        [
          -0.418106,
          0.518727,
          -0.745728,
          0.847312
        ],
        [
          0.02504,
          -0.814033,
          -0.580279,
          1.129189
        ],
        [
          0.0,
          0.0,
          0.0,
          1.0
        ]
      ]
    },
    {
      "file_path": "/media/NFS/ttao/scannet/posed_images/scene0444_01/00025.jpg",
      "transform_matrix": [
        [
          -0.908949,
          -0.255329,
          0.329574,
          0.28593
        ],
        [
          -0.416103,
          0.506517,
          -0.755182,
          0.8477
        ],
        [
          0.025885,
          -0.823558,
          -0.566641,
          1.135811
        ],
        [
          0.0,
          0.0,
          0.0,
          1.0
        ]
      ]
    },
    {
      "file_path": "/media/NFS/ttao/scannet/posed_images/scene0444_01/00026.jpg",
      "transform_matrix": [
        [
          -0.909984,
          -0.250127,
          0.330705,
          0.288395
        ],
        [
          -0.413871,
          0.499219,
          -0.761243,
          0.846287
        ],
        [
          0.025313,
          -0.829588,
          -0.557802,
          1.144971
        ],
        [
          0.0,
          0.0,
          0.0,
          1.0
        ]
      ]
    },
    {
      "file_path": "/media/NFS/ttao/scannet/posed_images/scene0444_01/00027.jpg",
      "transform_matrix": [
        [
          -0.910482,
          -0.245681,
          0.332662,
          0.290512
        ],
        [
          -0.412837,
          0.492776,
          -0.765988,
          0.845627
        ],
        [
          0.024261,
          -0.834753,
          -0.55009,
          1.151696
        ],
        [
          0.0,
          0.0,
          0.0,
          1.0
        ]
      ]
    },
    {
      "file_path": "/media/NFS/ttao/scannet/posed_images/scene0444_01/00028.jpg",
      "transform_matrix": [
        [
          -0.911686,
          -0.239226,
          0.334066,
          0.293156
        ],
        [
          -0.410203,
          0.482983,
          -0.773603,
          0.846217
        ],
        [
          0.023718,
          -0.842317,
          -0.53846,
          1.157596
        ],
        [
          0.0,
          0.0,
          0.0,
          1.0
        ]
      ]
    },
    {
      "file_path": "/media/NFS/ttao/scannet/posed_images/scene0444_01/00029.jpg",
      "transform_matrix": [
        [
          -0.912714,
          -0.232239,
          0.336182,
          0.29447
        ],
        [
          -0.407908,
          0.470052,
          -0.782727,
          0.845689
        ],
        [
          0.023757,
          -0.851537,
          -0.523755,
          1.165412
        ],
        [
          0.0,
          0.0,
          0.0,
          1.0
        ]
      ]
    },
    {
      "file_path": "/media/NFS/ttao/scannet/posed_images/scene0444_01/00030.jpg",
      "transform_matrix": [
        [
          -0.914641,
          -0.222258,
          0.337687,
          0.294012
        ],
        [
          -0.403824,
          0.463227,
          -0.78889,
          0.843336
        ],
        [
          0.018911,
          -0.857917,
          -0.51344,
          1.173227
        ],
        [
          0.0,
          0.0,
          0.0,
          1.0
        ]
      ]
    },
    {
      "file_path": "/media/NFS/ttao/scannet/posed_images/scene0444_01/00031.jpg",
      "transform_matrix": [
        [
          -0.915522,
          -0.215598,
          0.339615,
          0.294829
        ],
        [
          -0.401937,
          0.455943,
          -0.79408,
          0.842053
        ],
        [
          0.016357,
          -0.863501,
          -0.504082,
          1.180867
        ],
        [
          0.0,
          0.0,
          0.0,
          1.0
        ]
      ]
    },
    {
      "file_path": "/media/NFS/ttao/scannet/posed_images/scene0444_01/00032.jpg",
      "transform_matrix": [
        [
          -0.91594,
          -0.210672,
          0.341573,
          0.29658
        ],
        [
          -0.400995,
          0.446367,
          -0.799975,
          0.841521
        ],
        [
          0.016065,
          -0.869698,
          -0.493323,
          1.188684
        ],
        [
          0.0,
          0.0,
          0.0,
          1.0
        ]
      ]
    },
    {
      "file_path": "/media/NFS/ttao/scannet/posed_images/scene0444_01/00033.jpg",
      "transform_matrix": [
        [
          -0.915852,
          -0.207413,
          0.343794,
          0.297685
        ],
        [
          -0.401146,
          0.435944,
          -0.805627,
          0.841407
        ],
        [
          0.017223,
          -0.875747,
          -0.482463,
          1.196471
        ],
        [
          0.0,
          0.0,
          0.0,
          1.0
        ]
      ]
    },
    {
      "file_path": "/media/NFS/ttao/scannet/posed_images/scene0444_01/00034.jpg",
      "transform_matrix": [
        [
          -0.915343,
          -0.204974,
          0.346603,
          0.298273
        ],
        [
          -0.402254,
          0.426022,
          -0.810369,
          0.841438
        ],
        [
          0.018444,
          -0.881187,
          -0.472408,
          1.203672
        ],
        [
          0.0,
          0.0,
          0.0,
          1.0
        ]
      ]
    },
    {
      "file_path": "/media/NFS/ttao/scannet/posed_images/scene0444_01/00035.jpg",
      "transform_matrix": [
        [
          -0.914872,
          -0.204865,
          0.347909,
          0.29987
        ],
        [
          -0.403119,
          0.415509,
          -0.815382,
          0.841949
        ],
        [
          0.022484,
          -0.886218,
          -0.462722,
          1.211111
        ],
        [
          0.0,
          0.0,
          0.0,
          1.0
        ]
      ]
    },
    {
      "file_path": "/media/NFS/ttao/scannet/posed_images/scene0444_01/00036.jpg",
      "transform_matrix": [
        [
          -0.915005,
          -0.205113,
          0.347411,
          0.301655
        ],
        [
          -0.402485,
          0.404807,
          -0.821059,
          0.842704
        ],
        [
          0.027776,
          -0.891101,
          -0.452955,
          1.217987
        ],
        [
          0.0,
          0.0,
          0.0,
          1.0
        ]
      ]
    },
    {
      "file_path": "/media/NFS/ttao/scannet/posed_images/scene0444_01/00037.jpg",
      "transform_matrix": [
        [
          -0.915139,
          -0.204809,
          0.347237,
          0.302769
        ],
        [
          -0.401952,
          0.39754,
          -0.824861,
          0.842263
        ],
        [
          0.030898,
          -0.894436,
          -0.446128,
          1.225464
        ],
        [
          0.0,
          0.0,
          0.0,
          1.0
        ]
      ]
    },
    {
      "file_path": "/media/NFS/ttao/scannet/posed_images/scene0444_01/00038.jpg",
      "transform_matrix": [
        [
          -0.916896,
          -0.203148,
          0.343559,
          0.305178
        ],
        [
          -0.397738,
          0.393313,
          -0.828921,
          0.842217
        ],
        [
          0.033268,
          -0.89668,
          -0.441427,
          1.23276
        ],
        [
          0.0,
          0.0,
          0.0,
          1.0
        ]
      ]
    },
    {
      "file_path": "/media/NFS/ttao/scannet/posed_images/scene0444_01/00039.jpg",
      "transform_matrix": [
        [
          -0.918536,
          -0.202338,
          0.339634,
          0.306579
        ],
        [
          -0.393553,
          0.386442,
          -0.834134,
          0.842418
        ],
        [
          0.037528,
          -0.899845,
          -0.434592,
          1.239918
        ],
        [
          0.0,
          0.0,
          0.0,
          1.0
        ]
      ]
    },
    {
      "file_path": "/media/NFS/ttao/scannet/posed_images/scene0444_01/00040.jpg",
      "transform_matrix": [
        [
          -0.921134,
          -0.198886,
          0.334599,
          0.308612
        ],
        [
          -0.38708,
          0.377485,
          -0.841234,
          0.843524
        ],
        [
          0.041003,
          -0.904405,
          -0.424699,
          1.245955
        ],
        [
          0.0,
          0.0,
          0.0,
          1.0
        ]
      ]
    },
    {
      "file_path": "/media/NFS/ttao/scannet/posed_images/scene0444_01/00041.jpg",
      "transform_matrix": [
        [
          -0.922804,
          -0.195452,
          0.332012,
          0.309341
        ],
        [
          -0.382899,
          0.369782,
          -0.846552,
          0.842579
        ],
        [
          0.042688,
          -0.908328,
          -0.416075,
          1.256693
        ],
        [
          0.0,
          0.0,
          0.0,
          1.0
        ]
      ]
    },
    {
      "file_path": "/media/NFS/ttao/scannet/posed_images/scene0444_01/00042.jpg",
      "transform_matrix": [
        [
          -0.92435,
          -0.190126,
          0.330802,
          0.310158
        ],
        [
          -0.378978,
          0.357081,
          -0.853738,
          0.843156
        ],
        [
          0.044195,
          -0.914519,
          -0.402121,
          1.26616
        ],
        [
          0.0,
          0.0,
          0.0,
          1.0
        ]
      ]
    },
    {
      "file_path": "/media/NFS/ttao/scannet/posed_images/scene0444_01/00043.jpg",
      "transform_matrix": [
        [
          -0.925546,
          -0.181836,
          0.332114,
          0.309695
        ],
        [
          -0.376254,
          0.343477,
          -0.860498,
          0.843698
        ],
        [
          0.042396,
          -0.92139,
          -0.38632,
          1.275769
        ],
        [
          0.0,
          0.0,
          0.0,
          1.0
        ]
      ]
    },
    {
      "file_path": "/media/NFS/ttao/scannet/posed_images/scene0444_01/00044.jpg",
      "transform_matrix": [
        [
          -0.927276,
          -0.174007,
          0.331481,
          0.310971
        ],
        [
          -0.372097,
          0.330775,
          -0.867255,
          0.844932
        ],
        [
          0.041263,
          -0.927529,
          -0.371467,
          1.286232
        ],
        [
          0.0,
          0.0,
          0.0,
          1.0
        ]
      ]
    },
    {
      "file_path": "/media/NFS/ttao/scannet/posed_images/scene0444_01/00045.jpg",
      "transform_matrix": [
        [
          -0.927906,
          -0.166135,
          0.333751,
          0.31022
        ],
        [
          -0.370881,
          0.320313,
          -0.871692,
          0.84452
        ],
        [
          0.037913,
          -0.93263,
          -0.358836,
          1.297015
        ],
        [
          0.0,
          0.0,
          0.0,
          1.0
        ]
      ]
    },
    {
      "file_path": "/media/NFS/ttao/scannet/posed_images/scene0444_01/00046.jpg",
      "transform_matrix": [
        [
          -0.928026,
          -0.158139,
          0.337283,
          0.309503
        ],
        [
          -0.37095,
          0.309383,
          -0.875602,
          0.844231
        ],
        [
          0.034117,
          -0.937696,
          -0.345777,
          1.307633
        ],
        [
          0.0,
          0.0,
          0.0,
          1.0
        ]
      ]
    },
    {
      "file_path": "/media/NFS/ttao/scannet/posed_images/scene0444_01/00047.jpg",
      "transform_matrix": [
        [
          -0.927786,
          -0.15005,
          0.341612,
          0.308243
        ],
        [
          -0.371926,
          0.298908,
          -0.87882,
          0.844142
        ],
        [
          0.029756,
          -0.942411,
          -0.33313,
          1.317491
        ],
        [
          0.0,
          0.0,
          0.0,
          1.0
        ]
      ]
    },
    {
      "file_path": "/media/NFS/ttao/scannet/posed_images/scene0444_01/00048.jpg",
      "transform_matrix": [
        [
          -0.927463,
          -0.143459,
          0.345299,
          0.307312
        ],
        [
          -0.373002,
          0.290475,
          -0.881189,
          0.843855
        ],
        [
          0.026114,
          -0.946067,
          -0.322915,
          1.326506
        ],
        [
          0.0,
          0.0,
          0.0,
          1.0
        ]
      ]
    },
    {
      "file_path": "/media/NFS/ttao/scannet/posed_images/scene0444_01/00049.jpg",
      "transform_matrix": [
        [
          -0.926742,
          -0.137661,
          0.349568,
          0.306525
        ],
        [
          -0.375005,
          0.282492,
          -0.882932,
          0.843669
        ],
        [
          0.022795,
          -0.949341,
          -0.313421,
          1.334713
        ],
        [
          0.0,
          0.0,
          0.0,
          1.0
        ]
      ]
    },
    {
      "file_path": "/media/NFS/ttao/scannet/posed_images/scene0444_01/00050.jpg",
      "transform_matrix": [
        [
          -0.925903,
          -0.138113,
          0.351608,
          0.307853
        ],
        [
          -0.376975,
          0.277817,
          -0.883576,
          0.842704
        ],
        [
          0.024351,
          -0.950654,
          -0.309297,
          1.345188
        ],
        [
          0.0,
          0.0,
          0.0,
          1.0
        ]
      ]
    },
    {
      "file_path": "/media/NFS/ttao/scannet/posed_images/scene0444_01/00051.jpg",
      "transform_matrix": [
        [
          -0.926454,
          -0.133837,
          0.351811,
          0.308096
        ],
        [
          -0.375636,
          0.268893,
          -0.886902,
          0.842896
        ],
        [
          0.0241,
          -0.953826,
          -0.299391,
          1.353722
        ],
        [
          0.0,
          0.0,
          0.0,
          1.0
        ]
      ]
    },
    {
      "file_path": "/media/NFS/ttao/scannet/posed_images/scene0444_01/00052.jpg",
      "transform_matrix": [
        [
          -0.927284,
          -0.128106,
          0.351756,
          0.307393
        ],
        [
          -0.373699,
          0.261033,
          -0.890063,
          0.842773
        ],
        [
          0.022203,
          -0.956792,
          -0.289925,
          1.35997
        ],
        [
          0.0,
          0.0,
          0.0,
          1.0
        ]
      ]
    },
    {
      "file_path": "/media/NFS/ttao/scannet/posed_images/scene0444_01/00053.jpg",
      "transform_matrix": [
        [
          -0.927661,
          -0.123896,
          0.35227,
          0.306906
        ],
        [
          -0.372811,
          0.253339,
          -0.892654,
          0.842541
        ],
        [
          0.021352,
          -0.959411,
          -0.281203,
          1.36654
        ],
        [
          0.0,
          0.0,
          0.0,
          1.0
        ]
      ]
    },
    {
      "file_path": "/media/NFS/ttao/scannet/posed_images/scene0444_01/00054.jpg",
      "transform_matrix": [
        [
          -0.927461,
          -0.121136,
          0.353754,
          0.305851
        ],
        [
          -0.373256,
          0.24359,
          -0.895178,
          0.842299
        ],
        [
          0.022268,
          -0.962284,
          -0.271135,
          1.37258
        ],
        [
          0.0,
          0.0,
          0.0,
          1.0
        ]
      ]
    },
    {
      "file_path": "/media/NFS/ttao/scannet/posed_images/scene0444_01/00055.jpg",
      "transform_matrix": [
        [
          -0.927879,
          -0.120341,
          0.35293,
          0.305972
        ],
        [
          -0.371998,
          0.233587,
          -0.898362,
          0.842807
        ],
        [
          0.02567,
          -0.96486,
          -0.261507,
          1.378783
        ],
        [
          0.0,
          0.0,
          0.0,
          1.0
        ]
      ]
    },
    {
      "file_path": "/media/NFS/ttao/scannet/posed_images/scene0444_01/00056.jpg",
      "transform_matrix": [
        [
          -0.927854,
          -0.121425,
          0.352623,
          0.305666
        ],
        [
          -0.371744,
          0.22535,
          -0.900568,
          0.842904
        ],
        [
          0.029888,
          -0.966682,
          -0.254231,
          1.384345
        ],
        [
          0.0,
          0.0,
          0.0,
          1.0
        ]
      ]
    },
    {
      "file_path": "/media/NFS/ttao/scannet/posed_images/scene0444_01/00057.jpg",
      "transform_matrix": [
        [
          -0.927384,
          -0.122443,
          0.353505,
          0.305177
        ],
        [
          -0.372612,
          0.217829,
          -0.902059,
          0.843014
        ],
        [
          0.033447,
          -0.968276,
          -0.247635,
          1.389505
        ],
        [
          0.0,
          0.0,
          0.0,
          1.0
        ]
      ]
    },
    {
      "file_path": "/media/NFS/ttao/scannet/posed_images/scene0444_01/00058.jpg",
      "transform_matrix": [
        [
          -0.927024,
          -0.125006,
          0.353554,
          0.305388
        ],
        [
          -0.373029,
          0.210799,
          -0.903556,
          0.843355
        ],
        [
          0.038421,
          -0.969504,
          -0.242046,
          1.394877
        ],
        [
          0.0,
          0.0,
          0.0,
          1.0
        ]
      ]
    },
    {
      "file_path": "/media/NFS/ttao/scannet/posed_images/scene0444_01/00059.jpg",
      "transform_matrix": [
        [
          -0.927364,
          -0.125944,
          0.352327,
          0.305582
        ],
        [
          -0.371778,
          0.204073,
          -0.905613,
          0.843852
        ],
        [
          0.042156,
          -0.97082,
          -0.236073,
          1.399626
        ],
        [
          0.0,
          0.0,
          0.0,
          1.0
        ]
      ]
    },
    {
      "file_path": "/media/NFS/ttao/scannet/posed_images/scene0444_01/00060.jpg",
      "transform_matrix": [
        [
          -0.928107,
          -0.123671,
          0.351175,
          0.304631
        ],
        [
          -0.369714,
          0.194842,
          -0.908487,
          0.846313
        ],
        [
          0.04393,
          -0.973007,
          -0.226557,
          1.398186
        ],
        [
          0.0,
          0.0,
          0.0,
          1.0
        ]
      ]
    },
    {
      "file_path": "/media/NFS/ttao/scannet/posed_images/scene0444_01/00061.jpg",
      "transform_matrix": [
        [
          -0.928478,
          -0.117341,
          0.352364,
          0.303833
        ],
        [
          -0.369096,
          0.186309,
          -0.910526,
          0.847271
        ],
        [
          0.041194,
          -0.975459,
          -0.216294,
          1.403487
        ],
        [
          0.0,
          0.0,
          0.0,
          1.0
        ]
      ]
    },
    {
      "file_path": "/media/NFS/ttao/scannet/posed_images/scene0444_01/00062.jpg",
      "transform_matrix": [
        [
          -0.928117,
          -0.112627,
          0.354844,
          0.303518
        ],
        [
          -0.370124,
          0.176503,
          -0.912061,
          0.848396
        ],
        [
          0.040092,
          -0.977835,
          -0.205501,
          1.409192
        ],
        [
          0.0,
          0.0,
          0.0,
          1.0
        ]
      ]
    },
    {
      "file_path": "/media/NFS/ttao/scannet/posed_images/scene0444_01/00063.jpg",
      "transform_matrix": [
        [
          -0.927745,
          -0.105964,
          0.357856,
          0.302736
        ],
        [
          -0.371428,
          0.168447,
          -0.913054,
          0.84912
        ],
        [
          0.036471,
          -0.979998,
          -0.195634,
          1.414937
        ],
        [
          0.0,
          0.0,
          0.0,
          1.0
        ]
      ]
    },
    {
      "file_path": "/media/NFS/ttao/scannet/posed_images/scene0444_01/00064.jpg",
      "transform_matrix": [
        [
          -0.927512,
          -0.098538,
          0.360571,
          0.302347
        ],
        [
          -0.372404,
          0.160508,
          -0.914086,
          0.850199
        ],
        [
          0.032198,
          -0.982104,
          -0.185569,
          1.42051
        ],
        [
          0.0,
          0.0,
          0.0,
          1.0
        ]
      ]
    },
    {
      "file_path": "/media/NFS/ttao/scannet/posed_images/scene0444_01/00065.jpg",
      "transform_matrix": [
        [
          -0.927517,
          -0.092055,
          0.362267,
          0.302404
        ],
        [
          -0.37271,
          0.154472,
          -0.915001,
          0.850869
        ],
        [
          0.028271,
          -0.983699,
          -0.177585,
          1.426476
        ],
        [
          0.0,
          0.0,
          0.0,
          1.0
        ]
      ]
    },
    {
      "file_path": "/media/NFS/ttao/scannet/posed_images/scene0444_01/00066.jpg",
      "transform_matrix": [
        [
          -0.927618,
          -0.086295,
          0.363425,
          0.302517
        ],
        [
          -0.372673,
          0.147957,
          -0.916091,
          0.851756
        ],
        [
          0.025283,
          -0.985222,
          -0.169407,
          1.432046
        ],
        [
          0.0,
          0.0,
          0.0,
          1.0
        ]
      ]
    },
    {
      "file_path": "/media/NFS/ttao/scannet/posed_images/scene0444_01/00067.jpg",
      "transform_matrix": [
        [
          -0.927534,
          -0.080222,
          0.365029,
          0.302538
        ],
        [
          -0.373126,
          0.142768,
          -0.916731,
          0.852272
        ],
        [
          0.021427,
          -0.9865,
          -0.162355,
          1.439609
        ],
        [
          0.0,
          0.0,
          0.0,
          1.0
        ]
      ]
    },
    {
      "file_path": "/media/NFS/ttao/scannet/posed_images/scene0444_01/00068.jpg",
      "transform_matrix": [
        [
          -0.927316,
          -0.07463,
          0.366764,
          0.30209
        ],
        [
          -0.373766,
          0.133304,
          -0.917894,
          0.852927
        ],
        [
          0.019611,
          -0.988261,
          -0.151509,
          1.445622
        ],
        [
          0.0,
          0.0,
          0.0,
          1.0
        ]
      ]
    },
    {
      "file_path": "/media/NFS/ttao/scannet/posed_images/scene0444_01/00069.jpg",
      "transform_matrix": [
        [
          -0.927986,
          -0.068566,
          0.366253,
          0.302709
        ],
        [
          -0.372219,
          0.125213,
          -0.91966,
          0.854565
        ],
        [
          0.017198,
          -0.989758,
          -0.141717,
          1.453454
        ],
        [
          0.0,
          0.0,
          0.0,
          1.0
        ]
      ]
    },
    {
      "file_path": "/media/NFS/ttao/scannet/posed_images/scene0444_01/00070.jpg",
      "transform_matrix": [
        [
          -0.928293,
          -0.061523,
          0.366726,
          0.302574
        ],
        [
          -0.371646,
          0.120713,
          -0.920493,
          0.855815
        ],
        [
          0.012363,
          -0.990779,
          -0.134922,
          1.462933
        ],
        [
          0.0,
          0.0,
          0.0,
          1.0
        ]
      ]
    },
    {
      "file_path": "/media/NFS/ttao/scannet/posed_images/scene0444_01/00071.jpg",
      "transform_matrix": [
        [
          -0.927841,
          -0.056715,
          0.368639,
          0.302733
        ],
        [
          -0.372799,
          0.110551,
          -0.921303,
          0.857409
        ],
        [
          0.011499,
          -0.992251,
          -0.123717,
          1.469976
        ],
        [
          0.0,
          0.0,
          0.0,
          1.0
        ]
      ]
    },
    {
      "file_path": "/media/NFS/ttao/scannet/posed_images/scene0444_01/00072.jpg",
      "transform_matrix": [
        [
          -0.926837,
          -0.052381,
          0.371793,
          0.302728
        ],
        [
          -0.3753,
          0.099833,
          -0.921512,
          0.858863
        ],
        [
          0.011152,
          -0.993624,
          -0.112188,
          1.475561
        ],
        [
          0.0,
          0.0,
          0.0,
          1.0
        ]
      ]
    },
    {
      "file_path": "/media/NFS/ttao/scannet/posed_images/scene0444_01/00073.jpg",
      "transform_matrix": [
        [
          -0.925995,
          -0.049406,
          0.374289,
          0.303235
        ],
        [
          -0.377367,
          0.09148,
          -0.921534,
          0.860332
        ],
        [
          0.011289,
          -0.99458,
          -0.103354,
          1.481964
        ],
        [
          0.0,
          0.0,
          0.0,
          1.0
        ]
      ]
    },
    {
      "file_path": "/media/NFS/ttao/scannet/posed_images/scene0444_01/00074.jpg",
      "transform_matrix": [
        [
          -0.925304,
          -0.043641,
          0.376707,
          0.303673
        ],
        [
          -0.379129,
          0.083935,
          -0.921529,
          0.861715
        ],
        [
          0.008597,
          -0.995515,
          -0.094211,
          1.487935
        ],
        [
          0.0,
          0.0,
          0.0,
          1.0
        ]
      ]
    },
    {
      "file_path": "/media/NFS/ttao/scannet/posed_images/scene0444_01/00075.jpg",
      "transform_matrix": [
        [
          -0.925217,
          -0.037375,
          0.377593,
          0.303614
        ],
        [
          -0.379398,
          0.076495,
          -0.922066,
          0.862814
        ],
        [
          0.005578,
          -0.996369,
          -0.084954,
          1.494691
        ],
        [
          0.0,
          0.0,
          0.0,
          1.0
        ]
      ]
    },
    {
      "file_path": "/media/NFS/ttao/scannet/posed_images/scene0444_01/00076.jpg",
      "transform_matrix": [
        [
          -0.925651,
          -0.028008,
          0.377341,
          0.30289
        ],
        [
          -0.378379,
          0.068407,
          -0.923119,
          0.863927
        ],
        [
          4.2e-05,
          -0.997264,
          -0.073919,
          1.500704
        ],
        [
          0.0,
          0.0,
          0.0,
          1.0
        ]
      ]
    },
    {
      "file_path": "/media/NFS/ttao/scannet/posed_images/scene0444_01/00077.jpg",
      "transform_matrix": [
        [
          -0.926349,
          -0.018481,
          0.376213,
          0.302112
        ],
        [
          -0.376629,
          0.059541,
          -0.924449,
          0.865366
        ],
        [
