{
  "frames": [
    {
      "file_path": "/media/NFS/ttao/scannet/posed_images/scene0351_00/00000.jpg",
      "transform_matrix": [
        [
          0.442194,
          0.372059,
          -0.816111,
          3.243612
        ],
        [
          0.895716,
          -0.230313,
          0.380328,
          1.309995
        ],
        [
          -0.046456,
          -0.899182,
          -0.435102,
          1.570786
        ],
        [
          0.0,
          0.0,
          0.0,
          1.0
        ]
      ]
    },
    {
      "file_path": "/media/NFS/ttao/scannet/posed_images/scene0351_00/00007.jpg",
      "transform_matrix": [
        [
          0.452727,
          0.367118,
          -0.812565,
          3.245756
        ],
        [
          0.890844,
          -0.22497,
          0.394698,
          1.307945
        ],
        [
          -0.037902,
          -0.902559,
          -0.428895,
          1.573002
        ],
        [
          0.0,
          0.0,
          0.0,
          1.0
        ]
      ]
    },
    {
      "file_path": "/media/NFS/ttao/scannet/posed_images/scene0351_00/00012.jpg",
      "transform_matrix": [
        [
          0.452722,
          0.363812,
          -0.814054,
          3.247163
        ],
        [
          0.890938,
          -0.221102,
          0.396667,
          1.301243
        ],
        [
          -0.035677,
          -0.904851,
          -0.424232,
          1.574969
        ],
        [
          0.0,
          0.0,
          0.0,
          1.0
        ]
      ]
    },
    {
      "file_path": "/media/NFS/ttao/scannet/posed_images/scene0351_00/00013.jpg",
      "transform_matrix": [
        [
          0.452108,
          0.364004,
          -0.814309,
          3.246248
        ],
        [
          0.891257,
          -0.220687,
          0.396181,
          1.300683
        ],
        [
          -0.035496,
          -0.904875,
          -0.424195,
          1.575106
        ],
        [
          0.0,
          0.0,
          0.0,
          1.0
        ]
      ]
    },
    {
      "file_path": "/media/NFS/ttao/scannet/posed_images/scene0351_00/00019.jpg",
      "transform_matrix": [
        [
          0.447017,
          0.35885,
          -0.819391,
          3.246274
        ],
        [
          0.89362,
          -0.220347,
          0.391012,
          1.296842
        ],
        [
          -0.040235,
          -0.907014,
          -0.419175,
          1.577261
        ],
        [
          0.0,
          0.0,
          0.0,
          1.0
        ]
      ]
    },
    {
      "file_path": "/media/NFS/ttao/scannet/posed_images/scene0351_00/00023.jpg",
      "transform_matrix": [
        [
          0.446936,
          0.364002,
          -0.81716,
          3.245082
        ],
        [
          0.893767,
          -0.220308,
          0.390699,
          1.294028
        ],
        [
          -0.037811,
          -0.904968,
          -0.423796,
          1.575644
        ],
        [
          0.0,
          0.0,
          0.0,
          1.0
        ]
      ]
    },
    {
      "file_path": "/media/NFS/ttao/scannet/posed_images/scene0351_00/00032.jpg",
      "transform_matrix": [
        [
          0.449268,
          0.372546,
          -0.812015,
          3.248931
        ],
        [
          0.892612,
          -0.22528,
          0.390503,
          1.29427
        ],
        [
          -0.03745,
          -0.900255,
          -0.43375,
          1.575156
        ],
        [
          0.0,
          0.0,
          0.0,
          1.0
        ]
      ]
    },
    {
      "file_path": "/media/NFS/ttao/scannet/posed_images/scene0351_00/00034.jpg",
      "transform_matrix": [
        [
          0.450512,
          0.375351,
          -0.810031,
          3.247886
        ],
        [
          0.891969,
          -0.227684,
          0.390579,
          1.290295
        ],
        [
          -0.037827,
          -0.898483,
          -0.437376,
          1.574473
        ],
        [
          0.0,
          0.0,
          0.0,
          1.0
        ]
      ]
    },
    {
      "file_path": "/media/NFS/ttao/scannet/posed_images/scene0351_00/00038.jpg",
      "transform_matrix": [
        [
          0.438985,
          0.379487,
          -0.814421,
          3.24485
        ],
        [
          0.89685,
          -0.239893,
          0.371635,
          1.285467
        ],
        [
          -0.054343,
          -0.893555,
          -0.445653,
          1.575628
        ],
        [
          0.0,
          0.0,
          0.0,
          1.0
        ]
      ]
    },
    {
      "file_path": "/media/NFS/ttao/scannet/posed_images/scene0351_00/00047.jpg",
      "transform_matrix": [
        [
          0.426497,
          0.386328,
          -0.817833,
          3.225243
        ],
        [
          0.901964,
          -0.249172,
          0.352667,
          1.259426
        ],
        [
          -0.067536,
          -0.888068,
          -0.454725,
          1.574197
        ],
        [
          0.0,
          0.0,
          0.0,
          1.0
        ]
      ]
    },
    {
      "file_path": "/media/NFS/ttao/scannet/posed_images/scene0351_00/00048.jpg",
      "transform_matrix": [
        [
          0.431297,
          0.385087,
          -0.815899,
          3.22359
        ],
        [
          0.899963,
          -0.247419,
          0.358958,
          1.255505
        ],
        [
          -0.063639,
          -0.889096,
          -0.453275,
          1.573964
        ],
        [
          0.0,
          0.0,
          0.0,
          1.0
        ]
      ]
    },
    {
      "file_path": "/media/NFS/ttao/scannet/posed_images/scene0351_00/00053.jpg",
      "transform_matrix": [
        [
          0.460839,
          0.379077,
          -0.802451,
          3.209006
        ],
        [
          0.886422,
          -0.240833,
          0.395292,
          1.236749
        ],
        [
          -0.043411,
          -0.893476,
          -0.447007,
          1.573565
        ],
        [
          0.0,
          0.0,
          0.0,
          1.0
        ]
      ]
    },
    {
      "file_path": "/media/NFS/ttao/scannet/posed_images/scene0351_00/00061.jpg",
      "transform_matrix": [
        [
          0.546,
          0.353107,
          -0.759736,
          3.188629
        ],
        [
          0.83695,
          -0.270377,
          0.475826,
          1.194617
        ],
        [
          -0.037398,
          -0.895663,
          -0.443159,
          1.570248
        ],
        [
          0.0,
          0.0,
          0.0,
          1.0
        ]
      ]
    },
    {
      "file_path": "/media/NFS/ttao/scannet/posed_images/scene0351_00/00063.jpg",
      "transform_matrix": [
        [
          0.564286,
          0.343887,
          -0.750549,
          3.182194
        ],
        [
          0.824734,
          -0.275955,
          0.493623,
          1.179848
        ],
        [
          -0.037367,
          -0.897547,
          -0.439333,
          1.569643
        ],
        [
          0.0,
          0.0,
          0.0,
          1.0
        ]
      ]
    },
    {
      "file_path": "/media/NFS/ttao/scannet/posed_images/scene0351_00/00070.jpg",
      "transform_matrix": [
        [
          0.579613,
          0.299461,
          -0.757873,
          3.162592
        ],
        [
          0.813209,
          -0.272306,
          0.514336,
          1.138872
        ],
        [
          -0.05235,
          -0.914425,
          -0.401356,
          1.566047
        ],
        [
          0.0,
          0.0,
          0.0,
          1.0
        ]
      ]
    },
    {
      "file_path": "/media/NFS/ttao/scannet/posed_images/scene0351_00/00073.jpg",
      "transform_matrix": [
        [
          0.580036,
          0.291805,
          -0.760531,
          3.160443
        ],
        [
          0.81279,
          -0.269372,
          0.516538,
          1.131249
        ],
        [
          -0.054138,
          -0.917763,
          -0.393422,
          1.560491
        ],
        [
          0.0,
          0.0,
          0.0,
          1.0
        ]
      ]
    },
    {
      "file_path": "/media/NFS/ttao/scannet/posed_images/scene0351_00/00077.jpg",
      "transform_matrix": [
        [
          0.611323,
          0.296466,
          -0.733752,
          3.162249
        ],
        [
          0.789261,
          -0.296228,
          0.537882,
          1.129574
        ],
        [
          -0.057894,
          -0.907941,
          -0.41508,
          1.558157
        ],
        [
          0.0,
          0.0,
          0.0,
          1.0
        ]
      ]
    },
    {
      "file_path": "/media/NFS/ttao/scannet/posed_images/scene0351_00/00085.jpg",
      "transform_matrix": [
        [
          0.653701,
          0.264353,
          -0.709079,
          3.190491
        ],
        [
          0.754776,
          -0.295443,
          0.585685,
          1.114909
        ],
        [
          -0.054665,
          -0.918058,
          -0.392658,
          1.566318
        ],
        [
          0.0,
          0.0,
          0.0,
          1.0
        ]
      ]
    },
    {
      "file_path": "/media/NFS/ttao/scannet/posed_images/scene0351_00/00088.jpg",
      "transform_matrix": [
        [
          0.661555,
          0.261478,
          -0.702833,
          3.199836
        ],
        [
          0.747781,
          -0.300371,
          0.592115,
          1.105528
        ],
        [
          -0.056285,
          -0.917282,
          -0.394241,
          1.567533
        ],
        [
          0.0,
          0.0,
          0.0,
          1.0
        ]
      ]
    },
    {
      "file_path": "/media/NFS/ttao/scannet/posed_images/scene0351_00/00092.jpg",
      "transform_matrix": [
        [
          0.662278,
          0.245367,
          -0.707943,
          3.225471
        ],
        [
          0.74648,
          -0.297374,
          0.595262,
          1.095929
        ],
        [
          -0.064466,
          -0.922694,
          -0.380105,
          1.566022
        ],
        [
          0.0,
          0.0,
          0.0,
          1.0
        ]
      ]
    },
    {
      "file_path": "/media/NFS/ttao/scannet/posed_images/scene0351_00/00096.jpg",
      "transform_matrix": [
        [
          0.668723,
          0.246361,
          -0.701509,
          3.251711
        ],
        [
          0.740394,
          -0.306962,
          0.597989,
          1.087569
        ],
        [
          -0.068015,
          -0.919283,
          -0.387677,
          1.562703
        ],
        [
          0.0,
          0.0,
          0.0,
          1.0
        ]
      ]
    },
    {
      "file_path": "/media/NFS/ttao/scannet/posed_images/scene0351_00/00104.jpg",
      "transform_matrix": [
        [
          0.682659,
          0.2293,
          -0.693828,
          3.29822
        ],
        [
          0.726561,
          -0.31435,
          0.610977,
          1.067831
        ],
        [
          -0.078008,
          -0.921198,
          -0.381194,
          1.558313
        ],
        [
          0.0,
          0.0,
          0.0,
          1.0
        ]
      ]
    },
    {
      "file_path": "/media/NFS/ttao/scannet/posed_images/scene0351_00/00108.jpg",
      "transform_matrix": [
        [
          0.678628,
          0.227472,
          -0.69837,
          3.317839
        ],
        [
          0.729808,
          -0.315935,
          0.606271,
          1.056187
        ],
        [
          -0.08273,
          -0.921109,
          -0.380413,
          1.555251
        ],
        [
          0.0,
          0.0,
          0.0,
          1.0
        ]
      ]
    },
    {
      "file_path": "/media/NFS/ttao/scannet/posed_images/scene0351_00/00113.jpg",
      "transform_matrix": [
        [
          0.681187,
          0.215211,
          -0.699763,
          3.336813
        ],
        [
          0.725068,
          -0.330567,
          0.604155,
          1.039235
        ],
        [
          -0.101297,
          -0.918918,
          -0.38122,
          1.549789
        ],
        [
          0.0,
          0.0,
          0.0,
          1.0
        ]
      ]
    },
    {
      "file_path": "/media/NFS/ttao/scannet/posed_images/scene0351_00/00115.jpg",
      "transform_matrix": [
        [
          0.686309,
          0.21028,
          -0.696249,
          3.341588
        ],
        [
          0.719555,
          -0.335733,
          0.607884,
          1.032871
        ],
        [
          -0.105928,
          -0.918186,
          -0.381725,
          1.544425
        ],
        [
          0.0,
          0.0,
          0.0,
          1.0
        ]
      ]
    },
    {
      "file_path": "/media/NFS/ttao/scannet/posed_images/scene0351_00/00123.jpg",
      "transform_matrix": [
        [
          0.723101,
          0.214015,
          -0.656752,
          3.368854
        ],
        [
          0.682276,
          -0.369703,
          0.630729,
          1.028144
        ],
        [
          -0.107818,
          -0.904166,
          -0.41335,
          1.519471
        ],
        [
          0.0,
          0.0,
          0.0,
          1.0
        ]
      ]
    },
    {
      "file_path": "/media/NFS/ttao/scannet/posed_images/scene0351_00/00126.jpg",
      "transform_matrix": [
        [
          0.752701,
          0.20914,
          -0.624261,
          3.382347
        ],
        [
          0.650241,
          -0.38464,
          0.655163,
          1.030327
        ],
        [
          -0.103095,
          -0.899062,
          -0.42551,
          1.511243
        ],
        [
          0.0,
          0.0,
          0.0,
          1.0
        ]
      ]
    },
    {
      "file_path": "/media/NFS/ttao/scannet/posed_images/scene0351_00/00130.jpg",
      "transform_matrix": [
        [
          0.791023,
          0.189348,
          -0.581746,
          3.39573
        ],
        [
          0.602,
          -0.410301,
          0.685017,
          1.041756
        ],
        [
          -0.108984,
          -0.892077,
          -0.438545,
          1.508412
        ],
        [
          0.0,
          0.0,
          0.0,
          1.0
        ]
      ]
    },
    {
      "file_path": "/media/NFS/ttao/scannet/posed_images/scene0351_00/00139.jpg",
      "transform_matrix": [
        [
          0.870205,
          0.129938,
          -0.475246,
          3.431063
        ],
        [
          0.480871,
          -0.434002,
          0.761843,
          1.058244
        ],
        [
          -0.107265,
          -0.891492,
          -0.440154,
          1.5064
        ],
        [
          0.0,
          0.0,
          0.0,
          1.0
        ]
      ]
    },
    {
      "file_path": "/media/NFS/ttao/scannet/posed_images/scene0351_00/00142.jpg",
      "transform_matrix": [
        [
          0.887264,
          0.112233,
          -0.4474,
          3.436946
        ],
        [
          0.449126,
          -0.431237,
          0.782509,
          1.06355
        ],
        [
          -0.105113,
          -0.895231,
          -0.433028,
          1.506367
        ],
        [
          0.0,
          0.0,
          0.0,
          1.0
        ]
      ]
    },
    {
      "file_path": "/media/NFS/ttao/scannet/posed_images/scene0351_00/00148.jpg",
      "transform_matrix": [
        [
          0.920258,
          0.067854,
          -0.385385,
          3.462648
        ],
        [
          0.37538,
          -0.431242,
          0.820439,
          1.082202
        ],
        [
          -0.110524,
          -0.899681,
          -0.422325,
          1.514001
        ],
        [
          0.0,
          0.0,
          0.0,
          1.0
        ]
      ]
    },
    {
      "file_path": "/media/NFS/ttao/scannet/posed_images/scene0351_00/00151.jpg",
      "transform_matrix": [
        [
          0.932451,
          0.051567,
          -0.357597,
          3.472286
        ],
        [
          0.344501,
          -0.425164,
          0.836992,
          1.0881
        ],
        [
          -0.108876,
          -0.903646,
          -0.414209,
          1.51447
        ],
        [
          0.0,
          0.0,
          0.0,
          1.0
        ]
      ]
    },
    {
      "file_path": "/media/NFS/ttao/scannet/posed_images/scene0351_00/00155.jpg",
      "transform_matrix": [
        [
          0.947233,
          0.024517,
          -0.319605,
          3.488526
        ],
        [
          0.299794,
          -0.420666,
          0.85625,
          1.096656
        ],
        [
          -0.113454,
          -0.906884,
          -0.405819,
          1.516772
        ],
        [
          0.0,
          0.0,
          0.0,
          1.0
        ]
      ]
    },
    {
      "file_path": "/media/NFS/ttao/scannet/posed_images/scene0351_00/00162.jpg",
      "transform_matrix": [
        [
          0.967254,
          -0.022474,
          -0.252813,
          3.520808
        ],
        [
          0.222257,
          -0.405994,
          0.886437,
          1.10873
        ],
        [
          -0.122562,
          -0.913599,
          -0.387704,
          1.516997
        ],
        [
          0.0,
          0.0,
          0.0,
          1.0
        ]
      ]
    },
    {
      "file_path": "/media/NFS/ttao/scannet/posed_images/scene0351_00/00167.jpg",
      "transform_matrix": [
        [
          0.978534,
          -0.046346,
          -0.200807,
          3.540056
        ],
        [
          0.167477,
          -0.38898,
          0.905895,
          1.114859
        ],
        [
          -0.120095,
          -0.92008,
          -0.372868,
          1.523181
        ],
        [
          0.0,
          0.0,
          0.0,
          1.0
        ]
      ]
    },
    {
      "file_path": "/media/NFS/ttao/scannet/posed_images/scene0351_00/00173.jpg",
      "transform_matrix": [
        [
          0.986073,
          -0.060669,
          -0.154848,
          3.54657
        ],
        [
          0.125644,
          -0.338259,
          0.932628,
          1.114636
        ],
        [
          -0.10896,
          -0.939096,
          -0.325925,
          1.535788
        ],
        [
          0.0,
          0.0,
          0.0,
          1.0
        ]
      ]
    },
    {
      "file_path": "/media/NFS/ttao/scannet/posed_images/scene0351_00/00174.jpg",
      "transform_matrix": [
        [
          0.98676,
          -0.062362,
          -0.149717,
          3.547836
        ],
        [
          0.120924,
          -0.332282,
          0.935396,
          1.116835
        ],
        [
          -0.108081,
          -0.941116,
          -0.320342,
          1.541417
        ],
        [
          0.0,
          0.0,
          0.0,
          1.0
        ]
      ]
    },
    {
      "file_path": "/media/NFS/ttao/scannet/posed_images/scene0351_00/00183.jpg",
      "transform_matrix": [
        [
          0.99345,
          -0.06128,
          -0.096445,
          3.565191
        ],
        [
          0.079049,
          -0.240903,
          0.967325,
          1.118834
        ],
        [
          -0.082511,
          -0.968613,
          -0.234481,
          1.58489
        ],
        [
          0.0,
          0.0,
          0.0,
          1.0
        ]
      ]
    },
    {
      "file_path": "/media/NFS/ttao/scannet/posed_images/scene0351_00/00186.jpg",
      "transform_matrix": [
        [
          0.994377,
          -0.068083,
          -0.081114,
          3.571804
        ],
        [
          0.065177,
          -0.210237,
          0.975475,
          1.118045
        ],
        [
          -0.083467,
          -0.975277,
          -0.204617,
          1.601553
        ],
        [
          0.0,
          0.0,
          0.0,
          1.0
        ]
      ]
    },
    {
      "file_path": "/media/NFS/ttao/scannet/posed_images/scene0351_00/00189.jpg",
      "transform_matrix": [
        [
          0.995694,
          -0.067193,
          -0.063856,
          3.578969
        ],
        [
          0.05073,
          -0.181566,
          0.982069,
          1.115909
        ],
        [
          -0.077582,
          -0.98108,
          -0.177376,
          1.61967
        ],
        [
          0.0,
          0.0,
          0.0,
          1.0
        ]
      ]
    },
    {
      "file_path": "/media/NFS/ttao/scannet/posed_images/scene0351_00/00196.jpg",
      "transform_matrix": [
        [
          0.997609,
          -0.064306,
          -0.025328,
          3.594623
        ],
        [
          0.017929,
          -0.113122,
          0.993419,
          1.109658
        ],
        [
          -0.066748,
          -0.991498,
          -0.111699,
          1.658213
        ],
        [
          0.0,
          0.0,
          0.0,
          1.0
        ]
      ]
    },
    {
      "file_path": "/media/NFS/ttao/scannet/posed_images/scene0351_00/00200.jpg",
      "transform_matrix": [
        [
          0.998819,
          -0.048402,
          -0.004086,
          3.605433
        ],
        [
          -0.000255,
          -0.08936,
          0.995999,
          1.106073
        ],
        [
          -0.048574,
          -0.994823,
          -0.089267,
          1.689848
        ],
        [
          0.0,
          0.0,
          0.0,
          1.0
        ]
      ]
    },
    {
      "file_path": "/media/NFS/ttao/scannet/posed_images/scene0351_00/00206.jpg",
      "transform_matrix": [
        [
          0.998569,
          -0.045262,
          0.028479,
          3.619495
        ],
        [
          -0.031035,
          -0.056825,
          0.997902,
          1.097892
        ],
        [
          -0.043549,
          -0.997358,
          -0.058148,
          1.704665
        ],
        [
          0.0,
          0.0,
          0.0,
          1.0
        ]
      ]
    },
    {
      "file_path": "/media/NFS/ttao/scannet/posed_images/scene0351_00/00209.jpg",
      "transform_matrix": [
        [
          0.998153,
          -0.034869,
          0.049742,
          3.623353
        ],
        [
          -0.051334,
          -0.046353,
          0.997605,
          1.09391
        ],
        [
          -0.03248,
          -0.998316,
          -0.048057,
          1.71338
        ],
        [
          0.0,
          0.0,
          0.0,
          1.0
        ]
      ]
    },
    {
      "file_path": "/media/NFS/ttao/scannet/posed_images/scene0351_00/00216.jpg",
      "transform_matrix": [
        [
          0.994832,
          -0.026903,
          0.097906,
          3.633265
        ],
        [
          -0.098666,
          -0.028526,
          0.994712,
          1.081599
        ],
        [
          -0.023968,
          -0.999231,
          -0.031033,
          1.737545
        ],
        [
          0.0,
          0.0,
          0.0,
          1.0
        ]
      ]
    },
    {
      "file_path": "/media/NFS/ttao/scannet/posed_images/scene0351_00/00218.jpg",
      "transform_matrix": [
        [
          0.993569,
          -0.024762,
          0.11049,
          3.636238
        ],
        [
          -0.111122,
          -0.025797,
          0.993472,
          1.077051
        ],
        [
          -0.02175,
          -0.99936,
          -0.028383,
          1.737515
        ],
        [
          0.0,
          0.0,
          0.0,
          1.0
        ]
      ]
    },
    {
      "file_path": "/media/NFS/ttao/scannet/posed_images/scene0351_00/00227.jpg",
      "transform_matrix": [
        [
          0.983647,
          0.002356,
          0.180091,
          3.641081
        ],
        [
          -0.180067,
          -0.007898,
          0.983623,
          1.053172
        ],
        [
          0.00374,
          -0.999966,
          -0.007345,
          1.730599
        ],
        [
          0.0,
          0.0,
          0.0,
          1.0
        ]
      ]
    },
    {
      "file_path": "/media/NFS/ttao/scannet/posed_images/scene0351_00/00231.jpg",
      "transform_matrix": [
        [
          0.9819,
          0.001025,
          0.189398,
          3.652052
        ],
        [
          -0.1894,
          0.008651,
          0.981862,
          1.044966
        ],
        [
          -0.000632,
          -0.999962,
          0.008688,
          1.742244
        ],
        [
          0.0,
          0.0,
          0.0,
          1.0
        ]
      ]
    },
    {
      "file_path": "/media/NFS/ttao/scannet/posed_images/scene0351_00/00235.jpg",
      "transform_matrix": [
        [
          0.981165,
          -0.001543,
          0.193167,
          3.658234
        ],
        [
          -0.193042,
          0.029039,
          0.980761,
          1.037435
        ],
        [
          -0.007123,
          -0.999577,
          0.028194,
          1.75106
        ],
        [
          0.0,
          0.0,
          0.0,
          1.0
        ]
      ]
    },
    {
      "file_path": "/media/NFS/ttao/scannet/posed_images/scene0351_00/00241.jpg",
      "transform_matrix": [
        [
          0.976085,
          -0.003842,
          0.217357,
          3.683023
        ],
        [
          -0.21699,
          0.043463,
          0.975206,
          1.016762
        ],
        [
          -0.013194,
          -0.999048,
          0.04159,
          1.755583
        ],
        [
          0.0,
          0.0,
          0.0,
          1.0
        ]
      ]
    },
    {
      "file_path": "/media/NFS/ttao/scannet/posed_images/scene0351_00/00246.jpg",
      "transform_matrix": [
        [
          0.970315,
          -0.001286,
          0.241842,
          3.697283
        ],
        [
          -0.241452,
          0.051844,
          0.969027,
          1.00491
        ],
        [
          -0.013784,
          -0.998654,
          0.049995,
          1.757088
        ],
        [
          0.0,
          0.0,
          0.0,
          1.0
        ]
      ]
    },
    {
      "file_path": "/media/NFS/ttao/scannet/posed_images/scene0351_00/00247.jpg",
      "transform_matrix": [
        [
          0.969584,
          -0.001812,
          0.244751,
          3.700983
        ],
        [
          -0.244281,
          0.055253,
          0.968129,
          1.002894
        ],
        [
          -0.015277,
          -0.998471,
          0.05313,
          1.755696
        ],
        [
          0.0,
          0.0,
          0.0,
          1.0
        ]
      ]
    },
    {
      "file_path": "/media/NFS/ttao/scannet/posed_images/scene0351_00/00256.jpg",
      "transform_matrix": [
        [
          0.955433,
          -0.005303,
          0.29516,
          3.720216
        ],
        [
          -0.29422,
          0.064586,
          0.953553,
          0.980977
        ],
        [
          -0.02412,
          -0.997898,
          0.060148,
          1.756047
        ],
        [
          0.0,
          0.0,
          0.0,
          1.0
        ]
      ]
    },
    {
      "file_path": "/media/NFS/ttao/scannet/posed_images/scene0351_00/00257.jpg",
      "transform_matrix": [
        [
          0.953601,
          -0.00681,
          0.300996,
          3.72231
        ],
        [
          -0.299931,
          0.065506,
          0.951709,
          0.979444
        ],
        [
          -0.026198,
          -0.997829,
          0.060424,
          1.75642
        ],
        [
          0.0,
          0.0,
          0.0,
          1.0
        ]
      ]
    },
    {
      "file_path": "/media/NFS/ttao/scannet/posed_images/scene0351_00/00266.jpg",
      "transform_matrix": [
        [
          0.937223,
          -0.015868,
          0.348369,
          3.7534
        ],
        [
          -0.347622,
          0.037058,
          0.936902,
          0.955835
        ],
        [
          -0.027777,
          -0.999187,
          0.029215,
          1.734794
        ],
        [
          0.0,
          0.0,
          0.0,
          1.0
        ]
      ]
    },
    {
      "file_path": "/media/NFS/ttao/scannet/posed_images/scene0351_00/00269.jpg",
      "transform_matrix": [
        [
          0.933012,
          -0.024498,
          0.35901,
          3.766312
        ],
        [
          -0.35861,
          0.019281,
          0.933288,
          0.947629
        ],
        [
          -0.029786,
          -0.999514,
          0.009205,
          1.737219
        ],
        [
          0.0,
          0.0,
          0.0,
          1.0
        ]
      ]
    },
    {
      "file_path": "/media/NFS/ttao/scannet/posed_images/scene0351_00/00273.jpg",
      "transform_matrix": [
        [
          0.928433,
          -0.03542,
          0.369808,
          3.784745
        ],
        [
          -0.370082,
          -0.001276,
          0.928998,
          0.932989
        ],
        [
          -0.032433,
          -0.999372,
          -0.014292,
          1.730593
        ],
        [
          0.0,
          0.0,
          0.0,
          1.0
        ]
      ]
    },
    {
      "file_path": "/media/NFS/ttao/scannet/posed_images/scene0351_00/00279.jpg",
      "transform_matrix": [
        [
          0.92149,
          -0.050718,
          0.385077,
          3.807109
        ],
        [
          -0.386947,
          -0.034109,
          0.921471,
          0.916548
        ],
        [
          -0.033601,
          -0.99813,
          -0.051056,
          1.700936
        ],
        [
          0.0,
          0.0,
          0.0,
          1.0
        ]
      ]
    },
    {
      "file_path": "/media/NFS/ttao/scannet/posed_images/scene0351_00/00285.jpg",
      "transform_matrix": [
        [
          0.918747,
          -0.059566,
          0.390328,
          3.815714
        ],
        [
          -0.393829,
          -0.067302,
          0.916717,
          0.900968
        ],
        [
          -0.028335,
          -0.995953,
          -0.085292,
          1.679056
        ],
        [
          0.0,
          0.0,
          0.0,
          1.0
        ]
      ]
    },
    {
      "file_path": "/media/NFS/ttao/scannet/posed_images/scene0351_00/00289.jpg",
      "transform_matrix": [
        [
          0.912512,
          -0.063331,
          0.404117,
          3.807407
        ],
        [
          -0.408777,
          -0.105127,
          0.906559,
          0.896567
        ],
        [
          -0.01493,
          -0.99244,
          -0.121818,
          1.650483
        ],
        [
          0.0,
          0.0,
          0.0,
          1.0
        ]
      ]
    },
    {
      "file_path": "/media/NFS/ttao/scannet/posed_images/scene0351_00/00291.jpg",
      "transform_matrix": [
        [
          0.91041,
          -0.076847,
          0.406506,
          3.799299
        ],
        [
          -0.413088,
          -0.115158,
          0.903381,
          0.897776
        ],
        [
          -0.02261,
          -0.99037,
          -0.136586,
          1.656444
        ],
        [
          0.0,
          0.0,
          0.0,
          1.0
        ]
      ]
    },
    {
      "file_path": "/media/NFS/ttao/scannet/posed_images/scene0351_00/00300.jpg",
      "transform_matrix": [
        [
          0.890279,
          -0.076837,
          0.448887,
          3.776094
        ],
        [
          -0.455391,
          -0.160545,
          0.875697,
          0.887085
        ],
        [
          0.004781,
          -0.984033,
          -0.177921,
          1.648597
        ],
        [
          0.0,
          0.0,
          0.0,
          1.0
        ]
      ]
    },
    {
      "file_path": "/media/NFS/ttao/scannet/posed_images/scene0351_00/00301.jpg",
      "transform_matrix": [
        [
          0.887623,
          -0.079068,
          0.453733,
          3.773905
        ],
        [
          -0.460549,
          -0.161919,
          0.872741,
          0.881912
        ],
        [
          0.004463,
          -0.983631,
          -0.180138,
          1.625797
        ],
        [
          0.0,
          0.0,
          0.0,
          1.0
        ]
      ]
    },
    {
      "file_path": "/media/NFS/ttao/scannet/posed_images/scene0351_00/00310.jpg",
      "transform_matrix": [
        [
          0.850934,
          -0.156502,
          0.501416,
          3.739391
        ],
        [
          -0.52456,
          -0.203509,
          0.826693,
          0.877409
        ],
        [
          -0.027336,
          -0.966484,
          -0.255268,
          1.612309
        ],
        [
          0.0,
          0.0,
          0.0,
          1.0
        ]
      ]
    },
    {
      "file_path": "/media/NFS/ttao/scannet/posed_images/scene0351_00/00311.jpg",
      "transform_matrix": [
        [
          0.849322,
          -0.160539,
          0.502871,
          3.741244
        ],
        [
          -0.526983,
          -0.202499,
          0.825399,
          0.870749
        ],
        [
          -0.030677,
          -0.966034,
          -0.256588,
          1.599019
        ],
        [
          0.0,
          0.0,
          0.0,
          1.0
        ]
      ]
    },
    {
      "file_path": "/media/NFS/ttao/scannet/posed_images/scene0351_00/00316.jpg",
      "transform_matrix": [
        [
          0.828376,
          -0.183579,
          0.529237,
          3.732436
        ],
        [
          -0.558955,
          -0.208646,
          0.802519,
          0.862523
        ],
        [
          -0.036903,
          -0.960607,
          -0.275449,
          1.572847
        ],
        [
          0.0,
          0.0,
          0.0,
          1.0
        ]
      ]
    },
    {
      "file_path": "/media/NFS/ttao/scannet/posed_images/scene0351_00/00323.jpg",
      "transform_matrix": [
        [
          0.789927,
          -0.21317,
          0.574955,
          3.720859
        ],
        [
          -0.612491,
          -0.229201,
          0.75652,
          0.847842
        ],
        [
          -0.029487,
          -0.94975,
          -0.311617,
          1.528666
        ],
        [
          0.0,
          0.0,
          0.0,
          1.0
        ]
      ]
    },
    {
      "file_path": "/media/NFS/ttao/scannet/posed_images/scene0351_00/00326.jpg",
      "transform_matrix": [
        [
          0.776041,
          -0.233325,
          0.585935,
          3.72479
        ],
        [
          -0.629648,
          -0.233446,
          0.740977,
          0.842689
        ],
        [
          -0.036105,
          -0.943961,
          -0.328076,
          1.515749
        ],
        [
          0.0,
          0.0,
          0.0,
          1.0
        ]
      ]
    },
    {
      "file_path": "/media/NFS/ttao/scannet/posed_images/scene0351_00/00330.jpg",
      "transform_matrix": [
        [
          0.758768,
          -0.254713,
          0.599494,
          3.725644
        ],
        [
          -0.650354,
          -0.245099,
          0.719004,
          0.820977
        ],
        [
          -0.036205,
          -0.93544,
          -0.351627,
          1.485921
        ],
        [
          0.0,
          0.0,
          0.0,
          1.0
        ]
      ]
    },
    {
      "file_path": "/media/NFS/ttao/scannet/posed_images/scene0351_00/00339.jpg",
      "transform_matrix": [
        [
          0.703938,
          -0.292516,
          0.647229,
          3.735257
        ],
        [
          -0.709633,
          -0.251349,
          0.658213,
          0.795591
        ],
        [
          -0.029858,
          -0.922636,
          -0.384514,
          1.455236
        ],
        [
          0.0,
          0.0,
          0.0,
          1.0
        ]
      ]
    },
    {
      "file_path": "/media/NFS/ttao/scannet/posed_images/scene0351_00/00344.jpg",
      "transform_matrix": [
        [
          0.682332,
          -0.303095,
          0.665249,
          3.746355
        ],
        [
          -0.730693,
          -0.254611,
          0.633452,
          0.774825
        ],
        [
          -0.022617,
          -0.918318,
          -0.395198,
          1.453634
        ],
        [
          0.0,
          0.0,
          0.0,
          1.0
        ]
      ]
    },
    {
      "file_path": "/media/NFS/ttao/scannet/posed_images/scene0351_00/00346.jpg",
      "transform_matrix": [
        [
          0.674642,
          -0.304704,
          0.672319,
          3.75132
        ],
        [
          -0.737891,
          -0.254515,
          0.625091,
          0.770733
        ],
        [
          -0.019352,
          -0.917811,
          -0.396545,
          1.456802
        ],
        [
          0.0,
          0.0,
          0.0,
          1.0
        ]
      ]
    },
    {
      "file_path": "/media/NFS/ttao/scannet/posed_images/scene0351_00/00352.jpg",
      "transform_matrix": [
        [
          0.65029,
          -0.288964,
          0.702583,
          3.765155
        ],
        [
          -0.759686,
          -0.248232,
          0.601048,
          0.750314
        ],
        [
          0.000722,
          -0.924598,
          -0.380944,
          1.483509
        ],
        [
          0.0,
          0.0,
          0.0,
          1.0
        ]
      ]
    },
    {
      "file_path": "/media/NFS/ttao/scannet/posed_images/scene0351_00/00355.jpg",
      "transform_matrix": [
        [
          0.63816,
          -0.273963,
          0.71951,
          3.768546
        ],
        [
          -0.769736,
          -0.246522,
          0.588841,
          0.742055
        ],
        [
          0.016054,
          -0.929608,
          -0.3682,
          1.488227
        ],
        [
          0.0,
          0.0,
          0.0,
          1.0
        ]
      ]
    },
    {
      "file_path": "/media/NFS/ttao/scannet/posed_images/scene0351_00/00360.jpg",
      "transform_matrix": [
        [
          0.619542,
          -0.246866,
          0.745134,
          3.778422
        ],
        [
          -0.784335,
          -0.232662,
          0.575054,
          0.730774
        ],
        [
          0.031403,
          -0.940705,
          -0.33777,
          1.515209
        ],
        [
          0.0,
          0.0,
          0.0,
          1.0
        ]
      ]
    },
    {
      "file_path": "/media/NFS/ttao/scannet/posed_images/scene0351_00/00368.jpg",
      "transform_matrix": [
        [
          0.597642,
          -0.198552,
          0.776789,
          3.780734
        ],
        [
          -0.80089,
          -0.193045,
          0.566841,
          0.713353
        ],
        [
          0.037408,
          -0.960891,
          -0.27439,
          1.550027
        ],
        [
          0.0,
          0.0,
          0.0,
          1.0
        ]
      ]
    },
    {
      "file_path": "/media/NFS/ttao/scannet/posed_images/scene0351_00/00370.jpg",
      "transform_matrix": [
        [
          0.596171,
          -0.192701,
          0.779388,
          3.783243
        ],
        [
          -0.801863,
          -0.19122,
          0.566085,
          0.712692
        ],
        [
          0.039949,
          -0.962446,
          -0.268519,
          1.564639
        ],
        [
          0.0,
          0.0,
          0.0,
          1.0
        ]
      ]
    },
    {
      "file_path": "/media/NFS/ttao/scannet/posed_images/scene0351_00/00377.jpg",
      "transform_matrix": [
        [
          0.592264,
          -0.154704,
          0.790753,
          3.785548
        ],
        [
          -0.805589,
          -0.132962,
          0.577363,
          0.709377
        ],
        [
          0.01582,
          -0.978973,
          -0.203377,
          1.592426
        ],
