{
  "frames": [
    {
      "file_path": "/media/NFS/ttao/scannet/posed_images/scene0134_02/00000.jpg",
      "transform_matrix": [
        [
          -0.703514,
          0.399556,
          -0.587728,
          2.864143
        ],
        [
          0.708939,
          0.452428,
          -0.541031,
          3.208682
        ],
        [
          0.049733,
          -0.797286,
          -0.60155,
          1.411166
        ],
        [
          0.0,
          0.0,
          0.0,
          1.0
        ]
      ]
    },
    {
      "file_path": "/media/NFS/ttao/scannet/posed_images/scene0134_02/00003.jpg",
      "transform_matrix": [
        [
          -0.695462,
          0.41098,
          -0.589431,
          2.869543
        ],
        [
          0.717048,
          0.45016,
          -0.532164,
          3.202742
        ],
        [
          0.046629,
          -0.79275,
          -0.607761,
          1.407194
        ],
        [
          0.0,
          0.0,
          0.0,
          1.0
        ]
      ]
    },
    {
      "file_path": "/media/NFS/ttao/scannet/posed_images/scene0134_02/00005.jpg",
      "transform_matrix": [
        [
          -0.69746,
          0.415163,
          -0.584115,
          2.868217
        ],
        [
          0.71555,
          0.448071,
          -0.53593,
          3.201124
        ],
        [
          0.039226,
          -0.791753,
          -0.609581,
          1.402502
        ],
        [
          0.0,
          0.0,
          0.0,
          1.0
        ]
      ]
    },
    {
      "file_path": "/media/NFS/ttao/scannet/posed_images/scene0134_02/00007.jpg",
      "transform_matrix": [
        [
          -0.696947,
          0.419445,
          -0.581662,
          2.871697
        ],
        [
          0.71612,
          0.449945,
          -0.533593,
          3.198296
        ],
        [
          0.037904,
          -0.788426,
          -0.613961,
          1.393641
        ],
        [
          0.0,
          0.0,
          0.0,
          1.0
        ]
      ]
    },
    {
      "file_path": "/media/NFS/ttao/scannet/posed_images/scene0134_02/00010.jpg",
      "transform_matrix": [
        [
          -0.699428,
          0.431393,
          -0.569825,
          2.859904
        ],
        [
          0.713137,
          0.474008,
          -0.516481,
          3.198237
        ],
        [
          0.047295,
          -0.767604,
          -0.639177,
          1.373977
        ],
        [
          0.0,
          0.0,
          0.0,
          1.0
        ]
      ]
    },
    {
      "file_path": "/media/NFS/ttao/scannet/posed_images/scene0134_02/00014.jpg",
      "transform_matrix": [
        [
          -0.713922,
          0.462812,
          -0.525471,
          2.853943
        ],
        [
          0.6996,
          0.503136,
          -0.50736,
          3.180436
        ],
        [
          0.029571,
          -0.729835,
          -0.682983,
          1.349222
        ],
        [
          0.0,
          0.0,
          0.0,
          1.0
        ]
      ]
    },
    {
      "file_path": "/media/NFS/ttao/scannet/posed_images/scene0134_02/00017.jpg",
      "transform_matrix": [
        [
          -0.723382,
          0.480808,
          -0.495523,
          2.84835
        ],
        [
          0.689988,
          0.529607,
          -0.493389,
          3.169545
        ],
        [
          0.025207,
          -0.698813,
          -0.71486,
          1.346109
        ],
        [
          0.0,
          0.0,
          0.0,
          1.0
        ]
      ]
    },
    {
      "file_path": "/media/NFS/ttao/scannet/posed_images/scene0134_02/00018.jpg",
      "transform_matrix": [
        [
          -0.725414,
          0.481276,
          -0.492085,
          2.849745
        ],
        [
          0.687764,
          0.535359,
          -0.490278,
          3.167776
        ],
        [
          0.027483,
          -0.694093,
          -0.719361,
          1.34858
        ],
        [
          0.0,
          0.0,
          0.0,
          1.0
        ]
      ]
    },
    {
      "file_path": "/media/NFS/ttao/scannet/posed_images/scene0134_02/00020.jpg",
      "transform_matrix": [
        [
          -0.729614,
          0.480308,
          -0.486794,
          2.860167
        ],
        [
          0.683173,
          0.54383,
          -0.487364,
          3.170209
        ],
        [
          0.030649,
          -0.688152,
          -0.724919,
          1.358616
        ],
        [
          0.0,
          0.0,
          0.0,
          1.0
        ]
      ]
    },
    {
      "file_path": "/media/NFS/ttao/scannet/posed_images/scene0134_02/00023.jpg",
      "transform_matrix": [
        [
          -0.735914,
          0.464435,
          -0.492678,
          2.877721
        ],
        [
          0.676018,
          0.544653,
          -0.496339,
          3.19278
        ],
        [
          0.037821,
          -0.698322,
          -0.714784,
          1.375748
        ],
        [
          0.0,
          0.0,
          0.0,
          1.0
        ]
      ]
    },
    {
      "file_path": "/media/NFS/ttao/scannet/posed_images/scene0134_02/00027.jpg",
      "transform_matrix": [
        [
          -0.742269,
          0.419454,
          -0.522585,
          2.919805
        ],
        [
          0.667728,
          0.528566,
          -0.524173,
          3.25095
        ],
        [
          0.056354,
          -0.738022,
          -0.672419,
          1.39573
        ],
        [
          0.0,
          0.0,
          0.0,
          1.0
        ]
      ]
    },
    {
      "file_path": "/media/NFS/ttao/scannet/posed_images/scene0134_02/00028.jpg",
      "transform_matrix": [
        [
          -0.743461,
          0.410104,
          -0.528281,
          2.934265
        ],
        [
          0.666038,
          0.525473,
          -0.529406,
          3.270807
        ],
        [
          0.060486,
          -0.745448,
          -0.663814,
          1.3955
        ],
        [
          0.0,
          0.0,
          0.0,
          1.0
        ]
      ]
    },
    {
      "file_path": "/media/NFS/ttao/scannet/posed_images/scene0134_02/00032.jpg",
      "transform_matrix": [
        [
          -0.78255,
          0.368119,
          -0.502099,
          2.957348
        ],
        [
          0.620812,
          0.522242,
          -0.584684,
          3.352052
        ],
        [
          0.046984,
          -0.769253,
          -0.637214,
          1.425391
        ],
        [
          0.0,
          0.0,
          0.0,
          1.0
        ]
      ]
    },
    {
      "file_path": "/media/NFS/ttao/scannet/posed_images/scene0134_02/00035.jpg",
      "transform_matrix": [
        [
          -0.804114,
          0.310153,
          -0.507155,
          2.989429
        ],
        [
          0.588553,
          0.535473,
          -0.605701,
          3.426424
        ],
        [
          0.083708,
          -0.78554,
          -0.613123,
          1.440378
        ],
        [
          0.0,
          0.0,
          0.0,
          1.0
        ]
      ]
    },
    {
      "file_path": "/media/NFS/ttao/scannet/posed_images/scene0134_02/00036.jpg",
      "transform_matrix": [
        [
          -0.810038,
          0.292873,
          -0.508,
          3.000408
        ],
        [
          0.578633,
          0.539582,
          -0.611585,
          3.443322
        ],
        [
          0.094991,
          -0.789352,
          -0.606548,
          1.45102
        ],
        [
          0.0,
          0.0,
          0.0,
          1.0
        ]
      ]
    },
    {
      "file_path": "/media/NFS/ttao/scannet/posed_images/scene0134_02/00039.jpg",
      "transform_matrix": [
        [
          -0.83451,
          0.242815,
          -0.494604,
          3.028857
        ],
        [
          0.542272,
          0.521006,
          -0.659162,
          3.517979
        ],
        [
          0.097637,
          -0.818287,
          -0.566456,
          1.471612
        ],
        [
          0.0,
          0.0,
          0.0,
          1.0
        ]
      ]
    },
    {
      "file_path": "/media/NFS/ttao/scannet/posed_images/scene0134_02/00042.jpg",
      "transform_matrix": [
        [
          -0.830261,
          0.241687,
          -0.502249,
          3.055408
        ],
        [
          0.546772,
          0.528091,
          -0.649739,
          3.580251
        ],
        [
          0.1082,
          -0.814068,
          -0.570601,
          1.485656
        ],
        [
          0.0,
          0.0,
          0.0,
          1.0
        ]
      ]
    },
    {
      "file_path": "/media/NFS/ttao/scannet/posed_images/scene0134_02/00043.jpg",
      "transform_matrix": [
        [
          -0.824947,
          0.252435,
          -0.505706,
          3.06371
        ],
        [
          0.556042,
          0.522966,
          -0.646007,
          3.587626
        ],
        [
          0.101392,
          -0.814115,
          -0.571784,
          1.498958
        ],
        [
          0.0,
          0.0,
          0.0,
          1.0
        ]
      ]
    },
    {
      "file_path": "/media/NFS/ttao/scannet/posed_images/scene0134_02/00047.jpg",
      "transform_matrix": [
        [
          -0.821265,
          0.238793,
          -0.518171,
          3.081877
        ],
        [
          0.564385,
          0.473126,
          -0.676477,
          3.656214
        ],
        [
          0.083622,
          -0.848015,
          -0.523333,
          1.510802
        ],
        [
          0.0,
          0.0,
          0.0,
          1.0
        ]
      ]
    },
    {
      "file_path": "/media/NFS/ttao/scannet/posed_images/scene0134_02/00050.jpg",
      "transform_matrix": [
        [
          -0.79046,
          0.250787,
          -0.558819,
          3.075808
        ],
        [
          0.603744,
          0.472845,
          -0.641803,
          3.691451
        ],
        [
          0.103279,
          -0.844703,
          -0.525176,
          1.504936
        ],
        [
          0.0,
          0.0,
          0.0,
          1.0
        ]
      ]
    },
    {
      "file_path": "/media/NFS/ttao/scannet/posed_images/scene0134_02/00053.jpg",
      "transform_matrix": [
        [
          -0.749105,
          0.2943,
          -0.593489,
          3.08864
        ],
        [
          0.657482,
          0.439837,
          -0.611769,
          3.709205
        ],
        [
          0.080995,
          -0.848487,
          -0.522981,
          1.49191
        ],
        [
          0.0,
          0.0,
          0.0,
          1.0
        ]
      ]
    },
    {
      "file_path": "/media/NFS/ttao/scannet/posed_images/scene0134_02/00054.jpg",
      "transform_matrix": [
        [
          -0.739214,
          0.310184,
          -0.597786,
          3.085849
        ],
        [
          0.669723,
          0.432083,
          -0.603967,
          3.720247
        ],
        [
          0.070952,
          -0.846812,
          -0.527139,
          1.48191
        ],
        [
          0.0,
          0.0,
          0.0,
          1.0
        ]
      ]
    },
    {
      "file_path": "/media/NFS/ttao/scannet/posed_images/scene0134_02/00056.jpg",
      "transform_matrix": [
        [
          -0.71375,
          0.347325,
          -0.608216,
          3.080309
        ],
        [
          0.697546,
          0.430829,
          -0.572553,
          3.740162
        ],
        [
          0.063175,
          -0.832918,
          -0.549779,
          1.45941
        ],
        [
          0.0,
          0.0,
          0.0,
          1.0
        ]
      ]
    },
    {
      "file_path": "/media/NFS/ttao/scannet/posed_images/scene0134_02/00059.jpg",
      "transform_matrix": [
        [
          -0.675551,
          0.411785,
          -0.611607,
          3.062759
        ],
        [
          0.73586,
          0.428595,
          -0.52423,
          3.759053
        ],
        [
          0.046262,
          -0.804201,
          -0.592554,
          1.437217
        ],
        [
          0.0,
          0.0,
          0.0,
          1.0
        ]
      ]
    },
    {
      "file_path": "/media/NFS/ttao/scannet/posed_images/scene0134_02/00063.jpg",
      "transform_matrix": [
        [
          -0.630376,
          0.485249,
          -0.605937,
          3.030499
        ],
        [
          0.776182,
          0.407018,
          -0.481537,
          3.791611
        ],
        [
          0.012962,
          -0.773867,
          -0.633216,
          1.411238
        ],
        [
          0.0,
          0.0,
          0.0,
          1.0
        ]
      ]
    },
    {
      "file_path": "/media/NFS/ttao/scannet/posed_images/scene0134_02/00066.jpg",
      "transform_matrix": [
        [
          -0.58906,
          0.541043,
          -0.600234,
          3.010026
        ],
        [
          0.808086,
          0.392213,
          -0.439507,
          3.809567
        ],
        [
          -0.002372,
          -0.743937,
          -0.668246,
          1.388876
        ],
        [
          0.0,
          0.0,
          0.0,
          1.0
        ]
      ]
    },
    {
      "file_path": "/media/NFS/ttao/scannet/posed_images/scene0134_02/00068.jpg",
      "transform_matrix": [
        [
          -0.579204,
          0.555116,
          -0.596967,
          3.004673
        ],
        [
          0.814722,
          0.369575,
          -0.446815,
          3.822901
        ],
        [
          -0.02741,
          -0.745158,
          -0.666324,
          1.381811
        ],
        [
          0.0,
          0.0,
          0.0,
          1.0
        ]
      ]
    },
    {
      "file_path": "/media/NFS/ttao/scannet/posed_images/scene0134_02/00071.jpg",
      "transform_matrix": [
        [
          -0.558976,
          0.580254,
          -0.592327,
          2.99527
        ],
        [
          0.828108,
          0.354274,
          -0.434427,
          3.839917
        ],
        [
          -0.042232,
          -0.733345,
          -0.678544,
          1.376766
        ],
        [
          0.0,
          0.0,
          0.0,
          1.0
        ]
      ]
    },
    {
      "file_path": "/media/NFS/ttao/scannet/posed_images/scene0134_02/00073.jpg",
      "transform_matrix": [
        [
          -0.545339,
          0.594298,
          -0.591113,
          2.990576
        ],
        [
          0.836135,
          0.336036,
          -0.433542,
          3.854679
        ],
        [
          -0.059018,
          -0.730678,
          -0.680167,
          1.373778
        ],
        [
          0.0,
          0.0,
          0.0,
          1.0
        ]
      ]
    },
    {
      "file_path": "/media/NFS/ttao/scannet/posed_images/scene0134_02/00076.jpg",
      "transform_matrix": [
        [
          -0.534857,
          0.606191,
          -0.588609,
          2.985347
        ],
        [
          0.840797,
          0.312914,
          -0.441753,
          3.876891
        ],
        [
          -0.083602,
          -0.731175,
          -0.677048,
          1.371891
        ],
        [
          0.0,
          0.0,
          0.0,
          1.0
        ]
      ]
    },
    {
      "file_path": "/media/NFS/ttao/scannet/posed_images/scene0134_02/00077.jpg",
      "transform_matrix": [
        [
          -0.537165,
          0.606928,
          -0.585741,
          2.984174
        ],
        [
          0.838682,
          0.31038,
          -0.447522,
          3.88581
        ],
        [
          -0.089811,
          -0.731644,
          -0.675745,
          1.37036
        ],
        [
          0.0,
          0.0,
          0.0,
          1.0
        ]
      ]
    },
    {
      "file_path": "/media/NFS/ttao/scannet/posed_images/scene0134_02/00080.jpg",
      "transform_matrix": [
        [
          -0.520341,
          0.623351,
          -0.583676,
          2.974267
        ],
        [
          0.848509,
          0.300308,
          -0.435715,
          3.915058
        ],
        [
          -0.09632,
          -0.721975,
          -0.685182,
          1.364502
        ],
        [
          0.0,
          0.0,
          0.0,
          1.0
        ]
      ]
    },
    {
      "file_path": "/media/NFS/ttao/scannet/posed_images/scene0134_02/00084.jpg",
      "transform_matrix": [
        [
          -0.474,
          0.644719,
          -0.599718,
          2.964347
        ],
        [
          0.875695,
          0.273917,
          -0.397654,
          3.945261
        ],
        [
          -0.092102,
          -0.713658,
          -0.694413,
          1.360123
        ],
        [
          0.0,
          0.0,
          0.0,
          1.0
        ]
      ]
    },
    {
      "file_path": "/media/NFS/ttao/scannet/posed_images/scene0134_02/00086.jpg",
      "transform_matrix": [
        [
          -0.446812,
          0.656114,
          -0.608173,
          2.961808
        ],
        [
          0.889949,
          0.256535,
          -0.377069,
          3.954509
        ],
        [
          -0.091383,
          -0.709721,
          -0.69853,
          1.359514
        ],
        [
          0.0,
          0.0,
          0.0,
          1.0
        ]
      ]
    },
    {
      "file_path": "/media/NFS/ttao/scannet/posed_images/scene0134_02/00089.jpg",
      "transform_matrix": [
        [
          -0.42358,
          0.668703,
          -0.611078,
          2.957981
        ],
        [
          0.901939,
          0.248642,
          -0.353107,
          3.962013
        ],
        [
          -0.084184,
          -0.700724,
          -0.708449,
          1.356665
        ],
        [
          0.0,
          0.0,
          0.0,
          1.0
        ]
      ]
    },
    {
      "file_path": "/media/NFS/ttao/scannet/posed_images/scene0134_02/00090.jpg",
      "transform_matrix": [
        [
          -0.422247,
          0.672001,
          -0.608377,
          2.955483
        ],
        [
          0.902891,
          0.252114,
          -0.348176,
          3.960395
        ],
        [
          -0.080594,
          -0.696314,
          -0.713198,
          1.357687
        ],
        [
          0.0,
          0.0,
          0.0,
          1.0
        ]
      ]
    },
    {
      "file_path": "/media/NFS/ttao/scannet/posed_images/scene0134_02/00094.jpg",
      "transform_matrix": [
        [
          -0.460864,
          0.659612,
          -0.593731,
          2.952312
        ],
        [
          0.88355,
          0.278201,
          -0.376756,
          3.942142
        ],
        [
          -0.083336,
          -0.698224,
          -0.711013,
          1.360685
        ],
        [
          0.0,
          0.0,
          0.0,
          1.0
        ]
      ]
    },
    {
      "file_path": "/media/NFS/ttao/scannet/posed_images/scene0134_02/00095.jpg",
      "transform_matrix": [
        [
          -0.47728,
          0.655129,
          -0.58567,
          2.951616
        ],
        [
          0.874537,
          0.288926,
          -0.389495,
          3.933546
        ],
        [
          -0.085953,
          -0.698089,
          -0.710833,
          1.361936
        ],
        [
          0.0,
          0.0,
          0.0,
          1.0
        ]
      ]
    },
    {
      "file_path": "/media/NFS/ttao/scannet/posed_images/scene0134_02/00099.jpg",
      "transform_matrix": [
        [
          -0.554341,
          0.626047,
          -0.548426,
          2.953235
        ],
        [
          0.825896,
          0.332249,
          -0.45553,
          3.893068
        ],
        [
          -0.102969,
          -0.705462,
          -0.701228,
          1.368359
        ],
        [
          0.0,
          0.0,
          0.0,
          1.0
        ]
      ]
    },
    {
      "file_path": "/media/NFS/ttao/scannet/posed_images/scene0134_02/00100.jpg",
      "transform_matrix": [
        [
          -0.573488,
          0.616377,
          -0.539621,
          2.957406
        ],
        [
          0.813026,
          0.347426,
          -0.467209,
          3.880055
        ],
        [
          -0.100498,
          -0.706664,
          -0.700375,
          1.372662
        ],
        [
          0.0,
          0.0,
          0.0,
          1.0
        ]
      ]
    },
    {
      "file_path": "/media/NFS/ttao/scannet/posed_images/scene0134_02/00105.jpg",
      "transform_matrix": [
        [
          -0.664174,
          0.550864,
          -0.505393,
          2.972273
        ],
        [
          0.743822,
          0.419266,
          -0.520523,
          3.806408
        ],
        [
          -0.074843,
          -0.72164,
          -0.688211,
          1.38486
        ],
        [
          0.0,
          0.0,
          0.0,
          1.0
        ]
      ]
    },
    {
      "file_path": "/media/NFS/ttao/scannet/posed_images/scene0134_02/00107.jpg",
      "transform_matrix": [
        [
          -0.687715,
          0.52399,
          -0.502476,
          2.979378
        ],
        [
          0.724485,
          0.45094,
          -0.52132,
          3.77314
        ],
        [
          -0.04658,
          -0.722556,
          -0.689741,
          1.386674
        ],
        [
          0.0,
          0.0,
          0.0,
          1.0
        ]
      ]
    },
    {
      "file_path": "/media/NFS/ttao/scannet/posed_images/scene0134_02/00108.jpg",
      "transform_matrix": [
        [
          -0.69506,
          0.513551,
          -0.503147,
          2.980555
        ],
        [
          0.718289,
          0.465986,
          -0.516641,
          3.751616
        ],
        [
          -0.030862,
          -0.720502,
          -0.692766,
          1.389429
        ],
        [
          0.0,
          0.0,
          0.0,
          1.0
        ]
      ]
    },
    {
      "file_path": "/media/NFS/ttao/scannet/posed_images/scene0134_02/00112.jpg",
      "transform_matrix": [
        [
          -0.720767,
          0.472267,
          -0.507404,
          2.978433
        ],
        [
          0.693165,
          0.486604,
          -0.531733,
          3.676093
        ],
        [
          -0.004215,
          -0.73497,
          -0.678087,
          1.407064
        ],
        [
          0.0,
          0.0,
          0.0,
          1.0
        ]
      ]
    },
    {
      "file_path": "/media/NFS/ttao/scannet/posed_images/scene0134_02/00113.jpg",
      "transform_matrix": [
        [
          -0.72847,
          0.458611,
          -0.508927,
          2.977215
        ],
        [
          0.685075,
          0.485771,
          -0.542862,
          3.65451
        ],
        [
          -0.001741,
          -0.744112,
          -0.668052,
          1.411317
        ],
        [
          0.0,
          0.0,
          0.0,
          1.0
        ]
      ]
    },
    {
      "file_path": "/media/NFS/ttao/scannet/posed_images/scene0134_02/00117.jpg",
      "transform_matrix": [
        [
          -0.751921,
          0.398412,
          -0.525246,
          2.966597
        ],
        [
          0.659,
          0.476309,
          -0.582107,
          3.571915
        ],
        [
          0.018261,
          -0.783836,
          -0.6207,
          1.428058
        ],
        [
          0.0,
          0.0,
          0.0,
          1.0
        ]
      ]
    },
    {
      "file_path": "/media/NFS/ttao/scannet/posed_images/scene0134_02/00120.jpg",
      "transform_matrix": [
        [
          -0.741127,
          0.368813,
          -0.560988,
          2.968155
        ],
        [
          0.669709,
          0.464788,
          -0.579192,
          3.500147
        ],
        [
          0.047127,
          -0.804953,
          -0.591464,
          1.43168
        ],
        [
          0.0,
          0.0,
          0.0,
          1.0
        ]
      ]
    },
    {
      "file_path": "/media/NFS/ttao/scannet/posed_images/scene0134_02/00121.jpg",
      "transform_matrix": [
        [
          -0.742286,
          0.362899,
          -0.563308,
          2.960685
        ],
        [
          0.668119,
          0.465142,
          -0.58074,
          3.48173
        ],
        [
          0.051268,
          -0.807432,
          -0.587728,
          1.432026
        ],
        [
          0.0,
          0.0,
          0.0,
          1.0
        ]
      ]
    },
    {
      "file_path": "/media/NFS/ttao/scannet/posed_images/scene0134_02/00124.jpg",
      "transform_matrix": [
        [
          -0.750932,
          0.346244,
          -0.562331,
          2.936329
        ],
        [
          0.657735,
          0.468276,
          -0.590002,
          3.414413
        ],
        [
          0.059042,
          -0.812916,
          -0.57938,
          1.448507
        ],
        [
          0.0,
          0.0,
          0.0,
          1.0
        ]
      ]
    },
    {
      "file_path": "/media/NFS/ttao/scannet/posed_images/scene0134_02/00128.jpg",
      "transform_matrix": [
        [
          -0.764108,
          0.303182,
          -0.569402,
          2.905961
        ],
        [
          0.642225,
          0.440599,
          -0.627232,
          3.348909
        ],
        [
          0.060713,
          -0.844958,
          -0.531376,
          1.463845
        ],
        [
          0.0,
          0.0,
          0.0,
          1.0
        ]
      ]
    },
    {
      "file_path": "/media/NFS/ttao/scannet/posed_images/scene0134_02/00129.jpg",
      "transform_matrix": [
        [
          -0.767921,
          0.293759,
          -0.569213,
          2.901361
        ],
        [
          0.637573,
          0.436041,
          -0.635113,
          3.333527
        ],
        [
          0.06163,
          -0.850631,
          -0.522138,
          1.468696
        ],
        [
          0.0,
          0.0,
          0.0,
          1.0
        ]
      ]
    },
    {
      "file_path": "/media/NFS/ttao/scannet/posed_images/scene0134_02/00133.jpg",
      "transform_matrix": [
        [
          -0.788383,
          0.239621,
          -0.566598,
          2.877622
        ],
        [
          0.611423,
          0.406905,
          -0.678668,
          3.269483
        ],
        [
          0.067929,
          -0.881481,
          -0.467307,
          1.496821
        ],
        [
          0.0,
          0.0,
          0.0,
          1.0
        ]
      ]
    },
    {
      "file_path": "/media/NFS/ttao/scannet/posed_images/scene0134_02/00136.jpg",
      "transform_matrix": [
        [
          -0.795824,
          0.195884,
          -0.572969,
          2.848568
        ],
        [
          0.600769,
          0.373825,
          -0.706634,
          3.239387
        ],
        [
          0.075772,
          -0.906578,
          -0.41518,
          1.520712
        ],
        [
          0.0,
          0.0,
          0.0,
          1.0
        ]
      ]
    },
    {
      "file_path": "/media/NFS/ttao/scannet/posed_images/scene0134_02/00137.jpg",
      "transform_matrix": [
        [
          -0.793915,
          0.185304,
          -0.579104,
          2.845721
        ],
        [
          0.60298,
          0.362432,
          -0.710674,
          3.223822
        ],
        [
          0.078195,
          -0.913403,
          -0.399475,
          1.526195
        ],
        [
          0.0,
          0.0,
          0.0,
          1.0
        ]
      ]
    },
    {
      "file_path": "/media/NFS/ttao/scannet/posed_images/scene0134_02/00139.jpg",
      "transform_matrix": [
        [
          -0.798685,
          0.161269,
          -0.579737,
          2.822089
        ],
        [
          0.596135,
          0.343358,
          -0.725761,
          3.202968
        ],
        [
          0.082015,
          -0.925256,
          -0.370372,
          1.539876
        ],
        [
          0.0,
          0.0,
          0.0,
          1.0
        ]
      ]
    },
    {
      "file_path": "/media/NFS/ttao/scannet/posed_images/scene0134_02/00142.jpg",
      "transform_matrix": [
        [
          -0.809188,
          0.13136,
          -0.572678,
          2.796858
        ],
        [
          0.582423,
          0.307822,
          -0.75235,
          3.17948
        ],
        [
          0.077454,
          -0.942332,
          -0.325592,
          1.567745
        ],
        [
          0.0,
          0.0,
          0.0,
          1.0
        ]
      ]
    },
    {
      "file_path": "/media/NFS/ttao/scannet/posed_images/scene0134_02/00146.jpg",
      "transform_matrix": [
        [
          -0.826623,
          0.096209,
          -0.554471,
          2.751174
        ],
        [
          0.558976,
          0.254379,
          -0.7892,
          3.142956
        ],
        [
          0.065118,
          -0.962307,
          -0.264054,
          1.58775
        ],
        [
          0.0,
          0.0,
          0.0,
          1.0
        ]
      ]
    },
    {
      "file_path": "/media/NFS/ttao/scannet/posed_images/scene0134_02/00147.jpg",
      "transform_matrix": [
        [
          -0.831829,
          0.090079,
          -0.547674,
          2.734337
        ],
        [
          0.55114,
          0.250711,
          -0.795857,
          3.136732
        ],
        [
          0.065618,
          -0.963862,
          -0.258195,
          1.591908
        ],
        [
          0.0,
          0.0,
          0.0,
          1.0
        ]
      ]
    },
    {
      "file_path": "/media/NFS/ttao/scannet/posed_images/scene0134_02/00151.jpg",
      "transform_matrix": [
        [
          -0.850676,
          0.050435,
          -0.523266,
          2.706116
        ],
        [
          0.521239,
          0.210198,
          -0.82712,
          3.097648
        ],
        [
          0.068274,
          -0.976357,
          -0.205099,
          1.613942
        ],
        [
          0.0,
          0.0,
          0.0,
          1.0
        ]
      ]
    },
    {
      "file_path": "/media/NFS/ttao/scannet/posed_images/scene0134_02/00154.jpg",
      "transform_matrix": [
        [
          -0.852581,
          0.027371,
          -0.521878,
          2.680913
        ],
        [
          0.515893,
          0.203509,
          -0.832129,
          3.064624
        ],
        [
          0.083431,
          -0.97869,
          -0.187628,
          1.638416
        ],
        [
          0.0,
          0.0,
          0.0,
          1.0
        ]
      ]
    },
    {
      "file_path": "/media/NFS/ttao/scannet/posed_images/scene0134_02/00155.jpg",
      "transform_matrix": [
        [
          -0.850982,
          0.020063,
          -0.524812,
          2.675078
        ],
        [
          0.517985,
          0.197074,
          -0.832378,
          3.052518
        ],
        [
          0.086727,
          -0.980183,
          -0.178098,
          1.638994
        ],
        [
          0.0,
          0.0,
          0.0,
          1.0
        ]
      ]
    },
    {
      "file_path": "/media/NFS/ttao/scannet/posed_images/scene0134_02/00157.jpg",
      "transform_matrix": [
        [
          -0.845031,
          0.00622,
          -0.534681,
          2.660084
        ],
        [
          0.526226,
          0.187157,
          -0.829493,
          3.029374
        ],
        [
          0.09491,
          -0.98231,
          -0.161427,
          1.640672
        ],
        [
          0.0,
          0.0,
          0.0,
          1.0
        ]
      ]
    },
    {
      "file_path": "/media/NFS/ttao/scannet/posed_images/scene0134_02/00160.jpg",
      "transform_matrix": [
        [
          -0.821546,
          -0.001988,
          -0.570139,
          2.660486
        ],
        [
          0.561485,
          0.170784,
          -0.809672,
          2.976977
        ],
        [
          0.09898,
          -0.985307,
          -0.13919,
          1.614727
        ],
        [
          0.0,
          0.0,
          0.0,
          1.0
        ]
      ]
    },
    {
      "file_path": "/media/NFS/ttao/scannet/posed_images/scene0134_02/00163.jpg",
      "transform_matrix": [
        [
          -0.784698,
          -0.012943,
          -0.619743,
          2.650384
        ],
        [
          0.609263,
          0.168127,
          -0.77494,
          2.930476
        ],
        [
          0.114226,
          -0.98568,
          -0.124043,
          1.608297
        ],
        [
          0.0,
          0.0,
          0.0,
          1.0
        ]
      ]
    },
    {
      "file_path": "/media/NFS/ttao/scannet/posed_images/scene0134_02/00167.jpg",
      "transform_matrix": [
        [
          -0.734134,
          -0.02347,
          -0.678598,
          2.64247
        ],
        [
          0.669956,
          0.137574,
          -0.729543,
          2.87165
        ],
        [
          0.11048,
          -0.990213,
          -0.085273,
          1.616159
        ],
        [
          0.0,
          0.0,
          0.0,
          1.0
        ]
      ]
    },
    {
      "file_path": "/media/NFS/ttao/scannet/posed_images/scene0134_02/00168.jpg",
      "transform_matrix": [
        [
          -0.719679,
          -0.031218,
          -0.693604,
          2.640235
        ],
        [
          0.684489,
          0.135498,
          -0.71632,
          2.859984
        ],
        [
          0.116345,
          -0.990286,
          -0.076147,
          1.620822
        ],
        [
          0.0,
          0.0,
          0.0,
          1.0
        ]
      ]
    },
    {
      "file_path": "/media/NFS/ttao/scannet/posed_images/scene0134_02/00172.jpg",
      "transform_matrix": [
        [
          -0.638728,
          -0.062856,
          -0.766861,
          2.66346
        ],
        [
          0.760605,
          0.098964,
          -0.641628,
          2.795478
        ],
        [
          0.116222,
          -0.993104,
          -0.015402,
          1.592073
        ],
        [
          0.0,
          0.0,
          0.0,
          1.0
        ]
      ]
    },
    {
      "file_path": "/media/NFS/ttao/scannet/posed_images/scene0134_02/00174.jpg",
      "transform_matrix": [
        [
          -0.609057,
          -0.075437,
          -0.789531,
          2.667035
        ],
        [
          0.784348,
          0.090413,
          -0.613697,
          2.775151
        ],
        [
          0.117679,
          -0.993043,
          0.004102,
          1.606905
        ],
        [
          0.0,
          0.0,
          0.0,
          1.0
        ]
      ]
    },
    {
      "file_path": "/media/NFS/ttao/scannet/posed_images/scene0134_02/00177.jpg",
      "transform_matrix": [
        [
          -0.567661,
          -0.10325,
          -0.816762,
          2.674721
        ],
        [
          0.813564,
          0.08148,
          -0.575739,
          2.755949
        ],
        [
          0.125995,
          -0.991313,
          0.037747,
          1.618345
        ],
        [
          0.0,
          0.0,
          0.0,
          1.0
        ]
      ]
    },
    {
      "file_path": "/media/NFS/ttao/scannet/posed_images/scene0134_02/00180.jpg",
      "transform_matrix": [
        [
          -0.530507,
          -0.129187,
          -0.837779,
          2.684353
        ],
        [
          0.837497,
          0.072858,
          -0.541563,
          2.751053
        ],
        [
          0.131002,
          -0.98894,
          0.069543,
          1.6273
        ],
        [
          0.0,
          0.0,
          0.0,
          1.0
        ]
      ]
    },
    {
      "file_path": "/media/NFS/ttao/scannet/posed_images/scene0134_02/00182.jpg",
      "transform_matrix": [
        [
          -0.508402,
          -0.136413,
          -0.850246,
          2.696847
        ],
        [
          0.850356,
          0.076094,
          -0.520677,
          2.748503
        ],
        [
          0.135726,
          -0.987725,
          0.077313,
          1.637595
        ],
        [
          0.0,
          0.0,
          0.0,
          1.0
        ]
      ]
    },
    {
      "file_path": "/media/NFS/ttao/scannet/posed_images/scene0134_02/00183.jpg",
      "transform_matrix": [
        [
          -0.501591,
          -0.140657,
          -0.853593,
          2.700684
        ],
        [
          0.854253,
          0.075263,
          -0.514381,
          2.752394
        ],
        [
          0.136595,
          -0.987193,
          0.082406,
          1.63877
        ],
        [
          0.0,
          0.0,
          0.0,
          1.0
        ]
      ]
    },
    {
      "file_path": "/media/NFS/ttao/scannet/posed_images/scene0134_02/00187.jpg",
      "transform_matrix": [
        [
          -0.45946,
          -0.149508,
          -0.875525,
          2.737355
        ],
        [
          0.877091,
          0.079033,
          -0.473778,
          2.762592
        ],
        [
          0.140029,
          -0.985597,
          0.094819,
          1.653106
        ],
        [
          0.0,
          0.0,
          0.0,
          1.0
        ]
      ]
    },
    {
      "file_path": "/media/NFS/ttao/scannet/posed_images/scene0134_02/00188.jpg",
      "transform_matrix": [
        [
          -0.455011,
          -0.153335,
          -0.877185,
          2.746621
        ],
        [
          0.878671,
          0.082618,
          -0.470224,
          2.770788
        ],
        [
          0.144573,
          -0.984714,
          0.097139,
          1.650222
        ],
        [
          0.0,
          0.0,
          0.0,
          1.0
        ]
      ]
    },
    {
      "file_path": "/media/NFS/ttao/scannet/posed_images/scene0134_02/00191.jpg",
      "transform_matrix": [
        [
          -0.486173,
          -0.180549,
          -0.855008,
          2.761765
        ],
        [
          0.859383,
          0.078595,
          -0.505257,
          2.826753
        ],
        [
          0.158423,
          -0.980421,
          0.11695,
          1.652112
        ],
        [
          0.0,
          0.0,
          0.0,
          1.0
        ]
      ]
    },
    {
      "file_path": "/media/NFS/ttao/scannet/posed_images/scene0134_02/00193.jpg",
      "transform_matrix": [
        [
          -0.52089,
          -0.205416,
          -0.82854,
          2.781778
        ],
        [
          0.836461,
          0.070828,
          -0.54343,
          2.863845
        ],
        [
          0.170313,
          -0.976108,
          0.134929,
          1.658579
        ],
        [
          0.0,
          0.0,
          0.0,
          1.0
        ]
      ]
    },
    {
      "file_path": "/media/NFS/ttao/scannet/posed_images/scene0134_02/00198.jpg",
      "transform_matrix": [
        [
          -0.634302,
          -0.271762,
          -0.723744,
          2.825707
        ],
        [
          0.745701,
          0.031882,
          -0.665517,
          2.998767
        ],
        [
          0.203937,
          -0.961836,
          0.182431,
          1.65971
        ],
        [
          0.0,
          0.0,
          0.0,
          1.0
        ]
      ]
    },
    {
      "file_path": "/media/NFS/ttao/scannet/posed_images/scene0134_02/00200.jpg",
      "transform_matrix": [
        [
          -0.66832,
          -0.287912,
          -0.685897,
          2.842346
        ],
        [
          0.710137,
          0.027598,
          -0.703523,
          3.054748
        ],
        [
          0.221482,
          -0.957259,
          0.186013,
          1.668919
