{
  "frames": [
    {
      "file_path": "/media/NFS/ttao/scannet/posed_images/scene0451_00/00000.jpg",
      "transform_matrix": [
        [
          -0.95632,
          0.132206,
          -0.260719,
          3.832996
        ],
        [
          0.292002,
          0.473858,
          -0.830779,
          4.338797
        ],
        [
          0.013709,
          -0.870621,
          -0.491764,
          1.466615
        ],
        [
          0.0,
          0.0,
          0.0,
          1.0
        ]
      ]
    },
    {
      "file_path": "/media/NFS/ttao/scannet/posed_images/scene0451_00/00008.jpg",
      "transform_matrix": [
        [
          -0.958072,
          0.123314,
          -0.258637,
          3.835417
        ],
        [
          0.285745,
          0.477974,
          -0.830597,
          4.331737
        ],
        [
          0.021198,
          -0.869675,
          -0.49317,
          1.462163
        ],
        [
          0.0,
          0.0,
          0.0,
          1.0
        ]
      ]
    },
    {
      "file_path": "/media/NFS/ttao/scannet/posed_images/scene0451_00/00016.jpg",
      "transform_matrix": [
        [
          -0.959957,
          0.133084,
          -0.24652,
          3.812666
        ],
        [
          0.280042,
          0.480105,
          -0.83131,
          4.322444
        ],
        [
          0.007722,
          -0.867057,
          -0.498149,
          1.478922
        ],
        [
          0.0,
          0.0,
          0.0,
          1.0
        ]
      ]
    },
    {
      "file_path": "/media/NFS/ttao/scannet/posed_images/scene0451_00/00032.jpg",
      "transform_matrix": [
        [
          -0.952809,
          0.113645,
          -0.281497,
          3.789469
        ],
        [
          0.302441,
          0.435303,
          -0.847963,
          4.307302
        ],
        [
          0.02617,
          -0.893082,
          -0.449131,
          1.517414
        ],
        [
          0.0,
          0.0,
          0.0,
          1.0
        ]
      ]
    },
    {
      "file_path": "/media/NFS/ttao/scannet/posed_images/scene0451_00/00041.jpg",
      "transform_matrix": [
        [
          -0.941837,
          0.102113,
          -0.320182,
          3.780975
        ],
        [
          0.334726,
          0.370152,
          -0.866571,
          4.304345
        ],
        [
          0.030028,
          -0.923342,
          -0.382802,
          1.541089
        ],
        [
          0.0,
          0.0,
          0.0,
          1.0
        ]
      ]
    },
    {
      "file_path": "/media/NFS/ttao/scannet/posed_images/scene0451_00/00049.jpg",
      "transform_matrix": [
        [
          -0.929292,
          0.084951,
          -0.359444,
          3.770777
        ],
        [
          0.367579,
          0.307812,
          -0.877575,
          4.299019
        ],
        [
          0.036091,
          -0.947647,
          -0.317274,
          1.576882
        ],
        [
          0.0,
          0.0,
          0.0,
          1.0
        ]
      ]
    },
    {
      "file_path": "/media/NFS/ttao/scannet/posed_images/scene0451_00/00060.jpg",
      "transform_matrix": [
        [
          -0.901235,
          0.068125,
          -0.427943,
          3.775824
        ],
        [
          0.43154,
          0.230823,
          -0.872063,
          4.290428
        ],
        [
          0.03937,
          -0.970608,
          -0.237425,
          1.594689
        ],
        [
          0.0,
          0.0,
          0.0,
          1.0
        ]
      ]
    },
    {
      "file_path": "/media/NFS/ttao/scannet/posed_images/scene0451_00/00068.jpg",
      "transform_matrix": [
        [
          -0.878976,
          0.056176,
          -0.473545,
          3.756355
        ],
        [
          0.474833,
          0.194695,
          -0.85827,
          4.298162
        ],
        [
          0.043983,
          -0.979254,
          -0.197807,
          1.611079
        ],
        [
          0.0,
          0.0,
          0.0,
          1.0
        ]
      ]
    },
    {
      "file_path": "/media/NFS/ttao/scannet/posed_images/scene0451_00/00070.jpg",
      "transform_matrix": [
        [
          -0.866697,
          0.058795,
          -0.495359,
          3.791701
        ],
        [
          0.49702,
          0.186441,
          -0.847473,
          4.283823
        ],
        [
          0.042528,
          -0.980705,
          -0.19081,
          1.600675
        ],
        [
          0.0,
          0.0,
          0.0,
          1.0
        ]
      ]
    },
    {
      "file_path": "/media/NFS/ttao/scannet/posed_images/scene0451_00/00078.jpg",
      "transform_matrix": [
        [
          -0.826801,
          0.055079,
          -0.559792,
          3.740115
        ],
        [
          0.560349,
          0.167504,
          -0.811142,
          4.305267
        ],
        [
          0.049091,
          -0.984331,
          -0.169356,
          1.598439
        ],
        [
          0.0,
          0.0,
          0.0,
          1.0
        ]
      ]
    },
    {
      "file_path": "/media/NFS/ttao/scannet/posed_images/scene0451_00/00095.jpg",
      "transform_matrix": [
        [
          -0.684822,
          0.093334,
          -0.722708,
          3.646951
        ],
        [
          0.727421,
          0.146528,
          -0.670364,
          4.329858
        ],
        [
          0.043329,
          -0.984793,
          -0.168239,
          1.641411
        ],
        [
          0.0,
          0.0,
          0.0,
          1.0
        ]
      ]
    },
    {
      "file_path": "/media/NFS/ttao/scannet/posed_images/scene0451_00/00100.jpg",
      "transform_matrix": [
        [
          -0.648815,
          0.104979,
          -0.75367,
          3.629405
        ],
        [
          0.759682,
          0.146437,
          -0.633593,
          4.336387
        ],
        [
          0.043851,
          -0.983634,
          -0.174761,
          1.626535
        ],
        [
          0.0,
          0.0,
          0.0,
          1.0
        ]
      ]
    },
    {
      "file_path": "/media/NFS/ttao/scannet/posed_images/scene0451_00/00114.jpg",
      "transform_matrix": [
        [
          -0.580042,
          0.170243,
          -0.796598,
          3.596432
        ],
        [
          0.813856,
          0.162525,
          -0.557874,
          4.363874
        ],
        [
          0.034493,
          -0.971907,
          -0.232825,
          1.597032
        ],
        [
          0.0,
          0.0,
          0.0,
          1.0
        ]
      ]
    },
    {
      "file_path": "/media/NFS/ttao/scannet/posed_images/scene0451_00/00116.jpg",
      "transform_matrix": [
        [
          -0.575575,
          0.186456,
          -0.796208,
          3.590826
        ],
        [
          0.817173,
          0.167666,
          -0.551467,
          4.366051
        ],
        [
          0.030673,
          -0.968051,
          -0.248872,
          1.589468
        ],
        [
          0.0,
          0.0,
          0.0,
          1.0
        ]
      ]
    },
    {
      "file_path": "/media/NFS/ttao/scannet/posed_images/scene0451_00/00124.jpg",
      "transform_matrix": [
        [
          -0.567261,
          0.250491,
          -0.784518,
          3.575612
        ],
        [
          0.823212,
          0.199264,
          -0.531616,
          4.379995
        ],
        [
          0.023161,
          -0.94739,
          -0.319242,
          1.572186
        ],
        [
          0.0,
          0.0,
          0.0,
          1.0
        ]
      ]
    },
    {
      "file_path": "/media/NFS/ttao/scannet/posed_images/scene0451_00/00135.jpg",
      "transform_matrix": [
        [
          -0.562294,
          0.290636,
          -0.774181,
          3.57378
        ],
        [
          0.826891,
          0.207552,
          -0.52266,
          4.372134
        ],
        [
          0.008779,
          -0.934052,
          -0.357029,
          1.555243
        ],
        [
          0.0,
          0.0,
          0.0,
          1.0
        ]
      ]
    },
    {
      "file_path": "/media/NFS/ttao/scannet/posed_images/scene0451_00/00149.jpg",
      "transform_matrix": [
        [
          -0.566621,
          0.217769,
          -0.794681,
          3.563602
        ],
        [
          0.823961,
          0.155999,
          -0.54475,
          4.380384
        ],
        [
          0.00534,
          -0.963453,
          -0.267825,
          1.609892
        ],
        [
          0.0,
          0.0,
          0.0,
          1.0
        ]
      ]
    },
    {
      "file_path": "/media/NFS/ttao/scannet/posed_images/scene0451_00/00157.jpg",
      "transform_matrix": [
        [
          -0.56433,
          0.167266,
          -0.808427,
          3.550987
        ],
        [
          0.825532,
          0.120719,
          -0.551293,
          4.381675
        ],
        [
          0.00538,
          -0.978493,
          -0.206208,
          1.649026
        ],
        [
          0.0,
          0.0,
          0.0,
          1.0
        ]
      ]
    },
    {
      "file_path": "/media/NFS/ttao/scannet/posed_images/scene0451_00/00160.jpg",
      "transform_matrix": [
        [
          -0.566911,
          0.146402,
          -0.810666,
          3.544272
        ],
        [
          0.823755,
          0.108334,
          -0.556499,
          4.375697
        ],
        [
          0.00635,
          -0.983275,
          -0.182015,
          1.656509
        ],
        [
          0.0,
          0.0,
          0.0,
          1.0
        ]
      ]
    },
    {
      "file_path": "/media/NFS/ttao/scannet/posed_images/scene0451_00/00176.jpg",
      "transform_matrix": [
        [
          -0.615249,
          0.076579,
          -0.784605,
          3.56315
        ],
        [
          0.788288,
          0.049132,
          -0.613342,
          4.363856
        ],
        [
          -0.00842,
          -0.995852,
          -0.090594,
          1.707474
        ],
        [
          0.0,
          0.0,
          0.0,
          1.0
        ]
      ]
    },
    {
      "file_path": "/media/NFS/ttao/scannet/posed_images/scene0451_00/00179.jpg",
      "transform_matrix": [
        [
          -0.622149,
          0.069573,
          -0.779802,
          3.571672
        ],
        [
          0.782826,
          0.041688,
          -0.620842,
          4.363969
        ],
        [
          -0.010686,
          -0.996705,
          -0.080399,
          1.718311
        ],
        [
          0.0,
          0.0,
          0.0,
          1.0
        ]
      ]
    },
    {
      "file_path": "/media/NFS/ttao/scannet/posed_images/scene0451_00/00187.jpg",
      "transform_matrix": [
        [
          -0.654995,
          0.042716,
          -0.754425,
          3.580698
        ],
        [
          0.755613,
          0.029829,
          -0.654338,
          4.345903
        ],
        [
          -0.005447,
          -0.998642,
          -0.051815,
          1.711636
        ],
        [
          0.0,
          0.0,
          0.0,
          1.0
        ]
      ]
    },
    {
      "file_path": "/media/NFS/ttao/scannet/posed_images/scene0451_00/00200.jpg",
      "transform_matrix": [
        [
          -0.741265,
          -0.00259,
          -0.671207,
          3.620089
        ],
        [
          0.67091,
          0.02717,
          -0.741041,
          4.340387
        ],
        [
          0.020155,
          -0.999627,
          -0.018402,
          1.690304
        ],
        [
          0.0,
          0.0,
          0.0,
          1.0
        ]
      ]
    },
    {
      "file_path": "/media/NFS/ttao/scannet/posed_images/scene0451_00/00211.jpg",
      "transform_matrix": [
        [
          -0.815786,
          0.009815,
          -0.578272,
          3.705443
        ],
        [
          0.577107,
          0.079455,
          -0.812794,
          4.290066
        ],
        [
          0.037969,
          -0.99679,
          -0.070483,
          1.650763
        ],
        [
          0.0,
          0.0,
          0.0,
          1.0
        ]
      ]
    },
    {
      "file_path": "/media/NFS/ttao/scannet/posed_images/scene0451_00/00222.jpg",
      "transform_matrix": [
        [
          -0.89071,
          0.01493,
          -0.454327,
          3.698474
        ],
        [
          0.45254,
          0.123535,
          -0.883146,
          4.283782
        ],
        [
          0.04294,
          -0.992228,
          -0.11679,
          1.574789
        ],
        [
          0.0,
          0.0,
          0.0,
          1.0
        ]
      ]
    },
    {
      "file_path": "/media/NFS/ttao/scannet/posed_images/scene0451_00/00230.jpg",
      "transform_matrix": [
        [
          -0.937317,
          0.021533,
          -0.347811,
          3.671352
        ],
        [
          0.34592,
          0.178184,
          -0.921189,
          4.272737
        ],
        [
          0.042139,
          -0.983761,
          -0.174463,
          1.573114
        ],
        [
          0.0,
          0.0,
          0.0,
          1.0
        ]
      ]
    },
    {
      "file_path": "/media/NFS/ttao/scannet/posed_images/scene0451_00/00238.jpg",
      "transform_matrix": [
        [
          -0.959543,
          0.020469,
          -0.28082,
          3.640486
        ],
        [
          0.277965,
          0.227835,
          -0.933181,
          4.23711
        ],
        [
          0.044879,
          -0.973484,
          -0.224307,
          1.555703
        ],
        [
          0.0,
          0.0,
          0.0,
          1.0
        ]
      ]
    },
    {
      "file_path": "/media/NFS/ttao/scannet/posed_images/scene0451_00/00246.jpg",
      "transform_matrix": [
        [
          -0.975932,
          0.027722,
          -0.216305,
          3.587459
        ],
        [
          0.215866,
          0.263594,
          -0.94017,
          4.168752
        ],
        [
          0.030953,
          -0.964235,
          -0.263234,
          1.536861
        ],
        [
          0.0,
          0.0,
          0.0,
          1.0
        ]
      ]
    },
    {
      "file_path": "/media/NFS/ttao/scannet/posed_images/scene0451_00/00252.jpg",
      "transform_matrix": [
        [
          -0.984349,
          0.02518,
          -0.174425,
          3.562974
        ],
        [
          0.174523,
          0.276813,
          -0.944943,
          4.07717
        ],
        [
          0.024489,
          -0.960594,
          -0.276875,
          1.519482
        ],
        [
          0.0,
          0.0,
          0.0,
          1.0
        ]
      ]
    },
    {
      "file_path": "/media/NFS/ttao/scannet/posed_images/scene0451_00/00260.jpg",
      "transform_matrix": [
        [
          -0.994765,
          0.016365,
          -0.100868,
          3.498262
        ],
        [
          0.10122,
          0.293285,
          -0.950652,
          3.966098
        ],
        [
          0.014025,
          -0.955885,
          -0.293406,
          1.521349
        ],
        [
          0.0,
          0.0,
          0.0,
          1.0
        ]
      ]
    },
    {
      "file_path": "/media/NFS/ttao/scannet/posed_images/scene0451_00/00268.jpg",
      "transform_matrix": [
        [
          -0.999918,
          -0.005256,
          -0.011735,
          3.466731
        ],
        [
          0.009584,
          0.303732,
          -0.952709,
          3.887666
        ],
        [
          0.008572,
          -0.952743,
          -0.303656,
          1.516156
        ],
        [
          0.0,
          0.0,
          0.0,
          1.0
        ]
      ]
    },
    {
      "file_path": "/media/NFS/ttao/scannet/posed_images/scene0451_00/00279.jpg",
      "transform_matrix": [
        [
          -0.975501,
          -0.093436,
          0.199166,
          3.380955
        ],
        [
          -0.218747,
          0.315727,
          -0.923291,
          3.809282
        ],
        [
          0.023386,
          -0.944238,
          -0.328431,
          1.506779
        ],
        [
          0.0,
          0.0,
          0.0,
          1.0
        ]
      ]
    },
    {
      "file_path": "/media/NFS/ttao/scannet/posed_images/scene0451_00/00292.jpg",
      "transform_matrix": [
        [
          -0.908092,
          -0.158558,
          0.387592,
          3.35158
        ],
        [
          -0.418552,
          0.313776,
          -0.852267,
          3.727637
        ],
        [
          0.013517,
          -0.936164,
          -0.351303,
          1.494936
        ],
        [
          0.0,
          0.0,
          0.0,
          1.0
        ]
      ]
    },
    {
      "file_path": "/media/NFS/ttao/scannet/posed_images/scene0451_00/00300.jpg",
      "transform_matrix": [
        [
          -0.868272,
          -0.19956,
          0.45418,
          3.374503
        ],
        [
          -0.495596,
          0.308169,
          -0.812044,
          3.655467
        ],
        [
          0.022087,
          -0.930165,
          -0.366476,
          1.483551
        ],
        [
          0.0,
          0.0,
          0.0,
          1.0
        ]
      ]
    },
    {
      "file_path": "/media/NFS/ttao/scannet/posed_images/scene0451_00/00308.jpg",
      "transform_matrix": [
        [
          -0.822303,
          -0.222783,
          0.523628,
          3.431858
        ],
        [
          -0.567912,
          0.263114,
          -0.779902,
          3.612768
        ],
        [
          0.035975,
          -0.93869,
          -0.34288,
          1.488601
        ],
        [
          0.0,
          0.0,
          0.0,
          1.0
        ]
      ]
    },
    {
      "file_path": "/media/NFS/ttao/scannet/posed_images/scene0451_00/00316.jpg",
      "transform_matrix": [
        [
          -0.758904,
          -0.2301,
          0.609195,
          3.420342
        ],
        [
          -0.650801,
          0.23518,
          -0.721906,
          3.584527
        ],
        [
          0.02284,
          -0.944322,
          -0.328229,
          1.50067
        ],
        [
          0.0,
          0.0,
          0.0,
          1.0
        ]
      ]
    },
    {
      "file_path": "/media/NFS/ttao/scannet/posed_images/scene0451_00/00327.jpg",
      "transform_matrix": [
        [
          -0.614569,
          -0.291315,
          0.733103,
          3.405065
        ],
        [
          -0.788744,
          0.210773,
          -0.577458,
          3.565167
        ],
        [
          0.013704,
          -0.933119,
          -0.359308,
          1.507207
        ],
        [
          0.0,
          0.0,
          0.0,
          1.0
        ]
      ]
    },
    {
      "file_path": "/media/NFS/ttao/scannet/posed_images/scene0451_00/00338.jpg",
      "transform_matrix": [
        [
          -0.415174,
          -0.320284,
          0.851498,
          3.368515
        ],
        [
          -0.909382,
          0.119783,
          -0.398341,
          3.550865
        ],
        [
          0.025587,
          -0.939718,
          -0.340991,
          1.514002
        ],
        [
          0.0,
          0.0,
          0.0,
          1.0
        ]
      ]
    },
    {
      "file_path": "/media/NFS/ttao/scannet/posed_images/scene0451_00/00346.jpg",
      "transform_matrix": [
        [
          -0.294139,
          -0.313151,
          0.903006,
          3.344305
        ],
        [
          -0.95556,
          0.07688,
          -0.284596,
          3.515204
        ],
        [
          0.019698,
          -0.946587,
          -0.321847,
          1.522021
        ],
        [
          0.0,
          0.0,
          0.0,
          1.0
        ]
      ]
    },
    {
      "file_path": "/media/NFS/ttao/scannet/posed_images/scene0451_00/00349.jpg",
      "transform_matrix": [
        [
          -0.26373,
          -0.310302,
          0.913323,
          3.343134
        ],
        [
          -0.964351,
          0.063469,
          -0.256902,
          3.5273
        ],
        [
          0.021749,
          -0.948517,
          -0.315979,
          1.518636
        ],
        [
          0.0,
          0.0,
          0.0,
          1.0
        ]
      ]
    },
    {
      "file_path": "/media/NFS/ttao/scannet/posed_images/scene0451_00/00365.jpg",
      "transform_matrix": [
        [
          -0.124675,
          -0.330309,
          0.935603,
          3.40574
        ],
        [
          -0.991938,
          0.019935,
          -0.125144,
          3.552208
        ],
        [
          0.022685,
          -0.943662,
          -0.330131,
          1.508401
        ],
        [
          0.0,
          0.0,
          0.0,
          1.0
        ]
      ]
    },
    {
      "file_path": "/media/NFS/ttao/scannet/posed_images/scene0451_00/00368.jpg",
      "transform_matrix": [
        [
          -0.118238,
          -0.324223,
          0.938563,
          3.424255
        ],
        [
          -0.992707,
          0.016206,
          -0.119461,
          3.570206
        ],
        [
          0.023521,
          -0.945842,
          -0.323774,
          1.510065
        ],
        [
          0.0,
          0.0,
          0.0,
          1.0
        ]
      ]
    },
    {
      "file_path": "/media/NFS/ttao/scannet/posed_images/scene0451_00/00376.jpg",
      "transform_matrix": [
        [
          -0.110436,
          -0.307657,
          0.945067,
          3.485523
        ],
        [
          -0.993742,
          0.018158,
          -0.110213,
          3.593015
        ],
        [
          0.016747,
          -0.951324,
          -0.307737,
          1.542383
        ],
        [
          0.0,
          0.0,
          0.0,
          1.0
        ]
      ]
    },
    {
      "file_path": "/media/NFS/ttao/scannet/posed_images/scene0451_00/00390.jpg",
      "transform_matrix": [
        [
          -0.017732,
          -0.282536,
          0.959093,
          3.53119
        ],
        [
          -0.999514,
          -0.019582,
          -0.024248,
          3.688208
        ],
        [
          0.025632,
          -0.959057,
          -0.282052,
          1.530958
        ],
        [
          0.0,
          0.0,
          0.0,
          1.0
        ]
      ]
    },
    {
      "file_path": "/media/NFS/ttao/scannet/posed_images/scene0451_00/00400.jpg",
      "transform_matrix": [
        [
          0.101867,
          -0.289029,
          0.951885,
          3.52983
        ],
        [
          -0.994414,
          -0.056177,
          0.089361,
          3.731541
        ],
        [
          0.027646,
          -0.955671,
          -0.293137,
          1.526678
        ],
        [
          0.0,
          0.0,
          0.0,
          1.0
        ]
      ]
    },
    {
      "file_path": "/media/NFS/ttao/scannet/posed_images/scene0451_00/00408.jpg",
      "transform_matrix": [
        [
          0.219833,
          -0.3082,
          0.925574,
          3.52274
        ],
        [
          -0.975435,
          -0.083213,
          0.203967,
          3.726195
        ],
        [
          0.014157,
          -0.947675,
          -0.318922,
          1.5187
        ],
        [
          0.0,
          0.0,
          0.0,
          1.0
        ]
      ]
    },
    {
      "file_path": "/media/NFS/ttao/scannet/posed_images/scene0451_00/00414.jpg",
      "transform_matrix": [
        [
          0.316619,
          -0.321646,
          0.892354,
          3.510388
        ],
        [
          -0.948053,
          -0.137832,
          0.286701,
          3.70651
        ],
        [
          0.030779,
          -0.936774,
          -0.348578,
          1.500836
        ],
        [
          0.0,
          0.0,
          0.0,
          1.0
        ]
      ]
    },
    {
      "file_path": "/media/NFS/ttao/scannet/posed_images/scene0451_00/00427.jpg",
      "transform_matrix": [
        [
          0.429382,
          -0.373504,
          0.822269,
          3.516428
        ],
        [
          -0.902552,
          -0.209852,
          0.375983,
          3.630542
        ],
        [
          0.032124,
          -0.90358,
          -0.427214,
          1.464083
        ],
        [
          0.0,
          0.0,
          0.0,
          1.0
        ]
      ]
    },
    {
      "file_path": "/media/NFS/ttao/scannet/posed_images/scene0451_00/00433.jpg",
      "transform_matrix": [
        [
          0.452054,
          -0.402715,
          0.795907,
          3.52509
        ],
        [
          -0.89154,
          -0.232365,
          0.388798,
          3.609043
        ],
        [
          0.028366,
          -0.88534,
          -0.464078,
          1.447647
        ],
        [
          0.0,
          0.0,
          0.0,
          1.0
        ]
      ]
    },
    {
      "file_path": "/media/NFS/ttao/scannet/posed_images/scene0451_00/00446.jpg",
      "transform_matrix": [
        [
          0.460731,
          -0.403564,
          0.790483,
          3.584141
        ],
        [
          -0.887345,
          -0.228079,
          0.400746,
          3.579507
        ],
        [
          0.018566,
          -0.886068,
          -0.463184,
          1.455807
        ],
        [
          0.0,
          0.0,
          0.0,
          1.0
        ]
      ]
    },
    {
      "file_path": "/media/NFS/ttao/scannet/posed_images/scene0451_00/00449.jpg",
      "transform_matrix": [
        [
          0.453504,
          -0.393715,
          0.799576,
          3.612154
        ],
        [
          -0.891081,
          -0.217951,
          0.398084,
          3.585387
        ],
        [
          0.017536,
          -0.893021,
          -0.449674,
          1.468631
        ],
        [
          0.0,
          0.0,
          0.0,
          1.0
        ]
      ]
    },
    {
      "file_path": "/media/NFS/ttao/scannet/posed_images/scene0451_00/00460.jpg",
      "transform_matrix": [
        [
          0.406268,
          -0.300083,
          0.863074,
          3.714485
        ],
        [
          -0.913432,
          -0.158443,
          0.374883,
          3.637455
        ],
        [
          0.024252,
          -0.940662,
          -0.338476,
          1.541238
        ],
        [
          0.0,
          0.0,
          0.0,
          1.0
        ]
      ]
    },
    {
      "file_path": "/media/NFS/ttao/scannet/posed_images/scene0451_00/00471.jpg",
      "transform_matrix": [
        [
          0.416614,
          -0.179931,
          0.891099,
          3.78512
        ],
        [
          -0.908494,
          -0.117688,
          0.400983,
          3.68501
        ],
        [
          0.032723,
          -0.976614,
          -0.212497,
          1.601206
        ],
        [
          0.0,
          0.0,
          0.0,
          1.0
        ]
      ]
    },
    {
      "file_path": "/media/NFS/ttao/scannet/posed_images/scene0451_00/00481.jpg",
      "transform_matrix": [
        [
          0.424989,
          -0.10389,
          0.899217,
          3.851749
        ],
        [
          -0.904992,
          -0.069961,
          0.419636,
          3.671196
        ],
        [
          0.019314,
          -0.992125,
          -0.123753,
          1.635491
        ],
        [
          0.0,
          0.0,
          0.0,
          1.0
        ]
      ]
    },
    {
      "file_path": "/media/NFS/ttao/scannet/posed_images/scene0451_00/00492.jpg",
      "transform_matrix": [
        [
          0.502355,
          -0.033095,
          0.864028,
          3.849806
        ],
        [
          -0.864484,
          -0.03945,
          0.50111,
          3.663211
        ],
        [
          0.017502,
          -0.998673,
          -0.048428,
          1.654052
        ],
        [
          0.0,
          0.0,
          0.0,
          1.0
        ]
      ]
    },
    {
      "file_path": "/media/NFS/ttao/scannet/posed_images/scene0451_00/00500.jpg",
      "transform_matrix": [
        [
          0.618001,
          0.019575,
          0.785934,
          3.906521
        ],
        [
          -0.785031,
          -0.038588,
          0.618253,
          3.529313
        ],
        [
          0.04243,
          -0.999063,
          -0.00848,
          1.640989
        ],
        [
          0.0,
          0.0,
          0.0,
          1.0
        ]
      ]
    },
    {
      "file_path": "/media/NFS/ttao/scannet/posed_images/scene0451_00/00509.jpg",
      "transform_matrix": [
        [
          0.678222,
          0.018925,
          0.734613,
          3.872602
        ],
        [
          -0.734124,
          -0.027166,
          0.678471,
          3.54484
        ],
        [
          0.032796,
          -0.999452,
          -0.004532,
          1.660094
        ],
        [
          0.0,
          0.0,
          0.0,
          1.0
        ]
      ]
    },
    {
      "file_path": "/media/NFS/ttao/scannet/posed_images/scene0451_00/00514.jpg",
      "transform_matrix": [
        [
          0.734351,
          0.013084,
          0.678644,
          3.893186
        ],
        [
          -0.67845,
          -0.016548,
          0.73446,
          3.497137
        ],
        [
          0.02084,
          -0.999777,
          -0.003275,
          1.65305
        ],
        [
          0.0,
          0.0,
          0.0,
          1.0
        ]
      ]
    },
    {
      "file_path": "/media/NFS/ttao/scannet/posed_images/scene0451_00/00522.jpg",
      "transform_matrix": [
        [
          0.797822,
          0.018217,
          0.602618,
          3.874797
        ],
        [
          -0.602539,
          -0.010159,
          0.798025,
          3.492164
        ],
        [
          0.020659,
          -0.999782,
          0.002872,
          1.623576
        ],
        [
          0.0,
          0.0,
          0.0,
          1.0
        ]
      ]
    },
    {
      "file_path": "/media/NFS/ttao/scannet/posed_images/scene0451_00/00536.jpg",
      "transform_matrix": [
        [
          0.882204,
          -0.058983,
          0.46716,
          3.917547
        ],
        [
          -0.47062,
          -0.078179,
          0.878866,
          3.537473
        ],
        [
          -0.015316,
          -0.995193,
          -0.096728,
          1.58297
        ],
        [
          0.0,
          0.0,
          0.0,
          1.0
        ]
      ]
    },
    {
      "file_path": "/media/NFS/ttao/scannet/posed_images/scene0451_00/00538.jpg",
      "transform_matrix": [
        [
          0.889574,
          -0.059597,
          0.452887,
          3.9206
        ],
        [
          -0.456716,
          -0.098088,
          0.884189,
          3.55312
        ],
        [
          -0.008272,
          -0.993392,
          -0.114476,
          1.572936
        ],
        [
          0.0,
          0.0,
          0.0,
          1.0
        ]
      ]
    },
    {
      "file_path": "/media/NFS/ttao/scannet/posed_images/scene0451_00/00549.jpg",
      "transform_matrix": [
        [
          0.939421,
          -0.071282,
          0.335272,
          3.976212
        ],
        [
          -0.342743,
          -0.206686,
          0.916411,
          3.588523
        ],
        [
          0.003972,
          -0.975807,
          -0.218596,
          1.512129
        ],
        [
          0.0,
          0.0,
          0.0,
          1.0
        ]
      ]
    },
    {
      "file_path": "/media/NFS/ttao/scannet/posed_images/scene0451_00/00557.jpg",
      "transform_matrix": [
        [
          0.963299,
          -0.085795,
          0.254351,
          4.020784
        ],
        [
          -0.268394,
          -0.29212,
          0.917949,
          3.57543
        ],
        [
          -0.004454,
          -0.952525,
          -0.304426,
          1.492755
        ],
        [
          0.0,
          0.0,
          0.0,
          1.0
        ]
      ]
    },
    {
      "file_path": "/media/NFS/ttao/scannet/posed_images/scene0451_00/00565.jpg",
      "transform_matrix": [
        [
          0.985516,
          -0.075864,
          0.151669,
          4.077779
        ],
        [
          -0.168599,
          -0.342036,
          0.924438,
          3.525588
        ],
        [
          -0.018255,
          -0.936619,
          -0.349872,
          1.464224
        ],
        [
          0.0,
          0.0,
          0.0,
          1.0
        ]
      ]
    },
    {
      "file_path": "/media/NFS/ttao/scannet/posed_images/scene0451_00/00582.jpg",
      "transform_matrix": [
        [
          0.998953,
          0.020576,
          -0.040883,
          4.223907
        ],
        [
          0.045767,
          -0.442028,
          0.895833,
          3.352842
        ],
        [
          0.000361,
          -0.896765,
          -0.442507,
          1.409836
        ],
        [
          0.0,
          0.0,
          0.0,
          1.0
        ]
      ]
    },
    {
      "file_path": "/media/NFS/ttao/scannet/posed_images/scene0451_00/00590.jpg",
      "transform_matrix": [
        [
          0.993222,
          0.052081,
          -0.103917,
          4.255826
        ],
        [
          0.116218,
          -0.461105,
          0.879702,
          3.296463
        ],
        [
          -0.002101,
          -0.885816,
          -0.464032,
          1.38971
        ],
        [
          0.0,
          0.0,
          0.0,
          1.0
        ]
      ]
    },
    {
      "file_path": "/media/NFS/ttao/scannet/posed_images/scene0451_00/00598.jpg",
      "transform_matrix": [
        [
          0.980898,
          0.084857,
          -0.175041,
          4.25807
        ],
        [
          0.194412,
          -0.458346,
          0.867251,
          3.260693
        ],
        [
          -0.006637,
          -0.884714,
          -0.466087,
          1.387466
        ],
        [
          0.0,
          0.0,
          0.0,
          1.0
        ]
      ]
    },
    {
      "file_path": "/media/NFS/ttao/scannet/posed_images/scene0451_00/00609.jpg",
      "transform_matrix": [
        [
          0.953667,
          0.123002,
          -0.274572,
          4.229686
        ],
        [
          0.300824,
          -0.404674,
          0.863564,
          3.233654
        ],
        [
          -0.004892,
          -0.906151,
          -0.422926,
          1.411874
        ],
        [
          0.0,
          0.0,
          0.0,
          1.0
        ]
      ]
    },
    {
      "file_path": "/media/NFS/ttao/scannet/posed_images/scene0451_00/00617.jpg",
      "transform_matrix": [
        [
          0.938998,
          0.115492,
          -0.323952,
          4.222399
        ],
        [
          0.343642,
          -0.353122,
          0.870181,
          3.242651
        ],
        [
          -0.013895,
          -0.928421,
          -0.371269,
          1.450434
        ],
        [
          0.0,
          0.0,
          0.0,
          1.0
        ]
      ]
    },
    {
      "file_path": "/media/NFS/ttao/scannet/posed_images/scene0451_00/00619.jpg",
      "transform_matrix": [
        [
          0.936092,
          0.114725,
          -0.332521,
          4.216489
        ],
        [
          0.351533,
          -0.338772,
          0.87273,
          3.241798
        ],
        [
          -0.012525,
          -0.933848,
          -0.357451,
          1.45397
        ],
        [
          0.0,
          0.0,
          0.0,
          1.0
        ]
      ]
    },
    {
      "file_path": "/media/NFS/ttao/scannet/posed_images/scene0451_00/00630.jpg",
      "transform_matrix": [
        [
          0.915551,
          0.102015,
          -0.389049,
          4.217301
        ],
        [
          0.401893,
          -0.269944,
          0.874993,
          3.248765
        ],
        [
          -0.015759,
          -0.957457,
          -0.288146,
          1.456009
        ],
        [
          0.0,
          0.0,
          0.0,
          1.0
        ]
      ]
    },
    {
      "file_path": "/media/NFS/ttao/scannet/posed_images/scene0451_00/00638.jpg",
      "transform_matrix": [
        [
          0.903144,
          0.096741,
          -0.418296,
          4.188971
        ],
        [
          0.42904,
          -0.239593,
          0.87093,
          3.255411
        ],
        [
          -0.015966,
          -0.966041,
          -0.257893,
          1.509939
        ],
        [
          0.0,
          0.0,
          0.0,
          1.0
        ]
      ]
    },
    {
      "file_path": "/media/NFS/ttao/scannet/posed_images/scene0451_00/00655.jpg",
      "transform_matrix": [
        [
          0.869749,
          0.07437,
          -0.487859,
          4.177249
        ],
        [
          0.493318,
          -0.157439,
          0.855482,
          3.312682
        ],
        [
          -0.013186,
          -0.984724,
          -0.17362,
          1.550755
        ],
        [
          0.0,
          0.0,
          0.0,
          1.0
        ]
      ]
    },
    {
      "file_path": "/media/NFS/ttao/scannet/posed_images/scene0451_00/00663.jpg",
      "transform_matrix": [
        [
          0.829338,
          0.064362,
          -0.555029,
          4.151881
        ],
        [
          0.558355,
          -0.13268,
          0.818923,
          3.361635
        ],
        [
          -0.020934,
          -0.989067,
          -0.145973,
          1.561525
        ],
        [
          0.0,
          0.0,
          0.0,
          1.0
        ]
      ]
    },
    {
      "file_path": "/media/NFS/ttao/scannet/posed_images/scene0451_00/00668.jpg",
      "transform_matrix": [
        [
          0.800893,
          0.052886,
          -0.596469,
          4.109664
        ],
        [
          0.598013,
          -0.121951,
          0.792154,
          3.379313
        ],
        [
          -0.030846,
          -0.991126,
          -0.129296,
          1.571959
        ],
        [
          0.0,
          0.0,
          0.0,
          1.0
        ]
      ]
    },
    {
      "file_path": "/media/NFS/ttao/scannet/posed_images/scene0451_00/00679.jpg",
      "transform_matrix": [
        [
          0.740208,
          0.061326,
          -0.669575,
          4.038331
        ],
        [
          0.671358,
          -0.122226,
          0.730985,
          3.417401
        ],
        [
          -0.037011,
          -0.990606,
          -0.131645,
          1.577421
        ],
        [
          0.0,
          0.0,
          0.0,
          1.0
        ]
      ]
    },
    {
      "file_path": "/media/NFS/ttao/scannet/posed_images/scene0451_00/00690.jpg",
      "transform_matrix": [
        [
          0.655103,
          0.089759,
          -0.750189,
          4.051185
        ],
        [
          0.754686,
          -0.124928,
          0.644082,
          3.459078
        ],
        [
          -0.035908,
          -0.988097,
          -0.149581,
          1.592349
        ],
        [
          0.0,
          0.0,
          0.0,
          1.0
        ]
      ]
    },
    {
      "file_path": "/media/NFS/ttao/scannet/posed_images/scene0451_00/00698.jpg",
      "transform_matrix": [
        [
          0.575443,
          0.121842,
          -0.808715,
          4.069054
        ],
        [
          0.817705,
          -0.103796,
          0.566202,
          3.453093
        ],
        [
          -0.014954,
          -0.987107,
          -0.159359,
