{
  "frames": [
    {
      "file_path": "/media/NFS/ttao/scannet/posed_images/scene0420_00/00000.jpg",
      "transform_matrix": [
        [
          -0.604487,
          0.463837,
          -0.647651,
          4.263742
        ],
        [
          0.796233,
          0.326614,
          -0.509251,
          3.216568
        ],
        [
          -0.024677,
          -0.823516,
          -0.566756,
          1.408864
        ],
        [
          0.0,
          0.0,
          0.0,
          1.0
        ]
      ]
    },
    {
      "file_path": "/media/NFS/ttao/scannet/posed_images/scene0420_00/00004.jpg",
      "transform_matrix": [
        [
          -0.623722,
          0.465207,
          -0.628134,
          4.252681
        ],
        [
          0.780826,
          0.334032,
          -0.527952,
          3.249417
        ],
        [
          -0.03579,
          -0.819759,
          -0.571589,
          1.410214
        ],
        [
          0.0,
          0.0,
          0.0,
          1.0
        ]
      ]
    },
    {
      "file_path": "/media/NFS/ttao/scannet/posed_images/scene0420_00/00008.jpg",
      "transform_matrix": [
        [
          -0.634956,
          0.456669,
          -0.623125,
          4.24837
        ],
        [
          0.77168,
          0.336676,
          -0.539592,
          3.264939
        ],
        [
          -0.036624,
          -0.82347,
          -0.566176,
          1.408436
        ],
        [
          0.0,
          0.0,
          0.0,
          1.0
        ]
      ]
    },
    {
      "file_path": "/media/NFS/ttao/scannet/posed_images/scene0420_00/00015.jpg",
      "transform_matrix": [
        [
          -0.639089,
          0.472428,
          -0.606941,
          4.262009
        ],
        [
          0.766763,
          0.329441,
          -0.550948,
          3.277535
        ],
        [
          -0.060332,
          -0.817484,
          -0.572782,
          1.385597
        ],
        [
          0.0,
          0.0,
          0.0,
          1.0
        ]
      ]
    },
    {
      "file_path": "/media/NFS/ttao/scannet/posed_images/scene0420_00/00020.jpg",
      "transform_matrix": [
        [
          -0.62004,
          0.487789,
          -0.614502,
          4.300261
        ],
        [
          0.780656,
          0.305436,
          -0.545238,
          3.257027
        ],
        [
          -0.078271,
          -0.817784,
          -0.570178,
          1.370366
        ],
        [
          0.0,
          0.0,
          0.0,
          1.0
        ]
      ]
    },
    {
      "file_path": "/media/NFS/ttao/scannet/posed_images/scene0420_00/00024.jpg",
      "transform_matrix": [
        [
          -0.607392,
          0.47658,
          -0.635568,
          4.353609
        ],
        [
          0.791182,
          0.290945,
          -0.537942,
          3.201311
        ],
        [
          -0.071457,
          -0.829592,
          -0.553779,
          1.375686
        ],
        [
          0.0,
          0.0,
          0.0,
          1.0
        ]
      ]
    },
    {
      "file_path": "/media/NFS/ttao/scannet/posed_images/scene0420_00/00028.jpg",
      "transform_matrix": [
        [
          -0.577802,
          0.473129,
          -0.665052,
          4.438458
        ],
        [
          0.813366,
          0.26622,
          -0.517265,
          3.118279
        ],
        [
          -0.067683,
          -0.839807,
          -0.538649,
          1.356359
        ],
        [
          0.0,
          0.0,
          0.0,
          1.0
        ]
      ]
    },
    {
      "file_path": "/media/NFS/ttao/scannet/posed_images/scene0420_00/00032.jpg",
      "transform_matrix": [
        [
          -0.572219,
          0.464154,
          -0.676111,
          4.529993
        ],
        [
          0.818136,
          0.266048,
          -0.509777,
          3.033613
        ],
        [
          -0.056737,
          -0.844855,
          -0.531979,
          1.321699
        ],
        [
          0.0,
          0.0,
          0.0,
          1.0
        ]
      ]
    },
    {
      "file_path": "/media/NFS/ttao/scannet/posed_images/scene0420_00/00036.jpg",
      "transform_matrix": [
        [
          -0.601745,
          0.467877,
          -0.647297,
          4.581024
        ],
        [
          0.798322,
          0.327806,
          -0.505199,
          2.967916
        ],
        [
          -0.024184,
          -0.820752,
          -0.570772,
          1.297432
        ],
        [
          0.0,
          0.0,
          0.0,
          1.0
        ]
      ]
    },
    {
      "file_path": "/media/NFS/ttao/scannet/posed_images/scene0420_00/00045.jpg",
      "transform_matrix": [
        [
          -0.600333,
          0.461914,
          -0.652867,
          4.605764
        ],
        [
          0.799137,
          0.314508,
          -0.512313,
          2.90748
        ],
        [
          -0.031312,
          -0.829289,
          -0.557942,
          1.315281
        ],
        [
          0.0,
          0.0,
          0.0,
          1.0
        ]
      ]
    },
    {
      "file_path": "/media/NFS/ttao/scannet/posed_images/scene0420_00/00049.jpg",
      "transform_matrix": [
        [
          -0.564747,
          0.47229,
          -0.67676,
          4.575325
        ],
        [
          0.823855,
          0.274744,
          -0.495761,
          2.931048
        ],
        [
          -0.048207,
          -0.837531,
          -0.544259,
          1.338983
        ],
        [
          0.0,
          0.0,
          0.0,
          1.0
        ]
      ]
    },
    {
      "file_path": "/media/NFS/ttao/scannet/posed_images/scene0420_00/00053.jpg",
      "transform_matrix": [
        [
          -0.523565,
          0.478564,
          -0.70488,
          4.536424
        ],
        [
          0.850349,
          0.242265,
          -0.467134,
          2.971981
        ],
        [
          -0.052786,
          -0.843969,
          -0.533788,
          1.357447
        ],
        [
          0.0,
          0.0,
          0.0,
          1.0
        ]
      ]
    },
    {
      "file_path": "/media/NFS/ttao/scannet/posed_images/scene0420_00/00059.jpg",
      "transform_matrix": [
        [
          -0.484585,
          0.492637,
          -0.722832,
          4.492826
        ],
        [
          0.872024,
          0.206948,
          -0.443561,
          3.052968
        ],
        [
          -0.068926,
          -0.84527,
          -0.529876,
          1.374194
        ],
        [
          0.0,
          0.0,
          0.0,
          1.0
        ]
      ]
    },
    {
      "file_path": "/media/NFS/ttao/scannet/posed_images/scene0420_00/00061.jpg",
      "transform_matrix": [
        [
          -0.470749,
          0.497961,
          -0.728307,
          4.476052
        ],
        [
          0.877745,
          0.180859,
          -0.443682,
          3.087747
        ],
        [
          -0.089215,
          -0.848131,
          -0.522222,
          1.377748
        ],
        [
          0.0,
          0.0,
          0.0,
          1.0
        ]
      ]
    },
    {
      "file_path": "/media/NFS/ttao/scannet/posed_images/scene0420_00/00064.jpg",
      "transform_matrix": [
        [
          -0.471134,
          0.503052,
          -0.724549,
          4.456409
        ],
        [
          0.87655,
          0.175334,
          -0.448238,
          3.137544
        ],
        [
          -0.098449,
          -0.846284,
          -0.523556,
          1.386156
        ],
        [
          0.0,
          0.0,
          0.0,
          1.0
        ]
      ]
    },
    {
      "file_path": "/media/NFS/ttao/scannet/posed_images/scene0420_00/00071.jpg",
      "transform_matrix": [
        [
          -0.472589,
          0.49392,
          -0.729865,
          4.401777
        ],
        [
          0.877894,
          0.191284,
          -0.43899,
          3.266173
        ],
        [
          -0.077214,
          -0.848206,
          -0.524008,
          1.384236
        ],
        [
          0.0,
          0.0,
          0.0,
          1.0
        ]
      ]
    },
    {
      "file_path": "/media/NFS/ttao/scannet/posed_images/scene0420_00/00075.jpg",
      "transform_matrix": [
        [
          -0.475668,
          0.519353,
          -0.709939,
          4.380489
        ],
        [
          0.875168,
          0.198277,
          -0.441325,
          3.30664
        ],
        [
          -0.088439,
          -0.831239,
          -0.548835,
          1.386917
        ],
        [
          0.0,
          0.0,
          0.0,
          1.0
        ]
      ]
    },
    {
      "file_path": "/media/NFS/ttao/scannet/posed_images/scene0420_00/00078.jpg",
      "transform_matrix": [
        [
          -0.477357,
          0.525261,
          -0.704437,
          4.364807
        ],
        [
          0.873606,
          0.197413,
          -0.444793,
          3.337845
        ],
        [
          -0.094567,
          -0.827726,
          -0.553107,
          1.386818
        ],
        [
          0.0,
          0.0,
          0.0,
          1.0
        ]
      ]
    },
    {
      "file_path": "/media/NFS/ttao/scannet/posed_images/scene0420_00/00082.jpg",
      "transform_matrix": [
        [
          -0.473447,
          0.530972,
          -0.702792,
          4.333224
        ],
        [
          0.87562,
          0.19712,
          -0.440947,
          3.378142
        ],
        [
          -0.095596,
          -0.824143,
          -0.558256,
          1.395631
        ],
        [
          0.0,
          0.0,
          0.0,
          1.0
        ]
      ]
    },
    {
      "file_path": "/media/NFS/ttao/scannet/posed_images/scene0420_00/00088.jpg",
      "transform_matrix": [
        [
          -0.431407,
          0.535332,
          -0.726159,
          4.291153
        ],
        [
          0.89699,
          0.168504,
          -0.408674,
          3.427531
        ],
        [
          -0.096416,
          -0.827663,
          -0.552882,
          1.405707
        ],
        [
          0.0,
          0.0,
          0.0,
          1.0
        ]
      ]
    },
    {
      "file_path": "/media/NFS/ttao/scannet/posed_images/scene0420_00/00092.jpg",
      "transform_matrix": [
        [
          -0.39947,
          0.528493,
          -0.749079,
          4.268902
        ],
        [
          0.912735,
          0.152931,
          -0.37885,
          3.441218
        ],
        [
          -0.085662,
          -0.835049,
          -0.543465,
          1.412075
        ],
        [
          0.0,
          0.0,
          0.0,
          1.0
        ]
      ]
    },
    {
      "file_path": "/media/NFS/ttao/scannet/posed_images/scene0420_00/00100.jpg",
      "transform_matrix": [
        [
          -0.337921,
          0.503536,
          -0.795148,
          4.181831
        ],
        [
          0.938134,
          0.11235,
          -0.32754,
          3.497026
        ],
        [
          -0.075594,
          -0.856638,
          -0.51035,
          1.441628
        ],
        [
          0.0,
          0.0,
          0.0,
          1.0
        ]
      ]
    },
    {
      "file_path": "/media/NFS/ttao/scannet/posed_images/scene0420_00/00102.jpg",
      "transform_matrix": [
        [
          -0.312844,
          0.500559,
          -0.807199,
          4.166115
        ],
        [
          0.947422,
          0.104303,
          -0.30251,
          3.488029
        ],
        [
          -0.06723,
          -0.859396,
          -0.506871,
          1.445104
        ],
        [
          0.0,
          0.0,
          0.0,
          1.0
        ]
      ]
    },
    {
      "file_path": "/media/NFS/ttao/scannet/posed_images/scene0420_00/00106.jpg",
      "transform_matrix": [
        [
          -0.29115,
          0.491621,
          -0.820695,
          4.109971
        ],
        [
          0.954993,
          0.098467,
          -0.279809,
          3.524033
        ],
        [
          -0.056749,
          -0.865224,
          -0.498163,
          1.444871
        ],
        [
          0.0,
          0.0,
          0.0,
          1.0
        ]
      ]
    },
    {
      "file_path": "/media/NFS/ttao/scannet/posed_images/scene0420_00/00111.jpg",
      "transform_matrix": [
        [
          -0.252704,
          0.49456,
          -0.831596,
          4.053894
        ],
        [
          0.96511,
          0.067918,
          -0.252884,
          3.545432
        ],
        [
          -0.068586,
          -0.866486,
          -0.494468,
          1.445822
        ],
        [
          0.0,
          0.0,
          0.0,
          1.0
        ]
      ]
    },
    {
      "file_path": "/media/NFS/ttao/scannet/posed_images/scene0420_00/00117.jpg",
      "transform_matrix": [
        [
          -0.245549,
          0.522848,
          -0.816294,
          4.01446
        ],
        [
          0.965893,
          0.06056,
          -0.251761,
          3.578409
        ],
        [
          -0.082198,
          -0.850272,
          -0.519886,
          1.445294
        ],
        [
          0.0,
          0.0,
          0.0,
          1.0
        ]
      ]
    },
    {
      "file_path": "/media/NFS/ttao/scannet/posed_images/scene0420_00/00121.jpg",
      "transform_matrix": [
        [
          -0.229228,
          0.534803,
          -0.81329,
          4.017681
        ],
        [
          0.971404,
          0.072575,
          -0.226069,
          3.589711
        ],
        [
          -0.061878,
          -0.841854,
          -0.536146,
          1.444491
        ],
        [
          0.0,
          0.0,
          0.0,
          1.0
        ]
      ]
    },
    {
      "file_path": "/media/NFS/ttao/scannet/posed_images/scene0420_00/00127.jpg",
      "transform_matrix": [
        [
          -0.177185,
          0.529016,
          -0.829908,
          4.031768
        ],
        [
          0.982819,
          0.050819,
          -0.177438,
          3.598041
        ],
        [
          -0.051692,
          -0.847089,
          -0.528932,
          1.451105
        ],
        [
          0.0,
          0.0,
          0.0,
          1.0
        ]
      ]
    },
    {
      "file_path": "/media/NFS/ttao/scannet/posed_images/scene0420_00/00130.jpg",
      "transform_matrix": [
        [
          -0.163466,
          0.526657,
          -0.834213,
          4.045025
        ],
        [
          0.986005,
          0.059152,
          -0.155867,
          3.573928
        ],
        [
          -0.032744,
          -0.848018,
          -0.528956,
          1.454831
        ],
        [
          0.0,
          0.0,
          0.0,
          1.0
        ]
      ]
    },
    {
      "file_path": "/media/NFS/ttao/scannet/posed_images/scene0420_00/00135.jpg",
      "transform_matrix": [
        [
          -0.102027,
          0.517313,
          -0.849693,
          4.080007
        ],
        [
          0.994777,
          0.050449,
          -0.088733,
          3.52088
        ],
        [
          -0.003036,
          -0.854308,
          -0.519758,
          1.452449
        ],
        [
          0.0,
          0.0,
          0.0,
          1.0
        ]
      ]
    },
    {
      "file_path": "/media/NFS/ttao/scannet/posed_images/scene0420_00/00141.jpg",
      "transform_matrix": [
        [
          0.013639,
          0.495613,
          -0.868436,
          4.139867
        ],
        [
          0.999906,
          -0.005435,
          0.012602,
          3.423568
        ],
        [
          0.001526,
          -0.868526,
          -0.495641,
          1.443573
        ],
        [
          0.0,
          0.0,
          0.0,
          1.0
        ]
      ]
    },
    {
      "file_path": "/media/NFS/ttao/scannet/posed_images/scene0420_00/00146.jpg",
      "transform_matrix": [
        [
          0.072393,
          0.510988,
          -0.856534,
          4.154881
        ],
        [
          0.997175,
          -0.019824,
          0.072454,
          3.357281
        ],
        [
          0.020043,
          -0.85936,
          -0.510979,
          1.454712
        ],
        [
          0.0,
          0.0,
          0.0,
          1.0
        ]
      ]
    },
    {
      "file_path": "/media/NFS/ttao/scannet/posed_images/scene0420_00/00150.jpg",
      "transform_matrix": [
        [
          0.110932,
          0.496007,
          -0.861203,
          4.150975
        ],
        [
          0.993814,
          -0.050851,
          0.098726,
          3.312191
        ],
        [
          0.005176,
          -0.866828,
          -0.49858,
          1.456188
        ],
        [
          0.0,
          0.0,
          0.0,
          1.0
        ]
      ]
    },
    {
      "file_path": "/media/NFS/ttao/scannet/posed_images/scene0420_00/00156.jpg",
      "transform_matrix": [
        [
          0.197601,
          0.479568,
          -0.854967,
          4.119613
        ],
        [
          0.980025,
          -0.076652,
          0.183509,
          3.273192
        ],
        [
          0.02247,
          -0.87415,
          -0.485135,
          1.451218
        ],
        [
          0.0,
          0.0,
          0.0,
          1.0
        ]
      ]
    },
    {
      "file_path": "/media/NFS/ttao/scannet/posed_images/scene0420_00/00160.jpg",
      "transform_matrix": [
        [
          0.256011,
          0.446529,
          -0.857362,
          4.078959
        ],
        [
          0.966672,
          -0.120139,
          0.226081,
          3.228663
        ],
        [
          -0.002051,
          -0.886667,
          -0.462404,
          1.444219
        ],
        [
          0.0,
          0.0,
          0.0,
          1.0
        ]
      ]
    },
    {
      "file_path": "/media/NFS/ttao/scannet/posed_images/scene0420_00/00162.jpg",
      "transform_matrix": [
        [
          0.271532,
          0.451762,
          -0.849813,
          4.061109
        ],
        [
          0.962384,
          -0.135979,
          0.235215,
          3.211817
        ],
        [
          -0.009296,
          -0.881715,
          -0.471691,
          1.446453
        ],
        [
          0.0,
          0.0,
          0.0,
          1.0
        ]
      ]
    },
    {
      "file_path": "/media/NFS/ttao/scannet/posed_images/scene0420_00/00167.jpg",
      "transform_matrix": [
        [
          0.309883,
          0.430475,
          -0.847741,
          4.010412
        ],
        [
          0.950629,
          -0.155874,
          0.268341,
          3.155944
        ],
        [
          -0.016627,
          -0.889041,
          -0.457525,
          1.454423
        ],
        [
          0.0,
          0.0,
          0.0,
          1.0
        ]
      ]
    },
    {
      "file_path": "/media/NFS/ttao/scannet/posed_images/scene0420_00/00174.jpg",
      "transform_matrix": [
        [
          0.376717,
          0.406393,
          -0.832424,
          3.941136
        ],
        [
          0.926299,
          -0.1581,
          0.342016,
          3.056663
        ],
        [
          0.007386,
          -0.899916,
          -0.436,
          1.465966
        ],
        [
          0.0,
          0.0,
          0.0,
          1.0
        ]
      ]
    },
    {
      "file_path": "/media/NFS/ttao/scannet/posed_images/scene0420_00/00177.jpg",
      "transform_matrix": [
        [
          0.411154,
          0.407642,
          -0.815341,
          3.920925
        ],
        [
          0.911449,
          -0.169512,
          0.374869,
          3.00287
        ],
        [
          0.014603,
          -0.89727,
          -0.44124,
          1.465465
        ],
        [
          0.0,
          0.0,
          0.0,
          1.0
        ]
      ]
    },
    {
      "file_path": "/media/NFS/ttao/scannet/posed_images/scene0420_00/00182.jpg",
      "transform_matrix": [
        [
          0.484104,
          0.392883,
          -0.781848,
          3.909256
        ],
        [
          0.875011,
          -0.217474,
          0.432506,
          2.918419
        ],
        [
          -0.000107,
          -0.893503,
          -0.449057,
          1.439003
        ],
        [
          0.0,
          0.0,
          0.0,
          1.0
        ]
      ]
    },
    {
      "file_path": "/media/NFS/ttao/scannet/posed_images/scene0420_00/00187.jpg",
      "transform_matrix": [
        [
          0.575433,
          0.375547,
          -0.726527,
          3.88331
        ],
        [
          0.817821,
          -0.271632,
          0.507332,
          2.856943
        ],
        [
          -0.006821,
          -0.886104,
          -0.463436,
          1.438046
        ],
        [
          0.0,
          0.0,
          0.0,
          1.0
        ]
      ]
    },
    {
      "file_path": "/media/NFS/ttao/scannet/posed_images/scene0420_00/00189.jpg",
      "transform_matrix": [
        [
          0.599826,
          0.369578,
          -0.709663,
          3.869679
        ],
        [
          0.800131,
          -0.276682,
          0.532201,
          2.843747
        ],
        [
          0.000339,
          -0.887051,
          -0.461671,
          1.439278
        ],
        [
          0.0,
          0.0,
          0.0,
          1.0
        ]
      ]
    },
    {
      "file_path": "/media/NFS/ttao/scannet/posed_images/scene0420_00/00194.jpg",
      "transform_matrix": [
        [
          0.659895,
          0.352948,
          -0.663299,
          3.832176
        ],
        [
          0.751309,
          -0.299918,
          0.587864,
          2.829581
        ],
        [
          0.00855,
          -0.886271,
          -0.463088,
          1.459696
        ],
        [
          0.0,
          0.0,
          0.0,
          1.0
        ]
      ]
    },
    {
      "file_path": "/media/NFS/ttao/scannet/posed_images/scene0420_00/00202.jpg",
      "transform_matrix": [
        [
          0.729027,
          0.285896,
          -0.621919,
          3.761075
        ],
        [
          0.684282,
          -0.326551,
          0.652014,
          2.819405
        ],
        [
          -0.01668,
          -0.900904,
          -0.433698,
          1.448856
        ],
        [
          0.0,
          0.0,
          0.0,
          1.0
        ]
      ]
    },
    {
      "file_path": "/media/NFS/ttao/scannet/posed_images/scene0420_00/00203.jpg",
      "transform_matrix": [
        [
          0.733095,
          0.279596,
          -0.619998,
          3.748147
        ],
        [
          0.679723,
          -0.332566,
          0.65374,
          2.81602
        ],
        [
          -0.023407,
          -0.900681,
          -0.433851,
          1.445967
        ],
        [
          0.0,
          0.0,
          0.0,
          1.0
        ]
      ]
    },
    {
      "file_path": "/media/NFS/ttao/scannet/posed_images/scene0420_00/00212.jpg",
      "transform_matrix": [
        [
          0.759169,
          0.223641,
          -0.611268,
          3.630621
        ],
        [
          0.647592,
          -0.353993,
          0.674769,
          2.807727
        ],
        [
          -0.065479,
          -0.908115,
          -0.413568,
          1.452175
        ],
        [
          0.0,
          0.0,
          0.0,
          1.0
        ]
      ]
    },
    {
      "file_path": "/media/NFS/ttao/scannet/posed_images/scene0420_00/00216.jpg",
      "transform_matrix": [
        [
          0.775545,
          0.223886,
          -0.590259,
          3.571654
        ],
        [
          0.628513,
          -0.361482,
          0.688697,
          2.807462
        ],
        [
          -0.059178,
          -0.9051,
          -0.42106,
          1.452085
        ],
        [
          0.0,
          0.0,
          0.0,
          1.0
        ]
      ]
    },
    {
      "file_path": "/media/NFS/ttao/scannet/posed_images/scene0420_00/00217.jpg",
      "transform_matrix": [
        [
          0.776891,
          0.220786,
          -0.589655,
          3.558416
        ],
        [
          0.626579,
          -0.36326,
          0.689523,
          2.809433
        ],
        [
          -0.061961,
          -0.90515,
          -0.420553,
          1.451505
        ],
        [
          0.0,
          0.0,
          0.0,
          1.0
        ]
      ]
    },
    {
      "file_path": "/media/NFS/ttao/scannet/posed_images/scene0420_00/00226.jpg",
      "transform_matrix": [
        [
          0.793346,
          0.210105,
          -0.571366,
          3.415488
        ],
        [
          0.605855,
          -0.364263,
          0.707285,
          2.816448
        ],
        [
          -0.059524,
          -0.907286,
          -0.41628,
          1.421527
        ],
        [
          0.0,
          0.0,
          0.0,
          1.0
        ]
      ]
    },
    {
      "file_path": "/media/NFS/ttao/scannet/posed_images/scene0420_00/00227.jpg",
      "transform_matrix": [
        [
          0.798828,
          0.206492,
          -0.565009,
          3.390584
        ],
        [
          0.598279,
          -0.370678,
          0.710395,
          2.817801
        ],
        [
          -0.062745,
          -0.905516,
          -0.419648,
          1.418938
        ],
        [
          0.0,
          0.0,
          0.0,
          1.0
        ]
      ]
    },
    {
      "file_path": "/media/NFS/ttao/scannet/posed_images/scene0420_00/00234.jpg",
      "transform_matrix": [
        [
          0.83201,
          0.16436,
          -0.529854,
          3.188884
        ],
        [
          0.548164,
          -0.390429,
          0.73965,
          2.842946
        ],
        [
          -0.085302,
          -0.905843,
          -0.414937,
          1.410704
        ],
        [
          0.0,
          0.0,
          0.0,
          1.0
        ]
      ]
    },
    {
      "file_path": "/media/NFS/ttao/scannet/posed_images/scene0420_00/00240.jpg",
      "transform_matrix": [
        [
          0.832661,
          0.177377,
          -0.524608,
          3.059644
        ],
        [
          0.550171,
          -0.372983,
          0.747125,
          2.850682
        ],
        [
          -0.063147,
          -0.910725,
          -0.408157,
          1.405709
        ],
        [
          0.0,
          0.0,
          0.0,
          1.0
        ]
      ]
    },
    {
      "file_path": "/media/NFS/ttao/scannet/posed_images/scene0420_00/00242.jpg",
      "transform_matrix": [
        [
          0.829321,
          0.196303,
          -0.523155,
          3.027885
        ],
        [
          0.55715,
          -0.361797,
          0.747454,
          2.848917
        ],
        [
          -0.042549,
          -0.911355,
          -0.409416,
          1.395751
        ],
        [
          0.0,
          0.0,
          0.0,
          1.0
        ]
      ]
    },
    {
      "file_path": "/media/NFS/ttao/scannet/posed_images/scene0420_00/00245.jpg",
      "transform_matrix": [
        [
          0.822577,
          0.222342,
          -0.523384,
          2.993426
        ],
        [
          0.568419,
          -0.347914,
          0.745557,
          2.848595
        ],
        [
          -0.016324,
          -0.91078,
          -0.41257,
          1.383198
        ],
        [
          0.0,
          0.0,
          0.0,
          1.0
        ]
      ]
    },
    {
      "file_path": "/media/NFS/ttao/scannet/posed_images/scene0420_00/00249.jpg",
      "transform_matrix": [
        [
          0.793844,
          0.267247,
          -0.546252,
          2.954367
        ],
        [
          0.608063,
          -0.336333,
          0.719124,
          2.82881
        ],
        [
          0.008461,
          -0.903028,
          -0.429499,
          1.348226
        ],
        [
          0.0,
          0.0,
          0.0,
          1.0
        ]
      ]
    },
    {
      "file_path": "/media/NFS/ttao/scannet/posed_images/scene0420_00/00256.jpg",
      "transform_matrix": [
        [
          0.745991,
          0.371801,
          -0.552504,
          2.898154
        ],
        [
          0.661339,
          -0.316074,
          0.680241,
          2.798002
        ],
        [
          0.078282,
          -0.872847,
          -0.481675,
          1.298548
        ],
        [
          0.0,
          0.0,
          0.0,
          1.0
        ]
      ]
    },
    {
      "file_path": "/media/NFS/ttao/scannet/posed_images/scene0420_00/00262.jpg",
      "transform_matrix": [
        [
          0.757276,
          0.35312,
          -0.5494,
          2.897201
        ],
        [
          0.649643,
          -0.320894,
          0.689197,
          2.807151
        ],
        [
          0.06707,
          -0.878825,
          -0.472407,
          1.330968
        ],
        [
          0.0,
          0.0,
          0.0,
          1.0
        ]
      ]
    },
    {
      "file_path": "/media/NFS/ttao/scannet/posed_images/scene0420_00/00266.jpg",
      "transform_matrix": [
        [
          0.772018,
          0.319089,
          -0.5497,
          2.933246
        ],
        [
          0.634851,
          -0.34514,
          0.691261,
          2.826268
        ],
        [
          0.03085,
          -0.882644,
          -0.469029,
          1.351798
        ],
        [
          0.0,
          0.0,
          0.0,
          1.0
        ]
      ]
    },
    {
      "file_path": "/media/NFS/ttao/scannet/posed_images/scene0420_00/00269.jpg",
      "transform_matrix": [
        [
          0.776811,
          0.299604,
          -0.553898,
          2.982936
        ],
        [
          0.629679,
          -0.357891,
          0.689506,
          2.841011
        ],
        [
          0.008344,
          -0.884393,
          -0.466668,
          1.364107
        ],
        [
          0.0,
          0.0,
          0.0,
          1.0
        ]
      ]
    },
    {
      "file_path": "/media/NFS/ttao/scannet/posed_images/scene0420_00/00273.jpg",
      "transform_matrix": [
        [
          0.774381,
          0.291705,
          -0.561465,
          3.06646
        ],
        [
          0.632528,
          -0.378777,
          0.675601,
          2.866213
        ],
        [
          -0.015593,
          -0.878314,
          -0.477829,
          1.369211
        ],
        [
          0.0,
          0.0,
          0.0,
          1.0
        ]
      ]
    },
    {
      "file_path": "/media/NFS/ttao/scannet/posed_images/scene0420_00/00281.jpg",
      "transform_matrix": [
        [
          0.743839,
          0.301226,
          -0.59663,
          3.318838
        ],
        [
          0.667752,
          -0.37298,
          0.6442,
          2.93429
        ],
        [
          -0.028481,
          -0.877581,
          -0.478581,
          1.406876
        ],
        [
          0.0,
          0.0,
          0.0,
          1.0
        ]
      ]
    },
    {
      "file_path": "/media/NFS/ttao/scannet/posed_images/scene0420_00/00286.jpg",
      "transform_matrix": [
        [
          0.743864,
          0.284054,
          -0.604963,
          3.47628
        ],
        [
          0.667086,
          -0.370807,
          0.646141,
          2.960168
        ],
        [
          -0.040786,
          -0.884203,
          -0.465319,
          1.437691
        ],
        [
          0.0,
          0.0,
          0.0,
          1.0
        ]
      ]
    },
    {
      "file_path": "/media/NFS/ttao/scannet/posed_images/scene0420_00/00290.jpg",
      "transform_matrix": [
        [
          0.73609,
          0.278832,
          -0.616786,
          3.548891
        ],
        [
          0.675026,
          -0.369858,
          0.638393,
          2.985654
        ],
        [
          -0.050119,
          -0.886261,
          -0.460467,
          1.46953
        ],
        [
          0.0,
          0.0,
          0.0,
          1.0
        ]
      ]
    },
    {
      "file_path": "/media/NFS/ttao/scannet/posed_images/scene0420_00/00291.jpg",
      "transform_matrix": [
        [
          0.733094,
          0.276674,
          -0.621309,
          3.564134
        ],
        [
          0.678295,
          -0.364427,
          0.638051,
          2.993443
        ],
        [
          -0.04989,
          -0.889182,
          -0.454826,
          1.474892
        ],
        [
          0.0,
          0.0,
          0.0,
          1.0
        ]
      ]
    },
    {
      "file_path": "/media/NFS/ttao/scannet/posed_images/scene0420_00/00298.jpg",
      "transform_matrix": [
        [
          0.713485,
          0.255457,
          -0.652443,
          3.666214
        ],
        [
          0.699211,
          -0.319685,
          0.639458,
          3.041494
        ],
        [
          -0.045222,
          -0.912438,
          -0.406708,
          1.482241
        ],
        [
          0.0,
          0.0,
          0.0,
          1.0
        ]
      ]
    },
    {
      "file_path": "/media/NFS/ttao/scannet/posed_images/scene0420_00/00304.jpg",
      "transform_matrix": [
        [
          0.705693,
          0.295885,
          -0.643778,
          3.736989
        ],
        [
          0.708507,
          -0.299747,
          0.638882,
          3.105929
        ],
        [
          -0.003935,
          -0.906975,
          -0.421165,
          1.461965
        ],
        [
          0.0,
          0.0,
          0.0,
          1.0
        ]
      ]
    },
    {
      "file_path": "/media/NFS/ttao/scannet/posed_images/scene0420_00/00306.jpg",
      "transform_matrix": [
        [
          0.696227,
          0.310333,
          -0.647272,
          3.761949
        ],
        [
          0.717768,
          -0.28996,
          0.633034,
          3.139879
        ],
        [
          0.008769,
          -0.905327,
          -0.424625,
          1.462618
        ],
        [
          0.0,
          0.0,
          0.0,
          1.0
        ]
      ]
    },
    {
      "file_path": "/media/NFS/ttao/scannet/posed_images/scene0420_00/00313.jpg",
      "transform_matrix": [
        [
          0.659522,
          0.336609,
          -0.672106,
          3.858911
        ],
        [
          0.751659,
          -0.287814,
          0.59344,
          3.230594
        ],
        [
          0.006316,
          -0.896581,
          -0.442835,
          1.476745
        ],
        [
          0.0,
          0.0,
          0.0,
          1.0
        ]
      ]
    },
    {
      "file_path": "/media/NFS/ttao/scannet/posed_images/scene0420_00/00318.jpg",
      "transform_matrix": [
        [
          0.649632,
          0.319018,
          -0.690077,
          3.947681
        ],
        [
          0.760121,
          -0.289247,
          0.581853,
          3.300738
        ],
        [
          -0.013982,
          -0.902532,
          -0.430396,
          1.484579
        ],
        [
          0.0,
          0.0,
          0.0,
          1.0
        ]
      ]
    },
    {
      "file_path": "/media/NFS/ttao/scannet/posed_images/scene0420_00/00319.jpg",
      "transform_matrix": [
        [
          0.645289,
          0.315708,
          -0.695651,
          3.962455
        ],
        [
          0.763715,
          -0.288602,
          0.57745,
          3.311311
        ],
        [
          -0.01846,
          -0.903901,
          -0.427343,
          1.484668
        ],
        [
          0.0,
          0.0,
          0.0,
          1.0
        ]
      ]
    },
    {
      "file_path": "/media/NFS/ttao/scannet/posed_images/scene0420_00/00325.jpg",
      "transform_matrix": [
        [
          0.588037,
          0.331792,
          -0.73765,
          4.081958
        ],
        [
          0.808399,
          -0.271015,
          0.522534,
          3.402409
        ],
        [
          -0.026542,
          -0.903584,
          -0.427587,
          1.486157
        ],
        [
          0.0,
          0.0,
          0.0,
          1.0
        ]
      ]
    },
    {
      "file_path": "/media/NFS/ttao/scannet/posed_images/scene0420_00/00332.jpg",
      "transform_matrix": [
        [
          0.577198,
          0.319366,
          -0.751564,
          4.206289
        ],
        [
          0.816047,
          -0.259571,
          0.51642,
          3.510065
        ],
        [
          -0.030157,
          -0.911388,
          -0.410442,
          1.501922
        ],
        [
          0.0,
          0.0,
          0.0,
          1.0
        ]
      ]
    },
    {
      "file_path": "/media/NFS/ttao/scannet/posed_images/scene0420_00/00333.jpg",
      "transform_matrix": [
        [
          0.575718,
          0.325298,
          -0.750153,
          4.213847
        ],
        [
          0.817052,
          -0.263908,
          0.512619,
          3.523461
        ],
        [
          -0.031218,
          -0.908039,
          -0.417722,
          1.498817
        ],
        [
          0.0,
          0.0,
          0.0,
          1.0
        ]
      ]
    },
    {
      "file_path": "/media/NFS/ttao/scannet/posed_images/scene0420_00/00341.jpg",
      "transform_matrix": [
        [
          0.5218,
          0.375556,
          -0.765952,
          4.28776
        ],
        [
          0.852766,
          -0.253504,
          0.456646,
          3.659
        ],
        [
          -0.022676,
          -0.891456,
          -0.45254,
          1.467397
        ],
        [
          0.0,
          0.0,
          0.0,
          1.0
        ]
      ]
    },
    {
      "file_path": "/media/NFS/ttao/scannet/posed_images/scene0420_00/00343.jpg",
      "transform_matrix": [
        [
          0.506229,
          0.385966,
          -0.771208,
          4.296464
        ],
        [
          0.862351,
          -0.235982,
          0.447954,
          3.691191
        ],
        [
          -0.009096,
          -0.89182,
          -0.452299,
          1.454714
        ],
        [
          0.0,
          0.0,
          0.0,
          1.0
        ]
      ]
    },
    {
      "file_path": "/media/NFS/ttao/scannet/posed_images/scene0420_00/00351.jpg",
      "transform_matrix": [
        [
          0.444909,
          0.447668,
          -0.775661,
          4.3324
        ],
        [
          0.895091,
          -0.193794,
          0.401566,
          3.853844
        ],
        [
          0.02945,
          -0.872948,
          -0.486924,
          1.471152
        ],
        [
          0.0,
          0.0,
          0.0,
          1.0
        ]
      ]
    },
    {
      "file_path": "/media/NFS/ttao/scannet/posed_images/scene0420_00/00352.jpg",
      "transform_matrix": [
        [
          0.43823,
          0.449122,
          -0.778617,
          4.339843
        ],
        [
          0.898409,
          -0.191311,
          0.3953,
          3.878798
        ],
        [
          0.02858,
          -0.872748,
          -0.487334,
          1.468776
        ],
        [
          0.0,
          0.0,
          0.0,
          1.0
        ]
      ]
    },
    {
      "file_path": "/media/NFS/ttao/scannet/posed_images/scene0420_00/00358.jpg",
      "transform_matrix": [
        [
          0.38948,
          0.447688,
          -0.80491,
          4.369536
        ],
        [
          0.920954,
          -0.17773,
          0.346779,
          3.998268
        ],
        [
          0.012193,
          -0.876349,
          -0.481523,
          1.481065
        ],
