{
  "frames": [
    {
      "file_path": "/media/NFS/ttao/scannet/posed_images/scene0223_01/00001.jpg",
      "transform_matrix": [
        [
          -0.953448,
          0.263755,
          -0.146184,
          4.773026
        ],
        [
          0.288196,
          0.654287,
          -0.699179,
          2.793502
        ],
        [
          -0.088766,
          -0.708761,
          -0.699842,
          1.379365
        ],
        [
          0.0,
          0.0,
          0.0,
          1.0
        ]
      ]
    },
    {
      "file_path": "/media/NFS/ttao/scannet/posed_images/scene0223_01/00004.jpg",
      "transform_matrix": [
        [
          -0.958106,
          0.252221,
          -0.135713,
          4.772442
        ],
        [
          0.272602,
          0.657657,
          -0.702264,
          2.791905
        ],
        [
          -0.087873,
          -0.709839,
          -0.698861,
          1.382463
        ],
        [
          0.0,
          0.0,
          0.0,
          1.0
        ]
      ]
    },
    {
      "file_path": "/media/NFS/ttao/scannet/posed_images/scene0223_01/00011.jpg",
      "transform_matrix": [
        [
          -0.961667,
          0.243385,
          -0.126332,
          4.791924
        ],
        [
          0.259897,
          0.662017,
          -0.702984,
          2.781482
        ],
        [
          -0.087462,
          -0.70887,
          -0.699895,
          1.392874
        ],
        [
          0.0,
          0.0,
          0.0,
          1.0
        ]
      ]
    },
    {
      "file_path": "/media/NFS/ttao/scannet/posed_images/scene0223_01/00012.jpg",
      "transform_matrix": [
        [
          -0.962001,
          0.241057,
          -0.128241,
          4.794067
        ],
        [
          0.259644,
          0.662272,
          -0.702838,
          2.780663
        ],
        [
          -0.084493,
          -0.709427,
          -0.699695,
          1.3926
        ],
        [
          0.0,
          0.0,
          0.0,
          1.0
        ]
      ]
    },
    {
      "file_path": "/media/NFS/ttao/scannet/posed_images/scene0223_01/00018.jpg",
      "transform_matrix": [
        [
          -0.961697,
          0.225243,
          -0.156217,
          4.804159
        ],
        [
          0.268268,
          0.656324,
          -0.705175,
          2.772825
        ],
        [
          -0.056307,
          -0.720073,
          -0.69161,
          1.396432
        ],
        [
          0.0,
          0.0,
          0.0,
          1.0
        ]
      ]
    },
    {
      "file_path": "/media/NFS/ttao/scannet/posed_images/scene0223_01/00025.jpg",
      "transform_matrix": [
        [
          -0.949657,
          0.244795,
          -0.195516,
          4.823147
        ],
        [
          0.308835,
          0.626595,
          -0.715542,
          2.742414
        ],
        [
          -0.052651,
          -0.739901,
          -0.670652,
          1.422061
        ],
        [
          0.0,
          0.0,
          0.0,
          1.0
        ]
      ]
    },
    {
      "file_path": "/media/NFS/ttao/scannet/posed_images/scene0223_01/00026.jpg",
      "transform_matrix": [
        [
          -0.945572,
          0.254905,
          -0.202282,
          4.826881
        ],
        [
          0.320278,
          0.618996,
          -0.717123,
          2.738855
        ],
        [
          -0.057586,
          -0.742878,
          -0.666946,
          1.424691
        ],
        [
          0.0,
          0.0,
          0.0,
          1.0
        ]
      ]
    },
    {
      "file_path": "/media/NFS/ttao/scannet/posed_images/scene0223_01/00032.jpg",
      "transform_matrix": [
        [
          -0.923522,
          0.300729,
          -0.238053,
          4.856687
        ],
        [
          0.373524,
          0.564242,
          -0.736282,
          2.716291
        ],
        [
          -0.087101,
          -0.768891,
          -0.633419,
          1.435068
        ],
        [
          0.0,
          0.0,
          0.0,
          1.0
        ]
      ]
    },
    {
      "file_path": "/media/NFS/ttao/scannet/posed_images/scene0223_01/00036.jpg",
      "transform_matrix": [
        [
          -0.894277,
          0.320104,
          -0.312733,
          4.855206
        ],
        [
          0.443212,
          0.536864,
          -0.717872,
          2.712733
        ],
        [
          -0.061898,
          -0.780583,
          -0.621979,
          1.431196
        ],
        [
          0.0,
          0.0,
          0.0,
          1.0
        ]
      ]
    },
    {
      "file_path": "/media/NFS/ttao/scannet/posed_images/scene0223_01/00040.jpg",
      "transform_matrix": [
        [
          -0.861342,
          0.339505,
          -0.377924,
          4.857995
        ],
        [
          0.506404,
          0.514395,
          -0.692064,
          2.701705
        ],
        [
          -0.040557,
          -0.787486,
          -0.614997,
          1.435475
        ],
        [
          0.0,
          0.0,
          0.0,
          1.0
        ]
      ]
    },
    {
      "file_path": "/media/NFS/ttao/scannet/posed_images/scene0223_01/00048.jpg",
      "transform_matrix": [
        [
          -0.818487,
          0.355499,
          -0.451332,
          4.816366
        ],
        [
          0.573829,
          0.467169,
          -0.672662,
          2.695911
        ],
        [
          -0.028282,
          -0.809552,
          -0.586367,
          1.461317
        ],
        [
          0.0,
          0.0,
          0.0,
          1.0
        ]
      ]
    },
    {
      "file_path": "/media/NFS/ttao/scannet/posed_images/scene0223_01/00052.jpg",
      "transform_matrix": [
        [
          -0.796379,
          0.356994,
          -0.488197,
          4.817006
        ],
        [
          0.604415,
          0.441036,
          -0.663453,
          2.692933
        ],
        [
          -0.021536,
          -0.823434,
          -0.567004,
          1.468933
        ],
        [
          0.0,
          0.0,
          0.0,
          1.0
        ]
      ]
    },
    {
      "file_path": "/media/NFS/ttao/scannet/posed_images/scene0223_01/00058.jpg",
      "transform_matrix": [
        [
          -0.774468,
          0.352604,
          -0.525233,
          4.802687
        ],
        [
          0.631975,
          0.393957,
          -0.667387,
          2.695637
        ],
        [
          -0.028404,
          -0.848804,
          -0.527944,
          1.489808
        ],
        [
          0.0,
          0.0,
          0.0,
          1.0
        ]
      ]
    },
    {
      "file_path": "/media/NFS/ttao/scannet/posed_images/scene0223_01/00059.jpg",
      "transform_matrix": [
        [
          -0.772126,
          0.350323,
          -0.530184,
          4.796323
        ],
        [
          0.634717,
          0.384589,
          -0.670243,
          2.699823
        ],
        [
          -0.030898,
          -0.854029,
          -0.519307,
          1.494238
        ],
        [
          0.0,
          0.0,
          0.0,
          1.0
        ]
      ]
    },
    {
      "file_path": "/media/NFS/ttao/scannet/posed_images/scene0223_01/00065.jpg",
      "transform_matrix": [
        [
          -0.763446,
          0.333821,
          -0.552915,
          4.758298
        ],
        [
          0.644543,
          0.338896,
          -0.685356,
          2.699801
        ],
        [
          -0.041406,
          -0.87961,
          -0.47389,
          1.551652
        ],
        [
          0.0,
          0.0,
          0.0,
          1.0
        ]
      ]
    },
    {
      "file_path": "/media/NFS/ttao/scannet/posed_images/scene0223_01/00067.jpg",
      "transform_matrix": [
        [
          -0.761561,
          0.3133,
          -0.567334,
          4.75753
        ],
        [
          0.646716,
          0.310335,
          -0.696743,
          2.705397
        ],
        [
          -0.042226,
          -0.897516,
          -0.438955,
          1.55899
        ],
        [
          0.0,
          0.0,
          0.0,
          1.0
        ]
      ]
    },
    {
      "file_path": "/media/NFS/ttao/scannet/posed_images/scene0223_01/00076.jpg",
      "transform_matrix": [
        [
          -0.75925,
          0.231254,
          -0.608327,
          4.760547
        ],
        [
          0.650251,
          0.231198,
          -0.723686,
          2.725784
        ],
        [
          -0.026711,
          -0.945023,
          -0.32591,
          1.584286
        ],
        [
          0.0,
          0.0,
          0.0,
          1.0
        ]
      ]
    },
    {
      "file_path": "/media/NFS/ttao/scannet/posed_images/scene0223_01/00078.jpg",
      "transform_matrix": [
        [
          -0.759765,
          0.215533,
          -0.613435,
          4.761106
        ],
        [
          0.649577,
          0.210399,
          -0.730603,
          2.726608
        ],
        [
          -0.028403,
          -0.95356,
          -0.299859,
          1.594682
        ],
        [
          0.0,
          0.0,
          0.0,
          1.0
        ]
      ]
    },
    {
      "file_path": "/media/NFS/ttao/scannet/posed_images/scene0223_01/00084.jpg",
      "transform_matrix": [
        [
          -0.765418,
          0.162593,
          -0.622654,
          4.769569
        ],
        [
          0.642638,
          0.1421,
          -0.752877,
          2.736137
        ],
        [
          -0.033933,
          -0.976407,
          -0.213254,
          1.597868
        ],
        [
          0.0,
          0.0,
          0.0,
          1.0
        ]
      ]
    },
    {
      "file_path": "/media/NFS/ttao/scannet/posed_images/scene0223_01/00088.jpg",
      "transform_matrix": [
        [
          -0.777745,
          0.140411,
          -0.612697,
          4.774459
        ],
        [
          0.627483,
          0.115877,
          -0.769959,
          2.7341
        ],
        [
          -0.037114,
          -0.983289,
          -0.178229,
          1.613561
        ],
        [
          0.0,
          0.0,
          0.0,
          1.0
        ]
      ]
    },
    {
      "file_path": "/media/NFS/ttao/scannet/posed_images/scene0223_01/00094.jpg",
      "transform_matrix": [
        [
          -0.783395,
          0.133006,
          -0.607126,
          4.777078
        ],
        [
          0.619879,
          0.096178,
          -0.778781,
          2.733121
        ],
        [
          -0.045191,
          -0.986437,
          -0.157793,
          1.659124
        ],
        [
          0.0,
          0.0,
          0.0,
          1.0
        ]
      ]
    },
    {
      "file_path": "/media/NFS/ttao/scannet/posed_images/scene0223_01/00099.jpg",
      "transform_matrix": [
        [
          -0.781928,
          0.120204,
          -0.61167,
          4.781199
        ],
        [
          0.621235,
          0.069146,
          -0.780568,
          2.73257
        ],
        [
          -0.051533,
          -0.990338,
          -0.128742,
          1.673862
        ],
        [
          0.0,
          0.0,
          0.0,
          1.0
        ]
      ]
    },
    {
      "file_path": "/media/NFS/ttao/scannet/posed_images/scene0223_01/00100.jpg",
      "transform_matrix": [
        [
          -0.781785,
          0.111608,
          -0.613478,
          4.787086
        ],
        [
          0.621606,
          0.061916,
          -0.780879,
          2.733691
        ],
        [
          -0.049169,
          -0.991821,
          -0.117781,
          1.661536
        ],
        [
          0.0,
          0.0,
          0.0,
          1.0
        ]
      ]
    },
    {
      "file_path": "/media/NFS/ttao/scannet/posed_images/scene0223_01/00107.jpg",
      "transform_matrix": [
        [
          -0.780373,
          0.089233,
          -0.618915,
          4.778699
        ],
        [
          0.624568,
          0.062896,
          -0.778433,
          2.741704
        ],
        [
          -0.030534,
          -0.994023,
          -0.104814,
          1.679303
        ],
        [
          0.0,
          0.0,
          0.0,
          1.0
        ]
      ]
    },
    {
      "file_path": "/media/NFS/ttao/scannet/posed_images/scene0223_01/00113.jpg",
      "transform_matrix": [
        [
          -0.777505,
          0.081136,
          -0.623621,
          4.78453
        ],
        [
          0.627884,
          0.044452,
          -0.777036,
          2.741252
        ],
        [
          -0.035325,
          -0.995711,
          -0.085506,
          1.676203
        ],
        [
          0.0,
          0.0,
          0.0,
          1.0
        ]
      ]
    },
    {
      "file_path": "/media/NFS/ttao/scannet/posed_images/scene0223_01/00114.jpg",
      "transform_matrix": [
        [
          -0.777199,
          0.080014,
          -0.624147,
          4.785826
        ],
        [
          0.628237,
          0.042267,
          -0.776873,
          2.74051
        ],
        [
          -0.035779,
          -0.995897,
          -0.083118,
          1.673308
        ],
        [
          0.0,
          0.0,
          0.0,
          1.0
        ]
      ]
    },
    {
      "file_path": "/media/NFS/ttao/scannet/posed_images/scene0223_01/00121.jpg",
      "transform_matrix": [
        [
          -0.769449,
          0.065494,
          -0.635342,
          4.785641
        ],
        [
          0.63802,
          0.032649,
          -0.769327,
          2.740741
        ],
        [
          -0.029643,
          -0.997319,
          -0.066908,
          1.680179
        ],
        [
          0.0,
          0.0,
          0.0,
          1.0
        ]
      ]
    },
    {
      "file_path": "/media/NFS/ttao/scannet/posed_images/scene0223_01/00122.jpg",
      "transform_matrix": [
        [
          -0.769607,
          0.062424,
          -0.635459,
          4.787572
        ],
        [
          0.637871,
          0.03039,
          -0.769543,
          2.740081
        ],
        [
          -0.028726,
          -0.997587,
          -0.063207,
          1.678219
        ],
        [
          0.0,
          0.0,
          0.0,
          1.0
        ]
      ]
    },
    {
      "file_path": "/media/NFS/ttao/scannet/posed_images/scene0223_01/00128.jpg",
      "transform_matrix": [
        [
          -0.77828,
          0.06301,
          -0.624748,
          4.798247
        ],
        [
          0.627277,
          0.033105,
          -0.778092,
          2.733219
        ],
        [
          -0.028345,
          -0.997463,
          -0.06529,
          1.683627
        ],
        [
          0.0,
          0.0,
          0.0,
          1.0
        ]
      ]
    },
    {
      "file_path": "/media/NFS/ttao/scannet/posed_images/scene0223_01/00135.jpg",
      "transform_matrix": [
        [
          -0.814646,
          0.058087,
          -0.577042,
          4.821264
        ],
        [
          0.578768,
          0.017731,
          -0.815299,
          2.725914
        ],
        [
          -0.037127,
          -0.998154,
          -0.048064,
          1.684593
        ],
        [
          0.0,
          0.0,
          0.0,
          1.0
        ]
      ]
    },
    {
      "file_path": "/media/NFS/ttao/scannet/posed_images/scene0223_01/00140.jpg",
      "transform_matrix": [
        [
          -0.852656,
          0.070387,
          -0.51771,
          4.857952
        ],
        [
          0.520998,
          0.040143,
          -0.852613,
          2.712112
        ],
        [
          -0.03923,
          -0.996711,
          -0.0709,
          1.67895
        ],
        [
          0.0,
          0.0,
          0.0,
          1.0
        ]
      ]
    },
    {
      "file_path": "/media/NFS/ttao/scannet/posed_images/scene0223_01/00142.jpg",
      "transform_matrix": [
        [
          -0.87014,
          0.072615,
          -0.487425,
          4.866622
        ],
        [
          0.491093,
          0.045415,
          -0.869922,
          2.709875
        ],
        [
          -0.041033,
          -0.996325,
          -0.075178,
          1.678454
        ],
        [
          0.0,
          0.0,
          0.0,
          1.0
        ]
      ]
    },
    {
      "file_path": "/media/NFS/ttao/scannet/posed_images/scene0223_01/00149.jpg",
      "transform_matrix": [
        [
          -0.915495,
          0.091848,
          -0.391704,
          4.915218
        ],
        [
          0.395337,
          0.024651,
          -0.918205,
          2.69728
        ],
        [
          -0.074679,
          -0.995468,
          -0.058879,
          1.674791
        ],
        [
          0.0,
          0.0,
          0.0,
          1.0
        ]
      ]
    },
    {
      "file_path": "/media/NFS/ttao/scannet/posed_images/scene0223_01/00150.jpg",
      "transform_matrix": [
        [
          -0.923926,
          0.091713,
          -0.371415,
          4.909028
        ],
        [
          0.375505,
          0.031667,
          -0.926279,
          2.70079
        ],
        [
          -0.07319,
          -0.995282,
          -0.063697,
          1.678219
        ],
        [
          0.0,
          0.0,
          0.0,
          1.0
        ]
      ]
    },
    {
      "file_path": "/media/NFS/ttao/scannet/posed_images/scene0223_01/00158.jpg",
      "transform_matrix": [
        [
          -0.942522,
          0.088958,
          -0.322085,
          4.929364
        ],
        [
          0.32897,
          0.078067,
          -0.941108,
          2.683356
        ],
        [
          -0.058575,
          -0.992971,
          -0.102844,
          1.67458
        ],
        [
          0.0,
          0.0,
          0.0,
          1.0
        ]
      ]
    },
    {
      "file_path": "/media/NFS/ttao/scannet/posed_images/scene0223_01/00160.jpg",
      "transform_matrix": [
        [
          -0.948082,
          0.091003,
          -0.304729,
          4.924995
        ],
        [
          0.312451,
          0.08789,
          -0.945859,
          2.68855
        ],
        [
          -0.059294,
          -0.991964,
          -0.111761,
          1.674079
        ],
        [
          0.0,
          0.0,
          0.0,
          1.0
        ]
      ]
    },
    {
      "file_path": "/media/NFS/ttao/scannet/posed_images/scene0223_01/00164.jpg",
      "transform_matrix": [
        [
          -0.948479,
          0.092029,
          -0.30318,
          4.939144
        ],
        [
          0.312162,
          0.107602,
          -0.943916,
          2.68143
        ],
        [
          -0.054245,
          -0.989925,
          -0.130787,
          1.66369
        ],
        [
          0.0,
          0.0,
          0.0,
          1.0
        ]
      ]
    },
    {
      "file_path": "/media/NFS/ttao/scannet/posed_images/scene0223_01/00169.jpg",
      "transform_matrix": [
        [
          -0.948967,
          0.105973,
          -0.297037,
          4.941877
        ],
        [
          0.311049,
          0.159032,
          -0.936994,
          2.676039
        ],
        [
          -0.052058,
          -0.981569,
          -0.183879,
          1.637885
        ],
        [
          0.0,
          0.0,
          0.0,
          1.0
        ]
      ]
    },
    {
      "file_path": "/media/NFS/ttao/scannet/posed_images/scene0223_01/00173.jpg",
      "transform_matrix": [
        [
          -0.944889,
          0.080718,
          -0.317284,
          4.920987
        ],
        [
          0.327281,
          0.20792,
          -0.921768,
          2.689503
        ],
        [
          -0.008433,
          -0.97481,
          -0.222879,
          1.597552
        ],
        [
          0.0,
          0.0,
          0.0,
          1.0
        ]
      ]
    },
    {
      "file_path": "/media/NFS/ttao/scannet/posed_images/scene0223_01/00178.jpg",
      "transform_matrix": [
        [
          -0.932829,
          0.121848,
          -0.339092,
          4.928671
        ],
        [
          0.360286,
          0.302502,
          -0.882432,
          2.685961
        ],
        [
          -0.004947,
          -0.945328,
          -0.326082,
          1.551304
        ],
        [
          0.0,
          0.0,
          0.0,
          1.0
        ]
      ]
    },
    {
      "file_path": "/media/NFS/ttao/scannet/posed_images/scene0223_01/00183.jpg",
      "transform_matrix": [
        [
          -0.932142,
          0.181212,
          -0.313484,
          4.942328
        ],
        [
          0.358749,
          0.344826,
          -0.867406,
          2.688061
        ],
        [
          -0.049087,
          -0.921008,
          -0.386437,
          1.520068
        ],
        [
          0.0,
          0.0,
          0.0,
          1.0
        ]
      ]
    },
    {
      "file_path": "/media/NFS/ttao/scannet/posed_images/scene0223_01/00190.jpg",
      "transform_matrix": [
        [
          -0.911422,
          0.222646,
          -0.346033,
          4.952672
        ],
        [
          0.409832,
          0.416177,
          -0.811686,
          2.687149
        ],
        [
          -0.036707,
          -0.881604,
          -0.47056,
          1.494841
        ],
        [
          0.0,
          0.0,
          0.0,
          1.0
        ]
      ]
    },
    {
      "file_path": "/media/NFS/ttao/scannet/posed_images/scene0223_01/00193.jpg",
      "transform_matrix": [
        [
          -0.899182,
          0.245728,
          -0.362062,
          4.954734
        ],
        [
          0.435131,
          0.414811,
          -0.79912,
          2.690883
        ],
        [
          -0.046179,
          -0.876099,
          -0.479915,
          1.476807
        ],
        [
          0.0,
          0.0,
          0.0,
          1.0
        ]
      ]
    },
    {
      "file_path": "/media/NFS/ttao/scannet/posed_images/scene0223_01/00198.jpg",
      "transform_matrix": [
        [
          -0.884321,
          0.283808,
          -0.370715,
          4.948492
        ],
        [
          0.462567,
          0.424933,
          -0.778115,
          2.688396
        ],
        [
          -0.063306,
          -0.859584,
          -0.507057,
          1.473353
        ],
        [
          0.0,
          0.0,
          0.0,
          1.0
        ]
      ]
    },
    {
      "file_path": "/media/NFS/ttao/scannet/posed_images/scene0223_01/00201.jpg",
      "transform_matrix": [
        [
          -0.874595,
          0.288162,
          -0.389932,
          4.935133
        ],
        [
          0.481527,
          0.422176,
          -0.768049,
          2.70091
        ],
        [
          -0.056702,
          -0.859494,
          -0.507991,
          1.46389
        ],
        [
          0.0,
          0.0,
          0.0,
          1.0
        ]
      ]
    },
    {
      "file_path": "/media/NFS/ttao/scannet/posed_images/scene0223_01/00208.jpg",
      "transform_matrix": [
        [
          -0.789056,
          0.353422,
          -0.502478,
          4.912012
        ],
        [
          0.613322,
          0.406556,
          -0.677162,
          2.711166
        ],
        [
          -0.035038,
          -0.842499,
          -0.537557,
          1.460195
        ],
        [
          0.0,
          0.0,
          0.0,
          1.0
        ]
      ]
    },
    {
      "file_path": "/media/NFS/ttao/scannet/posed_images/scene0223_01/00213.jpg",
      "transform_matrix": [
        [
          -0.753922,
          0.396522,
          -0.523804,
          4.860084
        ],
        [
          0.653497,
          0.370848,
          -0.659858,
          2.747306
        ],
        [
          -0.067397,
          -0.839787,
          -0.538717,
          1.464153
        ],
        [
          0.0,
          0.0,
          0.0,
          1.0
        ]
      ]
    },
    {
      "file_path": "/media/NFS/ttao/scannet/posed_images/scene0223_01/00215.jpg",
      "transform_matrix": [
        [
          -0.732005,
          0.408957,
          -0.544906,
          4.844212
        ],
        [
          0.677089,
          0.347907,
          -0.648468,
          2.769423
        ],
        [
          -0.075619,
          -0.843632,
          -0.53157,
          1.454767
        ],
        [
          0.0,
          0.0,
          0.0,
          1.0
        ]
      ]
    },
    {
      "file_path": "/media/NFS/ttao/scannet/posed_images/scene0223_01/00223.jpg",
      "transform_matrix": [
        [
          -0.612821,
          0.472238,
          -0.633594,
          4.737983
        ],
        [
          0.787072,
          0.293247,
          -0.5427,
          2.844579
        ],
        [
          -0.070484,
          -0.831262,
          -0.551394,
          1.44879
        ],
        [
          0.0,
          0.0,
          0.0,
          1.0
        ]
      ]
    },
    {
      "file_path": "/media/NFS/ttao/scannet/posed_images/scene0223_01/00224.jpg",
      "transform_matrix": [
        [
          -0.596124,
          0.479186,
          -0.644218,
          4.736728
        ],
        [
          0.79993,
          0.285602,
          -0.527772,
          2.841952
        ],
        [
          -0.068911,
          -0.829947,
          -0.553569,
          1.447404
        ],
        [
          0.0,
          0.0,
          0.0,
          1.0
        ]
      ]
    },
    {
      "file_path": "/media/NFS/ttao/scannet/posed_images/scene0223_01/00231.jpg",
      "transform_matrix": [
        [
          -0.499864,
          0.506212,
          -0.70277,
          4.607528
        ],
        [
          0.86495,
          0.249893,
          -0.435219,
          2.902825
        ],
        [
          -0.044696,
          -0.825411,
          -0.56276,
          1.501556
        ],
        [
          0.0,
          0.0,
          0.0,
          1.0
        ]
      ]
    },
    {
      "file_path": "/media/NFS/ttao/scannet/posed_images/scene0223_01/00235.jpg",
      "transform_matrix": [
        [
          -0.445978,
          0.500248,
          -0.742196,
          4.565104
        ],
        [
          0.893567,
          0.201228,
          -0.401305,
          2.939596
        ],
        [
          -0.051401,
          -0.842175,
          -0.536749,
          1.508
        ],
        [
          0.0,
          0.0,
          0.0,
          1.0
        ]
      ]
    },
    {
      "file_path": "/media/NFS/ttao/scannet/posed_images/scene0223_01/00241.jpg",
      "transform_matrix": [
        [
          -0.413787,
          0.461378,
          -0.784799,
          4.491937
        ],
        [
          0.909403,
          0.169691,
          -0.379724,
          3.019745
        ],
        [
          -0.042023,
          -0.870824,
          -0.489795,
          1.491786
        ],
        [
          0.0,
          0.0,
          0.0,
          1.0
        ]
      ]
    },
    {
      "file_path": "/media/NFS/ttao/scannet/posed_images/scene0223_01/00242.jpg",
      "transform_matrix": [
        [
          -0.40328,
          0.456236,
          -0.79323,
          4.4886
        ],
        [
          0.914192,
          0.162776,
          -0.371155,
          3.024872
        ],
        [
          -0.040215,
          -0.874844,
          -0.482732,
          1.484817
        ],
        [
          0.0,
          0.0,
          0.0,
          1.0
        ]
      ]
    },
    {
      "file_path": "/media/NFS/ttao/scannet/posed_images/scene0223_01/00246.jpg",
      "transform_matrix": [
        [
          -0.36765,
          0.459842,
          -0.808318,
          4.461802
        ],
        [
          0.928855,
          0.13914,
          -0.343319,
          3.037598
        ],
        [
          -0.045403,
          -0.877032,
          -0.478281,
          1.483381
        ],
        [
          0.0,
          0.0,
          0.0,
          1.0
        ]
      ]
    },
    {
      "file_path": "/media/NFS/ttao/scannet/posed_images/scene0223_01/00252.jpg",
      "transform_matrix": [
        [
          -0.310548,
          0.455455,
          -0.834339,
          4.393592
        ],
        [
          0.949678,
          0.110913,
          -0.292932,
          3.070949
        ],
        [
          -0.040879,
          -0.883323,
          -0.466979,
          1.472359
        ],
        [
          0.0,
          0.0,
          0.0,
          1.0
        ]
      ]
    },
    {
      "file_path": "/media/NFS/ttao/scannet/posed_images/scene0223_01/00259.jpg",
      "transform_matrix": [
        [
          -0.270253,
          0.438474,
          -0.857148,
          4.307286
        ],
        [
          0.96197,
          0.08626,
          -0.259176,
          3.022972
        ],
        [
          -0.039704,
          -0.894595,
          -0.445112,
          1.492127
        ],
        [
          0.0,
          0.0,
          0.0,
          1.0
        ]
      ]
    },
    {
      "file_path": "/media/NFS/ttao/scannet/posed_images/scene0223_01/00264.jpg",
      "transform_matrix": [
        [
          -0.208516,
          0.38509,
          -0.899014,
          4.250823
        ],
        [
          0.978017,
          0.080496,
          -0.19236,
          2.958619
        ],
        [
          -0.001708,
          -0.919362,
          -0.393409,
          1.495222
        ],
        [
          0.0,
          0.0,
          0.0,
          1.0
        ]
      ]
    },
    {
      "file_path": "/media/NFS/ttao/scannet/posed_images/scene0223_01/00268.jpg",
      "transform_matrix": [
        [
          -0.159425,
          0.374591,
          -0.913381,
          4.211105
        ],
        [
          0.987191,
          0.066203,
          -0.145157,
          2.933668
        ],
        [
          0.006094,
          -0.924824,
          -0.380347,
          1.481062
        ],
        [
          0.0,
          0.0,
          0.0,
          1.0
        ]
      ]
    },
    {
      "file_path": "/media/NFS/ttao/scannet/posed_images/scene0223_01/00270.jpg",
      "transform_matrix": [
        [
          -0.140071,
          0.384142,
          -0.912587,
          4.18114
        ],
        [
          0.990006,
          0.069552,
          -0.122677,
          2.931867
        ],
        [
          0.016347,
          -0.92065,
          -0.390046,
          1.475625
        ],
        [
          0.0,
          0.0,
          0.0,
          1.0
        ]
      ]
    },
    {
      "file_path": "/media/NFS/ttao/scannet/posed_images/scene0223_01/00277.jpg",
      "transform_matrix": [
        [
          -0.099951,
          0.424092,
          -0.900086,
          4.111086
        ],
        [
          0.994822,
          0.059317,
          -0.082523,
          2.918035
        ],
        [
          0.018393,
          -0.903674,
          -0.427825,
          1.482033
        ],
        [
          0.0,
          0.0,
          0.0,
          1.0
        ]
      ]
    },
    {
      "file_path": "/media/NFS/ttao/scannet/posed_images/scene0223_01/00281.jpg",
      "transform_matrix": [
        [
          -0.087508,
          0.435101,
          -0.896119,
          4.070886
        ],
        [
          0.995417,
          0.073011,
          -0.061756,
          2.902577
        ],
        [
          0.038557,
          -0.897416,
          -0.439496,
          1.469043
        ],
        [
          0.0,
          0.0,
          0.0,
          1.0
        ]
      ]
    },
    {
      "file_path": "/media/NFS/ttao/scannet/posed_images/scene0223_01/00286.jpg",
      "transform_matrix": [
        [
          -0.072136,
          0.469019,
          -0.880237,
          4.008279
        ],
        [
          0.996209,
          0.076897,
          -0.040667,
          2.882657
        ],
        [
          0.048614,
          -0.879834,
          -0.472789,
          1.457798
        ],
        [
          0.0,
          0.0,
          0.0,
          1.0
        ]
      ]
    },
    {
      "file_path": "/media/NFS/ttao/scannet/posed_images/scene0223_01/00289.jpg",
      "transform_matrix": [
        [
          -0.063265,
          0.473703,
          -0.878409,
          3.974487
        ],
        [
          0.997229,
          0.064522,
          -0.037028,
          2.862804
        ],
        [
          0.039137,
          -0.878318,
          -0.476473,
          1.442495
        ],
        [
          0.0,
          0.0,
          0.0,
          1.0
        ]
      ]
    },
    {
      "file_path": "/media/NFS/ttao/scannet/posed_images/scene0223_01/00293.jpg",
      "transform_matrix": [
        [
          -0.038725,
          0.485963,
          -0.873121,
          3.90541
        ],
        [
          0.999241,
          0.015177,
          -0.035872,
          2.867013
        ],
        [
          -0.004181,
          -0.873847,
          -0.486182,
          1.446303
        ],
        [
          0.0,
          0.0,
          0.0,
          1.0
        ]
      ]
    },
    {
      "file_path": "/media/NFS/ttao/scannet/posed_images/scene0223_01/00300.jpg",
      "transform_matrix": [
        [
          0.041001,
          0.529399,
          -0.847382,
          3.798473
        ],
        [
          0.998058,
          -0.061511,
          0.009862,
          2.826484
        ],
        [
          -0.046903,
          -0.84614,
          -0.530893,
          1.433901
        ],
        [
          0.0,
          0.0,
          0.0,
          1.0
        ]
      ]
    },
    {
      "file_path": "/media/NFS/ttao/scannet/posed_images/scene0223_01/00304.jpg",
      "transform_matrix": [
        [
          0.082462,
          0.543015,
          -0.835664,
          3.76575
        ],
        [
          0.994561,
          -0.098374,
          0.034218,
          2.824448
        ],
        [
          -0.063626,
          -0.833941,
          -0.548173,
          1.431443
        ],
        [
          0.0,
          0.0,
          0.0,
          1.0
        ]
      ]
    },
    {
      "file_path": "/media/NFS/ttao/scannet/posed_images/scene0223_01/00307.jpg",
      "transform_matrix": [
        [
          0.115373,
          0.539136,
          -0.834279,
          3.756989
        ],
        [
          0.990972,
          -0.120217,
          0.059354,
          2.836249
        ],
        [
          -0.068295,
          -0.833594,
          -0.548139,
          1.432463
        ],
        [
          0.0,
          0.0,
          0.0,
          1.0
        ]
      ]
    },
    {
      "file_path": "/media/NFS/ttao/scannet/posed_images/scene0223_01/00314.jpg",
      "transform_matrix": [
        [
          0.383471,
          0.475208,
          -0.791914,
          3.670663
        ],
        [
          0.921662,
          -0.251744,
          0.295233,
          2.750624
        ],
        [
          -0.059062,
          -0.843091,
          -0.534518,
          1.425137
        ],
        [
          0.0,
          0.0,
          0.0,
          1.0
        ]
      ]
    },
    {
      "file_path": "/media/NFS/ttao/scannet/posed_images/scene0223_01/00315.jpg",
      "transform_matrix": [
        [
          0.429685,
          0.459862,
          -0.777108,
          3.646903
        ],
        [
          0.901094,
          -0.273944,
          0.33613,
          2.716696
        ],
        [
          -0.058311,
          -0.844678,
          -0.532089,
          1.421432
        ],
        [
          0.0,
          0.0,
          0.0,
          1.0
        ]
      ]
    },
    {
      "file_path": "/media/NFS/ttao/scannet/posed_images/scene0223_01/00321.jpg",
      "transform_matrix": [
        [
          0.497805,
          0.460133,
          -0.735166,
          3.660719
        ],
        [
          0.864478,
          -0.331444,
          0.377919,
          2.691879
        ],
        [
          -0.069773,
          -0.823664,
          -0.562769,
          1.394054
        ],
        [
          0.0,
          0.0,
          0.0,
          1.0
        ]
      ]
    },
    {
      "file_path": "/media/NFS/ttao/scannet/posed_images/scene0223_01/00327.jpg",
      "transform_matrix": [
        [
          0.545766,
          0.452654,
          -0.705155,
          3.672517
        ],
        [
          0.836459,
          -0.344267,
          0.426399,
          2.685304
        ],
        [
          -0.04975,
          -0.822548,
          -0.566515,
          1.411817
        ],
        [
          0.0,
          0.0,
          0.0,
          1.0
        ]
      ]
    },
    {
      "file_path": "/media/NFS/ttao/scannet/posed_images/scene0223_01/00329.jpg",
      "transform_matrix": [
        [
          0.5716,
          0.441918,
          -0.691362,
          3.676568
        ],
        [
          0.819988,
          -0.338319,
          0.461692,
          2.669566
        ],
        [
          -0.02987,
          -0.830812,
          -0.555751,
          1.406688
        ],
        [
          0.0,
          0.0,
          0.0,
          1.0
        ]
      ]
    },
    {
      "file_path": "/media/NFS/ttao/scannet/posed_images/scene0223_01/00334.jpg",
      "transform_matrix": [
        [
          0.622495,
          0.430259,
          -0.653741,
          3.698185
        ],
        [
          0.78261,
          -0.347168,
          0.516716,
          2.650887
        ],
        [
          -0.004636,
          -0.833278,
          -0.552835,
          1.415706
        ],
        [
          0.0,
          0.0,
          0.0,
          1.0
        ]
      ]
    },
    {
      "file_path": "/media/NFS/ttao/scannet/posed_images/scene0223_01/00338.jpg",
      "transform_matrix": [
        [
          0.635404,
          0.407254,
          -0.656053,
          3.735219
        ],
        [
          0.771764,
          -0.362814,
          0.52225,
          2.635647
        ],
        [
          -0.025337,
          -0.838158,
          -0.544838,
          1.413174
        ],
        [
          0.0,
          0.0,
          0.0,
          1.0
        ]
      ]
    },
    {
      "file_path": "/media/NFS/ttao/scannet/posed_images/scene0223_01/00344.jpg",
      "transform_matrix": [
        [
          0.721597,
          0.351917,
          -0.596198,
          3.81753
        ],
        [
          0.691144,
          -0.416215,
          0.590833,
          2.670033
        ],
        [
          -0.040222,
          -0.838402,
          -0.543565,
          1.451252
        ],
        [
          0.0,
          0.0,
          0.0,
          1.0
        ]
      ]
    },
    {
      "file_path": "/media/NFS/ttao/scannet/posed_images/scene0223_01/00348.jpg",
      "transform_matrix": [
        [
          0.752632,
          0.303611,
          -0.584265,
          3.867385
        ],
        [
          0.656566,
          -0.412973,
          0.631169,
          2.666046
        ],
        [
          -0.049655,
          -0.858646,
          -0.510157,
          1.462187
        ],
        [
          0.0,
          0.0,
          0.0,
          1.0
        ]
      ]
    },
    {
      "file_path": "/media/NFS/ttao/scannet/posed_images/scene0223_01/00355.jpg",
      "transform_matrix": [
        [
          0.794329,
          0.255959,
          -0.550932,
          3.926566
        ],
        [
          0.606591,
          -0.383449,
          0.69643,
          2.6202
        ],
        [
          -0.032997,
