{
  "frames": [
    {
      "file_path": "/media/NFS/ttao/scannet/posed_images/scene0601_01/00000.jpg",
      "transform_matrix": [
        [
          -0.315733,
          -0.470138,
          0.824186,
          5.937889
        ],
        [
          -0.948359,
          0.184255,
          -0.258197,
          4.289836
        ],
        [
          -0.030472,
          -0.863146,
          -0.504035,
          1.344909
        ],
        [
          0.0,
          0.0,
          0.0,
          1.0
        ]
      ]
    },
    {
      "file_path": "/media/NFS/ttao/scannet/posed_images/scene0601_01/00005.jpg",
      "transform_matrix": [
        [
          -0.297877,
          -0.462729,
          0.834956,
          5.965514
        ],
        [
          -0.954123,
          0.172109,
          -0.245008,
          4.272413
        ],
        [
          -0.030331,
          -0.869632,
          -0.492767,
          1.339331
        ],
        [
          0.0,
          0.0,
          0.0,
          1.0
        ]
      ]
    },
    {
      "file_path": "/media/NFS/ttao/scannet/posed_images/scene0601_01/00009.jpg",
      "transform_matrix": [
        [
          -0.298783,
          -0.470871,
          0.830066,
          6.001027
        ],
        [
          -0.953902,
          0.173146,
          -0.245137,
          4.253651
        ],
        [
          -0.028295,
          -0.865044,
          -0.500898,
          1.333629
        ],
        [
          0.0,
          0.0,
          0.0,
          1.0
        ]
      ]
    },
    {
      "file_path": "/media/NFS/ttao/scannet/posed_images/scene0601_01/00018.jpg",
      "transform_matrix": [
        [
          -0.279675,
          -0.478591,
          0.832306,
          6.116194
        ],
        [
          -0.960092,
          0.137368,
          -0.243624,
          4.187369
        ],
        [
          0.002264,
          -0.867226,
          -0.49791,
          1.338505
        ],
        [
          0.0,
          0.0,
          0.0,
          1.0
        ]
      ]
    },
    {
      "file_path": "/media/NFS/ttao/scannet/posed_images/scene0601_01/00020.jpg",
      "transform_matrix": [
        [
          -0.284487,
          -0.483422,
          0.827871,
          6.155334
        ],
        [
          -0.958619,
          0.133743,
          -0.25132,
          4.161215
        ],
        [
          0.010772,
          -0.86511,
          -0.501466,
          1.33951
        ],
        [
          0.0,
          0.0,
          0.0,
          1.0
        ]
      ]
    },
    {
      "file_path": "/media/NFS/ttao/scannet/posed_images/scene0601_01/00024.jpg",
      "transform_matrix": [
        [
          -0.308213,
          -0.474329,
          0.824631,
          6.188905
        ],
        [
          -0.951259,
          0.144059,
          -0.272679,
          4.116521
        ],
        [
          0.010544,
          -0.868481,
          -0.49561,
          1.33734
        ],
        [
          0.0,
          0.0,
          0.0,
          1.0
        ]
      ]
    },
    {
      "file_path": "/media/NFS/ttao/scannet/posed_images/scene0601_01/00033.jpg",
      "transform_matrix": [
        [
          -0.3883,
          -0.453459,
          0.802245,
          6.250909
        ],
        [
          -0.921531,
          0.192933,
          -0.336984,
          4.028816
        ],
        [
          -0.001971,
          -0.870145,
          -0.492792,
          1.366841
        ],
        [
          0.0,
          0.0,
          0.0,
          1.0
        ]
      ]
    },
    {
      "file_path": "/media/NFS/ttao/scannet/posed_images/scene0601_01/00035.jpg",
      "transform_matrix": [
        [
          -0.400544,
          -0.437941,
          0.804843,
          6.258525
        ],
        [
          -0.916208,
          0.202268,
          -0.345906,
          4.006709
        ],
        [
          -0.011307,
          -0.875954,
          -0.482262,
          1.378127
        ],
        [
          0.0,
          0.0,
          0.0,
          1.0
        ]
      ]
    },
    {
      "file_path": "/media/NFS/ttao/scannet/posed_images/scene0601_01/00040.jpg",
      "transform_matrix": [
        [
          -0.432881,
          -0.382026,
          0.816499,
          6.264825
        ],
        [
          -0.900874,
          0.215734,
          -0.376676,
          3.957073
        ],
        [
          -0.032246,
          -0.898618,
          -0.437545,
          1.403289
        ],
        [
          0.0,
          0.0,
          0.0,
          1.0
        ]
      ]
    },
    {
      "file_path": "/media/NFS/ttao/scannet/posed_images/scene0601_01/00046.jpg",
      "transform_matrix": [
        [
          -0.470549,
          -0.350243,
          0.809885,
          6.277277
        ],
        [
          -0.881786,
          0.220149,
          -0.417118,
          3.872628
        ],
        [
          -0.032203,
          -0.91042,
          -0.412431,
          1.446074
        ],
        [
          0.0,
          0.0,
          0.0,
          1.0
        ]
      ]
    },
    {
      "file_path": "/media/NFS/ttao/scannet/posed_images/scene0601_01/00052.jpg",
      "transform_matrix": [
        [
          -0.50554,
          -0.296652,
          0.810202,
          6.276831
        ],
        [
          -0.862756,
          0.183646,
          -0.471091,
          3.829681
        ],
        [
          -0.00904,
          -0.937162,
          -0.348778,
          1.46905
        ],
        [
          0.0,
          0.0,
          0.0,
          1.0
        ]
      ]
    },
    {
      "file_path": "/media/NFS/ttao/scannet/posed_images/scene0601_01/00058.jpg",
      "transform_matrix": [
        [
          -0.55344,
          -0.249628,
          0.794601,
          6.293005
        ],
        [
          -0.832887,
          0.16339,
          -0.528776,
          3.80399
        ],
        [
          0.002167,
          -0.954458,
          -0.298339,
          1.507586
        ],
        [
          0.0,
          0.0,
          0.0,
          1.0
        ]
      ]
    },
    {
      "file_path": "/media/NFS/ttao/scannet/posed_images/scene0601_01/00064.jpg",
      "transform_matrix": [
        [
          -0.584705,
          -0.198337,
          0.786628,
          6.291394
        ],
        [
          -0.811171,
          0.129696,
          -0.570246,
          3.809101
        ],
        [
          0.011078,
          -0.971515,
          -0.236719,
          1.530866
        ],
        [
          0.0,
          0.0,
          0.0,
          1.0
        ]
      ]
    },
    {
      "file_path": "/media/NFS/ttao/scannet/posed_images/scene0601_01/00068.jpg",
      "transform_matrix": [
        [
          -0.62415,
          -0.189685,
          0.757929,
          6.301361
        ],
        [
          -0.780774,
          0.115668,
          -0.614014,
          3.834202
        ],
        [
          0.028801,
          -0.975008,
          -0.220295,
          1.55354
        ],
        [
          0.0,
          0.0,
          0.0,
          1.0
        ]
      ]
    },
    {
      "file_path": "/media/NFS/ttao/scannet/posed_images/scene0601_01/00071.jpg",
      "transform_matrix": [
        [
          -0.656202,
          -0.167141,
          0.735841,
          6.31054
        ],
        [
          -0.754127,
          0.111274,
          -0.647233,
          3.87043
        ],
        [
          0.026299,
          -0.979633,
          -0.199064,
          1.551926
        ],
        [
          0.0,
          0.0,
          0.0,
          1.0
        ]
      ]
    },
    {
      "file_path": "/media/NFS/ttao/scannet/posed_images/scene0601_01/00079.jpg",
      "transform_matrix": [
        [
          -0.741405,
          -0.066935,
          0.667711,
          6.326837
        ],
        [
          -0.670269,
          0.122113,
          -0.732003,
          3.964169
        ],
        [
          -0.03254,
          -0.990257,
          -0.1354,
          1.585608
        ],
        [
          0.0,
          0.0,
          0.0,
          1.0
        ]
      ]
    },
    {
      "file_path": "/media/NFS/ttao/scannet/posed_images/scene0601_01/00081.jpg",
      "transform_matrix": [
        [
          -0.767696,
          -0.055732,
          0.638386,
          6.338407
        ],
        [
          -0.639946,
          0.11851,
          -0.759226,
          3.997061
        ],
        [
          -0.033341,
          -0.991388,
          -0.126645,
          1.567628
        ],
        [
          0.0,
          0.0,
          0.0,
          1.0
        ]
      ]
    },
    {
      "file_path": "/media/NFS/ttao/scannet/posed_images/scene0601_01/00087.jpg",
      "transform_matrix": [
        [
          -0.825982,
          -0.043996,
          0.561977,
          6.309355
        ],
        [
          -0.563239,
          0.104556,
          -0.819652,
          4.031246
        ],
        [
          -0.022696,
          -0.993545,
          -0.111142,
          1.566904
        ],
        [
          0.0,
          0.0,
          0.0,
          1.0
        ]
      ]
    },
    {
      "file_path": "/media/NFS/ttao/scannet/posed_images/scene0601_01/00090.jpg",
      "transform_matrix": [
        [
          -0.864649,
          -0.035676,
          0.501108,
          6.301966
        ],
        [
          -0.502004,
          0.099728,
          -0.859096,
          4.06268
        ],
        [
          -0.019325,
          -0.994375,
          -0.10414,
          1.564451
        ],
        [
          0.0,
          0.0,
          0.0,
          1.0
        ]
      ]
    },
    {
      "file_path": "/media/NFS/ttao/scannet/posed_images/scene0601_01/00097.jpg",
      "transform_matrix": [
        [
          -0.928333,
          -0.010793,
          0.371592,
          6.223092
        ],
        [
          -0.37044,
          0.110669,
          -0.92224,
          4.099937
        ],
        [
          -0.03117,
          -0.993799,
          -0.106736,
          1.574097
        ],
        [
          0.0,
          0.0,
          0.0,
          1.0
        ]
      ]
    },
    {
      "file_path": "/media/NFS/ttao/scannet/posed_images/scene0601_01/00100.jpg",
      "transform_matrix": [
        [
          -0.944515,
          0.005159,
          0.328429,
          6.211448
        ],
        [
          -0.326007,
          0.107483,
          -0.939238,
          4.132762
        ],
        [
          -0.040147,
          -0.994193,
          -0.099838,
          1.553489
        ],
        [
          0.0,
          0.0,
          0.0,
          1.0
        ]
      ]
    },
    {
      "file_path": "/media/NFS/ttao/scannet/posed_images/scene0601_01/00105.jpg",
      "transform_matrix": [
        [
          -0.957003,
          0.045139,
          0.286545,
          6.18198
        ],
        [
          -0.279587,
          0.119731,
          -0.952626,
          4.168563
        ],
        [
          -0.077309,
          -0.99178,
          -0.101963,
          1.537026
        ],
        [
          0.0,
          0.0,
          0.0,
          1.0
        ]
      ]
    },
    {
      "file_path": "/media/NFS/ttao/scannet/posed_images/scene0601_01/00111.jpg",
      "transform_matrix": [
        [
          -0.973977,
          0.058913,
          0.218857,
          6.187905
        ],
        [
          -0.206926,
          0.16282,
          -0.964713,
          4.206919
        ],
        [
          -0.092469,
          -0.984895,
          -0.146392,
          1.515042
        ],
        [
          0.0,
          0.0,
          0.0,
          1.0
        ]
      ]
    },
    {
      "file_path": "/media/NFS/ttao/scannet/posed_images/scene0601_01/00119.jpg",
      "transform_matrix": [
        [
          -0.991877,
          0.04925,
          0.117281,
          6.285129
        ],
        [
          -0.104438,
          0.21104,
          -0.971882,
          4.264095
        ],
        [
          -0.072617,
          -0.976236,
          -0.204182,
          1.448406
        ],
        [
          0.0,
          0.0,
          0.0,
          1.0
        ]
      ]
    },
    {
      "file_path": "/media/NFS/ttao/scannet/posed_images/scene0601_01/00123.jpg",
      "transform_matrix": [
        [
          -0.997252,
          0.020291,
          0.071251,
          6.354034
        ],
        [
          -0.063842,
          0.252531,
          -0.96548,
          4.30149
        ],
        [
          -0.037583,
          -0.967376,
          -0.250542,
          1.423782
        ],
        [
          0.0,
          0.0,
          0.0,
          1.0
        ]
      ]
    },
    {
      "file_path": "/media/NFS/ttao/scannet/posed_images/scene0601_01/00126.jpg",
      "transform_matrix": [
        [
          -0.998856,
          0.010141,
          0.04674,
          6.398313
        ],
        [
          -0.042069,
          0.278625,
          -0.959478,
          4.315916
        ],
        [
          -0.022753,
          -0.960346,
          -0.277879,
          1.396692
        ],
        [
          0.0,
          0.0,
          0.0,
          1.0
        ]
      ]
    },
    {
      "file_path": "/media/NFS/ttao/scannet/posed_images/scene0601_01/00134.jpg",
      "transform_matrix": [
        [
          -0.998638,
          0.012235,
          0.050721,
          6.518168
        ],
        [
          -0.042167,
          0.383287,
          -0.922666,
          4.358762
        ],
        [
          -0.03073,
          -0.923548,
          -0.38225,
          1.343905
        ],
        [
          0.0,
          0.0,
          0.0,
          1.0
        ]
      ]
    },
    {
      "file_path": "/media/NFS/ttao/scannet/posed_images/scene0601_01/00140.jpg",
      "transform_matrix": [
        [
          -0.99878,
          -0.009305,
          0.0485,
          6.571537
        ],
        [
          -0.04806,
          0.409132,
          -0.911209,
          4.381637
        ],
        [
          -0.011364,
          -0.912428,
          -0.40908,
          1.309842
        ],
        [
          0.0,
          0.0,
          0.0,
          1.0
        ]
      ]
    },
    {
      "file_path": "/media/NFS/ttao/scannet/posed_images/scene0601_01/00144.jpg",
      "transform_matrix": [
        [
          -0.997207,
          -0.038089,
          0.064239,
          6.582674
        ],
        [
          -0.07434,
          0.424035,
          -0.90259,
          4.393794
        ],
        [
          0.007139,
          -0.904845,
          -0.425682,
          1.295849
        ],
        [
          0.0,
          0.0,
          0.0,
          1.0
        ]
      ]
    },
    {
      "file_path": "/media/NFS/ttao/scannet/posed_images/scene0601_01/00146.jpg",
      "transform_matrix": [
        [
          -0.996474,
          -0.046237,
          0.070013,
          6.58206
        ],
        [
          -0.08308,
          0.427201,
          -0.900332,
          4.399473
        ],
        [
          0.011719,
          -0.902974,
          -0.429536,
          1.290565
        ],
        [
          0.0,
          0.0,
          0.0,
          1.0
        ]
      ]
    },
    {
      "file_path": "/media/NFS/ttao/scannet/posed_images/scene0601_01/00151.jpg",
      "transform_matrix": [
        [
          -0.99738,
          -0.020302,
          0.069437,
          6.545739
        ],
        [
          -0.071206,
          0.445035,
          -0.892678,
          4.404045
        ],
        [
          -0.012779,
          -0.895283,
          -0.445315,
          1.286053
        ],
        [
          0.0,
          0.0,
          0.0,
          1.0
        ]
      ]
    },
    {
      "file_path": "/media/NFS/ttao/scannet/posed_images/scene0601_01/00160.jpg",
      "transform_matrix": [
        [
          -0.999916,
          0.011759,
          0.005402,
          6.393301
        ],
        [
          0.000621,
          0.460539,
          -0.887639,
          4.384067
        ],
        [
          -0.012926,
          -0.887561,
          -0.460508,
          1.295799
        ],
        [
          0.0,
          0.0,
          0.0,
          1.0
        ]
      ]
    },
    {
      "file_path": "/media/NFS/ttao/scannet/posed_images/scene0601_01/00164.jpg",
      "transform_matrix": [
        [
          -0.999474,
          0.032425,
          -0.000721,
          6.31454
        ],
        [
          0.016158,
          0.478543,
          -0.877916,
          4.373575
        ],
        [
          -0.028121,
          -0.877466,
          -0.478815,
          1.309083
        ],
        [
          0.0,
          0.0,
          0.0,
          1.0
        ]
      ]
    },
    {
      "file_path": "/media/NFS/ttao/scannet/posed_images/scene0601_01/00167.jpg",
      "transform_matrix": [
        [
          -0.999653,
          0.026316,
          0.001275,
          6.255991
        ],
        [
          0.010625,
          0.446973,
          -0.894485,
          4.366786
        ],
        [
          -0.024109,
          -0.894161,
          -0.447097,
          1.326069
        ],
        [
          0.0,
          0.0,
          0.0,
          1.0
        ]
      ]
    },
    {
      "file_path": "/media/NFS/ttao/scannet/posed_images/scene0601_01/00175.jpg",
      "transform_matrix": [
        [
          -0.999735,
          -0.002478,
          0.022899,
          6.1436
        ],
        [
          -0.021592,
          0.44695,
          -0.894299,
          4.365092
        ],
        [
          -0.008019,
          -0.894556,
          -0.446885,
          1.328176
        ],
        [
          0.0,
          0.0,
          0.0,
          1.0
        ]
      ]
    },
    {
      "file_path": "/media/NFS/ttao/scannet/posed_images/scene0601_01/00179.jpg",
      "transform_matrix": [
        [
          -0.999648,
          0.015743,
          0.021368,
          6.111397
        ],
        [
          -0.01172,
          0.460517,
          -0.887574,
          4.353213
        ],
        [
          -0.023813,
          -0.887511,
          -0.460171,
          1.335078
        ],
        [
          0.0,
          0.0,
          0.0,
          1.0
        ]
      ]
    },
    {
      "file_path": "/media/NFS/ttao/scannet/posed_images/scene0601_01/00186.jpg",
      "transform_matrix": [
        [
          -0.998522,
          0.05411,
          0.005029,
          6.030176
        ],
        [
          0.020836,
          0.466674,
          -0.884184,
          4.312833
        ],
        [
          -0.05019,
          -0.882773,
          -0.467111,
          1.332496
        ],
        [
          0.0,
          0.0,
          0.0,
          1.0
        ]
      ]
    },
    {
      "file_path": "/media/NFS/ttao/scannet/posed_images/scene0601_01/00187.jpg",
      "transform_matrix": [
        [
          -0.99836,
          0.057224,
          0.00165,
          6.018105
        ],
        [
          0.025297,
          0.466838,
          -0.883981,
          4.306151
        ],
        [
          -0.051355,
          -0.88249,
          -0.467519,
          1.328722
        ],
        [
          0.0,
          0.0,
          0.0,
          1.0
        ]
      ]
    },
    {
      "file_path": "/media/NFS/ttao/scannet/posed_images/scene0601_01/00192.jpg",
      "transform_matrix": [
        [
          -0.998375,
          0.056936,
          -0.002451,
          5.959839
        ],
        [
          0.02909,
          0.472163,
          -0.881031,
          4.258793
        ],
        [
          -0.049005,
          -0.879671,
          -0.473052,
          1.322826
        ],
        [
          0.0,
          0.0,
          0.0,
          1.0
        ]
      ]
    },
    {
      "file_path": "/media/NFS/ttao/scannet/posed_images/scene0601_01/00196.jpg",
      "transform_matrix": [
        [
          -0.999576,
          0.022881,
          0.017982,
          5.919384
        ],
        [
          -0.005483,
          0.45877,
          -0.888538,
          4.215234
        ],
        [
          -0.02858,
          -0.88826,
          -0.45845,
          1.338202
        ],
        [
          0.0,
          0.0,
          0.0,
          1.0
        ]
      ]
    },
    {
      "file_path": "/media/NFS/ttao/scannet/posed_images/scene0601_01/00205.jpg",
      "transform_matrix": [
        [
          -0.99485,
          0.011419,
          0.100715,
          5.788786
        ],
        [
          -0.084829,
          0.450066,
          -0.888957,
          4.135776
        ],
        [
          -0.055479,
          -0.892923,
          -0.446779,
          1.350312
        ],
        [
          0.0,
          0.0,
          0.0,
          1.0
        ]
      ]
    },
    {
      "file_path": "/media/NFS/ttao/scannet/posed_images/scene0601_01/00210.jpg",
      "transform_matrix": [
        [
          -0.9932,
          0.023226,
          0.114077,
          5.698485
        ],
        [
          -0.091759,
          0.446881,
          -0.889875,
          4.102612
        ],
        [
          -0.071647,
          -0.894292,
          -0.441712,
          1.346267
        ],
        [
          0.0,
          0.0,
          0.0,
          1.0
        ]
      ]
    },
    {
      "file_path": "/media/NFS/ttao/scannet/posed_images/scene0601_01/00216.jpg",
      "transform_matrix": [
        [
          -0.987036,
          -0.005719,
          0.1604,
          5.590365
        ],
        [
          -0.146095,
          0.445826,
          -0.883117,
          4.074356
        ],
        [
          -0.06646,
          -0.895101,
          -0.440882,
          1.331312
        ],
        [
          0.0,
          0.0,
          0.0,
          1.0
        ]
      ]
    },
    {
      "file_path": "/media/NFS/ttao/scannet/posed_images/scene0601_01/00218.jpg",
      "transform_matrix": [
        [
          -0.980666,
          -0.023727,
          0.194247,
          5.549027
        ],
        [
          -0.183956,
          0.450339,
          -0.873702,
          4.063985
        ],
        [
          -0.066747,
          -0.892542,
          -0.445996,
          1.33584
        ],
        [
          0.0,
          0.0,
          0.0,
          1.0
        ]
      ]
    },
    {
      "file_path": "/media/NFS/ttao/scannet/posed_images/scene0601_01/00222.jpg",
      "transform_matrix": [
        [
          -0.965793,
          -0.065544,
          0.250895,
          5.447323
        ],
        [
          -0.253598,
          0.440773,
          -0.86105,
          4.041613
        ],
        [
          -0.054151,
          -0.895222,
          -0.442317,
          1.342196
        ],
        [
          0.0,
          0.0,
          0.0,
          1.0
        ]
      ]
    },
    {
      "file_path": "/media/NFS/ttao/scannet/posed_images/scene0601_01/00231.jpg",
      "transform_matrix": [
        [
          -0.941917,
          -0.115668,
          0.315299,
          5.31176
        ],
        [
          -0.332077,
          0.461018,
          -0.822914,
          3.981265
        ],
        [
          -0.050173,
          -0.87982,
          -0.472652,
          1.335279
        ],
        [
          0.0,
          0.0,
          0.0,
          1.0
        ]
      ]
    },
    {
      "file_path": "/media/NFS/ttao/scannet/posed_images/scene0601_01/00234.jpg",
      "transform_matrix": [
        [
          -0.930637,
          -0.127581,
          0.342984,
          5.269767
        ],
        [
          -0.362319,
          0.45283,
          -0.81466,
          3.951776
        ],
        [
          -0.051378,
          -0.882422,
          -0.467645,
          1.33207
        ],
        [
          0.0,
          0.0,
          0.0,
          1.0
        ]
      ]
    },
    {
      "file_path": "/media/NFS/ttao/scannet/posed_images/scene0601_01/00237.jpg",
      "transform_matrix": [
        [
          -0.920196,
          -0.153317,
          0.360185,
          5.235387
        ],
        [
          -0.39015,
          0.434343,
          -0.811868,
          3.920469
        ],
        [
          -0.031971,
          -0.887603,
          -0.459498,
          1.323329
        ],
        [
          0.0,
          0.0,
          0.0,
          1.0
        ]
      ]
    },
    {
      "file_path": "/media/NFS/ttao/scannet/posed_images/scene0601_01/00246.jpg",
      "transform_matrix": [
        [
          -0.858387,
          -0.2556,
          0.444792,
          5.129006
        ],
        [
          -0.512856,
          0.406879,
          -0.755929,
          3.819639
        ],
        [
          0.012238,
          -0.876994,
          -0.480346,
          1.311503
        ],
        [
          0.0,
          0.0,
          0.0,
          1.0
        ]
      ]
    },
    {
      "file_path": "/media/NFS/ttao/scannet/posed_images/scene0601_01/00248.jpg",
      "transform_matrix": [
        [
          -0.851434,
          -0.262515,
          0.454033,
          5.11145
        ],
        [
          -0.524309,
          0.405157,
          -0.748965,
          3.801992
        ],
        [
          0.01266,
          -0.875747,
          -0.482604,
          1.314895
        ],
        [
          0.0,
          0.0,
          0.0,
          1.0
        ]
      ]
    },
    {
      "file_path": "/media/NFS/ttao/scannet/posed_images/scene0601_01/00256.jpg",
      "transform_matrix": [
        [
          -0.806257,
          -0.277216,
          0.52259,
          5.03089
        ],
        [
          -0.591482,
          0.392595,
          -0.704286,
          3.724533
        ],
        [
          -0.009927,
          -0.876938,
          -0.480501,
          1.328647
        ],
        [
          0.0,
          0.0,
          0.0,
          1.0
        ]
      ]
    },
    {
      "file_path": "/media/NFS/ttao/scannet/posed_images/scene0601_01/00257.jpg",
      "transform_matrix": [
        [
          -0.800093,
          -0.27974,
          0.530657,
          5.024619
        ],
        [
          -0.59976,
          0.390458,
          -0.698449,
          3.720288
        ],
        [
          -0.011815,
          -0.877091,
          -0.480179,
          1.329096
        ],
        [
          0.0,
          0.0,
          0.0,
          1.0
        ]
      ]
    },
    {
      "file_path": "/media/NFS/ttao/scannet/posed_images/scene0601_01/00263.jpg",
      "transform_matrix": [
        [
          -0.755944,
          -0.280761,
          0.591374,
          4.938224
        ],
        [
          -0.654042,
          0.362419,
          -0.663989,
          3.651874
        ],
        [
          -0.027903,
          -0.888721,
          -0.457598,
          1.345573
        ],
        [
          0.0,
          0.0,
          0.0,
          1.0
        ]
      ]
    },
    {
      "file_path": "/media/NFS/ttao/scannet/posed_images/scene0601_01/00268.jpg",
      "transform_matrix": [
        [
          -0.748167,
          -0.280992,
          0.601074,
          4.864857
        ],
        [
          -0.663054,
          0.350242,
          -0.661581,
          3.595576
        ],
        [
          -0.024622,
          -0.893517,
          -0.448353,
          1.365325
        ],
        [
          0.0,
          0.0,
          0.0,
          1.0
        ]
      ]
    },
    {
      "file_path": "/media/NFS/ttao/scannet/posed_images/scene0601_01/00272.jpg",
      "transform_matrix": [
        [
          -0.75366,
          -0.260514,
          0.603431,
          4.829224
        ],
        [
          -0.656877,
          0.330077,
          -0.677911,
          3.559443
        ],
        [
          -0.022573,
          -0.907294,
          -0.419892,
          1.39496
        ],
        [
          0.0,
          0.0,
          0.0,
          1.0
        ]
      ]
    },
    {
      "file_path": "/media/NFS/ttao/scannet/posed_images/scene0601_01/00278.jpg",
      "transform_matrix": [
        [
          -0.748331,
          -0.229883,
          0.622217,
          4.797634
        ],
        [
          -0.662775,
          0.297338,
          -0.687255,
          3.547102
        ],
        [
          -0.027021,
          -0.926685,
          -0.374868,
          1.421247
        ],
        [
          0.0,
          0.0,
          0.0,
          1.0
        ]
      ]
    },
    {
      "file_path": "/media/NFS/ttao/scannet/posed_images/scene0601_01/00286.jpg",
      "transform_matrix": [
        [
          -0.750602,
          -0.202627,
          0.628918,
          4.779259
        ],
        [
          -0.660735,
          0.222962,
          -0.71674,
          3.532518
        ],
        [
          0.005006,
          -0.953535,
          -0.301239,
          1.460201
        ],
        [
          0.0,
          0.0,
          0.0,
          1.0
        ]
      ]
    },
    {
      "file_path": "/media/NFS/ttao/scannet/posed_images/scene0601_01/00289.jpg",
      "transform_matrix": [
        [
          -0.750032,
          -0.189804,
          0.633583,
          4.779421
        ],
        [
          -0.66131,
          0.199263,
          -0.723162,
          3.538192
        ],
        [
          0.011009,
          -0.961389,
          -0.274973,
          1.474037
        ],
        [
          0.0,
          0.0,
          0.0,
          1.0
        ]
      ]
    },
    {
      "file_path": "/media/NFS/ttao/scannet/posed_images/scene0601_01/00294.jpg",
      "transform_matrix": [
        [
          -0.765689,
          -0.159171,
          0.623205,
          4.793078
        ],
        [
          -0.643087,
          0.170423,
          -0.746589,
          3.549743
        ],
        [
          0.012627,
          -0.97243,
          -0.232851,
          1.498516
        ],
        [
          0.0,
          0.0,
          0.0,
          1.0
        ]
      ]
    },
    {
      "file_path": "/media/NFS/ttao/scannet/posed_images/scene0601_01/00298.jpg",
      "transform_matrix": [
        [
          -0.793085,
          -0.142939,
          0.592102,
          4.804666
        ],
        [
          -0.608596,
          0.145979,
          -0.779937,
          3.556783
        ],
        [
          0.025049,
          -0.978907,
          -0.202766,
          1.510658
        ],
        [
          0.0,
          0.0,
          0.0,
          1.0
        ]
      ]
    },
    {
      "file_path": "/media/NFS/ttao/scannet/posed_images/scene0601_01/00304.jpg",
      "transform_matrix": [
        [
          -0.831017,
          -0.124658,
          0.542099,
          4.838638
        ],
        [
          -0.555289,
          0.128743,
          -0.821632,
          3.577651
        ],
        [
          0.032632,
          -0.983812,
          -0.176208,
          1.539678
        ],
        [
          0.0,
          0.0,
          0.0,
          1.0
        ]
      ]
    },
    {
      "file_path": "/media/NFS/ttao/scannet/posed_images/scene0601_01/00309.jpg",
      "transform_matrix": [
        [
          -0.85251,
          -0.087544,
          0.515328,
          4.861025
        ],
        [
          -0.522092,
          0.094611,
          -0.847626,
          3.594541
        ],
        [
          0.025448,
          -0.991658,
          -0.126363,
          1.553782
        ],
        [
          0.0,
          0.0,
          0.0,
          1.0
        ]
      ]
    },
    {
      "file_path": "/media/NFS/ttao/scannet/posed_images/scene0601_01/00316.jpg",
      "transform_matrix": [
        [
          -0.901759,
          -0.049619,
          0.429383,
          4.883556
        ],
        [
          -0.432133,
          0.081337,
          -0.898135,
          3.615329
        ],
        [
          0.009639,
          -0.995451,
          -0.094788,
          1.54684
        ],
        [
          0.0,
          0.0,
          0.0,
          1.0
        ]
      ]
    },
    {
      "file_path": "/media/NFS/ttao/scannet/posed_images/scene0601_01/00321.jpg",
      "transform_matrix": [
        [
          -0.941495,
          -0.034047,
          0.335304,
          4.913005
        ],
        [
          -0.337025,
          0.098916,
          -0.936285,
          3.633337
        ],
        [
          -0.001289,
          -0.994513,
          -0.104603,
          1.561312
        ],
        [
          0.0,
          0.0,
          0.0,
          1.0
        ]
      ]
    },
    {
      "file_path": "/media/NFS/ttao/scannet/posed_images/scene0601_01/00327.jpg",
      "transform_matrix": [
        [
          -0.966282,
          -0.022621,
          0.256489,
          4.922787
        ],
        [
          -0.257383,
          0.11294,
          -0.959687,
          3.642576
        ],
        [
          -0.007259,
          -0.993344,
          -0.114954,
          1.559172
        ],
        [
          0.0,
          0.0,
          0.0,
          1.0
        ]
      ]
    },
    {
      "file_path": "/media/NFS/ttao/scannet/posed_images/scene0601_01/00332.jpg",
      "transform_matrix": [
        [
          -0.981118,
          -0.021955,
          0.192162,
          4.920906
        ],
        [
          -0.193409,
          0.116667,
          -0.974157,
          3.652396
        ],
        [
          -0.001031,
          -0.992928,
          -0.11871,
          1.585049
        ],
        [
          0.0,
          0.0,
          0.0,
          1.0
        ]
      ]
    },
    {
      "file_path": "/media/NFS/ttao/scannet/posed_images/scene0601_01/00333.jpg",
      "transform_matrix": [
        [
          -0.983783,
          -0.021866,
          0.178023,
          4.91771
        ],
        [
          -0.179359,
          0.115784,
          -0.976946,
          3.652632
        ],
        [
          0.000749,
          -0.993034,
          -0.117828,
          1.584149
        ],
        [
          0.0,
          0.0,
          0.0,
          1.0
        ]
      ]
    },
    {
      "file_path": "/media/NFS/ttao/scannet/posed_images/scene0601_01/00339.jpg",
      "transform_matrix": [
        [
          -0.99432,
          -0.012623,
          0.10568,
          4.892448
        ],
        [
          -0.106431,
          0.118335,
          -0.987254,
          3.659849
        ],
        [
          -4.4e-05,
          -0.992894,
          -0.119006,
          1.582496
        ],
        [
          0.0,
          0.0,
          0.0,
          1.0
        ]
      ]
    },
    {
      "file_path": "/media/NFS/ttao/scannet/posed_images/scene0601_01/00345.jpg",
      "transform_matrix": [
        [
          -0.999296,
          0.003513,
          0.037343,
          4.87709
        ],
        [
          -0.036526,
          0.135192,
          -0.990146,
          3.683906
        ],
        [
          -0.008527,
          -0.990813,
          -0.134969,
          1.562873
        ],
        [
          0.0,
          0.0,
          0.0,
          1.0
        ]
      ]
    },
    {
      "file_path": "/media/NFS/ttao/scannet/posed_images/scene0601_01/00350.jpg",
      "transform_matrix": [
        [
          -0.999661,
          0.022462,
          0.013196,
          4.880142
        ],
        [
          -0.009285,
          0.166064,
          -0.986071,
          3.706371
        ],
        [
          -0.02434,
          -0.985859,
          -0.165799,
          1.537091
        ],
        [
          0.0,
          0.0,
          0.0,
          1.0
        ]
      ]
    },
    {
      "file_path": "/media/NFS/ttao/scannet/posed_images/scene0601_01/00357.jpg",
      "transform_matrix": [
        [
          -0.998908,
          0.038537,
          -0.026412,
          4.892197
        ],
        [
          0.033898,
          0.208817,
          -0.977367,
          3.735884
        ],
        [
          -0.032149,
          -0.977195,
          -0.209895,
          1.493737
        ],
        [
          0.0,
          0.0,
          0.0,
          1.0
        ]
      ]
    },
    {
      "file_path": "/media/NFS/ttao/scannet/posed_images/scene0601_01/00359.jpg",
      "transform_matrix": [
        [
          -0.99873,
          0.037522,
          -0.033632,
          4.90398
        ],
        [
          0.040976,
          0.216338,
          -0.975458,
          3.747818
        ],
        [
          -0.029325,
          -0.975597,
          -0.2176,
          1.475583
        ],
        [
          0.0,
          0.0,
          0.0,
          1.0
        ]
      ]
    },
    {
      "file_path": "/media/NFS/ttao/scannet/posed_images/scene0601_01/00364.jpg",
      "transform_matrix": [
        [
          -0.99772,
          0.031763,
          -0.059546,
          4.955816
        ],
        [
          0.06596,
          0.272259,
          -0.959961,
          3.761413
        ],
        [
          -0.014279,
          -0.9617,
          -0.273733,
          1.43964
        ],
        [
          0.0,
          0.0,
          0.0,
          1.0
        ]
      ]
    },
    {
      "file_path": "/media/NFS/ttao/scannet/posed_images/scene0601_01/00373.jpg",
      "transform_matrix": [
        [
          -0.991034,
          0.085999,
          -0.102259,
          5.111592
        ],
        [
          0.125273,
          0.331877,
          -0.934968,
          3.782536
        ],
        [
          -0.046469,
          -0.939394,
          -0.339675,
          1.360371
        ],
        [
          0.0,
          0.0,
          0.0,
          1.0
        ]
      ]
    },
    {
      "file_path": "/media/NFS/ttao/scannet/posed_images/scene0601_01/00376.jpg",
      "transform_matrix": [
        [
          -0.989278,
          0.095962,
          -0.110091,
          5.158043
        ],
        [
          0.136863,
          0.346121,
          -0.928154,
          3.791669
        ],
        [
          -0.050963,
          -0.933269,
          -0.355543,
          1.345617
        ],
        [
          0.0,
          0.0,
          0.0,
          1.0
        ]
      ]
    },
    {
      "file_path": "/media/NFS/ttao/scannet/posed_images/scene0601_01/00379.jpg",
      "transform_matrix": [
        [
          -0.988446,
          0.091513,
          -0.120829,
          5.195677
        ],
        [
          0.145742,
          0.354855,
          -0.923492,
          3.800166
        ],
        [
          -0.041635,
          -0.930432,
          -0.364092,
          1.336269
        ],
        [
          0.0,
          0.0,
          0.0,
          1.0
        ]
      ]
    },
    {
      "file_path": "/media/NFS/ttao/scannet/posed_images/scene0601_01/00385.jpg",
      "transform_matrix": [
        [
          -0.984035,
          0.074403,
          -0.161675,
          5.228104
        ],
        [
          0.177775,
          0.368045,
          -0.912655,
          3.816877
        ],
        [
          -0.008401,
          -0.926826,
          -0.375396,
          1.315158
        ],
        [
          0.0,
          0.0,
          0.0,
          1.0
        ]
      ]
    },
    {
      "file_path": "/media/NFS/ttao/scannet/posed_images/scene0601_01/00389.jpg",
      "transform_matrix": [
        [
          -0.978187,
          0.079778,
          -0.191796,
          5.218224
        ],
        [
          0.207706,
          0.388467,
          -0.897748,
          3.824574
        ],
        [
