{
  "frames": [
    {
      "file_path": "/media/NFS/ttao/scannet/posed_images/scene0016_01/00000.jpg",
      "transform_matrix": [
        [
          0.245348,
          -0.294843,
          0.923511,
          3.117512
        ],
        [
          -0.96865,
          -0.036216,
          0.245778,
          4.222764
        ],
        [
          -0.03902,
          -0.954859,
          -0.294485,
          1.247828
        ],
        [
          0.0,
          0.0,
          0.0,
          1.0
        ]
      ]
    },
    {
      "file_path": "/media/NFS/ttao/scannet/posed_images/scene0016_01/00005.jpg",
      "transform_matrix": [
        [
          0.252918,
          -0.288961,
          0.923328,
          3.114634
        ],
        [
          -0.966991,
          -0.044901,
          0.250826,
          4.228259
        ],
        [
          -0.031021,
          -0.956287,
          -0.290779,
          1.245463
        ],
        [
          0.0,
          0.0,
          0.0,
          1.0
        ]
      ]
    },
    {
      "file_path": "/media/NFS/ttao/scannet/posed_images/scene0016_01/00010.jpg",
      "transform_matrix": [
        [
          0.252172,
          -0.312865,
          0.91571,
          3.126788
        ],
        [
          -0.967397,
          -0.058518,
          0.246412,
          4.246214
        ],
        [
          -0.023508,
          -0.947993,
          -0.317421,
          1.275221
        ],
        [
          0.0,
          0.0,
          0.0,
          1.0
        ]
      ]
    },
    {
      "file_path": "/media/NFS/ttao/scannet/posed_images/scene0016_01/00019.jpg",
      "transform_matrix": [
        [
          0.269111,
          -0.293127,
          0.917418,
          3.140955
        ],
        [
          -0.96261,
          -0.051189,
          0.266012,
          4.272007
        ],
        [
          -0.031013,
          -0.954702,
          -0.295942,
          1.281858
        ],
        [
          0.0,
          0.0,
          0.0,
          1.0
        ]
      ]
    },
    {
      "file_path": "/media/NFS/ttao/scannet/posed_images/scene0016_01/00023.jpg",
      "transform_matrix": [
        [
          0.247289,
          -0.300214,
          0.92126,
          3.147053
        ],
        [
          -0.968656,
          -0.05348,
          0.242583,
          4.302106
        ],
        [
          -0.023558,
          -0.952372,
          -0.304029,
          1.282164
        ],
        [
          0.0,
          0.0,
          0.0,
          1.0
        ]
      ]
    },
    {
      "file_path": "/media/NFS/ttao/scannet/posed_images/scene0016_01/00030.jpg",
      "transform_matrix": [
        [
          0.21674,
          -0.329039,
          0.919107,
          3.176788
        ],
        [
          -0.975823,
          -0.045833,
          0.213706,
          4.329609
        ],
        [
          -0.028192,
          -0.943203,
          -0.331018,
          1.282171
        ],
        [
          0.0,
          0.0,
          0.0,
          1.0
        ]
      ]
    },
    {
      "file_path": "/media/NFS/ttao/scannet/posed_images/scene0016_01/00037.jpg",
      "transform_matrix": [
        [
          0.203191,
          -0.324277,
          0.923882,
          3.220641
        ],
        [
          -0.978794,
          -0.042212,
          0.200452,
          4.34706
        ],
        [
          -0.026003,
          -0.94502,
          -0.325977,
          1.28692
        ],
        [
          0.0,
          0.0,
          0.0,
          1.0
        ]
      ]
    },
    {
      "file_path": "/media/NFS/ttao/scannet/posed_images/scene0016_01/00040.jpg",
      "transform_matrix": [
        [
          0.210155,
          -0.327224,
          0.921281,
          3.247297
        ],
        [
          -0.977486,
          -0.052099,
          0.20447,
          4.348224
        ],
        [
          -0.018909,
          -0.943509,
          -0.330806,
          1.282549
        ],
        [
          0.0,
          0.0,
          0.0,
          1.0
        ]
      ]
    },
    {
      "file_path": "/media/NFS/ttao/scannet/posed_images/scene0016_01/00049.jpg",
      "transform_matrix": [
        [
          0.238918,
          -0.317237,
          0.917757,
          3.339824
        ],
        [
          -0.970085,
          -0.036081,
          0.240069,
          4.340858
        ],
        [
          -0.043045,
          -0.94766,
          -0.316367,
          1.297955
        ],
        [
          0.0,
          0.0,
          0.0,
          1.0
        ]
      ]
    },
    {
      "file_path": "/media/NFS/ttao/scannet/posed_images/scene0016_01/00051.jpg",
      "transform_matrix": [
        [
          0.24062,
          -0.317503,
          0.917221,
          3.35976
        ],
        [
          -0.969823,
          -0.040366,
          0.240446,
          4.347456
        ],
        [
          -0.039318,
          -0.947398,
          -0.317634,
          1.30139
        ],
        [
          0.0,
          0.0,
          0.0,
          1.0
        ]
      ]
    },
    {
      "file_path": "/media/NFS/ttao/scannet/posed_images/scene0016_01/00061.jpg",
      "transform_matrix": [
        [
          0.265959,
          -0.341211,
          0.901577,
          3.47223
        ],
        [
          -0.963103,
          -0.054062,
          0.263649,
          4.377122
        ],
        [
          -0.041219,
          -0.938431,
          -0.342999,
          1.293436
        ],
        [
          0.0,
          0.0,
          0.0,
          1.0
        ]
      ]
    },
    {
      "file_path": "/media/NFS/ttao/scannet/posed_images/scene0016_01/00063.jpg",
      "transform_matrix": [
        [
          0.265363,
          -0.338818,
          0.902655,
          3.495755
        ],
        [
          -0.963683,
          -0.064107,
          0.259241,
          4.385643
        ],
        [
          -0.029969,
          -0.938666,
          -0.343524,
          1.28781
        ],
        [
          0.0,
          0.0,
          0.0,
          1.0
        ]
      ]
    },
    {
      "file_path": "/media/NFS/ttao/scannet/posed_images/scene0016_01/00070.jpg",
      "transform_matrix": [
        [
          0.223697,
          -0.322765,
          0.919665,
          3.582808
        ],
        [
          -0.974584,
          -0.062339,
          0.215177,
          4.423499
        ],
        [
          -0.01212,
          -0.944424,
          -0.328506,
          1.28692
        ],
        [
          0.0,
          0.0,
          0.0,
          1.0
        ]
      ]
    },
    {
      "file_path": "/media/NFS/ttao/scannet/posed_images/scene0016_01/00077.jpg",
      "transform_matrix": [
        [
          0.261952,
          -0.331491,
          0.906364,
          3.667655
        ],
        [
          -0.964658,
          -0.062134,
          0.256075,
          4.445896
        ],
        [
          -0.028571,
          -0.94141,
          -0.336052,
          1.296782
        ],
        [
          0.0,
          0.0,
          0.0,
          1.0
        ]
      ]
    },
    {
      "file_path": "/media/NFS/ttao/scannet/posed_images/scene0016_01/00080.jpg",
      "transform_matrix": [
        [
          0.274928,
          -0.333034,
          0.901944,
          3.705613
        ],
        [
          -0.961175,
          -0.072171,
          0.266334,
          4.454488
        ],
        [
          -0.023604,
          -0.940149,
          -0.339946,
          1.296553
        ],
        [
          0.0,
          0.0,
          0.0,
          1.0
        ]
      ]
    },
    {
      "file_path": "/media/NFS/ttao/scannet/posed_images/scene0016_01/00089.jpg",
      "transform_matrix": [
        [
          0.351277,
          -0.294909,
          0.888613,
          3.813118
        ],
        [
          -0.935754,
          -0.079009,
          0.34369,
          4.442277
        ],
        [
          -0.031149,
          -0.952253,
          -0.303716,
          1.309644
        ],
        [
          0.0,
          0.0,
          0.0,
          1.0
        ]
      ]
    },
    {
      "file_path": "/media/NFS/ttao/scannet/posed_images/scene0016_01/00096.jpg",
      "transform_matrix": [
        [
          0.390211,
          -0.307567,
          0.867835,
          3.890469
        ],
        [
          -0.920675,
          -0.120452,
          0.371281,
          4.432444
        ],
        [
          -0.009661,
          -0.943872,
          -0.330171,
          1.307404
        ],
        [
          0.0,
          0.0,
          0.0,
          1.0
        ]
      ]
    },
    {
      "file_path": "/media/NFS/ttao/scannet/posed_images/scene0016_01/00100.jpg",
      "transform_matrix": [
        [
          0.408893,
          -0.321242,
          0.854172,
          3.937753
        ],
        [
          -0.912533,
          -0.134205,
          0.386358,
          4.431551
        ],
        [
          -0.00948,
          -0.937439,
          -0.34802,
          1.312154
        ],
        [
          0.0,
          0.0,
          0.0,
          1.0
        ]
      ]
    },
    {
      "file_path": "/media/NFS/ttao/scannet/posed_images/scene0016_01/00103.jpg",
      "transform_matrix": [
        [
          0.395513,
          -0.324203,
          0.859338,
          3.969464
        ],
        [
          -0.918436,
          -0.132793,
          0.372614,
          4.437231
        ],
        [
          -0.006689,
          -0.936621,
          -0.350281,
          1.30817
        ],
        [
          0.0,
          0.0,
          0.0,
          1.0
        ]
      ]
    },
    {
      "file_path": "/media/NFS/ttao/scannet/posed_images/scene0016_01/00114.jpg",
      "transform_matrix": [
        [
          0.341428,
          -0.305904,
          0.888735,
          4.121293
        ],
        [
          -0.939718,
          -0.092093,
          0.329316,
          4.473998
        ],
        [
          -0.018893,
          -0.947598,
          -0.318907,
          1.305876
        ],
        [
          0.0,
          0.0,
          0.0,
          1.0
        ]
      ]
    },
    {
      "file_path": "/media/NFS/ttao/scannet/posed_images/scene0016_01/00117.jpg",
      "transform_matrix": [
        [
          0.332624,
          -0.312398,
          0.889814,
          4.159964
        ],
        [
          -0.942783,
          -0.087285,
          0.32178,
          4.483312
        ],
        [
          -0.022856,
          -0.945933,
          -0.323557,
          1.305454
        ],
        [
          0.0,
          0.0,
          0.0,
          1.0
        ]
      ]
    },
    {
      "file_path": "/media/NFS/ttao/scannet/posed_images/scene0016_01/00126.jpg",
      "transform_matrix": [
        [
          0.285886,
          -0.354528,
          0.890269,
          4.267409
        ],
        [
          -0.957462,
          -0.067681,
          0.280511,
          4.497376
        ],
        [
          -0.039194,
          -0.932593,
          -0.358796,
          1.296958
        ],
        [
          0.0,
          0.0,
          0.0,
          1.0
        ]
      ]
    },
    {
      "file_path": "/media/NFS/ttao/scannet/posed_images/scene0016_01/00128.jpg",
      "transform_matrix": [
        [
          0.284406,
          -0.355635,
          0.890302,
          4.291353
        ],
        [
          -0.957497,
          -0.058788,
          0.282388,
          4.495612
        ],
        [
          -0.048088,
          -0.932774,
          -0.35724,
          1.295539
        ],
        [
          0.0,
          0.0,
          0.0,
          1.0
        ]
      ]
    },
    {
      "file_path": "/media/NFS/ttao/scannet/posed_images/scene0016_01/00133.jpg",
      "transform_matrix": [
        [
          0.310122,
          -0.376725,
          0.87287,
          4.35566
        ],
        [
          -0.950135,
          -0.091258,
          0.298187,
          4.48226
        ],
        [
          -0.032678,
          -0.921819,
          -0.386241,
          1.304588
        ],
        [
          0.0,
          0.0,
          0.0,
          1.0
        ]
      ]
    },
    {
      "file_path": "/media/NFS/ttao/scannet/posed_images/scene0016_01/00138.jpg",
      "transform_matrix": [
        [
          0.341892,
          -0.370528,
          0.863608,
          4.416616
        ],
        [
          -0.938889,
          -0.095579,
          0.330686,
          4.45949
        ],
        [
          -0.039986,
          -0.92389,
          -0.380562,
          1.321882
        ],
        [
          0.0,
          0.0,
          0.0,
          1.0
        ]
      ]
    },
    {
      "file_path": "/media/NFS/ttao/scannet/posed_images/scene0016_01/00148.jpg",
      "transform_matrix": [
        [
          0.344892,
          -0.380303,
          0.858149,
          4.51332
        ],
        [
          -0.938305,
          -0.115181,
          0.326062,
          4.431945
        ],
        [
          -0.02516,
          -0.917662,
          -0.396565,
          1.373401
        ],
        [
          0.0,
          0.0,
          0.0,
          1.0
        ]
      ]
    },
    {
      "file_path": "/media/NFS/ttao/scannet/posed_images/scene0016_01/00154.jpg",
      "transform_matrix": [
        [
          0.334476,
          -0.400647,
          0.852999,
          4.54849
        ],
        [
          -0.942402,
          -0.140304,
          0.303633,
          4.433267
        ],
        [
          -0.001971,
          -0.905427,
          -0.424499,
          1.406934
        ],
        [
          0.0,
          0.0,
          0.0,
          1.0
        ]
      ]
    },
    {
      "file_path": "/media/NFS/ttao/scannet/posed_images/scene0016_01/00161.jpg",
      "transform_matrix": [
        [
          0.366018,
          -0.394778,
          0.842723,
          4.584594
        ],
        [
          -0.928741,
          -0.097627,
          0.357644,
          4.436855
        ],
        [
          -0.058917,
          -0.913575,
          -0.40238,
          1.45018
        ],
        [
          0.0,
          0.0,
          0.0,
          1.0
        ]
      ]
    },
    {
      "file_path": "/media/NFS/ttao/scannet/posed_images/scene0016_01/00166.jpg",
      "transform_matrix": [
        [
          0.384492,
          -0.411731,
          0.826222,
          4.602957
        ],
        [
          -0.9224,
          -0.1358,
          0.361576,
          4.44568
        ],
        [
          -0.036672,
          -0.90113,
          -0.431995,
          1.457909
        ],
        [
          0.0,
          0.0,
          0.0,
          1.0
        ]
      ]
    },
    {
      "file_path": "/media/NFS/ttao/scannet/posed_images/scene0016_01/00168.jpg",
      "transform_matrix": [
        [
          0.38575,
          -0.408078,
          0.827447,
          4.609162
        ],
        [
          -0.922087,
          -0.140525,
          0.360566,
          4.449206
        ],
        [
          -0.030862,
          -0.902067,
          -0.430491,
          1.46482
        ],
        [
          0.0,
          0.0,
          0.0,
          1.0
        ]
      ]
    },
    {
      "file_path": "/media/NFS/ttao/scannet/posed_images/scene0016_01/00178.jpg",
      "transform_matrix": [
        [
          0.302339,
          -0.436407,
          0.847431,
          4.621515
        ],
        [
          -0.952482,
          -0.172825,
          0.250818,
          4.476195
        ],
        [
          0.036999,
          -0.882995,
          -0.467922,
          1.471812
        ],
        [
          0.0,
          0.0,
          0.0,
          1.0
        ]
      ]
    },
    {
      "file_path": "/media/NFS/ttao/scannet/posed_images/scene0016_01/00183.jpg",
      "transform_matrix": [
        [
          0.243545,
          -0.43843,
          0.865139,
          4.622043
        ],
        [
          -0.96872,
          -0.153754,
          0.194785,
          4.477749
        ],
        [
          0.047619,
          -0.885516,
          -0.462162,
          1.46832
        ],
        [
          0.0,
          0.0,
          0.0,
          1.0
        ]
      ]
    },
    {
      "file_path": "/media/NFS/ttao/scannet/posed_images/scene0016_01/00189.jpg",
      "transform_matrix": [
        [
          0.180347,
          -0.440496,
          0.879453,
          4.623521
        ],
        [
          -0.982465,
          -0.123665,
          0.139531,
          4.470498
        ],
        [
          0.047295,
          -0.889196,
          -0.455075,
          1.469695
        ],
        [
          0.0,
          0.0,
          0.0,
          1.0
        ]
      ]
    },
    {
      "file_path": "/media/NFS/ttao/scannet/posed_images/scene0016_01/00196.jpg",
      "transform_matrix": [
        [
          0.111283,
          -0.432278,
          0.894847,
          4.619761
        ],
        [
          -0.993112,
          -0.081615,
          0.084076,
          4.455953
        ],
        [
          0.036689,
          -0.898039,
          -0.438383,
          1.469475
        ],
        [
          0.0,
          0.0,
          0.0,
          1.0
        ]
      ]
    },
    {
      "file_path": "/media/NFS/ttao/scannet/posed_images/scene0016_01/00199.jpg",
      "transform_matrix": [
        [
          0.085193,
          -0.425663,
          0.900863,
          4.61677
        ],
        [
          -0.995731,
          -0.06862,
          0.061741,
          4.45372
        ],
        [
          0.035537,
          -0.902276,
          -0.429691,
          1.472726
        ],
        [
          0.0,
          0.0,
          0.0,
          1.0
        ]
      ]
    },
    {
      "file_path": "/media/NFS/ttao/scannet/posed_images/scene0016_01/00206.jpg",
      "transform_matrix": [
        [
          0.033175,
          -0.408977,
          0.911941,
          4.604867
        ],
        [
          -0.998461,
          -0.054133,
          0.012046,
          4.445785
        ],
        [
          0.04444,
          -0.910938,
          -0.410144,
          1.477096
        ],
        [
          0.0,
          0.0,
          0.0,
          1.0
        ]
      ]
    },
    {
      "file_path": "/media/NFS/ttao/scannet/posed_images/scene0016_01/00211.jpg",
      "transform_matrix": [
        [
          0.000735,
          -0.396056,
          0.918226,
          4.597665
        ],
        [
          -0.999356,
          -0.033246,
          -0.013539,
          4.440032
        ],
        [
          0.035889,
          -0.917624,
          -0.395825,
          1.48344
        ],
        [
          0.0,
          0.0,
          0.0,
          1.0
        ]
      ]
    },
    {
      "file_path": "/media/NFS/ttao/scannet/posed_images/scene0016_01/00218.jpg",
      "transform_matrix": [
        [
          -0.067745,
          -0.406496,
          0.911138,
          4.582009
        ],
        [
          -0.996664,
          -0.014093,
          -0.080391,
          4.441912
        ],
        [
          0.04552,
          -0.913544,
          -0.404185,
          1.469258
        ],
        [
          0.0,
          0.0,
          0.0,
          1.0
        ]
      ]
    },
    {
      "file_path": "/media/NFS/ttao/scannet/posed_images/scene0016_01/00224.jpg",
      "transform_matrix": [
        [
          -0.12273,
          -0.433607,
          0.892705,
          4.562059
        ],
        [
          -0.991652,
          0.017732,
          -0.127721,
          4.443504
        ],
        [
          0.039551,
          -0.900928,
          -0.432163,
          1.430983
        ],
        [
          0.0,
          0.0,
          0.0,
          1.0
        ]
      ]
    },
    {
      "file_path": "/media/NFS/ttao/scannet/posed_images/scene0016_01/00229.jpg",
      "transform_matrix": [
        [
          -0.186114,
          -0.465024,
          0.865514,
          4.543741
        ],
        [
          -0.982153,
          0.063715,
          -0.176963,
          4.455624
        ],
        [
          0.027146,
          -0.883002,
          -0.468583,
          1.396255
        ],
        [
          0.0,
          0.0,
          0.0,
          1.0
        ]
      ]
    },
    {
      "file_path": "/media/NFS/ttao/scannet/posed_images/scene0016_01/00236.jpg",
      "transform_matrix": [
        [
          -0.225012,
          -0.527532,
          0.819194,
          4.528855
        ],
        [
          -0.973925,
          0.096763,
          -0.2052,
          4.470627
        ],
        [
          0.028982,
          -0.844006,
          -0.53555,
          1.367272
        ],
        [
          0.0,
          0.0,
          0.0,
          1.0
        ]
      ]
    },
    {
      "file_path": "/media/NFS/ttao/scannet/posed_images/scene0016_01/00241.jpg",
      "transform_matrix": [
        [
          -0.250853,
          -0.543619,
          0.800969,
          4.518864
        ],
        [
          -0.967702,
          0.119455,
          -0.221997,
          4.476425
        ],
        [
          0.025002,
          -0.830788,
          -0.556027,
          1.351035
        ],
        [
          0.0,
          0.0,
          0.0,
          1.0
        ]
      ]
    },
    {
      "file_path": "/media/NFS/ttao/scannet/posed_images/scene0016_01/00248.jpg",
      "transform_matrix": [
        [
          -0.293147,
          -0.531299,
          0.79485,
          4.521372
        ],
        [
          -0.955982,
          0.174024,
          -0.236251,
          4.48211
        ],
        [
          -0.012803,
          -0.829118,
          -0.558927,
          1.339507
        ],
        [
          0.0,
          0.0,
          0.0,
          1.0
        ]
      ]
    },
    {
      "file_path": "/media/NFS/ttao/scannet/posed_images/scene0016_01/00250.jpg",
      "transform_matrix": [
        [
          -0.301378,
          -0.520308,
          0.799031,
          4.525037
        ],
        [
          -0.953181,
          0.186251,
          -0.238237,
          4.483341
        ],
        [
          -0.024864,
          -0.833421,
          -0.55208,
          1.336637
        ],
        [
          0.0,
          0.0,
          0.0,
          1.0
        ]
      ]
    },
    {
      "file_path": "/media/NFS/ttao/scannet/posed_images/scene0016_01/00255.jpg",
      "transform_matrix": [
        [
          -0.344692,
          -0.477845,
          0.807992,
          4.5422
        ],
        [
          -0.937896,
          0.211262,
          -0.27517,
          4.468804
        ],
        [
          -0.03921,
          -0.852662,
          -0.52099,
          1.335756
        ],
        [
          0.0,
          0.0,
          0.0,
          1.0
        ]
      ]
    },
    {
      "file_path": "/media/NFS/ttao/scannet/posed_images/scene0016_01/00264.jpg",
      "transform_matrix": [
        [
          -0.398549,
          -0.37754,
          0.835836,
          4.580555
        ],
        [
          -0.916894,
          0.185397,
          -0.353458,
          4.41862
        ],
        [
          -0.021517,
          -0.907244,
          -0.420054,
          1.326228
        ],
        [
          0.0,
          0.0,
          0.0,
          1.0
        ]
      ]
    },
    {
      "file_path": "/media/NFS/ttao/scannet/posed_images/scene0016_01/00271.jpg",
      "transform_matrix": [
        [
          -0.393804,
          -0.331527,
          0.857326,
          4.634054
        ],
        [
          -0.919022,
          0.160067,
          -0.360246,
          4.36461
        ],
        [
          -0.017798,
          -0.929768,
          -0.367715,
          1.334145
        ],
        [
          0.0,
          0.0,
          0.0,
          1.0
        ]
      ]
    },
    {
      "file_path": "/media/NFS/ttao/scannet/posed_images/scene0016_01/00273.jpg",
      "transform_matrix": [
        [
          -0.393081,
          -0.330725,
          0.857967,
          4.647783
        ],
        [
          -0.919445,
          0.151927,
          -0.362683,
          4.348114
        ],
        [
          -0.0104,
          -0.931418,
          -0.363803,
          1.3357
        ],
        [
          0.0,
          0.0,
          0.0,
          1.0
        ]
      ]
    },
    {
      "file_path": "/media/NFS/ttao/scannet/posed_images/scene0016_01/00281.jpg",
      "transform_matrix": [
        [
          -0.39767,
          -0.343107,
          0.850962,
          4.699449
        ],
        [
          -0.917525,
          0.14615,
          -0.369849,
          4.305726
        ],
        [
          0.00253,
          -0.927857,
          -0.372929,
          1.322826
        ],
        [
          0.0,
          0.0,
          0.0,
          1.0
        ]
      ]
    },
    {
      "file_path": "/media/NFS/ttao/scannet/posed_images/scene0016_01/00288.jpg",
      "transform_matrix": [
        [
          -0.415232,
          -0.337907,
          0.844631,
          4.742885
        ],
        [
          -0.909624,
          0.16737,
          -0.380225,
          4.283449
        ],
        [
          -0.012885,
          -0.926178,
          -0.376866,
          1.315739
        ],
        [
          0.0,
          0.0,
          0.0,
          1.0
        ]
      ]
    },
    {
      "file_path": "/media/NFS/ttao/scannet/posed_images/scene0016_01/00290.jpg",
      "transform_matrix": [
        [
          -0.418274,
          -0.346569,
          0.839605,
          4.756301
        ],
        [
          -0.908271,
          0.1693,
          -0.382598,
          4.281451
        ],
        [
          -0.009548,
          -0.92262,
          -0.385593,
          1.311831
        ],
        [
          0.0,
          0.0,
          0.0,
          1.0
        ]
      ]
    },
    {
      "file_path": "/media/NFS/ttao/scannet/posed_images/scene0016_01/00300.jpg",
      "transform_matrix": [
        [
          -0.539913,
          -0.338363,
          0.770717,
          4.861714
        ],
        [
          -0.841571,
          0.234275,
          -0.486696,
          4.318538
        ],
        [
          -0.01588,
          -0.911387,
          -0.411244,
          1.3175
        ],
        [
          0.0,
          0.0,
          0.0,
          1.0
        ]
      ]
    },
    {
      "file_path": "/media/NFS/ttao/scannet/posed_images/scene0016_01/00306.jpg",
      "transform_matrix": [
        [
          -0.590928,
          -0.272289,
          0.759383,
          4.934365
        ],
        [
          -0.802658,
          0.292841,
          -0.5196,
          4.35423
        ],
        [
          -0.080897,
          -0.916571,
          -0.391603,
          1.33361
        ],
        [
          0.0,
          0.0,
          0.0,
          1.0
        ]
      ]
    },
    {
      "file_path": "/media/NFS/ttao/scannet/posed_images/scene0016_01/00309.jpg",
      "transform_matrix": [
        [
          -0.612068,
          -0.262128,
          0.746097,
          4.971816
        ],
        [
          -0.785081,
          0.314728,
          -0.533474,
          4.372528
        ],
        [
          -0.094979,
          -0.912269,
          -0.398427,
          1.339521
        ],
        [
          0.0,
          0.0,
          0.0,
          1.0
        ]
      ]
    },
    {
      "file_path": "/media/NFS/ttao/scannet/posed_images/scene0016_01/00314.jpg",
      "transform_matrix": [
        [
          -0.662184,
          -0.266644,
          0.700295,
          5.029285
        ],
        [
          -0.74454,
          0.339741,
          -0.574662,
          4.391972
        ],
        [
          -0.084689,
          -0.90193,
          -0.423498,
          1.348878
        ],
        [
          0.0,
          0.0,
          0.0,
          1.0
        ]
      ]
    },
    {
      "file_path": "/media/NFS/ttao/scannet/posed_images/scene0016_01/00320.jpg",
      "transform_matrix": [
        [
          -0.717896,
          -0.240606,
          0.653249,
          5.086132
        ],
        [
          -0.692247,
          0.345969,
          -0.633325,
          4.391254
        ],
        [
          -0.073623,
          -0.906871,
          -0.414928,
          1.353168
        ],
        [
          0.0,
          0.0,
          0.0,
          1.0
        ]
      ]
    },
    {
      "file_path": "/media/NFS/ttao/scannet/posed_images/scene0016_01/00327.jpg",
      "transform_matrix": [
        [
          -0.762535,
          -0.168391,
          0.624647,
          5.155704
        ],
        [
          -0.635471,
          0.376007,
          -0.674385,
          4.365726
        ],
        [
          -0.121311,
          -0.911188,
          -0.393726,
          1.361292
        ],
        [
          0.0,
          0.0,
          0.0,
          1.0
        ]
      ]
    },
    {
      "file_path": "/media/NFS/ttao/scannet/posed_images/scene0016_01/00332.jpg",
      "transform_matrix": [
        [
          -0.784105,
          -0.133544,
          0.60609,
          5.202857
        ],
        [
          -0.602091,
          0.400581,
          -0.690668,
          4.337777
        ],
        [
          -0.150554,
          -0.906477,
          -0.394503,
          1.371411
        ],
        [
          0.0,
          0.0,
          0.0,
          1.0
        ]
      ]
    },
    {
      "file_path": "/media/NFS/ttao/scannet/posed_images/scene0016_01/00337.jpg",
      "transform_matrix": [
        [
          -0.805502,
          -0.138242,
          0.576243,
          5.246526
        ],
        [
          -0.577724,
          0.399656,
          -0.711695,
          4.326009
        ],
        [
          -0.131913,
          -0.906181,
          -0.401789,
          1.37722
        ],
        [
          0.0,
          0.0,
          0.0,
          1.0
        ]
      ]
    },
    {
      "file_path": "/media/NFS/ttao/scannet/posed_images/scene0016_01/00344.jpg",
      "transform_matrix": [
        [
          -0.850718,
          -0.14014,
          0.506596,
          5.288249
        ],
        [
          -0.513421,
          0.428009,
          -0.743779,
          4.325615
        ],
        [
          -0.112594,
          -0.892843,
          -0.436066,
          1.377873
        ],
        [
          0.0,
          0.0,
          0.0,
          1.0
        ]
      ]
    },
    {
      "file_path": "/media/NFS/ttao/scannet/posed_images/scene0016_01/00351.jpg",
      "transform_matrix": [
        [
          -0.899703,
          -0.092282,
          0.426637,
          5.322091
        ],
        [
          -0.416145,
          0.476347,
          -0.774543,
          4.352687
        ],
        [
          -0.13175,
          -0.874401,
          -0.466973,
          1.386728
        ],
        [
          0.0,
          0.0,
          0.0,
          1.0
        ]
      ]
    },
    {
      "file_path": "/media/NFS/ttao/scannet/posed_images/scene0016_01/00356.jpg",
      "transform_matrix": [
        [
          -0.92621,
          -0.060183,
          0.372172,
          5.351701
        ],
        [
          -0.34937,
          0.508012,
          -0.787314,
          4.393332
        ],
        [
          -0.141685,
          -0.859245,
          -0.491552,
          1.384235
        ],
        [
          0.0,
          0.0,
          0.0,
          1.0
        ]
      ]
    },
    {
      "file_path": "/media/NFS/ttao/scannet/posed_images/scene0016_01/00363.jpg",
      "transform_matrix": [
        [
          -0.960315,
          -0.009109,
          0.278769,
          5.375559
        ],
        [
          -0.240291,
          0.53449,
          -0.810297,
          4.449654
        ],
        [
          -0.141618,
          -0.845126,
          -0.515467,
          1.369877
        ],
        [
          0.0,
          0.0,
          0.0,
          1.0
        ]
      ]
    },
    {
      "file_path": "/media/NFS/ttao/scannet/posed_images/scene0016_01/00367.jpg",
      "transform_matrix": [
        [
          -0.972898,
          0.015586,
          0.230709,
          5.371239
        ],
        [
          -0.18292,
          0.558479,
          -0.809099,
          4.472415
        ],
        [
          -0.141457,
          -0.829372,
          -0.540492,
          1.366796
        ],
        [
          0.0,
          0.0,
          0.0,
          1.0
        ]
      ]
    },
    {
      "file_path": "/media/NFS/ttao/scannet/posed_images/scene0016_01/00372.jpg",
      "transform_matrix": [
        [
          -0.982668,
          0.072102,
          0.170777,
          5.348373
        ],
        [
          -0.104099,
          0.547645,
          -0.83021,
          4.505689
        ],
        [
          -0.153385,
          -0.833598,
          -0.530648,
          1.353699
        ],
        [
          0.0,
          0.0,
          0.0,
          1.0
        ]
      ]
    },
    {
      "file_path": "/media/NFS/ttao/scannet/posed_images/scene0016_01/00379.jpg",
      "transform_matrix": [
        [
          -0.993519,
          0.090134,
          0.069258,
          5.31708
        ],
        [
          -0.006971,
          0.559829,
          -0.828579,
          4.546034
        ],
        [
          -0.113456,
          -0.823692,
          -0.555572,
          1.338833
        ],
        [
          0.0,
          0.0,
          0.0,
          1.0
        ]
      ]
    },
    {
      "file_path": "/media/NFS/ttao/scannet/posed_images/scene0016_01/00388.jpg",
      "transform_matrix": [
        [
          -0.992961,
          0.118276,
          0.00628,
          5.234336
        ],
        [
          0.062581,
          0.568931,
          -0.820001,
          4.599936
        ],
        [
          -0.100559,
          -0.813835,
          -0.572329,
          1.314213
        ],
        [
          0.0,
          0.0,
          0.0,
          1.0
        ]
      ]
    },
    {
      "file_path": "/media/NFS/ttao/scannet/posed_images/scene0016_01/00390.jpg",
      "transform_matrix": [
        [
          -0.991584,
          0.129364,
          0.005076,
          5.209867
        ],
        [
          0.068973,
          0.561045,
          -0.824907,
          4.611721
        ],
        [
          -0.109561,
          -0.817614,
          -0.565246,
          1.306738
        ],
        [
          0.0,
          0.0,
          0.0,
          1.0
        ]
      ]
    },
    {
      "file_path": "/media/NFS/ttao/scannet/posed_images/scene0016_01/00398.jpg",
      "transform_matrix": [
        [
          -0.985267,
          0.166069,
          -0.040854,
          5.174666
        ],
        [
          0.12802,
          0.557793,
          -0.820047,
          4.651635
        ],
        [
          -0.113397,
          -0.813196,
          -0.570836,
          1.302936
        ],
        [
          0.0,
          0.0,
          0.0,
          1.0
        ]
      ]
    },
    {
      "file_path": "/media/NFS/ttao/scannet/posed_images/scene0016_01/00400.jpg",
      "transform_matrix": [
        [
          -0.984232,
          0.171481,
          -0.043382,
          5.168795
        ],
        [
          0.13255,
          0.552617,
          -0.822827,
          4.657057
        ],
        [
          -0.117125,
          -0.815603,
          -0.566633,
          1.302328
        ],
        [
          0.0,
          0.0,
          0.0,
          1.0
        ]
      ]
    },
    {
      "file_path": "/media/NFS/ttao/scannet/posed_images/scene0016_01/00407.jpg",
      "transform_matrix": [
        [
          -0.976676,
          0.196835,
          -0.085794,
          5.152047
        ],
        [
          0.181132,
          0.540699,
          -0.821484,
          4.65304
        ],
        [
          -0.115308,
          -0.817863,
          -0.563741,
          1.303473
        ],
        [
          0.0,
          0.0,
          0.0,
          1.0
        ]
      ]
    },
    {
      "file_path": "/media/NFS/ttao/scannet/posed_images/scene0016_01/00414.jpg",
      "transform_matrix": [
        [
          -0.964599,
          0.220176,
          -0.145162,
          5.14669
        ],
        [
          0.242568,
          0.524718,
          -0.815986,
          4.621183
        ],
        [
          -0.103492,
          -0.82231,
          -0.55955,
          1.308091
        ],
        [
          0.0,
          0.0,
          0.0,
          1.0
        ]
      ]
    },
    {
      "file_path": "/media/NFS/ttao/scannet/posed_images/scene0016_01/00418.jpg",
      "transform_matrix": [
        [
          -0.953457,
          0.242517,
          -0.179179,
          5.148087
        ],
        [
          0.282113,
          0.507687,
          -0.814044,
          4.59926
        ],
        [
          -0.106453,
          -0.826704,
          -0.552474,
          1.318226
        ],
        [
          0.0,
          0.0,
          0.0,
          1.0
        ]
      ]
    },
    {
      "file_path": "/media/NFS/ttao/scannet/posed_images/scene0016_01/00428.jpg",
      "transform_matrix": [
        [
          -0.905664,
          0.287019,
          -0.312077,
          5.163865
        ],
        [
          0.413633,
          0.436359,
          -0.799062,
          4.54032
        ],
        [
          -0.093168,
          -0.852767,
          -0.513915,
          1.332651
        ],
        [
          0.0,
          0.0,
          0.0,
          1.0
        ]
      ]
    },
    {
      "file_path": "/media/NFS/ttao/scannet/posed_images/scene0016_01/00432.jpg",
      "transform_matrix": [
        [
          -0.889116,
          0.291295,
          -0.353016,
          5.155538
        ],
        [
          0.450976,
          0.426036,
          -0.784292,
          4.527299
        ],
        [
          -0.078062,
          -0.856528,
          -0.510163,
          1.332256
        ],
        [
          0.0,
          0.0,
          0.0,
          1.0
        ]
      ]
    },
    {
      "file_path": "/media/NFS/ttao/scannet/posed_images/scene0016_01/00435.jpg",
      "transform_matrix": [
        [
          -0.865127,
          0.305455,
          -0.39781,
          5.162849
        ],
        [
          0.496954,
          0.414877,
          -0.762177,
          4.508652
        ],
        [
          -0.067769,
          -0.857073,
          -0.510719,
          1.340536
        ],
        [
          0.0,
          0.0,
          0.0,
          1.0
        ]
      ]
    },
    {
      "file_path": "/media/NFS/ttao/scannet/posed_images/scene0016_01/00442.jpg",
      "transform_matrix": [
        [
          -0.810844,
          0.332239,
          -0.481818,
          5.157616
        ],
        [
          0.582749,
          0.382104,
          -0.717217,
          4.48127
        ],
        [
          -0.054183,
          -0.86233,
          -0.503439,
          1.348269
        ],
        [
          0.0,
          0.0,
          0.0,
          1.0
        ]
      ]
    },
    {
      "file_path": "/media/NFS/ttao/scannet/posed_images/scene0016_01/00451.jpg",
      "transform_matrix": [
        [
          -0.741042,
          0.34096,
          -0.578449,
          5.126905
        ],
        [
          0.67078,
          0.337192,
          -0.660572,
          4.471826
        ],
        [
          -0.030181,
