{
  "frames": [
    {
      "file_path": "/media/NFS/ttao/scannet/posed_images/scene0524_00/00000.jpg",
      "transform_matrix": [
        [
          0.968905,
          0.040473,
          -0.244101,
          3.961366
        ],
        [
          0.242507,
          -0.351221,
          0.904342,
          1.573893
        ],
        [
          -0.049132,
          -0.935418,
          -0.350115,
          1.40837
        ],
        [
          0.0,
          0.0,
          0.0,
          1.0
        ]
      ]
    },
    {
      "file_path": "/media/NFS/ttao/scannet/posed_images/scene0524_00/00007.jpg",
      "transform_matrix": [
        [
          0.97127,
          0.069778,
          -0.227522,
          3.938464
        ],
        [
          0.23693,
          -0.373293,
          0.896948,
          1.576333
        ],
        [
          -0.022345,
          -0.925085,
          -0.379101,
          1.400095
        ],
        [
          0.0,
          0.0,
          0.0,
          1.0
        ]
      ]
    },
    {
      "file_path": "/media/NFS/ttao/scannet/posed_images/scene0524_00/00014.jpg",
      "transform_matrix": [
        [
          0.966954,
          0.074217,
          -0.243909,
          4.001094
        ],
        [
          0.253368,
          -0.386148,
          0.886958,
          1.596073
        ],
        [
          -0.028358,
          -0.919446,
          -0.392192,
          1.405057
        ],
        [
          0.0,
          0.0,
          0.0,
          1.0
        ]
      ]
    },
    {
      "file_path": "/media/NFS/ttao/scannet/posed_images/scene0524_00/00016.jpg",
      "transform_matrix": [
        [
          0.968575,
          0.068936,
          -0.238977,
          4.005634
        ],
        [
          0.246711,
          -0.388184,
          0.887945,
          1.596035
        ],
        [
          -0.031556,
          -0.919,
          -0.392993,
          1.402473
        ],
        [
          0.0,
          0.0,
          0.0,
          1.0
        ]
      ]
    },
    {
      "file_path": "/media/NFS/ttao/scannet/posed_images/scene0524_00/00027.jpg",
      "transform_matrix": [
        [
          0.970064,
          0.058528,
          -0.235691,
          4.02914
        ],
        [
          0.23967,
          -0.387244,
          0.890281,
          1.601141
        ],
        [
          -0.039163,
          -0.920118,
          -0.389679,
          1.410168
        ],
        [
          0.0,
          0.0,
          0.0,
          1.0
        ]
      ]
    },
    {
      "file_path": "/media/NFS/ttao/scannet/posed_images/scene0524_00/00030.jpg",
      "transform_matrix": [
        [
          0.971015,
          0.059534,
          -0.231486,
          4.031969
        ],
        [
          0.236458,
          -0.38066,
          0.893971,
          1.599246
        ],
        [
          -0.034896,
          -0.922797,
          -0.383704,
          1.396992
        ],
        [
          0.0,
          0.0,
          0.0,
          1.0
        ]
      ]
    },
    {
      "file_path": "/media/NFS/ttao/scannet/posed_images/scene0524_00/00036.jpg",
      "transform_matrix": [
        [
          0.971571,
          0.050993,
          -0.231193,
          4.042525
        ],
        [
          0.233039,
          -0.37821,
          0.895907,
          1.606647
        ],
        [
          -0.041754,
          -0.924314,
          -0.379341,
          1.400516
        ],
        [
          0.0,
          0.0,
          0.0,
          1.0
        ]
      ]
    },
    {
      "file_path": "/media/NFS/ttao/scannet/posed_images/scene0524_00/00041.jpg",
      "transform_matrix": [
        [
          0.969832,
          0.048558,
          -0.238888,
          4.059165
        ],
        [
          0.23916,
          -0.379282,
          0.893839,
          1.619338
        ],
        [
          -0.047203,
          -0.924006,
          -0.379453,
          1.401139
        ],
        [
          0.0,
          0.0,
          0.0,
          1.0
        ]
      ]
    },
    {
      "file_path": "/media/NFS/ttao/scannet/posed_images/scene0524_00/00046.jpg",
      "transform_matrix": [
        [
          0.971425,
          0.044238,
          -0.233188,
          4.060945
        ],
        [
          0.232208,
          -0.38048,
          0.895162,
          1.633752
        ],
        [
          -0.049123,
          -0.923731,
          -0.37988,
          1.39945
        ],
        [
          0.0,
          0.0,
          0.0,
          1.0
        ]
      ]
    },
    {
      "file_path": "/media/NFS/ttao/scannet/posed_images/scene0524_00/00057.jpg",
      "transform_matrix": [
        [
          0.97103,
          0.028649,
          -0.237234,
          4.049706
        ],
        [
          0.233434,
          -0.32595,
          0.916114,
          1.675968
        ],
        [
          -0.051081,
          -0.944953,
          -0.323194,
          1.416343
        ],
        [
          0.0,
          0.0,
          0.0,
          1.0
        ]
      ]
    },
    {
      "file_path": "/media/NFS/ttao/scannet/posed_images/scene0524_00/00060.jpg",
      "transform_matrix": [
        [
          0.977651,
          0.016841,
          -0.209557,
          4.019186
        ],
        [
          0.203853,
          -0.319653,
          0.925346,
          1.68194
        ],
        [
          -0.051402,
          -0.947385,
          -0.315942,
          1.419019
        ],
        [
          0.0,
          0.0,
          0.0,
          1.0
        ]
      ]
    },
    {
      "file_path": "/media/NFS/ttao/scannet/posed_images/scene0524_00/00066.jpg",
      "transform_matrix": [
        [
          0.989428,
          -0.012622,
          -0.144474,
          3.963684
        ],
        [
          0.13304,
          -0.317548,
          0.938863,
          1.694675
        ],
        [
          -0.057727,
          -0.948158,
          -0.312512,
          1.417249
        ],
        [
          0.0,
          0.0,
          0.0,
          1.0
        ]
      ]
    },
    {
      "file_path": "/media/NFS/ttao/scannet/posed_images/scene0524_00/00069.jpg",
      "transform_matrix": [
        [
          0.99214,
          -0.034222,
          -0.120363,
          3.93162
        ],
        [
          0.103299,
          -0.318881,
          0.942148,
          1.699727
        ],
        [
          -0.070624,
          -0.947177,
          -0.31284,
          1.420155
        ],
        [
          0.0,
          0.0,
          0.0,
          1.0
        ]
      ]
    },
    {
      "file_path": "/media/NFS/ttao/scannet/posed_images/scene0524_00/00076.jpg",
      "transform_matrix": [
        [
          0.996147,
          -0.069862,
          -0.053017,
          3.841457
        ],
        [
          0.027716,
          -0.322766,
          0.946073,
          1.710257
        ],
        [
          -0.083207,
          -0.943897,
          -0.319586,
          1.415287
        ],
        [
          0.0,
          0.0,
          0.0,
          1.0
        ]
      ]
    },
    {
      "file_path": "/media/NFS/ttao/scannet/posed_images/scene0524_00/00082.jpg",
      "transform_matrix": [
        [
          0.998278,
          -0.052822,
          -0.025493,
          3.794623
        ],
        [
          0.005243,
          -0.352536,
          0.935783,
          1.730863
        ],
        [
          -0.058417,
          -0.934306,
          -0.351652,
          1.391136
        ],
        [
          0.0,
          0.0,
          0.0,
          1.0
        ]
      ]
    },
    {
      "file_path": "/media/NFS/ttao/scannet/posed_images/scene0524_00/00091.jpg",
      "transform_matrix": [
        [
          0.996674,
          -0.061866,
          -0.053035,
          3.790809
        ],
        [
          0.020706,
          -0.437205,
          0.899123,
          1.775039
        ],
        [
          -0.078813,
          -0.897231,
          -0.43447,
          1.331643
        ],
        [
          0.0,
          0.0,
          0.0,
          1.0
        ]
      ]
    },
    {
      "file_path": "/media/NFS/ttao/scannet/posed_images/scene0524_00/00096.jpg",
      "transform_matrix": [
        [
          0.996545,
          -0.077635,
          -0.029508,
          3.793004
        ],
        [
          -0.011688,
          -0.482856,
          0.875622,
          1.800449
        ],
        [
          -0.082227,
          -0.872252,
          -0.482095,
          1.31294
        ],
        [
          0.0,
          0.0,
          0.0,
          1.0
        ]
      ]
    },
    {
      "file_path": "/media/NFS/ttao/scannet/posed_images/scene0524_00/00099.jpg",
      "transform_matrix": [
        [
          0.995868,
          -0.090634,
          -0.005756,
          3.803624
        ],
        [
          -0.039251,
          -0.486704,
          0.872685,
          1.812638
        ],
        [
          -0.081896,
          -0.868852,
          -0.48825,
          1.305712
        ],
        [
          0.0,
          0.0,
          0.0,
          1.0
        ]
      ]
    },
    {
      "file_path": "/media/NFS/ttao/scannet/posed_images/scene0524_00/00105.jpg",
      "transform_matrix": [
        [
          0.989796,
          -0.130884,
          0.056337,
          3.798944
        ],
        [
          -0.112866,
          -0.478783,
          0.870648,
          1.83522
        ],
        [
          -0.08698,
          -0.868122,
          -0.48867,
          1.311428
        ],
        [
          0.0,
          0.0,
          0.0,
          1.0
        ]
      ]
    },
    {
      "file_path": "/media/NFS/ttao/scannet/posed_images/scene0524_00/00112.jpg",
      "transform_matrix": [
        [
          0.976569,
          -0.14379,
          0.160116,
          3.757231
        ],
        [
          -0.207084,
          -0.425443,
          0.880974,
          1.850323
        ],
        [
          -0.058555,
          -0.893489,
          -0.445251,
          1.313671
        ],
        [
          0.0,
          0.0,
          0.0,
          1.0
        ]
      ]
    },
    {
      "file_path": "/media/NFS/ttao/scannet/posed_images/scene0524_00/00117.jpg",
      "transform_matrix": [
        [
          0.959004,
          -0.160314,
          0.233689,
          3.738359
        ],
        [
          -0.279606,
          -0.400915,
          0.872403,
          1.865863
        ],
        [
          -0.046169,
          -0.901979,
          -0.429304,
          1.327013
        ],
        [
          0.0,
          0.0,
          0.0,
          1.0
        ]
      ]
    },
    {
      "file_path": "/media/NFS/ttao/scannet/posed_images/scene0524_00/00123.jpg",
      "transform_matrix": [
        [
          0.932527,
          -0.169786,
          0.318693,
          3.723506
        ],
        [
          -0.359829,
          -0.362981,
          0.859516,
          1.867887
        ],
        [
          -0.030255,
          -0.916197,
          -0.399584,
          1.335964
        ],
        [
          0.0,
          0.0,
          0.0,
          1.0
        ]
      ]
    },
    {
      "file_path": "/media/NFS/ttao/scannet/posed_images/scene0524_00/00131.jpg",
      "transform_matrix": [
        [
          0.897328,
          -0.168548,
          0.407914,
          3.707816
        ],
        [
          -0.441344,
          -0.334017,
          0.832855,
          1.89338
        ],
        [
          -0.004126,
          -0.927375,
          -0.374111,
          1.362707
        ],
        [
          0.0,
          0.0,
          0.0,
          1.0
        ]
      ]
    },
    {
      "file_path": "/media/NFS/ttao/scannet/posed_images/scene0524_00/00139.jpg",
      "transform_matrix": [
        [
          0.874101,
          -0.167695,
          0.455879,
          3.751671
        ],
        [
          -0.485617,
          -0.280215,
          0.828043,
          1.893399
        ],
        [
          -0.011114,
          -0.945176,
          -0.326372,
          1.383346
        ],
        [
          0.0,
          0.0,
          0.0,
          1.0
        ]
      ]
    },
    {
      "file_path": "/media/NFS/ttao/scannet/posed_images/scene0524_00/00142.jpg",
      "transform_matrix": [
        [
          0.871543,
          -0.154308,
          0.465406,
          3.776671
        ],
        [
          -0.490298,
          -0.283162,
          0.824273,
          1.892956
        ],
        [
          0.004593,
          -0.946577,
          -0.322445,
          1.395137
        ],
        [
          0.0,
          0.0,
          0.0,
          1.0
        ]
      ]
    },
    {
      "file_path": "/media/NFS/ttao/scannet/posed_images/scene0524_00/00149.jpg",
      "transform_matrix": [
        [
          0.856277,
          -0.145889,
          0.495486,
          3.816343
        ],
        [
          -0.516465,
          -0.255367,
          0.817344,
          1.894486
        ],
        [
          0.007289,
          -0.955774,
          -0.294011,
          1.406802
        ],
        [
          0.0,
          0.0,
          0.0,
          1.0
        ]
      ]
    },
    {
      "file_path": "/media/NFS/ttao/scannet/posed_images/scene0524_00/00153.jpg",
      "transform_matrix": [
        [
          0.8506,
          -0.161161,
          0.500506,
          3.837142
        ],
        [
          -0.525739,
          -0.244774,
          0.814668,
          1.904735
        ],
        [
          -0.008782,
          -0.956093,
          -0.292934,
          1.430316
        ],
        [
          0.0,
          0.0,
          0.0,
          1.0
        ]
      ]
    },
    {
      "file_path": "/media/NFS/ttao/scannet/posed_images/scene0524_00/00158.jpg",
      "transform_matrix": [
        [
          0.841185,
          -0.170208,
          0.513261,
          3.841727
        ],
        [
          -0.540453,
          -0.233301,
          0.808382,
          1.913409
        ],
        [
          -0.017849,
          -0.957392,
          -0.288239,
          1.422529
        ],
        [
          0.0,
          0.0,
          0.0,
          1.0
        ]
      ]
    },
    {
      "file_path": "/media/NFS/ttao/scannet/posed_images/scene0524_00/00167.jpg",
      "transform_matrix": [
        [
          0.799586,
          -0.177006,
          0.573873,
          3.822547
        ],
        [
          -0.60036,
          -0.211514,
          0.771252,
          1.953474
        ],
        [
          -0.015135,
          -0.961213,
          -0.275391,
          1.415428
        ],
        [
          0.0,
          0.0,
          0.0,
          1.0
        ]
      ]
    },
    {
      "file_path": "/media/NFS/ttao/scannet/posed_images/scene0524_00/00170.jpg",
      "transform_matrix": [
        [
          0.771922,
          -0.192049,
          0.606015,
          3.816484
        ],
        [
          -0.635506,
          -0.208506,
          0.743409,
          1.980713
        ],
        [
          -0.016413,
          -0.95898,
          -0.282998,
          1.418381
        ],
        [
          0.0,
          0.0,
          0.0,
          1.0
        ]
      ]
    },
    {
      "file_path": "/media/NFS/ttao/scannet/posed_images/scene0524_00/00179.jpg",
      "transform_matrix": [
        [
          0.680837,
          -0.226494,
          0.696535,
          3.804567
        ],
        [
          -0.732309,
          -0.228125,
          0.641625,
          2.02159
        ],
        [
          0.013573,
          -0.946921,
          -0.32118,
          1.369027
        ],
        [
          0.0,
          0.0,
          0.0,
          1.0
        ]
      ]
    },
    {
      "file_path": "/media/NFS/ttao/scannet/posed_images/scene0524_00/00183.jpg",
      "transform_matrix": [
        [
          0.633193,
          -0.266903,
          0.726519,
          3.802339
        ],
        [
          -0.773836,
          -0.237244,
          0.587275,
          2.054405
        ],
        [
          0.015617,
          -0.934065,
          -0.356761,
          1.367286
        ],
        [
          0.0,
          0.0,
          0.0,
          1.0
        ]
      ]
    },
    {
      "file_path": "/media/NFS/ttao/scannet/posed_images/scene0524_00/00192.jpg",
      "transform_matrix": [
        [
          0.578754,
          -0.341946,
          0.740349,
          3.819971
        ],
        [
          -0.815479,
          -0.249424,
          0.522285,
          2.079329
        ],
        [
          0.006067,
          -0.906014,
          -0.423205,
          1.329277
        ],
        [
          0.0,
          0.0,
          0.0,
          1.0
        ]
      ]
    },
    {
      "file_path": "/media/NFS/ttao/scannet/posed_images/scene0524_00/00194.jpg",
      "transform_matrix": [
        [
          0.576623,
          -0.348286,
          0.739056,
          3.829417
        ],
        [
          -0.816996,
          -0.251208,
          0.51905,
          2.088171
        ],
        [
          0.004879,
          -0.903101,
          -0.4294,
          1.327354
        ],
        [
          0.0,
          0.0,
          0.0,
          1.0
        ]
      ]
    },
    {
      "file_path": "/media/NFS/ttao/scannet/posed_images/scene0524_00/00201.jpg",
      "transform_matrix": [
        [
          0.60344,
          -0.340482,
          0.721063,
          3.873739
        ],
        [
          -0.797213,
          -0.237608,
          0.554972,
          2.127843
        ],
        [
          -0.017627,
          -0.909734,
          -0.414819,
          1.337997
        ],
        [
          0.0,
          0.0,
          0.0,
          1.0
        ]
      ]
    },
    {
      "file_path": "/media/NFS/ttao/scannet/posed_images/scene0524_00/00210.jpg",
      "transform_matrix": [
        [
          0.636427,
          -0.286417,
          0.716188,
          3.957632
        ],
        [
          -0.770974,
          -0.207726,
          0.602038,
          2.185485
        ],
        [
          -0.023663,
          -0.935315,
          -0.353023,
          1.378485
        ],
        [
          0.0,
          0.0,
          0.0,
          1.0
        ]
      ]
    },
    {
      "file_path": "/media/NFS/ttao/scannet/posed_images/scene0524_00/00217.jpg",
      "transform_matrix": [
        [
          0.636328,
          -0.269076,
          0.722969,
          4.02595
        ],
        [
          -0.771378,
          -0.212339,
          0.599907,
          2.222437
        ],
        [
          -0.007906,
          -0.93942,
          -0.342677,
          1.404605
        ],
        [
          0.0,
          0.0,
          0.0,
          1.0
        ]
      ]
    },
    {
      "file_path": "/media/NFS/ttao/scannet/posed_images/scene0524_00/00222.jpg",
      "transform_matrix": [
        [
          0.621221,
          -0.298049,
          0.724742,
          4.065049
        ],
        [
          -0.783362,
          -0.211782,
          0.584373,
          2.258804
        ],
        [
          -0.020684,
          -0.930761,
          -0.365044,
          1.414319
        ],
        [
          0.0,
          0.0,
          0.0,
          1.0
        ]
      ]
    },
    {
      "file_path": "/media/NFS/ttao/scannet/posed_images/scene0524_00/00224.jpg",
      "transform_matrix": [
        [
          0.617395,
          -0.308484,
          0.723645,
          4.075632
        ],
        [
          -0.786313,
          -0.214925,
          0.579241,
          2.27855
        ],
        [
          -0.023157,
          -0.926631,
          -0.375258,
          1.411433
        ],
        [
          0.0,
          0.0,
          0.0,
          1.0
        ]
      ]
    },
    {
      "file_path": "/media/NFS/ttao/scannet/posed_images/scene0524_00/00229.jpg",
      "transform_matrix": [
        [
          0.585653,
          -0.321214,
          0.744199,
          4.103143
        ],
        [
          -0.810163,
          -0.203194,
          0.549861,
          2.32515
        ],
        [
          -0.025406,
          -0.924951,
          -0.379237,
          1.41807
        ],
        [
          0.0,
          0.0,
          0.0,
          1.0
        ]
      ]
    },
    {
      "file_path": "/media/NFS/ttao/scannet/posed_images/scene0524_00/00240.jpg",
      "transform_matrix": [
        [
          0.520036,
          -0.32731,
          0.788943,
          4.12711
        ],
        [
          -0.853801,
          -0.173013,
          0.491009,
          2.447607
        ],
        [
          -0.024215,
          -0.928943,
          -0.36943,
          1.431678
        ],
        [
          0.0,
          0.0,
          0.0,
          1.0
        ]
      ]
    },
    {
      "file_path": "/media/NFS/ttao/scannet/posed_images/scene0524_00/00242.jpg",
      "transform_matrix": [
        [
          0.515215,
          -0.330958,
          0.790583,
          4.127913
        ],
        [
          -0.856901,
          -0.181077,
          0.48263,
          2.470007
        ],
        [
          -0.016574,
          -0.926109,
          -0.376892,
          1.43286
        ],
        [
          0.0,
          0.0,
          0.0,
          1.0
        ]
      ]
    },
    {
      "file_path": "/media/NFS/ttao/scannet/posed_images/scene0524_00/00249.jpg",
      "transform_matrix": [
        [
          0.539307,
          -0.330603,
          0.774499,
          4.12118
        ],
        [
          -0.841979,
          -0.227819,
          0.489049,
          2.531597
        ],
        [
          0.014764,
          -0.91586,
          -0.401225,
          1.424894
        ],
        [
          0.0,
          0.0,
          0.0,
          1.0
        ]
      ]
    },
    {
      "file_path": "/media/NFS/ttao/scannet/posed_images/scene0524_00/00254.jpg",
      "transform_matrix": [
        [
          0.562555,
          -0.321816,
          0.761555,
          4.116057
        ],
        [
          -0.826172,
          -0.253537,
          0.503149,
          2.566477
        ],
        [
          0.031161,
          -0.912224,
          -0.408504,
          1.409416
        ],
        [
          0.0,
          0.0,
          0.0,
          1.0
        ]
      ]
    },
    {
      "file_path": "/media/NFS/ttao/scannet/posed_images/scene0524_00/00263.jpg",
      "transform_matrix": [
        [
          0.587613,
          -0.325726,
          0.740684,
          4.141284
        ],
        [
          -0.808505,
          -0.272677,
          0.521505,
          2.623361
        ],
        [
          0.0321,
          -0.90529,
          -0.42358,
          1.389235
        ],
        [
          0.0,
          0.0,
          0.0,
          1.0
        ]
      ]
    },
    {
      "file_path": "/media/NFS/ttao/scannet/posed_images/scene0524_00/00265.jpg",
      "transform_matrix": [
        [
          0.583572,
          -0.324426,
          0.744441,
          4.154294
        ],
        [
          -0.811127,
          -0.276834,
          0.515204,
          2.6381
        ],
        [
          0.038941,
          -0.904495,
          -0.424703,
          1.38407
        ],
        [
          0.0,
          0.0,
          0.0,
          1.0
        ]
      ]
    },
    {
      "file_path": "/media/NFS/ttao/scannet/posed_images/scene0524_00/00274.jpg",
      "transform_matrix": [
        [
          0.568387,
          -0.342052,
          0.748289,
          4.25406
        ],
        [
          -0.822682,
          -0.248875,
          0.511131,
          2.703397
        ],
        [
          0.011397,
          -0.906124,
          -0.422858,
          1.383954
        ],
        [
          0.0,
          0.0,
          0.0,
          1.0
        ]
      ]
    },
    {
      "file_path": "/media/NFS/ttao/scannet/posed_images/scene0524_00/00281.jpg",
      "transform_matrix": [
        [
          0.588435,
          -0.337691,
          0.734649,
          4.319551
        ],
        [
          -0.808531,
          -0.250958,
          0.532257,
          2.75186
        ],
        [
          0.004627,
          -0.907185,
          -0.420706,
          1.393623
        ],
        [
          0.0,
          0.0,
          0.0,
          1.0
        ]
      ]
    },
    {
      "file_path": "/media/NFS/ttao/scannet/posed_images/scene0524_00/00282.jpg",
      "transform_matrix": [
        [
          0.588029,
          -0.342479,
          0.732755,
          4.327921
        ],
        [
          -0.808835,
          -0.252168,
          0.531223,
          2.758339
        ],
        [
          0.002845,
          -0.905052,
          -0.425291,
          1.393296
        ],
        [
          0.0,
          0.0,
          0.0,
          1.0
        ]
      ]
    },
    {
      "file_path": "/media/NFS/ttao/scannet/posed_images/scene0524_00/00291.jpg",
      "transform_matrix": [
        [
          0.593265,
          -0.383223,
          0.707939,
          4.381858
        ],
        [
          -0.804844,
          -0.26463,
          0.531223,
          2.822671
        ],
        [
          -0.016235,
          -0.884936,
          -0.46543,
          1.383548
        ],
        [
          0.0,
          0.0,
          0.0,
          1.0
        ]
      ]
    },
    {
      "file_path": "/media/NFS/ttao/scannet/posed_images/scene0524_00/00295.jpg",
      "transform_matrix": [
        [
          0.584428,
          -0.390494,
          0.711307,
          4.394033
        ],
        [
          -0.811397,
          -0.271667,
          0.517525,
          2.86609
        ],
        [
          -0.008851,
          -0.879608,
          -0.475616,
          1.377718
        ],
        [
          0.0,
          0.0,
          0.0,
          1.0
        ]
      ]
    },
    {
      "file_path": "/media/NFS/ttao/scannet/posed_images/scene0524_00/00300.jpg",
      "transform_matrix": [
        [
          0.541969,
          -0.37862,
          0.750278,
          4.402532
        ],
        [
          -0.840355,
          -0.235095,
          0.488398,
          2.930659
        ],
        [
          -0.008531,
          -0.895197,
          -0.445589,
          1.377812
        ],
        [
          0.0,
          0.0,
          0.0,
          1.0
        ]
      ]
    },
    {
      "file_path": "/media/NFS/ttao/scannet/posed_images/scene0524_00/00307.jpg",
      "transform_matrix": [
        [
          0.460251,
          -0.421826,
          0.781173,
          4.423042
        ],
        [
          -0.886896,
          -0.179029,
          0.425867,
          3.02358
        ],
        [
          -0.039789,
          -0.888826,
          -0.456515,
          1.381281
        ],
        [
          0.0,
          0.0,
          0.0,
          1.0
        ]
      ]
    },
    {
      "file_path": "/media/NFS/ttao/scannet/posed_images/scene0524_00/00313.jpg",
      "transform_matrix": [
        [
          0.373766,
          -0.422501,
          0.825707,
          4.46359
        ],
        [
          -0.926978,
          -0.139643,
          0.348155,
          3.084289
        ],
        [
          -0.031791,
          -0.89554,
          -0.443843,
          1.397743
        ],
        [
          0.0,
          0.0,
          0.0,
          1.0
        ]
      ]
    },
    {
      "file_path": "/media/NFS/ttao/scannet/posed_images/scene0524_00/00321.jpg",
      "transform_matrix": [
        [
          0.31423,
          -0.360193,
          0.878362,
          4.531314
        ],
        [
          -0.948737,
          -0.085982,
          0.304147,
          3.11596
        ],
        [
          -0.034029,
          -0.928907,
          -0.368747,
          1.417153
        ],
        [
          0.0,
          0.0,
          0.0,
          1.0
        ]
      ]
    },
    {
      "file_path": "/media/NFS/ttao/scannet/posed_images/scene0524_00/00327.jpg",
      "transform_matrix": [
        [
          0.276303,
          -0.368591,
          0.88758,
          4.589065
        ],
        [
          -0.95918,
          -0.047872,
          0.278713,
          3.132631
        ],
        [
          -0.060241,
          -0.928358,
          -0.366772,
          1.436192
        ],
        [
          0.0,
          0.0,
          0.0,
          1.0
        ]
      ]
    },
    {
      "file_path": "/media/NFS/ttao/scannet/posed_images/scene0524_00/00332.jpg",
      "transform_matrix": [
        [
          0.166081,
          -0.367904,
          0.914912,
          4.625482
        ],
        [
          -0.985366,
          -0.025842,
          0.168479,
          3.138565
        ],
        [
          -0.038341,
          -0.929505,
          -0.366812,
          1.429122
        ],
        [
          0.0,
          0.0,
          0.0,
          1.0
        ]
      ]
    },
    {
      "file_path": "/media/NFS/ttao/scannet/posed_images/scene0524_00/00341.jpg",
      "transform_matrix": [
        [
          -0.073016,
          -0.393322,
          0.916497,
          4.665514
        ],
        [
          -0.996579,
          0.064452,
          -0.051736,
          3.186742
        ],
        [
          -0.038721,
          -0.917139,
          -0.396683,
          1.424281
        ],
        [
          0.0,
          0.0,
          0.0,
          1.0
        ]
      ]
    },
    {
      "file_path": "/media/NFS/ttao/scannet/posed_images/scene0524_00/00346.jpg",
      "transform_matrix": [
        [
          -0.195675,
          -0.378097,
          0.90485,
          4.67395
        ],
        [
          -0.979947,
          0.11078,
          -0.165625,
          3.213097
        ],
        [
          -0.037617,
          -0.919114,
          -0.392192,
          1.421769
        ],
        [
          0.0,
          0.0,
          0.0,
          1.0
        ]
      ]
    },
    {
      "file_path": "/media/NFS/ttao/scannet/posed_images/scene0524_00/00352.jpg",
      "transform_matrix": [
        [
          -0.300412,
          -0.388847,
          0.870948,
          4.673287
        ],
        [
          -0.952413,
          0.171692,
          -0.251857,
          3.217958
        ],
        [
          -0.051601,
          -0.905163,
          -0.421921,
          1.428643
        ],
        [
          0.0,
          0.0,
          0.0,
          1.0
        ]
      ]
    },
    {
      "file_path": "/media/NFS/ttao/scannet/posed_images/scene0524_00/00353.jpg",
      "transform_matrix": [
        [
          -0.316341,
          -0.386143,
          0.8665,
          4.672306
        ],
        [
          -0.947222,
          0.178593,
          -0.266223,
          3.214838
        ],
        [
          -0.051951,
          -0.904985,
          -0.42226,
          1.429953
        ],
        [
          0.0,
          0.0,
          0.0,
          1.0
        ]
      ]
    },
    {
      "file_path": "/media/NFS/ttao/scannet/posed_images/scene0524_00/00361.jpg",
      "transform_matrix": [
        [
          -0.391449,
          -0.341133,
          0.854632,
          4.65074
        ],
        [
          -0.918856,
          0.195074,
          -0.343,
          3.182352
        ],
        [
          -0.049708,
          -0.919551,
          -0.389814,
          1.443504
        ],
        [
          0.0,
          0.0,
          0.0,
          1.0
        ]
      ]
    },
    {
      "file_path": "/media/NFS/ttao/scannet/posed_images/scene0524_00/00368.jpg",
      "transform_matrix": [
        [
          -0.449997,
          -0.303215,
          0.839978,
          4.632944
        ],
        [
          -0.891596,
          0.205812,
          -0.403357,
          3.13589
        ],
        [
          -0.050574,
          -0.930431,
          -0.362961,
          1.457492
        ],
        [
          0.0,
          0.0,
          0.0,
          1.0
        ]
      ]
    },
    {
      "file_path": "/media/NFS/ttao/scannet/posed_images/scene0524_00/00371.jpg",
      "transform_matrix": [
        [
          -0.472445,
          -0.301292,
          0.828263,
          4.630389
        ],
        [
          -0.880658,
          0.198869,
          -0.42999,
          3.121765
        ],
        [
          -0.035163,
          -0.932563,
          -0.35929,
          1.457392
        ],
        [
          0.0,
          0.0,
          0.0,
          1.0
        ]
      ]
    },
    {
      "file_path": "/media/NFS/ttao/scannet/posed_images/scene0524_00/00382.jpg",
      "transform_matrix": [
        [
          -0.518883,
          -0.329729,
          0.788695,
          4.626965
        ],
        [
          -0.853859,
          0.244224,
          -0.459651,
          3.074955
        ],
        [
          -0.041058,
          -0.911939,
          -0.408266,
          1.437145
        ],
        [
          0.0,
          0.0,
          0.0,
          1.0
        ]
      ]
    },
    {
      "file_path": "/media/NFS/ttao/scannet/posed_images/scene0524_00/00387.jpg",
      "transform_matrix": [
        [
          -0.527169,
          -0.326026,
          0.784729,
          4.625439
        ],
        [
          -0.848345,
          0.255196,
          -0.463881,
          3.064814
        ],
        [
          -0.049022,
          -0.910265,
          -0.411114,
          1.433636
        ],
        [
          0.0,
          0.0,
          0.0,
          1.0
        ]
      ]
    },
    {
      "file_path": "/media/NFS/ttao/scannet/posed_images/scene0524_00/00389.jpg",
      "transform_matrix": [
        [
          -0.529691,
          -0.325316,
          0.783324,
          4.62472
        ],
        [
          -0.846484,
          0.261299,
          -0.463882,
          3.060639
        ],
        [
          -0.053774,
          -0.908786,
          -0.413782,
          1.43251
        ],
        [
          0.0,
          0.0,
          0.0,
          1.0
        ]
      ]
    },
    {
      "file_path": "/media/NFS/ttao/scannet/posed_images/scene0524_00/00400.jpg",
      "transform_matrix": [
        [
          -0.546607,
          -0.336226,
          0.766925,
          4.624202
        ],
        [
          -0.834941,
          0.288817,
          -0.468464,
          3.040251
        ],
        [
          -0.063991,
          -0.896402,
          -0.438598,
          1.429057
        ],
        [
          0.0,
          0.0,
          0.0,
          1.0
        ]
      ]
    },
    {
      "file_path": "/media/NFS/ttao/scannet/posed_images/scene0524_00/00401.jpg",
      "transform_matrix": [
        [
          -0.548582,
          -0.3362,
          0.765524,
          4.623185
        ],
        [
          -0.833655,
          0.289868,
          -0.470102,
          3.038621
        ],
        [
          -0.063852,
          -0.896073,
          -0.439291,
          1.427529
        ],
        [
          0.0,
          0.0,
          0.0,
          1.0
        ]
      ]
    },
    {
      "file_path": "/media/NFS/ttao/scannet/posed_images/scene0524_00/00407.jpg",
      "transform_matrix": [
        [
          -0.551562,
          -0.349812,
          0.757239,
          4.616187
        ],
        [
          -0.832519,
          0.287315,
          -0.473668,
          3.031466
        ],
        [
          -0.051872,
          -0.891673,
          -0.449698,
          1.40899
        ],
        [
          0.0,
          0.0,
          0.0,
          1.0
        ]
      ]
    },
    {
      "file_path": "/media/NFS/ttao/scannet/posed_images/scene0524_00/00417.jpg",
      "transform_matrix": [
        [
          -0.550444,
          -0.397808,
          0.734003,
          4.608383
        ],
        [
          -0.833757,
          0.307357,
          -0.458673,
          3.013131
        ],
        [
          -0.043138,
          -0.864454,
          -0.500858,
          1.376883
        ],
        [
          0.0,
          0.0,
          0.0,
          1.0
        ]
      ]
    },
    {
      "file_path": "/media/NFS/ttao/scannet/posed_images/scene0524_00/00419.jpg",
      "transform_matrix": [
        [
          -0.562057,
          -0.387579,
          0.730667,
          4.605696
        ],
        [
          -0.825737,
          0.313617,
          -0.468831,
          3.004224
        ],
        [
          -0.047441,
          -0.866849,
          -0.49631,
          1.376503
        ],
        [
          0.0,
          0.0,
          0.0,
          1.0
        ]
      ]
    },
    {
      "file_path": "/media/NFS/ttao/scannet/posed_images/scene0524_00/00428.jpg",
      "transform_matrix": [
        [
          -0.641499,
          -0.331066,
          0.692007,
          4.580793
        ],
        [
          -0.766075,
          0.323619,
          -0.555337,
          2.930194
        ],
        [
          -0.040093,
          -0.886378,
          -0.461223,
          1.398521
        ],
        [
          0.0,
          0.0,
          0.0,
          1.0
        ]
      ]
    },
    {
      "file_path": "/media/NFS/ttao/scannet/posed_images/scene0524_00/00433.jpg",
      "transform_matrix": [
        [
          -0.699257,
          -0.283606,
          0.656207,
          4.567169
        ],
        [
          -0.713535,
          0.332985,
          -0.616432,
          2.882556
        ],
        [
          -0.043683,
          -0.899271,
          -0.435205,
          1.399993
        ],
        [
          0.0,
          0.0,
          0.0,
          1.0
        ]
      ]
    },
    {
      "file_path": "/media/NFS/ttao/scannet/posed_images/scene0524_00/00440.jpg",
      "transform_matrix": [
        [
          -0.740451,
          -0.245069,
          0.625838,
          4.547853
        ],
        [
          -0.671476,
          0.310183,
          -0.672984,
          2.816946
        ],
        [
          -0.029197,
          -0.918546,
          -0.394233,
          1.406518
        ],
        [
          0.0,
          0.0,
          0.0,
          1.0
        ]
      ]
    },
    {
      "file_path": "/media/NFS/ttao/scannet/posed_images/scene0524_00/00442.jpg",
      "transform_matrix": [
        [
          -0.752097,
          -0.22859,
          0.61814,
          4.547592
        ],
        [
          -0.657751,
          0.319246,
          -0.682235,
          2.795742
        ],
        [
          -0.041386,
          -0.91969,
          -0.390459,
          1.409078
        ],
        [
          0.0,
          0.0,
          0.0,
          1.0
        ]
      ]
    },
    {
      "file_path": "/media/NFS/ttao/scannet/posed_images/scene0524_00/00453.jpg",
      "transform_matrix": [
        [
          -0.818714,
          -0.181026,
          0.544919,
          4.575739
        ],
        [
          -0.571359,
          0.35114,
          -0.741787,
          2.704422
        ],
        [
          -0.05706,
          -0.918657,
          -0.390914,
          1.39824
        ],
        [
          0.0,
          0.0,
          0.0,
          1.0
        ]
      ]
    },
    {
      "file_path": "/media/NFS/ttao/scannet/posed_images/scene0524_00/00455.jpg",
      "transform_matrix": [
        [
          -0.823403,
          -0.190499,
          0.534525,
          4.584106
        ],
        [
          -0.565914,
          0.345064,
          -0.74878,
          2.689409
        ],
        [
          -0.041804,
