{
  "frames": [
    {
      "file_path": "/media/NFS/ttao/scannet/posed_images/scene0379_00/00000.jpg",
      "transform_matrix": [
        [
          0.274494,
          -0.241548,
          0.930756,
          1.182245
        ],
        [
          -0.961573,
          -0.063337,
          0.267146,
          3.243966
        ],
        [
          -0.005577,
          -0.96832,
          -0.249652,
          1.729027
        ],
        [
          0.0,
          0.0,
          0.0,
          1.0
        ]
      ]
    },
    {
      "file_path": "/media/NFS/ttao/scannet/posed_images/scene0379_00/00006.jpg",
      "transform_matrix": [
        [
          0.268996,
          -0.234849,
          0.93407,
          1.189367
        ],
        [
          -0.963126,
          -0.060098,
          0.262254,
          3.227603
        ],
        [
          -0.005455,
          -0.970173,
          -0.242355,
          1.729656
        ],
        [
          0.0,
          0.0,
          0.0,
          1.0
        ]
      ]
    },
    {
      "file_path": "/media/NFS/ttao/scannet/posed_images/scene0379_00/00014.jpg",
      "transform_matrix": [
        [
          0.28689,
          -0.222162,
          0.931847,
          1.179973
        ],
        [
          -0.95795,
          -0.0718,
          0.277808,
          3.198839
        ],
        [
          0.005189,
          -0.972363,
          -0.233418,
          1.723447
        ],
        [
          0.0,
          0.0,
          0.0,
          1.0
        ]
      ]
    },
    {
      "file_path": "/media/NFS/ttao/scannet/posed_images/scene0379_00/00018.jpg",
      "transform_matrix": [
        [
          0.305976,
          -0.215089,
          0.927424,
          1.172164
        ],
        [
          -0.952012,
          -0.076539,
          0.296337,
          3.177319
        ],
        [
          0.007245,
          -0.973591,
          -0.228186,
          1.718019
        ],
        [
          0.0,
          0.0,
          0.0,
          1.0
        ]
      ]
    },
    {
      "file_path": "/media/NFS/ttao/scannet/posed_images/scene0379_00/00027.jpg",
      "transform_matrix": [
        [
          0.387987,
          -0.240948,
          0.889612,
          1.151927
        ],
        [
          -0.921394,
          -0.124798,
          0.368047,
          3.117357
        ],
        [
          0.022342,
          -0.962481,
          -0.270428,
          1.688592
        ],
        [
          0.0,
          0.0,
          0.0,
          1.0
        ]
      ]
    },
    {
      "file_path": "/media/NFS/ttao/scannet/posed_images/scene0379_00/00037.jpg",
      "transform_matrix": [
        [
          0.473355,
          -0.174795,
          0.863355,
          1.097572
        ],
        [
          -0.880846,
          -0.101409,
          0.462414,
          3.069947
        ],
        [
          0.006724,
          -0.979369,
          -0.20197,
          1.711335
        ],
        [
          0.0,
          0.0,
          0.0,
          1.0
        ]
      ]
    },
    {
      "file_path": "/media/NFS/ttao/scannet/posed_images/scene0379_00/00045.jpg",
      "transform_matrix": [
        [
          0.509392,
          -0.145643,
          0.84812,
          1.059702
        ],
        [
          -0.860441,
          -0.100695,
          0.499501,
          3.054266
        ],
        [
          0.012653,
          -0.9842,
          -0.17661,
          1.723173
        ],
        [
          0.0,
          0.0,
          0.0,
          1.0
        ]
      ]
    },
    {
      "file_path": "/media/NFS/ttao/scannet/posed_images/scene0379_00/00047.jpg",
      "transform_matrix": [
        [
          0.514613,
          -0.137185,
          0.846377,
          1.049437
        ],
        [
          -0.85733,
          -0.096843,
          0.505576,
          3.055747
        ],
        [
          0.012608,
          -0.9858,
          -0.167449,
          1.728004
        ],
        [
          0.0,
          0.0,
          0.0,
          1.0
        ]
      ]
    },
    {
      "file_path": "/media/NFS/ttao/scannet/posed_images/scene0379_00/00057.jpg",
      "transform_matrix": [
        [
          0.550925,
          -0.102729,
          0.828208,
          0.98131
        ],
        [
          -0.834554,
          -0.066469,
          0.546902,
          3.04337
        ],
        [
          -0.001132,
          -0.992486,
          -0.122352,
          1.74432
        ],
        [
          0.0,
          0.0,
          0.0,
          1.0
        ]
      ]
    },
    {
      "file_path": "/media/NFS/ttao/scannet/posed_images/scene0379_00/00059.jpg",
      "transform_matrix": [
        [
          0.550227,
          -0.095195,
          0.829571,
          0.9682
        ],
        [
          -0.834981,
          -0.071684,
          0.54559,
          3.041341
        ],
        [
          0.00753,
          -0.992874,
          -0.118928,
          1.743038
        ],
        [
          0.0,
          0.0,
          0.0,
          1.0
        ]
      ]
    },
    {
      "file_path": "/media/NFS/ttao/scannet/posed_images/scene0379_00/00068.jpg",
      "transform_matrix": [
        [
          0.575814,
          -0.117698,
          0.809065,
          0.931482
        ],
        [
          -0.816594,
          -0.131406,
          0.562056,
          3.024754
        ],
        [
          0.040163,
          -0.984317,
          -0.171777,
          1.711609
        ],
        [
          0.0,
          0.0,
          0.0,
          1.0
        ]
      ]
    },
    {
      "file_path": "/media/NFS/ttao/scannet/posed_images/scene0379_00/00078.jpg",
      "transform_matrix": [
        [
          0.676311,
          -0.07077,
          0.733208,
          0.900336
        ],
        [
          -0.735717,
          -0.11407,
          0.667615,
          2.950852
        ],
        [
          0.036389,
          -0.990949,
          -0.129213,
          1.716285
        ],
        [
          0.0,
          0.0,
          0.0,
          1.0
        ]
      ]
    },
    {
      "file_path": "/media/NFS/ttao/scannet/posed_images/scene0379_00/00080.jpg",
      "transform_matrix": [
        [
          0.702886,
          -0.062994,
          0.708508,
          0.903221
        ],
        [
          -0.710392,
          -0.112552,
          0.694748,
          2.917219
        ],
        [
          0.03598,
          -0.991647,
          -0.123862,
          1.702889
        ],
        [
          0.0,
          0.0,
          0.0,
          1.0
        ]
      ]
    },
    {
      "file_path": "/media/NFS/ttao/scannet/posed_images/scene0379_00/00088.jpg",
      "transform_matrix": [
        [
          0.80193,
          -0.04023,
          0.596061,
          0.882208
        ],
        [
          -0.595605,
          -0.131496,
          0.792441,
          2.815979
        ],
        [
          0.0465,
          -0.9905,
          -0.129412,
          1.679045
        ],
        [
          0.0,
          0.0,
          0.0,
          1.0
        ]
      ]
    },
    {
      "file_path": "/media/NFS/ttao/scannet/posed_images/scene0379_00/00094.jpg",
      "transform_matrix": [
        [
          0.852527,
          -0.036144,
          0.521431,
          0.864803
        ],
        [
          -0.520716,
          -0.145184,
          0.841294,
          2.74899
        ],
        [
          0.045296,
          -0.988744,
          -0.142594,
          1.670597
        ],
        [
          0.0,
          0.0,
          0.0,
          1.0
        ]
      ]
    },
    {
      "file_path": "/media/NFS/ttao/scannet/posed_images/scene0379_00/00107.jpg",
      "transform_matrix": [
        [
          0.878176,
          -0.104539,
          0.466774,
          0.847356
        ],
        [
          -0.477612,
          -0.24533,
          0.843623,
          2.70195
        ],
        [
          0.026322,
          -0.963787,
          -0.265373,
          1.624266
        ],
        [
          0.0,
          0.0,
          0.0,
          1.0
        ]
      ]
    },
    {
      "file_path": "/media/NFS/ttao/scannet/posed_images/scene0379_00/00109.jpg",
      "transform_matrix": [
        [
          0.879771,
          -0.112624,
          0.461865,
          0.845549
        ],
        [
          -0.474605,
          -0.264175,
          0.83962,
          2.696041
        ],
        [
          0.027451,
          -0.957877,
          -0.285865,
          1.6054
        ],
        [
          0.0,
          0.0,
          0.0,
          1.0
        ]
      ]
    },
    {
      "file_path": "/media/NFS/ttao/scannet/posed_images/scene0379_00/00115.jpg",
      "transform_matrix": [
        [
          0.881107,
          -0.161196,
          0.444597,
          0.854884
        ],
        [
          -0.472758,
          -0.324607,
          0.819225,
          2.68823
        ],
        [
          0.012264,
          -0.932012,
          -0.36222,
          1.583645
        ],
        [
          0.0,
          0.0,
          0.0,
          1.0
        ]
      ]
    },
    {
      "file_path": "/media/NFS/ttao/scannet/posed_images/scene0379_00/00127.jpg",
      "transform_matrix": [
        [
          0.866433,
          -0.213664,
          0.451266,
          0.850213
        ],
        [
          -0.498872,
          -0.407561,
          0.764867,
          2.677527
        ],
        [
          0.020494,
          -0.88783,
          -0.459715,
          1.523881
        ],
        [
          0.0,
          0.0,
          0.0,
          1.0
        ]
      ]
    },
    {
      "file_path": "/media/NFS/ttao/scannet/posed_images/scene0379_00/00129.jpg",
      "transform_matrix": [
        [
          0.866429,
          -0.216536,
          0.449904,
          0.851058
        ],
        [
          -0.498639,
          -0.421638,
          0.757351,
          2.671381
        ],
        [
          0.025703,
          -0.880531,
          -0.473292,
          1.512597
        ],
        [
          0.0,
          0.0,
          0.0,
          1.0
        ]
      ]
    },
    {
      "file_path": "/media/NFS/ttao/scannet/posed_images/scene0379_00/00135.jpg",
      "transform_matrix": [
        [
          0.864795,
          -0.235799,
          0.443314,
          0.858159
        ],
        [
          -0.50108,
          -0.462168,
          0.731655,
          2.661086
        ],
        [
          0.032362,
          -0.854868,
          -0.517835,
          1.4862
        ],
        [
          0.0,
          0.0,
          0.0,
          1.0
        ]
      ]
    },
    {
      "file_path": "/media/NFS/ttao/scannet/posed_images/scene0379_00/00141.jpg",
      "transform_matrix": [
        [
          0.848316,
          -0.270138,
          0.455396,
          0.86096
        ],
        [
          -0.528699,
          -0.479149,
          0.700637,
          2.665882
        ],
        [
          0.028934,
          -0.835129,
          -0.549292,
          1.473764
        ],
        [
          0.0,
          0.0,
          0.0,
          1.0
        ]
      ]
    },
    {
      "file_path": "/media/NFS/ttao/scannet/posed_images/scene0379_00/00152.jpg",
      "transform_matrix": [
        [
          0.77958,
          -0.314887,
          0.541389,
          0.89865
        ],
        [
          -0.624419,
          -0.45777,
          0.632888,
          2.659456
        ],
        [
          0.048543,
          -0.831441,
          -0.553489,
          1.457225
        ],
        [
          0.0,
          0.0,
          0.0,
          1.0
        ]
      ]
    },
    {
      "file_path": "/media/NFS/ttao/scannet/posed_images/scene0379_00/00160.jpg",
      "transform_matrix": [
        [
          0.679631,
          -0.349948,
          0.6447,
          0.942879
        ],
        [
          -0.731848,
          -0.38338,
          0.5634,
          2.670705
        ],
        [
          0.050004,
          -0.854726,
          -0.516665,
          1.48472
        ],
        [
          0.0,
          0.0,
          0.0,
          1.0
        ]
      ]
    },
    {
      "file_path": "/media/NFS/ttao/scannet/posed_images/scene0379_00/00162.jpg",
      "transform_matrix": [
        [
          0.650439,
          -0.356704,
          0.67059,
          0.948574
        ],
        [
          -0.758163,
          -0.358385,
          0.544746,
          2.675601
        ],
        [
          0.046016,
          -0.862741,
          -0.503548,
          1.49126
        ],
        [
          0.0,
          0.0,
          0.0,
          1.0
        ]
      ]
    },
    {
      "file_path": "/media/NFS/ttao/scannet/posed_images/scene0379_00/00174.jpg",
      "transform_matrix": [
        [
          0.471999,
          -0.404525,
          0.783311,
          0.984934
        ],
        [
          -0.881365,
          -0.23697,
          0.408706,
          2.690749
        ],
        [
          0.020289,
          -0.883292,
          -0.468384,
          1.509053
        ],
        [
          0.0,
          0.0,
          0.0,
          1.0
        ]
      ]
    },
    {
      "file_path": "/media/NFS/ttao/scannet/posed_images/scene0379_00/00178.jpg",
      "transform_matrix": [
        [
          0.407214,
          -0.422054,
          0.809967,
          0.994638
        ],
        [
          -0.913181,
          -0.204325,
          0.352636,
          2.689412
        ],
        [
          0.016665,
          -0.883245,
          -0.468616,
          1.504683
        ],
        [
          0.0,
          0.0,
          0.0,
          1.0
        ]
      ]
    },
    {
      "file_path": "/media/NFS/ttao/scannet/posed_images/scene0379_00/00186.jpg",
      "transform_matrix": [
        [
          0.289009,
          -0.454295,
          0.842668,
          1.014406
        ],
        [
          -0.957283,
          -0.145539,
          0.249856,
          2.663866
        ],
        [
          0.009133,
          -0.878883,
          -0.476951,
          1.50034
        ],
        [
          0.0,
          0.0,
          0.0,
          1.0
        ]
      ]
    },
    {
      "file_path": "/media/NFS/ttao/scannet/posed_images/scene0379_00/00195.jpg",
      "transform_matrix": [
        [
          0.160091,
          -0.469835,
          0.868116,
          1.030069
        ],
        [
          -0.987095,
          -0.079656,
          0.138921,
          2.649518
        ],
        [
          0.00388,
          -0.879153,
          -0.476524,
          1.495963
        ],
        [
          0.0,
          0.0,
          0.0,
          1.0
        ]
      ]
    },
    {
      "file_path": "/media/NFS/ttao/scannet/posed_images/scene0379_00/00197.jpg",
      "transform_matrix": [
        [
          0.133963,
          -0.473878,
          0.870341,
          1.03504
        ],
        [
          -0.990986,
          -0.065039,
          0.11712,
          2.644202
        ],
        [
          0.001106,
          -0.878185,
          -0.478319,
          1.494827
        ],
        [
          0.0,
          0.0,
          0.0,
          1.0
        ]
      ]
    },
    {
      "file_path": "/media/NFS/ttao/scannet/posed_images/scene0379_00/00205.jpg",
      "transform_matrix": [
        [
          0.030349,
          -0.481171,
          0.876101,
          1.046993
        ],
        [
          -0.999535,
          -0.017251,
          0.02515,
          2.63174
        ],
        [
          0.003012,
          -0.876457,
          -0.481471,
          1.490587
        ],
        [
          0.0,
          0.0,
          0.0,
          1.0
        ]
      ]
    },
    {
      "file_path": "/media/NFS/ttao/scannet/posed_images/scene0379_00/00211.jpg",
      "transform_matrix": [
        [
          -0.04585,
          -0.481319,
          0.875346,
          1.055534
        ],
        [
          -0.998948,
          0.021824,
          -0.040324,
          2.602864
        ],
        [
          0.000305,
          -0.876274,
          -0.481813,
          1.483776
        ],
        [
          0.0,
          0.0,
          0.0,
          1.0
        ]
      ]
    },
    {
      "file_path": "/media/NFS/ttao/scannet/posed_images/scene0379_00/00221.jpg",
      "transform_matrix": [
        [
          -0.170697,
          -0.48311,
          0.858759,
          1.068654
        ],
        [
          -0.985191,
          0.097974,
          -0.140712,
          2.567787
        ],
        [
          -0.016157,
          -0.870061,
          -0.49268,
          1.473059
        ],
        [
          0.0,
          0.0,
          0.0,
          1.0
        ]
      ]
    },
    {
      "file_path": "/media/NFS/ttao/scannet/posed_images/scene0379_00/00225.jpg",
      "transform_matrix": [
        [
          -0.217679,
          -0.483123,
          0.848061,
          1.070752
        ],
        [
          -0.97575,
          0.128161,
          -0.177443,
          2.554074
        ],
        [
          -0.022962,
          -0.866122,
          -0.499305,
          1.466655
        ],
        [
          0.0,
          0.0,
          0.0,
          1.0
        ]
      ]
    },
    {
      "file_path": "/media/NFS/ttao/scannet/posed_images/scene0379_00/00232.jpg",
      "transform_matrix": [
        [
          -0.294005,
          -0.484272,
          0.82404,
          1.072956
        ],
        [
          -0.955317,
          0.176401,
          -0.237175,
          2.53401
        ],
        [
          -0.030504,
          -0.85695,
          -0.514496,
          1.456182
        ],
        [
          0.0,
          0.0,
          0.0,
          1.0
        ]
      ]
    },
    {
      "file_path": "/media/NFS/ttao/scannet/posed_images/scene0379_00/00238.jpg",
      "transform_matrix": [
        [
          -0.354717,
          -0.479128,
          0.802877,
          1.073256
        ],
        [
          -0.934271,
          0.214933,
          -0.284504,
          2.511353
        ],
        [
          -0.036251,
          -0.851023,
          -0.523875,
          1.453858
        ],
        [
          0.0,
          0.0,
          0.0,
          1.0
        ]
      ]
    },
    {
      "file_path": "/media/NFS/ttao/scannet/posed_images/scene0379_00/00250.jpg",
      "transform_matrix": [
        [
          -0.48415,
          -0.455113,
          0.747309,
          1.083045
        ],
        [
          -0.874717,
          0.272895,
          -0.400499,
          2.469253
        ],
        [
          -0.021664,
          -0.847585,
          -0.530217,
          1.459129
        ],
        [
          0.0,
          0.0,
          0.0,
          1.0
        ]
      ]
    },
    {
      "file_path": "/media/NFS/ttao/scannet/posed_images/scene0379_00/00256.jpg",
      "transform_matrix": [
        [
          -0.520039,
          -0.448242,
          0.727076,
          1.106987
        ],
        [
          -0.85405,
          0.285416,
          -0.434898,
          2.439476
        ],
        [
          -0.012579,
          -0.847123,
          -0.531248,
          1.46357
        ],
        [
          0.0,
          0.0,
          0.0,
          1.0
        ]
      ]
    },
    {
      "file_path": "/media/NFS/ttao/scannet/posed_images/scene0379_00/00260.jpg",
      "transform_matrix": [
        [
          -0.533327,
          -0.445154,
          0.719305,
          1.12264
        ],
        [
          -0.845878,
          0.287957,
          -0.448968,
          2.424017
        ],
        [
          -0.007269,
          -0.847891,
          -0.530122,
          1.462293
        ],
        [
          0.0,
          0.0,
          0.0,
          1.0
        ]
      ]
    },
    {
      "file_path": "/media/NFS/ttao/scannet/posed_images/scene0379_00/00268.jpg",
      "transform_matrix": [
        [
          -0.523628,
          -0.46505,
          0.713823,
          1.159665
        ],
        [
          -0.851892,
          0.276242,
          -0.444939,
          2.384969
        ],
        [
          0.009731,
          -0.841082,
          -0.54082,
          1.466102
        ],
        [
          0.0,
          0.0,
          0.0,
          1.0
        ]
      ]
    },
    {
      "file_path": "/media/NFS/ttao/scannet/posed_images/scene0379_00/00275.jpg",
      "transform_matrix": [
        [
          -0.490536,
          -0.454906,
          0.74326,
          1.201037
        ],
        [
          -0.871327,
          0.243508,
          -0.426021,
          2.346459
        ],
        [
          0.01281,
          -0.856601,
          -0.515821,
          1.494229
        ],
        [
          0.0,
          0.0,
          0.0,
          1.0
        ]
      ]
    },
    {
      "file_path": "/media/NFS/ttao/scannet/posed_images/scene0379_00/00283.jpg",
      "transform_matrix": [
        [
          -0.470045,
          -0.441272,
          0.764419,
          1.233855
        ],
        [
          -0.881936,
          0.200166,
          -0.426759,
          2.337857
        ],
        [
          0.035306,
          -0.874765,
          -0.48326,
          1.516547
        ],
        [
          0.0,
          0.0,
          0.0,
          1.0
        ]
      ]
    },
    {
      "file_path": "/media/NFS/ttao/scannet/posed_images/scene0379_00/00291.jpg",
      "transform_matrix": [
        [
          -0.444548,
          -0.405704,
          0.798612,
          1.293327
        ],
        [
          -0.895162,
          0.168784,
          -0.412549,
          2.304651
        ],
        [
          0.03258,
          -0.898285,
          -0.438203,
          1.549152
        ],
        [
          0.0,
          0.0,
          0.0,
          1.0
        ]
      ]
    },
    {
      "file_path": "/media/NFS/ttao/scannet/posed_images/scene0379_00/00293.jpg",
      "transform_matrix": [
        [
          -0.447722,
          -0.388295,
          0.805463,
          1.319858
        ],
        [
          -0.893482,
          0.158871,
          -0.42006,
          2.286865
        ],
        [
          0.035143,
          -0.907737,
          -0.418064,
          1.560778
        ],
        [
          0.0,
          0.0,
          0.0,
          1.0
        ]
      ]
    },
    {
      "file_path": "/media/NFS/ttao/scannet/posed_images/scene0379_00/00303.jpg",
      "transform_matrix": [
        [
          -0.451831,
          -0.316219,
          0.834179,
          1.426473
        ],
        [
          -0.890795,
          0.109294,
          -0.441066,
          2.187982
        ],
        [
          0.048303,
          -0.94237,
          -0.331069,
          1.597294
        ],
        [
          0.0,
          0.0,
          0.0,
          1.0
        ]
      ]
    },
    {
      "file_path": "/media/NFS/ttao/scannet/posed_images/scene0379_00/00309.jpg",
      "transform_matrix": [
        [
          -0.452193,
          -0.288256,
          0.844056,
          1.473301
        ],
        [
          -0.8909,
          0.100718,
          -0.442892,
          2.123451
        ],
        [
          0.042655,
          -0.952242,
          -0.302351,
          1.612101
        ],
        [
          0.0,
          0.0,
          0.0,
          1.0
        ]
      ]
    },
    {
      "file_path": "/media/NFS/ttao/scannet/posed_images/scene0379_00/00313.jpg",
      "transform_matrix": [
        [
          -0.441476,
          -0.275865,
          0.853814,
          1.49706
        ],
        [
          -0.896517,
          0.096571,
          -0.432355,
          2.072784
        ],
        [
          0.036818,
          -0.956333,
          -0.289951,
          1.625694
        ],
        [
          0.0,
          0.0,
          0.0,
          1.0
        ]
      ]
    },
    {
      "file_path": "/media/NFS/ttao/scannet/posed_images/scene0379_00/00320.jpg",
      "transform_matrix": [
        [
          -0.401492,
          -0.247109,
          0.881896,
          1.534166
        ],
        [
          -0.914666,
          0.058978,
          -0.399885,
          1.972206
        ],
        [
          0.046803,
          -0.967191,
          -0.249702,
          1.636251
        ],
        [
          0.0,
          0.0,
          0.0,
          1.0
        ]
      ]
    },
    {
      "file_path": "/media/NFS/ttao/scannet/posed_images/scene0379_00/00332.jpg",
      "transform_matrix": [
        [
          -0.271878,
          -0.249212,
          0.929503,
          1.580781
        ],
        [
          -0.958291,
          -0.018313,
          -0.285208,
          1.818733
        ],
        [
          0.0881,
          -0.968276,
          -0.233839,
          1.650226
        ],
        [
          0.0,
          0.0,
          0.0,
          1.0
        ]
      ]
    },
    {
      "file_path": "/media/NFS/ttao/scannet/posed_images/scene0379_00/00336.jpg",
      "transform_matrix": [
        [
          -0.2552,
          -0.247111,
          0.934777,
          1.607976
        ],
        [
          -0.962792,
          -0.02395,
          -0.26918,
          1.769948
        ],
        [
          0.088905,
          -0.968691,
          -0.231804,
          1.65554
        ],
        [
          0.0,
          0.0,
          0.0,
          1.0
        ]
      ]
    },
    {
      "file_path": "/media/NFS/ttao/scannet/posed_images/scene0379_00/00342.jpg",
      "transform_matrix": [
        [
          -0.221854,
          -0.251388,
          0.942117,
          1.669727
        ],
        [
          -0.972719,
          -0.010141,
          -0.231766,
          1.697158
        ],
        [
          0.067817,
          -0.967834,
          -0.24228,
          1.651831
        ],
        [
          0.0,
          0.0,
          0.0,
          1.0
        ]
      ]
    },
    {
      "file_path": "/media/NFS/ttao/scannet/posed_images/scene0379_00/00352.jpg",
      "transform_matrix": [
        [
          -0.128006,
          -0.247165,
          0.960481,
          1.799381
        ],
        [
          -0.989118,
          -0.039007,
          -0.141861,
          1.588712
        ],
        [
          0.072528,
          -0.968188,
          -0.239482,
          1.640249
        ],
        [
          0.0,
          0.0,
          0.0,
          1.0
        ]
      ]
    },
    {
      "file_path": "/media/NFS/ttao/scannet/posed_images/scene0379_00/00359.jpg",
      "transform_matrix": [
        [
          -0.086493,
          -0.276319,
          0.957166,
          1.880917
        ],
        [
          -0.994013,
          -0.040448,
          -0.1015,
          1.511628
        ],
        [
          0.066762,
          -0.960215,
          -0.271166,
          1.631018
        ],
        [
          0.0,
          0.0,
          0.0,
          1.0
        ]
      ]
    },
    {
      "file_path": "/media/NFS/ttao/scannet/posed_images/scene0379_00/00363.jpg",
      "transform_matrix": [
        [
          -0.045196,
          -0.297863,
          0.953538,
          1.926609
        ],
        [
          -0.997717,
          -0.034496,
          -0.058066,
          1.459
        ],
        [
          0.050189,
          -0.953985,
          -0.295624,
          1.63082
        ],
        [
          0.0,
          0.0,
          0.0,
          1.0
        ]
      ]
    },
    {
      "file_path": "/media/NFS/ttao/scannet/posed_images/scene0379_00/00373.jpg",
      "transform_matrix": [
        [
          0.128581,
          -0.30033,
          0.945129,
          1.984186
        ],
        [
          -0.990823,
          -0.07896,
          0.109706,
          1.350126
        ],
        [
          0.041679,
          -0.950562,
          -0.307727,
          1.585541
        ],
        [
          0.0,
          0.0,
          0.0,
          1.0
        ]
      ]
    },
    {
      "file_path": "/media/NFS/ttao/scannet/posed_images/scene0379_00/00375.jpg",
      "transform_matrix": [
        [
          0.176319,
          -0.313294,
          0.933145,
          2.004364
        ],
        [
          -0.983619,
          -0.092173,
          0.15491,
          1.329593
        ],
        [
          0.037478,
          -0.945173,
          -0.324414,
          1.589284
        ],
        [
          0.0,
          0.0,
          0.0,
          1.0
        ]
      ]
    },
    {
      "file_path": "/media/NFS/ttao/scannet/posed_images/scene0379_00/00385.jpg",
      "transform_matrix": [
        [
          0.320539,
          -0.331838,
          0.887208,
          2.061349
        ],
        [
          -0.946622,
          -0.145918,
          0.287428,
          1.304215
        ],
        [
          0.03408,
          -0.931983,
          -0.360898,
          1.590473
        ],
        [
          0.0,
          0.0,
          0.0,
          1.0
        ]
      ]
    },
    {
      "file_path": "/media/NFS/ttao/scannet/posed_images/scene0379_00/00391.jpg",
      "transform_matrix": [
        [
          0.375075,
          -0.322075,
          0.869245,
          2.147899
        ],
        [
          -0.925747,
          -0.178778,
          0.333214,
          1.280054
        ],
        [
          0.048082,
          -0.929681,
          -0.365215,
          1.586599
        ],
        [
          0.0,
          0.0,
          0.0,
          1.0
        ]
      ]
    },
    {
      "file_path": "/media/NFS/ttao/scannet/posed_images/scene0379_00/00400.jpg",
      "transform_matrix": [
        [
          0.415563,
          -0.320599,
          0.851189,
          2.311315
        ],
        [
          -0.908528,
          -0.190962,
          0.371631,
          1.260584
        ],
        [
          0.0434,
          -0.927766,
          -0.37063,
          1.57321
        ],
        [
          0.0,
          0.0,
          0.0,
          1.0
        ]
      ]
    },
    {
      "file_path": "/media/NFS/ttao/scannet/posed_images/scene0379_00/00402.jpg",
      "transform_matrix": [
        [
          0.424937,
          -0.320046,
          0.846758,
          2.339905
        ],
        [
          -0.904085,
          -0.196934,
          0.379271,
          1.256827
        ],
        [
          0.045371,
          -0.926708,
          -0.373034,
          1.564915
        ],
        [
          0.0,
          0.0,
          0.0,
          1.0
        ]
      ]
    },
    {
      "file_path": "/media/NFS/ttao/scannet/posed_images/scene0379_00/00414.jpg",
      "transform_matrix": [
        [
          0.455421,
          -0.346745,
          0.819975,
          2.527824
        ],
        [
          -0.888887,
          -0.228542,
          0.397051,
          1.231138
        ],
        [
          0.049723,
          -0.90969,
          -0.4123,
          1.556281
        ],
        [
          0.0,
          0.0,
          0.0,
          1.0
        ]
      ]
    },
    {
      "file_path": "/media/NFS/ttao/scannet/posed_images/scene0379_00/00416.jpg",
      "transform_matrix": [
        [
          0.470844,
          -0.344076,
          0.812353,
          2.557709
        ],
        [
          -0.880799,
          -0.235514,
          0.410762,
          1.221267
        ],
        [
          0.049987,
          -0.908925,
          -0.413953,
          1.548667
        ],
        [
          0.0,
          0.0,
          0.0,
          1.0
        ]
      ]
    },
    {
      "file_path": "/media/NFS/ttao/scannet/posed_images/scene0379_00/00426.jpg",
      "transform_matrix": [
        [
          0.573513,
          -0.304208,
          0.760619,
          2.705124
        ],
        [
          -0.818143,
          -0.259778,
          0.512989,
          1.179855
        ],
        [
          0.041537,
          -0.9165,
          -0.397872,
          1.551538
        ],
        [
          0.0,
          0.0,
          0.0,
          1.0
        ]
      ]
    },
    {
      "file_path": "/media/NFS/ttao/scannet/posed_images/scene0379_00/00434.jpg",
      "transform_matrix": [
        [
          0.621902,
          -0.299323,
          0.723633,
          2.808143
        ],
        [
          -0.782282,
          -0.279563,
          0.556668,
          1.190358
        ],
        [
          0.035678,
          -0.912278,
          -0.408016,
          1.551096
        ],
        [
          0.0,
          0.0,
          0.0,
          1.0
        ]
      ]
    },
    {
      "file_path": "/media/NFS/ttao/scannet/posed_images/scene0379_00/00438.jpg",
      "transform_matrix": [
        [
          0.636287,
          -0.288765,
          0.71537,
          2.874118
        ],
        [
          -0.76991,
          -0.2963,
          0.565194,
          1.204072
        ],
        [
          0.048756,
          -0.910396,
          -0.410855,
          1.540418
        ],
        [
          0.0,
          0.0,
          0.0,
          1.0
        ]
      ]
    },
    {
      "file_path": "/media/NFS/ttao/scannet/posed_images/scene0379_00/00447.jpg",
      "transform_matrix": [
        [
          0.674342,
          -0.249349,
          0.695045,
          3.018633
        ],
        [
          -0.733551,
          -0.334114,
          0.591837,
          1.257196
        ],
        [
          0.08465,
          -0.908952,
          -0.408217,
          1.534837
        ],
        [
          0.0,
          0.0,
          0.0,
          1.0
        ]
      ]
    },
    {
      "file_path": "/media/NFS/ttao/scannet/posed_images/scene0379_00/00453.jpg",
      "transform_matrix": [
        [
          0.698457,
          -0.235553,
          0.675775,
          3.10839
        ],
        [
          -0.711226,
          -0.333322,
          0.618913,
          1.27855
        ],
        [
          0.079463,
          -0.912914,
          -0.400343,
          1.538479
        ],
        [
          0.0,
          0.0,
          0.0,
          1.0
        ]
      ]
    },
    {
      "file_path": "/media/NFS/ttao/scannet/posed_images/scene0379_00/00459.jpg",
      "transform_matrix": [
        [
          0.731122,
          -0.218026,
          0.646471,
          3.176781
        ],
        [
          -0.678189,
          -0.335451,
          0.65386,
          1.297364
        ],
        [
          0.074301,
          -0.916481,
          -0.393118,
          1.535215
        ],
        [
          0.0,
          0.0,
          0.0,
          1.0
        ]
      ]
    },
    {
      "file_path": "/media/NFS/ttao/scannet/posed_images/scene0379_00/00465.jpg",
      "transform_matrix": [
        [
          0.787884,
          -0.188656,
          0.586215,
          3.250559
        ],
        [
          -0.612495,
          -0.338907,
          0.714137,
          1.311816
        ],
        [
          0.063946,
          -0.921711,
          -0.38257,
          1.530566
        ],
        [
          0.0,
          0.0,
          0.0,
          1.0
        ]
      ]
    },
    {
      "file_path": "/media/NFS/ttao/scannet/posed_images/scene0379_00/00475.jpg",
      "transform_matrix": [
        [
          0.896702,
          -0.087707,
          0.433858,
          3.371286
        ],
        [
          -0.436728,
          -0.334905,
          0.83493,
          1.31596
        ],
        [
          0.072072,
          -0.938161,
          -0.338614,
          1.546995
        ],
        [
          0.0,
          0.0,
          0.0,
          1.0
        ]
      ]
    },
    {
      "file_path": "/media/NFS/ttao/scannet/posed_images/scene0379_00/00479.jpg",
      "transform_matrix": [
        [
          0.923217,
          -0.066751,
          0.378437,
          3.409908
        ],
        [
          -0.378349,
          -0.330239,
          0.864751,
          1.322242
        ],
        [
          0.067252,
          -0.941534,
          -0.330138,
          1.556021
        ],
        [
          0.0,
          0.0,
          0.0,
          1.0
        ]
      ]
    },
    {
      "file_path": "/media/NFS/ttao/scannet/posed_images/scene0379_00/00488.jpg",
      "transform_matrix": [
        [
          0.951622,
          -0.022175,
          0.306469,
          3.494767
        ],
        [
          -0.296862,
          -0.323742,
          0.898367,
          1.347794
        ],
        [
          0.079296,
          -0.945886,
          -0.314663,
          1.557728
        ],
        [
          0.0,
          0.0,
          0.0,
          1.0
        ]
      ]
    },
    {
      "file_path": "/media/NFS/ttao/scannet/posed_images/scene0379_00/00492.jpg",
      "transform_matrix": [
        [
          0.95792,
          -0.018372,
          0.286446,
          3.537722
        ],
        [
          -0.276273,
          -0.32971,
          0.902754,
          1.364322
        ],
        [
          0.077858,
          -0.943903,
          -0.320912,
          1.543137
        ],
        [
          0.0,
          0.0,
          0.0,
          1.0
        ]
      ]
    },
    {
      "file_path": "/media/NFS/ttao/scannet/posed_images/scene0379_00/00502.jpg",
      "transform_matrix": [
        [
          0.971005,
          0.027754,
          0.237441,
          3.637575
        ],
        [
          -0.218804,
          -0.296922,
          0.929496,
          1.430408
        ],
        [
          0.096299,
          -0.954498,
          -0.28224,
          1.561261
        ],
        [
          0.0,
          0.0,
          0.0,
          1.0
        ]
      ]
    },
    {
      "file_path": "/media/NFS/ttao/scannet/posed_images/scene0379_00/00508.jpg",
      "transform_matrix": [
        [
          0.977034,
          0.047003,
          0.207834,
          3.688789
        ],
        [
          -0.185531,
          -0.292049,
          0.938235,
          1.461898
        ],
        [
          0.104798,
          -0.955248,
          -0.276621,
          1.552441
        ],
        [
          0.0,
          0.0,
          0.0,
          1.0
        ]
      ]
    },
    {
      "file_path": "/media/NFS/ttao/scannet/posed_images/scene0379_00/00514.jpg",
      "transform_matrix": [
        [
          0.983391,
          0.027755,
          0.179365,
          3.741444
        ],
        [
          -0.162809,
          -0.3019,
          0.939335,
          1.487912
        ],
        [
          0.080221,
          -0.952936,
          -0.292367,
          1.543838
        ],
        [
          0.0,
          0.0,
          0.0,
          1.0
        ]
      ]
    },
    {
      "file_path": "/media/NFS/ttao/scannet/posed_images/scene0379_00/00518.jpg",
      "transform_matrix": [
        [
          0.987109,
          0.017776,
          0.159062,
          3.782092
        ],
        [
          -0.1471,
          -0.290872,
          0.945386,
          1.498636
        ],
        [
          0.063072,
          -0.956597,
          -0.284508,
          1.545313
        ],
        [
          0.0,
          0.0,
          0.0,
          1.0
        ]
      ]
    },
    {
      "file_path": "/media/NFS/ttao/scannet/posed_images/scene0379_00/00527.jpg",
      "transform_matrix": [
        [
          0.997159,
          0.045271,
          0.060207,
          3.87547
        ],
        [
          -0.0458,
          -0.270205,
          0.961713,
          1.494328
        ],
        [
          0.059806,
          -0.961738,
          -0.267364,
          1.528195
        ],
