{
  "frames": [
    {
      "file_path": "/media/NFS/ttao/scannet/posed_images/scene0019_01/00000.jpg",
      "transform_matrix": [
        [
          -0.827517,
          0.214455,
          -0.518868,
          4.759272
        ],
        [
          0.56141,
          0.306485,
          -0.768691,
          2.343296
        ],
        [
          -0.005825,
          -0.927403,
          -0.374019,
          1.367125
        ],
        [
          0.0,
          0.0,
          0.0,
          1.0
        ]
      ]
    },
    {
      "file_path": "/media/NFS/ttao/scannet/posed_images/scene0019_01/00002.jpg",
      "transform_matrix": [
        [
          -0.816977,
          0.220122,
          -0.533006,
          4.761575
        ],
        [
          0.576487,
          0.288458,
          -0.764496,
          2.347534
        ],
        [
          -0.014533,
          -0.931847,
          -0.362561,
          1.363151
        ],
        [
          0.0,
          0.0,
          0.0,
          1.0
        ]
      ]
    },
    {
      "file_path": "/media/NFS/ttao/scannet/posed_images/scene0019_01/00004.jpg",
      "transform_matrix": [
        [
          -0.811503,
          0.220144,
          -0.541294,
          4.765202
        ],
        [
          0.584193,
          0.284239,
          -0.760215,
          2.345614
        ],
        [
          -0.0135,
          -0.933137,
          -0.359268,
          1.364091
        ],
        [
          0.0,
          0.0,
          0.0,
          1.0
        ]
      ]
    },
    {
      "file_path": "/media/NFS/ttao/scannet/posed_images/scene0019_01/00006.jpg",
      "transform_matrix": [
        [
          -0.807228,
          0.220194,
          -0.547629,
          4.769352
        ],
        [
          0.590118,
          0.282197,
          -0.756391,
          2.344841
        ],
        [
          -0.012014,
          -0.933745,
          -0.357737,
          1.363585
        ],
        [
          0.0,
          0.0,
          0.0,
          1.0
        ]
      ]
    },
    {
      "file_path": "/media/NFS/ttao/scannet/posed_images/scene0019_01/00009.jpg",
      "transform_matrix": [
        [
          -0.799748,
          0.222264,
          -0.557676,
          4.770976
        ],
        [
          0.600278,
          0.28308,
          -0.748019,
          2.345451
        ],
        [
          -0.008391,
          -0.932987,
          -0.359813,
          1.361937
        ],
        [
          0.0,
          0.0,
          0.0,
          1.0
        ]
      ]
    },
    {
      "file_path": "/media/NFS/ttao/scannet/posed_images/scene0019_01/00011.jpg",
      "transform_matrix": [
        [
          -0.791987,
          0.222536,
          -0.568537,
          4.769813
        ],
        [
          0.610519,
          0.281316,
          -0.740357,
          2.347481
        ],
        [
          -0.004817,
          -0.933456,
          -0.358661,
          1.359429
        ],
        [
          0.0,
          0.0,
          0.0,
          1.0
        ]
      ]
    },
    {
      "file_path": "/media/NFS/ttao/scannet/posed_images/scene0019_01/00012.jpg",
      "transform_matrix": [
        [
          -0.784781,
          0.221881,
          -0.578694,
          4.775848
        ],
        [
          0.619771,
          0.278793,
          -0.733593,
          2.343316
        ],
        [
          -0.001435,
          -0.934368,
          -0.356307,
          1.359829
        ],
        [
          0.0,
          0.0,
          0.0,
          1.0
        ]
      ]
    },
    {
      "file_path": "/media/NFS/ttao/scannet/posed_images/scene0019_01/00015.jpg",
      "transform_matrix": [
        [
          -0.763196,
          0.225397,
          -0.605581,
          4.781774
        ],
        [
          0.646101,
          0.25281,
          -0.720167,
          2.340964
        ],
        [
          -0.009226,
          -0.940895,
          -0.338573,
          1.367016
        ],
        [
          0.0,
          0.0,
          0.0,
          1.0
        ]
      ]
    },
    {
      "file_path": "/media/NFS/ttao/scannet/posed_images/scene0019_01/00017.jpg",
      "transform_matrix": [
        [
          -0.751357,
          0.224531,
          -0.620523,
          4.788208
        ],
        [
          0.65976,
          0.236485,
          -0.713297,
          2.34224
        ],
        [
          -0.013413,
          -0.945336,
          -0.325821,
          1.362061
        ],
        [
          0.0,
          0.0,
          0.0,
          1.0
        ]
      ]
    },
    {
      "file_path": "/media/NFS/ttao/scannet/posed_images/scene0019_01/00019.jpg",
      "transform_matrix": [
        [
          -0.737419,
          0.223631,
          -0.63734,
          4.794332
        ],
        [
          0.675347,
          0.228878,
          -0.701086,
          2.340192
        ],
        [
          -0.010911,
          -0.94742,
          -0.319807,
          1.364074
        ],
        [
          0.0,
          0.0,
          0.0,
          1.0
        ]
      ]
    },
    {
      "file_path": "/media/NFS/ttao/scannet/posed_images/scene0019_01/00021.jpg",
      "transform_matrix": [
        [
          -0.721466,
          0.227752,
          -0.653924,
          4.789657
        ],
        [
          0.692404,
          0.226417,
          -0.685063,
          2.332721
        ],
        [
          -0.007965,
          -0.947029,
          -0.321048,
          1.378684
        ],
        [
          0.0,
          0.0,
          0.0,
          1.0
        ]
      ]
    },
    {
      "file_path": "/media/NFS/ttao/scannet/posed_images/scene0019_01/00024.jpg",
      "transform_matrix": [
        [
          -0.692767,
          0.224657,
          -0.685275,
          4.807791
        ],
        [
          0.721152,
          0.210898,
          -0.659896,
          2.325325
        ],
        [
          -0.003727,
          -0.951342,
          -0.308115,
          1.378181
        ],
        [
          0.0,
          0.0,
          0.0,
          1.0
        ]
      ]
    },
    {
      "file_path": "/media/NFS/ttao/scannet/posed_images/scene0019_01/00026.jpg",
      "transform_matrix": [
        [
          -0.667617,
          0.227629,
          -0.708853,
          4.820591
        ],
        [
          0.74449,
          0.198127,
          -0.637558,
          2.31951
        ],
        [
          -0.004684,
          -0.953378,
          -0.301741,
          1.380403
        ],
        [
          0.0,
          0.0,
          0.0,
          1.0
        ]
      ]
    },
    {
      "file_path": "/media/NFS/ttao/scannet/posed_images/scene0019_01/00028.jpg",
      "transform_matrix": [
        [
          -0.639921,
          0.229368,
          -0.733411,
          4.839564
        ],
        [
          0.768394,
          0.180455,
          -0.614008,
          2.315725
        ],
        [
          -0.008486,
          -0.956466,
          -0.291722,
          1.377573
        ],
        [
          0.0,
          0.0,
          0.0,
          1.0
        ]
      ]
    },
    {
      "file_path": "/media/NFS/ttao/scannet/posed_images/scene0019_01/00030.jpg",
      "transform_matrix": [
        [
          -0.613377,
          0.240662,
          -0.752231,
          4.844741
        ],
        [
          0.789759,
          0.178419,
          -0.586896,
          2.307634
        ],
        [
          -0.007031,
          -0.954069,
          -0.299503,
          1.391777
        ],
        [
          0.0,
          0.0,
          0.0,
          1.0
        ]
      ]
    },
    {
      "file_path": "/media/NFS/ttao/scannet/posed_images/scene0019_01/00032.jpg",
      "transform_matrix": [
        [
          -0.586743,
          0.244953,
          -0.771836,
          4.859171
        ],
        [
          0.809744,
          0.169329,
          -0.561821,
          2.304617
        ],
        [
          -0.006926,
          -0.954634,
          -0.297702,
          1.385139
        ],
        [
          0.0,
          0.0,
          0.0,
          1.0
        ]
      ]
    },
    {
      "file_path": "/media/NFS/ttao/scannet/posed_images/scene0019_01/00033.jpg",
      "transform_matrix": [
        [
          -0.570301,
          0.245314,
          -0.78395,
          4.868255
        ],
        [
          0.8214,
          0.161502,
          -0.547009,
          2.30014
        ],
        [
          -0.00758,
          -0.955896,
          -0.293606,
          1.382673
        ],
        [
          0.0,
          0.0,
          0.0,
          1.0
        ]
      ]
    },
    {
      "file_path": "/media/NFS/ttao/scannet/posed_images/scene0019_01/00035.jpg",
      "transform_matrix": [
        [
          -0.531752,
          0.247769,
          -0.809846,
          4.884168
        ],
        [
          0.846821,
          0.142483,
          -0.512438,
          2.295747
        ],
        [
          -0.011577,
          -0.958284,
          -0.285582,
          1.380258
        ],
        [
          0.0,
          0.0,
          0.0,
          1.0
        ]
      ]
    },
    {
      "file_path": "/media/NFS/ttao/scannet/posed_images/scene0019_01/00038.jpg",
      "transform_matrix": [
        [
          -0.47046,
          0.255523,
          -0.844615,
          4.904839
        ],
        [
          0.882282,
          0.119181,
          -0.455384,
          2.289553
        ],
        [
          -0.015699,
          -0.959429,
          -0.281514,
          1.376931
        ],
        [
          0.0,
          0.0,
          0.0,
          1.0
        ]
      ]
    },
    {
      "file_path": "/media/NFS/ttao/scannet/posed_images/scene0019_01/00039.jpg",
      "transform_matrix": [
        [
          -0.450585,
          0.258236,
          -0.854569,
          4.912579
        ],
        [
          0.892583,
          0.11271,
          -0.436569,
          2.287304
        ],
        [
          -0.01642,
          -0.959485,
          -0.281282,
          1.373863
        ],
        [
          0.0,
          0.0,
          0.0,
          1.0
        ]
      ]
    },
    {
      "file_path": "/media/NFS/ttao/scannet/posed_images/scene0019_01/00043.jpg",
      "transform_matrix": [
        [
          -0.389881,
          0.277087,
          -0.878189,
          4.932329
        ],
        [
          0.920304,
          0.083961,
          -0.382087,
          2.305239
        ],
        [
          -0.032137,
          -0.957169,
          -0.28774,
          1.368256
        ],
        [
          0.0,
          0.0,
          0.0,
          1.0
        ]
      ]
    },
    {
      "file_path": "/media/NFS/ttao/scannet/posed_images/scene0019_01/00045.jpg",
      "transform_matrix": [
        [
          -0.359999,
          0.272331,
          -0.892321,
          4.95096
        ],
        [
          0.932606,
          0.078978,
          -0.352148,
          2.302717
        ],
        [
          -0.025427,
          -0.958957,
          -0.282409,
          1.375103
        ],
        [
          0.0,
          0.0,
          0.0,
          1.0
        ]
      ]
    },
    {
      "file_path": "/media/NFS/ttao/scannet/posed_images/scene0019_01/00047.jpg",
      "transform_matrix": [
        [
          -0.33537,
          0.261185,
          -0.905157,
          4.972712
        ],
        [
          0.941794,
          0.069,
          -0.329034,
          2.30523
        ],
        [
          -0.023483,
          -0.96282,
          -0.269123,
          1.375882
        ],
        [
          0.0,
          0.0,
          0.0,
          1.0
        ]
      ]
    },
    {
      "file_path": "/media/NFS/ttao/scannet/posed_images/scene0019_01/00049.jpg",
      "transform_matrix": [
        [
          -0.315299,
          0.24864,
          -0.915841,
          4.994732
        ],
        [
          0.948783,
          0.062316,
          -0.309722,
          2.309752
        ],
        [
          -0.019938,
          -0.966589,
          -0.255554,
          1.374684
        ],
        [
          0.0,
          0.0,
          0.0,
          1.0
        ]
      ]
    },
    {
      "file_path": "/media/NFS/ttao/scannet/posed_images/scene0019_01/00051.jpg",
      "transform_matrix": [
        [
          -0.3001,
          0.242438,
          -0.922585,
          5.006056
        ],
        [
          0.95369,
          0.055614,
          -0.295604,
          2.339223
        ],
        [
          -0.020357,
          -0.968571,
          -0.247901,
          1.367179
        ],
        [
          0.0,
          0.0,
          0.0,
          1.0
        ]
      ]
    },
    {
      "file_path": "/media/NFS/ttao/scannet/posed_images/scene0019_01/00052.jpg",
      "transform_matrix": [
        [
          -0.2835,
          0.24478,
          -0.927206,
          5.013586
        ],
        [
          0.958751,
          0.051574,
          -0.279529,
          2.343259
        ],
        [
          -0.020603,
          -0.968206,
          -0.249305,
          1.370451
        ],
        [
          0.0,
          0.0,
          0.0,
          1.0
        ]
      ]
    },
    {
      "file_path": "/media/NFS/ttao/scannet/posed_images/scene0019_01/00054.jpg",
      "transform_matrix": [
        [
          -0.251856,
          0.248866,
          -0.935219,
          5.037331
        ],
        [
          0.967335,
          0.03594,
          -0.250941,
          2.356858
        ],
        [
          -0.028839,
          -0.967871,
          -0.249788,
          1.361756
        ],
        [
          0.0,
          0.0,
          0.0,
          1.0
        ]
      ]
    },
    {
      "file_path": "/media/NFS/ttao/scannet/posed_images/scene0019_01/00057.jpg",
      "transform_matrix": [
        [
          -0.202842,
          0.271349,
          -0.940864,
          5.06968
        ],
        [
          0.978417,
          0.017458,
          -0.205903,
          2.370507
        ],
        [
          -0.039446,
          -0.962323,
          -0.269034,
          1.367299
        ],
        [
          0.0,
          0.0,
          0.0,
          1.0
        ]
      ]
    },
    {
      "file_path": "/media/NFS/ttao/scannet/posed_images/scene0019_01/00059.jpg",
      "transform_matrix": [
        [
          -0.174235,
          0.268692,
          -0.947337,
          5.094768
        ],
        [
          0.983523,
          0.000369,
          -0.180785,
          2.385902
        ],
        [
          -0.048226,
          -0.963226,
          -0.264329,
          1.371922
        ],
        [
          0.0,
          0.0,
          0.0,
          1.0
        ]
      ]
    },
    {
      "file_path": "/media/NFS/ttao/scannet/posed_images/scene0019_01/00061.jpg",
      "transform_matrix": [
        [
          -0.142735,
          0.266531,
          -0.953199,
          5.116056
        ],
        [
          0.988591,
          -0.008426,
          -0.150391,
          2.380724
        ],
        [
          -0.048115,
          -0.963789,
          -0.262288,
          1.362163
        ],
        [
          0.0,
          0.0,
          0.0,
          1.0
        ]
      ]
    },
    {
      "file_path": "/media/NFS/ttao/scannet/posed_images/scene0019_01/00062.jpg",
      "transform_matrix": [
        [
          -0.131251,
          0.266621,
          -0.954823,
          5.127569
        ],
        [
          0.990201,
          -0.011085,
          -0.139209,
          2.383688
        ],
        [
          -0.0477,
          -0.963738,
          -0.262554,
          1.360344
        ],
        [
          0.0,
          0.0,
          0.0,
          1.0
        ]
      ]
    },
    {
      "file_path": "/media/NFS/ttao/scannet/posed_images/scene0019_01/00066.jpg",
      "transform_matrix": [
        [
          -0.074174,
          0.286629,
          -0.955166,
          5.166518
        ],
        [
          0.99516,
          -0.040634,
          -0.089474,
          2.38857
        ],
        [
          -0.064458,
          -0.95718,
          -0.282228,
          1.366362
        ],
        [
          0.0,
          0.0,
          0.0,
          1.0
        ]
      ]
    },
    {
      "file_path": "/media/NFS/ttao/scannet/posed_images/scene0019_01/00068.jpg",
      "transform_matrix": [
        [
          -0.052357,
          0.285161,
          -0.957049,
          5.184974
        ],
        [
          0.995603,
          -0.059638,
          -0.072236,
          2.394729
        ],
        [
          -0.077675,
          -0.956623,
          -0.280785,
          1.370112
        ],
        [
          0.0,
          0.0,
          0.0,
          1.0
        ]
      ]
    },
    {
      "file_path": "/media/NFS/ttao/scannet/posed_images/scene0019_01/00069.jpg",
      "transform_matrix": [
        [
          -0.040488,
          0.279152,
          -0.959393,
          5.192012
        ],
        [
          0.996104,
          -0.064003,
          -0.060659,
          2.386447
        ],
        [
          -0.078337,
          -0.958112,
          -0.275473,
          1.368149
        ],
        [
          0.0,
          0.0,
          0.0,
          1.0
        ]
      ]
    },
    {
      "file_path": "/media/NFS/ttao/scannet/posed_images/scene0019_01/00071.jpg",
      "transform_matrix": [
        [
          -0.02331,
          0.27379,
          -0.961507,
          5.201858
        ],
        [
          0.996772,
          -0.06755,
          -0.0434,
          2.385094
        ],
        [
          -0.076833,
          -0.959414,
          -0.271332,
          1.369658
        ],
        [
          0.0,
          0.0,
          0.0,
          1.0
        ]
      ]
    },
    {
      "file_path": "/media/NFS/ttao/scannet/posed_images/scene0019_01/00073.jpg",
      "transform_matrix": [
        [
          0.00669,
          0.272834,
          -0.962038,
          5.21264
        ],
        [
          0.996997,
          -0.076048,
          -0.014634,
          2.375575
        ],
        [
          -0.077154,
          -0.959051,
          -0.272524,
          1.375346
        ],
        [
          0.0,
          0.0,
          0.0,
          1.0
        ]
      ]
    },
    {
      "file_path": "/media/NFS/ttao/scannet/posed_images/scene0019_01/00076.jpg",
      "transform_matrix": [
        [
          0.057104,
          0.249421,
          -0.96671,
          5.231848
        ],
        [
          0.995902,
          -0.082252,
          0.037607,
          2.361642
        ],
        [
          -0.070134,
          -0.964896,
          -0.253095,
          1.386625
        ],
        [
          0.0,
          0.0,
          0.0,
          1.0
        ]
      ]
    },
    {
      "file_path": "/media/NFS/ttao/scannet/posed_images/scene0019_01/00078.jpg",
      "transform_matrix": [
        [
          0.097263,
          0.217848,
          -0.971124,
          5.245307
        ],
        [
          0.992909,
          -0.088253,
          0.079647,
          2.343259
        ],
        [
          -0.068354,
          -0.971984,
          -0.224887,
          1.373429
        ],
        [
          0.0,
          0.0,
          0.0,
          1.0
        ]
      ]
    },
    {
      "file_path": "/media/NFS/ttao/scannet/posed_images/scene0019_01/00079.jpg",
      "transform_matrix": [
        [
          0.111468,
          0.212685,
          -0.970742,
          5.254439
        ],
        [
          0.991203,
          -0.093938,
          0.093237,
          2.336743
        ],
        [
          -0.071359,
          -0.972595,
          -0.221285,
          1.377345
        ],
        [
          0.0,
          0.0,
          0.0,
          1.0
        ]
      ]
    },
    {
      "file_path": "/media/NFS/ttao/scannet/posed_images/scene0019_01/00082.jpg",
      "transform_matrix": [
        [
          0.141264,
          0.203743,
          -0.968779,
          5.272241
        ],
        [
          0.986956,
          -0.105309,
          0.121768,
          2.328751
        ],
        [
          -0.077212,
          -0.973344,
          -0.215962,
          1.393928
        ],
        [
          0.0,
          0.0,
          0.0,
          1.0
        ]
      ]
    },
    {
      "file_path": "/media/NFS/ttao/scannet/posed_images/scene0019_01/00083.jpg",
      "transform_matrix": [
        [
          0.14659,
          0.202113,
          -0.968329,
          5.278961
        ],
        [
          0.985754,
          -0.111457,
          0.125964,
          2.330883
        ],
        [
          -0.082468,
          -0.972999,
          -0.215572,
          1.406327
        ],
        [
          0.0,
          0.0,
          0.0,
          1.0
        ]
      ]
    },
    {
      "file_path": "/media/NFS/ttao/scannet/posed_images/scene0019_01/00086.jpg",
      "transform_matrix": [
        [
          0.182686,
          0.179555,
          -0.966636,
          5.293364
        ],
        [
          0.979438,
          -0.118839,
          0.163031,
          2.288125
        ],
        [
          -0.085601,
          -0.976544,
          -0.197573,
          1.405782
        ],
        [
          0.0,
          0.0,
          0.0,
          1.0
        ]
      ]
    },
    {
      "file_path": "/media/NFS/ttao/scannet/posed_images/scene0019_01/00088.jpg",
      "transform_matrix": [
        [
          0.21218,
          0.183114,
          -0.959921,
          5.302469
        ],
        [
          0.973859,
          -0.121146,
          0.192151,
          2.258987
        ],
        [
          -0.081106,
          -0.975599,
          -0.204033,
          1.419293
        ],
        [
          0.0,
          0.0,
          0.0,
          1.0
        ]
      ]
    },
    {
      "file_path": "/media/NFS/ttao/scannet/posed_images/scene0019_01/00091.jpg",
      "transform_matrix": [
        [
          0.258752,
          0.157278,
          -0.953054,
          5.326284
        ],
        [
          0.963353,
          -0.114239,
          0.242696,
          2.219005
        ],
        [
          -0.070705,
          -0.980925,
          -0.181074,
          1.396205
        ],
        [
          0.0,
          0.0,
          0.0,
          1.0
        ]
      ]
    },
    {
      "file_path": "/media/NFS/ttao/scannet/posed_images/scene0019_01/00093.jpg",
      "transform_matrix": [
        [
          0.278598,
          0.141553,
          -0.949919,
          5.337868
        ],
        [
          0.957959,
          -0.11154,
          0.264335,
          2.205278
        ],
        [
          -0.068537,
          -0.983627,
          -0.166677,
          1.390162
        ],
        [
          0.0,
          0.0,
          0.0,
          1.0
        ]
      ]
    },
    {
      "file_path": "/media/NFS/ttao/scannet/posed_images/scene0019_01/00095.jpg",
      "transform_matrix": [
        [
          0.307591,
          0.128446,
          -0.942809,
          5.339196
        ],
        [
          0.948662,
          -0.118123,
          0.293408,
          2.169437
        ],
        [
          -0.07368,
          -0.984657,
          -0.158185,
          1.390047
        ],
        [
          0.0,
          0.0,
          0.0,
          1.0
        ]
      ]
    },
    {
      "file_path": "/media/NFS/ttao/scannet/posed_images/scene0019_01/00096.jpg",
      "transform_matrix": [
        [
          0.320066,
          0.124581,
          -0.939168,
          5.341456
        ],
        [
          0.944327,
          -0.121672,
          0.305684,
          2.160612
        ],
        [
          -0.076188,
          -0.984721,
          -0.156588,
          1.387664
        ],
        [
          0.0,
          0.0,
          0.0,
          1.0
        ]
      ]
    },
    {
      "file_path": "/media/NFS/ttao/scannet/posed_images/scene0019_01/00098.jpg",
      "transform_matrix": [
        [
          0.342374,
          0.125576,
          -0.931134,
          5.346494
        ],
        [
          0.936136,
          -0.130162,
          0.326659,
          2.150825
        ],
        [
          -0.080178,
          -0.983508,
          -0.16212,
          1.399364
        ],
        [
          0.0,
          0.0,
          0.0,
          1.0
        ]
      ]
    },
    {
      "file_path": "/media/NFS/ttao/scannet/posed_images/scene0019_01/00100.jpg",
      "transform_matrix": [
        [
          0.373664,
          0.121542,
          -0.919567,
          5.337134
        ],
        [
          0.924094,
          -0.134452,
          0.357732,
          2.120255
        ],
        [
          -0.080158,
          -0.983438,
          -0.162556,
          1.403161
        ],
        [
          0.0,
          0.0,
          0.0,
          1.0
        ]
      ]
    },
    {
      "file_path": "/media/NFS/ttao/scannet/posed_images/scene0019_01/00102.jpg",
      "transform_matrix": [
        [
          0.386619,
          0.121564,
          -0.914193,
          5.344522
        ],
        [
          0.918846,
          -0.135736,
          0.370538,
          2.119592
        ],
        [
          -0.079045,
          -0.983259,
          -0.164177,
          1.390804
        ],
        [
          0.0,
          0.0,
          0.0,
          1.0
        ]
      ]
    },
    {
      "file_path": "/media/NFS/ttao/scannet/posed_images/scene0019_01/00104.jpg",
      "transform_matrix": [
        [
          0.399008,
          0.125607,
          -0.908303,
          5.344575
        ],
        [
          0.913445,
          -0.14095,
          0.381775,
          2.120113
        ],
        [
          -0.080071,
          -0.982016,
          -0.170975,
          1.392166
        ],
        [
          0.0,
          0.0,
          0.0,
          1.0
        ]
      ]
    },
    {
      "file_path": "/media/NFS/ttao/scannet/posed_images/scene0019_01/00107.jpg",
      "transform_matrix": [
        [
          0.429843,
          0.129072,
          -0.893631,
          5.331186
        ],
        [
          0.899365,
          -0.148748,
          0.411117,
          2.107817
        ],
        [
          -0.079862,
          -0.980415,
          -0.180021,
          1.396701
        ],
        [
          0.0,
          0.0,
          0.0,
          1.0
        ]
      ]
    },
    {
      "file_path": "/media/NFS/ttao/scannet/posed_images/scene0019_01/00110.jpg",
      "transform_matrix": [
        [
          0.466788,
          0.11721,
          -0.876568,
          5.310055
        ],
        [
          0.879968,
          -0.160325,
          0.447161,
          2.09923
        ],
        [
          -0.088124,
          -0.980081,
          -0.177979,
          1.403117
        ],
        [
          0.0,
          0.0,
          0.0,
          1.0
        ]
      ]
    },
    {
      "file_path": "/media/NFS/ttao/scannet/posed_images/scene0019_01/00112.jpg",
      "transform_matrix": [
        [
          0.47567,
          0.113497,
          -0.872271,
          5.305477
        ],
        [
          0.874922,
          -0.163443,
          0.455849,
          2.112536
        ],
        [
          -0.090829,
          -0.980002,
          -0.177046,
          1.393763
        ],
        [
          0.0,
          0.0,
          0.0,
          1.0
        ]
      ]
    },
    {
      "file_path": "/media/NFS/ttao/scannet/posed_images/scene0019_01/00114.jpg",
      "transform_matrix": [
        [
          0.491033,
          0.111796,
          -0.863938,
          5.283318
        ],
        [
          0.866126,
          -0.168908,
          0.47042,
          2.098046
        ],
        [
          -0.093335,
          -0.979271,
          -0.179769,
          1.401226
        ],
        [
          0.0,
          0.0,
          0.0,
          1.0
        ]
      ]
    },
    {
      "file_path": "/media/NFS/ttao/scannet/posed_images/scene0019_01/00115.jpg",
      "transform_matrix": [
        [
          0.492388,
          0.110672,
          -0.863311,
          5.280737
        ],
        [
          0.86514,
          -0.170868,
          0.471527,
          2.104692
        ],
        [
          -0.095327,
          -0.979059,
          -0.17988,
          1.402685
        ],
        [
          0.0,
          0.0,
          0.0,
          1.0
        ]
      ]
    },
    {
      "file_path": "/media/NFS/ttao/scannet/posed_images/scene0019_01/00117.jpg",
      "transform_matrix": [
        [
          0.493494,
          0.103287,
          -0.863595,
          5.275146
        ],
        [
          0.863675,
          -0.17534,
          0.472569,
          2.118948
        ],
        [
          -0.102612,
          -0.979075,
          -0.175736,
          1.401991
        ],
        [
          0.0,
          0.0,
          0.0,
          1.0
        ]
      ]
    },
    {
      "file_path": "/media/NFS/ttao/scannet/posed_images/scene0019_01/00119.jpg",
      "transform_matrix": [
        [
          0.506546,
          0.092836,
          -0.857201,
          5.254772
        ],
        [
          0.85633,
          -0.170113,
          0.487608,
          2.110647
        ],
        [
          -0.100553,
          -0.981042,
          -0.165668,
          1.399167
        ],
        [
          0.0,
          0.0,
          0.0,
          1.0
        ]
      ]
    },
    {
      "file_path": "/media/NFS/ttao/scannet/posed_images/scene0019_01/00122.jpg",
      "transform_matrix": [
        [
          0.518222,
          0.087547,
          -0.850754,
          5.236267
        ],
        [
          0.850403,
          -0.158458,
          0.501703,
          2.12881
        ],
        [
          -0.090886,
          -0.983477,
          -0.156567,
          1.433116
        ],
        [
          0.0,
          0.0,
          0.0,
          1.0
        ]
      ]
    },
    {
      "file_path": "/media/NFS/ttao/scannet/posed_images/scene0019_01/00123.jpg",
      "transform_matrix": [
        [
          0.516414,
          0.084163,
          -0.852194,
          5.232601
        ],
        [
          0.851635,
          -0.154645,
          0.500803,
          2.139908
        ],
        [
          -0.089639,
          -0.984379,
          -0.151537,
          1.427127
        ],
        [
          0.0,
          0.0,
          0.0,
          1.0
        ]
      ]
    },
    {
      "file_path": "/media/NFS/ttao/scannet/posed_images/scene0019_01/00125.jpg",
      "transform_matrix": [
        [
          0.517548,
          0.086338,
          -0.851287,
          5.221969
        ],
        [
          0.851224,
          -0.153058,
          0.501987,
          2.154785
        ],
        [
          -0.086955,
          -0.984439,
          -0.152708,
          1.432606
        ],
        [
          0.0,
          0.0,
          0.0,
          1.0
        ]
      ]
    },
    {
      "file_path": "/media/NFS/ttao/scannet/posed_images/scene0019_01/00127.jpg",
      "transform_matrix": [
        [
          0.531767,
          0.080329,
          -0.843072,
          5.203347
        ],
        [
          0.842199,
          -0.154796,
          0.516468,
          2.154449
        ],
        [
          -0.089017,
          -0.984675,
          -0.149968,
          1.436667
        ],
        [
          0.0,
          0.0,
          0.0,
          1.0
        ]
      ]
    },
    {
      "file_path": "/media/NFS/ttao/scannet/posed_images/scene0019_01/00131.jpg",
      "transform_matrix": [
        [
          0.559727,
          0.075103,
          -0.825267,
          5.165329
        ],
        [
          0.822955,
          -0.167211,
          0.542942,
          2.171971
        ],
        [
          -0.097217,
          -0.983056,
          -0.155399,
          1.422727
        ],
        [
          0.0,
          0.0,
          0.0,
          1.0
        ]
      ]
    },
    {
      "file_path": "/media/NFS/ttao/scannet/posed_images/scene0019_01/00132.jpg",
      "transform_matrix": [
        [
          0.568465,
          0.075401,
          -0.819245,
          5.156553
        ],
        [
          0.817279,
          -0.16596,
          0.551826,
          2.174795
        ],
        [
          -0.094354,
          -0.983246,
          -0.155966,
          1.41932
        ],
        [
          0.0,
          0.0,
          0.0,
          1.0
        ]
      ]
    },
    {
      "file_path": "/media/NFS/ttao/scannet/posed_images/scene0019_01/00134.jpg",
      "transform_matrix": [
        [
          0.591944,
          0.083238,
          -0.801669,
          5.132871
        ],
        [
          0.80075,
          -0.173854,
          0.573214,
          2.175431
        ],
        [
          -0.09166,
          -0.981247,
          -0.169565,
          1.42931
        ],
        [
          0.0,
          0.0,
          0.0,
          1.0
        ]
      ]
    },
    {
      "file_path": "/media/NFS/ttao/scannet/posed_images/scene0019_01/00137.jpg",
      "transform_matrix": [
        [
          0.626566,
          0.090608,
          -0.774084,
          5.098445
        ],
        [
          0.773343,
          -0.195548,
          0.603077,
          2.174132
        ],
        [
          -0.096727,
          -0.9765,
          -0.192595,
          1.433991
        ],
        [
          0.0,
          0.0,
          0.0,
          1.0
        ]
      ]
    },
    {
      "file_path": "/media/NFS/ttao/scannet/posed_images/scene0019_01/00139.jpg",
      "transform_matrix": [
        [
          0.653771,
          0.093617,
          -0.750879,
          5.070637
        ],
        [
          0.750746,
          -0.204407,
          0.628171,
          2.169719
        ],
        [
          -0.094678,
          -0.974399,
          -0.203918,
          1.434992
        ],
        [
          0.0,
          0.0,
          0.0,
          1.0
        ]
      ]
    },
    {
      "file_path": "/media/NFS/ttao/scannet/posed_images/scene0019_01/00141.jpg",
      "transform_matrix": [
        [
          0.680274,
          0.095676,
          -0.726687,
          5.048007
        ],
        [
          0.726731,
          -0.216998,
          0.651746,
          2.173245
        ],
        [
          -0.095333,
          -0.971472,
          -0.217149,
          1.444508
        ],
        [
          0.0,
          0.0,
          0.0,
          1.0
        ]
      ]
    },
    {
      "file_path": "/media/NFS/ttao/scannet/posed_images/scene0019_01/00142.jpg",
      "transform_matrix": [
        [
          0.693013,
          0.093801,
          -0.714797,
          5.03498
        ],
        [
          0.714597,
          -0.220464,
          0.663888,
          2.170821
        ],
        [
          -0.095313,
          -0.970874,
          -0.219815,
          1.444568
        ],
        [
          0.0,
          0.0,
          0.0,
          1.0
        ]
      ]
    },
    {
      "file_path": "/media/NFS/ttao/scannet/posed_images/scene0019_01/00145.jpg",
      "transform_matrix": [
        [
          0.729884,
          0.094362,
          -0.677026,
          4.991172
        ],
        [
          0.67835,
          -0.222156,
          0.700348,
          2.158798
        ],
        [
          -0.084319,
          -0.970434,
          -0.226159,
          1.449228
        ],
        [
          0.0,
          0.0,
          0.0,
          1.0
        ]
      ]
    },
    {
      "file_path": "/media/NFS/ttao/scannet/posed_images/scene0019_01/00146.jpg",
      "transform_matrix": [
        [
          0.742383,
          0.088201,
          -0.664145,
          4.975329
        ],
        [
          0.665007,
          -0.217521,
          0.714459,
          2.153853
        ],
        [
          -0.08145,
          -0.972063,
          -0.220138,
          1.447895
        ],
        [
          0.0,
          0.0,
          0.0,
          1.0
        ]
      ]
    },
    {
      "file_path": "/media/NFS/ttao/scannet/posed_images/scene0019_01/00149.jpg",
      "transform_matrix": [
        [
          0.769476,
          0.059943,
          -0.635856,
          4.944425
        ],
        [
          0.632678,
          -0.207659,
          0.746054,
          2.141019
        ],
        [
          -0.087321,
          -0.976363,
          -0.197713,
          1.454496
        ],
        [
          0.0,
          0.0,
          0.0,
          1.0
        ]
      ]
    },
    {
      "file_path": "/media/NFS/ttao/scannet/posed_images/scene0019_01/00150.jpg",
      "transform_matrix": [
        [
          0.77107,
          0.06102,
          -0.63382,
          4.951364
        ],
        [
          0.630796,
          -0.209008,
          0.74727,
          2.152778
        ],
        [
          -0.086875,
          -0.976008,
          -0.199651,
          1.460935
        ],
        [
          0.0,
          0.0,
          0.0,
          1.0
        ]
      ]
    },
    {
      "file_path": "/media/NFS/ttao/scannet/posed_images/scene0019_01/00154.jpg",
      "transform_matrix": [
        [
          0.808403,
          0.033215,
          -0.587692,
          4.899146
        ],
        [
          0.57908,
          -0.223991,
          0.783897,
          2.125644
        ],
        [
          -0.1056,
          -0.974025,
          -0.200309,
          1.479557
        ],
        [
          0.0,
          0.0,
          0.0,
          1.0
        ]
      ]
    },
    {
      "file_path": "/media/NFS/ttao/scannet/posed_images/scene0019_01/00155.jpg",
      "transform_matrix": [
        [
          0.816561,
          0.025876,
          -0.576679,
          4.885583
        ],
        [
          0.565838,
          -0.23362,
          0.790727,
          2.118688
        ],
        [
          -0.114263,
          -0.971984,
          -0.205407,
          1.482015
        ],
        [
          0.0,
          0.0,
          0.0,
          1.0
        ]
      ]
    },
    {
      "file_path": "/media/NFS/ttao/scannet/posed_images/scene0019_01/00157.jpg",
      "transform_matrix": [
        [
          0.831176,
          0.018386,
          -0.555706,
          4.860417
        ],
        [
          0.541975,
          -0.249929,
          0.802371,
          2.110374
        ],
        [
          -0.124135,
          -0.96809,
          -0.2177,
          1.487169
        ],
        [
          0.0,
          0.0,
          0.0,
          1.0
        ]
      ]
    },
    {
      "file_path": "/media/NFS/ttao/scannet/posed_images/scene0019_01/00159.jpg",
      "transform_matrix": [
        [
          0.848076,
          0.022942,
          -0.529378,
          4.837474
        ],
        [
          0.5158,
          -0.264485,
          0.814861,
          2.104548
        ],
        [
          -0.121318,
          -0.964117,
          -0.236137,
          1.495226
        ],
        [
          0.0,
          0.0,
          0.0,
          1.0
        ]
      ]
    },
    {
      "file_path": "/media/NFS/ttao/scannet/posed_images/scene0019_01/00162.jpg",
      "transform_matrix": [
        [
          0.873717,
          0.018843,
          -0.486069,
          4.821363
        ],
        [
          0.470779,
          -0.284224,
          0.835215,
          2.113325
        ],
        [
          -0.122415,
          -0.958573,
