{
  "frames": [
    {
      "file_path": "/media/NFS/ttao/scannet/posed_images/scene0192_02/00000.jpg",
      "transform_matrix": [
        [
          -0.894164,
          0.327841,
          -0.304943,
          4.670558
        ],
        [
          0.445271,
          0.579698,
          -0.682411,
          4.025663
        ],
        [
          -0.046947,
          -0.74597,
          -0.664323,
          1.419651
        ],
        [
          0.0,
          0.0,
          0.0,
          1.0
        ]
      ]
    },
    {
      "file_path": "/media/NFS/ttao/scannet/posed_images/scene0192_02/00002.jpg",
      "transform_matrix": [
        [
          -0.895041,
          0.325801,
          -0.30456,
          4.673367
        ],
        [
          0.443915,
          0.585098,
          -0.678675,
          4.030133
        ],
        [
          -0.042916,
          -0.74264,
          -0.668315,
          1.410027
        ],
        [
          0.0,
          0.0,
          0.0,
          1.0
        ]
      ]
    },
    {
      "file_path": "/media/NFS/ttao/scannet/posed_images/scene0192_02/00005.jpg",
      "transform_matrix": [
        [
          -0.893231,
          0.32525,
          -0.310404,
          4.676999
        ],
        [
          0.448561,
          0.597841,
          -0.664363,
          4.024433
        ],
        [
          -0.030512,
          -0.732665,
          -0.679905,
          1.407841
        ],
        [
          0.0,
          0.0,
          0.0,
          1.0
        ]
      ]
    },
    {
      "file_path": "/media/NFS/ttao/scannet/posed_images/scene0192_02/00010.jpg",
      "transform_matrix": [
        [
          -0.885933,
          0.338231,
          -0.317368,
          4.68556
        ],
        [
          0.463319,
          0.61379,
          -0.639216,
          4.005082
        ],
        [
          -0.021405,
          -0.713345,
          -0.700486,
          1.409973
        ],
        [
          0.0,
          0.0,
          0.0,
          1.0
        ]
      ]
    },
    {
      "file_path": "/media/NFS/ttao/scannet/posed_images/scene0192_02/00013.jpg",
      "transform_matrix": [
        [
          -0.886112,
          0.339379,
          -0.31564,
          4.685987
        ],
        [
          0.462633,
          0.606731,
          -0.646412,
          4.005084
        ],
        [
          -0.02787,
          -0.718818,
          -0.694639,
          1.408561
        ],
        [
          0.0,
          0.0,
          0.0,
          1.0
        ]
      ]
    },
    {
      "file_path": "/media/NFS/ttao/scannet/posed_images/scene0192_02/00014.jpg",
      "transform_matrix": [
        [
          -0.885466,
          0.33931,
          -0.317522,
          4.687926
        ],
        [
          0.463911,
          0.605503,
          -0.646647,
          4.005825
        ],
        [
          -0.027153,
          -0.719885,
          -0.693562,
          1.406703
        ],
        [
          0.0,
          0.0,
          0.0,
          1.0
        ]
      ]
    },
    {
      "file_path": "/media/NFS/ttao/scannet/posed_images/scene0192_02/00017.jpg",
      "transform_matrix": [
        [
          -0.884307,
          0.334731,
          -0.325508,
          4.688725
        ],
        [
          0.466631,
          0.609706,
          -0.640714,
          4.004481
        ],
        [
          -0.016002,
          -0.71848,
          -0.695364,
          1.400182
        ],
        [
          0.0,
          0.0,
          0.0,
          1.0
        ]
      ]
    },
    {
      "file_path": "/media/NFS/ttao/scannet/posed_images/scene0192_02/00021.jpg",
      "transform_matrix": [
        [
          -0.877446,
          0.351701,
          -0.326182,
          4.690349
        ],
        [
          0.479286,
          0.615433,
          -0.625721,
          4.001918
        ],
        [
          -0.019324,
          -0.705371,
          -0.708575,
          1.391039
        ],
        [
          0.0,
          0.0,
          0.0,
          1.0
        ]
      ]
    },
    {
      "file_path": "/media/NFS/ttao/scannet/posed_images/scene0192_02/00022.jpg",
      "transform_matrix": [
        [
          -0.874708,
          0.358902,
          -0.325692,
          4.68951
        ],
        [
          0.484063,
          0.613872,
          -0.623574,
          4.002512
        ],
        [
          -0.023869,
          -0.7031,
          -0.71069,
          1.390641
        ],
        [
          0.0,
          0.0,
          0.0,
          1.0
        ]
      ]
    },
    {
      "file_path": "/media/NFS/ttao/scannet/posed_images/scene0192_02/00027.jpg",
      "transform_matrix": [
        [
          -0.860737,
          0.395189,
          -0.320869,
          4.671666
        ],
        [
          0.506793,
          0.605962,
          -0.613165,
          4.012105
        ],
        [
          -0.047882,
          -0.690388,
          -0.721853,
          1.387374
        ],
        [
          0.0,
          0.0,
          0.0,
          1.0
        ]
      ]
    },
    {
      "file_path": "/media/NFS/ttao/scannet/posed_images/scene0192_02/00028.jpg",
      "transform_matrix": [
        [
          -0.858376,
          0.396482,
          -0.325567,
          4.668524
        ],
        [
          0.510833,
          0.601993,
          -0.613722,
          4.018001
        ],
        [
          -0.047341,
          -0.693114,
          -0.719272,
          1.387199
        ],
        [
          0.0,
          0.0,
          0.0,
          1.0
        ]
      ]
    },
    {
      "file_path": "/media/NFS/ttao/scannet/posed_images/scene0192_02/00032.jpg",
      "transform_matrix": [
        [
          -0.843235,
          0.411075,
          -0.346371,
          4.661238
        ],
        [
          0.536059,
          0.595156,
          -0.598691,
          4.046499
        ],
        [
          -0.039962,
          -0.690512,
          -0.722216,
          1.387484
        ],
        [
          0.0,
          0.0,
          0.0,
          1.0
        ]
      ]
    },
    {
      "file_path": "/media/NFS/ttao/scannet/posed_images/scene0192_02/00035.jpg",
      "transform_matrix": [
        [
          -0.839947,
          0.405953,
          -0.360128,
          4.648643
        ],
        [
          0.541522,
          0.583868,
          -0.604858,
          4.08908
        ],
        [
          -0.035276,
          -0.703066,
          -0.710249,
          1.395503
        ],
        [
          0.0,
          0.0,
          0.0,
          1.0
        ]
      ]
    },
    {
      "file_path": "/media/NFS/ttao/scannet/posed_images/scene0192_02/00036.jpg",
      "transform_matrix": [
        [
          -0.837815,
          0.402182,
          -0.36921,
          4.646203
        ],
        [
          0.545098,
          0.578335,
          -0.606958,
          4.107427
        ],
        [
          -0.030581,
          -0.709774,
          -0.703766,
          1.394222
        ],
        [
          0.0,
          0.0,
          0.0,
          1.0
        ]
      ]
    },
    {
      "file_path": "/media/NFS/ttao/scannet/posed_images/scene0192_02/00041.jpg",
      "transform_matrix": [
        [
          -0.822721,
          0.393769,
          -0.409971,
          4.649484
        ],
        [
          0.568393,
          0.579673,
          -0.583874,
          4.192327
        ],
        [
          0.007737,
          -0.71339,
          -0.700725,
          1.389576
        ],
        [
          0.0,
          0.0,
          0.0,
          1.0
        ]
      ]
    },
    {
      "file_path": "/media/NFS/ttao/scannet/posed_images/scene0192_02/00043.jpg",
      "transform_matrix": [
        [
          -0.816433,
          0.395799,
          -0.420452,
          4.641307
        ],
        [
          0.577227,
          0.579178,
          -0.57564,
          4.224533
        ],
        [
          0.015679,
          -0.712668,
          -0.701326,
          1.393281
        ],
        [
          0.0,
          0.0,
          0.0,
          1.0
        ]
      ]
    },
    {
      "file_path": "/media/NFS/ttao/scannet/posed_images/scene0192_02/00047.jpg",
      "transform_matrix": [
        [
          -0.800685,
          0.402617,
          -0.443625,
          4.625193
        ],
        [
          0.598503,
          0.570218,
          -0.562712,
          4.287532
        ],
        [
          0.026406,
          -0.716066,
          -0.697533,
          1.399957
        ],
        [
          0.0,
          0.0,
          0.0,
          1.0
        ]
      ]
    },
    {
      "file_path": "/media/NFS/ttao/scannet/posed_images/scene0192_02/00048.jpg",
      "transform_matrix": [
        [
          -0.796101,
          0.404596,
          -0.450028,
          4.621777
        ],
        [
          0.604523,
          0.565891,
          -0.560642,
          4.300976
        ],
        [
          0.027833,
          -0.71838,
          -0.695094,
          1.4031
        ],
        [
          0.0,
          0.0,
          0.0,
          1.0
        ]
      ]
    },
    {
      "file_path": "/media/NFS/ttao/scannet/posed_images/scene0192_02/00052.jpg",
      "transform_matrix": [
        [
          -0.774365,
          0.422831,
          -0.470715,
          4.590421
        ],
        [
          0.632391,
          0.541855,
          -0.553601,
          4.358397
        ],
        [
          0.020979,
          -0.726366,
          -0.686988,
          1.412367
        ],
        [
          0.0,
          0.0,
          0.0,
          1.0
        ]
      ]
    },
    {
      "file_path": "/media/NFS/ttao/scannet/posed_images/scene0192_02/00053.jpg",
      "transform_matrix": [
        [
          -0.769064,
          0.428649,
          -0.474132,
          4.579412
        ],
        [
          0.638941,
          0.535526,
          -0.552238,
          4.372094
        ],
        [
          0.017194,
          -0.727648,
          -0.685735,
          1.41688
        ],
        [
          0.0,
          0.0,
          0.0,
          1.0
        ]
      ]
    },
    {
      "file_path": "/media/NFS/ttao/scannet/posed_images/scene0192_02/00058.jpg",
      "transform_matrix": [
        [
          -0.723846,
          0.454183,
          -0.51939,
          4.512897
        ],
        [
          0.689951,
          0.480626,
          -0.541263,
          4.44847
        ],
        [
          0.0038,
          -0.750145,
          -0.661263,
          1.422486
        ],
        [
          0.0,
          0.0,
          0.0,
          1.0
        ]
      ]
    },
    {
      "file_path": "/media/NFS/ttao/scannet/posed_images/scene0192_02/00059.jpg",
      "transform_matrix": [
        [
          -0.717795,
          0.458367,
          -0.52409,
          4.498581
        ],
        [
          0.696249,
          0.475531,
          -0.537687,
          4.462902
        ],
        [
          0.002763,
          -0.750846,
          -0.660471,
          1.42192
        ],
        [
          0.0,
          0.0,
          0.0,
          1.0
        ]
      ]
    },
    {
      "file_path": "/media/NFS/ttao/scannet/posed_images/scene0192_02/00063.jpg",
      "transform_matrix": [
        [
          -0.704173,
          0.463007,
          -0.538298,
          4.439608
        ],
        [
          0.70999,
          0.467058,
          -0.52704,
          4.512467
        ],
        [
          0.007393,
          -0.753313,
          -0.65762,
          1.408389
        ],
        [
          0.0,
          0.0,
          0.0,
          1.0
        ]
      ]
    },
    {
      "file_path": "/media/NFS/ttao/scannet/posed_images/scene0192_02/00067.jpg",
      "transform_matrix": [
        [
          -0.710531,
          0.446195,
          -0.54411,
          4.383861
        ],
        [
          0.70365,
          0.455672,
          -0.545197,
          4.558516
        ],
        [
          0.004672,
          -0.770242,
          -0.637734,
          1.409045
        ],
        [
          0.0,
          0.0,
          0.0,
          1.0
        ]
      ]
    },
    {
      "file_path": "/media/NFS/ttao/scannet/posed_images/scene0192_02/00070.jpg",
      "transform_matrix": [
        [
          -0.725767,
          0.44221,
          -0.526984,
          4.335399
        ],
        [
          0.68791,
          0.473711,
          -0.549889,
          4.590637
        ],
        [
          0.006472,
          -0.761609,
          -0.648004,
          1.408585
        ],
        [
          0.0,
          0.0,
          0.0,
          1.0
        ]
      ]
    },
    {
      "file_path": "/media/NFS/ttao/scannet/posed_images/scene0192_02/00072.jpg",
      "transform_matrix": [
        [
          -0.731434,
          0.430127,
          -0.529146,
          4.308682
        ],
        [
          0.681786,
          0.476195,
          -0.555343,
          4.610703
        ],
        [
          0.013109,
          -0.766961,
          -0.64156,
          1.411681
        ],
        [
          0.0,
          0.0,
          0.0,
          1.0
        ]
      ]
    },
    {
      "file_path": "/media/NFS/ttao/scannet/posed_images/scene0192_02/00073.jpg",
      "transform_matrix": [
        [
          -0.732107,
          0.426628,
          -0.531045,
          4.294653
        ],
        [
          0.681033,
          0.475152,
          -0.557157,
          4.623344
        ],
        [
          0.014628,
          -0.769557,
          -0.63841,
          1.413034
        ],
        [
          0.0,
          0.0,
          0.0,
          1.0
        ]
      ]
    },
    {
      "file_path": "/media/NFS/ttao/scannet/posed_images/scene0192_02/00077.jpg",
      "transform_matrix": [
        [
          -0.728989,
          0.430132,
          -0.532505,
          4.241991
        ],
        [
          0.68451,
          0.463228,
          -0.562908,
          4.667098
        ],
        [
          0.004546,
          -0.774859,
          -0.632118,
          1.420044
        ],
        [
          0.0,
          0.0,
          0.0,
          1.0
        ]
      ]
    },
    {
      "file_path": "/media/NFS/ttao/scannet/posed_images/scene0192_02/00081.jpg",
      "transform_matrix": [
        [
          -0.732375,
          0.429427,
          -0.528412,
          4.170869
        ],
        [
          0.680845,
          0.451876,
          -0.576419,
          4.738557
        ],
        [
          -0.008753,
          -0.781921,
          -0.623316,
          1.413966
        ],
        [
          0.0,
          0.0,
          0.0,
          1.0
        ]
      ]
    },
    {
      "file_path": "/media/NFS/ttao/scannet/posed_images/scene0192_02/00082.jpg",
      "transform_matrix": [
        [
          -0.73627,
          0.425228,
          -0.526391,
          4.158473
        ],
        [
          0.676645,
          0.453923,
          -0.579746,
          4.753133
        ],
        [
          -0.007583,
          -0.78303,
          -0.621938,
          1.41162
        ],
        [
          0.0,
          0.0,
          0.0,
          1.0
        ]
      ]
    },
    {
      "file_path": "/media/NFS/ttao/scannet/posed_images/scene0192_02/00087.jpg",
      "transform_matrix": [
        [
          -0.77055,
          0.377938,
          -0.51324,
          4.099086
        ],
        [
          0.636883,
          0.488313,
          -0.596599,
          4.829811
        ],
        [
          0.025144,
          -0.786583,
          -0.616972,
          1.412676
        ],
        [
          0.0,
          0.0,
          0.0,
          1.0
        ]
      ]
    },
    {
      "file_path": "/media/NFS/ttao/scannet/posed_images/scene0192_02/00088.jpg",
      "transform_matrix": [
        [
          -0.777493,
          0.369304,
          -0.509038,
          4.091145
        ],
        [
          0.628305,
          0.491098,
          -0.60337,
          4.848948
        ],
        [
          0.02716,
          -0.788947,
          -0.613861,
          1.408105
        ],
        [
          0.0,
          0.0,
          0.0,
          1.0
        ]
      ]
    },
    {
      "file_path": "/media/NFS/ttao/scannet/posed_images/scene0192_02/00092.jpg",
      "transform_matrix": [
        [
          -0.809605,
          0.346639,
          -0.473688,
          4.027736
        ],
        [
          0.586005,
          0.523678,
          -0.618352,
          4.923608
        ],
        [
          0.033715,
          -0.778205,
          -0.627105,
          1.419781
        ],
        [
          0.0,
          0.0,
          0.0,
          1.0
        ]
      ]
    },
    {
      "file_path": "/media/NFS/ttao/scannet/posed_images/scene0192_02/00095.jpg",
      "transform_matrix": [
        [
          -0.828096,
          0.335786,
          -0.448893,
          3.990697
        ],
        [
          0.559432,
          0.546361,
          -0.623318,
          4.969967
        ],
        [
          0.035956,
          -0.767292,
          -0.640289,
          1.41759
        ],
        [
          0.0,
          0.0,
          0.0,
          1.0
        ]
      ]
    },
    {
      "file_path": "/media/NFS/ttao/scannet/posed_images/scene0192_02/00098.jpg",
      "transform_matrix": [
        [
          -0.842918,
          0.325261,
          -0.428596,
          3.945839
        ],
        [
          0.537123,
          0.55523,
          -0.634995,
          5.004202
        ],
        [
          0.03143,
          -0.765458,
          -0.642718,
          1.427654
        ],
        [
          0.0,
          0.0,
          0.0,
          1.0
        ]
      ]
    },
    {
      "file_path": "/media/NFS/ttao/scannet/posed_images/scene0192_02/00100.jpg",
      "transform_matrix": [
        [
          -0.854781,
          0.316718,
          -0.411145,
          3.914257
        ],
        [
          0.518425,
          0.558022,
          -0.647956,
          5.030898
        ],
        [
          0.024209,
          -0.767008,
          -0.64118,
          1.428988
        ],
        [
          0.0,
          0.0,
          0.0,
          1.0
        ]
      ]
    },
    {
      "file_path": "/media/NFS/ttao/scannet/posed_images/scene0192_02/00102.jpg",
      "transform_matrix": [
        [
          -0.867024,
          0.302948,
          -0.39559,
          3.87976
        ],
        [
          0.497711,
          0.564051,
          -0.658886,
          5.04872
        ],
        [
          0.023525,
          -0.76816,
          -0.639826,
          1.431166
        ],
        [
          0.0,
          0.0,
          0.0,
          1.0
        ]
      ]
    },
    {
      "file_path": "/media/NFS/ttao/scannet/posed_images/scene0192_02/00105.jpg",
      "transform_matrix": [
        [
          -0.882571,
          0.284968,
          -0.37398,
          3.824784
        ],
        [
          0.469779,
          0.567228,
          -0.676432,
          5.070957
        ],
        [
          0.019371,
          -0.772688,
          -0.634491,
          1.427514
        ],
        [
          0.0,
          0.0,
          0.0,
          1.0
        ]
      ]
    },
    {
      "file_path": "/media/NFS/ttao/scannet/posed_images/scene0192_02/00108.jpg",
      "transform_matrix": [
        [
          -0.895421,
          0.264804,
          -0.35791,
          3.764506
        ],
        [
          0.444416,
          0.57991,
          -0.682788,
          5.081991
        ],
        [
          0.02675,
          -0.770444,
          -0.636946,
          1.425407
        ],
        [
          0.0,
          0.0,
          0.0,
          1.0
        ]
      ]
    },
    {
      "file_path": "/media/NFS/ttao/scannet/posed_images/scene0192_02/00111.jpg",
      "transform_matrix": [
        [
          -0.917126,
          0.222979,
          -0.330394,
          3.70586
        ],
        [
          0.396903,
          0.587219,
          -0.705438,
          5.095934
        ],
        [
          0.036715,
          -0.77811,
          -0.627055,
          1.424152
        ],
        [
          0.0,
          0.0,
          0.0,
          1.0
        ]
      ]
    },
    {
      "file_path": "/media/NFS/ttao/scannet/posed_images/scene0192_02/00115.jpg",
      "transform_matrix": [
        [
          -0.946447,
          0.174119,
          -0.271882,
          3.621601
        ],
        [
          0.319829,
          0.620722,
          -0.715831,
          5.107686
        ],
        [
          0.044123,
          -0.764452,
          -0.643169,
          1.433459
        ],
        [
          0.0,
          0.0,
          0.0,
          1.0
        ]
      ]
    },
    {
      "file_path": "/media/NFS/ttao/scannet/posed_images/scene0192_02/00118.jpg",
      "transform_matrix": [
        [
          -0.957761,
          0.142701,
          -0.249659,
          3.570768
        ],
        [
          0.28263,
          0.627262,
          -0.725715,
          5.113881
        ],
        [
          0.053042,
          -0.765623,
          -0.641099,
          1.441587
        ],
        [
          0.0,
          0.0,
          0.0,
          1.0
        ]
      ]
    },
    {
      "file_path": "/media/NFS/ttao/scannet/posed_images/scene0192_02/00120.jpg",
      "transform_matrix": [
        [
          -0.965311,
          0.128697,
          -0.227183,
          3.526086
        ],
        [
          0.256588,
          0.628685,
          -0.73411,
          5.119255
        ],
        [
          0.048349,
          -0.766937,
          -0.639899,
          1.446548
        ],
        [
          0.0,
          0.0,
          0.0,
          1.0
        ]
      ]
    },
    {
      "file_path": "/media/NFS/ttao/scannet/posed_images/scene0192_02/00123.jpg",
      "transform_matrix": [
        [
          -0.973642,
          0.114103,
          -0.197491,
          3.469198
        ],
        [
          0.224734,
          0.627793,
          -0.745232,
          5.123993
        ],
        [
          0.03895,
          -0.769972,
          -0.636888,
          1.457364
        ],
        [
          0.0,
          0.0,
          0.0,
          1.0
        ]
      ]
    },
    {
      "file_path": "/media/NFS/ttao/scannet/posed_images/scene0192_02/00126.jpg",
      "transform_matrix": [
        [
          -0.981495,
          0.093508,
          -0.167103,
          3.413085
        ],
        [
          0.188728,
          0.619994,
          -0.761571,
          5.130862
        ],
        [
          0.03239,
          -0.779015,
          -0.626168,
          1.461308
        ],
        [
          0.0,
          0.0,
          0.0,
          1.0
        ]
      ]
    },
    {
      "file_path": "/media/NFS/ttao/scannet/posed_images/scene0192_02/00129.jpg",
      "transform_matrix": [
        [
          -0.98781,
          0.065201,
          -0.141351,
          3.355044
        ],
        [
          0.15132,
          0.615217,
          -0.773699,
          5.139694
        ],
        [
          0.036516,
          -0.785657,
          -0.617584,
          1.460096
        ],
        [
          0.0,
          0.0,
          0.0,
          1.0
        ]
      ]
    },
    {
      "file_path": "/media/NFS/ttao/scannet/posed_images/scene0192_02/00130.jpg",
      "transform_matrix": [
        [
          -0.989974,
          0.053313,
          -0.130802,
          3.332094
        ],
        [
          0.135756,
          0.614862,
          -0.776862,
          5.144156
        ],
        [
          0.039008,
          -0.786831,
          -0.615935,
          1.455925
        ],
        [
          0.0,
          0.0,
          0.0,
          1.0
        ]
      ]
    },
    {
      "file_path": "/media/NFS/ttao/scannet/posed_images/scene0192_02/00134.jpg",
      "transform_matrix": [
        [
          -0.996231,
          0.017978,
          -0.08486,
          3.245843
        ],
        [
          0.078433,
          0.60453,
          -0.792712,
          5.160904
        ],
        [
          0.037049,
          -0.79638,
          -0.603661,
          1.457899
        ],
        [
          0.0,
          0.0,
          0.0,
          1.0
        ]
      ]
    },
    {
      "file_path": "/media/NFS/ttao/scannet/posed_images/scene0192_02/00138.jpg",
      "transform_matrix": [
        [
          -0.999043,
          -0.024831,
          -0.036011,
          3.160515
        ],
        [
          0.013166,
          0.614388,
          -0.788894,
          5.168425
        ],
        [
          0.041714,
          -0.788613,
          -0.613473,
          1.468297
        ],
        [
          0.0,
          0.0,
          0.0,
          1.0
        ]
      ]
    },
    {
      "file_path": "/media/NFS/ttao/scannet/posed_images/scene0192_02/00141.jpg",
      "transform_matrix": [
        [
          -0.998661,
          -0.05174,
          0.000671,
          3.106342
        ],
        [
          -0.033114,
          0.629067,
          -0.776646,
          5.162043
        ],
        [
          0.039761,
          -0.775628,
          -0.629937,
          1.47975
        ],
        [
          0.0,
          0.0,
          0.0,
          1.0
        ]
      ]
    },
    {
      "file_path": "/media/NFS/ttao/scannet/posed_images/scene0192_02/00143.jpg",
      "transform_matrix": [
        [
          -0.997949,
          -0.061886,
          0.016397,
          3.070601
        ],
        [
          -0.051126,
          0.616198,
          -0.78593,
          5.159673
        ],
        [
          0.038534,
          -0.785156,
          -0.618098,
          1.485476
        ],
        [
          0.0,
          0.0,
          0.0,
          1.0
        ]
      ]
    },
    {
      "file_path": "/media/NFS/ttao/scannet/posed_images/scene0192_02/00144.jpg",
      "transform_matrix": [
        [
          -0.997527,
          -0.066438,
          0.022918,
          3.053628
        ],
        [
          -0.058887,
          0.612139,
          -0.788554,
          5.159646
        ],
        [
          0.038362,
          -0.787954,
          -0.614538,
          1.484091
        ],
        [
          0.0,
          0.0,
          0.0,
          1.0
        ]
      ]
    },
    {
      "file_path": "/media/NFS/ttao/scannet/posed_images/scene0192_02/00149.jpg",
      "transform_matrix": [
        [
          -0.994898,
          -0.075153,
          0.067299,
          2.953599
        ],
        [
          -0.099157,
          0.605634,
          -0.789541,
          5.128813
        ],
        [
          0.018577,
          -0.792187,
          -0.609996,
          1.483071
        ],
        [
          0.0,
          0.0,
          0.0,
          1.0
        ]
      ]
    },
    {
      "file_path": "/media/NFS/ttao/scannet/posed_images/scene0192_02/00150.jpg",
      "transform_matrix": [
        [
          -0.994285,
          -0.078194,
          0.072684,
          2.933122
        ],
        [
          -0.105303,
          0.606314,
          -0.788223,
          5.119443
        ],
        [
          0.017565,
          -0.791372,
          -0.611083,
          1.480608
        ],
        [
          0.0,
          0.0,
          0.0,
          1.0
        ]
      ]
    },
    {
      "file_path": "/media/NFS/ttao/scannet/posed_images/scene0192_02/00155.jpg",
      "transform_matrix": [
        [
          -0.993229,
          -0.092589,
          0.070172,
          2.842358
        ],
        [
          -0.111926,
          0.600738,
          -0.791572,
          5.062393
        ],
        [
          0.031135,
          -0.794066,
          -0.607033,
          1.463423
        ],
        [
          0.0,
          0.0,
          0.0,
          1.0
        ]
      ]
    },
    {
      "file_path": "/media/NFS/ttao/scannet/posed_images/scene0192_02/00156.jpg",
      "transform_matrix": [
        [
          -0.99253,
          -0.101783,
          0.067267,
          2.825188
        ],
        [
          -0.115093,
          0.598228,
          -0.793017,
          5.05499
        ],
        [
          0.040474,
          -0.794835,
          -0.605474,
          1.458198
        ],
        [
          0.0,
          0.0,
          0.0,
          1.0
        ]
      ]
    },
    {
      "file_path": "/media/NFS/ttao/scannet/posed_images/scene0192_02/00160.jpg",
      "transform_matrix": [
        [
          -0.986122,
          -0.140826,
          0.087928,
          2.737812
        ],
        [
          -0.157109,
          0.620367,
          -0.768415,
          4.99027
        ],
        [
          0.053666,
          -0.771565,
          -0.633883,
          1.475857
        ],
        [
          0.0,
          0.0,
          0.0,
          1.0
        ]
      ]
    },
    {
      "file_path": "/media/NFS/ttao/scannet/posed_images/scene0192_02/00161.jpg",
      "transform_matrix": [
        [
          -0.984556,
          -0.150231,
          0.089886,
          2.715425
        ],
        [
          -0.164152,
          0.613729,
          -0.772263,
          4.986552
        ],
        [
          0.060852,
          -0.775092,
          -0.628912,
          1.469102
        ],
        [
          0.0,
          0.0,
          0.0,
          1.0
        ]
      ]
    },
    {
      "file_path": "/media/NFS/ttao/scannet/posed_images/scene0192_02/00166.jpg",
      "transform_matrix": [
        [
          -0.9818,
          -0.156287,
          0.107908,
          2.631671
        ],
        [
          -0.181315,
          0.602236,
          -0.777455,
          4.916101
        ],
        [
          0.05652,
          -0.78287,
          -0.619612,
          1.500848
        ],
        [
          0.0,
          0.0,
          0.0,
          1.0
        ]
      ]
    },
    {
      "file_path": "/media/NFS/ttao/scannet/posed_images/scene0192_02/00168.jpg",
      "transform_matrix": [
        [
          -0.98076,
          -0.160098,
          0.111704,
          2.600751
        ],
        [
          -0.186261,
          0.596113,
          -0.780997,
          4.89072
        ],
        [
          0.058448,
          -0.786777,
          -0.614464,
          1.506443
        ],
        [
          0.0,
          0.0,
          0.0,
          1.0
        ]
      ]
    },
    {
      "file_path": "/media/NFS/ttao/scannet/posed_images/scene0192_02/00171.jpg",
      "transform_matrix": [
        [
          -0.977062,
          -0.169855,
          0.128453,
          2.555597
        ],
        [
          -0.20469,
          0.582621,
          -0.786546,
          4.854734
        ],
        [
          0.058759,
          -0.794797,
          -0.604024,
          1.507719
        ],
        [
          0.0,
          0.0,
          0.0,
          1.0
        ]
      ]
    },
    {
      "file_path": "/media/NFS/ttao/scannet/posed_images/scene0192_02/00175.jpg",
      "transform_matrix": [
        [
          -0.966534,
          -0.202372,
          0.157662,
          2.480847
        ],
        [
          -0.246098,
          0.557889,
          -0.792588,
          4.800825
        ],
        [
          0.07244,
          -0.804863,
          -0.589023,
          1.509287
        ],
        [
          0.0,
          0.0,
          0.0,
          1.0
        ]
      ]
    },
    {
      "file_path": "/media/NFS/ttao/scannet/posed_images/scene0192_02/00176.jpg",
      "transform_matrix": [
        [
          -0.963863,
          -0.210093,
          0.163794,
          2.464707
        ],
        [
          -0.25546,
          0.554563,
          -0.79196,
          4.783338
        ],
        [
          0.075551,
          -0.805184,
          -0.588193,
          1.514427
        ],
        [
          0.0,
          0.0,
          0.0,
          1.0
        ]
      ]
    },
    {
      "file_path": "/media/NFS/ttao/scannet/posed_images/scene0192_02/00180.jpg",
      "transform_matrix": [
        [
          -0.953462,
          -0.225721,
          0.1999,
          2.391662
        ],
        [
          -0.291674,
          0.522519,
          -0.801187,
          4.734284
        ],
        [
          0.076393,
          -0.822207,
          -0.564039,
          1.518791
        ],
        [
          0.0,
          0.0,
          0.0,
          1.0
        ]
      ]
    },
    {
      "file_path": "/media/NFS/ttao/scannet/posed_images/scene0192_02/00182.jpg",
      "transform_matrix": [
        [
          -0.945879,
          -0.251526,
          0.205054,
          2.364543
        ],
        [
          -0.309196,
          0.506641,
          -0.804806,
          4.70561
        ],
        [
          0.098541,
          -0.824651,
          -0.556992,
          1.537037
        ],
        [
          0.0,
          0.0,
          0.0,
          1.0
        ]
      ]
    },
    {
      "file_path": "/media/NFS/ttao/scannet/posed_images/scene0192_02/00184.jpg",
      "transform_matrix": [
        [
          -0.942008,
          -0.270159,
          0.199085,
          2.346862
        ],
        [
          -0.314259,
          0.50201,
          -0.805746,
          4.686551
        ],
        [
          0.117737,
          -0.821584,
          -0.557797,
          1.535079
        ],
        [
          0.0,
          0.0,
          0.0,
          1.0
        ]
      ]
    },
    {
      "file_path": "/media/NFS/ttao/scannet/posed_images/scene0192_02/00189.jpg",
      "transform_matrix": [
        [
          -0.941445,
          -0.270373,
          0.201446,
          2.300559
        ],
        [
          -0.312166,
          0.473183,
          -0.823802,
          4.629098
        ],
        [
          0.127413,
          -0.838449,
          -0.529876,
          1.566463
        ],
        [
          0.0,
          0.0,
          0.0,
          1.0
        ]
      ]
    },
    {
      "file_path": "/media/NFS/ttao/scannet/posed_images/scene0192_02/00190.jpg",
      "transform_matrix": [
        [
          -0.942501,
          -0.269767,
          0.197275,
          2.304578
        ],
        [
          -0.306527,
          0.46258,
          -0.831902,
          4.628553
        ],
        [
          0.133164,
          -0.844539,
          -0.518673,
          1.563411
        ],
        [
          0.0,
          0.0,
          0.0,
          1.0
        ]
      ]
    },
    {
      "file_path": "/media/NFS/ttao/scannet/posed_images/scene0192_02/00193.jpg",
      "transform_matrix": [
        [
          -0.949321,
          -0.257925,
          0.179624,
          2.285348
        ],
        [
          -0.281177,
          0.441511,
          -0.852061,
          4.592505
        ],
        [
          0.140462,
          -0.859385,
          -0.491658,
          1.585908
        ],
        [
          0.0,
          0.0,
          0.0,
          1.0
        ]
      ]
    },
    {
      "file_path": "/media/NFS/ttao/scannet/posed_images/scene0192_02/00195.jpg",
      "transform_matrix": [
        [
          -0.955746,
          -0.246392,
          0.160748,
          2.278825
        ],
        [
          -0.25683,
          0.432309,
          -0.864377,
          4.566836
        ],
        [
          0.143483,
          -0.86741,
          -0.476458,
          1.60219
        ],
        [
          0.0,
          0.0,
          0.0,
          1.0
        ]
      ]
    },
    {
      "file_path": "/media/NFS/ttao/scannet/posed_images/scene0192_02/00200.jpg",
      "transform_matrix": [
        [
          -0.966497,
          -0.227325,
          0.11919,
          2.246703
        ],
        [
          -0.201488,
          0.384254,
          -0.900972,
          4.526785
        ],
        [
          0.159014,
          -0.894803,
          -0.417184,
          1.613172
        ],
        [
          0.0,
          0.0,
          0.0,
          1.0
        ]
      ]
    },
    {
      "file_path": "/media/NFS/ttao/scannet/posed_images/scene0192_02/00203.jpg",
      "transform_matrix": [
        [
          -0.970008,
          -0.22091,
          0.101407,
          2.235267
        ],
        [
          -0.177234,
          0.357269,
          -0.917032,
          4.498985
        ],
        [
          0.166352,
          -0.907501,
          -0.385707,
          1.617429
        ],
        [
          0.0,
          0.0,
          0.0,
          1.0
        ]
      ]
    },
    {
      "file_path": "/media/NFS/ttao/scannet/posed_images/scene0192_02/00206.jpg",
      "transform_matrix": [
        [
          -0.971087,
          -0.220549,
          0.091367,
          2.22132
        ],
        [
          -0.164658,
          0.34168,
          -0.92528,
          4.468096
        ],
        [
          0.172851,
          -0.913571,
          -0.368116,
          1.623848
        ],
        [
          0.0,
          0.0,
          0.0,
          1.0
        ]
      ]
    },
    {
      "file_path": "/media/NFS/ttao/scannet/posed_images/scene0192_02/00209.jpg",
      "transform_matrix": [
        [
          -0.971336,
          -0.217765,
          0.095317,
          2.206204
        ],
        [
          -0.164807,
          0.327963,
          -0.930204,
          4.435452
        ],
        [
          0.171306,
          -0.919249,
          -0.354452,
          1.629374
        ],
        [
          0.0,
          0.0,
          0.0,
          1.0
        ]
      ]
    },
    {
      "file_path": "/media/NFS/ttao/scannet/posed_images/scene0192_02/00212.jpg",
      "transform_matrix": [
        [
          -0.970544,
          -0.216559,
          0.105573,
          2.185026
        ],
        [
          -0.174572,
          0.330145,
          -0.927647,
          4.401124
        ],
        [
          0.166036,
          -0.918752,
          -0.358226,
          1.628133
        ],
        [
          0.0,
          0.0,
          0.0,
          1.0
        ]
      ]
    },
    {
      "file_path": "/media/NFS/ttao/scannet/posed_images/scene0192_02/00213.jpg",
      "transform_matrix": [
        [
          -0.970219,
          -0.216748,
          0.108142,
          2.184919
        ],
        [
          -0.177514,
          0.332461,
          -0.92626,
          4.389393
        ],
        [
          0.164812,
          -0.917873,
          -0.361036,
          1.631796
        ],
        [
          0.0,
          0.0,
          0.0,
          1.0
        ]
      ]
    },
    {
      "file_path": "/media/NFS/ttao/scannet/posed_images/scene0192_02/00215.jpg",
      "transform_matrix": [
        [
          -0.969035,
          -0.214194,
          0.122853,
          2.180367
        ],
        [
          -0.191437,
          0.337444,
          -0.921674,
          4.370404
        ],
        [
          0.155961,
          -0.916653,
          -0.368,
          1.637126
        ],
        [
          0.0,
          0.0,
          0.0,
          1.0
        ]
      ]
    },
    {
      "file_path": "/media/NFS/ttao/scannet/posed_images/scene0192_02/00219.jpg",
      "transform_matrix": [
        [
          -0.958964,
          -0.219392,
          0.179596,
          2.167577
        ],
        [
          -0.246598,
          0.332802,
          -0.910182,
          4.336688
        ],
        [
          0.139917,
          -0.91712,
