{
  "frames": [
    {
      "file_path": "/media/NFS/ttao/scannet/posed_images/scene0367_01/00000.jpg",
      "transform_matrix": [
        [
          0.975753,
          -0.187253,
          0.113323,
          3.001236
        ],
        [
          -0.184844,
          -0.42773,
          0.884805,
          3.720712
        ],
        [
          -0.117211,
          -0.884298,
          -0.451971,
          1.816197
        ],
        [
          0.0,
          0.0,
          0.0,
          1.0
        ]
      ]
    },
    {
      "file_path": "/media/NFS/ttao/scannet/posed_images/scene0367_01/00003.jpg",
      "transform_matrix": [
        [
          0.974274,
          -0.207416,
          0.088145,
          2.995047
        ],
        [
          -0.175329,
          -0.451835,
          0.874702,
          3.749965
        ],
        [
          -0.1416,
          -0.867654,
          -0.476577,
          1.792004
        ],
        [
          0.0,
          0.0,
          0.0,
          1.0
        ]
      ]
    },
    {
      "file_path": "/media/NFS/ttao/scannet/posed_images/scene0367_01/00007.jpg",
      "transform_matrix": [
        [
          0.976866,
          -0.198743,
          0.078957,
          3.009722
        ],
        [
          -0.162391,
          -0.449146,
          0.878577,
          3.794258
        ],
        [
          -0.139148,
          -0.871074,
          -0.471029,
          1.795127
        ],
        [
          0.0,
          0.0,
          0.0,
          1.0
        ]
      ]
    },
    {
      "file_path": "/media/NFS/ttao/scannet/posed_images/scene0367_01/00012.jpg",
      "transform_matrix": [
        [
          0.984396,
          -0.16854,
          0.05059,
          3.043809
        ],
        [
          -0.117529,
          -0.415747,
          0.901854,
          3.837078
        ],
        [
          -0.130966,
          -0.893727,
          -0.429068,
          1.776686
        ],
        [
          0.0,
          0.0,
          0.0,
          1.0
        ]
      ]
    },
    {
      "file_path": "/media/NFS/ttao/scannet/posed_images/scene0367_01/00015.jpg",
      "transform_matrix": [
        [
          0.981351,
          -0.187445,
          0.042604,
          3.072658
        ],
        [
          -0.121643,
          -0.433955,
          0.892684,
          3.869827
        ],
        [
          -0.148841,
          -0.881219,
          -0.448664,
          1.76938
        ],
        [
          0.0,
          0.0,
          0.0,
          1.0
        ]
      ]
    },
    {
      "file_path": "/media/NFS/ttao/scannet/posed_images/scene0367_01/00020.jpg",
      "transform_matrix": [
        [
          0.984018,
          -0.177952,
          0.006415,
          3.117878
        ],
        [
          -0.087378,
          -0.451157,
          0.888157,
          3.922732
        ],
        [
          -0.155155,
          -0.874523,
          -0.459496,
          1.75872
        ],
        [
          0.0,
          0.0,
          0.0,
          1.0
        ]
      ]
    },
    {
      "file_path": "/media/NFS/ttao/scannet/posed_images/scene0367_01/00024.jpg",
      "transform_matrix": [
        [
          0.988495,
          -0.150351,
          -0.016521,
          3.13926
        ],
        [
          -0.057791,
          -0.476358,
          0.87735,
          3.970208
        ],
        [
          -0.13978,
          -0.866301,
          -0.479566,
          1.74639
        ],
        [
          0.0,
          0.0,
          0.0,
          1.0
        ]
      ]
    },
    {
      "file_path": "/media/NFS/ttao/scannet/posed_images/scene0367_01/00028.jpg",
      "transform_matrix": [
        [
          0.991091,
          -0.120999,
          -0.055657,
          3.153137
        ],
        [
          -0.008408,
          -0.473897,
          0.88054,
          4.020338
        ],
        [
          -0.132921,
          -0.872227,
          -0.470692,
          1.735312
        ],
        [
          0.0,
          0.0,
          0.0,
          1.0
        ]
      ]
    },
    {
      "file_path": "/media/NFS/ttao/scannet/posed_images/scene0367_01/00031.jpg",
      "transform_matrix": [
        [
          0.992655,
          -0.095019,
          -0.074882,
          3.16655
        ],
        [
          0.01871,
          -0.490948,
          0.870988,
          4.075953
        ],
        [
          -0.119524,
          -0.865992,
          -0.485564,
          1.744254
        ],
        [
          0.0,
          0.0,
          0.0,
          1.0
        ]
      ]
    },
    {
      "file_path": "/media/NFS/ttao/scannet/posed_images/scene0367_01/00035.jpg",
      "transform_matrix": [
        [
          0.99382,
          -0.075562,
          -0.081311,
          3.186105
        ],
        [
          0.034773,
          -0.483721,
          0.874531,
          4.150758
        ],
        [
          -0.105413,
          -0.871954,
          -0.478104,
          1.740111
        ],
        [
          0.0,
          0.0,
          0.0,
          1.0
        ]
      ]
    },
    {
      "file_path": "/media/NFS/ttao/scannet/posed_images/scene0367_01/00036.jpg",
      "transform_matrix": [
        [
          0.994508,
          -0.066125,
          -0.081119,
          3.191741
        ],
        [
          0.039067,
          -0.48451,
          0.873913,
          4.171554
        ],
        [
          -0.097091,
          -0.872283,
          -0.479266,
          1.740707
        ],
        [
          0.0,
          0.0,
          0.0,
          1.0
        ]
      ]
    },
    {
      "file_path": "/media/NFS/ttao/scannet/posed_images/scene0367_01/00041.jpg",
      "transform_matrix": [
        [
          0.996733,
          -0.046139,
          -0.066294,
          3.202704
        ],
        [
          0.036618,
          -0.47345,
          0.880059,
          4.274387
        ],
        [
          -0.071992,
          -0.879612,
          -0.470213,
          1.739237
        ],
        [
          0.0,
          0.0,
          0.0,
          1.0
        ]
      ]
    },
    {
      "file_path": "/media/NFS/ttao/scannet/posed_images/scene0367_01/00043.jpg",
      "transform_matrix": [
        [
          0.995683,
          -0.042566,
          -0.08248,
          3.201268
        ],
        [
          0.052284,
          -0.477015,
          0.877339,
          4.306259
        ],
        [
          -0.076689,
          -0.877864,
          -0.47273,
          1.74278
        ],
        [
          0.0,
          0.0,
          0.0,
          1.0
        ]
      ]
    },
    {
      "file_path": "/media/NFS/ttao/scannet/posed_images/scene0367_01/00050.jpg",
      "transform_matrix": [
        [
          0.979619,
          -0.007896,
          -0.200707,
          3.211079
        ],
        [
          0.172483,
          -0.478994,
          0.860705,
          4.387765
        ],
        [
          -0.102934,
          -0.877782,
          -0.46787,
          1.741889
        ],
        [
          0.0,
          0.0,
          0.0,
          1.0
        ]
      ]
    },
    {
      "file_path": "/media/NFS/ttao/scannet/posed_images/scene0367_01/00051.jpg",
      "transform_matrix": [
        [
          0.977948,
          -0.003596,
          -0.208817,
          3.211216
        ],
        [
          0.181384,
          -0.480993,
          0.857756,
          4.398011
        ],
        [
          -0.103523,
          -0.876717,
          -0.469734,
          1.741928
        ],
        [
          0.0,
          0.0,
          0.0,
          1.0
        ]
      ]
    },
    {
      "file_path": "/media/NFS/ttao/scannet/posed_images/scene0367_01/00057.jpg",
      "transform_matrix": [
        [
          0.942854,
          0.055454,
          -0.328559,
          3.205379
        ],
        [
          0.310261,
          -0.505691,
          0.804993,
          4.444491
        ],
        [
          -0.121509,
          -0.86093,
          -0.493998,
          1.725547
        ],
        [
          0.0,
          0.0,
          0.0,
          1.0
        ]
      ]
    },
    {
      "file_path": "/media/NFS/ttao/scannet/posed_images/scene0367_01/00060.jpg",
      "transform_matrix": [
        [
          0.909193,
          0.075284,
          -0.409511,
          3.21433
        ],
        [
          0.388898,
          -0.504896,
          0.770609,
          4.464516
        ],
        [
          -0.148746,
          -0.859891,
          -0.488326,
          1.726303
        ],
        [
          0.0,
          0.0,
          0.0,
          1.0
        ]
      ]
    },
    {
      "file_path": "/media/NFS/ttao/scannet/posed_images/scene0367_01/00064.jpg",
      "transform_matrix": [
        [
          0.86129,
          0.140515,
          -0.488298,
          3.228264
        ],
        [
          0.488351,
          -0.494332,
          0.719131,
          4.48841
        ],
        [
          -0.140333,
          -0.857841,
          -0.494384,
          1.724092
        ],
        [
          0.0,
          0.0,
          0.0,
          1.0
        ]
      ]
    },
    {
      "file_path": "/media/NFS/ttao/scannet/posed_images/scene0367_01/00068.jpg",
      "transform_matrix": [
        [
          0.817907,
          0.206504,
          -0.537014,
          3.242186
        ],
        [
          0.565038,
          -0.464223,
          0.682076,
          4.498134
        ],
        [
          -0.108443,
          -0.861309,
          -0.496374,
          1.720721
        ],
        [
          0.0,
          0.0,
          0.0,
          1.0
        ]
      ]
    },
    {
      "file_path": "/media/NFS/ttao/scannet/posed_images/scene0367_01/00069.jpg",
      "transform_matrix": [
        [
          0.80628,
          0.22195,
          -0.548316,
          3.24377
        ],
        [
          0.582775,
          -0.456962,
          0.671981,
          4.501208
        ],
        [
          -0.101414,
          -0.86135,
          -0.497786,
          1.723989
        ],
        [
          0.0,
          0.0,
          0.0,
          1.0
        ]
      ]
    },
    {
      "file_path": "/media/NFS/ttao/scannet/posed_images/scene0367_01/00073.jpg",
      "transform_matrix": [
        [
          0.74925,
          0.275743,
          -0.602154,
          3.251438
        ],
        [
          0.657481,
          -0.419024,
          0.626209,
          4.501018
        ],
        [
          -0.079645,
          -0.865092,
          -0.49525,
          1.723226
        ],
        [
          0.0,
          0.0,
          0.0,
          1.0
        ]
      ]
    },
    {
      "file_path": "/media/NFS/ttao/scannet/posed_images/scene0367_01/00079.jpg",
      "transform_matrix": [
        [
          0.670556,
          0.310101,
          -0.673937,
          3.234209
        ],
        [
          0.735008,
          -0.400875,
          0.546865,
          4.508017
        ],
        [
          -0.100581,
          -0.862054,
          -0.496736,
          1.719887
        ],
        [
          0.0,
          0.0,
          0.0,
          1.0
        ]
      ]
    },
    {
      "file_path": "/media/NFS/ttao/scannet/posed_images/scene0367_01/00083.jpg",
      "transform_matrix": [
        [
          0.624705,
          0.327113,
          -0.709042,
          3.213632
        ],
        [
          0.77342,
          -0.384263,
          0.504147,
          4.526792
        ],
        [
          -0.107546,
          -0.86333,
          -0.493047,
          1.718513
        ],
        [
          0.0,
          0.0,
          0.0,
          1.0
        ]
      ]
    },
    {
      "file_path": "/media/NFS/ttao/scannet/posed_images/scene0367_01/00086.jpg",
      "transform_matrix": [
        [
          0.603827,
          0.342163,
          -0.719943,
          3.192941
        ],
        [
          0.790888,
          -0.369846,
          0.487555,
          4.546625
        ],
        [
          -0.099445,
          -0.863793,
          -0.493936,
          1.71379
        ],
        [
          0.0,
          0.0,
          0.0,
          1.0
        ]
      ]
    },
    {
      "file_path": "/media/NFS/ttao/scannet/posed_images/scene0367_01/00090.jpg",
      "transform_matrix": [
        [
          0.567109,
          0.357077,
          -0.742215,
          3.159251
        ],
        [
          0.820228,
          -0.326813,
          0.469488,
          4.582276
        ],
        [
          -0.074922,
          -0.875037,
          -0.478223,
          1.718677
        ],
        [
          0.0,
          0.0,
          0.0,
          1.0
        ]
      ]
    },
    {
      "file_path": "/media/NFS/ttao/scannet/posed_images/scene0367_01/00091.jpg",
      "transform_matrix": [
        [
          0.560578,
          0.367061,
          -0.742306,
          3.149241
        ],
        [
          0.825532,
          -0.318266,
          0.46605,
          4.591296
        ],
        [
          -0.065182,
          -0.874055,
          -0.481434,
          1.720343
        ],
        [
          0.0,
          0.0,
          0.0,
          1.0
        ]
      ]
    },
    {
      "file_path": "/media/NFS/ttao/scannet/posed_images/scene0367_01/00097.jpg",
      "transform_matrix": [
        [
          0.503503,
          0.3826,
          -0.774662,
          3.07506
        ],
        [
          0.863336,
          -0.25777,
          0.433827,
          4.643554
        ],
        [
          -0.033703,
          -0.887227,
          -0.4601,
          1.736725
        ],
        [
          0.0,
          0.0,
          0.0,
          1.0
        ]
      ]
    },
    {
      "file_path": "/media/NFS/ttao/scannet/posed_images/scene0367_01/00100.jpg",
      "transform_matrix": [
        [
          0.476562,
          0.402214,
          -0.781737,
          3.049607
        ],
        [
          0.87883,
          -0.241607,
          0.411441,
          4.652113
        ],
        [
          -0.023386,
          -0.883091,
          -0.468619,
          1.729531
        ],
        [
          0.0,
          0.0,
          0.0,
          1.0
        ]
      ]
    },
    {
      "file_path": "/media/NFS/ttao/scannet/posed_images/scene0367_01/00105.jpg",
      "transform_matrix": [
        [
          0.38449,
          0.459152,
          -0.800841,
          2.997764
        ],
        [
          0.92191,
          -0.235551,
          0.307566,
          4.660524
        ],
        [
          -0.047419,
          -0.85656,
          -0.513864,
          1.72441
        ],
        [
          0.0,
          0.0,
          0.0,
          1.0
        ]
      ]
    },
    {
      "file_path": "/media/NFS/ttao/scannet/posed_images/scene0367_01/00106.jpg",
      "transform_matrix": [
        [
          0.364077,
          0.461542,
          -0.808967,
          2.993067
        ],
        [
          0.929853,
          -0.229649,
          0.287461,
          4.661199
        ],
        [
          -0.053103,
          -0.856878,
          -0.512776,
          1.718101
        ],
        [
          0.0,
          0.0,
          0.0,
          1.0
        ]
      ]
    },
    {
      "file_path": "/media/NFS/ttao/scannet/posed_images/scene0367_01/00109.jpg",
      "transform_matrix": [
        [
          0.300338,
          0.482983,
          -0.822511,
          2.979537
        ],
        [
          0.952683,
          -0.194224,
          0.23382,
          4.664826
        ],
        [
          -0.04682,
          -0.853818,
          -0.518463,
          1.703333
        ],
        [
          0.0,
          0.0,
          0.0,
          1.0
        ]
      ]
    },
    {
      "file_path": "/media/NFS/ttao/scannet/posed_images/scene0367_01/00116.jpg",
      "transform_matrix": [
        [
          0.144544,
          0.507151,
          -0.84965,
          2.960313
        ],
        [
          0.989425,
          -0.084494,
          0.117889,
          4.691352
        ],
        [
          -0.012002,
          -0.857706,
          -0.514001,
          1.720936
        ],
        [
          0.0,
          0.0,
          0.0,
          1.0
        ]
      ]
    },
    {
      "file_path": "/media/NFS/ttao/scannet/posed_images/scene0367_01/00119.jpg",
      "transform_matrix": [
        [
          0.101911,
          0.504826,
          -0.857184,
          2.960179
        ],
        [
          0.994717,
          -0.041047,
          0.094088,
          4.694367
        ],
        [
          0.012313,
          -0.862244,
          -0.506343,
          1.7261
        ],
        [
          0.0,
          0.0,
          0.0,
          1.0
        ]
      ]
    },
    {
      "file_path": "/media/NFS/ttao/scannet/posed_images/scene0367_01/00123.jpg",
      "transform_matrix": [
        [
          0.0518,
          0.500017,
          -0.864465,
          2.966815
        ],
        [
          0.998399,
          -0.006233,
          0.05622,
          4.687775
        ],
        [
          0.022723,
          -0.865993,
          -0.499539,
          1.725223
        ],
        [
          0.0,
          0.0,
          0.0,
          1.0
        ]
      ]
    },
    {
      "file_path": "/media/NFS/ttao/scannet/posed_images/scene0367_01/00127.jpg",
      "transform_matrix": [
        [
          -0.019417,
          0.487791,
          -0.872744,
          2.978113
        ],
        [
          0.999707,
          0.022102,
          -0.009888,
          4.685788
        ],
        [
          0.014466,
          -0.87268,
          -0.488077,
          1.716234
        ],
        [
          0.0,
          0.0,
          0.0,
          1.0
        ]
      ]
    },
    {
      "file_path": "/media/NFS/ttao/scannet/posed_images/scene0367_01/00128.jpg",
      "transform_matrix": [
        [
          -0.038172,
          0.486327,
          -0.872943,
          2.978481
        ],
        [
          0.999197,
          0.029207,
          -0.027422,
          4.686215
        ],
        [
          0.01216,
          -0.873289,
          -0.487051,
          1.71706
        ],
        [
          0.0,
          0.0,
          0.0,
          1.0
        ]
      ]
    },
    {
      "file_path": "/media/NFS/ttao/scannet/posed_images/scene0367_01/00131.jpg",
      "transform_matrix": [
        [
          -0.090105,
          0.491687,
          -0.866098,
          2.985691
        ],
        [
          0.99571,
          0.062865,
          -0.0679,
          4.684626
        ],
        [
          0.021062,
          -0.8685,
          -0.495242,
          1.711456
        ],
        [
          0.0,
          0.0,
          0.0,
          1.0
        ]
      ]
    },
    {
      "file_path": "/media/NFS/ttao/scannet/posed_images/scene0367_01/00137.jpg",
      "transform_matrix": [
        [
          -0.202783,
          0.473356,
          -0.857212,
          3.002151
        ],
        [
          0.979176,
          0.106613,
          -0.172763,
          4.653025
        ],
        [
          0.009611,
          -0.874395,
          -0.485119,
          1.711811
        ],
        [
          0.0,
          0.0,
          0.0,
          1.0
        ]
      ]
    },
    {
      "file_path": "/media/NFS/ttao/scannet/posed_images/scene0367_01/00139.jpg",
      "transform_matrix": [
        [
          -0.231432,
          0.466236,
          -0.853852,
          3.010932
        ],
        [
          0.97273,
          0.12473,
          -0.195546,
          4.642405
        ],
        [
          0.015331,
          -0.875823,
          -0.482388,
          1.7065
        ],
        [
          0.0,
          0.0,
          0.0,
          1.0
        ]
      ]
    },
    {
      "file_path": "/media/NFS/ttao/scannet/posed_images/scene0367_01/00143.jpg",
      "transform_matrix": [
        [
          -0.281835,
          0.46049,
          -0.841735,
          3.012815
        ],
        [
          0.959411,
          0.144341,
          -0.242271,
          4.631717
        ],
        [
          0.009933,
          -0.875851,
          -0.48248,
          1.716697
        ],
        [
          0.0,
          0.0,
          0.0,
          1.0
        ]
      ]
    },
    {
      "file_path": "/media/NFS/ttao/scannet/posed_images/scene0367_01/00147.jpg",
      "transform_matrix": [
        [
          -0.318845,
          0.450621,
          -0.833834,
          3.020774
        ],
        [
          0.94773,
          0.162801,
          -0.274416,
          4.624305
        ],
        [
          0.012092,
          -0.877745,
          -0.478975,
          1.714117
        ],
        [
          0.0,
          0.0,
          0.0,
          1.0
        ]
      ]
    },
    {
      "file_path": "/media/NFS/ttao/scannet/posed_images/scene0367_01/00150.jpg",
      "transform_matrix": [
        [
          -0.336012,
          0.455248,
          -0.824527,
          3.02179
        ],
        [
          0.941769,
          0.174426,
          -0.287484,
          4.600796
        ],
        [
          0.012942,
          -0.873112,
          -0.487348,
          1.71474
        ],
        [
          0.0,
          0.0,
          0.0,
          1.0
        ]
      ]
    },
    {
      "file_path": "/media/NFS/ttao/scannet/posed_images/scene0367_01/00153.jpg",
      "transform_matrix": [
        [
          -0.356854,
          0.451182,
          -0.817979,
          3.026028
        ],
        [
          0.934158,
          0.174292,
          -0.311402,
          4.57717
        ],
        [
          0.002069,
          -0.875247,
          -0.483672,
          1.707684
        ],
        [
          0.0,
          0.0,
          0.0,
          1.0
        ]
      ]
    },
    {
      "file_path": "/media/NFS/ttao/scannet/posed_images/scene0367_01/00159.jpg",
      "transform_matrix": [
        [
          -0.388852,
          0.442671,
          -0.807983,
          3.033894
        ],
        [
          0.920957,
          0.21071,
          -0.32778,
          4.538219
        ],
        [
          0.025151,
          -0.871576,
          -0.489616,
          1.699727
        ],
        [
          0.0,
          0.0,
          0.0,
          1.0
        ]
      ]
    },
    {
      "file_path": "/media/NFS/ttao/scannet/posed_images/scene0367_01/00161.jpg",
      "transform_matrix": [
        [
          -0.39232,
          0.443216,
          -0.806005,
          3.034875
        ],
        [
          0.919041,
          0.225136,
          -0.32354,
          4.520463
        ],
        [
          0.038062,
          -0.867683,
          -0.495659,
          1.700093
        ],
        [
          0.0,
          0.0,
          0.0,
          1.0
        ]
      ]
    },
    {
      "file_path": "/media/NFS/ttao/scannet/posed_images/scene0367_01/00164.jpg",
      "transform_matrix": [
        [
          -0.406452,
          0.444102,
          -0.79848,
          3.033013
        ],
        [
          0.912736,
          0.236907,
          -0.332849,
          4.492371
        ],
        [
          0.041347,
          -0.864088,
          -0.501639,
          1.703062
        ],
        [
          0.0,
          0.0,
          0.0,
          1.0
        ]
      ]
    },
    {
      "file_path": "/media/NFS/ttao/scannet/posed_images/scene0367_01/00169.jpg",
      "transform_matrix": [
        [
          -0.438352,
          0.427262,
          -0.790755,
          3.037317
        ],
        [
          0.896723,
          0.267722,
          -0.352439,
          4.448143
        ],
        [
          0.061118,
          -0.863581,
          -0.500492,
          1.694275
        ],
        [
          0.0,
          0.0,
          0.0,
          1.0
        ]
      ]
    },
    {
      "file_path": "/media/NFS/ttao/scannet/posed_images/scene0367_01/00172.jpg",
      "transform_matrix": [
        [
          -0.456895,
          0.421549,
          -0.78329,
          3.035676
        ],
        [
          0.886274,
          0.290905,
          -0.360407,
          4.406233
        ],
        [
          0.075934,
          -0.858878,
          -0.506521,
          1.691975
        ],
        [
          0.0,
          0.0,
          0.0,
          1.0
        ]
      ]
    },
    {
      "file_path": "/media/NFS/ttao/scannet/posed_images/scene0367_01/00175.jpg",
      "transform_matrix": [
        [
          -0.489872,
          0.414434,
          -0.766987,
          3.038033
        ],
        [
          0.868213,
          0.311577,
          -0.386167,
          4.377459
        ],
        [
          0.078934,
          -0.855081,
          -0.51245,
          1.687829
        ],
        [
          0.0,
          0.0,
          0.0,
          1.0
        ]
      ]
    },
    {
      "file_path": "/media/NFS/ttao/scannet/posed_images/scene0367_01/00180.jpg",
      "transform_matrix": [
        [
          -0.532168,
          0.398169,
          -0.747167,
          3.050297
        ],
        [
          0.842057,
          0.340605,
          -0.418244,
          4.308622
        ],
        [
          0.087957,
          -0.851733,
          -0.51654,
          1.679193
        ],
        [
          0.0,
          0.0,
          0.0,
          1.0
        ]
      ]
    },
    {
      "file_path": "/media/NFS/ttao/scannet/posed_images/scene0367_01/00183.jpg",
      "transform_matrix": [
        [
          -0.55912,
          0.389729,
          -0.731776,
          3.055203
        ],
        [
          0.824183,
          0.357124,
          -0.439527,
          4.280635
        ],
        [
          0.090038,
          -0.848866,
          -0.520883,
          1.673514
        ],
        [
          0.0,
          0.0,
          0.0,
          1.0
        ]
      ]
    },
    {
      "file_path": "/media/NFS/ttao/scannet/posed_images/scene0367_01/00186.jpg",
      "transform_matrix": [
        [
          -0.587635,
          0.38009,
          -0.714294,
          3.063084
        ],
        [
          0.804364,
          0.370055,
          -0.464821,
          4.250517
        ],
        [
          0.087654,
          -0.847697,
          -0.523188,
          1.666311
        ],
        [
          0.0,
          0.0,
          0.0,
          1.0
        ]
      ]
    },
    {
      "file_path": "/media/NFS/ttao/scannet/posed_images/scene0367_01/00193.jpg",
      "transform_matrix": [
        [
          -0.643251,
          0.357301,
          -0.677173,
          3.085716
        ],
        [
          0.75958,
          0.408986,
          -0.505735,
          4.184377
        ],
        [
          0.096254,
          -0.839682,
          -0.53448,
          1.65358
        ],
        [
          0.0,
          0.0,
          0.0,
          1.0
        ]
      ]
    },
    {
      "file_path": "/media/NFS/ttao/scannet/posed_images/scene0367_01/00194.jpg",
      "transform_matrix": [
        [
          -0.654692,
          0.353805,
          -0.667981,
          3.084821
        ],
        [
          0.749678,
          0.417023,
          -0.513882,
          4.178805
        ],
        [
          0.096749,
          -0.837206,
          -0.538262,
          1.653837
        ],
        [
          0.0,
          0.0,
          0.0,
          1.0
        ]
      ]
    },
    {
      "file_path": "/media/NFS/ttao/scannet/posed_images/scene0367_01/00199.jpg",
      "transform_matrix": [
        [
          -0.700438,
          0.325707,
          -0.63506,
          3.10198
        ],
        [
          0.706591,
          0.441846,
          -0.552722,
          4.165793
        ],
        [
          0.100573,
          -0.835875,
          -0.539627,
          1.649932
        ],
        [
          0.0,
          0.0,
          0.0,
          1.0
        ]
      ]
    },
    {
      "file_path": "/media/NFS/ttao/scannet/posed_images/scene0367_01/00202.jpg",
      "transform_matrix": [
        [
          -0.737909,
          0.304296,
          -0.602407,
          3.094868
        ],
        [
          0.666546,
          0.468593,
          -0.579773,
          4.174987
        ],
        [
          0.10586,
          -0.829352,
          -0.548606,
          1.658669
        ],
        [
          0.0,
          0.0,
          0.0,
          1.0
        ]
      ]
    },
    {
      "file_path": "/media/NFS/ttao/scannet/posed_images/scene0367_01/00207.jpg",
      "transform_matrix": [
        [
          -0.781502,
          0.266858,
          -0.563952,
          3.10449
        ],
        [
          0.614607,
          0.484746,
          -0.622318,
          4.194627
        ],
        [
          0.107303,
          -0.832951,
          -0.542843,
          1.666535
        ],
        [
          0.0,
          0.0,
          0.0,
          1.0
        ]
      ]
    },
    {
      "file_path": "/media/NFS/ttao/scannet/posed_images/scene0367_01/00210.jpg",
      "transform_matrix": [
        [
          -0.79536,
          0.246205,
          -0.553882,
          3.115
        ],
        [
          0.594967,
          0.491738,
          -0.635774,
          4.213715
        ],
        [
          0.115834,
          -0.835211,
          -0.537592,
          1.67032
        ],
        [
          0.0,
          0.0,
          0.0,
          1.0
        ]
      ]
    },
    {
      "file_path": "/media/NFS/ttao/scannet/posed_images/scene0367_01/00215.jpg",
      "transform_matrix": [
        [
          -0.822227,
          0.226329,
          -0.522224,
          3.121602
        ],
        [
          0.559985,
          0.485776,
          -0.671147,
          4.252036
        ],
        [
          0.101784,
          -0.844273,
          -0.526159,
          1.678093
        ],
        [
          0.0,
          0.0,
          0.0,
          1.0
        ]
      ]
    },
    {
      "file_path": "/media/NFS/ttao/scannet/posed_images/scene0367_01/00218.jpg",
      "transform_matrix": [
        [
          -0.836782,
          0.221855,
          -0.500576,
          3.128063
        ],
        [
          0.539686,
          0.488449,
          -0.685679,
          4.270861
        ],
        [
          0.092385,
          -0.843918,
          -0.528457,
          1.679923
        ],
        [
          0.0,
          0.0,
          0.0,
          1.0
        ]
      ]
    },
    {
      "file_path": "/media/NFS/ttao/scannet/posed_images/scene0367_01/00222.jpg",
      "transform_matrix": [
        [
          -0.856085,
          0.19998,
          -0.476578,
          3.142963
        ],
        [
          0.508533,
          0.490538,
          -0.707648,
          4.300799
        ],
        [
          0.092264,
          -0.848163,
          -0.521639,
          1.674456
        ],
        [
          0.0,
          0.0,
          0.0,
          1.0
        ]
      ]
    },
    {
      "file_path": "/media/NFS/ttao/scannet/posed_images/scene0367_01/00224.jpg",
      "transform_matrix": [
        [
          -0.8668,
          0.188406,
          -0.461694,
          3.149396
        ],
        [
          0.48921,
          0.500658,
          -0.714154,
          4.312193
        ],
        [
          0.096599,
          -0.844893,
          -0.52614,
          1.671827
        ],
        [
          0.0,
          0.0,
          0.0,
          1.0
        ]
      ]
    },
    {
      "file_path": "/media/NFS/ttao/scannet/posed_images/scene0367_01/00229.jpg",
      "transform_matrix": [
        [
          -0.904323,
          0.168613,
          -0.392134,
          3.155645
        ],
        [
          0.421299,
          0.50023,
          -0.75649,
          4.319675
        ],
        [
          0.068603,
          -0.849317,
          -0.523406,
          1.680296
        ],
        [
          0.0,
          0.0,
          0.0,
          1.0
        ]
      ]
    },
    {
      "file_path": "/media/NFS/ttao/scannet/posed_images/scene0367_01/00234.jpg",
      "transform_matrix": [
        [
          -0.929223,
          0.13556,
          -0.343755,
          3.170676
        ],
        [
          0.363474,
          0.50289,
          -0.784212,
          4.32527
        ],
        [
          0.066563,
          -0.853654,
          -0.516569,
          1.678406
        ],
        [
          0.0,
          0.0,
          0.0,
          1.0
        ]
      ]
    },
    {
      "file_path": "/media/NFS/ttao/scannet/posed_images/scene0367_01/00237.jpg",
      "transform_matrix": [
        [
          -0.939494,
          0.116828,
          -0.322028,
          3.182906
        ],
        [
          0.335666,
          0.501663,
          -0.797284,
          4.316926
        ],
        [
          0.068404,
          -0.857138,
          -0.510525,
          1.678716
        ],
        [
          0.0,
          0.0,
          0.0,
          1.0
        ]
      ]
    },
    {
      "file_path": "/media/NFS/ttao/scannet/posed_images/scene0367_01/00240.jpg",
      "transform_matrix": [
        [
          -0.94749,
          0.100594,
          -0.303551,
          3.190869
        ],
        [
          0.311341,
          0.506863,
          -0.803838,
          4.309402
        ],
        [
          0.072998,
          -0.856137,
          -0.511567,
          1.68161
        ],
        [
          0.0,
          0.0,
          0.0,
          1.0
        ]
      ]
    },
    {
      "file_path": "/media/NFS/ttao/scannet/posed_images/scene0367_01/00242.jpg",
      "transform_matrix": [
        [
          -0.95465,
          0.083539,
          -0.285771,
          3.18872
        ],
        [
          0.287026,
          0.513292,
          -0.808793,
          4.297819
        ],
        [
          0.079118,
          -0.854138,
          -0.513992,
          1.682639
        ],
        [
          0.0,
          0.0,
          0.0,
          1.0
        ]
      ]
    },
    {
      "file_path": "/media/NFS/ttao/scannet/posed_images/scene0367_01/00247.jpg",
      "transform_matrix": [
        [
          -0.9603,
          0.079442,
          -0.267417,
          3.182736
        ],
        [
          0.268754,
          0.520452,
          -0.810494,
          4.26897
        ],
        [
          0.07479,
          -0.850187,
          -0.521141,
          1.67725
        ],
        [
          0.0,
          0.0,
          0.0,
          1.0
        ]
      ]
    },
    {
      "file_path": "/media/NFS/ttao/scannet/posed_images/scene0367_01/00249.jpg",
      "transform_matrix": [
        [
          -0.961054,
          0.070782,
          -0.26714,
          3.176002
        ],
        [
          0.26373,
          0.523764,
          -0.81001,
          4.259277
        ],
        [
          0.082584,
          -0.848917,
          -0.522033,
          1.673735
        ],
        [
          0.0,
          0.0,
          0.0,
          1.0
        ]
      ]
    },
    {
      "file_path": "/media/NFS/ttao/scannet/posed_images/scene0367_01/00252.jpg",
      "transform_matrix": [
        [
          -0.956537,
          0.057642,
          -0.285858,
          3.163755
        ],
        [
          0.271802,
          0.531371,
          -0.802353,
          4.248246
        ],
        [
          0.105647,
          -0.845176,
          -0.523943,
          1.673342
        ],
        [
          0.0,
          0.0,
          0.0,
          1.0
        ]
      ]
    },
    {
      "file_path": "/media/NFS/ttao/scannet/posed_images/scene0367_01/00257.jpg",
      "transform_matrix": [
        [
          -0.940912,
          0.07516,
          -0.330206,
          3.129902
        ],
        [
          0.318036,
          0.531121,
          -0.785343,
          4.215611
        ],
        [
          0.116353,
          -0.843956,
          -0.523641,
          1.679824
        ],
        [
          0.0,
          0.0,
          0.0,
          1.0
        ]
      ]
    },
    {
      "file_path": "/media/NFS/ttao/scannet/posed_images/scene0367_01/00260.jpg",
      "transform_matrix": [
        [
          -0.937034,
          0.082781,
          -0.339284,
          3.082081
        ],
        [
          0.329717,
          0.529935,
          -0.781316,
          4.20953
        ],
        [
          0.115121,
          -0.843988,
          -0.523862,
          1.68255
        ],
        [
          0.0,
          0.0,
          0.0,
          1.0
        ]
      ]
    },
    {
      "file_path": "/media/NFS/ttao/scannet/posed_images/scene0367_01/00267.jpg",
      "transform_matrix": [
        [
          -0.932742,
          0.110737,
          -0.343117,
          3.038196
        ],
        [
          0.34573,
          0.544704,
          -0.764048,
          4.1757
        ],
        [
          0.102288,
          -0.831285,
          -0.546353,
          1.667978
        ],
        [
          0.0,
          0.0,
          0.0,
          1.0
        ]
      ]
    },
    {
      "file_path": "/media/NFS/ttao/scannet/posed_images/scene0367_01/00268.jpg",
      "transform_matrix": [
        [
          -0.933425,
          0.113984,
          -0.340183,
          3.030944
        ],
        [
          0.345223,
          0.543468,
          -0.765156,
          4.175631
        ],
        [
          0.097662,
          -0.831655,
          -0.546637,
          1.667124
        ],
        [
          0.0,
          0.0,
          0.0,
          1.0
        ]
      ]
    },
    {
      "file_path": "/media/NFS/ttao/scannet/posed_images/scene0367_01/00271.jpg",
      "transform_matrix": [
        [
          -0.940015,
          0.110244,
          -0.322828,
          2.990646
        ],
        [
          0.328929,
          0.54377,
          -0.772088,
          4.173548
        ],
        [
          0.090426,
          -0.831962,
          -0.547414,
          1.679226
        ],
        [
          0.0,
          0.0,
          0.0,
          1.0
        ]
      ]
    },
    {
      "file_path": "/media/NFS/ttao/scannet/posed_images/scene0367_01/00278.jpg",
      "transform_matrix": [
        [
          -0.963977,
          0.077988,
          -0.254298,
          2.920992
        ],
        [
          0.254945,
          0.543521,
          -0.799743,
          4.1878
        ],
        [
          0.075846,
          -0.835765,
          -0.543824,
          1.691365
        ],
        [
          0.0,
          0.0,
          0.0,
          1.0
        ]
      ]
    },
    {
      "file_path": "/media/NFS/ttao/scannet/posed_images/scene0367_01/00281.jpg",
      "transform_matrix": [
        [
          -0.974029,
          0.062832,
          -0.217531,
          2.877264
        ],
        [
          0.21644,
          0.5405,
          -0.813027,
          4.206027
        ],
        [
          0.066491,
          -0.838995,
          -0.540062,
          1.697429
        ],
        [
          0.0,
          0.0,
          0.0,
          1.0
        ]
      ]
    },
    {
      "file_path": "/media/NFS/ttao/scannet/posed_images/scene0367_01/00282.jpg",
      "transform_matrix": [
        [
          -0.975532,
          0.058298,
          -0.211984,
          2.867024
        ],
        [
          0.209461,
          0.539401,
          -0.815581,
          4.210155
        ],
        [
          0.066797,
          -0.840029,
          -0.538415,
          1.697264
        ],
        [
