{
  "frames": [
    {
      "file_path": "/media/NFS/ttao/scannet/posed_images/scene0205_02/00002.jpg",
      "transform_matrix": [
        [
          -0.14613,
          0.545756,
          -0.825104,
          1.623031
        ],
        [
          0.988937,
          0.059111,
          -0.136047,
          3.631296
        ],
        [
          -0.025475,
          -0.835856,
          -0.548357,
          1.2708
        ],
        [
          0.0,
          0.0,
          0.0,
          1.0
        ]
      ]
    },
    {
      "file_path": "/media/NFS/ttao/scannet/posed_images/scene0205_02/00003.jpg",
      "transform_matrix": [
        [
          -0.144592,
          0.54016,
          -0.829048,
          1.6269
        ],
        [
          0.989269,
          0.061132,
          -0.132705,
          3.629685
        ],
        [
          -0.021,
          -0.839339,
          -0.543202,
          1.272257
        ],
        [
          0.0,
          0.0,
          0.0,
          1.0
        ]
      ]
    },
    {
      "file_path": "/media/NFS/ttao/scannet/posed_images/scene0205_02/00007.jpg",
      "transform_matrix": [
        [
          -0.1299,
          0.525107,
          -0.841064,
          1.63705
        ],
        [
          0.991503,
          0.062923,
          -0.11385,
          3.618161
        ],
        [
          -0.006861,
          -0.848707,
          -0.528819,
          1.277082
        ],
        [
          0.0,
          0.0,
          0.0,
          1.0
        ]
      ]
    },
    {
      "file_path": "/media/NFS/ttao/scannet/posed_images/scene0205_02/00010.jpg",
      "transform_matrix": [
        [
          -0.11915,
          0.516516,
          -0.847947,
          1.641499
        ],
        [
          0.992869,
          0.058778,
          -0.10371,
          3.604488
        ],
        [
          -0.003727,
          -0.854258,
          -0.519836,
          1.28273
        ],
        [
          0.0,
          0.0,
          0.0,
          1.0
        ]
      ]
    },
    {
      "file_path": "/media/NFS/ttao/scannet/posed_images/scene0205_02/00015.jpg",
      "transform_matrix": [
        [
          -0.094275,
          0.490597,
          -0.866272,
          1.643261
        ],
        [
          0.995382,
          0.062275,
          -0.073058,
          3.579679
        ],
        [
          0.018105,
          -0.869159,
          -0.494202,
          1.292232
        ],
        [
          0.0,
          0.0,
          0.0,
          1.0
        ]
      ]
    },
    {
      "file_path": "/media/NFS/ttao/scannet/posed_images/scene0205_02/00020.jpg",
      "transform_matrix": [
        [
          -0.045753,
          0.461013,
          -0.886213,
          1.644876
        ],
        [
          0.998745,
          0.039203,
          -0.031169,
          3.565242
        ],
        [
          0.020373,
          -0.886527,
          -0.462229,
          1.299305
        ],
        [
          0.0,
          0.0,
          0.0,
          1.0
        ]
      ]
    },
    {
      "file_path": "/media/NFS/ttao/scannet/posed_images/scene0205_02/00025.jpg",
      "transform_matrix": [
        [
          0.021398,
          0.452606,
          -0.891454,
          1.639108
        ],
        [
          0.999475,
          0.012012,
          0.030089,
          3.550679
        ],
        [
          0.024327,
          -0.89163,
          -0.452112,
          1.305941
        ],
        [
          0.0,
          0.0,
          0.0,
          1.0
        ]
      ]
    },
    {
      "file_path": "/media/NFS/ttao/scannet/posed_images/scene0205_02/00026.jpg",
      "transform_matrix": [
        [
          0.037392,
          0.452831,
          -0.890812,
          1.637326
        ],
        [
          0.999017,
          0.004298,
          0.044119,
          3.549542
        ],
        [
          0.023807,
          -0.891586,
          -0.452226,
          1.307069
        ],
        [
          0.0,
          0.0,
          0.0,
          1.0
        ]
      ]
    },
    {
      "file_path": "/media/NFS/ttao/scannet/posed_images/scene0205_02/00031.jpg",
      "transform_matrix": [
        [
          0.130752,
          0.461039,
          -0.877694,
          1.627987
        ],
        [
          0.991142,
          -0.040011,
          0.126636,
          3.552032
        ],
        [
          0.023267,
          -0.886478,
          -0.462186,
          1.305315
        ],
        [
          0.0,
          0.0,
          0.0,
          1.0
        ]
      ]
    },
    {
      "file_path": "/media/NFS/ttao/scannet/posed_images/scene0205_02/00032.jpg",
      "transform_matrix": [
        [
          0.14552,
          0.459536,
          -0.876156,
          1.626685
        ],
        [
          0.989083,
          -0.046791,
          0.139735,
          3.5534
        ],
        [
          0.023217,
          -0.886926,
          -0.461329,
          1.305572
        ],
        [
          0.0,
          0.0,
          0.0,
          1.0
        ]
      ]
    },
    {
      "file_path": "/media/NFS/ttao/scannet/posed_images/scene0205_02/00039.jpg",
      "transform_matrix": [
        [
          0.227333,
          0.395482,
          -0.889895,
          1.614877
        ],
        [
          0.973733,
          -0.080296,
          0.213065,
          3.56969
        ],
        [
          0.012809,
          -0.914957,
          -0.403348,
          1.323389
        ],
        [
          0.0,
          0.0,
          0.0,
          1.0
        ]
      ]
    },
    {
      "file_path": "/media/NFS/ttao/scannet/posed_images/scene0205_02/00043.jpg",
      "transform_matrix": [
        [
          0.252878,
          0.395049,
          -0.88317,
          1.600837
        ],
        [
          0.967391,
          -0.089665,
          0.236885,
          3.593899
        ],
        [
          0.014391,
          -0.914274,
          -0.404841,
          1.32796
        ],
        [
          0.0,
          0.0,
          0.0,
          1.0
        ]
      ]
    },
    {
      "file_path": "/media/NFS/ttao/scannet/posed_images/scene0205_02/00044.jpg",
      "transform_matrix": [
        [
          0.264892,
          0.394555,
          -0.879863,
          1.597467
        ],
        [
          0.964224,
          -0.098677,
          0.24604,
          3.600676
        ],
        [
          0.010254,
          -0.913559,
          -0.406578,
          1.328192
        ],
        [
          0.0,
          0.0,
          0.0,
          1.0
        ]
      ]
    },
    {
      "file_path": "/media/NFS/ttao/scannet/posed_images/scene0205_02/00048.jpg",
      "transform_matrix": [
        [
          0.302664,
          0.380858,
          -0.873694,
          1.585785
        ],
        [
          0.953097,
          -0.121012,
          0.27742,
          3.617009
        ],
        [
          -7e-05,
          -0.916681,
          -0.399621,
          1.330321
        ],
        [
          0.0,
          0.0,
          0.0,
          1.0
        ]
      ]
    },
    {
      "file_path": "/media/NFS/ttao/scannet/posed_images/scene0205_02/00051.jpg",
      "transform_matrix": [
        [
          0.318242,
          0.383545,
          -0.866957,
          1.577096
        ],
        [
          0.947999,
          -0.12453,
          0.292899,
          3.62707
        ],
        [
          0.004378,
          -0.915088,
          -0.403231,
          1.328953
        ],
        [
          0.0,
          0.0,
          0.0,
          1.0
        ]
      ]
    },
    {
      "file_path": "/media/NFS/ttao/scannet/posed_images/scene0205_02/00055.jpg",
      "transform_matrix": [
        [
          0.345636,
          0.369492,
          -0.862561,
          1.567979
        ],
        [
          0.938322,
          -0.126961,
          0.321608,
          3.628723
        ],
        [
          0.009321,
          -0.92052,
          -0.390585,
          1.331889
        ],
        [
          0.0,
          0.0,
          0.0,
          1.0
        ]
      ]
    },
    {
      "file_path": "/media/NFS/ttao/scannet/posed_images/scene0205_02/00060.jpg",
      "transform_matrix": [
        [
          0.398358,
          0.355738,
          -0.845435,
          1.550339
        ],
        [
          0.917113,
          -0.13973,
          0.373336,
          3.623449
        ],
        [
          0.014677,
          -0.924081,
          -0.381915,
          1.334115
        ],
        [
          0.0,
          0.0,
          0.0,
          1.0
        ]
      ]
    },
    {
      "file_path": "/media/NFS/ttao/scannet/posed_images/scene0205_02/00065.jpg",
      "transform_matrix": [
        [
          0.486778,
          0.350111,
          -0.800293,
          1.531658
        ],
        [
          0.873489,
          -0.186671,
          0.449635,
          3.610619
        ],
        [
          0.008031,
          -0.91792,
          -0.396685,
          1.328383
        ],
        [
          0.0,
          0.0,
          0.0,
          1.0
        ]
      ]
    },
    {
      "file_path": "/media/NFS/ttao/scannet/posed_images/scene0205_02/00068.jpg",
      "transform_matrix": [
        [
          0.541,
          0.337699,
          -0.770246,
          1.518823
        ],
        [
          0.84098,
          -0.208049,
          0.499467,
          3.592678
        ],
        [
          0.00842,
          -0.917974,
          -0.396552,
          1.323238
        ],
        [
          0.0,
          0.0,
          0.0,
          1.0
        ]
      ]
    },
    {
      "file_path": "/media/NFS/ttao/scannet/posed_images/scene0205_02/00070.jpg",
      "transform_matrix": [
        [
          0.569898,
          0.330129,
          -0.752483,
          1.505894
        ],
        [
          0.821674,
          -0.219784,
          0.525876,
          3.578719
        ],
        [
          0.008223,
          -0.917993,
          -0.396513,
          1.320713
        ],
        [
          0.0,
          0.0,
          0.0,
          1.0
        ]
      ]
    },
    {
      "file_path": "/media/NFS/ttao/scannet/posed_images/scene0205_02/00075.jpg",
      "transform_matrix": [
        [
          0.622103,
          0.317893,
          -0.715494,
          1.485908
        ],
        [
          0.782894,
          -0.243212,
          0.572647,
          3.542887
        ],
        [
          0.008023,
          -0.916402,
          -0.40018,
          1.314552
        ],
        [
          0.0,
          0.0,
          0.0,
          1.0
        ]
      ]
    },
    {
      "file_path": "/media/NFS/ttao/scannet/posed_images/scene0205_02/00077.jpg",
      "transform_matrix": [
        [
          0.639348,
          0.308346,
          -0.704384,
          1.480621
        ],
        [
          0.768909,
          -0.251893,
          0.587647,
          3.531701
        ],
        [
          0.003769,
          -0.917318,
          -0.398137,
          1.311632
        ],
        [
          0.0,
          0.0,
          0.0,
          1.0
        ]
      ]
    },
    {
      "file_path": "/media/NFS/ttao/scannet/posed_images/scene0205_02/00084.jpg",
      "transform_matrix": [
        [
          0.708137,
          0.304119,
          -0.637223,
          1.471738
        ],
        [
          0.70607,
          -0.308485,
          0.637419,
          3.520019
        ],
        [
          -0.002722,
          -0.901304,
          -0.43318,
          1.302768
        ],
        [
          0.0,
          0.0,
          0.0,
          1.0
        ]
      ]
    },
    {
      "file_path": "/media/NFS/ttao/scannet/posed_images/scene0205_02/00087.jpg",
      "transform_matrix": [
        [
          0.72986,
          0.299853,
          -0.614323,
          1.47223
        ],
        [
          0.683593,
          -0.317007,
          0.657425,
          3.522567
        ],
        [
          0.002386,
          -0.899775,
          -0.436349,
          1.30278
        ],
        [
          0.0,
          0.0,
          0.0,
          1.0
        ]
      ]
    },
    {
      "file_path": "/media/NFS/ttao/scannet/posed_images/scene0205_02/00090.jpg",
      "transform_matrix": [
        [
          0.752172,
          0.299841,
          -0.586799,
          1.471781
        ],
        [
          0.658806,
          -0.322499,
          0.679683,
          3.52687
        ],
        [
          0.014554,
          -0.897825,
          -0.440112,
          1.295431
        ],
        [
          0.0,
          0.0,
          0.0,
          1.0
        ]
      ]
    },
    {
      "file_path": "/media/NFS/ttao/scannet/posed_images/scene0205_02/00095.jpg",
      "transform_matrix": [
        [
          0.777629,
          0.298566,
          -0.553309,
          1.472937
        ],
        [
          0.628083,
          -0.329194,
          0.705084,
          3.546563
        ],
        [
          0.028368,
          -0.895818,
          -0.443515,
          1.29638
        ],
        [
          0.0,
          0.0,
          0.0,
          1.0
        ]
      ]
    },
    {
      "file_path": "/media/NFS/ttao/scannet/posed_images/scene0205_02/00097.jpg",
      "transform_matrix": [
        [
          0.785125,
          0.289882,
          -0.547309,
          1.473593
        ],
        [
          0.619001,
          -0.338147,
          0.708869,
          3.552556
        ],
        [
          0.020418,
          -0.895335,
          -0.444925,
          1.292927
        ],
        [
          0.0,
          0.0,
          0.0,
          1.0
        ]
      ]
    },
    {
      "file_path": "/media/NFS/ttao/scannet/posed_images/scene0205_02/00100.jpg",
      "transform_matrix": [
        [
          0.792982,
          0.283709,
          -0.539156,
          1.480017
        ],
        [
          0.609143,
          -0.352981,
          0.710175,
          3.575812
        ],
        [
          0.011172,
          -0.891579,
          -0.452727,
          1.29411
        ],
        [
          0.0,
          0.0,
          0.0,
          1.0
        ]
      ]
    },
    {
      "file_path": "/media/NFS/ttao/scannet/posed_images/scene0205_02/00105.jpg",
      "transform_matrix": [
        [
          0.803803,
          0.275386,
          -0.527317,
          1.481166
        ],
        [
          0.59489,
          -0.368198,
          0.714518,
          3.598553
        ],
        [
          0.002611,
          -0.888028,
          -0.459783,
          1.288232
        ],
        [
          0.0,
          0.0,
          0.0,
          1.0
        ]
      ]
    },
    {
      "file_path": "/media/NFS/ttao/scannet/posed_images/scene0205_02/00107.jpg",
      "transform_matrix": [
        [
          0.809179,
          0.271517,
          -0.521064,
          1.474864
        ],
        [
          0.587561,
          -0.374612,
          0.717243,
          3.6043
        ],
        [
          -0.000453,
          -0.886535,
          -0.462661,
          1.287813
        ],
        [
          0.0,
          0.0,
          0.0,
          1.0
        ]
      ]
    },
    {
      "file_path": "/media/NFS/ttao/scannet/posed_images/scene0205_02/00112.jpg",
      "transform_matrix": [
        [
          0.833619,
          0.273299,
          -0.479987,
          1.456197
        ],
        [
          0.552301,
          -0.402078,
          0.730272,
          3.622639
        ],
        [
          0.00659,
          -0.873866,
          -0.486123,
          1.286037
        ],
        [
          0.0,
          0.0,
          0.0,
          1.0
        ]
      ]
    },
    {
      "file_path": "/media/NFS/ttao/scannet/posed_images/scene0205_02/00115.jpg",
      "transform_matrix": [
        [
          0.847852,
          0.260484,
          -0.461839,
          1.454482
        ],
        [
          0.530139,
          -0.400071,
          0.747593,
          3.625084
        ],
        [
          0.009968,
          -0.878687,
          -0.477294,
          1.290592
        ],
        [
          0.0,
          0.0,
          0.0,
          1.0
        ]
      ]
    },
    {
      "file_path": "/media/NFS/ttao/scannet/posed_images/scene0205_02/00120.jpg",
      "transform_matrix": [
        [
          0.89622,
          0.220595,
          -0.384873,
          1.428843
        ],
        [
          0.442988,
          -0.399151,
          0.80277,
          3.62586
        ],
        [
          0.023465,
          -0.889953,
          -0.455448,
          1.296106
        ],
        [
          0.0,
          0.0,
          0.0,
          1.0
        ]
      ]
    },
    {
      "file_path": "/media/NFS/ttao/scannet/posed_images/scene0205_02/00124.jpg",
      "transform_matrix": [
        [
          0.926604,
          0.167817,
          -0.336516,
          1.400141
        ],
        [
          0.376027,
          -0.40649,
          0.832688,
          3.623712
        ],
        [
          0.002949,
          -0.898111,
          -0.439759,
          1.317616
        ],
        [
          0.0,
          0.0,
          0.0,
          1.0
        ]
      ]
    },
    {
      "file_path": "/media/NFS/ttao/scannet/posed_images/scene0205_02/00126.jpg",
      "transform_matrix": [
        [
          0.937414,
          0.150537,
          -0.313996,
          1.3879
        ],
        [
          0.34821,
          -0.411031,
          0.842499,
          3.618972
        ],
        [
          -0.002235,
          -0.899107,
          -0.437724,
          1.324879
        ],
        [
          0.0,
          0.0,
          0.0,
          1.0
        ]
      ]
    },
    {
      "file_path": "/media/NFS/ttao/scannet/posed_images/scene0205_02/00130.jpg",
      "transform_matrix": [
        [
          0.966613,
          0.113128,
          -0.229918,
          1.368552
        ],
        [
          0.256222,
          -0.415445,
          0.872786,
          3.596796
        ],
        [
          0.003218,
          -0.902556,
          -0.43056,
          1.310837
        ],
        [
          0.0,
          0.0,
          0.0,
          1.0
        ]
      ]
    },
    {
      "file_path": "/media/NFS/ttao/scannet/posed_images/scene0205_02/00135.jpg",
      "transform_matrix": [
        [
          0.984714,
          0.084292,
          -0.152422,
          1.309752
        ],
        [
          0.174101,
          -0.450555,
          0.875608,
          3.581106
        ],
        [
          0.005132,
          -0.888761,
          -0.458343,
          1.316789
        ],
        [
          0.0,
          0.0,
          0.0,
          1.0
        ]
      ]
    },
    {
      "file_path": "/media/NFS/ttao/scannet/posed_images/scene0205_02/00138.jpg",
      "transform_matrix": [
        [
          0.991789,
          0.066538,
          -0.109207,
          1.296906
        ],
        [
          0.127508,
          -0.449402,
          0.884183,
          3.57173
        ],
        [
          0.009754,
          -0.890848,
          -0.454197,
          1.322727
        ],
        [
          0.0,
          0.0,
          0.0,
          1.0
        ]
      ]
    },
    {
      "file_path": "/media/NFS/ttao/scannet/posed_images/scene0205_02/00142.jpg",
      "transform_matrix": [
        [
          0.99872,
          0.031933,
          -0.039217,
          1.322618
        ],
        [
          0.049485,
          -0.457023,
          0.888078,
          3.563072
        ],
        [
          0.010436,
          -0.888882,
          -0.458018,
          1.317464
        ],
        [
          0.0,
          0.0,
          0.0,
          1.0
        ]
      ]
    },
    {
      "file_path": "/media/NFS/ttao/scannet/posed_images/scene0205_02/00148.jpg",
      "transform_matrix": [
        [
          0.999363,
          -0.007994,
          0.034785,
          1.266841
        ],
        [
          -0.034408,
          -0.474786,
          0.879428,
          3.539286
        ],
        [
          0.009485,
          -0.880065,
          -0.474759,
          1.325086
        ],
        [
          0.0,
          0.0,
          0.0,
          1.0
        ]
      ]
    },
    {
      "file_path": "/media/NFS/ttao/scannet/posed_images/scene0205_02/00151.jpg",
      "transform_matrix": [
        [
          0.997361,
          -0.02754,
          0.067175,
          1.312834
        ],
        [
          -0.072198,
          -0.473726,
          0.877708,
          3.543625
        ],
        [
          0.00765,
          -0.880242,
          -0.474464,
          1.332139
        ],
        [
          0.0,
          0.0,
          0.0,
          1.0
        ]
      ]
    },
    {
      "file_path": "/media/NFS/ttao/scannet/posed_images/scene0205_02/00152.jpg",
      "transform_matrix": [
        [
          0.996419,
          -0.032125,
          0.078216,
          1.311841
        ],
        [
          -0.084112,
          -0.471297,
          0.877954,
          3.541633
        ],
        [
          0.008659,
          -0.881389,
          -0.472311,
          1.3318
        ],
        [
          0.0,
          0.0,
          0.0,
          1.0
        ]
      ]
    },
    {
      "file_path": "/media/NFS/ttao/scannet/posed_images/scene0205_02/00159.jpg",
      "transform_matrix": [
        [
          -Infinity,
          -Infinity,
          -Infinity,
          -Infinity
        ],
        [
          -Infinity,
          -Infinity,
          -Infinity,
          -Infinity
        ],
        [
          -Infinity,
          -Infinity,
          -Infinity,
          -Infinity
        ],
        [
          -Infinity,
          -Infinity,
          -Infinity,
          -Infinity
        ]
      ]
    },
    {
      "file_path": "/media/NFS/ttao/scannet/posed_images/scene0205_02/00162.jpg",
      "transform_matrix": [
        [
          0.958402,
          -0.089757,
          0.270941,
          1.276416
        ],
        [
          -0.281044,
          -0.462383,
          0.840961,
          3.586832
        ],
        [
          0.049796,
          -0.882126,
          -0.468375,
          1.31695
        ],
        [
          0.0,
          0.0,
          0.0,
          1.0
        ]
      ]
    },
    {
      "file_path": "/media/NFS/ttao/scannet/posed_images/scene0205_02/00166.jpg",
      "transform_matrix": [
        [
          0.937057,
          -0.13157,
          0.323438,
          1.251897
        ],
        [
          -0.34782,
          -0.433245,
          0.831456,
          3.615498
        ],
        [
          0.030733,
          -0.891621,
          -0.451739,
          1.316004
        ],
        [
          0.0,
          0.0,
          0.0,
          1.0
        ]
      ]
    },
    {
      "file_path": "/media/NFS/ttao/scannet/posed_images/scene0205_02/00169.jpg",
      "transform_matrix": [
        [
          0.918692,
          -0.159695,
          0.36125,
          1.227483
        ],
        [
          -0.394575,
          -0.412149,
          0.821245,
          3.636238
        ],
        [
          0.01774,
          -0.897012,
          -0.44165,
          1.314294
        ],
        [
          0.0,
          0.0,
          0.0,
          1.0
        ]
      ]
    },
    {
      "file_path": "/media/NFS/ttao/scannet/posed_images/scene0205_02/00173.jpg",
      "transform_matrix": [
        [
          0.903549,
          -0.191378,
          0.383371,
          1.200458
        ],
        [
          -0.428363,
          -0.424803,
          0.797526,
          3.676735
        ],
        [
          0.010228,
          -0.884826,
          -0.46581,
          1.315515
        ],
        [
          0.0,
          0.0,
          0.0,
          1.0
        ]
      ]
    },
    {
      "file_path": "/media/NFS/ttao/scannet/posed_images/scene0205_02/00177.jpg",
      "transform_matrix": [
        [
          0.901539,
          -0.197434,
          0.385028,
          1.19077
        ],
        [
          -0.432591,
          -0.430998,
          0.7919,
          3.705122
        ],
        [
          0.009598,
          -0.880489,
          -0.47397,
          1.317092
        ],
        [
          0.0,
          0.0,
          0.0,
          1.0
        ]
      ]
    },
    {
      "file_path": "/media/NFS/ttao/scannet/posed_images/scene0205_02/00180.jpg",
      "transform_matrix": [
        [
          0.894232,
          -0.210406,
          0.395067,
          1.191974
        ],
        [
          -0.4476,
          -0.423673,
          0.787499,
          3.72786
        ],
        [
          0.001684,
          -0.88104,
          -0.47304,
          1.319218
        ],
        [
          0.0,
          0.0,
          0.0,
          1.0
        ]
      ]
    },
    {
      "file_path": "/media/NFS/ttao/scannet/posed_images/scene0205_02/00184.jpg",
      "transform_matrix": [
        [
          0.89022,
          -0.215301,
          0.401439,
          1.197389
        ],
        [
          -0.455529,
          -0.418893,
          0.785508,
          3.763719
        ],
        [
          -0.000961,
          -0.882142,
          -0.470983,
          1.327093
        ],
        [
          0.0,
          0.0,
          0.0,
          1.0
        ]
      ]
    },
    {
      "file_path": "/media/NFS/ttao/scannet/posed_images/scene0205_02/00187.jpg",
      "transform_matrix": [
        [
          0.882853,
          -0.234894,
          0.406689,
          1.206893
        ],
        [
          -0.46899,
          -0.395048,
          0.789927,
          3.802437
        ],
        [
          -0.024888,
          -0.888123,
          -0.458933,
          1.338537
        ],
        [
          0.0,
          0.0,
          0.0,
          1.0
        ]
      ]
    },
    {
      "file_path": "/media/NFS/ttao/scannet/posed_images/scene0205_02/00190.jpg",
      "transform_matrix": [
        [
          0.885295,
          -0.230709,
          0.403765,
          1.216326
        ],
        [
          -0.463971,
          -0.379665,
          0.800365,
          3.823201
        ],
        [
          -0.031356,
          -0.895895,
          -0.443158,
          1.333578
        ],
        [
          0.0,
          0.0,
          0.0,
          1.0
        ]
      ]
    },
    {
      "file_path": "/media/NFS/ttao/scannet/posed_images/scene0205_02/00195.jpg",
      "transform_matrix": [
        [
          0.875518,
          -0.229301,
          0.425311,
          1.224981
        ],
        [
          -0.482718,
          -0.376347,
          0.790788,
          3.866903
        ],
        [
          -0.021264,
          -0.897655,
          -0.440186,
          1.333117
        ],
        [
          0.0,
          0.0,
          0.0,
          1.0
        ]
      ]
    },
    {
      "file_path": "/media/NFS/ttao/scannet/posed_images/scene0205_02/00199.jpg",
      "transform_matrix": [
        [
          0.857741,
          -0.240657,
          0.454273,
          1.231211
        ],
        [
          -0.513991,
          -0.384889,
          0.766599,
          3.900232
        ],
        [
          -0.009642,
          -0.891036,
          -0.453831,
          1.330225
        ],
        [
          0.0,
          0.0,
          0.0,
          1.0
        ]
      ]
    },
    {
      "file_path": "/media/NFS/ttao/scannet/posed_images/scene0205_02/00200.jpg",
      "transform_matrix": [
        [
          0.847675,
          -0.24363,
          0.471266,
          1.224236
        ],
        [
          -0.530509,
          -0.384918,
          0.755247,
          3.914289
        ],
        [
          -0.002602,
          -0.890215,
          -0.455533,
          1.327638
        ],
        [
          0.0,
          0.0,
          0.0,
          1.0
        ]
      ]
    },
    {
      "file_path": "/media/NFS/ttao/scannet/posed_images/scene0205_02/00206.jpg",
      "transform_matrix": [
        [
          0.788445,
          -0.269382,
          0.552981,
          1.219328
        ],
        [
          -0.615094,
          -0.350769,
          0.706131,
          3.971892
        ],
        [
          0.00375,
          -0.896881,
          -0.442257,
          1.328864
        ],
        [
          0.0,
          0.0,
          0.0,
          1.0
        ]
      ]
    },
    {
      "file_path": "/media/NFS/ttao/scannet/posed_images/scene0205_02/00210.jpg",
      "transform_matrix": [
        [
          0.727397,
          -0.30321,
          0.615595,
          1.207834
        ],
        [
          -0.686216,
          -0.321652,
          0.652416,
          4.017667
        ],
        [
          0.000188,
          -0.896997,
          -0.442036,
          1.334275
        ],
        [
          0.0,
          0.0,
          0.0,
          1.0
        ]
      ]
    },
    {
      "file_path": "/media/NFS/ttao/scannet/posed_images/scene0205_02/00215.jpg",
      "transform_matrix": [
        [
          0.657876,
          -0.320575,
          0.681491,
          1.193948
        ],
        [
          -0.752996,
          -0.296779,
          0.587298,
          4.060228
        ],
        [
          0.013979,
          -0.89953,
          -0.436636,
          1.333156
        ],
        [
          0.0,
          0.0,
          0.0,
          1.0
        ]
      ]
    },
    {
      "file_path": "/media/NFS/ttao/scannet/posed_images/scene0205_02/00216.jpg",
      "transform_matrix": [
        [
          0.647655,
          -0.323748,
          0.689732,
          1.191099
        ],
        [
          -0.761784,
          -0.293064,
          0.577753,
          4.064916
        ],
        [
          0.015089,
          -0.899611,
          -0.436431,
          1.329882
        ],
        [
          0.0,
          0.0,
          0.0,
          1.0
        ]
      ]
    },
    {
      "file_path": "/media/NFS/ttao/scannet/posed_images/scene0205_02/00222.jpg",
      "transform_matrix": [
        [
          0.565819,
          -0.373439,
          0.735114,
          1.187593
        ],
        [
          -0.824494,
          -0.264526,
          0.500235,
          4.097343
        ],
        [
          0.007649,
          -0.88914,
          -0.457572,
          1.324374
        ],
        [
          0.0,
          0.0,
          0.0,
          1.0
        ]
      ]
    },
    {
      "file_path": "/media/NFS/ttao/scannet/posed_images/scene0205_02/00226.jpg",
      "transform_matrix": [
        [
          0.521281,
          -0.395231,
          0.756346,
          1.194834
        ],
        [
          -0.853365,
          -0.247488,
          0.458822,
          4.107095
        ],
        [
          0.005845,
          -0.884614,
          -0.466287,
          1.322698
        ],
        [
          0.0,
          0.0,
          0.0,
          1.0
        ]
      ]
    },
    {
      "file_path": "/media/NFS/ttao/scannet/posed_images/scene0205_02/00229.jpg",
      "transform_matrix": [
        [
          0.495458,
          -0.399995,
          0.771055,
          1.2012
        ],
        [
          -0.868559,
          -0.239625,
          0.433803,
          4.116786
        ],
        [
          0.011245,
          -0.884638,
          -0.466143,
          1.317243
        ],
        [
          0.0,
          0.0,
          0.0,
          1.0
        ]
      ]
    },
    {
      "file_path": "/media/NFS/ttao/scannet/posed_images/scene0205_02/00231.jpg",
      "transform_matrix": [
        [
          0.493447,
          -0.406049,
          0.769177,
          1.208342
        ],
        [
          -0.869687,
          -0.242958,
          0.429669,
          4.128855
        ],
        [
          0.012411,
          -0.880963,
          -0.473022,
          1.32235
        ],
        [
          0.0,
          0.0,
          0.0,
          1.0
        ]
      ]
    },
    {
      "file_path": "/media/NFS/ttao/scannet/posed_images/scene0205_02/00235.jpg",
      "transform_matrix": [
        [
          0.491029,
          -0.398347,
          0.774732,
          1.216393
        ],
        [
          -0.87112,
          -0.218049,
          0.440005,
          4.13988
        ],
        [
          -0.006346,
          -0.89094,
          -0.454077,
          1.318282
        ],
        [
          0.0,
          0.0,
          0.0,
          1.0
        ]
      ]
    },
    {
      "file_path": "/media/NFS/ttao/scannet/posed_images/scene0205_02/00239.jpg",
      "transform_matrix": [
        [
          0.496638,
          -0.410094,
          0.764966,
          1.229654
        ],
        [
          -0.86754,
          -0.207209,
          0.452148,
          4.156347
        ],
        [
          -0.026915,
          -0.888193,
          -0.458681,
          1.310777
        ],
        [
          0.0,
          0.0,
          0.0,
          1.0
        ]
      ]
    },
    {
      "file_path": "/media/NFS/ttao/scannet/posed_images/scene0205_02/00243.jpg",
      "transform_matrix": [
        [
          0.484433,
          -0.423126,
          0.765695,
          1.248131
        ],
        [
          -0.874351,
          -0.205273,
          0.439741,
          4.169699
        ],
        [
          -0.028889,
          -0.882512,
          -0.469402,
          1.301858
        ],
        [
          0.0,
          0.0,
          0.0,
          1.0
        ]
      ]
    },
    {
      "file_path": "/media/NFS/ttao/scannet/posed_images/scene0205_02/00247.jpg",
      "transform_matrix": [
        [
          0.429286,
          -0.443771,
          0.786626,
          1.254664
        ],
        [
          -0.903089,
          -0.199392,
          0.380358,
          4.195579
        ],
        [
          -0.011945,
          -0.873676,
          -0.486361,
          1.290929
        ],
        [
          0.0,
          0.0,
          0.0,
          1.0
        ]
      ]
    },
    {
      "file_path": "/media/NFS/ttao/scannet/posed_images/scene0205_02/00251.jpg",
      "transform_matrix": [
        [
          0.354527,
          -0.435721,
          0.827319,
          1.246006
        ],
        [
          -0.934936,
          -0.151646,
          0.320777,
          4.233927
        ],
        [
          -0.01431,
          -0.887215,
          -0.461134,
          1.286456
        ],
        [
          0.0,
          0.0,
          0.0,
          1.0
        ]
      ]
    },
    {
      "file_path": "/media/NFS/ttao/scannet/posed_images/scene0205_02/00255.jpg",
      "transform_matrix": [
        [
          0.29204,
          -0.468718,
          0.833676,
          1.227585
        ],
        [
          -0.95569,
          -0.109311,
          0.273325,
          4.274742
        ],
        [
          -0.036982,
          -0.876558,
          -0.479873,
          1.278653
        ],
        [
          0.0,
          0.0,
          0.0,
          1.0
        ]
      ]
    },
    {
      "file_path": "/media/NFS/ttao/scannet/posed_images/scene0205_02/00260.jpg",
      "transform_matrix": [
        [
          0.207954,
          -0.450176,
          0.868387,
          1.196562
        ],
        [
          -0.976531,
          -0.04467,
          0.210694,
          4.325307
        ],
        [
          -0.056058,
          -0.891822,
          -0.4489,
          1.275482
        ],
        [
          0.0,
          0.0,
          0.0,
          1.0
        ]
      ]
    },
    {
      "file_path": "/media/NFS/ttao/scannet/posed_images/scene0205_02/00261.jpg",
      "transform_matrix": [
        [
          0.193677,
          -0.458133,
          0.867527,
          1.192701
        ],
        [
          -0.979151,
          -0.035046,
          0.200089,
          4.334996
        ],
        [
          -0.061264,
          -0.888193,
          -0.455369,
          1.27877
        ],
        [
          0.0,
          0.0,
          0.0,
          1.0
        ]
      ]
    },
    {
      "file_path": "/media/NFS/ttao/scannet/posed_images/scene0205_02/00264.jpg",
      "transform_matrix": [
        [
          0.158343,
          -0.483864,
          0.860699,
          1.184051
        ],
        [
          -0.985075,
          -0.017833,
          0.171199,
          4.352565
        ],
        [
          -0.067488,
          -0.874961,
          -0.479467,
          1.27741
        ],
        [
          0.0,
          0.0,
          0.0,
          1.0
        ]
      ]
    },
    {
      "file_path": "/media/NFS/ttao/scannet/posed_images/scene0205_02/00267.jpg",
      "transform_matrix": [
        [
          0.136282,
          -0.472452,
          0.870756,
          1.173906
        ],
        [
          -0.988888,
          -0.012171,
          0.148167,
          4.360865
        ],
        [
          -0.059404,
          -0.881273,
          -0.46886,
          1.27814
        ],
        [
          0.0,
          0.0,
          0.0,
          1.0
        ]
      ]
    },
    {
      "file_path": "/media/NFS/ttao/scannet/posed_images/scene0205_02/00272.jpg",
      "transform_matrix": [
        [
          0.073648,
          -0.447536,
          0.891228,
          1.161835
        ],
        [
          -0.997007,
          -0.01198,
          0.076373,
          4.370599
        ],
        [
          -0.023503,
          -0.894186,
          -0.447079,
          1.278448
        ],
        [
          0.0,
          0.0,
          0.0,
          1.0
        ]
      ]
    },
    {
      "file_path": "/media/NFS/ttao/scannet/posed_images/scene0205_02/00275.jpg",
      "transform_matrix": [
        [
          0.056645,
          -0.450184,
          0.891137,
          1.155603
        ],
        [
          -0.997953,
          0.001,
          0.06394,
          4.366935
        ],
        [
          -0.029676,
          -0.892935,
          -0.449207,
          1.281086
        ],
        [
          0.0,
          0.0,
          0.0,
          1.0
        ]
      ]
    },
    {
      "file_path": "/media/NFS/ttao/scannet/posed_images/scene0205_02/00280.jpg",
      "transform_matrix": [
        [
          0.023876,
          -0.414598,
          0.909692,
          1.13941
        ],
        [
          -0.999418,
          0.012282,
          0.031828,
          4.345613
        ],
        [
          -0.024369,
          -0.909922,
          -0.414063,
          1.289336
        ],
        [
          0.0,
          0.0,
          0.0,
          1.0
        ]
      ]
    },
    {
      "file_path": "/media/NFS/ttao/scannet/posed_images/scene0205_02/00283.jpg",
      "transform_matrix": [
        [
          0.010501,
          -0.392466,
          0.919707,
          1.12747
        ],
        [
          -0.999572,
          0.021012,
          0.02038,
          4.331616
        ],
        [
          -0.027323,
          -0.919527,
          -0.392077,
          1.300264
        ],
        [
          0.0,
          0.0,
          0.0,
          1.0
        ]
      ]
    },
    {
      "file_path": "/media/NFS/ttao/scannet/posed_images/scene0205_02/00289.jpg",
      "transform_matrix": [
        [
          -0.037117,
          -0.359536,
          0.932393,
          1.10582
        ],
        [
          -0.998802,
          0.043119,
          -0.023133,
          4.309673
        ],
        [
          -0.031887,
          -0.932135,
          -0.360706,
          1.32332
        ],
