{
  "frames": [
    {
      "file_path": "/media/NFS/ttao/scannet/posed_images/scene0403_00/00000.jpg",
      "transform_matrix": [
        [
          -0.290944,
          -0.378306,
          0.878769,
          3.680048
        ],
        [
          -0.953387,
          0.037805,
          -0.299373,
          3.571793
        ],
        [
          0.080033,
          -0.924908,
          -0.371672,
          2.367439
        ],
        [
          0.0,
          0.0,
          0.0,
          1.0
        ]
      ]
    },
    {
      "file_path": "/media/NFS/ttao/scannet/posed_images/scene0403_00/00006.jpg",
      "transform_matrix": [
        [
          -0.239866,
          -0.387421,
          0.890151,
          3.707226
        ],
        [
          -0.967543,
          0.020286,
          -0.251891,
          3.526825
        ],
        [
          0.079531,
          -0.92168,
          -0.379712,
          2.365495
        ],
        [
          0.0,
          0.0,
          0.0,
          1.0
        ]
      ]
    },
    {
      "file_path": "/media/NFS/ttao/scannet/posed_images/scene0403_00/00015.jpg",
      "transform_matrix": [
        [
          -0.132097,
          -0.384562,
          0.913599,
          3.692858
        ],
        [
          -0.987603,
          -0.02779,
          -0.154495,
          3.471844
        ],
        [
          0.084802,
          -0.922681,
          -0.376123,
          2.318064
        ],
        [
          0.0,
          0.0,
          0.0,
          1.0
        ]
      ]
    },
    {
      "file_path": "/media/NFS/ttao/scannet/posed_images/scene0403_00/00017.jpg",
      "transform_matrix": [
        [
          -0.113995,
          -0.384311,
          0.916139,
          3.693008
        ],
        [
          -0.990055,
          -0.032576,
          -0.136858,
          3.465856
        ],
        [
          0.08244,
          -0.922629,
          -0.376776,
          2.316083
        ],
        [
          0.0,
          0.0,
          0.0,
          1.0
        ]
      ]
    },
    {
      "file_path": "/media/NFS/ttao/scannet/posed_images/scene0403_00/00025.jpg",
      "transform_matrix": [
        [
          -0.060636,
          -0.397191,
          0.91573,
          3.703785
        ],
        [
          -0.996405,
          -0.030294,
          -0.079118,
          3.440754
        ],
        [
          0.059166,
          -0.917236,
          -0.393927,
          2.287446
        ],
        [
          0.0,
          0.0,
          0.0,
          1.0
        ]
      ]
    },
    {
      "file_path": "/media/NFS/ttao/scannet/posed_images/scene0403_00/00034.jpg",
      "transform_matrix": [
        [
          -0.011404,
          -0.403031,
          0.915115,
          3.772384
        ],
        [
          -0.997425,
          -0.060222,
          -0.038952,
          3.419815
        ],
        [
          0.070809,
          -0.913203,
          -0.401307,
          2.267857
        ],
        [
          0.0,
          0.0,
          0.0,
          1.0
        ]
      ]
    },
    {
      "file_path": "/media/NFS/ttao/scannet/posed_images/scene0403_00/00038.jpg",
      "transform_matrix": [
        [
          0.003965,
          -0.42512,
          0.905128,
          3.821028
        ],
        [
          -0.996215,
          -0.080274,
          -0.033339,
          3.409182
        ],
        [
          0.086831,
          -0.901571,
          -0.423829,
          2.248842
        ],
        [
          0.0,
          0.0,
          0.0,
          1.0
        ]
      ]
    },
    {
      "file_path": "/media/NFS/ttao/scannet/posed_images/scene0403_00/00043.jpg",
      "transform_matrix": [
        [
          0.022908,
          -0.427043,
          0.903941,
          3.885584
        ],
        [
          -0.994929,
          -0.098316,
          -0.021233,
          3.413335
        ],
        [
          0.09794,
          -0.898871,
          -0.427129,
          2.230931
        ],
        [
          0.0,
          0.0,
          0.0,
          1.0
        ]
      ]
    },
    {
      "file_path": "/media/NFS/ttao/scannet/posed_images/scene0403_00/00049.jpg",
      "transform_matrix": [
        [
          0.066552,
          -0.409598,
          0.909835,
          3.954196
        ],
        [
          -0.991092,
          -0.132557,
          0.01282,
          3.422479
        ],
        [
          0.115354,
          -0.902584,
          -0.414772,
          2.225991
        ],
        [
          0.0,
          0.0,
          0.0,
          1.0
        ]
      ]
    },
    {
      "file_path": "/media/NFS/ttao/scannet/posed_images/scene0403_00/00057.jpg",
      "transform_matrix": [
        [
          0.178263,
          -0.42462,
          0.887648,
          4.015803
        ],
        [
          -0.978751,
          -0.169417,
          0.115516,
          3.448509
        ],
        [
          0.101332,
          -0.889379,
          -0.445799,
          2.198951
        ],
        [
          0.0,
          0.0,
          0.0,
          1.0
        ]
      ]
    },
    {
      "file_path": "/media/NFS/ttao/scannet/posed_images/scene0403_00/00066.jpg",
      "transform_matrix": [
        [
          0.372885,
          -0.358921,
          0.855647,
          4.084236
        ],
        [
          -0.924194,
          -0.225758,
          0.308058,
          3.430845
        ],
        [
          0.082601,
          -0.905654,
          -0.415894,
          2.199524
        ],
        [
          0.0,
          0.0,
          0.0,
          1.0
        ]
      ]
    },
    {
      "file_path": "/media/NFS/ttao/scannet/posed_images/scene0403_00/00070.jpg",
      "transform_matrix": [
        [
          0.439807,
          -0.333553,
          0.833853,
          4.122074
        ],
        [
          -0.895137,
          -0.238065,
          0.376901,
          3.41573
        ],
        [
          0.072795,
          -0.912177,
          -0.403279,
          2.201968
        ],
        [
          0.0,
          0.0,
          0.0,
          1.0
        ]
      ]
    },
    {
      "file_path": "/media/NFS/ttao/scannet/posed_images/scene0403_00/00079.jpg",
      "transform_matrix": [
        [
          0.582963,
          -0.3011,
          0.754647,
          4.171755
        ],
        [
          -0.810653,
          -0.278119,
          0.515259,
          3.415282
        ],
        [
          0.054738,
          -0.912134,
          -0.406221,
          2.194423
        ],
        [
          0.0,
          0.0,
          0.0,
          1.0
        ]
      ]
    },
    {
      "file_path": "/media/NFS/ttao/scannet/posed_images/scene0403_00/00085.jpg",
      "transform_matrix": [
        [
          0.628762,
          -0.269119,
          0.729543,
          4.217563
        ],
        [
          -0.775612,
          -0.284068,
          0.563677,
          3.451121
        ],
        [
          0.055544,
          -0.920261,
          -0.387343,
          2.187858
        ],
        [
          0.0,
          0.0,
          0.0,
          1.0
        ]
      ]
    },
    {
      "file_path": "/media/NFS/ttao/scannet/posed_images/scene0403_00/00089.jpg",
      "transform_matrix": [
        [
          0.642673,
          -0.249369,
          0.724422,
          4.242812
        ],
        [
          -0.763654,
          -0.284619,
          0.579504,
          3.49341
        ],
        [
          0.061674,
          -0.925639,
          -0.373348,
          2.192991
        ],
        [
          0.0,
          0.0,
          0.0,
          1.0
        ]
      ]
    },
    {
      "file_path": "/media/NFS/ttao/scannet/posed_images/scene0403_00/00093.jpg",
      "transform_matrix": [
        [
          0.669668,
          -0.231537,
          0.705645,
          4.277589
        ],
        [
          -0.740719,
          -0.276898,
          0.612098,
          3.550213
        ],
        [
          0.053668,
          -0.932587,
          -0.356934,
          2.210152
        ],
        [
          0.0,
          0.0,
          0.0,
          1.0
        ]
      ]
    },
    {
      "file_path": "/media/NFS/ttao/scannet/posed_images/scene0403_00/00100.jpg",
      "transform_matrix": [
        [
          0.695774,
          -0.155738,
          0.701173,
          4.285425
        ],
        [
          -0.715629,
          -0.233791,
          0.658192,
          3.674499
        ],
        [
          0.061422,
          -0.959733,
          -0.274117,
          2.229583
        ],
        [
          0.0,
          0.0,
          0.0,
          1.0
        ]
      ]
    },
    {
      "file_path": "/media/NFS/ttao/scannet/posed_images/scene0403_00/00106.jpg",
      "transform_matrix": [
        [
          0.717669,
          -0.131249,
          0.683904,
          4.304421
        ],
        [
          -0.692609,
          -0.236642,
          0.681391,
          3.74274
        ],
        [
          0.072409,
          -0.962691,
          -0.260735,
          2.246288
        ],
        [
          0.0,
          0.0,
          0.0,
          1.0
        ]
      ]
    },
    {
      "file_path": "/media/NFS/ttao/scannet/posed_images/scene0403_00/00113.jpg",
      "transform_matrix": [
        [
          0.757255,
          -0.112743,
          0.643314,
          4.360138
        ],
        [
          -0.649982,
          -0.226526,
          0.725403,
          3.780011
        ],
        [
          0.063943,
          -0.967458,
          -0.244819,
          2.242828
        ],
        [
          0.0,
          0.0,
          0.0,
          1.0
        ]
      ]
    },
    {
      "file_path": "/media/NFS/ttao/scannet/posed_images/scene0403_00/00123.jpg",
      "transform_matrix": [
        [
          0.810977,
          -0.064106,
          0.581555,
          4.470033
        ],
        [
          -0.581679,
          -0.195324,
          0.789619,
          3.81904
        ],
        [
          0.062973,
          -0.978641,
          -0.195693,
          2.248916
        ],
        [
          0.0,
          0.0,
          0.0,
          1.0
        ]
      ]
    },
    {
      "file_path": "/media/NFS/ttao/scannet/posed_images/scene0403_00/00125.jpg",
      "transform_matrix": [
        [
          0.816543,
          -0.062188,
          0.573925,
          4.488288
        ],
        [
          -0.572657,
          -0.212893,
          0.79167,
          3.839606
        ],
        [
          0.072952,
          -0.975094,
          -0.209449,
          2.259778
        ],
        [
          0.0,
          0.0,
          0.0,
          1.0
        ]
      ]
    },
    {
      "file_path": "/media/NFS/ttao/scannet/posed_images/scene0403_00/00136.jpg",
      "transform_matrix": [
        [
          0.868741,
          -0.061011,
          0.491495,
          4.565727
        ],
        [
          -0.492706,
          -0.207255,
          0.845155,
          3.897665
        ],
        [
          0.050301,
          -0.976383,
          -0.210112,
          2.266895
        ],
        [
          0.0,
          0.0,
          0.0,
          1.0
        ]
      ]
    },
    {
      "file_path": "/media/NFS/ttao/scannet/posed_images/scene0403_00/00140.jpg",
      "transform_matrix": [
        [
          0.86829,
          -0.061797,
          0.492193,
          4.606093
        ],
        [
          -0.492503,
          -0.225946,
          0.840469,
          3.947647
        ],
        [
          0.05927,
          -0.972178,
          -0.226622,
          2.274185
        ],
        [
          0.0,
          0.0,
          0.0,
          1.0
        ]
      ]
    },
    {
      "file_path": "/media/NFS/ttao/scannet/posed_images/scene0403_00/00147.jpg",
      "transform_matrix": [
        [
          0.870474,
          -0.056362,
          0.488977,
          4.665149
        ],
        [
          -0.488759,
          -0.216477,
          0.845135,
          4.029748
        ],
        [
          0.058219,
          -0.97466,
          -0.215985,
          2.270706
        ],
        [
          0.0,
          0.0,
          0.0,
          1.0
        ]
      ]
    },
    {
      "file_path": "/media/NFS/ttao/scannet/posed_images/scene0403_00/00149.jpg",
      "transform_matrix": [
        [
          0.870561,
          -0.053133,
          0.489183,
          4.67934
        ],
        [
          -0.487816,
          -0.223487,
          0.843854,
          4.056726
        ],
        [
          0.06449,
          -0.973258,
          -0.220479,
          2.273295
        ],
        [
          0.0,
          0.0,
          0.0,
          1.0
        ]
      ]
    },
    {
      "file_path": "/media/NFS/ttao/scannet/posed_images/scene0403_00/00157.jpg",
      "transform_matrix": [
        [
          0.87525,
          -0.075769,
          0.477699,
          4.748401
        ],
        [
          -0.481936,
          -0.220217,
          0.848082,
          4.118511
        ],
        [
          0.040939,
          -0.972504,
          -0.229261,
          2.240531
        ],
        [
          0.0,
          0.0,
          0.0,
          1.0
        ]
      ]
    },
    {
      "file_path": "/media/NFS/ttao/scannet/posed_images/scene0403_00/00165.jpg",
      "transform_matrix": [
        [
          0.862854,
          -0.142852,
          0.484846,
          4.818888
        ],
        [
          -0.504828,
          -0.291261,
          0.812598,
          4.175888
        ],
        [
          0.025135,
          -0.945918,
          -0.323432,
          2.21347
        ],
        [
          0.0,
          0.0,
          0.0,
          1.0
        ]
      ]
    },
    {
      "file_path": "/media/NFS/ttao/scannet/posed_images/scene0403_00/00174.jpg",
      "transform_matrix": [
        [
          0.863951,
          -0.190929,
          0.465977,
          4.922852
        ],
        [
          -0.50333,
          -0.298472,
          0.810909,
          4.226953
        ],
        [
          -0.015745,
          -0.935126,
          -0.353965,
          2.165701
        ],
        [
          0.0,
          0.0,
          0.0,
          1.0
        ]
      ]
    },
    {
      "file_path": "/media/NFS/ttao/scannet/posed_images/scene0403_00/00176.jpg",
      "transform_matrix": [
        [
          0.867128,
          -0.201405,
          0.455548,
          4.957205
        ],
        [
          -0.497298,
          -0.298693,
          0.814541,
          4.233496
        ],
        [
          -0.027984,
          -0.932855,
          -0.359163,
          2.149438
        ],
        [
          0.0,
          0.0,
          0.0,
          1.0
        ]
      ]
    },
    {
      "file_path": "/media/NFS/ttao/scannet/posed_images/scene0403_00/00182.jpg",
      "transform_matrix": [
        [
          0.882756,
          -0.206197,
          0.422165,
          5.029961
        ],
        [
          -0.469344,
          -0.346154,
          0.812338,
          4.279736
        ],
        [
          -0.021368,
          -0.915238,
          -0.402347,
          2.117624
        ],
        [
          0.0,
          0.0,
          0.0,
          1.0
        ]
      ]
    },
    {
      "file_path": "/media/NFS/ttao/scannet/posed_images/scene0403_00/00191.jpg",
      "transform_matrix": [
        [
          0.910981,
          -0.190158,
          0.365997,
          5.122059
        ],
        [
          -0.411255,
          -0.351321,
          0.841096,
          4.357986
        ],
        [
          -0.031359,
          -0.916741,
          -0.39825,
          2.16226
        ],
        [
          0.0,
          0.0,
          0.0,
          1.0
        ]
      ]
    },
    {
      "file_path": "/media/NFS/ttao/scannet/posed_images/scene0403_00/00197.jpg",
      "transform_matrix": [
        [
          0.93201,
          -0.156875,
          0.326721,
          5.158912
        ],
        [
          -0.36146,
          -0.336379,
          0.869595,
          4.40937
        ],
        [
          -0.026515,
          -0.928569,
          -0.370213,
          2.15633
        ],
        [
          0.0,
          0.0,
          0.0,
          1.0
        ]
      ]
    },
    {
      "file_path": "/media/NFS/ttao/scannet/posed_images/scene0403_00/00200.jpg",
      "transform_matrix": [
        [
          0.950457,
          -0.132747,
          0.281086,
          5.201622
        ],
        [
          -0.309785,
          -0.329488,
          0.891892,
          4.460993
        ],
        [
          -0.025782,
          -0.934781,
          -0.354287,
          2.187173
        ],
        [
          0.0,
          0.0,
          0.0,
          1.0
        ]
      ]
    },
    {
      "file_path": "/media/NFS/ttao/scannet/posed_images/scene0403_00/00208.jpg",
      "transform_matrix": [
        [
          0.976507,
          -0.055878,
          0.208115,
          5.279502
        ],
        [
          -0.215417,
          -0.277677,
          0.936211,
          4.557224
        ],
        [
          0.005475,
          -0.959048,
          -0.28319,
          2.228951
        ],
        [
          0.0,
          0.0,
          0.0,
          1.0
        ]
      ]
    },
    {
      "file_path": "/media/NFS/ttao/scannet/posed_images/scene0403_00/00214.jpg",
      "transform_matrix": [
        [
          0.979878,
          -0.033281,
          0.196804,
          5.289615
        ],
        [
          -0.199245,
          -0.221755,
          0.954529,
          4.626794
        ],
        [
          0.011874,
          -0.974534,
          -0.223924,
          2.247746
        ],
        [
          0.0,
          0.0,
          0.0,
          1.0
        ]
      ]
    },
    {
      "file_path": "/media/NFS/ttao/scannet/posed_images/scene0403_00/00223.jpg",
      "transform_matrix": [
        [
          0.986168,
          -0.038001,
          0.161336,
          5.339767
        ],
        [
          -0.165723,
          -0.20834,
          0.963914,
          4.696153
        ],
        [
          -0.003017,
          -0.977318,
          -0.211755,
          2.2555
        ],
        [
          0.0,
          0.0,
          0.0,
          1.0
        ]
      ]
    },
    {
      "file_path": "/media/NFS/ttao/scannet/posed_images/scene0403_00/00225.jpg",
      "transform_matrix": [
        [
          0.987033,
          -0.036378,
          0.15634,
          5.360247
        ],
        [
          -0.16047,
          -0.200164,
          0.966532,
          4.70387
        ],
        [
          -0.003867,
          -0.979087,
          -0.203406,
          2.24881
        ],
        [
          0.0,
          0.0,
          0.0,
          1.0
        ]
      ]
    },
    {
      "file_path": "/media/NFS/ttao/scannet/posed_images/scene0403_00/00233.jpg",
      "transform_matrix": [
        [
          0.986079,
          -0.048852,
          0.158939,
          5.43081
        ],
        [
          -0.165945,
          -0.228708,
          0.959247,
          4.748867
        ],
        [
          -0.01051,
          -0.972268,
          -0.233631,
          2.229977
        ],
        [
          0.0,
          0.0,
          0.0,
          1.0
        ]
      ]
    },
    {
      "file_path": "/media/NFS/ttao/scannet/posed_images/scene0403_00/00242.jpg",
      "transform_matrix": [
        [
          0.997655,
          -0.027443,
          0.062696,
          5.505311
        ],
        [
          -0.067631,
          -0.254953,
          0.964586,
          4.753431
        ],
        [
          -0.010487,
          -0.966564,
          -0.256211,
          2.160742
        ],
        [
          0.0,
          0.0,
          0.0,
          1.0
        ]
      ]
    },
    {
      "file_path": "/media/NFS/ttao/scannet/posed_images/scene0403_00/00250.jpg",
      "transform_matrix": [
        [
          0.999961,
          -0.003889,
          -0.007898,
          5.595928
        ],
        [
          0.00613,
          -0.336395,
          0.941701,
          4.77533
        ],
        [
          -0.006319,
          -0.941713,
          -0.336358,
          2.12301
        ],
        [
          0.0,
          0.0,
          0.0,
          1.0
        ]
      ]
    },
    {
      "file_path": "/media/NFS/ttao/scannet/posed_images/scene0403_00/00253.jpg",
      "transform_matrix": [
        [
          0.999958,
          -0.007314,
          -0.005533,
          5.623149
        ],
        [
          0.00246,
          -0.367309,
          0.930096,
          4.795787
        ],
        [
          -0.008835,
          -0.93007,
          -0.367275,
          2.108126
        ],
        [
          0.0,
          0.0,
          0.0,
          1.0
        ]
      ]
    },
    {
      "file_path": "/media/NFS/ttao/scannet/posed_images/scene0403_00/00259.jpg",
      "transform_matrix": [
        [
          0.999793,
          -0.014601,
          -0.014165,
          5.665895
        ],
        [
          0.006791,
          -0.416819,
          0.908964,
          4.837207
        ],
        [
          -0.019176,
          -0.908872,
          -0.416634,
          2.071083
        ],
        [
          0.0,
          0.0,
          0.0,
          1.0
        ]
      ]
    },
    {
      "file_path": "/media/NFS/ttao/scannet/posed_images/scene0403_00/00263.jpg",
      "transform_matrix": [
        [
          0.999834,
          -0.000434,
          -0.018206,
          5.671961
        ],
        [
          0.016244,
          -0.43066,
          0.902368,
          4.880139
        ],
        [
          -0.008232,
          -0.902514,
          -0.430582,
          2.036865
        ],
        [
          0.0,
          0.0,
          0.0,
          1.0
        ]
      ]
    },
    {
      "file_path": "/media/NFS/ttao/scannet/posed_images/scene0403_00/00272.jpg",
      "transform_matrix": [
        [
          0.999669,
          0.021981,
          0.013358,
          5.670918
        ],
        [
          -0.000775,
          -0.493358,
          0.869826,
          5.015402
        ],
        [
          0.02571,
          -0.869549,
          -0.493177,
          1.999725
        ],
        [
          0.0,
          0.0,
          0.0,
          1.0
        ]
      ]
    },
    {
      "file_path": "/media/NFS/ttao/scannet/posed_images/scene0403_00/00278.jpg",
      "transform_matrix": [
        [
          0.998697,
          0.035111,
          -0.037038,
          5.647288
        ],
        [
          0.049101,
          -0.463126,
          0.884932,
          5.093859
        ],
        [
          0.013918,
          -0.885597,
          -0.464246,
          2.001423
        ],
        [
          0.0,
          0.0,
          0.0,
          1.0
        ]
      ]
    },
    {
      "file_path": "/media/NFS/ttao/scannet/posed_images/scene0403_00/00286.jpg",
      "transform_matrix": [
        [
          0.991024,
          0.051575,
          -0.123333,
          5.645769
        ],
        [
          0.133668,
          -0.39606,
          0.908443,
          5.191791
        ],
        [
          -0.001994,
          -0.916775,
          -0.399399,
          2.034717
        ],
        [
          0.0,
          0.0,
          0.0,
          1.0
        ]
      ]
    },
    {
      "file_path": "/media/NFS/ttao/scannet/posed_images/scene0403_00/00293.jpg",
      "transform_matrix": [
        [
          0.980269,
          0.055609,
          -0.189684,
          5.634562
        ],
        [
          0.1975,
          -0.315028,
          0.928306,
          5.281425
        ],
        [
          -0.008134,
          -0.947452,
          -0.319795,
          2.075251
        ],
        [
          0.0,
          0.0,
          0.0,
          1.0
        ]
      ]
    },
    {
      "file_path": "/media/NFS/ttao/scannet/posed_images/scene0403_00/00295.jpg",
      "transform_matrix": [
        [
          0.976527,
          0.05334,
          -0.208687,
          5.640877
        ],
        [
          0.215093,
          -0.292909,
          0.931633,
          5.301415
        ],
        [
          -0.011433,
          -0.954651,
          -0.297507,
          2.091331
        ],
        [
          0.0,
          0.0,
          0.0,
          1.0
        ]
      ]
    },
    {
      "file_path": "/media/NFS/ttao/scannet/posed_images/scene0403_00/00306.jpg",
      "transform_matrix": [
        [
          0.954502,
          0.068584,
          -0.290211,
          5.68733
        ],
        [
          0.297872,
          -0.1733,
          0.938743,
          5.409195
        ],
        [
          0.014089,
          -0.982478,
          -0.185845,
          2.138466
        ],
        [
          0.0,
          0.0,
          0.0,
          1.0
        ]
      ]
    },
    {
      "file_path": "/media/NFS/ttao/scannet/posed_images/scene0403_00/00312.jpg",
      "transform_matrix": [
        [
          0.947015,
          0.074608,
          -0.312402,
          5.658088
        ],
        [
          0.320953,
          -0.182656,
          0.929315,
          5.453743
        ],
        [
          0.012272,
          -0.980342,
          -0.196924,
          2.173838
        ],
        [
          0.0,
          0.0,
          0.0,
          1.0
        ]
      ]
    },
    {
      "file_path": "/media/NFS/ttao/scannet/posed_images/scene0403_00/00314.jpg",
      "transform_matrix": [
        [
          0.943089,
          0.073038,
          -0.324421,
          5.65144
        ],
        [
          0.332472,
          -0.187284,
          0.924331,
          5.470515
        ],
        [
          0.006752,
          -0.979587,
          -0.200909,
          2.177928
        ],
        [
          0.0,
          0.0,
          0.0,
          1.0
        ]
      ]
    },
    {
      "file_path": "/media/NFS/ttao/scannet/posed_images/scene0403_00/00323.jpg",
      "transform_matrix": [
        [
          0.927803,
          0.070486,
          -0.366351,
          5.617829
        ],
        [
          0.372831,
          -0.140027,
          0.917273,
          5.573853
        ],
        [
          0.013356,
          -0.987636,
          -0.156197,
          2.192832
        ],
        [
          0.0,
          0.0,
          0.0,
          1.0
        ]
      ]
    },
    {
      "file_path": "/media/NFS/ttao/scannet/posed_images/scene0403_00/00329.jpg",
      "transform_matrix": [
        [
          0.92694,
          0.078354,
          -0.366937,
          5.560342
        ],
        [
          0.374827,
          -0.14925,
          0.915002,
          5.645245
        ],
        [
          0.016929,
          -0.98569,
          -0.167715,
          2.218829
        ],
        [
          0.0,
          0.0,
          0.0,
          1.0
        ]
      ]
    },
    {
      "file_path": "/media/NFS/ttao/scannet/posed_images/scene0403_00/00333.jpg",
      "transform_matrix": [
        [
          0.923077,
          0.080862,
          -0.376018,
          5.494578
        ],
        [
          0.384242,
          -0.1509,
          0.910817,
          5.669843
        ],
        [
          0.01691,
          -0.985236,
          -0.170363,
          2.193388
        ],
        [
          0.0,
          0.0,
          0.0,
          1.0
        ]
      ]
    },
    {
      "file_path": "/media/NFS/ttao/scannet/posed_images/scene0403_00/00344.jpg",
      "transform_matrix": [
        [
          0.8883,
          0.119538,
          -0.443434,
          5.400357
        ],
        [
          0.459194,
          -0.248016,
          0.853012,
          5.722281
        ],
        [
          -0.008011,
          -0.961352,
          -0.275204,
          2.109662
        ],
        [
          0.0,
          0.0,
          0.0,
          1.0
        ]
      ]
    },
    {
      "file_path": "/media/NFS/ttao/scannet/posed_images/scene0403_00/00346.jpg",
      "transform_matrix": [
        [
          0.881419,
          0.121832,
          -0.456353,
          5.389552
        ],
        [
          0.472048,
          -0.260934,
          0.842072,
          5.735968
        ],
        [
          -0.016487,
          -0.957638,
          -0.287502,
          2.098505
        ],
        [
          0.0,
          0.0,
          0.0,
          1.0
        ]
      ]
    },
    {
      "file_path": "/media/NFS/ttao/scannet/posed_images/scene0403_00/00356.jpg",
      "transform_matrix": [
        [
          0.810288,
          0.203974,
          -0.549388,
          5.334223
        ],
        [
          0.585964,
          -0.296238,
          0.754247,
          5.777154
        ],
        [
          -0.008903,
          -0.93308,
          -0.359559,
          2.015234
        ],
        [
          0.0,
          0.0,
          0.0,
          1.0
        ]
      ]
    },
    {
      "file_path": "/media/NFS/ttao/scannet/posed_images/scene0403_00/00361.jpg",
      "transform_matrix": [
        [
          0.730108,
          0.234001,
          -0.642017,
          5.343274
        ],
        [
          0.68293,
          -0.282087,
          0.673821,
          5.849404
        ],
        [
          -0.02343,
          -0.930414,
          -0.36576,
          2.010662
        ],
        [
          0.0,
          0.0,
          0.0,
          1.0
        ]
      ]
    },
    {
      "file_path": "/media/NFS/ttao/scannet/posed_images/scene0403_00/00369.jpg",
      "transform_matrix": [
        [
          0.660723,
          0.248671,
          -0.708243,
          5.315498
        ],
        [
          0.748461,
          -0.289932,
          0.596444,
          5.913107
        ],
        [
          -0.057024,
          -0.924177,
          -0.377685,
          1.994662
        ],
        [
          0.0,
          0.0,
          0.0,
          1.0
        ]
      ]
    },
    {
      "file_path": "/media/NFS/ttao/scannet/posed_images/scene0403_00/00373.jpg",
      "transform_matrix": [
        [
          0.637181,
          0.260078,
          -0.725506,
          5.302
        ],
        [
          0.768692,
          -0.282597,
          0.573804,
          5.953691
        ],
        [
          -0.055792,
          -0.923308,
          -0.379985,
          2.002969
        ],
        [
          0.0,
          0.0,
          0.0,
          1.0
        ]
      ]
    },
    {
      "file_path": "/media/NFS/ttao/scannet/posed_images/scene0403_00/00376.jpg",
      "transform_matrix": [
        [
          0.639833,
          0.267788,
          -0.720349,
          5.281839
        ],
        [
          0.76729,
          -0.275472,
          0.579121,
          5.980817
        ],
        [
          -0.043355,
          -0.923258,
          -0.381727,
          2.000658
        ],
        [
          0.0,
          0.0,
          0.0,
          1.0
        ]
      ]
    },
    {
      "file_path": "/media/NFS/ttao/scannet/posed_images/scene0403_00/00388.jpg",
      "transform_matrix": [
        [
          0.661418,
          0.258088,
          -0.704214,
          5.192142
        ],
        [
          0.749776,
          -0.251378,
          0.612083,
          6.075382
        ],
        [
          -0.019053,
          -0.932845,
          -0.359774,
          2.006341
        ],
        [
          0.0,
          0.0,
          0.0,
          1.0
        ]
      ]
    },
    {
      "file_path": "/media/NFS/ttao/scannet/posed_images/scene0403_00/00391.jpg",
      "transform_matrix": [
        [
          0.672064,
          0.249511,
          -0.69719,
          5.175427
        ],
        [
          0.740103,
          -0.256862,
          0.621505,
          6.083823
        ],
        [
          -0.024009,
          -0.933684,
          -0.357292,
          2.003974
        ],
        [
          0.0,
          0.0,
          0.0,
          1.0
        ]
      ]
    },
    {
      "file_path": "/media/NFS/ttao/scannet/posed_images/scene0403_00/00397.jpg",
      "transform_matrix": [
        [
          0.652604,
          0.249795,
          -0.715339,
          5.144323
        ],
        [
          0.757138,
          -0.251289,
          0.602988,
          6.094472
        ],
        [
          -0.029133,
          -0.935124,
          -0.353122,
          2.003102
        ],
        [
          0.0,
          0.0,
          0.0,
          1.0
        ]
      ]
    },
    {
      "file_path": "/media/NFS/ttao/scannet/posed_images/scene0403_00/00403.jpg",
      "transform_matrix": [
        [
          0.645802,
          0.259677,
          -0.717989,
          5.128684
        ],
        [
          0.763217,
          -0.245407,
          0.597726,
          6.118648
        ],
        [
          -0.020984,
          -0.933993,
          -0.356674,
          2.005682
        ],
        [
          0.0,
          0.0,
          0.0,
          1.0
        ]
      ]
    },
    {
      "file_path": "/media/NFS/ttao/scannet/posed_images/scene0403_00/00408.jpg",
      "transform_matrix": [
        [
          0.661267,
          0.261292,
          -0.703173,
          5.118116
        ],
        [
          0.749979,
          -0.250342,
          0.612259,
          6.141551
        ],
        [
          -0.016056,
          -0.932232,
          -0.361506,
          1.996215
        ],
        [
          0.0,
          0.0,
          0.0,
          1.0
        ]
      ]
    },
    {
      "file_path": "/media/NFS/ttao/scannet/posed_images/scene0403_00/00414.jpg",
      "transform_matrix": [
        [
          0.654637,
          0.280658,
          -0.701912,
          5.097452
        ],
        [
          0.755566,
          -0.272231,
          0.595827,
          6.148382
        ],
        [
          -0.023859,
          -0.920392,
          -0.390268,
          1.98822
        ],
        [
          0.0,
          0.0,
          0.0,
          1.0
        ]
      ]
    },
    {
      "file_path": "/media/NFS/ttao/scannet/posed_images/scene0403_00/00422.jpg",
      "transform_matrix": [
        [
          0.644341,
          0.292624,
          -0.706538,
          5.079005
        ],
        [
          0.76435,
          -0.275889,
          0.5828,
          6.129729
        ],
        [
          -0.024385,
          -0.915563,
          -0.401434,
          1.974863
        ],
        [
          0.0,
          0.0,
          0.0,
          1.0
        ]
      ]
    },
    {
      "file_path": "/media/NFS/ttao/scannet/posed_images/scene0403_00/00431.jpg",
      "transform_matrix": [
        [
          0.60424,
          0.31232,
          -0.733042,
          5.062495
        ],
        [
          0.796623,
          -0.256342,
          0.547432,
          6.111502
        ],
        [
          -0.016935,
          -0.914738,
          -0.403693,
          1.966516
        ],
        [
          0.0,
          0.0,
          0.0,
          1.0
        ]
      ]
    },
    {
      "file_path": "/media/NFS/ttao/scannet/posed_images/scene0403_00/00439.jpg",
      "transform_matrix": [
        [
          0.581684,
          0.327596,
          -0.744529,
          5.053641
        ],
        [
          0.813378,
          -0.242926,
          0.528586,
          6.110453
        ],
        [
          -0.007703,
          -0.913054,
          -0.407766,
          1.960771
        ],
        [
          0.0,
          0.0,
          0.0,
          1.0
        ]
      ]
    },
    {
      "file_path": "/media/NFS/ttao/scannet/posed_images/scene0403_00/00441.jpg",
      "transform_matrix": [
        [
          0.578391,
          0.328866,
          -0.746532,
          5.053956
        ],
        [
          0.815687,
          -0.245334,
          0.523895,
          6.117207
        ],
        [
          -0.010859,
          -0.911953,
          -0.410151,
          1.963934
        ],
        [
          0.0,
          0.0,
          0.0,
          1.0
        ]
      ]
    },
    {
      "file_path": "/media/NFS/ttao/scannet/posed_images/scene0403_00/00446.jpg",
      "transform_matrix": [
        [
          0.578953,
          0.329802,
          -0.745684,
          5.044668
        ],
        [
          0.815338,
          -0.241069,
          0.526412,
          6.128019
        ],
        [
          -0.00615,
          -0.912752,
          -0.408468,
          1.966032
        ],
        [
          0.0,
          0.0,
          0.0,
          1.0
        ]
      ]
    },
    {
      "file_path": "/media/NFS/ttao/scannet/posed_images/scene0403_00/00458.jpg",
      "transform_matrix": [
        [
          0.494592,
          0.390186,
          -0.776616,
          5.026459
        ],
        [
          0.869108,
          -0.216517,
          0.444715,
          6.191148
        ],
        [
          0.005371,
          -0.894916,
          -0.446202,
          1.94834
        ],
        [
          0.0,
          0.0,
          0.0,
          1.0
        ]
      ]
    },
    {
      "file_path": "/media/NFS/ttao/scannet/posed_images/scene0403_00/00460.jpg",
      "transform_matrix": [
        [
          0.466161,
          0.400604,
          -0.788803,
          5.022492
        ],
        [
          0.884697,
          -0.213273,
          0.414518,
          6.219261
        ],
        [
          -0.002173,
          -0.891084,
          -0.453833,
          1.94813
        ],
        [
          0.0,
          0.0,
          0.0,
          1.0
        ]
      ]
    },
    {
      "file_path": "/media/NFS/ttao/scannet/posed_images/scene0403_00/00465.jpg",
      "transform_matrix": [
        [
          0.411652,
          0.390871,
          -0.823263,
          5.012997
        ],
        [
          0.911077,
          -0.198228,
          0.361446,
          6.28096
        ],
        [
          -0.021915,
          -0.898847,
          -0.437715,
          1.935287
        ],
        [
          0.0,
          0.0,
          0.0,
          1.0
        ]
      ]
    },
    {
      "file_path": "/media/NFS/ttao/scannet/posed_images/scene0403_00/00477.jpg",
      "transform_matrix": [
        [
          0.233232,
          0.429959,
          -0.872203,
          4.937215
        ],
        [
          0.972394,
          -0.109815,
          0.20589,
          6.43141
        ],
        [
          -0.007257,
          -0.896145,
          -0.443702,
          1.938146
        ],
        [
          0.0,
          0.0,
          0.0,
          1.0
        ]
      ]
    },
    {
      "file_path": "/media/NFS/ttao/scannet/posed_images/scene0403_00/00478.jpg",
      "transform_matrix": [
        [
          0.223325,
          0.43565,
          -0.871972,
          4.929521
        ],
        [
          0.97471,
          -0.107318,
          0.196019,
          6.445912
        ],
        [
          -0.008183,
          -0.893695,
          -0.448599,
          1.93398
        ],
        [
          0.0,
          0.0,
          0.0,
          1.0
        ]
      ]
    },
    {
      "file_path": "/media/NFS/ttao/scannet/posed_images/scene0403_00/00484.jpg",
      "transform_matrix": [
        [
          0.127445,
          0.486083,
          -0.86457,
          4.857121
        ],
        [
          0.991796,
          -0.053715,
          0.115999,
          6.549564
        ],
        [
          0.009945,
          -0.87226,
          -0.488941,
