{
  "frames": [
    {
      "file_path": "/media/NFS/ttao/scannet/posed_images/scene0596_00/00002.jpg",
      "transform_matrix": [
        [
          -0.96011,
          -0.035572,
          0.277351,
          4.527716
        ],
        [
          -0.268744,
          0.391358,
          -0.880122,
          3.215172
        ],
        [
          -0.077236,
          -0.919551,
          -0.385307,
          1.486255
        ],
        [
          0.0,
          0.0,
          0.0,
          1.0
        ]
      ]
    },
    {
      "file_path": "/media/NFS/ttao/scannet/posed_images/scene0596_00/00003.jpg",
      "transform_matrix": [
        [
          -0.961397,
          -0.03924,
          0.272351,
          4.536417
        ],
        [
          -0.265658,
          0.390263,
          -0.881544,
          3.22114
        ],
        [
          -0.071697,
          -0.919867,
          -0.385622,
          1.486819
        ],
        [
          0.0,
          0.0,
          0.0,
          1.0
        ]
      ]
    },
    {
      "file_path": "/media/NFS/ttao/scannet/posed_images/scene0596_00/00009.jpg",
      "transform_matrix": [
        [
          -0.967828,
          -0.071334,
          0.241288,
          4.563856
        ],
        [
          -0.250081,
          0.378362,
          -0.891236,
          3.243256
        ],
        [
          -0.027719,
          -0.922905,
          -0.384029,
          1.481037
        ],
        [
          0.0,
          0.0,
          0.0,
          1.0
        ]
      ]
    },
    {
      "file_path": "/media/NFS/ttao/scannet/posed_images/scene0596_00/00010.jpg",
      "transform_matrix": [
        [
          -0.968463,
          -0.075973,
          0.237293,
          4.571962
        ],
        [
          -0.24814,
          0.380078,
          -0.891049,
          3.245191
        ],
        [
          -0.022494,
          -0.921829,
          -0.386943,
          1.481319
        ],
        [
          0.0,
          0.0,
          0.0,
          1.0
        ]
      ]
    },
    {
      "file_path": "/media/NFS/ttao/scannet/posed_images/scene0596_00/00016.jpg",
      "transform_matrix": [
        [
          -0.960625,
          -0.088451,
          0.263393,
          4.606623
        ],
        [
          -0.276127,
          0.409262,
          -0.869631,
          3.260047
        ],
        [
          -0.030877,
          -0.908119,
          -0.417571,
          1.429686
        ],
        [
          0.0,
          0.0,
          0.0,
          1.0
        ]
      ]
    },
    {
      "file_path": "/media/NFS/ttao/scannet/posed_images/scene0596_00/00017.jpg",
      "transform_matrix": [
        [
          -0.96096,
          -0.089846,
          0.261692,
          4.613332
        ],
        [
          -0.275026,
          0.413619,
          -0.867917,
          3.26184
        ],
        [
          -0.030262,
          -0.906006,
          -0.422181,
          1.421279
        ],
        [
          0.0,
          0.0,
          0.0,
          1.0
        ]
      ]
    },
    {
      "file_path": "/media/NFS/ttao/scannet/posed_images/scene0596_00/00021.jpg",
      "transform_matrix": [
        [
          -0.967041,
          -0.083803,
          0.240435,
          4.644151
        ],
        [
          -0.252371,
          0.440736,
          -0.86143,
          3.264712
        ],
        [
          -0.033778,
          -0.893717,
          -0.447359,
          1.411029
        ],
        [
          0.0,
          0.0,
          0.0,
          1.0
        ]
      ]
    },
    {
      "file_path": "/media/NFS/ttao/scannet/posed_images/scene0596_00/00027.jpg",
      "transform_matrix": [
        [
          -0.972645,
          -0.099349,
          0.209981,
          4.717043
        ],
        [
          -0.23227,
          0.430031,
          -0.872425,
          3.272721
        ],
        [
          -0.003624,
          -0.897331,
          -0.441343,
          1.395049
        ],
        [
          0.0,
          0.0,
          0.0,
          1.0
        ]
      ]
    },
    {
      "file_path": "/media/NFS/ttao/scannet/posed_images/scene0596_00/00028.jpg",
      "transform_matrix": [
        [
          -0.973979,
          -0.102956,
          0.201905,
          4.732003
        ],
        [
          -0.226617,
          0.42978,
          -0.874033,
          3.27303
        ],
        [
          0.003212,
          -0.897045,
          -0.441928,
          1.390162
        ],
        [
          0.0,
          0.0,
          0.0,
          1.0
        ]
      ]
    },
    {
      "file_path": "/media/NFS/ttao/scannet/posed_images/scene0596_00/00032.jpg",
      "transform_matrix": [
        [
          -0.981009,
          -0.099095,
          0.16674,
          4.801605
        ],
        [
          -0.193435,
          0.436388,
          -0.87872,
          3.274485
        ],
        [
          0.014313,
          -0.894285,
          -0.447269,
          1.362091
        ],
        [
          0.0,
          0.0,
          0.0,
          1.0
        ]
      ]
    },
    {
      "file_path": "/media/NFS/ttao/scannet/posed_images/scene0596_00/00038.jpg",
      "transform_matrix": [
        [
          -0.988606,
          -0.080131,
          0.127425,
          4.892425
        ],
        [
          -0.150018,
          0.455045,
          -0.877741,
          3.254235
        ],
        [
          0.01235,
          -0.886856,
          -0.461881,
          1.371788
        ],
        [
          0.0,
          0.0,
          0.0,
          1.0
        ]
      ]
    },
    {
      "file_path": "/media/NFS/ttao/scannet/posed_images/scene0596_00/00039.jpg",
      "transform_matrix": [
        [
          -0.98999,
          -0.074052,
          0.120151,
          4.906618
        ],
        [
          -0.140738,
          0.453851,
          -0.879893,
          3.250544
        ],
        [
          0.010627,
          -0.887995,
          -0.45973,
          1.375686
        ],
        [
          0.0,
          0.0,
          0.0,
          1.0
        ]
      ]
    },
    {
      "file_path": "/media/NFS/ttao/scannet/posed_images/scene0596_00/00045.jpg",
      "transform_matrix": [
        [
          -0.994412,
          -0.066169,
          0.082259,
          4.96076
        ],
        [
          -0.103343,
          0.450976,
          -0.886533,
          3.214852
        ],
        [
          0.021564,
          -0.89008,
          -0.455294,
          1.416437
        ],
        [
          0.0,
          0.0,
          0.0,
          1.0
        ]
      ]
    },
    {
      "file_path": "/media/NFS/ttao/scannet/posed_images/scene0596_00/00047.jpg",
      "transform_matrix": [
        [
          -0.994566,
          -0.068049,
          0.078789,
          4.970673
        ],
        [
          -0.101059,
          0.449262,
          -0.887666,
          3.209626
        ],
        [
          0.025008,
          -0.890805,
          -0.453697,
          1.41862
        ],
        [
          0.0,
          0.0,
          0.0,
          1.0
        ]
      ]
    },
    {
      "file_path": "/media/NFS/ttao/scannet/posed_images/scene0596_00/00050.jpg",
      "transform_matrix": [
        [
          -0.995485,
          -0.05634,
          0.076388,
          4.985212
        ],
        [
          -0.093379,
          0.437016,
          -0.894593,
          3.208461
        ],
        [
          0.017019,
          -0.897687,
          -0.440304,
          1.413716
        ],
        [
          0.0,
          0.0,
          0.0,
          1.0
        ]
      ]
    },
    {
      "file_path": "/media/NFS/ttao/scannet/posed_images/scene0596_00/00055.jpg",
      "transform_matrix": [
        [
          -0.996166,
          -0.029383,
          0.082395,
          4.99332
        ],
        [
          -0.08715,
          0.414781,
          -0.905738,
          3.20022
        ],
        [
          -0.007563,
          -0.909447,
          -0.415751,
          1.449534
        ],
        [
          0.0,
          0.0,
          0.0,
          1.0
        ]
      ]
    },
    {
      "file_path": "/media/NFS/ttao/scannet/posed_images/scene0596_00/00059.jpg",
      "transform_matrix": [
        [
          -0.995327,
          -0.016075,
          0.095214,
          4.981656
        ],
        [
          -0.094016,
          0.386268,
          -0.917583,
          3.198725
        ],
        [
          -0.022028,
          -0.922247,
          -0.385974,
          1.478382
        ],
        [
          0.0,
          0.0,
          0.0,
          1.0
        ]
      ]
    },
    {
      "file_path": "/media/NFS/ttao/scannet/posed_images/scene0596_00/00061.jpg",
      "transform_matrix": [
        [
          -0.994759,
          -0.017647,
          0.100712,
          4.963001
        ],
        [
          -0.100233,
          0.362808,
          -0.926458,
          3.201723
        ],
        [
          -0.02019,
          -0.931697,
          -0.362675,
          1.483861
        ],
        [
          0.0,
          0.0,
          0.0,
          1.0
        ]
      ]
    },
    {
      "file_path": "/media/NFS/ttao/scannet/posed_images/scene0596_00/00064.jpg",
      "transform_matrix": [
        [
          -0.995434,
          -0.0147,
          0.09431,
          4.938276
        ],
        [
          -0.093652,
          0.341214,
          -0.935309,
          3.20576
        ],
        [
          -0.018431,
          -0.939871,
          -0.341033,
          1.502143
        ],
        [
          0.0,
          0.0,
          0.0,
          1.0
        ]
      ]
    },
    {
      "file_path": "/media/NFS/ttao/scannet/posed_images/scene0596_00/00071.jpg",
      "transform_matrix": [
        [
          -0.996378,
          0.013039,
          0.084034,
          4.872691
        ],
        [
          -0.075465,
          0.319963,
          -0.94442,
          3.214274
        ],
        [
          -0.039202,
          -0.94734,
          -0.31782,
          1.535393
        ],
        [
          0.0,
          0.0,
          0.0,
          1.0
        ]
      ]
    },
    {
      "file_path": "/media/NFS/ttao/scannet/posed_images/scene0596_00/00073.jpg",
      "transform_matrix": [
        [
          -0.996222,
          0.0231,
          0.083711,
          4.846084
        ],
        [
          -0.072017,
          0.318887,
          -0.945053,
          3.217089
        ],
        [
          -0.048525,
          -0.947511,
          -0.316019,
          1.542845
        ],
        [
          0.0,
          0.0,
          0.0,
          1.0
        ]
      ]
    },
    {
      "file_path": "/media/NFS/ttao/scannet/posed_images/scene0596_00/00075.jpg",
      "transform_matrix": [
        [
          -0.995756,
          0.027262,
          0.087905,
          4.818039
        ],
        [
          -0.075054,
          0.312247,
          -0.947032,
          3.222162
        ],
        [
          -0.053266,
          -0.94961,
          -0.308875,
          1.546417
        ],
        [
          0.0,
          0.0,
          0.0,
          1.0
        ]
      ]
    },
    {
      "file_path": "/media/NFS/ttao/scannet/posed_images/scene0596_00/00079.jpg",
      "transform_matrix": [
        [
          -0.995811,
          0.023166,
          0.088454,
          4.756569
        ],
        [
          -0.07804,
          0.288802,
          -0.954203,
          3.232761
        ],
        [
          -0.047651,
          -0.957108,
          -0.285785,
          1.56021
        ],
        [
          0.0,
          0.0,
          0.0,
          1.0
        ]
      ]
    },
    {
      "file_path": "/media/NFS/ttao/scannet/posed_images/scene0596_00/00085.jpg",
      "transform_matrix": [
        [
          -0.996913,
          0.02949,
          0.072764,
          4.658524
        ],
        [
          -0.062372,
          0.265417,
          -0.962114,
          3.236923
        ],
        [
          -0.047686,
          -0.963683,
          -0.262759,
          1.591112
        ],
        [
          0.0,
          0.0,
          0.0,
          1.0
        ]
      ]
    },
    {
      "file_path": "/media/NFS/ttao/scannet/posed_images/scene0596_00/00089.jpg",
      "transform_matrix": [
        [
          -0.997178,
          0.032996,
          0.067433,
          4.594968
        ],
        [
          -0.057153,
          0.248738,
          -0.966883,
          3.243375
        ],
        [
          -0.048677,
          -0.968009,
          -0.24615,
          1.596932
        ],
        [
          0.0,
          0.0,
          0.0,
          1.0
        ]
      ]
    },
    {
      "file_path": "/media/NFS/ttao/scannet/posed_images/scene0596_00/00090.jpg",
      "transform_matrix": [
        [
          -0.997133,
          0.037509,
          0.065723,
          4.583861
        ],
        [
          -0.054037,
          0.255064,
          -0.965413,
          3.243889
        ],
        [
          -0.052975,
          -0.966196,
          -0.252306,
          1.596538
        ],
        [
          0.0,
          0.0,
          0.0,
          1.0
        ]
      ]
    },
    {
      "file_path": "/media/NFS/ttao/scannet/posed_images/scene0596_00/00096.jpg",
      "transform_matrix": [
        [
          -0.996706,
          0.052079,
          0.062165,
          4.533159
        ],
        [
          -0.042956,
          0.311146,
          -0.949391,
          3.251033
        ],
        [
          -0.068786,
          -0.948934,
          -0.307884,
          1.551467
        ],
        [
          0.0,
          0.0,
          0.0,
          1.0
        ]
      ]
    },
    {
      "file_path": "/media/NFS/ttao/scannet/posed_images/scene0596_00/00100.jpg",
      "transform_matrix": [
        [
          -0.996814,
          0.064995,
          0.046225,
          4.522856
        ],
        [
          -0.020774,
          0.347988,
          -0.937269,
          3.247666
        ],
        [
          -0.077003,
          -0.935244,
          -0.345529,
          1.557599
        ],
        [
          0.0,
          0.0,
          0.0,
          1.0
        ]
      ]
    },
    {
      "file_path": "/media/NFS/ttao/scannet/posed_images/scene0596_00/00103.jpg",
      "transform_matrix": [
        [
          -0.997273,
          0.072079,
          0.015872,
          4.495064
        ],
        [
          0.010407,
          0.35023,
          -0.936606,
          3.256012
        ],
        [
          -0.073068,
          -0.933886,
          -0.350025,
          1.534047
        ],
        [
          0.0,
          0.0,
          0.0,
          1.0
        ]
      ]
    },
    {
      "file_path": "/media/NFS/ttao/scannet/posed_images/scene0596_00/00104.jpg",
      "transform_matrix": [
        [
          -0.99732,
          0.073155,
          0.000492,
          4.494755
        ],
        [
          0.025201,
          0.349864,
          -0.936462,
          3.257963
        ],
        [
          -0.068679,
          -0.93394,
          -0.35077,
          1.531487
        ],
        [
          0.0,
          0.0,
          0.0,
          1.0
        ]
      ]
    },
    {
      "file_path": "/media/NFS/ttao/scannet/posed_images/scene0596_00/00109.jpg",
      "transform_matrix": [
        [
          -0.994154,
          0.079406,
          -0.073166,
          4.489311
        ],
        [
          0.096789,
          0.355019,
          -0.929835,
          3.259231
        ],
        [
          -0.047859,
          -0.931481,
          -0.360629,
          1.524361
        ],
        [
          0.0,
          0.0,
          0.0,
          1.0
        ]
      ]
    },
    {
      "file_path": "/media/NFS/ttao/scannet/posed_images/scene0596_00/00113.jpg",
      "transform_matrix": [
        [
          -0.991515,
          0.072206,
          -0.108098,
          4.523822
        ],
        [
          0.126843,
          0.355373,
          -0.926078,
          3.250763
        ],
        [
          -0.028454,
          -0.931931,
          -0.361517,
          1.563565
        ],
        [
          0.0,
          0.0,
          0.0,
          1.0
        ]
      ]
    },
    {
      "file_path": "/media/NFS/ttao/scannet/posed_images/scene0596_00/00115.jpg",
      "transform_matrix": [
        [
          -0.991648,
          0.069555,
          -0.108607,
          4.525856
        ],
        [
          0.126015,
          0.343309,
          -0.93073,
          3.253569
        ],
        [
          -0.027451,
          -0.936643,
          -0.349207,
          1.572089
        ],
        [
          0.0,
          0.0,
          0.0,
          1.0
        ]
      ]
    },
    {
      "file_path": "/media/NFS/ttao/scannet/posed_images/scene0596_00/00122.jpg",
      "transform_matrix": [
        [
          -0.989221,
          0.066898,
          -0.130255,
          4.511255
        ],
        [
          0.145065,
          0.326511,
          -0.933995,
          3.253123
        ],
        [
          -0.019952,
          -0.942823,
          -0.332697,
          1.597946
        ],
        [
          0.0,
          0.0,
          0.0,
          1.0
        ]
      ]
    },
    {
      "file_path": "/media/NFS/ttao/scannet/posed_images/scene0596_00/00125.jpg",
      "transform_matrix": [
        [
          -0.988459,
          0.066466,
          -0.136128,
          4.49802
        ],
        [
          0.150191,
          0.312618,
          -0.93793,
          3.256876
        ],
        [
          -0.019784,
          -0.947551,
          -0.318992,
          1.615469
        ],
        [
          0.0,
          0.0,
          0.0,
          1.0
        ]
      ]
    },
    {
      "file_path": "/media/NFS/ttao/scannet/posed_images/scene0596_00/00126.jpg",
      "transform_matrix": [
        [
          -0.988722,
          0.06748,
          -0.1337,
          4.490221
        ],
        [
          0.148085,
          0.307177,
          -0.94006,
          3.258249
        ],
        [
          -0.022366,
          -0.949257,
          -0.313706,
          1.622814
        ],
        [
          0.0,
          0.0,
          0.0,
          1.0
        ]
      ]
    },
    {
      "file_path": "/media/NFS/ttao/scannet/posed_images/scene0596_00/00131.jpg",
      "transform_matrix": [
        [
          -0.990234,
          0.07507,
          -0.117475,
          4.449661
        ],
        [
          0.132752,
          0.250405,
          -0.958997,
          3.272542
        ],
        [
          -0.042576,
          -0.965226,
          -0.257925,
          1.64363
        ],
        [
          0.0,
          0.0,
          0.0,
          1.0
        ]
      ]
    },
    {
      "file_path": "/media/NFS/ttao/scannet/posed_images/scene0596_00/00134.jpg",
      "transform_matrix": [
        [
          -0.991738,
          0.075028,
          -0.10405,
          4.410342
        ],
        [
          0.118447,
          0.224151,
          -0.96733,
          3.277008
        ],
        [
          -0.049254,
          -0.971662,
          -0.231186,
          1.661745
        ],
        [
          0.0,
          0.0,
          0.0,
          1.0
        ]
      ]
    },
    {
      "file_path": "/media/NFS/ttao/scannet/posed_images/scene0596_00/00138.jpg",
      "transform_matrix": [
        [
          -0.992596,
          0.065944,
          -0.102003,
          4.340955
        ],
        [
          0.113296,
          0.199929,
          -0.973238,
          3.27946
        ],
        [
          -0.043786,
          -0.977589,
          -0.20592,
          1.682615
        ],
        [
          0.0,
          0.0,
          0.0,
          1.0
        ]
      ]
    },
    {
      "file_path": "/media/NFS/ttao/scannet/posed_images/scene0596_00/00144.jpg",
      "transform_matrix": [
        [
          -0.993619,
          0.059031,
          -0.096105,
          4.239492
        ],
        [
          0.105459,
          0.184117,
          -0.97723,
          3.28719
        ],
        [
          -0.039992,
          -0.98113,
          -0.189168,
          1.676036
        ],
        [
          0.0,
          0.0,
          0.0,
          1.0
        ]
      ]
    },
    {
      "file_path": "/media/NFS/ttao/scannet/posed_images/scene0596_00/00145.jpg",
      "transform_matrix": [
        [
          -0.993966,
          0.060096,
          -0.091762,
          4.22662
        ],
        [
          0.101367,
          0.183613,
          -0.977758,
          3.288064
        ],
        [
          -0.041911,
          -0.98116,
          -0.188597,
          1.668021
        ],
        [
          0.0,
          0.0,
          0.0,
          1.0
        ]
      ]
    },
    {
      "file_path": "/media/NFS/ttao/scannet/posed_images/scene0596_00/00150.jpg",
      "transform_matrix": [
        [
          -0.992466,
          0.070004,
          -0.100553,
          4.160711
        ],
        [
          0.113013,
          0.206062,
          -0.971991,
          3.285633
        ],
        [
          -0.047323,
          -0.976032,
          -0.212421,
          1.679772
        ],
        [
          0.0,
          0.0,
          0.0,
          1.0
        ]
      ]
    },
    {
      "file_path": "/media/NFS/ttao/scannet/posed_images/scene0596_00/00153.jpg",
      "transform_matrix": [
        [
          -0.987157,
          0.083502,
          -0.136193,
          4.134789
        ],
        [
          0.151035,
          0.210036,
          -0.965957,
          3.280297
        ],
        [
          -0.052054,
          -0.974121,
          -0.21995,
          1.67805
        ],
        [
          0.0,
          0.0,
          0.0,
          1.0
        ]
      ]
    },
    {
      "file_path": "/media/NFS/ttao/scannet/posed_images/scene0596_00/00156.jpg",
      "transform_matrix": [
        [
          -0.981249,
          0.094677,
          -0.167891,
          4.101911
        ],
        [
          0.184526,
          0.209769,
          -0.960181,
          3.273998
        ],
        [
          -0.055689,
          -0.973156,
          -0.223306,
          1.679538
        ],
        [
          0.0,
          0.0,
          0.0,
          1.0
        ]
      ]
    },
    {
      "file_path": "/media/NFS/ttao/scannet/posed_images/scene0596_00/00161.jpg",
      "transform_matrix": [
        [
          -0.970246,
          0.114003,
          -0.213603,
          4.060089
        ],
        [
          0.234286,
          0.219423,
          -0.947082,
          3.259237
        ],
        [
          -0.061101,
          -0.968946,
          -0.239603,
          1.682453
        ],
        [
          0.0,
          0.0,
          0.0,
          1.0
        ]
      ]
    },
    {
      "file_path": "/media/NFS/ttao/scannet/posed_images/scene0596_00/00162.jpg",
      "transform_matrix": [
        [
          -0.967221,
          0.121454,
          -0.223006,
          4.055103
        ],
        [
          0.245361,
          0.220712,
          -0.943972,
          3.254766
        ],
        [
          -0.065429,
          -0.967747,
          -0.243278,
          1.684012
        ],
        [
          0.0,
          0.0,
          0.0,
          1.0
        ]
      ]
    },
    {
      "file_path": "/media/NFS/ttao/scannet/posed_images/scene0596_00/00168.jpg",
      "transform_matrix": [
        [
          -0.960975,
          0.124286,
          -0.247144,
          4.023345
        ],
        [
          0.270853,
          0.240997,
          -0.931965,
          3.221875
        ],
        [
          -0.056269,
          -0.962535,
          -0.265255,
          1.668702
        ],
        [
          0.0,
          0.0,
          0.0,
          1.0
        ]
      ]
    },
    {
      "file_path": "/media/NFS/ttao/scannet/posed_images/scene0596_00/00172.jpg",
      "transform_matrix": [
        [
          -0.957833,
          0.112198,
          -0.264514,
          3.984084
        ],
        [
          0.285196,
          0.259369,
          -0.922708,
          3.189077
        ],
        [
          -0.034919,
          -0.959239,
          -0.280431,
          1.650645
        ],
        [
          0.0,
          0.0,
          0.0,
          1.0
        ]
      ]
    },
    {
      "file_path": "/media/NFS/ttao/scannet/posed_images/scene0596_00/00176.jpg",
      "transform_matrix": [
        [
          -0.953696,
          0.102138,
          -0.282897,
          3.958689
        ],
        [
          0.300263,
          0.268708,
          -0.915226,
          3.139844
        ],
        [
          -0.017463,
          -0.957791,
          -0.286934,
          1.651833
        ],
        [
          0.0,
          0.0,
          0.0,
          1.0
        ]
      ]
    },
    {
      "file_path": "/media/NFS/ttao/scannet/posed_images/scene0596_00/00177.jpg",
      "transform_matrix": [
        [
          -0.953532,
          0.099471,
          -0.284398,
          3.951013
        ],
        [
          0.300973,
          0.271102,
          -0.914286,
          3.125949
        ],
        [
          -0.013844,
          -0.957397,
          -0.288442,
          1.655675
        ],
        [
          0.0,
          0.0,
          0.0,
          1.0
        ]
      ]
    },
    {
      "file_path": "/media/NFS/ttao/scannet/posed_images/scene0596_00/00182.jpg",
      "transform_matrix": [
        [
          -0.951304,
          0.100297,
          -0.291479,
          3.914575
        ],
        [
          0.307698,
          0.252296,
          -0.917425,
          3.073774
        ],
        [
          -0.018476,
          -0.962438,
          -0.270872,
          1.645845
        ],
        [
          0.0,
          0.0,
          0.0,
          1.0
        ]
      ]
    },
    {
      "file_path": "/media/NFS/ttao/scannet/posed_images/scene0596_00/00186.jpg",
      "transform_matrix": [
        [
          -0.944871,
          0.11802,
          -0.305432,
          3.862427
        ],
        [
          0.326264,
          0.26031,
          -0.90873,
          3.030746
        ],
        [
          -0.027741,
          -0.958285,
          -0.284465,
          1.646372
        ],
        [
          0.0,
          0.0,
          0.0,
          1.0
        ]
      ]
    },
    {
      "file_path": "/media/NFS/ttao/scannet/posed_images/scene0596_00/00188.jpg",
      "transform_matrix": [
        [
          -0.940191,
          0.123257,
          -0.317568,
          3.829113
        ],
        [
          0.339413,
          0.259627,
          -0.904098,
          3.012782
        ],
        [
          -0.028987,
          -0.957811,
          -0.285934,
          1.65217
        ],
        [
          0.0,
          0.0,
          0.0,
          1.0
        ]
      ]
    },
    {
      "file_path": "/media/NFS/ttao/scannet/posed_images/scene0596_00/00194.jpg",
      "transform_matrix": [
        [
          -0.936411,
          0.121375,
          -0.329245,
          3.722111
        ],
        [
          0.349729,
          0.246079,
          -0.903955,
          2.959417
        ],
        [
          -0.028697,
          -0.96162,
          -0.27288,
          1.66005
        ],
        [
          0.0,
          0.0,
          0.0,
          1.0
        ]
      ]
    },
    {
      "file_path": "/media/NFS/ttao/scannet/posed_images/scene0596_00/00196.jpg",
      "transform_matrix": [
        [
          -0.939017,
          0.115995,
          -0.323717,
          3.682016
        ],
        [
          0.342864,
          0.243824,
          -0.90719,
          2.947254
        ],
        [
          -0.026299,
          -0.962858,
          -0.268726,
          1.653425
        ],
        [
          0.0,
          0.0,
          0.0,
          1.0
        ]
      ]
    },
    {
      "file_path": "/media/NFS/ttao/scannet/posed_images/scene0596_00/00200.jpg",
      "transform_matrix": [
        [
          -0.943559,
          0.121464,
          -0.308129,
          3.584551
        ],
        [
          0.329469,
          0.249083,
          -0.910718,
          2.923101
        ],
        [
          -0.03387,
          -0.960835,
          -0.275043,
          1.651077
        ],
        [
          0.0,
          0.0,
          0.0,
          1.0
        ]
      ]
    },
    {
      "file_path": "/media/NFS/ttao/scannet/posed_images/scene0596_00/00205.jpg",
      "transform_matrix": [
        [
          -0.94082,
          0.117978,
          -0.317709,
          3.474727
        ],
        [
          0.337844,
          0.252307,
          -0.906754,
          2.886411
        ],
        [
          -0.026817,
          -0.960428,
          -0.277234,
          1.650613
        ],
        [
          0.0,
          0.0,
          0.0,
          1.0
        ]
      ]
    },
    {
      "file_path": "/media/NFS/ttao/scannet/posed_images/scene0596_00/00208.jpg",
      "transform_matrix": [
        [
          -0.942808,
          0.123537,
          -0.3096,
          3.421864
        ],
        [
          0.331716,
          0.256224,
          -0.907917,
          2.854721
        ],
        [
          -0.032835,
          -0.958691,
          -0.28255,
          1.64887
        ],
        [
          0.0,
          0.0,
          0.0,
          1.0
        ]
      ]
    },
    {
      "file_path": "/media/NFS/ttao/scannet/posed_images/scene0596_00/00211.jpg",
      "transform_matrix": [
        [
          -0.944048,
          0.115292,
          -0.309001,
          3.389707
        ],
        [
          0.328892,
          0.259272,
          -0.908079,
          2.826572
        ],
        [
          -0.024579,
          -0.958898,
          -0.282684,
          1.638491
        ],
        [
          0.0,
          0.0,
          0.0,
          1.0
        ]
      ]
    },
    {
      "file_path": "/media/NFS/ttao/scannet/posed_images/scene0596_00/00215.jpg",
      "transform_matrix": [
        [
          -0.935898,
          0.118594,
          -0.331708,
          3.33886
        ],
        [
          0.351817,
          0.266878,
          -0.897218,
          2.781184
        ],
        [
          -0.017879,
          -0.956406,
          -0.291494,
          1.633673
        ],
        [
          0.0,
          0.0,
          0.0,
          1.0
        ]
      ]
    },
    {
      "file_path": "/media/NFS/ttao/scannet/posed_images/scene0596_00/00219.jpg",
      "transform_matrix": [
        [
          -0.913187,
          0.126873,
          -0.387289,
          3.308698
        ],
        [
          0.407518,
          0.274159,
          -0.871072,
          2.724853
        ],
        [
          -0.004337,
          -0.953279,
          -0.302061,
          1.630894
        ],
        [
          0.0,
          0.0,
          0.0,
          1.0
        ]
      ]
    },
    {
      "file_path": "/media/NFS/ttao/scannet/posed_images/scene0596_00/00223.jpg",
      "transform_matrix": [
        [
          -0.8928,
          0.119769,
          -0.434239,
          3.26015
        ],
        [
          0.450028,
          0.279042,
          -0.848299,
          2.666857
        ],
        [
          0.019571,
          -0.952781,
          -0.303028,
          1.625529
        ],
        [
          0.0,
          0.0,
          0.0,
          1.0
        ]
      ]
    },
    {
      "file_path": "/media/NFS/ttao/scannet/posed_images/scene0596_00/00224.jpg",
      "transform_matrix": [
        [
          -0.887033,
          0.120846,
          -0.445611,
          3.256657
        ],
        [
          0.461116,
          0.280702,
          -0.841771,
          2.651986
        ],
        [
          0.023359,
          -0.952157,
          -0.304716,
          1.634293
        ],
        [
          0.0,
          0.0,
          0.0,
          1.0
        ]
      ]
    },
    {
      "file_path": "/media/NFS/ttao/scannet/posed_images/scene0596_00/00227.jpg",
      "transform_matrix": [
        [
          -0.874788,
          0.117355,
          -0.470077,
          3.231314
        ],
        [
          0.48378,
          0.264639,
          -0.83422,
          2.61468
        ],
        [
          0.026501,
          -0.95718,
          -0.288278,
          1.639184
        ],
        [
          0.0,
          0.0,
          0.0,
          1.0
        ]
      ]
    },
    {
      "file_path": "/media/NFS/ttao/scannet/posed_images/scene0596_00/00232.jpg",
      "transform_matrix": [
        [
          -0.832879,
          0.152923,
          -0.531909,
          3.232794
        ],
        [
          0.552698,
          0.280081,
          -0.784907,
          2.540102
        ],
        [
          0.028948,
          -0.947718,
          -0.317794,
          1.623962
        ],
        [
          0.0,
          0.0,
          0.0,
          1.0
        ]
      ]
    },
    {
      "file_path": "/media/NFS/ttao/scannet/posed_images/scene0596_00/00237.jpg",
      "transform_matrix": [
        [
          -0.811422,
          0.186574,
          -0.553881,
          3.17982
        ],
        [
          0.584078,
          0.293151,
          -0.756912,
          2.508208
        ],
        [
          0.021151,
          -0.937685,
          -0.346843,
          1.626426
        ],
        [
          0.0,
          0.0,
          0.0,
          1.0
        ]
      ]
    },
    {
      "file_path": "/media/NFS/ttao/scannet/posed_images/scene0596_00/00238.jpg",
      "transform_matrix": [
        [
          -0.810296,
          0.18724,
          -0.555303,
          3.176508
        ],
        [
          0.585573,
          0.29573,
          -0.75475,
          2.500699
        ],
        [
          0.0229,
          -0.936742,
          -0.349271,
          1.627434
        ],
        [
          0.0,
          0.0,
          0.0,
          1.0
        ]
      ]
    },
    {
      "file_path": "/media/NFS/ttao/scannet/posed_images/scene0596_00/00244.jpg",
      "transform_matrix": [
        [
          -0.793096,
          0.199042,
          -0.575657,
          3.176033
        ],
        [
          0.608604,
          0.29697,
          -0.735806,
          2.460801
        ],
        [
          0.024497,
          -0.933912,
          -0.356663,
          1.635571
        ],
        [
          0.0,
          0.0,
          0.0,
          1.0
        ]
      ]
    },
    {
      "file_path": "/media/NFS/ttao/scannet/posed_images/scene0596_00/00248.jpg",
      "transform_matrix": [
        [
          -0.769962,
          0.198885,
          -0.606303,
          3.194661
        ],
        [
          0.637059,
          0.293579,
          -0.712718,
          2.448204
        ],
        [
          0.036249,
          -0.935017,
          -0.352746,
          1.633546
        ],
        [
          0.0,
          0.0,
          0.0,
          1.0
        ]
      ]
    },
    {
      "file_path": "/media/NFS/ttao/scannet/posed_images/scene0596_00/00252.jpg",
      "transform_matrix": [
        [
          -0.750641,
          0.195227,
          -0.631209,
          3.219764
        ],
        [
          0.659093,
          0.288065,
          -0.694705,
          2.449356
        ],
        [
          0.046204,
          -0.9375,
          -0.344906,
          1.640335
        ],
        [
          0.0,
          0.0,
          0.0,
          1.0
        ]
      ]
    },
    {
      "file_path": "/media/NFS/ttao/scannet/posed_images/scene0596_00/00254.jpg",
      "transform_matrix": [
        [
          -0.735148,
          0.204765,
          -0.646242,
          3.240623
        ],
        [
          0.67651,
          0.282748,
          -0.679991,
          2.436518
        ],
        [
          0.043486,
          -0.937083,
          -0.346387,
          1.647085
        ],
        [
          0.0,
          0.0,
          0.0,
          1.0
        ]
      ]
    },
    {
      "file_path": "/media/NFS/ttao/scannet/posed_images/scene0596_00/00259.jpg",
      "transform_matrix": [
        [
          -0.691585,
          0.235139,
          -0.682949,
          3.315055
        ],
        [
          0.722184,
          0.241717,
          -0.648092,
          2.432667
        ],
        [
          0.012689,
          -0.941426,
          -0.336981,
          1.64529
        ],
        [
          0.0,
          0.0,
          0.0,
          1.0
        ]
      ]
    },
    {
      "file_path": "/media/NFS/ttao/scannet/posed_images/scene0596_00/00260.jpg",
      "transform_matrix": [
        [
          -0.675036,
          0.23881,
          -0.698066,
          3.351722
        ],
        [
          0.737736,
          0.229417,
          -0.634913,
          2.417943
        ],
        [
          0.008525,
          -0.943577,
          -0.331043,
          1.633034
        ],
        [
          0.0,
          0.0,
          0.0,
          1.0
        ]
      ]
    },
    {
      "file_path": "/media/NFS/ttao/scannet/posed_images/scene0596_00/00267.jpg",
      "transform_matrix": [
        [
          -0.619676,
          0.26251,
          -0.739655,
          3.449608
        ],
        [
          0.78393,
          0.252823,
          -0.56704,
          2.394289
        ],
        [
          0.038148,
          -0.931219,
          -0.362458,
          1.641587
        ],
        [
          0.0,
          0.0,
          0.0,
          1.0
        ]
      ]
    },
    {
      "file_path": "/media/NFS/ttao/scannet/posed_images/scene0596_00/00268.jpg",
      "transform_matrix": [
        [
          -0.619469,
          0.260916,
          -0.740393,
          3.458682
        ],
        [
          0.784016,
          0.253343,
          -0.566689,
          2.405392
        ],
        [
          0.039715,
          -0.931526,
          -0.361501,
          1.63924
        ],
        [
          0.0,
          0.0,
          0.0,
          1.0
        ]
      ]
    },
    {
      "file_path": "/media/NFS/ttao/scannet/posed_images/scene0596_00/00274.jpg",
      "transform_matrix": [
        [
          -0.593489,
          0.26872,
          -0.758657,
          3.498284
        ],
        [
          0.80307,
          0.260232,
          -0.536057,
          2.415014
        ],
        [
          0.053378,
          -0.927399,
          -0.370246,
          1.654159
        ],
        [
          0.0,
          0.0,
          0.0,
          1.0
        ]
      ]
    },
    {
      "file_path": "/media/NFS/ttao/scannet/posed_images/scene0596_00/00277.jpg",
      "transform_matrix": [
        [
          -0.585879,
          0.273236,
          -0.762947,
          3.521577
        ],
        [
          0.809339,
          0.245411,
          -0.533614,
          2.422442
        ],
        [
          0.041433,
          -0.930116,
          -0.364922,
          1.651055
        ],
        [
          0.0,
          0.0,
          0.0,
          1.0
        ]
      ]
    },
    {
      "file_path": "/media/NFS/ttao/scannet/posed_images/scene0596_00/00280.jpg",
      "transform_matrix": [
        [
          -0.573281,
          0.274919,
          -0.77186,
          3.563636
        ],
        [
          0.818864,
          0.224967,
          -0.528064,
          2.435092
        ],
        [
          0.028468,
