{
  "frames": [
    {
      "file_path": "/media/NFS/ttao/scannet/posed_images/scene0132_02/00000.jpg",
      "transform_matrix": [
        [
          -0.531612,
          0.558625,
          -0.636653,
          4.458635
        ],
        [
          0.845309,
          0.302623,
          -0.440309,
          2.574245
        ],
        [
          -0.053302,
          -0.772242,
          -0.633088,
          1.401673
        ],
        [
          0.0,
          0.0,
          0.0,
          1.0
        ]
      ]
    },
    {
      "file_path": "/media/NFS/ttao/scannet/posed_images/scene0132_02/00003.jpg",
      "transform_matrix": [
        [
          -0.533327,
          0.556558,
          -0.637029,
          4.463908
        ],
        [
          0.845459,
          0.326133,
          -0.422891,
          2.583393
        ],
        [
          -0.027607,
          -0.764121,
          -0.644482,
          1.400747
        ],
        [
          0.0,
          0.0,
          0.0,
          1.0
        ]
      ]
    },
    {
      "file_path": "/media/NFS/ttao/scannet/posed_images/scene0132_02/00008.jpg",
      "transform_matrix": [
        [
          -0.548391,
          0.503973,
          -0.667292,
          4.468585
        ],
        [
          0.836154,
          0.340639,
          -0.429897,
          2.586823
        ],
        [
          0.010649,
          -0.79371,
          -0.608202,
          1.417167
        ],
        [
          0.0,
          0.0,
          0.0,
          1.0
        ]
      ]
    },
    {
      "file_path": "/media/NFS/ttao/scannet/posed_images/scene0132_02/00011.jpg",
      "transform_matrix": [
        [
          -0.563514,
          0.495864,
          -0.660735,
          4.468161
        ],
        [
          0.826093,
          0.333621,
          -0.454167,
          2.587652
        ],
        [
          -0.00477,
          -0.801758,
          -0.59763,
          1.422938
        ],
        [
          0.0,
          0.0,
          0.0,
          1.0
        ]
      ]
    },
    {
      "file_path": "/media/NFS/ttao/scannet/posed_images/scene0132_02/00015.jpg",
      "transform_matrix": [
        [
          -0.586805,
          0.517724,
          -0.622593,
          4.455252
        ],
        [
          0.809574,
          0.360108,
          -0.463586,
          2.569944
        ],
        [
          -0.01581,
          -0.776069,
          -0.630449,
          1.428956
        ],
        [
          0.0,
          0.0,
          0.0,
          1.0
        ]
      ]
    },
    {
      "file_path": "/media/NFS/ttao/scannet/posed_images/scene0132_02/00018.jpg",
      "transform_matrix": [
        [
          -0.607823,
          0.512567,
          -0.606487,
          4.450042
        ],
        [
          0.793303,
          0.358334,
          -0.492208,
          2.549573
        ],
        [
          -0.034965,
          -0.780302,
          -0.624424,
          1.426307
        ],
        [
          0.0,
          0.0,
          0.0,
          1.0
        ]
      ]
    },
    {
      "file_path": "/media/NFS/ttao/scannet/posed_images/scene0132_02/00021.jpg",
      "transform_matrix": [
        [
          -0.615334,
          0.525995,
          -0.587105,
          4.448797
        ],
        [
          0.786872,
          0.365589,
          -0.49717,
          2.520004
        ],
        [
          -0.04687,
          -0.767902,
          -0.63885,
          1.424684
        ],
        [
          0.0,
          0.0,
          0.0,
          1.0
        ]
      ]
    },
    {
      "file_path": "/media/NFS/ttao/scannet/posed_images/scene0132_02/00023.jpg",
      "transform_matrix": [
        [
          -0.620888,
          0.533566,
          -0.574287,
          4.439795
        ],
        [
          0.781263,
          0.36116,
          -0.509108,
          2.493403
        ],
        [
          -0.064233,
          -0.764769,
          -0.641095,
          1.438259
        ],
        [
          0.0,
          0.0,
          0.0,
          1.0
        ]
      ]
    },
    {
      "file_path": "/media/NFS/ttao/scannet/posed_images/scene0132_02/00025.jpg",
      "transform_matrix": [
        [
          -0.639199,
          0.517837,
          -0.568568,
          4.43203
        ],
        [
          0.764622,
          0.348792,
          -0.541938,
          2.467117
        ],
        [
          -0.082324,
          -0.781146,
          -0.618897,
          1.454026
        ],
        [
          0.0,
          0.0,
          0.0,
          1.0
        ]
      ]
    },
    {
      "file_path": "/media/NFS/ttao/scannet/posed_images/scene0132_02/00031.jpg",
      "transform_matrix": [
        [
          -0.679927,
          0.423352,
          -0.598726,
          4.395454
        ],
        [
          0.727601,
          0.288087,
          -0.622577,
          2.402364
        ],
        [
          -0.091084,
          -0.85894,
          -0.50391,
          1.515518
        ],
        [
          0.0,
          0.0,
          0.0,
          1.0
        ]
      ]
    },
    {
      "file_path": "/media/NFS/ttao/scannet/posed_images/scene0132_02/00034.jpg",
      "transform_matrix": [
        [
          -0.682554,
          0.367892,
          -0.631487,
          4.383828
        ],
        [
          0.72638,
          0.246233,
          -0.641671,
          2.36903
        ],
        [
          -0.080573,
          -0.896674,
          -0.435297,
          1.535798
        ],
        [
          0.0,
          0.0,
          0.0,
          1.0
        ]
      ]
    },
    {
      "file_path": "/media/NFS/ttao/scannet/posed_images/scene0132_02/00037.jpg",
      "transform_matrix": [
        [
          -0.682413,
          0.316064,
          -0.659102,
          4.356385
        ],
        [
          0.727157,
          0.201587,
          -0.656206,
          2.344408
        ],
        [
          -0.074536,
          -0.927074,
          -0.367393,
          1.56625
        ],
        [
          0.0,
          0.0,
          0.0,
          1.0
        ]
      ]
    },
    {
      "file_path": "/media/NFS/ttao/scannet/posed_images/scene0132_02/00040.jpg",
      "transform_matrix": [
        [
          -0.694943,
          0.275292,
          -0.664281,
          4.289814
        ],
        [
          0.716117,
          0.181395,
          -0.673998,
          2.372498
        ],
        [
          -0.065049,
          -0.944092,
          -0.3232,
          1.582154
        ],
        [
          0.0,
          0.0,
          0.0,
          1.0
        ]
      ]
    },
    {
      "file_path": "/media/NFS/ttao/scannet/posed_images/scene0132_02/00043.jpg",
      "transform_matrix": [
        [
          -0.691467,
          0.238512,
          -0.681899,
          4.24181
        ],
        [
          0.720375,
          0.15688,
          -0.67561,
          2.363325
        ],
        [
          -0.054165,
          -0.958384,
          -0.280296,
          1.602816
        ],
        [
          0.0,
          0.0,
          0.0,
          1.0
        ]
      ]
    },
    {
      "file_path": "/media/NFS/ttao/scannet/posed_images/scene0132_02/00046.jpg",
      "transform_matrix": [
        [
          -0.692905,
          0.217046,
          -0.687586,
          4.192039
        ],
        [
          0.719389,
          0.143828,
          -0.679553,
          2.36356
        ],
        [
          -0.0486,
          -0.965508,
          -0.255799,
          1.61561
        ],
        [
          0.0,
          0.0,
          0.0,
          1.0
        ]
      ]
    },
    {
      "file_path": "/media/NFS/ttao/scannet/posed_images/scene0132_02/00050.jpg",
      "transform_matrix": [
        [
          -0.7182,
          0.171141,
          -0.674463,
          4.126272
        ],
        [
          0.69552,
          0.147323,
          -0.703241,
          2.378695
        ],
        [
          -0.020989,
          -0.97417,
          -0.22484,
          1.642537
        ],
        [
          0.0,
          0.0,
          0.0,
          1.0
        ]
      ]
    },
    {
      "file_path": "/media/NFS/ttao/scannet/posed_images/scene0132_02/00051.jpg",
      "transform_matrix": [
        [
          -0.720268,
          0.165909,
          -0.673564,
          4.11409
        ],
        [
          0.693406,
          0.144103,
          -0.705991,
          2.380797
        ],
        [
          -0.020067,
          -0.975556,
          -0.218834,
          1.651601
        ],
        [
          0.0,
          0.0,
          0.0,
          1.0
        ]
      ]
    },
    {
      "file_path": "/media/NFS/ttao/scannet/posed_images/scene0132_02/00055.jpg",
      "transform_matrix": [
        [
          -0.744817,
          0.124015,
          -0.655643,
          4.05998
        ],
        [
          0.666411,
          0.08843,
          -0.740322,
          2.386833
        ],
        [
          -0.033833,
          -0.988332,
          -0.148509,
          1.687459
        ],
        [
          0.0,
          0.0,
          0.0,
          1.0
        ]
      ]
    },
    {
      "file_path": "/media/NFS/ttao/scannet/posed_images/scene0132_02/00059.jpg",
      "transform_matrix": [
        [
          -0.731678,
          0.115991,
          -0.67171,
          4.018333
        ],
        [
          0.678914,
          0.035794,
          -0.733345,
          2.390626
        ],
        [
          -0.061018,
          -0.992605,
          -0.104937,
          1.702516
        ],
        [
          0.0,
          0.0,
          0.0,
          1.0
        ]
      ]
    },
    {
      "file_path": "/media/NFS/ttao/scannet/posed_images/scene0132_02/00060.jpg",
      "transform_matrix": [
        [
          -0.73699,
          0.112716,
          -0.666439,
          4.000712
        ],
        [
          0.672877,
          0.029141,
          -0.73918,
          2.399258
        ],
        [
          -0.063896,
          -0.9932,
          -0.09732,
          1.694184
        ],
        [
          0.0,
          0.0,
          0.0,
          1.0
        ]
      ]
    },
    {
      "file_path": "/media/NFS/ttao/scannet/posed_images/scene0132_02/00066.jpg",
      "transform_matrix": [
        [
          -0.716976,
          0.110038,
          -0.688359,
          3.930249
        ],
        [
          0.695077,
          0.037707,
          -0.717946,
          2.387947
        ],
        [
          -0.053045,
          -0.993212,
          -0.103519,
          1.702374
        ],
        [
          0.0,
          0.0,
          0.0,
          1.0
        ]
      ]
    },
    {
      "file_path": "/media/NFS/ttao/scannet/posed_images/scene0132_02/00068.jpg",
      "transform_matrix": [
        [
          -0.698727,
          0.111771,
          -0.706603,
          3.907742
        ],
        [
          0.713678,
          0.040651,
          -0.699293,
          2.375813
        ],
        [
          -0.049436,
          -0.992902,
          -0.108172,
          1.698221
        ],
        [
          0.0,
          0.0,
          0.0,
          1.0
        ]
      ]
    },
    {
      "file_path": "/media/NFS/ttao/scannet/posed_images/scene0132_02/00071.jpg",
      "transform_matrix": [
        [
          -0.654331,
          0.125471,
          -0.745726,
          3.848522
        ],
        [
          0.754988,
          0.0524,
          -0.653642,
          2.350335
        ],
        [
          -0.042937,
          -0.990712,
          -0.129017,
          1.682096
        ],
        [
          0.0,
          0.0,
          0.0,
          1.0
        ]
      ]
    },
    {
      "file_path": "/media/NFS/ttao/scannet/posed_images/scene0132_02/00074.jpg",
      "transform_matrix": [
        [
          -0.610788,
          0.143919,
          -0.778605,
          3.809203
        ],
        [
          0.790507,
          0.054792,
          -0.609997,
          2.306709
        ],
        [
          -0.045129,
          -0.988071,
          -0.147236,
          1.674285
        ],
        [
          0.0,
          0.0,
          0.0,
          1.0
        ]
      ]
    },
    {
      "file_path": "/media/NFS/ttao/scannet/posed_images/scene0132_02/00079.jpg",
      "transform_matrix": [
        [
          -0.551505,
          0.166821,
          -0.81732,
          3.737445
        ],
        [
          0.833437,
          0.069087,
          -0.548279,
          2.236281
        ],
        [
          -0.034998,
          -0.983563,
          -0.177137,
          1.659595
        ],
        [
          0.0,
          0.0,
          0.0,
          1.0
        ]
      ]
    },
    {
      "file_path": "/media/NFS/ttao/scannet/posed_images/scene0132_02/00081.jpg",
      "transform_matrix": [
        [
          -0.530724,
          0.151427,
          -0.833908,
          3.714775
        ],
        [
          0.847311,
          0.071687,
          -0.526237,
          2.210537
        ],
        [
          -0.019906,
          -0.985865,
          -0.166352,
          1.643968
        ],
        [
          0.0,
          0.0,
          0.0,
          1.0
        ]
      ]
    },
    {
      "file_path": "/media/NFS/ttao/scannet/posed_images/scene0132_02/00085.jpg",
      "transform_matrix": [
        [
          -0.479778,
          0.146879,
          -0.865008,
          3.664731
        ],
        [
          0.877273,
          0.064184,
          -0.475682,
          2.17043
        ],
        [
          -0.014348,
          -0.98707,
          -0.159646,
          1.634864
        ],
        [
          0.0,
          0.0,
          0.0,
          1.0
        ]
      ]
    },
    {
      "file_path": "/media/NFS/ttao/scannet/posed_images/scene0132_02/00086.jpg",
      "transform_matrix": [
        [
          -0.469566,
          0.149125,
          -0.870212,
          3.653503
        ],
        [
          0.882774,
          0.06281,
          -0.465581,
          2.16397
        ],
        [
          -0.014771,
          -0.986821,
          -0.161137,
          1.633849
        ],
        [
          0.0,
          0.0,
          0.0,
          1.0
        ]
      ]
    },
    {
      "file_path": "/media/NFS/ttao/scannet/posed_images/scene0132_02/00090.jpg",
      "transform_matrix": [
        [
          -0.438827,
          0.174773,
          -0.881411,
          3.6063
        ],
        [
          0.898572,
          0.084565,
          -0.430602,
          2.164858
        ],
        [
          -0.000721,
          -0.98097,
          -0.194156,
          1.61931
        ],
        [
          0.0,
          0.0,
          0.0,
          1.0
        ]
      ]
    },
    {
      "file_path": "/media/NFS/ttao/scannet/posed_images/scene0132_02/00094.jpg",
      "transform_matrix": [
        [
          -0.38141,
          0.203182,
          -0.9018,
          3.582454
        ],
        [
          0.924369,
          0.09256,
          -0.370101,
          2.166203
        ],
        [
          0.008273,
          -0.974756,
          -0.223118,
          1.614603
        ],
        [
          0.0,
          0.0,
          0.0,
          1.0
        ]
      ]
    },
    {
      "file_path": "/media/NFS/ttao/scannet/posed_images/scene0132_02/00096.jpg",
      "transform_matrix": [
        [
          -0.344958,
          0.210824,
          -0.914635,
          3.579682
        ],
        [
          0.938553,
          0.088988,
          -0.333467,
          2.164813
        ],
        [
          0.011088,
          -0.973465,
          -0.228567,
          1.610795
        ],
        [
          0.0,
          0.0,
          0.0,
          1.0
        ]
      ]
    },
    {
      "file_path": "/media/NFS/ttao/scannet/posed_images/scene0132_02/00100.jpg",
      "transform_matrix": [
        [
          -0.284647,
          0.203805,
          -0.936718,
          3.579543
        ],
        [
          0.958463,
          0.07889,
          -0.27409,
          2.188121
        ],
        [
          0.018037,
          -0.975828,
          -0.217795,
          1.607309
        ],
        [
          0.0,
          0.0,
          0.0,
          1.0
        ]
      ]
    },
    {
      "file_path": "/media/NFS/ttao/scannet/posed_images/scene0132_02/00102.jpg",
      "transform_matrix": [
        [
          -0.251097,
          0.196569,
          -0.947793,
          3.587366
        ],
        [
          0.967586,
          0.078268,
          -0.240108,
          2.193271
        ],
        [
          0.026984,
          -0.977361,
          -0.20985,
          1.611451
        ],
        [
          0.0,
          0.0,
          0.0,
          1.0
        ]
      ]
    },
    {
      "file_path": "/media/NFS/ttao/scannet/posed_images/scene0132_02/00105.jpg",
      "transform_matrix": [
        [
          -0.209538,
          0.176286,
          -0.961778,
          3.607703
        ],
        [
          0.977063,
          0.075953,
          -0.198946,
          2.201189
        ],
        [
          0.037979,
          -0.981404,
          -0.188158,
          1.619213
        ],
        [
          0.0,
          0.0,
          0.0,
          1.0
        ]
      ]
    },
    {
      "file_path": "/media/NFS/ttao/scannet/posed_images/scene0132_02/00110.jpg",
      "transform_matrix": [
        [
          -0.144855,
          0.160787,
          -0.976302,
          3.649683
        ],
        [
          0.98823,
          0.072562,
          -0.134675,
          2.247828
        ],
        [
          0.049188,
          -0.984318,
          -0.169405,
          1.613028
        ],
        [
          0.0,
          0.0,
          0.0,
          1.0
        ]
      ]
    },
    {
      "file_path": "/media/NFS/ttao/scannet/posed_images/scene0132_02/00114.jpg",
      "transform_matrix": [
        [
          -0.1081,
          0.183034,
          -0.977146,
          3.698967
        ],
        [
          0.99361,
          0.05199,
          -0.100183,
          2.266941
        ],
        [
          0.032465,
          -0.981731,
          -0.187484,
          1.601883
        ],
        [
          0.0,
          0.0,
          0.0,
          1.0
        ]
      ]
    },
    {
      "file_path": "/media/NFS/ttao/scannet/posed_images/scene0132_02/00117.jpg",
      "transform_matrix": [
        [
          -0.100333,
          0.217273,
          -0.97094,
          3.740298
        ],
        [
          0.994648,
          0.046101,
          -0.092467,
          2.277703
        ],
        [
          0.02467,
          -0.975021,
          -0.220736,
          1.577323
        ],
        [
          0.0,
          0.0,
          0.0,
          1.0
        ]
      ]
    },
    {
      "file_path": "/media/NFS/ttao/scannet/posed_images/scene0132_02/00118.jpg",
      "transform_matrix": [
        [
          -0.10563,
          0.230783,
          -0.967255,
          3.751661
        ],
        [
          0.994153,
          0.046437,
          -0.097488,
          2.285007
        ],
        [
          0.022417,
          -0.971897,
          -0.234338,
          1.575167
        ],
        [
          0.0,
          0.0,
          0.0,
          1.0
        ]
      ]
    },
    {
      "file_path": "/media/NFS/ttao/scannet/posed_images/scene0132_02/00121.jpg",
      "transform_matrix": [
        [
          -0.140508,
          0.276884,
          -0.950575,
          3.791325
        ],
        [
          0.990079,
          0.038431,
          -0.135153,
          2.32359
        ],
        [
          -0.00089,
          -0.960135,
          -0.279537,
          1.540819
        ],
        [
          0.0,
          0.0,
          0.0,
          1.0
        ]
      ]
    },
    {
      "file_path": "/media/NFS/ttao/scannet/posed_images/scene0132_02/00125.jpg",
      "transform_matrix": [
        [
          -0.203726,
          0.332857,
          -0.920707,
          3.846868
        ],
        [
          0.978746,
          0.046681,
          -0.199692,
          2.351703
        ],
        [
          -0.023489,
          -0.941821,
          -0.335293,
          1.506877
        ],
        [
          0.0,
          0.0,
          0.0,
          1.0
        ]
      ]
    },
    {
      "file_path": "/media/NFS/ttao/scannet/posed_images/scene0132_02/00128.jpg",
      "transform_matrix": [
        [
          -0.260837,
          0.373508,
          -0.8902,
          3.888816
        ],
        [
          0.964479,
          0.060932,
          -0.257036,
          2.371652
        ],
        [
          -0.041763,
          -0.925624,
          -0.376134,
          1.477856
        ],
        [
          0.0,
          0.0,
          0.0,
          1.0
        ]
      ]
    },
    {
      "file_path": "/media/NFS/ttao/scannet/posed_images/scene0132_02/00133.jpg",
      "transform_matrix": [
        [
          -0.360823,
          0.450841,
          -0.816425,
          3.958882
        ],
        [
          0.930202,
          0.11078,
          -0.349933,
          2.355816
        ],
        [
          -0.067321,
          -0.885703,
          -0.459345,
          1.449507
        ],
        [
          0.0,
          0.0,
          0.0,
          1.0
        ]
      ]
    },
    {
      "file_path": "/media/NFS/ttao/scannet/posed_images/scene0132_02/00136.jpg",
      "transform_matrix": [
        [
          -0.422864,
          0.478154,
          -0.769776,
          4.001747
        ],
        [
          0.903819,
          0.161093,
          -0.396434,
          2.34479
        ],
        [
          -0.065551,
          -0.863376,
          -0.500285,
          1.440548
        ],
        [
          0.0,
          0.0,
          0.0,
          1.0
        ]
      ]
    },
    {
      "file_path": "/media/NFS/ttao/scannet/posed_images/scene0132_02/00137.jpg",
      "transform_matrix": [
        [
          -0.432032,
          0.479571,
          -0.76378,
          4.016357
        ],
        [
          0.899538,
          0.16844,
          -0.403062,
          2.33358
        ],
        [
          -0.064646,
          -0.861185,
          -0.504164,
          1.436505
        ],
        [
          0.0,
          0.0,
          0.0,
          1.0
        ]
      ]
    },
    {
      "file_path": "/media/NFS/ttao/scannet/posed_images/scene0132_02/00143.jpg",
      "transform_matrix": [
        [
          -0.454543,
          0.50333,
          -0.734881,
          4.102367
        ],
        [
          0.889203,
          0.208206,
          -0.407392,
          2.267385
        ],
        [
          -0.052046,
          -0.838635,
          -0.542201,
          1.414728
        ],
        [
          0.0,
          0.0,
          0.0,
          1.0
        ]
      ]
    },
    {
      "file_path": "/media/NFS/ttao/scannet/posed_images/scene0132_02/00146.jpg",
      "transform_matrix": [
        [
          -0.397977,
          0.532708,
          -0.746884,
          4.150048
        ],
        [
          0.916249,
          0.190116,
          -0.352624,
          2.2456
        ],
        [
          -0.045851,
          -0.824668,
          -0.563755,
          1.403625
        ],
        [
          0.0,
          0.0,
          0.0,
          1.0
        ]
      ]
    },
    {
      "file_path": "/media/NFS/ttao/scannet/posed_images/scene0132_02/00147.jpg",
      "transform_matrix": [
        [
          -0.380323,
          0.544478,
          -0.747595,
          4.160824
        ],
        [
          0.923468,
          0.179322,
          -0.339193,
          2.241733
        ],
        [
          -0.050623,
          -0.819382,
          -0.571008,
          1.403592
        ],
        [
          0.0,
          0.0,
          0.0,
          1.0
        ]
      ]
    },
    {
      "file_path": "/media/NFS/ttao/scannet/posed_images/scene0132_02/00150.jpg",
      "transform_matrix": [
        [
          -0.304311,
          0.561979,
          -0.769139,
          4.198629
        ],
        [
          0.950932,
          0.131845,
          -0.279904,
          2.236179
        ],
        [
          -0.055893,
          -0.816576,
          -0.574525,
          1.393815
        ],
        [
          0.0,
          0.0,
          0.0,
          1.0
        ]
      ]
    },
    {
      "file_path": "/media/NFS/ttao/scannet/posed_images/scene0132_02/00156.jpg",
      "transform_matrix": [
        [
          -0.093649,
          0.601097,
          -0.79367,
          4.244735
        ],
        [
          0.995329,
          0.037738,
          -0.088863,
          2.254092
        ],
        [
          -0.023464,
          -0.798285,
          -0.601823,
          1.382489
        ],
        [
          0.0,
          0.0,
          0.0,
          1.0
        ]
      ]
    },
    {
      "file_path": "/media/NFS/ttao/scannet/posed_images/scene0132_02/00159.jpg",
      "transform_matrix": [
        [
          0.024357,
          0.610963,
          -0.791284,
          4.260773
        ],
        [
          0.999566,
          -0.028028,
          0.009127,
          2.274763
        ],
        [
          -0.016602,
          -0.791163,
          -0.61138,
          1.379696
        ],
        [
          0.0,
          0.0,
          0.0,
          1.0
        ]
      ]
    },
    {
      "file_path": "/media/NFS/ttao/scannet/posed_images/scene0132_02/00160.jpg",
      "transform_matrix": [
        [
          0.096214,
          0.601171,
          -0.793307,
          4.30694
        ],
        [
          0.995223,
          -0.071357,
          0.066628,
          2.237551
        ],
        [
          -0.016553,
          -0.795928,
          -0.605165,
          1.35852
        ],
        [
          0.0,
          0.0,
          0.0,
          1.0
        ]
      ]
    },
    {
      "file_path": "/media/NFS/ttao/scannet/posed_images/scene0132_02/00165.jpg",
      "transform_matrix": [
        [
          0.259793,
          0.6037,
          -0.753693,
          4.320225
        ],
        [
          0.965649,
          -0.16678,
          0.199263,
          2.264757
        ],
        [
          -0.005406,
          -0.779571,
          -0.626291,
          1.351124
        ],
        [
          0.0,
          0.0,
          0.0,
          1.0
        ]
      ]
    },
    {
      "file_path": "/media/NFS/ttao/scannet/posed_images/scene0132_02/00168.jpg",
      "transform_matrix": [
        [
          0.330858,
          0.598777,
          -0.729383,
          4.329738
        ],
        [
          0.943648,
          -0.216347,
          0.250444,
          2.295365
        ],
        [
          -0.00784,
          -0.771142,
          -0.636615,
          1.35118
        ],
        [
          0.0,
          0.0,
          0.0,
          1.0
        ]
      ]
    },
    {
      "file_path": "/media/NFS/ttao/scannet/posed_images/scene0132_02/00172.jpg",
      "transform_matrix": [
        [
          0.402565,
          0.585587,
          -0.703583,
          4.369836
        ],
        [
          0.9153,
          -0.268331,
          0.300372,
          2.330388
        ],
        [
          -0.012899,
          -0.764909,
          -0.644009,
          1.333821
        ],
        [
          0.0,
          0.0,
          0.0,
          1.0
        ]
      ]
    },
    {
      "file_path": "/media/NFS/ttao/scannet/posed_images/scene0132_02/00173.jpg",
      "transform_matrix": [
        [
          0.417878,
          0.589034,
          -0.691677,
          4.375978
        ],
        [
          0.908454,
          -0.27885,
          0.311375,
          2.344172
        ],
        [
          -0.009464,
          -0.758473,
          -0.651635,
          1.331664
        ],
        [
          0.0,
          0.0,
          0.0,
          1.0
        ]
      ]
    },
    {
      "file_path": "/media/NFS/ttao/scannet/posed_images/scene0132_02/00178.jpg",
      "transform_matrix": [
        [
          0.514733,
          0.580313,
          -0.6311,
          4.39924
        ],
        [
          0.85735,
          -0.348608,
          0.378712,
          2.406381
        ],
        [
          -0.000235,
          -0.736009,
          -0.676971,
          1.327229
        ],
        [
          0.0,
          0.0,
          0.0,
          1.0
        ]
      ]
    },
    {
      "file_path": "/media/NFS/ttao/scannet/posed_images/scene0132_02/00179.jpg",
      "transform_matrix": [
        [
          0.543232,
          0.574655,
          -0.612104,
          4.411492
        ],
        [
          0.839575,
          -0.368725,
          0.398943,
          2.428662
        ],
        [
          0.003557,
          -0.730626,
          -0.682769,
          1.324906
        ],
        [
          0.0,
          0.0,
          0.0,
          1.0
        ]
      ]
    },
    {
      "file_path": "/media/NFS/ttao/scannet/posed_images/scene0132_02/00183.jpg",
      "transform_matrix": [
        [
          0.573711,
          0.586431,
          -0.571799,
          4.428238
        ],
        [
          0.818221,
          -0.378799,
          0.432465,
          2.466498
        ],
        [
          0.037014,
          -0.715968,
          -0.697151,
          1.327381
        ],
        [
          0.0,
          0.0,
          0.0,
          1.0
        ]
      ]
    },
    {
      "file_path": "/media/NFS/ttao/scannet/posed_images/scene0132_02/00188.jpg",
      "transform_matrix": [
        [
          0.586436,
          0.58683,
          -0.558322,
          4.421291
        ],
        [
          0.80715,
          -0.365643,
          0.46348,
          2.477543
        ],
        [
          0.067837,
          -0.722451,
          -0.688086,
          1.338246
        ],
        [
          0.0,
          0.0,
          0.0,
          1.0
        ]
      ]
    },
    {
      "file_path": "/media/NFS/ttao/scannet/posed_images/scene0132_02/00190.jpg",
      "transform_matrix": [
        [
          0.586187,
          0.585737,
          -0.559729,
          4.415281
        ],
        [
          0.806726,
          -0.358304,
          0.469906,
          2.476264
        ],
        [
          0.074688,
          -0.727001,
          -0.682563,
          1.344393
        ],
        [
          0.0,
          0.0,
          0.0,
          1.0
        ]
      ]
    },
    {
      "file_path": "/media/NFS/ttao/scannet/posed_images/scene0132_02/00192.jpg",
      "transform_matrix": [
        [
          0.582984,
          0.581649,
          -0.567287,
          4.402197
        ],
        [
          0.808713,
          -0.348229,
          0.474046,
          2.466201
        ],
        [
          0.078182,
          -0.735134,
          -0.673399,
          1.351233
        ],
        [
          0.0,
          0.0,
          0.0,
          1.0
        ]
      ]
    },
    {
      "file_path": "/media/NFS/ttao/scannet/posed_images/scene0132_02/00197.jpg",
      "transform_matrix": [
        [
          0.574821,
          0.565278,
          -0.591644,
          4.360369
        ],
        [
          0.814598,
          -0.326795,
          0.479203,
          2.41914
        ],
        [
          0.077537,
          -0.757407,
          -0.648322,
          1.360569
        ],
        [
          0.0,
          0.0,
          0.0,
          1.0
        ]
      ]
    },
    {
      "file_path": "/media/NFS/ttao/scannet/posed_images/scene0132_02/00200.jpg",
      "transform_matrix": [
        [
          0.61774,
          0.542728,
          -0.569073,
          4.327964
        ],
        [
          0.781901,
          -0.346754,
          0.518067,
          2.386664
        ],
        [
          0.083841,
          -0.764989,
          -0.638563,
          1.355838
        ],
        [
          0.0,
          0.0,
          0.0,
          1.0
        ]
      ]
    },
    {
      "file_path": "/media/NFS/ttao/scannet/posed_images/scene0132_02/00203.jpg",
      "transform_matrix": [
        [
          0.667696,
          0.509287,
          -0.542963,
          4.287765
        ],
        [
          0.740935,
          -0.384011,
          0.550954,
          2.357776
        ],
        [
          0.07209,
          -0.77017,
          -0.633751,
          1.349698
        ],
        [
          0.0,
          0.0,
          0.0,
          1.0
        ]
      ]
    },
    {
      "file_path": "/media/NFS/ttao/scannet/posed_images/scene0132_02/00205.jpg",
      "transform_matrix": [
        [
          0.695024,
          0.494716,
          -0.521726,
          4.26299
        ],
        [
          0.715213,
          -0.401469,
          0.572095,
          2.339414
        ],
        [
          0.073568,
          -0.770765,
          -0.632858,
          1.342042
        ],
        [
          0.0,
          0.0,
          0.0,
          1.0
        ]
      ]
    },
    {
      "file_path": "/media/NFS/ttao/scannet/posed_images/scene0132_02/00210.jpg",
      "transform_matrix": [
        [
          0.750977,
          0.478344,
          -0.455215,
          4.209074
        ],
        [
          0.651317,
          -0.423083,
          0.62991,
          2.30526
        ],
        [
          0.10872,
          -0.769537,
          -0.629279,
          1.312947
        ],
        [
          0.0,
          0.0,
          0.0,
          1.0
        ]
      ]
    },
    {
      "file_path": "/media/NFS/ttao/scannet/posed_images/scene0132_02/00212.jpg",
      "transform_matrix": [
        [
          0.761505,
          0.479694,
          -0.435894,
          4.186744
        ],
        [
          0.636789,
          -0.428282,
          0.641152,
          2.297494
        ],
        [
          0.120871,
          -0.765813,
          -0.631602,
          1.302049
        ],
        [
          0.0,
          0.0,
          0.0,
          1.0
        ]
      ]
    },
    {
      "file_path": "/media/NFS/ttao/scannet/posed_images/scene0132_02/00214.jpg",
      "transform_matrix": [
        [
          0.766492,
          0.485209,
          -0.420788,
          4.164877
        ],
        [
          0.629251,
          -0.436178,
          0.643267,
          2.292459
        ],
        [
          0.12858,
          -0.75784,
          -0.639645,
          1.290845
        ],
        [
          0.0,
          0.0,
          0.0,
          1.0
        ]
      ]
    },
    {
      "file_path": "/media/NFS/ttao/scannet/posed_images/scene0132_02/00218.jpg",
      "transform_matrix": [
        [
          0.763264,
          0.510048,
          -0.396583,
          4.114537
        ],
        [
          0.630847,
          -0.455806,
          0.627912,
          2.284891
        ],
        [
          0.1395,
          -0.729446,
          -0.669663,
          1.264017
        ],
        [
          0.0,
          0.0,
          0.0,
          1.0
        ]
      ]
    },
    {
      "file_path": "/media/NFS/ttao/scannet/posed_images/scene0132_02/00222.jpg",
      "transform_matrix": [
        [
          0.748968,
          0.520288,
          -0.410301,
          4.042789
        ],
        [
          0.653795,
          -0.479637,
          0.585235,
          2.278218
        ],
        [
          0.107695,
          -0.706576,
          -0.699394,
          1.244764
        ],
        [
          0.0,
          0.0,
          0.0,
          1.0
        ]
      ]
    },
    {
      "file_path": "/media/NFS/ttao/scannet/posed_images/scene0132_02/00224.jpg",
      "transform_matrix": [
        [
          0.738401,
          0.522419,
          -0.426431,
          3.999256
        ],
        [
          0.669337,
          -0.490713,
          0.557842,
          2.276075
        ],
        [
          0.082172,
          -0.697337,
          -0.712017,
          1.241804
        ],
        [
          0.0,
          0.0,
          0.0,
          1.0
        ]
      ]
    },
    {
      "file_path": "/media/NFS/ttao/scannet/posed_images/scene0132_02/00229.jpg",
      "transform_matrix": [
        [
          0.724825,
          0.52783,
          -0.442747,
          3.878454
        ],
        [
          0.686236,
          -0.496341,
          0.531719,
          2.268632
        ],
        [
          0.060904,
          -0.689232,
          -0.721976,
          1.256893
        ],
        [
          0.0,
          0.0,
          0.0,
          1.0
        ]
      ]
    },
    {
      "file_path": "/media/NFS/ttao/scannet/posed_images/scene0132_02/00230.jpg",
      "transform_matrix": [
        [
          0.723598,
          0.531604,
          -0.440231,
          3.853578
        ],
        [
          0.687663,
          -0.500381,
          0.526059,
          2.272935
        ],
        [
          0.059372,
          -0.683386,
          -0.727639,
          1.268258
        ],
        [
          0.0,
          0.0,
          0.0,
          1.0
        ]
      ]
    },
    {
      "file_path": "/media/NFS/ttao/scannet/posed_images/scene0132_02/00236.jpg",
      "transform_matrix": [
        [
          0.690831,
          0.539157,
          -0.481728,
          3.732527
        ],
        [
          0.720443,
          -0.457153,
          0.521511,
          2.274865
        ],
        [
          0.060953,
          -0.707334,
          -0.704247,
          1.318352
        ],
        [
          0.0,
          0.0,
          0.0,
          1.0
        ]
      ]
    },
    {
      "file_path": "/media/NFS/ttao/scannet/posed_images/scene0132_02/00237.jpg",
      "transform_matrix": [
        [
          0.687086,
          0.543465,
          -0.482244,
          3.711668
        ],
        [
          0.7244,
          -0.461055,
          0.512515,
          2.277161
        ],
        [
          0.056193,
          -0.70148,
          -0.710471,
          1.326834
        ],
        [
          0.0,
          0.0,
          0.0,
          1.0
        ]
      ]
    },
    {
      "file_path": "/media/NFS/ttao/scannet/posed_images/scene0132_02/00241.jpg",
      "transform_matrix": [
        [
          0.651488,
          0.543505,
          -0.529307,
          3.641484
        ],
        [
          0.758018,
          -0.437663,
          0.483591,
          2.283097
        ],
        [
          0.031176,
          -0.716278,
          -0.697119,
          1.343764
        ],
        [
          0.0,
          0.0,
          0.0,
          1.0
        ]
      ]
    },
    {
      "file_path": "/media/NFS/ttao/scannet/posed_images/scene0132_02/00245.jpg",
      "transform_matrix": [
        [
          0.631008,
          0.551946,
          -0.545147,
          3.553137
        ],
        [
          0.774761,
          -0.412414,
          0.479229,
          2.29107
        ],
        [
          0.039683,
          -0.724756,
          -0.687862,
          1.343368
        ],
        [
          0.0,
          0.0,
          0.0,
          1.0
        ]
      ]
    },
    {
      "file_path": "/media/NFS/ttao/scannet/posed_images/scene0132_02/00246.jpg",
      "transform_matrix": [
        [
          0.629594,
          0.54965,
          -0.549087,
          3.527731
        ],
        [
          0.775977,
          -0.409973,
          0.479356,
          2.294358
        ],
        [
          0.038367,
          -0.727878,
          -0.684632,
          1.344146
        ],
