{
  "frames": [
    {
      "file_path": "/media/NFS/ttao/scannet/posed_images/scene0458_01/00002.jpg",
      "transform_matrix": [
        [
          -0.992331,
          0.029679,
          -0.119998,
          0.721111
        ],
        [
          0.114688,
          0.583239,
          -0.804164,
          1.86355
        ],
        [
          0.046121,
          -0.811758,
          -0.58217,
          1.350753
        ],
        [
          0.0,
          0.0,
          0.0,
          1.0
        ]
      ]
    },
    {
      "file_path": "/media/NFS/ttao/scannet/posed_images/scene0458_01/00011.jpg",
      "transform_matrix": [
        [
          -0.989867,
          0.035177,
          -0.137573,
          0.724997
        ],
        [
          0.131668,
          0.590159,
          -0.796477,
          1.838034
        ],
        [
          0.053173,
          -0.80652,
          -0.588811,
          1.353093
        ],
        [
          0.0,
          0.0,
          0.0,
          1.0
        ]
      ]
    },
    {
      "file_path": "/media/NFS/ttao/scannet/posed_images/scene0458_01/00018.jpg",
      "transform_matrix": [
        [
          -0.994268,
          0.0324,
          -0.101897,
          0.704087
        ],
        [
          0.101125,
          0.594514,
          -0.797701,
          1.8206
        ],
        [
          0.034733,
          -0.803432,
          -0.594382,
          1.351262
        ],
        [
          0.0,
          0.0,
          0.0,
          1.0
        ]
      ]
    },
    {
      "file_path": "/media/NFS/ttao/scannet/posed_images/scene0458_01/00025.jpg",
      "transform_matrix": [
        [
          -0.99648,
          0.01043,
          -0.083182,
          0.660413
        ],
        [
          0.072765,
          0.600362,
          -0.796411,
          1.806685
        ],
        [
          0.041633,
          -0.79966,
          -0.599007,
          1.35519
        ],
        [
          0.0,
          0.0,
          0.0,
          1.0
        ]
      ]
    },
    {
      "file_path": "/media/NFS/ttao/scannet/posed_images/scene0458_01/00032.jpg",
      "transform_matrix": [
        [
          -0.999566,
          0.000638,
          -0.029468,
          0.605311
        ],
        [
          0.023824,
          0.606138,
          -0.795002,
          1.794717
        ],
        [
          0.017354,
          -0.795359,
          -0.60589,
          1.363669
        ],
        [
          0.0,
          0.0,
          0.0,
          1.0
        ]
      ]
    },
    {
      "file_path": "/media/NFS/ttao/scannet/posed_images/scene0458_01/00037.jpg",
      "transform_matrix": [
        [
          -0.999921,
          0.002275,
          -0.012413,
          0.570072
        ],
        [
          0.011217,
          0.610974,
          -0.791571,
          1.782265
        ],
        [
          0.005784,
          -0.791648,
          -0.610951,
          1.366704
        ],
        [
          0.0,
          0.0,
          0.0,
          1.0
        ]
      ]
    },
    {
      "file_path": "/media/NFS/ttao/scannet/posed_images/scene0458_01/00046.jpg",
      "transform_matrix": [
        [
          -0.999988,
          0.004472,
          0.001925,
          0.520391
        ],
        [
          0.001223,
          0.61351,
          -0.789686,
          1.738286
        ],
        [
          -0.004713,
          -0.789674,
          -0.613509,
          1.364073
        ],
        [
          0.0,
          0.0,
          0.0,
          1.0
        ]
      ]
    },
    {
      "file_path": "/media/NFS/ttao/scannet/posed_images/scene0458_01/00057.jpg",
      "transform_matrix": [
        [
          -0.998906,
          -0.008866,
          -0.045916,
          0.502709
        ],
        [
          0.030921,
          0.61137,
          -0.790741,
          1.620766
        ],
        [
          0.035082,
          -0.791295,
          -0.610427,
          1.355202
        ],
        [
          0.0,
          0.0,
          0.0,
          1.0
        ]
      ]
    },
    {
      "file_path": "/media/NFS/ttao/scannet/posed_images/scene0458_01/00062.jpg",
      "transform_matrix": [
        [
          -0.998916,
          -0.018904,
          -0.042536,
          0.494645
        ],
        [
          0.020539,
          0.641032,
          -0.76724,
          1.562214
        ],
        [
          0.041771,
          -0.767281,
          -0.639948,
          1.352572
        ],
        [
          0.0,
          0.0,
          0.0,
          1.0
        ]
      ]
    },
    {
      "file_path": "/media/NFS/ttao/scannet/posed_images/scene0458_01/00066.jpg",
      "transform_matrix": [
        [
          -0.998815,
          -0.046513,
          -0.014352,
          0.482933
        ],
        [
          -0.01858,
          0.636826,
          -0.770784,
          1.516452
        ],
        [
          0.044991,
          -0.769603,
          -0.636935,
          1.351917
        ],
        [
          0.0,
          0.0,
          0.0,
          1.0
        ]
      ]
    },
    {
      "file_path": "/media/NFS/ttao/scannet/posed_images/scene0458_01/00080.jpg",
      "transform_matrix": [
        [
          -0.989268,
          -0.145527,
          0.013066,
          0.401558
        ],
        [
          -0.106343,
          0.655797,
          -0.74741,
          1.332421
        ],
        [
          0.1002,
          -0.740778,
          -0.664235,
          1.343971
        ],
        [
          0.0,
          0.0,
          0.0,
          1.0
        ]
      ]
    },
    {
      "file_path": "/media/NFS/ttao/scannet/posed_images/scene0458_01/00087.jpg",
      "transform_matrix": [
        [
          -0.987971,
          -0.153652,
          -0.017472,
          0.379097
        ],
        [
          -0.091549,
          0.672194,
          -0.734693,
          1.268496
        ],
        [
          0.124632,
          -0.724256,
          -0.678175,
          1.348879
        ],
        [
          0.0,
          0.0,
          0.0,
          1.0
        ]
      ]
    },
    {
      "file_path": "/media/NFS/ttao/scannet/posed_images/scene0458_01/00094.jpg",
      "transform_matrix": [
        [
          -0.988475,
          -0.151386,
          0.000398,
          0.368493
        ],
        [
          -0.103293,
          0.672526,
          -0.73283,
          1.228302
        ],
        [
          0.110672,
          -0.724425,
          -0.680412,
          1.350874
        ],
        [
          0.0,
          0.0,
          0.0,
          1.0
        ]
      ]
    },
    {
      "file_path": "/media/NFS/ttao/scannet/posed_images/scene0458_01/00103.jpg",
      "transform_matrix": [
        [
          -0.983798,
          -0.178596,
          -0.015674,
          0.354581
        ],
        [
          -0.114864,
          0.695016,
          -0.70976,
          1.188563
        ],
        [
          0.137654,
          -0.69646,
          -0.704269,
          1.348798
        ],
        [
          0.0,
          0.0,
          0.0,
          1.0
        ]
      ]
    },
    {
      "file_path": "/media/NFS/ttao/scannet/posed_images/scene0458_01/00108.jpg",
      "transform_matrix": [
        [
          -0.978771,
          -0.20422,
          0.01739,
          0.343315
        ],
        [
          -0.157668,
          0.696008,
          -0.70051,
          1.178388
        ],
        [
          0.130954,
          -0.68838,
          -0.713431,
          1.348965
        ],
        [
          0.0,
          0.0,
          0.0,
          1.0
        ]
      ]
    },
    {
      "file_path": "/media/NFS/ttao/scannet/posed_images/scene0458_01/00119.jpg",
      "transform_matrix": [
        [
          -0.979769,
          -0.199369,
          0.017448,
          0.315937
        ],
        [
          -0.155301,
          0.702411,
          -0.694622,
          1.161817
        ],
        [
          0.12623,
          -0.683279,
          -0.719163,
          1.342437
        ],
        [
          0.0,
          0.0,
          0.0,
          1.0
        ]
      ]
    },
    {
      "file_path": "/media/NFS/ttao/scannet/posed_images/scene0458_01/00121.jpg",
      "transform_matrix": [
        [
          -0.981914,
          -0.189317,
          0.001887,
          0.324979
        ],
        [
          -0.137301,
          0.705195,
          -0.695592,
          1.160829
        ],
        [
          0.130356,
          -0.683271,
          -0.718434,
          1.343632
        ],
        [
          0.0,
          0.0,
          0.0,
          1.0
        ]
      ]
    },
    {
      "file_path": "/media/NFS/ttao/scannet/posed_images/scene0458_01/00130.jpg",
      "transform_matrix": [
        [
          -0.988642,
          -0.15011,
          0.007341,
          0.380394
        ],
        [
          -0.111603,
          0.700557,
          -0.704815,
          1.161937
        ],
        [
          0.100657,
          -0.697629,
          -0.709353,
          1.353488
        ],
        [
          0.0,
          0.0,
          0.0,
          1.0
        ]
      ]
    },
    {
      "file_path": "/media/NFS/ttao/scannet/posed_images/scene0458_01/00137.jpg",
      "transform_matrix": [
        [
          -0.99533,
          -0.091887,
          -0.029573,
          0.468976
        ],
        [
          -0.044284,
          0.706895,
          -0.705931,
          1.170364
        ],
        [
          0.085771,
          -0.701325,
          -0.707663,
          1.347625
        ],
        [
          0.0,
          0.0,
          0.0,
          1.0
        ]
      ]
    },
    {
      "file_path": "/media/NFS/ttao/scannet/posed_images/scene0458_01/00149.jpg",
      "transform_matrix": [
        [
          -0.987101,
          0.100185,
          -0.124876,
          0.616498
        ],
        [
          0.159045,
          0.702916,
          -0.693263,
          1.174864
        ],
        [
          0.018322,
          -0.704182,
          -0.709783,
          1.349016
        ],
        [
          0.0,
          0.0,
          0.0,
          1.0
        ]
      ]
    },
    {
      "file_path": "/media/NFS/ttao/scannet/posed_images/scene0458_01/00151.jpg",
      "transform_matrix": [
        [
          -0.983858,
          0.112755,
          -0.138961,
          0.63319
        ],
        [
          0.177975,
          0.697553,
          -0.694078,
          1.173668
        ],
        [
          0.018672,
          -0.707606,
          -0.70636,
          1.346414
        ],
        [
          0.0,
          0.0,
          0.0,
          1.0
        ]
      ]
    },
    {
      "file_path": "/media/NFS/ttao/scannet/posed_images/scene0458_01/00165.jpg",
      "transform_matrix": [
        [
          -0.927491,
          0.271891,
          -0.256585,
          0.754007
        ],
        [
          0.373671,
          0.653224,
          -0.658535,
          1.144249
        ],
        [
          -0.011442,
          -0.706664,
          -0.707457,
          1.321778
        ],
        [
          0.0,
          0.0,
          0.0,
          1.0
        ]
      ]
    },
    {
      "file_path": "/media/NFS/ttao/scannet/posed_images/scene0458_01/00167.jpg",
      "transform_matrix": [
        [
          -0.911598,
          0.291646,
          -0.289711,
          0.780139
        ],
        [
          0.41107,
          0.640871,
          -0.64831,
          1.137975
        ],
        [
          -0.00341,
          -0.710089,
          -0.704103,
          1.317128
        ],
        [
          0.0,
          0.0,
          0.0,
          1.0
        ]
      ]
    },
    {
      "file_path": "/media/NFS/ttao/scannet/posed_images/scene0458_01/00179.jpg",
      "transform_matrix": [
        [
          -0.822622,
          0.384606,
          -0.418773,
          0.913796
        ],
        [
          0.568021,
          0.588772,
          -0.575064,
          1.093726
        ],
        [
          0.025389,
          -0.710933,
          -0.702802,
          1.306256
        ],
        [
          0.0,
          0.0,
          0.0,
          1.0
        ]
      ]
    },
    {
      "file_path": "/media/NFS/ttao/scannet/posed_images/scene0458_01/00181.jpg",
      "transform_matrix": [
        [
          -0.815323,
          0.384428,
          -0.432971,
          0.924625
        ],
        [
          0.578247,
          0.578907,
          -0.574889,
          1.094524
        ],
        [
          0.029646,
          -0.719084,
          -0.69429,
          1.303926
        ],
        [
          0.0,
          0.0,
          0.0,
          1.0
        ]
      ]
    },
    {
      "file_path": "/media/NFS/ttao/scannet/posed_images/scene0458_01/00190.jpg",
      "transform_matrix": [
        [
          -0.809053,
          0.380519,
          -0.447927,
          0.947096
        ],
        [
          0.586089,
          0.57935,
          -0.56644,
          1.098458
        ],
        [
          0.043966,
          -0.720805,
          -0.691742,
          1.301201
        ],
        [
          0.0,
          0.0,
          0.0,
          1.0
        ]
      ]
    },
    {
      "file_path": "/media/NFS/ttao/scannet/posed_images/scene0458_01/00197.jpg",
      "transform_matrix": [
        [
          -0.813795,
          0.39398,
          -0.427221,
          0.949528
        ],
        [
          0.577929,
          0.625957,
          -0.523618,
          1.115038
        ],
        [
          0.061127,
          -0.673021,
          -0.737093,
          1.291691
        ],
        [
          0.0,
          0.0,
          0.0,
          1.0
        ]
      ]
    },
    {
      "file_path": "/media/NFS/ttao/scannet/posed_images/scene0458_01/00211.jpg",
      "transform_matrix": [
        [
          -0.833201,
          0.427889,
          -0.350268,
          0.930718
        ],
        [
          0.552874,
          0.656464,
          -0.513211,
          1.161429
        ],
        [
          0.010341,
          -0.621262,
          -0.783535,
          1.299012
        ],
        [
          0.0,
          0.0,
          0.0,
          1.0
        ]
      ]
    },
    {
      "file_path": "/media/NFS/ttao/scannet/posed_images/scene0458_01/00213.jpg",
      "transform_matrix": [
        [
          -0.834816,
          0.429051,
          -0.344959,
          0.928281
        ],
        [
          0.550506,
          0.656229,
          -0.516048,
          1.16793
        ],
        [
          0.004961,
          -0.620708,
          -0.784026,
          1.299416
        ],
        [
          0.0,
          0.0,
          0.0,
          1.0
        ]
      ]
    },
    {
      "file_path": "/media/NFS/ttao/scannet/posed_images/scene0458_01/00222.jpg",
      "transform_matrix": [
        [
          -0.85977,
          0.425674,
          -0.282129,
          0.904191
        ],
        [
          0.509605,
          0.679304,
          -0.528061,
          1.214161
        ],
        [
          -0.033131,
          -0.597786,
          -0.800971,
          1.298265
        ],
        [
          0.0,
          0.0,
          0.0,
          1.0
        ]
      ]
    },
    {
      "file_path": "/media/NFS/ttao/scannet/posed_images/scene0458_01/00227.jpg",
      "transform_matrix": [
        [
          -0.887115,
          0.395771,
          -0.237473,
          0.887577
        ],
        [
          0.458389,
          0.69537,
          -0.55348,
          1.251925
        ],
        [
          -0.053919,
          -0.599855,
          -0.79829,
          1.297165
        ],
        [
          0.0,
          0.0,
          0.0,
          1.0
        ]
      ]
    },
    {
      "file_path": "/media/NFS/ttao/scannet/posed_images/scene0458_01/00240.jpg",
      "transform_matrix": [
        [
          -0.931369,
          0.346688,
          -0.111176,
          0.825557
        ],
        [
          0.350362,
          0.770442,
          -0.532604,
          1.367924
        ],
        [
          -0.098992,
          -0.535002,
          -0.839031,
          1.276787
        ],
        [
          0.0,
          0.0,
          0.0,
          1.0
        ]
      ]
    },
    {
      "file_path": "/media/NFS/ttao/scannet/posed_images/scene0458_01/00245.jpg",
      "transform_matrix": [
        [
          -0.94568,
          0.315241,
          -0.079451,
          0.824372
        ],
        [
          0.307877,
          0.789937,
          -0.530294,
          1.398732
        ],
        [
          -0.104409,
          -0.525949,
          -0.844083,
          1.273191
        ],
        [
          0.0,
          0.0,
          0.0,
          1.0
        ]
      ]
    },
    {
      "file_path": "/media/NFS/ttao/scannet/posed_images/scene0458_01/00254.jpg",
      "transform_matrix": [
        [
          -0.956292,
          0.287678,
          -0.05242,
          0.874853
        ],
        [
          0.266028,
          0.781485,
          -0.564367,
          1.408493
        ],
        [
          -0.12139,
          -0.553645,
          -0.823858,
          1.271239
        ],
        [
          0.0,
          0.0,
          0.0,
          1.0
        ]
      ]
    },
    {
      "file_path": "/media/NFS/ttao/scannet/posed_images/scene0458_01/00263.jpg",
      "transform_matrix": [
        [
          -0.964672,
          0.261097,
          -0.035182,
          0.968308
        ],
        [
          0.23558,
          0.795089,
          -0.558871,
          1.391337
        ],
        [
          -0.117946,
          -0.547414,
          -0.828508,
          1.249814
        ],
        [
          0.0,
          0.0,
          0.0,
          1.0
        ]
      ]
    },
    {
      "file_path": "/media/NFS/ttao/scannet/posed_images/scene0458_01/00270.jpg",
      "transform_matrix": [
        [
          -0.971946,
          0.234719,
          -0.015131,
          1.027776
        ],
        [
          0.201705,
          0.798691,
          -0.566928,
          1.382685
        ],
        [
          -0.120984,
          -0.554075,
          -0.823628,
          1.242031
        ],
        [
          0.0,
          0.0,
          0.0,
          1.0
        ]
      ]
    },
    {
      "file_path": "/media/NFS/ttao/scannet/posed_images/scene0458_01/00275.jpg",
      "transform_matrix": [
        [
          -0.979356,
          0.201974,
          -0.008264,
          1.030916
        ],
        [
          0.171918,
          0.81072,
          -0.559623,
          1.383868
        ],
        [
          -0.10633,
          -0.549491,
          -0.828706,
          1.236134
        ],
        [
          0.0,
          0.0,
          0.0,
          1.0
        ]
      ]
    },
    {
      "file_path": "/media/NFS/ttao/scannet/posed_images/scene0458_01/00284.jpg",
      "transform_matrix": [
        [
          -0.984447,
          0.173943,
          -0.024657,
          0.992796
        ],
        [
          0.159437,
          0.825626,
          -0.541223,
          1.402397
        ],
        [
          -0.073784,
          -0.536736,
          -0.840518,
          1.225143
        ],
        [
          0.0,
          0.0,
          0.0,
          1.0
        ]
      ]
    },
    {
      "file_path": "/media/NFS/ttao/scannet/posed_images/scene0458_01/00291.jpg",
      "transform_matrix": [
        [
          -0.983267,
          0.177885,
          -0.039293,
          0.916681
        ],
        [
          0.169065,
          0.810701,
          -0.560518,
          1.440888
        ],
        [
          -0.067852,
          -0.557781,
          -0.827209,
          1.226992
        ],
        [
          0.0,
          0.0,
          0.0,
          1.0
        ]
      ]
    },
    {
      "file_path": "/media/NFS/ttao/scannet/posed_images/scene0458_01/00300.jpg",
      "transform_matrix": [
        [
          -0.969692,
          0.207782,
          -0.12855,
          0.782878
        ],
        [
          0.243654,
          0.783149,
          -0.57211,
          1.490772
        ],
        [
          -0.018201,
          -0.586092,
          -0.81004,
          1.232721
        ],
        [
          0.0,
          0.0,
          0.0,
          1.0
        ]
      ]
    },
    {
      "file_path": "/media/NFS/ttao/scannet/posed_images/scene0458_01/00304.jpg",
      "transform_matrix": [
        [
          -0.965801,
          0.210846,
          -0.150907,
          0.731355
        ],
        [
          0.259173,
          0.767895,
          -0.585804,
          1.516617
        ],
        [
          -0.007634,
          -0.604881,
          -0.796279,
          1.23144
        ],
        [
          0.0,
          0.0,
          0.0,
          1.0
        ]
      ]
    },
    {
      "file_path": "/media/NFS/ttao/scannet/posed_images/scene0458_01/00314.jpg",
      "transform_matrix": [
        [
          -0.959342,
          0.222106,
          -0.174162,
          0.614315
        ],
        [
          0.282244,
          0.751924,
          -0.595776,
          1.577478
        ],
        [
          -0.001368,
          -0.620709,
          -0.78404,
          1.21924
        ],
        [
          0.0,
          0.0,
          0.0,
          1.0
        ]
      ]
    },
    {
      "file_path": "/media/NFS/ttao/scannet/posed_images/scene0458_01/00325.jpg",
      "transform_matrix": [
        [
          -0.965284,
          0.210653,
          -0.154441,
          0.578989
        ],
        [
          0.260196,
          0.723605,
          -0.639292,
          1.564191
        ],
        [
          -0.022914,
          -0.657283,
          -0.753295,
          1.234634
        ],
        [
          0.0,
          0.0,
          0.0,
          1.0
        ]
      ]
    },
    {
      "file_path": "/media/NFS/ttao/scannet/posed_images/scene0458_01/00332.jpg",
      "transform_matrix": [
        [
          -0.981448,
          0.140373,
          -0.130597,
          0.567087
        ],
        [
          0.191499,
          0.751096,
          -0.631809,
          1.517435
        ],
        [
          0.009402,
          -0.645097,
          -0.764043,
          1.237964
        ],
        [
          0.0,
          0.0,
          0.0,
          1.0
        ]
      ]
    },
    {
      "file_path": "/media/NFS/ttao/scannet/posed_images/scene0458_01/00336.jpg",
      "transform_matrix": [
        [
          -0.987038,
          0.104441,
          -0.121855,
          0.56309
        ],
        [
          0.157857,
          0.768738,
          -0.619777,
          1.4872
        ],
        [
          0.028944,
          -0.630979,
          -0.77526,
          1.238781
        ],
        [
          0.0,
          0.0,
          0.0,
          1.0
        ]
      ]
    },
    {
      "file_path": "/media/NFS/ttao/scannet/posed_images/scene0458_01/00348.jpg",
      "transform_matrix": [
        [
          -0.99925,
          -0.007253,
          -0.038042,
          0.545246
        ],
        [
          0.016061,
          0.816233,
          -0.5775,
          1.436581
        ],
        [
          0.03524,
          -0.577678,
          -0.815504,
          1.238514
        ],
        [
          0.0,
          0.0,
          0.0,
          1.0
        ]
      ]
    },
    {
      "file_path": "/media/NFS/ttao/scannet/posed_images/scene0458_01/00353.jpg",
      "transform_matrix": [
        [
          -0.997325,
          -0.069654,
          0.022163,
          0.517727
        ],
        [
          -0.069672,
          0.814179,
          -0.576419,
          1.432029
        ],
        [
          0.022106,
          -0.576421,
          -0.816854,
          1.236432
        ],
        [
          0.0,
          0.0,
          0.0,
          1.0
        ]
      ]
    },
    {
      "file_path": "/media/NFS/ttao/scannet/posed_images/scene0458_01/00357.jpg",
      "transform_matrix": [
        [
          -0.989009,
          -0.135346,
          0.059522,
          0.485602
        ],
        [
          -0.145135,
          0.8118,
          -0.565612,
          1.42901
        ],
        [
          0.028234,
          -0.568034,
          -0.82252,
          1.233611
        ],
        [
          0.0,
          0.0,
          0.0,
          1.0
        ]
      ]
    },
    {
      "file_path": "/media/NFS/ttao/scannet/posed_images/scene0458_01/00366.jpg",
      "transform_matrix": [
        [
          -0.953474,
          -0.257715,
          0.156431,
          0.435555
        ],
        [
          -0.301143,
          0.789793,
          -0.53436,
          1.427136
        ],
        [
          0.014165,
          -0.556606,
          -0.830656,
          1.246752
        ],
        [
          0.0,
          0.0,
          0.0,
          1.0
        ]
      ]
    },
    {
      "file_path": "/media/NFS/ttao/scannet/posed_images/scene0458_01/00375.jpg",
      "transform_matrix": [
        [
          -0.935372,
          -0.298202,
          0.190144,
          0.434484
        ],
        [
          -0.353554,
          0.80189,
          -0.481634,
          1.429681
        ],
        [
          -0.00885,
          -0.517734,
          -0.855496,
          1.257617
        ],
        [
          0.0,
          0.0,
          0.0,
          1.0
        ]
      ]
    },
    {
      "file_path": "/media/NFS/ttao/scannet/posed_images/scene0458_01/00382.jpg",
      "transform_matrix": [
        [
          -0.958493,
          -0.22842,
          0.170632,
          0.441846
        ],
        [
          -0.283717,
          0.823332,
          -0.491558,
          1.394784
        ],
        [
          -0.028205,
          -0.519567,
          -0.853964,
          1.291822
        ],
        [
          0.0,
          0.0,
          0.0,
          1.0
        ]
      ]
    },
    {
      "file_path": "/media/NFS/ttao/scannet/posed_images/scene0458_01/00394.jpg",
      "transform_matrix": [
        [
          -0.987837,
          -0.137527,
          0.072559,
          0.445463
        ],
        [
          -0.155493,
          0.87227,
          -0.463645,
          1.309758
        ],
        [
          0.000472,
          -0.469288,
          -0.883045,
          1.321336
        ],
        [
          0.0,
          0.0,
          0.0,
          1.0
        ]
      ]
    },
    {
      "file_path": "/media/NFS/ttao/scannet/posed_images/scene0458_01/00398.jpg",
      "transform_matrix": [
        [
          -0.989952,
          -0.126122,
          0.063938,
          0.443873
        ],
        [
          -0.141403,
          0.881496,
          -0.450522,
          1.295908
        ],
        [
          0.00046,
          -0.455036,
          -0.890473,
          1.321796
        ],
        [
          0.0,
          0.0,
          0.0,
          1.0
        ]
      ]
    },
    {
      "file_path": "/media/NFS/ttao/scannet/posed_images/scene0458_01/00403.jpg",
      "transform_matrix": [
        [
          -0.988805,
          -0.130145,
          0.072989,
          0.443382
        ],
        [
          -0.149113,
          0.879907,
          -0.451141,
          1.294181
        ],
        [
          -0.005509,
          -0.456974,
          -0.889463,
          1.320393
        ],
        [
          0.0,
          0.0,
          0.0,
          1.0
        ]
      ]
    },
    {
      "file_path": "/media/NFS/ttao/scannet/posed_images/scene0458_01/00417.jpg",
      "transform_matrix": [
        [
          -0.962413,
          -0.171184,
          0.210851,
          0.488734
        ],
        [
          -0.264801,
          0.763963,
          -0.588422,
          1.331485
        ],
        [
          -0.060354,
          -0.622138,
          -0.780578,
          1.355288
        ],
        [
          0.0,
          0.0,
          0.0,
          1.0
        ]
      ]
    },
    {
      "file_path": "/media/NFS/ttao/scannet/posed_images/scene0458_01/00423.jpg",
      "transform_matrix": [
        [
          -0.930076,
          -0.208261,
          0.302631,
          0.505033
        ],
        [
          -0.355657,
          0.716784,
          -0.599774,
          1.333432
        ],
        [
          -0.092012,
          -0.665468,
          -0.740733,
          1.365665
        ],
        [
          0.0,
          0.0,
          0.0,
          1.0
        ]
      ]
    },
    {
      "file_path": "/media/NFS/ttao/scannet/posed_images/scene0458_01/00430.jpg",
      "transform_matrix": [
        [
          -0.874085,
          -0.289667,
          0.38996,
          0.512225
        ],
        [
          -0.476667,
          0.666153,
          -0.57361,
          1.301377
        ],
        [
          -0.093617,
          -0.687265,
          -0.720349,
          1.369645
        ],
        [
          0.0,
          0.0,
          0.0,
          1.0
        ]
      ]
    },
    {
      "file_path": "/media/NFS/ttao/scannet/posed_images/scene0458_01/00437.jpg",
      "transform_matrix": [
        [
          -0.797772,
          -0.371802,
          0.474682,
          0.501938
        ],
        [
          -0.595466,
          0.609541,
          -0.523335,
          1.27353
        ],
        [
          -0.094761,
          -0.700159,
          -0.707671,
          1.377095
        ],
        [
          0.0,
          0.0,
          0.0,
          1.0
        ]
      ]
    },
    {
      "file_path": "/media/NFS/ttao/scannet/posed_images/scene0458_01/00446.jpg",
      "transform_matrix": [
        [
          -0.746621,
          -0.43964,
          0.499273,
          0.510256
        ],
        [
          -0.657345,
          0.602905,
          -0.452109,
          1.272912
        ],
        [
          -0.102249,
          -0.665749,
          -0.739136,
          1.364156
        ],
        [
          0.0,
          0.0,
          0.0,
          1.0
        ]
      ]
    },
    {
      "file_path": "/media/NFS/ttao/scannet/posed_images/scene0458_01/00453.jpg",
      "transform_matrix": [
        [
          -0.68981,
          -0.474422,
          0.546889,
          0.532129
        ],
        [
          -0.719417,
          0.533948,
          -0.444229,
          1.284442
        ],
        [
          -0.081258,
          -0.699874,
          -0.709629,
          1.364242
        ],
        [
          0.0,
          0.0,
          0.0,
          1.0
        ]
      ]
    },
    {
      "file_path": "/media/NFS/ttao/scannet/posed_images/scene0458_01/00462.jpg",
      "transform_matrix": [
        [
          -0.59381,
          -0.539057,
          0.597334,
          0.564091
        ],
        [
          -0.799646,
          0.477677,
          -0.363856,
          1.254062
        ],
        [
          -0.089194,
          -0.693717,
          -0.714704,
          1.368896
        ],
        [
          0.0,
          0.0,
          0.0,
          1.0
        ]
      ]
    },
    {
      "file_path": "/media/NFS/ttao/scannet/posed_images/scene0458_01/00467.jpg",
      "transform_matrix": [
        [
          -0.52488,
          -0.574596,
          0.627966,
          0.568779
        ],
        [
          -0.847401,
          0.422168,
          -0.322003,
          1.21504
        ],
        [
          -0.080085,
          -0.701151,
          -0.708501,
          1.36523
        ],
        [
          0.0,
          0.0,
          0.0,
          1.0
        ]
      ]
    },
    {
      "file_path": "/media/NFS/ttao/scannet/posed_images/scene0458_01/00476.jpg",
      "transform_matrix": [
        [
          -0.408996,
          -0.609274,
          0.679343,
          0.548281
        ],
        [
          -0.909458,
          0.33325,
          -0.248658,
          1.124185
        ],
        [
          -0.07489,
          -0.719534,
          -0.690407,
          1.371727
        ],
        [
          0.0,
          0.0,
          0.0,
          1.0
        ]
      ]
    },
    {
      "file_path": "/media/NFS/ttao/scannet/posed_images/scene0458_01/00483.jpg",
      "transform_matrix": [
        [
          -0.337618,
          -0.564573,
          0.753175,
          0.520956
        ],
        [
          -0.939169,
          0.25565,
          -0.229358,
          1.075313
        ],
        [
          -0.06306,
          -0.784793,
          -0.616541,
          1.380548
        ],
        [
          0.0,
          0.0,
          0.0,
          1.0
        ]
      ]
    },
    {
      "file_path": "/media/NFS/ttao/scannet/posed_images/scene0458_01/00492.jpg",
      "transform_matrix": [
        [
          -0.28322,
          -0.511046,
          0.811553,
          0.511715
        ],
        [
          -0.957107,
          0.204523,
          -0.205225,
          1.016125
        ],
        [
          -0.061102,
          -0.834867,
          -0.54705,
          1.401135
        ],
        [
          0.0,
          0.0,
          0.0,
          1.0
        ]
      ]
    },
    {
      "file_path": "/media/NFS/ttao/scannet/posed_images/scene0458_01/00497.jpg",
      "transform_matrix": [
        [
          -0.252196,
          -0.47497,
          0.84309,
          0.50549
        ],
        [
          -0.964725,
          0.191404,
          -0.18075,
          0.99366
        ],
        [
          -0.07552,
          -0.858934,
          -0.506486,
          1.415435
        ],
        [
          0.0,
          0.0,
          0.0,
          1.0
        ]
      ]
    },
    {
      "file_path": "/media/NFS/ttao/scannet/posed_images/scene0458_01/00508.jpg",
      "transform_matrix": [
        [
          -0.196165,
          -0.407338,
          0.891961,
          0.486314
        ],
        [
          -0.975832,
          0.170422,
          -0.136782,
          0.96245
        ],
        [
          -0.096293,
          -0.897236,
          -0.430924,
          1.433543
        ],
        [
          0.0,
          0.0,
          0.0,
          1.0
        ]
      ]
    },
    {
      "file_path": "/media/NFS/ttao/scannet/posed_images/scene0458_01/00515.jpg",
      "transform_matrix": [
        [
          -0.165636,
          -0.404037,
          0.899621,
          0.482235
        ],
        [
          -0.98295,
          0.141488,
          -0.117433,
          0.939164
        ],
        [
          -0.079838,
          -0.903734,
          -0.420584,
          1.447987
        ],
        [
          0.0,
          0.0,
          0.0,
          1.0
        ]
      ]
    },
    {
      "file_path": "/media/NFS/ttao/scannet/posed_images/scene0458_01/00517.jpg",
      "transform_matrix": [
        [
          -0.157338,
          -0.405952,
          0.900249,
          0.481414
        ],
        [
          -0.985047,
          0.129308,
          -0.113849,
          0.93333
        ],
        [
          -0.070192,
          -0.9047,
          -0.420227,
          1.449667
        ],
        [
          0.0,
          0.0,
          0.0,
          1.0
        ]
      ]
    },
    {
      "file_path": "/media/NFS/ttao/scannet/posed_images/scene0458_01/00529.jpg",
      "transform_matrix": [
        [
          -0.141373,
          -0.438346,
          0.887619,
          0.496468
        ],
        [
          -0.989771,
          0.079925,
          -0.118172,
          0.905741
        ],
        [
          -0.019143,
          -0.895246,
          -0.445161,
          1.484909
        ],
        [
          0.0,
          0.0,
          0.0,
          1.0
        ]
      ]
    },
    {
      "file_path": "/media/NFS/ttao/scannet/posed_images/scene0458_01/00536.jpg",
      "transform_matrix": [
        [
          -0.136778,
          -0.449606,
          0.882693,
          0.526127
        ],
        [
          -0.990233,
          0.037736,
          -0.134221,
          0.902673
        ],
        [
          0.027037,
          -0.892429,
          -0.450376,
          1.548759
        ],
        [
          0.0,
          0.0,
          0.0,
          1.0
        ]
      ]
    },
    {
      "file_path": "/media/NFS/ttao/scannet/posed_images/scene0458_01/00545.jpg",
      "transform_matrix": [
        [
          -0.12089,
          -0.476227,
          0.870973,
          0.558682
        ],
        [
          -0.991785,
          0.02098,
          -0.126188,
          0.897069
        ],
        [
          0.041821,
          -0.879072,
          -0.47485,
          1.618114
        ],
        [
          0.0,
          0.0,
          0.0,
          1.0
        ]
      ]
    },
    {
      "file_path": "/media/NFS/ttao/scannet/posed_images/scene0458_01/00549.jpg",
      "transform_matrix": [
        [
          -0.128039,
          -0.484255,
          0.865508,
          0.561566
        ],
        [
          -0.990281,
          0.014634,
          -0.13831,
          0.898441
        ],
        [
          0.054312,
          -0.874805,
          -0.481422,
          1.634
        ],
        [
          0.0,
          0.0,
          0.0,
          1.0
        ]
      ]
    },
    {
      "file_path": "/media/NFS/ttao/scannet/posed_images/scene0458_01/00556.jpg",
      "transform_matrix": [
        [
          -0.103917,
          -0.526093,
          0.844055,
          0.571757
        ],
        [
          -0.99318,
          0.009783,
          -0.116179,
          0.904991
        ],
        [
          0.052864,
          -0.850371,
          -0.523521,
          1.686154
        ],
        [
          0.0,
          0.0,
          0.0,
          1.0
        ]
      ]
    },
    {
      "file_path": "/media/NFS/ttao/scannet/posed_images/scene0458_01/00568.jpg",
      "transform_matrix": [
        [
          -0.081211,
          -0.538284,
          0.838842,
          0.580275
        ],
        [
          -0.995645,
          0.005152,
          -0.093086,
          0.915361
        ],
        [
          0.045785,
          -0.842748,
          -0.536358,
          1.734832
        ],
        [
          0.0,
          0.0,
          0.0,
          1.0
        ]
      ]
    },
    {
      "file_path": "/media/NFS/ttao/scannet/posed_images/scene0458_01/00577.jpg",
      "transform_matrix": [
        [
          -0.086455,
          -0.574351,
          0.814031,
          0.581016
        ],
        [
          -0.993372,
          -0.012426,
          -0.11427,
          0.927721
        ],
        [
          0.075746,
          -0.818515,
          -0.56947,
          1.712937
        ],
        [
          0.0,
          0.0,
          0.0,
          1.0
        ]
      ]
    },
    {
      "file_path": "/media/NFS/ttao/scannet/posed_images/scene0458_01/00584.jpg",
      "transform_matrix": [
        [
          -0.097073,
          -0.603586,
          0.791367,
          0.574659
        ],
        [
          -0.991983,
          -0.005963,
          -0.126229,
          0.934376
        ],
        [
          0.080909,
          -0.797276,
          -0.598168,
          1.682437
        ],
        [
          0.0,
          0.0,
          0.0,
          1.0
        ]
      ]
    },
    {
      "file_path": "/media/NFS/ttao/scannet/posed_images/scene0458_01/00588.jpg",
      "transform_matrix": [
        [
          -0.117436,
          -0.614444,
          0.780172,
          0.577443
        ],
        [
          -0.989664,
          0.007304,
          -0.143217,
          0.937174
        ],
        [
          0.0823,
