{
  "frames": [
    {
      "file_path": "/media/NFS/ttao/scannet/posed_images/scene0514_01/00001.jpg",
      "transform_matrix": [
        [
          -0.380166,
          0.402587,
          -0.832705,
          3.082934
        ],
        [
          0.924732,
          0.147349,
          -0.350941,
          4.132841
        ],
        [
          -0.018586,
          -0.903445,
          -0.428302,
          1.496123
        ],
        [
          0.0,
          0.0,
          0.0,
          1.0
        ]
      ]
    },
    {
      "file_path": "/media/NFS/ttao/scannet/posed_images/scene0514_01/00003.jpg",
      "transform_matrix": [
        [
          -0.374529,
          0.399407,
          -0.836781,
          3.075089
        ],
        [
          0.927085,
          0.146162,
          -0.345182,
          4.129149
        ],
        [
          -0.015562,
          -0.905047,
          -0.425026,
          1.493932
        ],
        [
          0.0,
          0.0,
          0.0,
          1.0
        ]
      ]
    },
    {
      "file_path": "/media/NFS/ttao/scannet/posed_images/scene0514_01/00007.jpg",
      "transform_matrix": [
        [
          -0.356164,
          0.406164,
          -0.841534,
          3.06701
        ],
        [
          0.934312,
          0.140896,
          -0.327428,
          4.108998
        ],
        [
          -0.014421,
          -0.902873,
          -0.429666,
          1.479461
        ],
        [
          0.0,
          0.0,
          0.0,
          1.0
        ]
      ]
    },
    {
      "file_path": "/media/NFS/ttao/scannet/posed_images/scene0514_01/00014.jpg",
      "transform_matrix": [
        [
          -0.339765,
          0.446537,
          -0.827746,
          3.089265
        ],
        [
          0.940422,
          0.149235,
          -0.305508,
          4.04112
        ],
        [
          -0.012892,
          -0.882232,
          -0.470639,
          1.441069
        ],
        [
          0.0,
          0.0,
          0.0,
          1.0
        ]
      ]
    },
    {
      "file_path": "/media/NFS/ttao/scannet/posed_images/scene0514_01/00015.jpg",
      "transform_matrix": [
        [
          -0.337736,
          0.452334,
          -0.825426,
          3.095909
        ],
        [
          0.94114,
          0.14944,
          -0.303189,
          4.035786
        ],
        [
          -0.013791,
          -0.87924,
          -0.47618,
          1.431822
        ],
        [
          0.0,
          0.0,
          0.0,
          1.0
        ]
      ]
    },
    {
      "file_path": "/media/NFS/ttao/scannet/posed_images/scene0514_01/00018.jpg",
      "transform_matrix": [
        [
          -0.308907,
          0.485067,
          -0.818099,
          3.107747
        ],
        [
          0.951036,
          0.148225,
          -0.271217,
          4.009759
        ],
        [
          -0.010296,
          -0.861823,
          -0.507104,
          1.407266
        ],
        [
          0.0,
          0.0,
          0.0,
          1.0
        ]
      ]
    },
    {
      "file_path": "/media/NFS/ttao/scannet/posed_images/scene0514_01/00022.jpg",
      "transform_matrix": [
        [
          -0.237625,
          0.537857,
          -0.808853,
          3.131749
        ],
        [
          0.971323,
          0.138538,
          -0.193233,
          3.943823
        ],
        [
          0.008126,
          -0.831575,
          -0.555353,
          1.381834
        ],
        [
          0.0,
          0.0,
          0.0,
          1.0
        ]
      ]
    },
    {
      "file_path": "/media/NFS/ttao/scannet/posed_images/scene0514_01/00026.jpg",
      "transform_matrix": [
        [
          -0.224526,
          0.571685,
          -0.789154,
          3.167393
        ],
        [
          0.974455,
          0.135866,
          -0.178822,
          3.900451
        ],
        [
          0.00499,
          -0.809146,
          -0.587587,
          1.361662
        ],
        [
          0.0,
          0.0,
          0.0,
          1.0
        ]
      ]
    },
    {
      "file_path": "/media/NFS/ttao/scannet/posed_images/scene0514_01/00031.jpg",
      "transform_matrix": [
        [
          -0.217384,
          0.60307,
          -0.767497,
          3.188221
        ],
        [
          0.97607,
          0.138836,
          -0.167368,
          3.872547
        ],
        [
          0.005621,
          -0.785514,
          -0.618819,
          1.351482
        ],
        [
          0.0,
          0.0,
          0.0,
          1.0
        ]
      ]
    },
    {
      "file_path": "/media/NFS/ttao/scannet/posed_images/scene0514_01/00035.jpg",
      "transform_matrix": [
        [
          -0.201147,
          0.605139,
          -0.77029,
          3.209293
        ],
        [
          0.979555,
          0.127003,
          -0.156019,
          3.871621
        ],
        [
          0.003416,
          -0.785924,
          -0.618313,
          1.34758
        ],
        [
          0.0,
          0.0,
          0.0,
          1.0
        ]
      ]
    },
    {
      "file_path": "/media/NFS/ttao/scannet/posed_images/scene0514_01/00037.jpg",
      "transform_matrix": [
        [
          -0.191595,
          0.60444,
          -0.773268,
          3.217942
        ],
        [
          0.981464,
          0.121598,
          -0.148131,
          3.871989
        ],
        [
          0.004491,
          -0.787316,
          -0.616533,
          1.34506
        ],
        [
          0.0,
          0.0,
          0.0,
          1.0
        ]
      ]
    },
    {
      "file_path": "/media/NFS/ttao/scannet/posed_images/scene0514_01/00041.jpg",
      "transform_matrix": [
        [
          -0.183279,
          0.609017,
          -0.771691,
          3.228221
        ],
        [
          0.982902,
          0.127638,
          -0.132711,
          3.882436
        ],
        [
          0.017674,
          -0.78282,
          -0.621998,
          1.343866
        ],
        [
          0.0,
          0.0,
          0.0,
          1.0
        ]
      ]
    },
    {
      "file_path": "/media/NFS/ttao/scannet/posed_images/scene0514_01/00045.jpg",
      "transform_matrix": [
        [
          -0.193726,
          0.611668,
          -0.767028,
          3.243166
        ],
        [
          0.980784,
          0.139151,
          -0.136747,
          3.907172
        ],
        [
          0.023089,
          -0.77878,
          -0.626872,
          1.338281
        ],
        [
          0.0,
          0.0,
          0.0,
          1.0
        ]
      ]
    },
    {
      "file_path": "/media/NFS/ttao/scannet/posed_images/scene0514_01/00050.jpg",
      "transform_matrix": [
        [
          -0.211059,
          0.619857,
          -0.755799,
          3.247393
        ],
        [
          0.977469,
          0.131643,
          -0.164996,
          3.98171
        ],
        [
          -0.002778,
          -0.773594,
          -0.633675,
          1.347424
        ],
        [
          0.0,
          0.0,
          0.0,
          1.0
        ]
      ]
    },
    {
      "file_path": "/media/NFS/ttao/scannet/posed_images/scene0514_01/00052.jpg",
      "transform_matrix": [
        [
          -0.21846,
          0.612344,
          -0.759809,
          3.248024
        ],
        [
          0.9757,
          0.123627,
          -0.1809,
          4.030076
        ],
        [
          -0.01684,
          -0.780866,
          -0.624472,
          1.350349
        ],
        [
          0.0,
          0.0,
          0.0,
          1.0
        ]
      ]
    },
    {
      "file_path": "/media/NFS/ttao/scannet/posed_images/scene0514_01/00058.jpg",
      "transform_matrix": [
        [
          -0.240019,
          0.591277,
          -0.769923,
          3.233853
        ],
        [
          0.970373,
          0.123513,
          -0.207654,
          4.19012
        ],
        [
          -0.027686,
          -0.796954,
          -0.603405,
          1.360152
        ],
        [
          0.0,
          0.0,
          0.0,
          1.0
        ]
      ]
    },
    {
      "file_path": "/media/NFS/ttao/scannet/posed_images/scene0514_01/00060.jpg",
      "transform_matrix": [
        [
          -0.251596,
          0.592529,
          -0.765251,
          3.233475
        ],
        [
          0.967616,
          0.137293,
          -0.211824,
          4.235461
        ],
        [
          -0.020449,
          -0.793764,
          -0.607883,
          1.354843
        ],
        [
          0.0,
          0.0,
          0.0,
          1.0
        ]
      ]
    },
    {
      "file_path": "/media/NFS/ttao/scannet/posed_images/scene0514_01/00063.jpg",
      "transform_matrix": [
        [
          -0.25176,
          0.605657,
          -0.754849,
          3.218995
        ],
        [
          0.967457,
          0.137057,
          -0.212702,
          4.29231
        ],
        [
          -0.025367,
          -0.783834,
          -0.620453,
          1.364901
        ],
        [
          0.0,
          0.0,
          0.0,
          1.0
        ]
      ]
    },
    {
      "file_path": "/media/NFS/ttao/scannet/posed_images/scene0514_01/00070.jpg",
      "transform_matrix": [
        [
          -0.25056,
          0.609462,
          -0.752181,
          3.211119
        ],
        [
          0.967372,
          0.127475,
          -0.218955,
          4.390252
        ],
        [
          -0.037561,
          -0.7825,
          -0.621517,
          1.382065
        ],
        [
          0.0,
          0.0,
          0.0,
          1.0
        ]
      ]
    },
    {
      "file_path": "/media/NFS/ttao/scannet/posed_images/scene0514_01/00071.jpg",
      "transform_matrix": [
        [
          -0.248243,
          0.607056,
          -0.75489,
          3.211978
        ],
        [
          0.967986,
          0.125583,
          -0.217329,
          4.3959
        ],
        [
          -0.03713,
          -0.784673,
          -0.618797,
          1.384304
        ],
        [
          0.0,
          0.0,
          0.0,
          1.0
        ]
      ]
    },
    {
      "file_path": "/media/NFS/ttao/scannet/posed_images/scene0514_01/00077.jpg",
      "transform_matrix": [
        [
          -0.246078,
          0.597912,
          -0.762854,
          3.210599
        ],
        [
          0.96896,
          0.132502,
          -0.20871,
          4.429898
        ],
        [
          -0.023711,
          -0.790534,
          -0.611959,
          1.394991
        ],
        [
          0.0,
          0.0,
          0.0,
          1.0
        ]
      ]
    },
    {
      "file_path": "/media/NFS/ttao/scannet/posed_images/scene0514_01/00082.jpg",
      "transform_matrix": [
        [
          -0.245059,
          0.575217,
          -0.78043,
          3.213616
        ],
        [
          0.969288,
          0.128199,
          -0.209872,
          4.447476
        ],
        [
          -0.020672,
          -0.807893,
          -0.588967,
          1.406903
        ],
        [
          0.0,
          0.0,
          0.0,
          1.0
        ]
      ]
    },
    {
      "file_path": "/media/NFS/ttao/scannet/posed_images/scene0514_01/00085.jpg",
      "transform_matrix": [
        [
          -0.246002,
          0.558734,
          -0.792022,
          3.216689
        ],
        [
          0.969175,
          0.130428,
          -0.209015,
          4.447867
        ],
        [
          -0.013482,
          -0.819027,
          -0.573597,
          1.416549
        ],
        [
          0.0,
          0.0,
          0.0,
          1.0
        ]
      ]
    },
    {
      "file_path": "/media/NFS/ttao/scannet/posed_images/scene0514_01/00087.jpg",
      "transform_matrix": [
        [
          -0.243915,
          0.54857,
          -0.799735,
          3.218125
        ],
        [
          0.969789,
          0.134712,
          -0.203376,
          4.443533
        ],
        [
          -0.003832,
          -0.825181,
          -0.564855,
          1.421831
        ],
        [
          0.0,
          0.0,
          0.0,
          1.0
        ]
      ]
    },
    {
      "file_path": "/media/NFS/ttao/scannet/posed_images/scene0514_01/00093.jpg",
      "transform_matrix": [
        [
          -0.230219,
          0.516005,
          -0.825068,
          3.219797
        ],
        [
          0.972917,
          0.140125,
          -0.183838,
          4.421657
        ],
        [
          0.020751,
          -0.845047,
          -0.53429,
          1.445113
        ],
        [
          0.0,
          0.0,
          0.0,
          1.0
        ]
      ]
    },
    {
      "file_path": "/media/NFS/ttao/scannet/posed_images/scene0514_01/00094.jpg",
      "transform_matrix": [
        [
          -0.2239,
          0.511306,
          -0.82972,
          3.222267
        ],
        [
          0.974323,
          0.138175,
          -0.177772,
          4.412528
        ],
        [
          0.023751,
          -0.848218,
          -0.529114,
          1.446802
        ],
        [
          0.0,
          0.0,
          0.0,
          1.0
        ]
      ]
    },
    {
      "file_path": "/media/NFS/ttao/scannet/posed_images/scene0514_01/00100.jpg",
      "transform_matrix": [
        [
          -0.166017,
          0.485783,
          -0.858168,
          3.225708
        ],
        [
          0.985145,
          0.12045,
          -0.122398,
          4.336232
        ],
        [
          0.043908,
          -0.86574,
          -0.498564,
          1.465043
        ],
        [
          0.0,
          0.0,
          0.0,
          1.0
        ]
      ]
    },
    {
      "file_path": "/media/NFS/ttao/scannet/posed_images/scene0514_01/00102.jpg",
      "transform_matrix": [
        [
          -0.147017,
          0.472177,
          -0.869158,
          3.235553
        ],
        [
          0.987882,
          0.114289,
          -0.10501,
          4.300914
        ],
        [
          0.049752,
          -0.874064,
          -0.483257,
          1.463203
        ],
        [
          0.0,
          0.0,
          0.0,
          1.0
        ]
      ]
    },
    {
      "file_path": "/media/NFS/ttao/scannet/posed_images/scene0514_01/00108.jpg",
      "transform_matrix": [
        [
          -0.083092,
          0.457261,
          -0.885442,
          3.251866
        ],
        [
          0.995556,
          0.077592,
          -0.053355,
          4.184673
        ],
        [
          0.044307,
          -0.885941,
          -0.461676,
          1.468389
        ],
        [
          0.0,
          0.0,
          0.0,
          1.0
        ]
      ]
    },
    {
      "file_path": "/media/NFS/ttao/scannet/posed_images/scene0514_01/00109.jpg",
      "transform_matrix": [
        [
          -0.072115,
          0.457292,
          -0.886388,
          3.254735
        ],
        [
          0.996482,
          0.071078,
          -0.044402,
          4.163659
        ],
        [
          0.042698,
          -0.886472,
          -0.460809,
          1.468623
        ],
        [
          0.0,
          0.0,
          0.0,
          1.0
        ]
      ]
    },
    {
      "file_path": "/media/NFS/ttao/scannet/posed_images/scene0514_01/00112.jpg",
      "transform_matrix": [
        [
          -0.032151,
          0.455858,
          -0.889472,
          3.250458
        ],
        [
          0.998782,
          0.047971,
          -0.011517,
          4.12508
        ],
        [
          0.037419,
          -0.888759,
          -0.456845,
          1.474639
        ],
        [
          0.0,
          0.0,
          0.0,
          1.0
        ]
      ]
    },
    {
      "file_path": "/media/NFS/ttao/scannet/posed_images/scene0514_01/00117.jpg",
      "transform_matrix": [
        [
          0.026956,
          0.449154,
          -0.893048,
          3.231166
        ],
        [
          0.998771,
          0.025073,
          0.042758,
          4.053075
        ],
        [
          0.041596,
          -0.893103,
          -0.447926,
          1.488254
        ],
        [
          0.0,
          0.0,
          0.0,
          1.0
        ]
      ]
    },
    {
      "file_path": "/media/NFS/ttao/scannet/posed_images/scene0514_01/00120.jpg",
      "transform_matrix": [
        [
          0.073106,
          0.423044,
          -0.903155,
          3.21899
        ],
        [
          0.996016,
          0.015398,
          0.087835,
          4.0239
        ],
        [
          0.051065,
          -0.905978,
          -0.420233,
          1.48405
        ],
        [
          0.0,
          0.0,
          0.0,
          1.0
        ]
      ]
    },
    {
      "file_path": "/media/NFS/ttao/scannet/posed_images/scene0514_01/00123.jpg",
      "transform_matrix": [
        [
          0.122392,
          0.410699,
          -0.903519,
          3.192025
        ],
        [
          0.99153,
          -0.010744,
          0.12943,
          3.993958
        ],
        [
          0.043449,
          -0.911708,
          -0.408536,
          1.483091
        ],
        [
          0.0,
          0.0,
          0.0,
          1.0
        ]
      ]
    },
    {
      "file_path": "/media/NFS/ttao/scannet/posed_images/scene0514_01/00130.jpg",
      "transform_matrix": [
        [
          0.268001,
          0.379944,
          -0.885335,
          3.102835
        ],
        [
          0.963265,
          -0.122082,
          0.239199,
          3.895617
        ],
        [
          -0.017201,
          -0.916918,
          -0.398705,
          1.48701
        ],
        [
          0.0,
          0.0,
          0.0,
          1.0
        ]
      ]
    },
    {
      "file_path": "/media/NFS/ttao/scannet/posed_images/scene0514_01/00131.jpg",
      "transform_matrix": [
        [
          0.286512,
          0.373402,
          -0.882316,
          3.093708
        ],
        [
          0.957745,
          -0.135849,
          0.253513,
          3.881247
        ],
        [
          -0.0252,
          -0.917669,
          -0.396546,
          1.48776
        ],
        [
          0.0,
          0.0,
          0.0,
          1.0
        ]
      ]
    },
    {
      "file_path": "/media/NFS/ttao/scannet/posed_images/scene0514_01/00137.jpg",
      "transform_matrix": [
        [
          0.336668,
          0.379828,
          -0.861618,
          3.028775
        ],
        [
          0.941596,
          -0.142768,
          0.304982,
          3.782213
        ],
        [
          -0.007171,
          -0.913974,
          -0.40571,
          1.48826
        ],
        [
          0.0,
          0.0,
          0.0,
          1.0
        ]
      ]
    },
    {
      "file_path": "/media/NFS/ttao/scannet/posed_images/scene0514_01/00142.jpg",
      "transform_matrix": [
        [
          0.37264,
          0.376901,
          -0.847989,
          2.973455
        ],
        [
          0.927964,
          -0.146786,
          0.342543,
          3.678794
        ],
        [
          0.004632,
          -0.914549,
          -0.404449,
          1.482266
        ],
        [
          0.0,
          0.0,
          0.0,
          1.0
        ]
      ]
    },
    {
      "file_path": "/media/NFS/ttao/scannet/posed_images/scene0514_01/00143.jpg",
      "transform_matrix": [
        [
          0.379033,
          0.375964,
          -0.845568,
          2.963746
        ],
        [
          0.925367,
          -0.148595,
          0.348734,
          3.659835
        ],
        [
          0.005464,
          -0.914642,
          -0.404227,
          1.480142
        ],
        [
          0.0,
          0.0,
          0.0,
          1.0
        ]
      ]
    },
    {
      "file_path": "/media/NFS/ttao/scannet/posed_images/scene0514_01/00150.jpg",
      "transform_matrix": [
        [
          0.431867,
          0.386678,
          -0.814844,
          2.888165
        ],
        [
          0.901845,
          -0.198067,
          0.383986,
          3.482879
        ],
        [
          -0.012915,
          -0.900694,
          -0.434262,
          1.476735
        ],
        [
          0.0,
          0.0,
          0.0,
          1.0
        ]
      ]
    },
    {
      "file_path": "/media/NFS/ttao/scannet/posed_images/scene0514_01/00153.jpg",
      "transform_matrix": [
        [
          0.453331,
          0.388445,
          -0.802247,
          2.856042
        ],
        [
          0.891309,
          -0.205243,
          0.40428,
          3.425424
        ],
        [
          -0.007615,
          -0.898324,
          -0.439268,
          1.486536
        ],
        [
          0.0,
          0.0,
          0.0,
          1.0
        ]
      ]
    },
    {
      "file_path": "/media/NFS/ttao/scannet/posed_images/scene0514_01/00156.jpg",
      "transform_matrix": [
        [
          0.484725,
          0.398412,
          -0.778659,
          2.816548
        ],
        [
          0.874557,
          -0.206689,
          0.438668,
          3.364771
        ],
        [
          0.013831,
          -0.893615,
          -0.448622,
          1.484989
        ],
        [
          0.0,
          0.0,
          0.0,
          1.0
        ]
      ]
    },
    {
      "file_path": "/media/NFS/ttao/scannet/posed_images/scene0514_01/00161.jpg",
      "transform_matrix": [
        [
          0.515492,
          0.400776,
          -0.757395,
          2.755324
        ],
        [
          0.85597,
          -0.199788,
          0.476865,
          3.282997
        ],
        [
          0.039798,
          -0.894127,
          -0.446041,
          1.468696
        ],
        [
          0.0,
          0.0,
          0.0,
          1.0
        ]
      ]
    },
    {
      "file_path": "/media/NFS/ttao/scannet/posed_images/scene0514_01/00164.jpg",
      "transform_matrix": [
        [
          0.527657,
          0.403593,
          -0.747456,
          2.702349
        ],
        [
          0.848106,
          -0.200679,
          0.490352,
          3.232187
        ],
        [
          0.047904,
          -0.892659,
          -0.448179,
          1.452671
        ],
        [
          0.0,
          0.0,
          0.0,
          1.0
        ]
      ]
    },
    {
      "file_path": "/media/NFS/ttao/scannet/posed_images/scene0514_01/00165.jpg",
      "transform_matrix": [
        [
          0.531592,
          0.400234,
          -0.746474,
          2.689145
        ],
        [
          0.845831,
          -0.204544,
          0.492678,
          3.215529
        ],
        [
          0.0445,
          -0.893294,
          -0.447264,
          1.447246
        ],
        [
          0.0,
          0.0,
          0.0,
          1.0
        ]
      ]
    },
    {
      "file_path": "/media/NFS/ttao/scannet/posed_images/scene0514_01/00169.jpg",
      "transform_matrix": [
        [
          0.566383,
          0.375369,
          -0.733695,
          2.613183
        ],
        [
          0.824142,
          -0.257621,
          0.504402,
          3.168525
        ],
        [
          0.000322,
          -0.890353,
          -0.45527,
          1.439515
        ],
        [
          0.0,
          0.0,
          0.0,
          1.0
        ]
      ]
    },
    {
      "file_path": "/media/NFS/ttao/scannet/posed_images/scene0514_01/00176.jpg",
      "transform_matrix": [
        [
          0.641384,
          0.358468,
          -0.678327,
          2.469555
        ],
        [
          0.766786,
          -0.329236,
          0.551038,
          3.089489
        ],
        [
          -0.0258,
          -0.873558,
          -0.486035,
          1.461462
        ],
        [
          0.0,
          0.0,
          0.0,
          1.0
        ]
      ]
    },
    {
      "file_path": "/media/NFS/ttao/scannet/posed_images/scene0514_01/00179.jpg",
      "transform_matrix": [
        [
          0.656888,
          0.355605,
          -0.664863,
          2.414715
        ],
        [
          0.753916,
          -0.322001,
          0.572649,
          3.046654
        ],
        [
          -0.01045,
          -0.877417,
          -0.479615,
          1.464154
        ],
        [
          0.0,
          0.0,
          0.0,
          1.0
        ]
      ]
    },
    {
      "file_path": "/media/NFS/ttao/scannet/posed_images/scene0514_01/00182.jpg",
      "transform_matrix": [
        [
          0.669374,
          0.350844,
          -0.654864,
          2.368967
        ],
        [
          0.742923,
          -0.313592,
          0.591376,
          3.015947
        ],
        [
          0.002121,
          -0.882365,
          -0.47056,
          1.455584
        ],
        [
          0.0,
          0.0,
          0.0,
          1.0
        ]
      ]
    },
    {
      "file_path": "/media/NFS/ttao/scannet/posed_images/scene0514_01/00185.jpg",
      "transform_matrix": [
        [
          0.70351,
          0.352179,
          -0.617287,
          2.319785
        ],
        [
          0.710547,
          -0.331444,
          0.620699,
          2.976187
        ],
        [
          0.014001,
          -0.87528,
          -0.483414,
          1.447083
        ],
        [
          0.0,
          0.0,
          0.0,
          1.0
        ]
      ]
    },
    {
      "file_path": "/media/NFS/ttao/scannet/posed_images/scene0514_01/00188.jpg",
      "transform_matrix": [
        [
          0.741676,
          0.344198,
          -0.575711,
          2.264039
        ],
        [
          0.670528,
          -0.357984,
          0.6498,
          2.927974
        ],
        [
          0.017564,
          -0.867972,
          -0.496303,
          1.440436
        ],
        [
          0.0,
          0.0,
          0.0,
          1.0
        ]
      ]
    },
    {
      "file_path": "/media/NFS/ttao/scannet/posed_images/scene0514_01/00193.jpg",
      "transform_matrix": [
        [
          0.790435,
          0.342168,
          -0.508067,
          2.177183
        ],
        [
          0.612149,
          -0.411415,
          0.675286,
          2.850451
        ],
        [
          0.022035,
          -0.844783,
          -0.534655,
          1.435566
        ],
        [
          0.0,
          0.0,
          0.0,
          1.0
        ]
      ]
    },
    {
      "file_path": "/media/NFS/ttao/scannet/posed_images/scene0514_01/00198.jpg",
      "transform_matrix": [
        [
          0.821737,
          0.334487,
          -0.461375,
          2.106073
        ],
        [
          0.569295,
          -0.445564,
          0.690924,
          2.807671
        ],
        [
          0.025533,
          -0.830416,
          -0.556558,
          1.437565
        ],
        [
          0.0,
          0.0,
          0.0,
          1.0
        ]
      ]
    },
    {
      "file_path": "/media/NFS/ttao/scannet/posed_images/scene0514_01/00201.jpg",
      "transform_matrix": [
        [
          0.833492,
          0.326476,
          -0.445763,
          2.061934
        ],
        [
          0.551574,
          -0.444146,
          0.706046,
          2.779649
        ],
        [
          0.032523,
          -0.834355,
          -0.550268,
          1.424691
        ],
        [
          0.0,
          0.0,
          0.0,
          1.0
        ]
      ]
    },
    {
      "file_path": "/media/NFS/ttao/scannet/posed_images/scene0514_01/00204.jpg",
      "transform_matrix": [
        [
          0.842666,
          0.320305,
          -0.432804,
          2.023506
        ],
        [
          0.537137,
          -0.444248,
          0.717027,
          2.761786
        ],
        [
          0.037394,
          -0.836689,
          -0.5464,
          1.427138
        ],
        [
          0.0,
          0.0,
          0.0,
          1.0
        ]
      ]
    },
    {
      "file_path": "/media/NFS/ttao/scannet/posed_images/scene0514_01/00207.jpg",
      "transform_matrix": [
        [
          0.84686,
          0.311871,
          -0.430771,
          1.981709
        ],
        [
          0.530589,
          -0.440496,
          0.724181,
          2.746087
        ],
        [
          0.036098,
          -0.841843,
          -0.538514,
          1.422374
        ],
        [
          0.0,
          0.0,
          0.0,
          1.0
        ]
      ]
    },
    {
      "file_path": "/media/NFS/ttao/scannet/posed_images/scene0514_01/00211.jpg",
      "transform_matrix": [
        [
          0.861974,
          0.289711,
          -0.416016,
          1.950324
        ],
        [
          0.506234,
          -0.448199,
          0.73678,
          2.741612
        ],
        [
          0.026995,
          -0.845687,
          -0.532997,
          1.415161
        ],
        [
          0.0,
          0.0,
          0.0,
          1.0
        ]
      ]
    },
    {
      "file_path": "/media/NFS/ttao/scannet/posed_images/scene0514_01/00216.jpg",
      "transform_matrix": [
        [
          0.901441,
          0.27116,
          -0.337456,
          1.904554
        ],
        [
          0.430478,
          -0.479098,
          0.764953,
          2.744266
        ],
        [
          0.04575,
          -0.834827,
          -0.548607,
          1.412651
        ],
        [
          0.0,
          0.0,
          0.0,
          1.0
        ]
      ]
    },
    {
      "file_path": "/media/NFS/ttao/scannet/posed_images/scene0514_01/00221.jpg",
      "transform_matrix": [
        [
          0.932789,
          0.223095,
          -0.283079,
          1.871363
        ],
        [
          0.358671,
          -0.497225,
          0.790014,
          2.729954
        ],
        [
          0.035494,
          -0.838448,
          -0.543824,
          1.428246
        ],
        [
          0.0,
          0.0,
          0.0,
          1.0
        ]
      ]
    },
    {
      "file_path": "/media/NFS/ttao/scannet/posed_images/scene0514_01/00223.jpg",
      "transform_matrix": [
        [
          0.943903,
          0.202412,
          -0.260915,
          1.865532
        ],
        [
          0.328744,
          -0.501285,
          0.8004,
          2.726785
        ],
        [
          0.031218,
          -0.841274,
          -0.539707,
          1.433415
        ],
        [
          0.0,
          0.0,
          0.0,
          1.0
        ]
      ]
    },
    {
      "file_path": "/media/NFS/ttao/scannet/posed_images/scene0514_01/00229.jpg",
      "transform_matrix": [
        [
          0.970721,
          0.161945,
          -0.177411,
          1.844364
        ],
        [
          0.235494,
          -0.495961,
          0.835802,
          2.673329
        ],
        [
          0.047365,
          -0.85311,
          -0.519577,
          1.43197
        ],
        [
          0.0,
          0.0,
          0.0,
          1.0
        ]
      ]
    },
    {
      "file_path": "/media/NFS/ttao/scannet/posed_images/scene0514_01/00232.jpg",
      "transform_matrix": [
        [
          0.981425,
          0.14171,
          -0.12932,
          1.828586
        ],
        [
          0.184192,
          -0.507489,
          0.841741,
          2.64973
        ],
        [
          0.053654,
          -0.849925,
          -0.524165,
          1.444854
        ],
        [
          0.0,
          0.0,
          0.0,
          1.0
        ]
      ]
    },
    {
      "file_path": "/media/NFS/ttao/scannet/posed_images/scene0514_01/00233.jpg",
      "transform_matrix": [
        [
          0.983137,
          0.139928,
          -0.117741,
          1.830158
        ],
        [
          0.173329,
          -0.507717,
          0.843908,
          2.634516
        ],
        [
          0.058307,
          -0.850085,
          -0.523408,
          1.437098
        ],
        [
          0.0,
          0.0,
          0.0,
          1.0
        ]
      ]
    },
    {
      "file_path": "/media/NFS/ttao/scannet/posed_images/scene0514_01/00240.jpg",
      "transform_matrix": [
        [
          0.994682,
          0.102959,
          -0.002783,
          1.821671
        ],
        [
          0.059867,
          -0.555961,
          0.829049,
          2.589554
        ],
        [
          0.083811,
          -0.824807,
          -0.559168,
          1.4376
        ],
        [
          0.0,
          0.0,
          0.0,
          1.0
        ]
      ]
    },
    {
      "file_path": "/media/NFS/ttao/scannet/posed_images/scene0514_01/00242.jpg",
      "transform_matrix": [
        [
          0.996382,
          0.084539,
          -0.008679,
          1.839876
        ],
        [
          0.054388,
          -0.555863,
          0.829492,
          2.581367
        ],
        [
          0.0653,
          -0.826964,
          -0.558451,
          1.447671
        ],
        [
          0.0,
          0.0,
          0.0,
          1.0
        ]
      ]
    },
    {
      "file_path": "/media/NFS/ttao/scannet/posed_images/scene0514_01/00245.jpg",
      "transform_matrix": [
        [
          0.998549,
          0.053312,
          0.007586,
          1.83932
        ],
        [
          0.023419,
          -0.55679,
          0.830323,
          2.571525
        ],
        [
          0.04849,
          -0.828941,
          -0.557231,
          1.447558
        ],
        [
          0.0,
          0.0,
          0.0,
          1.0
        ]
      ]
    },
    {
      "file_path": "/media/NFS/ttao/scannet/posed_images/scene0514_01/00250.jpg",
      "transform_matrix": [
        [
          0.999545,
          0.013823,
          0.026812,
          1.812609
        ],
        [
          -0.014833,
          -0.548729,
          0.835868,
          2.585363
        ],
        [
          0.026267,
          -0.835886,
          -0.548275,
          1.450583
        ],
        [
          0.0,
          0.0,
          0.0,
          1.0
        ]
      ]
    },
    {
      "file_path": "/media/NFS/ttao/scannet/posed_images/scene0514_01/00254.jpg",
      "transform_matrix": [
        [
          0.99975,
          -0.006202,
          0.021461,
          1.795379
        ],
        [
          -0.021485,
          -0.53004,
          0.847701,
          2.618152
        ],
        [
          0.006117,
          -0.84795,
          -0.530041,
          1.458155
        ],
        [
          0.0,
          0.0,
          0.0,
          1.0
        ]
      ]
    },
    {
      "file_path": "/media/NFS/ttao/scannet/posed_images/scene0514_01/00258.jpg",
      "transform_matrix": [
        [
          0.999676,
          -0.009429,
          0.023654,
          1.778996
        ],
        [
          -0.025148,
          -0.511461,
          0.858938,
          2.660943
        ],
        [
          0.003999,
          -0.859255,
          -0.511533,
          1.451524
        ],
        [
          0.0,
          0.0,
          0.0,
          1.0
        ]
      ]
    },
    {
      "file_path": "/media/NFS/ttao/scannet/posed_images/scene0514_01/00259.jpg",
      "transform_matrix": [
        [
          0.999643,
          -0.010943,
          0.024361,
          1.770144
        ],
        [
          -0.026543,
          -0.507868,
          0.861026,
          2.674485
        ],
        [
          0.00295,
          -0.861365,
          -0.507977,
          1.44935
        ],
        [
          0.0,
          0.0,
          0.0,
          1.0
        ]
      ]
    },
    {
      "file_path": "/media/NFS/ttao/scannet/posed_images/scene0514_01/00266.jpg",
      "transform_matrix": [
        [
          0.999215,
          -0.038275,
          0.010258,
          1.760757
        ],
        [
          -0.026814,
          -0.462481,
          0.886224,
          2.799228
        ],
        [
          -0.029176,
          -0.885803,
          -0.463144,
          1.482344
        ],
        [
          0.0,
          0.0,
          0.0,
          1.0
        ]
      ]
    },
    {
      "file_path": "/media/NFS/ttao/scannet/posed_images/scene0514_01/00270.jpg",
      "transform_matrix": [
        [
          0.99911,
          -0.041621,
          0.006873,
          1.752944
        ],
        [
          -0.024232,
          -0.432876,
          0.901127,
          2.860061
        ],
        [
          -0.034531,
          -0.900492,
          -0.4335,
          1.484118
        ],
        [
          0.0,
          0.0,
          0.0,
          1.0
        ]
      ]
    },
    {
      "file_path": "/media/NFS/ttao/scannet/posed_images/scene0514_01/00274.jpg",
      "transform_matrix": [
        [
          0.999709,
          -0.023989,
          0.002653,
          1.704455
        ],
        [
          -0.013376,
          -0.459189,
          0.888238,
          2.921652
        ],
        [
          -0.02009,
          -0.888015,
          -0.459376,
          1.478728
        ],
        [
          0.0,
          0.0,
          0.0,
          1.0
        ]
      ]
    },
    {
      "file_path": "/media/NFS/ttao/scannet/posed_images/scene0514_01/00278.jpg",
      "transform_matrix": [
        [
          0.999988,
          0.003557,
          0.003173,
          1.666105
        ],
        [
          -0.001139,
          -0.467986,
          0.883735,
          2.973081
        ],
        [
          0.004628,
          -0.883729,
          -0.467976,
          1.472385
        ],
        [
          0.0,
          0.0,
          0.0,
          1.0
        ]
      ]
    },
    {
      "file_path": "/media/NFS/ttao/scannet/posed_images/scene0514_01/00279.jpg",
      "transform_matrix": [
        [
          0.999842,
          0.008189,
          0.015767,
          1.651217
        ],
        [
          -0.010114,
          -0.467294,
          0.884044,
          2.98723
        ],
        [
          0.014607,
          -0.884064,
          -0.467137,
          1.468059
        ],
        [
          0.0,
          0.0,
          0.0,
          1.0
        ]
      ]
    },
    {
      "file_path": "/media/NFS/ttao/scannet/posed_images/scene0514_01/00286.jpg",
      "transform_matrix": [
        [
          0.992489,
          -0.027354,
          0.119237,
          1.547497
        ],
        [
          -0.118019,
          -0.470688,
          0.87437,
          3.096338
        ],
        [
          0.032206,
          -0.881875,
          -0.470381,
          1.452904
        ],
        [
          0.0,
          0.0,
          0.0,
          1.0
        ]
      ]
    },
    {
      "file_path": "/media/NFS/ttao/scannet/posed_images/scene0514_01/00287.jpg",
      "transform_matrix": [
        [
          0.991371,
          -0.034374,
          0.126499,
          1.53269
        ],
        [
          -0.12774,
          -0.469958,
          0.873397,
          3.107661
        ],
        [
          0.029427,
          -0.882019,
          -0.470294,
          1.447505
        ],
        [
          0.0,
          0.0,
          0.0,
          1.0
        ]
      ]
    },
    {
      "file_path": "/media/NFS/ttao/scannet/posed_images/scene0514_01/00290.jpg",
      "transform_matrix": [
        [
          0.987784,
          -0.046845,
          0.14862,
          1.487705
        ],
        [
          -0.152414,
          -0.488981,
          0.858876,
          3.1545
        ],
        [
          0.032439,
          -0.871035,
          -0.490148,
          1.440325
        ],
        [
          0.0,
