{
  "frames": [
    {
      "file_path": "/media/NFS/ttao/scannet/posed_images/scene0112_01/00001.jpg",
      "transform_matrix": [
        [
          0.692598,
          -0.48255,
          0.536147,
          2.081034
        ],
        [
          -0.721181,
          -0.448407,
          0.528043,
          1.174263
        ],
        [
          -0.014395,
          -0.752381,
          -0.658572,
          1.422197
        ],
        [
          0.0,
          0.0,
          0.0,
          1.0
        ]
      ]
    },
    {
      "file_path": "/media/NFS/ttao/scannet/posed_images/scene0112_01/00006.jpg",
      "transform_matrix": [
        [
          0.674836,
          -0.482719,
          0.558193,
          2.071428
        ],
        [
          -0.737914,
          -0.450546,
          0.502485,
          1.187815
        ],
        [
          0.008933,
          -0.750993,
          -0.66025,
          1.426043
        ],
        [
          0.0,
          0.0,
          0.0,
          1.0
        ]
      ]
    },
    {
      "file_path": "/media/NFS/ttao/scannet/posed_images/scene0112_01/00007.jpg",
      "transform_matrix": [
        [
          0.675537,
          -0.480775,
          0.559022,
          2.075975
        ],
        [
          -0.737263,
          -0.450395,
          0.503575,
          1.184613
        ],
        [
          0.009674,
          -0.752329,
          -0.658716,
          1.425679
        ],
        [
          0.0,
          0.0,
          0.0,
          1.0
        ]
      ]
    },
    {
      "file_path": "/media/NFS/ttao/scannet/posed_images/scene0112_01/00012.jpg",
      "transform_matrix": [
        [
          0.666734,
          -0.480085,
          0.570074,
          2.074344
        ],
        [
          -0.745264,
          -0.436541,
          0.503998,
          1.17073
        ],
        [
          0.006899,
          -0.760888,
          -0.648847,
          1.421182
        ],
        [
          0.0,
          0.0,
          0.0,
          1.0
        ]
      ]
    },
    {
      "file_path": "/media/NFS/ttao/scannet/posed_images/scene0112_01/00017.jpg",
      "transform_matrix": [
        [
          0.678107,
          -0.490393,
          0.547435,
          2.076155
        ],
        [
          -0.734774,
          -0.435432,
          0.520103,
          1.167467
        ],
        [
          -0.016684,
          -0.754926,
          -0.655597,
          1.422882
        ],
        [
          0.0,
          0.0,
          0.0,
          1.0
        ]
      ]
    },
    {
      "file_path": "/media/NFS/ttao/scannet/posed_images/scene0112_01/00018.jpg",
      "transform_matrix": [
        [
          0.681224,
          -0.490042,
          0.543868,
          2.074676
        ],
        [
          -0.731867,
          -0.438138,
          0.521925,
          1.167563
        ],
        [
          -0.017476,
          -0.753587,
          -0.657116,
          1.423915
        ],
        [
          0.0,
          0.0,
          0.0,
          1.0
        ]
      ]
    },
    {
      "file_path": "/media/NFS/ttao/scannet/posed_images/scene0112_01/00025.jpg",
      "transform_matrix": [
        [
          0.725998,
          -0.453727,
          0.516778,
          2.077106
        ],
        [
          -0.686259,
          -0.429414,
          0.587071,
          1.166869
        ],
        [
          -0.044459,
          -0.780856,
          -0.623128,
          1.452786
        ],
        [
          0.0,
          0.0,
          0.0,
          1.0
        ]
      ]
    },
    {
      "file_path": "/media/NFS/ttao/scannet/posed_images/scene0112_01/00028.jpg",
      "transform_matrix": [
        [
          0.741499,
          -0.410654,
          0.530607,
          2.078587
        ],
        [
          -0.670627,
          -0.428883,
          0.605243,
          1.161569
        ],
        [
          -0.020977,
          -0.804626,
          -0.593411,
          1.478361
        ],
        [
          0.0,
          0.0,
          0.0,
          1.0
        ]
      ]
    },
    {
      "file_path": "/media/NFS/ttao/scannet/posed_images/scene0112_01/00031.jpg",
      "transform_matrix": [
        [
          0.76714,
          -0.352596,
          0.535886,
          2.078852
        ],
        [
          -0.64134,
          -0.404095,
          0.652219,
          1.148713
        ],
        [
          -0.013421,
          -0.844028,
          -0.536131,
          1.49882
        ],
        [
          0.0,
          0.0,
          0.0,
          1.0
        ]
      ]
    },
    {
      "file_path": "/media/NFS/ttao/scannet/posed_images/scene0112_01/00035.jpg",
      "transform_matrix": [
        [
          0.789203,
          -0.284479,
          0.544271,
          2.075379
        ],
        [
          -0.614115,
          -0.37231,
          0.695879,
          1.137585
        ],
        [
          0.004675,
          -0.883435,
          -0.468531,
          1.545161
        ],
        [
          0.0,
          0.0,
          0.0,
          1.0
        ]
      ]
    },
    {
      "file_path": "/media/NFS/ttao/scannet/posed_images/scene0112_01/00038.jpg",
      "transform_matrix": [
        [
          0.781509,
          -0.25401,
          0.569844,
          2.058313
        ],
        [
          -0.623706,
          -0.340504,
          0.703597,
          1.121663
        ],
        [
          0.015313,
          -0.905282,
          -0.424534,
          1.572168
        ],
        [
          0.0,
          0.0,
          0.0,
          1.0
        ]
      ]
    },
    {
      "file_path": "/media/NFS/ttao/scannet/posed_images/scene0112_01/00043.jpg",
      "transform_matrix": [
        [
          0.7388,
          -0.179707,
          0.649523,
          2.002799
        ],
        [
          -0.671212,
          -0.282599,
          0.685282,
          1.078314
        ],
        [
          0.060405,
          -0.942254,
          -0.329405,
          1.604191
        ],
        [
          0.0,
          0.0,
          0.0,
          1.0
        ]
      ]
    },
    {
      "file_path": "/media/NFS/ttao/scannet/posed_images/scene0112_01/00046.jpg",
      "transform_matrix": [
        [
          0.693668,
          -0.142326,
          0.706093,
          1.955743
        ],
        [
          -0.715674,
          -0.247047,
          0.653283,
          1.056245
        ],
        [
          0.081459,
          -0.958494,
          -0.273228,
          1.620362
        ],
        [
          0.0,
          0.0,
          0.0,
          1.0
        ]
      ]
    },
    {
      "file_path": "/media/NFS/ttao/scannet/posed_images/scene0112_01/00052.jpg",
      "transform_matrix": [
        [
          0.620571,
          -0.110454,
          0.776332,
          1.865009
        ],
        [
          -0.77741,
          -0.21619,
          0.590674,
          1.006563
        ],
        [
          0.102593,
          -0.970083,
          -0.220029,
          1.636988
        ],
        [
          0.0,
          0.0,
          0.0,
          1.0
        ]
      ]
    },
    {
      "file_path": "/media/NFS/ttao/scannet/posed_images/scene0112_01/00053.jpg",
      "transform_matrix": [
        [
          0.611663,
          -0.118158,
          0.782245,
          1.847873
        ],
        [
          -0.78497,
          -0.21368,
          0.581518,
          1.002981
        ],
        [
          0.098439,
          -0.969732,
          -0.22345,
          1.639869
        ],
        [
          0.0,
          0.0,
          0.0,
          1.0
        ]
      ]
    },
    {
      "file_path": "/media/NFS/ttao/scannet/posed_images/scene0112_01/00059.jpg",
      "transform_matrix": [
        [
          0.579921,
          -0.176182,
          0.795394,
          1.775246
        ],
        [
          -0.810437,
          -0.224196,
          0.541229,
          0.973435
        ],
        [
          0.08297,
          -0.958486,
          -0.2728,
          1.63539
        ],
        [
          0.0,
          0.0,
          0.0,
          1.0
        ]
      ]
    },
    {
      "file_path": "/media/NFS/ttao/scannet/posed_images/scene0112_01/00062.jpg",
      "transform_matrix": [
        [
          0.596498,
          -0.20649,
          0.775598,
          1.750887
        ],
        [
          -0.801557,
          -0.202858,
          0.562455,
          0.959879
        ],
        [
          0.041195,
          -0.957189,
          -0.286518,
          1.605269
        ],
        [
          0.0,
          0.0,
          0.0,
          1.0
        ]
      ]
    },
    {
      "file_path": "/media/NFS/ttao/scannet/posed_images/scene0112_01/00067.jpg",
      "transform_matrix": [
        [
          0.643078,
          -0.235646,
          0.728644,
          1.718113
        ],
        [
          -0.765607,
          -0.219211,
          0.604807,
          0.956796
        ],
        [
          0.017206,
          -0.946793,
          -0.321382,
          1.590657
        ],
        [
          0.0,
          0.0,
          0.0,
          1.0
        ]
      ]
    },
    {
      "file_path": "/media/NFS/ttao/scannet/posed_images/scene0112_01/00069.jpg",
      "transform_matrix": [
        [
          0.662171,
          -0.247115,
          0.707434,
          1.712471
        ],
        [
          -0.749336,
          -0.224663,
          0.622915,
          0.952138
        ],
        [
          0.005002,
          -0.942582,
          -0.333937,
          1.583553
        ],
        [
          0.0,
          0.0,
          0.0,
          1.0
        ]
      ]
    },
    {
      "file_path": "/media/NFS/ttao/scannet/posed_images/scene0112_01/00075.jpg",
      "transform_matrix": [
        [
          0.707602,
          -0.299855,
          0.639833,
          1.67783
        ],
        [
          -0.706315,
          -0.273906,
          0.652759,
          0.93798
        ],
        [
          -0.020479,
          -0.913817,
          -0.405609,
          1.554911
        ],
        [
          0.0,
          0.0,
          0.0,
          1.0
        ]
      ]
    },
    {
      "file_path": "/media/NFS/ttao/scannet/posed_images/scene0112_01/00078.jpg",
      "transform_matrix": [
        [
          0.723815,
          -0.318859,
          0.611899,
          1.647124
        ],
        [
          -0.689833,
          -0.315271,
          0.651717,
          0.914151
        ],
        [
          -0.014892,
          -0.893831,
          -0.448157,
          1.524741
        ],
        [
          0.0,
          0.0,
          0.0,
          1.0
        ]
      ]
    },
    {
      "file_path": "/media/NFS/ttao/scannet/posed_images/scene0112_01/00081.jpg",
      "transform_matrix": [
        [
          0.745053,
          -0.347389,
          0.569401,
          1.613522
        ],
        [
          -0.666479,
          -0.353793,
          0.656229,
          0.869544
        ],
        [
          -0.026516,
          -0.868419,
          -0.495122,
          1.505317
        ],
        [
          0.0,
          0.0,
          0.0,
          1.0
        ]
      ]
    },
    {
      "file_path": "/media/NFS/ttao/scannet/posed_images/scene0112_01/00084.jpg",
      "transform_matrix": [
        [
          0.764665,
          -0.365047,
          0.531064,
          1.585334
        ],
        [
          -0.643,
          -0.377361,
          0.666445,
          0.842386
        ],
        [
          -0.042881,
          -0.851082,
          -0.523279,
          1.491976
        ],
        [
          0.0,
          0.0,
          0.0,
          1.0
        ]
      ]
    },
    {
      "file_path": "/media/NFS/ttao/scannet/posed_images/scene0112_01/00088.jpg",
      "transform_matrix": [
        [
          0.794242,
          -0.371103,
          0.481105,
          1.552751
        ],
        [
          -0.605649,
          -0.420107,
          0.675795,
          0.813839
        ],
        [
          -0.048674,
          -0.828126,
          -0.558425,
          1.47366
        ],
        [
          0.0,
          0.0,
          0.0,
          1.0
        ]
      ]
    },
    {
      "file_path": "/media/NFS/ttao/scannet/posed_images/scene0112_01/00092.jpg",
      "transform_matrix": [
        [
          0.81523,
          -0.374064,
          0.442128,
          1.530075
        ],
        [
          -0.577704,
          -0.47157,
          0.666243,
          0.803869
        ],
        [
          -0.040723,
          -0.79856,
          -0.600536,
          1.47696
        ],
        [
          0.0,
          0.0,
          0.0,
          1.0
        ]
      ]
    },
    {
      "file_path": "/media/NFS/ttao/scannet/posed_images/scene0112_01/00097.jpg",
      "transform_matrix": [
        [
          0.831709,
          -0.367127,
          0.416506,
          1.505336
        ],
        [
          -0.555031,
          -0.530639,
          0.640596,
          0.816655
        ],
        [
          -0.014166,
          -0.763964,
          -0.645104,
          1.463742
        ],
        [
          0.0,
          0.0,
          0.0,
          1.0
        ]
      ]
    },
    {
      "file_path": "/media/NFS/ttao/scannet/posed_images/scene0112_01/00102.jpg",
      "transform_matrix": [
        [
          0.858462,
          -0.365969,
          0.359317,
          1.483887
        ],
        [
          -0.508475,
          -0.515724,
          0.689551,
          0.832101
        ],
        [
          -0.067046,
          -0.774658,
          -0.628816,
          1.470527
        ],
        [
          0.0,
          0.0,
          0.0,
          1.0
        ]
      ]
    },
    {
      "file_path": "/media/NFS/ttao/scannet/posed_images/scene0112_01/00103.jpg",
      "transform_matrix": [
        [
          0.86605,
          -0.356183,
          0.350844,
          1.477298
        ],
        [
          -0.495566,
          -0.518773,
          0.696626,
          0.834295
        ],
        [
          -0.066118,
          -0.77718,
          -0.625796,
          1.469515
        ],
        [
          0.0,
          0.0,
          0.0,
          1.0
        ]
      ]
    },
    {
      "file_path": "/media/NFS/ttao/scannet/posed_images/scene0112_01/00107.jpg",
      "transform_matrix": [
        [
          0.898612,
          -0.323393,
          0.296504,
          1.464196
        ],
        [
          -0.43159,
          -0.530005,
          0.729948,
          0.847738
        ],
        [
          -0.078911,
          -0.783908,
          -0.615842,
          1.474137
        ],
        [
          0.0,
          0.0,
          0.0,
          1.0
        ]
      ]
    },
    {
      "file_path": "/media/NFS/ttao/scannet/posed_images/scene0112_01/00113.jpg",
      "transform_matrix": [
        [
          0.939837,
          -0.249645,
          0.233201,
          1.447242
        ],
        [
          -0.332924,
          -0.516262,
          0.789072,
          0.861807
        ],
        [
          -0.076595,
          -0.819238,
          -0.568315,
          1.519015
        ],
        [
          0.0,
          0.0,
          0.0,
          1.0
        ]
      ]
    },
    {
      "file_path": "/media/NFS/ttao/scannet/posed_images/scene0112_01/00117.jpg",
      "transform_matrix": [
        [
          0.95171,
          -0.193931,
          0.237991,
          1.446311
        ],
        [
          -0.302381,
          -0.45818,
          0.835845,
          0.857917
        ],
        [
          -0.053054,
          -0.867446,
          -0.494695,
          1.554073
        ],
        [
          0.0,
          0.0,
          0.0,
          1.0
        ]
      ]
    },
    {
      "file_path": "/media/NFS/ttao/scannet/posed_images/scene0112_01/00121.jpg",
      "transform_matrix": [
        [
          0.94798,
          -0.164459,
          0.272557,
          1.460202
        ],
        [
          -0.316987,
          -0.409116,
          0.855654,
          0.851416
        ],
        [
          -0.029213,
          -0.897539,
          -0.439966,
          1.615328
        ],
        [
          0.0,
          0.0,
          0.0,
          1.0
        ]
      ]
    },
    {
      "file_path": "/media/NFS/ttao/scannet/posed_images/scene0112_01/00125.jpg",
      "transform_matrix": [
        [
          0.937271,
          -0.143216,
          0.317825,
          1.470329
        ],
        [
          -0.348482,
          -0.360899,
          0.865051,
          0.829752
        ],
        [
          -0.009186,
          -0.921543,
          -0.388168,
          1.641558
        ],
        [
          0.0,
          0.0,
          0.0,
          1.0
        ]
      ]
    },
    {
      "file_path": "/media/NFS/ttao/scannet/posed_images/scene0112_01/00127.jpg",
      "transform_matrix": [
        [
          0.931676,
          -0.133856,
          0.337732,
          1.474552
        ],
        [
          -0.363284,
          -0.337753,
          0.868302,
          0.818082
        ],
        [
          -0.002158,
          -0.931668,
          -0.363304,
          1.654471
        ],
        [
          0.0,
          0.0,
          0.0,
          1.0
        ]
      ]
    },
    {
      "file_path": "/media/NFS/ttao/scannet/posed_images/scene0112_01/00132.jpg",
      "transform_matrix": [
        [
          0.928845,
          -0.085112,
          0.360558,
          1.481734
        ],
        [
          -0.370203,
          -0.250043,
          0.894667,
          0.789366
        ],
        [
          0.014008,
          -0.964487,
          -0.26376,
          1.676869
        ],
        [
          0.0,
          0.0,
          0.0,
          1.0
        ]
      ]
    },
    {
      "file_path": "/media/NFS/ttao/scannet/posed_images/scene0112_01/00135.jpg",
      "transform_matrix": [
        [
          0.923059,
          -0.052135,
          0.381108,
          1.492268
        ],
        [
          -0.383878,
          -0.187887,
          0.904066,
          0.773687
        ],
        [
          0.024472,
          -0.980806,
          -0.193444,
          1.712531
        ],
        [
          0.0,
          0.0,
          0.0,
          1.0
        ]
      ]
    },
    {
      "file_path": "/media/NFS/ttao/scannet/posed_images/scene0112_01/00137.jpg",
      "transform_matrix": [
        [
          0.92158,
          -0.038674,
          0.386257,
          1.499119
        ],
        [
          -0.38691,
          -0.172196,
          0.905896,
          0.769225
        ],
        [
          0.031478,
          -0.984303,
          -0.173656,
          1.736698
        ],
        [
          0.0,
          0.0,
          0.0,
          1.0
        ]
      ]
    },
    {
      "file_path": "/media/NFS/ttao/scannet/posed_images/scene0112_01/00144.jpg",
      "transform_matrix": [
        [
          0.899381,
          0.035196,
          0.435747,
          1.532522
        ],
        [
          -0.426599,
          -0.147167,
          0.892387,
          0.761066
        ],
        [
          0.095536,
          -0.988485,
          -0.117344,
          1.731309
        ],
        [
          0.0,
          0.0,
          0.0,
          1.0
        ]
      ]
    },
    {
      "file_path": "/media/NFS/ttao/scannet/posed_images/scene0112_01/00148.jpg",
      "transform_matrix": [
        [
          0.885179,
          0.038143,
          0.463684,
          1.54631
        ],
        [
          -0.454701,
          -0.140108,
          0.879555,
          0.750852
        ],
        [
          0.098515,
          -0.989401,
          -0.106677,
          1.749176
        ],
        [
          0.0,
          0.0,
          0.0,
          1.0
        ]
      ]
    },
    {
      "file_path": "/media/NFS/ttao/scannet/posed_images/scene0112_01/00151.jpg",
      "transform_matrix": [
        [
          0.867546,
          0.039924,
          0.495753,
          1.550769
        ],
        [
          -0.487085,
          -0.133345,
          0.863115,
          0.744211
        ],
        [
          0.100566,
          -0.990265,
          -0.096237,
          1.739213
        ],
        [
          0.0,
          0.0,
          0.0,
          1.0
        ]
      ]
    },
    {
      "file_path": "/media/NFS/ttao/scannet/posed_images/scene0112_01/00153.jpg",
      "transform_matrix": [
        [
          0.843949,
          0.035784,
          0.535228,
          1.534422
        ],
        [
          -0.525973,
          -0.140783,
          0.838768,
          0.745972
        ],
        [
          0.105366,
          -0.989394,
          -0.099992,
          1.73389
        ],
        [
          0.0,
          0.0,
          0.0,
          1.0
        ]
      ]
    },
    {
      "file_path": "/media/NFS/ttao/scannet/posed_images/scene0112_01/00157.jpg",
      "transform_matrix": [
        [
          0.763008,
          -0.018479,
          0.646124,
          1.526448
        ],
        [
          -0.632426,
          -0.227983,
          0.740311,
          0.719531
        ],
        [
          0.133626,
          -0.97349,
          -0.18564,
          1.766989
        ],
        [
          0.0,
          0.0,
          0.0,
          1.0
        ]
      ]
    },
    {
      "file_path": "/media/NFS/ttao/scannet/posed_images/scene0112_01/00163.jpg",
      "transform_matrix": [
        [
          -Infinity,
          -Infinity,
          -Infinity,
          -Infinity
        ],
        [
          -Infinity,
          -Infinity,
          -Infinity,
          -Infinity
        ],
        [
          -Infinity,
          -Infinity,
          -Infinity,
          -Infinity
        ],
        [
          -Infinity,
          -Infinity,
          -Infinity,
          -Infinity
        ]
      ]
    },
    {
      "file_path": "/media/NFS/ttao/scannet/posed_images/scene0112_01/00166.jpg",
      "transform_matrix": [
        [
          -Infinity,
          -Infinity,
          -Infinity,
          -Infinity
        ],
        [
          -Infinity,
          -Infinity,
          -Infinity,
          -Infinity
        ],
        [
          -Infinity,
          -Infinity,
          -Infinity,
          -Infinity
        ],
        [
          -Infinity,
          -Infinity,
          -Infinity,
          -Infinity
        ]
      ]
    },
    {
      "file_path": "/media/NFS/ttao/scannet/posed_images/scene0112_01/00171.jpg",
      "transform_matrix": [
        [
          0.461542,
          -0.387261,
          0.798128,
          1.520345
        ],
        [
          -0.882449,
          -0.292606,
          0.368328,
          0.703716
        ],
        [
          0.090898,
          -0.874306,
          -0.476788,
          1.628635
        ],
        [
          0.0,
          0.0,
          0.0,
          1.0
        ]
      ]
    },
    {
      "file_path": "/media/NFS/ttao/scannet/posed_images/scene0112_01/00172.jpg",
      "transform_matrix": [
        [
          0.460693,
          -0.376111,
          0.80393,
          1.520701
        ],
        [
          -0.883031,
          -0.285612,
          0.372401,
          0.702852
        ],
        [
          0.089548,
          -0.881457,
          -0.463697,
          1.6358
        ],
        [
          0.0,
          0.0,
          0.0,
          1.0
        ]
      ]
    },
    {
      "file_path": "/media/NFS/ttao/scannet/posed_images/scene0112_01/00177.jpg",
      "transform_matrix": [
        [
          0.466294,
          -0.330833,
          0.820439,
          1.520995
        ],
        [
          -0.881491,
          -0.251831,
          0.399444,
          0.701731
        ],
        [
          0.074462,
          -0.909467,
          -0.409053,
          1.649256
        ],
        [
          0.0,
          0.0,
          0.0,
          1.0
        ]
      ]
    },
    {
      "file_path": "/media/NFS/ttao/scannet/posed_images/scene0112_01/00181.jpg",
      "transform_matrix": [
        [
          0.445119,
          -0.289252,
          0.847468,
          1.512455
        ],
        [
          -0.89221,
          -0.223955,
          0.39218,
          0.70293
        ],
        [
          0.076356,
          -0.930687,
          -0.35776,
          1.655643
        ],
        [
          0.0,
          0.0,
          0.0,
          1.0
        ]
      ]
    },
    {
      "file_path": "/media/NFS/ttao/scannet/posed_images/scene0112_01/00186.jpg",
      "transform_matrix": [
        [
          0.442766,
          -0.232856,
          0.865873,
          1.503964
        ],
        [
          -0.895233,
          -0.168829,
          0.412377,
          0.696858
        ],
        [
          0.050159,
          -0.957745,
          -0.283212,
          1.656838
        ],
        [
          0.0,
          0.0,
          0.0,
          1.0
        ]
      ]
    },
    {
      "file_path": "/media/NFS/ttao/scannet/posed_images/scene0112_01/00190.jpg",
      "transform_matrix": [
        [
          0.446447,
          -0.180767,
          0.876361,
          1.489959
        ],
        [
          -0.894288,
          -0.123572,
          0.430091,
          0.696261
        ],
        [
          0.030548,
          -0.975732,
          -0.216826,
          1.626103
        ],
        [
          0.0,
          0.0,
          0.0,
          1.0
        ]
      ]
    },
    {
      "file_path": "/media/NFS/ttao/scannet/posed_images/scene0112_01/00194.jpg",
      "transform_matrix": [
        [
          0.444275,
          -0.139952,
          0.884892,
          1.486688
        ],
        [
          -0.894937,
          -0.114898,
          0.431146,
          0.697519
        ],
        [
          0.041332,
          -0.983469,
          -0.176294,
          1.641461
        ],
        [
          0.0,
          0.0,
          0.0,
          1.0
        ]
      ]
    },
    {
      "file_path": "/media/NFS/ttao/scannet/posed_images/scene0112_01/00195.jpg",
      "transform_matrix": [
        [
          0.443769,
          -0.129553,
          0.886727,
          1.486526
        ],
        [
          -0.895021,
          -0.113529,
          0.431333,
          0.697615
        ],
        [
          0.044789,
          -0.985052,
          -0.166334,
          1.653149
        ],
        [
          0.0,
          0.0,
          0.0,
          1.0
        ]
      ]
    },
    {
      "file_path": "/media/NFS/ttao/scannet/posed_images/scene0112_01/00200.jpg",
      "transform_matrix": [
        [
          0.441466,
          -0.027856,
          0.896846,
          1.467075
        ],
        [
          -0.895594,
          -0.074892,
          0.438523,
          0.696903
        ],
        [
          0.054951,
          -0.996803,
          -0.05801,
          1.593793
        ],
        [
          0.0,
          0.0,
          0.0,
          1.0
        ]
      ]
    },
    {
      "file_path": "/media/NFS/ttao/scannet/posed_images/scene0112_01/00203.jpg",
      "transform_matrix": [
        [
          0.447394,
          -0.000601,
          0.894337,
          1.4639
        ],
        [
          -0.89221,
          -0.069219,
          0.446284,
          0.698759
        ],
        [
          0.061637,
          -0.997601,
          -0.031504,
          1.629458
        ],
        [
          0.0,
          0.0,
          0.0,
          1.0
        ]
      ]
    },
    {
      "file_path": "/media/NFS/ttao/scannet/posed_images/scene0112_01/00207.jpg",
      "transform_matrix": [
        [
          0.480824,
          0.046571,
          0.875579,
          1.457442
        ],
        [
          -0.874584,
          -0.045752,
          0.482711,
          0.69899
        ],
        [
          0.06254,
          -0.997867,
          0.018731,
          1.651604
        ],
        [
          0.0,
          0.0,
          0.0,
          1.0
        ]
      ]
    },
    {
      "file_path": "/media/NFS/ttao/scannet/posed_images/scene0112_01/00212.jpg",
      "transform_matrix": [
        [
          0.568172,
          0.089588,
          0.818018,
          1.460982
        ],
        [
          -0.820529,
          -0.013888,
          0.571437,
          0.685418
        ],
        [
          0.062555,
          -0.995882,
          0.065619,
          1.680218
        ],
        [
          0.0,
          0.0,
          0.0,
          1.0
        ]
      ]
    },
    {
      "file_path": "/media/NFS/ttao/scannet/posed_images/scene0112_01/00217.jpg",
      "transform_matrix": [
        [
          0.650189,
          0.138402,
          0.74706,
          1.46815
        ],
        [
          -0.755633,
          0.015297,
          0.654816,
          0.679442
        ],
        [
          0.0792,
          -0.990258,
          0.114527,
          1.685461
        ],
        [
          0.0,
          0.0,
          0.0,
          1.0
        ]
      ]
    },
    {
      "file_path": "/media/NFS/ttao/scannet/posed_images/scene0112_01/00222.jpg",
      "transform_matrix": [
        [
          0.72404,
          0.163553,
          0.670087,
          1.479275
        ],
        [
          -0.683741,
          0.042144,
          0.728507,
          0.68389
        ],
        [
          0.090909,
          -0.985634,
          0.142342,
          1.695727
        ],
        [
          0.0,
          0.0,
          0.0,
          1.0
        ]
      ]
    },
    {
      "file_path": "/media/NFS/ttao/scannet/posed_images/scene0112_01/00223.jpg",
      "transform_matrix": [
        [
          0.736052,
          0.164225,
          0.656702,
          1.477725
        ],
        [
          -0.670488,
          0.043406,
          0.740649,
          0.68359
        ],
        [
          0.093128,
          -0.985467,
          0.142061,
          1.698594
        ],
        [
          0.0,
          0.0,
          0.0,
          1.0
        ]
      ]
    },
    {
      "file_path": "/media/NFS/ttao/scannet/posed_images/scene0112_01/00227.jpg",
      "transform_matrix": [
        [
          0.767478,
          0.162668,
          0.620094,
          1.460271
        ],
        [
          -0.632895,
          0.038227,
          0.773293,
          0.698442
        ],
        [
          0.102086,
          -0.98594,
          0.13229,
          1.696894
        ],
        [
          0.0,
          0.0,
          0.0,
          1.0
        ]
      ]
    },
    {
      "file_path": "/media/NFS/ttao/scannet/posed_images/scene0112_01/00233.jpg",
      "transform_matrix": [
        [
          0.80865,
          0.143149,
          0.570608,
          1.458965
        ],
        [
          -0.578445,
          0.016773,
          0.815549,
          0.719351
        ],
        [
          0.107174,
          -0.989559,
          0.096368,
          1.694395
        ],
        [
          0.0,
          0.0,
          0.0,
          1.0
        ]
      ]
    },
    {
      "file_path": "/media/NFS/ttao/scannet/posed_images/scene0112_01/00237.jpg",
      "transform_matrix": [
        [
          0.829514,
          0.11684,
          0.546128,
          1.457404
        ],
        [
          -0.548489,
          -0.013765,
          0.836045,
          0.729243
        ],
        [
          0.105201,
          -0.993055,
          0.052668,
          1.69112
        ],
        [
          0.0,
          0.0,
          0.0,
          1.0
        ]
      ]
    },
    {
      "file_path": "/media/NFS/ttao/scannet/posed_images/scene0112_01/00240.jpg",
      "transform_matrix": [
        [
          0.848127,
          0.074896,
          0.524472,
          1.460579
        ],
        [
          -0.521746,
          -0.053809,
          0.851402,
          0.735587
        ],
        [
          0.091988,
          -0.995738,
          -0.00656,
          1.696299
        ],
        [
          0.0,
          0.0,
          0.0,
          1.0
        ]
      ]
    },
    {
      "file_path": "/media/NFS/ttao/scannet/posed_images/scene0112_01/00245.jpg",
      "transform_matrix": [
        [
          0.870047,
          0.010523,
          0.492856,
          1.467808
        ],
        [
          -0.487003,
          -0.13671,
          0.862634,
          0.75857
        ],
        [
          0.076456,
          -0.990555,
          -0.11382,
          1.671959
        ],
        [
          0.0,
          0.0,
          0.0,
          1.0
        ]
      ]
    },
    {
      "file_path": "/media/NFS/ttao/scannet/posed_images/scene0112_01/00248.jpg",
      "transform_matrix": [
        [
          0.8746,
          -0.028057,
          0.484032,
          1.473934
        ],
        [
          -0.480039,
          -0.190324,
          0.856352,
          0.771423
        ],
        [
          0.068096,
          -0.98132,
          -0.179926,
          1.650869
        ],
        [
          0.0,
          0.0,
          0.0,
          1.0
        ]
      ]
    },
    {
      "file_path": "/media/NFS/ttao/scannet/posed_images/scene0112_01/00250.jpg",
      "transform_matrix": [
        [
          0.879461,
          -0.087807,
          0.467802,
          1.486796
        ],
        [
          -0.474664,
          -0.234595,
          0.848327,
          0.779459
        ],
        [
          0.035255,
          -0.968119,
          -0.247996,
          1.646907
        ],
        [
          0.0,
          0.0,
          0.0,
          1.0
        ]
      ]
    },
    {
      "file_path": "/media/NFS/ttao/scannet/posed_images/scene0112_01/00253.jpg",
      "transform_matrix": [
        [
          0.880167,
          -0.117305,
          0.459941,
          1.490241
        ],
        [
          -0.473546,
          -0.283486,
          0.8339,
          0.788725
        ],
        [
          0.032567,
          -0.951775,
          -0.305064,
          1.628678
        ],
        [
          0.0,
          0.0,
          0.0,
          1.0
        ]
      ]
    },
    {
      "file_path": "/media/NFS/ttao/scannet/posed_images/scene0112_01/00257.jpg",
      "transform_matrix": [
        [
          0.880428,
          -0.165934,
          0.444198,
          1.497642
        ],
        [
          -0.473754,
          -0.347506,
          0.809195,
          0.79975
        ],
        [
          0.020089,
          -0.922879,
          -0.384566,
          1.600636
        ],
        [
          0.0,
          0.0,
          0.0,
          1.0
        ]
      ]
    },
    {
      "file_path": "/media/NFS/ttao/scannet/posed_images/scene0112_01/00262.jpg",
      "transform_matrix": [
        [
          0.874505,
          -0.24602,
          0.41799,
          1.507868
        ],
        [
          -0.484807,
          -0.418039,
          0.768248,
          0.801233
        ],
        [
          -0.014268,
          -0.874481,
          -0.48485,
          1.547656
        ],
        [
          0.0,
          0.0,
          0.0,
          1.0
        ]
      ]
    },
    {
      "file_path": "/media/NFS/ttao/scannet/posed_images/scene0112_01/00268.jpg",
      "transform_matrix": [
        [
          0.850548,
          -0.33088,
          0.408762,
          1.512899
        ],
        [
          -0.524406,
          -0.47514,
          0.706569,
          0.818853
        ],
        [
          -0.03957,
          -0.815328,
          -0.577645,
          1.503335
        ],
        [
          0.0,
          0.0,
          0.0,
          1.0
        ]
      ]
    },
    {
      "file_path": "/media/NFS/ttao/scannet/posed_images/scene0112_01/00269.jpg",
      "transform_matrix": [
        [
          0.844191,
          -0.344252,
          0.410891,
          1.5144
        ],
        [
          -0.534549,
          -0.483457,
          0.693201,
          0.822015
        ],
        [
          -0.039987,
          -0.804835,
          -0.592149,
          1.497299
        ],
        [
          0.0,
          0.0,
          0.0,
          1.0
        ]
      ]
    },
    {
      "file_path": "/media/NFS/ttao/scannet/posed_images/scene0112_01/00273.jpg",
      "transform_matrix": [
        [
          0.788459,
          -0.400905,
          0.466485,
          1.51306
        ],
        [
          -0.61441,
          -0.477755,
          0.627894,
          0.835684
        ],
        [
          -0.02886,
          -0.781681,
          -0.62301,
          1.455328
        ],
        [
          0.0,
          0.0,
          0.0,
          1.0
        ]
      ]
    },
    {
      "file_path": "/media/NFS/ttao/scannet/posed_images/scene0112_01/00276.jpg",
      "transform_matrix": [
        [
          0.731632,
          -0.442359,
          0.518684,
          1.512819
        ],
        [
          -0.681661,
          -0.466611,
          0.563571,
          0.866421
        ],
        [
          -0.007277,
          -0.765893,
          -0.642926,
          1.452315
        ],
        [
          0.0,
          0.0,
          0.0,
          1.0
        ]
      ]
    },
    {
      "file_path": "/media/NFS/ttao/scannet/posed_images/scene0112_01/00283.jpg",
      "transform_matrix": [
        [
          0.561187,
          -0.518606,
          0.645071,
          1.468619
        ],
        [
          -0.82762,
          -0.341561,
          0.445399,
          0.975461
        ],
        [
          -0.010655,
          -0.783826,
          -0.620889,
          1.447778
        ],
        [
          0.0,
          0.0,
          0.0,
          1.0
        ]
      ]
    },
    {
      "file_path": "/media/NFS/ttao/scannet/posed_images/scene0112_01/00285.jpg",
      "transform_matrix": [
        [
          0.513658,
          -0.546914,
          0.66109,
          1.460296
        ],
        [
          -0.856771,
          -0.285819,
          0.429244,
          0.997413
        ],
        [
          -0.045808,
          -0.786888,
          -0.615394,
          1.442007
        ],
        [
          0.0,
          0.0,
          0.0,
          1.0
        ]
      ]
    },
    {
      "file_path": "/media/NFS/ttao/scannet/posed_images/scene0112_01/00287.jpg",
      "transform_matrix": [
        [
          0.458314,
          -0.591934,
          0.662995,
          1.445936
        ],
        [
          -0.884646,
          -0.231858,
          0.404529,
          1.028027
        ],
        [
          -0.085734,
          -0.771917,
          -0.629916,
          1.437146
        ],
        [
          0.0,
          0.0,
          0.0,
          1.0
        ]
      ]
    },
    {
      "file_path": "/media/NFS/ttao/scannet/posed_images/scene0112_01/00292.jpg",
      "transform_matrix": [
        [
          0.382232,
          -0.662347,
          0.644357,
          1.422085
        ],
        [
          -0.919671,
          -0.204735,
          0.335096,
          1.093869
        ],
        [
          -0.090028,
          -0.720681,
          -0.687397,
          1.438032
        ],
        [
          0.0,
          0.0,
          0.0,
          1.0
        ]
      ]
    },
    {
      "file_path": "/media/NFS/ttao/scannet/posed_images/scene0112_01/00298.jpg",
      "transform_matrix": [
        [
          0.352685,
          -0.677916,
          0.645014,
          1.385826
        ],
        [
          -0.932401,
          -0.196396,
          0.303409,
          1.133838
        ],
        [
          -0.079008,
