{
  "frames": [
    {
      "file_path": "/media/NFS/ttao/scannet/posed_images/scene0482_01/00000.jpg",
      "transform_matrix": [
        [
          -0.339745,
          0.297262,
          -0.892305,
          2.138306
        ],
        [
          0.939746,
          0.145719,
          -0.309263,
          1.960891
        ],
        [
          0.038094,
          -0.943611,
          -0.328858,
          1.450572
        ],
        [
          0.0,
          0.0,
          0.0,
          1.0
        ]
      ]
    },
    {
      "file_path": "/media/NFS/ttao/scannet/posed_images/scene0482_01/00003.jpg",
      "transform_matrix": [
        [
          -0.342427,
          0.311185,
          -0.886514,
          2.147512
        ],
        [
          0.938481,
          0.158173,
          -0.306978,
          1.980054
        ],
        [
          0.044696,
          -0.937094,
          -0.346204,
          1.450728
        ],
        [
          0.0,
          0.0,
          0.0,
          1.0
        ]
      ]
    },
    {
      "file_path": "/media/NFS/ttao/scannet/posed_images/scene0482_01/00004.jpg",
      "transform_matrix": [
        [
          -0.341014,
          0.311986,
          -0.886778,
          2.150493
        ],
        [
          0.939081,
          0.15606,
          -0.306222,
          1.981628
        ],
        [
          0.042854,
          -0.937182,
          -0.346199,
          1.451123
        ],
        [
          0.0,
          0.0,
          0.0,
          1.0
        ]
      ]
    },
    {
      "file_path": "/media/NFS/ttao/scannet/posed_images/scene0482_01/00007.jpg",
      "transform_matrix": [
        [
          -0.348385,
          0.315195,
          -0.882769,
          2.158368
        ],
        [
          0.936779,
          0.149999,
          -0.316142,
          1.987759
        ],
        [
          0.032768,
          -0.937098,
          -0.347525,
          1.452671
        ],
        [
          0.0,
          0.0,
          0.0,
          1.0
        ]
      ]
    },
    {
      "file_path": "/media/NFS/ttao/scannet/posed_images/scene0482_01/00009.jpg",
      "transform_matrix": [
        [
          -0.355574,
          0.311253,
          -0.881299,
          2.162946
        ],
        [
          0.934176,
          0.148324,
          -0.324524,
          1.989719
        ],
        [
          0.029709,
          -0.938681,
          -0.343505,
          1.45524
        ],
        [
          0.0,
          0.0,
          0.0,
          1.0
        ]
      ]
    },
    {
      "file_path": "/media/NFS/ttao/scannet/posed_images/scene0482_01/00011.jpg",
      "transform_matrix": [
        [
          -0.363989,
          0.31493,
          -0.876545,
          2.164031
        ],
        [
          0.931043,
          0.14918,
          -0.333022,
          1.992556
        ],
        [
          0.025884,
          -0.937318,
          -0.347513,
          1.459633
        ],
        [
          0.0,
          0.0,
          0.0,
          1.0
        ]
      ]
    },
    {
      "file_path": "/media/NFS/ttao/scannet/posed_images/scene0482_01/00012.jpg",
      "transform_matrix": [
        [
          -0.366169,
          0.313536,
          -0.876136,
          2.166014
        ],
        [
          0.930162,
          0.150471,
          -0.3349,
          1.991215
        ],
        [
          0.02683,
          -0.937578,
          -0.346737,
          1.458214
        ],
        [
          0.0,
          0.0,
          0.0,
          1.0
        ]
      ]
    },
    {
      "file_path": "/media/NFS/ttao/scannet/posed_images/scene0482_01/00014.jpg",
      "transform_matrix": [
        [
          -0.369325,
          0.311829,
          -0.875421,
          2.167556
        ],
        [
          0.928805,
          0.154607,
          -0.336776,
          1.987752
        ],
        [
          0.030329,
          -0.937475,
          -0.346729,
          1.463191
        ],
        [
          0.0,
          0.0,
          0.0,
          1.0
        ]
      ]
    },
    {
      "file_path": "/media/NFS/ttao/scannet/posed_images/scene0482_01/00018.jpg",
      "transform_matrix": [
        [
          -0.356088,
          0.333277,
          -0.872999,
          2.168503
        ],
        [
          0.93395,
          0.15757,
          -0.320795,
          1.983938
        ],
        [
          0.030645,
          -0.929569,
          -0.367373,
          1.459965
        ],
        [
          0.0,
          0.0,
          0.0,
          1.0
        ]
      ]
    },
    {
      "file_path": "/media/NFS/ttao/scannet/posed_images/scene0482_01/00020.jpg",
      "transform_matrix": [
        [
          -0.350422,
          0.337102,
          -0.873823,
          2.169275
        ],
        [
          0.936386,
          0.145679,
          -0.319311,
          1.98209
        ],
        [
          0.019657,
          -0.930129,
          -0.366706,
          1.459846
        ],
        [
          0.0,
          0.0,
          0.0,
          1.0
        ]
      ]
    },
    {
      "file_path": "/media/NFS/ttao/scannet/posed_images/scene0482_01/00021.jpg",
      "transform_matrix": [
        [
          -0.350303,
          0.339153,
          -0.873077,
          2.167508
        ],
        [
          0.936502,
          0.142652,
          -0.320337,
          1.98515
        ],
        [
          0.015903,
          -0.929852,
          -0.367589,
          1.4604
        ],
        [
          0.0,
          0.0,
          0.0,
          1.0
        ]
      ]
    },
    {
      "file_path": "/media/NFS/ttao/scannet/posed_images/scene0482_01/00023.jpg",
      "transform_matrix": [
        [
          -0.343452,
          0.343684,
          -0.874026,
          2.168121
        ],
        [
          0.939037,
          0.14133,
          -0.313425,
          1.985257
        ],
        [
          0.015807,
          -0.92839,
          -0.371272,
          1.457787
        ],
        [
          0.0,
          0.0,
          0.0,
          1.0
        ]
      ]
    },
    {
      "file_path": "/media/NFS/ttao/scannet/posed_images/scene0482_01/00026.jpg",
      "transform_matrix": [
        [
          -0.331289,
          0.359772,
          -0.872245,
          2.164553
        ],
        [
          0.943483,
          0.1355,
          -0.302456,
          1.98867
        ],
        [
          0.009374,
          -0.923149,
          -0.384329,
          1.456681
        ],
        [
          0.0,
          0.0,
          0.0,
          1.0
        ]
      ]
    },
    {
      "file_path": "/media/NFS/ttao/scannet/posed_images/scene0482_01/00027.jpg",
      "transform_matrix": [
        [
          -0.327934,
          0.361909,
          -0.872629,
          2.163914
        ],
        [
          0.944697,
          0.128329,
          -0.301794,
          1.988821
        ],
        [
          0.002762,
          -0.923338,
          -0.383978,
          1.455232
        ],
        [
          0.0,
          0.0,
          0.0,
          1.0
        ]
      ]
    },
    {
      "file_path": "/media/NFS/ttao/scannet/posed_images/scene0482_01/00030.jpg",
      "transform_matrix": [
        [
          -0.325873,
          0.356703,
          -0.87554,
          2.161835
        ],
        [
          0.945227,
          0.104525,
          -0.309226,
          1.988544
        ],
        [
          -0.018786,
          -0.928352,
          -0.371227,
          1.45737
        ],
        [
          0.0,
          0.0,
          0.0,
          1.0
        ]
      ]
    },
    {
      "file_path": "/media/NFS/ttao/scannet/posed_images/scene0482_01/00032.jpg",
      "transform_matrix": [
        [
          -0.324743,
          0.355326,
          -0.876519,
          2.159293
        ],
        [
          0.945638,
          0.104699,
          -0.307908,
          1.989501
        ],
        [
          -0.017637,
          -0.92886,
          -0.37001,
          1.460336
        ],
        [
          0.0,
          0.0,
          0.0,
          1.0
        ]
      ]
    },
    {
      "file_path": "/media/NFS/ttao/scannet/posed_images/scene0482_01/00035.jpg",
      "transform_matrix": [
        [
          -0.310638,
          0.356185,
          -0.881269,
          2.156151
        ],
        [
          0.950521,
          0.112882,
          -0.289425,
          1.990002
        ],
        [
          -0.003609,
          -0.927572,
          -0.373627,
          1.458749
        ],
        [
          0.0,
          0.0,
          0.0,
          1.0
        ]
      ]
    },
    {
      "file_path": "/media/NFS/ttao/scannet/posed_images/scene0482_01/00037.jpg",
      "transform_matrix": [
        [
          -0.295305,
          0.358353,
          -0.885651,
          2.155524
        ],
        [
          0.955402,
          0.109179,
          -0.274386,
          1.988646
        ],
        [
          -0.001632,
          -0.92718,
          -0.374612,
          1.456787
        ],
        [
          0.0,
          0.0,
          0.0,
          1.0
        ]
      ]
    },
    {
      "file_path": "/media/NFS/ttao/scannet/posed_images/scene0482_01/00038.jpg",
      "transform_matrix": [
        [
          -0.287804,
          0.360299,
          -0.887329,
          2.15414
        ],
        [
          0.957685,
          0.105526,
          -0.267775,
          1.98918
        ],
        [
          -0.002842,
          -0.926849,
          -0.375424,
          1.458207
        ],
        [
          0.0,
          0.0,
          0.0,
          1.0
        ]
      ]
    },
    {
      "file_path": "/media/NFS/ttao/scannet/posed_images/scene0482_01/00041.jpg",
      "transform_matrix": [
        [
          -0.273412,
          0.356532,
          -0.893382,
          2.153263
        ],
        [
          0.961886,
          0.096974,
          -0.255677,
          1.992264
        ],
        [
          -0.004522,
          -0.929237,
          -0.369457,
          1.455405
        ],
        [
          0.0,
          0.0,
          0.0,
          1.0
        ]
      ]
    },
    {
      "file_path": "/media/NFS/ttao/scannet/posed_images/scene0482_01/00042.jpg",
      "transform_matrix": [
        [
          -0.268598,
          0.356628,
          -0.894803,
          2.151217
        ],
        [
          0.963239,
          0.094417,
          -0.25151,
          1.995162
        ],
        [
          -0.005211,
          -0.929463,
          -0.368878,
          1.456271
        ],
        [
          0.0,
          0.0,
          0.0,
          1.0
        ]
      ]
    },
    {
      "file_path": "/media/NFS/ttao/scannet/posed_images/scene0482_01/00045.jpg",
      "transform_matrix": [
        [
          -0.265255,
          0.352998,
          -0.897236,
          2.149048
        ],
        [
          0.96416,
          0.091335,
          -0.249107,
          1.997943
        ],
        [
          -0.005985,
          -0.931156,
          -0.364573,
          1.457912
        ],
        [
          0.0,
          0.0,
          0.0,
          1.0
        ]
      ]
    },
    {
      "file_path": "/media/NFS/ttao/scannet/posed_images/scene0482_01/00046.jpg",
      "transform_matrix": [
        [
          -0.26584,
          0.352957,
          -0.897079,
          2.14832
        ],
        [
          0.964002,
          0.092148,
          -0.249417,
          1.999362
        ],
        [
          -0.005369,
          -0.931091,
          -0.364748,
          1.458872
        ],
        [
          0.0,
          0.0,
          0.0,
          1.0
        ]
      ]
    },
    {
      "file_path": "/media/NFS/ttao/scannet/posed_images/scene0482_01/00049.jpg",
      "transform_matrix": [
        [
          -0.267236,
          0.354927,
          -0.895886,
          2.147439
        ],
        [
          0.963628,
          0.10093,
          -0.247457,
          2.00033
        ],
        [
          0.002593,
          -0.92943,
          -0.368989,
          1.455406
        ],
        [
          0.0,
          0.0,
          0.0,
          1.0
        ]
      ]
    },
    {
      "file_path": "/media/NFS/ttao/scannet/posed_images/scene0482_01/00050.jpg",
      "transform_matrix": [
        [
          -0.269129,
          0.354221,
          -0.895598,
          2.145545
        ],
        [
          0.96309,
          0.104064,
          -0.248252,
          2.000775
        ],
        [
          0.005264,
          -0.929354,
          -0.369154,
          1.453993
        ],
        [
          0.0,
          0.0,
          0.0,
          1.0
        ]
      ]
    },
    {
      "file_path": "/media/NFS/ttao/scannet/posed_images/scene0482_01/00053.jpg",
      "transform_matrix": [
        [
          -0.275181,
          0.352611,
          -0.894394,
          2.145065
        ],
        [
          0.961388,
          0.103883,
          -0.254838,
          2.001884
        ],
        [
          0.003054,
          -0.929986,
          -0.367582,
          1.451611
        ],
        [
          0.0,
          0.0,
          0.0,
          1.0
        ]
      ]
    },
    {
      "file_path": "/media/NFS/ttao/scannet/posed_images/scene0482_01/00056.jpg",
      "transform_matrix": [
        [
          -0.289561,
          0.346702,
          -0.892162,
          2.143727
        ],
        [
          0.95716,
          0.104512,
          -0.270042,
          2.001472
        ],
        [
          -0.000383,
          -0.932135,
          -0.362112,
          1.456322
        ],
        [
          0.0,
          0.0,
          0.0,
          1.0
        ]
      ]
    },
    {
      "file_path": "/media/NFS/ttao/scannet/posed_images/scene0482_01/00057.jpg",
      "transform_matrix": [
        [
          -0.295107,
          0.346065,
          -0.89059,
          2.144389
        ],
        [
          0.955464,
          0.107195,
          -0.27495,
          2.001595
        ],
        [
          0.000316,
          -0.932067,
          -0.362287,
          1.456067
        ],
        [
          0.0,
          0.0,
          0.0,
          1.0
        ]
      ]
    },
    {
      "file_path": "/media/NFS/ttao/scannet/posed_images/scene0482_01/00059.jpg",
      "transform_matrix": [
        [
          -0.32034,
          0.346254,
          -0.881754,
          2.145696
        ],
        [
          0.947228,
          0.128745,
          -0.29357,
          2.00094
        ],
        [
          0.011872,
          -0.929265,
          -0.369224,
          1.451163
        ],
        [
          0.0,
          0.0,
          0.0,
          1.0
        ]
      ]
    },
    {
      "file_path": "/media/NFS/ttao/scannet/posed_images/scene0482_01/00062.jpg",
      "transform_matrix": [
        [
          -0.355544,
          0.341426,
          -0.870067,
          2.145428
        ],
        [
          0.934499,
          0.147103,
          -0.324148,
          1.998278
        ],
        [
          0.017318,
          -0.928326,
          -0.371364,
          1.45614
        ],
        [
          0.0,
          0.0,
          0.0,
          1.0
        ]
      ]
    },
    {
      "file_path": "/media/NFS/ttao/scannet/posed_images/scene0482_01/00063.jpg",
      "transform_matrix": [
        [
          -0.367924,
          0.337396,
          -0.866485,
          2.146586
        ],
        [
          0.929643,
          0.153407,
          -0.335007,
          1.997748
        ],
        [
          0.019895,
          -0.928779,
          -0.3701,
          1.455009
        ],
        [
          0.0,
          0.0,
          0.0,
          1.0
        ]
      ]
    },
    {
      "file_path": "/media/NFS/ttao/scannet/posed_images/scene0482_01/00065.jpg",
      "transform_matrix": [
        [
          -0.390108,
          0.333686,
          -0.858178,
          2.147843
        ],
        [
          0.920462,
          0.16539,
          -0.354113,
          1.995449
        ],
        [
          0.023771,
          -0.928062,
          -0.371666,
          1.454181
        ],
        [
          0.0,
          0.0,
          0.0,
          1.0
        ]
      ]
    },
    {
      "file_path": "/media/NFS/ttao/scannet/posed_images/scene0482_01/00069.jpg",
      "transform_matrix": [
        [
          -0.449187,
          0.327068,
          -0.831419,
          2.146253
        ],
        [
          0.893081,
          0.190658,
          -0.407499,
          1.997718
        ],
        [
          0.025237,
          -0.925568,
          -0.37774,
          1.451865
        ],
        [
          0.0,
          0.0,
          0.0,
          1.0
        ]
      ]
    },
    {
      "file_path": "/media/NFS/ttao/scannet/posed_images/scene0482_01/00071.jpg",
      "transform_matrix": [
        [
          -0.478402,
          0.329369,
          -0.814032,
          2.138797
        ],
        [
          0.87783,
          0.204039,
          -0.433339,
          2.006374
        ],
        [
          0.023366,
          -0.921892,
          -0.386742,
          1.454219
        ],
        [
          0.0,
          0.0,
          0.0,
          1.0
        ]
      ]
    },
    {
      "file_path": "/media/NFS/ttao/scannet/posed_images/scene0482_01/00072.jpg",
      "transform_matrix": [
        [
          -0.491165,
          0.327989,
          -0.806957,
          2.136555
        ],
        [
          0.8707,
          0.21176,
          -0.443892,
          2.006795
        ],
        [
          0.025289,
          -0.920641,
          -0.389589,
          1.453902
        ],
        [
          0.0,
          0.0,
          0.0,
          1.0
        ]
      ]
    },
    {
      "file_path": "/media/NFS/ttao/scannet/posed_images/scene0482_01/00074.jpg",
      "transform_matrix": [
        [
          -0.516843,
          0.325449,
          -0.791806,
          2.13717
        ],
        [
          0.85545,
          0.231837,
          -0.463096,
          2.00785
        ],
        [
          0.032856,
          -0.916698,
          -0.398228,
          1.451187
        ],
        [
          0.0,
          0.0,
          0.0,
          1.0
        ]
      ]
    },
    {
      "file_path": "/media/NFS/ttao/scannet/posed_images/scene0482_01/00077.jpg",
      "transform_matrix": [
        [
          -0.553084,
          0.322592,
          -0.768136,
          2.137034
        ],
        [
          0.83211,
          0.259416,
          -0.490201,
          2.009933
        ],
        [
          0.041133,
          -0.910295,
          -0.411911,
          1.441551
        ],
        [
          0.0,
          0.0,
          0.0,
          1.0
        ]
      ]
    },
    {
      "file_path": "/media/NFS/ttao/scannet/posed_images/scene0482_01/00078.jpg",
      "transform_matrix": [
        [
          -0.565936,
          0.319606,
          -0.759979,
          2.136039
        ],
        [
          0.823291,
          0.267927,
          -0.500407,
          2.012564
        ],
        [
          0.043686,
          -0.908882,
          -0.414759,
          1.43872
        ],
        [
          0.0,
          0.0,
          0.0,
          1.0
        ]
      ]
    },
    {
      "file_path": "/media/NFS/ttao/scannet/posed_images/scene0482_01/00080.jpg",
      "transform_matrix": [
        [
          -0.587773,
          0.320024,
          -0.743039,
          2.13397
        ],
        [
          0.807899,
          0.280633,
          -0.518212,
          2.013396
        ],
        [
          0.042681,
          -0.904892,
          -0.423496,
          1.432357
        ],
        [
          0.0,
          0.0,
          0.0,
          1.0
        ]
      ]
    },
    {
      "file_path": "/media/NFS/ttao/scannet/posed_images/scene0482_01/00083.jpg",
      "transform_matrix": [
        [
          -0.62269,
          0.323772,
          -0.71234,
          2.132458
        ],
        [
          0.781694,
          0.297912,
          -0.547908,
          2.014843
        ],
        [
          0.034818,
          -0.898009,
          -0.438598,
          1.422537
        ],
        [
          0.0,
          0.0,
          0.0,
          1.0
        ]
      ]
    },
    {
      "file_path": "/media/NFS/ttao/scannet/posed_images/scene0482_01/00086.jpg",
      "transform_matrix": [
        [
          -0.652613,
          0.323098,
          -0.68535,
          2.126694
        ],
        [
          0.757233,
          0.309588,
          -0.575112,
          2.017458
        ],
        [
          0.026359,
          -0.894295,
          -0.446701,
          1.415405
        ],
        [
          0.0,
          0.0,
          0.0,
          1.0
        ]
      ]
    },
    {
      "file_path": "/media/NFS/ttao/scannet/posed_images/scene0482_01/00088.jpg",
      "transform_matrix": [
        [
          -0.663465,
          0.324737,
          -0.674062,
          2.122482
        ],
        [
          0.747741,
          0.319593,
          -0.582017,
          2.01272
        ],
        [
          0.026424,
          -0.890172,
          -0.454858,
          1.411497
        ],
        [
          0.0,
          0.0,
          0.0,
          1.0
        ]
      ]
    },
    {
      "file_path": "/media/NFS/ttao/scannet/posed_images/scene0482_01/00089.jpg",
      "transform_matrix": [
        [
          -0.66892,
          0.324235,
          -0.668893,
          2.117761
        ],
        [
          0.742875,
          0.323236,
          -0.586221,
          2.010296
        ],
        [
          0.026137,
          -0.889039,
          -0.457085,
          1.412549
        ],
        [
          0.0,
          0.0,
          0.0,
          1.0
        ]
      ]
    },
    {
      "file_path": "/media/NFS/ttao/scannet/posed_images/scene0482_01/00091.jpg",
      "transform_matrix": [
        [
          -0.673034,
          0.319705,
          -0.666943,
          2.112508
        ],
        [
          0.73908,
          0.324901,
          -0.590085,
          1.998097
        ],
        [
          0.028038,
          -0.890072,
          -0.454957,
          1.411421
        ],
        [
          0.0,
          0.0,
          0.0,
          1.0
        ]
      ]
    },
    {
      "file_path": "/media/NFS/ttao/scannet/posed_images/scene0482_01/00093.jpg",
      "transform_matrix": [
        [
          -0.680268,
          0.312857,
          -0.662839,
          2.102501
        ],
        [
          0.732472,
          0.323263,
          -0.599154,
          1.989199
        ],
        [
          0.026822,
          -0.893097,
          -0.449065,
          1.409368
        ],
        [
          0.0,
          0.0,
          0.0,
          1.0
        ]
      ]
    },
    {
      "file_path": "/media/NFS/ttao/scannet/posed_images/scene0482_01/00095.jpg",
      "transform_matrix": [
        [
          -0.688468,
          0.304413,
          -0.658289,
          2.090869
        ],
        [
          0.724627,
          0.326836,
          -0.606707,
          1.97424
        ],
        [
          0.030463,
          -0.894713,
          -0.445602,
          1.408851
        ],
        [
          0.0,
          0.0,
          0.0,
          1.0
        ]
      ]
    },
    {
      "file_path": "/media/NFS/ttao/scannet/posed_images/scene0482_01/00097.jpg",
      "transform_matrix": [
        [
          -0.698979,
          0.289291,
          -0.654018,
          2.077985
        ],
        [
          0.714074,
          0.332304,
          -0.616175,
          1.957737
        ],
        [
          0.039079,
          -0.897711,
          -0.438849,
          1.405594
        ],
        [
          0.0,
          0.0,
          0.0,
          1.0
        ]
      ]
    },
    {
      "file_path": "/media/NFS/ttao/scannet/posed_images/scene0482_01/00100.jpg",
      "transform_matrix": [
        [
          -0.710109,
          0.270369,
          -0.650112,
          2.057112
        ],
        [
          0.702351,
          0.336893,
          -0.627061,
          1.924187
        ],
        [
          0.04948,
          -0.901889,
          -0.429125,
          1.407127
        ],
        [
          0.0,
          0.0,
          0.0,
          1.0
        ]
      ]
    },
    {
      "file_path": "/media/NFS/ttao/scannet/posed_images/scene0482_01/00101.jpg",
      "transform_matrix": [
        [
          -0.717955,
          0.263596,
          -0.64425,
          2.048134
        ],
        [
          0.694166,
          0.339884,
          -0.634518,
          1.912095
        ],
        [
          0.051714,
          -0.902772,
          -0.427,
          1.41025
        ],
        [
          0.0,
          0.0,
          0.0,
          1.0
        ]
      ]
    },
    {
      "file_path": "/media/NFS/ttao/scannet/posed_images/scene0482_01/00105.jpg",
      "transform_matrix": [
        [
          -0.754151,
          0.22079,
          -0.618472,
          2.016509
        ],
        [
          0.653062,
          0.351159,
          -0.670968,
          1.87072
        ],
        [
          0.069038,
          -0.909912,
          -0.409017,
          1.413698
        ],
        [
          0.0,
          0.0,
          0.0,
          1.0
        ]
      ]
    },
    {
      "file_path": "/media/NFS/ttao/scannet/posed_images/scene0482_01/00107.jpg",
      "transform_matrix": [
        [
          -0.76585,
          0.211253,
          -0.607327,
          2.002119
        ],
        [
          0.638492,
          0.361712,
          -0.679332,
          1.850992
        ],
        [
          0.076167,
          -0.90804,
          -0.4119,
          1.414049
        ],
        [
          0.0,
          0.0,
          0.0,
          1.0
        ]
      ]
    },
    {
      "file_path": "/media/NFS/ttao/scannet/posed_images/scene0482_01/00108.jpg",
      "transform_matrix": [
        [
          -0.771913,
          0.208812,
          -0.600456,
          1.994484
        ],
        [
          0.63085,
          0.368374,
          -0.682883,
          1.84098
        ],
        [
          0.078598,
          -0.905924,
          -0.416081,
          1.414679
        ],
        [
          0.0,
          0.0,
          0.0,
          1.0
        ]
      ]
    },
    {
      "file_path": "/media/NFS/ttao/scannet/posed_images/scene0482_01/00110.jpg",
      "transform_matrix": [
        [
          -0.782834,
          0.207271,
          -0.586693,
          1.979165
        ],
        [
          0.617401,
          0.375993,
          -0.690974,
          1.817513
        ],
        [
          0.077374,
          -0.903143,
          -0.42231,
          1.41981
        ],
        [
          0.0,
          0.0,
          0.0,
          1.0
        ]
      ]
    },
    {
      "file_path": "/media/NFS/ttao/scannet/posed_images/scene0482_01/00113.jpg",
      "transform_matrix": [
        [
          -0.807581,
          0.184179,
          -0.560259,
          1.958356
        ],
        [
          0.585521,
          0.36404,
          -0.72432,
          1.797249
        ],
        [
          0.070552,
          -0.912991,
          -0.401832,
          1.425604
        ],
        [
          0.0,
          0.0,
          0.0,
          1.0
        ]
      ]
    },
    {
      "file_path": "/media/NFS/ttao/scannet/posed_images/scene0482_01/00114.jpg",
      "transform_matrix": [
        [
          -0.813332,
          0.178142,
          -0.553856,
          1.951007
        ],
        [
          0.577243,
          0.366007,
          -0.729952,
          1.792031
        ],
        [
          0.07268,
          -0.913402,
          -0.400517,
          1.428418
        ],
        [
          0.0,
          0.0,
          0.0,
          1.0
        ]
      ]
    },
    {
      "file_path": "/media/NFS/ttao/scannet/posed_images/scene0482_01/00117.jpg",
      "transform_matrix": [
        [
          -0.826103,
          0.165253,
          -0.538744,
          1.928503
        ],
        [
          0.556672,
          0.387891,
          -0.734613,
          1.77838
        ],
        [
          0.087577,
          -0.90677,
          -0.41243,
          1.432402
        ],
        [
          0.0,
          0.0,
          0.0,
          1.0
        ]
      ]
    },
    {
      "file_path": "/media/NFS/ttao/scannet/posed_images/scene0482_01/00118.jpg",
      "transform_matrix": [
        [
          -0.829292,
          0.159555,
          -0.535554,
          1.920889
        ],
        [
          0.551304,
          0.390208,
          -0.737429,
          1.775384
        ],
        [
          0.091317,
          -0.906796,
          -0.41156,
          1.433852
        ],
        [
          0.0,
          0.0,
          0.0,
          1.0
        ]
      ]
    },
    {
      "file_path": "/media/NFS/ttao/scannet/posed_images/scene0482_01/00121.jpg",
      "transform_matrix": [
        [
          -0.832134,
          0.152922,
          -0.533073,
          1.893365
        ],
        [
          0.547567,
          0.378881,
          -0.74607,
          1.768355
        ],
        [
          0.08788,
          -0.912723,
          -0.399015,
          1.444751
        ],
        [
          0.0,
          0.0,
          0.0,
          1.0
        ]
      ]
    },
    {
      "file_path": "/media/NFS/ttao/scannet/posed_images/scene0482_01/00124.jpg",
      "transform_matrix": [
        [
          -0.839398,
          0.1326,
          -0.527094,
          1.865846
        ],
        [
          0.536642,
          0.355953,
          -0.765058,
          1.767011
        ],
        [
          0.086174,
          -0.925049,
          -0.369945,
          1.453114
        ],
        [
          0.0,
          0.0,
          0.0,
          1.0
        ]
      ]
    },
    {
      "file_path": "/media/NFS/ttao/scannet/posed_images/scene0482_01/00125.jpg",
      "transform_matrix": [
        [
          -0.84495,
          0.127431,
          -0.519443,
          1.857699
        ],
        [
          0.527994,
          0.35369,
          -0.772092,
          1.768497
        ],
        [
          0.085333,
          -0.926642,
          -0.366134,
          1.453436
        ],
        [
          0.0,
          0.0,
          0.0,
          1.0
        ]
      ]
    },
    {
      "file_path": "/media/NFS/ttao/scannet/posed_images/scene0482_01/00127.jpg",
      "transform_matrix": [
        [
          -0.860072,
          0.120096,
          -0.495835,
          1.838009
        ],
        [
          0.504159,
          0.348863,
          -0.790012,
          1.770774
        ],
        [
          0.078102,
          -0.929447,
          -0.360594,
          1.457179
        ],
        [
          0.0,
          0.0,
          0.0,
          1.0
        ]
      ]
    },
    {
      "file_path": "/media/NFS/ttao/scannet/posed_images/scene0482_01/00130.jpg",
      "transform_matrix": [
        [
          -0.878741,
          0.11103,
          -0.464205,
          1.804625
        ],
        [
          0.473376,
          0.327184,
          -0.817842,
          1.77898
        ],
        [
          0.061075,
          -0.938415,
          -0.340069,
          1.465128
        ],
        [
          0.0,
          0.0,
          0.0,
          1.0
        ]
      ]
    },
    {
      "file_path": "/media/NFS/ttao/scannet/posed_images/scene0482_01/00131.jpg",
      "transform_matrix": [
        [
          -0.885003,
          0.103329,
          -0.453974,
          1.794683
        ],
        [
          0.46121,
          0.32793,
          -0.824468,
          1.780153
        ],
        [
          0.06368,
          -0.939034,
          -0.337875,
          1.46851
        ],
        [
          0.0,
          0.0,
          0.0,
          1.0
        ]
      ]
    },
    {
      "file_path": "/media/NFS/ttao/scannet/posed_images/scene0482_01/00133.jpg",
      "transform_matrix": [
        [
          -0.897722,
          0.084266,
          -0.432428,
          1.772678
        ],
        [
          0.4347,
          0.329002,
          -0.838328,
          1.782274
        ],
        [
          0.071627,
          -0.940562,
          -0.331983,
          1.475795
        ],
        [
          0.0,
          0.0,
          0.0,
          1.0
        ]
      ]
    },
    {
      "file_path": "/media/NFS/ttao/scannet/posed_images/scene0482_01/00137.jpg",
      "transform_matrix": [
        [
          -0.916437,
          0.047002,
          -0.397408,
          1.728874
        ],
        [
          0.391212,
          0.314272,
          -0.864978,
          1.791321
        ],
        [
          0.084239,
          -0.948169,
          -0.306399,
          1.487077
        ],
        [
          0.0,
          0.0,
          0.0,
          1.0
        ]
      ]
    },
    {
      "file_path": "/media/NFS/ttao/scannet/posed_images/scene0482_01/00138.jpg",
      "transform_matrix": [
        [
          -0.917786,
          0.043208,
          -0.394718,
          1.719236
        ],
        [
          0.38711,
          0.318678,
          -0.865211,
          1.791764
        ],
        [
          0.088404,
          -0.946878,
          -0.309204,
          1.489969
        ],
        [
          0.0,
          0.0,
          0.0,
          1.0
        ]
      ]
    },
    {
      "file_path": "/media/NFS/ttao/scannet/posed_images/scene0482_01/00140.jpg",
      "transform_matrix": [
        [
          -0.92183,
          0.036067,
          -0.385912,
          1.701224
        ],
        [
          0.376554,
          0.319276,
          -0.869638,
          1.795126
        ],
        [
          0.091847,
          -0.946975,
          -0.307899,
          1.495847
        ],
        [
          0.0,
          0.0,
          0.0,
          1.0
        ]
      ]
    },
    {
      "file_path": "/media/NFS/ttao/scannet/posed_images/scene0482_01/00143.jpg",
      "transform_matrix": [
        [
          -0.933132,
          0.02735,
          -0.358493,
          1.674655
        ],
        [
          0.351314,
          0.281358,
          -0.892981,
          1.79792
        ],
        [
          0.076442,
          -0.959213,
          -0.272153,
          1.509029
        ],
        [
          0.0,
          0.0,
          0.0,
          1.0
        ]
      ]
    },
    {
      "file_path": "/media/NFS/ttao/scannet/posed_images/scene0482_01/00145.jpg",
      "transform_matrix": [
        [
          -0.942996,
          0.032195,
          -0.331243,
          1.659993
        ],
        [
          0.32755,
          0.265946,
          -0.906633,
          1.79808
        ],
        [
          0.058903,
          -0.96345,
          -0.261331,
          1.514295
        ],
        [
          0.0,
          0.0,
          0.0,
          1.0
        ]
      ]
    },
    {
      "file_path": "/media/NFS/ttao/scannet/posed_images/scene0482_01/00147.jpg",
      "transform_matrix": [
        [
          -0.951985,
          0.046948,
          -0.302524,
          1.640683
        ],
        [
          0.304256,
          0.254707,
          -0.917907,
          1.792465
        ],
        [
          0.033961,
          -0.965878,
          -0.256762,
          1.520722
        ],
        [
          0.0,
          0.0,
          0.0,
          1.0
        ]
      ]
    },
    {
      "file_path": "/media/NFS/ttao/scannet/posed_images/scene0482_01/00149.jpg",
      "transform_matrix": [
        [
          -0.9602,
          0.058875,
          -0.273036,
          1.620834
        ],
        [
          0.27907,
          0.242877,
          -0.929048,
          1.787814
        ],
        [
          0.011616,
          -0.968269,
          -0.249641,
          1.520483
        ],
        [
          0.0,
          0.0,
          0.0,
          1.0
        ]
      ]
    },
    {
      "file_path": "/media/NFS/ttao/scannet/posed_images/scene0482_01/00150.jpg",
      "transform_matrix": [
        [
          -0.964874,
          0.06172,
          -0.255359,
          1.606314
        ],
        [
          0.262704,
          0.234152,
          -0.936034,
          1.78788
        ],
        [
          0.00202,
          -0.970239,
          -0.242142,
          1.517377
        ],
        [
          0.0,
          0.0,
          0.0,
          1.0
        ]
      ]
    },
    {
      "file_path": "/media/NFS/ttao/scannet/posed_images/scene0482_01/00154.jpg",
      "transform_matrix": [
        [
          -0.979943,
          0.036981,
          -0.195817,
          1.563534
        ],
        [
          0.199277,
          0.186272,
          -0.962077,
          1.766618
        ],
        [
          0.000896,
          -0.981802,
          -0.189906,
          1.527602
        ],
        [
          0.0,
          0.0,
          0.0,
          1.0
        ]
      ]
    },
    {
      "file_path": "/media/NFS/ttao/scannet/posed_images/scene0482_01/00156.jpg",
      "transform_matrix": [
        [
          -0.984352,
          0.019386,
          -0.175141,
          1.546355
        ],
        [
          0.175915,
          0.165698,
          -0.97036,
          1.755324
        ],
        [
          0.010209,
          -0.985986,
          -0.166515,
          1.534563
        ],
        [
          0.0,
          0.0,
          0.0,
          1.0
        ]
      ]
    },
    {
      "file_path": "/media/NFS/ttao/scannet/posed_images/scene0482_01/00158.jpg",
      "transform_matrix": [
        [
          -0.986833,
          0.001361,
          -0.161736,
          1.53247
        ],
        [
          0.160011,
          0.154107,
          -0.975011,
          1.741996
        ],
        [
          0.023598,
          -0.988053,
          -0.152296,
          1.539596
        ],
        [
          0.0,
          0.0,
          0.0,
          1.0
        ]
      ]
    },
    {
      "file_path": "/media/NFS/ttao/scannet/posed_images/scene0482_01/00159.jpg",
      "transform_matrix": [
        [
          -0.987313,
          -0.006217,
          -0.158663,
          1.523382
        ],
        [
          0.15569,
          0.158406,
          -0.975022,
          1.7349
        ],
        [
          0.031195,
          -0.987354,
          -0.155429,
          1.544693
        ],
        [
          0.0,
          0.0,
          0.0,
          1.0
        ]
      ]
    },
    {
      "file_path": "/media/NFS/ttao/scannet/posed_images/scene0482_01/00162.jpg",
      "transform_matrix": [
        [
          -0.986424,
          -0.010324,
          -0.163895,
          1.490385
        ],
        [
          0.159744,
          0.171118,
          -0.972214,
          1.716839
        ],
        [
          0.038083,
          -0.985196,
          -0.167146,
          1.54427
        ],
        [
          0.0,
          0.0,
          0.0,
          1.0
        ]
      ]
    },
    {
      "file_path": "/media/NFS/ttao/scannet/posed_images/scene0482_01/00163.jpg",
      "transform_matrix": [
        [
          -0.985935,
          -0.009369,
          -0.166863,
          1.48321
        ],
        [
          0.162769,
          0.172675,
          -0.971437,
          1.710802
        ],
        [
          0.037914,
          -0.984934,
          -0.168722,
          1.543891
        ],
        [
