{
  "frames": [
    {
      "file_path": "/media/NFS/ttao/scannet/posed_images/scene0261_01/00000.jpg",
      "transform_matrix": [
        [
          -0.687174,
          0.301423,
          -0.661011,
          2.830703
        ],
        [
          0.726063,
          0.316237,
          -0.610596,
          2.326702
        ],
        [
          0.024989,
          -0.899521,
          -0.436162,
          1.354671
        ],
        [
          0.0,
          0.0,
          0.0,
          1.0
        ]
      ]
    },
    {
      "file_path": "/media/NFS/ttao/scannet/posed_images/scene0261_01/00022.jpg",
      "transform_matrix": [
        [
          -0.777481,
          0.303308,
          -0.550934,
          2.858236
        ],
        [
          0.627769,
          0.426954,
          -0.650858,
          2.368187
        ],
        [
          0.037813,
          -0.851889,
          -0.522356,
          1.275187
        ],
        [
          0.0,
          0.0,
          0.0,
          1.0
        ]
      ]
    },
    {
      "file_path": "/media/NFS/ttao/scannet/posed_images/scene0261_01/00026.jpg",
      "transform_matrix": [
        [
          -0.776268,
          0.309404,
          -0.549252,
          2.849385
        ],
        [
          0.6295,
          0.427073,
          -0.649106,
          2.37718
        ],
        [
          0.033735,
          -0.849634,
          -0.526293,
          1.282527
        ],
        [
          0.0,
          0.0,
          0.0,
          1.0
        ]
      ]
    },
    {
      "file_path": "/media/NFS/ttao/scannet/posed_images/scene0261_01/00048.jpg",
      "transform_matrix": [
        [
          -0.642394,
          0.221856,
          -0.73356,
          2.890201
        ],
        [
          0.764553,
          0.251471,
          -0.593482,
          2.402117
        ],
        [
          0.052801,
          -0.942095,
          -0.331164,
          1.403301
        ],
        [
          0.0,
          0.0,
          0.0,
          1.0
        ]
      ]
    },
    {
      "file_path": "/media/NFS/ttao/scannet/posed_images/scene0261_01/00056.jpg",
      "transform_matrix": [
        [
          -0.606129,
          0.212742,
          -0.766387,
          2.916436
        ],
        [
          0.793911,
          0.220105,
          -0.566797,
          2.403349
        ],
        [
          0.048104,
          -0.951995,
          -0.30231,
          1.422176
        ],
        [
          0.0,
          0.0,
          0.0,
          1.0
        ]
      ]
    },
    {
      "file_path": "/media/NFS/ttao/scannet/posed_images/scene0261_01/00070.jpg",
      "transform_matrix": [
        [
          -0.518853,
          0.182932,
          -0.835061,
          2.926116
        ],
        [
          0.854768,
          0.125609,
          -0.503581,
          2.418643
        ],
        [
          0.01277,
          -0.975068,
          -0.221537,
          1.456836
        ],
        [
          0.0,
          0.0,
          0.0,
          1.0
        ]
      ]
    },
    {
      "file_path": "/media/NFS/ttao/scannet/posed_images/scene0261_01/00096.jpg",
      "transform_matrix": [
        [
          -0.497003,
          0.008423,
          -0.867708,
          2.91831
        ],
        [
          0.867003,
          0.04627,
          -0.49615,
          2.466909
        ],
        [
          0.035969,
          -0.998893,
          -0.030299,
          1.567223
        ],
        [
          0.0,
          0.0,
          0.0,
          1.0
        ]
      ]
    },
    {
      "file_path": "/media/NFS/ttao/scannet/posed_images/scene0261_01/00100.jpg",
      "transform_matrix": [
        [
          -0.496038,
          -0.014814,
          -0.868175,
          2.91789
        ],
        [
          0.867762,
          0.026784,
          -0.496258,
          2.474373
        ],
        [
          0.030604,
          -0.999532,
          -0.000431,
          1.578256
        ],
        [
          0.0,
          0.0,
          0.0,
          1.0
        ]
      ]
    },
    {
      "file_path": "/media/NFS/ttao/scannet/posed_images/scene0261_01/00113.jpg",
      "transform_matrix": [
        [
          -0.440542,
          -0.088493,
          -0.89336,
          2.925436
        ],
        [
          0.897421,
          -0.017215,
          -0.440839,
          2.493777
        ],
        [
          0.023632,
          -0.995928,
          0.086999,
          1.652824
        ],
        [
          0.0,
          0.0,
          0.0,
          1.0
        ]
      ]
    },
    {
      "file_path": "/media/NFS/ttao/scannet/posed_images/scene0261_01/00135.jpg",
      "transform_matrix": [
        [
          -0.271946,
          -0.020839,
          -0.962087,
          2.888659
        ],
        [
          0.962193,
          -0.021629,
          -0.271508,
          2.538522
        ],
        [
          -0.015151,
          -0.999549,
          0.025933,
          1.592234
        ],
        [
          0.0,
          0.0,
          0.0,
          1.0
        ]
      ]
    },
    {
      "file_path": "/media/NFS/ttao/scannet/posed_images/scene0261_01/00148.jpg",
      "transform_matrix": [
        [
          -0.160747,
          0.031088,
          -0.986506,
          2.868774
        ],
        [
          0.986685,
          -0.020017,
          -0.161406,
          2.578451
        ],
        [
          -0.024764,
          -0.999316,
          -0.027457,
          1.574341
        ],
        [
          0.0,
          0.0,
          0.0,
          1.0
        ]
      ]
    },
    {
      "file_path": "/media/NFS/ttao/scannet/posed_images/scene0261_01/00165.jpg",
      "transform_matrix": [
        [
          -0.075617,
          0.156945,
          -0.984708,
          2.837981
        ],
        [
          0.99659,
          0.044588,
          -0.069423,
          2.49173
        ],
        [
          0.03301,
          -0.9866,
          -0.159782,
          1.46893
        ],
        [
          0.0,
          0.0,
          0.0,
          1.0
        ]
      ]
    },
    {
      "file_path": "/media/NFS/ttao/scannet/posed_images/scene0261_01/00182.jpg",
      "transform_matrix": [
        [
          0.123388,
          0.163679,
          -0.978767,
          2.75637
        ],
        [
          0.992345,
          -0.015114,
          0.122572,
          2.296546
        ],
        [
          0.00527,
          -0.986398,
          -0.164291,
          1.426519
        ],
        [
          0.0,
          0.0,
          0.0,
          1.0
        ]
      ]
    },
    {
      "file_path": "/media/NFS/ttao/scannet/posed_images/scene0261_01/00195.jpg",
      "transform_matrix": [
        [
          0.35166,
          0.206728,
          -0.913017,
          2.741739
        ],
        [
          0.936007,
          -0.093306,
          0.339388,
          2.093727
        ],
        [
          -0.015029,
          -0.973939,
          -0.22631,
          1.399302
        ],
        [
          0.0,
          0.0,
          0.0,
          1.0
        ]
      ]
    },
    {
      "file_path": "/media/NFS/ttao/scannet/posed_images/scene0261_01/00209.jpg",
      "transform_matrix": [
        [
          0.451451,
          0.290795,
          -0.843582,
          2.784242
        ],
        [
          0.891895,
          -0.175413,
          0.416838,
          1.891617
        ],
        [
          -0.026761,
          -0.940568,
          -0.338549,
          1.373516
        ],
        [
          0.0,
          0.0,
          0.0,
          1.0
        ]
      ]
    },
    {
      "file_path": "/media/NFS/ttao/scannet/posed_images/scene0261_01/00213.jpg",
      "transform_matrix": [
        [
          0.455007,
          0.289878,
          -0.841986,
          2.799441
        ],
        [
          0.890219,
          -0.171318,
          0.422091,
          1.876691
        ],
        [
          -0.021892,
          -0.941606,
          -0.336005,
          1.375394
        ],
        [
          0.0,
          0.0,
          0.0,
          1.0
        ]
      ]
    },
    {
      "file_path": "/media/NFS/ttao/scannet/posed_images/scene0261_01/00239.jpg",
      "transform_matrix": [
        [
          0.47647,
          0.490775,
          -0.729463,
          2.93267
        ],
        [
          0.879173,
          -0.27124,
          0.39177,
          1.98808
        ],
        [
          -0.005589,
          -0.827991,
          -0.560713,
          1.26827
        ],
        [
          0.0,
          0.0,
          0.0,
          1.0
        ]
      ]
    },
    {
      "file_path": "/media/NFS/ttao/scannet/posed_images/scene0261_01/00252.jpg",
      "transform_matrix": [
        [
          0.523021,
          0.398316,
          -0.753521,
          2.96639
        ],
        [
          0.852235,
          -0.23192,
          0.468944,
          2.051018
        ],
        [
          0.012031,
          -0.887445,
          -0.460758,
          1.320478
        ],
        [
          0.0,
          0.0,
          0.0,
          1.0
        ]
      ]
    },
    {
      "file_path": "/media/NFS/ttao/scannet/posed_images/scene0261_01/00256.jpg",
      "transform_matrix": [
        [
          0.539766,
          0.361476,
          -0.760255,
          2.963641
        ],
        [
          0.841706,
          -0.217235,
          0.494307,
          2.058408
        ],
        [
          0.013526,
          -0.906722,
          -0.421513,
          1.339436
        ],
        [
          0.0,
          0.0,
          0.0,
          1.0
        ]
      ]
    },
    {
      "file_path": "/media/NFS/ttao/scannet/posed_images/scene0261_01/00278.jpg",
      "transform_matrix": [
        [
          0.648153,
          0.151164,
          -0.746356,
          2.886471
        ],
        [
          0.760767,
          -0.085257,
          0.643401,
          1.956783
        ],
        [
          0.033627,
          -0.984825,
          -0.17026,
          1.453821
        ],
        [
          0.0,
          0.0,
          0.0,
          1.0
        ]
      ]
    },
    {
      "file_path": "/media/NFS/ttao/scannet/posed_images/scene0261_01/00295.jpg",
      "transform_matrix": [
        [
          0.762854,
          0.075503,
          -0.642148,
          2.838162
        ],
        [
          0.644351,
          -0.006547,
          0.764702,
          1.804359
        ],
        [
          0.053533,
          -0.997124,
          -0.053644,
          1.529855
        ],
        [
          0.0,
          0.0,
          0.0,
          1.0
        ]
      ]
    },
    {
      "file_path": "/media/NFS/ttao/scannet/posed_images/scene0261_01/00300.jpg",
      "transform_matrix": [
        [
          0.772218,
          0.067249,
          -0.631789,
          2.856001
        ],
        [
          0.632759,
          0.008444,
          0.774303,
          1.78175
        ],
        [
          0.057406,
          -0.997701,
          -0.036031,
          1.52739
        ],
        [
          0.0,
          0.0,
          0.0,
          1.0
        ]
      ]
    },
    {
      "file_path": "/media/NFS/ttao/scannet/posed_images/scene0261_01/00321.jpg",
      "transform_matrix": [
        [
          0.824628,
          0.13047,
          -0.550423,
          2.930216
        ],
        [
          0.56486,
          -0.242129,
          0.788864,
          1.707836
        ],
        [
          -0.03035,
          -0.961432,
          -0.273363,
          1.429897
        ],
        [
          0.0,
          0.0,
          0.0,
          1.0
        ]
      ]
    },
    {
      "file_path": "/media/NFS/ttao/scannet/posed_images/scene0261_01/00334.jpg",
      "transform_matrix": [
        [
          0.878955,
          0.192305,
          -0.436414,
          2.861492
        ],
        [
          0.476846,
          -0.339895,
          0.810611,
          1.592699
        ],
        [
          0.007549,
          -0.920592,
          -0.390452,
          1.35056
        ],
        [
          0.0,
          0.0,
          0.0,
          1.0
        ]
      ]
    },
    {
      "file_path": "/media/NFS/ttao/scannet/posed_images/scene0261_01/00348.jpg",
      "transform_matrix": [
        [
          0.898375,
          0.192809,
          -0.394647,
          2.784935
        ],
        [
          0.439025,
          -0.42152,
          0.79346,
          1.477382
        ],
        [
          -0.013365,
          -0.886085,
          -0.463331,
          1.30806
        ],
        [
          0.0,
          0.0,
          0.0,
          1.0
        ]
      ]
    },
    {
      "file_path": "/media/NFS/ttao/scannet/posed_images/scene0261_01/00369.jpg",
      "transform_matrix": [
        [
          0.943697,
          0.163851,
          -0.287381,
          2.845962
        ],
        [
          0.330798,
          -0.460084,
          0.823951,
          1.345932
        ],
        [
          0.002785,
          -0.872626,
          -0.488382,
          1.292832
        ],
        [
          0.0,
          0.0,
          0.0,
          1.0
        ]
      ]
    },
    {
      "file_path": "/media/NFS/ttao/scannet/posed_images/scene0261_01/00374.jpg",
      "transform_matrix": [
        [
          0.950704,
          0.150185,
          -0.271304,
          2.853892
        ],
        [
          0.310093,
          -0.454966,
          0.834774,
          1.329055
        ],
        [
          0.001936,
          -0.877753,
          -0.479109,
          1.292624
        ],
        [
          0.0,
          0.0,
          0.0,
          1.0
        ]
      ]
    },
    {
      "file_path": "/media/NFS/ttao/scannet/posed_images/scene0261_01/00395.jpg",
      "transform_matrix": [
        [
          0.996066,
          0.035258,
          -0.081293,
          2.647034
        ],
        [
          0.088596,
          -0.380157,
          0.920669,
          1.332075
        ],
        [
          0.001557,
          -0.92425,
          -0.381786,
          1.334686
        ],
        [
          0.0,
          0.0,
          0.0,
          1.0
        ]
      ]
    },
    {
      "file_path": "/media/NFS/ttao/scannet/posed_images/scene0261_01/00413.jpg",
      "transform_matrix": [
        [
          0.996956,
          0.020189,
          0.075308,
          2.548784
        ],
        [
          -0.060883,
          -0.401785,
          0.913707,
          1.395413
        ],
        [
          0.048704,
          -0.915511,
          -0.399333,
          1.317609
        ],
        [
          0.0,
          0.0,
          0.0,
          1.0
        ]
      ]
    },
    {
      "file_path": "/media/NFS/ttao/scannet/posed_images/scene0261_01/00421.jpg",
      "transform_matrix": [
        [
          0.995434,
          0.004335,
          0.095352,
          2.51667
        ],
        [
          -0.084741,
          -0.419616,
          0.903737,
          1.439142
        ],
        [
          0.043929,
          -0.907691,
          -0.417333,
          1.310288
        ],
        [
          0.0,
          0.0,
          0.0,
          1.0
        ]
      ]
    },
    {
      "file_path": "/media/NFS/ttao/scannet/posed_images/scene0261_01/00443.jpg",
      "transform_matrix": [
        [
          0.955207,
          -0.088357,
          0.282442,
          2.406076
        ],
        [
          -0.29271,
          -0.422685,
          0.857706,
          1.501932
        ],
        [
          0.0436,
          -0.901959,
          -0.429615,
          1.335364
        ],
        [
          0.0,
          0.0,
          0.0,
          1.0
        ]
      ]
    },
    {
      "file_path": "/media/NFS/ttao/scannet/posed_images/scene0261_01/00447.jpg",
      "transform_matrix": [
        [
          0.949922,
          -0.084031,
          0.30098,
          2.378482
        ],
        [
          -0.30691,
          -0.432093,
          0.848,
          1.505334
        ],
        [
          0.058792,
          -0.897906,
          -0.436244,
          1.331038
        ],
        [
          0.0,
          0.0,
          0.0,
          1.0
        ]
      ]
    },
    {
      "file_path": "/media/NFS/ttao/scannet/posed_images/scene0261_01/00460.jpg",
      "transform_matrix": [
        [
          0.947984,
          -0.075577,
          0.309216,
          2.369553
        ],
        [
          -0.314316,
          -0.375807,
          0.871766,
          1.504104
        ],
        [
          0.05032,
          -0.923611,
          -0.380014,
          1.358534
        ],
        [
          0.0,
          0.0,
          0.0,
          1.0
        ]
      ]
    },
    {
      "file_path": "/media/NFS/ttao/scannet/posed_images/scene0261_01/00482.jpg",
      "transform_matrix": [
        [
          0.918805,
          -0.110322,
          0.378981,
          2.526853
        ],
        [
          -0.394705,
          -0.262457,
          0.880525,
          1.492289
        ],
        [
          0.002325,
          -0.958617,
          -0.284691,
          1.375042
        ],
        [
          0.0,
          0.0,
          0.0,
          1.0
        ]
      ]
    },
    {
      "file_path": "/media/NFS/ttao/scannet/posed_images/scene0261_01/00495.jpg",
      "transform_matrix": [
        [
          0.898096,
          -0.119089,
          0.42337,
          2.610696
        ],
        [
          -0.439163,
          -0.19102,
          0.877865,
          1.504494
        ],
        [
          -0.023672,
          -0.974335,
          -0.223853,
          1.413234
        ],
        [
          0.0,
          0.0,
          0.0,
          1.0
        ]
      ]
    },
    {
      "file_path": "/media/NFS/ttao/scannet/posed_images/scene0261_01/00513.jpg",
      "transform_matrix": [
        [
          0.896265,
          -0.061002,
          0.439303,
          2.62589
        ],
        [
          -0.443267,
          -0.089853,
          0.891875,
          1.498737
        ],
        [
          -0.014934,
          -0.994085,
          -0.107572,
          1.489955
        ],
        [
          0.0,
          0.0,
          0.0,
          1.0
        ]
      ]
    },
    {
      "file_path": "/media/NFS/ttao/scannet/posed_images/scene0261_01/00526.jpg",
      "transform_matrix": [
        [
          0.894632,
          -0.004007,
          0.446785,
          2.599144
        ],
        [
          -0.446775,
          -0.019242,
          0.894439,
          1.494689
        ],
        [
          0.005014,
          -0.999807,
          -0.019005,
          1.529784
        ],
        [
          0.0,
          0.0,
          0.0,
          1.0
        ]
      ]
    },
    {
      "file_path": "/media/NFS/ttao/scannet/posed_images/scene0261_01/00543.jpg",
      "transform_matrix": [
        [
          0.89248,
          0.050986,
          0.448197,
          2.579555
        ],
        [
          -0.45073,
          0.061227,
          0.890558,
          1.478976
        ],
        [
          0.017964,
          -0.996821,
          0.077625,
          1.562646
        ],
        [
          0.0,
          0.0,
          0.0,
          1.0
        ]
      ]
    },
    {
      "file_path": "/media/NFS/ttao/scannet/posed_images/scene0261_01/00547.jpg",
      "transform_matrix": [
        [
          0.892043,
          0.061544,
          0.447741,
          2.574725
        ],
        [
          -0.451461,
          0.07524,
          0.889113,
          1.475869
        ],
        [
          0.021031,
          -0.995264,
          0.094902,
          1.570812
        ],
        [
          0.0,
          0.0,
          0.0,
          1.0
        ]
      ]
    },
    {
      "file_path": "/media/NFS/ttao/scannet/posed_images/scene0261_01/00560.jpg",
      "transform_matrix": [
        [
          0.899722,
          0.089159,
          0.427259,
          2.567059
        ],
        [
          -0.436082,
          0.142744,
          0.888514,
          1.460532
        ],
        [
          0.018231,
          -0.985736,
          0.16731,
          1.573515
        ],
        [
          0.0,
          0.0,
          0.0,
          1.0
        ]
      ]
    },
    {
      "file_path": "/media/NFS/ttao/scannet/posed_images/scene0261_01/00586.jpg",
      "transform_matrix": [
        [
          0.965812,
          0.009586,
          0.259064,
          2.584216
        ],
        [
          -0.258111,
          0.128776,
          0.957494,
          1.463403
        ],
        [
          -0.024182,
          -0.991627,
          0.126848,
          1.542353
        ],
        [
          0.0,
          0.0,
          0.0,
          1.0
        ]
      ]
    },
    {
      "file_path": "/media/NFS/ttao/scannet/posed_images/scene0261_01/00591.jpg",
      "transform_matrix": [
        [
          0.970994,
          0.000967,
          0.239105,
          2.581106
        ],
        [
          -0.237067,
          0.13425,
          0.962173,
          1.46557
        ],
        [
          -0.031169,
          -0.990947,
          0.130585,
          1.526037
        ],
        [
          0.0,
          0.0,
          0.0,
          1.0
        ]
      ]
    },
    {
      "file_path": "/media/NFS/ttao/scannet/posed_images/scene0261_01/00604.jpg",
      "transform_matrix": [
        [
          0.985045,
          -0.007287,
          0.172144,
          2.573952
        ],
        [
          -0.169682,
          0.132419,
          0.976562,
          1.455612
        ],
        [
          -0.029911,
          -0.991167,
          0.129202,
          1.523814
        ],
        [
          0.0,
          0.0,
          0.0,
          1.0
        ]
      ]
    },
    {
      "file_path": "/media/NFS/ttao/scannet/posed_images/scene0261_01/00626.jpg",
      "transform_matrix": [
        [
          0.945155,
          -0.061523,
          0.320775,
          2.594367
        ],
        [
          -0.326164,
          -0.125793,
          0.936906,
          1.515304
        ],
        [
          -0.01729,
          -0.990147,
          -0.138961,
          1.463208
        ],
        [
          0.0,
          0.0,
          0.0,
          1.0
        ]
      ]
    },
    {
      "file_path": "/media/NFS/ttao/scannet/posed_images/scene0261_01/00643.jpg",
      "transform_matrix": [
        [
          0.900766,
          -0.111375,
          0.419781,
          2.571909
        ],
        [
          -0.433683,
          -0.282401,
          0.855669,
          1.536042
        ],
        [
          0.023247,
          -0.952809,
          -0.302679,
          1.388451
        ],
        [
          0.0,
          0.0,
          0.0,
          1.0
        ]
      ]
    },
    {
      "file_path": "/media/NFS/ttao/scannet/posed_images/scene0261_01/00647.jpg",
      "transform_matrix": [
        [
          0.897441,
          -0.112748,
          0.426483,
          2.545105
        ],
        [
          -0.440151,
          -0.293401,
          0.848636,
          1.545492
        ],
        [
          0.029449,
          -0.949317,
          -0.312937,
          1.38453
        ],
        [
          0.0,
          0.0,
          0.0,
          1.0
        ]
      ]
    },
    {
      "file_path": "/media/NFS/ttao/scannet/posed_images/scene0261_01/00669.jpg",
      "transform_matrix": [
        [
          0.865953,
          -0.106283,
          0.488702,
          2.478965
        ],
        [
          -0.493117,
          -0.344467,
          0.79886,
          1.745013
        ],
        [
          0.083436,
          -0.932763,
          -0.350702,
          1.321626
        ],
        [
          0.0,
          0.0,
          0.0,
          1.0
        ]
      ]
    },
    {
      "file_path": "/media/NFS/ttao/scannet/posed_images/scene0261_01/00682.jpg",
      "transform_matrix": [
        [
          0.876688,
          -0.171177,
          0.449574,
          2.541849
        ],
        [
          -0.480882,
          -0.337225,
          0.809341,
          1.957707
        ],
        [
          0.013067,
          -0.925731,
          -0.377957,
          1.314773
        ],
        [
          0.0,
          0.0,
          0.0,
          1.0
        ]
      ]
    },
    {
      "file_path": "/media/NFS/ttao/scannet/posed_images/scene0261_01/00704.jpg",
      "transform_matrix": [
        [
          0.768669,
          -0.272461,
          0.578717,
          2.538499
        ],
        [
          -0.639396,
          -0.352634,
          0.683245,
          2.227635
        ],
        [
          0.017917,
          -0.895218,
          -0.445269,
          1.272749
        ],
        [
          0.0,
          0.0,
          0.0,
          1.0
        ]
      ]
    },
    {
      "file_path": "/media/NFS/ttao/scannet/posed_images/scene0261_01/00717.jpg",
      "transform_matrix": [
        [
          0.708795,
          -0.315419,
          0.630968,
          2.538425
        ],
        [
          -0.705215,
          -0.338096,
          0.623188,
          2.251514
        ],
        [
          0.016762,
          -0.886681,
          -0.462079,
          1.260472
        ],
        [
          0.0,
          0.0,
          0.0,
          1.0
        ]
      ]
    },
    {
      "file_path": "/media/NFS/ttao/scannet/posed_images/scene0261_01/00730.jpg",
      "transform_matrix": [
        [
          0.518376,
          -0.372213,
          0.769899,
          2.466087
        ],
        [
          -0.855049,
          -0.211579,
          0.473418,
          2.346893
        ],
        [
          -0.013318,
          -0.90371,
          -0.427938,
          1.246302
        ],
        [
          0.0,
          0.0,
          0.0,
          1.0
        ]
      ]
    },
    {
      "file_path": "/media/NFS/ttao/scannet/posed_images/scene0261_01/00747.jpg",
      "transform_matrix": [
        [
          0.374535,
          -0.397367,
          0.837749,
          2.339346
        ],
        [
          -0.927199,
          -0.155536,
          0.340751,
          2.446948
        ],
        [
          -0.005103,
          -0.904383,
          -0.426692,
          1.280827
        ],
        [
          0.0,
          0.0,
          0.0,
          1.0
        ]
      ]
    },
    {
      "file_path": "/media/NFS/ttao/scannet/posed_images/scene0261_01/00756.jpg",
      "transform_matrix": [
        [
          0.285488,
          -0.388023,
          0.876319,
          2.268373
        ],
        [
          -0.95828,
          -0.128928,
          0.255102,
          2.387964
        ],
        [
          0.013997,
          -0.912588,
          -0.408642,
          1.295241
        ],
        [
          0.0,
          0.0,
          0.0,
          1.0
        ]
      ]
    },
    {
      "file_path": "/media/NFS/ttao/scannet/posed_images/scene0261_01/00769.jpg",
      "transform_matrix": [
        [
          0.143665,
          -0.424757,
          0.893836,
          2.171241
        ],
        [
          -0.989623,
          -0.063951,
          0.12867,
          2.344002
        ],
        [
          0.002508,
          -0.903046,
          -0.429537,
          1.307231
        ],
        [
          0.0,
          0.0,
          0.0,
          1.0
        ]
      ]
    },
    {
      "file_path": "/media/NFS/ttao/scannet/posed_images/scene0261_01/00786.jpg",
      "transform_matrix": [
        [
          0.048098,
          -0.412604,
          0.90964,
          2.139134
        ],
        [
          -0.998693,
          -0.035655,
          0.036633,
          2.352983
        ],
        [
          0.017318,
          -0.910213,
          -0.41378,
          1.302082
        ],
        [
          0.0,
          0.0,
          0.0,
          1.0
        ]
      ]
    },
    {
      "file_path": "/media/NFS/ttao/scannet/posed_images/scene0261_01/00795.jpg",
      "transform_matrix": [
        [
          0.025697,
          -0.401695,
          0.915413,
          2.16492
        ],
        [
          -0.999667,
          -0.012569,
          0.022546,
          2.350695
        ],
        [
          0.00245,
          -0.915687,
          -0.401884,
          1.308843
        ],
        [
          0.0,
          0.0,
          0.0,
          1.0
        ]
      ]
    },
    {
      "file_path": "/media/NFS/ttao/scannet/posed_images/scene0261_01/00817.jpg",
      "transform_matrix": [
        [
          -0.127331,
          -0.46608,
          0.875531,
          2.344347
        ],
        [
          -0.991845,
          0.055019,
          -0.114958,
          2.403541
        ],
        [
          0.005408,
          -0.88303,
          -0.469286,
          1.275706
        ],
        [
          0.0,
          0.0,
          0.0,
          1.0
        ]
      ]
    },
    {
      "file_path": "/media/NFS/ttao/scannet/posed_images/scene0261_01/00830.jpg",
      "transform_matrix": [
        [
          -0.142377,
          -0.451333,
          0.880924,
          2.408599
        ],
        [
          -0.986008,
          -0.01329,
          -0.16617,
          2.512041
        ],
        [
          0.086705,
          -0.892257,
          -0.443126,
          1.261917
        ],
        [
          0.0,
          0.0,
          0.0,
          1.0
        ]
      ]
    },
    {
      "file_path": "/media/NFS/ttao/scannet/posed_images/scene0261_01/00847.jpg",
      "transform_matrix": [
        [
          -0.161491,
          -0.48411,
          0.859976,
          2.419832
        ],
        [
          -0.980713,
          -0.018499,
          -0.194578,
          2.620209
        ],
        [
          0.110106,
          -0.874812,
          -0.471785,
          1.215524
        ],
        [
          0.0,
          0.0,
          0.0,
          1.0
        ]
      ]
    },
    {
      "file_path": "/media/NFS/ttao/scannet/posed_images/scene0261_01/00856.jpg",
      "transform_matrix": [
        [
          -0.128751,
          -0.503689,
          0.854237,
          2.403902
        ],
        [
          -0.987012,
          -0.018371,
          -0.159595,
          2.633513
        ],
        [
          0.096079,
          -0.86369,
          -0.494781,
          1.209841
        ],
        [
          0.0,
          0.0,
          0.0,
          1.0
        ]
      ]
    },
    {
      "file_path": "/media/NFS/ttao/scannet/posed_images/scene0261_01/00873.jpg",
      "transform_matrix": [
        [
          -0.175612,
          -0.509553,
          0.842327,
          2.365131
        ],
        [
          -0.981604,
          0.025515,
          -0.189215,
          2.511209
        ],
        [
          0.074923,
          -0.860061,
          -0.504661,
          1.250544
        ],
        [
          0.0,
          0.0,
          0.0,
          1.0
        ]
      ]
    },
    {
      "file_path": "/media/NFS/ttao/scannet/posed_images/scene0261_01/00891.jpg",
      "transform_matrix": [
        [
          -0.145276,
          -0.420386,
          0.895639,
          2.195239
        ],
        [
          -0.98926,
          0.046987,
          -0.138407,
          2.30713
        ],
        [
          0.016101,
          -0.906128,
          -0.422698,
          1.318316
        ],
        [
          0.0,
          0.0,
          0.0,
          1.0
        ]
      ]
    },
    {
      "file_path": "/media/NFS/ttao/scannet/posed_images/scene0261_01/00899.jpg",
      "transform_matrix": [
        [
          -0.105785,
          -0.36892,
          0.923422,
          2.192366
        ],
        [
          -0.994298,
          0.051787,
          -0.093215,
          2.250561
        ],
        [
          -0.013433,
          -0.928017,
          -0.372295,
          1.337451
        ],
        [
          0.0,
          0.0,
          0.0,
          1.0
        ]
      ]
    },
    {
      "file_path": "/media/NFS/ttao/scannet/posed_images/scene0261_01/00921.jpg",
      "transform_matrix": [
        [
          0.195871,
          -0.214994,
          0.956772,
          2.321243
        ],
        [
          -0.980603,
          -0.035675,
          0.192733,
          2.104362
        ],
        [
          -0.007304,
          -0.975964,
          -0.217811,
          1.40263
        ],
        [
          0.0,
          0.0,
          0.0,
          1.0
        ]
      ]
    },
    {
      "file_path": "/media/NFS/ttao/scannet/posed_images/scene0261_01/00930.jpg",
      "transform_matrix": [
        [
          0.296397,
          -0.176544,
          0.938606,
          2.352819
        ],
        [
          -0.954274,
          -0.014763,
          0.298568,
          2.008007
        ],
        [
          -0.038854,
          -0.984182,
          -0.172847,
          1.432181
        ],
        [
          0.0,
          0.0,
          0.0,
          1.0
        ]
      ]
    },
    {
      "file_path": "/media/NFS/ttao/scannet/posed_images/scene0261_01/00943.jpg",
      "transform_matrix": [
        [
          0.369475,
          -0.119695,
          0.921499,
          2.370526
        ],
        [
          -0.929202,
          -0.038571,
          0.367554,
          1.918021
        ],
        [
          -0.008451,
          -0.992061,
          -0.125472,
          1.481334
        ],
        [
          0.0,
          0.0,
          0.0,
          1.0
        ]
      ]
    },
    {
      "file_path": "/media/NFS/ttao/scannet/posed_images/scene0261_01/00960.jpg",
      "transform_matrix": [
        [
          0.474348,
          0.046817,
          0.879092,
          2.381806
        ],
        [
          -0.878207,
          -0.044277,
          0.476228,
          1.870209
        ],
        [
          0.061219,
          -0.997922,
          0.020113,
          1.563357
        ],
        [
          0.0,
          0.0,
          0.0,
          1.0
        ]
      ]
    },
    {
      "file_path": "/media/NFS/ttao/scannet/posed_images/scene0261_01/00977.jpg",
      "transform_matrix": [
        [
          0.426974,
          0.176524,
          0.886866,
          2.376474
        ],
        [
          -0.898423,
          -0.028475,
          0.438206,
          1.860171
        ],
        [
          0.102607,
          -0.983884,
          0.146435,
          1.610826
        ],
        [
          0.0,
          0.0,
          0.0,
          1.0
        ]
      ]
    },
    {
      "file_path": "/media/NFS/ttao/scannet/posed_images/scene0261_01/00990.jpg",
      "transform_matrix": [
        [
          0.424335,
          0.224453,
          0.877246,
          2.355832
        ],
        [
          -0.899009,
          -0.011406,
          0.437781,
          1.85493
        ],
        [
          0.108267,
          -0.974418,
          0.196946,
          1.637615
        ],
        [
          0.0,
          0.0,
          0.0,
          1.0
        ]
      ]
    },
    {
      "file_path": "/media/NFS/ttao/scannet/posed_images/scene0261_01/00995.jpg",
      "transform_matrix": [
        [
          0.440528,
          0.238341,
          0.865522,
          2.343959
        ],
        [
          -0.890507,
          -0.006111,
          0.454928,
          1.85503
        ],
        [
          0.113717,
          -0.971162,
          0.209552,
          1.64315
        ],
        [
          0.0,
          0.0,
          0.0,
          1.0
        ]
      ]
    },
    {
      "file_path": "/media/NFS/ttao/scannet/posed_images/scene0261_01/01012.jpg",
      "transform_matrix": [
        [
          0.354099,
          0.202723,
          0.912972,
          2.351135
        ],
        [
          -0.931421,
          -0.011323,
          0.363768,
          1.841989
        ],
        [
          0.084081,
          -0.979171,
          0.184811,
          1.639733
        ],
        [
          0.0,
          0.0,
          0.0,
          1.0
        ]
      ]
    },
    {
      "file_path": "/media/NFS/ttao/scannet/posed_images/scene0261_01/01034.jpg",
      "transform_matrix": [
        [
          0.349066,
          -0.006329,
          0.937077,
          2.404405
        ],
        [
          -0.932777,
          -0.098271,
          0.346801,
          1.856879
        ],
        [
          0.089893,
          -0.99514,
          -0.040206,
          1.550887
        ],
        [
          0.0,
          0.0,
          0.0,
          1.0
        ]
      ]
    },
    {
      "file_path": "/media/NFS/ttao/scannet/posed_images/scene0261_01/01047.jpg",
      "transform_matrix": [
        [
          0.36911,
          -0.039939,
          0.928527,
          2.377114
        ],
        [
          -0.920696,
          -0.152015,
          0.359458,
          1.909354
        ],
        [
          0.126794,
          -0.987571,
          -0.092882,
          1.493066
        ],
        [
          0.0,
          0.0,
          0.0,
          1.0
        ]
      ]
    },
    {
      "file_path": "/media/NFS/ttao/scannet/posed_images/scene0261_01/01064.jpg",
      "transform_matrix": [
        [
          0.194741,
          -0.195396,
          0.961195,
          2.268801
        ],
        [
          -0.971337,
          -0.174607,
          0.1613,
          2.127816
        ],
        [
          0.136314,
          -0.965056,
          -0.223799,
          1.420802
        ],
        [
          0.0,
          0.0,
          0.0,
          1.0
        ]
      ]
    },
    {
      "file_path": "/media/NFS/ttao/scannet/posed_images/scene0261_01/01077.jpg",
      "transform_matrix": [
        [
          0.197518,
          -0.065877,
          0.978083,
          2.236398
        ],
        [
          -0.969184,
          -0.162947,
          0.184746,
          2.218572
        ],
        [
          0.147206,
          -0.984433,
          -0.096032,
          1.462087
        ],
        [
          0.0,
          0.0,
          0.0,
          1.0
        ]
      ]
    },
    {
      "file_path": "/media/NFS/ttao/scannet/posed_images/scene0261_01/01082.jpg",
      "transform_matrix": [
        [
          0.180908,
          -0.024477,
          0.983196,
          2.249665
        ],
        [
          -0.974702,
          -0.13788,
          0.175912,
          2.248254
        ],
        [
          0.131257,
          -0.990147,
          -0.048801,
          1.472728
        ],
        [
          0.0,
          0.0,
          0.0,
          1.0
        ]
      ]
    },
    {
      "file_path": "/media/NFS/ttao/scannet/posed_images/scene0261_01/01108.jpg",
      "transform_matrix": [
        [
          -0.129296,
          0.064954,
          0.989476,
          2.384295
        ],
        [
          -0.987445,
          -0.099748,
          -0.122483,
          2.465023
        ],
        [
          0.090742,
          -0.99289,
          0.077036,
          1.558443
        ],
        [
          0.0,
          0.0,
          0.0,
          1.0
        ]
      ]
    },
    {
      "file_path": "/media/NFS/ttao/scannet/posed_images/scene0261_01/01112.jpg",
      "transform_matrix": [
        [
          -0.157775,
          0.080851,
          0.98416,
          2.398237
        ],
        [
          -0.981334,
          -0.123814,
          -0.14715,
          2.51074
        ],
        [
          0.109956,
          -0.989006,
          0.098877,
          1.552445
        ],
        [
