{
  "frames": [
    {
      "file_path": "/media/NFS/ttao/scannet/posed_images/scene0380_02/00000.jpg",
      "transform_matrix": [
        [
          0.823122,
          0.229409,
          -0.519463,
          4.35757
        ],
        [
          0.564131,
          -0.435059,
          0.701769,
          2.509923
        ],
        [
          -0.065005,
          -0.870687,
          -0.487524,
          1.529123
        ],
        [
          0.0,
          0.0,
          0.0,
          1.0
        ]
      ]
    },
    {
      "file_path": "/media/NFS/ttao/scannet/posed_images/scene0380_02/00004.jpg",
      "transform_matrix": [
        [
          0.829885,
          0.258165,
          -0.494613,
          4.38098
        ],
        [
          0.556134,
          -0.453922,
          0.696183,
          2.584203
        ],
        [
          -0.044786,
          -0.852822,
          -0.520277,
          1.515908
        ],
        [
          0.0,
          0.0,
          0.0,
          1.0
        ]
      ]
    },
    {
      "file_path": "/media/NFS/ttao/scannet/posed_images/scene0380_02/00007.jpg",
      "transform_matrix": [
        [
          0.841622,
          0.262198,
          -0.472149,
          4.382802
        ],
        [
          0.539226,
          -0.456738,
          0.707549,
          2.61688
        ],
        [
          -0.03013,
          -0.850084,
          -0.525785,
          1.51202
        ],
        [
          0.0,
          0.0,
          0.0,
          1.0
        ]
      ]
    },
    {
      "file_path": "/media/NFS/ttao/scannet/posed_images/scene0380_02/00010.jpg",
      "transform_matrix": [
        [
          0.849892,
          0.269537,
          -0.452806,
          4.385318
        ],
        [
          0.526877,
          -0.44957,
          0.721309,
          2.645924
        ],
        [
          -0.009149,
          -0.851608,
          -0.524099,
          1.507106
        ],
        [
          0.0,
          0.0,
          0.0,
          1.0
        ]
      ]
    },
    {
      "file_path": "/media/NFS/ttao/scannet/posed_images/scene0380_02/00013.jpg",
      "transform_matrix": [
        [
          0.85156,
          0.280506,
          -0.442902,
          4.37889
        ],
        [
          0.524204,
          -0.44351,
          0.726986,
          2.680101
        ],
        [
          0.007492,
          -0.851244,
          -0.524718,
          1.510099
        ],
        [
          0.0,
          0.0,
          0.0,
          1.0
        ]
      ]
    },
    {
      "file_path": "/media/NFS/ttao/scannet/posed_images/scene0380_02/00014.jpg",
      "transform_matrix": [
        [
          0.84995,
          0.28167,
          -0.445249,
          4.379659
        ],
        [
          0.526783,
          -0.439564,
          0.727519,
          2.693473
        ],
        [
          0.009205,
          -0.852904,
          -0.521987,
          1.510895
        ],
        [
          0.0,
          0.0,
          0.0,
          1.0
        ]
      ]
    },
    {
      "file_path": "/media/NFS/ttao/scannet/posed_images/scene0380_02/00017.jpg",
      "transform_matrix": [
        [
          0.846782,
          0.271714,
          -0.457309,
          4.372383
        ],
        [
          0.531919,
          -0.440294,
          0.723329,
          2.731564
        ],
        [
          -0.004812,
          -0.855753,
          -0.517363,
          1.512856
        ],
        [
          0.0,
          0.0,
          0.0,
          1.0
        ]
      ]
    },
    {
      "file_path": "/media/NFS/ttao/scannet/posed_images/scene0380_02/00020.jpg",
      "transform_matrix": [
        [
          0.833995,
          0.279857,
          -0.475533,
          4.373989
        ],
        [
          0.551761,
          -0.428248,
          0.715656,
          2.779302
        ],
        [
          -0.003364,
          -0.859235,
          -0.511571,
          1.515315
        ],
        [
          0.0,
          0.0,
          0.0,
          1.0
        ]
      ]
    },
    {
      "file_path": "/media/NFS/ttao/scannet/posed_images/scene0380_02/00022.jpg",
      "transform_matrix": [
        [
          0.822312,
          0.294509,
          -0.486897,
          4.374018
        ],
        [
          0.569038,
          -0.425845,
          0.703457,
          2.79718
        ],
        [
          -0.000168,
          -0.855524,
          -0.517764,
          1.513434
        ],
        [
          0.0,
          0.0,
          0.0,
          1.0
        ]
      ]
    },
    {
      "file_path": "/media/NFS/ttao/scannet/posed_images/scene0380_02/00025.jpg",
      "transform_matrix": [
        [
          0.801954,
          0.327694,
          -0.499486,
          4.374636
        ],
        [
          0.597234,
          -0.421002,
          0.682692,
          2.82322
        ],
        [
          0.01343,
          -0.845798,
          -0.533335,
          1.509422
        ],
        [
          0.0,
          0.0,
          0.0,
          1.0
        ]
      ]
    },
    {
      "file_path": "/media/NFS/ttao/scannet/posed_images/scene0380_02/00029.jpg",
      "transform_matrix": [
        [
          0.760027,
          0.353958,
          -0.545043,
          4.378471
        ],
        [
          0.649712,
          -0.39413,
          0.650027,
          2.857375
        ],
        [
          0.015265,
          -0.84816,
          -0.529521,
          1.510881
        ],
        [
          0.0,
          0.0,
          0.0,
          1.0
        ]
      ]
    },
    {
      "file_path": "/media/NFS/ttao/scannet/posed_images/scene0380_02/00032.jpg",
      "transform_matrix": [
        [
          0.72482,
          0.375814,
          -0.577408,
          4.365254
        ],
        [
          0.688082,
          -0.353124,
          0.633913,
          2.873114
        ],
        [
          0.034337,
          -0.856777,
          -0.514543,
          1.528113
        ],
        [
          0.0,
          0.0,
          0.0,
          1.0
        ]
      ]
    },
    {
      "file_path": "/media/NFS/ttao/scannet/posed_images/scene0380_02/00034.jpg",
      "transform_matrix": [
        [
          0.698514,
          0.394383,
          -0.59711,
          4.369528
        ],
        [
          0.714552,
          -0.339357,
          0.611761,
          2.882222
        ],
        [
          0.038634,
          -0.85399,
          -0.518853,
          1.529919
        ],
        [
          0.0,
          0.0,
          0.0,
          1.0
        ]
      ]
    },
    {
      "file_path": "/media/NFS/ttao/scannet/posed_images/scene0380_02/00037.jpg",
      "transform_matrix": [
        [
          0.65434,
          0.410278,
          -0.635225,
          4.369473
        ],
        [
          0.755508,
          -0.318767,
          0.572359,
          2.895268
        ],
        [
          0.032338,
          -0.854435,
          -0.518551,
          1.533509
        ],
        [
          0.0,
          0.0,
          0.0,
          1.0
        ]
      ]
    },
    {
      "file_path": "/media/NFS/ttao/scannet/posed_images/scene0380_02/00040.jpg",
      "transform_matrix": [
        [
          0.621193,
          0.413088,
          -0.665941,
          4.371196
        ],
        [
          0.783488,
          -0.309712,
          0.538725,
          2.897595
        ],
        [
          0.016291,
          -0.856409,
          -0.516041,
          1.533478
        ],
        [
          0.0,
          0.0,
          0.0,
          1.0
        ]
      ]
    },
    {
      "file_path": "/media/NFS/ttao/scannet/posed_images/scene0380_02/00043.jpg",
      "transform_matrix": [
        [
          0.558631,
          0.431694,
          -0.708218,
          4.370373
        ],
        [
          0.82941,
          -0.287361,
          0.479065,
          2.915277
        ],
        [
          0.003295,
          -0.855023,
          -0.51858,
          1.532758
        ],
        [
          0.0,
          0.0,
          0.0,
          1.0
        ]
      ]
    },
    {
      "file_path": "/media/NFS/ttao/scannet/posed_images/scene0380_02/00047.jpg",
      "transform_matrix": [
        [
          0.50697,
          0.446384,
          -0.737375,
          4.363334
        ],
        [
          0.861934,
          -0.269563,
          0.429423,
          2.935762
        ],
        [
          -0.007081,
          -0.853274,
          -0.521414,
          1.531324
        ],
        [
          0.0,
          0.0,
          0.0,
          1.0
        ]
      ]
    },
    {
      "file_path": "/media/NFS/ttao/scannet/posed_images/scene0380_02/00048.jpg",
      "transform_matrix": [
        [
          0.497686,
          0.447992,
          -0.742706,
          4.360813
        ],
        [
          0.867311,
          -0.265919,
          0.420784,
          2.940198
        ],
        [
          -0.008992,
          -0.853575,
          -0.520892,
          1.531114
        ],
        [
          0.0,
          0.0,
          0.0,
          1.0
        ]
      ]
    },
    {
      "file_path": "/media/NFS/ttao/scannet/posed_images/scene0380_02/00053.jpg",
      "transform_matrix": [
        [
          0.470489,
          0.463045,
          -0.751152,
          4.342212
        ],
        [
          0.882262,
          -0.262215,
          0.390969,
          2.963399
        ],
        [
          -0.015927,
          -0.84666,
          -0.531897,
          1.527384
        ],
        [
          0.0,
          0.0,
          0.0,
          1.0
        ]
      ]
    },
    {
      "file_path": "/media/NFS/ttao/scannet/posed_images/scene0380_02/00055.jpg",
      "transform_matrix": [
        [
          0.459327,
          0.466784,
          -0.755732,
          4.334615
        ],
        [
          0.888131,
          -0.256249,
          0.381523,
          2.980812
        ],
        [
          -0.015566,
          -0.846433,
          -0.532268,
          1.523763
        ],
        [
          0.0,
          0.0,
          0.0,
          1.0
        ]
      ]
    },
    {
      "file_path": "/media/NFS/ttao/scannet/posed_images/scene0380_02/00059.jpg",
      "transform_matrix": [
        [
          0.442198,
          0.484966,
          -0.754499,
          4.310549
        ],
        [
          0.89691,
          -0.235643,
          0.374199,
          3.014112
        ],
        [
          0.003681,
          -0.842188,
          -0.539172,
          1.519214
        ],
        [
          0.0,
          0.0,
          0.0,
          1.0
        ]
      ]
    },
    {
      "file_path": "/media/NFS/ttao/scannet/posed_images/scene0380_02/00060.jpg",
      "transform_matrix": [
        [
          0.440389,
          0.486144,
          -0.754799,
          4.305534
        ],
        [
          0.897745,
          -0.228583,
          0.376568,
          3.016739
        ],
        [
          0.010532,
          -0.843454,
          -0.537099,
          1.518228
        ],
        [
          0.0,
          0.0,
          0.0,
          1.0
        ]
      ]
    },
    {
      "file_path": "/media/NFS/ttao/scannet/posed_images/scene0380_02/00065.jpg",
      "transform_matrix": [
        [
          0.431167,
          0.491703,
          -0.756521,
          4.263361
        ],
        [
          0.901311,
          -0.196022,
          0.386283,
          3.061928
        ],
        [
          0.041642,
          -0.848413,
          -0.527695,
          1.521522
        ],
        [
          0.0,
          0.0,
          0.0,
          1.0
        ]
      ]
    },
    {
      "file_path": "/media/NFS/ttao/scannet/posed_images/scene0380_02/00067.jpg",
      "transform_matrix": [
        [
          0.403343,
          0.489919,
          -0.772848,
          4.237831
        ],
        [
          0.914039,
          -0.176035,
          0.365438,
          3.084846
        ],
        [
          0.042987,
          -0.85381,
          -0.518808,
          1.526805
        ],
        [
          0.0,
          0.0,
          0.0,
          1.0
        ]
      ]
    },
    {
      "file_path": "/media/NFS/ttao/scannet/posed_images/scene0380_02/00068.jpg",
      "transform_matrix": [
        [
          0.392268,
          0.491786,
          -0.77735,
          4.232908
        ],
        [
          0.918865,
          -0.170376,
          0.355893,
          3.09323
        ],
        [
          0.042581,
          -0.853884,
          -0.518718,
          1.525242
        ],
        [
          0.0,
          0.0,
          0.0,
          1.0
        ]
      ]
    },
    {
      "file_path": "/media/NFS/ttao/scannet/posed_images/scene0380_02/00073.jpg",
      "transform_matrix": [
        [
          0.334699,
          0.481552,
          -0.80999,
          4.202433
        ],
        [
          0.941456,
          -0.133975,
          0.309372,
          3.129853
        ],
        [
          0.04046,
          -0.866117,
          -0.498201,
          1.533395
        ],
        [
          0.0,
          0.0,
          0.0,
          1.0
        ]
      ]
    },
    {
      "file_path": "/media/NFS/ttao/scannet/posed_images/scene0380_02/00076.jpg",
      "transform_matrix": [
        [
          0.301458,
          0.487676,
          -0.819326,
          4.188092
        ],
        [
          0.95298,
          -0.126301,
          0.275458,
          3.145245
        ],
        [
          0.030853,
          -0.86384,
          -0.50282,
          1.532349
        ],
        [
          0.0,
          0.0,
          0.0,
          1.0
        ]
      ]
    },
    {
      "file_path": "/media/NFS/ttao/scannet/posed_images/scene0380_02/00078.jpg",
      "transform_matrix": [
        [
          0.277413,
          0.490928,
          -0.825852,
          4.176123
        ],
        [
          0.960277,
          -0.114682,
          0.254395,
          3.153241
        ],
        [
          0.03018,
          -0.863619,
          -0.503241,
          1.535405
        ],
        [
          0.0,
          0.0,
          0.0,
          1.0
        ]
      ]
    },
    {
      "file_path": "/media/NFS/ttao/scannet/posed_images/scene0380_02/00081.jpg",
      "transform_matrix": [
        [
          0.238843,
          0.491984,
          -0.837201,
          4.168495
        ],
        [
          0.970964,
          -0.108965,
          0.21297,
          3.168269
        ],
        [
          0.013552,
          -0.863758,
          -0.503725,
          1.535206
        ],
        [
          0.0,
          0.0,
          0.0,
          1.0
        ]
      ]
    },
    {
      "file_path": "/media/NFS/ttao/scannet/posed_images/scene0380_02/00083.jpg",
      "transform_matrix": [
        [
          0.211066,
          0.498509,
          -0.840797,
          4.162939
        ],
        [
          0.977426,
          -0.09934,
          0.186465,
          3.179271
        ],
        [
          0.00943,
          -0.861174,
          -0.508223,
          1.533201
        ],
        [
          0.0,
          0.0,
          0.0,
          1.0
        ]
      ]
    },
    {
      "file_path": "/media/NFS/ttao/scannet/posed_images/scene0380_02/00086.jpg",
      "transform_matrix": [
        [
          0.178285,
          0.524052,
          -0.832816,
          4.157412
        ],
        [
          0.983885,
          -0.083264,
          0.158231,
          3.194478
        ],
        [
          0.013577,
          -0.847606,
          -0.530452,
          1.526467
        ],
        [
          0.0,
          0.0,
          0.0,
          1.0
        ]
      ]
    },
    {
      "file_path": "/media/NFS/ttao/scannet/posed_images/scene0380_02/00088.jpg",
      "transform_matrix": [
        [
          0.120803,
          0.533581,
          -0.837077,
          4.153509
        ],
        [
          0.99262,
          -0.055937,
          0.107594,
          3.204998
        ],
        [
          0.010587,
          -0.843897,
          -0.536401,
          1.526308
        ],
        [
          0.0,
          0.0,
          0.0,
          1.0
        ]
      ]
    },
    {
      "file_path": "/media/NFS/ttao/scannet/posed_images/scene0380_02/00092.jpg",
      "transform_matrix": [
        [
          0.021837,
          0.540114,
          -0.841308,
          4.158463
        ],
        [
          0.999741,
          -0.006426,
          0.021825,
          3.236539
        ],
        [
          0.006382,
          -0.841567,
          -0.540115,
          1.529264
        ],
        [
          0.0,
          0.0,
          0.0,
          1.0
        ]
      ]
    },
    {
      "file_path": "/media/NFS/ttao/scannet/posed_images/scene0380_02/00096.jpg",
      "transform_matrix": [
        [
          -0.071747,
          0.53739,
          -0.840276,
          4.162828
        ],
        [
          0.997407,
          0.04331,
          -0.057465,
          3.256621
        ],
        [
          0.005511,
          -0.842221,
          -0.539105,
          1.529651
        ],
        [
          0.0,
          0.0,
          0.0,
          1.0
        ]
      ]
    },
    {
      "file_path": "/media/NFS/ttao/scannet/posed_images/scene0380_02/00097.jpg",
      "transform_matrix": [
        [
          -0.094684,
          0.536364,
          -0.838659,
          4.16531
        ],
        [
          0.995493,
          0.055585,
          -0.076841,
          3.264062
        ],
        [
          0.005402,
          -0.842155,
          -0.539209,
          1.527286
        ],
        [
          0.0,
          0.0,
          0.0,
          1.0
        ]
      ]
    },
    {
      "file_path": "/media/NFS/ttao/scannet/posed_images/scene0380_02/00102.jpg",
      "transform_matrix": [
        [
          -0.201524,
          0.516389,
          -0.832304,
          4.170421
        ],
        [
          0.979447,
          0.113601,
          -0.16667,
          3.285443
        ],
        [
          0.008484,
          -0.848786,
          -0.528669,
          1.534291
        ],
        [
          0.0,
          0.0,
          0.0,
          1.0
        ]
      ]
    },
    {
      "file_path": "/media/NFS/ttao/scannet/posed_images/scene0380_02/00104.jpg",
      "transform_matrix": [
        [
          -0.236593,
          0.502298,
          -0.831698,
          4.176646
        ],
        [
          0.971569,
          0.130098,
          -0.19781,
          3.29241
        ],
        [
          0.008842,
          -0.854852,
          -0.518797,
          1.531965
        ],
        [
          0.0,
          0.0,
          0.0,
          1.0
        ]
      ]
    },
    {
      "file_path": "/media/NFS/ttao/scannet/posed_images/scene0380_02/00108.jpg",
      "transform_matrix": [
        [
          -0.303823,
          0.480861,
          -0.822475,
          4.184079
        ],
        [
          0.952646,
          0.164659,
          -0.25564,
          3.313355
        ],
        [
          0.0125,
          -0.861197,
          -0.508117,
          1.533617
        ],
        [
          0.0,
          0.0,
          0.0,
          1.0
        ]
      ]
    },
    {
      "file_path": "/media/NFS/ttao/scannet/posed_images/scene0380_02/00109.jpg",
      "transform_matrix": [
        [
          -0.31422,
          0.471649,
          -0.823901,
          4.186895
        ],
        [
          0.949202,
          0.171413,
          -0.26388,
          3.318074
        ],
        [
          0.016768,
          -0.864965,
          -0.501552,
          1.532726
        ],
        [
          0.0,
          0.0,
          0.0,
          1.0
        ]
      ]
    },
    {
      "file_path": "/media/NFS/ttao/scannet/posed_images/scene0380_02/00113.jpg",
      "transform_matrix": [
        [
          -0.366789,
          0.451019,
          -0.813663,
          4.197208
        ],
        [
          0.93025,
          0.187218,
          -0.315569,
          3.335626
        ],
        [
          0.010005,
          -0.872658,
          -0.48823,
          1.529873
        ],
        [
          0.0,
          0.0,
          0.0,
          1.0
        ]
      ]
    },
    {
      "file_path": "/media/NFS/ttao/scannet/posed_images/scene0380_02/00114.jpg",
      "transform_matrix": [
        [
          -0.379147,
          0.448641,
          -0.809301,
          4.199063
        ],
        [
          0.925305,
          0.190998,
          -0.327613,
          3.340925
        ],
        [
          0.007594,
          -0.873064,
          -0.487547,
          1.526885
        ],
        [
          0.0,
          0.0,
          0.0,
          1.0
        ]
      ]
    },
    {
      "file_path": "/media/NFS/ttao/scannet/posed_images/scene0380_02/00118.jpg",
      "transform_matrix": [
        [
          -0.400489,
          0.457017,
          -0.794194,
          4.192156
        ],
        [
          0.916233,
          0.210327,
          -0.340997,
          3.356393
        ],
        [
          0.011199,
          -0.864232,
          -0.502968,
          1.529181
        ],
        [
          0.0,
          0.0,
          0.0,
          1.0
        ]
      ]
    },
    {
      "file_path": "/media/NFS/ttao/scannet/posed_images/scene0380_02/00121.jpg",
      "transform_matrix": [
        [
          -0.419066,
          0.457653,
          -0.78418,
          4.179696
        ],
        [
          0.907878,
          0.222554,
          -0.355286,
          3.375557
        ],
        [
          0.011925,
          -0.860828,
          -0.508757,
          1.528887
        ],
        [
          0.0,
          0.0,
          0.0,
          1.0
        ]
      ]
    },
    {
      "file_path": "/media/NFS/ttao/scannet/posed_images/scene0380_02/00124.jpg",
      "transform_matrix": [
        [
          -0.42996,
          0.452114,
          -0.781491,
          4.16531
        ],
        [
          0.902717,
          0.230003,
          -0.363593,
          3.392536
        ],
        [
          0.01536,
          -0.861796,
          -0.507023,
          1.526794
        ],
        [
          0.0,
          0.0,
          0.0,
          1.0
        ]
      ]
    },
    {
      "file_path": "/media/NFS/ttao/scannet/posed_images/scene0380_02/00126.jpg",
      "transform_matrix": [
        [
          -0.43625,
          0.448747,
          -0.779944,
          4.154863
        ],
        [
          0.899698,
          0.2321,
          -0.369692,
          3.399875
        ],
        [
          0.015127,
          -0.862992,
          -0.504991,
          1.526497
        ],
        [
          0.0,
          0.0,
          0.0,
          1.0
        ]
      ]
    },
    {
      "file_path": "/media/NFS/ttao/scannet/posed_images/scene0380_02/00130.jpg",
      "transform_matrix": [
        [
          -0.468178,
          0.42818,
          -0.772963,
          4.112283
        ],
        [
          0.883625,
          0.230908,
          -0.407294,
          3.432029
        ],
        [
          0.004088,
          -0.873695,
          -0.486456,
          1.522369
        ],
        [
          0.0,
          0.0,
          0.0,
          1.0
        ]
      ]
    },
    {
      "file_path": "/media/NFS/ttao/scannet/posed_images/scene0380_02/00133.jpg",
      "transform_matrix": [
        [
          -0.487071,
          0.414864,
          -0.768537,
          4.084634
        ],
        [
          0.873257,
          0.245009,
          -0.42118,
          3.443958
        ],
        [
          0.013566,
          -0.876275,
          -0.48162,
          1.51911
        ],
        [
          0.0,
          0.0,
          0.0,
          1.0
        ]
      ]
    },
    {
      "file_path": "/media/NFS/ttao/scannet/posed_images/scene0380_02/00136.jpg",
      "transform_matrix": [
        [
          -0.52131,
          0.401596,
          -0.752965,
          4.061095
        ],
        [
          0.853297,
          0.256653,
          -0.453887,
          3.45965
        ],
        [
          0.010972,
          -0.879119,
          -0.476476,
          1.513328
        ],
        [
          0.0,
          0.0,
          0.0,
          1.0
        ]
      ]
    },
    {
      "file_path": "/media/NFS/ttao/scannet/posed_images/scene0380_02/00139.jpg",
      "transform_matrix": [
        [
          -0.544391,
          0.403284,
          -0.735527,
          4.03095
        ],
        [
          0.838587,
          0.282807,
          -0.465609,
          3.477046
        ],
        [
          0.020239,
          -0.870277,
          -0.492146,
          1.511334
        ],
        [
          0.0,
          0.0,
          0.0,
          1.0
        ]
      ]
    },
    {
      "file_path": "/media/NFS/ttao/scannet/posed_images/scene0380_02/00140.jpg",
      "transform_matrix": [
        [
          -0.546701,
          0.404964,
          -0.732886,
          4.02037
        ],
        [
          0.837157,
          0.282018,
          -0.468651,
          3.482133
        ],
        [
          0.0169,
          -0.869753,
          -0.493198,
          1.511517
        ],
        [
          0.0,
          0.0,
          0.0,
          1.0
        ]
      ]
    },
    {
      "file_path": "/media/NFS/ttao/scannet/posed_images/scene0380_02/00144.jpg",
      "transform_matrix": [
        [
          -0.562533,
          0.415875,
          -0.714566,
          3.976394
        ],
        [
          0.826726,
          0.273516,
          -0.491643,
          3.511758
        ],
        [
          -0.009017,
          -0.867316,
          -0.497676,
          1.513584
        ],
        [
          0.0,
          0.0,
          0.0,
          1.0
        ]
      ]
    },
    {
      "file_path": "/media/NFS/ttao/scannet/posed_images/scene0380_02/00146.jpg",
      "transform_matrix": [
        [
          -0.572608,
          0.412313,
          -0.708603,
          3.964344
        ],
        [
          0.819788,
          0.279344,
          -0.499914,
          3.520711
        ],
        [
          -0.008177,
          -0.86716,
          -0.497964,
          1.515978
        ],
        [
          0.0,
          0.0,
          0.0,
          1.0
        ]
      ]
    },
    {
      "file_path": "/media/NFS/ttao/scannet/posed_images/scene0380_02/00150.jpg",
      "transform_matrix": [
        [
          -0.631369,
          0.37766,
          -0.677308,
          3.942453
        ],
        [
          0.775328,
          0.289957,
          -0.561064,
          3.553802
        ],
        [
          -0.015501,
          -0.879374,
          -0.47588,
          1.516389
        ],
        [
          0.0,
          0.0,
          0.0,
          1.0
        ]
      ]
    },
    {
      "file_path": "/media/NFS/ttao/scannet/posed_images/scene0380_02/00153.jpg",
      "transform_matrix": [
        [
          -0.678188,
          0.36402,
          -0.638396,
          3.926547
        ],
        [
          0.734778,
          0.320811,
          -0.597647,
          3.572416
        ],
        [
          -0.012751,
          -0.874397,
          -0.485045,
          1.518384
        ],
        [
          0.0,
          0.0,
          0.0,
          1.0
        ]
      ]
    },
    {
      "file_path": "/media/NFS/ttao/scannet/posed_images/scene0380_02/00156.jpg",
      "transform_matrix": [
        [
          -0.73624,
          0.321888,
          -0.595264,
          3.913324
        ],
        [
          0.676654,
          0.337778,
          -0.654252,
          3.597244
        ],
        [
          -0.009529,
          -0.884474,
          -0.466492,
          1.525281
        ],
        [
          0.0,
          0.0,
          0.0,
          1.0
        ]
      ]
    },
    {
      "file_path": "/media/NFS/ttao/scannet/posed_images/scene0380_02/00159.jpg",
      "transform_matrix": [
        [
          -0.773436,
          0.293411,
          -0.561878,
          3.907734
        ],
        [
          0.633843,
          0.36686,
          -0.680923,
          3.622679
        ],
        [
          0.00634,
          -0.882793,
          -0.469719,
          1.524764
        ],
        [
          0.0,
          0.0,
          0.0,
          1.0
        ]
      ]
    },
    {
      "file_path": "/media/NFS/ttao/scannet/posed_images/scene0380_02/00160.jpg",
      "transform_matrix": [
        [
          -0.778919,
          0.288629,
          -0.556757,
          3.908929
        ],
        [
          0.62705,
          0.372123,
          -0.684349,
          3.623058
        ],
        [
          0.009659,
          -0.882167,
          -0.470838,
          1.527407
        ],
        [
          0.0,
          0.0,
          0.0,
          1.0
        ]
      ]
    },
    {
      "file_path": "/media/NFS/ttao/scannet/posed_images/scene0380_02/00165.jpg",
      "transform_matrix": [
        [
          -0.832913,
          0.247724,
          -0.494863,
          3.90332
        ],
        [
          0.553254,
          0.393579,
          -0.73417,
          3.64173
        ],
        [
          0.012896,
          -0.885284,
          -0.464871,
          1.536914
        ],
        [
          0.0,
          0.0,
          0.0,
          1.0
        ]
      ]
    },
    {
      "file_path": "/media/NFS/ttao/scannet/posed_images/scene0380_02/00167.jpg",
      "transform_matrix": [
        [
          -0.848862,
          0.234964,
          -0.473524,
          3.900295
        ],
        [
          0.528533,
          0.392996,
          -0.752468,
          3.642453
        ],
        [
          0.00929,
          -0.889014,
          -0.457785,
          1.544412
        ],
        [
          0.0,
          0.0,
          0.0,
          1.0
        ]
      ]
    },
    {
      "file_path": "/media/NFS/ttao/scannet/posed_images/scene0380_02/00169.jpg",
      "transform_matrix": [
        [
          -0.865392,
          0.221801,
          -0.449333,
          3.894486
        ],
        [
          0.501091,
          0.386427,
          -0.774327,
          3.64711
        ],
        [
          0.001888,
          -0.895254,
          -0.445553,
          1.547514
        ],
        [
          0.0,
          0.0,
          0.0,
          1.0
        ]
      ]
    },
    {
      "file_path": "/media/NFS/ttao/scannet/posed_images/scene0380_02/00173.jpg",
      "transform_matrix": [
        [
          -0.897803,
          0.200487,
          -0.392115,
          3.882205
        ],
        [
          0.44003,
          0.372027,
          -0.817294,
          3.653384
        ],
        [
          -0.01798,
          -0.906312,
          -0.422228,
          1.553192
        ],
        [
          0.0,
          0.0,
          0.0,
          1.0
        ]
      ]
    },
    {
      "file_path": "/media/NFS/ttao/scannet/posed_images/scene0380_02/00176.jpg",
      "transform_matrix": [
        [
          -0.926774,
          0.174796,
          -0.332469,
          3.871913
        ],
        [
          0.374644,
          0.366447,
          -0.85168,
          3.647409
        ],
        [
          -0.027038,
          -0.913873,
          -0.4051,
          1.554764
        ],
        [
          0.0,
          0.0,
          0.0,
          1.0
        ]
      ]
    },
    {
      "file_path": "/media/NFS/ttao/scannet/posed_images/scene0380_02/00179.jpg",
      "transform_matrix": [
        [
          -0.943541,
          0.158465,
          -0.290894,
          3.860676
        ],
        [
          0.329901,
          0.370184,
          -0.868406,
          3.633497
        ],
        [
          -0.029927,
          -0.915343,
          -0.401562,
          1.556708
        ],
        [
          0.0,
          0.0,
          0.0,
          1.0
        ]
      ]
    },
    {
      "file_path": "/media/NFS/ttao/scannet/posed_images/scene0380_02/00181.jpg",
      "transform_matrix": [
        [
          -0.953567,
          0.145766,
          -0.263559,
          3.834462
        ],
        [
          0.299834,
          0.376719,
          -0.87646,
          3.626978
        ],
        [
          -0.028471,
          -0.914787,
          -0.402932,
          1.560005
        ],
        [
          0.0,
          0.0,
          0.0,
          1.0
        ]
      ]
    },
    {
      "file_path": "/media/NFS/ttao/scannet/posed_images/scene0380_02/00183.jpg",
      "transform_matrix": [
        [
          -0.958643,
          0.140251,
          -0.247655,
          3.822735
        ],
        [
          0.282769,
          0.370501,
          -0.884744,
          3.612979
        ],
        [
          -0.03233,
          -0.918182,
          -0.394837,
          1.567993
        ],
        [
          0.0,
          0.0,
          0.0,
          1.0
        ]
      ]
    },
    {
      "file_path": "/media/NFS/ttao/scannet/posed_images/scene0380_02/00187.jpg",
      "transform_matrix": [
        [
          -0.970247,
          0.122323,
          -0.208946,
          3.801552
        ],
        [
          0.23881,
          0.341317,
          -0.909106,
          3.583993
        ],
        [
          -0.039888,
          -0.931955,
          -0.360373,
          1.576284
        ],
        [
          0.0,
          0.0,
          0.0,
          1.0
        ]
      ]
    },
    {
      "file_path": "/media/NFS/ttao/scannet/posed_images/scene0380_02/00191.jpg",
      "transform_matrix": [
        [
          -0.980116,
          0.095735,
          -0.173802,
          3.796921
        ],
        [
          0.196037,
          0.331707,
          -0.922789,
          3.537299
        ],
        [
          -0.030692,
          -0.938512,
          -0.343879,
          1.585809
        ],
        [
          0.0,
          0.0,
          0.0,
          1.0
        ]
      ]
    },
    {
      "file_path": "/media/NFS/ttao/scannet/posed_images/scene0380_02/00194.jpg",
      "transform_matrix": [
        [
          -0.986329,
          0.076664,
          -0.145867,
          3.780197
        ],
        [
          0.163031,
          0.325105,
          -0.931519,
          3.507396
        ],
        [
          -0.023992,
          -0.942565,
          -0.333159,
          1.589748
        ],
        [
          0.0,
          0.0,
          0.0,
          1.0
        ]
      ]
    },
    {
      "file_path": "/media/NFS/ttao/scannet/posed_images/scene0380_02/00195.jpg",
      "transform_matrix": [
        [
          -0.987906,
          0.071903,
          -0.137377,
          3.773551
        ],
        [
          0.15348,
          0.327437,
          -0.932324,
          3.494789
        ],
        [
          -0.022054,
          -0.942133,
          -0.334513,
          1.596343
        ],
        [
          0.0,
          0.0,
          0.0,
          1.0
        ]
      ]
    },
    {
      "file_path": "/media/NFS/ttao/scannet/posed_images/scene0380_02/00199.jpg",
      "transform_matrix": [
        [
          -0.99247,
          0.046571,
          -0.113288,
          3.752516
        ],
        [
          0.122204,
          0.31369,
          -0.941629,
          3.455416
        ],
        [
          -0.008315,
          -0.948383,
          -0.317019,
          1.606531
        ],
        [
          0.0,
          0.0,
          0.0,
          1.0
        ]
      ]
    },
    {
      "file_path": "/media/NFS/ttao/scannet/posed_images/scene0380_02/00200.jpg",
      "transform_matrix": [
        [
          -0.99259,
          0.04661,
          -0.112222,
          3.763749
        ],
        [
          0.121183,
          0.311301,
          -0.942553,
          3.438953
        ],
        [
          -0.008997,
          -0.949168,
          -0.314643,
          1.612595
        ],
        [
          0.0,
          0.0,
          0.0,
          1.0
        ]
      ]
    },
    {
      "file_path": "/media/NFS/ttao/scannet/posed_images/scene0380_02/00204.jpg",
      "transform_matrix": [
        [
          -0.996393,
          0.023439,
          -0.081562,
          3.747011
        ],
        [
          0.084843,
          0.296207,
          -0.951348,
          3.403547
        ],
        [
          0.00186,
          -0.954836,
          -0.297127,
          1.617406
        ],
        [
          0.0,
          0.0,
          0.0,
          1.0
        ]
      ]
    },
    {
      "file_path": "/media/NFS/ttao/scannet/posed_images/scene0380_02/00208.jpg",
      "transform_matrix": [
        [
          -0.998046,
          0.009174,
          -0.061805,
          3.738927
        ],
        [
          0.061775,
          0.29332,
          -0.954017,
          3.382829
        ],
        [
          0.009377,
          -0.95597,
          -0.293313,
          1.621228
        ],
        [
          0.0,
          0.0,
          0.0,
          1.0
        ]
      ]
    },
    {
      "file_path": "/media/NFS/ttao/scannet/posed_images/scene0380_02/00211.jpg",
      "transform_matrix": [
        [
          -0.998205,
          0.010584,
          -0.058943,
          3.733407
        ],
        [
          0.059434,
          0.295785,
          -0.953404,
          3.374837
        ],
        [
          0.007344,
          -0.955196,
          -0.295883,
          1.617211
        ],
        [
          0.0,
          0.0,
          0.0,
          1.0
        ]
      ]
    },
    {
      "file_path": "/media/NFS/ttao/scannet/posed_images/scene0380_02/00212.jpg",
      "transform_matrix": [
        [
          -0.998163,
          0.013916,
          -0.058971,
          3.729491
        ],
        [
          0.060451,
          0.294994,
          -0.953585,
          3.373382
        ],
        [
          0.004126,
          -0.955398,
          -0.295293,
          1.61737
        ],
        [
          0.0,
          0.0,
          0.0,
          1.0
        ]
      ]
    },
    {
      "file_path": "/media/NFS/ttao/scannet/posed_images/scene0380_02/00216.jpg",
      "transform_matrix": [
        [
          -0.9973,
          0.016641,
          -0.071524,
          3.702888
        ],
        [
          0.07324,
          0.296162,
          -0.952326,
          3.374559
        ],
        [
          0.005335,
          -0.954993,
          -0.296581,
          1.619723
        ],
        [
          0.0,
          0.0,
          0.0,
          1.0
        ]
      ]
    },
    {
      "file_path": "/media/NFS/ttao/scannet/posed_images/scene0380_02/00219.jpg",
      "transform_matrix": [
        [
          -0.996671,
          0.025578,
          -0.07741,
          3.68429
        ],
        [
          0.081501,
          0.289013,
          -0.95385,
          3.381137
        ],
        [
          -0.002025,
          -0.956984,
          -0.290135,
          1.622415
        ],
        [
          0.0,
          0.0,
          0.0,
          1.0
        ]
      ]
    },
    {
      "file_path": "/media/NFS/ttao/scannet/posed_images/scene0380_02/00221.jpg",
      "transform_matrix": [
        [
          -0.995689,
          0.036844,
          -0.085118,
          3.65137
        ],
        [
          0.092163,
          0.290017,
          -0.952573,
          3.3978
        ],
        [
          -0.010411,
          -0.956312,
          -0.292162,
          1.625166
        ],
        [
