{
  "frames": [
    {
      "file_path": "/media/NFS/ttao/scannet/posed_images/scene0203_00/00000.jpg",
      "transform_matrix": [
        [
          -0.504013,
          -0.623751,
          0.597416,
          1.9627
        ],
        [
          -0.863542,
          0.350874,
          -0.362191,
          3.508498
        ],
        [
          0.016299,
          -0.698444,
          -0.71548,
          1.353867
        ],
        [
          0.0,
          0.0,
          0.0,
          1.0
        ]
      ]
    },
    {
      "file_path": "/media/NFS/ttao/scannet/posed_images/scene0203_00/00004.jpg",
      "transform_matrix": [
        [
          -0.50156,
          -0.627698,
          0.595343,
          1.964207
        ],
        [
          -0.864918,
          0.348822,
          -0.360889,
          3.509265
        ],
        [
          0.018861,
          -0.69593,
          -0.717862,
          1.35191
        ],
        [
          0.0,
          0.0,
          0.0,
          1.0
        ]
      ]
    },
    {
      "file_path": "/media/NFS/ttao/scannet/posed_images/scene0203_00/00009.jpg",
      "transform_matrix": [
        [
          -0.495778,
          -0.627954,
          0.599899,
          1.966235
        ],
        [
          -0.868284,
          0.344932,
          -0.356518,
          3.511007
        ],
        [
          0.016953,
          -0.697636,
          -0.716252,
          1.352562
        ],
        [
          0.0,
          0.0,
          0.0,
          1.0
        ]
      ]
    },
    {
      "file_path": "/media/NFS/ttao/scannet/posed_images/scene0203_00/00016.jpg",
      "transform_matrix": [
        [
          -0.478007,
          -0.613128,
          0.628955,
          1.977975
        ],
        [
          -0.87825,
          0.322472,
          -0.353115,
          3.518521
        ],
        [
          0.013684,
          -0.721171,
          -0.692623,
          1.365685
        ],
        [
          0.0,
          0.0,
          0.0,
          1.0
        ]
      ]
    },
    {
      "file_path": "/media/NFS/ttao/scannet/posed_images/scene0203_00/00020.jpg",
      "transform_matrix": [
        [
          -0.417644,
          -0.639015,
          0.645936,
          2.000884
        ],
        [
          -0.908483,
          0.281768,
          -0.30865,
          3.51957
        ],
        [
          0.015228,
          -0.715728,
          -0.698213,
          1.379705
        ],
        [
          0.0,
          0.0,
          0.0,
          1.0
        ]
      ]
    },
    {
      "file_path": "/media/NFS/ttao/scannet/posed_images/scene0203_00/00026.jpg",
      "transform_matrix": [
        [
          -0.332086,
          -0.577533,
          0.745771,
          2.045785
        ],
        [
          -0.943249,
          0.202708,
          -0.263042,
          3.521143
        ],
        [
          0.000742,
          -0.7908,
          -0.612074,
          1.432274
        ],
        [
          0.0,
          0.0,
          0.0,
          1.0
        ]
      ]
    },
    {
      "file_path": "/media/NFS/ttao/scannet/posed_images/scene0203_00/00031.jpg",
      "transform_matrix": [
        [
          -0.297197,
          -0.499454,
          0.813769,
          2.064974
        ],
        [
          -0.95481,
          0.152275,
          -0.255247,
          3.520936
        ],
        [
          0.003567,
          -0.852853,
          -0.522139,
          1.458327
        ],
        [
          0.0,
          0.0,
          0.0,
          1.0
        ]
      ]
    },
    {
      "file_path": "/media/NFS/ttao/scannet/posed_images/scene0203_00/00036.jpg",
      "transform_matrix": [
        [
          -0.328965,
          -0.468561,
          0.819898,
          2.084785
        ],
        [
          -0.944302,
          0.155177,
          -0.290198,
          3.512951
        ],
        [
          0.008746,
          -0.869696,
          -0.49351,
          1.47183
        ],
        [
          0.0,
          0.0,
          0.0,
          1.0
        ]
      ]
    },
    {
      "file_path": "/media/NFS/ttao/scannet/posed_images/scene0203_00/00041.jpg",
      "transform_matrix": [
        [
          -0.376402,
          -0.451482,
          0.809003,
          2.11824
        ],
        [
          -0.926401,
          0.173881,
          -0.333986,
          3.511881
        ],
        [
          0.010118,
          -0.875174,
          -0.483703,
          1.477567
        ],
        [
          0.0,
          0.0,
          0.0,
          1.0
        ]
      ]
    },
    {
      "file_path": "/media/NFS/ttao/scannet/posed_images/scene0203_00/00045.jpg",
      "transform_matrix": [
        [
          -0.427021,
          -0.427713,
          0.79669,
          2.157876
        ],
        [
          -0.903919,
          0.178385,
          -0.388727,
          3.510836
        ],
        [
          0.024146,
          -0.886138,
          -0.462792,
          1.483802
        ],
        [
          0.0,
          0.0,
          0.0,
          1.0
        ]
      ]
    },
    {
      "file_path": "/media/NFS/ttao/scannet/posed_images/scene0203_00/00051.jpg",
      "transform_matrix": [
        [
          -0.518727,
          -0.351657,
          0.779269,
          2.241564
        ],
        [
          -0.854864,
          0.225532,
          -0.467273,
          3.521356
        ],
        [
          -0.01143,
          -0.908556,
          -0.417608,
          1.514533
        ],
        [
          0.0,
          0.0,
          0.0,
          1.0
        ]
      ]
    },
    {
      "file_path": "/media/NFS/ttao/scannet/posed_images/scene0203_00/00055.jpg",
      "transform_matrix": [
        [
          -0.548656,
          -0.267477,
          0.792107,
          2.291129
        ],
        [
          -0.834337,
          0.235765,
          -0.498294,
          3.53238
        ],
        [
          -0.053469,
          -0.934276,
          -0.352519,
          1.542557
        ],
        [
          0.0,
          0.0,
          0.0,
          1.0
        ]
      ]
    },
    {
      "file_path": "/media/NFS/ttao/scannet/posed_images/scene0203_00/00061.jpg",
      "transform_matrix": [
        [
          -0.59308,
          -0.208665,
          0.777635,
          2.346758
        ],
        [
          -0.803031,
          0.223232,
          -0.552548,
          3.564174
        ],
        [
          -0.058296,
          -0.952169,
          -0.299959,
          1.549571
        ],
        [
          0.0,
          0.0,
          0.0,
          1.0
        ]
      ]
    },
    {
      "file_path": "/media/NFS/ttao/scannet/posed_images/scene0203_00/00063.jpg",
      "transform_matrix": [
        [
          -0.598306,
          -0.209896,
          0.773288,
          2.360516
        ],
        [
          -0.798964,
          0.229417,
          -0.555901,
          3.565562
        ],
        [
          -0.060724,
          -0.950427,
          -0.30496,
          1.553141
        ],
        [
          0.0,
          0.0,
          0.0,
          1.0
        ]
      ]
    },
    {
      "file_path": "/media/NFS/ttao/scannet/posed_images/scene0203_00/00067.jpg",
      "transform_matrix": [
        [
          -0.606639,
          -0.212334,
          0.766096,
          2.389724
        ],
        [
          -0.792393,
          0.239149,
          -0.561178,
          3.552132
        ],
        [
          -0.064054,
          -0.947482,
          -0.313329,
          1.561916
        ],
        [
          0.0,
          0.0,
          0.0,
          1.0
        ]
      ]
    },
    {
      "file_path": "/media/NFS/ttao/scannet/posed_images/scene0203_00/00071.jpg",
      "transform_matrix": [
        [
          -0.613277,
          -0.198564,
          0.764502,
          2.415386
        ],
        [
          -0.787315,
          0.231427,
          -0.571469,
          3.516414
        ],
        [
          -0.063453,
          -0.952373,
          -0.298262,
          1.564026
        ],
        [
          0.0,
          0.0,
          0.0,
          1.0
        ]
      ]
    },
    {
      "file_path": "/media/NFS/ttao/scannet/posed_images/scene0203_00/00080.jpg",
      "transform_matrix": [
        [
          -0.555709,
          -0.222931,
          0.80093,
          2.489297
        ],
        [
          -0.831017,
          0.177307,
          -0.527232,
          3.340715
        ],
        [
          -0.024474,
          -0.958574,
          -0.283791,
          1.565301
        ],
        [
          0.0,
          0.0,
          0.0,
          1.0
        ]
      ]
    },
    {
      "file_path": "/media/NFS/ttao/scannet/posed_images/scene0203_00/00082.jpg",
      "transform_matrix": [
        [
          -0.542792,
          -0.228215,
          0.808267,
          2.500036
        ],
        [
          -0.839512,
          0.175436,
          -0.51424,
          3.293908
        ],
        [
          -0.024442,
          -0.957674,
          -0.286814,
          1.56587
        ],
        [
          0.0,
          0.0,
          0.0,
          1.0
        ]
      ]
    },
    {
      "file_path": "/media/NFS/ttao/scannet/posed_images/scene0203_00/00089.jpg",
      "transform_matrix": [
        [
          -0.466037,
          -0.247941,
          0.849314,
          2.537181
        ],
        [
          -0.884135,
          0.166756,
          -0.436462,
          3.115691
        ],
        [
          -0.033411,
          -0.954315,
          -0.296927,
          1.565931
        ],
        [
          0.0,
          0.0,
          0.0,
          1.0
        ]
      ]
    },
    {
      "file_path": "/media/NFS/ttao/scannet/posed_images/scene0203_00/00095.jpg",
      "transform_matrix": [
        [
          -0.430787,
          -0.263991,
          0.862978,
          2.598069
        ],
        [
          -0.900436,
          0.189654,
          -0.391469,
          2.966646
        ],
        [
          -0.060323,
          -0.945696,
          -0.319407,
          1.568463
        ],
        [
          0.0,
          0.0,
          0.0,
          1.0
        ]
      ]
    },
    {
      "file_path": "/media/NFS/ttao/scannet/posed_images/scene0203_00/00096.jpg",
      "transform_matrix": [
        [
          -0.428582,
          -0.263784,
          0.864138,
          2.60552
        ],
        [
          -0.901389,
          0.190219,
          -0.388992,
          2.947934
        ],
        [
          -0.061766,
          -0.94564,
          -0.319296,
          1.566759
        ],
        [
          0.0,
          0.0,
          0.0,
          1.0
        ]
      ]
    },
    {
      "file_path": "/media/NFS/ttao/scannet/posed_images/scene0203_00/00101.jpg",
      "transform_matrix": [
        [
          -0.424322,
          -0.267529,
          0.865089,
          2.689729
        ],
        [
          -0.90439,
          0.172756,
          -0.390174,
          2.84829
        ],
        [
          -0.045067,
          -0.947937,
          -0.315254,
          1.543763
        ],
        [
          0.0,
          0.0,
          0.0,
          1.0
        ]
      ]
    },
    {
      "file_path": "/media/NFS/ttao/scannet/posed_images/scene0203_00/00107.jpg",
      "transform_matrix": [
        [
          -0.405797,
          -0.285406,
          0.868258,
          2.809675
        ],
        [
          -0.913957,
          0.130376,
          -0.384299,
          2.727993
        ],
        [
          -0.003519,
          -0.949498,
          -0.313755,
          1.545165
        ],
        [
          0.0,
          0.0,
          0.0,
          1.0
        ]
      ]
    },
    {
      "file_path": "/media/NFS/ttao/scannet/posed_images/scene0203_00/00112.jpg",
      "transform_matrix": [
        [
          -0.381525,
          -0.305196,
          0.872522,
          2.878025
        ],
        [
          -0.924288,
          0.114322,
          -0.364173,
          2.619947
        ],
        [
          0.011396,
          -0.945403,
          -0.325705,
          1.537008
        ],
        [
          0.0,
          0.0,
          0.0,
          1.0
        ]
      ]
    },
    {
      "file_path": "/media/NFS/ttao/scannet/posed_images/scene0203_00/00115.jpg",
      "transform_matrix": [
        [
          -0.381847,
          -0.31582,
          0.868591,
          2.925992
        ],
        [
          -0.924054,
          0.112328,
          -0.365386,
          2.553481
        ],
        [
          0.017829,
          -0.942147,
          -0.334727,
          1.525726
        ],
        [
          0.0,
          0.0,
          0.0,
          1.0
        ]
      ]
    },
    {
      "file_path": "/media/NFS/ttao/scannet/posed_images/scene0203_00/00121.jpg",
      "transform_matrix": [
        [
          -0.330765,
          -0.347798,
          0.877286,
          2.963825
        ],
        [
          -0.942968,
          0.084861,
          -0.321886,
          2.400472
        ],
        [
          0.037504,
          -0.933721,
          -0.356031,
          1.511782
        ],
        [
          0.0,
          0.0,
          0.0,
          1.0
        ]
      ]
    },
    {
      "file_path": "/media/NFS/ttao/scannet/posed_images/scene0203_00/00125.jpg",
      "transform_matrix": [
        [
          -0.26788,
          -0.360024,
          0.893657,
          2.996367
        ],
        [
          -0.963237,
          0.080443,
          -0.256329,
          2.318101
        ],
        [
          0.020397,
          -0.929469,
          -0.368337,
          1.514672
        ],
        [
          0.0,
          0.0,
          0.0,
          1.0
        ]
      ]
    },
    {
      "file_path": "/media/NFS/ttao/scannet/posed_images/scene0203_00/00130.jpg",
      "transform_matrix": [
        [
          -0.164699,
          -0.359523,
          0.918487,
          3.062617
        ],
        [
          -0.986309,
          0.052117,
          -0.15646,
          2.251654
        ],
        [
          0.008383,
          -0.93168,
          -0.363184,
          1.531417
        ],
        [
          0.0,
          0.0,
          0.0,
          1.0
        ]
      ]
    },
    {
      "file_path": "/media/NFS/ttao/scannet/posed_images/scene0203_00/00136.jpg",
      "transform_matrix": [
        [
          -0.078012,
          -0.241538,
          0.967251,
          3.140041
        ],
        [
          -0.99692,
          0.026723,
          -0.073732,
          2.189622
        ],
        [
          -0.008039,
          -0.970023,
          -0.242878,
          1.54616
        ],
        [
          0.0,
          0.0,
          0.0,
          1.0
        ]
      ]
    },
    {
      "file_path": "/media/NFS/ttao/scannet/posed_images/scene0203_00/00140.jpg",
      "transform_matrix": [
        [
          -0.04412,
          -0.147593,
          0.988063,
          3.193438
        ],
        [
          -0.998715,
          0.031201,
          -0.039935,
          2.246658
        ],
        [
          -0.024935,
          -0.988556,
          -0.14878,
          1.578443
        ],
        [
          0.0,
          0.0,
          0.0,
          1.0
        ]
      ]
    },
    {
      "file_path": "/media/NFS/ttao/scannet/posed_images/scene0203_00/00149.jpg",
      "transform_matrix": [
        [
          0.085992,
          -0.069417,
          0.993874,
          3.271497
        ],
        [
          -0.996121,
          -0.024711,
          0.08446,
          2.223226
        ],
        [
          0.018697,
          -0.997282,
          -0.071273,
          1.59909
        ],
        [
          0.0,
          0.0,
          0.0,
          1.0
        ]
      ]
    },
    {
      "file_path": "/media/NFS/ttao/scannet/posed_images/scene0203_00/00150.jpg",
      "transform_matrix": [
        [
          0.088821,
          -0.086224,
          0.992308,
          3.286471
        ],
        [
          -0.995788,
          -0.030453,
          0.086487,
          2.260207
        ],
        [
          0.022762,
          -0.99581,
          -0.088566,
          1.628396
        ],
        [
          0.0,
          0.0,
          0.0,
          1.0
        ]
      ]
    },
    {
      "file_path": "/media/NFS/ttao/scannet/posed_images/scene0203_00/00156.jpg",
      "transform_matrix": [
        [
          0.165057,
          -0.111711,
          0.979937,
          3.312791
        ],
        [
          -0.985712,
          -0.052535,
          0.160041,
          2.254018
        ],
        [
          0.033603,
          -0.992351,
          -0.118786,
          1.617319
        ],
        [
          0.0,
          0.0,
          0.0,
          1.0
        ]
      ]
    },
    {
      "file_path": "/media/NFS/ttao/scannet/posed_images/scene0203_00/00160.jpg",
      "transform_matrix": [
        [
          0.229145,
          -0.154559,
          0.961043,
          3.334219
        ],
        [
          -0.972627,
          -0.075516,
          0.219762,
          2.26438
        ],
        [
          0.038608,
          -0.985093,
          -0.167632,
          1.600562
        ],
        [
          0.0,
          0.0,
          0.0,
          1.0
        ]
      ]
    },
    {
      "file_path": "/media/NFS/ttao/scannet/posed_images/scene0203_00/00166.jpg",
      "transform_matrix": [
        [
          0.33023,
          -0.221418,
          0.917563,
          3.342901
        ],
        [
          -0.943645,
          -0.100052,
          0.315473,
          2.236564
        ],
        [
          0.021953,
          -0.970033,
          -0.241981,
          1.572086
        ],
        [
          0.0,
          0.0,
          0.0,
          1.0
        ]
      ]
    },
    {
      "file_path": "/media/NFS/ttao/scannet/posed_images/scene0203_00/00171.jpg",
      "transform_matrix": [
        [
          0.37173,
          -0.289251,
          0.882128,
          3.328629
        ],
        [
          -0.928331,
          -0.111442,
          0.354658,
          2.269121
        ],
        [
          -0.004279,
          -0.950744,
          -0.309947,
          1.539759
        ],
        [
          0.0,
          0.0,
          0.0,
          1.0
        ]
      ]
    },
    {
      "file_path": "/media/NFS/ttao/scannet/posed_images/scene0203_00/00175.jpg",
      "transform_matrix": [
        [
          0.388731,
          -0.331728,
          0.859561,
          3.293605
        ],
        [
          -0.921206,
          -0.123344,
          0.369008,
          2.276488
        ],
        [
          -0.016389,
          -0.935277,
          -0.353537,
          1.52473
        ],
        [
          0.0,
          0.0,
          0.0,
          1.0
        ]
      ]
    },
    {
      "file_path": "/media/NFS/ttao/scannet/posed_images/scene0203_00/00181.jpg",
      "transform_matrix": [
        [
          0.312775,
          -0.389112,
          0.866466,
          3.155959
        ],
        [
          -0.949473,
          -0.103164,
          0.29641,
          2.411791
        ],
        [
          -0.025948,
          -0.915396,
          -0.401718,
          1.507653
        ],
        [
          0.0,
          0.0,
          0.0,
          1.0
        ]
      ]
    },
    {
      "file_path": "/media/NFS/ttao/scannet/posed_images/scene0203_00/00185.jpg",
      "transform_matrix": [
        [
          0.276306,
          -0.43501,
          0.856984,
          3.074059
        ],
        [
          -0.959629,
          -0.076064,
          0.270789,
          2.426721
        ],
        [
          -0.05261,
          -0.897207,
          -0.438466,
          1.481395
        ],
        [
          0.0,
          0.0,
          0.0,
          1.0
        ]
      ]
    },
    {
      "file_path": "/media/NFS/ttao/scannet/posed_images/scene0203_00/00193.jpg",
      "transform_matrix": [
        [
          0.17822,
          -0.539657,
          0.822805,
          2.952235
        ],
        [
          -0.982544,
          -0.052261,
          0.178543,
          2.485809
        ],
        [
          -0.053351,
          -0.840262,
          -0.53955,
          1.453808
        ],
        [
          0.0,
          0.0,
          0.0,
          1.0
        ]
      ]
    },
    {
      "file_path": "/media/NFS/ttao/scannet/posed_images/scene0203_00/00196.jpg",
      "transform_matrix": [
        [
          0.125505,
          -0.559576,
          0.819221,
          2.909009
        ],
        [
          -0.990222,
          -0.019961,
          0.138068,
          2.517759
        ],
        [
          -0.060907,
          -0.828539,
          -0.556609,
          1.44114
        ],
        [
          0.0,
          0.0,
          0.0,
          1.0
        ]
      ]
    },
    {
      "file_path": "/media/NFS/ttao/scannet/posed_images/scene0203_00/00200.jpg",
      "transform_matrix": [
        [
          0.022537,
          -0.578669,
          0.815251,
          2.856676
        ],
        [
          -0.998325,
          0.03044,
          0.049204,
          2.585797
        ],
        [
          -0.05329,
          -0.814995,
          -0.577013,
          1.420526
        ],
        [
          0.0,
          0.0,
          0.0,
          1.0
        ]
      ]
    },
    {
      "file_path": "/media/NFS/ttao/scannet/posed_images/scene0203_00/00206.jpg",
      "transform_matrix": [
        [
          -0.127429,
          -0.602361,
          0.787987,
          2.78373
        ],
        [
          -0.988108,
          0.146025,
          -0.048166,
          2.681296
        ],
        [
          -0.086052,
          -0.784754,
          -0.613805,
          1.391828
        ],
        [
          0.0,
          0.0,
          0.0,
          1.0
        ]
      ]
    },
    {
      "file_path": "/media/NFS/ttao/scannet/posed_images/scene0203_00/00210.jpg",
      "transform_matrix": [
        [
          -0.20826,
          -0.600371,
          0.772128,
          2.730955
        ],
        [
          -0.971572,
          0.217861,
          -0.092656,
          2.743293
        ],
        [
          -0.112588,
          -0.769475,
          -0.628675,
          1.39066
        ],
        [
          0.0,
          0.0,
          0.0,
          1.0
        ]
      ]
    },
    {
      "file_path": "/media/NFS/ttao/scannet/posed_images/scene0203_00/00216.jpg",
      "transform_matrix": [
        [
          -0.291338,
          -0.60227,
          0.743232,
          2.656672
        ],
        [
          -0.953276,
          0.247692,
          -0.172958,
          2.793205
        ],
        [
          -0.079926,
          -0.758894,
          -0.646291,
          1.383677
        ],
        [
          0.0,
          0.0,
          0.0,
          1.0
        ]
      ]
    },
    {
      "file_path": "/media/NFS/ttao/scannet/posed_images/scene0203_00/00220.jpg",
      "transform_matrix": [
        [
          -0.326882,
          -0.599,
          0.730991,
          2.606874
        ],
        [
          -0.942318,
          0.265515,
          -0.20381,
          2.825395
        ],
        [
          -0.072006,
          -0.755448,
          -0.651241,
          1.381385
        ],
        [
          0.0,
          0.0,
          0.0,
          1.0
        ]
      ]
    },
    {
      "file_path": "/media/NFS/ttao/scannet/posed_images/scene0203_00/00223.jpg",
      "transform_matrix": [
        [
          -0.350714,
          -0.593946,
          0.724036,
          2.571944
        ],
        [
          -0.933365,
          0.284727,
          -0.218541,
          2.841592
        ],
        [
          -0.076351,
          -0.752435,
          -0.654226,
          1.377768
        ],
        [
          0.0,
          0.0,
          0.0,
          1.0
        ]
      ]
    },
    {
      "file_path": "/media/NFS/ttao/scannet/posed_images/scene0203_00/00231.jpg",
      "transform_matrix": [
        [
          -0.471163,
          -0.551838,
          0.6881,
          2.452574
        ],
        [
          -0.875776,
          0.385535,
          -0.290482,
          2.906405
        ],
        [
          -0.104988,
          -0.739485,
          -0.664936,
          1.380606
        ],
        [
          0.0,
          0.0,
          0.0,
          1.0
        ]
      ]
    },
    {
      "file_path": "/media/NFS/ttao/scannet/posed_images/scene0203_00/00236.jpg",
      "transform_matrix": [
        [
          -0.54291,
          -0.551309,
          0.633488,
          2.406991
        ],
        [
          -0.836637,
          0.420393,
          -0.351154,
          2.966289
        ],
        [
          -0.072719,
          -0.720644,
          -0.689481,
          1.378309
        ],
        [
          0.0,
          0.0,
          0.0,
          1.0
        ]
      ]
    },
    {
      "file_path": "/media/NFS/ttao/scannet/posed_images/scene0203_00/00241.jpg",
      "transform_matrix": [
        [
          -0.630347,
          -0.494364,
          0.598554,
          2.389788
        ],
        [
          -0.774221,
          0.456906,
          -0.437972,
          3.023301
        ],
        [
          -0.056966,
          -0.739487,
          -0.670756,
          1.369864
        ],
        [
          0.0,
          0.0,
          0.0,
          1.0
        ]
      ]
    },
    {
      "file_path": "/media/NFS/ttao/scannet/posed_images/scene0203_00/00242.jpg",
      "transform_matrix": [
        [
          -0.643808,
          -0.484088,
          0.592597,
          2.390642
        ],
        [
          -0.762896,
          0.465973,
          -0.448174,
          3.034185
        ],
        [
          -0.059179,
          -0.740627,
          -0.669305,
          1.367355
        ],
        [
          0.0,
          0.0,
          0.0,
          1.0
        ]
      ]
    },
    {
      "file_path": "/media/NFS/ttao/scannet/posed_images/scene0203_00/00251.jpg",
      "transform_matrix": [
        [
          -0.829284,
          -0.351941,
          0.43408,
          2.406488
        ],
        [
          -0.55858,
          0.54517,
          -0.625123,
          3.117906
        ],
        [
          -0.016641,
          -0.760872,
          -0.648688,
          1.349637
        ],
        [
          0.0,
          0.0,
          0.0,
          1.0
        ]
      ]
    },
    {
      "file_path": "/media/NFS/ttao/scannet/posed_images/scene0203_00/00255.jpg",
      "transform_matrix": [
        [
          -0.892723,
          -0.275864,
          0.356292,
          2.398761
        ],
        [
          -0.450601,
          0.543332,
          -0.708342,
          3.136142
        ],
        [
          0.001822,
          -0.792899,
          -0.60935,
          1.373132
        ],
        [
          0.0,
          0.0,
          0.0,
          1.0
        ]
      ]
    },
    {
      "file_path": "/media/NFS/ttao/scannet/posed_images/scene0203_00/00260.jpg",
      "transform_matrix": [
        [
          -0.936687,
          -0.197978,
          0.288828,
          2.347191
        ],
        [
          -0.349635,
          0.483323,
          -0.802592,
          3.16291
        ],
        [
          0.019298,
          -0.852762,
          -0.521943,
          1.418959
        ],
        [
          0.0,
          0.0,
          0.0,
          1.0
        ]
      ]
    },
    {
      "file_path": "/media/NFS/ttao/scannet/posed_images/scene0203_00/00266.jpg",
      "transform_matrix": [
        [
          -0.95485,
          -0.132322,
          0.265993,
          2.311149
        ],
        [
          -0.297014,
          0.405171,
          -0.86465,
          3.199597
        ],
        [
          0.00664,
          -0.904615,
          -0.426179,
          1.459871
        ],
        [
          0.0,
          0.0,
          0.0,
          1.0
        ]
      ]
    },
    {
      "file_path": "/media/NFS/ttao/scannet/posed_images/scene0203_00/00270.jpg",
      "transform_matrix": [
        [
          -0.962407,
          -0.105743,
          0.250181,
          2.243434
        ],
        [
          -0.271603,
          0.367963,
          -0.889289,
          3.231776
        ],
        [
          0.001979,
          -0.923808,
          -0.38285,
          1.497125
        ],
        [
          0.0,
          0.0,
          0.0,
          1.0
        ]
      ]
    },
    {
      "file_path": "/media/NFS/ttao/scannet/posed_images/scene0203_00/00271.jpg",
      "transform_matrix": [
        [
          -0.964002,
          -0.100299,
          0.246251,
          2.230731
        ],
        [
          -0.265889,
          0.358096,
          -0.895026,
          3.243069
        ],
        [
          0.001588,
          -0.928282,
          -0.371873,
          1.500529
        ],
        [
          0.0,
          0.0,
          0.0,
          1.0
        ]
      ]
    },
    {
      "file_path": "/media/NFS/ttao/scannet/posed_images/scene0203_00/00276.jpg",
      "transform_matrix": [
        [
          -0.980531,
          -0.079709,
          0.179457,
          2.217724
        ],
        [
          -0.195996,
          0.341451,
          -0.919237,
          3.298913
        ],
        [
          0.011995,
          -0.936514,
          -0.350426,
          1.526205
        ],
        [
          0.0,
          0.0,
          0.0,
          1.0
        ]
      ]
    },
    {
      "file_path": "/media/NFS/ttao/scannet/posed_images/scene0203_00/00285.jpg",
      "transform_matrix": [
        [
          -0.99943,
          -0.025581,
          0.022039,
          2.185391
        ],
        [
          -0.03008,
          0.377981,
          -0.925325,
          3.37217
        ],
        [
          0.01534,
          -0.92546,
          -0.378535,
          1.507422
        ],
        [
          0.0,
          0.0,
          0.0,
          1.0
        ]
      ]
    },
    {
      "file_path": "/media/NFS/ttao/scannet/posed_images/scene0203_00/00286.jpg",
      "transform_matrix": [
        [
          -0.999769,
          -0.020654,
          0.005928,
          2.186289
        ],
        [
          -0.013424,
          0.384897,
          -0.922862,
          3.37633
        ],
        [
          0.016779,
          -0.922729,
          -0.385085,
          1.502491
        ],
        [
          0.0,
          0.0,
          0.0,
          1.0
        ]
      ]
    },
    {
      "file_path": "/media/NFS/ttao/scannet/posed_images/scene0203_00/00290.jpg",
      "transform_matrix": [
        [
          -0.998364,
          0.003403,
          -0.057086,
          2.178634
        ],
        [
          0.053585,
          0.404371,
          -0.913024,
          3.400835
        ],
        [
          0.019977,
          -0.914589,
          -0.403892,
          1.455783
        ],
        [
          0.0,
          0.0,
          0.0,
          1.0
        ]
      ]
    },
    {
      "file_path": "/media/NFS/ttao/scannet/posed_images/scene0203_00/00298.jpg",
      "transform_matrix": [
        [
          -0.953853,
          0.104531,
          -0.281493,
          2.250389
        ],
        [
          0.299852,
          0.381326,
          -0.874459,
          3.419935
        ],
        [
          0.015932,
          -0.918512,
          -0.395073,
          1.418159
        ],
        [
          0.0,
          0.0,
          0.0,
          1.0
        ]
      ]
    },
    {
      "file_path": "/media/NFS/ttao/scannet/posed_images/scene0203_00/00302.jpg",
      "transform_matrix": [
        [
          -0.900932,
          0.158011,
          -0.404171,
          2.23065
        ],
        [
          0.433564,
          0.367556,
          -0.822755,
          3.459844
        ],
        [
          0.018551,
          -0.91648,
          -0.399651,
          1.39813
        ],
        [
          0.0,
          0.0,
          0.0,
          1.0
        ]
      ]
    },
    {
      "file_path": "/media/NFS/ttao/scannet/posed_images/scene0203_00/00305.jpg",
      "transform_matrix": [
        [
          -0.833094,
          0.191655,
          -0.518868,
          2.268047
        ],
        [
          0.551413,
          0.361674,
          -0.751755,
          3.461384
        ],
        [
          0.043584,
          -0.912393,
          -0.40699,
          1.399312
        ],
        [
          0.0,
          0.0,
          0.0,
          1.0
        ]
      ]
    },
    {
      "file_path": "/media/NFS/ttao/scannet/posed_images/scene0203_00/00312.jpg",
      "transform_matrix": [
        [
          -0.727349,
          0.130509,
          -0.673744,
          2.294616
        ],
        [
          0.672078,
          0.334073,
          -0.660838,
          3.472268
        ],
        [
          0.138834,
          -0.933468,
          -0.3307,
          1.479947
        ],
        [
          0.0,
          0.0,
          0.0,
          1.0
        ]
      ]
    },
    {
      "file_path": "/media/NFS/ttao/scannet/posed_images/scene0203_00/00318.jpg",
      "transform_matrix": [
        [
          -0.696961,
          0.026929,
          -0.716603,
          2.320536
        ],
        [
          0.699204,
          0.247427,
          -0.670741,
          3.495514
        ],
        [
          0.159244,
          -0.968532,
          -0.191276,
          1.555423
        ],
        [
          0.0,
          0.0,
          0.0,
          1.0
        ]
      ]
    },
    {
      "file_path": "/media/NFS/ttao/scannet/posed_images/scene0203_00/00322.jpg",
      "transform_matrix": [
        [
          -0.699377,
          -0.054344,
          -0.712684,
          2.316278
        ],
        [
          0.689519,
          0.211308,
          -0.692757,
          3.551428
        ],
        [
          0.188242,
          -0.975908,
          -0.110313,
          1.57183
        ],
        [
          0.0,
          0.0,
          0.0,
          1.0
        ]
      ]
    },
    {
      "file_path": "/media/NFS/ttao/scannet/posed_images/scene0203_00/00327.jpg",
      "transform_matrix": [
        [
          -0.70278,
          -0.085098,
          -0.706299,
          2.3258
        ],
        [
          0.6842,
          0.191089,
          -0.703815,
          3.579368
        ],
        [
          0.194859,
          -0.977877,
          -0.07607,
          1.608195
        ],
        [
          0.0,
          0.0,
          0.0,
          1.0
        ]
      ]
    },
    {
      "file_path": "/media/NFS/ttao/scannet/posed_images/scene0203_00/00330.jpg",
      "transform_matrix": [
        [
          -0.693592,
          -0.1245,
          -0.709528,
          2.324057
        ],
        [
          0.688303,
          0.176055,
          -0.703736,
          3.612948
        ],
        [
          0.212531,
          -0.976476,
          -0.036416,
          1.615388
        ],
        [
          0.0,
          0.0,
          0.0,
          1.0
        ]
      ]
    },
    {
      "file_path": "/media/NFS/ttao/scannet/posed_images/scene0203_00/00334.jpg",
      "transform_matrix": [
        [
          -0.660233,
          -0.181635,
          -0.728767,
          2.340522
        ],
        [
          0.710998,
          0.161524,
          -0.684392,
          3.628914
        ],
        [
          0.242023,
          -0.97001,
          0.022498,
          1.636104
        ],
        [
          0.0,
          0.0,
          0.0,
          1.0
        ]
      ]
    },
    {
      "file_path": "/media/NFS/ttao/scannet/posed_images/scene0203_00/00340.jpg",
      "transform_matrix": [
        [
          -0.548499,
          -0.2317,
          -0.803408,
          2.375851
        ],
        [
          0.791944,
          0.16433,
          -0.588065,
          3.628664
        ],
        [
          0.268279,
          -0.958807,
          0.093358,
          1.655819
        ],
        [
          0.0,
          0.0,
          0.0,
          1.0
        ]
      ]
    },
    {
      "file_path": "/media/NFS/ttao/scannet/posed_images/scene0203_00/00346.jpg",
      "transform_matrix": [
        [
          -0.440944,
          -0.201675,
          -0.874583,
          2.39171
        ],
        [
          0.869229,
          0.146832,
          -0.472104,
          3.6556
        ],
        [
          0.223628,
          -0.968384,
          0.110557,
          1.628633
        ],
        [
          0.0,
          0.0,
          0.0,
          1.0
        ]
      ]
    },
    {
      "file_path": "/media/NFS/ttao/scannet/posed_images/scene0203_00/00353.jpg",
      "transform_matrix": [
        [
          -0.258155,
          -0.088817,
          -0.962012,
          2.412654
        ],
        [
          0.950026,
          0.157565,
          -0.269486,
          3.651658
        ],
        [
          0.175515,
          -0.983507,
          0.043702,
          1.622113
        ],
        [
          0.0,
          0.0,
          0.0,
          1.0
        ]
      ]
    },
    {
      "file_path": "/media/NFS/ttao/scannet/posed_images/scene0203_00/00356.jpg",
      "transform_matrix": [
        [
          -0.157257,
          -0.045219,
          -0.986522,
          2.413796
        ],
        [
          0.979638,
          0.119118,
          -0.161619,
          3.65944
        ],
        [
          0.12482,
          -0.99185,
          0.025566,
          1.611986
        ],
        [
          0.0,
          0.0,
          0.0,
          1.0
        ]
      ]
    },
    {
      "file_path": "/media/NFS/ttao/scannet/posed_images/scene0203_00/00362.jpg",
      "transform_matrix": [
        [
          -0.000276,
          0.00715,
          -0.999974,
          2.416794
        ],
        [
          0.997871,
          0.065216,
          0.000191,
          3.683363
        ],
        [
          0.065215,
          -0.997846,
          -0.007153,
          1.608272
        ],
        [
          0.0,
          0.0,
          0.0,
          1.0
        ]
      ]
    },
    {
      "file_path": "/media/NFS/ttao/scannet/posed_images/scene0203_00/00365.jpg",
      "transform_matrix": [
        [
          0.102255,
          0.031113,
          -0.994271,
          2.412421
        ],
        [
          0.993534,
          0.046377,
          0.103631,
          3.702173
        ],
        [
          0.049335,
          -0.998439,
          -0.02617,
          1.610171
        ],
        [
          0.0,
          0.0,
          0.0,
          1.0
        ]
      ]
    },
    {
      "file_path": "/media/NFS/ttao/scannet/posed_images/scene0203_00/00371.jpg",
      "transform_matrix": [
        [
          0.250471,
          0.066358,
          -0.965847,
          2.405359
        ],
        [
          0.968113,
          -0.012401,
          0.250207,
          3.718158
        ],
        [
          0.004626,
          -0.997719,
          -0.067348,
          1.595796
        ],
        [
          0.0,
          0.0,
          0.0,
          1.0
        ]
      ]
    },
    {
      "file_path": "/media/NFS/ttao/scannet/posed_images/scene0203_00/00375.jpg",
      "transform_matrix": [
        [
          0.33209,
          0.096988,
          -0.938248,
          2.397921
        ],
        [
          0.942952,
          -0.059049,
          0.327651,
          3.735597
        ],
        [
          -0.023625,
