{
  "frames": [
    {
      "file_path": "/media/NFS/ttao/scannet/posed_images/scene0616_00/00000.jpg",
      "transform_matrix": [
        [
          -0.976604,
          0.081112,
          -0.19916,
          4.567177
        ],
        [
          0.215036,
          0.3603,
          -0.907713,
          2.788496
        ],
        [
          -0.001869,
          -0.929303,
          -0.369313,
          1.425405
        ],
        [
          0.0,
          0.0,
          0.0,
          1.0
        ]
      ]
    },
    {
      "file_path": "/media/NFS/ttao/scannet/posed_images/scene0616_00/00009.jpg",
      "transform_matrix": [
        [
          -0.971722,
          0.095767,
          -0.215835,
          4.523705
        ],
        [
          0.235958,
          0.35917,
          -0.902951,
          2.78354
        ],
        [
          -0.008952,
          -0.928346,
          -0.371611,
          1.426649
        ],
        [
          0.0,
          0.0,
          0.0,
          1.0
        ]
      ]
    },
    {
      "file_path": "/media/NFS/ttao/scannet/posed_images/scene0616_00/00024.jpg",
      "transform_matrix": [
        [
          -0.932799,
          0.138891,
          -0.332558,
          4.323952
        ],
        [
          0.360393,
          0.355341,
          -0.862467,
          2.723448
        ],
        [
          -0.001618,
          -0.92436,
          -0.381518,
          1.45377
        ],
        [
          0.0,
          0.0,
          0.0,
          1.0
        ]
      ]
    },
    {
      "file_path": "/media/NFS/ttao/scannet/posed_images/scene0616_00/00030.jpg",
      "transform_matrix": [
        [
          -0.888264,
          0.163401,
          -0.429286,
          4.270852
        ],
        [
          0.459033,
          0.349508,
          -0.816782,
          2.622576
        ],
        [
          0.016576,
          -0.922575,
          -0.385462,
          1.456055
        ],
        [
          0.0,
          0.0,
          0.0,
          1.0
        ]
      ]
    },
    {
      "file_path": "/media/NFS/ttao/scannet/posed_images/scene0616_00/00043.jpg",
      "transform_matrix": [
        [
          -0.712667,
          0.259993,
          -0.651544,
          4.108556
        ],
        [
          0.700095,
          0.322401,
          -0.637122,
          2.416239
        ],
        [
          0.044411,
          -0.910198,
          -0.411785,
          1.466744
        ],
        [
          0.0,
          0.0,
          0.0,
          1.0
        ]
      ]
    },
    {
      "file_path": "/media/NFS/ttao/scannet/posed_images/scene0616_00/00052.jpg",
      "transform_matrix": [
        [
          -0.573521,
          0.309145,
          -0.758619,
          3.9224
        ],
        [
          0.818643,
          0.250144,
          -0.516964,
          2.366287
        ],
        [
          0.029947,
          -0.917528,
          -0.396543,
          1.474036
        ],
        [
          0.0,
          0.0,
          0.0,
          1.0
        ]
      ]
    },
    {
      "file_path": "/media/NFS/ttao/scannet/posed_images/scene0616_00/00067.jpg",
      "transform_matrix": [
        [
          -0.407322,
          0.338668,
          -0.84817,
          3.669236
        ],
        [
          0.913082,
          0.13147,
          -0.386,
          2.335775
        ],
        [
          -0.019217,
          -0.931676,
          -0.362783,
          1.465702
        ],
        [
          0.0,
          0.0,
          0.0,
          1.0
        ]
      ]
    },
    {
      "file_path": "/media/NFS/ttao/scannet/posed_images/scene0616_00/00076.jpg",
      "transform_matrix": [
        [
          -0.289287,
          0.341353,
          -0.89431,
          3.582814
        ],
        [
          0.957123,
          0.088416,
          -0.275858,
          2.362786
        ],
        [
          -0.015094,
          -0.935767,
          -0.352295,
          1.477993
        ],
        [
          0.0,
          0.0,
          0.0,
          1.0
        ]
      ]
    },
    {
      "file_path": "/media/NFS/ttao/scannet/posed_images/scene0616_00/00082.jpg",
      "transform_matrix": [
        [
          -0.158747,
          0.357653,
          -0.920263,
          3.534969
        ],
        [
          0.987123,
          0.038902,
          -0.155162,
          2.347084
        ],
        [
          -0.019694,
          -0.933044,
          -0.359223,
          1.475317
        ],
        [
          0.0,
          0.0,
          0.0,
          1.0
        ]
      ]
    },
    {
      "file_path": "/media/NFS/ttao/scannet/posed_images/scene0616_00/00097.jpg",
      "transform_matrix": [
        [
          0.217715,
          0.355189,
          -0.909088,
          3.466306
        ],
        [
          0.975492,
          -0.109609,
          0.190792,
          2.229846
        ],
        [
          -0.031877,
          -0.928346,
          -0.370347,
          1.467106
        ],
        [
          0.0,
          0.0,
          0.0,
          1.0
        ]
      ]
    },
    {
      "file_path": "/media/NFS/ttao/scannet/posed_images/scene0616_00/00100.jpg",
      "transform_matrix": [
        [
          0.293466,
          0.343846,
          -0.891991,
          3.460058
        ],
        [
          0.955778,
          -0.124209,
          0.266571,
          2.204341
        ],
        [
          -0.019134,
          -0.930775,
          -0.365092,
          1.468241
        ],
        [
          0.0,
          0.0,
          0.0,
          1.0
        ]
      ]
    },
    {
      "file_path": "/media/NFS/ttao/scannet/posed_images/scene0616_00/00112.jpg",
      "transform_matrix": [
        [
          0.489581,
          0.348012,
          -0.799498,
          3.459455
        ],
        [
          0.871958,
          -0.195533,
          0.448839,
          2.241886
        ],
        [
          -0.000127,
          -0.916872,
          -0.399181,
          1.477074
        ],
        [
          0.0,
          0.0,
          0.0,
          1.0
        ]
      ]
    },
    {
      "file_path": "/media/NFS/ttao/scannet/posed_images/scene0616_00/00121.jpg",
      "transform_matrix": [
        [
          0.572651,
          0.337246,
          -0.747219,
          3.490062
        ],
        [
          0.819793,
          -0.23915,
          0.520333,
          2.302598
        ],
        [
          -0.003217,
          -0.910534,
          -0.413421,
          1.470706
        ],
        [
          0.0,
          0.0,
          0.0,
          1.0
        ]
      ]
    },
    {
      "file_path": "/media/NFS/ttao/scannet/posed_images/scene0616_00/00131.jpg",
      "transform_matrix": [
        [
          0.685641,
          0.312788,
          -0.657313,
          3.504267
        ],
        [
          0.727789,
          -0.312969,
          0.610225,
          2.349161
        ],
        [
          -0.014847,
          -0.89678,
          -0.442228,
          1.475011
        ],
        [
          0.0,
          0.0,
          0.0,
          1.0
        ]
      ]
    },
    {
      "file_path": "/media/NFS/ttao/scannet/posed_images/scene0616_00/00146.jpg",
      "transform_matrix": [
        [
          0.91457,
          0.153529,
          -0.374153,
          3.472812
        ],
        [
          0.403962,
          -0.391155,
          0.82693,
          2.31762
        ],
        [
          -0.019394,
          -0.907429,
          -0.419759,
          1.470397
        ],
        [
          0.0,
          0.0,
          0.0,
          1.0
        ]
      ]
    },
    {
      "file_path": "/media/NFS/ttao/scannet/posed_images/scene0616_00/00158.jpg",
      "transform_matrix": [
        [
          0.988034,
          0.058182,
          -0.142841,
          3.500371
        ],
        [
          0.15415,
          -0.40348,
          0.90191,
          2.332952
        ],
        [
          -0.005159,
          -0.913137,
          -0.407621,
          1.491011
        ],
        [
          0.0,
          0.0,
          0.0,
          1.0
        ]
      ]
    },
    {
      "file_path": "/media/NFS/ttao/scannet/posed_images/scene0616_00/00164.jpg",
      "transform_matrix": [
        [
          0.993475,
          0.038669,
          -0.107292,
          3.503337
        ],
        [
          0.113869,
          -0.388933,
          0.914202,
          2.354603
        ],
        [
          -0.006378,
          -0.920454,
          -0.390799,
          1.505112
        ],
        [
          0.0,
          0.0,
          0.0,
          1.0
        ]
      ]
    },
    {
      "file_path": "/media/NFS/ttao/scannet/posed_images/scene0616_00/00170.jpg",
      "transform_matrix": [
        [
          0.994882,
          0.01849,
          -0.099335,
          3.527486
        ],
        [
          0.098964,
          -0.376671,
          0.921046,
          2.373022
        ],
        [
          -0.020386,
          -0.926162,
          -0.376573,
          1.492009
        ],
        [
          0.0,
          0.0,
          0.0,
          1.0
        ]
      ]
    },
    {
      "file_path": "/media/NFS/ttao/scannet/posed_images/scene0616_00/00188.jpg",
      "transform_matrix": [
        [
          0.973651,
          -0.102704,
          0.203604,
          3.529629
        ],
        [
          -0.227838,
          -0.400473,
          0.887531,
          2.448597
        ],
        [
          -0.009615,
          -0.910534,
          -0.413321,
          1.468874
        ],
        [
          0.0,
          0.0,
          0.0,
          1.0
        ]
      ]
    },
    {
      "file_path": "/media/NFS/ttao/scannet/posed_images/scene0616_00/00197.jpg",
      "transform_matrix": [
        [
          0.914913,
          -0.16978,
          0.366209,
          3.484402
        ],
        [
          -0.40365,
          -0.387102,
          0.828987,
          2.477358
        ],
        [
          0.001015,
          -0.906271,
          -0.422696,
          1.461076
        ],
        [
          0.0,
          0.0,
          0.0,
          1.0
        ]
      ]
    },
    {
      "file_path": "/media/NFS/ttao/scannet/posed_images/scene0616_00/00200.jpg",
      "transform_matrix": [
        [
          0.892385,
          -0.19277,
          0.40803,
          3.464394
        ],
        [
          -0.451268,
          -0.386419,
          0.804387,
          2.495098
        ],
        [
          0.002609,
          -0.901954,
          -0.431825,
          1.459884
        ],
        [
          0.0,
          0.0,
          0.0,
          1.0
        ]
      ]
    },
    {
      "file_path": "/media/NFS/ttao/scannet/posed_images/scene0616_00/00213.jpg",
      "transform_matrix": [
        [
          0.853094,
          -0.234018,
          0.466333,
          3.47388
        ],
        [
          -0.521418,
          -0.350136,
          0.778157,
          2.562875
        ],
        [
          -0.018823,
          -0.906996,
          -0.420719,
          1.452448
        ],
        [
          0.0,
          0.0,
          0.0,
          1.0
        ]
      ]
    },
    {
      "file_path": "/media/NFS/ttao/scannet/posed_images/scene0616_00/00222.jpg",
      "transform_matrix": [
        [
          0.822468,
          -0.265616,
          0.502986,
          3.508491
        ],
        [
          -0.5682,
          -0.342649,
          0.748158,
          2.603298
        ],
        [
          -0.026375,
          -0.901132,
          -0.432741,
          1.460776
        ],
        [
          0.0,
          0.0,
          0.0,
          1.0
        ]
      ]
    },
    {
      "file_path": "/media/NFS/ttao/scannet/posed_images/scene0616_00/00237.jpg",
      "transform_matrix": [
        [
          0.664558,
          -0.339775,
          0.665519,
          3.425151
        ],
        [
          -0.746503,
          -0.262433,
          0.611443,
          2.672286
        ],
        [
          -0.033099,
          -0.903151,
          -0.428045,
          1.453116
        ],
        [
          0.0,
          0.0,
          0.0,
          1.0
        ]
      ]
    },
    {
      "file_path": "/media/NFS/ttao/scannet/posed_images/scene0616_00/00246.jpg",
      "transform_matrix": [
        [
          0.566201,
          -0.392842,
          0.724632,
          3.311736
        ],
        [
          -0.823557,
          -0.233116,
          0.517119,
          2.720218
        ],
        [
          -0.034222,
          -0.889569,
          -0.455518,
          1.463571
        ],
        [
          0.0,
          0.0,
          0.0,
          1.0
        ]
      ]
    },
    {
      "file_path": "/media/NFS/ttao/scannet/posed_images/scene0616_00/00258.jpg",
      "transform_matrix": [
        [
          0.40026,
          -0.36776,
          0.839372,
          3.274218
        ],
        [
          -0.916252,
          -0.177164,
          0.359298,
          2.706626
        ],
        [
          0.016571,
          -0.912888,
          -0.407873,
          1.468511
        ],
        [
          0.0,
          0.0,
          0.0,
          1.0
        ]
      ]
    },
    {
      "file_path": "/media/NFS/ttao/scannet/posed_images/scene0616_00/00267.jpg",
      "transform_matrix": [
        [
          0.281429,
          -0.376476,
          0.882646,
          3.290915
        ],
        [
          -0.959498,
          -0.122566,
          0.253655,
          2.653066
        ],
        [
          0.012688,
          -0.918283,
          -0.395722,
          1.455214
        ],
        [
          0.0,
          0.0,
          0.0,
          1.0
        ]
      ]
    },
    {
      "file_path": "/media/NFS/ttao/scannet/posed_images/scene0616_00/00273.jpg",
      "transform_matrix": [
        [
          0.203311,
          -0.400058,
          0.893654,
          3.319055
        ],
        [
          -0.979056,
          -0.093044,
          0.181088,
          2.637876
        ],
        [
          0.010703,
          -0.911755,
          -0.410596,
          1.467157
        ],
        [
          0.0,
          0.0,
          0.0,
          1.0
        ]
      ]
    },
    {
      "file_path": "/media/NFS/ttao/scannet/posed_images/scene0616_00/00289.jpg",
      "transform_matrix": [
        [
          0.0149,
          -0.425795,
          0.904697,
          3.430184
        ],
        [
          -0.999712,
          0.010701,
          0.021502,
          2.563147
        ],
        [
          -0.018836,
          -0.904757,
          -0.425512,
          1.470556
        ],
        [
          0.0,
          0.0,
          0.0,
          1.0
        ]
      ]
    },
    {
      "file_path": "/media/NFS/ttao/scannet/posed_images/scene0616_00/00295.jpg",
      "transform_matrix": [
        [
          -0.043852,
          -0.427014,
          0.903181,
          3.456485
        ],
        [
          -0.998679,
          0.042987,
          -0.028164,
          2.558417
        ],
        [
          -0.026799,
          -0.903223,
          -0.428335,
          1.464934
        ],
        [
          0.0,
          0.0,
          0.0,
          1.0
        ]
      ]
    },
    {
      "file_path": "/media/NFS/ttao/scannet/posed_images/scene0616_00/00304.jpg",
      "transform_matrix": [
        [
          -0.141986,
          -0.425608,
          0.893699,
          3.488553
        ],
        [
          -0.989791,
          0.072362,
          -0.122791,
          2.563615
        ],
        [
          -0.012409,
          -0.90201,
          -0.431537,
          1.463693
        ],
        [
          0.0,
          0.0,
          0.0,
          1.0
        ]
      ]
    },
    {
      "file_path": "/media/NFS/ttao/scannet/posed_images/scene0616_00/00313.jpg",
      "transform_matrix": [
        [
          -0.300449,
          -0.404135,
          0.863948,
          3.517997
        ],
        [
          -0.953797,
          0.128531,
          -0.271571,
          2.614458
        ],
        [
          -0.001293,
          -0.905624,
          -0.42408,
          1.462489
        ],
        [
          0.0,
          0.0,
          0.0,
          1.0
        ]
      ]
    },
    {
      "file_path": "/media/NFS/ttao/scannet/posed_images/scene0616_00/00325.jpg",
      "transform_matrix": [
        [
          -0.465238,
          -0.336854,
          0.818586,
          3.548485
        ],
        [
          -0.885137,
          0.167309,
          -0.434213,
          2.642964
        ],
        [
          0.009309,
          -0.926573,
          -0.376,
          1.454788
        ],
        [
          0.0,
          0.0,
          0.0,
          1.0
        ]
      ]
    },
    {
      "file_path": "/media/NFS/ttao/scannet/posed_images/scene0616_00/00340.jpg",
      "transform_matrix": [
        [
          -0.727707,
          -0.238969,
          0.642912,
          3.660134
        ],
        [
          -0.685853,
          0.263005,
          -0.678553,
          2.525117
        ],
        [
          -0.006935,
          -0.934731,
          -0.355288,
          1.452608
        ],
        [
          0.0,
          0.0,
          0.0,
          1.0
        ]
      ]
    },
    {
      "file_path": "/media/NFS/ttao/scannet/posed_images/scene0616_00/00349.jpg",
      "transform_matrix": [
        [
          -0.838531,
          -0.169241,
          0.517904,
          3.694392
        ],
        [
          -0.544521,
          0.293584,
          -0.785688,
          2.465524
        ],
        [
          -0.019078,
          -0.940833,
          -0.338335,
          1.45351
        ],
        [
          0.0,
          0.0,
          0.0,
          1.0
        ]
      ]
    },
    {
      "file_path": "/media/NFS/ttao/scannet/posed_images/scene0616_00/00352.jpg",
      "transform_matrix": [
        [
          -0.8721,
          -0.148445,
          0.466268,
          3.711808
        ],
        [
          -0.489016,
          0.298407,
          -0.819644,
          2.464519
        ],
        [
          -0.017466,
          -0.942824,
          -0.332833,
          1.458238
        ],
        [
          0.0,
          0.0,
          0.0,
          1.0
        ]
      ]
    },
    {
      "file_path": "/media/NFS/ttao/scannet/posed_images/scene0616_00/00367.jpg",
      "transform_matrix": [
        [
          -0.993256,
          -0.046422,
          0.106246,
          3.745953
        ],
        [
          -0.115831,
          0.356806,
          -0.926969,
          2.503936
        ],
        [
          0.005122,
          -0.933024,
          -0.359777,
          1.466125
        ],
        [
          0.0,
          0.0,
          0.0,
          1.0
        ]
      ]
    },
    {
      "file_path": "/media/NFS/ttao/scannet/posed_images/scene0616_00/00380.jpg",
      "transform_matrix": [
        [
          -0.996934,
          0.014691,
          -0.07685,
          3.719779
        ],
        [
          0.07707,
          0.353744,
          -0.932162,
          2.547268
        ],
        [
          0.013491,
          -0.935227,
          -0.353792,
          1.452338
        ],
        [
          0.0,
          0.0,
          0.0,
          1.0
        ]
      ]
    },
    {
      "file_path": "/media/NFS/ttao/scannet/posed_images/scene0616_00/00383.jpg",
      "transform_matrix": [
        [
          -0.995746,
          0.021034,
          -0.089705,
          3.719032
        ],
        [
          0.091224,
          0.361874,
          -0.927753,
          2.556324
        ],
        [
          0.012948,
          -0.93199,
          -0.362253,
          1.447494
        ],
        [
          0.0,
          0.0,
          0.0,
          1.0
        ]
      ]
    },
    {
      "file_path": "/media/NFS/ttao/scannet/posed_images/scene0616_00/00398.jpg",
      "transform_matrix": [
        [
          -0.999234,
          -0.003729,
          0.038963,
          3.802787
        ],
        [
          -0.036408,
          0.453974,
          -0.890271,
          2.564724
        ],
        [
          -0.014368,
          -0.891007,
          -0.453762,
          1.343043
        ],
        [
          0.0,
          0.0,
          0.0,
          1.0
        ]
      ]
    },
    {
      "file_path": "/media/NFS/ttao/scannet/posed_images/scene0616_00/00407.jpg",
      "transform_matrix": [
        [
          -0.994516,
          -0.064011,
          0.082704,
          3.89177
        ],
        [
          -0.103483,
          0.487955,
          -0.866713,
          2.575929
        ],
        [
          0.015123,
          -0.870519,
          -0.491903,
          1.273014
        ],
        [
          0.0,
          0.0,
          0.0,
          1.0
        ]
      ]
    },
    {
      "file_path": "/media/NFS/ttao/scannet/posed_images/scene0616_00/00413.jpg",
      "transform_matrix": [
        [
          -0.995252,
          -0.018539,
          0.095555,
          3.995783
        ],
        [
          -0.09158,
          0.510958,
          -0.854713,
          2.601369
        ],
        [
          -0.032979,
          -0.859406,
          -0.51023,
          1.233074
        ],
        [
          0.0,
          0.0,
          0.0,
          1.0
        ]
      ]
    },
    {
      "file_path": "/media/NFS/ttao/scannet/posed_images/scene0616_00/00425.jpg",
      "transform_matrix": [
        [
          -0.998204,
          0.059817,
          0.003415,
          4.227698
        ],
        [
          0.024956,
          0.466909,
          -0.883953,
          2.697809
        ],
        [
          -0.05447,
          -0.88228,
          -0.467563,
          1.134975
        ],
        [
          0.0,
          0.0,
          0.0,
          1.0
        ]
      ]
    },
    {
      "file_path": "/media/NFS/ttao/scannet/posed_images/scene0616_00/00440.jpg",
      "transform_matrix": [
        [
          -0.983829,
          0.094403,
          -0.152212,
          4.313787
        ],
        [
          0.178459,
          0.444259,
          -0.877945,
          2.757417
        ],
        [
          -0.015259,
          -0.890911,
          -0.453922,
          1.021987
        ],
        [
          0.0,
          0.0,
          0.0,
          1.0
        ]
      ]
    },
    {
      "file_path": "/media/NFS/ttao/scannet/posed_images/scene0616_00/00446.jpg",
      "transform_matrix": [
        [
          -0.973909,
          0.12312,
          -0.190639,
          4.313261
        ],
        [
          0.225625,
          0.43502,
          -0.871694,
          2.758156
        ],
        [
          -0.024391,
          -0.891963,
          -0.451449,
          1.00267
        ],
        [
          0.0,
          0.0,
          0.0,
          1.0
        ]
      ]
    },
    {
      "file_path": "/media/NFS/ttao/scannet/posed_images/scene0616_00/00456.jpg",
      "transform_matrix": [
        [
          -0.980627,
          0.084996,
          -0.176486,
          4.315416
        ],
        [
          0.195592,
          0.474335,
          -0.858342,
          2.749452
        ],
        [
          0.010758,
          -0.876232,
          -0.48177,
          1.071486
        ],
        [
          0.0,
          0.0,
          0.0,
          1.0
        ]
      ]
    },
    {
      "file_path": "/media/NFS/ttao/scannet/posed_images/scene0616_00/00471.jpg",
      "transform_matrix": [
        [
          -0.993044,
          0.035697,
          -0.112202,
          4.173417
        ],
        [
          0.113718,
          0.537819,
          -0.835356,
          2.740749
        ],
        [
          0.030525,
          -0.842304,
          -0.538137,
          1.206436
        ],
        [
          0.0,
          0.0,
          0.0,
          1.0
        ]
      ]
    },
    {
      "file_path": "/media/NFS/ttao/scannet/posed_images/scene0616_00/00477.jpg",
      "transform_matrix": [
        [
          -0.999821,
          0.015719,
          -0.010511,
          4.064647
        ],
        [
          0.017517,
          0.560593,
          -0.827906,
          2.745084
        ],
        [
          -0.007121,
          -0.827942,
          -0.560768,
          1.237297
        ],
        [
          0.0,
          0.0,
          0.0,
          1.0
        ]
      ]
    },
    {
      "file_path": "/media/NFS/ttao/scannet/posed_images/scene0616_00/00483.jpg",
      "transform_matrix": [
        [
          -0.997666,
          -0.01775,
          0.065936,
          3.920885
        ],
        [
          -0.064023,
          0.578928,
          -0.812861,
          2.755665
        ],
        [
          -0.023744,
          -0.815185,
          -0.578713,
          1.248201
        ],
        [
          0.0,
          0.0,
          0.0,
          1.0
        ]
      ]
    },
    {
      "file_path": "/media/NFS/ttao/scannet/posed_images/scene0616_00/00498.jpg",
      "transform_matrix": [
        [
          -0.985604,
          -0.038245,
          0.164687,
          3.659537
        ],
        [
          -0.160676,
          0.514974,
          -0.842013,
          2.661457
        ],
        [
          -0.052607,
          -0.856352,
          -0.513705,
          1.30899
        ],
        [
          0.0,
          0.0,
          0.0,
          1.0
        ]
      ]
    },
    {
      "file_path": "/media/NFS/ttao/scannet/posed_images/scene0616_00/00507.jpg",
      "transform_matrix": [
        [
          -0.960742,
          -0.173636,
          0.216392,
          3.475913
        ],
        [
          -0.277432,
          0.594136,
          -0.755006,
          2.555372
        ],
        [
          0.00253,
          -0.7854,
          -0.618984,
          1.299276
        ],
        [
          0.0,
          0.0,
          0.0,
          1.0
        ]
      ]
    },
    {
      "file_path": "/media/NFS/ttao/scannet/posed_images/scene0616_00/00513.jpg",
      "transform_matrix": [
        [
          -0.934907,
          -0.204215,
          0.290249,
          3.380584
        ],
        [
          -0.354027,
          0.593741,
          -0.72259,
          2.497673
        ],
        [
          -0.024769,
          -0.778311,
          -0.62739,
          1.338197
        ],
        [
          0.0,
          0.0,
          0.0,
          1.0
        ]
      ]
    },
    {
      "file_path": "/media/NFS/ttao/scannet/posed_images/scene0616_00/00531.jpg",
      "transform_matrix": [
        [
          -0.780668,
          -0.157343,
          0.604814,
          3.069734
        ],
        [
          -0.624869,
          0.211717,
          -0.751475,
          2.400333
        ],
        [
          -0.00981,
          -0.964582,
          -0.2636,
          1.423349
        ],
        [
          0.0,
          0.0,
          0.0,
          1.0
        ]
      ]
    },
    {
      "file_path": "/media/NFS/ttao/scannet/posed_images/scene0616_00/00541.jpg",
      "transform_matrix": [
        [
          -0.731327,
          -0.136866,
          0.668153,
          3.004264
        ],
        [
          -0.681689,
          0.177546,
          -0.709773,
          2.381513
        ],
        [
          -0.021485,
          -0.974549,
          -0.223144,
          1.404555
        ],
        [
          0.0,
          0.0,
          0.0,
          1.0
        ]
      ]
    },
    {
      "file_path": "/media/NFS/ttao/scannet/posed_images/scene0616_00/00544.jpg",
      "transform_matrix": [
        [
          -0.736015,
          -0.146496,
          0.660925,
          2.994286
        ],
        [
          -0.676263,
          0.20358,
          -0.707972,
          2.374391
        ],
        [
          -0.030836,
          -0.968036,
          -0.248907,
          1.394843
        ],
        [
          0.0,
          0.0,
          0.0,
          1.0
        ]
      ]
    },
    {
      "file_path": "/media/NFS/ttao/scannet/posed_images/scene0616_00/00556.jpg",
      "transform_matrix": [
        [
          -0.674412,
          -0.321439,
          0.664714,
          2.902487
        ],
        [
          -0.738148,
          0.314851,
          -0.596663,
          2.271245
        ],
        [
          -0.017495,
          -0.893054,
          -0.449609,
          1.347689
        ],
        [
          0.0,
          0.0,
          0.0,
          1.0
        ]
      ]
    },
    {
      "file_path": "/media/NFS/ttao/scannet/posed_images/scene0616_00/00571.jpg",
      "transform_matrix": [
        [
          -0.585483,
          -0.433816,
          0.684846,
          2.680392
        ],
        [
          -0.80799,
          0.381089,
          -0.449359,
          2.072348
        ],
        [
          -0.066049,
          -0.816441,
          -0.57364,
          1.313059
        ],
        [
          0.0,
          0.0,
          0.0,
          1.0
        ]
      ]
    },
    {
      "file_path": "/media/NFS/ttao/scannet/posed_images/scene0616_00/00574.jpg",
      "transform_matrix": [
        [
          -0.557677,
          -0.458102,
          0.692199,
          2.632593
        ],
        [
          -0.826337,
          0.385273,
          -0.41077,
          2.035664
        ],
        [
          -0.078512,
          -0.801066,
          -0.593405,
          1.329524
        ],
        [
          0.0,
          0.0,
          0.0,
          1.0
        ]
      ]
    },
    {
      "file_path": "/media/NFS/ttao/scannet/posed_images/scene0616_00/00589.jpg",
      "transform_matrix": [
        [
          -0.427551,
          -0.475744,
          0.768679,
          2.453706
        ],
        [
          -0.903898,
          0.212759,
          -0.371083,
          1.91615
        ],
        [
          0.012997,
          -0.853464,
          -0.520989,
          1.355875
        ],
        [
          0.0,
          0.0,
          0.0,
          1.0
        ]
      ]
    },
    {
      "file_path": "/media/NFS/ttao/scannet/posed_images/scene0616_00/00601.jpg",
      "transform_matrix": [
        [
          -0.396835,
          -0.57087,
          0.718769,
          2.368731
        ],
        [
          -0.912262,
          0.158709,
          -0.377611,
          1.793781
        ],
        [
          0.101491,
          -0.805555,
          -0.583764,
          1.31952
        ],
        [
          0.0,
          0.0,
          0.0,
          1.0
        ]
      ]
    },
    {
      "file_path": "/media/NFS/ttao/scannet/posed_images/scene0616_00/00613.jpg",
      "transform_matrix": [
        [
          -0.394434,
          -0.59833,
          0.69744,
          2.353389
        ],
        [
          -0.910787,
          0.153764,
          -0.383177,
          1.765637
        ],
        [
          0.122026,
          -0.786357,
          -0.605601,
          1.323159
        ],
        [
          0.0,
          0.0,
          0.0,
          1.0
        ]
      ]
    },
    {
      "file_path": "/media/NFS/ttao/scannet/posed_images/scene0616_00/00623.jpg",
      "transform_matrix": [
        [
          -0.494045,
          -0.525223,
          0.692864,
          2.402172
        ],
        [
          -0.863978,
          0.207424,
          -0.458821,
          1.794326
        ],
        [
          0.097267,
          -0.825298,
          -0.556258,
          1.366872
        ],
        [
          0.0,
          0.0,
          0.0,
          1.0
        ]
      ]
    },
    {
      "file_path": "/media/NFS/ttao/scannet/posed_images/scene0616_00/00629.jpg",
      "transform_matrix": [
        [
          -0.502376,
          -0.492957,
          0.71036,
          2.468511
        ],
        [
          -0.859852,
          0.198406,
          -0.470415,
          1.833834
        ],
        [
          0.090955,
          -0.847129,
          -0.523545,
          1.443483
        ],
        [
          0.0,
          0.0,
          0.0,
          1.0
        ]
      ]
    },
    {
      "file_path": "/media/NFS/ttao/scannet/posed_images/scene0616_00/00638.jpg",
      "transform_matrix": [
        [
          -0.499259,
          -0.257064,
          0.827441,
          2.561905
        ],
        [
          -0.862561,
          0.057046,
          -0.502727,
          1.958007
        ],
        [
          0.082031,
          -0.964709,
          -0.250215,
          1.534184
        ],
        [
          0.0,
          0.0,
          0.0,
          1.0
        ]
      ]
    },
    {
      "file_path": "/media/NFS/ttao/scannet/posed_images/scene0616_00/00653.jpg",
      "transform_matrix": [
        [
          -0.401564,
          -0.028646,
          0.915383,
          2.682602
        ],
        [
          -0.912854,
          -0.068009,
          -0.402583,
          2.195399
        ],
        [
          0.073787,
          -0.997273,
          0.00116,
          1.518909
        ],
        [
          0.0,
          0.0,
          0.0,
          1.0
        ]
      ]
    },
    {
      "file_path": "/media/NFS/ttao/scannet/posed_images/scene0616_00/00662.jpg",
      "transform_matrix": [
        [
          -0.3651,
          0.02314,
          0.930681,
          2.724407
        ],
        [
          -0.927321,
          -0.097447,
          -0.361359,
          2.300763
        ],
        [
          0.08233,
          -0.994972,
          0.057036,
          1.559145
        ],
        [
          0.0,
          0.0,
          0.0,
          1.0
        ]
      ]
    },
    {
      "file_path": "/media/NFS/ttao/scannet/posed_images/scene0616_00/00668.jpg",
      "transform_matrix": [
        [
          -0.340141,
          0.028945,
          0.939929,
          2.738196
        ],
        [
          -0.935071,
          -0.116417,
          -0.334798,
          2.35044
        ],
        [
          0.099733,
          -0.992779,
          0.066664,
          1.609047
        ],
        [
          0.0,
          0.0,
          0.0,
          1.0
        ]
      ]
    },
    {
      "file_path": "/media/NFS/ttao/scannet/posed_images/scene0616_00/00683.jpg",
      "transform_matrix": [
        [
          -0.165066,
          -0.012235,
          0.986207,
          2.840456
        ],
        [
          -0.983077,
          -0.078516,
          -0.165516,
          2.502217
        ],
        [
          0.079458,
          -0.996838,
          0.000933,
          1.577733
        ],
        [
          0.0,
          0.0,
          0.0,
          1.0
        ]
      ]
    },
    {
      "file_path": "/media/NFS/ttao/scannet/posed_images/scene0616_00/00692.jpg",
      "transform_matrix": [
        [
          0.008617,
          0.027611,
          0.999582,
          2.921009
        ],
        [
          -0.999447,
          -0.031869,
          0.009497,
          2.601688
        ],
        [
          0.032118,
          -0.999111,
          0.027321,
          1.613457
        ],
        [
          0.0,
          0.0,
          0.0,
          1.0
        ]
      ]
    },
    {
      "file_path": "/media/NFS/ttao/scannet/posed_images/scene0616_00/00695.jpg",
      "transform_matrix": [
        [
          0.064889,
          0.03877,
          0.997139,
          2.949567
        ],
        [
          -0.997565,
          -0.023105,
          0.065815,
          2.634668
        ],
        [
          0.02559,
          -0.998981,
          0.037176,
          1.613143
        ],
        [
          0.0,
          0.0,
          0.0,
          1.0
        ]
      ]
    },
    {
      "file_path": "/media/NFS/ttao/scannet/posed_images/scene0616_00/00714.jpg",
      "transform_matrix": [
        [
          0.091116,
          -0.090091,
          0.991757,
          2.996745
        ],
        [
          -0.995416,
          -0.037306,
          0.088063,
          2.763642
        ],
        [
          0.029065,
          -0.995235,
          -0.093077,
          1.564809
        ],
        [
          0.0,
          0.0,
          0.0,
          1.0
        ]
      ]
    },
    {
      "file_path": "/media/NFS/ttao/scannet/posed_images/scene0616_00/00720.jpg",
      "transform_matrix": [
        [
          0.085582,
          -0.09391,
          0.991895,
          2.984495
        ],
        [
          -0.995947,
          -0.035704,
          0.082552,
          2.805197
        ],
        [
          0.027662,
          -0.99494,
          -0.096585,
          1.545429
        ],
        [
          0.0,
          0.0,
          0.0,
          1.0
        ]
      ]
    },
    {
      "file_path": "/media/NFS/ttao/scannet/posed_images/scene0616_00/00735.jpg",
      "transform_matrix": [
        [
          0.311748,
          0.02386,
          0.949865,
          2.886039
        ],
        [
          -0.950155,
          0.012326,
          0.311534,
          3.007363
        ],
        [
          -0.004274,
          -0.999639,
          0.026514,
          1.595527
        ],
        [
          0.0,
          0.0,
          0.0,
          1.0
        ]
      ]
    },
    {
      "file_path": "/media/NFS/ttao/scannet/posed_images/scene0616_00/00738.jpg",
      "transform_matrix": [
        [
          0.356628,
          0.017531,
          0.934082,
          2.86839
        ],
        [
          -0.934234,
          0.011728,
          0.356467,
          3.022061
        ],
        [
          -0.004706,
          -0.999778,
          0.020561,
          1.604758
        ],
        [
          0.0,
          0.0,
          0.0,
          1.0
        ]
      ]
    },
    {
      "file_path": "/media/NFS/ttao/scannet/posed_images/scene0616_00/00750.jpg",
      "transform_matrix": [
        [
          0.398507,
          -0.02692,
          0.91677,
          2.842543
        ],
        [
          -0.917115,
          -0.022205,
          0.398004,
          3.041844
        ],
        [
          0.009642,
          -0.999391,
          -0.033538,
          1.620992
        ],
        [
          0.0,
          0.0,
          0.0,
          1.0
        ]
      ]
    },
    {
      "file_path": "/media/NFS/ttao/scannet/posed_images/scene0616_00/00756.jpg",
      "transform_matrix": [
        [
          0.304529,
          -0.054231,
          0.950958,
          2.848748
        ],
        [
          -0.952115,
          -0.045822,
          0.302286,
          3.031991
        ],
        [
          0.027181,
          -0.997477,
          -0.065588,
          1.574206
        ],
        [
          0.0,
          0.0,
          0.0,
          1.0
        ]
      ]
    },
    {
      "file_path": "/media/NFS/ttao/scannet/posed_images/scene0616_00/00774.jpg",
      "transform_matrix": [
        [
          0.125059,
          -0.344638,
          0.930368,
          2.911722
        ],
        [
          -0.99193,
          -0.063173,
          0.109933,
          2.974315
        ],
        [
          0.020887,
          -0.936608,
          -0.349757,
          1.434131
        ],
        [
          0.0,
          0.0,
          0.0,
          1.0
        ]
      ]
    },
    {
      "file_path": "/media/NFS/ttao/scannet/posed_images/scene0616_00/00777.jpg",
      "transform_matrix": [
        [
          0.129371,
          -0.380248,
          0.915792,
          2.934336
        ],
        [
          -0.991514,
          -0.037667,
          0.124428,
          2.964713
        ],
        [
          -0.012819,
