{
  "frames": [
    {
      "file_path": "/media/NFS/ttao/scannet/posed_images/scene0483_00/00005.jpg",
      "transform_matrix": [
        [
          -0.92245,
          -0.227013,
          0.312334,
          4.225252
        ],
        [
          -0.376579,
          0.350249,
          -0.857621,
          3.867722
        ],
        [
          0.085297,
          -0.908731,
          -0.408575,
          1.052267
        ],
        [
          0.0,
          0.0,
          0.0,
          1.0
        ]
      ]
    },
    {
      "file_path": "/media/NFS/ttao/scannet/posed_images/scene0483_00/00008.jpg",
      "transform_matrix": [
        [
          -0.92221,
          -0.226634,
          0.313315,
          4.222965
        ],
        [
          -0.376965,
          0.346331,
          -0.859041,
          3.865928
        ],
        [
          0.086178,
          -0.910325,
          -0.404823,
          1.053567
        ],
        [
          0.0,
          0.0,
          0.0,
          1.0
        ]
      ]
    },
    {
      "file_path": "/media/NFS/ttao/scannet/posed_images/scene0483_00/00016.jpg",
      "transform_matrix": [
        [
          -0.9112,
          -0.237111,
          0.336888,
          4.210439
        ],
        [
          -0.401564,
          0.32862,
          -0.854842,
          3.841832
        ],
        [
          0.091985,
          -0.914214,
          -0.394654,
          1.087806
        ],
        [
          0.0,
          0.0,
          0.0,
          1.0
        ]
      ]
    },
    {
      "file_path": "/media/NFS/ttao/scannet/posed_images/scene0483_00/00027.jpg",
      "transform_matrix": [
        [
          -0.890854,
          -0.242705,
          0.384024,
          4.235676
        ],
        [
          -0.443949,
          0.285763,
          -0.849264,
          3.859518
        ],
        [
          0.096381,
          -0.927056,
          -0.362321,
          1.098108
        ],
        [
          0.0,
          0.0,
          0.0,
          1.0
        ]
      ]
    },
    {
      "file_path": "/media/NFS/ttao/scannet/posed_images/scene0483_00/00035.jpg",
      "transform_matrix": [
        [
          -0.871637,
          -0.255169,
          0.418494,
          4.251033
        ],
        [
          -0.479605,
          0.267842,
          -0.835607,
          3.876197
        ],
        [
          0.101131,
          -0.929058,
          -0.355842,
          1.104708
        ],
        [
          0.0,
          0.0,
          0.0,
          1.0
        ]
      ]
    },
    {
      "file_path": "/media/NFS/ttao/scannet/posed_images/scene0483_00/00049.jpg",
      "transform_matrix": [
        [
          -0.837273,
          -0.252823,
          0.484824,
          4.299476
        ],
        [
          -0.541187,
          0.256623,
          -0.800788,
          3.916634
        ],
        [
          0.078041,
          -0.932859,
          -0.351688,
          1.108854
        ],
        [
          0.0,
          0.0,
          0.0,
          1.0
        ]
      ]
    },
    {
      "file_path": "/media/NFS/ttao/scannet/posed_images/scene0483_00/00060.jpg",
      "transform_matrix": [
        [
          -0.802845,
          -0.256381,
          0.538247,
          4.343561
        ],
        [
          -0.591747,
          0.232677,
          -0.771814,
          3.952404
        ],
        [
          0.072641,
          -0.938152,
          -0.338516,
          1.115044
        ],
        [
          0.0,
          0.0,
          0.0,
          1.0
        ]
      ]
    },
    {
      "file_path": "/media/NFS/ttao/scannet/posed_images/scene0483_00/00063.jpg",
      "transform_matrix": [
        [
          -0.795787,
          -0.264566,
          0.544727,
          4.353226
        ],
        [
          -0.601274,
          0.238154,
          -0.762727,
          3.959542
        ],
        [
          0.072063,
          -0.934498,
          -0.348597,
          1.114031
        ],
        [
          0.0,
          0.0,
          0.0,
          1.0
        ]
      ]
    },
    {
      "file_path": "/media/NFS/ttao/scannet/posed_images/scene0483_00/00071.jpg",
      "transform_matrix": [
        [
          -0.772284,
          -0.286258,
          0.567127,
          4.378272
        ],
        [
          -0.629754,
          0.22751,
          -0.74273,
          3.987461
        ],
        [
          0.083585,
          -0.93075,
          -0.355975,
          1.111924
        ],
        [
          0.0,
          0.0,
          0.0,
          1.0
        ]
      ]
    },
    {
      "file_path": "/media/NFS/ttao/scannet/posed_images/scene0483_00/00084.jpg",
      "transform_matrix": [
        [
          -0.714021,
          -0.311108,
          0.627205,
          4.415142
        ],
        [
          -0.694208,
          0.198383,
          -0.691896,
          4.03843
        ],
        [
          0.090827,
          -0.929438,
          -0.357624,
          1.113326
        ],
        [
          0.0,
          0.0,
          0.0,
          1.0
        ]
      ]
    },
    {
      "file_path": "/media/NFS/ttao/scannet/posed_images/scene0483_00/00092.jpg",
      "transform_matrix": [
        [
          -0.658459,
          -0.329577,
          0.676617,
          4.442222
        ],
        [
          -0.745828,
          0.165263,
          -0.645313,
          4.077751
        ],
        [
          0.100861,
          -0.929552,
          -0.354627,
          1.11058
        ],
        [
          0.0,
          0.0,
          0.0,
          1.0
        ]
      ]
    },
    {
      "file_path": "/media/NFS/ttao/scannet/posed_images/scene0483_00/00098.jpg",
      "transform_matrix": [
        [
          -0.615943,
          -0.325993,
          0.717177,
          4.451899
        ],
        [
          -0.782764,
          0.150583,
          -0.603825,
          4.09796
        ],
        [
          0.088849,
          -0.933302,
          -0.347926,
          1.113173
        ],
        [
          0.0,
          0.0,
          0.0,
          1.0
        ]
      ]
    },
    {
      "file_path": "/media/NFS/ttao/scannet/posed_images/scene0483_00/00111.jpg",
      "transform_matrix": [
        [
          -0.528055,
          -0.324779,
          0.78465,
          4.484258
        ],
        [
          -0.846841,
          0.13242,
          -0.515097,
          4.13371
        ],
        [
          0.06339,
          -0.936474,
          -0.344961,
          1.120308
        ],
        [
          0.0,
          0.0,
          0.0,
          1.0
        ]
      ]
    },
    {
      "file_path": "/media/NFS/ttao/scannet/posed_images/scene0483_00/00122.jpg",
      "transform_matrix": [
        [
          -0.433604,
          -0.341604,
          0.833843,
          4.520336
        ],
        [
          -0.899017,
          0.101069,
          -0.42609,
          4.157627
        ],
        [
          0.061279,
          -0.934394,
          -0.350932,
          1.11581
        ],
        [
          0.0,
          0.0,
          0.0,
          1.0
        ]
      ]
    },
    {
      "file_path": "/media/NFS/ttao/scannet/posed_images/scene0483_00/00128.jpg",
      "transform_matrix": [
        [
          -0.373274,
          -0.355175,
          0.85704,
          4.5625
        ],
        [
          -0.926013,
          0.086616,
          -0.367419,
          4.153894
        ],
        [
          0.056264,
          -0.930778,
          -0.361229,
          1.111783
        ],
        [
          0.0,
          0.0,
          0.0,
          1.0
        ]
      ]
    },
    {
      "file_path": "/media/NFS/ttao/scannet/posed_images/scene0483_00/00139.jpg",
      "transform_matrix": [
        [
          -0.286432,
          -0.358401,
          0.888541,
          4.695227
        ],
        [
          -0.956341,
          0.050778,
          -0.287807,
          4.143956
        ],
        [
          0.058032,
          -0.932186,
          -0.357299,
          1.109245
        ],
        [
          0.0,
          0.0,
          0.0,
          1.0
        ]
      ]
    },
    {
      "file_path": "/media/NFS/ttao/scannet/posed_images/scene0483_00/00147.jpg",
      "transform_matrix": [
        [
          -0.262195,
          -0.357697,
          0.896274,
          4.797563
        ],
        [
          -0.963892,
          0.05228,
          -0.261112,
          4.131908
        ],
        [
          0.046542,
          -0.932373,
          -0.358489,
          1.118951
        ],
        [
          0.0,
          0.0,
          0.0,
          1.0
        ]
      ]
    },
    {
      "file_path": "/media/NFS/ttao/scannet/posed_images/scene0483_00/00158.jpg",
      "transform_matrix": [
        [
          -0.203389,
          -0.368222,
          0.907219,
          4.877271
        ],
        [
          -0.977943,
          0.031405,
          -0.206498,
          4.15948
        ],
        [
          0.047545,
          -0.929207,
          -0.366488,
          1.110382
        ],
        [
          0.0,
          0.0,
          0.0,
          1.0
        ]
      ]
    },
    {
      "file_path": "/media/NFS/ttao/scannet/posed_images/scene0483_00/00163.jpg",
      "transform_matrix": [
        [
          -0.160348,
          -0.391318,
          0.906178,
          4.905328
        ],
        [
          -0.985263,
          0.008075,
          -0.170855,
          4.182296
        ],
        [
          0.059541,
          -0.92022,
          -0.386847,
          1.104614
        ],
        [
          0.0,
          0.0,
          0.0,
          1.0
        ]
      ]
    },
    {
      "file_path": "/media/NFS/ttao/scannet/posed_images/scene0483_00/00174.jpg",
      "transform_matrix": [
        [
          -0.124693,
          -0.399284,
          0.908309,
          4.997083
        ],
        [
          -0.991681,
          0.020677,
          -0.127049,
          4.292027
        ],
        [
          0.031947,
          -0.916594,
          -0.39854,
          1.104138
        ],
        [
          0.0,
          0.0,
          0.0,
          1.0
        ]
      ]
    },
    {
      "file_path": "/media/NFS/ttao/scannet/posed_images/scene0483_00/00185.jpg",
      "transform_matrix": [
        [
          -0.051411,
          -0.372714,
          0.926521,
          5.089433
        ],
        [
          -0.998622,
          0.009392,
          -0.051634,
          4.422009
        ],
        [
          0.010543,
          -0.927899,
          -0.372683,
          1.114491
        ],
        [
          0.0,
          0.0,
          0.0,
          1.0
        ]
      ]
    },
    {
      "file_path": "/media/NFS/ttao/scannet/posed_images/scene0483_00/00193.jpg",
      "transform_matrix": [
        [
          0.054523,
          -0.374438,
          0.925648,
          5.126796
        ],
        [
          -0.998474,
          -0.028559,
          0.04726,
          4.535161
        ],
        [
          0.008739,
          -0.926812,
          -0.375424,
          1.108009
        ],
        [
          0.0,
          0.0,
          0.0,
          1.0
        ]
      ]
    },
    {
      "file_path": "/media/NFS/ttao/scannet/posed_images/scene0483_00/00198.jpg",
      "transform_matrix": [
        [
          0.113817,
          -0.387129,
          0.914974,
          5.141939
        ],
        [
          -0.993329,
          -0.061525,
          0.097532,
          4.587224
        ],
        [
          0.018536,
          -0.919971,
          -0.391549,
          1.107798
        ],
        [
          0.0,
          0.0,
          0.0,
          1.0
        ]
      ]
    },
    {
      "file_path": "/media/NFS/ttao/scannet/posed_images/scene0483_00/00209.jpg",
      "transform_matrix": [
        [
          0.256204,
          -0.363675,
          0.8956,
          5.150114
        ],
        [
          -0.966424,
          -0.11516,
          0.229702,
          4.708868
        ],
        [
          0.019601,
          -0.92438,
          -0.380969,
          1.080232
        ],
        [
          0.0,
          0.0,
          0.0,
          1.0
        ]
      ]
    },
    {
      "file_path": "/media/NFS/ttao/scannet/posed_images/scene0483_00/00218.jpg",
      "transform_matrix": [
        [
          0.356687,
          -0.368839,
          0.858331,
          5.146599
        ],
        [
          -0.934219,
          -0.143782,
          0.326438,
          4.808194
        ],
        [
          0.003009,
          -0.918305,
          -0.395862,
          1.066457
        ],
        [
          0.0,
          0.0,
          0.0,
          1.0
        ]
      ]
    },
    {
      "file_path": "/media/NFS/ttao/scannet/posed_images/scene0483_00/00231.jpg",
      "transform_matrix": [
        [
          0.481941,
          -0.347191,
          0.804482,
          5.125571
        ],
        [
          -0.876171,
          -0.198841,
          0.439075,
          4.908955
        ],
        [
          0.007522,
          -0.916472,
          -0.400028,
          1.0687
        ],
        [
          0.0,
          0.0,
          0.0,
          1.0
        ]
      ]
    },
    {
      "file_path": "/media/NFS/ttao/scannet/posed_images/scene0483_00/00237.jpg",
      "transform_matrix": [
        [
          0.530595,
          -0.326192,
          0.782348,
          5.106653
        ],
        [
          -0.847493,
          -0.220496,
          0.482843,
          4.931746
        ],
        [
          0.015005,
          -0.919228,
          -0.393439,
          1.074265
        ],
        [
          0.0,
          0.0,
          0.0,
          1.0
        ]
      ]
    },
    {
      "file_path": "/media/NFS/ttao/scannet/posed_images/scene0483_00/00250.jpg",
      "transform_matrix": [
        [
          0.61057,
          -0.300247,
          0.732841,
          5.067469
        ],
        [
          -0.791838,
          -0.215053,
          0.571616,
          4.969959
        ],
        [
          -0.014027,
          -0.929303,
          -0.369052,
          1.094197
        ],
        [
          0.0,
          0.0,
          0.0,
          1.0
        ]
      ]
    },
    {
      "file_path": "/media/NFS/ttao/scannet/posed_images/scene0483_00/00253.jpg",
      "transform_matrix": [
        [
          0.617095,
          -0.298015,
          0.728273,
          5.055266
        ],
        [
          -0.786753,
          -0.216463,
          0.578069,
          4.97982
        ],
        [
          -0.014629,
          -0.929694,
          -0.368042,
          1.098289
        ],
        [
          0.0,
          0.0,
          0.0,
          1.0
        ]
      ]
    },
    {
      "file_path": "/media/NFS/ttao/scannet/posed_images/scene0483_00/00261.jpg",
      "transform_matrix": [
        [
          0.640535,
          -0.282527,
          0.714069,
          5.010005
        ],
        [
          -0.767856,
          -0.222755,
          0.600648,
          4.990607
        ],
        [
          -0.010637,
          -0.933037,
          -0.359622,
          1.114403
        ],
        [
          0.0,
          0.0,
          0.0,
          1.0
        ]
      ]
    },
    {
      "file_path": "/media/NFS/ttao/scannet/posed_images/scene0483_00/00272.jpg",
      "transform_matrix": [
        [
          0.637865,
          -0.300482,
          0.709111,
          4.919997
        ],
        [
          -0.769882,
          -0.224583,
          0.597364,
          4.999513
        ],
        [
          -0.020243,
          -0.92697,
          -0.37459,
          1.13625
        ],
        [
          0.0,
          0.0,
          0.0,
          1.0
        ]
      ]
    },
    {
      "file_path": "/media/NFS/ttao/scannet/posed_images/scene0483_00/00280.jpg",
      "transform_matrix": [
        [
          0.630386,
          -0.301853,
          0.715191,
          4.839236
        ],
        [
          -0.776197,
          -0.231507,
          0.586449,
          5.002322
        ],
        [
          -0.01145,
          -0.924818,
          -0.380237,
          1.139105
        ],
        [
          0.0,
          0.0,
          0.0,
          1.0
        ]
      ]
    },
    {
      "file_path": "/media/NFS/ttao/scannet/posed_images/scene0483_00/00288.jpg",
      "transform_matrix": [
        [
          0.623517,
          -0.308007,
          0.718581,
          4.783196
        ],
        [
          -0.781704,
          -0.230487,
          0.579496,
          5.006202
        ],
        [
          -0.012865,
          -0.923042,
          -0.384483,
          1.144788
        ],
        [
          0.0,
          0.0,
          0.0,
          1.0
        ]
      ]
    },
    {
      "file_path": "/media/NFS/ttao/scannet/posed_images/scene0483_00/00302.jpg",
      "transform_matrix": [
        [
          0.662972,
          -0.291882,
          0.6894,
          4.720975
        ],
        [
          -0.748596,
          -0.248094,
          0.61486,
          4.971048
        ],
        [
          -0.00843,
          -0.923717,
          -0.382982,
          1.149596
        ],
        [
          0.0,
          0.0,
          0.0,
          1.0
        ]
      ]
    },
    {
      "file_path": "/media/NFS/ttao/scannet/posed_images/scene0483_00/00307.jpg",
      "transform_matrix": [
        [
          0.655833,
          -0.294166,
          0.695234,
          4.698641
        ],
        [
          -0.754906,
          -0.256281,
          0.603687,
          4.945922
        ],
        [
          0.000591,
          -0.920753,
          -0.390145,
          1.151224
        ],
        [
          0.0,
          0.0,
          0.0,
          1.0
        ]
      ]
    },
    {
      "file_path": "/media/NFS/ttao/scannet/posed_images/scene0483_00/00321.jpg",
      "transform_matrix": [
        [
          0.582235,
          -0.33693,
          0.73992,
          4.638603
        ],
        [
          -0.812902,
          -0.225717,
          0.536881,
          4.87728
        ],
        [
          -0.013878,
          -0.914073,
          -0.405311,
          1.142926
        ],
        [
          0.0,
          0.0,
          0.0,
          1.0
        ]
      ]
    },
    {
      "file_path": "/media/NFS/ttao/scannet/posed_images/scene0483_00/00332.jpg",
      "transform_matrix": [
        [
          0.481428,
          -0.340387,
          0.807691,
          4.594603
        ],
        [
          -0.876263,
          -0.20768,
          0.434778,
          4.888435
        ],
        [
          0.019748,
          -0.917064,
          -0.398251,
          1.136135
        ],
        [
          0.0,
          0.0,
          0.0,
          1.0
        ]
      ]
    },
    {
      "file_path": "/media/NFS/ttao/scannet/posed_images/scene0483_00/00337.jpg",
      "transform_matrix": [
        [
          0.45852,
          -0.335087,
          0.82309,
          4.576553
        ],
        [
          -0.888562,
          -0.188228,
          0.418363,
          4.905317
        ],
        [
          0.01474,
          -0.923194,
          -0.384052,
          1.140151
        ],
        [
          0.0,
          0.0,
          0.0,
          1.0
        ]
      ]
    },
    {
      "file_path": "/media/NFS/ttao/scannet/posed_images/scene0483_00/00345.jpg",
      "transform_matrix": [
        [
          0.476272,
          -0.331986,
          0.814218,
          4.545112
        ],
        [
          -0.879259,
          -0.188522,
          0.437451,
          4.939479
        ],
        [
          0.00827,
          -0.924254,
          -0.381689,
          1.150211
        ],
        [
          0.0,
          0.0,
          0.0,
          1.0
        ]
      ]
    },
    {
      "file_path": "/media/NFS/ttao/scannet/posed_images/scene0483_00/00353.jpg",
      "transform_matrix": [
        [
          0.514046,
          -0.319031,
          0.796226,
          4.503078
        ],
        [
          -0.857761,
          -0.189574,
          0.477816,
          4.994133
        ],
        [
          -0.001494,
          -0.928591,
          -0.371102,
          1.159355
        ],
        [
          0.0,
          0.0,
          0.0,
          1.0
        ]
      ]
    },
    {
      "file_path": "/media/NFS/ttao/scannet/posed_images/scene0483_00/00362.jpg",
      "transform_matrix": [
        [
          0.585008,
          -0.296122,
          0.755035,
          4.482532
        ],
        [
          -0.810994,
          -0.205091,
          0.54793,
          5.028605
        ],
        [
          -0.007404,
          -0.932872,
          -0.360133,
          1.167654
        ],
        [
          0.0,
          0.0,
          0.0,
          1.0
        ]
      ]
    },
    {
      "file_path": "/media/NFS/ttao/scannet/posed_images/scene0483_00/00375.jpg",
      "transform_matrix": [
        [
          0.676072,
          -0.284076,
          0.679873,
          4.525218
        ],
        [
          -0.736692,
          -0.242409,
          0.631287,
          5.058766
        ],
        [
          -0.014527,
          -0.927652,
          -0.373162,
          1.169787
        ],
        [
          0.0,
          0.0,
          0.0,
          1.0
        ]
      ]
    },
    {
      "file_path": "/media/NFS/ttao/scannet/posed_images/scene0483_00/00381.jpg",
      "transform_matrix": [
        [
          0.72907,
          -0.265685,
          0.630768,
          4.572063
        ],
        [
          -0.68357,
          -0.236213,
          0.690605,
          5.066912
        ],
        [
          -0.034488,
          -0.934673,
          -0.353831,
          1.168797
        ],
        [
          0.0,
          0.0,
          0.0,
          1.0
        ]
      ]
    },
    {
      "file_path": "/media/NFS/ttao/scannet/posed_images/scene0483_00/00394.jpg",
      "transform_matrix": [
        [
          0.843901,
          -0.20172,
          0.497132,
          4.666404
        ],
        [
          -0.536494,
          -0.321162,
          0.780403,
          5.076865
        ],
        [
          0.002237,
          -0.925291,
          -0.379251,
          1.150221
        ],
        [
          0.0,
          0.0,
          0.0,
          1.0
        ]
      ]
    },
    {
      "file_path": "/media/NFS/ttao/scannet/posed_images/scene0483_00/00400.jpg",
      "transform_matrix": [
        [
          0.871206,
          -0.168267,
          0.461179,
          4.681395
        ],
        [
          -0.490591,
          -0.332658,
          0.805394,
          5.072183
        ],
        [
          0.017893,
          -0.927914,
          -0.372364,
          1.150811
        ],
        [
          0.0,
          0.0,
          0.0,
          1.0
        ]
      ]
    },
    {
      "file_path": "/media/NFS/ttao/scannet/posed_images/scene0483_00/00405.jpg",
      "transform_matrix": [
        [
          0.899632,
          -0.145479,
          0.4117,
          4.696302
        ],
        [
          -0.436548,
          -0.319783,
          0.84093,
          5.063831
        ],
        [
          0.009317,
          -0.936256,
          -0.351196,
          1.153109
        ],
        [
          0.0,
          0.0,
          0.0,
          1.0
        ]
      ]
    },
    {
      "file_path": "/media/NFS/ttao/scannet/posed_images/scene0483_00/00421.jpg",
      "transform_matrix": [
        [
          0.951997,
          -0.139385,
          0.272532,
          4.68224
        ],
        [
          -0.301988,
          -0.282082,
          0.910622,
          5.032418
        ],
        [
          -0.050051,
          -0.949211,
          -0.310634,
          1.140642
        ],
        [
          0.0,
          0.0,
          0.0,
          1.0
        ]
      ]
    },
    {
      "file_path": "/media/NFS/ttao/scannet/posed_images/scene0483_00/00424.jpg",
      "transform_matrix": [
        [
          0.952852,
          -0.141767,
          0.268284,
          4.688334
        ],
        [
          -0.298943,
          -0.286977,
          0.910098,
          5.02665
        ],
        [
          -0.05203,
          -0.947389,
          -0.315827,
          1.140312
        ],
        [
          0.0,
          0.0,
          0.0,
          1.0
        ]
      ]
    },
    {
      "file_path": "/media/NFS/ttao/scannet/posed_images/scene0483_00/00435.jpg",
      "transform_matrix": [
        [
          0.976426,
          -0.09055,
          0.195939,
          4.691664
        ],
        [
          -0.214271,
          -0.297022,
          0.930519,
          4.993307
        ],
        [
          -0.02606,
          -0.950567,
          -0.309423,
          1.130079
        ],
        [
          0.0,
          0.0,
          0.0,
          1.0
        ]
      ]
    },
    {
      "file_path": "/media/NFS/ttao/scannet/posed_images/scene0483_00/00449.jpg",
      "transform_matrix": [
        [
          0.994207,
          -0.054413,
          0.092689,
          4.693489
        ],
        [
          -0.104321,
          -0.280981,
          0.954027,
          4.958723
        ],
        [
          -0.025868,
          -0.958169,
          -0.28503,
          1.143849
        ],
        [
          0.0,
          0.0,
          0.0,
          1.0
        ]
      ]
    },
    {
      "file_path": "/media/NFS/ttao/scannet/posed_images/scene0483_00/00454.jpg",
      "transform_matrix": [
        [
          0.995544,
          -0.03591,
          0.087195,
          4.680693
        ],
        [
          -0.093758,
          -0.278032,
          0.955985,
          4.956968
        ],
        [
          -0.010086,
          -0.9599,
          -0.28016,
          1.14914
        ],
        [
          0.0,
          0.0,
          0.0,
          1.0
        ]
      ]
    },
    {
      "file_path": "/media/NFS/ttao/scannet/posed_images/scene0483_00/00468.jpg",
      "transform_matrix": [
        [
          0.998869,
          0.00018,
          0.047542,
          4.672793
        ],
        [
          -0.045554,
          -0.282528,
          0.958177,
          4.963144
        ],
        [
          0.013604,
          -0.959259,
          -0.2822,
          1.145313
        ],
        [
          0.0,
          0.0,
          0.0,
          1.0
        ]
      ]
    },
    {
      "file_path": "/media/NFS/ttao/scannet/posed_images/scene0483_00/00470.jpg",
      "transform_matrix": [
        [
          0.998981,
          -0.000492,
          0.045138,
          4.67105
        ],
        [
          -0.043401,
          -0.285401,
          0.957425,
          4.970241
        ],
        [
          0.012411,
          -0.958408,
          -0.285132,
          1.147253
        ],
        [
          0.0,
          0.0,
          0.0,
          1.0
        ]
      ]
    },
    {
      "file_path": "/media/NFS/ttao/scannet/posed_images/scene0483_00/00481.jpg",
      "transform_matrix": [
        [
          0.995615,
          -0.04146,
          0.08386,
          4.664718
        ],
        [
          -0.092298,
          -0.289266,
          0.952789,
          5.027878
        ],
        [
          -0.015245,
          -0.956351,
          -0.291824,
          1.161415
        ],
        [
          0.0,
          0.0,
          0.0,
          1.0
        ]
      ]
    },
    {
      "file_path": "/media/NFS/ttao/scannet/posed_images/scene0483_00/00489.jpg",
      "transform_matrix": [
        [
          0.990818,
          -0.038986,
          0.12946,
          4.659626
        ],
        [
          -0.135202,
          -0.288163,
          0.947989,
          5.085989
        ],
        [
          0.000348,
          -0.956787,
          -0.290788,
          1.161279
        ],
        [
          0.0,
          0.0,
          0.0,
          1.0
        ]
      ]
    },
    {
      "file_path": "/media/NFS/ttao/scannet/posed_images/scene0483_00/00500.jpg",
      "transform_matrix": [
        [
          0.997568,
          -0.018644,
          0.067154,
          4.629664
        ],
        [
          -0.069635,
          -0.306307,
          0.949382,
          5.142418
        ],
        [
          0.00287,
          -0.95175,
          -0.30686,
          1.165054
        ],
        [
          0.0,
          0.0,
          0.0,
          1.0
        ]
      ]
    },
    {
      "file_path": "/media/NFS/ttao/scannet/posed_images/scene0483_00/00511.jpg",
      "transform_matrix": [
        [
          0.999004,
          -0.009852,
          -0.043522,
          4.599657
        ],
        [
          0.037582,
          -0.340107,
          0.939635,
          5.126014
        ],
        [
          -0.02406,
          -0.940335,
          -0.339398,
          1.160921
        ],
        [
          0.0,
          0.0,
          0.0,
          1.0
        ]
      ]
    },
    {
      "file_path": "/media/NFS/ttao/scannet/posed_images/scene0483_00/00517.jpg",
      "transform_matrix": [
        [
          0.996562,
          0.029244,
          -0.077513,
          4.603996
        ],
        [
          0.082843,
          -0.343545,
          0.935475,
          5.089131
        ],
        [
          0.000728,
          -0.938681,
          -0.344786,
          1.162366
        ],
        [
          0.0,
          0.0,
          0.0,
          1.0
        ]
      ]
    },
    {
      "file_path": "/media/NFS/ttao/scannet/posed_images/scene0483_00/00525.jpg",
      "transform_matrix": [
        [
          0.98987,
          0.06867,
          -0.12426,
          4.6092
        ],
        [
          0.140085,
          -0.330167,
          0.93347,
          5.017408
        ],
        [
          0.023075,
          -0.941421,
          -0.336442,
          1.160959
        ],
        [
          0.0,
          0.0,
          0.0,
          1.0
        ]
      ]
    },
    {
      "file_path": "/media/NFS/ttao/scannet/posed_images/scene0483_00/00538.jpg",
      "transform_matrix": [
        [
          0.960269,
          0.139262,
          -0.241844,
          4.63049
        ],
        [
          0.275542,
          -0.335681,
          0.900774,
          4.904677
        ],
        [
          0.044261,
          -0.931625,
          -0.360717,
          1.158402
        ],
        [
          0.0,
          0.0,
          0.0,
          1.0
        ]
      ]
    },
    {
      "file_path": "/media/NFS/ttao/scannet/posed_images/scene0483_00/00549.jpg",
      "transform_matrix": [
        [
          0.923681,
          0.155487,
          -0.350195,
          4.659613
        ],
        [
          0.382455,
          -0.318653,
          0.867288,
          4.863024
        ],
        [
          0.023261,
          -0.935032,
          -0.353801,
          1.175528
        ],
        [
          0.0,
          0.0,
          0.0,
          1.0
        ]
      ]
    },
    {
      "file_path": "/media/NFS/ttao/scannet/posed_images/scene0483_00/00552.jpg",
      "transform_matrix": [
        [
          0.91653,
          0.163362,
          -0.365083,
          4.649842
        ],
        [
          0.399269,
          -0.319823,
          0.859243,
          4.853441
        ],
        [
          0.023605,
          -0.933288,
          -0.358353,
          1.183321
        ],
        [
          0.0,
          0.0,
          0.0,
          1.0
        ]
      ]
    },
    {
      "file_path": "/media/NFS/ttao/scannet/posed_images/scene0483_00/00566.jpg",
      "transform_matrix": [
        [
          0.848179,
          0.196462,
          -0.49193,
          4.690468
        ],
        [
          0.528794,
          -0.259469,
          0.808116,
          4.825598
        ],
        [
          0.031124,
          -0.945557,
          -0.323964,
          1.203547
        ],
        [
          0.0,
          0.0,
          0.0,
          1.0
        ]
      ]
    },
    {
      "file_path": "/media/NFS/ttao/scannet/posed_images/scene0483_00/00571.jpg",
      "transform_matrix": [
        [
          0.83115,
          0.191671,
          -0.52197,
          4.708127
        ],
        [
          0.555701,
          -0.253096,
          0.791921,
          4.807829
        ],
        [
          0.01968,
          -0.948264,
          -0.316872,
          1.208594
        ],
        [
          0.0,
          0.0,
          0.0,
          1.0
        ]
      ]
    },
    {
      "file_path": "/media/NFS/ttao/scannet/posed_images/scene0483_00/00585.jpg",
      "transform_matrix": [
        [
          0.750747,
          0.216498,
          -0.624105,
          4.74951
        ],
        [
          0.660303,
          -0.218108,
          0.71863,
          4.74235
        ],
        [
          0.019459,
          -0.951608,
          -0.306698,
          1.206772
        ],
        [
          0.0,
          0.0,
          0.0,
          1.0
        ]
      ]
    },
    {
      "file_path": "/media/NFS/ttao/scannet/posed_images/scene0483_00/00593.jpg",
      "transform_matrix": [
        [
          0.692471,
          0.226839,
          -0.684856,
          4.723229
        ],
        [
          0.721291,
          -0.198014,
          0.663725,
          4.680201
        ],
        [
          0.014948,
          -0.95359,
          -0.300736,
          1.195788
        ],
        [
          0.0,
          0.0,
          0.0,
          1.0
        ]
      ]
    },
    {
      "file_path": "/media/NFS/ttao/scannet/posed_images/scene0483_00/00595.jpg",
      "transform_matrix": [
        [
          0.676692,
          0.236343,
          -0.697302,
          4.73104
        ],
        [
          0.735992,
          -0.191291,
          0.649402,
          4.678535
        ],
        [
          0.020094,
          -0.952654,
          -0.303391,
          1.192996
        ],
        [
          0.0,
          0.0,
          0.0,
          1.0
        ]
      ]
    },
    {
      "file_path": "/media/NFS/ttao/scannet/posed_images/scene0483_00/00609.jpg",
      "transform_matrix": [
        [
          0.54344,
          0.270131,
          -0.794798,
          4.72435
        ],
        [
          0.838937,
          -0.141709,
          0.525456,
          4.653524
        ],
        [
          0.029312,
          -0.952338,
          -0.303633,
          1.209755
        ],
        [
          0.0,
          0.0,
          0.0,
          1.0
        ]
      ]
    },
    {
      "file_path": "/media/NFS/ttao/scannet/posed_images/scene0483_00/00620.jpg",
      "transform_matrix": [
        [
          0.478391,
          0.288171,
          -0.829518,
          4.647838
        ],
        [
          0.877973,
          -0.138114,
          0.458354,
          4.584559
        ],
        [
          0.017516,
          -0.947566,
          -0.319079,
          1.203924
        ],
        [
          0.0,
          0.0,
          0.0,
          1.0
        ]
      ]
    },
    {
      "file_path": "/media/NFS/ttao/scannet/posed_images/scene0483_00/00628.jpg",
      "transform_matrix": [
        [
          0.48336,
          0.294646,
          -0.824346,
          4.600585
        ],
        [
          0.875328,
          -0.148884,
          0.460037,
          4.561611
        ],
        [
          0.012816,
          -0.943937,
          -0.329877,
          1.208167
        ],
        [
          0.0,
          0.0,
          0.0,
          1.0
        ]
      ]
    },
    {
      "file_path": "/media/NFS/ttao/scannet/posed_images/scene0483_00/00636.jpg",
      "transform_matrix": [
        [
          0.475788,
          0.28847,
          -0.830909,
          4.538254
        ],
        [
          0.879089,
          -0.125048,
          0.459963,
          4.501862
        ],
        [
          0.028782,
          -0.949288,
          -0.313087,
          1.223026
        ],
        [
          0.0,
          0.0,
          0.0,
          1.0
        ]
      ]
    },
    {
      "file_path": "/media/NFS/ttao/scannet/posed_images/scene0483_00/00647.jpg",
      "transform_matrix": [
        [
          0.358853,
          0.287051,
          -0.888159,
          4.483859
        ],
        [
          0.932928,
          -0.080238,
          0.351008,
          4.460124
        ],
        [
          0.029493,
          -0.954549,
          -0.296591,
          1.24154
        ],
        [
          0.0,
          0.0,
          0.0,
          1.0
        ]
      ]
    },
    {
      "file_path": "/media/NFS/ttao/scannet/posed_images/scene0483_00/00650.jpg",
      "transform_matrix": [
        [
          0.34209,
          0.289297,
          -0.894026,
          4.448581
        ],
        [
          0.939226,
          -0.0761,
          0.33476,
          4.405089
        ],
        [
          0.02881,
          -0.954209,
          -0.297748,
          1.241201
        ],
        [
          0.0,
          0.0,
          0.0,
          1.0
        ]
      ]
    },
    {
      "file_path": "/media/NFS/ttao/scannet/posed_images/scene0483_00/00666.jpg",
      "transform_matrix": [
        [
          0.052927,
          0.298407,
          -0.95297,
          4.424249
        ],
        [
          0.99701,
          0.038019,
          0.067277,
          4.455614
        ],
        [
          0.056307,
          -0.953681,
          -0.295502,
          1.238974
        ],
        [
          0.0,
          0.0,
          0.0,
          1.0
        ]
      ]
    },
    {
      "file_path": "/media/NFS/ttao/scannet/posed_images/scene0483_00/00674.jpg",
      "transform_matrix": [
        [
          -0.057666,
          0.2928,
          -0.954433,
          4.418182
        ],
        [
          0.996424,
          0.076026,
          -0.03688,
          4.477281
        ],
        [
          0.061764,
          -0.953146,
          -0.296137,
          1.231186
        ],
        [
          0.0,
          0.0,
          0.0,
          1.0
        ]
      ]
    },
    {
      "file_path": "/media/NFS/ttao/scannet/posed_images/scene0483_00/00677.jpg",
      "transform_matrix": [
        [
          -0.095759,
          0.289023,
          -0.952521,
          4.422065
        ],
        [
          0.993456,
          0.087601,
          -0.073293,
          4.482421
        ],
        [
          0.062258,
          -0.953306,
          -0.29552,
          1.227548
        ],
        [
          0.0,
          0.0,
          0.0,
          1.0
        ]
      ]
    },
    {
      "file_path": "/media/NFS/ttao/scannet/posed_images/scene0483_00/00688.jpg",
      "transform_matrix": [
        [
          -0.242368,
          0.300258,
          -0.922552,
          4.423763
        ],
        [
          0.96721,
          0.149179,
          -0.205548,
          4.462132
        ],
        [
          0.075908,
          -0.94212,
          -0.326569,
          1.210122
        ],
        [
          0.0,
          0.0,
          0.0,
          1.0
        ]
      ]
    },
    {
      "file_path": "/media/NFS/ttao/scannet/posed_images/scene0483_00/00699.jpg",
      "transform_matrix": [
        [
          -0.368435,
          0.309575,
          -0.876595,
          4.436027
        ],
        [
          0.927184,
          0.191053,
          -0.322226,
          4.445631
        ],
        [
          0.067723,
          -0.931484,
          -0.357423,
          1.208495
        ],
