{
  "frames": [
    {
      "file_path": "/media/NFS/ttao/scannet/posed_images/scene0101_00/00000.jpg",
      "transform_matrix": [
        [
          0.590232,
          -0.352789,
          0.726062,
          2.518124
        ],
        [
          -0.807221,
          -0.252962,
          0.533296,
          2.463328
        ],
        [
          -0.004475,
          -0.900861,
          -0.434086,
          1.346668
        ],
        [
          0.0,
          0.0,
          0.0,
          1.0
        ]
      ]
    },
    {
      "file_path": "/media/NFS/ttao/scannet/posed_images/scene0101_00/00004.jpg",
      "transform_matrix": [
        [
          0.591474,
          -0.360427,
          0.721284,
          2.523668
        ],
        [
          -0.806244,
          -0.251769,
          0.535335,
          2.4613
        ],
        [
          -0.011352,
          -0.898167,
          -0.439507,
          1.342936
        ],
        [
          0.0,
          0.0,
          0.0,
          1.0
        ]
      ]
    },
    {
      "file_path": "/media/NFS/ttao/scannet/posed_images/scene0101_00/00008.jpg",
      "transform_matrix": [
        [
          0.595141,
          -0.370443,
          0.713147,
          2.525112
        ],
        [
          -0.803521,
          -0.260295,
          0.535351,
          2.460941
        ],
        [
          -0.012688,
          -0.891638,
          -0.452571,
          1.334523
        ],
        [
          0.0,
          0.0,
          0.0,
          1.0
        ]
      ]
    },
    {
      "file_path": "/media/NFS/ttao/scannet/posed_images/scene0101_00/00014.jpg",
      "transform_matrix": [
        [
          0.602597,
          -0.387028,
          0.697916,
          2.523922
        ],
        [
          -0.79799,
          -0.281911,
          0.53267,
          2.457231
        ],
        [
          -0.009408,
          -0.877915,
          -0.478723,
          1.326255
        ],
        [
          0.0,
          0.0,
          0.0,
          1.0
        ]
      ]
    },
    {
      "file_path": "/media/NFS/ttao/scannet/posed_images/scene0101_00/00018.jpg",
      "transform_matrix": [
        [
          0.620991,
          -0.356321,
          0.698144,
          2.511273
        ],
        [
          -0.783812,
          -0.278773,
          0.55491,
          2.449352
        ],
        [
          -0.003102,
          -0.891808,
          -0.452404,
          1.346689
        ],
        [
          0.0,
          0.0,
          0.0,
          1.0
        ]
      ]
    },
    {
      "file_path": "/media/NFS/ttao/scannet/posed_images/scene0101_00/00024.jpg",
      "transform_matrix": [
        [
          0.65999,
          -0.244279,
          0.710451,
          2.476455
        ],
        [
          -0.751233,
          -0.224532,
          0.620673,
          2.424422
        ],
        [
          0.007902,
          -0.943352,
          -0.3317,
          1.414733
        ],
        [
          0.0,
          0.0,
          0.0,
          1.0
        ]
      ]
    },
    {
      "file_path": "/media/NFS/ttao/scannet/posed_images/scene0101_00/00030.jpg",
      "transform_matrix": [
        [
          0.684673,
          -0.158472,
          0.711414,
          2.439449
        ],
        [
          -0.728826,
          -0.156885,
          0.666483,
          2.401902
        ],
        [
          0.005992,
          -0.97482,
          -0.222913,
          1.457541
        ],
        [
          0.0,
          0.0,
          0.0,
          1.0
        ]
      ]
    },
    {
      "file_path": "/media/NFS/ttao/scannet/posed_images/scene0101_00/00034.jpg",
      "transform_matrix": [
        [
          0.715,
          -0.129141,
          0.687094,
          2.419067
        ],
        [
          -0.699112,
          -0.126091,
          0.703807,
          2.393127
        ],
        [
          -0.004254,
          -0.983577,
          -0.180439,
          1.475949
        ],
        [
          0.0,
          0.0,
          0.0,
          1.0
        ]
      ]
    },
    {
      "file_path": "/media/NFS/ttao/scannet/posed_images/scene0101_00/00037.jpg",
      "transform_matrix": [
        [
          0.740142,
          -0.114372,
          0.662653,
          2.406107
        ],
        [
          -0.672418,
          -0.116009,
          0.731024,
          2.394748
        ],
        [
          -0.006735,
          -0.986641,
          -0.162769,
          1.484756
        ],
        [
          0.0,
          0.0,
          0.0,
          1.0
        ]
      ]
    },
    {
      "file_path": "/media/NFS/ttao/scannet/posed_images/scene0101_00/00041.jpg",
      "transform_matrix": [
        [
          0.785606,
          -0.10296,
          0.610101,
          2.393996
        ],
        [
          -0.618666,
          -0.116819,
          0.77692,
          2.398731
        ],
        [
          -0.00872,
          -0.987802,
          -0.155472,
          1.495233
        ],
        [
          0.0,
          0.0,
          0.0,
          1.0
        ]
      ]
    },
    {
      "file_path": "/media/NFS/ttao/scannet/posed_images/scene0101_00/00046.jpg",
      "transform_matrix": [
        [
          0.867849,
          -0.102632,
          0.486112,
          2.402766
        ],
        [
          -0.496531,
          -0.145322,
          0.855768,
          2.398873
        ],
        [
          -0.017186,
          -0.984047,
          -0.177077,
          1.484112
        ],
        [
          0.0,
          0.0,
          0.0,
          1.0
        ]
      ]
    },
    {
      "file_path": "/media/NFS/ttao/scannet/posed_images/scene0101_00/00051.jpg",
      "transform_matrix": [
        [
          0.919327,
          -0.118779,
          0.375139,
          2.355941
        ],
        [
          -0.39286,
          -0.222956,
          0.892161,
          2.417227
        ],
        [
          -0.022331,
          -0.967565,
          -0.251633,
          1.411498
        ],
        [
          0.0,
          0.0,
          0.0,
          1.0
        ]
      ]
    },
    {
      "file_path": "/media/NFS/ttao/scannet/posed_images/scene0101_00/00056.jpg",
      "transform_matrix": [
        [
          0.962036,
          -0.109072,
          0.250179,
          2.373051
        ],
        [
          -0.272324,
          -0.322979,
          0.90638,
          2.419142
        ],
        [
          -0.018058,
          -0.9401,
          -0.340421,
          1.362913
        ],
        [
          0.0,
          0.0,
          0.0,
          1.0
        ]
      ]
    },
    {
      "file_path": "/media/NFS/ttao/scannet/posed_images/scene0101_00/00062.jpg",
      "transform_matrix": [
        [
          0.984495,
          -0.084823,
          0.15354,
          2.354818
        ],
        [
          -0.175099,
          -0.422899,
          0.889099,
          2.435315
        ],
        [
          -0.010485,
          -0.902198,
          -0.431194,
          1.32244
        ],
        [
          0.0,
          0.0,
          0.0,
          1.0
        ]
      ]
    },
    {
      "file_path": "/media/NFS/ttao/scannet/posed_images/scene0101_00/00068.jpg",
      "transform_matrix": [
        [
          0.996268,
          -0.060581,
          0.061481,
          2.337336
        ],
        [
          -0.082678,
          -0.465281,
          0.881293,
          2.460759
        ],
        [
          -0.024784,
          -0.883088,
          -0.468553,
          1.321347
        ],
        [
          0.0,
          0.0,
          0.0,
          1.0
        ]
      ]
    },
    {
      "file_path": "/media/NFS/ttao/scannet/posed_images/scene0101_00/00069.jpg",
      "transform_matrix": [
        [
          0.997011,
          -0.054877,
          0.054383,
          2.332097
        ],
        [
          -0.073687,
          -0.463873,
          0.882832,
          2.468312
        ],
        [
          -0.02322,
          -0.884201,
          -0.46653,
          1.329728
        ],
        [
          0.0,
          0.0,
          0.0,
          1.0
        ]
      ]
    },
    {
      "file_path": "/media/NFS/ttao/scannet/posed_images/scene0101_00/00075.jpg",
      "transform_matrix": [
        [
          0.999613,
          0.000316,
          -0.027802,
          2.326126
        ],
        [
          0.026039,
          -0.361152,
          0.932143,
          2.516972
        ],
        [
          -0.009746,
          -0.932507,
          -0.361021,
          1.451602
        ],
        [
          0.0,
          0.0,
          0.0,
          1.0
        ]
      ]
    },
    {
      "file_path": "/media/NFS/ttao/scannet/posed_images/scene0101_00/00082.jpg",
      "transform_matrix": [
        [
          0.99931,
          -0.005387,
          -0.036756,
          2.357252
        ],
        [
          0.035088,
          -0.188054,
          0.981532,
          2.507234
        ],
        [
          -0.012199,
          -0.982144,
          -0.187735,
          1.517478
        ],
        [
          0.0,
          0.0,
          0.0,
          1.0
        ]
      ]
    },
    {
      "file_path": "/media/NFS/ttao/scannet/posed_images/scene0101_00/00083.jpg",
      "transform_matrix": [
        [
          0.999567,
          -0.007409,
          -0.028467,
          2.359662
        ],
        [
          0.026796,
          -0.169914,
          0.985094,
          2.509614
        ],
        [
          -0.012136,
          -0.985431,
          -0.169642,
          1.522399
        ],
        [
          0.0,
          0.0,
          0.0,
          1.0
        ]
      ]
    },
    {
      "file_path": "/media/NFS/ttao/scannet/posed_images/scene0101_00/00092.jpg",
      "transform_matrix": [
        [
          0.995125,
          -0.040505,
          0.089922,
          2.363694
        ],
        [
          -0.092617,
          -0.070494,
          0.993203,
          2.527747
        ],
        [
          -0.03389,
          -0.99669,
          -0.073902,
          1.563664
        ],
        [
          0.0,
          0.0,
          0.0,
          1.0
        ]
      ]
    },
    {
      "file_path": "/media/NFS/ttao/scannet/posed_images/scene0101_00/00096.jpg",
      "transform_matrix": [
        [
          0.990984,
          -0.063108,
          0.118189,
          2.375965
        ],
        [
          -0.122355,
          -0.066821,
          0.990234,
          2.538559
        ],
        [
          -0.054594,
          -0.995767,
          -0.07394,
          1.576963
        ],
        [
          0.0,
          0.0,
          0.0,
          1.0
        ]
      ]
    },
    {
      "file_path": "/media/NFS/ttao/scannet/posed_images/scene0101_00/00100.jpg",
      "transform_matrix": [
        [
          0.992863,
          -0.050639,
          0.107976,
          2.361143
        ],
        [
          -0.110705,
          -0.0546,
          0.992352,
          2.541508
        ],
        [
          -0.044356,
          -0.997223,
          -0.059816,
          1.593716
        ],
        [
          0.0,
          0.0,
          0.0,
          1.0
        ]
      ]
    },
    {
      "file_path": "/media/NFS/ttao/scannet/posed_images/scene0101_00/00103.jpg",
      "transform_matrix": [
        [
          0.998781,
          -0.049195,
          0.004002,
          2.392592
        ],
        [
          -0.006423,
          -0.049146,
          0.998771,
          2.539603
        ],
        [
          -0.048938,
          -0.997579,
          -0.049402,
          1.593488
        ],
        [
          0.0,
          0.0,
          0.0,
          1.0
        ]
      ]
    },
    {
      "file_path": "/media/NFS/ttao/scannet/posed_images/scene0101_00/00110.jpg",
      "transform_matrix": [
        [
          0.950524,
          -0.031529,
          -0.309047,
          2.400741
        ],
        [
          0.306729,
          -0.062317,
          0.949755,
          2.557216
        ],
        [
          -0.049203,
          -0.997558,
          -0.049563,
          1.594362
        ],
        [
          0.0,
          0.0,
          0.0,
          1.0
        ]
      ]
    },
    {
      "file_path": "/media/NFS/ttao/scannet/posed_images/scene0101_00/00111.jpg",
      "transform_matrix": [
        [
          0.937401,
          -0.026381,
          -0.347251,
          2.40816
        ],
        [
          0.344844,
          -0.068837,
          0.936132,
          2.560787
        ],
        [
          -0.0486,
          -0.997279,
          -0.05543,
          1.596942
        ],
        [
          0.0,
          0.0,
          0.0,
          1.0
        ]
      ]
    },
    {
      "file_path": "/media/NFS/ttao/scannet/posed_images/scene0101_00/00118.jpg",
      "transform_matrix": [
        [
          0.80904,
          0.023494,
          -0.587284,
          2.469642
        ],
        [
          0.587276,
          -0.072552,
          0.806128,
          2.607646
        ],
        [
          -0.023669,
          -0.997088,
          -0.072495,
          1.576541
        ],
        [
          0.0,
          0.0,
          0.0,
          1.0
        ]
      ]
    },
    {
      "file_path": "/media/NFS/ttao/scannet/posed_images/scene0101_00/00124.jpg",
      "transform_matrix": [
        [
          0.72972,
          0.072896,
          -0.67985,
          2.395303
        ],
        [
          0.683713,
          -0.067909,
          0.726584,
          2.583161
        ],
        [
          0.006797,
          -0.995025,
          -0.099395,
          1.475326
        ],
        [
          0.0,
          0.0,
          0.0,
          1.0
        ]
      ]
    },
    {
      "file_path": "/media/NFS/ttao/scannet/posed_images/scene0101_00/00130.jpg",
      "transform_matrix": [
        [
          0.675747,
          0.139527,
          -0.723808,
          2.256252
        ],
        [
          0.736997,
          -0.146773,
          0.659767,
          2.464014
        ],
        [
          -0.014181,
          -0.97928,
          -0.202012,
          1.414875
        ],
        [
          0.0,
          0.0,
          0.0,
          1.0
        ]
      ]
    },
    {
      "file_path": "/media/NFS/ttao/scannet/posed_images/scene0101_00/00134.jpg",
      "transform_matrix": [
        [
          0.606871,
          0.167527,
          -0.776944,
          2.26588
        ],
        [
          0.793705,
          -0.179053,
          0.581354,
          2.454687
        ],
        [
          -0.041721,
          -0.969471,
          -0.241629,
          1.397947
        ],
        [
          0.0,
          0.0,
          0.0,
          1.0
        ]
      ]
    },
    {
      "file_path": "/media/NFS/ttao/scannet/posed_images/scene0101_00/00138.jpg",
      "transform_matrix": [
        [
          0.535312,
          0.209977,
          -0.818138,
          2.283721
        ],
        [
          0.843445,
          -0.1847,
          0.504466,
          2.432849
        ],
        [
          -0.045184,
          -0.960102,
          -0.275976,
          1.366162
        ],
        [
          0.0,
          0.0,
          0.0,
          1.0
        ]
      ]
    },
    {
      "file_path": "/media/NFS/ttao/scannet/posed_images/scene0101_00/00144.jpg",
      "transform_matrix": [
        [
          0.439158,
          0.28851,
          -0.850825,
          2.280167
        ],
        [
          0.898397,
          -0.146019,
          0.414199,
          2.324417
        ],
        [
          -0.004736,
          -0.946277,
          -0.323322,
          1.353377
        ],
        [
          0.0,
          0.0,
          0.0,
          1.0
        ]
      ]
    },
    {
      "file_path": "/media/NFS/ttao/scannet/posed_images/scene0101_00/00146.jpg",
      "transform_matrix": [
        [
          0.409431,
          0.296203,
          -0.862919,
          2.290566
        ],
        [
          0.912341,
          -0.132911,
          0.387258,
          2.308862
        ],
        [
          1.5e-05,
          -0.945832,
          -0.324656,
          1.355357
        ],
        [
          0.0,
          0.0,
          0.0,
          1.0
        ]
      ]
    },
    {
      "file_path": "/media/NFS/ttao/scannet/posed_images/scene0101_00/00151.jpg",
      "transform_matrix": [
        [
          0.348731,
          0.346213,
          -0.870932,
          2.324583
        ],
        [
          0.937202,
          -0.122613,
          0.326525,
          2.249418
        ],
        [
          0.00626,
          -0.930109,
          -0.36723,
          1.337273
        ],
        [
          0.0,
          0.0,
          0.0,
          1.0
        ]
      ]
    },
    {
      "file_path": "/media/NFS/ttao/scannet/posed_images/scene0101_00/00153.jpg",
      "transform_matrix": [
        [
          0.325535,
          0.358609,
          -0.874886,
          2.345551
        ],
        [
          0.945514,
          -0.11808,
          0.303415,
          2.240671
        ],
        [
          0.005501,
          -0.925989,
          -0.377509,
          1.331769
        ],
        [
          0.0,
          0.0,
          0.0,
          1.0
        ]
      ]
    },
    {
      "file_path": "/media/NFS/ttao/scannet/posed_images/scene0101_00/00162.jpg",
      "transform_matrix": [
        [
          0.225756,
          0.431464,
          -0.873426,
          2.469166
        ],
        [
          0.974183,
          -0.101028,
          0.201892,
          2.210735
        ],
        [
          -0.001132,
          -0.896456,
          -0.443132,
          1.287878
        ],
        [
          0.0,
          0.0,
          0.0,
          1.0
        ]
      ]
    },
    {
      "file_path": "/media/NFS/ttao/scannet/posed_images/scene0101_00/00163.jpg",
      "transform_matrix": [
        [
          0.217508,
          0.431222,
          -0.875636,
          2.481124
        ],
        [
          0.976057,
          -0.097531,
          0.194422,
          2.213517
        ],
        [
          -0.001563,
          -0.896959,
          -0.442111,
          1.28896
        ],
        [
          0.0,
          0.0,
          0.0,
          1.0
        ]
      ]
    },
    {
      "file_path": "/media/NFS/ttao/scannet/posed_images/scene0101_00/00168.jpg",
      "transform_matrix": [
        [
          0.1423,
          0.424568,
          -0.894143,
          2.548806
        ],
        [
          0.989812,
          -0.056678,
          0.130613,
          2.227483
        ],
        [
          0.004776,
          -0.90362,
          -0.428308,
          1.301542
        ],
        [
          0.0,
          0.0,
          0.0,
          1.0
        ]
      ]
    },
    {
      "file_path": "/media/NFS/ttao/scannet/posed_images/scene0101_00/00176.jpg",
      "transform_matrix": [
        [
          0.029545,
          0.321584,
          -0.94642,
          2.613995
        ],
        [
          0.999542,
          -0.015687,
          0.025873,
          2.239118
        ],
        [
          -0.006526,
          -0.946751,
          -0.3219,
          1.358885
        ],
        [
          0.0,
          0.0,
          0.0,
          1.0
        ]
      ]
    },
    {
      "file_path": "/media/NFS/ttao/scannet/posed_images/scene0101_00/00179.jpg",
      "transform_matrix": [
        [
          0.028566,
          0.236286,
          -0.971263,
          2.630993
        ],
        [
          0.999463,
          -0.02235,
          0.023958,
          2.240478
        ],
        [
          -0.016046,
          -0.971426,
          -0.236798,
          1.397499
        ],
        [
          0.0,
          0.0,
          0.0,
          1.0
        ]
      ]
    },
    {
      "file_path": "/media/NFS/ttao/scannet/posed_images/scene0101_00/00186.jpg",
      "transform_matrix": [
        [
          0.122727,
          0.061144,
          -0.990555,
          2.645653
        ],
        [
          0.992381,
          -0.018506,
          0.12181,
          2.210565
        ],
        [
          -0.010883,
          -0.997957,
          -0.062949,
          1.469222
        ],
        [
          0.0,
          0.0,
          0.0,
          1.0
        ]
      ]
    },
    {
      "file_path": "/media/NFS/ttao/scannet/posed_images/scene0101_00/00189.jpg",
      "transform_matrix": [
        [
          0.142428,
          0.028729,
          -0.989388,
          2.645082
        ],
        [
          0.989758,
          -0.013866,
          0.142078,
          2.209113
        ],
        [
          -0.009637,
          -0.999491,
          -0.03041,
          1.483997
        ],
        [
          0.0,
          0.0,
          0.0,
          1.0
        ]
      ]
    },
    {
      "file_path": "/media/NFS/ttao/scannet/posed_images/scene0101_00/00194.jpg",
      "transform_matrix": [
        [
          0.17707,
          -0.03388,
          -0.983615,
          2.650981
        ],
        [
          0.984089,
          -0.008743,
          0.177457,
          2.203426
        ],
        [
          -0.014612,
          -0.999388,
          0.031792,
          1.524018
        ],
        [
          0.0,
          0.0,
          0.0,
          1.0
        ]
      ]
    },
    {
      "file_path": "/media/NFS/ttao/scannet/posed_images/scene0101_00/00200.jpg",
      "transform_matrix": [
        [
          0.125709,
          -0.122025,
          -0.984534,
          2.668278
        ],
        [
          0.991802,
          -0.007477,
          0.127564,
          2.190899
        ],
        [
          -0.022927,
          -0.992499,
          0.120085,
          1.512041
        ],
        [
          0.0,
          0.0,
          0.0,
          1.0
        ]
      ]
    },
    {
      "file_path": "/media/NFS/ttao/scannet/posed_images/scene0101_00/00201.jpg",
      "transform_matrix": [
        [
          0.11415,
          -0.126309,
          -0.985401,
          2.669375
        ],
        [
          0.993211,
          -0.007826,
          0.116058,
          2.187577
        ],
        [
          -0.022371,
          -0.99196,
          0.124558,
          1.508809
        ],
        [
          0.0,
          0.0,
          0.0,
          1.0
        ]
      ]
    },
    {
      "file_path": "/media/NFS/ttao/scannet/posed_images/scene0101_00/00206.jpg",
      "transform_matrix": [
        [
          -0.018104,
          -0.09225,
          -0.995571,
          2.674954
        ],
        [
          0.999836,
          -0.002328,
          -0.017966,
          2.18646
        ],
        [
          -0.00066,
          -0.995733,
          0.092277,
          1.515797
        ],
        [
          0.0,
          0.0,
          0.0,
          1.0
        ]
      ]
    },
    {
      "file_path": "/media/NFS/ttao/scannet/posed_images/scene0101_00/00211.jpg",
      "transform_matrix": [
        [
          -0.193812,
          -0.020703,
          -0.980821,
          2.657755
        ],
        [
          0.980834,
          0.016334,
          -0.194159,
          2.210041
        ],
        [
          0.02004,
          -0.999652,
          0.01714,
          1.477258
        ],
        [
          0.0,
          0.0,
          0.0,
          1.0
        ]
      ]
    },
    {
      "file_path": "/media/NFS/ttao/scannet/posed_images/scene0101_00/00218.jpg",
      "transform_matrix": [
        [
          -0.38006,
          0.085279,
          -0.921023,
          2.649215
        ],
        [
          0.92365,
          0.088004,
          -0.372995,
          2.175863
        ],
        [
          0.049245,
          -0.992463,
          -0.112215,
          1.417351
        ],
        [
          0.0,
          0.0,
          0.0,
          1.0
        ]
      ]
    },
    {
      "file_path": "/media/NFS/ttao/scannet/posed_images/scene0101_00/00221.jpg",
      "transform_matrix": [
        [
          -0.430919,
          0.145068,
          -0.890653,
          2.682791
        ],
        [
          0.902041,
          0.096692,
          -0.42068,
          2.074622
        ],
        [
          0.025092,
          -0.984686,
          -0.172524,
          1.378684
        ],
        [
          0.0,
          0.0,
          0.0,
          1.0
        ]
      ]
    },
    {
      "file_path": "/media/NFS/ttao/scannet/posed_images/scene0101_00/00228.jpg",
      "transform_matrix": [
        [
          -0.545266,
          0.238887,
          -0.803504,
          2.67765
        ],
        [
          0.838108,
          0.173803,
          -0.517076,
          2.067971
        ],
        [
          0.016129,
          -0.955367,
          -0.294982,
          1.32502
        ],
        [
          0.0,
          0.0,
          0.0,
          1.0
        ]
      ]
    },
    {
      "file_path": "/media/NFS/ttao/scannet/posed_images/scene0101_00/00230.jpg",
      "transform_matrix": [
        [
          -0.550008,
          0.276793,
          -0.787958,
          2.702522
        ],
        [
          0.834825,
          0.208914,
          -0.509335,
          2.017157
        ],
        [
          0.023635,
          -0.937945,
          -0.345978,
          1.301021
        ],
        [
          0.0,
          0.0,
          0.0,
          1.0
        ]
      ]
    },
    {
      "file_path": "/media/NFS/ttao/scannet/posed_images/scene0101_00/00235.jpg",
      "transform_matrix": [
        [
          -0.634596,
          0.30911,
          -0.708335,
          2.696509
        ],
        [
          0.772766,
          0.26679,
          -0.575895,
          2.010013
        ],
        [
          0.010962,
          -0.912839,
          -0.408174,
          1.28507
        ],
        [
          0.0,
          0.0,
          0.0,
          1.0
        ]
      ]
    },
    {
      "file_path": "/media/NFS/ttao/scannet/posed_images/scene0101_00/00239.jpg",
      "transform_matrix": [
        [
          -0.720934,
          0.286062,
          -0.631207,
          2.686753
        ],
        [
          0.692975,
          0.305725,
          -0.652929,
          2.019853
        ],
        [
          0.006198,
          -0.90813,
          -0.418642,
          1.287047
        ],
        [
          0.0,
          0.0,
          0.0,
          1.0
        ]
      ]
    },
    {
      "file_path": "/media/NFS/ttao/scannet/posed_images/scene0101_00/00245.jpg",
      "transform_matrix": [
        [
          -0.832869,
          0.16433,
          -0.528512,
          2.635509
        ],
        [
          0.553188,
          0.277667,
          -0.78542,
          2.095494
        ],
        [
          0.017682,
          -0.946518,
          -0.322165,
          1.357996
        ],
        [
          0.0,
          0.0,
          0.0,
          1.0
        ]
      ]
    },
    {
      "file_path": "/media/NFS/ttao/scannet/posed_images/scene0101_00/00251.jpg",
      "transform_matrix": [
        [
          -0.87738,
          0.092244,
          -0.470846,
          2.567818
        ],
        [
          0.478407,
          0.242818,
          -0.843899,
          2.199468
        ],
        [
          0.036486,
          -0.965676,
          -0.257174,
          1.427792
        ],
        [
          0.0,
          0.0,
          0.0,
          1.0
        ]
      ]
    },
    {
      "file_path": "/media/NFS/ttao/scannet/posed_images/scene0101_00/00256.jpg",
      "transform_matrix": [
        [
          -0.877569,
          0.076831,
          -0.473255,
          2.528152
        ],
        [
          0.478927,
          0.186616,
          -0.85779,
          2.269386
        ],
        [
          0.022412,
          -0.979424,
          -0.200564,
          1.47731
        ],
        [
          0.0,
          0.0,
          0.0,
          1.0
        ]
      ]
    },
    {
      "file_path": "/media/NFS/ttao/scannet/posed_images/scene0101_00/00258.jpg",
      "transform_matrix": [
        [
          -0.877539,
          0.062709,
          -0.475387,
          2.52179
        ],
        [
          0.478766,
          0.169632,
          -0.861399,
          2.290265
        ],
        [
          0.026624,
          -0.98351,
          -0.178882,
          1.489299
        ],
        [
          0.0,
          0.0,
          0.0,
          1.0
        ]
      ]
    },
    {
      "file_path": "/media/NFS/ttao/scannet/posed_images/scene0101_00/00263.jpg",
      "transform_matrix": [
        [
          -0.89029,
          0.027497,
          -0.454563,
          2.511228
        ],
        [
          0.45505,
          0.092467,
          -0.885651,
          2.355806
        ],
        [
          0.017679,
          -0.995336,
          -0.094835,
          1.510333
        ],
        [
          0.0,
          0.0,
          0.0,
          1.0
        ]
      ]
    },
    {
      "file_path": "/media/NFS/ttao/scannet/posed_images/scene0101_00/00270.jpg",
      "transform_matrix": [
        [
          -0.926508,
          0.031131,
          -0.374986,
          2.494978
        ],
        [
          0.376007,
          0.038905,
          -0.9258,
          2.455747
        ],
        [
          -0.014233,
          -0.998758,
          -0.047751,
          1.517525
        ],
        [
          0.0,
          0.0,
          0.0,
          1.0
        ]
      ]
    },
    {
      "file_path": "/media/NFS/ttao/scannet/posed_images/scene0101_00/00272.jpg",
      "transform_matrix": [
        [
          -0.930002,
          0.033136,
          -0.366057,
          2.491602
        ],
        [
          0.367144,
          0.036706,
          -0.92944,
          2.477502
        ],
        [
          -0.017361,
          -0.998777,
          -0.046302,
          1.515813
        ],
        [
          0.0,
          0.0,
          0.0,
          1.0
        ]
      ]
    },
    {
      "file_path": "/media/NFS/ttao/scannet/posed_images/scene0101_00/00277.jpg",
      "transform_matrix": [
        [
          -0.958204,
          0.019567,
          -0.285417,
          2.472854
        ],
        [
          0.285959,
          0.035612,
          -0.95758,
          2.542346
        ],
        [
          -0.008573,
          -0.999174,
          -0.039719,
          1.490353
        ],
        [
          0.0,
          0.0,
          0.0,
          1.0
        ]
      ]
    },
    {
      "file_path": "/media/NFS/ttao/scannet/posed_images/scene0101_00/00284.jpg",
      "transform_matrix": [
        [
          -0.9945,
          0.046871,
          -0.093666,
          2.439574
        ],
        [
          0.097205,
          0.080015,
          -0.992043,
          2.583547
        ],
        [
          -0.039004,
          -0.995691,
          -0.084131,
          1.483454
        ],
        [
          0.0,
          0.0,
          0.0,
          1.0
        ]
      ]
    },
    {
      "file_path": "/media/NFS/ttao/scannet/posed_images/scene0101_00/00286.jpg",
      "transform_matrix": [
        [
          -0.998058,
          0.0451,
          -0.042972,
          2.421103
        ],
        [
          0.046733,
          0.085937,
          -0.995204,
          2.589159
        ],
        [
          -0.041191,
          -0.995279,
          -0.087877,
          1.479066
        ],
        [
          0.0,
          0.0,
          0.0,
          1.0
        ]
      ]
    },
    {
      "file_path": "/media/NFS/ttao/scannet/posed_images/scene0101_00/00290.jpg",
      "transform_matrix": [
        [
          -0.999415,
          0.006545,
          0.033566,
          2.418151
        ],
        [
          -0.032455,
          0.127874,
          -0.991259,
          2.594903
        ],
        [
          -0.01078,
          -0.991769,
          -0.127587,
          1.453879
        ],
        [
          0.0,
          0.0,
          0.0,
          1.0
        ]
      ]
    },
    {
      "file_path": "/media/NFS/ttao/scannet/posed_images/scene0101_00/00294.jpg",
      "transform_matrix": [
        [
          -0.988483,
          -0.061633,
          0.138209,
          2.352667
        ],
        [
          -0.147443,
          0.186622,
          -0.971305,
          2.608891
        ],
        [
          0.034071,
          -0.980496,
          -0.19356,
          1.429161
        ],
        [
          0.0,
          0.0,
          0.0,
          1.0
        ]
      ]
    },
    {
      "file_path": "/media/NFS/ttao/scannet/posed_images/scene0101_00/00300.jpg",
      "transform_matrix": [
        [
          -0.973248,
          -0.099901,
          0.2069,
          2.429882
        ],
        [
          -0.22653,
          0.266854,
          -0.936736,
          2.669272
        ],
        [
          0.038369,
          -0.958545,
          -0.282346,
          1.326654
        ],
        [
          0.0,
          0.0,
          0.0,
          1.0
        ]
      ]
    },
    {
      "file_path": "/media/NFS/ttao/scannet/posed_images/scene0101_00/00307.jpg",
      "transform_matrix": [
        [
          -0.899924,
          -0.154084,
          0.407916,
          2.394781
        ],
        [
          -0.435983,
          0.334083,
          -0.835648,
          2.681031
        ],
        [
          -0.007518,
          -0.929864,
          -0.367827,
          1.293012
        ],
        [
          0.0,
          0.0,
          0.0,
          1.0
        ]
      ]
    },
    {
      "file_path": "/media/NFS/ttao/scannet/posed_images/scene0101_00/00311.jpg",
      "transform_matrix": [
        [
          -0.862761,
          -0.192023,
          0.46773,
          2.425585
        ],
        [
          -0.505454,
          0.350698,
          -0.78837,
          2.677383
        ],
        [
          -0.012647,
          -0.91659,
          -0.399628,
          1.282105
        ],
        [
          0.0,
          0.0,
          0.0,
          1.0
        ]
      ]
    },
    {
      "file_path": "/media/NFS/ttao/scannet/posed_images/scene0101_00/00317.jpg",
      "transform_matrix": [
        [
          -0.806982,
          -0.282553,
          0.518598,
          2.430909
        ],
        [
          -0.588984,
          0.32062,
          -0.741822,
          2.626685
        ],
        [
          0.043331,
          -0.904083,
          -0.425154,
          1.268481
        ],
        [
          0.0,
          0.0,
          0.0,
          1.0
        ]
      ]
    },
    {
      "file_path": "/media/NFS/ttao/scannet/posed_images/scene0101_00/00321.jpg",
      "transform_matrix": [
        [
          -0.762041,
          -0.285517,
          0.581183,
          2.415251
        ],
        [
          -0.64437,
          0.245824,
          -0.724126,
          2.583073
        ],
        [
          0.063882,
          -0.92631,
          -0.371306,
          1.269189
        ],
        [
          0.0,
          0.0,
          0.0,
          1.0
        ]
      ]
    },
    {
      "file_path": "/media/NFS/ttao/scannet/posed_images/scene0101_00/00325.jpg",
      "transform_matrix": [
        [
          -0.738356,
          -0.274274,
          0.61612,
          2.406374
        ],
        [
          -0.67189,
          0.220248,
          -0.707145,
          2.565402
        ],
        [
          0.058253,
          -0.93609,
          -0.346904,
          1.275555
        ],
        [
          0.0,
          0.0,
          0.0,
          1.0
        ]
      ]
    },
    {
      "file_path": "/media/NFS/ttao/scannet/posed_images/scene0101_00/00331.jpg",
      "transform_matrix": [
        [
          -0.630579,
          -0.314884,
          0.709379,
          2.370622
        ],
        [
          -0.775828,
          0.230441,
          -0.587357,
          2.529016
        ],
        [
          0.02148,
          -0.920731,
          -0.389607,
          1.276947
        ],
        [
          0.0,
          0.0,
          0.0,
          1.0
        ]
      ]
    },
    {
      "file_path": "/media/NFS/ttao/scannet/posed_images/scene0101_00/00332.jpg",
      "transform_matrix": [
        [
          -0.61086,
          -0.318958,
          0.724649,
          2.365755
        ],
        [
          -0.791553,
          0.226203,
          -0.567694,
          2.521428
        ],
        [
          0.017153,
          -0.920379,
          -0.390651,
          1.278489
        ],
        [
          0.0,
          0.0,
          0.0,
          1.0
        ]
      ]
    },
    {
      "file_path": "/media/NFS/ttao/scannet/posed_images/scene0101_00/00337.jpg",
      "transform_matrix": [
        [
          -0.476771,
          -0.363683,
          0.800265,
          2.311025
        ],
        [
          -0.879015,
          0.192337,
          -0.436279,
          2.482895
        ],
        [
          0.004746,
          -0.91145,
          -0.411383,
          1.264325
        ],
        [
          0.0,
          0.0,
          0.0,
          1.0
        ]
      ]
    },
    {
      "file_path": "/media/NFS/ttao/scannet/posed_images/scene0101_00/00342.jpg",
      "transform_matrix": [
        [
          -0.302057,
          -0.462726,
          0.833454,
          2.223815
        ],
        [
          -0.952165,
          0.103984,
          -0.287349,
          2.415234
        ],
        [
          0.046298,
          -0.880382,
          -0.472001,
          1.232305
        ],
        [
          0.0,
          0.0,
          0.0,
          1.0
        ]
      ]
    },
    {
      "file_path": "/media/NFS/ttao/scannet/posed_images/scene0101_00/00346.jpg",
      "transform_matrix": [
        [
          -0.188736,
          -0.515323,
          0.835955,
          2.175174
        ],
        [
          -0.981445,
          0.069667,
          -0.178638,
          2.378118
        ],
        [
          0.033818,
          -0.85416,
          -0.51891,
          1.230915
        ],
        [
          0.0,
          0.0,
          0.0,
          1.0
        ]
      ]
    },
    {
      "file_path": "/media/NFS/ttao/scannet/posed_images/scene0101_00/00352.jpg",
      "transform_matrix": [
        [
          -0.061282,
          -0.519951,
          0.851995,
          2.133603
        ],
        [
          -0.998086,
          0.039003,
          -0.047987,
          2.373193
        ],
        [
          -0.00828,
          -0.853305,
          -0.521346,
          1.23329
        ],
        [
          0.0,
          0.0,
          0.0,
          1.0
        ]
      ]
    },
    {
      "file_path": "/media/NFS/ttao/scannet/posed_images/scene0101_00/00356.jpg",
      "transform_matrix": [
        [
          0.014354,
          -0.506266,
          0.862258,
          2.120099
        ],
        [
          -0.999742,
          0.007913,
          0.021289,
          2.368806
        ],
        [
          -0.017601,
          -0.862341,
          -0.506022,
          1.2219
        ],
        [
          0.0,
          0.0,
          0.0,
          1.0
        ]
      ]
    },
    {
      "file_path": "/media/NFS/ttao/scannet/posed_images/scene0101_00/00360.jpg",
      "transform_matrix": [
        [
          0.101815,
          -0.526937,
          0.843784,
          2.121417
        ],
        [
          -0.994693,
          -0.041317,
          0.094222,
          2.38272
        ],
        [
          -0.014787,
          -0.848899,
          -0.528348,
