{
  "frames": [
    {
      "file_path": "/media/NFS/ttao/scannet/posed_images/scene0619_00/00000.jpg",
      "transform_matrix": [
        [
          0.999248,
          0.035664,
          -0.015191,
          4.293105
        ],
        [
          0.037507,
          -0.790443,
          0.611386,
          1.486377
        ],
        [
          0.009797,
          -0.611497,
          -0.791186,
          1.347604
        ],
        [
          0.0,
          0.0,
          0.0,
          1.0
        ]
      ]
    },
    {
      "file_path": "/media/NFS/ttao/scannet/posed_images/scene0619_00/00007.jpg",
      "transform_matrix": [
        [
          0.999704,
          0.023876,
          -0.004632,
          4.300269
        ],
        [
          0.021667,
          -0.787778,
          0.615579,
          1.486311
        ],
        [
          0.011049,
          -0.615497,
          -0.788062,
          1.349953
        ],
        [
          0.0,
          0.0,
          0.0,
          1.0
        ]
      ]
    },
    {
      "file_path": "/media/NFS/ttao/scannet/posed_images/scene0619_00/00016.jpg",
      "transform_matrix": [
        [
          0.999837,
          0.01796,
          0.001877,
          4.302804
        ],
        [
          0.012959,
          -0.786029,
          0.618054,
          1.48985
        ],
        [
          0.012576,
          -0.617929,
          -0.786134,
          1.35329
        ],
        [
          0.0,
          0.0,
          0.0,
          1.0
        ]
      ]
    },
    {
      "file_path": "/media/NFS/ttao/scannet/posed_images/scene0619_00/00020.jpg",
      "transform_matrix": [
        [
          0.999788,
          0.020514,
          0.001686,
          4.297974
        ],
        [
          0.015006,
          -0.782469,
          0.622509,
          1.490868
        ],
        [
          0.014089,
          -0.622351,
          -0.782611,
          1.356374
        ],
        [
          0.0,
          0.0,
          0.0,
          1.0
        ]
      ]
    },
    {
      "file_path": "/media/NFS/ttao/scannet/posed_images/scene0619_00/00034.jpg",
      "transform_matrix": [
        [
          0.999405,
          0.028599,
          -0.019269,
          4.252586
        ],
        [
          0.034247,
          -0.757554,
          0.651874,
          1.484515
        ],
        [
          0.004046,
          -0.652146,
          -0.758083,
          1.369734
        ],
        [
          0.0,
          0.0,
          0.0,
          1.0
        ]
      ]
    },
    {
      "file_path": "/media/NFS/ttao/scannet/posed_images/scene0619_00/00036.jpg",
      "transform_matrix": [
        [
          0.99926,
          0.030782,
          -0.023077,
          4.241667
        ],
        [
          0.038375,
          -0.755129,
          0.654453,
          1.483836
        ],
        [
          0.002719,
          -0.654854,
          -0.755751,
          1.371269
        ],
        [
          0.0,
          0.0,
          0.0,
          1.0
        ]
      ]
    },
    {
      "file_path": "/media/NFS/ttao/scannet/posed_images/scene0619_00/00043.jpg",
      "transform_matrix": [
        [
          0.997815,
          0.042438,
          -0.050649,
          4.201076
        ],
        [
          0.065339,
          -0.748006,
          0.660468,
          1.479197
        ],
        [
          -0.009857,
          -0.662334,
          -0.749144,
          1.375967
        ],
        [
          0.0,
          0.0,
          0.0,
          1.0
        ]
      ]
    },
    {
      "file_path": "/media/NFS/ttao/scannet/posed_images/scene0619_00/00056.jpg",
      "transform_matrix": [
        [
          0.997672,
          0.025944,
          -0.06307,
          4.127282
        ],
        [
          0.061843,
          -0.734006,
          0.676321,
          1.470905
        ],
        [
          -0.028747,
          -0.678647,
          -0.733902,
          1.384014
        ],
        [
          0.0,
          0.0,
          0.0,
          1.0
        ]
      ]
    },
    {
      "file_path": "/media/NFS/ttao/scannet/posed_images/scene0619_00/00061.jpg",
      "transform_matrix": [
        [
          0.99884,
          0.021674,
          -0.042992,
          4.111176
        ],
        [
          0.045057,
          -0.73551,
          0.676014,
          1.473484
        ],
        [
          -0.016969,
          -0.677167,
          -0.735634,
          1.386555
        ],
        [
          0.0,
          0.0,
          0.0,
          1.0
        ]
      ]
    },
    {
      "file_path": "/media/NFS/ttao/scannet/posed_images/scene0619_00/00065.jpg",
      "transform_matrix": [
        [
          0.999295,
          0.011982,
          -0.035583,
          4.098221
        ],
        [
          0.032984,
          -0.732952,
          0.67948,
          1.476638
        ],
        [
          -0.01794,
          -0.680175,
          -0.73283,
          1.390058
        ],
        [
          0.0,
          0.0,
          0.0,
          1.0
        ]
      ]
    },
    {
      "file_path": "/media/NFS/ttao/scannet/posed_images/scene0619_00/00074.jpg",
      "transform_matrix": [
        [
          0.999534,
          -0.011211,
          -0.028408,
          4.060578
        ],
        [
          0.01209,
          -0.708945,
          0.705161,
          1.488169
        ],
        [
          -0.028045,
          -0.705175,
          -0.708478,
          1.399321
        ],
        [
          0.0,
          0.0,
          0.0,
          1.0
        ]
      ]
    },
    {
      "file_path": "/media/NFS/ttao/scannet/posed_images/scene0619_00/00081.jpg",
      "transform_matrix": [
        [
          0.999022,
          -0.043627,
          -0.007142,
          4.032886
        ],
        [
          -0.025394,
          -0.698582,
          0.715079,
          1.503286
        ],
        [
          -0.036186,
          -0.714199,
          -0.699007,
          1.3989
        ],
        [
          0.0,
          0.0,
          0.0,
          1.0
        ]
      ]
    },
    {
      "file_path": "/media/NFS/ttao/scannet/posed_images/scene0619_00/00092.jpg",
      "transform_matrix": [
        [
          0.992374,
          -0.119183,
          0.031455,
          3.96646
        ],
        [
          -0.105414,
          -0.688304,
          0.717722,
          1.534574
        ],
        [
          -0.063889,
          -0.715565,
          -0.695619,
          1.414752
        ],
        [
          0.0,
          0.0,
          0.0,
          1.0
        ]
      ]
    },
    {
      "file_path": "/media/NFS/ttao/scannet/posed_images/scene0619_00/00101.jpg",
      "transform_matrix": [
        [
          0.986967,
          -0.151216,
          0.05505,
          3.920025
        ],
        [
          -0.144471,
          -0.681912,
          0.717025,
          1.545956
        ],
        [
          -0.070887,
          -0.715633,
          -0.69487,
          1.425042
        ],
        [
          0.0,
          0.0,
          0.0,
          1.0
        ]
      ]
    },
    {
      "file_path": "/media/NFS/ttao/scannet/posed_images/scene0619_00/00103.jpg",
      "transform_matrix": [
        [
          0.986085,
          -0.15521,
          0.05956,
          3.911865
        ],
        [
          -0.150527,
          -0.681521,
          0.716151,
          1.545758
        ],
        [
          -0.070562,
          -0.71515,
          -0.6954,
          1.426046
        ],
        [
          0.0,
          0.0,
          0.0,
          1.0
        ]
      ]
    },
    {
      "file_path": "/media/NFS/ttao/scannet/posed_images/scene0619_00/00110.jpg",
      "transform_matrix": [
        [
          0.985859,
          -0.151666,
          0.071264,
          3.879446
        ],
        [
          -0.155377,
          -0.668054,
          0.72771,
          1.537612
        ],
        [
          -0.062761,
          -0.728492,
          -0.682173,
          1.432893
        ],
        [
          0.0,
          0.0,
          0.0,
          1.0
        ]
      ]
    },
    {
      "file_path": "/media/NFS/ttao/scannet/posed_images/scene0619_00/00121.jpg",
      "transform_matrix": [
        [
          0.981159,
          -0.166003,
          0.09884,
          3.841429
        ],
        [
          -0.183363,
          -0.63895,
          0.747075,
          1.53862
        ],
        [
          -0.060863,
          -0.751123,
          -0.65735,
          1.444714
        ],
        [
          0.0,
          0.0,
          0.0,
          1.0
        ]
      ]
    },
    {
      "file_path": "/media/NFS/ttao/scannet/posed_images/scene0619_00/00125.jpg",
      "transform_matrix": [
        [
          0.977597,
          -0.175017,
          0.116931,
          3.818438
        ],
        [
          -0.202481,
          -0.63023,
          0.749541,
          1.543574
        ],
        [
          -0.057489,
          -0.756425,
          -0.651548,
          1.450003
        ],
        [
          0.0,
          0.0,
          0.0,
          1.0
        ]
      ]
    },
    {
      "file_path": "/media/NFS/ttao/scannet/posed_images/scene0619_00/00139.jpg",
      "transform_matrix": [
        [
          0.976032,
          -0.171713,
          0.133701,
          3.717325
        ],
        [
          -0.210275,
          -0.585782,
          0.782716,
          1.54721
        ],
        [
          -0.056083,
          -0.792069,
          -0.607849,
          1.469708
        ],
        [
          0.0,
          0.0,
          0.0,
          1.0
        ]
      ]
    },
    {
      "file_path": "/media/NFS/ttao/scannet/posed_images/scene0619_00/00146.jpg",
      "transform_matrix": [
        [
          0.974284,
          -0.176304,
          0.14031,
          3.676227
        ],
        [
          -0.217218,
          -0.569406,
          0.792839,
          1.545529
        ],
        [
          -0.059887,
          -0.802928,
          -0.59306,
          1.477885
        ],
        [
          0.0,
          0.0,
          0.0,
          1.0
        ]
      ]
    },
    {
      "file_path": "/media/NFS/ttao/scannet/posed_images/scene0619_00/00152.jpg",
      "transform_matrix": [
        [
          0.972683,
          -0.178652,
          0.148228,
          3.645068
        ],
        [
          -0.223355,
          -0.546258,
          0.807288,
          1.542343
        ],
        [
          -0.063253,
          -0.818343,
          -0.571239,
          1.480336
        ],
        [
          0.0,
          0.0,
          0.0,
          1.0
        ]
      ]
    },
    {
      "file_path": "/media/NFS/ttao/scannet/posed_images/scene0619_00/00157.jpg",
      "transform_matrix": [
        [
          0.974985,
          -0.173692,
          0.138693,
          3.619289
        ],
        [
          -0.2123,
          -0.54291,
          0.812513,
          1.538464
        ],
        [
          -0.065829,
          -0.821632,
          -0.566204,
          1.481244
        ],
        [
          0.0,
          0.0,
          0.0,
          1.0
        ]
      ]
    },
    {
      "file_path": "/media/NFS/ttao/scannet/posed_images/scene0619_00/00164.jpg",
      "transform_matrix": [
        [
          0.980393,
          -0.152558,
          0.124722,
          3.585963
        ],
        [
          -0.187768,
          -0.531275,
          0.82613,
          1.525444
        ],
        [
          -0.059771,
          -0.83335,
          -0.549504,
          1.48201
        ],
        [
          0.0,
          0.0,
          0.0,
          1.0
        ]
      ]
    },
    {
      "file_path": "/media/NFS/ttao/scannet/posed_images/scene0619_00/00175.jpg",
      "transform_matrix": [
        [
          0.988034,
          -0.122749,
          0.093386,
          3.546464
        ],
        [
          -0.143121,
          -0.504012,
          0.851756,
          1.507739
        ],
        [
          -0.057484,
          -0.85493,
          -0.515549,
          1.492598
        ],
        [
          0.0,
          0.0,
          0.0,
          1.0
        ]
      ]
    },
    {
      "file_path": "/media/NFS/ttao/scannet/posed_images/scene0619_00/00184.jpg",
      "transform_matrix": [
        [
          0.993805,
          -0.091601,
          0.062938,
          3.527451
        ],
        [
          -0.100557,
          -0.49995,
          0.860197,
          1.494598
        ],
        [
          -0.047329,
          -0.861197,
          -0.506063,
          1.494983
        ],
        [
          0.0,
          0.0,
          0.0,
          1.0
        ]
      ]
    },
    {
      "file_path": "/media/NFS/ttao/scannet/posed_images/scene0619_00/00186.jpg",
      "transform_matrix": [
        [
          0.994533,
          -0.086116,
          0.059069,
          3.523697
        ],
        [
          -0.094295,
          -0.497497,
          0.862325,
          1.49157
        ],
        [
          -0.044874,
          -0.863181,
          -0.502897,
          1.496788
        ],
        [
          0.0,
          0.0,
          0.0,
          1.0
        ]
      ]
    },
    {
      "file_path": "/media/NFS/ttao/scannet/posed_images/scene0619_00/00193.jpg",
      "transform_matrix": [
        [
          0.997455,
          -0.063394,
          0.032643,
          3.505638
        ],
        [
          -0.059999,
          -0.498827,
          0.864622,
          1.480826
        ],
        [
          -0.038529,
          -0.86438,
          -0.501361,
          1.49921
        ],
        [
          0.0,
          0.0,
          0.0,
          1.0
        ]
      ]
    },
    {
      "file_path": "/media/NFS/ttao/scannet/posed_images/scene0619_00/00199.jpg",
      "transform_matrix": [
        [
          0.999171,
          -0.040177,
          0.006592,
          3.488896
        ],
        [
          -0.025731,
          -0.497673,
          0.866983,
          1.472334
        ],
        [
          -0.031552,
          -0.866434,
          -0.498294,
          1.500486
        ],
        [
          0.0,
          0.0,
          0.0,
          1.0
        ]
      ]
    },
    {
      "file_path": "/media/NFS/ttao/scannet/posed_images/scene0619_00/00208.jpg",
      "transform_matrix": [
        [
          0.999015,
          -0.001075,
          -0.044372,
          3.46712
        ],
        [
          0.038094,
          -0.492324,
          0.869578,
          1.461006
        ],
        [
          -0.02278,
          -0.870411,
          -0.491798,
          1.501917
        ],
        [
          0.0,
          0.0,
          0.0,
          1.0
        ]
      ]
    },
    {
      "file_path": "/media/NFS/ttao/scannet/posed_images/scene0619_00/00220.jpg",
      "transform_matrix": [
        [
          0.994603,
          0.03629,
          -0.097197,
          3.439737
        ],
        [
          0.103002,
          -0.457778,
          0.88308,
          1.45033
        ],
        [
          -0.012448,
          -0.888325,
          -0.459045,
          1.509679
        ],
        [
          0.0,
          0.0,
          0.0,
          1.0
        ]
      ]
    },
    {
      "file_path": "/media/NFS/ttao/scannet/posed_images/scene0619_00/00222.jpg",
      "transform_matrix": [
        [
          0.99332,
          0.039314,
          -0.108486,
          3.436301
        ],
        [
          0.114396,
          -0.458644,
          0.881226,
          1.451968
        ],
        [
          -0.015112,
          -0.88775,
          -0.460077,
          1.515252
        ],
        [
          0.0,
          0.0,
          0.0,
          1.0
        ]
      ]
    },
    {
      "file_path": "/media/NFS/ttao/scannet/posed_images/scene0619_00/00233.jpg",
      "transform_matrix": [
        [
          0.988044,
          0.044234,
          -0.147689,
          3.415351
        ],
        [
          0.152574,
          -0.418095,
          0.895499,
          1.445129
        ],
        [
          -0.022136,
          -0.907326,
          -0.419845,
          1.534797
        ],
        [
          0.0,
          0.0,
          0.0,
          1.0
        ]
      ]
    },
    {
      "file_path": "/media/NFS/ttao/scannet/posed_images/scene0619_00/00242.jpg",
      "transform_matrix": [
        [
          0.980836,
          0.050563,
          -0.18816,
          3.409073
        ],
        [
          0.193246,
          -0.375558,
          0.906428,
          1.430806
        ],
        [
          -0.024833,
          -0.925418,
          -0.378132,
          1.541548
        ],
        [
          0.0,
          0.0,
          0.0,
          1.0
        ]
      ]
    },
    {
      "file_path": "/media/NFS/ttao/scannet/posed_images/scene0619_00/00249.jpg",
      "transform_matrix": [
        [
          0.973259,
          0.069197,
          -0.219038,
          3.404177
        ],
        [
          0.229071,
          -0.363379,
          0.903041,
          1.420489
        ],
        [
          -0.017106,
          -0.929068,
          -0.369513,
          1.544305
        ],
        [
          0.0,
          0.0,
          0.0,
          1.0
        ]
      ]
    },
    {
      "file_path": "/media/NFS/ttao/scannet/posed_images/scene0619_00/00258.jpg",
      "transform_matrix": [
        [
          0.96026,
          0.105716,
          -0.25831,
          3.395735
        ],
        [
          0.279104,
          -0.366769,
          0.887458,
          1.400828
        ],
        [
          -0.000922,
          -0.924286,
          -0.381699,
          1.53757
        ],
        [
          0.0,
          0.0,
          0.0,
          1.0
        ]
      ]
    },
    {
      "file_path": "/media/NFS/ttao/scannet/posed_images/scene0619_00/00260.jpg",
      "transform_matrix": [
        [
          0.956222,
          0.112584,
          -0.27012,
          3.400543
        ],
        [
          0.292632,
          -0.375939,
          0.879225,
          1.401897
        ],
        [
          -0.002562,
          -0.91978,
          -0.392426,
          1.541795
        ],
        [
          0.0,
          0.0,
          0.0,
          1.0
        ]
      ]
    },
    {
      "file_path": "/media/NFS/ttao/scannet/posed_images/scene0619_00/00269.jpg",
      "transform_matrix": [
        [
          0.93965,
          0.149859,
          -0.307571,
          3.395525
        ],
        [
          0.342124,
          -0.403725,
          0.848503,
          1.386246
        ],
        [
          0.002982,
          -0.902523,
          -0.43063,
          1.518704
        ],
        [
          0.0,
          0.0,
          0.0,
          1.0
        ]
      ]
    },
    {
      "file_path": "/media/NFS/ttao/scannet/posed_images/scene0619_00/00278.jpg",
      "transform_matrix": [
        [
          0.920482,
          0.184652,
          -0.344409,
          3.393634
        ],
        [
          0.390772,
          -0.442488,
          0.807157,
          1.382343
        ],
        [
          -0.003353,
          -0.877558,
          -0.479459,
          1.51499
        ],
        [
          0.0,
          0.0,
          0.0,
          1.0
        ]
      ]
    },
    {
      "file_path": "/media/NFS/ttao/scannet/posed_images/scene0619_00/00285.jpg",
      "transform_matrix": [
        [
          0.909486,
          0.216769,
          -0.354748,
          3.38653
        ],
        [
          0.41568,
          -0.460407,
          0.784369,
          1.373772
        ],
        [
          0.006699,
          -0.860835,
          -0.50884,
          1.502083
        ],
        [
          0.0,
          0.0,
          0.0,
          1.0
        ]
      ]
    },
    {
      "file_path": "/media/NFS/ttao/scannet/posed_images/scene0619_00/00291.jpg",
      "transform_matrix": [
        [
          0.902404,
          0.235699,
          -0.360711,
          3.379427
        ],
        [
          0.430849,
          -0.481871,
          0.763,
          1.370935
        ],
        [
          0.006022,
          -0.843946,
          -0.536393,
          1.493596
        ],
        [
          0.0,
          0.0,
          0.0,
          1.0
        ]
      ]
    },
    {
      "file_path": "/media/NFS/ttao/scannet/posed_images/scene0619_00/00300.jpg",
      "transform_matrix": [
        [
          0.892664,
          0.263263,
          -0.365847,
          3.3708
        ],
        [
          0.450674,
          -0.509348,
          0.733115,
          1.371376
        ],
        [
          0.006659,
          -0.819303,
          -0.573322,
          1.480251
        ],
        [
          0.0,
          0.0,
          0.0,
          1.0
        ]
      ]
    },
    {
      "file_path": "/media/NFS/ttao/scannet/posed_images/scene0619_00/00305.jpg",
      "transform_matrix": [
        [
          0.885847,
          0.278249,
          -0.371284,
          3.361468
        ],
        [
          0.463868,
          -0.513733,
          0.721738,
          1.361854
        ],
        [
          0.010082,
          -0.811576,
          -0.584159,
          1.464118
        ],
        [
          0.0,
          0.0,
          0.0,
          1.0
        ]
      ]
    },
    {
      "file_path": "/media/NFS/ttao/scannet/posed_images/scene0619_00/00311.jpg",
      "transform_matrix": [
        [
          0.880079,
          0.298085,
          -0.369603,
          3.350721
        ],
        [
          0.474753,
          -0.538612,
          0.696065,
          1.363704
        ],
        [
          0.008414,
          -0.788063,
          -0.615538,
          1.458408
        ],
        [
          0.0,
          0.0,
          0.0,
          1.0
        ]
      ]
    },
    {
      "file_path": "/media/NFS/ttao/scannet/posed_images/scene0619_00/00320.jpg",
      "transform_matrix": [
        [
          0.865184,
          0.324244,
          -0.382521,
          3.344644
        ],
        [
          0.501454,
          -0.560075,
          0.659439,
          1.353019
        ],
        [
          -0.000421,
          -0.762353,
          -0.647162,
          1.444931
        ],
        [
          0.0,
          0.0,
          0.0,
          1.0
        ]
      ]
    },
    {
      "file_path": "/media/NFS/ttao/scannet/posed_images/scene0619_00/00327.jpg",
      "transform_matrix": [
        [
          0.85657,
          0.350435,
          -0.378791,
          3.341843
        ],
        [
          0.516029,
          -0.579606,
          0.630691,
          1.341666
        ],
        [
          0.001467,
          -0.735699,
          -0.677307,
          1.431628
        ],
        [
          0.0,
          0.0,
          0.0,
          1.0
        ]
      ]
    },
    {
      "file_path": "/media/NFS/ttao/scannet/posed_images/scene0619_00/00341.jpg",
      "transform_matrix": [
        [
          0.832974,
          0.414804,
          -0.366186,
          3.341655
        ],
        [
          0.552818,
          -0.595932,
          0.582457,
          1.304446
        ],
        [
          0.023384,
          -0.687606,
          -0.725707,
          1.395689
        ],
        [
          0.0,
          0.0,
          0.0,
          1.0
        ]
      ]
    },
    {
      "file_path": "/media/NFS/ttao/scannet/posed_images/scene0619_00/00347.jpg",
      "transform_matrix": [
        [
          0.818654,
          0.437099,
          -0.372491,
          3.35033
        ],
        [
          0.573722,
          -0.593721,
          0.564215,
          1.291444
        ],
        [
          0.025463,
          -0.675603,
          -0.736826,
          1.390882
        ],
        [
          0.0,
          0.0,
          0.0,
          1.0
        ]
      ]
    },
    {
      "file_path": "/media/NFS/ttao/scannet/posed_images/scene0619_00/00350.jpg",
      "transform_matrix": [
        [
          0.810276,
          0.445254,
          -0.381054,
          3.361689
        ],
        [
          0.585703,
          -0.592924,
          0.552624,
          1.287203
        ],
        [
          0.020122,
          -0.670962,
          -0.741218,
          1.386706
        ],
        [
          0.0,
          0.0,
          0.0,
          1.0
        ]
      ]
    },
    {
      "file_path": "/media/NFS/ttao/scannet/posed_images/scene0619_00/00361.jpg",
      "transform_matrix": [
        [
          0.819851,
          0.443477,
          -0.362177,
          3.40965
        ],
        [
          0.572577,
          -0.634501,
          0.519196,
          1.276672
        ],
        [
          0.00045,
          -0.633037,
          -0.774121,
          1.37497
        ],
        [
          0.0,
          0.0,
          0.0,
          1.0
        ]
      ]
    },
    {
      "file_path": "/media/NFS/ttao/scannet/posed_images/scene0619_00/00365.jpg",
      "transform_matrix": [
        [
          0.839694,
          0.418876,
          -0.345625,
          3.433772
        ],
        [
          0.543025,
          -0.654842,
          0.525648,
          1.276351
        ],
        [
          -0.006149,
          -0.629067,
          -0.777327,
          1.371208
        ],
        [
          0.0,
          0.0,
          0.0,
          1.0
        ]
      ]
    },
    {
      "file_path": "/media/NFS/ttao/scannet/posed_images/scene0619_00/00376.jpg",
      "transform_matrix": [
        [
          0.90756,
          0.326024,
          -0.264658,
          3.503726
        ],
        [
          0.419878,
          -0.713803,
          0.560524,
          1.296365
        ],
        [
          -0.006169,
          -0.619833,
          -0.784709,
          1.364575
        ],
        [
          0.0,
          0.0,
          0.0,
          1.0
        ]
      ]
    },
    {
      "file_path": "/media/NFS/ttao/scannet/posed_images/scene0619_00/00379.jpg",
      "transform_matrix": [
        [
          0.922977,
          0.301349,
          -0.23938,
          3.523197
        ],
        [
          0.384856,
          -0.722646,
          0.574168,
          1.299139
        ],
        [
          3.8e-05,
          -0.62207,
          -0.782961,
          1.3619
        ],
        [
          0.0,
          0.0,
          0.0,
          1.0
        ]
      ]
    },
    {
      "file_path": "/media/NFS/ttao/scannet/posed_images/scene0619_00/00388.jpg",
      "transform_matrix": [
        [
          0.957031,
          0.228941,
          -0.177981,
          3.572134
        ],
        [
          0.289958,
          -0.747043,
          0.598207,
          1.313129
        ],
        [
          0.003995,
          -0.624109,
          -0.781327,
          1.36163
        ],
        [
          0.0,
          0.0,
          0.0,
          1.0
        ]
      ]
    },
    {
      "file_path": "/media/NFS/ttao/scannet/posed_images/scene0619_00/00394.jpg",
      "transform_matrix": [
        [
          0.970839,
          0.189211,
          -0.14721,
          3.600783
        ],
        [
          0.239704,
          -0.756745,
          0.608177,
          1.320991
        ],
        [
          0.003674,
          -0.625729,
          -0.780032,
          1.363969
        ],
        [
          0.0,
          0.0,
          0.0,
          1.0
        ]
      ]
    },
    {
      "file_path": "/media/NFS/ttao/scannet/posed_images/scene0619_00/00401.jpg",
      "transform_matrix": [
        [
          0.981568,
          0.148181,
          -0.120694,
          3.630271
        ],
        [
          0.191114,
          -0.761489,
          0.619363,
          1.32363
        ],
        [
          -0.000129,
          -0.631013,
          -0.775772,
          1.366586
        ],
        [
          0.0,
          0.0,
          0.0,
          1.0
        ]
      ]
    },
    {
      "file_path": "/media/NFS/ttao/scannet/posed_images/scene0619_00/00412.jpg",
      "transform_matrix": [
        [
          0.995125,
          0.069941,
          -0.069533,
          3.671434
        ],
        [
          0.098217,
          -0.766759,
          0.634377,
          1.330644
        ],
        [
          -0.008946,
          -0.638114,
          -0.76989,
          1.367817
        ],
        [
          0.0,
          0.0,
          0.0,
          1.0
        ]
      ]
    },
    {
      "file_path": "/media/NFS/ttao/scannet/posed_images/scene0619_00/00421.jpg",
      "transform_matrix": [
        [
          0.999993,
          0.002771,
          -0.002717,
          3.705254
        ],
        [
          0.003864,
          -0.776359,
          0.630279,
          1.340446
        ],
        [
          -0.000362,
          -0.630285,
          -0.776364,
          1.357429
        ],
        [
          0.0,
          0.0,
          0.0,
          1.0
        ]
      ]
    },
    {
      "file_path": "/media/NFS/ttao/scannet/posed_images/scene0619_00/00426.jpg",
      "transform_matrix": [
        [
          0.998869,
          -0.038806,
          0.027469,
          3.712022
        ],
        [
          -0.047454,
          -0.778304,
          0.626092,
          1.349539
        ],
        [
          -0.002917,
          -0.626688,
          -0.779265,
          1.359209
        ],
        [
          0.0,
          0.0,
          0.0,
          1.0
        ]
      ]
    },
    {
      "file_path": "/media/NFS/ttao/scannet/posed_images/scene0619_00/00433.jpg",
      "transform_matrix": [
        [
          0.994872,
          -0.080758,
          0.060886,
          3.71155
        ],
        [
          -0.100923,
          -0.753439,
          0.649726,
          1.348697
        ],
        [
          -0.006596,
          -0.65254,
          -0.757726,
          1.366812
        ],
        [
          0.0,
          0.0,
          0.0,
          1.0
        ]
      ]
    },
    {
      "file_path": "/media/NFS/ttao/scannet/posed_images/scene0619_00/00444.jpg",
      "transform_matrix": [
        [
          0.9754,
          -0.170267,
          0.140013,
          3.711682
        ],
        [
          -0.220208,
          -0.723396,
          0.654375,
          1.338733
        ],
        [
          -0.010133,
          -0.66911,
          -0.743095,
          1.373139
        ],
        [
          0.0,
          0.0,
          0.0,
          1.0
        ]
      ]
    },
    {
      "file_path": "/media/NFS/ttao/scannet/posed_images/scene0619_00/00446.jpg",
      "transform_matrix": [
        [
          0.968439,
          -0.192007,
          0.158935,
          3.712512
        ],
        [
          -0.248988,
          -0.715876,
          0.652324,
          1.337777
        ],
        [
          -0.011473,
          -0.671309,
          -0.741089,
          1.374964
        ],
        [
          0.0,
          0.0,
          0.0,
          1.0
        ]
      ]
    },
    {
      "file_path": "/media/NFS/ttao/scannet/posed_images/scene0619_00/00459.jpg",
      "transform_matrix": [
        [
          0.913744,
          -0.297321,
          0.276896,
          3.74296
        ],
        [
          -0.406283,
          -0.664711,
          0.626972,
          1.331572
        ],
        [
          -0.002356,
          -0.68539,
          -0.728172,
          1.381744
        ],
        [
          0.0,
          0.0,
          0.0,
          1.0
        ]
      ]
    },
    {
      "file_path": "/media/NFS/ttao/scannet/posed_images/scene0619_00/00466.jpg",
      "transform_matrix": [
        [
          0.88826,
          -0.334226,
          0.315099,
          3.754205
        ],
        [
          -0.459332,
          -0.642047,
          0.613832,
          1.333225
        ],
        [
          -0.00285,
          -0.689977,
          -0.723826,
          1.38383
        ],
        [
          0.0,
          0.0,
          0.0,
          1.0
        ]
      ]
    },
    {
      "file_path": "/media/NFS/ttao/scannet/posed_images/scene0619_00/00471.jpg",
      "transform_matrix": [
        [
          0.876185,
          -0.357022,
          0.323781,
          3.771574
        ],
        [
          -0.481835,
          -0.632749,
          0.606187,
          1.339771
        ],
        [
          -0.01155,
          -0.687142,
          -0.726432,
          1.38743
        ],
        [
          0.0,
          0.0,
          0.0,
          1.0
        ]
      ]
    },
    {
      "file_path": "/media/NFS/ttao/scannet/posed_images/scene0619_00/00482.jpg",
      "transform_matrix": [
        [
          0.875904,
          -0.362522,
          0.318387,
          3.832774
        ],
        [
          -0.482006,
          -0.628057,
          0.610913,
          1.341875
        ],
        [
          -0.021504,
          -0.688566,
          -0.724855,
          1.389556
        ],
        [
          0.0,
          0.0,
          0.0,
          1.0
        ]
      ]
    },
    {
      "file_path": "/media/NFS/ttao/scannet/posed_images/scene0619_00/00486.jpg",
      "transform_matrix": [
        [
          0.887259,
          -0.346255,
          0.304761,
          3.860777
        ],
        [
          -0.460906,
          -0.639197,
          0.615624,
          1.341533
        ],
        [
          -0.01836,
          -0.686684,
          -0.726724,
          1.387986
        ],
        [
          0.0,
          0.0,
          0.0,
          1.0
        ]
      ]
    },
    {
      "file_path": "/media/NFS/ttao/scannet/posed_images/scene0619_00/00493.jpg",
      "transform_matrix": [
        [
          0.911193,
          -0.299154,
          0.283257,
          3.91074
        ],
        [
          -0.411977,
          -0.664291,
          0.623693,
          1.345392
        ],
        [
          0.001585,
          -0.685,
          -0.728541,
          1.385767
        ],
        [
          0.0,
          0.0,
          0.0,
          1.0
        ]
      ]
    },
    {
      "file_path": "/media/NFS/ttao/scannet/posed_images/scene0619_00/00500.jpg",
      "transform_matrix": [
        [
          0.938374,
          -0.228955,
          0.258911,
          3.962541
        ],
        [
          -0.344294,
          -0.684847,
          0.64222,
          1.342082
        ],
        [
          0.030275,
          -0.691783,
          -0.72147,
          1.381899
        ],
        [
          0.0,
          0.0,
          0.0,
          1.0
        ]
      ]
    },
    {
      "file_path": "/media/NFS/ttao/scannet/posed_images/scene0619_00/00509.jpg",
      "transform_matrix": [
        [
          0.959681,
          -0.171833,
          0.222453,
          4.020715
        ],
        [
          -0.278068,
          -0.69609,
          0.66192,
          1.33085
        ],
        [
          0.041108,
          -0.697089,
          -0.715805,
          1.383827
        ],
        [
          0.0,
          0.0,
          0.0,
          1.0
        ]
      ]
    },
    {
      "file_path": "/media/NFS/ttao/scannet/posed_images/scene0619_00/00518.jpg",
      "transform_matrix": [
        [
          0.97884,
          -0.136294,
          0.152632,
          4.089319
        ],
        [
          -0.204099,
          -0.703885,
          0.68036,
          1.326375
        ],
        [
          0.014707,
          -0.697116,
          -0.716808,
          1.384468
        ],
        [
          0.0,
          0.0,
          0.0,
          1.0
        ]
      ]
    },
    {
      "file_path": "/media/NFS/ttao/scannet/posed_images/scene0619_00/00522.jpg",
      "transform_matrix": [
        [
          0.984622,
          -0.114393,
          0.132041,
          4.126297
        ],
        [
          -0.174016,
          -0.709056,
          0.683344,
          1.335501
        ],
        [
          0.015454,
          -0.695812,
          -0.718057,
          1.385095
        ],
        [
          0.0,
          0.0,
          0.0,
          1.0
        ]
      ]
    },
    {
      "file_path": "/media/NFS/ttao/scannet/posed_images/scene0619_00/00529.jpg",
      "transform_matrix": [
        [
          0.992051,
          -0.067505,
          0.106195,
          4.198741
        ],
        [
          -0.122324,
          -0.715288,
          0.688041,
          1.35626
        ],
        [
          0.029514,
          -0.695562,
          -0.717859,
          1.385394
        ],
        [
          0.0,
          0.0,
          0.0,
          1.0
        ]
      ]
    },
    {
      "file_path": "/media/NFS/ttao/scannet/posed_images/scene0619_00/00542.jpg",
      "transform_matrix": [
        [
          0.999184,
          -0.039526,
          0.008363,
          4.293606
        ],
        [
          -0.03394,
          -0.70893,
          0.704462,
          1.355086
        ],
        [
          -0.021916,
          -0.704171,
          -0.709692,
          1.415453
        ],
        [
          0.0,
          0.0,
          0.0,
          1.0
        ]
      ]
    },
    {
      "file_path": "/media/NFS/ttao/scannet/posed_images/scene0619_00/00547.jpg",
      "transform_matrix": [
        [
          0.999349,
          -0.022455,
          -0.028218,
          4.329811
        ],
        [
          0.004204,
          -0.704619,
          0.709573,
          1.347267
        ],
        [
          -0.035817,
          -0.70923,
          -0.704066,
          1.431756
        ],
        [
          0.0,
          0.0,
          0.0,
          1.0
        ]
      ]
    },
    {
      "file_path": "/media/NFS/ttao/scannet/posed_images/scene0619_00/00551.jpg",
      "transform_matrix": [
        [
          0.998967,
          0.015678,
          -0.042644,
          4.371125
        ],
        [
          0.041629,
          -0.691869,
          0.720822,
          1.337026
        ],
        [
          -0.018203,
          -0.721853,
          -0.691807,
          1.438254
        ],
        [
          0.0,
          0.0,
          0.0,
          1.0
        ]
      ]
    },
    {
      "file_path": "/media/NFS/ttao/scannet/posed_images/scene0619_00/00562.jpg",
      "transform_matrix": [
        [
          0.983691,
          0.12744,
          -0.126932,
          4.475697
        ],
        [
          0.179803,
          -0.677686,
          0.713031,
          1.306001
        ],
        [
          0.004849,
          -0.724225,
          -0.689547,
          1.452103
        ],
        [
          0.0,
          0.0,
          0.0,
          1.0
        ]
      ]
    },
    {
      "file_path": "/media/NFS/ttao/scannet/posed_images/scene0619_00/00569.jpg",
      "transform_matrix": [
        [
          0.97461,
          0.163316,
          -0.153176,
          4.542294
        ],
        [
          0.22348,
          -0.667204,
          0.710561,
          1.302906
        ],
        [
          0.013846,
          -0.726751,
          -0.686761,
          1.472372
        ],
        [
          0.0,
          0.0,
          0.0,
          1.0
        ]
      ]
    },
    {
      "file_path": "/media/NFS/ttao/scannet/posed_images/scene0619_00/00574.jpg",
      "transform_matrix": [
        [
          0.969294,
          0.18133,
          -0.166101,
          4.578099
        ],
        [
          0.245109,
          -0.658066,
          0.711948,
          1.30135
        ],
        [
          0.019792,
          -0.7308,
          -0.682305,
          1.495136
        ],
        [
