{
  "frames": [
    {
      "file_path": "/media/NFS/ttao/scannet/posed_images/scene0525_02/00002.jpg",
      "transform_matrix": [
        [
          0.952681,
          0.154397,
          -0.261843,
          4.486802
        ],
        [
          0.303791,
          -0.513433,
          0.802557,
          2.222482
        ],
        [
          -0.010526,
          -0.844126,
          -0.536042,
          1.482965
        ],
        [
          0.0,
          0.0,
          0.0,
          1.0
        ]
      ]
    },
    {
      "file_path": "/media/NFS/ttao/scannet/posed_images/scene0525_02/00005.jpg",
      "transform_matrix": [
        [
          0.950104,
          0.156144,
          -0.270041,
          4.485623
        ],
        [
          0.311784,
          -0.502256,
          0.806554,
          2.222156
        ],
        [
          -0.009691,
          -0.850505,
          -0.525879,
          1.48963
        ],
        [
          0.0,
          0.0,
          0.0,
          1.0
        ]
      ]
    },
    {
      "file_path": "/media/NFS/ttao/scannet/posed_images/scene0525_02/00011.jpg",
      "transform_matrix": [
        [
          0.940932,
          0.161987,
          -0.297333,
          4.478617
        ],
        [
          0.338497,
          -0.471192,
          0.814492,
          2.213031
        ],
        [
          -0.008164,
          -0.867029,
          -0.498192,
          1.498879
        ],
        [
          0.0,
          0.0,
          0.0,
          1.0
        ]
      ]
    },
    {
      "file_path": "/media/NFS/ttao/scannet/posed_images/scene0525_02/00014.jpg",
      "transform_matrix": [
        [
          0.935606,
          0.16736,
          -0.310856,
          4.470483
        ],
        [
          0.353022,
          -0.453548,
          0.818334,
          2.209538
        ],
        [
          -0.004032,
          -0.875377,
          -0.483424,
          1.505521
        ],
        [
          0.0,
          0.0,
          0.0,
          1.0
        ]
      ]
    },
    {
      "file_path": "/media/NFS/ttao/scannet/posed_images/scene0525_02/00021.jpg",
      "transform_matrix": [
        [
          0.923553,
          0.171388,
          -0.343038,
          4.460023
        ],
        [
          0.383468,
          -0.415798,
          0.82466,
          2.201999
        ],
        [
          -0.001298,
          -0.893162,
          -0.449733,
          1.522075
        ],
        [
          0.0,
          0.0,
          0.0,
          1.0
        ]
      ]
    },
    {
      "file_path": "/media/NFS/ttao/scannet/posed_images/scene0525_02/00026.jpg",
      "transform_matrix": [
        [
          0.914096,
          0.179177,
          -0.363764,
          4.456852
        ],
        [
          0.405467,
          -0.392927,
          0.825351,
          2.198095
        ],
        [
          0.004952,
          -0.901945,
          -0.431823,
          1.530163
        ],
        [
          0.0,
          0.0,
          0.0,
          1.0
        ]
      ]
    },
    {
      "file_path": "/media/NFS/ttao/scannet/posed_images/scene0525_02/00034.jpg",
      "transform_matrix": [
        [
          0.905487,
          0.171813,
          -0.388038,
          4.446119
        ],
        [
          0.424327,
          -0.352989,
          0.833874,
          2.197426
        ],
        [
          0.006298,
          -0.919717,
          -0.392532,
          1.549946
        ],
        [
          0.0,
          0.0,
          0.0,
          1.0
        ]
      ]
    },
    {
      "file_path": "/media/NFS/ttao/scannet/posed_images/scene0525_02/00040.jpg",
      "transform_matrix": [
        [
          0.901773,
          0.1641,
          -0.399845,
          4.432197
        ],
        [
          0.432022,
          -0.315035,
          0.84505,
          2.192479
        ],
        [
          0.012708,
          -0.934786,
          -0.354985,
          1.561331
        ],
        [
          0.0,
          0.0,
          0.0,
          1.0
        ]
      ]
    },
    {
      "file_path": "/media/NFS/ttao/scannet/posed_images/scene0525_02/00045.jpg",
      "transform_matrix": [
        [
          0.899656,
          0.15639,
          -0.407629,
          4.437274
        ],
        [
          0.436208,
          -0.282452,
          0.854367,
          2.200372
        ],
        [
          0.018479,
          -0.946447,
          -0.322329,
          1.583936
        ],
        [
          0.0,
          0.0,
          0.0,
          1.0
        ]
      ]
    },
    {
      "file_path": "/media/NFS/ttao/scannet/posed_images/scene0525_02/00047.jpg",
      "transform_matrix": [
        [
          0.899783,
          0.151879,
          -0.409051,
          4.439752
        ],
        [
          0.43583,
          -0.267677,
          0.859302,
          2.201228
        ],
        [
          0.021017,
          -0.951463,
          -0.307045,
          1.592612
        ],
        [
          0.0,
          0.0,
          0.0,
          1.0
        ]
      ]
    },
    {
      "file_path": "/media/NFS/ttao/scannet/posed_images/scene0525_02/00053.jpg",
      "transform_matrix": [
        [
          0.903534,
          0.134703,
          -0.406793,
          4.436212
        ],
        [
          0.427495,
          -0.217859,
          0.877374,
          2.207956
        ],
        [
          0.029561,
          -0.96664,
          -0.254428,
          1.61822
        ],
        [
          0.0,
          0.0,
          0.0,
          1.0
        ]
      ]
    },
    {
      "file_path": "/media/NFS/ttao/scannet/posed_images/scene0525_02/00058.jpg",
      "transform_matrix": [
        [
          0.905683,
          0.122139,
          -0.405981,
          4.438148
        ],
        [
          0.42257,
          -0.182715,
          0.887722,
          2.212085
        ],
        [
          0.034246,
          -0.97555,
          -0.217094,
          1.62935
        ],
        [
          0.0,
          0.0,
          0.0,
          1.0
        ]
      ]
    },
    {
      "file_path": "/media/NFS/ttao/scannet/posed_images/scene0525_02/00067.jpg",
      "transform_matrix": [
        [
          0.91437,
          0.093345,
          -0.393972,
          4.446048
        ],
        [
          0.403665,
          -0.134856,
          0.904913,
          2.206363
        ],
        [
          0.031339,
          -0.986459,
          -0.160988,
          1.653249
        ],
        [
          0.0,
          0.0,
          0.0,
          1.0
        ]
      ]
    },
    {
      "file_path": "/media/NFS/ttao/scannet/posed_images/scene0525_02/00072.jpg",
      "transform_matrix": [
        [
          0.917152,
          0.073767,
          -0.391652,
          4.448694
        ],
        [
          0.397924,
          -0.114956,
          0.910188,
          2.208525
        ],
        [
          0.022119,
          -0.990628,
          -0.134786,
          1.673216
        ],
        [
          0.0,
          0.0,
          0.0,
          1.0
        ]
      ]
    },
    {
      "file_path": "/media/NFS/ttao/scannet/posed_images/scene0525_02/00075.jpg",
      "transform_matrix": [
        [
          0.916554,
          0.071719,
          -0.393427,
          4.451271
        ],
        [
          0.399237,
          -0.107021,
          0.91058,
          2.207898
        ],
        [
          0.023201,
          -0.991667,
          -0.126723,
          1.673286
        ],
        [
          0.0,
          0.0,
          0.0,
          1.0
        ]
      ]
    },
    {
      "file_path": "/media/NFS/ttao/scannet/posed_images/scene0525_02/00080.jpg",
      "transform_matrix": [
        [
          0.916535,
          0.06663,
          -0.394365,
          4.466228
        ],
        [
          0.399051,
          -0.086087,
          0.912879,
          2.21599
        ],
        [
          0.026875,
          -0.994057,
          -0.105491,
          1.66815
        ],
        [
          0.0,
          0.0,
          0.0,
          1.0
        ]
      ]
    },
    {
      "file_path": "/media/NFS/ttao/scannet/posed_images/scene0525_02/00088.jpg",
      "transform_matrix": [
        [
          0.909281,
          0.071229,
          -0.410043,
          4.452873
        ],
        [
          0.415178,
          -0.086813,
          0.905589,
          2.221408
        ],
        [
          0.028907,
          -0.993675,
          -0.10851,
          1.660889
        ],
        [
          0.0,
          0.0,
          0.0,
          1.0
        ]
      ]
    },
    {
      "file_path": "/media/NFS/ttao/scannet/posed_images/scene0525_02/00093.jpg",
      "transform_matrix": [
        [
          0.897114,
          0.079962,
          -0.434503,
          4.431458
        ],
        [
          0.441097,
          -0.106676,
          0.891097,
          2.234948
        ],
        [
          0.024903,
          -0.991074,
          -0.130972,
          1.658573
        ],
        [
          0.0,
          0.0,
          0.0,
          1.0
        ]
      ]
    },
    {
      "file_path": "/media/NFS/ttao/scannet/posed_images/scene0525_02/00098.jpg",
      "transform_matrix": [
        [
          0.881948,
          0.078791,
          -0.464714,
          4.395495
        ],
        [
          0.471267,
          -0.129271,
          0.872466,
          2.255973
        ],
        [
          0.008669,
          -0.988474,
          -0.151142,
          1.655283
        ],
        [
          0.0,
          0.0,
          0.0,
          1.0
        ]
      ]
    },
    {
      "file_path": "/media/NFS/ttao/scannet/posed_images/scene0525_02/00103.jpg",
      "transform_matrix": [
        [
          0.867011,
          0.090194,
          -0.490058,
          4.345432
        ],
        [
          0.498237,
          -0.142707,
          0.855216,
          2.275592
        ],
        [
          0.007201,
          -0.985647,
          -0.168666,
          1.63633
        ],
        [
          0.0,
          0.0,
          0.0,
          1.0
        ]
      ]
    },
    {
      "file_path": "/media/NFS/ttao/scannet/posed_images/scene0525_02/00109.jpg",
      "transform_matrix": [
        [
          0.842711,
          0.111353,
          -0.526724,
          4.285682
        ],
        [
          0.538273,
          -0.156097,
          0.828188,
          2.297793
        ],
        [
          0.010001,
          -0.981445,
          -0.191483,
          1.62592
        ],
        [
          0.0,
          0.0,
          0.0,
          1.0
        ]
      ]
    },
    {
      "file_path": "/media/NFS/ttao/scannet/posed_images/scene0525_02/00111.jpg",
      "transform_matrix": [
        [
          0.833854,
          0.119586,
          -0.538876,
          4.264805
        ],
        [
          0.551863,
          -0.160062,
          0.81843,
          2.305404
        ],
        [
          0.011619,
          -0.979836,
          -0.199464,
          1.62606
        ],
        [
          0.0,
          0.0,
          0.0,
          1.0
        ]
      ]
    },
    {
      "file_path": "/media/NFS/ttao/scannet/posed_images/scene0525_02/00119.jpg",
      "transform_matrix": [
        [
          0.806867,
          0.148518,
          -0.571759,
          4.198497
        ],
        [
          0.590036,
          -0.155596,
          0.792242,
          2.334473
        ],
        [
          0.028698,
          -0.976592,
          -0.213177,
          1.592159
        ],
        [
          0.0,
          0.0,
          0.0,
          1.0
        ]
      ]
    },
    {
      "file_path": "/media/NFS/ttao/scannet/posed_images/scene0525_02/00125.jpg",
      "transform_matrix": [
        [
          0.787373,
          0.188246,
          -0.587033,
          4.163729
        ],
        [
          0.614597,
          -0.165393,
          0.771307,
          2.357452
        ],
        [
          0.048104,
          -0.968096,
          -0.245921,
          1.552846
        ],
        [
          0.0,
          0.0,
          0.0,
          1.0
        ]
      ]
    },
    {
      "file_path": "/media/NFS/ttao/scannet/posed_images/scene0525_02/00132.jpg",
      "transform_matrix": [
        [
          0.749166,
          0.231084,
          -0.620766,
          4.166231
        ],
        [
          0.661177,
          -0.204375,
          0.721855,
          2.379577
        ],
        [
          0.03994,
          -0.951226,
          -0.305899,
          1.499323
        ],
        [
          0.0,
          0.0,
          0.0,
          1.0
        ]
      ]
    },
    {
      "file_path": "/media/NFS/ttao/scannet/posed_images/scene0525_02/00136.jpg",
      "transform_matrix": [
        [
          0.720815,
          0.26384,
          -0.640947,
          4.178148
        ],
        [
          0.691838,
          -0.217493,
          0.688518,
          2.399662
        ],
        [
          0.042257,
          -0.939726,
          -0.339307,
          1.488874
        ],
        [
          0.0,
          0.0,
          0.0,
          1.0
        ]
      ]
    },
    {
      "file_path": "/media/NFS/ttao/scannet/posed_images/scene0525_02/00138.jpg",
      "transform_matrix": [
        [
          0.708497,
          0.26435,
          -0.654333,
          4.186742
        ],
        [
          0.704882,
          -0.22008,
          0.674319,
          2.410954
        ],
        [
          0.034251,
          -0.93898,
          -0.342262,
          1.493681
        ],
        [
          0.0,
          0.0,
          0.0,
          1.0
        ]
      ]
    },
    {
      "file_path": "/media/NFS/ttao/scannet/posed_images/scene0525_02/00144.jpg",
      "transform_matrix": [
        [
          0.658138,
          0.295251,
          -0.69259,
          4.24537
        ],
        [
          0.752136,
          -0.21647,
          0.622441,
          2.445136
        ],
        [
          0.033852,
          -0.930574,
          -0.364536,
          1.475774
        ],
        [
          0.0,
          0.0,
          0.0,
          1.0
        ]
      ]
    },
    {
      "file_path": "/media/NFS/ttao/scannet/posed_images/scene0525_02/00152.jpg",
      "transform_matrix": [
        [
          0.617883,
          0.318766,
          -0.718755,
          4.31255
        ],
        [
          0.78576,
          -0.217436,
          0.579053,
          2.490736
        ],
        [
          0.028299,
          -0.922556,
          -0.384824,
          1.451735
        ],
        [
          0.0,
          0.0,
          0.0,
          1.0
        ]
      ]
    },
    {
      "file_path": "/media/NFS/ttao/scannet/posed_images/scene0525_02/00157.jpg",
      "transform_matrix": [
        [
          0.612458,
          0.333052,
          -0.716918,
          4.338809
        ],
        [
          0.79027,
          -0.23594,
          0.565513,
          2.529437
        ],
        [
          0.019195,
          -0.912912,
          -0.407705,
          1.440977
        ],
        [
          0.0,
          0.0,
          0.0,
          1.0
        ]
      ]
    },
    {
      "file_path": "/media/NFS/ttao/scannet/posed_images/scene0525_02/00159.jpg",
      "transform_matrix": [
        [
          0.609926,
          0.330561,
          -0.720222,
          4.346099
        ],
        [
          0.792336,
          -0.238419,
          0.561569,
          2.544449
        ],
        [
          0.013918,
          -0.913174,
          -0.407333,
          1.438953
        ],
        [
          0.0,
          0.0,
          0.0,
          1.0
        ]
      ]
    },
    {
      "file_path": "/media/NFS/ttao/scannet/posed_images/scene0525_02/00165.jpg",
      "transform_matrix": [
        [
          0.603057,
          0.346623,
          -0.718453,
          4.346258
        ],
        [
          0.797356,
          -0.235554,
          0.555642,
          2.601434
        ],
        [
          0.023364,
          -0.907947,
          -0.418434,
          1.432564
        ],
        [
          0.0,
          0.0,
          0.0,
          1.0
        ]
      ]
    },
    {
      "file_path": "/media/NFS/ttao/scannet/posed_images/scene0525_02/00172.jpg",
      "transform_matrix": [
        [
          0.59535,
          0.339846,
          -0.728054,
          4.324697
        ],
        [
          0.802708,
          -0.212208,
          0.55734,
          2.674342
        ],
        [
          0.034911,
          -0.916227,
          -0.399135,
          1.430238
        ],
        [
          0.0,
          0.0,
          0.0,
          1.0
        ]
      ]
    },
    {
      "file_path": "/media/NFS/ttao/scannet/posed_images/scene0525_02/00175.jpg",
      "transform_matrix": [
        [
          0.587589,
          0.346046,
          -0.731431,
          4.307111
        ],
        [
          0.807892,
          -0.200313,
          0.554243,
          2.702239
        ],
        [
          0.045278,
          -0.916585,
          -0.397269,
          1.435226
        ],
        [
          0.0,
          0.0,
          0.0,
          1.0
        ]
      ]
    },
    {
      "file_path": "/media/NFS/ttao/scannet/posed_images/scene0525_02/00181.jpg",
      "transform_matrix": [
        [
          0.542748,
          0.363848,
          -0.756993,
          4.278279
        ],
        [
          0.837308,
          -0.16371,
          0.521645,
          2.749253
        ],
        [
          0.065872,
          -0.916959,
          -0.393507,
          1.442972
        ],
        [
          0.0,
          0.0,
          0.0,
          1.0
        ]
      ]
    },
    {
      "file_path": "/media/NFS/ttao/scannet/posed_images/scene0525_02/00186.jpg",
      "transform_matrix": [
        [
          0.513365,
          0.343508,
          -0.786421,
          4.257981
        ],
        [
          0.856615,
          -0.149967,
          0.493681,
          2.771988
        ],
        [
          0.051647,
          -0.927099,
          -0.371242,
          1.447001
        ],
        [
          0.0,
          0.0,
          0.0,
          1.0
        ]
      ]
    },
    {
      "file_path": "/media/NFS/ttao/scannet/posed_images/scene0525_02/00194.jpg",
      "transform_matrix": [
        [
          0.451367,
          0.326204,
          -0.830578,
          4.245058
        ],
        [
          0.891677,
          -0.12904,
          0.433891,
          2.797605
        ],
        [
          0.034359,
          -0.936451,
          -0.349113,
          1.468311
        ],
        [
          0.0,
          0.0,
          0.0,
          1.0
        ]
      ]
    },
    {
      "file_path": "/media/NFS/ttao/scannet/posed_images/scene0525_02/00197.jpg",
      "transform_matrix": [
        [
          0.425695,
          0.31821,
          -0.847069,
          4.237643
        ],
        [
          0.904462,
          -0.121654,
          0.408838,
          2.810614
        ],
        [
          0.027047,
          -0.940182,
          -0.339596,
          1.47644
        ],
        [
          0.0,
          0.0,
          0.0,
          1.0
        ]
      ]
    },
    {
      "file_path": "/media/NFS/ttao/scannet/posed_images/scene0525_02/00205.jpg",
      "transform_matrix": [
        [
          0.331059,
          0.297359,
          -0.895532,
          4.242818
        ],
        [
          0.942645,
          -0.061305,
          0.328119,
          2.830985
        ],
        [
          0.042668,
          -0.952796,
          -0.3006,
          1.495274
        ],
        [
          0.0,
          0.0,
          0.0,
          1.0
        ]
      ]
    },
    {
      "file_path": "/media/NFS/ttao/scannet/posed_images/scene0525_02/00212.jpg",
      "transform_matrix": [
        [
          0.211837,
          0.28845,
          -0.933768,
          4.266418
        ],
        [
          0.975251,
          -0.000474,
          0.221101,
          2.916404
        ],
        [
          0.063334,
          -0.957495,
          -0.281411,
          1.496692
        ],
        [
          0.0,
          0.0,
          0.0,
          1.0
        ]
      ]
    },
    {
      "file_path": "/media/NFS/ttao/scannet/posed_images/scene0525_02/00217.jpg",
      "transform_matrix": [
        [
          0.152209,
          0.296222,
          -0.942913,
          4.278845
        ],
        [
          0.986186,
          0.017557,
          0.16471,
          2.948561
        ],
        [
          0.065345,
          -0.954958,
          -0.289458,
          1.495242
        ],
        [
          0.0,
          0.0,
          0.0,
          1.0
        ]
      ]
    },
    {
      "file_path": "/media/NFS/ttao/scannet/posed_images/scene0525_02/00218.jpg",
      "transform_matrix": [
        [
          0.143888,
          0.297106,
          -0.943941,
          4.281553
        ],
        [
          0.987394,
          0.020456,
          0.156951,
          2.948081
        ],
        [
          0.06594,
          -0.954625,
          -0.290418,
          1.497282
        ],
        [
          0.0,
          0.0,
          0.0,
          1.0
        ]
      ]
    },
    {
      "file_path": "/media/NFS/ttao/scannet/posed_images/scene0525_02/00228.jpg",
      "transform_matrix": [
        [
          0.039013,
          0.326543,
          -0.944377,
          4.272356
        ],
        [
          0.998098,
          0.032409,
          0.052439,
          3.012152
        ],
        [
          0.04773,
          -0.944627,
          -0.324657,
          1.467578
        ],
        [
          0.0,
          0.0,
          0.0,
          1.0
        ]
      ]
    },
    {
      "file_path": "/media/NFS/ttao/scannet/posed_images/scene0525_02/00233.jpg",
      "transform_matrix": [
        [
          -0.006694,
          0.345849,
          -0.938266,
          4.231245
        ],
        [
          0.999754,
          0.02213,
          0.001025,
          3.043103
        ],
        [
          0.021118,
          -0.938029,
          -0.345912,
          1.467052
        ],
        [
          0.0,
          0.0,
          0.0,
          1.0
        ]
      ]
    },
    {
      "file_path": "/media/NFS/ttao/scannet/posed_images/scene0525_02/00236.jpg",
      "transform_matrix": [
        [
          -0.017345,
          0.359377,
          -0.933031,
          4.2019
        ],
        [
          0.999542,
          0.029357,
          -0.007274,
          3.057522
        ],
        [
          0.024777,
          -0.932731,
          -0.359722,
          1.460535
        ],
        [
          0.0,
          0.0,
          0.0,
          1.0
        ]
      ]
    },
    {
      "file_path": "/media/NFS/ttao/scannet/posed_images/scene0525_02/00241.jpg",
      "transform_matrix": [
        [
          -0.045015,
          0.363626,
          -0.930457,
          4.137769
        ],
        [
          0.998313,
          0.050575,
          -0.028533,
          3.077373
        ],
        [
          0.036682,
          -0.930171,
          -0.365289,
          1.45292
        ],
        [
          0.0,
          0.0,
          0.0,
          1.0
        ]
      ]
    },
    {
      "file_path": "/media/NFS/ttao/scannet/posed_images/scene0525_02/00247.jpg",
      "transform_matrix": [
        [
          -0.083288,
          0.358401,
          -0.929845,
          4.048543
        ],
        [
          0.99537,
          0.074844,
          -0.060309,
          3.105982
        ],
        [
          0.047978,
          -0.930563,
          -0.362975,
          1.47481
        ],
        [
          0.0,
          0.0,
          0.0,
          1.0
        ]
      ]
    },
    {
      "file_path": "/media/NFS/ttao/scannet/posed_images/scene0525_02/00253.jpg",
      "transform_matrix": [
        [
          -0.097227,
          0.333409,
          -0.937755,
          3.966198
        ],
        [
          0.993895,
          0.081895,
          -0.07393,
          3.137407
        ],
        [
          0.052149,
          -0.939219,
          -0.339336,
          1.491354
        ],
        [
          0.0,
          0.0,
          0.0,
          1.0
        ]
      ]
    },
    {
      "file_path": "/media/NFS/ttao/scannet/posed_images/scene0525_02/00255.jpg",
      "transform_matrix": [
        [
          -0.095552,
          0.333123,
          -0.938029,
          3.942854
        ],
        [
          0.994276,
          0.077201,
          -0.073865,
          3.146636
        ],
        [
          0.04781,
          -0.939718,
          -0.338593,
          1.49625
        ],
        [
          0.0,
          0.0,
          0.0,
          1.0
        ]
      ]
    },
    {
      "file_path": "/media/NFS/ttao/scannet/posed_images/scene0525_02/00263.jpg",
      "transform_matrix": [
        [
          -0.115108,
          0.329721,
          -0.937035,
          3.860382
        ],
        [
          0.992351,
          0.080527,
          -0.093567,
          3.178125
        ],
        [
          0.044605,
          -0.940638,
          -0.336469,
          1.496182
        ],
        [
          0.0,
          0.0,
          0.0,
          1.0
        ]
      ]
    },
    {
      "file_path": "/media/NFS/ttao/scannet/posed_images/scene0525_02/00266.jpg",
      "transform_matrix": [
        [
          -0.128035,
          0.334525,
          -0.933649,
          3.826595
        ],
        [
          0.991278,
          0.072795,
          -0.109855,
          3.204029
        ],
        [
          0.031216,
          -0.939571,
          -0.340928,
          1.493859
        ],
        [
          0.0,
          0.0,
          0.0,
          1.0
        ]
      ]
    },
    {
      "file_path": "/media/NFS/ttao/scannet/posed_images/scene0525_02/00276.jpg",
      "transform_matrix": [
        [
          -0.22036,
          0.320808,
          -0.921154,
          3.693583
        ],
        [
          0.97413,
          0.120895,
          -0.19093,
          3.276875
        ],
        [
          0.050111,
          -0.939397,
          -0.339149,
          1.508286
        ],
        [
          0.0,
          0.0,
          0.0,
          1.0
        ]
      ]
    },
    {
      "file_path": "/media/NFS/ttao/scannet/posed_images/scene0525_02/00277.jpg",
      "transform_matrix": [
        [
          -0.227357,
          0.318523,
          -0.920246,
          3.684737
        ],
        [
          0.972309,
          0.126722,
          -0.196358,
          3.280387
        ],
        [
          0.054071,
          -0.939407,
          -0.338514,
          1.503973
        ],
        [
          0.0,
          0.0,
          0.0,
          1.0
        ]
      ]
    },
    {
      "file_path": "/media/NFS/ttao/scannet/posed_images/scene0525_02/00284.jpg",
      "transform_matrix": [
        [
          -0.302205,
          0.296147,
          -0.906073,
          3.613268
        ],
        [
          0.950617,
          0.164134,
          -0.263415,
          3.317518
        ],
        [
          0.070708,
          -0.940934,
          -0.331125,
          1.512931
        ],
        [
          0.0,
          0.0,
          0.0,
          1.0
        ]
      ]
    },
    {
      "file_path": "/media/NFS/ttao/scannet/posed_images/scene0525_02/00292.jpg",
      "transform_matrix": [
        [
          -0.343383,
          0.301638,
          -0.889439,
          3.516296
        ],
        [
          0.93781,
          0.161535,
          -0.307275,
          3.356521
        ],
        [
          0.05099,
          -0.939639,
          -0.338348,
          1.511969
        ],
        [
          0.0,
          0.0,
          0.0,
          1.0
        ]
      ]
    },
    {
      "file_path": "/media/NFS/ttao/scannet/posed_images/scene0525_02/00294.jpg",
      "transform_matrix": [
        [
          -0.344202,
          0.304326,
          -0.888206,
          3.485371
        ],
        [
          0.937465,
          0.1636,
          -0.307237,
          3.356719
        ],
        [
          0.05181,
          -0.938414,
          -0.341606,
          1.509117
        ],
        [
          0.0,
          0.0,
          0.0,
          1.0
        ]
      ]
    },
    {
      "file_path": "/media/NFS/ttao/scannet/posed_images/scene0525_02/00298.jpg",
      "transform_matrix": [
        [
          -0.352604,
          0.292454,
          -0.888899,
          3.422555
        ],
        [
          0.93448,
          0.159957,
          -0.318058,
          3.351122
        ],
        [
          0.049168,
          -0.942807,
          -0.329694,
          1.517174
        ],
        [
          0.0,
          0.0,
          0.0,
          1.0
        ]
      ]
    },
    {
      "file_path": "/media/NFS/ttao/scannet/posed_images/scene0525_02/00308.jpg",
      "transform_matrix": [
        [
          -0.458841,
          0.189997,
          -0.867967,
          3.246517
        ],
        [
          0.88579,
          0.174311,
          -0.430107,
          3.33534
        ],
        [
          0.069577,
          -0.966187,
          -0.248278,
          1.549507
        ],
        [
          0.0,
          0.0,
          0.0,
          1.0
        ]
      ]
    },
    {
      "file_path": "/media/NFS/ttao/scannet/posed_images/scene0525_02/00310.jpg",
      "transform_matrix": [
        [
          -0.48097,
          0.189031,
          -0.856116,
          3.192945
        ],
        [
          0.875245,
          0.160458,
          -0.456288,
          3.372005
        ],
        [
          0.051118,
          -0.968773,
          -0.242624,
          1.558943
        ],
        [
          0.0,
          0.0,
          0.0,
          1.0
        ]
      ]
    },
    {
      "file_path": "/media/NFS/ttao/scannet/posed_images/scene0525_02/00318.jpg",
      "transform_matrix": [
        [
          -0.550145,
          0.144889,
          -0.822403,
          3.112684
        ],
        [
          0.834681,
          0.125425,
          -0.536261,
          3.369317
        ],
        [
          0.025452,
          -0.981466,
          -0.189938,
          1.585826
        ],
        [
          0.0,
          0.0,
          0.0,
          1.0
        ]
      ]
    },
    {
      "file_path": "/media/NFS/ttao/scannet/posed_images/scene0525_02/00322.jpg",
      "transform_matrix": [
        [
          -0.611588,
          0.112036,
          -0.783203,
          3.03291
        ],
        [
          0.79075,
          0.119051,
          -0.600451,
          3.417575
        ],
        [
          0.025969,
          -0.986547,
          -0.161403,
          1.587224
        ],
        [
          0.0,
          0.0,
          0.0,
          1.0
        ]
      ]
    },
    {
      "file_path": "/media/NFS/ttao/scannet/posed_images/scene0525_02/00329.jpg",
      "transform_matrix": [
        [
          -0.673636,
          0.055323,
          -0.73699,
          2.966242
        ],
        [
          0.737713,
          0.110595,
          -0.665995,
          3.442057
        ],
        [
          0.044662,
          -0.992325,
          -0.115314,
          1.635493
        ],
        [
          0.0,
          0.0,
          0.0,
          1.0
        ]
      ]
    },
    {
      "file_path": "/media/NFS/ttao/scannet/posed_images/scene0525_02/00330.jpg",
      "transform_matrix": [
        [
          -0.687487,
          0.029102,
          -0.725613,
          2.933836
        ],
        [
          0.724424,
          0.097246,
          -0.682461,
          3.473314
        ],
        [
          0.050702,
          -0.994835,
          -0.087938,
          1.593607
        ],
        [
          0.0,
          0.0,
          0.0,
          1.0
        ]
      ]
    },
    {
      "file_path": "/media/NFS/ttao/scannet/posed_images/scene0525_02/00337.jpg",
      "transform_matrix": [
        [
          -0.723812,
          0.008815,
          -0.68994,
          2.888346
        ],
        [
          0.688564,
          0.073618,
          -0.721429,
          3.473924
        ],
        [
          0.044432,
          -0.997248,
          -0.059355,
          1.612986
        ],
        [
          0.0,
          0.0,
          0.0,
          1.0
        ]
      ]
    },
    {
      "file_path": "/media/NFS/ttao/scannet/posed_images/scene0525_02/00343.jpg",
      "transform_matrix": [
        [
          -0.764621,
          -0.001358,
          -0.644479,
          2.822789
        ],
        [
          0.643669,
          0.048551,
          -0.763763,
          3.465126
        ],
        [
          0.032327,
          -0.99882,
          -0.036248,
          1.602295
        ],
        [
          0.0,
          0.0,
          0.0,
          1.0
        ]
      ]
    },
    {
      "file_path": "/media/NFS/ttao/scannet/posed_images/scene0525_02/00350.jpg",
      "transform_matrix": [
        [
          -0.808212,
          -0.026967,
          -0.588274,
          2.760632
        ],
        [
          0.588004,
          0.017863,
          -0.808661,
          3.430911
        ],
        [
          0.032315,
          -0.999477,
          0.00142,
          1.588863
        ],
        [
          0.0,
          0.0,
          0.0,
          1.0
        ]
      ]
    },
    {
      "file_path": "/media/NFS/ttao/scannet/posed_images/scene0525_02/00351.jpg",
      "transform_matrix": [
        [
          -0.814096,
          -0.028898,
          -0.580011,
          2.750833
        ],
        [
          0.579534,
          0.023653,
          -0.814605,
          3.423499
        ],
        [
          0.037259,
          -0.999303,
          -0.002509,
          1.603905
        ],
        [
          0.0,
          0.0,
          0.0,
          1.0
        ]
      ]
    },
    {
      "file_path": "/media/NFS/ttao/scannet/posed_images/scene0525_02/00359.jpg",
      "transform_matrix": [
        [
          -0.858331,
          -0.05717,
          -0.509901,
          2.737161
        ],
        [
          0.510545,
          0.003826,
          -0.859843,
          3.368808
        ],
        [
          0.051108,
          -0.998357,
          0.025904,
          1.617504
        ],
        [
          0.0,
          0.0,
          0.0,
          1.0
        ]
      ]
    },
    {
      "file_path": "/media/NFS/ttao/scannet/posed_images/scene0525_02/00366.jpg",
      "transform_matrix": [
        [
          -0.900864,
          -0.055871,
          -0.43049,
          2.707158
        ],
        [
          0.431935,
          -0.01644,
          -0.901755,
          3.367936
        ],
        [
          0.043305,
          -0.998303,
          0.038943,
          1.621975
        ],
        [
          0.0,
          0.0,
          0.0,
          1.0
        ]
      ]
    },
    {
      "file_path": "/media/NFS/ttao/scannet/posed_images/scene0525_02/00367.jpg",
      "transform_matrix": [
        [
          -0.910337,
          -0.048145,
          -0.411058,
          2.707989
        ],
        [
          0.412497,
          -0.02478,
          -0.910622,
          3.364206
        ],
        [
          0.033656,
          -0.998533,
          0.042418,
          1.612708
        ],
        [
          0.0,
          0.0,
          0.0,
          1.0
        ]
      ]
    },
    {
      "file_path": "/media/NFS/ttao/scannet/posed_images/scene0525_02/00377.jpg",
      "transform_matrix": [
        [
          -0.969914,
          -0.011987,
          -0.243152,
          2.659276
        ],
        [
          0.243288,
          -0.011557,
          -0.969885,
          3.400933
        ],
        [
          0.008816,
          -0.999862,
          0.014126,
          1.611976
        ],
        [
          0.0,
          0.0,
          0.0,
          1.0
        ]
      ]
    },
    {
      "file_path": "/media/NFS/ttao/scannet/posed_images/scene0525_02/00380.jpg",
      "transform_matrix": [
        [
          -0.981392,
          -0.010809,
          -0.191709,
          2.621834
        ],
        [
          0.191643,
          0.006892,
          -0.98144,
          3.419528
        ],
        [
          0.011929,
          -0.999918,
          -0.004692,
          1.613227
        ],
        [
          0.0,
          0.0,
          0.0,
          1.0
        ]
      ]
    },
    {
      "file_path": "/media/NFS/ttao/scannet/posed_images/scene0525_02/00387.jpg",
      "transform_matrix": [
        [
          -0.991754,
          -0.006225,
          -0.128004,
          2.641037
        ],
        [
          0.127756,
          0.03075,
          -0.991329,
          3.445486
        ],
        [
          0.010107,
          -0.999508,
          -0.029701,
          1.55131
        ],
        [
          0.0,
          0.0,
          0.0,
          1.0
        ]
      ]
    },
    {
      "file_path": "/media/NFS/ttao/scannet/posed_images/scene0525_02/00393.jpg",
      "transform_matrix": [
        [
          -0.997842,
          -0.005447,
          -0.065434,
          2.598866
        ],
        [
          0.0649,
          0.069442,
          -0.995473,
          3.475472
        ],
        [
          0.009966,
          -0.997571,
          -0.068939,
          1.557715
        ],
        [
          0.0,
          0.0,
          0.0,
          1.0
        ]
      ]
    },
    {
      "file_path": "/media/NFS/ttao/scannet/posed_images/scene0525_02/00398.jpg",
      "transform_matrix": [
        [
          -0.999692,
          -0.003056,
          -0.024637,
          2.589815
        ],
        [
          0.024223,
          0.097355,
          -0.994955,
          3.490208
        ],
        [
          0.005439,
          -0.995245,
          -0.097251,
          1.555334
        ],
        [
          0.0,
          0.0,
          0.0,
          1.0
        ]
      ]
    },
    {
      "file_path": "/media/NFS/ttao/scannet/posed_images/scene0525_02/00399.jpg",
      "transform_matrix": [
        [
          -0.999762,
          -0.003103,
          -0.021575,
          2.601778
        ],
        [
          0.021147,
          0.101841,
          -0.994576,
          3.49157
        ],
        [
          0.005283,
          -0.994796,
          -0.101752,
          1.553313
        ],
        [
          0.0,
          0.0,
          0.0,
          1.0
        ]
      ]
    },
    {
      "file_path": "/media/NFS/ttao/scannet/posed_images/scene0525_02/00409.jpg",
      "transform_matrix": [
        [
          -0.999434,
          -0.010221,
          0.032041,
          2.600048
        ],
        [
          -0.033256,
          0.158365,
          -0.986821,
          3.51033
        ],
        [
          0.005012,
          -0.987328,
          -0.158615,
          1.508517
        ],
        [
          0.0,
          0.0,
          0.0,
          1.0
        ]
      ]
    },
    {
      "file_path": "/media/NFS/ttao/scannet/posed_images/scene0525_02/00414.jpg",
      "transform_matrix": [
        [
          -0.997995,
          -0.02191,
          0.059383,
          2.590161
        ],
        [
          -0.062501,
          0.192872,
          -0.979232,
          3.522781
        ],
        [
          0.010002,
          -0.980979,
          -0.193855,
          1.479368
        ],
        [
