{
  "frames": [
    {
      "file_path": "/media/NFS/ttao/scannet/posed_images/scene0306_01/00000.jpg",
      "transform_matrix": [
        [
          -0.726877,
          0.261385,
          -0.635081,
          3.588051
        ],
        [
          0.682922,
          0.372832,
          -0.628184,
          3.44173
        ],
        [
          0.072581,
          -0.890323,
          -0.449508,
          1.441205
        ],
        [
          0.0,
          0.0,
          0.0,
          1.0
        ]
      ]
    },
    {
      "file_path": "/media/NFS/ttao/scannet/posed_images/scene0306_01/00005.jpg",
      "transform_matrix": [
        [
          -0.697416,
          0.246907,
          -0.672791,
          3.618389
        ],
        [
          0.711197,
          0.354196,
          -0.607243,
          3.494697
        ],
        [
          0.088367,
          -0.901988,
          -0.422622,
          1.438948
        ],
        [
          0.0,
          0.0,
          0.0,
          1.0
        ]
      ]
    },
    {
      "file_path": "/media/NFS/ttao/scannet/posed_images/scene0306_01/00006.jpg",
      "transform_matrix": [
        [
          -0.695471,
          0.248908,
          -0.674066,
          3.621045
        ],
        [
          0.713445,
          0.350864,
          -0.60654,
          3.497133
        ],
        [
          0.085533,
          -0.90274,
          -0.421598,
          1.436548
        ],
        [
          0.0,
          0.0,
          0.0,
          1.0
        ]
      ]
    },
    {
      "file_path": "/media/NFS/ttao/scannet/posed_images/scene0306_01/00010.jpg",
      "transform_matrix": [
        [
          -0.68204,
          0.267473,
          -0.680647,
          3.618617
        ],
        [
          0.727641,
          0.34137,
          -0.594983,
          3.507661
        ],
        [
          0.07321,
          -0.901069,
          -0.427452,
          1.443444
        ],
        [
          0.0,
          0.0,
          0.0,
          1.0
        ]
      ]
    },
    {
      "file_path": "/media/NFS/ttao/scannet/posed_images/scene0306_01/00015.jpg",
      "transform_matrix": [
        [
          -0.660901,
          0.2922,
          -0.691252,
          3.617357
        ],
        [
          0.747457,
          0.338789,
          -0.571429,
          3.516974
        ],
        [
          0.067217,
          -0.894339,
          -0.442313,
          1.425504
        ],
        [
          0.0,
          0.0,
          0.0,
          1.0
        ]
      ]
    },
    {
      "file_path": "/media/NFS/ttao/scannet/posed_images/scene0306_01/00016.jpg",
      "transform_matrix": [
        [
          -0.654703,
          0.294503,
          -0.696155,
          3.617582
        ],
        [
          0.752703,
          0.338447,
          -0.564705,
          3.519446
        ],
        [
          0.069304,
          -0.893712,
          -0.443255,
          1.420625
        ],
        [
          0.0,
          0.0,
          0.0,
          1.0
        ]
      ]
    },
    {
      "file_path": "/media/NFS/ttao/scannet/posed_images/scene0306_01/00019.jpg",
      "transform_matrix": [
        [
          -0.638128,
          0.317578,
          -0.701382,
          3.622298
        ],
        [
          0.766969,
          0.342023,
          -0.542936,
          3.515853
        ],
        [
          0.067464,
          -0.884401,
          -0.461827,
          1.408406
        ],
        [
          0.0,
          0.0,
          0.0,
          1.0
        ]
      ]
    },
    {
      "file_path": "/media/NFS/ttao/scannet/posed_images/scene0306_01/00024.jpg",
      "transform_matrix": [
        [
          -0.607894,
          0.363607,
          -0.705872,
          3.574894
        ],
        [
          0.788139,
          0.384295,
          -0.480785,
          3.543505
        ],
        [
          0.096446,
          -0.848591,
          -0.520183,
          1.384761
        ],
        [
          0.0,
          0.0,
          0.0,
          1.0
        ]
      ]
    },
    {
      "file_path": "/media/NFS/ttao/scannet/posed_images/scene0306_01/00026.jpg",
      "transform_matrix": [
        [
          -0.596164,
          0.379597,
          -0.707456,
          3.578954
        ],
        [
          0.795956,
          0.394776,
          -0.458918,
          3.533608
        ],
        [
          0.105083,
          -0.836695,
          -0.537494,
          1.370256
        ],
        [
          0.0,
          0.0,
          0.0,
          1.0
        ]
      ]
    },
    {
      "file_path": "/media/NFS/ttao/scannet/posed_images/scene0306_01/00029.jpg",
      "transform_matrix": [
        [
          -0.608131,
          0.407577,
          -0.681217,
          3.576076
        ],
        [
          0.790088,
          0.394047,
          -0.469561,
          3.525414
        ],
        [
          0.07705,
          -0.823777,
          -0.561654,
          1.362762
        ],
        [
          0.0,
          0.0,
          0.0,
          1.0
        ]
      ]
    },
    {
      "file_path": "/media/NFS/ttao/scannet/posed_images/scene0306_01/00033.jpg",
      "transform_matrix": [
        [
          -0.648846,
          0.440409,
          -0.620515,
          3.556299
        ],
        [
          0.760325,
          0.407484,
          -0.505829,
          3.533306
        ],
        [
          0.030078,
          -0.799998,
          -0.599248,
          1.343267
        ],
        [
          0.0,
          0.0,
          0.0,
          1.0
        ]
      ]
    },
    {
      "file_path": "/media/NFS/ttao/scannet/posed_images/scene0306_01/00038.jpg",
      "transform_matrix": [
        [
          -0.704253,
          0.470643,
          -0.531529,
          3.553517
        ],
        [
          0.709693,
          0.446568,
          -0.544898,
          3.536656
        ],
        [
          -0.019088,
          -0.760968,
          -0.648509,
          1.32853
        ],
        [
          0.0,
          0.0,
          0.0,
          1.0
        ]
      ]
    },
    {
      "file_path": "/media/NFS/ttao/scannet/posed_images/scene0306_01/00039.jpg",
      "transform_matrix": [
        [
          -0.712438,
          0.470054,
          -0.521039,
          3.554289
        ],
        [
          0.701462,
          0.45632,
          -0.54747,
          3.539476
        ],
        [
          -0.01958,
          -0.755527,
          -0.654825,
          1.325684
        ],
        [
          0.0,
          0.0,
          0.0,
          1.0
        ]
      ]
    },
    {
      "file_path": "/media/NFS/ttao/scannet/posed_images/scene0306_01/00043.jpg",
      "transform_matrix": [
        [
          -0.737214,
          0.482581,
          -0.472897,
          3.56283
        ],
        [
          0.675417,
          0.507599,
          -0.534935,
          3.539361
        ],
        [
          -0.018107,
          -0.713764,
          -0.700152,
          1.316551
        ],
        [
          0.0,
          0.0,
          0.0,
          1.0
        ]
      ]
    },
    {
      "file_path": "/media/NFS/ttao/scannet/posed_images/scene0306_01/00049.jpg",
      "transform_matrix": [
        [
          -0.7616,
          0.501046,
          -0.410997,
          3.577577
        ],
        [
          0.647519,
          0.562754,
          -0.513836,
          3.552737
        ],
        [
          -0.026166,
          -0.657466,
          -0.75303,
          1.289996
        ],
        [
          0.0,
          0.0,
          0.0,
          1.0
        ]
      ]
    },
    {
      "file_path": "/media/NFS/ttao/scannet/posed_images/scene0306_01/00051.jpg",
      "transform_matrix": [
        [
          -0.764213,
          0.519262,
          -0.382552,
          3.577748
        ],
        [
          0.6441,
          0.583758,
          -0.494329,
          3.556767
        ],
        [
          -0.033369,
          -0.624174,
          -0.780572,
          1.280836
        ],
        [
          0.0,
          0.0,
          0.0,
          1.0
        ]
      ]
    },
    {
      "file_path": "/media/NFS/ttao/scannet/posed_images/scene0306_01/00056.jpg",
      "transform_matrix": [
        [
          -0.729616,
          0.555978,
          -0.398181,
          3.573081
        ],
        [
          0.683776,
          0.602047,
          -0.412298,
          3.566018
        ],
        [
          0.010495,
          -0.573086,
          -0.819428,
          1.256354
        ],
        [
          0.0,
          0.0,
          0.0,
          1.0
        ]
      ]
    },
    {
      "file_path": "/media/NFS/ttao/scannet/posed_images/scene0306_01/00058.jpg",
      "transform_matrix": [
        [
          -0.716813,
          0.565767,
          -0.407536,
          3.570677
        ],
        [
          0.696867,
          0.601045,
          -0.391307,
          3.566725
        ],
        [
          0.023559,
          -0.564493,
          -0.825102,
          1.251877
        ],
        [
          0.0,
          0.0,
          0.0,
          1.0
        ]
      ]
    },
    {
      "file_path": "/media/NFS/ttao/scannet/posed_images/scene0306_01/00061.jpg",
      "transform_matrix": [
        [
          -0.694953,
          0.584741,
          -0.41847,
          3.575597
        ],
        [
          0.717604,
          0.600955,
          -0.351992,
          3.559042
        ],
        [
          0.045657,
          -0.544914,
          -0.837248,
          1.245719
        ],
        [
          0.0,
          0.0,
          0.0,
          1.0
        ]
      ]
    },
    {
      "file_path": "/media/NFS/ttao/scannet/posed_images/scene0306_01/00064.jpg",
      "transform_matrix": [
        [
          -0.691018,
          0.582504,
          -0.428,
          3.5735
        ],
        [
          0.720956,
          0.598115,
          -0.349973,
          3.549791
        ],
        [
          0.052133,
          -0.550407,
          -0.833268,
          1.251387
        ],
        [
          0.0,
          0.0,
          0.0,
          1.0
        ]
      ]
    },
    {
      "file_path": "/media/NFS/ttao/scannet/posed_images/scene0306_01/00069.jpg",
      "transform_matrix": [
        [
          -0.730189,
          0.541168,
          -0.417086,
          3.583753
        ],
        [
          0.68177,
          0.617191,
          -0.392766,
          3.522674
        ],
        [
          0.044869,
          -0.57115,
          -0.819618,
          1.26063
        ],
        [
          0.0,
          0.0,
          0.0,
          1.0
        ]
      ]
    },
    {
      "file_path": "/media/NFS/ttao/scannet/posed_images/scene0306_01/00073.jpg",
      "transform_matrix": [
        [
          -0.781012,
          0.492182,
          -0.384418,
          3.577887
        ],
        [
          0.624456,
          0.624022,
          -0.469735,
          3.512758
        ],
        [
          0.00869,
          -0.606921,
          -0.794715,
          1.279287
        ],
        [
          0.0,
          0.0,
          0.0,
          1.0
        ]
      ]
    },
    {
      "file_path": "/media/NFS/ttao/scannet/posed_images/scene0306_01/00076.jpg",
      "transform_matrix": [
        [
          -0.811188,
          0.45635,
          -0.365676,
          3.587884
        ],
        [
          0.584609,
          0.617472,
          -0.526271,
          3.501508
        ],
        [
          -0.014369,
          -0.640682,
          -0.767672,
          1.295931
        ],
        [
          0.0,
          0.0,
          0.0,
          1.0
        ]
      ]
    },
    {
      "file_path": "/media/NFS/ttao/scannet/posed_images/scene0306_01/00079.jpg",
      "transform_matrix": [
        [
          -0.834935,
          0.426678,
          -0.347606,
          3.59856
        ],
        [
          0.549743,
          0.616978,
          -0.563135,
          3.494354
        ],
        [
          -0.025812,
          -0.661275,
          -0.749699,
          1.30666
        ],
        [
          0.0,
          0.0,
          0.0,
          1.0
        ]
      ]
    },
    {
      "file_path": "/media/NFS/ttao/scannet/posed_images/scene0306_01/00082.jpg",
      "transform_matrix": [
        [
          -0.870157,
          0.383125,
          -0.309907,
          3.592647
        ],
        [
          0.491017,
          0.621037,
          -0.610914,
          3.50649
        ],
        [
          -0.041593,
          -0.68376,
          -0.728521,
          1.31586
        ],
        [
          0.0,
          0.0,
          0.0,
          1.0
        ]
      ]
    },
    {
      "file_path": "/media/NFS/ttao/scannet/posed_images/scene0306_01/00084.jpg",
      "transform_matrix": [
        [
          -0.881757,
          0.366146,
          -0.297391,
          3.592731
        ],
        [
          0.469392,
          0.618752,
          -0.629934,
          3.50178
        ],
        [
          -0.046637,
          -0.695042,
          -0.717455,
          1.326526
        ],
        [
          0.0,
          0.0,
          0.0,
          1.0
        ]
      ]
    },
    {
      "file_path": "/media/NFS/ttao/scannet/posed_images/scene0306_01/00087.jpg",
      "transform_matrix": [
        [
          -0.90535,
          0.326495,
          -0.271555,
          3.589825
        ],
        [
          0.420359,
          0.59816,
          -0.682278,
          3.502301
        ],
        [
          -0.060327,
          -0.731851,
          -0.678789,
          1.342581
        ],
        [
          0.0,
          0.0,
          0.0,
          1.0
        ]
      ]
    },
    {
      "file_path": "/media/NFS/ttao/scannet/posed_images/scene0306_01/00091.jpg",
      "transform_matrix": [
        [
          -0.931102,
          0.287596,
          -0.22436,
          3.568798
        ],
        [
          0.355654,
          0.579234,
          -0.733484,
          3.502863
        ],
        [
          -0.08099,
          -0.762743,
          -0.641611,
          1.368205
        ],
        [
          0.0,
          0.0,
          0.0,
          1.0
        ]
      ]
    },
    {
      "file_path": "/media/NFS/ttao/scannet/posed_images/scene0306_01/00096.jpg",
      "transform_matrix": [
        [
          -0.943243,
          0.217204,
          -0.251228,
          3.55615
        ],
        [
          0.33097,
          0.552342,
          -0.7651,
          3.505357
        ],
        [
          -0.02742,
          -0.804824,
          -0.59288,
          1.384102
        ],
        [
          0.0,
          0.0,
          0.0,
          1.0
        ]
      ]
    },
    {
      "file_path": "/media/NFS/ttao/scannet/posed_images/scene0306_01/00097.jpg",
      "transform_matrix": [
        [
          -0.944129,
          0.212769,
          -0.251692,
          3.553675
        ],
        [
          0.328737,
          0.553528,
          -0.765205,
          3.499532
        ],
        [
          -0.023493,
          -0.805193,
          -0.592547,
          1.392432
        ],
        [
          0.0,
          0.0,
          0.0,
          1.0
        ]
      ]
    },
    {
      "file_path": "/media/NFS/ttao/scannet/posed_images/scene0306_01/00100.jpg",
      "transform_matrix": [
        [
          -0.960292,
          0.181892,
          -0.211555,
          3.532966
        ],
        [
          0.276605,
          0.521576,
          -0.807123,
          3.497203
        ],
        [
          -0.036467,
          -0.833591,
          -0.551177,
          1.401538
        ],
        [
          0.0,
          0.0,
          0.0,
          1.0
        ]
      ]
    },
    {
      "file_path": "/media/NFS/ttao/scannet/posed_images/scene0306_01/00104.jpg",
      "transform_matrix": [
        [
          -0.971574,
          0.152568,
          -0.181019,
          3.517493
        ],
        [
          0.234215,
          0.50814,
          -0.828816,
          3.472103
        ],
        [
          -0.034468,
          -0.847654,
          -0.529429,
          1.428223
        ],
        [
          0.0,
          0.0,
          0.0,
          1.0
        ]
      ]
    },
    {
      "file_path": "/media/NFS/ttao/scannet/posed_images/scene0306_01/00108.jpg",
      "transform_matrix": [
        [
          -0.980495,
          0.117611,
          -0.157471,
          3.491066
        ],
        [
          0.194727,
          0.472627,
          -0.859479,
          3.455914
        ],
        [
          -0.026659,
          -0.873379,
          -0.486311,
          1.428868
        ],
        [
          0.0,
          0.0,
          0.0,
          1.0
        ]
      ]
    },
    {
      "file_path": "/media/NFS/ttao/scannet/posed_images/scene0306_01/00113.jpg",
      "transform_matrix": [
        [
          -0.986012,
          0.061049,
          -0.155091,
          3.485212
        ],
        [
          0.165215,
          0.480812,
          -0.861118,
          3.419854
        ],
        [
          0.021999,
          -0.874696,
          -0.484173,
          1.445734
        ],
        [
          0.0,
          0.0,
          0.0,
          1.0
        ]
      ]
    },
    {
      "file_path": "/media/NFS/ttao/scannet/posed_images/scene0306_01/00114.jpg",
      "transform_matrix": [
        [
          -0.986544,
          0.0541,
          -0.154287,
          3.483829
        ],
        [
          0.16109,
          0.482968,
          -0.860693,
          3.413698
        ],
        [
          0.027953,
          -0.873965,
          -0.485184,
          1.450655
        ],
        [
          0.0,
          0.0,
          0.0,
          1.0
        ]
      ]
    },
    {
      "file_path": "/media/NFS/ttao/scannet/posed_images/scene0306_01/00118.jpg",
      "transform_matrix": [
        [
          -0.99352,
          0.020576,
          -0.111779,
          3.477439
        ],
        [
          0.10788,
          0.480268,
          -0.870462,
          3.394567
        ],
        [
          0.035773,
          -0.876881,
          -0.479375,
          1.45441
        ],
        [
          0.0,
          0.0,
          0.0,
          1.0
        ]
      ]
    },
    {
      "file_path": "/media/NFS/ttao/scannet/posed_images/scene0306_01/00123.jpg",
      "transform_matrix": [
        [
          -0.999022,
          -0.03558,
          -0.026227,
          3.46505
        ],
        [
          0.004603,
          0.506383,
          -0.862296,
          3.38356
        ],
        [
          0.043962,
          -0.861574,
          -0.505724,
          1.444322
        ],
        [
          0.0,
          0.0,
          0.0,
          1.0
        ]
      ]
    },
    {
      "file_path": "/media/NFS/ttao/scannet/posed_images/scene0306_01/00124.jpg",
      "transform_matrix": [
        [
          -0.998933,
          -0.04587,
          -0.005392,
          3.45723
        ],
        [
          -0.018592,
          0.506229,
          -0.862198,
          3.38317
        ],
        [
          0.042279,
          -0.861178,
          -0.506542,
          1.444146
        ],
        [
          0.0,
          0.0,
          0.0,
          1.0
        ]
      ]
    },
    {
      "file_path": "/media/NFS/ttao/scannet/posed_images/scene0306_01/00128.jpg",
      "transform_matrix": [
        [
          -0.989166,
          -0.089447,
          0.116399,
          3.433644
        ],
        [
          -0.145813,
          0.507028,
          -0.849506,
          3.380798
        ],
        [
          0.016968,
          -0.857276,
          -0.514578,
          1.445543
        ],
        [
          0.0,
          0.0,
          0.0,
          1.0
        ]
      ]
    },
    {
      "file_path": "/media/NFS/ttao/scannet/posed_images/scene0306_01/00131.jpg",
      "transform_matrix": [
        [
          -0.969049,
          -0.115638,
          0.218108,
          3.422293
        ],
        [
          -0.246684,
          0.48764,
          -0.837469,
          3.386334
        ],
        [
          -0.009515,
          -0.865353,
          -0.501073,
          1.446753
        ],
        [
          0.0,
          0.0,
          0.0,
          1.0
        ]
      ]
    },
    {
      "file_path": "/media/NFS/ttao/scannet/posed_images/scene0306_01/00136.jpg",
      "transform_matrix": [
        [
          -0.927934,
          -0.160842,
          0.336256,
          3.397753
        ],
        [
          -0.372255,
          0.446095,
          -0.813895,
          3.379775
        ],
        [
          -0.019094,
          -0.880414,
          -0.473821,
          1.462456
        ],
        [
          0.0,
          0.0,
          0.0,
          1.0
        ]
      ]
    },
    {
      "file_path": "/media/NFS/ttao/scannet/posed_images/scene0306_01/00140.jpg",
      "transform_matrix": [
        [
          -0.907687,
          -0.190335,
          0.374002,
          3.378127
        ],
        [
          -0.419635,
          0.418926,
          -0.805238,
          3.3802
        ],
        [
          -0.003414,
          -0.887848,
          -0.460125,
          1.466215
        ],
        [
          0.0,
          0.0,
          0.0,
          1.0
        ]
      ]
    },
    {
      "file_path": "/media/NFS/ttao/scannet/posed_images/scene0306_01/00141.jpg",
      "transform_matrix": [
        [
          -0.906327,
          -0.190386,
          0.377259,
          3.374317
        ],
        [
          -0.422564,
          0.415211,
          -0.80563,
          3.38048
        ],
        [
          -0.003262,
          -0.88958,
          -0.456767,
          1.464634
        ],
        [
          0.0,
          0.0,
          0.0,
          1.0
        ]
      ]
    },
    {
      "file_path": "/media/NFS/ttao/scannet/posed_images/scene0306_01/00146.jpg",
      "transform_matrix": [
        [
          -0.889225,
          -0.193251,
          0.414648,
          3.350234
        ],
        [
          -0.457008,
          0.416002,
          -0.786184,
          3.365961
        ],
        [
          -0.020563,
          -0.888593,
          -0.458236,
          1.462478
        ],
        [
          0.0,
          0.0,
          0.0,
          1.0
        ]
      ]
    },
    {
      "file_path": "/media/NFS/ttao/scannet/posed_images/scene0306_01/00149.jpg",
      "transform_matrix": [
        [
          -0.888964,
          -0.198437,
          0.412753,
          3.346052
        ],
        [
          -0.457571,
          0.422741,
          -0.782252,
          3.35906
        ],
        [
          -0.019259,
          -0.884258,
          -0.466601,
          1.460153
        ],
        [
          0.0,
          0.0,
          0.0,
          1.0
        ]
      ]
    },
    {
      "file_path": "/media/NFS/ttao/scannet/posed_images/scene0306_01/00151.jpg",
      "transform_matrix": [
        [
          -0.889271,
          -0.186591,
          0.417589,
          3.340297
        ],
        [
          -0.456081,
          0.430524,
          -0.77887,
          3.349811
        ],
        [
          -0.034452,
          -0.883081,
          -0.467953,
          1.4568
        ],
        [
          0.0,
          0.0,
          0.0,
          1.0
        ]
      ]
    },
    {
      "file_path": "/media/NFS/ttao/scannet/posed_images/scene0306_01/00157.jpg",
      "transform_matrix": [
        [
          -0.910998,
          -0.154175,
          0.382508,
          3.358931
        ],
        [
          -0.411558,
          0.399459,
          -0.819178,
          3.321058
        ],
        [
          -0.0265,
          -0.903694,
          -0.427359,
          1.442183
        ],
        [
          0.0,
          0.0,
          0.0,
          1.0
        ]
      ]
    },
    {
      "file_path": "/media/NFS/ttao/scannet/posed_images/scene0306_01/00158.jpg",
      "transform_matrix": [
        [
          -0.914108,
          -0.156703,
          0.373966,
          3.36152
        ],
        [
          -0.405002,
          0.397212,
          -0.823527,
          3.315569
        ],
        [
          -0.019495,
          -0.90425,
          -0.426559,
          1.438623
        ],
        [
          0.0,
          0.0,
          0.0,
          1.0
        ]
      ]
    },
    {
      "file_path": "/media/NFS/ttao/scannet/posed_images/scene0306_01/00164.jpg",
      "transform_matrix": [
        [
          -0.932931,
          -0.191186,
          0.305102,
          3.371013
        ],
        [
          -0.358731,
          0.420954,
          -0.833133,
          3.247585
        ],
        [
          0.03085,
          -0.886705,
          -0.461305,
          1.437507
        ],
        [
          0.0,
          0.0,
          0.0,
          1.0
        ]
      ]
    },
    {
      "file_path": "/media/NFS/ttao/scannet/posed_images/scene0306_01/00166.jpg",
      "transform_matrix": [
        [
          -0.931128,
          -0.201122,
          0.30422,
          3.368203
        ],
        [
          -0.362428,
          0.417514,
          -0.833264,
          3.221684
        ],
        [
          0.040572,
          -0.886133,
          -0.461651,
          1.441929
        ],
        [
          0.0,
          0.0,
          0.0,
          1.0
        ]
      ]
    },
    {
      "file_path": "/media/NFS/ttao/scannet/posed_images/scene0306_01/00170.jpg",
      "transform_matrix": [
        [
          -0.916674,
          -0.192983,
          0.349952,
          3.345731
        ],
        [
          -0.399074,
          0.395617,
          -0.82718,
          3.185338
        ],
        [
          0.021185,
          -0.897911,
          -0.439667,
          1.446867
        ],
        [
          0.0,
          0.0,
          0.0,
          1.0
        ]
      ]
    },
    {
      "file_path": "/media/NFS/ttao/scannet/posed_images/scene0306_01/00171.jpg",
      "transform_matrix": [
        [
          -0.913218,
          -0.195313,
          0.357611,
          3.340812
        ],
        [
          -0.407015,
          0.395675,
          -0.823274,
          3.178214
        ],
        [
          0.019299,
          -0.897382,
          -0.440833,
          1.449251
        ],
        [
          0.0,
          0.0,
          0.0,
          1.0
        ]
      ]
    },
    {
      "file_path": "/media/NFS/ttao/scannet/posed_images/scene0306_01/00175.jpg",
      "transform_matrix": [
        [
          -0.883899,
          -0.186075,
          0.429067,
          3.294485
        ],
        [
          -0.467385,
          0.383904,
          -0.796347,
          3.141157
        ],
        [
          -0.016541,
          -0.90443,
          -0.426301,
          1.460902
        ],
        [
          0.0,
          0.0,
          0.0,
          1.0
        ]
      ]
    },
    {
      "file_path": "/media/NFS/ttao/scannet/posed_images/scene0306_01/00179.jpg",
      "transform_matrix": [
        [
          -0.843633,
          -0.1964,
          0.49971,
          3.235781
        ],
        [
          -0.536362,
          0.350725,
          -0.767664,
          3.113311
        ],
        [
          -0.024492,
          -0.915652,
          -0.401225,
          1.466319
        ],
        [
          0.0,
          0.0,
          0.0,
          1.0
        ]
      ]
    },
    {
      "file_path": "/media/NFS/ttao/scannet/posed_images/scene0306_01/00181.jpg",
      "transform_matrix": [
        [
          -0.806217,
          -0.198802,
          0.557218,
          3.177069
        ],
        [
          -0.590683,
          0.323461,
          -0.739234,
          3.090292
        ],
        [
          -0.033277,
          -0.925122,
          -0.378208,
          1.473993
        ],
        [
          0.0,
          0.0,
          0.0,
          1.0
        ]
      ]
    },
    {
      "file_path": "/media/NFS/ttao/scannet/posed_images/scene0306_01/00187.jpg",
      "transform_matrix": [
        [
          -0.657285,
          -0.24084,
          0.714124,
          3.035872
        ],
        [
          -0.747207,
          0.331816,
          -0.575829,
          3.023853
        ],
        [
          -0.098275,
          -0.912082,
          -0.398055,
          1.478411
        ],
        [
          0.0,
          0.0,
          0.0,
          1.0
        ]
      ]
    },
    {
      "file_path": "/media/NFS/ttao/scannet/posed_images/scene0306_01/00190.jpg",
      "transform_matrix": [
        [
          -0.604816,
          -0.221894,
          0.764827,
          2.984204
        ],
        [
          -0.79118,
          0.276843,
          -0.545337,
          3.001174
        ],
        [
          -0.090731,
          -0.934944,
          -0.342997,
          1.494475
        ],
        [
          0.0,
          0.0,
          0.0,
          1.0
        ]
      ]
    },
    {
      "file_path": "/media/NFS/ttao/scannet/posed_images/scene0306_01/00194.jpg",
      "transform_matrix": [
        [
          -0.574418,
          -0.202247,
          0.793184,
          2.945595
        ],
        [
          -0.814806,
          0.233999,
          -0.530411,
          2.971387
        ],
        [
          -0.07833,
          -0.950968,
          -0.299206,
          1.519083
        ],
        [
          0.0,
          0.0,
          0.0,
          1.0
        ]
      ]
    },
    {
      "file_path": "/media/NFS/ttao/scannet/posed_images/scene0306_01/00196.jpg",
      "transform_matrix": [
        [
          -0.552883,
          -0.164717,
          0.816817,
          2.923936
        ],
        [
          -0.83053,
          0.188207,
          -0.524212,
          2.949561
        ],
        [
          -0.067384,
          -0.968218,
          -0.240859,
          1.539202
        ],
        [
          0.0,
          0.0,
          0.0,
          1.0
        ]
      ]
    },
    {
      "file_path": "/media/NFS/ttao/scannet/posed_images/scene0306_01/00200.jpg",
      "transform_matrix": [
        [
          -0.523065,
          -0.107803,
          0.845448,
          2.903453
        ],
        [
          -0.852014,
          0.09151,
          -0.515459,
          2.917001
        ],
        [
          -0.021799,
          -0.989952,
          -0.139715,
          1.55891
        ],
        [
          0.0,
          0.0,
          0.0,
          1.0
        ]
      ]
    },
    {
      "file_path": "/media/NFS/ttao/scannet/posed_images/scene0306_01/00203.jpg",
      "transform_matrix": [
        [
          -0.546108,
          -0.078093,
          0.834067,
          2.909739
        ],
        [
          -0.837651,
          0.03862,
          -0.544839,
          2.918196
        ],
        [
          0.010336,
          -0.996198,
          -0.086506,
          1.588599
        ],
        [
          0.0,
          0.0,
          0.0,
          1.0
        ]
      ]
    },
    {
      "file_path": "/media/NFS/ttao/scannet/posed_images/scene0306_01/00205.jpg",
      "transform_matrix": [
        [
          -0.532491,
          -0.036204,
          0.845661,
          2.90901
        ],
        [
          -0.845939,
          -0.011471,
          -0.533157,
          2.909312
        ],
        [
          0.029003,
          -0.999279,
          -0.024518,
          1.611772
        ],
        [
          0.0,
          0.0,
          0.0,
          1.0
        ]
      ]
    },
    {
      "file_path": "/media/NFS/ttao/scannet/posed_images/scene0306_01/00210.jpg",
      "transform_matrix": [
        [
          -0.475053,
          0.06287,
          0.877708,
          2.900428
        ],
        [
          -0.877688,
          -0.105442,
          -0.467489,
          2.887857
        ],
        [
          0.063156,
          -0.992436,
          0.105271,
          1.634913
        ],
        [
          0.0,
          0.0,
          0.0,
          1.0
        ]
      ]
    },
    {
      "file_path": "/media/NFS/ttao/scannet/posed_images/scene0306_01/00212.jpg",
      "transform_matrix": [
        [
          -0.473761,
          0.061434,
          0.878508,
          2.900978
        ],
        [
          -0.877409,
          -0.11848,
          -0.464883,
          2.88547
        ],
        [
          0.075526,
          -0.991054,
          0.110034,
          1.654867
        ],
        [
          0.0,
          0.0,
          0.0,
          1.0
        ]
      ]
    },
    {
      "file_path": "/media/NFS/ttao/scannet/posed_images/scene0306_01/00217.jpg",
      "transform_matrix": [
        [
          -0.469069,
          0.089583,
          0.878606,
          2.883518
        ],
        [
          -0.878141,
          -0.153239,
          -0.453196,
          2.892185
        ],
        [
          0.094039,
          -0.98412,
          0.150546,
          1.708954
        ],
        [
          0.0,
          0.0,
          0.0,
          1.0
        ]
      ]
    },
    {
      "file_path": "/media/NFS/ttao/scannet/posed_images/scene0306_01/00220.jpg",
      "transform_matrix": [
        [
          -0.421656,
          0.116372,
          0.899257,
          2.858881
        ],
        [
          -0.898914,
          -0.183798,
          -0.39771,
          2.894992
        ],
        [
          0.118999,
          -0.976051,
          0.182108,
          1.723216
        ],
        [
          0.0,
          0.0,
          0.0,
          1.0
        ]
      ]
    },
    {
      "file_path": "/media/NFS/ttao/scannet/posed_images/scene0306_01/00221.jpg",
      "transform_matrix": [
        [
          -0.418485,
          0.116079,
          0.900775,
          2.852013
        ],
        [
          -0.899422,
          -0.190707,
          -0.393281,
          2.895068
        ],
        [
          0.126133,
          -0.97476,
          0.184212,
          1.737966
        ],
        [
          0.0,
          0.0,
          0.0,
          1.0
        ]
      ]
    },
    {
      "file_path": "/media/NFS/ttao/scannet/posed_images/scene0306_01/00225.jpg",
      "transform_matrix": [
        [
          -0.412822,
          0.120968,
          0.902743,
          2.823529
        ],
        [
          -0.898924,
          -0.213726,
          -0.382436,
          2.912712
        ],
        [
          0.146677,
          -0.969375,
          0.196972,
          1.773335
        ],
        [
          0.0,
          0.0,
          0.0,
          1.0
        ]
      ]
    },
    {
      "file_path": "/media/NFS/ttao/scannet/posed_images/scene0306_01/00229.jpg",
      "transform_matrix": [
        [
          -0.406051,
          0.09267,
          0.90914,
          2.809601
        ],
        [
          -0.898716,
          -0.220799,
          -0.378889,
          2.932543
        ],
        [
          0.165625,
          -0.970907,
          0.172939,
          1.781991
        ],
        [
          0.0,
          0.0,
          0.0,
          1.0
        ]
      ]
    },
    {
      "file_path": "/media/NFS/ttao/scannet/posed_images/scene0306_01/00232.jpg",
      "transform_matrix": [
        [
          -0.376388,
          0.107242,
          0.920234,
          2.798366
        ],
        [
          -0.910855,
          -0.224386,
          -0.346402,
          2.952404
        ],
        [
          0.169339,
          -0.968582,
          0.182137,
          1.767309
        ],
        [
          0.0,
          0.0,
          0.0,
          1.0
        ]
      ]
    },
    {
      "file_path": "/media/NFS/ttao/scannet/posed_images/scene0306_01/00238.jpg",
      "transform_matrix": [
        [
          -0.290198,
          0.088026,
          0.952909,
          2.795607
        ],
        [
          -0.944723,
          -0.18513,
          -0.270603,
          2.984396
        ],
        [
          0.152592,
          -0.978764,
          0.136884,
          1.731819
        ],
        [
          0.0,
          0.0,
          0.0,
          1.0
        ]
      ]
    },
    {
      "file_path": "/media/NFS/ttao/scannet/posed_images/scene0306_01/00239.jpg",
      "transform_matrix": [
        [
          -0.278647,
          0.08628,
          0.95651,
          2.795733
        ],
        [
          -0.948975,
          -0.177857,
          -0.260408,
          2.988691
        ],
        [
          0.147654,
          -0.980267,
          0.131437,
          1.724955
        ],
        [
          0.0,
          0.0,
          0.0,
          1.0
        ]
      ]
    },
    {
      "file_path": "/media/NFS/ttao/scannet/posed_images/scene0306_01/00245.jpg",
      "transform_matrix": [
        [
          -0.192952,
          0.014827,
          0.981096,
          2.801875
        ],
        [
          -0.975529,
          -0.110323,
          -0.190189,
          3.020913
        ],
        [
          0.105418,
          -0.993785,
          0.035751,
          1.674249
        ],
        [
          0.0,
          0.0,
          0.0,
          1.0
        ]
      ]
    },
    {
      "file_path": "/media/NFS/ttao/scannet/posed_images/scene0306_01/00248.jpg",
      "transform_matrix": [
        [
          -0.177553,
          -0.031748,
          0.983599,
          2.80803
        ],
        [
          -0.980173,
          -0.083626,
          -0.179633,
          3.028389
        ],
        [
          0.087957,
          -0.995991,
          -0.016271,
          1.647852
        ],
        [
          0.0,
          0.0,
          0.0,
          1.0
        ]
      ]
    },
    {
      "file_path": "/media/NFS/ttao/scannet/posed_images/scene0306_01/00251.jpg",
      "transform_matrix": [
        [
          -0.168147,
          -0.118089,
          0.978663,
          2.825098
        ],
        [
          -0.985147,
          -0.014923,
          -0.171061,
          3.051864
        ],
        [
          0.034805,
          -0.992891,
          -0.113826,
          1.594151
        ],
        [
          0.0,
          0.0,
          0.0,
          1.0
        ]
      ]
    },
    {
      "file_path": "/media/NFS/ttao/scannet/posed_images/scene0306_01/00253.jpg",
      "transform_matrix": [
        [
          -0.165119,
          -0.15822,
          0.9735,
          2.82665
        ],
        [
          -0.985949,
          0.001149,
          -0.167044,
          3.053328
        ],
        [
          0.025311,
          -0.987403,
          -0.156186,
          1.570579
        ],
        [
          0.0,
          0.0,
          0.0,
          1.0
        ]
      ]
    },
    {
      "file_path": "/media/NFS/ttao/scannet/posed_images/scene0306_01/00256.jpg",
      "transform_matrix": [
        [
          -0.167405,
          -0.243898,
          0.955243,
          2.834806
        ],
        [
          -0.985837,
          0.031584,
          -0.164703,
          3.059814
        ],
        [
          0.01,
          -0.969286,
          -0.245731,
          1.529294
        ],
        [
          0.0,
          0.0,
          0.0,
          1.0
        ]
      ]
    },
    {
      "file_path": "/media/NFS/ttao/scannet/posed_images/scene0306_01/00259.jpg",
      "transform_matrix": [
        [
          -0.175581,
          -0.304337,
          0.936243,
          2.83712
        ],
        [
          -0.984464,
          0.052859,
          -0.167442,
          3.060354
        ],
        [
          0.00147,
          -0.951097,
