{
  "frames": [
    {
      "file_path": "/media/NFS/ttao/scannet/posed_images/scene0101_01/00000.jpg",
      "transform_matrix": [
        [
          0.84198,
          -0.105145,
          0.529164,
          2.220134
        ],
        [
          -0.53934,
          -0.188564,
          0.820705,
          2.42744
        ],
        [
          0.013489,
          -0.976416,
          -0.215476,
          1.43152
        ],
        [
          0.0,
          0.0,
          0.0,
          1.0
        ]
      ]
    },
    {
      "file_path": "/media/NFS/ttao/scannet/posed_images/scene0101_01/00009.jpg",
      "transform_matrix": [
        [
          0.815526,
          -0.117435,
          0.56668,
          2.224712
        ],
        [
          -0.578716,
          -0.169581,
          0.797703,
          2.438797
        ],
        [
          0.002419,
          -0.978494,
          -0.206259,
          1.437464
        ],
        [
          0.0,
          0.0,
          0.0,
          1.0
        ]
      ]
    },
    {
      "file_path": "/media/NFS/ttao/scannet/posed_images/scene0101_01/00015.jpg",
      "transform_matrix": [
        [
          0.817699,
          -0.151804,
          0.555269,
          2.227479
        ],
        [
          -0.57524,
          -0.179296,
          0.798093,
          2.461743
        ],
        [
          -0.021596,
          -0.972013,
          -0.233934,
          1.451033
        ],
        [
          0.0,
          0.0,
          0.0,
          1.0
        ]
      ]
    },
    {
      "file_path": "/media/NFS/ttao/scannet/posed_images/scene0101_01/00022.jpg",
      "transform_matrix": [
        [
          0.796572,
          -0.110328,
          0.594391,
          2.236868
        ],
        [
          -0.603383,
          -0.084201,
          0.792994,
          2.447905
        ],
        [
          -0.037441,
          -0.990322,
          -0.133642,
          1.503023
        ],
        [
          0.0,
          0.0,
          0.0,
          1.0
        ]
      ]
    },
    {
      "file_path": "/media/NFS/ttao/scannet/posed_images/scene0101_01/00024.jpg",
      "transform_matrix": [
        [
          0.796157,
          -0.11572,
          0.593922,
          2.240069
        ],
        [
          -0.603659,
          -0.084445,
          0.792758,
          2.445627
        ],
        [
          -0.041584,
          -0.989686,
          -0.137087,
          1.499003
        ],
        [
          0.0,
          0.0,
          0.0,
          1.0
        ]
      ]
    },
    {
      "file_path": "/media/NFS/ttao/scannet/posed_images/scene0101_01/00030.jpg",
      "transform_matrix": [
        [
          0.779748,
          -0.140208,
          0.610192,
          2.258731
        ],
        [
          -0.624721,
          -0.109756,
          0.773096,
          2.453156
        ],
        [
          -0.041422,
          -0.98402,
          -0.173173,
          1.481066
        ],
        [
          0.0,
          0.0,
          0.0,
          1.0
        ]
      ]
    },
    {
      "file_path": "/media/NFS/ttao/scannet/posed_images/scene0101_01/00037.jpg",
      "transform_matrix": [
        [
          0.764458,
          -0.177595,
          0.619729,
          2.268121
        ],
        [
          -0.644642,
          -0.220082,
          0.732121,
          2.471629
        ],
        [
          0.006371,
          -0.959179,
          -0.282728,
          1.426566
        ],
        [
          0.0,
          0.0,
          0.0,
          1.0
        ]
      ]
    },
    {
      "file_path": "/media/NFS/ttao/scannet/posed_images/scene0101_01/00045.jpg",
      "transform_matrix": [
        [
          0.748235,
          -0.263493,
          0.608864,
          2.276635
        ],
        [
          -0.66336,
          -0.310852,
          0.68068,
          2.473469
        ],
        [
          0.009913,
          -0.913204,
          -0.407381,
          1.352024
        ],
        [
          0.0,
          0.0,
          0.0,
          1.0
        ]
      ]
    },
    {
      "file_path": "/media/NFS/ttao/scannet/posed_images/scene0101_01/00049.jpg",
      "transform_matrix": [
        [
          0.769803,
          -0.278473,
          0.574331,
          2.273607
        ],
        [
          -0.638263,
          -0.328939,
          0.696003,
          2.463972
        ],
        [
          -0.004898,
          -0.902359,
          -0.430958,
          1.341371
        ],
        [
          0.0,
          0.0,
          0.0,
          1.0
        ]
      ]
    },
    {
      "file_path": "/media/NFS/ttao/scannet/posed_images/scene0101_01/00056.jpg",
      "transform_matrix": [
        [
          0.874874,
          -0.227154,
          0.427781,
          2.290878
        ],
        [
          -0.482757,
          -0.337387,
          0.808156,
          2.421892
        ],
        [
          -0.039248,
          -0.913549,
          -0.404831,
          1.365162
        ],
        [
          0.0,
          0.0,
          0.0,
          1.0
        ]
      ]
    },
    {
      "file_path": "/media/NFS/ttao/scannet/posed_images/scene0101_01/00062.jpg",
      "transform_matrix": [
        [
          0.950379,
          -0.136409,
          0.279593,
          2.311275
        ],
        [
          -0.3108,
          -0.377248,
          0.872403,
          2.373201
        ],
        [
          -0.013528,
          -0.916011,
          -0.400925,
          1.360334
        ],
        [
          0.0,
          0.0,
          0.0,
          1.0
        ]
      ]
    },
    {
      "file_path": "/media/NFS/ttao/scannet/posed_images/scene0101_01/00071.jpg",
      "transform_matrix": [
        [
          0.99508,
          -0.050109,
          0.085471,
          2.35523
        ],
        [
          -0.098725,
          -0.428864,
          0.897958,
          2.294614
        ],
        [
          -0.00834,
          -0.901978,
          -0.431701,
          1.342465
        ],
        [
          0.0,
          0.0,
          0.0,
          1.0
        ]
      ]
    },
    {
      "file_path": "/media/NFS/ttao/scannet/posed_images/scene0101_01/00077.jpg",
      "transform_matrix": [
        [
          0.997953,
          -0.046458,
          0.043957,
          2.383059
        ],
        [
          -0.058975,
          -0.402463,
          0.913535,
          2.239255
        ],
        [
          -0.02475,
          -0.914257,
          -0.404379,
          1.367369
        ],
        [
          0.0,
          0.0,
          0.0,
          1.0
        ]
      ]
    },
    {
      "file_path": "/media/NFS/ttao/scannet/posed_images/scene0101_01/00084.jpg",
      "transform_matrix": [
        [
          0.997668,
          -0.040606,
          0.054866,
          2.417023
        ],
        [
          -0.064674,
          -0.305325,
          0.95005,
          2.13269
        ],
        [
          -0.021826,
          -0.951382,
          -0.307239,
          1.426727
        ],
        [
          0.0,
          0.0,
          0.0,
          1.0
        ]
      ]
    },
    {
      "file_path": "/media/NFS/ttao/scannet/posed_images/scene0101_01/00090.jpg",
      "transform_matrix": [
        [
          0.998255,
          -0.037507,
          0.045597,
          2.444594
        ],
        [
          -0.052888,
          -0.224797,
          0.972969,
          2.027496
        ],
        [
          -0.026244,
          -0.973683,
          -0.226389,
          1.47835
        ],
        [
          0.0,
          0.0,
          0.0,
          1.0
        ]
      ]
    },
    {
      "file_path": "/media/NFS/ttao/scannet/posed_images/scene0101_01/00097.jpg",
      "transform_matrix": [
        [
          0.998925,
          -0.037979,
          0.026581,
          2.494408
        ],
        [
          -0.03194,
          -0.148305,
          0.988426,
          1.958938
        ],
        [
          -0.033598,
          -0.988212,
          -0.149359,
          1.522209
        ],
        [
          0.0,
          0.0,
          0.0,
          1.0
        ]
      ]
    },
    {
      "file_path": "/media/NFS/ttao/scannet/posed_images/scene0101_01/00099.jpg",
      "transform_matrix": [
        [
          0.999106,
          -0.034837,
          0.023961,
          2.503945
        ],
        [
          -0.028299,
          -0.129904,
          0.991123,
          1.948409
        ],
        [
          -0.031415,
          -0.990914,
          -0.130774,
          1.530339
        ],
        [
          0.0,
          0.0,
          0.0,
          1.0
        ]
      ]
    },
    {
      "file_path": "/media/NFS/ttao/scannet/posed_images/scene0101_01/00109.jpg",
      "transform_matrix": [
        [
          0.990037,
          -0.028833,
          -0.137824,
          2.621104
        ],
        [
          0.136192,
          -0.052481,
          0.989291,
          1.900743
        ],
        [
          -0.035757,
          -0.998206,
          -0.048031,
          1.52233
        ],
        [
          0.0,
          0.0,
          0.0,
          1.0
        ]
      ]
    },
    {
      "file_path": "/media/NFS/ttao/scannet/posed_images/scene0101_01/00116.jpg",
      "transform_matrix": [
        [
          0.948124,
          0.00448,
          -0.31787,
          2.657863
        ],
        [
          0.317378,
          -0.070725,
          0.945658,
          1.899345
        ],
        [
          -0.018245,
          -0.997486,
          -0.068478,
          1.507802
        ],
        [
          0.0,
          0.0,
          0.0,
          1.0
        ]
      ]
    },
    {
      "file_path": "/media/NFS/ttao/scannet/posed_images/scene0101_01/00118.jpg",
      "transform_matrix": [
        [
          0.926169,
          0.011561,
          -0.376931,
          2.694611
        ],
        [
          0.376618,
          -0.079329,
          0.922966,
          1.904765
        ],
        [
          -0.019232,
          -0.996782,
          -0.077826,
          1.497102
        ],
        [
          0.0,
          0.0,
          0.0,
          1.0
        ]
      ]
    },
    {
      "file_path": "/media/NFS/ttao/scannet/posed_images/scene0101_01/00123.jpg",
      "transform_matrix": [
        [
          0.884371,
          0.046613,
          -0.464451,
          2.602697
        ],
        [
          0.466326,
          -0.132293,
          0.874665,
          1.896581
        ],
        [
          -0.020673,
          -0.990114,
          -0.138733,
          1.474306
        ],
        [
          0.0,
          0.0,
          0.0,
          1.0
        ]
      ]
    },
    {
      "file_path": "/media/NFS/ttao/scannet/posed_images/scene0101_01/00135.jpg",
      "transform_matrix": [
        [
          0.839866,
          0.130917,
          -0.526769,
          2.515113
        ],
        [
          0.54243,
          -0.237952,
          0.805698,
          1.925937
        ],
        [
          -0.019866,
          -0.962413,
          -0.270861,
          1.406093
        ],
        [
          0.0,
          0.0,
          0.0,
          1.0
        ]
      ]
    },
    {
      "file_path": "/media/NFS/ttao/scannet/posed_images/scene0101_01/00137.jpg",
      "transform_matrix": [
        [
          0.841061,
          0.142486,
          -0.521837,
          2.504171
        ],
        [
          0.540628,
          -0.254186,
          0.801942,
          1.937003
        ],
        [
          -0.018378,
          -0.956602,
          -0.290818,
          1.398123
        ],
        [
          0.0,
          0.0,
          0.0,
          1.0
        ]
      ]
    },
    {
      "file_path": "/media/NFS/ttao/scannet/posed_images/scene0101_01/00142.jpg",
      "transform_matrix": [
        [
          0.848456,
          0.160331,
          -0.504398,
          2.462373
        ],
        [
          0.528697,
          -0.30094,
          0.793671,
          1.940682
        ],
        [
          -0.024543,
          -0.940068,
          -0.340101,
          1.354168
        ],
        [
          0.0,
          0.0,
          0.0,
          1.0
        ]
      ]
    },
    {
      "file_path": "/media/NFS/ttao/scannet/posed_images/scene0101_01/00153.jpg",
      "transform_matrix": [
        [
          0.843404,
          0.212147,
          -0.493623,
          2.459381
        ],
        [
          0.534864,
          -0.418563,
          0.73398,
          1.971463
        ],
        [
          -0.050901,
          -0.883062,
          -0.466487,
          1.312238
        ],
        [
          0.0,
          0.0,
          0.0,
          1.0
        ]
      ]
    },
    {
      "file_path": "/media/NFS/ttao/scannet/posed_images/scene0101_01/00155.jpg",
      "transform_matrix": [
        [
          0.834135,
          0.221722,
          -0.505032,
          2.465772
        ],
        [
          0.548825,
          -0.424715,
          0.720006,
          1.979484
        ],
        [
          -0.054853,
          -0.877757,
          -0.475956,
          1.317297
        ],
        [
          0.0,
          0.0,
          0.0,
          1.0
        ]
      ]
    },
    {
      "file_path": "/media/NFS/ttao/scannet/posed_images/scene0101_01/00165.jpg",
      "transform_matrix": [
        [
          0.672977,
          0.190138,
          -0.714807,
          2.577128
        ],
        [
          0.734054,
          -0.290476,
          0.613831,
          2.0017
        ],
        [
          -0.090921,
          -0.937801,
          -0.335056,
          1.404884
        ],
        [
          0.0,
          0.0,
          0.0,
          1.0
        ]
      ]
    },
    {
      "file_path": "/media/NFS/ttao/scannet/posed_images/scene0101_01/00170.jpg",
      "transform_matrix": [
        [
          0.603553,
          0.179053,
          -0.776958,
          2.616081
        ],
        [
          0.792019,
          -0.246849,
          0.558365,
          2.024014
        ],
        [
          -0.091815,
          -0.952368,
          -0.2908,
          1.453917
        ],
        [
          0.0,
          0.0,
          0.0,
          1.0
        ]
      ]
    },
    {
      "file_path": "/media/NFS/ttao/scannet/posed_images/scene0101_01/00176.jpg",
      "transform_matrix": [
        [
          0.579048,
          0.115965,
          -0.807004,
          2.653086
        ],
        [
          0.810828,
          -0.185369,
          0.555155,
          2.050679
        ],
        [
          -0.085215,
          -0.975802,
          -0.201365,
          1.492899
        ],
        [
          0.0,
          0.0,
          0.0,
          1.0
        ]
      ]
    },
    {
      "file_path": "/media/NFS/ttao/scannet/posed_images/scene0101_01/00181.jpg",
      "transform_matrix": [
        [
          0.581383,
          0.07074,
          -0.810549,
          2.676558
        ],
        [
          0.809673,
          -0.148428,
          0.567801,
          2.101923
        ],
        [
          -0.080142,
          -0.98639,
          -0.14357,
          1.518107
        ],
        [
          0.0,
          0.0,
          0.0,
          1.0
        ]
      ]
    },
    {
      "file_path": "/media/NFS/ttao/scannet/posed_images/scene0101_01/00189.jpg",
      "transform_matrix": [
        [
          0.599673,
          -0.019239,
          -0.800013,
          2.657923
        ],
        [
          0.798814,
          -0.045363,
          0.599865,
          2.127994
        ],
        [
          -0.047831,
          -0.998785,
          -0.011835,
          1.567188
        ],
        [
          0.0,
          0.0,
          0.0,
          1.0
        ]
      ]
    },
    {
      "file_path": "/media/NFS/ttao/scannet/posed_images/scene0101_01/00195.jpg",
      "transform_matrix": [
        [
          0.52463,
          -0.04221,
          -0.850283,
          2.664978
        ],
        [
          0.850515,
          -0.017708,
          0.525652,
          2.195875
        ],
        [
          -0.037245,
          -0.998952,
          0.02661,
          1.585578
        ],
        [
          0.0,
          0.0,
          0.0,
          1.0
        ]
      ]
    },
    {
      "file_path": "/media/NFS/ttao/scannet/posed_images/scene0101_01/00200.jpg",
      "transform_matrix": [
        [
          0.456562,
          -0.058932,
          -0.887738,
          2.631761
        ],
        [
          0.887369,
          -0.04189,
          0.459153,
          2.157699
        ],
        [
          -0.064246,
          -0.997383,
          0.033169,
          1.54934
        ],
        [
          0.0,
          0.0,
          0.0,
          1.0
        ]
      ]
    },
    {
      "file_path": "/media/NFS/ttao/scannet/posed_images/scene0101_01/00204.jpg",
      "transform_matrix": [
        [
          0.334659,
          -0.052822,
          -0.940858,
          2.651479
        ],
        [
          0.939773,
          -0.054933,
          0.337356,
          2.209789
        ],
        [
          -0.069504,
          -0.997092,
          0.031256,
          1.532446
        ],
        [
          0.0,
          0.0,
          0.0,
          1.0
        ]
      ]
    },
    {
      "file_path": "/media/NFS/ttao/scannet/posed_images/scene0101_01/00211.jpg",
      "transform_matrix": [
        [
          0.179193,
          -0.020017,
          -0.98361,
          2.695438
        ],
        [
          0.982103,
          -0.0553,
          0.180044,
          2.245167
        ],
        [
          -0.057997,
          -0.998269,
          0.00975,
          1.510359
        ],
        [
          0.0,
          0.0,
          0.0,
          1.0
        ]
      ]
    },
    {
      "file_path": "/media/NFS/ttao/scannet/posed_images/scene0101_01/00221.jpg",
      "transform_matrix": [
        [
          0.018418,
          0.071796,
          -0.997249,
          2.778189
        ],
        [
          0.997395,
          -0.070887,
          0.013317,
          2.302511
        ],
        [
          -0.069736,
          -0.994897,
          -0.072914,
          1.450868
        ],
        [
          0.0,
          0.0,
          0.0,
          1.0
        ]
      ]
    },
    {
      "file_path": "/media/NFS/ttao/scannet/posed_images/scene0101_01/00228.jpg",
      "transform_matrix": [
        [
          -0.020769,
          0.170458,
          -0.985146,
          2.801474
        ],
        [
          0.998202,
          -0.051886,
          -0.030022,
          2.325347
        ],
        [
          -0.056233,
          -0.983998,
          -0.169073,
          1.395826
        ],
        [
          0.0,
          0.0,
          0.0,
          1.0
        ]
      ]
    },
    {
      "file_path": "/media/NFS/ttao/scannet/posed_images/scene0101_01/00230.jpg",
      "transform_matrix": [
        [
          -0.016733,
          0.206023,
          -0.978404,
          2.810323
        ],
        [
          0.998131,
          -0.054084,
          -0.028459,
          2.321225
        ],
        [
          -0.058779,
          -0.977051,
          -0.204733,
          1.387921
        ],
        [
          0.0,
          0.0,
          0.0,
          1.0
        ]
      ]
    },
    {
      "file_path": "/media/NFS/ttao/scannet/posed_images/scene0101_01/00236.jpg",
      "transform_matrix": [
        [
          -0.029271,
          0.263963,
          -0.964088,
          2.848769
        ],
        [
          0.997584,
          -0.053068,
          -0.044818,
          2.332662
        ],
        [
          -0.062993,
          -0.963072,
          -0.261772,
          1.351295
        ],
        [
          0.0,
          0.0,
          0.0,
          1.0
        ]
      ]
    },
    {
      "file_path": "/media/NFS/ttao/scannet/posed_images/scene0101_01/00243.jpg",
      "transform_matrix": [
        [
          -0.123543,
          0.342125,
          -0.931497,
          2.91649
        ],
        [
          0.990425,
          -0.01577,
          -0.137151,
          2.320491
        ],
        [
          -0.061613,
          -0.939522,
          -0.336901,
          1.31717
        ],
        [
          0.0,
          0.0,
          0.0,
          1.0
        ]
      ]
    },
    {
      "file_path": "/media/NFS/ttao/scannet/posed_images/scene0101_01/00249.jpg",
      "transform_matrix": [
        [
          -0.24069,
          0.32155,
          -0.915792,
          2.956715
        ],
        [
          0.968305,
          0.014679,
          -0.249338,
          2.341116
        ],
        [
          -0.066732,
          -0.946779,
          -0.314892,
          1.366327
        ],
        [
          0.0,
          0.0,
          0.0,
          1.0
        ]
      ]
    },
    {
      "file_path": "/media/NFS/ttao/scannet/posed_images/scene0101_01/00258.jpg",
      "transform_matrix": [
        [
          -0.322252,
          0.187179,
          -0.927964,
          2.98192
        ],
        [
          0.946314,
          0.037447,
          -0.321071,
          2.34609
        ],
        [
          -0.025349,
          -0.981612,
          -0.189198,
          1.416988
        ],
        [
          0.0,
          0.0,
          0.0,
          1.0
        ]
      ]
    },
    {
      "file_path": "/media/NFS/ttao/scannet/posed_images/scene0101_01/00260.jpg",
      "transform_matrix": [
        [
          -0.325888,
          0.130655,
          -0.936336,
          2.97819
        ],
        [
          0.945386,
          0.038311,
          -0.323692,
          2.34686
        ],
        [
          -0.00642,
          -0.990687,
          -0.136005,
          1.429719
        ],
        [
          0.0,
          0.0,
          0.0,
          1.0
        ]
      ]
    },
    {
      "file_path": "/media/NFS/ttao/scannet/posed_images/scene0101_01/00269.jpg",
      "transform_matrix": [
        [
          -0.392492,
          -0.00277,
          -0.919751,
          2.953026
        ],
        [
          0.919583,
          0.018145,
          -0.392475,
          2.394944
        ],
        [
          0.017776,
          -0.999831,
          -0.004575,
          1.489685
        ],
        [
          0.0,
          0.0,
          0.0,
          1.0
        ]
      ]
    },
    {
      "file_path": "/media/NFS/ttao/scannet/posed_images/scene0101_01/00273.jpg",
      "transform_matrix": [
        [
          -0.422855,
          -0.049325,
          -0.904854,
          2.947021
        ],
        [
          0.905974,
          -0.000861,
          -0.423332,
          2.380524
        ],
        [
          0.020102,
          -0.998782,
          0.045052,
          1.507779
        ],
        [
          0.0,
          0.0,
          0.0,
          1.0
        ]
      ]
    },
    {
      "file_path": "/media/NFS/ttao/scannet/posed_images/scene0101_01/00279.jpg",
      "transform_matrix": [
        [
          -0.50443,
          -0.088442,
          -0.858911,
          2.910841
        ],
        [
          0.863432,
          -0.044772,
          -0.502475,
          2.43704
        ],
        [
          0.005985,
          -0.995075,
          0.098948,
          1.522269
        ],
        [
          0.0,
          0.0,
          0.0,
          1.0
        ]
      ]
    },
    {
      "file_path": "/media/NFS/ttao/scannet/posed_images/scene0101_01/00290.jpg",
      "transform_matrix": [
        [
          -0.618392,
          0.049525,
          -0.784308,
          2.876543
        ],
        [
          0.785869,
          0.037901,
          -0.61723,
          2.363862
        ],
        [
          -0.000842,
          -0.998054,
          -0.062357,
          1.445771
        ],
        [
          0.0,
          0.0,
          0.0,
          1.0
        ]
      ]
    },
    {
      "file_path": "/media/NFS/ttao/scannet/posed_images/scene0101_01/00292.jpg",
      "transform_matrix": [
        [
          -0.628973,
          0.075739,
          -0.773729,
          2.862167
        ],
        [
          0.777424,
          0.064245,
          -0.625687,
          2.352091
        ],
        [
          0.002319,
          -0.995056,
          -0.09929,
          1.423712
        ],
        [
          0.0,
          0.0,
          0.0,
          1.0
        ]
      ]
    },
    {
      "file_path": "/media/NFS/ttao/scannet/posed_images/scene0101_01/00299.jpg",
      "transform_matrix": [
        [
          -0.68134,
          0.151729,
          -0.716069,
          2.817625
        ],
        [
          0.731756,
          0.164691,
          -0.66137,
          2.274205
        ],
        [
          0.017581,
          -0.974605,
          -0.223239,
          1.377147
        ],
        [
          0.0,
          0.0,
          0.0,
          1.0
        ]
      ]
    },
    {
      "file_path": "/media/NFS/ttao/scannet/posed_images/scene0101_01/00305.jpg",
      "transform_matrix": [
        [
          -0.737787,
          0.160459,
          -0.655685,
          2.79484
        ],
        [
          0.673416,
          0.242138,
          -0.698484,
          2.223869
        ],
        [
          0.046688,
          -0.956881,
          -0.286703,
          1.345627
        ],
        [
          0.0,
          0.0,
          0.0,
          1.0
        ]
      ]
    },
    {
      "file_path": "/media/NFS/ttao/scannet/posed_images/scene0101_01/00311.jpg",
      "transform_matrix": [
        [
          -0.800921,
          0.141476,
          -0.581816,
          2.803103
        ],
        [
          0.595259,
          0.293195,
          -0.748134,
          2.16782
        ],
        [
          0.064743,
          -0.945527,
          -0.319041,
          1.326956
        ],
        [
          0.0,
          0.0,
          0.0,
          1.0
        ]
      ]
    },
    {
      "file_path": "/media/NFS/ttao/scannet/posed_images/scene0101_01/00316.jpg",
      "transform_matrix": [
        [
          -0.858951,
          0.11996,
          -0.497808,
          2.806225
        ],
        [
          0.508242,
          0.31819,
          -0.800279,
          2.141791
        ],
        [
          0.062397,
          -0.940407,
          -0.334278,
          1.334274
        ],
        [
          0.0,
          0.0,
          0.0,
          1.0
        ]
      ]
    },
    {
      "file_path": "/media/NFS/ttao/scannet/posed_images/scene0101_01/00324.jpg",
      "transform_matrix": [
        [
          -0.937657,
          0.047142,
          -0.344349,
          2.782605
        ],
        [
          0.340544,
          0.322696,
          -0.883118,
          2.143623
        ],
        [
          0.069489,
          -0.945328,
          -0.318632,
          1.366981
        ],
        [
          0.0,
          0.0,
          0.0,
          1.0
        ]
      ]
    },
    {
      "file_path": "/media/NFS/ttao/scannet/posed_images/scene0101_01/00331.jpg",
      "transform_matrix": [
        [
          -0.964119,
          -0.024727,
          -0.264315,
          2.700099
        ],
        [
          0.249313,
          0.257699,
          -0.933506,
          2.215688
        ],
        [
          0.091197,
          -0.965909,
          -0.242287,
          1.418208
        ],
        [
          0.0,
          0.0,
          0.0,
          1.0
        ]
      ]
    },
    {
      "file_path": "/media/NFS/ttao/scannet/posed_images/scene0101_01/00341.jpg",
      "transform_matrix": [
        [
          -0.994781,
          -0.039254,
          -0.094175,
          2.604336
        ],
        [
          0.08962,
          0.104979,
          -0.990428,
          2.319752
        ],
        [
          0.048764,
          -0.993699,
          -0.100914,
          1.518542
        ],
        [
          0.0,
          0.0,
          0.0,
          1.0
        ]
      ]
    },
    {
      "file_path": "/media/NFS/ttao/scannet/posed_images/scene0101_01/00344.jpg",
      "transform_matrix": [
        [
          -0.996063,
          -0.037089,
          -0.08051,
          2.590716
        ],
        [
          0.078006,
          0.064622,
          -0.994856,
          2.342251
        ],
        [
          0.042101,
          -0.99722,
          -0.061475,
          1.540529
        ],
        [
          0.0,
          0.0,
          0.0,
          1.0
        ]
      ]
    },
    {
      "file_path": "/media/NFS/ttao/scannet/posed_images/scene0101_01/00352.jpg",
      "transform_matrix": [
        [
          -0.993292,
          -0.055387,
          -0.10151,
          2.587492
        ],
        [
          0.101789,
          -0.002244,
          -0.994804,
          2.400338
        ],
        [
          0.054871,
          -0.998462,
          0.007866,
          1.567171
        ],
        [
          0.0,
          0.0,
          0.0,
          1.0
        ]
      ]
    },
    {
      "file_path": "/media/NFS/ttao/scannet/posed_images/scene0101_01/00357.jpg",
      "transform_matrix": [
        [
          -0.990246,
          -0.053383,
          -0.128699,
          2.602427
        ],
        [
          0.129615,
          -0.014053,
          -0.991465,
          2.43698
        ],
        [
          0.051118,
          -0.998475,
          0.020835,
          1.574066
        ],
        [
          0.0,
          0.0,
          0.0,
          1.0
        ]
      ]
    },
    {
      "file_path": "/media/NFS/ttao/scannet/posed_images/scene0101_01/00361.jpg",
      "transform_matrix": [
        [
          -0.983107,
          -0.045763,
          -0.177217,
          2.597435
        ],
        [
          0.178067,
          -0.015184,
          -0.983901,
          2.47499
        ],
        [
          0.042336,
          -0.998837,
          0.023076,
          1.578742
        ],
        [
          0.0,
          0.0,
          0.0,
          1.0
        ]
      ]
    },
    {
      "file_path": "/media/NFS/ttao/scannet/posed_images/scene0101_01/00367.jpg",
      "transform_matrix": [
        [
          -0.947241,
          -0.050361,
          -0.31654,
          2.636568
        ],
        [
          0.31713,
          -0.003992,
          -0.948373,
          2.521983
        ],
        [
          0.046497,
          -0.998723,
          0.019753,
          1.568381
        ],
        [
          0.0,
          0.0,
          0.0,
          1.0
        ]
      ]
    },
    {
      "file_path": "/media/NFS/ttao/scannet/posed_images/scene0101_01/00376.jpg",
      "transform_matrix": [
        [
          -0.926373,
          -0.014684,
          -0.376319,
          2.619454
        ],
        [
          0.374674,
          0.065137,
          -0.924866,
          2.526809
        ],
        [
          0.038093,
          -0.997768,
          -0.05484,
          1.504404
        ],
        [
          0.0,
          0.0,
          0.0,
          1.0
        ]
      ]
    },
    {
      "file_path": "/media/NFS/ttao/scannet/posed_images/scene0101_01/00380.jpg",
      "transform_matrix": [
        [
          -0.937877,
          -0.002029,
          -0.346962,
          2.588568
        ],
        [
          0.343331,
          0.138981,
          -0.928875,
          2.525835
        ],
        [
          0.050106,
          -0.990293,
          -0.129651,
          1.474289
        ],
        [
          0.0,
          0.0,
          0.0,
          1.0
        ]
      ]
    },
    {
      "file_path": "/media/NFS/ttao/scannet/posed_images/scene0101_01/00387.jpg",
      "transform_matrix": [
        [
          -0.981944,
          -0.009005,
          -0.188956,
          2.525352
        ],
        [
          0.180687,
          0.251132,
          -0.950939,
          2.526794
        ],
        [
          0.056016,
          -0.967911,
          -0.244971,
          1.435283
        ],
        [
          0.0,
          0.0,
          0.0,
          1.0
        ]
      ]
    },
    {
      "file_path": "/media/NFS/ttao/scannet/posed_images/scene0101_01/00395.jpg",
      "transform_matrix": [
        [
          -0.983016,
          -0.148604,
          0.107685,
          2.417526
        ],
        [
          -0.145651,
          0.274774,
          -0.950413,
          2.579158
        ],
        [
          0.111646,
          -0.949956,
          -0.291752,
          1.4207
        ],
        [
          0.0,
          0.0,
          0.0,
          1.0
        ]
      ]
    },
    {
      "file_path": "/media/NFS/ttao/scannet/posed_images/scene0101_01/00400.jpg",
      "transform_matrix": [
        [
          -0.960429,
          -0.174218,
          0.217312,
          2.501696
        ],
        [
          -0.259701,
          0.278176,
          -0.924756,
          2.642985
        ],
        [
          0.100658,
          -0.944598,
          -0.312413,
          1.368483
        ],
        [
          0.0,
          0.0,
          0.0,
          1.0
        ]
      ]
    },
    {
      "file_path": "/media/NFS/ttao/scannet/posed_images/scene0101_01/00408.jpg",
      "transform_matrix": [
        [
          -0.880131,
          -0.233473,
          0.413352,
          2.480561
        ],
        [
          -0.466491,
          0.263818,
          -0.844267,
          2.68888
        ],
        [
          0.088064,
          -0.93589,
          -0.341107,
          1.366877
        ],
        [
          0.0,
          0.0,
          0.0,
          1.0
        ]
      ]
    },
    {
      "file_path": "/media/NFS/ttao/scannet/posed_images/scene0101_01/00413.jpg",
      "transform_matrix": [
        [
          -0.862194,
          -0.281978,
          0.420844,
          2.580683
        ],
        [
          -0.489875,
          0.252533,
          -0.834416,
          2.74502
        ],
        [
          0.12901,
          -0.92559,
          -0.355866,
          1.334903
        ],
        [
          0.0,
          0.0,
          0.0,
          1.0
        ]
      ]
    },
    {
      "file_path": "/media/NFS/ttao/scannet/posed_images/scene0101_01/00421.jpg",
      "transform_matrix": [
        [
          -0.786437,
          -0.338347,
          0.516757,
          2.566107
        ],
        [
          -0.601172,
          0.227214,
          -0.766137,
          2.735974
        ],
        [
          0.141806,
          -0.913179,
          -0.382094,
          1.339323
        ],
        [
          0.0,
          0.0,
          0.0,
          1.0
        ]
      ]
    },
    {
      "file_path": "/media/NFS/ttao/scannet/posed_images/scene0101_01/00427.jpg",
      "transform_matrix": [
        [
          -0.71924,
          -0.351645,
          0.599199,
          2.503747
        ],
        [
          -0.684217,
          0.20882,
          -0.698743,
          2.712654
        ],
        [
          0.120584,
          -0.912546,
          -0.390793,
          1.326315
        ],
        [
          0.0,
          0.0,
          0.0,
          1.0
        ]
      ]
    },
    {
      "file_path": "/media/NFS/ttao/scannet/posed_images/scene0101_01/00432.jpg",
      "transform_matrix": [
        [
          -0.639684,
          -0.3655,
          0.676176,
          2.392646
        ],
        [
          -0.763637,
          0.202021,
          -0.613225,
          2.654268
        ],
        [
          0.087532,
          -0.908624,
          -0.408339,
          1.321003
        ],
        [
          0.0,
          0.0,
          0.0,
          1.0
        ]
      ]
    },
    {
      "file_path": "/media/NFS/ttao/scannet/posed_images/scene0101_01/00440.jpg",
      "transform_matrix": [
        [
          -0.519617,
          -0.431796,
          0.737258,
          2.200504
        ],
        [
          -0.851891,
          0.195757,
          -0.485759,
          2.597893
        ],
        [
          0.065426,
          -0.880472,
          -0.469562,
          1.33999
        ],
        [
          0.0,
          0.0,
          0.0,
          1.0
        ]
      ]
    },
    {
      "file_path": "/media/NFS/ttao/scannet/posed_images/scene0101_01/00445.jpg",
      "transform_matrix": [
        [
          -0.452637,
          -0.418786,
          0.787234,
          2.100827
        ],
        [
          -0.890863,
          0.174258,
          -0.41952,
          2.612319
        ],
        [
          0.038508,
          -0.891208,
          -0.451957,
          1.355881
        ],
        [
          0.0,
          0.0,
          0.0,
          1.0
        ]
      ]
    },
    {
      "file_path": "/media/NFS/ttao/scannet/posed_images/scene0101_01/00447.jpg",
      "transform_matrix": [
        [
          -0.433666,
          -0.415587,
          0.799513,
          2.069818
        ],
        [
          -0.900125,
          0.159104,
          -0.405537,
          2.622505
        ],
        [
          0.04133,
          -0.895529,
          -0.443079,
          1.354144
        ],
        [
          0.0,
          0.0,
          0.0,
          1.0
        ]
      ]
    },
    {
      "file_path": "/media/NFS/ttao/scannet/posed_images/scene0101_01/00458.jpg",
      "transform_matrix": [
        [
          -0.251609,
          -0.469317,
          0.846425,
          1.90398
        ],
        [
          -0.965937,
          0.067118,
          -0.249921,
          2.709114
        ],
        [
          0.060482,
          -0.880476,
          -0.470218,
          1.360909
        ],
        [
          0.0,
          0.0,
          0.0,
          1.0
        ]
      ]
    },
    {
      "file_path": "/media/NFS/ttao/scannet/posed_images/scene0101_01/00462.jpg",
      "transform_matrix": [
        [
          -0.190685,
          -0.450949,
          0.871943,
          1.850967
        ],
        [
          -0.980408,
          0.042796,
          -0.192272,
          2.72343
        ],
        [
          0.049389,
          -0.891523,
          -0.450275,
          1.377435
        ],
        [
          0.0,
          0.0,
          0.0,
          1.0
        ]
      ]
    },
    {
      "file_path": "/media/NFS/ttao/scannet/posed_images/scene0101_01/00468.jpg",
      "transform_matrix": [
        [
          -0.107263,
          -0.435903,
          0.893579,
          1.792367
        ],
        [
          -0.993286,
          0.007817,
          -0.115418,
          2.711855
        ],
        [
          0.043326,
          -0.89996,
          -0.433815,
          1.379018
        ],
        [
          0.0,
          0.0,
          0.0,
          1.0
        ]
      ]
    },
    {
      "file_path": "/media/NFS/ttao/scannet/posed_images/scene0101_01/00477.jpg",
      "transform_matrix": [
        [
          -0.116825,
          -0.453347,
          0.883645,
          1.714246
        ],
        [
          -0.991642,
          0.004192,
          -0.128953,
          2.673318
        ],
        [
          0.054756,
          -0.891325,
          -0.450047,
          1.374248
        ],
        [
          0.0,
          0.0,
          0.0,
          1.0
        ]
      ]
    },
    {
      "file_path": "/media/NFS/ttao/scannet/posed_images/scene0101_01/00481.jpg",
      "transform_matrix": [
        [
          -0.114696,
          -0.469532,
          0.875434,
          1.685545
        ],
        [
          -0.991851,
          0.004914,
          -0.127313,
          2.640973
        ],
        [
          0.055476,
