{
  "frames": [
    {
      "file_path": "/media/NFS/ttao/scannet/posed_images/scene0607_01/00000.jpg",
      "transform_matrix": [
        [
          -0.683084,
          -0.321461,
          0.655788,
          1.706561
        ],
        [
          -0.729825,
          0.33414,
          -0.59641,
          4.252375
        ],
        [
          -0.027403,
          -0.88601,
          -0.462857,
          1.298431
        ],
        [
          0.0,
          0.0,
          0.0,
          1.0
        ]
      ]
    },
    {
      "file_path": "/media/NFS/ttao/scannet/posed_images/scene0607_01/00001.jpg",
      "transform_matrix": [
        [
          -0.687848,
          -0.315753,
          0.653579,
          1.706312
        ],
        [
          -0.725167,
          0.338138,
          -0.59983,
          4.250688
        ],
        [
          -0.031602,
          -0.886546,
          -0.461561,
          1.298517
        ],
        [
          0.0,
          0.0,
          0.0,
          1.0
        ]
      ]
    },
    {
      "file_path": "/media/NFS/ttao/scannet/posed_images/scene0607_01/00003.jpg",
      "transform_matrix": [
        [
          -0.690354,
          -0.317968,
          0.649852,
          1.707056
        ],
        [
          -0.722842,
          0.340615,
          -0.601233,
          4.250424
        ],
        [
          -0.030177,
          -0.884804,
          -0.464985,
          1.297957
        ],
        [
          0.0,
          0.0,
          0.0,
          1.0
        ]
      ]
    },
    {
      "file_path": "/media/NFS/ttao/scannet/posed_images/scene0607_01/00005.jpg",
      "transform_matrix": [
        [
          -0.692757,
          -0.320326,
          0.646127,
          1.708047
        ],
        [
          -0.720562,
          0.344276,
          -0.601884,
          4.249397
        ],
        [
          -0.029647,
          -0.882533,
          -0.469315,
          1.297126
        ],
        [
          0.0,
          0.0,
          0.0,
          1.0
        ]
      ]
    },
    {
      "file_path": "/media/NFS/ttao/scannet/posed_images/scene0607_01/00007.jpg",
      "transform_matrix": [
        [
          -0.694211,
          -0.32236,
          0.643549,
          1.708519
        ],
        [
          -0.719064,
          0.35024,
          -0.600233,
          4.248362
        ],
        [
          -0.031906,
          -0.879441,
          -0.474938,
          1.296939
        ],
        [
          0.0,
          0.0,
          0.0,
          1.0
        ]
      ]
    },
    {
      "file_path": "/media/NFS/ttao/scannet/posed_images/scene0607_01/00009.jpg",
      "transform_matrix": [
        [
          -0.697171,
          -0.324374,
          0.639324,
          1.709695
        ],
        [
          -0.716015,
          0.359496,
          -0.598403,
          4.247836
        ],
        [
          -0.035728,
          -0.874954,
          -0.482886,
          1.295635
        ],
        [
          0.0,
          0.0,
          0.0,
          1.0
        ]
      ]
    },
    {
      "file_path": "/media/NFS/ttao/scannet/posed_images/scene0607_01/00012.jpg",
      "transform_matrix": [
        [
          -0.717866,
          -0.316392,
          0.620133,
          1.713732
        ],
        [
          -0.695179,
          0.373576,
          -0.61414,
          4.244259
        ],
        [
          -0.037357,
          -0.871973,
          -0.488126,
          1.298344
        ],
        [
          0.0,
          0.0,
          0.0,
          1.0
        ]
      ]
    },
    {
      "file_path": "/media/NFS/ttao/scannet/posed_images/scene0607_01/00013.jpg",
      "transform_matrix": [
        [
          -0.726486,
          -0.311266,
          0.612643,
          1.714422
        ],
        [
          -0.686165,
          0.377041,
          -0.622107,
          4.24304
        ],
        [
          -0.037351,
          -0.872327,
          -0.487495,
          1.299509
        ],
        [
          0.0,
          0.0,
          0.0,
          1.0
        ]
      ]
    },
    {
      "file_path": "/media/NFS/ttao/scannet/posed_images/scene0607_01/00016.jpg",
      "transform_matrix": [
        [
          -0.756076,
          -0.289256,
          0.587094,
          1.71665
        ],
        [
          -0.653722,
          0.377025,
          -0.656125,
          4.239372
        ],
        [
          -0.031561,
          -0.879877,
          -0.474152,
          1.303016
        ],
        [
          0.0,
          0.0,
          0.0,
          1.0
        ]
      ]
    },
    {
      "file_path": "/media/NFS/ttao/scannet/posed_images/scene0607_01/00017.jpg",
      "transform_matrix": [
        [
          -0.766924,
          -0.284345,
          0.575305,
          1.718126
        ],
        [
          -0.64112,
          0.378821,
          -0.667428,
          4.236847
        ],
        [
          -0.028158,
          -0.880706,
          -0.472826,
          1.304713
        ],
        [
          0.0,
          0.0,
          0.0,
          1.0
        ]
      ]
    },
    {
      "file_path": "/media/NFS/ttao/scannet/posed_images/scene0607_01/00019.jpg",
      "transform_matrix": [
        [
          -0.791949,
          -0.271751,
          0.54678,
          1.724378
        ],
        [
          -0.610229,
          0.382953,
          -0.693518,
          4.237179
        ],
        [
          -0.020927,
          -0.882892,
          -0.46911,
          1.306981
        ],
        [
          0.0,
          0.0,
          0.0,
          1.0
        ]
      ]
    },
    {
      "file_path": "/media/NFS/ttao/scannet/posed_images/scene0607_01/00020.jpg",
      "transform_matrix": [
        [
          -0.800457,
          -0.262107,
          0.539043,
          1.717075
        ],
        [
          -0.598868,
          0.387243,
          -0.700999,
          4.219551
        ],
        [
          -0.025004,
          -0.883936,
          -0.466939,
          1.306807
        ],
        [
          0.0,
          0.0,
          0.0,
          1.0
        ]
      ]
    },
    {
      "file_path": "/media/NFS/ttao/scannet/posed_images/scene0607_01/00022.jpg",
      "transform_matrix": [
        [
          -0.830298,
          -0.236642,
          0.504584,
          1.727827
        ],
        [
          -0.556631,
          0.3971,
          -0.729708,
          4.222664
        ],
        [
          -0.027691,
          -0.886743,
          -0.461433,
          1.309709
        ],
        [
          0.0,
          0.0,
          0.0,
          1.0
        ]
      ]
    },
    {
      "file_path": "/media/NFS/ttao/scannet/posed_images/scene0607_01/00025.jpg",
      "transform_matrix": [
        [
          -0.8714,
          -0.195569,
          0.449906,
          1.748909
        ],
        [
          -0.489388,
          0.410288,
          -0.769521,
          4.231313
        ],
        [
          -0.034096,
          -0.890739,
          -0.453234,
          1.316896
        ],
        [
          0.0,
          0.0,
          0.0,
          1.0
        ]
      ]
    },
    {
      "file_path": "/media/NFS/ttao/scannet/posed_images/scene0607_01/00027.jpg",
      "transform_matrix": [
        [
          -0.892643,
          -0.171437,
          0.416891,
          1.762213
        ],
        [
          -0.449438,
          0.409394,
          -0.793978,
          4.237838
        ],
        [
          -0.034555,
          -0.896106,
          -0.442493,
          1.317882
        ],
        [
          0.0,
          0.0,
          0.0,
          1.0
        ]
      ]
    },
    {
      "file_path": "/media/NFS/ttao/scannet/posed_images/scene0607_01/00029.jpg",
      "transform_matrix": [
        [
          -0.910752,
          -0.151259,
          0.384254,
          1.779764
        ],
        [
          -0.411359,
          0.413992,
          -0.812031,
          4.247708
        ],
        [
          -0.036251,
          -0.897625,
          -0.439266,
          1.318609
        ],
        [
          0.0,
          0.0,
          0.0,
          1.0
        ]
      ]
    },
    {
      "file_path": "/media/NFS/ttao/scannet/posed_images/scene0607_01/00030.jpg",
      "transform_matrix": [
        [
          -0.909765,
          -0.152335,
          0.386163,
          1.771959
        ],
        [
          -0.413601,
          0.412216,
          -0.811795,
          4.229606
        ],
        [
          -0.035518,
          -0.898261,
          -0.438026,
          1.315293
        ],
        [
          0.0,
          0.0,
          0.0,
          1.0
        ]
      ]
    },
    {
      "file_path": "/media/NFS/ttao/scannet/posed_images/scene0607_01/00033.jpg",
      "transform_matrix": [
        [
          -0.932411,
          -0.135154,
          0.335177,
          1.79443
        ],
        [
          -0.360084,
          0.426522,
          -0.82971,
          4.238155
        ],
        [
          -0.030822,
          -0.894322,
          -0.44636,
          1.315428
        ],
        [
          0.0,
          0.0,
          0.0,
          1.0
        ]
      ]
    },
    {
      "file_path": "/media/NFS/ttao/scannet/posed_images/scene0607_01/00035.jpg",
      "transform_matrix": [
        [
          -0.945527,
          -0.113528,
          0.305106,
          1.81121
        ],
        [
          -0.323407,
          0.434778,
          -0.840462,
          4.250281
        ],
        [
          -0.037237,
          -0.893353,
          -0.44781,
          1.312974
        ],
        [
          0.0,
          0.0,
          0.0,
          1.0
        ]
      ]
    },
    {
      "file_path": "/media/NFS/ttao/scannet/posed_images/scene0607_01/00037.jpg",
      "transform_matrix": [
        [
          -0.95365,
          -0.09771,
          0.284611,
          1.824093
        ],
        [
          -0.297867,
          0.440819,
          -0.846731,
          4.258191
        ],
        [
          -0.042728,
          -0.892262,
          -0.449492,
          1.313825
        ],
        [
          0.0,
          0.0,
          0.0,
          1.0
        ]
      ]
    },
    {
      "file_path": "/media/NFS/ttao/scannet/posed_images/scene0607_01/00038.jpg",
      "transform_matrix": [
        [
          -0.957747,
          -0.089364,
          0.273378,
          1.831287
        ],
        [
          -0.284093,
          0.442186,
          -0.850742,
          4.264438
        ],
        [
          -0.044859,
          -0.89246,
          -0.44889,
          1.31372
        ],
        [
          0.0,
          0.0,
          0.0,
          1.0
        ]
      ]
    },
    {
      "file_path": "/media/NFS/ttao/scannet/posed_images/scene0607_01/00039.jpg",
      "transform_matrix": [
        [
          -0.960452,
          -0.084779,
          0.265224,
          1.83458
        ],
        [
          -0.274662,
          0.44492,
          -0.852412,
          4.267114
        ],
        [
          -0.045737,
          -0.891549,
          -0.45061,
          1.314171
        ],
        [
          0.0,
          0.0,
          0.0,
          1.0
        ]
      ]
    },
    {
      "file_path": "/media/NFS/ttao/scannet/posed_images/scene0607_01/00042.jpg",
      "transform_matrix": [
        [
          -0.969907,
          -0.085428,
          0.227999,
          1.844592
        ],
        [
          -0.241413,
          0.459113,
          -0.854947,
          4.28615
        ],
        [
          -0.03164,
          -0.884261,
          -0.46592,
          1.306646
        ],
        [
          0.0,
          0.0,
          0.0,
          1.0
        ]
      ]
    },
    {
      "file_path": "/media/NFS/ttao/scannet/posed_images/scene0607_01/00043.jpg",
      "transform_matrix": [
        [
          -0.973832,
          -0.083045,
          0.211555,
          1.847767
        ],
        [
          -0.225703,
          0.462527,
          -0.857396,
          4.290844
        ],
        [
          -0.026648,
          -0.882708,
          -0.469166,
          1.307459
        ],
        [
          0.0,
          0.0,
          0.0,
          1.0
        ]
      ]
    },
    {
      "file_path": "/media/NFS/ttao/scannet/posed_images/scene0607_01/00046.jpg",
      "transform_matrix": [
        [
          -0.983616,
          -0.067836,
          0.167027,
          1.853562
        ],
        [
          -0.179442,
          0.457448,
          -0.870943,
          4.310428
        ],
        [
          -0.017325,
          -0.886645,
          -0.462125,
          1.313856
        ],
        [
          0.0,
          0.0,
          0.0,
          1.0
        ]
      ]
    },
    {
      "file_path": "/media/NFS/ttao/scannet/posed_images/scene0607_01/00048.jpg",
      "transform_matrix": [
        [
          -0.987998,
          -0.048216,
          0.146752,
          1.85419
        ],
        [
          -0.152641,
          0.450512,
          -0.879625,
          4.32776
        ],
        [
          -0.023702,
          -0.891467,
          -0.452465,
          1.314802
        ],
        [
          0.0,
          0.0,
          0.0,
          1.0
        ]
      ]
    },
    {
      "file_path": "/media/NFS/ttao/scannet/posed_images/scene0607_01/00049.jpg",
      "transform_matrix": [
        [
          -0.988591,
          -0.043169,
          0.144308,
          1.851179
        ],
        [
          -0.148316,
          0.446132,
          -0.882592,
          4.336591
        ],
        [
          -0.02628,
          -0.893925,
          -0.447445,
          1.314722
        ],
        [
          0.0,
          0.0,
          0.0,
          1.0
        ]
      ]
    },
    {
      "file_path": "/media/NFS/ttao/scannet/posed_images/scene0607_01/00052.jpg",
      "transform_matrix": [
        [
          -0.992863,
          -0.031195,
          0.115106,
          1.861643
        ],
        [
          -0.117398,
          0.425498,
          -0.897312,
          4.398387
        ],
        [
          -0.020986,
          -0.904422,
          -0.426123,
          1.316705
        ],
        [
          0.0,
          0.0,
          0.0,
          1.0
        ]
      ]
    },
    {
      "file_path": "/media/NFS/ttao/scannet/posed_images/scene0607_01/00054.jpg",
      "transform_matrix": [
        [
          -0.994329,
          -0.012598,
          0.1056,
          1.861882
        ],
        [
          -0.101039,
          0.421725,
          -0.901077,
          4.423083
        ],
        [
          -0.033183,
          -0.906636,
          -0.420606,
          1.315447
        ],
        [
          0.0,
          0.0,
          0.0,
          1.0
        ]
      ]
    },
    {
      "file_path": "/media/NFS/ttao/scannet/posed_images/scene0607_01/00055.jpg",
      "transform_matrix": [
        [
          -0.994629,
          -0.004424,
          0.103411,
          1.86114
        ],
        [
          -0.095668,
          0.420674,
          -0.902153,
          4.435003
        ],
        [
          -0.039511,
          -0.907201,
          -0.418838,
          1.314039
        ],
        [
          0.0,
          0.0,
          0.0,
          1.0
        ]
      ]
    },
    {
      "file_path": "/media/NFS/ttao/scannet/posed_images/scene0607_01/00057.jpg",
      "transform_matrix": [
        [
          -0.99568,
          0.017408,
          0.091205,
          1.864015
        ],
        [
          -0.074749,
          0.432427,
          -0.898565,
          4.458771
        ],
        [
          -0.055082,
          -0.901501,
          -0.429258,
          1.309597
        ],
        [
          0.0,
          0.0,
          0.0,
          1.0
        ]
      ]
    },
    {
      "file_path": "/media/NFS/ttao/scannet/posed_images/scene0607_01/00059.jpg",
      "transform_matrix": [
        [
          -0.996268,
          0.031261,
          0.080448,
          1.865304
        ],
        [
          -0.058117,
          0.446128,
          -0.89308,
          4.479251
        ],
        [
          -0.063809,
          -0.894423,
          -0.442646,
          1.303056
        ],
        [
          0.0,
          0.0,
          0.0,
          1.0
        ]
      ]
    },
    {
      "file_path": "/media/NFS/ttao/scannet/posed_images/scene0607_01/00061.jpg",
      "transform_matrix": [
        [
          -0.996976,
          0.054111,
          0.055773,
          1.880104
        ],
        [
          -0.026398,
          0.439208,
          -0.897998,
          4.512987
        ],
        [
          -0.073087,
          -0.896754,
          -0.436452,
          1.299019
        ],
        [
          0.0,
          0.0,
          0.0,
          1.0
        ]
      ]
    },
    {
      "file_path": "/media/NFS/ttao/scannet/posed_images/scene0607_01/00062.jpg",
      "transform_matrix": [
        [
          -0.996802,
          0.060879,
          0.051773,
          1.882123
        ],
        [
          -0.019996,
          0.437229,
          -0.899128,
          4.524776
        ],
        [
          -0.077374,
          -0.897287,
          -0.434614,
          1.299335
        ],
        [
          0.0,
          0.0,
          0.0,
          1.0
        ]
      ]
    },
    {
      "file_path": "/media/NFS/ttao/scannet/posed_images/scene0607_01/00065.jpg",
      "transform_matrix": [
        [
          -0.997824,
          0.063692,
          0.01705,
          1.891016
        ],
        [
          0.012281,
          0.433599,
          -0.901022,
          4.553888
        ],
        [
          -0.064781,
          -0.898852,
          -0.433438,
          1.306661
        ],
        [
          0.0,
          0.0,
          0.0,
          1.0
        ]
      ]
    },
    {
      "file_path": "/media/NFS/ttao/scannet/posed_images/scene0607_01/00066.jpg",
      "transform_matrix": [
        [
          -0.997823,
          0.065897,
          0.00273,
          1.894764
        ],
        [
          0.026073,
          0.432144,
          -0.901428,
          4.561195
        ],
        [
          -0.060581,
          -0.899394,
          -0.432921,
          1.306756
        ],
        [
          0.0,
          0.0,
          0.0,
          1.0
        ]
      ]
    },
    {
      "file_path": "/media/NFS/ttao/scannet/posed_images/scene0607_01/00069.jpg",
      "transform_matrix": [
        [
          -0.996454,
          0.080113,
          -0.025705,
          1.901664
        ],
        [
          0.057342,
          0.423081,
          -0.904275,
          4.58165
        ],
        [
          -0.061569,
          -0.902543,
          -0.426175,
          1.318065
        ],
        [
          0.0,
          0.0,
          0.0,
          1.0
        ]
      ]
    },
    {
      "file_path": "/media/NFS/ttao/scannet/posed_images/scene0607_01/00070.jpg",
      "transform_matrix": [
        [
          -0.995167,
          0.088226,
          -0.043109,
          1.923371
        ],
        [
          0.076029,
          0.414466,
          -0.906883,
          4.604793
        ],
        [
          -0.062143,
          -0.905778,
          -0.419171,
          1.315383
        ],
        [
          0.0,
          0.0,
          0.0,
          1.0
        ]
      ]
    },
    {
      "file_path": "/media/NFS/ttao/scannet/posed_images/scene0607_01/00072.jpg",
      "transform_matrix": [
        [
          -0.995214,
          0.077949,
          -0.058926,
          1.933043
        ],
        [
          0.086026,
          0.412925,
          -0.906693,
          4.615354
        ],
        [
          -0.046343,
          -0.907424,
          -0.417654,
          1.323479
        ],
        [
          0.0,
          0.0,
          0.0,
          1.0
        ]
      ]
    },
    {
      "file_path": "/media/NFS/ttao/scannet/posed_images/scene0607_01/00074.jpg",
      "transform_matrix": [
        [
          -0.99384,
          0.075347,
          -0.081276,
          1.944638
        ],
        [
          0.105111,
          0.408326,
          -0.906764,
          4.622835
        ],
        [
          -0.035135,
          -0.909721,
          -0.413731,
          1.327488
        ],
        [
          0.0,
          0.0,
          0.0,
          1.0
        ]
      ]
    },
    {
      "file_path": "/media/NFS/ttao/scannet/posed_images/scene0607_01/00076.jpg",
      "transform_matrix": [
        [
          -0.991208,
          0.081695,
          -0.104079,
          1.960364
        ],
        [
          0.128292,
          0.401006,
          -0.907048,
          4.630975
        ],
        [
          -0.032365,
          -0.912426,
          -0.407961,
          1.330324
        ],
        [
          0.0,
          0.0,
          0.0,
          1.0
        ]
      ]
    },
    {
      "file_path": "/media/NFS/ttao/scannet/posed_images/scene0607_01/00078.jpg",
      "transform_matrix": [
        [
          -0.988006,
          0.089129,
          -0.126095,
          1.969248
        ],
        [
          0.150844,
          0.382507,
          -0.911556,
          4.636858
        ],
        [
          -0.033014,
          -0.919644,
          -0.391364,
          1.337404
        ],
        [
          0.0,
          0.0,
          0.0,
          1.0
        ]
      ]
    },
    {
      "file_path": "/media/NFS/ttao/scannet/posed_images/scene0607_01/00079.jpg",
      "transform_matrix": [
        [
          -0.985909,
          0.095896,
          -0.137066,
          1.977023
        ],
        [
          0.163535,
          0.380083,
          -0.910381,
          4.639026
        ],
        [
          -0.035205,
          -0.919968,
          -0.390409,
          1.341134
        ],
        [
          0.0,
          0.0,
          0.0,
          1.0
        ]
      ]
    },
    {
      "file_path": "/media/NFS/ttao/scannet/posed_images/scene0607_01/00082.jpg",
      "transform_matrix": [
        [
          -0.976074,
          0.124795,
          -0.178063,
          2.007378
        ],
        [
          0.212869,
          0.381398,
          -0.899568,
          4.651917
        ],
        [
          -0.044349,
          -0.915948,
          -0.398838,
          1.339421
        ],
        [
          0.0,
          0.0,
          0.0,
          1.0
        ]
      ]
    },
    {
      "file_path": "/media/NFS/ttao/scannet/posed_images/scene0607_01/00084.jpg",
      "transform_matrix": [
        [
          -0.969919,
          0.12863,
          -0.206666,
          2.018618
        ],
        [
          0.239919,
          0.361551,
          -0.900955,
          4.656353
        ],
        [
          -0.041169,
          -0.923437,
          -0.381536,
          1.339669
        ],
        [
          0.0,
          0.0,
          0.0,
          1.0
        ]
      ]
    },
    {
      "file_path": "/media/NFS/ttao/scannet/posed_images/scene0607_01/00085.jpg",
      "transform_matrix": [
        [
          -0.967745,
          0.133042,
          -0.213938,
          2.026739
        ],
        [
          0.248239,
          0.3587,
          -0.89984,
          4.659805
        ],
        [
          -0.042977,
          -0.923923,
          -0.380156,
          1.339872
        ],
        [
          0.0,
          0.0,
          0.0,
          1.0
        ]
      ]
    },
    {
      "file_path": "/media/NFS/ttao/scannet/posed_images/scene0607_01/00087.jpg",
      "transform_matrix": [
        [
          -0.964626,
          0.146143,
          -0.219404,
          2.035065
        ],
        [
          0.258826,
          0.367019,
          -0.89348,
          4.663985
        ],
        [
          -0.05005,
          -0.918662,
          -0.391862,
          1.334757
        ],
        [
          0.0,
          0.0,
          0.0,
          1.0
        ]
      ]
    },
    {
      "file_path": "/media/NFS/ttao/scannet/posed_images/scene0607_01/00090.jpg",
      "transform_matrix": [
        [
          -0.953813,
          0.154243,
          -0.257777,
          2.045937
        ],
        [
          0.297317,
          0.362115,
          -0.883445,
          4.669727
        ],
        [
          -0.042921,
          -0.919284,
          -0.391249,
          1.340168
        ],
        [
          0.0,
          0.0,
          0.0,
          1.0
        ]
      ]
    },
    {
      "file_path": "/media/NFS/ttao/scannet/posed_images/scene0607_01/00092.jpg",
      "transform_matrix": [
        [
          -0.946926,
          0.161422,
          -0.277981,
          2.053245
        ],
        [
          0.318113,
          0.34629,
          -0.882546,
          4.674804
        ],
        [
          -0.0462,
          -0.924135,
          -0.379262,
          1.341761
        ],
        [
          0.0,
          0.0,
          0.0,
          1.0
        ]
      ]
    },
    {
      "file_path": "/media/NFS/ttao/scannet/posed_images/scene0607_01/00094.jpg",
      "transform_matrix": [
        [
          -0.942638,
          0.167022,
          -0.289028,
          2.059828
        ],
        [
          0.330294,
          0.34121,
          -0.880046,
          4.678892
        ],
        [
          -0.048368,
          -0.92503,
          -0.376804,
          1.343589
        ],
        [
          0.0,
          0.0,
          0.0,
          1.0
        ]
      ]
    },
    {
      "file_path": "/media/NFS/ttao/scannet/posed_images/scene0607_01/00095.jpg",
      "transform_matrix": [
        [
          -0.940149,
          0.171598,
          -0.294406,
          2.061813
        ],
        [
          0.33696,
          0.339407,
          -0.878214,
          4.679425
        ],
        [
          -0.050776,
          -0.924855,
          -0.376915,
          1.34391
        ],
        [
          0.0,
          0.0,
          0.0,
          1.0
        ]
      ]
    },
    {
      "file_path": "/media/NFS/ttao/scannet/posed_images/scene0607_01/00096.jpg",
      "transform_matrix": [
        [
          -0.937477,
          0.174158,
          -0.30134,
          2.067582
        ],
        [
          0.344192,
          0.335391,
          -0.876952,
          4.681348
        ],
        [
          -0.051661,
          -0.925841,
          -0.374365,
          1.341217
        ],
        [
          0.0,
          0.0,
          0.0,
          1.0
        ]
      ]
    },
    {
      "file_path": "/media/NFS/ttao/scannet/posed_images/scene0607_01/00098.jpg",
      "transform_matrix": [
        [
          -0.933131,
          0.17667,
          -0.313136,
          2.069415
        ],
        [
          0.356003,
          0.332214,
          -0.873439,
          4.681307
        ],
        [
          -0.050282,
          -0.926511,
          -0.372894,
          1.345105
        ],
        [
          0.0,
          0.0,
          0.0,
          1.0
        ]
      ]
    },
    {
      "file_path": "/media/NFS/ttao/scannet/posed_images/scene0607_01/00100.jpg",
      "transform_matrix": [
        [
          -0.928799,
          0.178266,
          -0.32489,
          2.073852
        ],
        [
          0.367494,
          0.330097,
          -0.869473,
          4.683794
        ],
        [
          -0.047752,
          -0.926961,
          -0.372106,
          1.340666
        ],
        [
          0.0,
          0.0,
          0.0,
          1.0
        ]
      ]
    },
    {
      "file_path": "/media/NFS/ttao/scannet/posed_images/scene0607_01/00102.jpg",
      "transform_matrix": [
        [
          -0.922747,
          0.185124,
          -0.338035,
          2.077354
        ],
        [
          0.382014,
          0.323201,
          -0.865798,
          4.686228
        ],
        [
          -0.051027,
          -0.928046,
          -0.368953,
          1.340843
        ],
        [
          0.0,
          0.0,
          0.0,
          1.0
        ]
      ]
    },
    {
      "file_path": "/media/NFS/ttao/scannet/posed_images/scene0607_01/00105.jpg",
      "transform_matrix": [
        [
          -0.917539,
          0.182269,
          -0.353411,
          2.079278
        ],
        [
          0.395026,
          0.315974,
          -0.862621,
          4.687942
        ],
        [
          -0.04556,
          -0.931095,
          -0.361919,
          1.343972
        ],
        [
          0.0,
          0.0,
          0.0,
          1.0
        ]
      ]
    },
    {
      "file_path": "/media/NFS/ttao/scannet/posed_images/scene0607_01/00106.jpg",
      "transform_matrix": [
        [
          -0.916397,
          0.180473,
          -0.357276,
          2.079358
        ],
        [
          0.398003,
          0.315966,
          -0.861255,
          4.687729
        ],
        [
          -0.042546,
          -0.931448,
          -0.361378,
          1.345532
        ],
        [
          0.0,
          0.0,
          0.0,
          1.0
        ]
      ]
    },
    {
      "file_path": "/media/NFS/ttao/scannet/posed_images/scene0607_01/00109.jpg",
      "transform_matrix": [
        [
          -0.909853,
          0.184911,
          -0.371451,
          2.07635
        ],
        [
          0.412628,
          0.309021,
          -0.856881,
          4.688811
        ],
        [
          -0.04366,
          -0.932906,
          -0.357463,
          1.347256
        ],
        [
          0.0,
          0.0,
          0.0,
          1.0
        ]
      ]
    },
    {
      "file_path": "/media/NFS/ttao/scannet/posed_images/scene0607_01/00110.jpg",
      "transform_matrix": [
        [
          -0.908598,
          0.181048,
          -0.376392,
          2.082836
        ],
        [
          0.415711,
          0.304793,
          -0.856905,
          4.692866
        ],
        [
          -0.04042,
          -0.935052,
          -0.352198,
          1.340281
        ],
        [
          0.0,
          0.0,
          0.0,
          1.0
        ]
      ]
    },
    {
      "file_path": "/media/NFS/ttao/scannet/posed_images/scene0607_01/00112.jpg",
      "transform_matrix": [
        [
          -0.906889,
          0.18033,
          -0.380833,
          2.079849
        ],
        [
          0.419441,
          0.299954,
          -0.856795,
          4.693808
        ],
        [
          -0.040274,
          -0.936755,
          -0.347662,
          1.343625
        ],
        [
          0.0,
          0.0,
          0.0,
          1.0
        ]
      ]
    },
    {
      "file_path": "/media/NFS/ttao/scannet/posed_images/scene0607_01/00114.jpg",
      "transform_matrix": [
        [
          -0.904233,
          0.179337,
          -0.387557,
          2.077716
        ],
        [
          0.425233,
          0.294774,
          -0.855737,
          4.694661
        ],
        [
          -0.039223,
          -0.938588,
          -0.342804,
          1.340535
        ],
        [
          0.0,
          0.0,
          0.0,
          1.0
        ]
      ]
    },
    {
      "file_path": "/media/NFS/ttao/scannet/posed_images/scene0607_01/00116.jpg",
      "transform_matrix": [
        [
          -0.900691,
          0.177942,
          -0.396348,
          2.075943
        ],
        [
          0.432994,
          0.292792,
          -0.852519,
          4.696782
        ],
        [
          -0.035651,
          -0.939473,
          -0.340763,
          1.347431
        ],
        [
          0.0,
          0.0,
          0.0,
          1.0
        ]
      ]
    },
    {
      "file_path": "/media/NFS/ttao/scannet/posed_images/scene0607_01/00117.jpg",
      "transform_matrix": [
        [
          -0.899733,
          0.178989,
          -0.398051,
          2.069973
        ],
        [
          0.434933,
          0.291938,
          -0.851825,
          4.697597
        ],
        [
          -0.036261,
          -0.93954,
          -0.340515,
          1.349806
        ],
        [
          0.0,
          0.0,
          0.0,
          1.0
        ]
      ]
    },
    {
      "file_path": "/media/NFS/ttao/scannet/posed_images/scene0607_01/00119.jpg",
      "transform_matrix": [
        [
          -0.896821,
          0.177465,
          -0.405239,
          2.066471
        ],
        [
          0.440881,
          0.282836,
          -0.851838,
          4.701374
        ],
        [
          -0.036555,
          -0.942608,
          -0.331895,
          1.344213
        ],
        [
          0.0,
          0.0,
          0.0,
          1.0
        ]
      ]
    },
    {
      "file_path": "/media/NFS/ttao/scannet/posed_images/scene0607_01/00122.jpg",
      "transform_matrix": [
        [
          -0.884656,
          0.181279,
          -0.429559,
          2.068375
        ],
        [
          0.464815,
          0.270842,
          -0.842966,
          4.688374
        ],
        [
          -0.03647,
          -0.945401,
          -0.323864,
          1.35185
        ],
        [
          0.0,
          0.0,
          0.0,
          1.0
        ]
      ]
    },
    {
      "file_path": "/media/NFS/ttao/scannet/posed_images/scene0607_01/00124.jpg",
      "transform_matrix": [
        [
          -0.880637,
          0.181815,
          -0.437518,
          2.06219
        ],
        [
          0.47236,
          0.265182,
          -0.840568,
          4.689642
        ],
        [
          -0.036806,
          -0.946901,
          -0.319411,
          1.347183
        ],
        [
          0.0,
          0.0,
          0.0,
          1.0
        ]
      ]
    },
    {
      "file_path": "/media/NFS/ttao/scannet/posed_images/scene0607_01/00125.jpg",
      "transform_matrix": [
        [
          -0.87843,
          0.182421,
          -0.441683,
          2.058606
        ],
        [
          0.476532,
          0.265253,
          -0.838187,
          4.690512
        ],
        [
          -0.035745,
          -0.946765,
          -0.319936,
          1.347787
        ],
        [
          0.0,
          0.0,
          0.0,
          1.0
        ]
      ]
    },
    {
      "file_path": "/media/NFS/ttao/scannet/posed_images/scene0607_01/00128.jpg",
      "transform_matrix": [
        [
          -0.871771,
          0.18332,
          -0.454323,
          2.041248
        ],
        [
          0.488948,
          0.267372,
          -0.830326,
          4.693007
        ],
        [
          -0.030742,
          -0.945995,
          -0.322721,
          1.349054
        ],
        [
          0.0,
          0.0,
          0.0,
          1.0
        ]
      ]
    },
    {
      "file_path": "/media/NFS/ttao/scannet/posed_images/scene0607_01/00129.jpg",
      "transform_matrix": [
        [
          -0.870294,
          0.184796,
          -0.45655,
          2.033432
        ],
        [
          0.491569,
          0.267962,
          -0.828587,
          4.694739
        ],
        [
          -0.030781,
          -0.945541,
          -0.324045,
          1.351561
        ],
        [
          0.0,
          0.0,
          0.0,
          1.0
        ]
      ]
    },
    {
      "file_path": "/media/NFS/ttao/scannet/posed_images/scene0607_01/00132.jpg",
      "transform_matrix": [
        [
          -0.85837,
          0.190682,
          -0.476278,
          2.024493
        ],
        [
          0.512225,
          0.266517,
          -0.816452,
          4.674288
        ],
        [
          -0.028746,
          -0.94478,
          -0.326443,
          1.359447
        ],
        [
          0.0,
          0.0,
          0.0,
          1.0
        ]
      ]
    },
    {
      "file_path": "/media/NFS/ttao/scannet/posed_images/scene0607_01/00133.jpg",
      "transform_matrix": [
        [
          -0.856213,
          0.192424,
          -0.47945,
          2.015771
        ],
        [
          0.515804,
          0.266155,
          -0.814315,
          4.675042
        ],
        [
          -0.029085,
          -0.944529,
          -0.327138,
          1.360666
        ],
        [
          0.0,
          0.0,
          0.0,
          1.0
        ]
      ]
    },
    {
      "file_path": "/media/NFS/ttao/scannet/posed_images/scene0607_01/00135.jpg",
      "transform_matrix": [
        [
          -0.852495,
          0.192838,
          -0.485866,
          2.004091
        ],
        [
          0.521949,
          0.263063,
          -0.811399,
          4.676368
        ],
        [
          -0.028655,
          -0.94531,
          -0.324911,
          1.355714
        ],
        [
          0.0,
          0.0,
          0.0,
          1.0
        ]
      ]
    },
    {
      "file_path": "/media/NFS/ttao/scannet/posed_images/scene0607_01/00137.jpg",
      "transform_matrix": [
        [
          -0.850483,
          0.192483,
          -0.48952,
          1.990055
        ],
        [
          0.525176,
          0.258572,
          -0.810759,
          4.67535
        ],
        [
          -0.029481,
          -0.946621,
          -0.320999,
          1.351098
        ],
        [
          0.0,
          0.0,
          0.0,
          1.0
        ]
      ]
    },
    {
      "file_path": "/media/NFS/ttao/scannet/posed_images/scene0607_01/00139.jpg",
      "transform_matrix": [
        [
          -0.848736,
          0.190734,
          -0.493221,
          1.976315
        ],
        [
          0.528298,
          0.26456,
          -0.806789,
          4.673605
        ],
        [
          -0.023396,
          -0.945319,
          -0.325307,
          1.34877
        ],
        [
          0.0,
          0.0,
          0.0,
          1.0
        ]
      ]
    },
    {
      "file_path": "/media/NFS/ttao/scannet/posed_images/scene0607_01/00140.jpg",
      "transform_matrix": [
        [
          -0.845758,
          0.193596,
          -0.497207,
          1.971609
        ],
        [
          0.533152,
          0.269898,
          -0.801813,
          4.65951
        ],
        [
          -0.021032,
          -0.943226,
          -0.331485,
          1.349514
        ],
        [
          0.0,
          0.0,
          0.0,
          1.0
        ]
      ]
    },
    {
      "file_path": "/media/NFS/ttao/scannet/posed_images/scene0607_01/00142.jpg",
      "transform_matrix": [
        [
          -0.840803,
          0.189083,
          -0.507246,
          1.955389
        ],
        [
          0.541204,
          0.272449,
          -0.795531,
          4.65927
        ],
        [
          -0.012223,
          -0.943409,
          -0.331408,
          1.3458
        ],
        [
          0.0,
          0.0,
          0.0,
          1.0
        ]
      ]
    },
    {
      "file_path": "/media/NFS/ttao/scannet/posed_images/scene0607_01/00145.jpg",
      "transform_matrix": [
        [
          -0.823173,
          0.170451,
          -0.541602,
          1.941689
        ],
        [
          0.567653,
          0.268076,
          -0.778399,
          4.649137
        ],
        [
          0.012512,
          -0.948199,
          -0.31743,
          1.342233
        ],
        [
          0.0,
          0.0,
          0.0,
          1.0
        ]
      ]
    },
    {
      "file_path": "/media/NFS/ttao/scannet/posed_images/scene0607_01/00146.jpg",
      "transform_matrix": [
        [
          -0.819747,
          0.168187,
          -0.547474,
          1.933818
        ],
        [
          0.572429,
          0.271326,
          -0.773761,
          4.645884
