{
  "frames": [
    {
      "file_path": "/media/NFS/ttao/scannet/posed_images/scene0294_01/00003.jpg",
      "transform_matrix": [
        [
          -0.955153,
          0.064285,
          -0.289052,
          2.159643
        ],
        [
          0.295547,
          0.146557,
          -0.94402,
          2.439215
        ],
        [
          -0.018323,
          -0.987111,
          -0.158984,
          1.650798
        ],
        [
          0.0,
          0.0,
          0.0,
          1.0
        ]
      ]
    },
    {
      "file_path": "/media/NFS/ttao/scannet/posed_images/scene0294_01/00008.jpg",
      "transform_matrix": [
        [
          -0.953142,
          0.070934,
          -0.294089,
          2.169824
        ],
        [
          0.301867,
          0.159041,
          -0.939991,
          2.422988
        ],
        [
          -0.019905,
          -0.984721,
          -0.173001,
          1.639157
        ],
        [
          0.0,
          0.0,
          0.0,
          1.0
        ]
      ]
    },
    {
      "file_path": "/media/NFS/ttao/scannet/posed_images/scene0294_01/00016.jpg",
      "transform_matrix": [
        [
          -0.934228,
          0.12421,
          -0.334349,
          2.254787
        ],
        [
          0.354109,
          0.210725,
          -0.911154,
          2.386636
        ],
        [
          -0.042719,
          -0.969622,
          -0.240849,
          1.488894
        ],
        [
          0.0,
          0.0,
          0.0,
          1.0
        ]
      ]
    },
    {
      "file_path": "/media/NFS/ttao/scannet/posed_images/scene0294_01/00029.jpg",
      "transform_matrix": [
        [
          -0.940686,
          0.129455,
          -0.313609,
          2.396909
        ],
        [
          0.338989,
          0.396711,
          -0.853057,
          2.46326
        ],
        [
          0.01398,
          -0.908769,
          -0.417065,
          1.351216
        ],
        [
          0.0,
          0.0,
          0.0,
          1.0
        ]
      ]
    },
    {
      "file_path": "/media/NFS/ttao/scannet/posed_images/scene0294_01/00039.jpg",
      "transform_matrix": [
        [
          -0.929572,
          0.112316,
          -0.351113,
          2.479412
        ],
        [
          0.368165,
          0.331166,
          -0.868783,
          2.457362
        ],
        [
          0.018698,
          -0.936864,
          -0.349193,
          1.386935
        ],
        [
          0.0,
          0.0,
          0.0,
          1.0
        ]
      ]
    },
    {
      "file_path": "/media/NFS/ttao/scannet/posed_images/scene0294_01/00047.jpg",
      "transform_matrix": [
        [
          -0.900538,
          0.142948,
          -0.410606,
          2.513826
        ],
        [
          0.434692,
          0.314673,
          -0.843815,
          2.384019
        ],
        [
          0.008585,
          -0.938375,
          -0.345513,
          1.380743
        ],
        [
          0.0,
          0.0,
          0.0,
          1.0
        ]
      ]
    },
    {
      "file_path": "/media/NFS/ttao/scannet/posed_images/scene0294_01/00057.jpg",
      "transform_matrix": [
        [
          -0.882762,
          0.123095,
          -0.453407,
          2.533149
        ],
        [
          0.469688,
          0.208408,
          -0.85788,
          2.225989
        ],
        [
          -0.011107,
          -0.970265,
          -0.241791,
          1.502422
        ],
        [
          0.0,
          0.0,
          0.0,
          1.0
        ]
      ]
    },
    {
      "file_path": "/media/NFS/ttao/scannet/posed_images/scene0294_01/00062.jpg",
      "transform_matrix": [
        [
          -0.834403,
          0.075214,
          -0.545999,
          2.569218
        ],
        [
          0.55036,
          0.166884,
          -0.818079,
          2.109315
        ],
        [
          0.029587,
          -0.983104,
          -0.180643,
          1.563296
        ],
        [
          0.0,
          0.0,
          0.0,
          1.0
        ]
      ]
    },
    {
      "file_path": "/media/NFS/ttao/scannet/posed_images/scene0294_01/00070.jpg",
      "transform_matrix": [
        [
          -0.795881,
          0.063818,
          -0.602081,
          2.653075
        ],
        [
          0.605448,
          0.079625,
          -0.791892,
          1.998894
        ],
        [
          -0.002596,
          -0.99478,
          -0.102011,
          1.631606
        ],
        [
          0.0,
          0.0,
          0.0,
          1.0
        ]
      ]
    },
    {
      "file_path": "/media/NFS/ttao/scannet/posed_images/scene0294_01/00078.jpg",
      "transform_matrix": [
        [
          -0.704382,
          0.170207,
          -0.689112,
          2.628032
        ],
        [
          0.70969,
          0.150199,
          -0.688317,
          1.921443
        ],
        [
          -0.013653,
          -0.973894,
          -0.226592,
          1.556326
        ],
        [
          0.0,
          0.0,
          0.0,
          1.0
        ]
      ]
    },
    {
      "file_path": "/media/NFS/ttao/scannet/posed_images/scene0294_01/00088.jpg",
      "transform_matrix": [
        [
          -0.652022,
          0.262861,
          -0.711176,
          2.685744
        ],
        [
          0.757862,
          0.197967,
          -0.621654,
          1.826149
        ],
        [
          -0.022619,
          -0.944306,
          -0.328292,
          1.475843
        ],
        [
          0.0,
          0.0,
          0.0,
          1.0
        ]
      ]
    },
    {
      "file_path": "/media/NFS/ttao/scannet/posed_images/scene0294_01/00094.jpg",
      "transform_matrix": [
        [
          -0.629426,
          0.268147,
          -0.729328,
          2.704155
        ],
        [
          0.777004,
          0.228422,
          -0.58659,
          1.769382
        ],
        [
          0.009302,
          -0.935906,
          -0.352126,
          1.437796
        ],
        [
          0.0,
          0.0,
          0.0,
          1.0
        ]
      ]
    },
    {
      "file_path": "/media/NFS/ttao/scannet/posed_images/scene0294_01/00101.jpg",
      "transform_matrix": [
        [
          -0.568295,
          0.292223,
          -0.769185,
          2.718814
        ],
        [
          0.822813,
          0.206784,
          -0.529357,
          1.670968
        ],
        [
          0.004365,
          -0.933727,
          -0.357959,
          1.41532
        ],
        [
          0.0,
          0.0,
          0.0,
          1.0
        ]
      ]
    },
    {
      "file_path": "/media/NFS/ttao/scannet/posed_images/scene0294_01/00112.jpg",
      "transform_matrix": [
        [
          -0.489713,
          0.337694,
          -0.803831,
          2.768645
        ],
        [
          0.87177,
          0.204503,
          -0.445191,
          1.486279
        ],
        [
          0.014047,
          -0.918772,
          -0.39454,
          1.411083
        ],
        [
          0.0,
          0.0,
          0.0,
          1.0
        ]
      ]
    },
    {
      "file_path": "/media/NFS/ttao/scannet/posed_images/scene0294_01/00122.jpg",
      "transform_matrix": [
        [
          -0.333979,
          0.359382,
          -0.871379,
          2.853684
        ],
        [
          0.942562,
          0.121512,
          -0.311147,
          1.333684
        ],
        [
          -0.005938,
          -0.925246,
          -0.379322,
          1.400566
        ],
        [
          0.0,
          0.0,
          0.0,
          1.0
        ]
      ]
    },
    {
      "file_path": "/media/NFS/ttao/scannet/posed_images/scene0294_01/00135.jpg",
      "transform_matrix": [
        [
          -0.054529,
          0.395877,
          -0.916683,
          2.909614
        ],
        [
          0.997657,
          -0.016382,
          -0.06642,
          1.117541
        ],
        [
          -0.041311,
          -0.918157,
          -0.394057,
          1.388968
        ],
        [
          0.0,
          0.0,
          0.0,
          1.0
        ]
      ]
    },
    {
      "file_path": "/media/NFS/ttao/scannet/posed_images/scene0294_01/00140.jpg",
      "transform_matrix": [
        [
          0.055169,
          0.391174,
          -0.918662,
          2.877935
        ],
        [
          0.996431,
          -0.080437,
          0.025589,
          1.010411
        ],
        [
          -0.063885,
          -0.916795,
          -0.394216,
          1.362697
        ],
        [
          0.0,
          0.0,
          0.0,
          1.0
        ]
      ]
    },
    {
      "file_path": "/media/NFS/ttao/scannet/posed_images/scene0294_01/00146.jpg",
      "transform_matrix": [
        [
          0.110633,
          0.439455,
          -0.891426,
          2.830642
        ],
        [
          0.993277,
          -0.079648,
          0.084008,
          0.903596
        ],
        [
          -0.034082,
          -0.894727,
          -0.445312,
          1.336763
        ],
        [
          0.0,
          0.0,
          0.0,
          1.0
        ]
      ]
    },
    {
      "file_path": "/media/NFS/ttao/scannet/posed_images/scene0294_01/00153.jpg",
      "transform_matrix": [
        [
          0.20172,
          0.464919,
          -0.862067,
          2.799039
        ],
        [
          0.979177,
          -0.075196,
          0.188569,
          0.817853
        ],
        [
          0.022846,
          -0.882154,
          -0.470406,
          1.320864
        ],
        [
          0.0,
          0.0,
          0.0,
          1.0
        ]
      ]
    },
    {
      "file_path": "/media/NFS/ttao/scannet/posed_images/scene0294_01/00164.jpg",
      "transform_matrix": [
        [
          0.317236,
          0.472432,
          -0.822295,
          2.792887
        ],
        [
          0.947139,
          -0.114081,
          0.299856,
          0.699963
        ],
        [
          0.047853,
          -0.873953,
          -0.48365,
          1.289938
        ],
        [
          0.0,
          0.0,
          0.0,
          1.0
        ]
      ]
    },
    {
      "file_path": "/media/NFS/ttao/scannet/posed_images/scene0294_01/00177.jpg",
      "transform_matrix": [
        [
          0.289338,
          0.525785,
          -0.799896,
          2.799974
        ],
        [
          0.954075,
          -0.090643,
          0.285526,
          0.592424
        ],
        [
          0.07762,
          -0.845774,
          -0.527865,
          1.2413
        ],
        [
          0.0,
          0.0,
          0.0,
          1.0
        ]
      ]
    },
    {
      "file_path": "/media/NFS/ttao/scannet/posed_images/scene0294_01/00179.jpg",
      "transform_matrix": [
        [
          0.285714,
          0.5348,
          -0.795209,
          2.805994
        ],
        [
          0.955445,
          -0.094792,
          0.279535,
          0.595503
        ],
        [
          0.074116,
          -0.839645,
          -0.538055,
          1.241001
        ],
        [
          0.0,
          0.0,
          0.0,
          1.0
        ]
      ]
    },
    {
      "file_path": "/media/NFS/ttao/scannet/posed_images/scene0294_01/00195.jpg",
      "transform_matrix": [
        [
          0.242694,
          0.533416,
          -0.810288,
          2.988983
        ],
        [
          0.967995,
          -0.078123,
          0.238501,
          0.741067
        ],
        [
          0.063918,
          -0.842238,
          -0.535304,
          1.279649
        ],
        [
          0.0,
          0.0,
          0.0,
          1.0
        ]
      ]
    },
    {
      "file_path": "/media/NFS/ttao/scannet/posed_images/scene0294_01/00200.jpg",
      "transform_matrix": [
        [
          0.231376,
          0.516344,
          -0.824533,
          3.071646
        ],
        [
          0.970012,
          -0.057584,
          0.236139,
          0.818414
        ],
        [
          0.074449,
          -0.854443,
          -0.514183,
          1.305349
        ],
        [
          0.0,
          0.0,
          0.0,
          1.0
        ]
      ]
    },
    {
      "file_path": "/media/NFS/ttao/scannet/posed_images/scene0294_01/00205.jpg",
      "transform_matrix": [
        [
          0.250766,
          0.511084,
          -0.822137,
          3.138779
        ],
        [
          0.966743,
          -0.088133,
          0.240086,
          0.884122
        ],
        [
          0.050247,
          -0.855,
          -0.516187,
          1.318109
        ],
        [
          0.0,
          0.0,
          0.0,
          1.0
        ]
      ]
    },
    {
      "file_path": "/media/NFS/ttao/scannet/posed_images/scene0294_01/00221.jpg",
      "transform_matrix": [
        [
          0.334302,
          0.50288,
          -0.797091,
          3.203743
        ],
        [
          0.942431,
          -0.185659,
          0.278127,
          1.049979
        ],
        [
          -0.008122,
          -0.844181,
          -0.535996,
          1.338934
        ],
        [
          0.0,
          0.0,
          0.0,
          1.0
        ]
      ]
    },
    {
      "file_path": "/media/NFS/ttao/scannet/posed_images/scene0294_01/00226.jpg",
      "transform_matrix": [
        [
          0.326169,
          0.493229,
          -0.806436,
          3.193707
        ],
        [
          0.945161,
          -0.185397,
          0.268885,
          1.073592
        ],
        [
          -0.016889,
          -0.849913,
          -0.526652,
          1.348224
        ],
        [
          0.0,
          0.0,
          0.0,
          1.0
        ]
      ]
    },
    {
      "file_path": "/media/NFS/ttao/scannet/posed_images/scene0294_01/00234.jpg",
      "transform_matrix": [
        [
          0.296316,
          0.47563,
          -0.828235,
          3.157669
        ],
        [
          0.955034,
          -0.156917,
          0.251569,
          1.162205
        ],
        [
          -0.01031,
          -0.865536,
          -0.50074,
          1.355395
        ],
        [
          0.0,
          0.0,
          0.0,
          1.0
        ]
      ]
    },
    {
      "file_path": "/media/NFS/ttao/scannet/posed_images/scene0294_01/00247.jpg",
      "transform_matrix": [
        [
          0.361359,
          0.507622,
          -0.782138,
          3.15497
        ],
        [
          0.932329,
          -0.208866,
          0.295191,
          1.365772
        ],
        [
          -0.013516,
          -0.83588,
          -0.548746,
          1.33563
        ],
        [
          0.0,
          0.0,
          0.0,
          1.0
        ]
      ]
    },
    {
      "file_path": "/media/NFS/ttao/scannet/posed_images/scene0294_01/00252.jpg",
      "transform_matrix": [
        [
          0.305219,
          0.521762,
          -0.796622,
          3.177398
        ],
        [
          0.952172,
          -0.179948,
          0.246956,
          1.490387
        ],
        [
          -0.014498,
          -0.833896,
          -0.551731,
          1.339668
        ],
        [
          0.0,
          0.0,
          0.0,
          1.0
        ]
      ]
    },
    {
      "file_path": "/media/NFS/ttao/scannet/posed_images/scene0294_01/00265.jpg",
      "transform_matrix": [
        [
          0.246398,
          0.522105,
          -0.816514,
          3.230186
        ],
        [
          0.968762,
          -0.157091,
          0.191892,
          1.654529
        ],
        [
          -0.028079,
          -0.838289,
          -0.544502,
          1.354285
        ],
        [
          0.0,
          0.0,
          0.0,
          1.0
        ]
      ]
    },
    {
      "file_path": "/media/NFS/ttao/scannet/posed_images/scene0294_01/00273.jpg",
      "transform_matrix": [
        [
          0.190602,
          0.520592,
          -0.832259,
          3.229398
        ],
        [
          0.980674,
          -0.139112,
          0.137575,
          1.702035
        ],
        [
          -0.044157,
          -0.842397,
          -0.537046,
          1.368164
        ],
        [
          0.0,
          0.0,
          0.0,
          1.0
        ]
      ]
    },
    {
      "file_path": "/media/NFS/ttao/scannet/posed_images/scene0294_01/00281.jpg",
      "transform_matrix": [
        [
          0.131802,
          0.491454,
          -0.860872,
          3.195848
        ],
        [
          0.990095,
          -0.107638,
          0.090139,
          1.699476
        ],
        [
          -0.048364,
          -0.864226,
          -0.500773,
          1.386598
        ],
        [
          0.0,
          0.0,
          0.0,
          1.0
        ]
      ]
    },
    {
      "file_path": "/media/NFS/ttao/scannet/posed_images/scene0294_01/00286.jpg",
      "transform_matrix": [
        [
          0.114834,
          0.486012,
          -0.866375,
          3.159803
        ],
        [
          0.993199,
          -0.073051,
          0.090664,
          1.692289
        ],
        [
          -0.019226,
          -0.870894,
          -0.491095,
          1.392839
        ],
        [
          0.0,
          0.0,
          0.0,
          1.0
        ]
      ]
    },
    {
      "file_path": "/media/NFS/ttao/scannet/posed_images/scene0294_01/00299.jpg",
      "transform_matrix": [
        [
          0.010101,
          0.445817,
          -0.895067,
          2.980441
        ],
        [
          0.999184,
          0.030493,
          0.026464,
          1.646978
        ],
        [
          0.039092,
          -0.894605,
          -0.445146,
          1.384365
        ],
        [
          0.0,
          0.0,
          0.0,
          1.0
        ]
      ]
    },
    {
      "file_path": "/media/NFS/ttao/scannet/posed_images/scene0294_01/00307.jpg",
      "transform_matrix": [
        [
          -0.018228,
          0.435357,
          -0.900074,
          2.850082
        ],
        [
          0.999693,
          0.023071,
          -0.009087,
          1.647112
        ],
        [
          0.016809,
          -0.899962,
          -0.435644,
          1.388536
        ],
        [
          0.0,
          0.0,
          0.0,
          1.0
        ]
      ]
    },
    {
      "file_path": "/media/NFS/ttao/scannet/posed_images/scene0294_01/00317.jpg",
      "transform_matrix": [
        [
          -0.043563,
          0.454063,
          -0.889904,
          2.690793
        ],
        [
          0.998934,
          0.006184,
          -0.045745,
          1.743751
        ],
        [
          -0.015268,
          -0.890948,
          -0.453849,
          1.372139
        ],
        [
          0.0,
          0.0,
          0.0,
          1.0
        ]
      ]
    },
    {
      "file_path": "/media/NFS/ttao/scannet/posed_images/scene0294_01/00320.jpg",
      "transform_matrix": [
        [
          -0.031939,
          0.492161,
          -0.869918,
          2.611406
        ],
        [
          0.999337,
          0.000498,
          -0.036409,
          1.809581
        ],
        [
          -0.017486,
          -0.870504,
          -0.491851,
          1.366333
        ],
        [
          0.0,
          0.0,
          0.0,
          1.0
        ]
      ]
    },
    {
      "file_path": "/media/NFS/ttao/scannet/posed_images/scene0294_01/00327.jpg",
      "transform_matrix": [
        [
          0.024661,
          0.522217,
          -0.852456,
          2.523737
        ],
        [
          0.998905,
          -0.04679,
          0.000234,
          1.894662
        ],
        [
          -0.039764,
          -0.851528,
          -0.522799,
          1.37276
        ],
        [
          0.0,
          0.0,
          0.0,
          1.0
        ]
      ]
    },
    {
      "file_path": "/media/NFS/ttao/scannet/posed_images/scene0294_01/00335.jpg",
      "transform_matrix": [
        [
          0.196636,
          0.510239,
          -0.837251,
          2.439601
        ],
        [
          0.979449,
          -0.141302,
          0.143921,
          2.03213
        ],
        [
          -0.044871,
          -0.848345,
          -0.527539,
          1.368601
        ],
        [
          0.0,
          0.0,
          0.0,
          1.0
        ]
      ]
    },
    {
      "file_path": "/media/NFS/ttao/scannet/posed_images/scene0294_01/00346.jpg",
      "transform_matrix": [
        [
          0.328505,
          0.467458,
          -0.820711,
          2.297565
        ],
        [
          0.944487,
          -0.157649,
          0.288255,
          2.169148
        ],
        [
          0.005363,
          -0.869845,
          -0.493297,
          1.369752
        ],
        [
          0.0,
          0.0,
          0.0,
          1.0
        ]
      ]
    },
    {
      "file_path": "/media/NFS/ttao/scannet/posed_images/scene0294_01/00353.jpg",
      "transform_matrix": [
        [
          0.410901,
          0.467518,
          -0.78268,
          2.239051
        ],
        [
          0.911412,
          -0.231456,
          0.340229,
          2.304223
        ],
        [
          -0.022093,
          -0.853144,
          -0.521207,
          1.356034
        ],
        [
          0.0,
          0.0,
          0.0,
          1.0
        ]
      ]
    },
    {
      "file_path": "/media/NFS/ttao/scannet/posed_images/scene0294_01/00364.jpg",
      "transform_matrix": [
        [
          0.446565,
          0.457564,
          -0.768905,
          2.190628
        ],
        [
          0.894336,
          -0.254444,
          0.367997,
          2.505896
        ],
        [
          -0.027261,
          -0.851994,
          -0.522842,
          1.377359
        ],
        [
          0.0,
          0.0,
          0.0,
          1.0
        ]
      ]
    },
    {
      "file_path": "/media/NFS/ttao/scannet/posed_images/scene0294_01/00374.jpg",
      "transform_matrix": [
        [
          0.473539,
          0.404518,
          -0.782385,
          2.17938
        ],
        [
          0.87992,
          -0.256356,
          0.400028,
          2.661015
        ],
        [
          -0.038751,
          -0.877865,
          -0.477339,
          1.398063
        ],
        [
          0.0,
          0.0,
          0.0,
          1.0
        ]
      ]
    },
    {
      "file_path": "/media/NFS/ttao/scannet/posed_images/scene0294_01/00385.jpg",
      "transform_matrix": [
        [
          0.524805,
          0.361203,
          -0.770786,
          2.138907
        ],
        [
          0.850698,
          -0.254323,
          0.460035,
          2.702762
        ],
        [
          -0.029862,
          -0.897135,
          -0.440745,
          1.438583
        ],
        [
          0.0,
          0.0,
          0.0,
          1.0
        ]
      ]
    },
    {
      "file_path": "/media/NFS/ttao/scannet/posed_images/scene0294_01/00395.jpg",
      "transform_matrix": [
        [
          0.660824,
          0.27062,
          -0.700054,
          2.108522
        ],
        [
          0.750128,
          -0.26906,
          0.604081,
          2.620045
        ],
        [
          -0.02488,
          -0.924322,
          -0.380801,
          1.422522
        ],
        [
          0.0,
          0.0,
          0.0,
          1.0
        ]
      ]
    },
    {
      "file_path": "/media/NFS/ttao/scannet/posed_images/scene0294_01/00400.jpg",
      "transform_matrix": [
        [
          0.731401,
          0.242385,
          -0.637418,
          2.08452
        ],
        [
          0.681323,
          -0.299735,
          0.667801,
          2.564728
        ],
        [
          -0.029192,
          -0.922718,
          -0.384369,
          1.412756
        ],
        [
          0.0,
          0.0,
          0.0,
          1.0
        ]
      ]
    },
    {
      "file_path": "/media/NFS/ttao/scannet/posed_images/scene0294_01/00411.jpg",
      "transform_matrix": [
        [
          0.819323,
          0.146905,
          -0.554193,
          2.104623
        ],
        [
          0.57327,
          -0.224194,
          0.788098,
          2.448497
        ],
        [
          -0.008471,
          -0.963409,
          -0.267903,
          1.430174
        ],
        [
          0.0,
          0.0,
          0.0,
          1.0
        ]
      ]
    },
    {
      "file_path": "/media/NFS/ttao/scannet/posed_images/scene0294_01/00413.jpg",
      "transform_matrix": [
        [
          0.825474,
          0.144324,
          -0.545677,
          2.121229
        ],
        [
          0.564415,
          -0.20198,
          0.8004,
          2.437771
        ],
        [
          0.005301,
          -0.968697,
          -0.248188,
          1.448278
        ],
        [
          0.0,
          0.0,
          0.0,
          1.0
        ]
      ]
    },
    {
      "file_path": "/media/NFS/ttao/scannet/posed_images/scene0294_01/00429.jpg",
      "transform_matrix": [
        [
          0.887159,
          0.061785,
          -0.45731,
          2.274941
        ],
        [
          0.461116,
          -0.157226,
          0.8733,
          2.333796
        ],
        [
          -0.017944,
          -0.985628,
          -0.167974,
          1.523201
        ],
        [
          0.0,
          0.0,
          0.0,
          1.0
        ]
      ]
    },
    {
      "file_path": "/media/NFS/ttao/scannet/posed_images/scene0294_01/00437.jpg",
      "transform_matrix": [
        [
          0.894829,
          0.046306,
          -0.444,
          2.369341
        ],
        [
          0.446332,
          -0.074391,
          0.89177,
          2.33668
        ],
        [
          0.008265,
          -0.996154,
          -0.087235,
          1.502654
        ],
        [
          0.0,
          0.0,
          0.0,
          1.0
        ]
      ]
    },
    {
      "file_path": "/media/NFS/ttao/scannet/posed_images/scene0294_01/00447.jpg",
      "transform_matrix": [
        [
          0.925791,
          0.027143,
          -0.377059,
          2.373294
        ],
        [
          0.377411,
          -0.009091,
          0.926001,
          2.34036
        ],
        [
          0.021707,
          -0.99959,
          -0.018661,
          1.568073
        ],
        [
          0.0,
          0.0,
          0.0,
          1.0
        ]
      ]
    },
    {
      "file_path": "/media/NFS/ttao/scannet/posed_images/scene0294_01/00455.jpg",
      "transform_matrix": [
        [
          0.941207,
          0.005453,
          -0.337788,
          2.405873
        ],
        [
          0.337701,
          0.012581,
          0.941169,
          2.366444
        ],
        [
          0.009382,
          -0.999906,
          0.01,
          1.594919
        ],
        [
          0.0,
          0.0,
          0.0,
          1.0
        ]
      ]
    },
    {
      "file_path": "/media/NFS/ttao/scannet/posed_images/scene0294_01/00463.jpg",
      "transform_matrix": [
        [
          0.964859,
          -0.003002,
          -0.262752,
          2.411009
        ],
        [
          0.262755,
          0.000826,
          0.964862,
          2.376084
        ],
        [
          -0.002679,
          -0.999995,
          0.001586,
          1.602515
        ],
        [
          0.0,
          0.0,
          0.0,
          1.0
        ]
      ]
    },
    {
      "file_path": "/media/NFS/ttao/scannet/posed_images/scene0294_01/00473.jpg",
      "transform_matrix": [
        [
          0.993264,
          -0.025543,
          -0.113019,
          2.451508
        ],
        [
          0.111962,
          -0.039608,
          0.992922,
          2.400664
        ],
        [
          -0.029839,
          -0.998889,
          -0.036482,
          1.620923
        ],
        [
          0.0,
          0.0,
          0.0,
          1.0
        ]
      ]
    },
    {
      "file_path": "/media/NFS/ttao/scannet/posed_images/scene0294_01/00481.jpg",
      "transform_matrix": [
        [
          0.999201,
          -0.034975,
          -0.019337,
          2.434011
        ],
        [
          0.016112,
          -0.090249,
          0.995789,
          2.403191
        ],
        [
          -0.036573,
          -0.995305,
          -0.089614,
          1.586535
        ],
        [
          0.0,
          0.0,
          0.0,
          1.0
        ]
      ]
    },
    {
      "file_path": "/media/NFS/ttao/scannet/posed_images/scene0294_01/00483.jpg",
      "transform_matrix": [
        [
          0.999272,
          -0.036105,
          -0.012329,
          2.432206
        ],
        [
          0.008581,
          -0.102181,
          0.994729,
          2.401272
        ],
        [
          -0.037175,
          -0.99411,
          -0.101796,
          1.581697
        ],
        [
          0.0,
          0.0,
          0.0,
          1.0
        ]
      ]
    },
    {
      "file_path": "/media/NFS/ttao/scannet/posed_images/scene0294_01/00494.jpg",
      "transform_matrix": [
        [
          0.999995,
          0.000759,
          -0.003072,
          2.368012
        ],
        [
          0.003156,
          -0.166746,
          0.985995,
          2.415609
        ],
        [
          0.000236,
          -0.986,
          -0.166748,
          1.53219
        ],
        [
          0.0,
          0.0,
          0.0,
          1.0
        ]
      ]
    },
    {
      "file_path": "/media/NFS/ttao/scannet/posed_images/scene0294_01/00507.jpg",
      "transform_matrix": [
        [
          0.994281,
          0.005839,
          0.106637,
          2.333596
        ],
        [
          -0.102014,
          -0.24356,
          0.964506,
          2.528536
        ],
        [
          0.031604,
          -0.969868,
          -0.241572,
          1.458819
        ],
        [
          0.0,
          0.0,
          0.0,
          1.0
        ]
      ]
    },
    {
      "file_path": "/media/NFS/ttao/scannet/posed_images/scene0294_01/00512.jpg",
      "transform_matrix": [
        [
          0.991708,
          0.003617,
          0.128462,
          2.327267
        ],
        [
          -0.123596,
          -0.247019,
          0.961096,
          2.602013
        ],
        [
          0.035209,
          -0.969004,
          -0.244524,
          1.452747
        ],
        [
          0.0,
          0.0,
          0.0,
          1.0
        ]
      ]
    },
    {
      "file_path": "/media/NFS/ttao/scannet/posed_images/scene0294_01/00520.jpg",
      "transform_matrix": [
        [
          0.987968,
          -0.042463,
          0.148714,
          2.26666
        ],
        [
          -0.154566,
          -0.304254,
          0.939968,
          2.714608
        ],
        [
          0.005333,
          -0.951644,
          -0.307156,
          1.417302
        ],
        [
          0.0,
          0.0,
          0.0,
          1.0
        ]
      ]
    },
    {
      "file_path": "/media/NFS/ttao/scannet/posed_images/scene0294_01/00528.jpg",
      "transform_matrix": [
        [
          0.978825,
          -0.059739,
          0.195787,
          2.232438
        ],
        [
          -0.204276,
          -0.346488,
          0.915543,
          2.785881
        ],
        [
          0.013145,
          -0.93615,
          -0.351354,
          1.392016
        ],
        [
          0.0,
          0.0,
          0.0,
          1.0
        ]
      ]
    },
    {
      "file_path": "/media/NFS/ttao/scannet/posed_images/scene0294_01/00535.jpg",
      "transform_matrix": [
        [
          0.952609,
          -0.087672,
          0.291287,
          2.165017
        ],
        [
          -0.302418,
          -0.376294,
          0.875754,
          2.851056
        ],
        [
          0.032831,
          -0.922343,
          -0.384975,
          1.37265
        ],
        [
          0.0,
          0.0,
          0.0,
          1.0
        ]
      ]
    },
    {
      "file_path": "/media/NFS/ttao/scannet/posed_images/scene0294_01/00543.jpg",
      "transform_matrix": [
        [
          0.893912,
          -0.167473,
          0.415783,
          1.969424
        ],
        [
          -0.447791,
          -0.375339,
          0.811545,
          2.923447
        ],
        [
          0.020148,
          -0.911632,
          -0.410512,
          1.353236
        ],
        [
          0.0,
          0.0,
          0.0,
          1.0
        ]
      ]
    },
    {
      "file_path": "/media/NFS/ttao/scannet/posed_images/scene0294_01/00554.jpg",
      "transform_matrix": [
        [
          0.85076,
          -0.235867,
          0.469653,
          1.799222
        ],
        [
          -0.523293,
          -0.462993,
          0.715403,
          3.028907
        ],
        [
          0.048707,
          -0.854403,
          -0.517323,
          1.344147
        ],
        [
          0.0,
          0.0,
          0.0,
          1.0
        ]
      ]
    },
    {
      "file_path": "/media/NFS/ttao/scannet/posed_images/scene0294_01/00567.jpg",
      "transform_matrix": [
        [
          0.704144,
          -0.347672,
          0.619116,
          1.773873
        ],
        [
          -0.709291,
          -0.38489,
          0.590564,
          3.190453
        ],
        [
          0.032969,
          -0.854976,
          -0.517619,
          1.349802
        ],
        [
          0.0,
          0.0,
          0.0,
          1.0
        ]
      ]
    },
    {
      "file_path": "/media/NFS/ttao/scannet/posed_images/scene0294_01/00577.jpg",
      "transform_matrix": [
        [
          0.642985,
          -0.295963,
          0.706382,
          1.717015
        ],
        [
          -0.765031,
          -0.291582,
          0.574202,
          3.269774
        ],
        [
          0.036026,
          -0.909608,
          -0.413904,
          1.431757
        ],
        [
          0.0,
          0.0,
          0.0,
          1.0
        ]
      ]
    },
    {
      "file_path": "/media/NFS/ttao/scannet/posed_images/scene0294_01/00585.jpg",
      "transform_matrix": [
        [
          0.604037,
          -0.220422,
          0.765868,
          1.701566
        ],
        [
          -0.79554,
          -0.224033,
          0.562961,
          3.290133
        ],
        [
          0.047491,
          -0.949328,
          -0.310678,
          1.462104
        ],
        [
          0.0,
          0.0,
          0.0,
          1.0
        ]
      ]
    },
    {
      "file_path": "/media/NFS/ttao/scannet/posed_images/scene0294_01/00590.jpg",
      "transform_matrix": [
        [
          0.58007,
          -0.20926,
          0.787228,
          1.747073
        ],
        [
          -0.813716,
          -0.192999,
          0.548285,
          3.287373
        ],
        [
          0.0372,
          -0.958625,
          -0.282232,
          1.501407
        ],
        [
          0.0,
          0.0,
          0.0,
          1.0
        ]
      ]
    },
    {
      "file_path": "/media/NFS/ttao/scannet/posed_images/scene0294_01/00603.jpg",
      "transform_matrix": [
        [
          0.542075,
          -0.109096,
          0.833219,
          1.874588
        ],
        [
          -0.838447,
          -0.136558,
          0.527597,
          3.215095
        ],
        [
          0.056224,
          -0.984607,
          -0.165496,
          1.552096
        ],
        [
          0.0,
          0.0,
          0.0,
          1.0
        ]
      ]
    },
    {
      "file_path": "/media/NFS/ttao/scannet/posed_images/scene0294_01/00611.jpg",
      "transform_matrix": [
        [
          0.508541,
          -0.10547,
          0.854554,
          1.923237
        ],
        [
          -0.860017,
          -0.110533,
          0.49815,
          3.171306
        ],
        [
          0.041917,
          -0.98826,
          -0.146916,
          1.564574
        ],
        [
          0.0,
          0.0,
          0.0,
          1.0
        ]
      ]
    },
    {
      "file_path": "/media/NFS/ttao/scannet/posed_images/scene0294_01/00619.jpg",
      "transform_matrix": [
        [
          0.451758,
          -0.121423,
          0.883838,
          1.982827
        ],
        [
          -0.891579,
          -0.096566,
          0.442448,
          3.148328
        ],
        [
          0.031625,
          -0.987893,
          -0.151883,
          1.5712
        ],
        [
          0.0,
          0.0,
          0.0,
          1.0
        ]
      ]
    },
    {
      "file_path": "/media/NFS/ttao/scannet/posed_images/scene0294_01/00626.jpg",
      "transform_matrix": [
        [
          0.420516,
          -0.132197,
          0.897603,
          1.993108
        ],
        [
          -0.906999,
          -0.086123,
          0.412234,
          3.108662
        ],
        [
          0.022808,
          -0.987475,
          -0.156119,
          1.559773
        ],
        [
          0.0,
          0.0,
          0.0,
          1.0
        ]
      ]
    },
    {
      "file_path": "/media/NFS/ttao/scannet/posed_images/scene0294_01/00632.jpg",
      "transform_matrix": [
        [
          0.408597,
          -0.157387,
          0.899043,
          1.993475
        ],
        [
          -0.912638,
          -0.083248,
          0.400202,
          3.11557
        ],
        [
          0.011857,
          -0.984022,
          -0.177653,
          1.536899
        ],
        [
          0.0,
          0.0,
          0.0,
          1.0
        ]
      ]
    },
    {
      "file_path": "/media/NFS/ttao/scannet/posed_images/scene0294_01/00639.jpg",
      "transform_matrix": [
        [
          0.395086,
          -0.212711,
          0.893678,
          1.983433
        ],
        [
          -0.918587,
          -0.080603,
          0.386913,
          3.143213
        ],
        [
          -0.010268,
          -0.973785,
          -0.227239,
          1.49778
        ],
        [
          0.0,
          0.0,
          0.0,
          1.0
        ]
      ]
    },
    {
      "file_path": "/media/NFS/ttao/scannet/posed_images/scene0294_01/00655.jpg",
      "transform_matrix": [
        [
          0.367598,
          -0.371224,
          0.852681,
          1.809097
        ],
        [
          -0.929702,
          -0.12407,
          0.346787,
          3.226851
        ],
        [
          -0.022943,
          -0.920217,
          -0.390735,
          1.366902
        ],
        [
          0.0,
          0.0,
          0.0,
          1.0
        ]
      ]
    },
    {
      "file_path": "/media/NFS/ttao/scannet/posed_images/scene0294_01/00658.jpg",
      "transform_matrix": [
        [
          0.340918,
          -0.377421,
          0.861004,
          1.774259
        ],
        [
          -0.939937,
          -0.120182,
          0.319491,
          3.23369
        ],
        [
          -0.017105,
          -0.91821,
          -0.395725,
          1.35778
        ],
        [
          0.0,
          0.0,
          0.0,
          1.0
        ]
      ]
    },
    {
      "file_path": "/media/NFS/ttao/scannet/posed_images/scene0294_01/00668.jpg",
      "transform_matrix": [
        [
          0.31848,
          -0.443832,
          0.837606,
          1.671062
        ],
        [
          -0.94778,
          -0.133401,
          0.289685,
          3.255569
        ],
        [
          -0.016834,
          -0.886125,
          -0.463141,
          1.310515
