{
  "frames": [
    {
      "file_path": "/media/NFS/ttao/scannet/posed_images/scene0693_00/00000.jpg",
      "transform_matrix": [
        [
          0.413664,
          0.565291,
          -0.713672,
          1.396065
        ],
        [
          0.910427,
          -0.254847,
          0.325847,
          2.626466
        ],
        [
          0.002321,
          -0.784538,
          -0.620077,
          1.181634
        ],
        [
          0.0,
          0.0,
          0.0,
          1.0
        ]
      ]
    },
    {
      "file_path": "/media/NFS/ttao/scannet/posed_images/scene0693_00/00005.jpg",
      "transform_matrix": [
        [
          0.421659,
          0.572873,
          -0.702866,
          1.401622
        ],
        [
          0.906685,
          -0.256755,
          0.334663,
          2.597444
        ],
        [
          0.011255,
          -0.778392,
          -0.627678,
          1.17368
        ],
        [
          0.0,
          0.0,
          0.0,
          1.0
        ]
      ]
    },
    {
      "file_path": "/media/NFS/ttao/scannet/posed_images/scene0693_00/00014.jpg",
      "transform_matrix": [
        [
          0.4343,
          0.528348,
          -0.729542,
          1.415017
        ],
        [
          0.900765,
          -0.252459,
          0.353395,
          2.53203
        ],
        [
          0.002536,
          -0.810625,
          -0.58556,
          1.151965
        ],
        [
          0.0,
          0.0,
          0.0,
          1.0
        ]
      ]
    },
    {
      "file_path": "/media/NFS/ttao/scannet/posed_images/scene0693_00/00019.jpg",
      "transform_matrix": [
        [
          0.408694,
          0.526334,
          -0.745615,
          1.430504
        ],
        [
          0.912591,
          -0.224809,
          0.341525,
          2.490945
        ],
        [
          0.012135,
          -0.820021,
          -0.572205,
          1.127775
        ],
        [
          0.0,
          0.0,
          0.0,
          1.0
        ]
      ]
    },
    {
      "file_path": "/media/NFS/ttao/scannet/posed_images/scene0693_00/00023.jpg",
      "transform_matrix": [
        [
          0.386507,
          0.545668,
          -0.743545,
          1.435833
        ],
        [
          0.921402,
          -0.193157,
          0.337207,
          2.463251
        ],
        [
          0.040383,
          -0.815437,
          -0.577436,
          1.111966
        ],
        [
          0.0,
          0.0,
          0.0,
          1.0
        ]
      ]
    },
    {
      "file_path": "/media/NFS/ttao/scannet/posed_images/scene0693_00/00029.jpg",
      "transform_matrix": [
        [
          0.364146,
          0.522528,
          -0.770949,
          1.453399
        ],
        [
          0.929982,
          -0.159276,
          0.331309,
          2.452463
        ],
        [
          0.050325,
          -0.837613,
          -0.543941,
          1.108051
        ],
        [
          0.0,
          0.0,
          0.0,
          1.0
        ]
      ]
    },
    {
      "file_path": "/media/NFS/ttao/scannet/posed_images/scene0693_00/00033.jpg",
      "transform_matrix": [
        [
          0.363297,
          0.51871,
          -0.773922,
          1.457858
        ],
        [
          0.930852,
          -0.167208,
          0.324895,
          2.455911
        ],
        [
          0.03912,
          -0.83844,
          -0.543588,
          1.109094
        ],
        [
          0.0,
          0.0,
          0.0,
          1.0
        ]
      ]
    },
    {
      "file_path": "/media/NFS/ttao/scannet/posed_images/scene0693_00/00043.jpg",
      "transform_matrix": [
        [
          0.361616,
          0.479598,
          -0.799512,
          1.474858
        ],
        [
          0.932319,
          -0.182263,
          0.312351,
          2.540618
        ],
        [
          0.004081,
          -0.858351,
          -0.513047,
          1.136697
        ],
        [
          0.0,
          0.0,
          0.0,
          1.0
        ]
      ]
    },
    {
      "file_path": "/media/NFS/ttao/scannet/posed_images/scene0693_00/00048.jpg",
      "transform_matrix": [
        [
          0.331298,
          0.502686,
          -0.798466,
          1.478667
        ],
        [
          0.943387,
          -0.161948,
          0.289472,
          2.591747
        ],
        [
          0.016204,
          -0.849164,
          -0.527881,
          1.140858
        ],
        [
          0.0,
          0.0,
          0.0,
          1.0
        ]
      ]
    },
    {
      "file_path": "/media/NFS/ttao/scannet/posed_images/scene0693_00/00052.jpg",
      "transform_matrix": [
        [
          0.290438,
          0.527257,
          -0.798527,
          1.484387
        ],
        [
          0.956526,
          -0.136834,
          0.257556,
          2.638644
        ],
        [
          0.026533,
          -0.838616,
          -0.544077,
          1.139207
        ],
        [
          0.0,
          0.0,
          0.0,
          1.0
        ]
      ]
    },
    {
      "file_path": "/media/NFS/ttao/scannet/posed_images/scene0693_00/00059.jpg",
      "transform_matrix": [
        [
          0.16866,
          0.59506,
          -0.785785,
          1.502853
        ],
        [
          0.984866,
          -0.069466,
          0.158786,
          2.726107
        ],
        [
          0.039902,
          -0.800674,
          -0.597771,
          1.126351
        ],
        [
          0.0,
          0.0,
          0.0,
          1.0
        ]
      ]
    },
    {
      "file_path": "/media/NFS/ttao/scannet/posed_images/scene0693_00/00064.jpg",
      "transform_matrix": [
        [
          0.155856,
          0.588969,
          -0.792984,
          1.511074
        ],
        [
          0.987555,
          -0.075762,
          0.137828,
          2.78851
        ],
        [
          0.021098,
          -0.804596,
          -0.593447,
          1.127239
        ],
        [
          0.0,
          0.0,
          0.0,
          1.0
        ]
      ]
    },
    {
      "file_path": "/media/NFS/ttao/scannet/posed_images/scene0693_00/00068.jpg",
      "transform_matrix": [
        [
          0.11683,
          0.591104,
          -0.79809,
          1.523471
        ],
        [
          0.993152,
          -0.068754,
          0.094462,
          2.826499
        ],
        [
          0.000964,
          -0.80366,
          -0.595088,
          1.131314
        ],
        [
          0.0,
          0.0,
          0.0,
          1.0
        ]
      ]
    },
    {
      "file_path": "/media/NFS/ttao/scannet/posed_images/scene0693_00/00074.jpg",
      "transform_matrix": [
        [
          0.085032,
          0.567348,
          -0.819076,
          1.54599
        ],
        [
          0.99598,
          -0.025149,
          0.085977,
          2.855567
        ],
        [
          0.02818,
          -0.823094,
          -0.567206,
          1.136933
        ],
        [
          0.0,
          0.0,
          0.0,
          1.0
        ]
      ]
    },
    {
      "file_path": "/media/NFS/ttao/scannet/posed_images/scene0693_00/00083.jpg",
      "transform_matrix": [
        [
          0.044007,
          0.543016,
          -0.838569,
          1.559048
        ],
        [
          0.997019,
          0.029378,
          0.071346,
          2.850054
        ],
        [
          0.063378,
          -0.839208,
          -0.540104,
          1.178752
        ],
        [
          0.0,
          0.0,
          0.0,
          1.0
        ]
      ]
    },
    {
      "file_path": "/media/NFS/ttao/scannet/posed_images/scene0693_00/00090.jpg",
      "transform_matrix": [
        [
          0.012056,
          0.524411,
          -0.85138,
          1.56481
        ],
        [
          0.998242,
          0.043101,
          0.040683,
          2.853432
        ],
        [
          0.05803,
          -0.850374,
          -0.52297,
          1.19984
        ],
        [
          0.0,
          0.0,
          0.0,
          1.0
        ]
      ]
    },
    {
      "file_path": "/media/NFS/ttao/scannet/posed_images/scene0693_00/00095.jpg",
      "transform_matrix": [
        [
          -0.002967,
          0.530987,
          -0.847375,
          1.565777
        ],
        [
          0.998534,
          0.047381,
          0.026194,
          2.852692
        ],
        [
          0.054058,
          -0.846054,
          -0.530349,
          1.200276
        ],
        [
          0.0,
          0.0,
          0.0,
          1.0
        ]
      ]
    },
    {
      "file_path": "/media/NFS/ttao/scannet/posed_images/scene0693_00/00100.jpg",
      "transform_matrix": [
        [
          0.000676,
          0.511806,
          -0.859101,
          1.567141
        ],
        [
          0.998955,
          0.038912,
          0.023968,
          2.854314
        ],
        [
          0.045696,
          -0.858219,
          -0.511245,
          1.197083
        ],
        [
          0.0,
          0.0,
          0.0,
          1.0
        ]
      ]
    },
    {
      "file_path": "/media/NFS/ttao/scannet/posed_images/scene0693_00/00102.jpg",
      "transform_matrix": [
        [
          0.003777,
          0.51418,
          -0.857674,
          1.560208
        ],
        [
          0.999151,
          0.033251,
          0.024334,
          2.854934
        ],
        [
          0.041031,
          -0.857038,
          -0.513617,
          1.201122
        ],
        [
          0.0,
          0.0,
          0.0,
          1.0
        ]
      ]
    },
    {
      "file_path": "/media/NFS/ttao/scannet/posed_images/scene0693_00/00113.jpg",
      "transform_matrix": [
        [
          0.036636,
          0.513459,
          -0.857331,
          1.539094
        ],
        [
          0.998801,
          0.009063,
          0.048109,
          2.821344
        ],
        [
          0.032472,
          -0.858066,
          -0.512512,
          1.216558
        ],
        [
          0.0,
          0.0,
          0.0,
          1.0
        ]
      ]
    },
    {
      "file_path": "/media/NFS/ttao/scannet/posed_images/scene0693_00/00116.jpg",
      "transform_matrix": [
        [
          0.038331,
          0.512292,
          -0.857956,
          1.539795
        ],
        [
          0.998666,
          0.010088,
          0.050641,
          2.806146
        ],
        [
          0.034598,
          -0.858752,
          -0.511222,
          1.218937
        ],
        [
          0.0,
          0.0,
          0.0,
          1.0
        ]
      ]
    },
    {
      "file_path": "/media/NFS/ttao/scannet/posed_images/scene0693_00/00120.jpg",
      "transform_matrix": [
        [
          0.044757,
          0.511393,
          -0.858181,
          1.533942
        ],
        [
          0.998238,
          0.010614,
          0.058386,
          2.800333
        ],
        [
          0.038967,
          -0.859281,
          -0.510017,
          1.226534
        ],
        [
          0.0,
          0.0,
          0.0,
          1.0
        ]
      ]
    },
    {
      "file_path": "/media/NFS/ttao/scannet/posed_images/scene0693_00/00128.jpg",
      "transform_matrix": [
        [
          -0.004347,
          0.546753,
          -0.837283,
          1.531802
        ],
        [
          0.999644,
          -0.019669,
          -0.018034,
          2.836331
        ],
        [
          -0.026328,
          -0.837063,
          -0.546473,
          1.213739
        ],
        [
          0.0,
          0.0,
          0.0,
          1.0
        ]
      ]
    },
    {
      "file_path": "/media/NFS/ttao/scannet/posed_images/scene0693_00/00133.jpg",
      "transform_matrix": [
        [
          -0.073508,
          0.563763,
          -0.822659,
          1.528423
        ],
        [
          0.995384,
          -0.00957,
          -0.0955,
          2.884097
        ],
        [
          -0.061712,
          -0.825881,
          -0.560457,
          1.210197
        ],
        [
          0.0,
          0.0,
          0.0,
          1.0
        ]
      ]
    },
    {
      "file_path": "/media/NFS/ttao/scannet/posed_images/scene0693_00/00142.jpg",
      "transform_matrix": [
        [
          -0.145986,
          0.528405,
          -0.836347,
          1.525322
        ],
        [
          0.988482,
          0.043822,
          -0.144855,
          2.996341
        ],
        [
          -0.039892,
          -0.847861,
          -0.528717,
          1.224007
        ],
        [
          0.0,
          0.0,
          0.0,
          1.0
        ]
      ]
    },
    {
      "file_path": "/media/NFS/ttao/scannet/posed_images/scene0693_00/00147.jpg",
      "transform_matrix": [
        [
          -0.199772,
          0.520469,
          -0.830183,
          1.523588
        ],
        [
          0.978916,
          0.069184,
          -0.19219,
          3.040986
        ],
        [
          -0.042594,
          -0.851073,
          -0.523316,
          1.220865
        ],
        [
          0.0,
          0.0,
          0.0,
          1.0
        ]
      ]
    },
    {
      "file_path": "/media/NFS/ttao/scannet/posed_images/scene0693_00/00151.jpg",
      "transform_matrix": [
        [
          -0.213068,
          0.530004,
          -0.820791,
          1.520261
        ],
        [
          0.975094,
          0.062387,
          -0.212839,
          3.063329
        ],
        [
          -0.061599,
          -0.845697,
          -0.530096,
          1.216905
        ],
        [
          0.0,
          0.0,
          0.0,
          1.0
        ]
      ]
    },
    {
      "file_path": "/media/NFS/ttao/scannet/posed_images/scene0693_00/00156.jpg",
      "transform_matrix": [
        [
          -0.205155,
          0.525576,
          -0.82564,
          1.516383
        ],
        [
          0.977108,
          0.061445,
          -0.203677,
          3.076688
        ],
        [
          -0.056316,
          -0.848525,
          -0.52615,
          1.214464
        ],
        [
          0.0,
          0.0,
          0.0,
          1.0
        ]
      ]
    },
    {
      "file_path": "/media/NFS/ttao/scannet/posed_images/scene0693_00/00165.jpg",
      "transform_matrix": [
        [
          -0.212983,
          0.544258,
          -0.811432,
          1.519329
        ],
        [
          0.975615,
          0.073384,
          -0.206856,
          3.073375
        ],
        [
          -0.053037,
          -0.835702,
          -0.546616,
          1.210649
        ],
        [
          0.0,
          0.0,
          0.0,
          1.0
        ]
      ]
    },
    {
      "file_path": "/media/NFS/ttao/scannet/posed_images/scene0693_00/00168.jpg",
      "transform_matrix": [
        [
          -0.21183,
          0.547668,
          -0.809437,
          1.518915
        ],
        [
          0.975943,
          0.074805,
          -0.204792,
          3.07385
        ],
        [
          -0.051607,
          -0.833345,
          -0.550338,
          1.210985
        ],
        [
          0.0,
          0.0,
          0.0,
          1.0
        ]
      ]
    },
    {
      "file_path": "/media/NFS/ttao/scannet/posed_images/scene0693_00/00173.jpg",
      "transform_matrix": [
        [
          -0.207294,
          0.543289,
          -0.813551,
          1.517106
        ],
        [
          0.977289,
          0.0776,
          -0.197193,
          3.071291
        ],
        [
          -0.044001,
          -0.835952,
          -0.547037,
          1.207734
        ],
        [
          0.0,
          0.0,
          0.0,
          1.0
        ]
      ]
    },
    {
      "file_path": "/media/NFS/ttao/scannet/posed_images/scene0693_00/00178.jpg",
      "transform_matrix": [
        [
          -0.232163,
          0.535979,
          -0.811682,
          1.513739
        ],
        [
          0.972448,
          0.109805,
          -0.205639,
          3.064166
        ],
        [
          -0.021091,
          -0.83706,
          -0.546704,
          1.215682
        ],
        [
          0.0,
          0.0,
          0.0,
          1.0
        ]
      ]
    },
    {
      "file_path": "/media/NFS/ttao/scannet/posed_images/scene0693_00/00185.jpg",
      "transform_matrix": [
        [
          -0.268089,
          0.507816,
          -0.818689,
          1.506848
        ],
        [
          0.963345,
          0.149879,
          -0.222492,
          3.053389
        ],
        [
          0.009719,
          -0.848328,
          -0.529383,
          1.225895
        ],
        [
          0.0,
          0.0,
          0.0,
          1.0
        ]
      ]
    },
    {
      "file_path": "/media/NFS/ttao/scannet/posed_images/scene0693_00/00194.jpg",
      "transform_matrix": [
        [
          -0.322795,
          0.496174,
          -0.805986,
          1.49821
        ],
        [
          0.94617,
          0.19055,
          -0.261634,
          3.034304
        ],
        [
          0.023765,
          -0.847055,
          -0.530974,
          1.224874
        ],
        [
          0.0,
          0.0,
          0.0,
          1.0
        ]
      ]
    },
    {
      "file_path": "/media/NFS/ttao/scannet/posed_images/scene0693_00/00196.jpg",
      "transform_matrix": [
        [
          -0.321539,
          0.493165,
          -0.808332,
          1.493668
        ],
        [
          0.946553,
          0.190399,
          -0.260358,
          3.030178
        ],
        [
          0.025506,
          -0.848844,
          -0.528028,
          1.223837
        ],
        [
          0.0,
          0.0,
          0.0,
          1.0
        ]
      ]
    },
    {
      "file_path": "/media/NFS/ttao/scannet/posed_images/scene0693_00/00204.jpg",
      "transform_matrix": [
        [
          -0.369596,
          0.480349,
          -0.795402,
          1.475023
        ],
        [
          0.928638,
          0.220532,
          -0.298325,
          3.017915
        ],
        [
          0.032112,
          -0.848899,
          -0.527578,
          1.230466
        ],
        [
          0.0,
          0.0,
          0.0,
          1.0
        ]
      ]
    },
    {
      "file_path": "/media/NFS/ttao/scannet/posed_images/scene0693_00/00206.jpg",
      "transform_matrix": [
        [
          -0.377016,
          0.474834,
          -0.795231,
          1.47091
        ],
        [
          0.925428,
          0.228331,
          -0.302405,
          3.014103
        ],
        [
          0.037983,
          -0.84994,
          -0.525509,
          1.230299
        ],
        [
          0.0,
          0.0,
          0.0,
          1.0
        ]
      ]
    },
    {
      "file_path": "/media/NFS/ttao/scannet/posed_images/scene0693_00/00213.jpg",
      "transform_matrix": [
        [
          -0.396444,
          0.456045,
          -0.796778,
          1.452647
        ],
        [
          0.917355,
          0.230761,
          -0.324359,
          2.991323
        ],
        [
          0.035943,
          -0.859518,
          -0.50984,
          1.238968
        ],
        [
          0.0,
          0.0,
          0.0,
          1.0
        ]
      ]
    },
    {
      "file_path": "/media/NFS/ttao/scannet/posed_images/scene0693_00/00218.jpg",
      "transform_matrix": [
        [
          -0.399827,
          0.444814,
          -0.801423,
          1.435065
        ],
        [
          0.916505,
          0.205979,
          -0.342917,
          2.953103
        ],
        [
          0.012542,
          -0.871616,
          -0.49003,
          1.247947
        ],
        [
          0.0,
          0.0,
          0.0,
          1.0
        ]
      ]
    },
    {
      "file_path": "/media/NFS/ttao/scannet/posed_images/scene0693_00/00223.jpg",
      "transform_matrix": [
        [
          -0.412374,
          0.434795,
          -0.800563,
          1.423975
        ],
        [
          0.910907,
          0.183242,
          -0.369692,
          2.919123
        ],
        [
          -0.014043,
          -0.881689,
          -0.471622,
          1.262204
        ],
        [
          0.0,
          0.0,
          0.0,
          1.0
        ]
      ]
    },
    {
      "file_path": "/media/NFS/ttao/scannet/posed_images/scene0693_00/00232.jpg",
      "transform_matrix": [
        [
          -0.428486,
          0.458872,
          -0.778355,
          1.437465
        ],
        [
          0.903411,
          0.232625,
          -0.360187,
          2.855035
        ],
        [
          0.015785,
          -0.857509,
          -0.514227,
          1.263115
        ],
        [
          0.0,
          0.0,
          0.0,
          1.0
        ]
      ]
    },
    {
      "file_path": "/media/NFS/ttao/scannet/posed_images/scene0693_00/00237.jpg",
      "transform_matrix": [
        [
          -0.395769,
          0.487531,
          -0.778255,
          1.443682
        ],
        [
          0.918107,
          0.229542,
          -0.323094,
          2.828771
        ],
        [
          0.021124,
          -0.842392,
          -0.538452,
          1.245752
        ],
        [
          0.0,
          0.0,
          0.0,
          1.0
        ]
      ]
    },
    {
      "file_path": "/media/NFS/ttao/scannet/posed_images/scene0693_00/00241.jpg",
      "transform_matrix": [
        [
          -0.361764,
          0.521302,
          -0.772898,
          1.445233
        ],
        [
          0.93218,
          0.213797,
          -0.292116,
          2.805272
        ],
        [
          0.012963,
          -0.826157,
          -0.563291,
          1.238819
        ],
        [
          0.0,
          0.0,
          0.0,
          1.0
        ]
      ]
    },
    {
      "file_path": "/media/NFS/ttao/scannet/posed_images/scene0693_00/00251.jpg",
      "transform_matrix": [
        [
          -0.186494,
          0.61682,
          -0.764691,
          1.452208
        ],
        [
          0.982311,
          0.130454,
          -0.134339,
          2.734629
        ],
        [
          0.016894,
          -0.776218,
          -0.630238,
          1.210558
        ],
        [
          0.0,
          0.0,
          0.0,
          1.0
        ]
      ]
    },
    {
      "file_path": "/media/NFS/ttao/scannet/posed_images/scene0693_00/00253.jpg",
      "transform_matrix": [
        [
          -0.163427,
          0.618113,
          -0.768914,
          1.457462
        ],
        [
          0.986361,
          0.117855,
          -0.114902,
          2.713958
        ],
        [
          0.019598,
          -0.777204,
          -0.628943,
          1.209287
        ],
        [
          0.0,
          0.0,
          0.0,
          1.0
        ]
      ]
    },
    {
      "file_path": "/media/NFS/ttao/scannet/posed_images/scene0693_00/00263.jpg",
      "transform_matrix": [
        [
          -0.088575,
          0.638954,
          -0.764128,
          1.497315
        ],
        [
          0.995693,
          0.077889,
          -0.050287,
          2.564409
        ],
        [
          0.027387,
          -0.765291,
          -0.643101,
          1.191418
        ],
        [
          0.0,
          0.0,
          0.0,
          1.0
        ]
      ]
    },
    {
      "file_path": "/media/NFS/ttao/scannet/posed_images/scene0693_00/00265.jpg",
      "transform_matrix": [
        [
          -0.073566,
          0.644886,
          -0.76073,
          1.507307
        ],
        [
          0.996693,
          0.073933,
          -0.03371,
          2.537416
        ],
        [
          0.034503,
          -0.760694,
          -0.648193,
          1.185111
        ],
        [
          0.0,
          0.0,
          0.0,
          1.0
        ]
      ]
    },
    {
      "file_path": "/media/NFS/ttao/scannet/posed_images/scene0693_00/00274.jpg",
      "transform_matrix": [
        [
          -0.091016,
          0.710692,
          -0.69759,
          1.551288
        ],
        [
          0.995257,
          0.040752,
          -0.088336,
          2.478905
        ],
        [
          -0.034351,
          -0.702322,
          -0.711031,
          1.165245
        ],
        [
          0.0,
          0.0,
          0.0,
          1.0
        ]
      ]
    },
    {
      "file_path": "/media/NFS/ttao/scannet/posed_images/scene0693_00/00279.jpg",
      "transform_matrix": [
        [
          -0.10068,
          0.756353,
          -0.64637,
          1.582001
        ],
        [
          0.994312,
          0.053806,
          -0.091915,
          2.47563
        ],
        [
          -0.034742,
          -0.651947,
          -0.757468,
          1.145404
        ],
        [
          0.0,
          0.0,
          0.0,
          1.0
        ]
      ]
    },
    {
      "file_path": "/media/NFS/ttao/scannet/posed_images/scene0693_00/00282.jpg",
      "transform_matrix": [
        [
          -0.101843,
          0.763813,
          -0.637352,
          1.595281
        ],
        [
          0.994206,
          0.056008,
          -0.091745,
          2.481864
        ],
        [
          -0.034379,
          -0.643003,
          -0.765092,
          1.13199
        ],
        [
          0.0,
          0.0,
          0.0,
          1.0
        ]
      ]
    },
    {
      "file_path": "/media/NFS/ttao/scannet/posed_images/scene0693_00/00291.jpg",
      "transform_matrix": [
        [
          -0.114376,
          0.679801,
          -0.724423,
          1.605667
        ],
        [
          0.992106,
          0.040423,
          -0.118706,
          2.52378
        ],
        [
          -0.051413,
          -0.732282,
          -0.679058,
          1.166111
        ],
        [
          0.0,
          0.0,
          0.0,
          1.0
        ]
      ]
    },
    {
      "file_path": "/media/NFS/ttao/scannet/posed_images/scene0693_00/00293.jpg",
      "transform_matrix": [
        [
          -0.122126,
          0.652316,
          -0.748044,
          1.607694
        ],
        [
          0.991126,
          0.0403,
          -0.12667,
          2.531781
        ],
        [
          -0.052483,
          -0.756875,
          -0.651449,
          1.170644
        ],
        [
          0.0,
          0.0,
          0.0,
          1.0
        ]
      ]
    },
    {
      "file_path": "/media/NFS/ttao/scannet/posed_images/scene0693_00/00300.jpg",
      "transform_matrix": [
        [
          -0.140008,
          0.619017,
          -0.772797,
          1.622653
        ],
        [
          0.989854,
          0.068406,
          -0.124538,
          2.542566
        ],
        [
          -0.024227,
          -0.782393,
          -0.622314,
          1.168935
        ],
        [
          0.0,
          0.0,
          0.0,
          1.0
        ]
      ]
    },
    {
      "file_path": "/media/NFS/ttao/scannet/posed_images/scene0693_00/00308.jpg",
      "transform_matrix": [
        [
          -0.156784,
          0.584961,
          -0.795763,
          1.634439
        ],
        [
          0.987255,
          0.115129,
          -0.109882,
          2.530669
        ],
        [
          0.027338,
          -0.802849,
          -0.595556,
          1.177762
        ],
        [
          0.0,
          0.0,
          0.0,
          1.0
        ]
      ]
    },
    {
      "file_path": "/media/NFS/ttao/scannet/posed_images/scene0693_00/00310.jpg",
      "transform_matrix": [
        [
          -0.150847,
          0.582836,
          -0.798466,
          1.629792
        ],
        [
          0.988301,
          0.107294,
          -0.108393,
          2.52361
        ],
        [
          0.022495,
          -0.805475,
          -0.592202,
          1.189497
        ],
        [
          0.0,
          0.0,
          0.0,
          1.0
        ]
      ]
    },
    {
      "file_path": "/media/NFS/ttao/scannet/posed_images/scene0693_00/00317.jpg",
      "transform_matrix": [
        [
          -0.115946,
          0.525844,
          -0.842641,
          1.625376
        ],
        [
          0.993207,
          0.069789,
          -0.093112,
          2.502969
        ],
        [
          0.009845,
          -0.847713,
          -0.530364,
          1.227522
        ],
        [
          0.0,
          0.0,
          0.0,
          1.0
        ]
      ]
    },
    {
      "file_path": "/media/NFS/ttao/scannet/posed_images/scene0693_00/00326.jpg",
      "transform_matrix": [
        [
          -0.097396,
          0.435282,
          -0.89501,
          1.629132
        ],
        [
          0.993815,
          0.090735,
          -0.064019,
          2.478031
        ],
        [
          0.053343,
          -0.89571,
          -0.441427,
          1.256477
        ],
        [
          0.0,
          0.0,
          0.0,
          1.0
        ]
      ]
    },
    {
      "file_path": "/media/NFS/ttao/scannet/posed_images/scene0693_00/00327.jpg",
      "transform_matrix": [
        [
          -0.09722,
          0.435759,
          -0.894797,
          1.629423
        ],
        [
          0.993807,
          0.09112,
          -0.063603,
          2.476312
        ],
        [
          0.053819,
          -0.895439,
          -0.441919,
          1.257317
        ],
        [
          0.0,
          0.0,
          0.0,
          1.0
        ]
      ]
    },
    {
      "file_path": "/media/NFS/ttao/scannet/posed_images/scene0693_00/00336.jpg",
      "transform_matrix": [
        [
          -0.118748,
          0.434475,
          -0.892822,
          1.634239
        ],
        [
          0.992142,
          0.087614,
          -0.089322,
          2.471422
        ],
        [
          0.039415,
          -0.896413,
          -0.441465,
          1.253948
        ],
        [
          0.0,
          0.0,
          0.0,
          1.0
        ]
      ]
    },
    {
      "file_path": "/media/NFS/ttao/scannet/posed_images/scene0693_00/00341.jpg",
      "transform_matrix": [
        [
          -0.12697,
          0.418746,
          -0.899183,
          1.630635
        ],
        [
          0.991495,
          0.079708,
          -0.102885,
          2.478785
        ],
        [
          0.028589,
          -0.904598,
          -0.425305,
          1.275058
        ],
        [
          0.0,
          0.0,
          0.0,
          1.0
        ]
      ]
    },
    {
      "file_path": "/media/NFS/ttao/scannet/posed_images/scene0693_00/00345.jpg",
      "transform_matrix": [
        [
          -0.120845,
          0.414661,
          -0.901916,
          1.620513
        ],
        [
          0.992604,
          0.06105,
          -0.104928,
          2.48505
        ],
        [
          0.011552,
          -0.907926,
          -0.418972,
          1.294148
        ],
        [
          0.0,
          0.0,
          0.0,
          1.0
        ]
      ]
    },
    {
      "file_path": "/media/NFS/ttao/scannet/posed_images/scene0693_00/00355.jpg",
      "transform_matrix": [
        [
          -0.093567,
          0.358125,
          -0.928973,
          1.615737
        ],
        [
          0.995296,
          0.057182,
          -0.078203,
          2.491606
        ],
        [
          0.025114,
          -0.931921,
          -0.361791,
          1.314907
        ],
        [
          0.0,
          0.0,
          0.0,
          1.0
        ]
      ]
    },
    {
      "file_path": "/media/NFS/ttao/scannet/posed_images/scene0693_00/00357.jpg",
      "transform_matrix": [
        [
          -0.09271,
          0.357792,
          -0.929188,
          1.614824
        ],
        [
          0.995362,
          0.05737,
          -0.077222,
          2.490953
        ],
        [
          0.025678,
          -0.932038,
          -0.361451,
          1.316688
        ],
        [
          0.0,
          0.0,
          0.0,
          1.0
        ]
      ]
    },
    {
      "file_path": "/media/NFS/ttao/scannet/posed_images/scene0693_00/00365.jpg",
      "transform_matrix": [
        [
          -0.094858,
          0.359853,
          -0.928174,
          1.615961
        ],
        [
          0.995423,
          0.045185,
          -0.084212,
          2.489597
        ],
        [
          0.011635,
          -0.931914,
          -0.362492,
          1.314033
        ],
        [
          0.0,
          0.0,
          0.0,
          1.0
        ]
      ]
    },
    {
      "file_path": "/media/NFS/ttao/scannet/posed_images/scene0693_00/00371.jpg",
      "transform_matrix": [
        [
          -0.084608,
          0.35068,
          -0.932666,
          1.613441
        ],
        [
          0.996387,
          0.036725,
          -0.07658,
          2.485826
        ],
        [
          0.007397,
          -0.935775,
          -0.35252,
          1.315518
        ],
        [
          0.0,
          0.0,
          0.0,
          1.0
        ]
      ]
    },
    {
      "file_path": "/media/NFS/ttao/scannet/posed_images/scene0693_00/00374.jpg",
      "transform_matrix": [
        [
          -0.08371,
          0.340215,
          -0.936614,
          1.610712
        ],
        [
          0.996487,
          0.030957,
          -0.077816,
          2.485969
        ],
        [
          0.00252,
          -0.939838,
          -0.341611,
          1.321169
        ],
        [
          0.0,
          0.0,
          0.0,
          1.0
        ]
      ]
    },
    {
      "file_path": "/media/NFS/ttao/scannet/posed_images/scene0693_00/00379.jpg",
      "transform_matrix": [
        [
          -0.08683,
          0.315547,
          -0.944929,
          1.606787
        ],
        [
          0.996219,
          0.024573,
          -0.083338,
          2.488222
        ],
        [
          -0.003078,
          -0.948592,
          -0.316487,
          1.3366
        ],
        [
          0.0,
          0.0,
          0.0,
          1.0
        ]
      ]
    },
    {
      "file_path": "/media/NFS/ttao/scannet/posed_images/scene0693_00/00386.jpg",
      "transform_matrix": [
        [
          -0.090921,
          0.289905,
          -0.952727,
          1.608083
        ],
        [
          0.995837,
          0.020251,
          -0.088873,
          2.489989
        ],
        [
          -0.006471,
          -0.956841,
          -0.29054,
          1.348036
        ],
        [
          0.0,
          0.0,
          0.0,
          1.0
        ]
      ]
    },
    {
      "file_path": "/media/NFS/ttao/scannet/posed_images/scene0693_00/00395.jpg",
      "transform_matrix": [
        [
          -0.094288,
          0.242845,
          -0.965472,
          1.616188
        ],
        [
          0.995469,
          0.03498,
          -0.088419,
          2.489289
        ],
        [
          0.0123,
          -0.969434,
          -0.245043,
          1.339745
        ],
        [
          0.0,
          0.0,
          0.0,
          1.0
        ]
      ]
    },
    {
      "file_path": "/media/NFS/ttao/scannet/posed_images/scene0693_00/00400.jpg",
      "transform_matrix": [
        [
          -0.079049,
          0.250163,
          -0.964971,
          1.616061
        ],
        [
          0.996544,
          0.044605,
          -0.070072,
          2.486421
        ],
        [
          0.025514,
          -0.967176,
          -0.252824,
          1.33076
        ],
        [
          0.0,
          0.0,
          0.0,
          1.0
        ]
      ]
    },
    {
      "file_path": "/media/NFS/ttao/scannet/posed_images/scene0693_00/00405.jpg",
      "transform_matrix": [
        [
          -0.067706,
          0.254584,
          -0.964677,
          1.613686
        ],
        [
          0.997375,
          0.042161,
          -0.058875,
          2.491367
        ],
        [
          0.025683,
          -0.966131,
          -0.25677,
          1.330618
        ],
        [
          0.0,
          0.0,
          0.0,
          1.0
        ]
      ]
    },
    {
      "file_path": "/media/NFS/ttao/scannet/posed_images/scene0693_00/00409.jpg",
      "transform_matrix": [
        [
          -0.063845,
          0.253708,
          -0.965171,
          1.612295
        ],
        [
          0.997657,
          0.040064,
          -0.055463,
          2.496238
        ],
        [
          0.024598,
          -0.966451,
          -0.255671,
          1.335714
        ],
        [
          0.0,
          0.0,
          0.0,
          1.0
        ]
      ]
    },
    {
      "file_path": "/media/NFS/ttao/scannet/posed_images/scene0693_00/00414.jpg",
      "transform_matrix": [
        [
          -0.064038,
          0.246118,
          -0.967122,
          1.612331
        ],
        [
          0.997659,
          0.039111,
          -0.056107,
          2.504025
        ],
        [
          0.024017,
          -0.96845,
          -0.248046,
          1.346589
        ],
        [
          0.0,
          0.0,
          0.0,
          1.0
        ]
      ]
    },
    {
      "file_path": "/media/NFS/ttao/scannet/posed_images/scene0693_00/00424.jpg",
      "transform_matrix": [
        [
          -0.053625,
          0.216114,
          -0.974894,
          1.611254
        ],
        [
          0.998047,
          0.042938,
          -0.04538,
          2.512212
        ],
        [
          0.032053,
          -0.975424,
          -0.217994,
          1.359684
        ],
        [
          0.0,
          0.0,
          0.0,
          1.0
        ]
      ]
    },
    {
      "file_path": "/media/NFS/ttao/scannet/posed_images/scene0693_00/00426.jpg",
      "transform_matrix": [
        [
          -0.051342,
          0.214262,
          -0.975426,
          1.610474
        ],
        [
          0.998253,
          0.03962,
          -0.043841,
          2.514057
        ],
        [
          0.029253,
          -0.975973,
          -0.215922,
          1.362716
        ],
        [
          0.0,
          0.0,
          0.0,
          1.0
        ]
      ]
    },
    {
      "file_path": "/media/NFS/ttao/scannet/posed_images/scene0693_00/00435.jpg",
      "transform_matrix": [
        [
          -0.03111,
          0.190958,
          -0.981105,
          1.610569
        ],
        [
          0.999447,
          0.017508,
          -0.028284,
          2.516642
        ],
        [
          0.011777,
          -0.981442,
          -0.191397,
          1.376633
        ],
        [
          0.0,
          0.0,
          0.0,
          1.0
        ]
      ]
    },
    {
      "file_path": "/media/NFS/ttao/scannet/posed_images/scene0693_00/00438.jpg",
      "transform_matrix": [
        [
          -0.028045,
          0.184561,
          -0.982421,
          1.611663
        ],
        [
          0.99952,
          0.018138,
          -0.025125,
          2.521441
        ],
        [
          0.013182,
          -0.982654,
          -0.184981,
          1.377459
        ],
        [
          0.0,
          0.0,
          0.0,
          1.0
        ]
      ]
    },
    {
      "file_path": "/media/NFS/ttao/scannet/posed_images/scene0693_00/00443.jpg",
      "transform_matrix": [
        [
          -0.007942,
          0.188067,
          -0.982124,
          1.609504
        ],
        [
          0.999774,
          0.020893,
          -0.004084,
          2.52713
        ],
        [
          0.019752,
          -0.981934,
          -0.18819,
          1.380318
        ],
