{
  "frames": [
    {
      "file_path": "/media/NFS/ttao/scannet/posed_images/scene0440_01/00000.jpg",
      "transform_matrix": [
        [
          -0.150715,
          -0.454152,
          0.878084,
          3.783911
        ],
        [
          -0.988563,
          0.064413,
          -0.136363,
          3.404607
        ],
        [
          0.00537,
          -0.888593,
          -0.458666,
          1.469649
        ],
        [
          0.0,
          0.0,
          0.0,
          1.0
        ]
      ]
    },
    {
      "file_path": "/media/NFS/ttao/scannet/posed_images/scene0440_01/00005.jpg",
      "transform_matrix": [
        [
          -0.166511,
          -0.46665,
          0.868626,
          3.789639
        ],
        [
          -0.985937,
          0.066081,
          -0.153498,
          3.410656
        ],
        [
          0.01423,
          -0.88197,
          -0.471091,
          1.460398
        ],
        [
          0.0,
          0.0,
          0.0,
          1.0
        ]
      ]
    },
    {
      "file_path": "/media/NFS/ttao/scannet/posed_images/scene0440_01/00008.jpg",
      "transform_matrix": [
        [
          -0.173,
          -0.476364,
          0.86206,
          3.7942
        ],
        [
          -0.984722,
          0.066044,
          -0.161121,
          3.412169
        ],
        [
          0.019819,
          -0.876764,
          -0.480512,
          1.459953
        ],
        [
          0.0,
          0.0,
          0.0,
          1.0
        ]
      ]
    },
    {
      "file_path": "/media/NFS/ttao/scannet/posed_images/scene0440_01/00011.jpg",
      "transform_matrix": [
        [
          -0.181803,
          -0.480254,
          0.858082,
          3.800199
        ],
        [
          -0.983106,
          0.069951,
          -0.169142,
          3.416868
        ],
        [
          0.021207,
          -0.874336,
          -0.484858,
          1.455405
        ],
        [
          0.0,
          0.0,
          0.0,
          1.0
        ]
      ]
    },
    {
      "file_path": "/media/NFS/ttao/scannet/posed_images/scene0440_01/00012.jpg",
      "transform_matrix": [
        [
          -0.183452,
          -0.479672,
          0.858056,
          3.800555
        ],
        [
          -0.982798,
          0.070591,
          -0.170659,
          3.416334
        ],
        [
          0.021289,
          -0.874604,
          -0.484371,
          1.452202
        ],
        [
          0.0,
          0.0,
          0.0,
          1.0
        ]
      ]
    },
    {
      "file_path": "/media/NFS/ttao/scannet/posed_images/scene0440_01/00018.jpg",
      "transform_matrix": [
        [
          -0.174157,
          -0.464002,
          0.868546,
          3.804349
        ],
        [
          -0.984686,
          0.08916,
          -0.149813,
          3.40472
        ],
        [
          -0.007927,
          -0.881336,
          -0.472424,
          1.44107
        ],
        [
          0.0,
          0.0,
          0.0,
          1.0
        ]
      ]
    },
    {
      "file_path": "/media/NFS/ttao/scannet/posed_images/scene0440_01/00019.jpg",
      "transform_matrix": [
        [
          -0.170648,
          -0.468343,
          0.866911,
          3.807326
        ],
        [
          -0.985309,
          0.087124,
          -0.146887,
          3.401693
        ],
        [
          -0.006735,
          -0.879241,
          -0.47633,
          1.438206
        ],
        [
          0.0,
          0.0,
          0.0,
          1.0
        ]
      ]
    },
    {
      "file_path": "/media/NFS/ttao/scannet/posed_images/scene0440_01/00024.jpg",
      "transform_matrix": [
        [
          -0.154054,
          -0.490445,
          0.857748,
          3.816072
        ],
        [
          -0.987983,
          0.065422,
          -0.140037,
          3.369591
        ],
        [
          0.012565,
          -0.869013,
          -0.494629,
          1.424918
        ],
        [
          0.0,
          0.0,
          0.0,
          1.0
        ]
      ]
    },
    {
      "file_path": "/media/NFS/ttao/scannet/posed_images/scene0440_01/00028.jpg",
      "transform_matrix": [
        [
          -0.140892,
          -0.498323,
          0.855467,
          3.826854
        ],
        [
          -0.989879,
          0.056062,
          -0.130373,
          3.341566
        ],
        [
          0.017009,
          -0.865177,
          -0.501178,
          1.416998
        ],
        [
          0.0,
          0.0,
          0.0,
          1.0
        ]
      ]
    },
    {
      "file_path": "/media/NFS/ttao/scannet/posed_images/scene0440_01/00030.jpg",
      "transform_matrix": [
        [
          -0.126335,
          -0.517128,
          0.846533,
          3.844113
        ],
        [
          -0.991874,
          0.052908,
          -0.115705,
          3.320801
        ],
        [
          0.015046,
          -0.854271,
          -0.519609,
          1.432841
        ],
        [
          0.0,
          0.0,
          0.0,
          1.0
        ]
      ]
    },
    {
      "file_path": "/media/NFS/ttao/scannet/posed_images/scene0440_01/00032.jpg",
      "transform_matrix": [
        [
          -0.113322,
          -0.521671,
          0.845587,
          3.852493
        ],
        [
          -0.993541,
          0.054439,
          -0.099565,
          3.29792
        ],
        [
          0.005907,
          -0.851408,
          -0.524471,
          1.432984
        ],
        [
          0.0,
          0.0,
          0.0,
          1.0
        ]
      ]
    },
    {
      "file_path": "/media/NFS/ttao/scannet/posed_images/scene0440_01/00035.jpg",
      "transform_matrix": [
        [
          -0.09089,
          -0.517143,
          0.85106,
          3.859323
        ],
        [
          -0.99581,
          0.055809,
          -0.072437,
          3.260656
        ],
        [
          -0.010037,
          -0.854078,
          -0.520049,
          1.43004
        ],
        [
          0.0,
          0.0,
          0.0,
          1.0
        ]
      ]
    },
    {
      "file_path": "/media/NFS/ttao/scannet/posed_images/scene0440_01/00039.jpg",
      "transform_matrix": [
        [
          -0.051262,
          -0.522621,
          0.851023,
          3.870058
        ],
        [
          -0.998617,
          0.036775,
          -0.037569,
          3.212486
        ],
        [
          -0.011662,
          -0.851772,
          -0.523783,
          1.431344
        ],
        [
          0.0,
          0.0,
          0.0,
          1.0
        ]
      ]
    },
    {
      "file_path": "/media/NFS/ttao/scannet/posed_images/scene0440_01/00044.jpg",
      "transform_matrix": [
        [
          0.018709,
          -0.537142,
          0.843284,
          3.87434
        ],
        [
          -0.999582,
          -0.028642,
          0.003932,
          3.148756
        ],
        [
          0.022041,
          -0.843005,
          -0.537454,
          1.415668
        ],
        [
          0.0,
          0.0,
          0.0,
          1.0
        ]
      ]
    },
    {
      "file_path": "/media/NFS/ttao/scannet/posed_images/scene0440_01/00045.jpg",
      "transform_matrix": [
        [
          0.029427,
          -0.537424,
          0.842798,
          3.875402
        ],
        [
          -0.999211,
          -0.038318,
          0.010454,
          3.139075
        ],
        [
          0.026676,
          -0.842441,
          -0.538128,
          1.412996
        ],
        [
          0.0,
          0.0,
          0.0,
          1.0
        ]
      ]
    },
    {
      "file_path": "/media/NFS/ttao/scannet/posed_images/scene0440_01/00050.jpg",
      "transform_matrix": [
        [
          0.115191,
          -0.569946,
          0.813568,
          3.908041
        ],
        [
          -0.9933,
          -0.073727,
          0.08899,
          3.07667
        ],
        [
          0.009263,
          -0.818368,
          -0.57462,
          1.423444
        ],
        [
          0.0,
          0.0,
          0.0,
          1.0
        ]
      ]
    },
    {
      "file_path": "/media/NFS/ttao/scannet/posed_images/scene0440_01/00053.jpg",
      "transform_matrix": [
        [
          0.134989,
          -0.572095,
          0.809003,
          3.926347
        ],
        [
          -0.990802,
          -0.070105,
          0.115748,
          3.06256
        ],
        [
          -0.009504,
          -0.817186,
          -0.576296,
          1.414378
        ],
        [
          0.0,
          0.0,
          0.0,
          1.0
        ]
      ]
    },
    {
      "file_path": "/media/NFS/ttao/scannet/posed_images/scene0440_01/00055.jpg",
      "transform_matrix": [
        [
          0.149016,
          -0.572802,
          0.806035,
          3.943284
        ],
        [
          -0.98864,
          -0.07014,
          0.132932,
          3.04308
        ],
        [
          -0.019609,
          -0.816687,
          -0.576747,
          1.410241
        ],
        [
          0.0,
          0.0,
          0.0,
          1.0
        ]
      ]
    },
    {
      "file_path": "/media/NFS/ttao/scannet/posed_images/scene0440_01/00059.jpg",
      "transform_matrix": [
        [
          0.164427,
          -0.579716,
          0.798056,
          3.981265
        ],
        [
          -0.986328,
          -0.087605,
          0.139581,
          3.018052
        ],
        [
          -0.011004,
          -0.810096,
          -0.586195,
          1.386431
        ],
        [
          0.0,
          0.0,
          0.0,
          1.0
        ]
      ]
    },
    {
      "file_path": "/media/NFS/ttao/scannet/posed_images/scene0440_01/00063.jpg",
      "transform_matrix": [
        [
          0.239051,
          -0.578446,
          0.779907,
          4.034976
        ],
        [
          -0.97086,
          -0.128393,
          0.202352,
          2.983016
        ],
        [
          -0.016915,
          -0.805553,
          -0.592282,
          1.370401
        ],
        [
          0.0,
          0.0,
          0.0,
          1.0
        ]
      ]
    },
    {
      "file_path": "/media/NFS/ttao/scannet/posed_images/scene0440_01/00064.jpg",
      "transform_matrix": [
        [
          0.256072,
          -0.578458,
          0.774477,
          4.047282
        ],
        [
          -0.966572,
          -0.142521,
          0.213136,
          2.978473
        ],
        [
          -0.012912,
          -0.803165,
          -0.595616,
          1.364579
        ],
        [
          0.0,
          0.0,
          0.0,
          1.0
        ]
      ]
    },
    {
      "file_path": "/media/NFS/ttao/scannet/posed_images/scene0440_01/00067.jpg",
      "transform_matrix": [
        [
          0.292087,
          -0.589908,
          0.75279,
          4.088175
        ],
        [
          -0.956347,
          -0.172542,
          0.235859,
          2.958997
        ],
        [
          -0.009247,
          -0.78882,
          -0.614554,
          1.35757
        ],
        [
          0.0,
          0.0,
          0.0,
          1.0
        ]
      ]
    },
    {
      "file_path": "/media/NFS/ttao/scannet/posed_images/scene0440_01/00070.jpg",
      "transform_matrix": [
        [
          0.341736,
          -0.586153,
          0.734602,
          4.135646
        ],
        [
          -0.939758,
          -0.206079,
          0.27274,
          2.935681
        ],
        [
          -0.008482,
          -0.783553,
          -0.621267,
          1.364527
        ],
        [
          0.0,
          0.0,
          0.0,
          1.0
        ]
      ]
    },
    {
      "file_path": "/media/NFS/ttao/scannet/posed_images/scene0440_01/00076.jpg",
      "transform_matrix": [
        [
          0.373273,
          -0.619746,
          0.690349,
          4.196646
        ],
        [
          -0.927617,
          -0.23814,
          0.287779,
          2.893155
        ],
        [
          -0.01395,
          -0.7478,
          -0.663778,
          1.346112
        ],
        [
          0.0,
          0.0,
          0.0,
          1.0
        ]
      ]
    },
    {
      "file_path": "/media/NFS/ttao/scannet/posed_images/scene0440_01/00077.jpg",
      "transform_matrix": [
        [
          0.37521,
          -0.625407,
          0.684166,
          4.206882
        ],
        [
          -0.92667,
          -0.235289,
          0.293123,
          2.884629
        ],
        [
          -0.022345,
          -0.74398,
          -0.667829,
          1.344614
        ],
        [
          0.0,
          0.0,
          0.0,
          1.0
        ]
      ]
    },
    {
      "file_path": "/media/NFS/ttao/scannet/posed_images/scene0440_01/00080.jpg",
      "transform_matrix": [
        [
          0.397547,
          -0.62025,
          0.676199,
          4.239424
        ],
        [
          -0.916574,
          -0.233904,
          0.324317,
          2.856999
        ],
        [
          -0.042992,
          -0.748718,
          -0.661493,
          1.349856
        ],
        [
          0.0,
          0.0,
          0.0,
          1.0
        ]
      ]
    },
    {
      "file_path": "/media/NFS/ttao/scannet/posed_images/scene0440_01/00084.jpg",
      "transform_matrix": [
        [
          0.441055,
          -0.618388,
          0.650435,
          4.260658
        ],
        [
          -0.896967,
          -0.279237,
          0.342748,
          2.825865
        ],
        [
          -0.030326,
          -0.73459,
          -0.677833,
          1.348183
        ],
        [
          0.0,
          0.0,
          0.0,
          1.0
        ]
      ]
    },
    {
      "file_path": "/media/NFS/ttao/scannet/posed_images/scene0440_01/00087.jpg",
      "transform_matrix": [
        [
          0.487581,
          -0.597744,
          0.63637,
          4.277267
        ],
        [
          -0.871965,
          -0.296606,
          0.389488,
          2.80066
        ],
        [
          -0.044063,
          -0.7448,
          -0.665832,
          1.349809
        ],
        [
          0.0,
          0.0,
          0.0,
          1.0
        ]
      ]
    },
    {
      "file_path": "/media/NFS/ttao/scannet/posed_images/scene0440_01/00091.jpg",
      "transform_matrix": [
        [
          0.548537,
          -0.564236,
          0.617045,
          4.29868
        ],
        [
          -0.835139,
          -0.333883,
          0.43711,
          2.778181
        ],
        [
          -0.040612,
          -0.75509,
          -0.654363,
          1.359067
        ],
        [
          0.0,
          0.0,
          0.0,
          1.0
        ]
      ]
    },
    {
      "file_path": "/media/NFS/ttao/scannet/posed_images/scene0440_01/00094.jpg",
      "transform_matrix": [
        [
          0.593825,
          -0.550995,
          0.586325,
          4.312526
        ],
        [
          -0.804039,
          -0.379301,
          0.457878,
          2.761598
        ],
        [
          -0.029894,
          -0.743327,
          -0.668259,
          1.350558
        ],
        [
          0.0,
          0.0,
          0.0,
          1.0
        ]
      ]
    },
    {
      "file_path": "/media/NFS/ttao/scannet/posed_images/scene0440_01/00097.jpg",
      "transform_matrix": [
        [
          0.605786,
          -0.545635,
          0.579056,
          4.340242
        ],
        [
          -0.79534,
          -0.395712,
          0.459181,
          2.756473
        ],
        [
          -0.021406,
          -0.738711,
          -0.673682,
          1.347825
        ],
        [
          0.0,
          0.0,
          0.0,
          1.0
        ]
      ]
    },
    {
      "file_path": "/media/NFS/ttao/scannet/posed_images/scene0440_01/00100.jpg",
      "transform_matrix": [
        [
          0.625735,
          -0.530572,
          0.571795,
          4.37327
        ],
        [
          -0.779633,
          -0.401834,
          0.480315,
          2.757238
        ],
        [
          -0.025075,
          -0.74634,
          -0.665093,
          1.342321
        ],
        [
          0.0,
          0.0,
          0.0,
          1.0
        ]
      ]
    },
    {
      "file_path": "/media/NFS/ttao/scannet/posed_images/scene0440_01/00103.jpg",
      "transform_matrix": [
        [
          0.637771,
          -0.53469,
          0.554396,
          4.409909
        ],
        [
          -0.769481,
          -0.410653,
          0.489145,
          2.759141
        ],
        [
          -0.033877,
          -0.73856,
          -0.673337,
          1.333547
        ],
        [
          0.0,
          0.0,
          0.0,
          1.0
        ]
      ]
    },
    {
      "file_path": "/media/NFS/ttao/scannet/posed_images/scene0440_01/00108.jpg",
      "transform_matrix": [
        [
          0.634438,
          -0.539713,
          0.553352,
          4.470456
        ],
        [
          -0.772694,
          -0.42357,
          0.472792,
          2.765903
        ],
        [
          -0.020789,
          -0.727529,
          -0.685762,
          1.326575
        ],
        [
          0.0,
          0.0,
          0.0,
          1.0
        ]
      ]
    },
    {
      "file_path": "/media/NFS/ttao/scannet/posed_images/scene0440_01/00109.jpg",
      "transform_matrix": [
        [
          0.634681,
          -0.538874,
          0.553891,
          4.478082
        ],
        [
          -0.772563,
          -0.425713,
          0.471077,
          2.767535
        ],
        [
          -0.018052,
          -0.7269,
          -0.686507,
          1.324721
        ],
        [
          0.0,
          0.0,
          0.0,
          1.0
        ]
      ]
    },
    {
      "file_path": "/media/NFS/ttao/scannet/posed_images/scene0440_01/00114.jpg",
      "transform_matrix": [
        [
          0.66989,
          -0.533458,
          0.516401,
          4.510243
        ],
        [
          -0.741476,
          -0.444875,
          0.502295,
          2.776283
        ],
        [
          -0.03822,
          -0.719381,
          -0.693564,
          1.321914
        ],
        [
          0.0,
          0.0,
          0.0,
          1.0
        ]
      ]
    },
    {
      "file_path": "/media/NFS/ttao/scannet/posed_images/scene0440_01/00116.jpg",
      "transform_matrix": [
        [
          0.685881,
          -0.526344,
          0.502522,
          4.517671
        ],
        [
          -0.727017,
          -0.465417,
          0.50481,
          2.779574
        ],
        [
          -0.031821,
          -0.711582,
          -0.701882,
          1.320116
        ],
        [
          0.0,
          0.0,
          0.0,
          1.0
        ]
      ]
    },
    {
      "file_path": "/media/NFS/ttao/scannet/posed_images/scene0440_01/00119.jpg",
      "transform_matrix": [
        [
          0.725096,
          -0.505717,
          0.467425,
          4.529914
        ],
        [
          -0.688195,
          -0.507507,
          0.518483,
          2.784738
        ],
        [
          -0.024985,
          -0.69763,
          -0.716023,
          1.320894
        ],
        [
          0.0,
          0.0,
          0.0,
          1.0
        ]
      ]
    },
    {
      "file_path": "/media/NFS/ttao/scannet/posed_images/scene0440_01/00122.jpg",
      "transform_matrix": [
        [
          0.762982,
          -0.473494,
          0.44007,
          4.540572
        ],
        [
          -0.645663,
          -0.525301,
          0.554237,
          2.783185
        ],
        [
          -0.031259,
          -0.70701,
          -0.706513,
          1.330463
        ],
        [
          0.0,
          0.0,
          0.0,
          1.0
        ]
      ]
    },
    {
      "file_path": "/media/NFS/ttao/scannet/posed_images/scene0440_01/00127.jpg",
      "transform_matrix": [
        [
          0.829051,
          -0.412233,
          0.377807,
          4.545656
        ],
        [
          -0.558864,
          -0.588388,
          0.584355,
          2.765375
        ],
        [
          -0.018593,
          -0.695603,
          -0.718186,
          1.334255
        ],
        [
          0.0,
          0.0,
          0.0,
          1.0
        ]
      ]
    },
    {
      "file_path": "/media/NFS/ttao/scannet/posed_images/scene0440_01/00130.jpg",
      "transform_matrix": [
        [
          0.862409,
          -0.366191,
          0.349506,
          4.552081
        ],
        [
          -0.506016,
          -0.604418,
          0.615327,
          2.747483
        ],
        [
          -0.014079,
          -0.707519,
          -0.706554,
          1.334798
        ],
        [
          0.0,
          0.0,
          0.0,
          1.0
        ]
      ]
    },
    {
      "file_path": "/media/NFS/ttao/scannet/posed_images/scene0440_01/00132.jpg",
      "transform_matrix": [
        [
          0.88259,
          -0.331599,
          0.333283,
          4.553678
        ],
        [
          -0.470125,
          -0.616069,
          0.632014,
          2.735877
        ],
        [
          -0.00425,
          -0.714494,
          -0.699629,
          1.332474
        ],
        [
          0.0,
          0.0,
          0.0,
          1.0
        ]
      ]
    },
    {
      "file_path": "/media/NFS/ttao/scannet/posed_images/scene0440_01/00135.jpg",
      "transform_matrix": [
        [
          0.915761,
          -0.280123,
          0.287945,
          4.550064
        ],
        [
          -0.401722,
          -0.640567,
          0.654441,
          2.729748
        ],
        [
          0.001124,
          -0.714985,
          -0.699138,
          1.33696
        ],
        [
          0.0,
          0.0,
          0.0,
          1.0
        ]
      ]
    },
    {
      "file_path": "/media/NFS/ttao/scannet/posed_images/scene0440_01/00139.jpg",
      "transform_matrix": [
        [
          0.954322,
          -0.217741,
          0.204592,
          4.525048
        ],
        [
          -0.29852,
          -0.666367,
          0.683258,
          2.731102
        ],
        [
          -0.01244,
          -0.713123,
          -0.700929,
          1.341971
        ],
        [
          0.0,
          0.0,
          0.0,
          1.0
        ]
      ]
    },
    {
      "file_path": "/media/NFS/ttao/scannet/posed_images/scene0440_01/00144.jpg",
      "transform_matrix": [
        [
          0.986157,
          -0.142214,
          0.085266,
          4.511374
        ],
        [
          -0.158214,
          -0.653093,
          0.740566,
          2.738928
        ],
        [
          -0.049632,
          -0.743804,
          -0.666552,
          1.353932
        ],
        [
          0.0,
          0.0,
          0.0,
          1.0
        ]
      ]
    },
    {
      "file_path": "/media/NFS/ttao/scannet/posed_images/scene0440_01/00147.jpg",
      "transform_matrix": [
        [
          0.993221,
          -0.104679,
          0.050545,
          4.503742
        ],
        [
          -0.106873,
          -0.651276,
          0.751277,
          2.752215
        ],
        [
          -0.045724,
          -0.751586,
          -0.658048,
          1.360103
        ],
        [
          0.0,
          0.0,
          0.0,
          1.0
        ]
      ]
    },
    {
      "file_path": "/media/NFS/ttao/scannet/posed_images/scene0440_01/00148.jpg",
      "transform_matrix": [
        [
          0.994408,
          -0.095133,
          0.045854,
          4.498139
        ],
        [
          -0.096976,
          -0.650648,
          0.753161,
          2.758199
        ],
        [
          -0.041816,
          -0.753397,
          -0.656236,
          1.360976
        ],
        [
          0.0,
          0.0,
          0.0,
          1.0
        ]
      ]
    },
    {
      "file_path": "/media/NFS/ttao/scannet/posed_images/scene0440_01/00153.jpg",
      "transform_matrix": [
        [
          0.998282,
          -0.057279,
          0.012359,
          4.492385
        ],
        [
          -0.046007,
          -0.635528,
          0.770706,
          2.799569
        ],
        [
          -0.036291,
          -0.76995,
          -0.637071,
          1.364498
        ],
        [
          0.0,
          0.0,
          0.0,
          1.0
        ]
      ]
    },
    {
      "file_path": "/media/NFS/ttao/scannet/posed_images/scene0440_01/00154.jpg",
      "transform_matrix": [
        [
          0.998634,
          -0.050985,
          0.011434,
          4.490499
        ],
        [
          -0.041194,
          -0.633598,
          0.772565,
          2.808684
        ],
        [
          -0.032145,
          -0.771981,
          -0.634833,
          1.364099
        ],
        [
          0.0,
          0.0,
          0.0,
          1.0
        ]
      ]
    },
    {
      "file_path": "/media/NFS/ttao/scannet/posed_images/scene0440_01/00159.jpg",
      "transform_matrix": [
        [
          0.999738,
          -0.010582,
          0.020295,
          4.477669
        ],
        [
          -0.022427,
          -0.62996,
          0.776304,
          2.866416
        ],
        [
          0.00457,
          -0.776556,
          -0.630032,
          1.366017
        ],
        [
          0.0,
          0.0,
          0.0,
          1.0
        ]
      ]
    },
    {
      "file_path": "/media/NFS/ttao/scannet/posed_images/scene0440_01/00161.jpg",
      "transform_matrix": [
        [
          0.999678,
          -0.001472,
          0.02535,
          4.465236
        ],
        [
          -0.020518,
          -0.634965,
          0.772268,
          2.896893
        ],
        [
          0.014959,
          -0.77254,
          -0.634791,
          1.372293
        ],
        [
          0.0,
          0.0,
          0.0,
          1.0
        ]
      ]
    },
    {
      "file_path": "/media/NFS/ttao/scannet/posed_images/scene0440_01/00164.jpg",
      "transform_matrix": [
        [
          0.999927,
          0.005448,
          0.010762,
          4.449254
        ],
        [
          -0.004875,
          -0.633559,
          0.77368,
          2.938511
        ],
        [
          0.011033,
          -0.773676,
          -0.633486,
          1.374729
        ],
        [
          0.0,
          0.0,
          0.0,
          1.0
        ]
      ]
    },
    {
      "file_path": "/media/NFS/ttao/scannet/posed_images/scene0440_01/00168.jpg",
      "transform_matrix": [
        [
          0.999453,
          0.015889,
          -0.028996,
          4.435699
        ],
        [
          0.032559,
          -0.625635,
          0.779436,
          2.982714
        ],
        [
          -0.005757,
          -0.779954,
          -0.62581,
          1.367601
        ],
        [
          0.0,
          0.0,
          0.0,
          1.0
        ]
      ]
    },
    {
      "file_path": "/media/NFS/ttao/scannet/posed_images/scene0440_01/00173.jpg",
      "transform_matrix": [
        [
          0.99839,
          0.023061,
          -0.051829,
          4.43209
        ],
        [
          0.054526,
          -0.642202,
          0.764594,
          3.011024
        ],
        [
          -0.015652,
          -0.766189,
          -0.642425,
          1.333207
        ],
        [
          0.0,
          0.0,
          0.0,
          1.0
        ]
      ]
    },
    {
      "file_path": "/media/NFS/ttao/scannet/posed_images/scene0440_01/00175.jpg",
      "transform_matrix": [
        [
          0.998281,
          0.02028,
          -0.054979,
          4.429046
        ],
        [
          0.054839,
          -0.653976,
          0.754525,
          3.027952
        ],
        [
          -0.020653,
          -0.756244,
          -0.653964,
          1.330884
        ],
        [
          0.0,
          0.0,
          0.0,
          1.0
        ]
      ]
    },
    {
      "file_path": "/media/NFS/ttao/scannet/posed_images/scene0440_01/00178.jpg",
      "transform_matrix": [
        [
          0.997187,
          0.022796,
          -0.071402,
          4.434183
        ],
        [
          0.069136,
          -0.647691,
          0.75876,
          3.041613
        ],
        [
          -0.028949,
          -0.761563,
          -0.647445,
          1.32666
        ],
        [
          0.0,
          0.0,
          0.0,
          1.0
        ]
      ]
    },
    {
      "file_path": "/media/NFS/ttao/scannet/posed_images/scene0440_01/00180.jpg",
      "transform_matrix": [
        [
          0.995843,
          0.026805,
          -0.087048,
          4.443821
        ],
        [
          0.083105,
          -0.658537,
          0.747946,
          3.062552
        ],
        [
          -0.037276,
          -0.752071,
          -0.658027,
          1.333598
        ],
        [
          0.0,
          0.0,
          0.0,
          1.0
        ]
      ]
    },
    {
      "file_path": "/media/NFS/ttao/scannet/posed_images/scene0440_01/00183.jpg",
      "transform_matrix": [
        [
          0.993252,
          0.027749,
          -0.112606,
          4.457483
        ],
        [
          0.103105,
          -0.655831,
          0.747834,
          3.079802
        ],
        [
          -0.053099,
          -0.754398,
          -0.654267,
          1.341406
        ],
        [
          0.0,
          0.0,
          0.0,
          1.0
        ]
      ]
    },
    {
      "file_path": "/media/NFS/ttao/scannet/posed_images/scene0440_01/00188.jpg",
      "transform_matrix": [
        [
          0.990463,
          0.047474,
          -0.129343,
          4.495395
        ],
        [
          0.129171,
          -0.646587,
          0.751824,
          3.098765
        ],
        [
          -0.04794,
          -0.761362,
          -0.646553,
          1.349532
        ],
        [
          0.0,
          0.0,
          0.0,
          1.0
        ]
      ]
    },
    {
      "file_path": "/media/NFS/ttao/scannet/posed_images/scene0440_01/00192.jpg",
      "transform_matrix": [
        [
          0.983906,
          0.067777,
          -0.165335,
          4.508172
        ],
        [
          0.170299,
          -0.635853,
          0.752788,
          3.118209
        ],
        [
          -0.054107,
          -0.768829,
          -0.637161,
          1.356811
        ],
        [
          0.0,
          0.0,
          0.0,
          1.0
        ]
      ]
    },
    {
      "file_path": "/media/NFS/ttao/scannet/posed_images/scene0440_01/00195.jpg",
      "transform_matrix": [
        [
          0.976412,
          0.089803,
          -0.196355,
          4.523497
        ],
        [
          0.208624,
          -0.626742,
          0.75078,
          3.125326
        ],
        [
          -0.055641,
          -0.774035,
          -0.630693,
          1.357734
        ],
        [
          0.0,
          0.0,
          0.0,
          1.0
        ]
      ]
    },
    {
      "file_path": "/media/NFS/ttao/scannet/posed_images/scene0440_01/00197.jpg",
      "transform_matrix": [
        [
          0.972904,
          0.098839,
          -0.20902,
          4.53128
        ],
        [
          0.224328,
          -0.622451,
          0.749821,
          3.131351
        ],
        [
          -0.055993,
          -0.776393,
          -0.627757,
          1.358179
        ],
        [
          0.0,
          0.0,
          0.0,
          1.0
        ]
      ]
    },
    {
      "file_path": "/media/NFS/ttao/scannet/posed_images/scene0440_01/00200.jpg",
      "transform_matrix": [
        [
          0.968892,
          0.104582,
          -0.224302,
          4.535029
        ],
        [
          0.239155,
          -0.628805,
          0.739871,
          3.145356
        ],
        [
          -0.063665,
          -0.770498,
          -0.634255,
          1.359703
        ],
        [
          0.0,
          0.0,
          0.0,
          1.0
        ]
      ]
    },
    {
      "file_path": "/media/NFS/ttao/scannet/posed_images/scene0440_01/00203.jpg",
      "transform_matrix": [
        [
          0.961953,
          0.110407,
          -0.249915,
          4.530422
        ],
        [
          0.262228,
          -0.629891,
          0.731077,
          3.158163
        ],
        [
          -0.076703,
          -0.768796,
          -0.634877,
          1.356177
        ],
        [
          0.0,
          0.0,
          0.0,
          1.0
        ]
      ]
    },
    {
      "file_path": "/media/NFS/ttao/scannet/posed_images/scene0440_01/00208.jpg",
      "transform_matrix": [
        [
          0.935356,
          0.172269,
          -0.308921,
          4.481587
        ],
        [
          0.345296,
          -0.63405,
          0.691918,
          3.195607
        ],
        [
          -0.076675,
          -0.753859,
          -0.652547,
          1.350344
        ],
        [
          0.0,
          0.0,
          0.0,
          1.0
        ]
      ]
    },
    {
      "file_path": "/media/NFS/ttao/scannet/posed_images/scene0440_01/00211.jpg",
      "transform_matrix": [
        [
          0.919607,
          0.200221,
          -0.337987,
          4.455231
        ],
        [
          0.38607,
          -0.619662,
          0.683351,
          3.211498
        ],
        [
          -0.072617,
          -0.758901,
          -0.647145,
          1.345958
        ],
        [
          0.0,
          0.0,
          0.0,
          1.0
        ]
      ]
    },
    {
      "file_path": "/media/NFS/ttao/scannet/posed_images/scene0440_01/00212.jpg",
      "transform_matrix": [
        [
          0.916067,
          0.207158,
          -0.343375,
          4.447279
        ],
        [
          0.395032,
          -0.613617,
          0.683684,
          3.217466
        ],
        [
          -0.06907,
          -0.761945,
          -0.643948,
          1.34684
        ],
        [
          0.0,
          0.0,
          0.0,
          1.0
        ]
      ]
    },
    {
      "file_path": "/media/NFS/ttao/scannet/posed_images/scene0440_01/00215.jpg",
      "transform_matrix": [
        [
          0.906099,
          0.222491,
          -0.359837,
          4.417257
        ],
        [
          0.418525,
          -0.595687,
          0.68556,
          3.237957
        ],
        [
          -0.061819,
          -0.771786,
          -0.63287,
          1.348956
        ],
        [
          0.0,
          0.0,
          0.0,
          1.0
        ]
      ]
    },
    {
      "file_path": "/media/NFS/ttao/scannet/posed_images/scene0440_01/00221.jpg",
      "transform_matrix": [
        [
          0.86191,
          0.279871,
          -0.422829,
          4.354014
        ],
        [
          0.504268,
          -0.560516,
          0.656913,
          3.265404
        ],
        [
          -0.053151,
          -0.779419,
          -0.624244,
          1.362931
        ],
        [
          0.0,
          0.0,
          0.0,
          1.0
        ]
      ]
    },
    {
      "file_path": "/media/NFS/ttao/scannet/posed_images/scene0440_01/00222.jpg",
      "transform_matrix": [
        [
          0.856513,
          0.285401,
          -0.430036,
          4.345225
        ],
        [
          0.513502,
          -0.555102,
          0.654353,
          3.266711
        ],
        [
          -0.05196,
          -0.781286,
          -0.622006,
          1.362278
        ],
        [
          0.0,
          0.0,
          0.0,
          1.0
        ]
      ]
    },
    {
      "file_path": "/media/NFS/ttao/scannet/posed_images/scene0440_01/00225.jpg",
      "transform_matrix": [
        [
          0.833573,
          0.306917,
          -0.459301,
          4.319925
        ],
        [
          0.550083,
          -0.537402,
          0.639225,
          3.275735
        ],
        [
          -0.05064,
          -0.785494,
          -0.616793,
          1.368814
        ],
        [
          0.0,
          0.0,
          0.0,
          1.0
        ]
      ]
    },
    {
      "file_path": "/media/NFS/ttao/scannet/posed_images/scene0440_01/00228.jpg",
      "transform_matrix": [
        [
          0.789889,
          0.346839,
          -0.505744,
          4.282316
        ],
        [
          0.611661,
          -0.504898,
          0.609055,
          3.291677
        ],
        [
          -0.044105,
          -0.79043,
          -0.610962,
          1.380259
        ],
        [
          0.0,
          0.0,
          0.0,
          1.0
        ]
      ]
    },
    {
      "file_path": "/media/NFS/ttao/scannet/posed_images/scene0440_01/00234.jpg",
      "transform_matrix": [
        [
          0.672848,
          0.38151,
          -0.633818,
          4.24605
        ],
        [
          0.73657,
          -0.425227,
          0.525973,
          3.312145
        ],
        [
          -0.068853,
          -0.820751,
          -0.567122,
          1.410536
        ],
        [
          0.0,
          0.0,
          0.0,
          1.0
        ]
      ]
    },
    {
      "file_path": "/media/NFS/ttao/scannet/posed_images/scene0440_01/00236.jpg",
      "transform_matrix": [
        [
          0.633253,
          0.394586,
          -0.665802,
          4.23401
        ],
        [
          0.770825,
          -0.398728,
          0.496836,
          3.317376
        ],
        [
          -0.069429,
          -0.827839,
          -0.556652,
          1.415856
        ],
        [
          0.0,
          0.0,
          0.0,
          1.0
        ]
      ]
    },
    {
      "file_path": "/media/NFS/ttao/scannet/posed_images/scene0440_01/00240.jpg",
      "transform_matrix": [
        [
          0.53766,
          0.419121,
          -0.731614,
          4.234511
        ],
        [
          0.840804,
          -0.331356,
          0.428079,
          3.348012
        ],
        [
          -0.063008,
          -0.845305,
          -0.530556,
          1.416491
        ],
        [
          0.0,
          0.0,
          0.0,
          1.0
        ]
      ]
    },
    {
      "file_path": "/media/NFS/ttao/scannet/posed_images/scene0440_01/00242.jpg",
      "transform_matrix": [
        [
          0.500784,
          0.427892,
          -0.752413,
          4.230711
        ],
        [
          0.863862,
          -0.3017,
          0.403387,
          3.356145
        ],
        [
          -0.054397,
          -0.85199,
          -0.520725,
          1.413891
        ],
        [
          0.0,
          0.0,
          0.0,
          1.0
        ]
      ]
    },
    {
      "file_path": "/media/NFS/ttao/scannet/posed_images/scene0440_01/00247.jpg",
      "transform_matrix": [
        [
          0.422013,
          0.467618,
          -0.776685,
          4.221797
        ],
        [
          0.905775,
          -0.253793,
          0.339353,
          3.377395
        ],
        [
          -0.03843,
          -0.846713,
          -0.53066,
          1.406859
        ],
        [
          0.0,
          0.0,
          0.0,
          1.0
        ]
      ]
    },
    {
      "file_path": "/media/NFS/ttao/scannet/posed_images/scene0440_01/00248.jpg",
      "transform_matrix": [
        [
          0.414649,
          0.474306,
          -0.776595,
          4.217729
        ],
        [
          0.909114,
          -0.25317,
          0.330781,
          3.384662
        ],
        [
          -0.039719,
          -0.843172,
