{
  "frames": [
    {
      "file_path": "/media/NFS/ttao/scannet/posed_images/scene0039_01/00001.jpg",
      "transform_matrix": [
        [
          -0.780855,
          0.269284,
          -0.563695,
          2.179532
        ],
        [
          0.624658,
          0.324575,
          -0.71025,
          1.50668
        ],
        [
          -0.008298,
          -0.906718,
          -0.421656,
          1.366354
        ],
        [
          0.0,
          0.0,
          0.0,
          1.0
        ]
      ]
    },
    {
      "file_path": "/media/NFS/ttao/scannet/posed_images/scene0039_01/00005.jpg",
      "transform_matrix": [
        [
          -0.757428,
          0.26267,
          -0.597752,
          2.170734
        ],
        [
          0.652919,
          0.304372,
          -0.693581,
          1.514328
        ],
        [
          -0.000245,
          -0.915622,
          -0.402042,
          1.372015
        ],
        [
          0.0,
          0.0,
          0.0,
          1.0
        ]
      ]
    },
    {
      "file_path": "/media/NFS/ttao/scannet/posed_images/scene0039_01/00007.jpg",
      "transform_matrix": [
        [
          -0.756014,
          0.257606,
          -0.601732,
          2.169207
        ],
        [
          0.654554,
          0.299344,
          -0.694228,
          1.515809
        ],
        [
          0.001287,
          -0.918712,
          -0.394925,
          1.373981
        ],
        [
          0.0,
          0.0,
          0.0,
          1.0
        ]
      ]
    },
    {
      "file_path": "/media/NFS/ttao/scannet/posed_images/scene0039_01/00012.jpg",
      "transform_matrix": [
        [
          -0.746234,
          0.266999,
          -0.609792,
          2.155896
        ],
        [
          0.665303,
          0.268128,
          -0.696764,
          1.518782
        ],
        [
          -0.022533,
          -0.925645,
          -0.377721,
          1.37725
        ],
        [
          0.0,
          0.0,
          0.0,
          1.0
        ]
      ]
    },
    {
      "file_path": "/media/NFS/ttao/scannet/posed_images/scene0039_01/00015.jpg",
      "transform_matrix": [
        [
          -0.739477,
          0.282142,
          -0.611203,
          2.144661
        ],
        [
          0.67231,
          0.263336,
          -0.691848,
          1.517411
        ],
        [
          -0.034247,
          -0.922524,
          -0.384418,
          1.371175
        ],
        [
          0.0,
          0.0,
          0.0,
          1.0
        ]
      ]
    },
    {
      "file_path": "/media/NFS/ttao/scannet/posed_images/scene0039_01/00020.jpg",
      "transform_matrix": [
        [
          -0.74304,
          0.311376,
          -0.592399,
          2.121182
        ],
        [
          0.667561,
          0.282043,
          -0.689068,
          1.513422
        ],
        [
          -0.047477,
          -0.907467,
          -0.417432,
          1.353951
        ],
        [
          0.0,
          0.0,
          0.0,
          1.0
        ]
      ]
    },
    {
      "file_path": "/media/NFS/ttao/scannet/posed_images/scene0039_01/00025.jpg",
      "transform_matrix": [
        [
          -0.754822,
          0.350753,
          -0.55427,
          2.103749
        ],
        [
          0.652612,
          0.316718,
          -0.688322,
          1.498188
        ],
        [
          -0.065884,
          -0.881284,
          -0.467972,
          1.340925
        ],
        [
          0.0,
          0.0,
          0.0,
          1.0
        ]
      ]
    },
    {
      "file_path": "/media/NFS/ttao/scannet/posed_images/scene0039_01/00026.jpg",
      "transform_matrix": [
        [
          -0.755043,
          0.358595,
          -0.548926,
          2.101106
        ],
        [
          0.652268,
          0.32556,
          -0.684512,
          1.49448
        ],
        [
          -0.066754,
          -0.874883,
          -0.479712,
          1.335691
        ],
        [
          0.0,
          0.0,
          0.0,
          1.0
        ]
      ]
    },
    {
      "file_path": "/media/NFS/ttao/scannet/posed_images/scene0039_01/00032.jpg",
      "transform_matrix": [
        [
          -0.73481,
          0.412016,
          -0.538792,
          2.08494
        ],
        [
          0.675005,
          0.366324,
          -0.640449,
          1.48146
        ],
        [
          -0.066503,
          -0.834296,
          -0.547292,
          1.306027
        ],
        [
          0.0,
          0.0,
          0.0,
          1.0
        ]
      ]
    },
    {
      "file_path": "/media/NFS/ttao/scannet/posed_images/scene0039_01/00036.jpg",
      "transform_matrix": [
        [
          -0.711187,
          0.452944,
          -0.537638,
          2.082556
        ],
        [
          0.700276,
          0.389144,
          -0.598482,
          1.478249
        ],
        [
          -0.06186,
          -0.802128,
          -0.59394,
          1.292961
        ],
        [
          0.0,
          0.0,
          0.0,
          1.0
        ]
      ]
    },
    {
      "file_path": "/media/NFS/ttao/scannet/posed_images/scene0039_01/00040.jpg",
      "transform_matrix": [
        [
          -0.668795,
          0.479016,
          -0.568557,
          2.091826
        ],
        [
          0.740624,
          0.362704,
          -0.565616,
          1.483852
        ],
        [
          -0.064722,
          -0.799368,
          -0.597345,
          1.271391
        ],
        [
          0.0,
          0.0,
          0.0,
          1.0
        ]
      ]
    },
    {
      "file_path": "/media/NFS/ttao/scannet/posed_images/scene0039_01/00043.jpg",
      "transform_matrix": [
        [
          -0.623124,
          0.485507,
          -0.613187,
          2.099501
        ],
        [
          0.780787,
          0.34034,
          -0.523966,
          1.486282
        ],
        [
          -0.045697,
          -0.805265,
          -0.591152,
          1.27043
        ],
        [
          0.0,
          0.0,
          0.0,
          1.0
        ]
      ]
    },
    {
      "file_path": "/media/NFS/ttao/scannet/posed_images/scene0039_01/00044.jpg",
      "transform_matrix": [
        [
          -0.608808,
          0.485951,
          -0.62706,
          2.104309
        ],
        [
          0.792135,
          0.32924,
          -0.513929,
          1.488308
        ],
        [
          -0.043291,
          -0.809601,
          -0.585383,
          1.271165
        ],
        [
          0.0,
          0.0,
          0.0,
          1.0
        ]
      ]
    },
    {
      "file_path": "/media/NFS/ttao/scannet/posed_images/scene0039_01/00049.jpg",
      "transform_matrix": [
        [
          -0.54217,
          0.479955,
          -0.689706,
          2.137879
        ],
        [
          0.840122,
          0.294296,
          -0.455615,
          1.492548
        ],
        [
          -0.015696,
          -0.826458,
          -0.562779,
          1.274075
        ],
        [
          0.0,
          0.0,
          0.0,
          1.0
        ]
      ]
    },
    {
      "file_path": "/media/NFS/ttao/scannet/posed_images/scene0039_01/00052.jpg",
      "transform_matrix": [
        [
          -0.503053,
          0.492403,
          -0.710265,
          2.168393
        ],
        [
          0.864095,
          0.270728,
          -0.424318,
          1.48875
        ],
        [
          -0.016647,
          -0.827192,
          -0.561674,
          1.278155
        ],
        [
          0.0,
          0.0,
          0.0,
          1.0
        ]
      ]
    },
    {
      "file_path": "/media/NFS/ttao/scannet/posed_images/scene0039_01/00059.jpg",
      "transform_matrix": [
        [
          -0.383707,
          0.522178,
          -0.761642,
          2.189766
        ],
        [
          0.923257,
          0.199866,
          -0.3281,
          1.506202
        ],
        [
          -0.019101,
          -0.829086,
          -0.558795,
          1.291527
        ],
        [
          0.0,
          0.0,
          0.0,
          1.0
        ]
      ]
    },
    {
      "file_path": "/media/NFS/ttao/scannet/posed_images/scene0039_01/00062.jpg",
      "transform_matrix": [
        [
          -0.323797,
          0.526554,
          -0.786064,
          2.180358
        ],
        [
          0.945694,
          0.155011,
          -0.285716,
          1.511552
        ],
        [
          -0.028596,
          -0.83589,
          -0.548151,
          1.309021
        ],
        [
          0.0,
          0.0,
          0.0,
          1.0
        ]
      ]
    },
    {
      "file_path": "/media/NFS/ttao/scannet/posed_images/scene0039_01/00063.jpg",
      "transform_matrix": [
        [
          -0.298496,
          0.524276,
          -0.797518,
          2.175206
        ],
        [
          0.953927,
          0.137293,
          -0.266784,
          1.51382
        ],
        [
          -0.030375,
          -0.840408,
          -0.541102,
          1.311893
        ],
        [
          0.0,
          0.0,
          0.0,
          1.0
        ]
      ]
    },
    {
      "file_path": "/media/NFS/ttao/scannet/posed_images/scene0039_01/00067.jpg",
      "transform_matrix": [
        [
          -0.210611,
          0.523099,
          -0.825839,
          2.138021
        ],
        [
          0.976597,
          0.074919,
          -0.201604,
          1.527168
        ],
        [
          -0.043588,
          -0.848973,
          -0.526636,
          1.330215
        ],
        [
          0.0,
          0.0,
          0.0,
          1.0
        ]
      ]
    },
    {
      "file_path": "/media/NFS/ttao/scannet/posed_images/scene0039_01/00073.jpg",
      "transform_matrix": [
        [
          -0.069494,
          0.483678,
          -0.872482,
          2.053472
        ],
        [
          0.995259,
          -0.026044,
          -0.093711,
          1.551461
        ],
        [
          -0.068048,
          -0.874858,
          -0.479575,
          1.35993
        ],
        [
          0.0,
          0.0,
          0.0,
          1.0
        ]
      ]
    },
    {
      "file_path": "/media/NFS/ttao/scannet/posed_images/scene0039_01/00077.jpg",
      "transform_matrix": [
        [
          -0.023587,
          0.45233,
          -0.891538,
          2.000834
        ],
        [
          0.99696,
          -0.055599,
          -0.054585,
          1.564893
        ],
        [
          -0.074259,
          -0.890116,
          -0.449644,
          1.37157
        ],
        [
          0.0,
          0.0,
          0.0,
          1.0
        ]
      ]
    },
    {
      "file_path": "/media/NFS/ttao/scannet/posed_images/scene0039_01/00080.jpg",
      "transform_matrix": [
        [
          -0.009929,
          0.445716,
          -0.895119,
          1.956916
        ],
        [
          0.997134,
          -0.062733,
          -0.042298,
          1.566586
        ],
        [
          -0.075006,
          -0.892974,
          -0.443816,
          1.384284
        ],
        [
          0.0,
          0.0,
          0.0,
          1.0
        ]
      ]
    },
    {
      "file_path": "/media/NFS/ttao/scannet/posed_images/scene0039_01/00085.jpg",
      "transform_matrix": [
        [
          0.008513,
          0.439717,
          -0.898096,
          1.885362
        ],
        [
          0.996375,
          -0.079753,
          -0.029603,
          1.57893
        ],
        [
          -0.084643,
          -0.894588,
          -0.438802,
          1.402215
        ],
        [
          0.0,
          0.0,
          0.0,
          1.0
        ]
      ]
    },
    {
      "file_path": "/media/NFS/ttao/scannet/posed_images/scene0039_01/00086.jpg",
      "transform_matrix": [
        [
          0.015557,
          0.444086,
          -0.895849,
          1.86864
        ],
        [
          0.99586,
          -0.087127,
          -0.025896,
          1.581986
        ],
        [
          -0.089553,
          -0.891738,
          -0.443604,
          1.407688
        ],
        [
          0.0,
          0.0,
          0.0,
          1.0
        ]
      ]
    },
    {
      "file_path": "/media/NFS/ttao/scannet/posed_images/scene0039_01/00089.jpg",
      "transform_matrix": [
        [
          0.042877,
          0.448399,
          -0.892804,
          1.824024
        ],
        [
          0.995201,
          -0.097841,
          -0.001345,
          1.58919
        ],
        [
          -0.087956,
          -0.888463,
          -0.450442,
          1.41299
        ],
        [
          0.0,
          0.0,
          0.0,
          1.0
        ]
      ]
    },
    {
      "file_path": "/media/NFS/ttao/scannet/posed_images/scene0039_01/00094.jpg",
      "transform_matrix": [
        [
          0.110105,
          0.445506,
          -0.888482,
          1.751327
        ],
        [
          0.992074,
          -0.103712,
          0.070939,
          1.602097
        ],
        [
          -0.060542,
          -0.889252,
          -0.453394,
          1.428153
        ],
        [
          0.0,
          0.0,
          0.0,
          1.0
        ]
      ]
    },
    {
      "file_path": "/media/NFS/ttao/scannet/posed_images/scene0039_01/00099.jpg",
      "transform_matrix": [
        [
          0.162506,
          0.459131,
          -0.873379,
          1.69926
        ],
        [
          0.985339,
          -0.122106,
          0.119148,
          1.595287
        ],
        [
          -0.05194,
          -0.879937,
          -0.472243,
          1.433249
        ],
        [
          0.0,
          0.0,
          0.0,
          1.0
        ]
      ]
    },
    {
      "file_path": "/media/NFS/ttao/scannet/posed_images/scene0039_01/00101.jpg",
      "transform_matrix": [
        [
          0.188883,
          0.458781,
          -0.868241,
          1.680825
        ],
        [
          0.980569,
          -0.135832,
          0.141546,
          1.588673
        ],
        [
          -0.052996,
          -0.878106,
          -0.475523,
          1.437893
        ],
        [
          0.0,
          0.0,
          0.0,
          1.0
        ]
      ]
    },
    {
      "file_path": "/media/NFS/ttao/scannet/posed_images/scene0039_01/00106.jpg",
      "transform_matrix": [
        [
          0.299846,
          0.429418,
          -0.851876,
          1.64644
        ],
        [
          0.951652,
          -0.197088,
          0.235616,
          1.589544
        ],
        [
          -0.066717,
          -0.881338,
          -0.467752,
          1.446357
        ],
        [
          0.0,
          0.0,
          0.0,
          1.0
        ]
      ]
    },
    {
      "file_path": "/media/NFS/ttao/scannet/posed_images/scene0039_01/00108.jpg",
      "transform_matrix": [
        [
          0.350193,
          0.413775,
          -0.84033,
          1.635304
        ],
        [
          0.933699,
          -0.225696,
          0.277971,
          1.594278
        ],
        [
          -0.074642,
          -0.881959,
          -0.465379,
          1.45437
        ],
        [
          0.0,
          0.0,
          0.0,
          1.0
        ]
      ]
    },
    {
      "file_path": "/media/NFS/ttao/scannet/posed_images/scene0039_01/00112.jpg",
      "transform_matrix": [
        [
          0.453201,
          0.368319,
          -0.811757,
          1.622603
        ],
        [
          0.887444,
          -0.272215,
          0.371944,
          1.601243
        ],
        [
          -0.083979,
          -0.888955,
          -0.450231,
          1.474277
        ],
        [
          0.0,
          0.0,
          0.0,
          1.0
        ]
      ]
    },
    {
      "file_path": "/media/NFS/ttao/scannet/posed_images/scene0039_01/00116.jpg",
      "transform_matrix": [
        [
          0.541014,
          0.323034,
          -0.7765,
          1.62738
        ],
        [
          0.836605,
          -0.301124,
          0.45762,
          1.611698
        ],
        [
          -0.085996,
          -0.897203,
          -0.433164,
          1.484096
        ],
        [
          0.0,
          0.0,
          0.0,
          1.0
        ]
      ]
    },
    {
      "file_path": "/media/NFS/ttao/scannet/posed_images/scene0039_01/00121.jpg",
      "transform_matrix": [
        [
          0.6307,
          0.280643,
          -0.723503,
          1.646429
        ],
        [
          0.769912,
          -0.343094,
          0.538072,
          1.616176
        ],
        [
          -0.097224,
          -0.896396,
          -0.43246,
          1.489706
        ],
        [
          0.0,
          0.0,
          0.0,
          1.0
        ]
      ]
    },
    {
      "file_path": "/media/NFS/ttao/scannet/posed_images/scene0039_01/00125.jpg",
      "transform_matrix": [
        [
          0.718242,
          0.235975,
          -0.654556,
          1.669539
        ],
        [
          0.691028,
          -0.351835,
          0.631421,
          1.638116
        ],
        [
          -0.081296,
          -0.90583,
          -0.415768,
          1.489931
        ],
        [
          0.0,
          0.0,
          0.0,
          1.0
        ]
      ]
    },
    {
      "file_path": "/media/NFS/ttao/scannet/posed_images/scene0039_01/00130.jpg",
      "transform_matrix": [
        [
          0.808472,
          0.194288,
          -0.55554,
          1.703627
        ],
        [
          0.585356,
          -0.363418,
          0.724765,
          1.650645
        ],
        [
          -0.061081,
          -0.911142,
          -0.407541,
          1.47691
        ],
        [
          0.0,
          0.0,
          0.0,
          1.0
        ]
      ]
    },
    {
      "file_path": "/media/NFS/ttao/scannet/posed_images/scene0039_01/00133.jpg",
      "transform_matrix": [
        [
          0.837381,
          0.176137,
          -0.517464,
          1.736415
        ],
        [
          0.543608,
          -0.367584,
          0.754567,
          1.662022
        ],
        [
          -0.057305,
          -0.913158,
          -0.403558,
          1.475989
        ],
        [
          0.0,
          0.0,
          0.0,
          1.0
        ]
      ]
    },
    {
      "file_path": "/media/NFS/ttao/scannet/posed_images/scene0039_01/00136.jpg",
      "transform_matrix": [
        [
          0.864344,
          0.14888,
          -0.480359,
          1.769035
        ],
        [
          0.498633,
          -0.377893,
          0.780104,
          1.669271
        ],
        [
          -0.065382,
          -0.913801,
          -0.400866,
          1.478644
        ],
        [
          0.0,
          0.0,
          0.0,
          1.0
        ]
      ]
    },
    {
      "file_path": "/media/NFS/ttao/scannet/posed_images/scene0039_01/00139.jpg",
      "transform_matrix": [
        [
          0.880675,
          0.123485,
          -0.457344,
          1.805492
        ],
        [
          0.467224,
          -0.385758,
          0.795545,
          1.673485
        ],
        [
          -0.078186,
          -0.914299,
          -0.397422,
          1.485548
        ],
        [
          0.0,
          0.0,
          0.0,
          1.0
        ]
      ]
    },
    {
      "file_path": "/media/NFS/ttao/scannet/posed_images/scene0039_01/00142.jpg",
      "transform_matrix": [
        [
          0.895254,
          0.087884,
          -0.436802,
          1.8402
        ],
        [
          0.435518,
          -0.379521,
          0.816264,
          1.659437
        ],
        [
          -0.094038,
          -0.921,
          -0.378043,
          1.486998
        ],
        [
          0.0,
          0.0,
          0.0,
          1.0
        ]
      ]
    },
    {
      "file_path": "/media/NFS/ttao/scannet/posed_images/scene0039_01/00148.jpg",
      "transform_matrix": [
        [
          0.910075,
          0.07656,
          -0.407311,
          1.933645
        ],
        [
          0.403383,
          -0.389163,
          0.828151,
          1.631971
        ],
        [
          -0.095107,
          -0.917982,
          -0.385051,
          1.464874
        ],
        [
          0.0,
          0.0,
          0.0,
          1.0
        ]
      ]
    },
    {
      "file_path": "/media/NFS/ttao/scannet/posed_images/scene0039_01/00153.jpg",
      "transform_matrix": [
        [
          0.923156,
          0.080532,
          -0.375896,
          2.000577
        ],
        [
          0.374347,
          -0.410756,
          0.831351,
          1.602584
        ],
        [
          -0.087451,
          -0.908182,
          -0.409339,
          1.44727
        ],
        [
          0.0,
          0.0,
          0.0,
          1.0
        ]
      ]
    },
    {
      "file_path": "/media/NFS/ttao/scannet/posed_images/scene0039_01/00156.jpg",
      "transform_matrix": [
        [
          0.930129,
          0.081529,
          -0.358069,
          2.03703
        ],
        [
          0.357262,
          -0.426564,
          0.830907,
          1.582762
        ],
        [
          -0.084997,
          -0.900775,
          -0.425887,
          1.425233
        ],
        [
          0.0,
          0.0,
          0.0,
          1.0
        ]
      ]
    },
    {
      "file_path": "/media/NFS/ttao/scannet/posed_images/scene0039_01/00160.jpg",
      "transform_matrix": [
        [
          0.94617,
          0.08344,
          -0.312728,
          2.052917
        ],
        [
          0.31573,
          -0.45061,
          0.835024,
          1.539585
        ],
        [
          -0.071244,
          -0.888813,
          -0.452698,
          1.408738
        ],
        [
          0.0,
          0.0,
          0.0,
          1.0
        ]
      ]
    },
    {
      "file_path": "/media/NFS/ttao/scannet/posed_images/scene0039_01/00162.jpg",
      "transform_matrix": [
        [
          0.953644,
          0.070284,
          -0.292613,
          2.061014
        ],
        [
          0.290833,
          -0.465081,
          0.836131,
          1.526193
        ],
        [
          -0.077322,
          -0.882474,
          -0.463963,
          1.401316
        ],
        [
          0.0,
          0.0,
          0.0,
          1.0
        ]
      ]
    },
    {
      "file_path": "/media/NFS/ttao/scannet/posed_images/scene0039_01/00165.jpg",
      "transform_matrix": [
        [
          0.96269,
          0.048892,
          -0.266153,
          2.083374
        ],
        [
          0.255765,
          -0.485639,
          0.835906,
          1.51834
        ],
        [
          -0.088386,
          -0.872791,
          -0.480025,
          1.398974
        ],
        [
          0.0,
          0.0,
          0.0,
          1.0
        ]
      ]
    },
    {
      "file_path": "/media/NFS/ttao/scannet/posed_images/scene0039_01/00168.jpg",
      "transform_matrix": [
        [
          0.975401,
          0.018425,
          -0.219666,
          2.094232
        ],
        [
          0.199939,
          -0.493581,
          0.846405,
          1.506533
        ],
        [
          -0.092828,
          -0.869505,
          -0.485124,
          1.395948
        ],
        [
          0.0,
          0.0,
          0.0,
          1.0
        ]
      ]
    },
    {
      "file_path": "/media/NFS/ttao/scannet/posed_images/scene0039_01/00173.jpg",
      "transform_matrix": [
        [
          0.99023,
          -0.045082,
          -0.131954,
          2.088537
        ],
        [
          0.090142,
          -0.515029,
          0.85242,
          1.470619
        ],
        [
          -0.106389,
          -0.855987,
          -0.505933,
          1.387962
        ],
        [
          0.0,
          0.0,
          0.0,
          1.0
        ]
      ]
    },
    {
      "file_path": "/media/NFS/ttao/scannet/posed_images/scene0039_01/00176.jpg",
      "transform_matrix": [
        [
          0.993422,
          -0.072194,
          -0.088885,
          2.097887
        ],
        [
          0.037942,
          -0.524847,
          0.850351,
          1.462034
        ],
        [
          -0.108041,
          -0.84813,
          -0.518655,
          1.383166
        ],
        [
          0.0,
          0.0,
          0.0,
          1.0
        ]
      ]
    },
    {
      "file_path": "/media/NFS/ttao/scannet/posed_images/scene0039_01/00183.jpg",
      "transform_matrix": [
        [
          0.992227,
          -0.114262,
          0.04928,
          2.099401
        ],
        [
          -0.101744,
          -0.516944,
          0.849951,
          1.435215
        ],
        [
          -0.071642,
          -0.848359,
          -0.524552,
          1.376992
        ],
        [
          0.0,
          0.0,
          0.0,
          1.0
        ]
      ]
    },
    {
      "file_path": "/media/NFS/ttao/scannet/posed_images/scene0039_01/00186.jpg",
      "transform_matrix": [
        [
          0.987024,
          -0.134682,
          0.087428,
          2.114784
        ],
        [
          -0.144575,
          -0.508513,
          0.84883,
          1.420874
        ],
        [
          -0.069864,
          -0.850456,
          -0.521386,
          1.37277
        ],
        [
          0.0,
          0.0,
          0.0,
          1.0
        ]
      ]
    },
    {
      "file_path": "/media/NFS/ttao/scannet/posed_images/scene0039_01/00190.jpg",
      "transform_matrix": [
        [
          0.974908,
          -0.168884,
          0.14503,
          2.145465
        ],
        [
          -0.211836,
          -0.503591,
          0.837569,
          1.405307
        ],
        [
          -0.068416,
          -0.847275,
          -0.52673,
          1.365447
        ],
        [
          0.0,
          0.0,
          0.0,
          1.0
        ]
      ]
    },
    {
      "file_path": "/media/NFS/ttao/scannet/posed_images/scene0039_01/00191.jpg",
      "transform_matrix": [
        [
          0.970774,
          -0.178483,
          0.160445,
          2.146793
        ],
        [
          -0.230131,
          -0.502554,
          0.833354,
          1.403028
        ],
        [
          -0.068107,
          -0.845922,
          -0.528941,
          1.363157
        ],
        [
          0.0,
          0.0,
          0.0,
          1.0
        ]
      ]
    },
    {
      "file_path": "/media/NFS/ttao/scannet/posed_images/scene0039_01/00198.jpg",
      "transform_matrix": [
        [
          0.937851,
          -0.243686,
          0.247089,
          2.18159
        ],
        [
          -0.339128,
          -0.492381,
          0.801594,
          1.425439
        ],
        [
          -0.073675,
          -0.83557,
          -0.544421,
          1.366886
        ],
        [
          0.0,
          0.0,
          0.0,
          1.0
        ]
      ]
    },
    {
      "file_path": "/media/NFS/ttao/scannet/posed_images/scene0039_01/00200.jpg",
      "transform_matrix": [
        [
          0.923063,
          -0.266802,
          0.277076,
          2.195268
        ],
        [
          -0.376636,
          -0.480661,
          0.791903,
          1.429667
        ],
        [
          -0.078102,
          -0.835334,
          -0.544167,
          1.363996
        ],
        [
          0.0,
          0.0,
          0.0,
          1.0
        ]
      ]
    },
    {
      "file_path": "/media/NFS/ttao/scannet/posed_images/scene0039_01/00203.jpg",
      "transform_matrix": [
        [
          0.898005,
          -0.297112,
          0.324516,
          2.213167
        ],
        [
          -0.432682,
          -0.462513,
          0.773866,
          1.449152
        ],
        [
          -0.079832,
          -0.835348,
          -0.543895,
          1.367127
        ],
        [
          0.0,
          0.0,
          0.0,
          1.0
        ]
      ]
    },
    {
      "file_path": "/media/NFS/ttao/scannet/posed_images/scene0039_01/00209.jpg",
      "transform_matrix": [
        [
          0.834846,
          -0.375183,
          0.402827,
          2.289728
        ],
        [
          -0.541056,
          -0.424398,
          0.726047,
          1.493098
        ],
        [
          -0.101441,
          -0.82409,
          -0.557302,
          1.371508
        ],
        [
          0.0,
          0.0,
          0.0,
          1.0
        ]
      ]
    },
    {
      "file_path": "/media/NFS/ttao/scannet/posed_images/scene0039_01/00212.jpg",
      "transform_matrix": [
        [
          0.796053,
          -0.408739,
          0.446354,
          2.321812
        ],
        [
          -0.594704,
          -0.391337,
          0.70227,
          1.530137
        ],
        [
          -0.11237,
          -0.824493,
          -0.554604,
          1.376816
        ],
        [
          0.0,
          0.0,
          0.0,
          1.0
        ]
      ]
    },
    {
      "file_path": "/media/NFS/ttao/scannet/posed_images/scene0039_01/00217.jpg",
      "transform_matrix": [
        [
          0.757811,
          -0.426155,
          0.494079,
          2.382315
        ],
        [
          -0.640941,
          -0.344464,
          0.685958,
          1.587256
        ],
        [
          -0.122132,
          -0.836502,
          -0.534179,
          1.389777
        ],
        [
          0.0,
          0.0,
          0.0,
          1.0
        ]
      ]
    },
    {
      "file_path": "/media/NFS/ttao/scannet/posed_images/scene0039_01/00220.jpg",
      "transform_matrix": [
        [
          0.740165,
          -0.423943,
          0.521945,
          2.409926
        ],
        [
          -0.66132,
          -0.31846,
          0.679146,
          1.61608
        ],
        [
          -0.121701,
          -0.847854,
          -0.516075,
          1.383836
        ],
        [
          0.0,
          0.0,
          0.0,
          1.0
        ]
      ]
    },
    {
      "file_path": "/media/NFS/ttao/scannet/posed_images/scene0039_01/00221.jpg",
      "transform_matrix": [
        [
          0.735616,
          -0.423828,
          0.528431,
          2.416113
        ],
        [
          -0.666535,
          -0.313721,
          0.676247,
          1.621049
        ],
        [
          -0.120832,
          -0.849676,
          -0.513275,
          1.377976
        ],
        [
          0.0,
          0.0,
          0.0,
          1.0
        ]
      ]
    },
    {
      "file_path": "/media/NFS/ttao/scannet/posed_images/scene0039_01/00225.jpg",
      "transform_matrix": [
        [
          0.70109,
          -0.439716,
          0.561357,
          2.445102
        ],
        [
          -0.70358,
          -0.298542,
          0.644863,
          1.666142
        ],
        [
          -0.115968,
          -0.847067,
          -0.51868,
          1.37153
        ],
        [
          0.0,
          0.0,
          0.0,
          1.0
        ]
      ]
    },
    {
      "file_path": "/media/NFS/ttao/scannet/posed_images/scene0039_01/00232.jpg",
      "transform_matrix": [
        [
          0.621785,
          -0.464638,
          0.630472,
          2.460812
        ],
        [
          -0.775004,
          -0.248955,
          0.580853,
          1.754684
        ],
        [
          -0.112928,
          -0.849784,
          -0.514893,
          1.372104
        ],
        [
          0.0,
          0.0,
          0.0,
          1.0
        ]
      ]
    },
    {
      "file_path": "/media/NFS/ttao/scannet/posed_images/scene0039_01/00233.jpg",
      "transform_matrix": [
        [
          0.611257,
          -0.465547,
          0.640024,
          2.456716
        ],
        [
          -0.783699,
          -0.243275,
          0.571518,
          1.766889
        ],
        [
          -0.110367,
          -0.850931,
          -0.513552,
          1.370444
        ],
        [
          0.0,
          0.0,
          0.0,
          1.0
        ]
      ]
    },
    {
      "file_path": "/media/NFS/ttao/scannet/posed_images/scene0039_01/00236.jpg",
      "transform_matrix": [
        [
          0.571707,
          -0.460742,
          0.678872,
          2.441436
        ],
        [
          -0.81416,
          -0.216267,
          0.538861,
          1.829654
        ],
        [
          -0.101458,
          -0.860782,
          -0.49876,
          1.381561
        ],
        [
          0.0,
          0.0,
          0.0,
          1.0
        ]
      ]
    },
    {
      "file_path": "/media/NFS/ttao/scannet/posed_images/scene0039_01/00243.jpg",
      "transform_matrix": [
        [
          0.444556,
          -0.436693,
          0.782093,
          2.398944
        ],
        [
          -0.888476,
          -0.103915,
          0.447004,
          1.913422
        ],
        [
          -0.113932,
          -0.893589,
          -0.434187,
          1.392907
        ],
        [
          0.0,
          0.0,
          0.0,
          1.0
        ]
      ]
    },
    {
      "file_path": "/media/NFS/ttao/scannet/posed_images/scene0039_01/00244.jpg",
      "transform_matrix": [
        [
          0.431693,
          -0.438117,
          0.788476,
          2.392833
        ],
        [
          -0.894146,
          -0.092592,
          0.438098,
          1.920687
        ],
        [
          -0.118932,
          -0.894136,
          -0.431712,
          1.394897
        ],
        [
          0.0,
          0.0,
          0.0,
          1.0
        ]
      ]
    },
    {
      "file_path": "/media/NFS/ttao/scannet/posed_images/scene0039_01/00251.jpg",
      "transform_matrix": [
        [
          0.342457,
          -0.421884,
          0.839486,
          2.355517
        ],
        [
          -0.93385,
          -0.05471,
          0.353456,
          2.000768
        ],
        [
          -0.103189,
          -0.904998,
          -0.412713,
          1.393512
        ],
        [
          0.0,
          0.0,
          0.0,
          1.0
        ]
      ]
    },
    {
      "file_path": "/media/NFS/ttao/scannet/posed_images/scene0039_01/00253.jpg",
      "transform_matrix": [
        [
          0.315422,
          -0.416307,
          0.852759,
          2.354773
        ],
        [
          -0.943938,
          -0.045397,
          0.326986,
          2.026937
        ],
        [
          -0.097414,
          -0.90809,
          -0.407288,
          1.396467
        ],
        [
          0.0,
          0.0,
          0.0,
          1.0
        ]
      ]
    },
    {
      "file_path": "/media/NFS/ttao/scannet/posed_images/scene0039_01/00258.jpg",
      "transform_matrix": [
        [
          0.216877,
          -0.424126,
          0.879251,
          2.378128
        ],
        [
          -0.970373,
          0.004589,
          0.241567,
          2.109238
        ],
        [
          -0.106489,
          -0.905592,
          -0.410565,
          1.385943
        ],
        [
          0.0,
          0.0,
          0.0,
          1.0
        ]
      ]
    },
    {
      "file_path": "/media/NFS/ttao/scannet/posed_images/scene0039_01/00259.jpg",
      "transform_matrix": [
        [
          0.192322,
          -0.427767,
          0.883192,
          2.385385
        ],
        [
          -0.975078,
          0.018143,
          0.221119,
          2.125958
        ],
        [
          -0.110611,
          -0.903707,
          -0.413617,
          1.389591
        ],
        [
          0.0,
          0.0,
          0.0,
          1.0
        ]
      ]
    },
    {
      "file_path": "/media/NFS/ttao/scannet/posed_images/scene0039_01/00266.jpg",
      "transform_matrix": [
        [
          0.044725,
          -0.429623,
          0.9019,
          2.426837
        ],
        [
          -0.985772,
          0.127449,
          0.109595,
          2.208526
        ],
        [
          -0.162031,
          -0.893969,
          -0.41781,
          1.40658
        ],
        [
          0.0,
          0.0,
          0.0,
          1.0
        ]
      ]
    },
    {
      "file_path": "/media/NFS/ttao/scannet/posed_images/scene0039_01/00267.jpg",
      "transform_matrix": [
        [
          0.033401,
          -0.433651,
          0.900462,
          2.431213
        ],
        [
          -0.985236,
          0.13708,
          0.102561,
          2.219884
        ],
        [
          -0.167911,
          -0.890593,
          -0.42267,
          1.410882
        ],
        [
          0.0,
          0.0,
          0.0,
          1.0
        ]
      ]
    },
    {
      "file_path": "/media/NFS/ttao/scannet/posed_images/scene0039_01/00271.jpg",
      "transform_matrix": [
        [
          -0.034799,
          -0.40148,
          0.915206,
          2.428189
        ],
        [
          -0.988946,
          0.145906,
          0.026403,
          2.243861
        ],
        [
          -0.144134,
          -0.904171,
          -0.40212,
          1.397538
        ],
        [
          0.0,
          0.0,
          0.0,
          1.0
        ]
      ]
    },
    {
      "file_path": "/media/NFS/ttao/scannet/posed_images/scene0039_01/00277.jpg",
      "transform_matrix": [
        [
          -0.154422,
          -0.367083,
          0.91728,
          2.398537
        ],
        [
          -0.979372,
          0.179335,
          -0.093108,
          2.268101
        ],
        [
          -0.130322,
          -0.912737,
          -0.387204,
          1.405537
        ],
        [
          0.0,
          0.0,
          0.0,
          1.0
        ]
      ]
    },
    {
      "file_path": "/media/NFS/ttao/scannet/posed_images/scene0039_01/00278.jpg",
      "transform_matrix": [
        [
          -0.172261,
          -0.368371,
          0.91358,
          2.389857
        ],
        [
          -0.976716,
          0.18427,
          -0.109865,
          2.268605
        ],
        [
          -0.127874,
          -0.911234,
          -0.391536,
          1.415999
        ],
        [
          0.0,
          0.0,
          0.0,
          1.0
        ]
      ]
    },
    {
      "file_path": "/media/NFS/ttao/scannet/posed_images/scene0039_01/00285.jpg",
      "transform_matrix": [
        [
          -0.267291,
          -0.408561,
          0.872716,
          2.293956
        ],
        [
          -0.960051,
          0.190744,
          -0.204743,
          2.272906
        ],
        [
          -0.082816,
          -0.892577,
          -0.443224,
          1.420698
        ],
        [
          0.0,
          0.0,
          0.0,
          1.0
        ]
      ]
    },
    {
      "file_path": "/media/NFS/ttao/scannet/posed_images/scene0039_01/00288.jpg",
      "transform_matrix": [
        [
          -0.310392,
          -0.399606,
          0.862538,
          2.246981
        ],
        [
          -0.947151,
          0.207323,
          -0.24479,
          2.261486
        ],
        [
          -0.081005,
          -0.892935,
          -0.442838,
          1.415931
        ],
        [
          0.0,
          0.0,
          0.0,
          1.0
        ]
      ]
    },
    {
      "file_path": "/media/NFS/ttao/scannet/posed_images/scene0039_01/00290.jpg",
      "transform_matrix": [
        [
          -0.335366,
          -0.388683,
          0.85817,
          2.214364
        ],
        [
          -0.937859,
          0.22395,
          -0.265077,
          2.240305
        ],
        [
          -0.089157,
          -0.893741,
