{
  "frames": [
    {
      "file_path": "/media/NFS/ttao/scannet/posed_images/scene0575_00/00000.jpg",
      "transform_matrix": [
        [
          -0.050934,
          -0.433276,
          0.899821,
          1.143597
        ],
        [
          -0.996061,
          -0.043446,
          -0.077302,
          2.337736
        ],
        [
          0.072587,
          -0.900214,
          -0.429356,
          1.408284
        ],
        [
          0.0,
          0.0,
          0.0,
          1.0
        ]
      ]
    },
    {
      "file_path": "/media/NFS/ttao/scannet/posed_images/scene0575_00/00009.jpg",
      "transform_matrix": [
        [
          -0.077643,
          -0.424731,
          0.901984,
          1.143423
        ],
        [
          -0.99376,
          -0.039695,
          -0.104235,
          2.333657
        ],
        [
          0.080076,
          -0.904449,
          -0.418999,
          1.416386
        ],
        [
          0.0,
          0.0,
          0.0,
          1.0
        ]
      ]
    },
    {
      "file_path": "/media/NFS/ttao/scannet/posed_images/scene0575_00/00018.jpg",
      "transform_matrix": [
        [
          -0.104211,
          -0.411902,
          0.90525,
          1.126878
        ],
        [
          -0.991274,
          -0.030866,
          -0.128158,
          2.346109
        ],
        [
          0.08073,
          -0.910706,
          -0.40509,
          1.41948
        ],
        [
          0.0,
          0.0,
          0.0,
          1.0
        ]
      ]
    },
    {
      "file_path": "/media/NFS/ttao/scannet/posed_images/scene0575_00/00026.jpg",
      "transform_matrix": [
        [
          -0.119976,
          -0.390517,
          0.912744,
          1.125036
        ],
        [
          -0.989776,
          -0.02438,
          -0.140533,
          2.348305
        ],
        [
          0.077133,
          -0.920273,
          -0.3836,
          1.437676
        ],
        [
          0.0,
          0.0,
          0.0,
          1.0
        ]
      ]
    },
    {
      "file_path": "/media/NFS/ttao/scannet/posed_images/scene0575_00/00044.jpg",
      "transform_matrix": [
        [
          0.017457,
          -0.474232,
          0.880227,
          1.10782
        ],
        [
          -0.999473,
          -0.032379,
          0.002377,
          2.33301
        ],
        [
          0.027373,
          -0.879804,
          -0.474548,
          1.387966
        ],
        [
          0.0,
          0.0,
          0.0,
          1.0
        ]
      ]
    },
    {
      "file_path": "/media/NFS/ttao/scannet/posed_images/scene0575_00/00047.jpg",
      "transform_matrix": [
        [
          0.022436,
          -0.47384,
          0.880325,
          1.103206
        ],
        [
          -0.999177,
          -0.040408,
          0.003715,
          2.328576
        ],
        [
          0.033812,
          -0.879683,
          -0.474357,
          1.386686
        ],
        [
          0.0,
          0.0,
          0.0,
          1.0
        ]
      ]
    },
    {
      "file_path": "/media/NFS/ttao/scannet/posed_images/scene0575_00/00065.jpg",
      "transform_matrix": [
        [
          0.125199,
          -0.426039,
          0.896,
          1.089916
        ],
        [
          -0.991579,
          -0.083876,
          0.098673,
          2.307817
        ],
        [
          0.033114,
          -0.900808,
          -0.432952,
          1.413966
        ],
        [
          0.0,
          0.0,
          0.0,
          1.0
        ]
      ]
    },
    {
      "file_path": "/media/NFS/ttao/scannet/posed_images/scene0575_00/00067.jpg",
      "transform_matrix": [
        [
          0.140237,
          -0.421749,
          0.895802,
          1.088623
        ],
        [
          -0.989718,
          -0.085438,
          0.114714,
          2.306399
        ],
        [
          0.028155,
          -0.902678,
          -0.429394,
          1.414434
        ],
        [
          0.0,
          0.0,
          0.0,
          1.0
        ]
      ]
    },
    {
      "file_path": "/media/NFS/ttao/scannet/posed_images/scene0575_00/00082.jpg",
      "transform_matrix": [
        [
          0.161243,
          -0.379885,
          0.910872,
          1.09074
        ],
        [
          -0.986045,
          -0.100754,
          0.13253,
          2.320492
        ],
        [
          0.041428,
          -0.91953,
          -0.390829,
          1.426336
        ],
        [
          0.0,
          0.0,
          0.0,
          1.0
        ]
      ]
    },
    {
      "file_path": "/media/NFS/ttao/scannet/posed_images/scene0575_00/00085.jpg",
      "transform_matrix": [
        [
          0.163846,
          -0.375617,
          0.912177,
          1.093516
        ],
        [
          -0.985211,
          -0.109305,
          0.131955,
          2.33478
        ],
        [
          0.05014,
          -0.920307,
          -0.387971,
          1.425319
        ],
        [
          0.0,
          0.0,
          0.0,
          1.0
        ]
      ]
    },
    {
      "file_path": "/media/NFS/ttao/scannet/posed_images/scene0575_00/00100.jpg",
      "transform_matrix": [
        [
          0.22679,
          -0.360668,
          0.904702,
          1.097754
        ],
        [
          -0.971168,
          -0.153828,
          0.182127,
          2.406208
        ],
        [
          0.073481,
          -0.919922,
          -0.385155,
          1.419896
        ],
        [
          0.0,
          0.0,
          0.0,
          1.0
        ]
      ]
    },
    {
      "file_path": "/media/NFS/ttao/scannet/posed_images/scene0575_00/00111.jpg",
      "transform_matrix": [
        [
          0.255331,
          -0.384807,
          0.886978,
          1.076277
        ],
        [
          -0.96331,
          -0.179717,
          0.199336,
          2.391257
        ],
        [
          0.082699,
          -0.905332,
          -0.416576,
          1.388152
        ],
        [
          0.0,
          0.0,
          0.0,
          1.0
        ]
      ]
    },
    {
      "file_path": "/media/NFS/ttao/scannet/posed_images/scene0575_00/00123.jpg",
      "transform_matrix": [
        [
          0.323521,
          -0.423821,
          0.845996,
          1.022719
        ],
        [
          -0.944994,
          -0.190239,
          0.266075,
          2.254496
        ],
        [
          0.048173,
          -0.885542,
          -0.462055,
          1.370188
        ],
        [
          0.0,
          0.0,
          0.0,
          1.0
        ]
      ]
    },
    {
      "file_path": "/media/NFS/ttao/scannet/posed_images/scene0575_00/00126.jpg",
      "transform_matrix": [
        [
          0.344493,
          -0.415009,
          0.842076,
          1.005647
        ],
        [
          -0.937056,
          -0.206488,
          0.281584,
          2.204012
        ],
        [
          0.057019,
          -0.886076,
          -0.46002,
          1.370667
        ],
        [
          0.0,
          0.0,
          0.0,
          1.0
        ]
      ]
    },
    {
      "file_path": "/media/NFS/ttao/scannet/posed_images/scene0575_00/00138.jpg",
      "transform_matrix": [
        [
          0.410678,
          -0.416586,
          0.811049,
          0.968756
        ],
        [
          -0.911482,
          -0.210324,
          0.353502,
          2.089775
        ],
        [
          0.023319,
          -0.884432,
          -0.466085,
          1.396706
        ],
        [
          0.0,
          0.0,
          0.0,
          1.0
        ]
      ]
    },
    {
      "file_path": "/media/NFS/ttao/scannet/posed_images/scene0575_00/00153.jpg",
      "transform_matrix": [
        [
          0.500689,
          -0.368822,
          0.783123,
          0.969594
        ],
        [
          -0.865423,
          -0.193624,
          0.462118,
          2.050058
        ],
        [
          -0.018808,
          -0.90911,
          -0.416132,
          1.439892
        ],
        [
          0.0,
          0.0,
          0.0,
          1.0
        ]
      ]
    },
    {
      "file_path": "/media/NFS/ttao/scannet/posed_images/scene0575_00/00155.jpg",
      "transform_matrix": [
        [
          0.518986,
          -0.367023,
          0.771976,
          0.976203
        ],
        [
          -0.854046,
          -0.185148,
          0.486134,
          2.03902
        ],
        [
          -0.035493,
          -0.9116,
          -0.409543,
          1.442223
        ],
        [
          0.0,
          0.0,
          0.0,
          1.0
        ]
      ]
    },
    {
      "file_path": "/media/NFS/ttao/scannet/posed_images/scene0575_00/00170.jpg",
      "transform_matrix": [
        [
          0.49449,
          -0.353532,
          0.794037,
          1.009791
        ],
        [
          -0.867544,
          -0.144673,
          0.475854,
          2.042121
        ],
        [
          -0.053354,
          -0.924167,
          -0.378244,
          1.469939
        ],
        [
          0.0,
          0.0,
          0.0,
          1.0
        ]
      ]
    },
    {
      "file_path": "/media/NFS/ttao/scannet/posed_images/scene0575_00/00182.jpg",
      "transform_matrix": [
        [
          0.51665,
          -0.33735,
          0.786936,
          1.031464
        ],
        [
          -0.856169,
          -0.196168,
          0.478009,
          2.135492
        ],
        [
          -0.006885,
          -0.920713,
          -0.390179,
          1.441853
        ],
        [
          0.0,
          0.0,
          0.0,
          1.0
        ]
      ]
    },
    {
      "file_path": "/media/NFS/ttao/scannet/posed_images/scene0575_00/00185.jpg",
      "transform_matrix": [
        [
          0.513711,
          -0.326451,
          0.79343,
          1.042955
        ],
        [
          -0.85784,
          -0.211127,
          0.468547,
          2.171805
        ],
        [
          0.014557,
          -0.921334,
          -0.388501,
          1.441796
        ],
        [
          0.0,
          0.0,
          0.0,
          1.0
        ]
      ]
    },
    {
      "file_path": "/media/NFS/ttao/scannet/posed_images/scene0575_00/00194.jpg",
      "transform_matrix": [
        [
          0.498958,
          -0.299341,
          0.813287,
          1.088211
        ],
        [
          -0.866177,
          -0.202472,
          0.456884,
          2.277948
        ],
        [
          0.027904,
          -0.932416,
          -0.360307,
          1.436217
        ],
        [
          0.0,
          0.0,
          0.0,
          1.0
        ]
      ]
    },
    {
      "file_path": "/media/NFS/ttao/scannet/posed_images/scene0575_00/00211.jpg",
      "transform_matrix": [
        [
          0.512095,
          -0.347678,
          0.785417,
          1.240181
        ],
        [
          -0.858855,
          -0.195245,
          0.473548,
          2.468497
        ],
        [
          -0.011293,
          -0.91706,
          -0.398589,
          1.387946
        ],
        [
          0.0,
          0.0,
          0.0,
          1.0
        ]
      ]
    },
    {
      "file_path": "/media/NFS/ttao/scannet/posed_images/scene0575_00/00217.jpg",
      "transform_matrix": [
        [
          0.485707,
          -0.342373,
          0.804282,
          1.317827
        ],
        [
          -0.873839,
          -0.166766,
          0.456722,
          2.554844
        ],
        [
          -0.022242,
          -0.924646,
          -0.380178,
          1.397141
        ],
        [
          0.0,
          0.0,
          0.0,
          1.0
        ]
      ]
    },
    {
      "file_path": "/media/NFS/ttao/scannet/posed_images/scene0575_00/00229.jpg",
      "transform_matrix": [
        [
          0.494321,
          -0.311112,
          0.8117,
          1.418534
        ],
        [
          -0.869201,
          -0.164349,
          0.466347,
          2.702763
        ],
        [
          -0.011684,
          -0.936055,
          -0.35166,
          1.421407
        ],
        [
          0.0,
          0.0,
          0.0,
          1.0
        ]
      ]
    },
    {
      "file_path": "/media/NFS/ttao/scannet/posed_images/scene0575_00/00232.jpg",
      "transform_matrix": [
        [
          0.480849,
          -0.307704,
          0.821037,
          1.427598
        ],
        [
          -0.87677,
          -0.176897,
          0.447193,
          2.754691
        ],
        [
          0.007636,
          -0.934893,
          -0.354847,
          1.405871
        ],
        [
          0.0,
          0.0,
          0.0,
          1.0
        ]
      ]
    },
    {
      "file_path": "/media/NFS/ttao/scannet/posed_images/scene0575_00/00246.jpg",
      "transform_matrix": [
        [
          0.515893,
          -0.277308,
          0.810528,
          1.470037
        ],
        [
          -0.856501,
          -0.149144,
          0.494127,
          3.048967
        ],
        [
          -0.016139,
          -0.949135,
          -0.314457,
          1.424428
        ],
        [
          0.0,
          0.0,
          0.0,
          1.0
        ]
      ]
    },
    {
      "file_path": "/media/NFS/ttao/scannet/posed_images/scene0575_00/00255.jpg",
      "transform_matrix": [
        [
          0.561921,
          -0.274961,
          0.780155,
          1.528543
        ],
        [
          -0.827191,
          -0.185882,
          0.530286,
          3.226079
        ],
        [
          -0.000791,
          -0.943315,
          -0.331897,
          1.409959
        ],
        [
          0.0,
          0.0,
          0.0,
          1.0
        ]
      ]
    },
    {
      "file_path": "/media/NFS/ttao/scannet/posed_images/scene0575_00/00270.jpg",
      "transform_matrix": [
        [
          0.63087,
          -0.299957,
          0.715562,
          1.677739
        ],
        [
          -0.773454,
          -0.17012,
          0.610597,
          3.381676
        ],
        [
          -0.061421,
          -0.938662,
          -0.339326,
          1.408155
        ],
        [
          0.0,
          0.0,
          0.0,
          1.0
        ]
      ]
    },
    {
      "file_path": "/media/NFS/ttao/scannet/posed_images/scene0575_00/00276.jpg",
      "transform_matrix": [
        [
          0.662713,
          -0.278927,
          0.694991,
          1.731473
        ],
        [
          -0.747992,
          -0.201509,
          0.632378,
          3.426631
        ],
        [
          -0.03634,
          -0.938932,
          -0.342178,
          1.410437
        ],
        [
          0.0,
          0.0,
          0.0,
          1.0
        ]
      ]
    },
    {
      "file_path": "/media/NFS/ttao/scannet/posed_images/scene0575_00/00287.jpg",
      "transform_matrix": [
        [
          0.692846,
          -0.244467,
          0.678381,
          1.772044
        ],
        [
          -0.721055,
          -0.22626,
          0.654894,
          3.525371
        ],
        [
          -0.00661,
          -0.94289,
          -0.333038,
          1.4159
        ],
        [
          0.0,
          0.0,
          0.0,
          1.0
        ]
      ]
    },
    {
      "file_path": "/media/NFS/ttao/scannet/posed_images/scene0575_00/00293.jpg",
      "transform_matrix": [
        [
          0.677593,
          -0.239252,
          0.695432,
          1.78148
        ],
        [
          -0.735406,
          -0.229035,
          0.637747,
          3.603362
        ],
        [
          0.006696,
          -0.943558,
          -0.33114,
          1.407612
        ],
        [
          0.0,
          0.0,
          0.0,
          1.0
        ]
      ]
    },
    {
      "file_path": "/media/NFS/ttao/scannet/posed_images/scene0575_00/00308.jpg",
      "transform_matrix": [
        [
          0.69579,
          -0.251305,
          0.672846,
          1.782626
        ],
        [
          -0.717785,
          -0.276831,
          0.638866,
          3.820518
        ],
        [
          0.025714,
          -0.927475,
          -0.372999,
          1.397246
        ],
        [
          0.0,
          0.0,
          0.0,
          1.0
        ]
      ]
    },
    {
      "file_path": "/media/NFS/ttao/scannet/posed_images/scene0575_00/00317.jpg",
      "transform_matrix": [
        [
          0.711084,
          -0.260982,
          0.652877,
          1.812227
        ],
        [
          -0.702968,
          -0.28239,
          0.652757,
          3.875566
        ],
        [
          0.014008,
          -0.923117,
          -0.384265,
          1.379961
        ],
        [
          0.0,
          0.0,
          0.0,
          1.0
        ]
      ]
    },
    {
      "file_path": "/media/NFS/ttao/scannet/posed_images/scene0575_00/00320.jpg",
      "transform_matrix": [
        [
          0.701584,
          -0.265642,
          0.661222,
          1.819086
        ],
        [
          -0.712423,
          -0.281364,
          0.642875,
          3.899451
        ],
        [
          0.015269,
          -0.9221,
          -0.38665,
          1.377235
        ],
        [
          0.0,
          0.0,
          0.0,
          1.0
        ]
      ]
    },
    {
      "file_path": "/media/NFS/ttao/scannet/posed_images/scene0575_00/00337.jpg",
      "transform_matrix": [
        [
          0.44509,
          -0.361487,
          0.819281,
          1.979708
        ],
        [
          -0.895338,
          -0.196259,
          0.399815,
          4.041817
        ],
        [
          0.016263,
          -0.911487,
          -0.411006,
          1.362197
        ],
        [
          0.0,
          0.0,
          0.0,
          1.0
        ]
      ]
    },
    {
      "file_path": "/media/NFS/ttao/scannet/posed_images/scene0575_00/00346.jpg",
      "transform_matrix": [
        [
          0.345555,
          -0.365836,
          0.864151,
          2.024401
        ],
        [
          -0.933974,
          -0.223401,
          0.2789,
          4.121585
        ],
        [
          0.09102,
          -0.903469,
          -0.418878,
          1.348186
        ],
        [
          0.0,
          0.0,
          0.0,
          1.0
        ]
      ]
    },
    {
      "file_path": "/media/NFS/ttao/scannet/posed_images/scene0575_00/00349.jpg",
      "transform_matrix": [
        [
          0.332427,
          -0.377012,
          0.864497,
          2.035092
        ],
        [
          -0.938583,
          -0.222132,
          0.264043,
          4.147911
        ],
        [
          0.092485,
          -0.899177,
          -0.4277,
          1.343876
        ],
        [
          0.0,
          0.0,
          0.0,
          1.0
        ]
      ]
    },
    {
      "file_path": "/media/NFS/ttao/scannet/posed_images/scene0575_00/00361.jpg",
      "transform_matrix": [
        [
          0.278732,
          -0.40148,
          0.872423,
          2.072591
        ],
        [
          -0.956129,
          -0.201275,
          0.212851,
          4.268893
        ],
        [
          0.090141,
          -0.893478,
          -0.439968,
          1.340401
        ],
        [
          0.0,
          0.0,
          0.0,
          1.0
        ]
      ]
    },
    {
      "file_path": "/media/NFS/ttao/scannet/posed_images/scene0575_00/00370.jpg",
      "transform_matrix": [
        [
          0.284504,
          -0.401886,
          0.870371,
          2.095563
        ],
        [
          -0.95591,
          -0.187832,
          0.225735,
          4.362317
        ],
        [
          0.072764,
          -0.896218,
          -0.437606,
          1.34152
        ],
        [
          0.0,
          0.0,
          0.0,
          1.0
        ]
      ]
    },
    {
      "file_path": "/media/NFS/ttao/scannet/posed_images/scene0575_00/00387.jpg",
      "transform_matrix": [
        [
          0.484364,
          -0.374012,
          0.79089,
          2.035438
        ],
        [
          -0.873645,
          -0.254541,
          0.414673,
          4.448063
        ],
        [
          0.046221,
          -0.891809,
          -0.450044,
          1.338056
        ],
        [
          0.0,
          0.0,
          0.0,
          1.0
        ]
      ]
    },
    {
      "file_path": "/media/NFS/ttao/scannet/posed_images/scene0575_00/00396.jpg",
      "transform_matrix": [
        [
          0.531663,
          -0.34419,
          0.773866,
          1.983166
        ],
        [
          -0.846234,
          -0.253593,
          0.468592,
          4.416159
        ],
        [
          0.034962,
          -0.904005,
          -0.426091,
          1.353881
        ],
        [
          0.0,
          0.0,
          0.0,
          1.0
        ]
      ]
    },
    {
      "file_path": "/media/NFS/ttao/scannet/posed_images/scene0575_00/00405.jpg",
      "transform_matrix": [
        [
          0.628728,
          -0.290081,
          0.721495,
          1.915208
        ],
        [
          -0.776021,
          -0.293618,
          0.558193,
          4.295242
        ],
        [
          0.049922,
          -0.910846,
          -0.409715,
          1.3551
        ],
        [
          0.0,
          0.0,
          0.0,
          1.0
        ]
      ]
    },
    {
      "file_path": "/media/NFS/ttao/scannet/posed_images/scene0575_00/00411.jpg",
      "transform_matrix": [
        [
          0.686549,
          -0.265249,
          0.676974,
          1.889522
        ],
        [
          -0.726624,
          -0.283413,
          0.625856,
          4.178108
        ],
        [
          0.025855,
          -0.921586,
          -0.387313,
          1.36924
        ],
        [
          0.0,
          0.0,
          0.0,
          1.0
        ]
      ]
    },
    {
      "file_path": "/media/NFS/ttao/scannet/posed_images/scene0575_00/00419.jpg",
      "transform_matrix": [
        [
          0.754383,
          -0.24702,
          0.608184,
          1.854377
        ],
        [
          -0.656434,
          -0.283719,
          0.698997,
          4.101099
        ],
        [
          -0.000113,
          -0.926544,
          -0.376185,
          1.379335
        ],
        [
          0.0,
          0.0,
          0.0,
          1.0
        ]
      ]
    },
    {
      "file_path": "/media/NFS/ttao/scannet/posed_images/scene0575_00/00431.jpg",
      "transform_matrix": [
        [
          0.799704,
          -0.253772,
          0.544126,
          1.842076
        ],
        [
          -0.600069,
          -0.308042,
          0.738259,
          4.033885
        ],
        [
          -0.019736,
          -0.916902,
          -0.398623,
          1.378473
        ],
        [
          0.0,
          0.0,
          0.0,
          1.0
        ]
      ]
    },
    {
      "file_path": "/media/NFS/ttao/scannet/posed_images/scene0575_00/00446.jpg",
      "transform_matrix": [
        [
          0.788162,
          -0.213262,
          0.577339,
          1.757597
        ],
        [
          -0.615461,
          -0.277276,
          0.737784,
          3.998031
        ],
        [
          0.002741,
          -0.936823,
          -0.349793,
          1.388366
        ],
        [
          0.0,
          0.0,
          0.0,
          1.0
        ]
      ]
    },
    {
      "file_path": "/media/NFS/ttao/scannet/posed_images/scene0575_00/00452.jpg",
      "transform_matrix": [
        [
          0.777476,
          -0.206999,
          0.593871,
          1.723282
        ],
        [
          -0.628599,
          -0.285599,
          0.723393,
          3.983574
        ],
        [
          0.019867,
          -0.935727,
          -0.352165,
          1.385229
        ],
        [
          0.0,
          0.0,
          0.0,
          1.0
        ]
      ]
    },
    {
      "file_path": "/media/NFS/ttao/scannet/posed_images/scene0575_00/00463.jpg",
      "transform_matrix": [
        [
          0.738799,
          -0.207695,
          0.641123,
          1.670181
        ],
        [
          -0.671022,
          -0.314934,
          0.671228,
          3.970493
        ],
        [
          0.062501,
          -0.92611,
          -0.372041,
          1.392823
        ],
        [
          0.0,
          0.0,
          0.0,
          1.0
        ]
      ]
    },
    {
      "file_path": "/media/NFS/ttao/scannet/posed_images/scene0575_00/00472.jpg",
      "transform_matrix": [
        [
          0.767078,
          -0.197984,
          0.61024,
          1.639776
        ],
        [
          -0.64084,
          -0.281304,
          0.714278,
          3.904799
        ],
        [
          0.030248,
          -0.938973,
          -0.342658,
          1.401861
        ],
        [
          0.0,
          0.0,
          0.0,
          1.0
        ]
      ]
    },
    {
      "file_path": "/media/NFS/ttao/scannet/posed_images/scene0575_00/00481.jpg",
      "transform_matrix": [
        [
          0.832542,
          -0.17063,
          0.527029,
          1.619398
        ],
        [
          -0.553497,
          -0.295207,
          0.778777,
          3.785692
        ],
        [
          0.0227,
          -0.940074,
          -0.340215,
          1.393575
        ],
        [
          0.0,
          0.0,
          0.0,
          1.0
        ]
      ]
    },
    {
      "file_path": "/media/NFS/ttao/scannet/posed_images/scene0575_00/00490.jpg",
      "transform_matrix": [
        [
          0.89043,
          -0.153949,
          0.428293,
          1.631234
        ],
        [
          -0.455015,
          -0.321415,
          0.830454,
          3.693097
        ],
        [
          0.009812,
          -0.934341,
          -0.356246,
          1.395029
        ],
        [
          0.0,
          0.0,
          0.0,
          1.0
        ]
      ]
    },
    {
      "file_path": "/media/NFS/ttao/scannet/posed_images/scene0575_00/00496.jpg",
      "transform_matrix": [
        [
          0.909273,
          -0.154216,
          0.386575,
          1.622879
        ],
        [
          -0.41613,
          -0.319744,
          0.851234,
          3.668973
        ],
        [
          -0.007669,
          -0.93487,
          -0.354908,
          1.391156
        ],
        [
          0.0,
          0.0,
          0.0,
          1.0
        ]
      ]
    },
    {
      "file_path": "/media/NFS/ttao/scannet/posed_images/scene0575_00/00510.jpg",
      "transform_matrix": [
        [
          0.969122,
          -0.115118,
          0.218061,
          1.686542
        ],
        [
          -0.245154,
          -0.354764,
          0.902243,
          3.756969
        ],
        [
          -0.026504,
          -0.927842,
          -0.372031,
          1.403913
        ],
        [
          0.0,
          0.0,
          0.0,
          1.0
        ]
      ]
    },
    {
      "file_path": "/media/NFS/ttao/scannet/posed_images/scene0575_00/00522.jpg",
      "transform_matrix": [
        [
          0.989038,
          -0.065269,
          0.132453,
          1.756771
        ],
        [
          -0.146477,
          -0.320318,
          0.935917,
          3.912378
        ],
        [
          -0.01866,
          -0.945059,
          -0.326367,
          1.422322
        ],
        [
          0.0,
          0.0,
          0.0,
          1.0
        ]
      ]
    },
    {
      "file_path": "/media/NFS/ttao/scannet/posed_images/scene0575_00/00525.jpg",
      "transform_matrix": [
        [
          0.990038,
          -0.068669,
          0.122926,
          1.771785
        ],
        [
          -0.138749,
          -0.327131,
          0.934738,
          3.944125
        ],
        [
          -0.023974,
          -0.942481,
          -0.3334,
          1.420719
        ],
        [
          0.0,
          0.0,
          0.0,
          1.0
        ]
      ]
    },
    {
      "file_path": "/media/NFS/ttao/scannet/posed_images/scene0575_00/00540.jpg",
      "transform_matrix": [
        [
          0.992614,
          -0.082291,
          0.089143,
          1.804077
        ],
        [
          -0.114635,
          -0.395669,
          0.911211,
          3.95584
        ],
        [
          -0.039713,
          -0.914699,
          -0.402179,
          1.390855
        ],
        [
          0.0,
          0.0,
          0.0,
          1.0
        ]
      ]
    },
    {
      "file_path": "/media/NFS/ttao/scannet/posed_images/scene0575_00/00546.jpg",
      "transform_matrix": [
        [
          0.989687,
          -0.096413,
          0.105946,
          1.811059
        ],
        [
          -0.133848,
          -0.3589,
          0.923729,
          3.902951
        ],
        [
          -0.051035,
          -0.928383,
          -0.368103,
          1.410484
        ],
        [
          0.0,
          0.0,
          0.0,
          1.0
        ]
      ]
    },
    {
      "file_path": "/media/NFS/ttao/scannet/posed_images/scene0575_00/00563.jpg",
      "transform_matrix": [
        [
          0.98733,
          -0.054636,
          0.148976,
          1.764762
        ],
        [
          -0.156518,
          -0.180907,
          0.970966,
          3.838768
        ],
        [
          -0.026099,
          -0.981982,
          -0.187166,
          1.48303
        ],
        [
          0.0,
          0.0,
          0.0,
          1.0
        ]
      ]
    },
    {
      "file_path": "/media/NFS/ttao/scannet/posed_images/scene0575_00/00572.jpg",
      "transform_matrix": [
        [
          0.983804,
          -0.051003,
          0.171839,
          1.697506
        ],
        [
          -0.177305,
          -0.136113,
          0.974698,
          3.881824
        ],
        [
          -0.026323,
          -0.98938,
          -0.142951,
          1.45705
        ],
        [
          0.0,
          0.0,
          0.0,
          1.0
        ]
      ]
    },
    {
      "file_path": "/media/NFS/ttao/scannet/posed_images/scene0575_00/00575.jpg",
      "transform_matrix": [
        [
          0.98292,
          -0.044731,
          0.178518,
          1.672174
        ],
        [
          -0.183074,
          -0.138586,
          0.973282,
          3.90921
        ],
        [
          -0.018796,
          -0.98934,
          -0.144408,
          1.444794
        ],
        [
          0.0,
          0.0,
          0.0,
          1.0
        ]
      ]
    },
    {
      "file_path": "/media/NFS/ttao/scannet/posed_images/scene0575_00/00592.jpg",
      "transform_matrix": [
        [
          0.986647,
          -0.035103,
          0.159043,
          1.561615
        ],
        [
          -0.162792,
          -0.24296,
          0.956279,
          4.030563
        ],
        [
          0.005072,
          -0.969401,
          -0.24543,
          1.38956
        ],
        [
          0.0,
          0.0,
          0.0,
          1.0
        ]
      ]
    },
    {
      "file_path": "/media/NFS/ttao/scannet/posed_images/scene0575_00/00601.jpg",
      "transform_matrix": [
        [
          0.987723,
          -0.044937,
          0.149614,
          1.553548
        ],
        [
          -0.156077,
          -0.243376,
          0.957292,
          4.0294
        ],
        [
          -0.006605,
          -0.968891,
          -0.247401,
          1.393042
        ],
        [
          0.0,
          0.0,
          0.0,
          1.0
        ]
      ]
    },
    {
      "file_path": "/media/NFS/ttao/scannet/posed_images/scene0575_00/00607.jpg",
      "transform_matrix": [
        [
          0.978892,
          -0.063574,
          0.194239,
          1.565454
        ],
        [
          -0.204012,
          -0.247082,
          0.947275,
          4.01825
        ],
        [
          -0.012229,
          -0.966907,
          -0.254837,
          1.406101
        ],
        [
          0.0,
          0.0,
          0.0,
          1.0
        ]
      ]
    },
    {
      "file_path": "/media/NFS/ttao/scannet/posed_images/scene0575_00/00622.jpg",
      "transform_matrix": [
        [
          0.936923,
          -0.148171,
          0.316578,
          1.661438
        ],
        [
          -0.343963,
          -0.229724,
          0.910449,
          3.963426
        ],
        [
          -0.062177,
          -0.961911,
          -0.266199,
          1.381259
        ],
        [
          0.0,
          0.0,
          0.0,
          1.0
        ]
      ]
    },
    {
      "file_path": "/media/NFS/ttao/scannet/posed_images/scene0575_00/00628.jpg",
      "transform_matrix": [
        [
          0.927813,
          -0.158918,
          0.337504,
          1.682271
        ],
        [
          -0.367167,
          -0.229017,
          0.901521,
          3.946121
        ],
        [
          -0.065973,
          -0.960363,
          -0.270834,
          1.381373
        ],
        [
          0.0,
          0.0,
          0.0,
          1.0
        ]
      ]
    },
    {
      "file_path": "/media/NFS/ttao/scannet/posed_images/scene0575_00/00636.jpg",
      "transform_matrix": [
        [
          0.91993,
          -0.180502,
          0.348063,
          1.703972
        ],
        [
          -0.382768,
          -0.221092,
          0.896999,
          3.93059
        ],
        [
          -0.084956,
          -0.958404,
          -0.27248,
          1.387045
        ],
        [
          0.0,
          0.0,
          0.0,
          1.0
        ]
      ]
    },
    {
      "file_path": "/media/NFS/ttao/scannet/posed_images/scene0575_00/00651.jpg",
      "transform_matrix": [
        [
          0.922984,
          -0.178763,
          0.3408,
          1.717064
        ],
        [
          -0.38251,
          -0.328866,
          0.863443,
          3.890958
        ],
        [
          -0.042274,
          -0.927303,
          -0.371917,
          1.343274
        ],
        [
          0.0,
          0.0,
          0.0,
          1.0
        ]
      ]
    },
    {
      "file_path": "/media/NFS/ttao/scannet/posed_images/scene0575_00/00660.jpg",
      "transform_matrix": [
        [
          0.960343,
          -0.164414,
          0.225191,
          1.743155
        ],
        [
          -0.272663,
          -0.384923,
          0.881754,
          3.829404
        ],
        [
          -0.058291,
          -0.908186,
          -0.414487,
          1.342849
        ],
        [
          0.0,
          0.0,
          0.0,
          1.0
        ]
      ]
    },
    {
      "file_path": "/media/NFS/ttao/scannet/posed_images/scene0575_00/00666.jpg",
      "transform_matrix": [
        [
          0.960783,
          -0.17088,
          0.218397,
          1.746137
        ],
        [
          -0.267619,
          -0.365059,
          0.891691,
          3.81049
        ],
        [
          -0.072645,
          -0.915168,
          -0.396473,
          1.362961
        ],
        [
          0.0,
          0.0,
          0.0,
          1.0
        ]
      ]
    },
    {
      "file_path": "/media/NFS/ttao/scannet/posed_images/scene0575_00/00680.jpg",
      "transform_matrix": [
        [
          0.978388,
          -0.114634,
          0.172094,
          1.785264
        ],
        [
          -0.198617,
          -0.289469,
          0.936354,
          3.82167
        ],
        [
          -0.057522,
          -0.950298,
          -0.305981,
          1.412932
        ],
        [
          0.0,
          0.0,
          0.0,
          1.0
        ]
      ]
    },
    {
      "file_path": "/media/NFS/ttao/scannet/posed_images/scene0575_00/00683.jpg",
      "transform_matrix": [
        [
          0.981396,
          -0.103162,
          0.161927,
          1.787158
        ],
        [
          -0.185249,
          -0.287142,
          0.939804,
          3.837247
        ],
        [
          -0.050456,
          -0.952317,
          -0.300911,
          1.408107
        ],
        [
          0.0,
          0.0,
          0.0,
          1.0
        ]
      ]
    },
    {
      "file_path": "/media/NFS/ttao/scannet/posed_images/scene0575_00/00692.jpg",
      "transform_matrix": [
        [
          0.980521,
          -0.099838,
          0.169151,
          1.799463
        ],
        [
          -0.192035,
          -0.306382,
          0.932338,
          3.931311
        ],
        [
          -0.041257,
          -0.946659,
          -0.319586,
          1.390972
        ],
        [
          0.0,
          0.0,
          0.0,
          1.0
        ]
      ]
    },
    {
      "file_path": "/media/NFS/ttao/scannet/posed_images/scene0575_00/00707.jpg",
      "transform_matrix": [
        [
          0.918489,
          -0.181214,
          0.351483,
          1.800431
        ],
        [
          -0.39503,
          -0.379624,
          0.836563,
          4.215362
        ],
        [
          -0.018166,
          -0.907219,
          -0.420266,
          1.379559
        ],
        [
          0.0,
          0.0,
          0.0,
          1.0
        ]
      ]
    },
    {
      "file_path": "/media/NFS/ttao/scannet/posed_images/scene0575_00/00716.jpg",
      "transform_matrix": [
        [
          0.918013,
          -0.189717,
          0.348224,
          1.799581
        ],
        [
          -0.396532,
          -0.430707,
          0.810712,
          4.300394
        ],
        [
          -0.003823,
          -0.882326,
          -0.470623,
          1.358949
        ],
        [
          0.0,
          0.0,
          0.0,
          1.0
        ]
      ]
    },
    {
      "file_path": "/media/NFS/ttao/scannet/posed_images/scene0575_00/00727.jpg",
      "transform_matrix": [
        [
          0.987082,
          -0.072138,
          0.143055,
          1.840948
        ],
        [
          -0.159978,
          -0.492186,
          0.855663,
          4.378027
        ],
        [
          0.008684,
          -0.867496,
          -0.497369,
          1.354587
        ],
        [
          0.0,
          0.0,
          0.0,
          1.0
        ]
      ]
    },
    {
      "file_path": "/media/NFS/ttao/scannet/posed_images/scene0575_00/00730.jpg",
      "transform_matrix": [
        [
          0.997086,
          -0.04152,
          0.063999,
          1.869118
        ],
        [
          -0.076213,
          -0.505102,
          0.859688,
          4.407965
        ],
        [
          -0.003368,
          -0.86206,
          -0.506795,
          1.35698
        ],
        [
          0.0,
          0.0,
          0.0,
          1.0
        ]
      ]
    },
    {
      "file_path": "/media/NFS/ttao/scannet/posed_images/scene0575_00/00745.jpg",
      "transform_matrix": [
        [
          0.96464,
          0.093229,
          -0.246534,
          2.009062
        ],
        [
          0.262937,
          -0.405324,
          0.875544,
          4.576937
        ],
        [
          -0.0183,
          -0.909407,
          -0.415505,
          1.378448
        ],
        [
          0.0,
          0.0,
          0.0,
          1.0
        ]
      ]
    },
    {
      "file_path": "/media/NFS/ttao/scannet/posed_images/scene0575_00/00751.jpg",
      "transform_matrix": [
        [
          0.948755,
          0.142198,
          -0.282212,
          2.017478
        ],
        [
          0.31601,
          -0.430833,
          0.845293,
          4.643565
        ],
        [
          -0.001388,
          -0.891158,
          -0.453691,
