{
  "frames": [
    {
      "file_path": "/media/NFS/ttao/scannet/posed_images/scene0447_01/00000.jpg",
      "transform_matrix": [
        [
          -0.9857,
          -0.12232,
          0.115905,
          3.288207
        ],
        [
          -0.160998,
          0.480515,
          -0.862082,
          3.057234
        ],
        [
          0.049756,
          -0.868414,
          -0.493337,
          1.281905
        ],
        [
          0.0,
          0.0,
          0.0,
          1.0
        ]
      ]
    },
    {
      "file_path": "/media/NFS/ttao/scannet/posed_images/scene0447_01/00004.jpg",
      "transform_matrix": [
        [
          -0.9795,
          -0.158999,
          0.12369,
          3.313691
        ],
        [
          -0.184401,
          0.460524,
          -0.868282,
          3.072206
        ],
        [
          0.081094,
          -0.873291,
          -0.480402,
          1.27977
        ],
        [
          0.0,
          0.0,
          0.0,
          1.0
        ]
      ]
    },
    {
      "file_path": "/media/NFS/ttao/scannet/posed_images/scene0447_01/00009.jpg",
      "transform_matrix": [
        [
          -0.972861,
          -0.178978,
          0.146656,
          3.314406
        ],
        [
          -0.21222,
          0.437569,
          -0.873783,
          3.084975
        ],
        [
          0.092216,
          -0.881193,
          -0.463676,
          1.2791
        ],
        [
          0.0,
          0.0,
          0.0,
          1.0
        ]
      ]
    },
    {
      "file_path": "/media/NFS/ttao/scannet/posed_images/scene0447_01/00012.jpg",
      "transform_matrix": [
        [
          -0.971799,
          -0.184179,
          0.147257,
          3.303692
        ],
        [
          -0.214562,
          0.431567,
          -0.876193,
          3.095207
        ],
        [
          0.097825,
          -0.883079,
          -0.458914,
          1.270095
        ],
        [
          0.0,
          0.0,
          0.0,
          1.0
        ]
      ]
    },
    {
      "file_path": "/media/NFS/ttao/scannet/posed_images/scene0447_01/00018.jpg",
      "transform_matrix": [
        [
          -0.973023,
          -0.187355,
          0.134625,
          3.278356
        ],
        [
          -0.20812,
          0.461002,
          -0.862649,
          3.112558
        ],
        [
          0.099559,
          -0.867396,
          -0.487558,
          1.250668
        ],
        [
          0.0,
          0.0,
          0.0,
          1.0
        ]
      ]
    },
    {
      "file_path": "/media/NFS/ttao/scannet/posed_images/scene0447_01/00019.jpg",
      "transform_matrix": [
        [
          -0.9714,
          -0.192598,
          0.138884,
          3.267921
        ],
        [
          -0.215788,
          0.471956,
          -0.854806,
          3.121155
        ],
        [
          0.099087,
          -0.860328,
          -0.500018,
          1.241752
        ],
        [
          0.0,
          0.0,
          0.0,
          1.0
        ]
      ]
    },
    {
      "file_path": "/media/NFS/ttao/scannet/posed_images/scene0447_01/00023.jpg",
      "transform_matrix": [
        [
          -0.966244,
          -0.211598,
          0.146964,
          3.250615
        ],
        [
          -0.237096,
          0.507202,
          -0.828572,
          3.141062
        ],
        [
          0.100784,
          -0.835447,
          -0.540251,
          1.226609
        ],
        [
          0.0,
          0.0,
          0.0,
          1.0
        ]
      ]
    },
    {
      "file_path": "/media/NFS/ttao/scannet/posed_images/scene0447_01/00030.jpg",
      "transform_matrix": [
        [
          -0.959064,
          -0.234838,
          0.158264,
          3.225478
        ],
        [
          -0.265944,
          0.554834,
          -0.788311,
          3.18637
        ],
        [
          0.097315,
          -0.798129,
          -0.594575,
          1.200459
        ],
        [
          0.0,
          0.0,
          0.0,
          1.0
        ]
      ]
    },
    {
      "file_path": "/media/NFS/ttao/scannet/posed_images/scene0447_01/00032.jpg",
      "transform_matrix": [
        [
          -0.958265,
          -0.238126,
          0.15819,
          3.213669
        ],
        [
          -0.269298,
          0.566164,
          -0.779062,
          3.203044
        ],
        [
          0.095954,
          -0.789148,
          -0.606662,
          1.193287
        ],
        [
          0.0,
          0.0,
          0.0,
          1.0
        ]
      ]
    },
    {
      "file_path": "/media/NFS/ttao/scannet/posed_images/scene0447_01/00034.jpg",
      "transform_matrix": [
        [
          -0.955823,
          -0.242999,
          0.165393,
          3.206193
        ],
        [
          -0.278555,
          0.569118,
          -0.773636,
          3.214271
        ],
        [
          0.093865,
          -0.785529,
          -0.611664,
          1.189914
        ],
        [
          0.0,
          0.0,
          0.0,
          1.0
        ]
      ]
    },
    {
      "file_path": "/media/NFS/ttao/scannet/posed_images/scene0447_01/00042.jpg",
      "transform_matrix": [
        [
          -0.963368,
          -0.223202,
          0.148673,
          3.179068
        ],
        [
          -0.251756,
          0.561624,
          -0.78816,
          3.239972
        ],
        [
          0.09242,
          -0.796718,
          -0.597243,
          1.193368
        ],
        [
          0.0,
          0.0,
          0.0,
          1.0
        ]
      ]
    },
    {
      "file_path": "/media/NFS/ttao/scannet/posed_images/scene0447_01/00043.jpg",
      "transform_matrix": [
        [
          -0.965806,
          -0.216363,
          0.142851,
          3.175294
        ],
        [
          -0.242992,
          0.563261,
          -0.789742,
          3.240138
        ],
        [
          0.090408,
          -0.797449,
          -0.596575,
          1.194578
        ],
        [
          0.0,
          0.0,
          0.0,
          1.0
        ]
      ]
    },
    {
      "file_path": "/media/NFS/ttao/scannet/posed_images/scene0447_01/00047.jpg",
      "transform_matrix": [
        [
          -0.97705,
          -0.184518,
          0.106427,
          3.15872
        ],
        [
          -0.193424,
          0.559254,
          -0.806115,
          3.236806
        ],
        [
          0.089223,
          -0.8082,
          -0.58211,
          1.199204
        ],
        [
          0.0,
          0.0,
          0.0,
          1.0
        ]
      ]
    },
    {
      "file_path": "/media/NFS/ttao/scannet/posed_images/scene0447_01/00052.jpg",
      "transform_matrix": [
        [
          -0.990291,
          -0.128108,
          0.053975,
          3.145089
        ],
        [
          -0.116262,
          0.550386,
          -0.826776,
          3.223974
        ],
        [
          0.076209,
          -0.825024,
          -0.559936,
          1.212051
        ],
        [
          0.0,
          0.0,
          0.0,
          1.0
        ]
      ]
    },
    {
      "file_path": "/media/NFS/ttao/scannet/posed_images/scene0447_01/00056.jpg",
      "transform_matrix": [
        [
          -0.996004,
          -0.088443,
          0.012444,
          3.137444
        ],
        [
          -0.059474,
          0.552829,
          -0.83117,
          3.211957
        ],
        [
          0.066632,
          -0.828588,
          -0.55588,
          1.214165
        ],
        [
          0.0,
          0.0,
          0.0,
          1.0
        ]
      ]
    },
    {
      "file_path": "/media/NFS/ttao/scannet/posed_images/scene0447_01/00062.jpg",
      "transform_matrix": [
        [
          -0.998387,
          -0.01373,
          -0.05509,
          3.129528
        ],
        [
          0.037784,
          0.56358,
          -0.825197,
          3.18783
        ],
        [
          0.042378,
          -0.825947,
          -0.562152,
          1.211087
        ],
        [
          0.0,
          0.0,
          0.0,
          1.0
        ]
      ]
    },
    {
      "file_path": "/media/NFS/ttao/scannet/posed_images/scene0447_01/00063.jpg",
      "transform_matrix": [
        [
          -0.997505,
          -0.000338,
          -0.0706,
          3.130787
        ],
        [
          0.058151,
          0.563138,
          -0.824314,
          3.183419
        ],
        [
          0.040036,
          -0.826362,
          -0.561714,
          1.209928
        ],
        [
          0.0,
          0.0,
          0.0,
          1.0
        ]
      ]
    },
    {
      "file_path": "/media/NFS/ttao/scannet/posed_images/scene0447_01/00066.jpg",
      "transform_matrix": [
        [
          -0.992534,
          0.04298,
          -0.114148,
          3.130451
        ],
        [
          0.11873,
          0.554761,
          -0.823495,
          3.171534
        ],
        [
          0.027931,
          -0.830899,
          -0.555722,
          1.211043
        ],
        [
          0.0,
          0.0,
          0.0,
          1.0
        ]
      ]
    },
    {
      "file_path": "/media/NFS/ttao/scannet/posed_images/scene0447_01/00074.jpg",
      "transform_matrix": [
        [
          -0.962705,
          0.136048,
          -0.233857,
          3.127044
        ],
        [
          0.270085,
          0.534047,
          -0.801154,
          3.144009
        ],
        [
          0.015895,
          -0.834437,
          -0.550874,
          1.211929
        ],
        [
          0.0,
          0.0,
          0.0,
          1.0
        ]
      ]
    },
    {
      "file_path": "/media/NFS/ttao/scannet/posed_images/scene0447_01/00076.jpg",
      "transform_matrix": [
        [
          -0.95296,
          0.155005,
          -0.260463,
          3.126495
        ],
        [
          0.302755,
          0.527622,
          -0.793697,
          3.139965
        ],
        [
          0.014399,
          -0.835218,
          -0.549731,
          1.212031
        ],
        [
          0.0,
          0.0,
          0.0,
          1.0
        ]
      ]
    },
    {
      "file_path": "/media/NFS/ttao/scannet/posed_images/scene0447_01/00080.jpg",
      "transform_matrix": [
        [
          -0.933257,
          0.192054,
          -0.303558,
          3.119905
        ],
        [
          0.359136,
          0.516161,
          -0.77756,
          3.135507
        ],
        [
          0.007351,
          -0.834681,
          -0.550684,
          1.211562
        ],
        [
          0.0,
          0.0,
          0.0,
          1.0
        ]
      ]
    },
    {
      "file_path": "/media/NFS/ttao/scannet/posed_images/scene0447_01/00082.jpg",
      "transform_matrix": [
        [
          -0.922589,
          0.204933,
          -0.326851,
          3.116759
        ],
        [
          0.385714,
          0.506105,
          -0.771416,
          3.134747
        ],
        [
          0.007333,
          -0.837771,
          -0.545973,
          1.211795
        ],
        [
          0.0,
          0.0,
          0.0,
          1.0
        ]
      ]
    },
    {
      "file_path": "/media/NFS/ttao/scannet/posed_images/scene0447_01/00089.jpg",
      "transform_matrix": [
        [
          -0.888788,
          0.236398,
          -0.392648,
          3.098911
        ],
        [
          0.458204,
          0.477551,
          -0.749663,
          3.135201
        ],
        [
          0.010291,
          -0.846204,
          -0.53276,
          1.211698
        ],
        [
          0.0,
          0.0,
          0.0,
          1.0
        ]
      ]
    },
    {
      "file_path": "/media/NFS/ttao/scannet/posed_images/scene0447_01/00093.jpg",
      "transform_matrix": [
        [
          -0.881846,
          0.252928,
          -0.397963,
          3.083734
        ],
        [
          0.471485,
          0.485521,
          -0.736187,
          3.139151
        ],
        [
          0.007017,
          -0.836837,
          -0.547407,
          1.205312
        ],
        [
          0.0,
          0.0,
          0.0,
          1.0
        ]
      ]
    },
    {
      "file_path": "/media/NFS/ttao/scannet/posed_images/scene0447_01/00094.jpg",
      "transform_matrix": [
        [
          -0.879606,
          0.256674,
          -0.400514,
          3.081553
        ],
        [
          0.475608,
          0.491295,
          -0.729675,
          3.140134
        ],
        [
          0.009482,
          -0.832315,
          -0.554222,
          1.202508
        ],
        [
          0.0,
          0.0,
          0.0,
          1.0
        ]
      ]
    },
    {
      "file_path": "/media/NFS/ttao/scannet/posed_images/scene0447_01/00100.jpg",
      "transform_matrix": [
        [
          -0.866174,
          0.286134,
          -0.409719,
          3.064838
        ],
        [
          0.499417,
          0.525215,
          -0.689008,
          3.152406
        ],
        [
          0.018042,
          -0.801421,
          -0.597828,
          1.185062
        ],
        [
          0.0,
          0.0,
          0.0,
          1.0
        ]
      ]
    },
    {
      "file_path": "/media/NFS/ttao/scannet/posed_images/scene0447_01/00104.jpg",
      "transform_matrix": [
        [
          -0.857753,
          0.309602,
          -0.410374,
          3.060437
        ],
        [
          0.513889,
          0.537143,
          -0.668876,
          3.163084
        ],
        [
          0.013344,
          -0.784617,
          -0.619837,
          1.172242
        ],
        [
          0.0,
          0.0,
          0.0,
          1.0
        ]
      ]
    },
    {
      "file_path": "/media/NFS/ttao/scannet/posed_images/scene0447_01/00106.jpg",
      "transform_matrix": [
        [
          -0.851823,
          0.323705,
          -0.411841,
          3.058602
        ],
        [
          0.523679,
          0.545148,
          -0.654656,
          3.169842
        ],
        [
          0.012599,
          -0.773323,
          -0.633887,
          1.167001
        ],
        [
          0.0,
          0.0,
          0.0,
          1.0
        ]
      ]
    },
    {
      "file_path": "/media/NFS/ttao/scannet/posed_images/scene0447_01/00113.jpg",
      "transform_matrix": [
        [
          -0.83343,
          0.348958,
          -0.428513,
          3.051138
        ],
        [
          0.552319,
          0.551807,
          -0.624862,
          3.183445
        ],
        [
          0.018406,
          -0.757455,
          -0.652628,
          1.155496
        ],
        [
          0.0,
          0.0,
          0.0,
          1.0
        ]
      ]
    },
    {
      "file_path": "/media/NFS/ttao/scannet/posed_images/scene0447_01/00114.jpg",
      "transform_matrix": [
        [
          -0.829722,
          0.349579,
          -0.43515,
          3.051424
        ],
        [
          0.557806,
          0.547715,
          -0.623588,
          3.184208
        ],
        [
          0.020345,
          -0.760133,
          -0.649449,
          1.154638
        ],
        [
          0.0,
          0.0,
          0.0,
          1.0
        ]
      ]
    },
    {
      "file_path": "/media/NFS/ttao/scannet/posed_images/scene0447_01/00118.jpg",
      "transform_matrix": [
        [
          -0.811327,
          0.34989,
          -0.468322,
          3.048622
        ],
        [
          0.584014,
          0.520763,
          -0.622683,
          3.183654
        ],
        [
          0.026014,
          -0.778706,
          -0.626849,
          1.160813
        ],
        [
          0.0,
          0.0,
          0.0,
          1.0
        ]
      ]
    },
    {
      "file_path": "/media/NFS/ttao/scannet/posed_images/scene0447_01/00125.jpg",
      "transform_matrix": [
        [
          -0.788442,
          0.357479,
          -0.500568,
          3.038784
        ],
        [
          0.6146,
          0.490922,
          -0.617464,
          3.177956
        ],
        [
          0.02501,
          -0.794484,
          -0.60677,
          1.174562
        ],
        [
          0.0,
          0.0,
          0.0,
          1.0
        ]
      ]
    },
    {
      "file_path": "/media/NFS/ttao/scannet/posed_images/scene0447_01/00126.jpg",
      "transform_matrix": [
        [
          -0.787065,
          0.358505,
          -0.501999,
          3.037006
        ],
        [
          0.61647,
          0.48644,
          -0.619145,
          3.177444
        ],
        [
          0.022226,
          -0.796775,
          -0.603867,
          1.176093
        ],
        [
          0.0,
          0.0,
          0.0,
          1.0
        ]
      ]
    },
    {
      "file_path": "/media/NFS/ttao/scannet/posed_images/scene0447_01/00132.jpg",
      "transform_matrix": [
        [
          -0.787235,
          0.347656,
          -0.509311,
          3.02741
        ],
        [
          0.616527,
          0.460491,
          -0.638626,
          3.168864
        ],
        [
          0.012511,
          -0.816752,
          -0.576854,
          1.191434
        ],
        [
          0.0,
          0.0,
          0.0,
          1.0
        ]
      ]
    },
    {
      "file_path": "/media/NFS/ttao/scannet/posed_images/scene0447_01/00134.jpg",
      "transform_matrix": [
        [
          -0.792111,
          0.342463,
          -0.505252,
          3.026505
        ],
        [
          0.610332,
          0.454519,
          -0.648774,
          3.165973
        ],
        [
          0.007465,
          -0.822272,
          -0.569046,
          1.195114
        ],
        [
          0.0,
          0.0,
          0.0,
          1.0
        ]
      ]
    },
    {
      "file_path": "/media/NFS/ttao/scannet/posed_images/scene0447_01/00140.jpg",
      "transform_matrix": [
        [
          -0.813754,
          0.319458,
          -0.485541,
          3.02724
        ],
        [
          0.581042,
          0.42715,
          -0.692772,
          3.155005
        ],
        [
          -0.013913,
          -0.845866,
          -0.533213,
          1.213724
        ],
        [
          0.0,
          0.0,
          0.0,
          1.0
        ]
      ]
    },
    {
      "file_path": "/media/NFS/ttao/scannet/posed_images/scene0447_01/00145.jpg",
      "transform_matrix": [
        [
          -0.819132,
          0.297605,
          -0.490361,
          3.023333
        ],
        [
          0.573569,
          0.415399,
          -0.706018,
          3.143381
        ],
        [
          -0.006419,
          -0.859578,
          -0.510964,
          1.22402
        ],
        [
          0.0,
          0.0,
          0.0,
          1.0
        ]
      ]
    },
    {
      "file_path": "/media/NFS/ttao/scannet/posed_images/scene0447_01/00148.jpg",
      "transform_matrix": [
        [
          -0.81666,
          0.294553,
          -0.49629,
          3.020622
        ],
        [
          0.577112,
          0.412687,
          -0.70472,
          3.136975
        ],
        [
          -0.002765,
          -0.861933,
          -0.507016,
          1.226308
        ],
        [
          0.0,
          0.0,
          0.0,
          1.0
        ]
      ]
    },
    {
      "file_path": "/media/NFS/ttao/scannet/posed_images/scene0447_01/00151.jpg",
      "transform_matrix": [
        [
          -0.814991,
          0.300895,
          -0.495229,
          3.017101
        ],
        [
          0.579467,
          0.419208,
          -0.698915,
          3.130715
        ],
        [
          -0.002696,
          -0.856578,
          -0.51601,
          1.227167
        ],
        [
          0.0,
          0.0,
          0.0,
          1.0
        ]
      ]
    },
    {
      "file_path": "/media/NFS/ttao/scannet/posed_images/scene0447_01/00153.jpg",
      "transform_matrix": [
        [
          -0.815395,
          0.303673,
          -0.492863,
          3.017244
        ],
        [
          0.578833,
          0.414192,
          -0.702423,
          3.126961
        ],
        [
          -0.009167,
          -0.858037,
          -0.513505,
          1.228536
        ],
        [
          0.0,
          0.0,
          0.0,
          1.0
        ]
      ]
    },
    {
      "file_path": "/media/NFS/ttao/scannet/posed_images/scene0447_01/00159.jpg",
      "transform_matrix": [
        [
          -0.808098,
          0.323231,
          -0.492442,
          3.034131
        ],
        [
          0.58891,
          0.425247,
          -0.687277,
          3.107905
        ],
        [
          -0.01274,
          -0.845392,
          -0.533995,
          1.232752
        ],
        [
          0.0,
          0.0,
          0.0,
          1.0
        ]
      ]
    },
    {
      "file_path": "/media/NFS/ttao/scannet/posed_images/scene0447_01/00164.jpg",
      "transform_matrix": [
        [
          -0.779743,
          0.325932,
          -0.534573,
          3.065894
        ],
        [
          0.626085,
          0.411647,
          -0.662242,
          3.08746
        ],
        [
          0.00421,
          -0.851067,
          -0.52504,
          1.237699
        ],
        [
          0.0,
          0.0,
          0.0,
          1.0
        ]
      ]
    },
    {
      "file_path": "/media/NFS/ttao/scannet/posed_images/scene0447_01/00165.jpg",
      "transform_matrix": [
        [
          -0.772362,
          0.324157,
          -0.54624,
          3.076538
        ],
        [
          0.635051,
          0.411509,
          -0.653735,
          3.081459
        ],
        [
          0.01287,
          -0.851811,
          -0.523691,
          1.236288
        ],
        [
          0.0,
          0.0,
          0.0,
          1.0
        ]
      ]
    },
    {
      "file_path": "/media/NFS/ttao/scannet/posed_images/scene0447_01/00170.jpg",
      "transform_matrix": [
        [
          -0.734139,
          0.311615,
          -0.603271,
          3.148683
        ],
        [
          0.677813,
          0.388834,
          -0.624001,
          3.039781
        ],
        [
          0.040124,
          -0.867009,
          -0.496675,
          1.22563
        ],
        [
          0.0,
          0.0,
          0.0,
          1.0
        ]
      ]
    },
    {
      "file_path": "/media/NFS/ttao/scannet/posed_images/scene0447_01/00173.jpg",
      "transform_matrix": [
        [
          -0.694027,
          0.353794,
          -0.627022,
          3.192428
        ],
        [
          0.71886,
          0.388427,
          -0.576511,
          3.006014
        ],
        [
          0.039587,
          -0.850855,
          -0.523907,
          1.21225
        ],
        [
          0.0,
          0.0,
          0.0,
          1.0
        ]
      ]
    },
    {
      "file_path": "/media/NFS/ttao/scannet/posed_images/scene0447_01/00180.jpg",
      "transform_matrix": [
        [
          -0.649466,
          0.445631,
          -0.616123,
          3.28028
        ],
        [
          0.760288,
          0.393878,
          -0.516548,
          2.953978
        ],
        [
          0.012488,
          -0.803911,
          -0.594619,
          1.203185
        ],
        [
          0.0,
          0.0,
          0.0,
          1.0
        ]
      ]
    },
    {
      "file_path": "/media/NFS/ttao/scannet/posed_images/scene0447_01/00183.jpg",
      "transform_matrix": [
        [
          -0.629698,
          0.462346,
          -0.624274,
          3.303631
        ],
        [
          0.776838,
          0.376784,
          -0.504536,
          2.950351
        ],
        [
          0.001947,
          -0.802664,
          -0.596428,
          1.207057
        ],
        [
          0.0,
          0.0,
          0.0,
          1.0
        ]
      ]
    },
    {
      "file_path": "/media/NFS/ttao/scannet/posed_images/scene0447_01/00185.jpg",
      "transform_matrix": [
        [
          -0.614461,
          0.464579,
          -0.637656,
          3.315493
        ],
        [
          0.788936,
          0.366113,
          -0.493498,
          2.951463
        ],
        [
          0.004186,
          -0.806305,
          -0.591485,
          1.209904
        ],
        [
          0.0,
          0.0,
          0.0,
          1.0
        ]
      ]
    },
    {
      "file_path": "/media/NFS/ttao/scannet/posed_images/scene0447_01/00192.jpg",
      "transform_matrix": [
        [
          -0.583652,
          0.452492,
          -0.674241,
          3.33322
        ],
        [
          0.811002,
          0.366073,
          -0.456361,
          2.965328
        ],
        [
          0.040322,
          -0.813168,
          -0.580631,
          1.22053
        ],
        [
          0.0,
          0.0,
          0.0,
          1.0
        ]
      ]
    },
    {
      "file_path": "/media/NFS/ttao/scannet/posed_images/scene0447_01/00193.jpg",
      "transform_matrix": [
        [
          -0.580842,
          0.455966,
          -0.674327,
          3.333045
        ],
        [
          0.813171,
          0.362765,
          -0.455143,
          2.969052
        ],
        [
          0.037093,
          -0.812709,
          -0.581487,
          1.221917
        ],
        [
          0.0,
          0.0,
          0.0,
          1.0
        ]
      ]
    },
    {
      "file_path": "/media/NFS/ttao/scannet/posed_images/scene0447_01/00197.jpg",
      "transform_matrix": [
        [
          -0.568536,
          0.459465,
          -0.682391,
          3.329163
        ],
        [
          0.822427,
          0.337111,
          -0.458225,
          2.98857
        ],
        [
          0.019504,
          -0.821735,
          -0.569536,
          1.225057
        ],
        [
          0.0,
          0.0,
          0.0,
          1.0
        ]
      ]
    },
    {
      "file_path": "/media/NFS/ttao/scannet/posed_images/scene0447_01/00202.jpg",
      "transform_matrix": [
        [
          -0.54729,
          0.473613,
          -0.690047,
          3.310938
        ],
        [
          0.836941,
          0.311697,
          -0.449862,
          3.015254
        ],
        [
          0.002025,
          -0.823733,
          -0.566974,
          1.224752
        ],
        [
          0.0,
          0.0,
          0.0,
          1.0
        ]
      ]
    },
    {
      "file_path": "/media/NFS/ttao/scannet/posed_images/scene0447_01/00208.jpg",
      "transform_matrix": [
        [
          -0.498868,
          0.486845,
          -0.717016,
          3.289973
        ],
        [
          0.866668,
          0.276269,
          -0.415406,
          3.039856
        ],
        [
          -0.004149,
          -0.828648,
          -0.559755,
          1.223699
        ],
        [
          0.0,
          0.0,
          0.0,
          1.0
        ]
      ]
    },
    {
      "file_path": "/media/NFS/ttao/scannet/posed_images/scene0447_01/00210.jpg",
      "transform_matrix": [
        [
          -0.4859,
          0.49221,
          -0.72224,
          3.28317
        ],
        [
          0.873987,
          0.267046,
          -0.405997,
          3.046295
        ],
        [
          -0.006964,
          -0.828502,
          -0.559942,
          1.222165
        ],
        [
          0.0,
          0.0,
          0.0,
          1.0
        ]
      ]
    },
    {
      "file_path": "/media/NFS/ttao/scannet/posed_images/scene0447_01/00212.jpg",
      "transform_matrix": [
        [
          -0.471784,
          0.498863,
          -0.727019,
          3.275965
        ],
        [
          0.881674,
          0.259058,
          -0.394385,
          3.051192
        ],
        [
          -0.008404,
          -0.827058,
          -0.562054,
          1.221564
        ],
        [
          0.0,
          0.0,
          0.0,
          1.0
        ]
      ]
    },
    {
      "file_path": "/media/NFS/ttao/scannet/posed_images/scene0447_01/00220.jpg",
      "transform_matrix": [
        [
          -0.423554,
          0.517795,
          -0.743297,
          3.253954
        ],
        [
          0.905717,
          0.226921,
          -0.358028,
          3.062015
        ],
        [
          -0.016716,
          -0.824861,
          -0.565089,
          1.220911
        ],
        [
          0.0,
          0.0,
          0.0,
          1.0
        ]
      ]
    },
    {
      "file_path": "/media/NFS/ttao/scannet/posed_images/scene0447_01/00222.jpg",
      "transform_matrix": [
        [
          -0.411952,
          0.519457,
          -0.748639,
          3.250389
        ],
        [
          0.910945,
          0.215133,
          -0.35199,
          3.065511
        ],
        [
          -0.021786,
          -0.826972,
          -0.561821,
          1.221882
        ],
        [
          0.0,
          0.0,
          0.0,
          1.0
        ]
      ]
    },
    {
      "file_path": "/media/NFS/ttao/scannet/posed_images/scene0447_01/00228.jpg",
      "transform_matrix": [
        [
          -0.370409,
          0.517158,
          -0.771586,
          3.238358
        ],
        [
          0.92798,
          0.169698,
          -0.331747,
          3.074799
        ],
        [
          -0.04063,
          -0.838898,
          -0.54277,
          1.230046
        ],
        [
          0.0,
          0.0,
          0.0,
          1.0
        ]
      ]
    },
    {
      "file_path": "/media/NFS/ttao/scannet/posed_images/scene0447_01/00230.jpg",
      "transform_matrix": [
        [
          -0.360616,
          0.514408,
          -0.778036,
          3.23408
        ],
        [
          0.931851,
          0.162818,
          -0.324259,
          3.077361
        ],
        [
          -0.040123,
          -0.841947,
          -0.538067,
          1.231467
        ],
        [
          0.0,
          0.0,
          0.0,
          1.0
        ]
      ]
    },
    {
      "file_path": "/media/NFS/ttao/scannet/posed_images/scene0447_01/00233.jpg",
      "transform_matrix": [
        [
          -0.347189,
          0.508275,
          -0.78811,
          3.227966
        ],
        [
          0.937085,
          0.155338,
          -0.312636,
          3.078323
        ],
        [
          -0.036482,
          -0.84707,
          -0.530228,
          1.235418
        ],
        [
          0.0,
          0.0,
          0.0,
          1.0
        ]
      ]
    },
    {
      "file_path": "/media/NFS/ttao/scannet/posed_images/scene0447_01/00240.jpg",
      "transform_matrix": [
        [
          -0.311034,
          0.493455,
          -0.812257,
          3.209241
        ],
        [
          0.949737,
          0.129483,
          -0.285016,
          3.078058
        ],
        [
          -0.035469,
          -0.86008,
          -0.508925,
          1.245679
        ],
        [
          0.0,
          0.0,
          0.0,
          1.0
        ]
      ]
    },
    {
      "file_path": "/media/NFS/ttao/scannet/posed_images/scene0447_01/00242.jpg",
      "transform_matrix": [
        [
          -0.301606,
          0.492481,
          -0.816393,
          3.202986
        ],
        [
          0.952855,
          0.125896,
          -0.276075,
          3.078819
        ],
        [
          -0.033181,
          -0.86117,
          -0.507234,
          1.248354
        ],
        [
          0.0,
          0.0,
          0.0,
          1.0
        ]
      ]
    },
    {
      "file_path": "/media/NFS/ttao/scannet/posed_images/scene0447_01/00246.jpg",
      "transform_matrix": [
        [
          -0.283418,
          0.495477,
          -0.821083,
          3.191973
        ],
        [
          0.958209,
          0.111632,
          -0.263387,
          3.082113
        ],
        [
          -0.038843,
          -0.861418,
          -0.506409,
          1.250813
        ],
        [
          0.0,
          0.0,
          0.0,
          1.0
        ]
      ]
    },
    {
      "file_path": "/media/NFS/ttao/scannet/posed_images/scene0447_01/00248.jpg",
      "transform_matrix": [
        [
          -0.276573,
          0.498387,
          -0.821655,
          3.185858
        ],
        [
          0.960185,
          0.108276,
          -0.257527,
          3.084299
        ],
        [
          -0.039382,
          -0.860166,
          -0.508491,
          1.251621
        ],
        [
          0.0,
          0.0,
          0.0,
          1.0
        ]
      ]
    },
    {
      "file_path": "/media/NFS/ttao/scannet/posed_images/scene0447_01/00253.jpg",
      "transform_matrix": [
        [
          -0.251783,
          0.499892,
          -0.828682,
          3.163918
        ],
        [
          0.967316,
          0.103371,
          -0.231548,
          3.093178
        ],
        [
          -0.030087,
          -0.859897,
          -0.50958,
          1.251092
        ],
        [
          0.0,
          0.0,
          0.0,
          1.0
        ]
      ]
    },
    {
      "file_path": "/media/NFS/ttao/scannet/posed_images/scene0447_01/00258.jpg",
      "transform_matrix": [
        [
          -0.237232,
          0.497696,
          -0.834278,
          3.142206
        ],
        [
          0.971327,
          0.107697,
          -0.211955,
          3.10039
        ],
        [
          -0.01564,
          -0.860639,
          -0.508975,
          1.250926
        ],
        [
          0.0,
          0.0,
          0.0,
          1.0
        ]
      ]
    },
    {
      "file_path": "/media/NFS/ttao/scannet/posed_images/scene0447_01/00260.jpg",
      "transform_matrix": [
        [
          -0.230934,
          0.4934,
          -0.838585,
          3.130932
        ],
        [
          0.972854,
          0.103817,
          -0.206826,
          3.1051
        ],
        [
          -0.014989,
          -0.863585,
          -0.503981,
          1.251861
        ],
        [
          0.0,
          0.0,
          0.0,
          1.0
        ]
      ]
    },
    {
      "file_path": "/media/NFS/ttao/scannet/posed_images/scene0447_01/00266.jpg",
      "transform_matrix": [
        [
          -0.20846,
          0.490134,
          -0.846353,
          3.093502
        ],
        [
          0.977711,
          0.082321,
          -0.193141,
          3.107711
        ],
        [
          -0.024993,
          -0.867751,
          -0.49637,
          1.25663
        ],
        [
          0.0,
          0.0,
          0.0,
          1.0
        ]
      ]
    },
    {
      "file_path": "/media/NFS/ttao/scannet/posed_images/scene0447_01/00271.jpg",
      "transform_matrix": [
        [
          -0.18108,
          0.48693,
          -0.854464,
          3.041408
        ],
        [
          0.982899,
          0.060044,
          -0.174081,
          3.107669
        ],
        [
          -0.03346,
          -0.871375,
          -0.489476,
          1.259723
        ],
        [
          0.0,
          0.0,
          0.0,
          1.0
        ]
      ]
    },
    {
      "file_path": "/media/NFS/ttao/scannet/posed_images/scene0447_01/00272.jpg",
      "transform_matrix": [
        [
          -0.17299,
          0.486417,
          -0.856431,
          3.030394
        ],
        [
          0.984375,
          0.056354,
          -0.166827,
          3.107069
        ],
        [
          -0.032884,
          -0.871908,
          -0.488565,
          1.261729
        ],
        [
          0.0,
          0.0,
          0.0,
          1.0
        ]
      ]
    },
    {
      "file_path": "/media/NFS/ttao/scannet/posed_images/scene0447_01/00279.jpg",
      "transform_matrix": [
        [
          -0.107144,
          0.482672,
          -0.869223,
          2.942923
        ],
        [
          0.99394,
          0.030411,
          -0.105631,
          3.098198
        ],
        [
          -0.024552,
          -0.875273,
          -0.483005,
          1.269179
        ],
        [
          0.0,
          0.0,
          0.0,
          1.0
        ]
      ]
    },
    {
      "file_path": "/media/NFS/ttao/scannet/posed_images/scene0447_01/00281.jpg",
      "transform_matrix": [
        [
          -0.100785,
          0.485427,
          -0.868449,
          2.920419
        ],
        [
          0.994657,
          0.029531,
          -0.098925,
          3.093045
        ],
        [
          -0.022375,
          -0.873778,
          -0.485809,
          1.270059
        ],
        [
          0.0,
          0.0,
          0.0,
          1.0
        ]
      ]
    },
    {
      "file_path": "/media/NFS/ttao/scannet/posed_images/scene0447_01/00284.jpg",
      "transform_matrix": [
        [
          -0.088637,
          0.492283,
          -0.865911,
          2.884102
        ],
        [
          0.995677,
          0.01955,
          -0.090806,
          3.088451
        ],
        [
          -0.027774,
          -0.870216,
          -0.491887,
          1.275584
        ],
        [
          0.0,
          0.0,
          0.0,
          1.0
        ]
      ]
    },
    {
      "file_path": "/media/NFS/ttao/scannet/posed_images/scene0447_01/00288.jpg",
      "transform_matrix": [
        [
          -0.057835,
          0.492155,
          -0.868584,
          2.841105
        ],
        [
          0.997673,
          -0.002967,
          -0.068111,
          3.094226
        ],
        [
          -0.036098,
          -0.870503,
          -0.490838,
          1.281523
        ],
        [
          0.0,
          0.0,
          0.0,
          1.0
        ]
      ]
    },
    {
      "file_path": "/media/NFS/ttao/scannet/posed_images/scene0447_01/00294.jpg",
      "transform_matrix": [
        [
          -0.000227,
          0.504013,
          -0.863696,
          2.794472
        ],
        [
          0.998986,
          -0.038782,
          -0.022894,
          3.112518
        ],
        [
          -0.045034,
          -0.862825,
          -0.503493,
          1.27669
        ],
        [
          0.0,
          0.0,
          0.0,
          1.0
        ]
      ]
    },
    {
      "file_path": "/media/NFS/ttao/scannet/posed_images/scene0447_01/00299.jpg",
      "transform_matrix": [
        [
          0.037386,
          0.515209,
          -0.856249,
          2.761461
        ],
        [
          0.997948,
          -0.063824,
          0.00517,
          3.132264
        ],
        [
          -0.051986,
          -0.854685,
          -0.516538,
          1.27247
        ],
        [
          0.0,
          0.0,
          0.0,
          1.0
        ]
      ]
    },
    {
      "file_path": "/media/NFS/ttao/scannet/posed_images/scene0447_01/00300.jpg",
      "transform_matrix": [
        [
          0.040755,
          0.511134,
          -0.858534,
          2.757332
        ],
        [
          0.996538,
          -0.083114,
          -0.002177,
          3.144767
        ],
        [
          -0.072469,
          -0.855473,
          -0.512752,
          1.277713
        ],
        [
          0.0,
          0.0,
          0.0,
          1.0
        ]
      ]
    },
    {
      "file_path": "/media/NFS/ttao/scannet/posed_images/scene0447_01/00306.jpg",
      "transform_matrix": [
        [
          0.040281,
          0.500389,
          -0.864863,
          2.721621
        ],
        [
          0.993547,
          -0.111908,
          -0.018472,
          3.185117
        ],
        [
          -0.106028,
          -0.858538,
