{
  "frames": [
    {
      "file_path": "/media/NFS/ttao/scannet/posed_images/scene0331_00/00004.jpg",
      "transform_matrix": [
        [
          -0.953744,
          0.114539,
          -0.277943,
          2.171354
        ],
        [
          0.299874,
          0.297453,
          -0.90642,
          2.419847
        ],
        [
          -0.021145,
          -0.947841,
          -0.318041,
          1.439039
        ],
        [
          0.0,
          0.0,
          0.0,
          1.0
        ]
      ]
    },
    {
      "file_path": "/media/NFS/ttao/scannet/posed_images/scene0331_00/00015.jpg",
      "transform_matrix": [
        [
          -0.956376,
          0.111436,
          -0.27005,
          2.181271
        ],
        [
          0.291466,
          0.301268,
          -0.907902,
          2.4115
        ],
        [
          -0.019815,
          -0.947006,
          -0.320605,
          1.436704
        ],
        [
          0.0,
          0.0,
          0.0,
          1.0
        ]
      ]
    },
    {
      "file_path": "/media/NFS/ttao/scannet/posed_images/scene0331_00/00023.jpg",
      "transform_matrix": [
        [
          -0.95765,
          0.111987,
          -0.265263,
          2.185199
        ],
        [
          0.287286,
          0.309858,
          -0.906341,
          2.403736
        ],
        [
          -0.019304,
          -0.944165,
          -0.328908,
          1.435261
        ],
        [
          0.0,
          0.0,
          0.0,
          1.0
        ]
      ]
    },
    {
      "file_path": "/media/NFS/ttao/scannet/posed_images/scene0331_00/00038.jpg",
      "transform_matrix": [
        [
          -0.977445,
          0.100306,
          -0.185851,
          2.174895
        ],
        [
          0.20628,
          0.264774,
          -0.941989,
          2.377186
        ],
        [
          -0.045279,
          -0.959079,
          -0.279493,
          1.453221
        ],
        [
          0.0,
          0.0,
          0.0,
          1.0
        ]
      ]
    },
    {
      "file_path": "/media/NFS/ttao/scannet/posed_images/scene0331_00/00049.jpg",
      "transform_matrix": [
        [
          -0.999224,
          0.039103,
          0.004654,
          2.064625
        ],
        [
          0.004626,
          0.233948,
          -0.972238,
          2.373703
        ],
        [
          -0.039106,
          -0.971462,
          -0.233947,
          1.457356
        ],
        [
          0.0,
          0.0,
          0.0,
          1.0
        ]
      ]
    },
    {
      "file_path": "/media/NFS/ttao/scannet/posed_images/scene0331_00/00060.jpg",
      "transform_matrix": [
        [
          -0.973579,
          0.00651,
          0.228259,
          2.001269
        ],
        [
          -0.220934,
          0.225867,
          -0.948774,
          2.379948
        ],
        [
          -0.057733,
          -0.974136,
          -0.218461,
          1.482837
        ],
        [
          0.0,
          0.0,
          0.0,
          1.0
        ]
      ]
    },
    {
      "file_path": "/media/NFS/ttao/scannet/posed_images/scene0331_00/00075.jpg",
      "transform_matrix": [
        [
          -0.900318,
          -0.083119,
          0.427222,
          1.948582
        ],
        [
          -0.432633,
          0.278034,
          -0.857628,
          2.328072
        ],
        [
          -0.047497,
          -0.956968,
          -0.286279,
          1.482074
        ],
        [
          0.0,
          0.0,
          0.0,
          1.0
        ]
      ]
    },
    {
      "file_path": "/media/NFS/ttao/scannet/posed_images/scene0331_00/00094.jpg",
      "transform_matrix": [
        [
          -0.722661,
          -0.282445,
          0.630861,
          1.919431
        ],
        [
          -0.690664,
          0.331091,
          -0.642933,
          2.318227
        ],
        [
          -0.027279,
          -0.900335,
          -0.434341,
          1.455365
        ],
        [
          0.0,
          0.0,
          0.0,
          1.0
        ]
      ]
    },
    {
      "file_path": "/media/NFS/ttao/scannet/posed_images/scene0331_00/00105.jpg",
      "transform_matrix": [
        [
          -0.670412,
          -0.404406,
          0.622096,
          1.970408
        ],
        [
          -0.741137,
          0.405137,
          -0.535332,
          2.344116
        ],
        [
          -0.035543,
          -0.819951,
          -0.571329,
          1.420083
        ],
        [
          0.0,
          0.0,
          0.0,
          1.0
        ]
      ]
    },
    {
      "file_path": "/media/NFS/ttao/scannet/posed_images/scene0331_00/00120.jpg",
      "transform_matrix": [
        [
          -0.469491,
          -0.539178,
          0.699189,
          1.98223
        ],
        [
          -0.879207,
          0.358208,
          -0.314139,
          2.382791
        ],
        [
          -0.081078,
          -0.762217,
          -0.642224,
          1.384422
        ],
        [
          0.0,
          0.0,
          0.0,
          1.0
        ]
      ]
    },
    {
      "file_path": "/media/NFS/ttao/scannet/posed_images/scene0331_00/00131.jpg",
      "transform_matrix": [
        [
          -0.385305,
          -0.64116,
          0.663668,
          1.974783
        ],
        [
          -0.921547,
          0.304664,
          -0.240689,
          2.389924
        ],
        [
          -0.047875,
          -0.704339,
          -0.708247,
          1.34929
        ],
        [
          0.0,
          0.0,
          0.0,
          1.0
        ]
      ]
    },
    {
      "file_path": "/media/NFS/ttao/scannet/posed_images/scene0331_00/00135.jpg",
      "transform_matrix": [
        [
          -0.363075,
          -0.659057,
          0.65865,
          1.978936
        ],
        [
          -0.931033,
          0.284535,
          -0.228513,
          2.40315
        ],
        [
          -0.036805,
          -0.696192,
          -0.716911,
          1.338084
        ],
        [
          0.0,
          0.0,
          0.0,
          1.0
        ]
      ]
    },
    {
      "file_path": "/media/NFS/ttao/scannet/posed_images/scene0331_00/00154.jpg",
      "transform_matrix": [
        [
          -0.280601,
          -0.762202,
          0.583362,
          2.002376
        ],
        [
          -0.959812,
          0.219687,
          -0.17464,
          2.4596
        ],
        [
          0.004954,
          -0.608922,
          -0.793215,
          1.279505
        ],
        [
          0.0,
          0.0,
          0.0,
          1.0
        ]
      ]
    },
    {
      "file_path": "/media/NFS/ttao/scannet/posed_images/scene0331_00/00165.jpg",
      "transform_matrix": [
        [
          -0.280199,
          -0.797451,
          0.534379,
          2.015291
        ],
        [
          -0.959654,
          0.219058,
          -0.176291,
          2.467114
        ],
        [
          0.023523,
          -0.562215,
          -0.826656,
          1.25528
        ],
        [
          0.0,
          0.0,
          0.0,
          1.0
        ]
      ]
    },
    {
      "file_path": "/media/NFS/ttao/scannet/posed_images/scene0331_00/00177.jpg",
      "transform_matrix": [
        [
          -0.212284,
          -0.805933,
          0.552637,
          2.010867
        ],
        [
          -0.977207,
          0.174397,
          -0.121043,
          2.485622
        ],
        [
          0.001175,
          -0.565736,
          -0.824586,
          1.264889
        ],
        [
          0.0,
          0.0,
          0.0,
          1.0
        ]
      ]
    },
    {
      "file_path": "/media/NFS/ttao/scannet/posed_images/scene0331_00/00184.jpg",
      "transform_matrix": [
        [
          -0.155311,
          -0.820161,
          0.550649,
          2.001735
        ],
        [
          -0.987859,
          0.130965,
          -0.083562,
          2.501569
        ],
        [
          -0.003581,
          -0.556942,
          -0.830544,
          1.263246
        ],
        [
          0.0,
          0.0,
          0.0,
          1.0
        ]
      ]
    },
    {
      "file_path": "/media/NFS/ttao/scannet/posed_images/scene0331_00/00207.jpg",
      "transform_matrix": [
        [
          0.100256,
          -0.801646,
          0.589332,
          1.969494
        ],
        [
          -0.991738,
          -0.032875,
          0.123994,
          2.535068
        ],
        [
          -0.080025,
          -0.596895,
          -0.798319,
          1.28064
        ],
        [
          0.0,
          0.0,
          0.0,
          1.0
        ]
      ]
    },
    {
      "file_path": "/media/NFS/ttao/scannet/posed_images/scene0331_00/00218.jpg",
      "transform_matrix": [
        [
          0.168849,
          -0.797417,
          0.579324,
          1.9577
        ],
        [
          -0.979338,
          -0.069364,
          0.18996,
          2.53066
        ],
        [
          -0.111293,
          -0.599428,
          -0.792653,
          1.283607
        ],
        [
          0.0,
          0.0,
          0.0,
          1.0
        ]
      ]
    },
    {
      "file_path": "/media/NFS/ttao/scannet/posed_images/scene0331_00/00222.jpg",
      "transform_matrix": [
        [
          0.191096,
          -0.795878,
          0.574508,
          1.955553
        ],
        [
          -0.974693,
          -0.084694,
          0.20688,
          2.528681
        ],
        [
          -0.115994,
          -0.599503,
          -0.791922,
          1.285766
        ],
        [
          0.0,
          0.0,
          0.0,
          1.0
        ]
      ]
    },
    {
      "file_path": "/media/NFS/ttao/scannet/posed_images/scene0331_00/00237.jpg",
      "transform_matrix": [
        [
          0.263188,
          -0.777781,
          0.570778,
          1.937961
        ],
        [
          -0.953673,
          -0.120373,
          0.275714,
          2.54279
        ],
        [
          -0.145739,
          -0.616901,
          -0.77343,
          1.292127
        ],
        [
          0.0,
          0.0,
          0.0,
          1.0
        ]
      ]
    },
    {
      "file_path": "/media/NFS/ttao/scannet/posed_images/scene0331_00/00255.jpg",
      "transform_matrix": [
        [
          0.451939,
          -0.738586,
          0.500241,
          1.876541
        ],
        [
          -0.873106,
          -0.251293,
          0.417777,
          2.671661
        ],
        [
          -0.182857,
          -0.625573,
          -0.758433,
          1.306257
        ],
        [
          0.0,
          0.0,
          0.0,
          1.0
        ]
      ]
    },
    {
      "file_path": "/media/NFS/ttao/scannet/posed_images/scene0331_00/00270.jpg",
      "transform_matrix": [
        [
          0.558981,
          -0.668542,
          0.490502,
          1.837805
        ],
        [
          -0.810169,
          -0.31441,
          0.494744,
          2.763344
        ],
        [
          -0.176539,
          -0.673942,
          -0.717381,
          1.327599
        ],
        [
          0.0,
          0.0,
          0.0,
          1.0
        ]
      ]
    },
    {
      "file_path": "/media/NFS/ttao/scannet/posed_images/scene0331_00/00278.jpg",
      "transform_matrix": [
        [
          0.601973,
          -0.614256,
          0.510215,
          1.825333
        ],
        [
          -0.784295,
          -0.334763,
          0.522317,
          2.802023
        ],
        [
          -0.150035,
          -0.714579,
          -0.683276,
          1.341881
        ],
        [
          0.0,
          0.0,
          0.0,
          1.0
        ]
      ]
    },
    {
      "file_path": "/media/NFS/ttao/scannet/posed_images/scene0331_00/00289.jpg",
      "transform_matrix": [
        [
          0.646896,
          -0.533223,
          0.545159,
          1.814323
        ],
        [
          -0.752751,
          -0.332105,
          0.568394,
          2.835056
        ],
        [
          -0.122031,
          -0.778061,
          -0.616222,
          1.366232
        ],
        [
          0.0,
          0.0,
          0.0,
          1.0
        ]
      ]
    },
    {
      "file_path": "/media/NFS/ttao/scannet/posed_images/scene0331_00/00300.jpg",
      "transform_matrix": [
        [
          0.676495,
          -0.429854,
          0.59798,
          1.826372
        ],
        [
          -0.728879,
          -0.274692,
          0.62712,
          2.824385
        ],
        [
          -0.105309,
          -0.860099,
          -0.499139,
          1.402908
        ],
        [
          0.0,
          0.0,
          0.0,
          1.0
        ]
      ]
    },
    {
      "file_path": "/media/NFS/ttao/scannet/posed_images/scene0331_00/00316.jpg",
      "transform_matrix": [
        [
          0.69605,
          -0.256067,
          0.670779,
          1.834224
        ],
        [
          -0.715091,
          -0.163319,
          0.679685,
          2.78243
        ],
        [
          -0.064493,
          -0.952763,
          -0.296789,
          1.456806
        ],
        [
          0.0,
          0.0,
          0.0,
          1.0
        ]
      ]
    },
    {
      "file_path": "/media/NFS/ttao/scannet/posed_images/scene0331_00/00323.jpg",
      "transform_matrix": [
        [
          0.701652,
          -0.187327,
          0.687454,
          1.826358
        ],
        [
          -0.710366,
          -0.108957,
          0.695347,
          2.767297
        ],
        [
          -0.055354,
          -0.976236,
          -0.209521,
          1.47503
        ],
        [
          0.0,
          0.0,
          0.0,
          1.0
        ]
      ]
    },
    {
      "file_path": "/media/NFS/ttao/scannet/posed_images/scene0331_00/00338.jpg",
      "transform_matrix": [
        [
          0.741817,
          -0.131459,
          0.657591,
          1.795679
        ],
        [
          -0.668631,
          -0.069859,
          0.740305,
          2.762009
        ],
        [
          -0.051381,
          -0.988857,
          -0.139721,
          1.490341
        ],
        [
          0.0,
          0.0,
          0.0,
          1.0
        ]
      ]
    },
    {
      "file_path": "/media/NFS/ttao/scannet/posed_images/scene0331_00/00357.jpg",
      "transform_matrix": [
        [
          0.798077,
          0.002157,
          0.602552,
          1.744995
        ],
        [
          -0.602555,
          0.001072,
          0.798077,
          2.779922
        ],
        [
          0.001075,
          -0.999997,
          0.002155,
          1.515372
        ],
        [
          0.0,
          0.0,
          0.0,
          1.0
        ]
      ]
    },
    {
      "file_path": "/media/NFS/ttao/scannet/posed_images/scene0331_00/00361.jpg",
      "transform_matrix": [
        [
          0.799106,
          0.028825,
          0.600499,
          1.736696
        ],
        [
          -0.601135,
          0.024786,
          0.798763,
          2.787519
        ],
        [
          0.008141,
          -0.999277,
          0.037134,
          1.522472
        ],
        [
          0.0,
          0.0,
          0.0,
          1.0
        ]
      ]
    },
    {
      "file_path": "/media/NFS/ttao/scannet/posed_images/scene0331_00/00372.jpg",
      "transform_matrix": [
        [
          0.802001,
          0.094094,
          0.589866,
          1.701485
        ],
        [
          -0.595912,
          0.058196,
          0.800938,
          2.820065
        ],
        [
          0.041036,
          -0.993861,
          0.102745,
          1.533828
        ],
        [
          0.0,
          0.0,
          0.0,
          1.0
        ]
      ]
    },
    {
      "file_path": "/media/NFS/ttao/scannet/posed_images/scene0331_00/00394.jpg",
      "transform_matrix": [
        [
          0.840189,
          -0.10467,
          0.532097,
          1.691476
        ],
        [
          -0.542154,
          -0.184423,
          0.819791,
          2.906818
        ],
        [
          0.012323,
          -0.977258,
          -0.211697,
          1.50645
        ],
        [
          0.0,
          0.0,
          0.0,
          1.0
        ]
      ]
    },
    {
      "file_path": "/media/NFS/ttao/scannet/posed_images/scene0331_00/00406.jpg",
      "transform_matrix": [
        [
          0.868538,
          -0.177881,
          0.462601,
          1.758797
        ],
        [
          -0.494886,
          -0.260394,
          0.829025,
          2.903586
        ],
        [
          -0.02701,
          -0.948975,
          -0.314193,
          1.484754
        ],
        [
          0.0,
          0.0,
          0.0,
          1.0
        ]
      ]
    },
    {
      "file_path": "/media/NFS/ttao/scannet/posed_images/scene0331_00/00417.jpg",
      "transform_matrix": [
        [
          0.931638,
          -0.124162,
          0.341519,
          1.816625
        ],
        [
          -0.360622,
          -0.200144,
          0.910985,
          2.875691
        ],
        [
          -0.044757,
          -0.971867,
          -0.231238,
          1.496214
        ],
        [
          0.0,
          0.0,
          0.0,
          1.0
        ]
      ]
    },
    {
      "file_path": "/media/NFS/ttao/scannet/posed_images/scene0331_00/00432.jpg",
      "transform_matrix": [
        [
          0.979429,
          -0.081117,
          0.184768,
          1.837144
        ],
        [
          -0.196567,
          -0.176553,
          0.964464,
          2.912137
        ],
        [
          -0.045613,
          -0.980943,
          -0.188866,
          1.503417
        ],
        [
          0.0,
          0.0,
          0.0,
          1.0
        ]
      ]
    },
    {
      "file_path": "/media/NFS/ttao/scannet/posed_images/scene0331_00/00436.jpg",
      "transform_matrix": [
        [
          0.985887,
          -0.069058,
          0.152508,
          1.83684
        ],
        [
          -0.162603,
          -0.178167,
          0.970472,
          2.92673
        ],
        [
          -0.039848,
          -0.981574,
          -0.186882,
          1.503383
        ],
        [
          0.0,
          0.0,
          0.0,
          1.0
        ]
      ]
    },
    {
      "file_path": "/media/NFS/ttao/scannet/posed_images/scene0331_00/00458.jpg",
      "transform_matrix": [
        [
          0.984657,
          0.022889,
          -0.17299,
          1.969394
        ],
        [
          0.174442,
          -0.104011,
          0.979158,
          2.935786
        ],
        [
          0.004419,
          -0.994313,
          -0.106409,
          1.517489
        ],
        [
          0.0,
          0.0,
          0.0,
          1.0
        ]
      ]
    },
    {
      "file_path": "/media/NFS/ttao/scannet/posed_images/scene0331_00/00462.jpg",
      "transform_matrix": [
        [
          0.975578,
          0.040045,
          -0.215973,
          2.000982
        ],
        [
          0.218893,
          -0.095496,
          0.971065,
          2.929411
        ],
        [
          0.018261,
          -0.994624,
          -0.101929,
          1.516371
        ],
        [
          0.0,
          0.0,
          0.0,
          1.0
        ]
      ]
    },
    {
      "file_path": "/media/NFS/ttao/scannet/posed_images/scene0331_00/00481.jpg",
      "transform_matrix": [
        [
          0.913678,
          0.042016,
          -0.404262,
          2.042243
        ],
        [
          0.406427,
          -0.086791,
          0.909552,
          2.940147
        ],
        [
          0.003129,
          -0.99534,
          -0.096375,
          1.516725
        ],
        [
          0.0,
          0.0,
          0.0,
          1.0
        ]
      ]
    },
    {
      "file_path": "/media/NFS/ttao/scannet/posed_images/scene0331_00/00485.jpg",
      "transform_matrix": [
        [
          0.890633,
          0.018089,
          -0.454363,
          2.054644
        ],
        [
          0.454493,
          -0.067163,
          0.888214,
          2.938729
        ],
        [
          -0.01445,
          -0.997578,
          -0.068039,
          1.520526
        ],
        [
          0.0,
          0.0,
          0.0,
          1.0
        ]
      ]
    },
    {
      "file_path": "/media/NFS/ttao/scannet/posed_images/scene0331_00/00500.jpg",
      "transform_matrix": [
        [
          0.754859,
          0.002047,
          -0.655884,
          2.156191
        ],
        [
          0.655312,
          0.039523,
          0.754324,
          2.938468
        ],
        [
          0.027467,
          -0.999217,
          0.028493,
          1.533707
        ],
        [
          0.0,
          0.0,
          0.0,
          1.0
        ]
      ]
    },
    {
      "file_path": "/media/NFS/ttao/scannet/posed_images/scene0331_00/00518.jpg",
      "transform_matrix": [
        [
          0.56915,
          0.002685,
          -0.82223,
          2.222197
        ],
        [
          0.822175,
          0.010075,
          0.569145,
          2.925938
        ],
        [
          0.009812,
          -0.999946,
          0.003527,
          1.527709
        ],
        [
          0.0,
          0.0,
          0.0,
          1.0
        ]
      ]
    },
    {
      "file_path": "/media/NFS/ttao/scannet/posed_images/scene0331_00/00530.jpg",
      "transform_matrix": [
        [
          0.494377,
          0.055139,
          -0.867497,
          2.210467
        ],
        [
          0.869233,
          -0.025634,
          0.493737,
          2.907404
        ],
        [
          0.004987,
          -0.99815,
          -0.060601,
          1.512737
        ],
        [
          0.0,
          0.0,
          0.0,
          1.0
        ]
      ]
    },
    {
      "file_path": "/media/NFS/ttao/scannet/posed_images/scene0331_00/00541.jpg",
      "transform_matrix": [
        [
          0.44681,
          0.122195,
          -0.886245,
          2.179674
        ],
        [
          0.894599,
          -0.069096,
          0.441495,
          2.866187
        ],
        [
          -0.007287,
          -0.990098,
          -0.140189,
          1.503041
        ],
        [
          0.0,
          0.0,
          0.0,
          1.0
        ]
      ]
    },
    {
      "file_path": "/media/NFS/ttao/scannet/posed_images/scene0331_00/00548.jpg",
      "transform_matrix": [
        [
          0.411951,
          0.137722,
          -0.900738,
          2.161807
        ],
        [
          0.911204,
          -0.064302,
          0.406906,
          2.838186
        ],
        [
          -0.001879,
          -0.988381,
          -0.151982,
          1.497572
        ],
        [
          0.0,
          0.0,
          0.0,
          1.0
        ]
      ]
    },
    {
      "file_path": "/media/NFS/ttao/scannet/posed_images/scene0331_00/00571.jpg",
      "transform_matrix": [
        [
          -0.000677,
          0.097139,
          -0.995271,
          2.155261
        ],
        [
          0.999955,
          0.009517,
          0.000249,
          2.856512
        ],
        [
          0.009497,
          -0.995225,
          -0.097141,
          1.522619
        ],
        [
          0.0,
          0.0,
          0.0,
          1.0
        ]
      ]
    },
    {
      "file_path": "/media/NFS/ttao/scannet/posed_images/scene0331_00/00575.jpg",
      "transform_matrix": [
        [
          -0.06181,
          0.097468,
          -0.993317,
          2.156418
        ],
        [
          0.998025,
          0.017159,
          -0.06042,
          2.870568
        ],
        [
          0.011156,
          -0.995091,
          -0.098336,
          1.526162
        ],
        [
          0.0,
          0.0,
          0.0,
          1.0
        ]
      ]
    },
    {
      "file_path": "/media/NFS/ttao/scannet/posed_images/scene0331_00/00586.jpg",
      "transform_matrix": [
        [
          -0.230571,
          0.105389,
          -0.967331,
          2.170792
        ],
        [
          0.97297,
          0.038155,
          -0.227758,
          2.875768
        ],
        [
          0.012905,
          -0.993699,
          -0.111338,
          1.517505
        ],
        [
          0.0,
          0.0,
          0.0,
          1.0
        ]
      ]
    },
    {
      "file_path": "/media/NFS/ttao/scannet/posed_images/scene0331_00/00605.jpg",
      "transform_matrix": [
        [
          -0.437795,
          0.147986,
          -0.886812,
          2.190548
        ],
        [
          0.89905,
          0.079336,
          -0.430597,
          2.805562
        ],
        [
          0.006634,
          -0.985802,
          -0.16778,
          1.507452
        ],
        [
          0.0,
          0.0,
          0.0,
          1.0
        ]
      ]
    },
    {
      "file_path": "/media/NFS/ttao/scannet/posed_images/scene0331_00/00616.jpg",
      "transform_matrix": [
        [
          -0.48503,
          0.160962,
          -0.859556,
          2.173029
        ],
        [
          0.874073,
          0.119849,
          -0.470778,
          2.714492
        ],
        [
          0.027239,
          -0.979657,
          -0.198823,
          1.505589
        ],
        [
          0.0,
          0.0,
          0.0,
          1.0
        ]
      ]
    },
    {
      "file_path": "/media/NFS/ttao/scannet/posed_images/scene0331_00/00631.jpg",
      "transform_matrix": [
        [
          -0.608697,
          0.162824,
          -0.776516,
          2.175894
        ],
        [
          0.79337,
          0.133855,
          -0.593841,
          2.611033
        ],
        [
          0.007248,
          -0.977533,
          -0.210657,
          1.502283
        ],
        [
          0.0,
          0.0,
          0.0,
          1.0
        ]
      ]
    },
    {
      "file_path": "/media/NFS/ttao/scannet/posed_images/scene0331_00/00639.jpg",
      "transform_matrix": [
        [
          -0.680794,
          0.153919,
          -0.716121,
          2.155903
        ],
        [
          0.732381,
          0.127344,
          -0.668881,
          2.581459
        ],
        [
          -0.011761,
          -0.979843,
          -0.199422,
          1.50863
        ],
        [
          0.0,
          0.0,
          0.0,
          1.0
        ]
      ]
    },
    {
      "file_path": "/media/NFS/ttao/scannet/posed_images/scene0331_00/00654.jpg",
      "transform_matrix": [
        [
          -0.821697,
          0.141113,
          -0.552178,
          2.068934
        ],
        [
          0.568736,
          0.140514,
          -0.810429,
          2.549766
        ],
        [
          -0.036773,
          -0.979971,
          -0.195716,
          1.505167
        ],
        [
          0.0,
          0.0,
          0.0,
          1.0
        ]
      ]
    },
    {
      "file_path": "/media/NFS/ttao/scannet/posed_images/scene0331_00/00669.jpg",
      "transform_matrix": [
        [
          -0.945016,
          0.132596,
          -0.298936,
          1.997146
        ],
        [
          0.319275,
          0.176281,
          -0.931122,
          2.527227
        ],
        [
          -0.070766,
          -0.975368,
          -0.208923,
          1.50958
        ],
        [
          0.0,
          0.0,
          0.0,
          1.0
        ]
      ]
    },
    {
      "file_path": "/media/NFS/ttao/scannet/posed_images/scene0331_00/00684.jpg",
      "transform_matrix": [
        [
          -0.991292,
          0.051373,
          -0.121249,
          2.023069
        ],
        [
          0.127268,
          0.137329,
          -0.982315,
          2.453429
        ],
        [
          -0.033813,
          -0.989192,
          -0.142671,
          1.5073
        ],
        [
          0.0,
          0.0,
          0.0,
          1.0
        ]
      ]
    },
    {
      "file_path": "/media/NFS/ttao/scannet/posed_images/scene0331_00/00687.jpg",
      "transform_matrix": [
        [
          -0.995518,
          0.041798,
          -0.084836,
          2.016305
        ],
        [
          0.089765,
          0.135223,
          -0.986741,
          2.435261
        ],
        [
          -0.029772,
          -0.989933,
          -0.138369,
          1.504665
        ],
        [
          0.0,
          0.0,
          0.0,
          1.0
        ]
      ]
    },
    {
      "file_path": "/media/NFS/ttao/scannet/posed_images/scene0331_00/00702.jpg",
      "transform_matrix": [
        [
          -0.994397,
          0.032535,
          0.100583,
          2.00585
        ],
        [
          -0.098978,
          0.047661,
          -0.993948,
          2.430305
        ],
        [
          -0.037132,
          -0.998334,
          -0.044173,
          1.528088
        ],
        [
          0.0,
          0.0,
          0.0,
          1.0
        ]
      ]
    },
    {
      "file_path": "/media/NFS/ttao/scannet/posed_images/scene0331_00/00717.jpg",
      "transform_matrix": [
        [
          -0.979326,
          0.012378,
          0.201908,
          2.036124
        ],
        [
          -0.196883,
          0.170828,
          -0.96543,
          2.479267
        ],
        [
          -0.046442,
          -0.985223,
          -0.164859,
          1.508286
        ],
        [
          0.0,
          0.0,
          0.0,
          1.0
        ]
      ]
    },
    {
      "file_path": "/media/NFS/ttao/scannet/posed_images/scene0331_00/00725.jpg",
      "transform_matrix": [
        [
          -0.981343,
          0.013586,
          0.191784,
          2.095451
        ],
        [
          -0.178771,
          0.302621,
          -0.936195,
          2.507207
        ],
        [
          -0.070756,
          -0.953014,
          -0.294546,
          1.493022
        ],
        [
          0.0,
          0.0,
          0.0,
          1.0
        ]
      ]
    },
    {
      "file_path": "/media/NFS/ttao/scannet/posed_images/scene0331_00/00736.jpg",
      "transform_matrix": [
        [
          -0.995883,
          0.040391,
          0.081153,
          2.247375
        ],
        [
          -0.053086,
          0.465806,
          -0.883293,
          2.556105
        ],
        [
          -0.073478,
          -0.883965,
          -0.461744,
          1.461878
        ],
        [
          0.0,
          0.0,
          0.0,
          1.0
        ]
      ]
    },
    {
      "file_path": "/media/NFS/ttao/scannet/posed_images/scene0331_00/00759.jpg",
      "transform_matrix": [
        [
          -0.997191,
          0.04518,
          0.059741,
          2.362614
        ],
        [
          -0.012608,
          0.684964,
          -0.728468,
          2.684073
        ],
        [
          -0.073833,
          -0.727175,
          -0.68247,
          1.40516
        ],
        [
          0.0,
          0.0,
          0.0,
          1.0
        ]
      ]
    },
    {
      "file_path": "/media/NFS/ttao/scannet/posed_images/scene0331_00/00766.jpg",
      "transform_matrix": [
        [
          -0.993092,
          0.047914,
          0.107112,
          2.358825
        ],
        [
          -0.038262,
          0.730708,
          -0.681617,
          2.718153
        ],
        [
          -0.110927,
          -0.681006,
          -0.723827,
          1.389814
        ],
        [
          0.0,
          0.0,
          0.0,
          1.0
        ]
      ]
    },
    {
      "file_path": "/media/NFS/ttao/scannet/posed_images/scene0331_00/00777.jpg",
      "transform_matrix": [
        [
          -0.99273,
          0.039568,
          0.113674,
          2.410088
        ],
        [
          -0.040145,
          0.781492,
          -0.622622,
          2.76076
        ],
        [
          -0.113471,
          -0.622659,
          -0.774222,
          1.370659
        ],
        [
          0.0,
          0.0,
          0.0,
          1.0
        ]
      ]
    },
    {
      "file_path": "/media/NFS/ttao/scannet/posed_images/scene0331_00/00793.jpg",
      "transform_matrix": [
        [
          -0.998102,
          -0.004833,
          0.061391,
          2.562997
        ],
        [
          -0.036561,
          0.848714,
          -0.527587,
          2.822746
        ],
        [
          -0.049554,
          -0.52883,
          -0.84728,
          1.318915
        ],
        [
          0.0,
          0.0,
          0.0,
          1.0
        ]
      ]
    },
    {
      "file_path": "/media/NFS/ttao/scannet/posed_images/scene0331_00/00800.jpg",
      "transform_matrix": [
        [
          -0.999403,
          0.007046,
          0.033821,
          2.57537
        ],
        [
          -0.012417,
          0.840286,
          -0.542,
          2.820028
        ],
        [
          -0.032238,
          -0.542097,
          -0.839697,
          1.322751
        ],
        [
          0.0,
          0.0,
          0.0,
          1.0
        ]
      ]
    },
    {
      "file_path": "/media/NFS/ttao/scannet/posed_images/scene0331_00/00819.jpg",
      "transform_matrix": [
        [
          -0.996046,
          0.055695,
          0.069217,
          2.509551
        ],
        [
          -0.011306,
          0.693304,
          -0.720556,
          2.825123
        ],
        [
          -0.08812,
          -0.718489,
          -0.689933,
          1.365844
        ],
        [
          0.0,
          0.0,
          0.0,
          1.0
        ]
      ]
    },
    {
      "file_path": "/media/NFS/ttao/scannet/posed_images/scene0331_00/00823.jpg",
      "transform_matrix": [
        [
          -0.995077,
          0.062129,
          0.077212,
          2.483624
        ],
        [
          -0.016475,
          0.664552,
          -0.74706,
          2.821544
        ],
        [
          -0.097726,
          -0.744655,
          -0.660257,
          1.380139
        ],
        [
          0.0,
          0.0,
          0.0,
          1.0
        ]
      ]
    },
    {
      "file_path": "/media/NFS/ttao/scannet/posed_images/scene0331_00/00845.jpg",
      "transform_matrix": [
        [
          -0.924378,
          0.287719,
          -0.250486,
          2.404763
        ],
        [
          0.381425,
          0.686172,
          -0.619422,
          2.827804
        ],
        [
          -0.006343,
          -0.668121,
          -0.744025,
          1.349268
        ],
        [
          0.0,
          0.0,
          0.0,
          1.0
        ]
      ]
    },
    {
      "file_path": "/media/NFS/ttao/scannet/posed_images/scene0331_00/00856.jpg",
      "transform_matrix": [
        [
          -0.896488,
          0.403517,
          -0.182987,
          2.401317
        ],
        [
          0.438168,
          0.746173,
          -0.501232,
          2.830554
        ],
        [
          -0.065715,
          -0.529528,
          -0.845743,
          1.319483
        ],
        [
          0.0,
          0.0,
          0.0,
          1.0
        ]
      ]
    },
    {
      "file_path": "/media/NFS/ttao/scannet/posed_images/scene0331_00/00860.jpg",
      "transform_matrix": [
        [
          -0.886387,
          0.428036,
          -0.17636,
          2.400867
        ],
        [
          0.457761,
          0.753525,
          -0.471862,
          2.824156
        ],
        [
          -0.069082,
          -0.498983,
          -0.863854,
          1.315094
        ],
        [
          0.0,
          0.0,
          0.0,
          1.0
        ]
      ]
    },
    {
      "file_path": "/media/NFS/ttao/scannet/posed_images/scene0331_00/00879.jpg",
      "transform_matrix": [
        [
          -0.863245,
          0.312952,
          -0.396067,
          2.369099
        ],
        [
          0.504278,
          0.499501,
          -0.704416,
          2.868378
        ],
        [
          -0.022612,
          -0.807812,
          -0.589006,
          1.391539
        ],
        [
          0.0,
          0.0,
          0.0,
          1.0
        ]
      ]
    },
    {
      "file_path": "/media/NFS/ttao/scannet/posed_images/scene0331_00/00894.jpg",
      "transform_matrix": [
        [
          -0.867293,
          0.221614,
          -0.445747,
          2.304314
        ],
        [
          0.497798,
          0.38563,
          -0.776844,
          2.888896
        ],
        [
          -0.000266,
          -0.895643,
          -0.444773,
          1.433392
        ],
        [
          0.0,
          0.0,
          0.0,
          1.0
        ]
      ]
    },
    {
      "file_path": "/media/NFS/ttao/scannet/posed_images/scene0331_00/00909.jpg",
      "transform_matrix": [
        [
          -0.728257,
          0.349737,
          -0.589343,
          2.205436
        ],
        [
          0.684661,
          0.408555,
          -0.60359,
          2.882699
        ],
        [
          0.029681,
          -0.843069,
          -0.536985,
          1.409214
        ],
        [
          0.0,
          0.0,
          0.0,
          1.0
        ]
      ]
    },
    {
      "file_path": "/media/NFS/ttao/scannet/posed_images/scene0331_00/00916.jpg",
      "transform_matrix": [
        [
          -0.670985,
          0.405405,
          -0.620826,
          2.176815
        ],
        [
          0.741187,
          0.389883,
          -0.546473,
          2.881498
        ],
        [
          0.020507,
          -0.826824,
          -0.562087,
          1.409802
        ],
        [
          0.0,
          0.0,
          0.0,
          1.0
        ]
      ]
    },
    {
      "file_path": "/media/NFS/ttao/scannet/posed_images/scene0331_00/00924.jpg",
      "transform_matrix": [
        [
          -0.551087,
          0.512447,
          -0.65856,
          2.185318
        ],
        [
          0.834281,
          0.354139,
          -0.422564,
          2.858413
        ],
        [
          0.01668,
          -0.782294,
          -0.622687,
          1.396483
        ],
        [
          0.0,
          0.0,
          0.0,
          1.0
        ]
      ]
    },
    {
      "file_path": "/media/NFS/ttao/scannet/posed_images/scene0331_00/00943.jpg",
      "transform_matrix": [
        [
          -0.19438,
          0.771863,
          -0.605346,
          2.290604
        ],
        [
          0.980862,
          0.159984,
          -0.110968,
          2.805174
        ],
        [
          0.011193,
          -0.615331,
          -0.788189,
          1.355413
        ],
        [
          0.0,
          0.0,
          0.0,
          1.0
        ]
      ]
    },
    {
      "file_path": "/media/NFS/ttao/scannet/posed_images/scene0331_00/00954.jpg",
      "transform_matrix": [
        [
          -0.133663,
          0.811861,
          -0.568346,
          2.312389
        ],
        [
          0.990878,
          0.099533,
          -0.090855,
          2.8193
        ],
        [
          -0.017193,
          -0.575305,
          -0.817758,
          1.346613
        ],
        [
          0.0,
          0.0,
          0.0,
          1.0
        ]
      ]
    },
    {
      "file_path": "/media/NFS/ttao/scannet/posed_images/scene0331_00/00962.jpg",
      "transform_matrix": [
        [
          -0.000842,
          0.767209,
          -0.641397,
          2.366005
        ],
        [
          0.999996,
          0.002285,
          0.001421,
          2.779947
        ],
        [
          0.002556,
