{
  "frames": [
    {
      "file_path": "/media/NFS/ttao/scannet/posed_images/scene0378_01/00000.jpg",
      "transform_matrix": [
        [
          -0.221091,
          0.458005,
          -0.861017,
          3.301978
        ],
        [
          0.974154,
          0.061809,
          -0.217264,
          2.500966
        ],
        [
          -0.04629,
          -0.886798,
          -0.459833,
          1.401926
        ],
        [
          0.0,
          0.0,
          0.0,
          1.0
        ]
      ]
    },
    {
      "file_path": "/media/NFS/ttao/scannet/posed_images/scene0378_01/00007.jpg",
      "transform_matrix": [
        [
          -0.247594,
          0.445125,
          -0.860559,
          3.294194
        ],
        [
          0.968291,
          0.083146,
          -0.235583,
          2.504431
        ],
        [
          -0.033312,
          -0.8916,
          -0.451597,
          1.400149
        ],
        [
          0.0,
          0.0,
          0.0,
          1.0
        ]
      ]
    },
    {
      "file_path": "/media/NFS/ttao/scannet/posed_images/scene0378_01/00014.jpg",
      "transform_matrix": [
        [
          -0.229414,
          0.489429,
          -0.841325,
          3.293661
        ],
        [
          0.972049,
          0.070891,
          -0.223821,
          2.518301
        ],
        [
          -0.049902,
          -0.869157,
          -0.492012,
          1.353574
        ],
        [
          0.0,
          0.0,
          0.0,
          1.0
        ]
      ]
    },
    {
      "file_path": "/media/NFS/ttao/scannet/posed_images/scene0378_01/00021.jpg",
      "transform_matrix": [
        [
          -0.264203,
          0.52506,
          -0.809017,
          3.316874
        ],
        [
          0.962356,
          0.08804,
          -0.25714,
          2.526622
        ],
        [
          -0.063788,
          -0.846499,
          -0.528555,
          1.308981
        ],
        [
          0.0,
          0.0,
          0.0,
          1.0
        ]
      ]
    },
    {
      "file_path": "/media/NFS/ttao/scannet/posed_images/scene0378_01/00035.jpg",
      "transform_matrix": [
        [
          -0.221615,
          0.610424,
          -0.760441,
          3.313757
        ],
        [
          0.974092,
          0.102528,
          -0.201577,
          2.577788
        ],
        [
          -0.045081,
          -0.785411,
          -0.61733,
          1.275096
        ],
        [
          0.0,
          0.0,
          0.0,
          1.0
        ]
      ]
    },
    {
      "file_path": "/media/NFS/ttao/scannet/posed_images/scene0378_01/00037.jpg",
      "transform_matrix": [
        [
          -0.22094,
          0.607251,
          -0.763172,
          3.302234
        ],
        [
          0.974341,
          0.10297,
          -0.200142,
          2.584106
        ],
        [
          -0.042952,
          -0.787809,
          -0.61442,
          1.280412
        ],
        [
          0.0,
          0.0,
          0.0,
          1.0
        ]
      ]
    },
    {
      "file_path": "/media/NFS/ttao/scannet/posed_images/scene0378_01/00051.jpg",
      "transform_matrix": [
        [
          -0.312453,
          0.515228,
          -0.798069,
          3.182038
        ],
        [
          0.949932,
          0.171042,
          -0.261485,
          2.596879
        ],
        [
          0.001779,
          -0.839812,
          -0.542874,
          1.352199
        ],
        [
          0.0,
          0.0,
          0.0,
          1.0
        ]
      ]
    },
    {
      "file_path": "/media/NFS/ttao/scannet/posed_images/scene0378_01/00058.jpg",
      "transform_matrix": [
        [
          -0.403186,
          0.42818,
          -0.808766,
          3.096346
        ],
        [
          0.914955,
          0.20531,
          -0.347427,
          2.620554
        ],
        [
          0.017287,
          -0.880062,
          -0.474544,
          1.392567
        ],
        [
          0.0,
          0.0,
          0.0,
          1.0
        ]
      ]
    },
    {
      "file_path": "/media/NFS/ttao/scannet/posed_images/scene0378_01/00065.jpg",
      "transform_matrix": [
        [
          -0.458168,
          0.388954,
          -0.799247,
          3.017475
        ],
        [
          0.888852,
          0.195509,
          -0.414389,
          2.676708
        ],
        [
          -0.004919,
          -0.900273,
          -0.435299,
          1.415881
        ],
        [
          0.0,
          0.0,
          0.0,
          1.0
        ]
      ]
    },
    {
      "file_path": "/media/NFS/ttao/scannet/posed_images/scene0378_01/00074.jpg",
      "transform_matrix": [
        [
          -0.540703,
          0.316009,
          -0.779601,
          2.89752
        ],
        [
          0.841212,
          0.20159,
          -0.50172,
          2.796359
        ],
        [
          -0.001388,
          -0.927092,
          -0.374832,
          1.460734
        ],
        [
          0.0,
          0.0,
          0.0,
          1.0
        ]
      ]
    },
    {
      "file_path": "/media/NFS/ttao/scannet/posed_images/scene0378_01/00076.jpg",
      "transform_matrix": [
        [
          -0.549237,
          0.310744,
          -0.775742,
          2.873258
        ],
        [
          0.835655,
          0.19933,
          -0.511809,
          2.821777
        ],
        [
          -0.004412,
          -0.929357,
          -0.369155,
          1.467355
        ],
        [
          0.0,
          0.0,
          0.0,
          1.0
        ]
      ]
    },
    {
      "file_path": "/media/NFS/ttao/scannet/posed_images/scene0378_01/00088.jpg",
      "transform_matrix": [
        [
          -0.611375,
          0.229164,
          -0.757433,
          2.72935
        ],
        [
          0.790512,
          0.13307,
          -0.597815,
          2.910187
        ],
        [
          -0.036205,
          -0.964249,
          -0.262513,
          1.477672
        ],
        [
          0.0,
          0.0,
          0.0,
          1.0
        ]
      ]
    },
    {
      "file_path": "/media/NFS/ttao/scannet/posed_images/scene0378_01/00090.jpg",
      "transform_matrix": [
        [
          -0.62619,
          0.218628,
          -0.748391,
          2.699028
        ],
        [
          0.778507,
          0.1229,
          -0.615486,
          2.934689
        ],
        [
          -0.042585,
          -0.968038,
          -0.247162,
          1.46224
        ],
        [
          0.0,
          0.0,
          0.0,
          1.0
        ]
      ]
    },
    {
      "file_path": "/media/NFS/ttao/scannet/posed_images/scene0378_01/00099.jpg",
      "transform_matrix": [
        [
          -0.603578,
          0.225674,
          -0.764699,
          2.603403
        ],
        [
          0.796708,
          0.13364,
          -0.589404,
          2.920087
        ],
        [
          -0.030819,
          -0.964993,
          -0.260459,
          1.450964
        ],
        [
          0.0,
          0.0,
          0.0,
          1.0
        ]
      ]
    },
    {
      "file_path": "/media/NFS/ttao/scannet/posed_images/scene0378_01/00111.jpg",
      "transform_matrix": [
        [
          -0.536411,
          0.267828,
          -0.800332,
          2.51312
        ],
        [
          0.843422,
          0.136371,
          -0.519656,
          2.883171
        ],
        [
          -0.030036,
          -0.953767,
          -0.299043,
          1.462558
        ],
        [
          0.0,
          0.0,
          0.0,
          1.0
        ]
      ]
    },
    {
      "file_path": "/media/NFS/ttao/scannet/posed_images/scene0378_01/00113.jpg",
      "transform_matrix": [
        [
          -0.531318,
          0.268638,
          -0.803452,
          2.508217
        ],
        [
          0.84667,
          0.135722,
          -0.514519,
          2.881864
        ],
        [
          -0.029173,
          -0.953631,
          -0.29956,
          1.467291
        ],
        [
          0.0,
          0.0,
          0.0,
          1.0
        ]
      ]
    },
    {
      "file_path": "/media/NFS/ttao/scannet/posed_images/scene0378_01/00122.jpg",
      "transform_matrix": [
        [
          -0.467872,
          0.241579,
          -0.850138,
          2.571104
        ],
        [
          0.883671,
          0.111662,
          -0.454597,
          2.8929
        ],
        [
          -0.014893,
          -0.963935,
          -0.26572,
          1.501843
        ],
        [
          0.0,
          0.0,
          0.0,
          1.0
        ]
      ]
    },
    {
      "file_path": "/media/NFS/ttao/scannet/posed_images/scene0378_01/00131.jpg",
      "transform_matrix": [
        [
          -0.397007,
          0.224667,
          -0.889893,
          2.715681
        ],
        [
          0.9172,
          0.061593,
          -0.393639,
          2.901676
        ],
        [
          -0.033626,
          -0.972487,
          -0.230517,
          1.550646
        ],
        [
          0.0,
          0.0,
          0.0,
          1.0
        ]
      ]
    },
    {
      "file_path": "/media/NFS/ttao/scannet/posed_images/scene0378_01/00138.jpg",
      "transform_matrix": [
        [
          -0.391272,
          0.19009,
          -0.900429,
          2.798952
        ],
        [
          0.918987,
          0.028959,
          -0.393223,
          2.900234
        ],
        [
          -0.048672,
          -0.981339,
          -0.186022,
          1.585606
        ],
        [
          0.0,
          0.0,
          0.0,
          1.0
        ]
      ]
    },
    {
      "file_path": "/media/NFS/ttao/scannet/posed_images/scene0378_01/00148.jpg",
      "transform_matrix": [
        [
          -0.291062,
          0.129438,
          -0.947908,
          2.895822
        ],
        [
          0.956492,
          0.018468,
          -0.291176,
          2.846017
        ],
        [
          -0.020183,
          -0.991416,
          -0.129182,
          1.616415
        ],
        [
          0.0,
          0.0,
          0.0,
          1.0
        ]
      ]
    },
    {
      "file_path": "/media/NFS/ttao/scannet/posed_images/scene0378_01/00154.jpg",
      "transform_matrix": [
        [
          -0.183272,
          0.092519,
          -0.978699,
          2.95898
        ],
        [
          0.983062,
          0.016029,
          -0.182573,
          2.759679
        ],
        [
          -0.001204,
          -0.995582,
          -0.093889,
          1.626546
        ],
        [
          0.0,
          0.0,
          0.0,
          1.0
        ]
      ]
    },
    {
      "file_path": "/media/NFS/ttao/scannet/posed_images/scene0378_01/00159.jpg",
      "transform_matrix": [
        [
          -0.13153,
          0.078572,
          -0.988193,
          2.989479
        ],
        [
          0.991312,
          0.01104,
          -0.131068,
          2.701816
        ],
        [
          0.000611,
          -0.996847,
          -0.079341,
          1.662366
        ],
        [
          0.0,
          0.0,
          0.0,
          1.0
        ]
      ]
    },
    {
      "file_path": "/media/NFS/ttao/scannet/posed_images/scene0378_01/00173.jpg",
      "transform_matrix": [
        [
          0.011401,
          -0.05431,
          -0.998459,
          3.014436
        ],
        [
          0.9998,
          0.017044,
          0.01049,
          2.615213
        ],
        [
          0.016448,
          -0.998379,
          0.054493,
          1.653153
        ],
        [
          0.0,
          0.0,
          0.0,
          1.0
        ]
      ]
    },
    {
      "file_path": "/media/NFS/ttao/scannet/posed_images/scene0378_01/00177.jpg",
      "transform_matrix": [
        [
          0.038707,
          -0.068401,
          -0.996907,
          2.998431
        ],
        [
          0.999096,
          -0.014931,
          0.039816,
          2.602415
        ],
        [
          -0.017609,
          -0.997546,
          0.067761,
          1.658347
        ],
        [
          0.0,
          0.0,
          0.0,
          1.0
        ]
      ]
    },
    {
      "file_path": "/media/NFS/ttao/scannet/posed_images/scene0378_01/00187.jpg",
      "transform_matrix": [
        [
          0.094053,
          0.104686,
          -0.990048,
          2.927799
        ],
        [
          0.995567,
          -0.010356,
          0.093483,
          2.549045
        ],
        [
          -0.000467,
          -0.994451,
          -0.105196,
          1.547521
        ],
        [
          0.0,
          0.0,
          0.0,
          1.0
        ]
      ]
    },
    {
      "file_path": "/media/NFS/ttao/scannet/posed_images/scene0378_01/00191.jpg",
      "transform_matrix": [
        [
          0.110636,
          0.189091,
          -0.975707,
          2.904603
        ],
        [
          0.993433,
          -0.049851,
          0.102985,
          2.506456
        ],
        [
          -0.029167,
          -0.980693,
          -0.193364,
          1.557778
        ],
        [
          0.0,
          0.0,
          0.0,
          1.0
        ]
      ]
    },
    {
      "file_path": "/media/NFS/ttao/scannet/posed_images/scene0378_01/00203.jpg",
      "transform_matrix": [
        [
          0.227374,
          0.335639,
          -0.914138,
          2.889235
        ],
        [
          0.973794,
          -0.083377,
          0.211599,
          2.29443
        ],
        [
          -0.005197,
          -0.938293,
          -0.345801,
          1.488587
        ],
        [
          0.0,
          0.0,
          0.0,
          1.0
        ]
      ]
    },
    {
      "file_path": "/media/NFS/ttao/scannet/posed_images/scene0378_01/00205.jpg",
      "transform_matrix": [
        [
          0.238277,
          0.36847,
          -0.898584,
          2.887279
        ],
        [
          0.971188,
          -0.086273,
          0.222153,
          2.270873
        ],
        [
          0.004333,
          -0.925628,
          -0.378411,
          1.47509
        ],
        [
          0.0,
          0.0,
          0.0,
          1.0
        ]
      ]
    },
    {
      "file_path": "/media/NFS/ttao/scannet/posed_images/scene0378_01/00214.jpg",
      "transform_matrix": [
        [
          0.279578,
          0.455786,
          -0.845042,
          2.880355
        ],
        [
          0.960114,
          -0.128921,
          0.248114,
          2.216326
        ],
        [
          0.004143,
          -0.880704,
          -0.47365,
          1.424515
        ],
        [
          0.0,
          0.0,
          0.0,
          1.0
        ]
      ]
    },
    {
      "file_path": "/media/NFS/ttao/scannet/posed_images/scene0378_01/00226.jpg",
      "transform_matrix": [
        [
          0.410244,
          0.454708,
          -0.790532,
          2.967219
        ],
        [
          0.911603,
          -0.229243,
          0.341215,
          2.247461
        ],
        [
          -0.026071,
          -0.860632,
          -0.508559,
          1.410536
        ],
        [
          0.0,
          0.0,
          0.0,
          1.0
        ]
      ]
    },
    {
      "file_path": "/media/NFS/ttao/scannet/posed_images/scene0378_01/00235.jpg",
      "transform_matrix": [
        [
          0.456826,
          0.404337,
          -0.792352,
          3.065555
        ],
        [
          0.888214,
          -0.256237,
          0.381338,
          2.225237
        ],
        [
          -0.04884,
          -0.877983,
          -0.476194,
          1.431503
        ],
        [
          0.0,
          0.0,
          0.0,
          1.0
        ]
      ]
    },
    {
      "file_path": "/media/NFS/ttao/scannet/posed_images/scene0378_01/00237.jpg",
      "transform_matrix": [
        [
          0.467949,
          0.393743,
          -0.791195,
          3.081024
        ],
        [
          0.881659,
          -0.26962,
          0.387275,
          2.222057
        ],
        [
          -0.060835,
          -0.87879,
          -0.473316,
          1.431408
        ],
        [
          0.0,
          0.0,
          0.0,
          1.0
        ]
      ]
    },
    {
      "file_path": "/media/NFS/ttao/scannet/posed_images/scene0378_01/00244.jpg",
      "transform_matrix": [
        [
          0.52643,
          0.363232,
          -0.768723,
          3.117678
        ],
        [
          0.847544,
          -0.295858,
          0.440611,
          2.221688
        ],
        [
          -0.067389,
          -0.883476,
          -0.463603,
          1.429506
        ],
        [
          0.0,
          0.0,
          0.0,
          1.0
        ]
      ]
    },
    {
      "file_path": "/media/NFS/ttao/scannet/posed_images/scene0378_01/00254.jpg",
      "transform_matrix": [
        [
          0.624191,
          0.298044,
          -0.722188,
          3.062738
        ],
        [
          0.779958,
          -0.291318,
          0.553895,
          2.159829
        ],
        [
          -0.045301,
          -0.909012,
          -0.4143,
          1.427938
        ],
        [
          0.0,
          0.0,
          0.0,
          1.0
        ]
      ]
    },
    {
      "file_path": "/media/NFS/ttao/scannet/posed_images/scene0378_01/00263.jpg",
      "transform_matrix": [
        [
          0.714427,
          0.240937,
          -0.65692,
          2.897944
        ],
        [
          0.696021,
          -0.340992,
          0.631886,
          2.061797
        ],
        [
          -0.07176,
          -0.908666,
          -0.411311,
          1.41305
        ],
        [
          0.0,
          0.0,
          0.0,
          1.0
        ]
      ]
    },
    {
      "file_path": "/media/NFS/ttao/scannet/posed_images/scene0378_01/00272.jpg",
      "transform_matrix": [
        [
          0.770239,
          0.232888,
          -0.593713,
          2.753075
        ],
        [
          0.637752,
          -0.278178,
          0.718255,
          1.974263
        ],
        [
          0.002115,
          -0.931869,
          -0.362788,
          1.385547
        ],
        [
          0.0,
          0.0,
          0.0,
          1.0
        ]
      ]
    },
    {
      "file_path": "/media/NFS/ttao/scannet/posed_images/scene0378_01/00279.jpg",
      "transform_matrix": [
        [
          0.817757,
          0.274078,
          -0.506118,
          2.686702
        ],
        [
          0.570436,
          -0.268819,
          0.776105,
          1.938316
        ],
        [
          0.07666,
          -0.923373,
          -0.376172,
          1.344889
        ],
        [
          0.0,
          0.0,
          0.0,
          1.0
        ]
      ]
    },
    {
      "file_path": "/media/NFS/ttao/scannet/posed_images/scene0378_01/00286.jpg",
      "transform_matrix": [
        [
          0.805749,
          0.326793,
          -0.493938,
          2.631011
        ],
        [
          0.578552,
          -0.25593,
          0.774453,
          1.901527
        ],
        [
          0.126672,
          -0.909784,
          -0.395282,
          1.315947
        ],
        [
          0.0,
          0.0,
          0.0,
          1.0
        ]
      ]
    },
    {
      "file_path": "/media/NFS/ttao/scannet/posed_images/scene0378_01/00293.jpg",
      "transform_matrix": [
        [
          0.800074,
          0.329024,
          -0.501622,
          2.627879
        ],
        [
          0.589398,
          -0.275337,
          0.759474,
          1.899579
        ],
        [
          0.11177,
          -0.90329,
          -0.414216,
          1.318024
        ],
        [
          0.0,
          0.0,
          0.0,
          1.0
        ]
      ]
    },
    {
      "file_path": "/media/NFS/ttao/scannet/posed_images/scene0378_01/00300.jpg",
      "transform_matrix": [
        [
          0.799777,
          0.325516,
          -0.504376,
          2.64918
        ],
        [
          0.592172,
          -0.290047,
          0.751802,
          1.906168
        ],
        [
          0.098431,
          -0.899951,
          -0.424734,
          1.325722
        ],
        [
          0.0,
          0.0,
          0.0,
          1.0
        ]
      ]
    },
    {
      "file_path": "/media/NFS/ttao/scannet/posed_images/scene0378_01/00307.jpg",
      "transform_matrix": [
        [
          0.810764,
          0.302968,
          -0.500872,
          2.705863
        ],
        [
          0.581016,
          -0.312291,
          0.751595,
          1.937071
        ],
        [
          0.071291,
          -0.90038,
          -0.429224,
          1.350474
        ],
        [
          0.0,
          0.0,
          0.0,
          1.0
        ]
      ]
    },
    {
      "file_path": "/media/NFS/ttao/scannet/posed_images/scene0378_01/00318.jpg",
      "transform_matrix": [
        [
          0.84297,
          0.23702,
          -0.482931,
          2.886398
        ],
        [
          0.537923,
          -0.360842,
          0.761861,
          2.012574
        ],
        [
          0.006314,
          -0.902006,
          -0.431677,
          1.376884
        ],
        [
          0.0,
          0.0,
          0.0,
          1.0
        ]
      ]
    },
    {
      "file_path": "/media/NFS/ttao/scannet/posed_images/scene0378_01/00320.jpg",
      "transform_matrix": [
        [
          0.839312,
          0.232329,
          -0.491507,
          2.927042
        ],
        [
          0.543616,
          -0.368833,
          0.753953,
          2.032026
        ],
        [
          -0.006119,
          -0.899992,
          -0.435864,
          1.383457
        ],
        [
          0.0,
          0.0,
          0.0,
          1.0
        ]
      ]
    },
    {
      "file_path": "/media/NFS/ttao/scannet/posed_images/scene0378_01/00334.jpg",
      "transform_matrix": [
        [
          0.714297,
          0.298665,
          -0.632914,
          3.138195
        ],
        [
          0.699004,
          -0.348726,
          0.624326,
          2.049538
        ],
        [
          -0.034249,
          -0.888364,
          -0.457862,
          1.397141
        ],
        [
          0.0,
          0.0,
          0.0,
          1.0
        ]
      ]
    },
    {
      "file_path": "/media/NFS/ttao/scannet/posed_images/scene0378_01/00337.jpg",
      "transform_matrix": [
        [
          0.691793,
          0.311289,
          -0.651553,
          3.162048
        ],
        [
          0.721701,
          -0.32789,
          0.609619,
          2.048178
        ],
        [
          -0.02387,
          -0.891957,
          -0.45149,
          1.410087
        ],
        [
          0.0,
          0.0,
          0.0,
          1.0
        ]
      ]
    },
    {
      "file_path": "/media/NFS/ttao/scannet/posed_images/scene0378_01/00350.jpg",
      "transform_matrix": [
        [
          0.584952,
          0.233076,
          -0.776857,
          3.205849
        ],
        [
          0.810554,
          -0.202095,
          0.549691,
          2.017452
        ],
        [
          -0.02888,
          -0.951227,
          -0.307136,
          1.498531
        ],
        [
          0.0,
          0.0,
          0.0,
          1.0
        ]
      ]
    },
    {
      "file_path": "/media/NFS/ttao/scannet/posed_images/scene0378_01/00357.jpg",
      "transform_matrix": [
        [
          0.541291,
          0.188933,
          -0.819334,
          3.198092
        ],
        [
          0.839932,
          -0.166648,
          0.516471,
          1.996614
        ],
        [
          -0.038963,
          -0.967746,
          -0.248896,
          1.540357
        ],
        [
          0.0,
          0.0,
          0.0,
          1.0
        ]
      ]
    },
    {
      "file_path": "/media/NFS/ttao/scannet/posed_images/scene0378_01/00362.jpg",
      "transform_matrix": [
        [
          0.520895,
          0.147391,
          -0.8408,
          3.210345
        ],
        [
          0.852031,
          -0.149861,
          0.501583,
          1.991867
        ],
        [
          -0.052074,
          -0.977659,
          -0.203644,
          1.551557
        ],
        [
          0.0,
          0.0,
          0.0,
          1.0
        ]
      ]
    },
    {
      "file_path": "/media/NFS/ttao/scannet/posed_images/scene0378_01/00366.jpg",
      "transform_matrix": [
        [
          0.538042,
          0.117805,
          -0.834645,
          3.220292
        ],
        [
          0.841969,
          -0.122084,
          0.525532,
          1.996319
        ],
        [
          -0.039987,
          -0.985504,
          -0.164875,
          1.565063
        ],
        [
          0.0,
          0.0,
          0.0,
          1.0
        ]
      ]
    },
    {
      "file_path": "/media/NFS/ttao/scannet/posed_images/scene0378_01/00378.jpg",
      "transform_matrix": [
        [
          0.522184,
          0.009485,
          -0.85278,
          3.235041
        ],
        [
          0.852113,
          -0.046873,
          0.521255,
          2.013035
        ],
        [
          -0.035028,
          -0.998856,
          -0.032559,
          1.672064
        ],
        [
          0.0,
          0.0,
          0.0,
          1.0
        ]
      ]
    },
    {
      "file_path": "/media/NFS/ttao/scannet/posed_images/scene0378_01/00387.jpg",
      "transform_matrix": [
        [
          0.520522,
          -0.048834,
          -0.85245,
          3.254172
        ],
        [
          0.853402,
          -0.00249,
          0.521247,
          2.016867
        ],
        [
          -0.027577,
          -0.998804,
          0.040379,
          1.626777
        ],
        [
          0.0,
          0.0,
          0.0,
          1.0
        ]
      ]
    },
    {
      "file_path": "/media/NFS/ttao/scannet/posed_images/scene0378_01/00390.jpg",
      "transform_matrix": [
        [
          0.529043,
          -0.060838,
          -0.846411,
          3.255467
        ],
        [
          0.848352,
          0.014057,
          0.529246,
          2.012276
        ],
        [
          -0.0203,
          -0.998049,
          0.059049,
          1.601913
        ],
        [
          0.0,
          0.0,
          0.0,
          1.0
        ]
      ]
    },
    {
      "file_path": "/media/NFS/ttao/scannet/posed_images/scene0378_01/00403.jpg",
      "transform_matrix": [
        [
          0.586644,
          -0.107714,
          -0.80265,
          3.29217
        ],
        [
          0.809707,
          0.059693,
          0.583791,
          2.033243
        ],
        [
          -0.01497,
          -0.992388,
          0.122235,
          1.599223
        ],
        [
          0.0,
          0.0,
          0.0,
          1.0
        ]
      ]
    },
    {
      "file_path": "/media/NFS/ttao/scannet/posed_images/scene0378_01/00408.jpg",
      "transform_matrix": [
        [
          0.596737,
          -0.126734,
          -0.792366,
          3.31345
        ],
        [
          0.801757,
          0.053514,
          0.59525,
          2.043347
        ],
        [
          -0.033036,
          -0.990492,
          0.133544,
          1.639807
        ],
        [
          0.0,
          0.0,
          0.0,
          1.0
        ]
      ]
    },
    {
      "file_path": "/media/NFS/ttao/scannet/posed_images/scene0378_01/00415.jpg",
      "transform_matrix": [
        [
          0.629646,
          -0.135733,
          -0.764933,
          3.325244
        ],
        [
          0.776151,
          0.067211,
          0.626954,
          2.04126
        ],
        [
          -0.033687,
          -0.988463,
          0.147668,
          1.624435
        ],
        [
          0.0,
          0.0,
          0.0,
          1.0
        ]
      ]
    },
    {
      "file_path": "/media/NFS/ttao/scannet/posed_images/scene0378_01/00422.jpg",
      "transform_matrix": [
        [
          0.663783,
          -0.130233,
          -0.736499,
          3.334707
        ],
        [
          0.746906,
          0.064038,
          0.661839,
          2.042955
        ],
        [
          -0.039029,
          -0.989413,
          0.139779,
          1.614663
        ],
        [
          0.0,
          0.0,
          0.0,
          1.0
        ]
      ]
    },
    {
      "file_path": "/media/NFS/ttao/scannet/posed_images/scene0378_01/00429.jpg",
      "transform_matrix": [
        [
          0.702043,
          -0.108185,
          -0.703868,
          3.364141
        ],
        [
          0.710557,
          0.040683,
          0.702462,
          2.07608
        ],
        [
          -0.047361,
          -0.993298,
          0.105433,
          1.606432
        ],
        [
          0.0,
          0.0,
          0.0,
          1.0
        ]
      ]
    },
    {
      "file_path": "/media/NFS/ttao/scannet/posed_images/scene0378_01/00436.jpg",
      "transform_matrix": [
        [
          0.748104,
          -0.098631,
          -0.656211,
          3.381505
        ],
        [
          0.660545,
          0.016191,
          0.750612,
          2.092179
        ],
        [
          -0.063409,
          -0.994992,
          0.077263,
          1.602176
        ],
        [
          0.0,
          0.0,
          0.0,
          1.0
        ]
      ]
    },
    {
      "file_path": "/media/NFS/ttao/scannet/posed_images/scene0378_01/00447.jpg",
      "transform_matrix": [
        [
          0.792228,
          -0.0573,
          -0.607529,
          3.374427
        ],
        [
          0.606378,
          -0.037696,
          0.794283,
          2.103517
        ],
        [
          -0.068413,
          -0.997645,
          0.004881,
          1.564902
        ],
        [
          0.0,
          0.0,
          0.0,
          1.0
        ]
      ]
    },
    {
      "file_path": "/media/NFS/ttao/scannet/posed_images/scene0378_01/00456.jpg",
      "transform_matrix": [
        [
          0.785635,
          0.000926,
          -0.61869,
          3.345833
        ],
        [
          0.613205,
          -0.13404,
          0.778469,
          2.129073
        ],
        [
          -0.082208,
          -0.990975,
          -0.105874,
          1.528331
        ],
        [
          0.0,
          0.0,
          0.0,
          1.0
        ]
      ]
    },
    {
      "file_path": "/media/NFS/ttao/scannet/posed_images/scene0378_01/00466.jpg",
      "transform_matrix": [
        [
          0.780946,
          0.070654,
          -0.620589,
          3.319596
        ],
        [
          0.619753,
          -0.211171,
          0.755852,
          2.140651
        ],
        [
          -0.077647,
          -0.974892,
          -0.208701,
          1.503934
        ],
        [
          0.0,
          0.0,
          0.0,
          1.0
        ]
      ]
    },
    {
      "file_path": "/media/NFS/ttao/scannet/posed_images/scene0378_01/00468.jpg",
      "transform_matrix": [
        [
          0.781809,
          0.085623,
          -0.617611,
          3.304727
        ],
        [
          0.619091,
          -0.224428,
          0.752568,
          2.135836
        ],
        [
          -0.074172,
          -0.970722,
          -0.228468,
          1.49896
        ],
        [
          0.0,
          0.0,
          0.0,
          1.0
        ]
      ]
    },
    {
      "file_path": "/media/NFS/ttao/scannet/posed_images/scene0378_01/00477.jpg",
      "transform_matrix": [
        [
          0.747203,
          0.170374,
          -0.642386,
          3.276665
        ],
        [
          0.661348,
          -0.286059,
          0.69339,
          2.134161
        ],
        [
          -0.065625,
          -0.942944,
          -0.326421,
          1.46086
        ],
        [
          0.0,
          0.0,
          0.0,
          1.0
        ]
      ]
    },
    {
      "file_path": "/media/NFS/ttao/scannet/posed_images/scene0378_01/00489.jpg",
      "transform_matrix": [
        [
          0.789981,
          0.242559,
          -0.563111,
          3.241486
        ],
        [
          0.611792,
          -0.372497,
          0.697823,
          2.145406
        ],
        [
          -0.040494,
          -0.895774,
          -0.442662,
          1.417262
        ],
        [
          0.0,
          0.0,
          0.0,
          1.0
        ]
      ]
    },
    {
      "file_path": "/media/NFS/ttao/scannet/posed_images/scene0378_01/00496.jpg",
      "transform_matrix": [
        [
          0.843536,
          0.211502,
          -0.493673,
          3.268357
        ],
        [
          0.534755,
          -0.416053,
          0.735485,
          2.177932
        ],
        [
          -0.049837,
          -0.884402,
          -0.464058,
          1.411536
        ],
        [
          0.0,
          0.0,
          0.0,
          1.0
        ]
      ]
    },
    {
      "file_path": "/media/NFS/ttao/scannet/posed_images/scene0378_01/00500.jpg",
      "transform_matrix": [
        [
          0.878055,
          0.171492,
          -0.446777,
          3.293824
        ],
        [
          0.475174,
          -0.423285,
          0.771388,
          2.194745
        ],
        [
          -0.056827,
          -0.889618,
          -0.453156,
          1.406466
        ],
        [
          0.0,
          0.0,
          0.0,
          1.0
        ]
      ]
    },
    {
      "file_path": "/media/NFS/ttao/scannet/posed_images/scene0378_01/00507.jpg",
      "transform_matrix": [
        [
          0.914489,
          0.134597,
          -0.381568,
          3.304237
        ],
        [
          0.401363,
          -0.421023,
          0.813417,
          2.213623
        ],
        [
          -0.051165,
          -0.897008,
          -0.439043,
          1.421891
        ],
        [
          0.0,
          0.0,
          0.0,
          1.0
        ]
      ]
    },
    {
      "file_path": "/media/NFS/ttao/scannet/posed_images/scene0378_01/00519.jpg",
      "transform_matrix": [
        [
          0.962038,
          0.065388,
          -0.264968,
          3.217822
        ],
        [
          0.268105,
          -0.407943,
          0.872756,
          2.22812
        ],
        [
          -0.051024,
          -0.910663,
          -0.409987,
          1.441845
        ],
        [
          0.0,
          0.0,
          0.0,
          1.0
        ]
      ]
    },
    {
      "file_path": "/media/NFS/ttao/scannet/posed_images/scene0378_01/00521.jpg",
      "transform_matrix": [
        [
          0.969098,
          0.055662,
          -0.240315,
          3.187406
        ],
        [
          0.242093,
          -0.401539,
          0.883265,
          2.219906
        ],
        [
          -0.047332,
          -0.914149,
          -0.402606,
          1.429707
        ],
        [
          0.0,
          0.0,
          0.0,
          1.0
        ]
      ]
    },
    {
      "file_path": "/media/NFS/ttao/scannet/posed_images/scene0378_01/00532.jpg",
      "transform_matrix": [
        [
          0.986028,
          0.018413,
          -0.165558,
          3.117227
        ],
        [
          0.156395,
          -0.44451,
          0.882016,
          2.226341
        ],
        [
          -0.057351,
          -0.895585,
          -0.441179,
          1.40056
        ],
        [
          0.0,
          0.0,
          0.0,
          1.0
        ]
      ]
    },
    {
      "file_path": "/media/NFS/ttao/scannet/posed_images/scene0378_01/00537.jpg",
      "transform_matrix": [
        [
          0.99183,
          0.028443,
          -0.124355,
          3.100199
        ],
        [
          0.124139,
          -0.439631,
          0.889558,
          2.226564
        ],
        [
          -0.029369,
          -0.897728,
          -0.43957,
          1.400431
        ],
        [
          0.0,
          0.0,
          0.0,
          1.0
        ]
      ]
    },
    {
      "file_path": "/media/NFS/ttao/scannet/posed_images/scene0378_01/00549.jpg",
      "transform_matrix": [
        [
          0.999171,
          0.004941,
          -0.040414,
          3.099443
        ],
        [
          0.038171,
          -0.459058,
          0.887586,
          2.278966
        ],
        [
          -0.014167,
          -0.888393,
          -0.458866,
          1.387365
        ],
        [
          0.0,
          0.0,
          0.0,
          1.0
        ]
      ]
    },
    {
      "file_path": "/media/NFS/ttao/scannet/posed_images/scene0378_01/00551.jpg",
      "transform_matrix": [
        [
          0.999291,
          0.004939,
          -0.037315,
          3.095652
        ],
        [
          0.03539,
          -0.460936,
          0.886728,
          2.294129
        ],
        [
          -0.01282,
          -0.88742,
          -0.460784,
          1.393028
        ],
        [
          0.0,
          0.0,
          0.0,
          1.0
        ]
      ]
    },
    {
      "file_path": "/media/NFS/ttao/scannet/posed_images/scene0378_01/00562.jpg",
      "transform_matrix": [
        [
          0.99746,
          -0.063915,
          -0.031436,
          3.136393
        ],
        [
          0.004428,
          -0.384858,
          0.922965,
          2.376655
        ],
        [
          -0.07109,
          -0.92076,
          -0.383597,
          1.431578
        ],
        [
          0.0,
          0.0,
          0.0,
          1.0
        ]
      ]
    },
    {
      "file_path": "/media/NFS/ttao/scannet/posed_images/scene0378_01/00567.jpg",
      "transform_matrix": [
        [
          0.997317,
          -0.070296,
          -0.020432,
          3.131067
        ],
        [
          -0.006524,
          -0.363347,
          0.931631,
          2.411051
        ],
        [
          -0.072914,
          -0.928998,
          -0.36283,
          1.452432
        ],
        [
          0.0,
          0.0,
          0.0,
          1.0
        ]
      ]
    },
    {
      "file_path": "/media/NFS/ttao/scannet/posed_images/scene0378_01/00576.jpg",
      "transform_matrix": [
        [
          0.996678,
          -0.049047,
          0.065024,
          3.074117
        ],
        [
          -0.076323,
          -0.283706,
          0.955869,
          2.438636
        ],
        [
          -0.028435,
          -0.957656,
          -0.286506,
          1.50193
        ],
        [
          0.0,
          0.0,
          0.0,
          1.0
        ]
      ]
    },
    {
      "file_path": "/media/NFS/ttao/scannet/posed_images/scene0378_01/00588.jpg",
      "transform_matrix": [
        [
          0.972684,
          -0.040451,
          0.228581,
          2.979079
        ],
        [
          -0.23197,
          -0.132515,
          0.963655,
          2.430119
        ],
        [
          -0.008691,
          -0.990355,
          -0.138278,
          1.56191
        ],
        [
          0.0,
          0.0,
          0.0,
          1.0
        ]
      ]
    },
    {
      "file_path": "/media/NFS/ttao/scannet/posed_images/scene0378_01/00590.jpg",
      "transform_matrix": [
        [
          0.965289,
          -0.023137,
          0.260156,
          2.950009
        ],
        [
          -0.261171,
          -0.095235,
          0.960583,
          2.422942
        ],
        [
          0.002551,
          -0.995186,
          -0.097972,
          1.5393
        ],
