{
  "frames": [
    {
      "file_path": "/media/NFS/ttao/scannet/posed_images/scene0164_00/00000.jpg",
      "transform_matrix": [
        [
          0.623567,
          0.536294,
          -0.568817,
          1.790477
        ],
        [
          0.781209,
          -0.455034,
          0.427384,
          1.816361
        ],
        [
          -0.029628,
          -0.710867,
          -0.702702,
          1.229059
        ],
        [
          0.0,
          0.0,
          0.0,
          1.0
        ]
      ]
    },
    {
      "file_path": "/media/NFS/ttao/scannet/posed_images/scene0164_00/00006.jpg",
      "transform_matrix": [
        [
          0.662099,
          0.497587,
          -0.560385,
          1.806067
        ],
        [
          0.748998,
          -0.464353,
          0.47263,
          1.824173
        ],
        [
          -0.025042,
          -0.732655,
          -0.680139,
          1.239898
        ],
        [
          0.0,
          0.0,
          0.0,
          1.0
        ]
      ]
    },
    {
      "file_path": "/media/NFS/ttao/scannet/posed_images/scene0164_00/00013.jpg",
      "transform_matrix": [
        [
          0.684684,
          0.456526,
          -0.568148,
          1.819269
        ],
        [
          0.72809,
          -0.463792,
          0.50476,
          1.825643
        ],
        [
          -0.033067,
          -0.759264,
          -0.649943,
          1.254218
        ],
        [
          0.0,
          0.0,
          0.0,
          1.0
        ]
      ]
    },
    {
      "file_path": "/media/NFS/ttao/scannet/posed_images/scene0164_00/00023.jpg",
      "transform_matrix": [
        [
          0.669327,
          0.374197,
          -0.641855,
          1.832729
        ],
        [
          0.74086,
          -0.401175,
          0.538688,
          1.802022
        ],
        [
          -0.055921,
          -0.836083,
          -0.545745,
          1.271945
        ],
        [
          0.0,
          0.0,
          0.0,
          1.0
        ]
      ]
    },
    {
      "file_path": "/media/NFS/ttao/scannet/posed_images/scene0164_00/00026.jpg",
      "transform_matrix": [
        [
          0.670084,
          0.3679,
          -0.6447,
          1.833347
        ],
        [
          0.740336,
          -0.394152,
          0.544561,
          1.800111
        ],
        [
          -0.053766,
          -0.842196,
          -0.536484,
          1.27616
        ],
        [
          0.0,
          0.0,
          0.0,
          1.0
        ]
      ]
    },
    {
      "file_path": "/media/NFS/ttao/scannet/posed_images/scene0164_00/00030.jpg",
      "transform_matrix": [
        [
          0.671623,
          0.350704,
          -0.652633,
          1.838123
        ],
        [
          0.738715,
          -0.384486,
          0.553598,
          1.799024
        ],
        [
          -0.056779,
          -0.853918,
          -0.5173,
          1.279193
        ],
        [
          0.0,
          0.0,
          0.0,
          1.0
        ]
      ]
    },
    {
      "file_path": "/media/NFS/ttao/scannet/posed_images/scene0164_00/00041.jpg",
      "transform_matrix": [
        [
          0.65185,
          0.321609,
          -0.686775,
          1.835324
        ],
        [
          0.757865,
          -0.308587,
          0.574817,
          1.784186
        ],
        [
          -0.027064,
          -0.895177,
          -0.444889,
          1.297586
        ],
        [
          0.0,
          0.0,
          0.0,
          1.0
        ]
      ]
    },
    {
      "file_path": "/media/NFS/ttao/scannet/posed_images/scene0164_00/00047.jpg",
      "transform_matrix": [
        [
          0.626021,
          0.325181,
          -0.70877,
          1.828754
        ],
        [
          0.77979,
          -0.266936,
          0.56628,
          1.770149
        ],
        [
          -0.005053,
          -0.907195,
          -0.42068,
          1.305468
        ],
        [
          0.0,
          0.0,
          0.0,
          1.0
        ]
      ]
    },
    {
      "file_path": "/media/NFS/ttao/scannet/posed_images/scene0164_00/00053.jpg",
      "transform_matrix": [
        [
          0.579174,
          0.316877,
          -0.751097,
          1.820206
        ],
        [
          0.81518,
          -0.217978,
          0.536626,
          1.751062
        ],
        [
          0.006322,
          -0.923079,
          -0.384559,
          1.317305
        ],
        [
          0.0,
          0.0,
          0.0,
          1.0
        ]
      ]
    },
    {
      "file_path": "/media/NFS/ttao/scannet/posed_images/scene0164_00/00060.jpg",
      "transform_matrix": [
        [
          0.549765,
          0.287469,
          -0.784296,
          1.806428
        ],
        [
          0.832927,
          -0.117644,
          0.540733,
          1.721702
        ],
        [
          0.063176,
          -0.950537,
          -0.304117,
          1.347203
        ],
        [
          0.0,
          0.0,
          0.0,
          1.0
        ]
      ]
    },
    {
      "file_path": "/media/NFS/ttao/scannet/posed_images/scene0164_00/00064.jpg",
      "transform_matrix": [
        [
          0.564043,
          0.277779,
          -0.777621,
          1.801029
        ],
        [
          0.822546,
          -0.106184,
          0.558698,
          1.713536
        ],
        [
          0.072624,
          -0.954758,
          -0.288378,
          1.357767
        ],
        [
          0.0,
          0.0,
          0.0,
          1.0
        ]
      ]
    },
    {
      "file_path": "/media/NFS/ttao/scannet/posed_images/scene0164_00/00070.jpg",
      "transform_matrix": [
        [
          0.567532,
          0.237606,
          -0.788321,
          1.794024
        ],
        [
          0.822569,
          -0.121902,
          0.555446,
          1.696904
        ],
        [
          0.035879,
          -0.963682,
          -0.264631,
          1.373466
        ],
        [
          0.0,
          0.0,
          0.0,
          1.0
        ]
      ]
    },
    {
      "file_path": "/media/NFS/ttao/scannet/posed_images/scene0164_00/00073.jpg",
      "transform_matrix": [
        [
          0.53591,
          0.250301,
          -0.806319,
          1.788393
        ],
        [
          0.843894,
          -0.130123,
          0.520491,
          1.687433
        ],
        [
          0.025359,
          -0.959384,
          -0.280962,
          1.371905
        ],
        [
          0.0,
          0.0,
          0.0,
          1.0
        ]
      ]
    },
    {
      "file_path": "/media/NFS/ttao/scannet/posed_images/scene0164_00/00085.jpg",
      "transform_matrix": [
        [
          0.30004,
          0.401104,
          -0.865501,
          1.761523
        ],
        [
          0.953881,
          -0.117252,
          0.27634,
          1.672453
        ],
        [
          0.009359,
          -0.908497,
          -0.417786,
          1.32381
        ],
        [
          0.0,
          0.0,
          0.0,
          1.0
        ]
      ]
    },
    {
      "file_path": "/media/NFS/ttao/scannet/posed_images/scene0164_00/00090.jpg",
      "transform_matrix": [
        [
          0.210025,
          0.427935,
          -0.879068,
          1.754199
        ],
        [
          0.977628,
          -0.081255,
          0.194017,
          1.69117
        ],
        [
          0.011598,
          -0.900149,
          -0.435427,
          1.321325
        ],
        [
          0.0,
          0.0,
          0.0,
          1.0
        ]
      ]
    },
    {
      "file_path": "/media/NFS/ttao/scannet/posed_images/scene0164_00/00092.jpg",
      "transform_matrix": [
        [
          0.188281,
          0.435024,
          -0.880514,
          1.752014
        ],
        [
          0.981959,
          -0.067392,
          0.176677,
          1.698642
        ],
        [
          0.01752,
          -0.897893,
          -0.439865,
          1.321697
        ],
        [
          0.0,
          0.0,
          0.0,
          1.0
        ]
      ]
    },
    {
      "file_path": "/media/NFS/ttao/scannet/posed_images/scene0164_00/00100.jpg",
      "transform_matrix": [
        [
          0.142341,
          0.514805,
          -0.845408,
          1.751163
        ],
        [
          0.989798,
          -0.068697,
          0.124819,
          1.742463
        ],
        [
          0.00618,
          -0.85455,
          -0.519332,
          1.298403
        ],
        [
          0.0,
          0.0,
          0.0,
          1.0
        ]
      ]
    },
    {
      "file_path": "/media/NFS/ttao/scannet/posed_images/scene0164_00/00107.jpg",
      "transform_matrix": [
        [
          0.131135,
          0.548532,
          -0.825782,
          1.779112
        ],
        [
          0.991364,
          -0.073242,
          0.108778,
          1.758007
        ],
        [
          -0.000813,
          -0.832916,
          -0.5534,
          1.274495
        ],
        [
          0.0,
          0.0,
          0.0,
          1.0
        ]
      ]
    },
    {
      "file_path": "/media/NFS/ttao/scannet/posed_images/scene0164_00/00111.jpg",
      "transform_matrix": [
        [
          0.112168,
          0.534203,
          -0.837881,
          1.801962
        ],
        [
          0.993677,
          -0.064526,
          0.091885,
          1.76295
        ],
        [
          -0.00498,
          -0.84289,
          -0.538063,
          1.272894
        ],
        [
          0.0,
          0.0,
          0.0,
          1.0
        ]
      ]
    },
    {
      "file_path": "/media/NFS/ttao/scannet/posed_images/scene0164_00/00122.jpg",
      "transform_matrix": [
        [
          0.232681,
          0.491423,
          -0.839263,
          1.814392
        ],
        [
          0.972338,
          -0.099401,
          0.211372,
          1.796704
        ],
        [
          0.02045,
          -0.86523,
          -0.500958,
          1.295796
        ],
        [
          0.0,
          0.0,
          0.0,
          1.0
        ]
      ]
    },
    {
      "file_path": "/media/NFS/ttao/scannet/posed_images/scene0164_00/00124.jpg",
      "transform_matrix": [
        [
          0.239411,
          0.480412,
          -0.843734,
          1.813739
        ],
        [
          0.970679,
          -0.099127,
          0.21899,
          1.800379
        ],
        [
          0.021569,
          -0.871423,
          -0.490058,
          1.298445
        ],
        [
          0.0,
          0.0,
          0.0,
          1.0
        ]
      ]
    },
    {
      "file_path": "/media/NFS/ttao/scannet/posed_images/scene0164_00/00136.jpg",
      "transform_matrix": [
        [
          0.177295,
          0.353069,
          -0.918645,
          1.801068
        ],
        [
          0.984077,
          -0.051657,
          0.170069,
          1.793454
        ],
        [
          0.012592,
          -0.93417,
          -0.356606,
          1.350571
        ],
        [
          0.0,
          0.0,
          0.0,
          1.0
        ]
      ]
    },
    {
      "file_path": "/media/NFS/ttao/scannet/posed_images/scene0164_00/00141.jpg",
      "transform_matrix": [
        [
          0.18651,
          0.306401,
          -0.933452,
          1.79404
        ],
        [
          0.982178,
          -0.035667,
          0.184538,
          1.790542
        ],
        [
          0.023249,
          -0.951234,
          -0.307593,
          1.375108
        ],
        [
          0.0,
          0.0,
          0.0,
          1.0
        ]
      ]
    },
    {
      "file_path": "/media/NFS/ttao/scannet/posed_images/scene0164_00/00147.jpg",
      "transform_matrix": [
        [
          0.196591,
          0.247635,
          -0.948699,
          1.790992
        ],
        [
          0.980375,
          -0.035119,
          0.193988,
          1.792655
        ],
        [
          0.014721,
          -0.968217,
          -0.249679,
          1.40254
        ],
        [
          0.0,
          0.0,
          0.0,
          1.0
        ]
      ]
    },
    {
      "file_path": "/media/NFS/ttao/scannet/posed_images/scene0164_00/00154.jpg",
      "transform_matrix": [
        [
          0.205191,
          0.205847,
          -0.95683,
          1.792099
        ],
        [
          0.97869,
          -0.03521,
          0.202304,
          1.79889
        ],
        [
          0.007954,
          -0.977951,
          -0.208685,
          1.424155
        ],
        [
          0.0,
          0.0,
          0.0,
          1.0
        ]
      ]
    },
    {
      "file_path": "/media/NFS/ttao/scannet/posed_images/scene0164_00/00156.jpg",
      "transform_matrix": [
        [
          0.208989,
          0.194821,
          -0.958315,
          1.791953
        ],
        [
          0.9779,
          -0.035617,
          0.206019,
          1.796436
        ],
        [
          0.006005,
          -0.980192,
          -0.197959,
          1.429348
        ],
        [
          0.0,
          0.0,
          0.0,
          1.0
        ]
      ]
    },
    {
      "file_path": "/media/NFS/ttao/scannet/posed_images/scene0164_00/00166.jpg",
      "transform_matrix": [
        [
          0.188592,
          0.136554,
          -0.972515,
          1.800919
        ],
        [
          0.982045,
          -0.03094,
          0.186095,
          1.790173
        ],
        [
          -0.004677,
          -0.990149,
          -0.139937,
          1.448811
        ],
        [
          0.0,
          0.0,
          0.0,
          1.0
        ]
      ]
    },
    {
      "file_path": "/media/NFS/ttao/scannet/posed_images/scene0164_00/00173.jpg",
      "transform_matrix": [
        [
          0.167409,
          0.097541,
          -0.98105,
          1.812647
        ],
        [
          0.985885,
          -0.014066,
          0.166836,
          1.784975
        ],
        [
          0.002474,
          -0.995132,
          -0.098519,
          1.461861
        ],
        [
          0.0,
          0.0,
          0.0,
          1.0
        ]
      ]
    },
    {
      "file_path": "/media/NFS/ttao/scannet/posed_images/scene0164_00/00175.jpg",
      "transform_matrix": [
        [
          0.15611,
          0.095624,
          -0.9831,
          1.814107
        ],
        [
          0.987731,
          -0.010779,
          0.155796,
          1.781965
        ],
        [
          0.004301,
          -0.995359,
          -0.096133,
          1.46174
        ],
        [
          0.0,
          0.0,
          0.0,
          1.0
        ]
      ]
    },
    {
      "file_path": "/media/NFS/ttao/scannet/posed_images/scene0164_00/00181.jpg",
      "transform_matrix": [
        [
          0.136049,
          0.060654,
          -0.988844,
          1.822785
        ],
        [
          0.990684,
          -0.002192,
          0.136167,
          1.787706
        ],
        [
          0.006091,
          -0.998156,
          -0.060387,
          1.468667
        ],
        [
          0.0,
          0.0,
          0.0,
          1.0
        ]
      ]
    },
    {
      "file_path": "/media/NFS/ttao/scannet/posed_images/scene0164_00/00192.jpg",
      "transform_matrix": [
        [
          0.044981,
          0.210334,
          -0.976594,
          1.78989
        ],
        [
          0.99887,
          0.005537,
          0.0472,
          1.759444
        ],
        [
          0.015336,
          -0.977614,
          -0.209847,
          1.412334
        ],
        [
          0.0,
          0.0,
          0.0,
          1.0
        ]
      ]
    },
    {
      "file_path": "/media/NFS/ttao/scannet/posed_images/scene0164_00/00198.jpg",
      "transform_matrix": [
        [
          -0.039075,
          0.248957,
          -0.967726,
          1.770161
        ],
        [
          0.998697,
          0.041558,
          -0.029634,
          1.717095
        ],
        [
          0.032839,
          -0.967622,
          -0.250257,
          1.395785
        ],
        [
          0.0,
          0.0,
          0.0,
          1.0
        ]
      ]
    },
    {
      "file_path": "/media/NFS/ttao/scannet/posed_images/scene0164_00/00201.jpg",
      "transform_matrix": [
        [
          -0.080614,
          0.26586,
          -0.960635,
          1.754423
        ],
        [
          0.995674,
          0.066163,
          -0.065244,
          1.673718
        ],
        [
          0.046212,
          -0.961739,
          -0.270043,
          1.399974
        ],
        [
          0.0,
          0.0,
          0.0,
          1.0
        ]
      ]
    },
    {
      "file_path": "/media/NFS/ttao/scannet/posed_images/scene0164_00/00211.jpg",
      "transform_matrix": [
        [
          -0.204897,
          0.284964,
          -0.936382,
          1.730078
        ],
        [
          0.975977,
          0.131876,
          -0.173429,
          1.582386
        ],
        [
          0.074065,
          -0.949423,
          -0.30514,
          1.38864
        ],
        [
          0.0,
          0.0,
          0.0,
          1.0
        ]
      ]
    },
    {
      "file_path": "/media/NFS/ttao/scannet/posed_images/scene0164_00/00213.jpg",
      "transform_matrix": [
        [
          -0.217276,
          0.284869,
          -0.933617,
          1.727781
        ],
        [
          0.97323,
          0.136646,
          -0.184801,
          1.573057
        ],
        [
          0.074931,
          -0.948777,
          -0.306933,
          1.390404
        ],
        [
          0.0,
          0.0,
          0.0,
          1.0
        ]
      ]
    },
    {
      "file_path": "/media/NFS/ttao/scannet/posed_images/scene0164_00/00218.jpg",
      "transform_matrix": [
        [
          -0.239725,
          0.233791,
          -0.94227,
          1.728316
        ],
        [
          0.96782,
          0.134058,
          -0.212963,
          1.563853
        ],
        [
          0.07653,
          -0.963001,
          -0.258405,
          1.409849
        ],
        [
          0.0,
          0.0,
          0.0,
          1.0
        ]
      ]
    },
    {
      "file_path": "/media/NFS/ttao/scannet/posed_images/scene0164_00/00230.jpg",
      "transform_matrix": [
        [
          -0.32288,
          0.098524,
          -0.941298,
          1.766152
        ],
        [
          0.943693,
          0.109238,
          -0.312268,
          1.561676
        ],
        [
          0.07206,
          -0.989121,
          -0.128247,
          1.463151
        ],
        [
          0.0,
          0.0,
          0.0,
          1.0
        ]
      ]
    },
    {
      "file_path": "/media/NFS/ttao/scannet/posed_images/scene0164_00/00235.jpg",
      "transform_matrix": [
        [
          -0.359692,
          0.059809,
          -0.931152,
          1.77936
        ],
        [
          0.930622,
          0.09526,
          -0.353368,
          1.565439
        ],
        [
          0.067567,
          -0.993654,
          -0.089924,
          1.481098
        ],
        [
          0.0,
          0.0,
          0.0,
          1.0
        ]
      ]
    },
    {
      "file_path": "/media/NFS/ttao/scannet/posed_images/scene0164_00/00237.jpg",
      "transform_matrix": [
        [
          -0.369451,
          0.049643,
          -0.927923,
          1.782158
        ],
        [
          0.926976,
          0.089509,
          -0.364285,
          1.567414
        ],
        [
          0.064974,
          -0.994748,
          -0.079087,
          1.48567
        ],
        [
          0.0,
          0.0,
          0.0,
          1.0
        ]
      ]
    },
    {
      "file_path": "/media/NFS/ttao/scannet/posed_images/scene0164_00/00248.jpg",
      "transform_matrix": [
        [
          -0.401649,
          -0.02939,
          -0.915322,
          1.793719
        ],
        [
          0.914974,
          0.0294,
          -0.40244,
          1.578541
        ],
        [
          0.038738,
          -0.999135,
          0.015082,
          1.5191
        ],
        [
          0.0,
          0.0,
          0.0,
          1.0
        ]
      ]
    },
    {
      "file_path": "/media/NFS/ttao/scannet/posed_images/scene0164_00/00250.jpg",
      "transform_matrix": [
        [
          -0.405397,
          -0.040936,
          -0.913224,
          1.798156
        ],
        [
          0.913117,
          0.02913,
          -0.406655,
          1.576128
        ],
        [
          0.04325,
          -0.998737,
          0.02557,
          1.510519
        ],
        [
          0.0,
          0.0,
          0.0,
          1.0
        ]
      ]
    },
    {
      "file_path": "/media/NFS/ttao/scannet/posed_images/scene0164_00/00260.jpg",
      "transform_matrix": [
        [
          -0.501984,
          0.049036,
          -0.863486,
          1.782985
        ],
        [
          0.863708,
          0.080311,
          -0.497553,
          1.548825
        ],
        [
          0.04495,
          -0.995563,
          -0.082668,
          1.470092
        ],
        [
          0.0,
          0.0,
          0.0,
          1.0
        ]
      ]
    },
    {
      "file_path": "/media/NFS/ttao/scannet/posed_images/scene0164_00/00267.jpg",
      "transform_matrix": [
        [
          -0.573733,
          0.099797,
          -0.81294,
          1.746088
        ],
        [
          0.817343,
          0.133664,
          -0.560433,
          1.568136
        ],
        [
          0.052731,
          -0.985989,
          -0.158256,
          1.455759
        ],
        [
          0.0,
          0.0,
          0.0,
          1.0
        ]
      ]
    },
    {
      "file_path": "/media/NFS/ttao/scannet/posed_images/scene0164_00/00269.jpg",
      "transform_matrix": [
        [
          -0.580514,
          0.10465,
          -0.807497,
          1.733412
        ],
        [
          0.812394,
          0.14137,
          -0.565713,
          1.580971
        ],
        [
          0.054954,
          -0.98441,
          -0.167085,
          1.452249
        ],
        [
          0.0,
          0.0,
          0.0,
          1.0
        ]
      ]
    },
    {
      "file_path": "/media/NFS/ttao/scannet/posed_images/scene0164_00/00279.jpg",
      "transform_matrix": [
        [
          -0.527598,
          0.168737,
          -0.832567,
          1.680987
        ],
        [
          0.848879,
          0.142003,
          -0.509155,
          1.590593
        ],
        [
          0.032313,
          -0.975378,
          -0.218158,
          1.413941
        ],
        [
          0.0,
          0.0,
          0.0,
          1.0
        ]
      ]
    },
    {
      "file_path": "/media/NFS/ttao/scannet/posed_images/scene0164_00/00286.jpg",
      "transform_matrix": [
        [
          -0.520651,
          0.169909,
          -0.836692,
          1.690336
        ],
        [
          0.850762,
          0.185439,
          -0.491748,
          1.489907
        ],
        [
          0.071603,
          -0.967855,
          -0.241101,
          1.381673
        ],
        [
          0.0,
          0.0,
          0.0,
          1.0
        ]
      ]
    },
    {
      "file_path": "/media/NFS/ttao/scannet/posed_images/scene0164_00/00288.jpg",
      "transform_matrix": [
        [
          -0.509905,
          0.166459,
          -0.843972,
          1.695759
        ],
        [
          0.85695,
          0.183896,
          -0.481476,
          1.457558
        ],
        [
          0.075057,
          -0.968749,
          -0.236416,
          1.376227
        ],
        [
          0.0,
          0.0,
          0.0,
          1.0
        ]
      ]
    },
    {
      "file_path": "/media/NFS/ttao/scannet/posed_images/scene0164_00/00297.jpg",
      "transform_matrix": [
        [
          -0.443271,
          0.161139,
          -0.881785,
          1.72182
        ],
        [
          0.88993,
          0.196978,
          -0.411369,
          1.248218
        ],
        [
          0.107404,
          -0.967075,
          -0.230717,
          1.359578
        ],
        [
          0.0,
          0.0,
          0.0,
          1.0
        ]
      ]
    },
    {
      "file_path": "/media/NFS/ttao/scannet/posed_images/scene0164_00/00301.jpg",
      "transform_matrix": [
        [
          -0.439964,
          0.138762,
          -0.88723,
          1.737918
        ],
        [
          0.889579,
          0.20245,
          -0.409467,
          1.188
        ],
        [
          0.122801,
          -0.969412,
          -0.21251,
          1.355481
        ],
        [
          0.0,
          0.0,
          0.0,
          1.0
        ]
      ]
    },
    {
      "file_path": "/media/NFS/ttao/scannet/posed_images/scene0164_00/00311.jpg",
      "transform_matrix": [
        [
          -0.487257,
          0.095826,
          -0.867985,
          1.778417
        ],
        [
          0.857921,
          0.238002,
          -0.455331,
          1.129037
        ],
        [
          0.16295,
          -0.966526,
          -0.19818,
          1.345368
        ],
        [
          0.0,
          0.0,
          0.0,
          1.0
        ]
      ]
    },
    {
      "file_path": "/media/NFS/ttao/scannet/posed_images/scene0164_00/00312.jpg",
      "transform_matrix": [
        [
          -0.490024,
          0.095961,
          -0.866411,
          1.78078
        ],
        [
          0.856202,
          0.239627,
          -0.457709,
          1.127703
        ],
        [
          0.163693,
          -0.966111,
          -0.199585,
          1.343895
        ],
        [
          0.0,
          0.0,
          0.0,
          1.0
        ]
      ]
    },
    {
      "file_path": "/media/NFS/ttao/scannet/posed_images/scene0164_00/00324.jpg",
      "transform_matrix": [
        [
          -0.617668,
          0.111274,
          -0.778527,
          1.805688
        ],
        [
          0.774003,
          0.261363,
          -0.576723,
          1.182589
        ],
        [
          0.139304,
          -0.958805,
          -0.247562,
          1.347802
        ],
        [
          0.0,
          0.0,
          0.0,
          1.0
        ]
      ]
    },
    {
      "file_path": "/media/NFS/ttao/scannet/posed_images/scene0164_00/00329.jpg",
      "transform_matrix": [
        [
          -0.654981,
          0.119691,
          -0.746106,
          1.784912
        ],
        [
          0.745438,
          0.264091,
          -0.612029,
          1.260797
        ],
        [
          0.123786,
          -0.957042,
          -0.262197,
          1.352958
        ],
        [
          0.0,
          0.0,
          0.0,
          1.0
        ]
      ]
    },
    {
      "file_path": "/media/NFS/ttao/scannet/posed_images/scene0164_00/00335.jpg",
      "transform_matrix": [
        [
          -0.75144,
          0.107366,
          -0.651007,
          1.748348
        ],
        [
          0.650811,
          0.282937,
          -0.704551,
          1.403625
        ],
        [
          0.10855,
          -0.95311,
          -0.282485,
          1.356041
        ],
        [
          0.0,
          0.0,
          0.0,
          1.0
        ]
      ]
    },
    {
      "file_path": "/media/NFS/ttao/scannet/posed_images/scene0164_00/00339.jpg",
      "transform_matrix": [
        [
          -0.785809,
          0.098014,
          -0.610653,
          1.727275
        ],
        [
          0.608886,
          0.295736,
          -0.736069,
          1.465744
        ],
        [
          0.108447,
          -0.950228,
          -0.292072,
          1.360169
        ],
        [
          0.0,
          0.0,
          0.0,
          1.0
        ]
      ]
    },
    {
      "file_path": "/media/NFS/ttao/scannet/posed_images/scene0164_00/00346.jpg",
      "transform_matrix": [
        [
          -0.804656,
          0.116844,
          -0.582131,
          1.698654
        ],
        [
          0.585797,
          0.316089,
          -0.746278,
          1.55285
        ],
        [
          0.096808,
          -0.941507,
          -0.32279,
          1.364218
        ],
        [
          0.0,
          0.0,
          0.0,
          1.0
        ]
      ]
    },
    {
      "file_path": "/media/NFS/ttao/scannet/posed_images/scene0164_00/00350.jpg",
      "transform_matrix": [
        [
          -0.806359,
          0.132338,
          -0.57643,
          1.695615
        ],
        [
          0.585108,
          0.320581,
          -0.7449,
          1.584422
        ],
        [
          0.086214,
          -0.937931,
          -0.335935,
          1.364316
        ],
        [
          0.0,
          0.0,
          0.0,
          1.0
        ]
      ]
    },
    {
      "file_path": "/media/NFS/ttao/scannet/posed_images/scene0164_00/00356.jpg",
      "transform_matrix": [
        [
          -0.787302,
          0.147863,
          -0.598575,
          1.703633
        ],
        [
          0.61066,
          0.321071,
          -0.723885,
          1.627267
        ],
        [
          0.085149,
          -0.935441,
          -0.343074,
          1.362612
        ],
        [
          0.0,
          0.0,
          0.0,
          1.0
        ]
      ]
    },
    {
      "file_path": "/media/NFS/ttao/scannet/posed_images/scene0164_00/00365.jpg",
      "transform_matrix": [
        [
          -0.749062,
          0.195324,
          -0.633051,
          1.726881
        ],
        [
          0.659758,
          0.306779,
          -0.686008,
          1.725423
        ],
        [
          0.060213,
          -0.931523,
          -0.358663,
          1.354901
        ],
        [
          0.0,
          0.0,
          0.0,
          1.0
        ]
      ]
    },
    {
      "file_path": "/media/NFS/ttao/scannet/posed_images/scene0164_00/00371.jpg",
      "transform_matrix": [
        [
          -0.756952,
          0.204709,
          -0.620578,
          1.74041
        ],
        [
          0.650507,
          0.326392,
          -0.685791,
          1.785023
        ],
        [
          0.062164,
          -0.922802,
          -0.380227,
          1.344875
        ],
        [
          0.0,
          0.0,
          0.0,
          1.0
        ]
      ]
    },
    {
      "file_path": "/media/NFS/ttao/scannet/posed_images/scene0164_00/00376.jpg",
      "transform_matrix": [
        [
          -0.777912,
          0.222866,
          -0.587523,
          1.743987
        ],
        [
          0.625391,
          0.365573,
          -0.689379,
          1.833578
        ],
        [
          0.061143,
          -0.903707,
          -0.423762,
          1.330117
        ],
        [
          0.0,
          0.0,
          0.0,
          1.0
        ]
      ]
    },
    {
      "file_path": "/media/NFS/ttao/scannet/posed_images/scene0164_00/00382.jpg",
      "transform_matrix": [
        [
          -0.826079,
          0.206999,
          -0.524161,
          1.727021
        ],
        [
          0.56065,
          0.396167,
          -0.727134,
          1.910189
        ],
        [
          0.057139,
          -0.894541,
          -0.443319,
          1.311019
        ],
        [
          0.0,
          0.0,
          0.0,
          1.0
        ]
      ]
    },
    {
      "file_path": "/media/NFS/ttao/scannet/posed_images/scene0164_00/00388.jpg",
      "transform_matrix": [
        [
          -0.853181,
          0.161533,
          -0.495973,
          1.684359
        ],
        [
          0.512772,
          0.434076,
          -0.740705,
          2.005442
        ],
        [
          0.095642,
          -0.886276,
          -0.453175,
          1.299225
        ],
        [
          0.0,
          0.0,
          0.0,
          1.0
        ]
      ]
    },
    {
      "file_path": "/media/NFS/ttao/scannet/posed_images/scene0164_00/00399.jpg",
      "transform_matrix": [
        [
          -0.776301,
          0.284382,
          -0.562569,
          1.636468
        ],
        [
          0.628934,
          0.409475,
          -0.660888,
          2.135581
        ],
        [
          0.042413,
          -0.866867,
          -0.496733,
          1.297861
        ],
        [
          0.0,
          0.0,
          0.0,
          1.0
        ]
      ]
    },
    {
      "file_path": "/media/NFS/ttao/scannet/posed_images/scene0164_00/00401.jpg",
      "transform_matrix": [
        [
          -0.765685,
          0.300756,
          -0.56857,
          1.644852
        ],
        [
          0.642537,
          0.398251,
          -0.654632,
          2.155954
        ],
        [
          0.029549,
          -0.866569,
          -0.498182,
          1.294065
        ],
        [
          0.0,
          0.0,
          0.0,
          1.0
        ]
      ]
    },
    {
      "file_path": "/media/NFS/ttao/scannet/posed_images/scene0164_00/00407.jpg",
      "transform_matrix": [
        [
          -0.802912,
          0.264527,
          -0.534188,
          1.695205
        ],
        [
          0.595226,
          0.404218,
          -0.694488,
          2.191612
        ],
        [
          0.032218,
          -0.875576,
          -0.482005,
          1.300291
        ],
        [
          0.0,
          0.0,
          0.0,
          1.0
        ]
      ]
    },
    {
      "file_path": "/media/NFS/ttao/scannet/posed_images/scene0164_00/00418.jpg",
      "transform_matrix": [
        [
          -0.934591,
          0.123019,
          -0.333775,
          1.792777
        ],
        [
          0.354119,
          0.410776,
          -0.840157,
          2.236377
        ],
        [
          0.033751,
          -0.903399,
          -0.427471,
          1.333451
        ],
        [
          0.0,
          0.0,
          0.0,
          1.0
        ]
      ]
    },
    {
      "file_path": "/media/NFS/ttao/scannet/posed_images/scene0164_00/00423.jpg",
      "transform_matrix": [
        [
          -0.95531,
          0.079839,
          -0.284621,
          1.802442
        ],
        [
          0.292388,
          0.396909,
          -0.870042,
          2.254573
        ],
        [
          0.043505,
          -0.914379,
          -0.402515,
          1.359818
        ],
        [
          0.0,
          0.0,
          0.0,
          1.0
        ]
      ]
    },
    {
      "file_path": "/media/NFS/ttao/scannet/posed_images/scene0164_00/00427.jpg",
      "transform_matrix": [
        [
          -0.961788,
          0.054359,
          -0.268345,
          1.812738
        ],
        [
          0.267797,
          0.390789,
          -0.880664,
          2.258224
        ],
        [
          0.056994,
          -0.918874,
          -0.390413,
          1.363847
        ],
        [
          0.0,
          0.0,
          0.0,
          1.0
        ]
      ]
    },
    {
      "file_path": "/media/NFS/ttao/scannet/posed_images/scene0164_00/00431.jpg",
      "transform_matrix": [
        [
          -0.965512,
          0.040118,
          -0.257249,
          1.816767
        ],
        [
          0.253057,
          0.37696,
          -0.89099,
          2.261457
        ],
        [
          0.061228,
          -0.92536,
          -0.374112,
          1.369712
        ],
        [
          0.0,
          0.0,
          0.0,
          1.0
        ]
      ]
    },
    {
      "file_path": "/media/NFS/ttao/scannet/posed_images/scene0164_00/00440.jpg",
      "transform_matrix": [
        [
          -0.970384,
          0.015066,
          -0.241096,
          1.812947
        ],
        [
          0.233177,
          0.31915,
          -0.91857,
          2.251975
        ],
        [
          0.063106,
          -0.947584,
          -0.313212,
          1.390446
        ],
        [
          0.0,
          0.0,
          0.0,
          1.0
        ]
      ]
    },
    {
      "file_path": "/media/NFS/ttao/scannet/posed_images/scene0164_00/00444.jpg",
      "transform_matrix": [
        [
          -0.979191,
          0.011336,
          -0.202624,
          1.807416
        ],
        [
          0.196269,
          0.306803,
          -0.931317,
          2.239765
        ],
        [
          0.051608,
          -0.951706,
          -0.302643,
          1.399442
        ],
        [
          0.0,
          0.0,
          0.0,
          1.0
        ]
      ]
    },
    {
      "file_path": "/media/NFS/ttao/scannet/posed_images/scene0164_00/00455.jpg",
      "transform_matrix": [
        [
          -0.99916,
          -0.020918,
          -0.035244,
          1.782901
        ],
        [
          0.027681,
          0.289728,
          -0.956709,
          2.165302
        ],
        [
          0.030223,
          -0.95688,
          -0.288906,
          1.405171
        ],
        [
          0.0,
          0.0,
          0.0,
          1.0
        ]
      ]
    },
    {
      "file_path": "/media/NFS/ttao/scannet/posed_images/scene0164_00/00459.jpg",
      "transform_matrix": [
        [
          -0.999461,
          -0.032664,
          0.003174,
          1.768816
        ],
        [
          -0.012754,
          0.297484,
          -0.954642,
          2.141191
        ],
        [
          0.030238,
          -0.954168,
          -0.29774,
          1.399895
        ],
        [
          0.0,
          0.0,
          0.0,
          1.0
        ]
      ]
    },
    {
      "file_path": "/media/NFS/ttao/scannet/posed_images/scene0164_00/00467.jpg",
      "transform_matrix": [
        [
          -0.997847,
          -0.042671,
          0.049804,
          1.757231
        ],
        [
          -0.062416,
          0.384721,
          -0.92092,
          2.073382
        ],
        [
          0.020136,
          -0.922046,
          -0.386556,
          1.374914
        ],
        [
          0.0,
          0.0,
          0.0,
          1.0
        ]
      ]
    },
    {
      "file_path": "/media/NFS/ttao/scannet/posed_images/scene0164_00/00470.jpg",
      "transform_matrix": [
        [
          -0.996159,
          -0.044857,
          0.075199,
          1.747236
        ],
        [
          -0.086906,
          0.401577,
          -0.911693,
          2.043255
        ],
        [
          0.010698,
          -0.914726,
          -0.403933,
          1.362059
        ],
        [
          0.0,
          0.0,
          0.0,
          1.0
        ]
      ]
    },
    {
      "file_path": "/media/NFS/ttao/scannet/posed_images/scene0164_00/00480.jpg",
      "transform_matrix": [
        [
          -0.997429,
          -0.059754,
          0.039563,
          1.714983
        ],
        [
          -0.062197,
          0.447544,
          -0.892097,
          1.925593
        ],
        [
          0.0356,
          -0.892264,
          -0.450109,
          1.308866
        ],
        [
          0.0,
          0.0,
          0.0,
          1.0
        ]
      ]
    },
    {
      "file_path": "/media/NFS/ttao/scannet/posed_images/scene0164_00/00482.jpg",
      "transform_matrix": [
        [
          -0.996704,
          -0.070278,
          0.040517,
          1.712071
        ],
        [
          -0.068114,
          0.453776,
          -0.888509,
          1.903407
        ],
        [
          0.044057,
          -0.88834,
          -0.457068,
          1.307864
        ],
        [
          0.0,
