{
  "frames": [
    {
      "file_path": "/media/NFS/ttao/scannet/posed_images/scene0177_02/00002.jpg",
      "transform_matrix": [
        [
          0.998901,
          0.030818,
          -0.035307,
          3.243814
        ],
        [
          0.046354,
          -0.538773,
          0.841175,
          1.849009
        ],
        [
          0.006901,
          -0.841887,
          -0.539609,
          1.476014
        ],
        [
          0.0,
          0.0,
          0.0,
          1.0
        ]
      ]
    },
    {
      "file_path": "/media/NFS/ttao/scannet/posed_images/scene0177_02/00007.jpg",
      "transform_matrix": [
        [
          0.998669,
          0.032952,
          -0.039692,
          3.249311
        ],
        [
          0.051179,
          -0.536167,
          0.842559,
          1.85028
        ],
        [
          0.006483,
          -0.843469,
          -0.537139,
          1.4823
        ],
        [
          0.0,
          0.0,
          0.0,
          1.0
        ]
      ]
    },
    {
      "file_path": "/media/NFS/ttao/scannet/posed_images/scene0177_02/00018.jpg",
      "transform_matrix": [
        [
          0.995745,
          0.046552,
          -0.079529,
          3.270304
        ],
        [
          0.092151,
          -0.500362,
          0.860898,
          1.852169
        ],
        [
          0.000283,
          -0.864564,
          -0.502523,
          1.520583
        ],
        [
          0.0,
          0.0,
          0.0,
          1.0
        ]
      ]
    },
    {
      "file_path": "/media/NFS/ttao/scannet/posed_images/scene0177_02/00023.jpg",
      "transform_matrix": [
        [
          0.993705,
          0.054168,
          -0.098059,
          3.285818
        ],
        [
          0.112018,
          -0.470236,
          0.875403,
          1.847353
        ],
        [
          0.001308,
          -0.880877,
          -0.473344,
          1.5365
        ],
        [
          0.0,
          0.0,
          0.0,
          1.0
        ]
      ]
    },
    {
      "file_path": "/media/NFS/ttao/scannet/posed_images/scene0177_02/00034.jpg",
      "transform_matrix": [
        [
          0.986372,
          0.081338,
          -0.143021,
          3.317332
        ],
        [
          0.163508,
          -0.387728,
          0.907156,
          1.833059
        ],
        [
          0.018333,
          -0.918178,
          -0.395743,
          1.574677
        ],
        [
          0.0,
          0.0,
          0.0,
          1.0
        ]
      ]
    },
    {
      "file_path": "/media/NFS/ttao/scannet/posed_images/scene0177_02/00038.jpg",
      "transform_matrix": [
        [
          0.983398,
          0.087616,
          -0.158909,
          3.324606
        ],
        [
          0.17984,
          -0.353715,
          0.917902,
          1.826008
        ],
        [
          0.024215,
          -0.93124,
          -0.3636,
          1.585343
        ],
        [
          0.0,
          0.0,
          0.0,
          1.0
        ]
      ]
    },
    {
      "file_path": "/media/NFS/ttao/scannet/posed_images/scene0177_02/00045.jpg",
      "transform_matrix": [
        [
          0.976633,
          0.086562,
          -0.196708,
          3.343826
        ],
        [
          0.214027,
          -0.308783,
          0.926739,
          1.814348
        ],
        [
          0.019481,
          -0.947185,
          -0.320094,
          1.603346
        ],
        [
          0.0,
          0.0,
          0.0,
          1.0
        ]
      ]
    },
    {
      "file_path": "/media/NFS/ttao/scannet/posed_images/scene0177_02/00054.jpg",
      "transform_matrix": [
        [
          0.974733,
          0.077252,
          -0.209588,
          3.343928
        ],
        [
          0.222517,
          -0.253786,
          0.941318,
          1.808154
        ],
        [
          0.019528,
          -0.964171,
          -0.264563,
          1.635905
        ],
        [
          0.0,
          0.0,
          0.0,
          1.0
        ]
      ]
    },
    {
      "file_path": "/media/NFS/ttao/scannet/posed_images/scene0177_02/00059.jpg",
      "transform_matrix": [
        [
          0.974619,
          0.075757,
          -0.210661,
          3.346518
        ],
        [
          0.222578,
          -0.227008,
          0.948117,
          1.8087
        ],
        [
          0.024005,
          -0.970942,
          -0.238108,
          1.653751
        ],
        [
          0.0,
          0.0,
          0.0,
          1.0
        ]
      ]
    },
    {
      "file_path": "/media/NFS/ttao/scannet/posed_images/scene0177_02/00065.jpg",
      "transform_matrix": [
        [
          0.977861,
          0.076756,
          -0.194672,
          3.339603
        ],
        [
          0.206236,
          -0.195984,
          0.958675,
          1.806146
        ],
        [
          0.035432,
          -0.977598,
          -0.207475,
          1.656811
        ],
        [
          0.0,
          0.0,
          0.0,
          1.0
        ]
      ]
    },
    {
      "file_path": "/media/NFS/ttao/scannet/posed_images/scene0177_02/00079.jpg",
      "transform_matrix": [
        [
          0.988441,
          0.073829,
          -0.132417,
          3.336896
        ],
        [
          0.140602,
          -0.119695,
          0.982804,
          1.804481
        ],
        [
          0.05671,
          -0.990062,
          -0.128692,
          1.687975
        ],
        [
          0.0,
          0.0,
          0.0,
          1.0
        ]
      ]
    },
    {
      "file_path": "/media/NFS/ttao/scannet/posed_images/scene0177_02/00086.jpg",
      "transform_matrix": [
        [
          0.993177,
          0.06237,
          -0.098537,
          3.328844
        ],
        [
          0.103683,
          -0.085497,
          0.990929,
          1.803259
        ],
        [
          0.05338,
          -0.994384,
          -0.09138,
          1.695781
        ],
        [
          0.0,
          0.0,
          0.0,
          1.0
        ]
      ]
    },
    {
      "file_path": "/media/NFS/ttao/scannet/posed_images/scene0177_02/00095.jpg",
      "transform_matrix": [
        [
          0.99768,
          0.063652,
          -0.024162,
          3.325011
        ],
        [
          0.029088,
          -0.077638,
          0.996557,
          1.806146
        ],
        [
          0.061557,
          -0.994948,
          -0.07931,
          1.7091
        ],
        [
          0.0,
          0.0,
          0.0,
          1.0
        ]
      ]
    },
    {
      "file_path": "/media/NFS/ttao/scannet/posed_images/scene0177_02/00097.jpg",
      "transform_matrix": [
        [
          0.997874,
          0.06506,
          -0.003934,
          3.334002
        ],
        [
          0.009061,
          -0.078709,
          0.996856,
          1.809814
        ],
        [
          0.064546,
          -0.994772,
          -0.079131,
          1.706292
        ],
        [
          0.0,
          0.0,
          0.0,
          1.0
        ]
      ]
    },
    {
      "file_path": "/media/NFS/ttao/scannet/posed_images/scene0177_02/00104.jpg",
      "transform_matrix": [
        [
          0.996222,
          0.049992,
          0.071015,
          3.350511
        ],
        [
          -0.066307,
          -0.090256,
          0.993709,
          1.815304
        ],
        [
          0.056087,
          -0.994663,
          -0.0866,
          1.690699
        ],
        [
          0.0,
          0.0,
          0.0,
          1.0
        ]
      ]
    },
    {
      "file_path": "/media/NFS/ttao/scannet/posed_images/scene0177_02/00117.jpg",
      "transform_matrix": [
        [
          0.983476,
          0.005522,
          0.180952,
          3.373166
        ],
        [
          -0.178153,
          -0.148174,
          0.972783,
          1.828891
        ],
        [
          0.032184,
          -0.988946,
          -0.144742,
          1.665525
        ],
        [
          0.0,
          0.0,
          0.0,
          1.0
        ]
      ]
    },
    {
      "file_path": "/media/NFS/ttao/scannet/posed_images/scene0177_02/00124.jpg",
      "transform_matrix": [
        [
          0.971323,
          -0.024902,
          0.236456,
          3.360163
        ],
        [
          -0.236797,
          -0.19091,
          0.952618,
          1.83794
        ],
        [
          0.02142,
          -0.981292,
          -0.191332,
          1.606479
        ],
        [
          0.0,
          0.0,
          0.0,
          1.0
        ]
      ]
    },
    {
      "file_path": "/media/NFS/ttao/scannet/posed_images/scene0177_02/00131.jpg",
      "transform_matrix": [
        [
          0.961382,
          -0.071509,
          0.265765,
          3.344773
        ],
        [
          -0.275211,
          -0.243685,
          0.929987,
          1.848594
        ],
        [
          -0.00174,
          -0.967215,
          -0.253954,
          1.580395
        ],
        [
          0.0,
          0.0,
          0.0,
          1.0
        ]
      ]
    },
    {
      "file_path": "/media/NFS/ttao/scannet/posed_images/scene0177_02/00140.jpg",
      "transform_matrix": [
        [
          0.952614,
          -0.129645,
          0.27517,
          3.331567
        ],
        [
          -0.303379,
          -0.339269,
          0.890426,
          1.865183
        ],
        [
          -0.022083,
          -0.931713,
          -0.362524,
          1.54647
        ],
        [
          0.0,
          0.0,
          0.0,
          1.0
        ]
      ]
    },
    {
      "file_path": "/media/NFS/ttao/scannet/posed_images/scene0177_02/00146.jpg",
      "transform_matrix": [
        [
          0.943283,
          -0.151169,
          0.295578,
          3.313408
        ],
        [
          -0.331365,
          -0.374037,
          0.866195,
          1.865293
        ],
        [
          -0.020385,
          -0.915011,
          -0.402914,
          1.4872
        ],
        [
          0.0,
          0.0,
          0.0,
          1.0
        ]
      ]
    },
    {
      "file_path": "/media/NFS/ttao/scannet/posed_images/scene0177_02/00153.jpg",
      "transform_matrix": [
        [
          0.924473,
          -0.191121,
          0.329883,
          3.337719
        ],
        [
          -0.380662,
          -0.414784,
          0.826469,
          1.886319
        ],
        [
          -0.021126,
          -0.889622,
          -0.456209,
          1.462979
        ],
        [
          0.0,
          0.0,
          0.0,
          1.0
        ]
      ]
    },
    {
      "file_path": "/media/NFS/ttao/scannet/posed_images/scene0177_02/00155.jpg",
      "transform_matrix": [
        [
          0.915249,
          -0.206145,
          0.346154,
          3.339918
        ],
        [
          -0.402265,
          -0.419821,
          0.813593,
          1.897806
        ],
        [
          -0.022395,
          -0.883886,
          -0.467166,
          1.456485
        ],
        [
          0.0,
          0.0,
          0.0,
          1.0
        ]
      ]
    },
    {
      "file_path": "/media/NFS/ttao/scannet/posed_images/scene0177_02/00167.jpg",
      "transform_matrix": [
        [
          0.845205,
          -0.285277,
          0.451935,
          3.379177
        ],
        [
          -0.533814,
          -0.409656,
          0.739746,
          2.017644
        ],
        [
          -0.025895,
          -0.866486,
          -0.498529,
          1.467376
        ],
        [
          0.0,
          0.0,
          0.0,
          1.0
        ]
      ]
    },
    {
      "file_path": "/media/NFS/ttao/scannet/posed_images/scene0177_02/00176.jpg",
      "transform_matrix": [
        [
          0.816329,
          -0.310518,
          0.487017,
          3.397903
        ],
        [
          -0.575868,
          -0.372558,
          0.72772,
          2.111735
        ],
        [
          -0.044528,
          -0.874516,
          -0.482948,
          1.507391
        ],
        [
          0.0,
          0.0,
          0.0,
          1.0
        ]
      ]
    },
    {
      "file_path": "/media/NFS/ttao/scannet/posed_images/scene0177_02/00180.jpg",
      "transform_matrix": [
        [
          0.79606,
          -0.316188,
          0.516057,
          3.399293
        ],
        [
          -0.60446,
          -0.372713,
          0.704068,
          2.140538
        ],
        [
          -0.030277,
          -0.872416,
          -0.487825,
          1.498147
        ],
        [
          0.0,
          0.0,
          0.0,
          1.0
        ]
      ]
    },
    {
      "file_path": "/media/NFS/ttao/scannet/posed_images/scene0177_02/00189.jpg",
      "transform_matrix": [
        [
          0.71282,
          -0.34417,
          0.611094,
          3.394755
        ],
        [
          -0.701313,
          -0.358429,
          0.616189,
          2.203218
        ],
        [
          0.00696,
          -0.867799,
          -0.496866,
          1.494765
        ],
        [
          0.0,
          0.0,
          0.0,
          1.0
        ]
      ]
    },
    {
      "file_path": "/media/NFS/ttao/scannet/posed_images/scene0177_02/00196.jpg",
      "transform_matrix": [
        [
          0.604855,
          -0.401156,
          0.687913,
          3.357381
        ],
        [
          -0.79633,
          -0.301518,
          0.524352,
          2.266931
        ],
        [
          -0.002929,
          -0.864963,
          -0.501827,
          1.504589
        ],
        [
          0.0,
          0.0,
          0.0,
          1.0
        ]
      ]
    },
    {
      "file_path": "/media/NFS/ttao/scannet/posed_images/scene0177_02/00200.jpg",
      "transform_matrix": [
        [
          0.543802,
          -0.426326,
          0.722859,
          3.319948
        ],
        [
          -0.839169,
          -0.267391,
          0.473601,
          2.307793
        ],
        [
          -0.008622,
          -0.864146,
          -0.503167,
          1.499652
        ],
        [
          0.0,
          0.0,
          0.0,
          1.0
        ]
      ]
    },
    {
      "file_path": "/media/NFS/ttao/scannet/posed_images/scene0177_02/00209.jpg",
      "transform_matrix": [
        [
          0.434806,
          -0.473216,
          0.766166,
          3.277087
        ],
        [
          -0.900146,
          -0.203747,
          0.384998,
          2.351798
        ],
        [
          -0.026083,
          -0.857061,
          -0.514554,
          1.49697
        ],
        [
          0.0,
          0.0,
          0.0,
          1.0
        ]
      ]
    },
    {
      "file_path": "/media/NFS/ttao/scannet/posed_images/scene0177_02/00218.jpg",
      "transform_matrix": [
        [
          0.325792,
          -0.503576,
          0.800169,
          3.265729
        ],
        [
          -0.945402,
          -0.165806,
          0.280577,
          2.400975
        ],
        [
          -0.008619,
          -0.847891,
          -0.5301,
          1.485023
        ],
        [
          0.0,
          0.0,
          0.0,
          1.0
        ]
      ]
    },
    {
      "file_path": "/media/NFS/ttao/scannet/posed_images/scene0177_02/00227.jpg",
      "transform_matrix": [
        [
          0.223892,
          -0.521859,
          0.823126,
          3.309793
        ],
        [
          -0.974132,
          -0.093265,
          0.205836,
          2.448267
        ],
        [
          -0.030648,
          -0.847918,
          -0.529241,
          1.484455
        ],
        [
          0.0,
          0.0,
          0.0,
          1.0
        ]
      ]
    },
    {
      "file_path": "/media/NFS/ttao/scannet/posed_images/scene0177_02/00232.jpg",
      "transform_matrix": [
        [
          0.166101,
          -0.534806,
          0.828489,
          3.353645
        ],
        [
          -0.985068,
          -0.051387,
          0.164321,
          2.481705
        ],
        [
          -0.045306,
          -0.843411,
          -0.535356,
          1.481903
        ],
        [
          0.0,
          0.0,
          0.0,
          1.0
        ]
      ]
    },
    {
      "file_path": "/media/NFS/ttao/scannet/posed_images/scene0177_02/00239.jpg",
      "transform_matrix": [
        [
          0.08504,
          -0.549637,
          0.831064,
          3.416195
        ],
        [
          -0.995209,
          -0.006463,
          0.097561,
          2.513314
        ],
        [
          -0.048252,
          -0.835379,
          -0.547553,
          1.472307
        ],
        [
          0.0,
          0.0,
          0.0,
          1.0
        ]
      ]
    },
    {
      "file_path": "/media/NFS/ttao/scannet/posed_images/scene0177_02/00245.jpg",
      "transform_matrix": [
        [
          0.041846,
          -0.551872,
          0.832878,
          3.462036
        ],
        [
          -0.997174,
          0.028987,
          0.069307,
          2.538043
        ],
        [
          -0.062391,
          -0.833425,
          -0.5491,
          1.469061
        ],
        [
          0.0,
          0.0,
          0.0,
          1.0
        ]
      ]
    },
    {
      "file_path": "/media/NFS/ttao/scannet/posed_images/scene0177_02/00254.jpg",
      "transform_matrix": [
        [
          -0.01974,
          -0.567589,
          0.823075,
          3.506819
        ],
        [
          -0.998765,
          0.048732,
          0.009652,
          2.573422
        ],
        [
          -0.045589,
          -0.821868,
          -0.56785,
          1.464292
        ],
        [
          0.0,
          0.0,
          0.0,
          1.0
        ]
      ]
    },
    {
      "file_path": "/media/NFS/ttao/scannet/posed_images/scene0177_02/00263.jpg",
      "transform_matrix": [
        [
          -0.136242,
          -0.552924,
          0.822018,
          3.516682
        ],
        [
          -0.989736,
          0.112096,
          -0.088639,
          2.592885
        ],
        [
          -0.043134,
          -0.825657,
          -0.562521,
          1.480764
        ],
        [
          0.0,
          0.0,
          0.0,
          1.0
        ]
      ]
    },
    {
      "file_path": "/media/NFS/ttao/scannet/posed_images/scene0177_02/00268.jpg",
      "transform_matrix": [
        [
          -0.209998,
          -0.539878,
          0.815127,
          3.503031
        ],
        [
          -0.976295,
          0.160508,
          -0.14521,
          2.610291
        ],
        [
          -0.052439,
          -0.826298,
          -0.560786,
          1.486913
        ],
        [
          0.0,
          0.0,
          0.0,
          1.0
        ]
      ]
    },
    {
      "file_path": "/media/NFS/ttao/scannet/posed_images/scene0177_02/00281.jpg",
      "transform_matrix": [
        [
          -0.372912,
          -0.491432,
          0.78704,
          3.443329
        ],
        [
          -0.926154,
          0.248654,
          -0.283566,
          2.682371
        ],
        [
          -0.056348,
          -0.834665,
          -0.547868,
          1.492769
        ],
        [
          0.0,
          0.0,
          0.0,
          1.0
        ]
      ]
    },
    {
      "file_path": "/media/NFS/ttao/scannet/posed_images/scene0177_02/00286.jpg",
      "transform_matrix": [
        [
          -0.418081,
          -0.470126,
          0.777296,
          3.419256
        ],
        [
          -0.906448,
          0.27211,
          -0.322969,
          2.688115
        ],
        [
          -0.059674,
          -0.839606,
          -0.539909,
          1.500778
        ],
        [
          0.0,
          0.0,
          0.0,
          1.0
        ]
      ]
    },
    {
      "file_path": "/media/NFS/ttao/scannet/posed_images/scene0177_02/00297.jpg",
      "transform_matrix": [
        [
          -0.529853,
          -0.416495,
          0.738775,
          3.379713
        ],
        [
          -0.847193,
          0.299985,
          -0.438489,
          2.692663
        ],
        [
          -0.038993,
          -0.85822,
          -0.511799,
          1.509358
        ],
        [
          0.0,
          0.0,
          0.0,
          1.0
        ]
      ]
    },
    {
      "file_path": "/media/NFS/ttao/scannet/posed_images/scene0177_02/00302.jpg",
      "transform_matrix": [
        [
          -0.570677,
          -0.394841,
          0.72002,
          3.365417
        ],
        [
          -0.820481,
          0.310184,
          -0.480205,
          2.686462
        ],
        [
          -0.033734,
          -0.864804,
          -0.500975,
          1.513912
        ],
        [
          0.0,
          0.0,
          0.0,
          1.0
        ]
      ]
    },
    {
      "file_path": "/media/NFS/ttao/scannet/posed_images/scene0177_02/00311.jpg",
      "transform_matrix": [
        [
          -0.645764,
          -0.354132,
          0.676446,
          3.339863
        ],
        [
          -0.763379,
          0.317474,
          -0.56255,
          2.672613
        ],
        [
          -0.015537,
          -0.879659,
          -0.47535,
          1.52166
        ],
        [
          0.0,
          0.0,
          0.0,
          1.0
        ]
      ]
    },
    {
      "file_path": "/media/NFS/ttao/scannet/posed_images/scene0177_02/00320.jpg",
      "transform_matrix": [
        [
          -0.723542,
          -0.299591,
          0.621877,
          3.320584
        ],
        [
          -0.690136,
          0.332367,
          -0.642841,
          2.661798
        ],
        [
          -0.014102,
          -0.894302,
          -0.447241,
          1.522973
        ],
        [
          0.0,
          0.0,
          0.0,
          1.0
        ]
      ]
    },
    {
      "file_path": "/media/NFS/ttao/scannet/posed_images/scene0177_02/00322.jpg",
      "transform_matrix": [
        [
          -0.72627,
          -0.295692,
          0.620562,
          3.301583
        ],
        [
          -0.68715,
          0.337089,
          -0.643581,
          2.631009
        ],
        [
          -0.018883,
          -0.893833,
          -0.448002,
          1.532122
        ],
        [
          0.0,
          0.0,
          0.0,
          1.0
        ]
      ]
    },
    {
      "file_path": "/media/NFS/ttao/scannet/posed_images/scene0177_02/00329.jpg",
      "transform_matrix": [
        [
          -0.765577,
          -0.267956,
          0.584885,
          3.286558
        ],
        [
          -0.643195,
          0.338381,
          -0.686876,
          2.613521
        ],
        [
          -0.013862,
          -0.902052,
          -0.431404,
          1.5393
        ],
        [
          0.0,
          0.0,
          0.0,
          1.0
        ]
      ]
    },
    {
      "file_path": "/media/NFS/ttao/scannet/posed_images/scene0177_02/00338.jpg",
      "transform_matrix": [
        [
          -0.811408,
          -0.232666,
          0.536175,
          3.288709
        ],
        [
          -0.584479,
          0.324974,
          -0.743489,
          2.611852
        ],
        [
          -0.001259,
          -0.916656,
          -0.399675,
          1.551676
        ],
        [
          0.0,
          0.0,
          0.0,
          1.0
        ]
      ]
    },
    {
      "file_path": "/media/NFS/ttao/scannet/posed_images/scene0177_02/00344.jpg",
      "transform_matrix": [
        [
          -0.835387,
          -0.209411,
          0.508209,
          3.304238
        ],
        [
          -0.549656,
          0.313672,
          -0.774266,
          2.604538
        ],
        [
          0.002729,
          -0.926152,
          -0.377142,
          1.567999
        ],
        [
          0.0,
          0.0,
          0.0,
          1.0
        ]
      ]
    },
    {
      "file_path": "/media/NFS/ttao/scannet/posed_images/scene0177_02/00356.jpg",
      "transform_matrix": [
        [
          -0.858847,
          -0.169571,
          0.48335,
          3.338706
        ],
        [
          -0.51191,
          0.250686,
          -0.821647,
          2.563644
        ],
        [
          0.018159,
          -0.953101,
          -0.302106,
          1.593657
        ],
        [
          0.0,
          0.0,
          0.0,
          1.0
        ]
      ]
    },
    {
      "file_path": "/media/NFS/ttao/scannet/posed_images/scene0177_02/00358.jpg",
      "transform_matrix": [
        [
          -0.861009,
          -0.16118,
          0.482375,
          3.352161
        ],
        [
          -0.508362,
          0.244298,
          -0.825764,
          2.555912
        ],
        [
          0.015254,
          -0.956211,
          -0.29228,
          1.597452
        ],
        [
          0.0,
          0.0,
          0.0,
          1.0
        ]
      ]
    },
    {
      "file_path": "/media/NFS/ttao/scannet/posed_images/scene0177_02/00371.jpg",
      "transform_matrix": [
        [
          -0.893537,
          -0.143012,
          0.425604,
          3.397608
        ],
        [
          -0.447165,
          0.198082,
          -0.872243,
          2.475053
        ],
        [
          0.040436,
          -0.969697,
          -0.240943,
          1.616043
        ],
        [
          0.0,
          0.0,
          0.0,
          1.0
        ]
      ]
    },
    {
      "file_path": "/media/NFS/ttao/scannet/posed_images/scene0177_02/00374.jpg",
      "transform_matrix": [
        [
          -0.903434,
          -0.143594,
          0.403965,
          3.403809
        ],
        [
          -0.425939,
          0.193337,
          -0.883854,
          2.460308
        ],
        [
          0.048815,
          -0.970568,
          -0.235829,
          1.624917
        ],
        [
          0.0,
          0.0,
          0.0,
          1.0
        ]
      ]
    },
    {
      "file_path": "/media/NFS/ttao/scannet/posed_images/scene0177_02/00385.jpg",
      "transform_matrix": [
        [
          -0.949209,
          -0.117094,
          0.292045,
          3.439976
        ],
        [
          -0.309237,
          0.175821,
          -0.93459,
          2.447069
        ],
        [
          0.058087,
          -0.977433,
          -0.203101,
          1.644468
        ],
        [
          0.0,
          0.0,
          0.0,
          1.0
        ]
      ]
    },
    {
      "file_path": "/media/NFS/ttao/scannet/posed_images/scene0177_02/00394.jpg",
      "transform_matrix": [
        [
          -0.979587,
          -0.090496,
          0.179497,
          3.507377
        ],
        [
          -0.192811,
          0.170434,
          -0.966321,
          2.490856
        ],
        [
          0.056856,
          -0.981205,
          -0.184404,
          1.649505
        ],
        [
          0.0,
          0.0,
          0.0,
          1.0
        ]
      ]
    },
    {
      "file_path": "/media/NFS/ttao/scannet/posed_images/scene0177_02/00398.jpg",
      "transform_matrix": [
        [
          -0.98588,
          -0.06943,
          0.152378,
          3.536411
        ],
        [
          -0.162441,
          0.175634,
          -0.970961,
          2.514104
        ],
        [
          0.040652,
          -0.982004,
          -0.184433,
          1.660866
        ],
        [
          0.0,
          0.0,
          0.0,
          1.0
        ]
      ]
    },
    {
      "file_path": "/media/NFS/ttao/scannet/posed_images/scene0177_02/00410.jpg",
      "transform_matrix": [
        [
          -0.996083,
          -0.049044,
          0.073586,
          3.603153
        ],
        [
          -0.080253,
          0.151822,
          -0.985145,
          2.58158
        ],
        [
          0.037143,
          -0.98719,
          -0.155163,
          1.672196
        ],
        [
          0.0,
          0.0,
          0.0,
          1.0
        ]
      ]
    },
    {
      "file_path": "/media/NFS/ttao/scannet/posed_images/scene0177_02/00416.jpg",
      "transform_matrix": [
        [
          -0.998001,
          -0.055815,
          0.029655,
          3.636142
        ],
        [
          -0.03779,
          0.150847,
          -0.987835,
          2.591163
        ],
        [
          0.050663,
          -0.98698,
          -0.152654,
          1.678035
        ],
        [
          0.0,
          0.0,
          0.0,
          1.0
        ]
      ]
    },
    {
      "file_path": "/media/NFS/ttao/scannet/posed_images/scene0177_02/00423.jpg",
      "transform_matrix": [
        [
          -0.998446,
          -0.055244,
          -0.007333,
          3.688902
        ],
        [
          -0.001474,
          0.157703,
          -0.987486,
          2.573948
        ],
        [
          0.055709,
          -0.98594,
          -0.157539,
          1.664641
        ],
        [
          0.0,
          0.0,
          0.0,
          1.0
        ]
      ]
    },
    {
      "file_path": "/media/NFS/ttao/scannet/posed_images/scene0177_02/00432.jpg",
      "transform_matrix": [
        [
          -0.999951,
          0.000128,
          -0.009935,
          3.78406
        ],
        [
          0.009813,
          0.169159,
          -0.98554,
          2.523993
        ],
        [
          0.001554,
          -0.985589,
          -0.169151,
          1.653416
        ],
        [
          0.0,
          0.0,
          0.0,
          1.0
        ]
      ]
    },
    {
      "file_path": "/media/NFS/ttao/scannet/posed_images/scene0177_02/00439.jpg",
      "transform_matrix": [
        [
          -0.998773,
          0.015795,
          -0.046945,
          3.850806
        ],
        [
          0.049091,
          0.189611,
          -0.980631,
          2.493246
        ],
        [
          -0.006587,
          -0.981732,
          -0.190154,
          1.660946
        ],
        [
          0.0,
          0.0,
          0.0,
          1.0
        ]
      ]
    },
    {
      "file_path": "/media/NFS/ttao/scannet/posed_images/scene0177_02/00441.jpg",
      "transform_matrix": [
        [
          -0.998347,
          0.01722,
          -0.054826,
          3.860312
        ],
        [
          0.057118,
          0.192452,
          -0.979643,
          2.48806
        ],
        [
          -0.006318,
          -0.981155,
          -0.193117,
          1.66799
        ],
        [
          0.0,
          0.0,
          0.0,
          1.0
        ]
      ]
    },
    {
      "file_path": "/media/NFS/ttao/scannet/posed_images/scene0177_02/00448.jpg",
      "transform_matrix": [
        [
          -0.991741,
          0.005593,
          -0.128136,
          3.917239
        ],
        [
          0.126799,
          0.193004,
          -0.97297,
          2.473026
        ],
        [
          0.019289,
          -0.981182,
          -0.192119,
          1.661548
        ],
        [
          0.0,
          0.0,
          0.0,
          1.0
        ]
      ]
    },
    {
      "file_path": "/media/NFS/ttao/scannet/posed_images/scene0177_02/00459.jpg",
      "transform_matrix": [
        [
          -0.96323,
          0.070617,
          -0.259233,
          4.016017
        ],
        [
          0.268336,
          0.204107,
          -0.941455,
          2.460463
        ],
        [
          -0.013571,
          -0.976398,
          -0.215551,
          1.64838
        ],
        [
          0.0,
          0.0,
          0.0,
          1.0
        ]
      ]
    },
    {
      "file_path": "/media/NFS/ttao/scannet/posed_images/scene0177_02/00466.jpg",
      "transform_matrix": [
        [
          -0.936165,
          0.100179,
          -0.336985,
          4.062423
        ],
        [
          0.351018,
          0.213126,
          -0.911791,
          2.451965
        ],
        [
          -0.019522,
          -0.971875,
          -0.234686,
          1.651103
        ],
        [
          0.0,
          0.0,
          0.0,
          1.0
        ]
      ]
    },
    {
      "file_path": "/media/NFS/ttao/scannet/posed_images/scene0177_02/00470.jpg",
      "transform_matrix": [
        [
          -0.917992,
          0.096949,
          -0.384567,
          4.074327
        ],
        [
          0.396544,
          0.208226,
          -0.894089,
          2.448908
        ],
        [
          -0.006604,
          -0.973264,
          -0.229594,
          1.648847
        ],
        [
          0.0,
          0.0,
          0.0,
          1.0
        ]
      ]
    },
    {
      "file_path": "/media/NFS/ttao/scannet/posed_images/scene0177_02/00482.jpg",
      "transform_matrix": [
        [
          -0.857211,
          0.084564,
          -0.507974,
          4.070031
        ],
        [
          0.514556,
          0.179959,
          -0.83836,
          2.450469
        ],
        [
          0.020519,
          -0.980033,
          -0.197776,
          1.663615
        ],
        [
          0.0,
          0.0,
          0.0,
          1.0
        ]
      ]
    },
    {
      "file_path": "/media/NFS/ttao/scannet/posed_images/scene0177_02/00486.jpg",
      "transform_matrix": [
        [
          -0.836196,
          0.077557,
          -0.54292,
          4.061749
        ],
        [
          0.547586,
          0.173006,
          -0.818669,
          2.455159
        ],
        [
          0.030435,
          -0.981862,
          -0.187136,
          1.658836
        ],
        [
          0.0,
          0.0,
          0.0,
          1.0
        ]
      ]
    },
    {
      "file_path": "/media/NFS/ttao/scannet/posed_images/scene0177_02/00500.jpg",
      "transform_matrix": [
        [
          -0.765298,
          0.1063,
          -0.634838,
          4.040945
        ],
        [
          0.643656,
          0.134184,
          -0.75346,
          2.451587
        ],
        [
          0.005093,
          -0.985239,
          -0.171111,
          1.652038
        ],
        [
          0.0,
          0.0,
          0.0,
          1.0
        ]
      ]
    },
    {
      "file_path": "/media/NFS/ttao/scannet/posed_images/scene0177_02/00502.jpg",
      "transform_matrix": [
        [
          -0.762741,
          0.108697,
          -0.637505,
          4.027111
        ],
        [
          0.646704,
          0.130197,
          -0.751548,
          2.461084
        ],
        [
          0.00131,
          -0.985512,
          -0.169601,
          1.645693
        ],
        [
          0.0,
          0.0,
          0.0,
          1.0
        ]
      ]
    },
    {
      "file_path": "/media/NFS/ttao/scannet/posed_images/scene0177_02/00513.jpg",
      "transform_matrix": [
        [
          -0.739348,
          0.124073,
          -0.661794,
          3.983564
        ],
        [
          0.673192,
          0.155655,
          -0.7229,
          2.435442
        ],
        [
          0.013319,
          -0.979989,
          -0.198608,
          1.627738
        ],
        [
          0.0,
          0.0,
          0.0,
          1.0
        ]
      ]
    },
    {
      "file_path": "/media/NFS/ttao/scannet/posed_images/scene0177_02/00515.jpg",
      "transform_matrix": [
        [
          -0.736874,
          0.126442,
          -0.664101,
          3.968545
        ],
        [
          0.675936,
          0.154262,
          -0.720635,
          2.426394
        ],
        [
          0.011327,
          -0.979906,
          -0.199138,
          1.626073
        ],
        [
          0.0,
          0.0,
          0.0,
          1.0
        ]
      ]
    },
    {
      "file_path": "/media/NFS/ttao/scannet/posed_images/scene0177_02/00524.jpg",
      "transform_matrix": [
        [
          -0.724897,
          0.126884,
          -0.677071,
          3.889018
        ],
        [
          0.688639,
          0.158286,
          -0.707618,
          2.383272
        ],
        [
          0.017385,
          -0.979207,
          -0.202118,
          1.627481
        ],
        [
          0.0,
          0.0,
          0.0,
          1.0
        ]
      ]
    },
    {
      "file_path": "/media/NFS/ttao/scannet/posed_images/scene0177_02/00536.jpg",
      "transform_matrix": [
        [
          -0.700497,
          0.135491,
          -0.700675,
          3.797994
        ],
        [
          0.712063,
          0.198241,
          -0.673547,
          2.342168
        ],
        [
          0.047643,
          -0.970743,
          -0.235346,
          1.609262
        ],
        [
          0.0,
          0.0,
          0.0,
          1.0
        ]
      ]
    },
    {
      "file_path": "/media/NFS/ttao/scannet/posed_images/scene0177_02/00545.jpg",
      "transform_matrix": [
        [
          -0.639019,
          0.166834,
          -0.75088,
          3.76285
        ],
        [
          0.766829,
          0.214618,
          -0.604907,
          2.272335
        ],
        [
          0.060234,
          -0.962344,
          -0.265078,
          1.60906
        ],
        [
          0.0,
          0.0,
          0.0,
          1.0
        ]
      ]
    },
    {
      "file_path": "/media/NFS/ttao/scannet/posed_images/scene0177_02/00549.jpg",
      "transform_matrix": [
        [
          -0.597439,
          0.176927,
          -0.782154,
          3.753551
        ],
        [
          0.79977,
          0.202744,
          -0.565033,
          2.234351
        ],
        [
          0.058607,
          -0.963116,
          -0.262628,
          1.602352
        ],
        [
          0.0,
          0.0,
          0.0,
          1.0
        ]
      ]
    },
    {
      "file_path": "/media/NFS/ttao/scannet/posed_images/scene0177_02/00554.jpg",
      "transform_matrix": [
        [
          -0.541184,
          0.199903,
          -0.816797,
          3.757719
        ],
        [
          0.838879,
          0.195707,
          -0.507918,
          2.154817
        ],
        [
          0.058319,
          -0.960072,
          -0.273608,
          1.60702
        ],
        [
          0.0,
          0.0,
          0.0,
          1.0
        ]
      ]
    },
    {
      "file_path": "/media/NFS/ttao/scannet/posed_images/scene0177_02/00560.jpg",
      "transform_matrix": [
        [
          -0.484158,
          0.236126,
          -0.842518,
          3.740308
        ],
        [
          0.872796,
          0.198342,
          -0.445969,
          2.087359
        ],
        [
          0.061802,
          -0.951265,
          -0.302119,
          1.602096
        ],
        [
          0.0,
          0.0,
          0.0,
          1.0
        ]
      ]
    },
    {
      "file_path": "/media/NFS/ttao/scannet/posed_images/scene0177_02/00572.jpg",
      "transform_matrix": [
        [
          -0.405481,
          0.323796,
          -0.854834,
          3.687562
        ],
        [
          0.912985,
          0.189704,
          -0.361208,
          1.968641
        ],
        [
          0.045208,
          -0.926913,
          -0.372542,
          1.565943
        ],
        [
          0.0,
          0.0,
          0.0,
          1.0
        ]
      ]
    },
    {
      "file_path": "/media/NFS/ttao/scannet/posed_images/scene0177_02/00579.jpg",
      "transform_matrix": [
        [
          -0.375707,
          0.369544,
          -0.849871,
          3.62747
        ],
        [
          0.926533,
          0.169072,
          -0.336081,
          1.897813
        ],
        [
          0.019493,
          -0.913702,
