{
  "frames": [
    {
      "file_path": "/media/NFS/ttao/scannet/posed_images/scene0451_01/00000.jpg",
      "transform_matrix": [
        [
          0.752931,
          -0.225158,
          0.618384,
          1.903388
        ],
        [
          -0.658075,
          -0.249578,
          0.710386,
          2.421576
        ],
        [
          -0.005614,
          -0.941814,
          -0.336086,
          1.530859
        ],
        [
          0.0,
          0.0,
          0.0,
          1.0
        ]
      ]
    },
    {
      "file_path": "/media/NFS/ttao/scannet/posed_images/scene0451_01/00006.jpg",
      "transform_matrix": [
        [
          0.757351,
          -0.222532,
          0.61392,
          1.899321
        ],
        [
          -0.653007,
          -0.256776,
          0.712494,
          2.432465
        ],
        [
          -0.000913,
          -0.940503,
          -0.339785,
          1.51978
        ],
        [
          0.0,
          0.0,
          0.0,
          1.0
        ]
      ]
    },
    {
      "file_path": "/media/NFS/ttao/scannet/posed_images/scene0451_01/00012.jpg",
      "transform_matrix": [
        [
          0.769756,
          -0.210837,
          0.602515,
          1.913773
        ],
        [
          -0.638332,
          -0.249844,
          0.728087,
          2.429057
        ],
        [
          -0.002973,
          -0.945054,
          -0.326902,
          1.543664
        ],
        [
          0.0,
          0.0,
          0.0,
          1.0
        ]
      ]
    },
    {
      "file_path": "/media/NFS/ttao/scannet/posed_images/scene0451_01/00021.jpg",
      "transform_matrix": [
        [
          0.791029,
          -0.174968,
          0.586224,
          1.903197
        ],
        [
          -0.611701,
          -0.210997,
          0.762431,
          2.432832
        ],
        [
          -0.009709,
          -0.9617,
          -0.273933,
          1.583465
        ],
        [
          0.0,
          0.0,
          0.0,
          1.0
        ]
      ]
    },
    {
      "file_path": "/media/NFS/ttao/scannet/posed_images/scene0451_01/00027.jpg",
      "transform_matrix": [
        [
          0.80447,
          -0.146425,
          0.575662,
          1.891436
        ],
        [
          -0.593962,
          -0.188481,
          0.782102,
          2.433809
        ],
        [
          -0.006017,
          -0.9711,
          -0.238598,
          1.602889
        ],
        [
          0.0,
          0.0,
          0.0,
          1.0
        ]
      ]
    },
    {
      "file_path": "/media/NFS/ttao/scannet/posed_images/scene0451_01/00035.jpg",
      "transform_matrix": [
        [
          0.825174,
          -0.094202,
          0.556969,
          1.875879
        ],
        [
          -0.564816,
          -0.152251,
          0.81105,
          2.422445
        ],
        [
          0.008397,
          -0.983842,
          -0.17884,
          1.625657
        ],
        [
          0.0,
          0.0,
          0.0,
          1.0
        ]
      ]
    },
    {
      "file_path": "/media/NFS/ttao/scannet/posed_images/scene0451_01/00039.jpg",
      "transform_matrix": [
        [
          0.837745,
          -0.074924,
          0.540896,
          1.861508
        ],
        [
          -0.546049,
          -0.121542,
          0.82889,
          2.413907
        ],
        [
          0.003638,
          -0.989754,
          -0.142733,
          1.634725
        ],
        [
          0.0,
          0.0,
          0.0,
          1.0
        ]
      ]
    },
    {
      "file_path": "/media/NFS/ttao/scannet/posed_images/scene0451_01/00045.jpg",
      "transform_matrix": [
        [
          0.86647,
          -0.062055,
          0.495358,
          1.851617
        ],
        [
          -0.49916,
          -0.091145,
          0.861702,
          2.401004
        ],
        [
          -0.008323,
          -0.993902,
          -0.10995,
          1.645154
        ],
        [
          0.0,
          0.0,
          0.0,
          1.0
        ]
      ]
    },
    {
      "file_path": "/media/NFS/ttao/scannet/posed_images/scene0451_01/00050.jpg",
      "transform_matrix": [
        [
          0.903626,
          -0.048129,
          0.42561,
          1.858606
        ],
        [
          -0.427951,
          -0.060112,
          0.9018,
          2.384481
        ],
        [
          -0.017818,
          -0.997031,
          -0.074916,
          1.626248
        ],
        [
          0.0,
          0.0,
          0.0,
          1.0
        ]
      ]
    },
    {
      "file_path": "/media/NFS/ttao/scannet/posed_images/scene0451_01/00062.jpg",
      "transform_matrix": [
        [
          0.969392,
          -0.048319,
          0.240717,
          1.797803
        ],
        [
          -0.243073,
          -0.050831,
          0.968675,
          2.362897
        ],
        [
          -0.03457,
          -0.997538,
          -0.061021,
          1.627255
        ],
        [
          0.0,
          0.0,
          0.0,
          1.0
        ]
      ]
    },
    {
      "file_path": "/media/NFS/ttao/scannet/posed_images/scene0451_01/00068.jpg",
      "transform_matrix": [
        [
          0.985358,
          -0.050931,
          0.162714,
          1.770595
        ],
        [
          -0.166892,
          -0.092869,
          0.981591,
          2.358871
        ],
        [
          -0.034882,
          -0.994375,
          -0.10001,
          1.610669
        ],
        [
          0.0,
          0.0,
          0.0,
          1.0
        ]
      ]
    },
    {
      "file_path": "/media/NFS/ttao/scannet/posed_images/scene0451_01/00070.jpg",
      "transform_matrix": [
        [
          0.98971,
          -0.044445,
          0.136011,
          1.767244
        ],
        [
          -0.1404,
          -0.118238,
          0.983009,
          2.357136
        ],
        [
          -0.027608,
          -0.99199,
          -0.123261,
          1.609798
        ],
        [
          0.0,
          0.0,
          0.0,
          1.0
        ]
      ]
    },
    {
      "file_path": "/media/NFS/ttao/scannet/posed_images/scene0451_01/00076.jpg",
      "transform_matrix": [
        [
          0.996479,
          -0.034174,
          0.076556,
          1.746744
        ],
        [
          -0.081188,
          -0.165598,
          0.982846,
          2.354682
        ],
        [
          -0.02091,
          -0.985601,
          -0.16779,
          1.589615
        ],
        [
          0.0,
          0.0,
          0.0,
          1.0
        ]
      ]
    },
    {
      "file_path": "/media/NFS/ttao/scannet/posed_images/scene0451_01/00085.jpg",
      "transform_matrix": [
        [
          0.999477,
          -0.013933,
          0.029186,
          1.720997
        ],
        [
          -0.031865,
          -0.270118,
          0.9623,
          2.359324
        ],
        [
          -0.005524,
          -0.962726,
          -0.270421,
          1.559455
        ],
        [
          0.0,
          0.0,
          0.0,
          1.0
        ]
      ]
    },
    {
      "file_path": "/media/NFS/ttao/scannet/posed_images/scene0451_01/00089.jpg",
      "transform_matrix": [
        [
          0.999703,
          -0.011262,
          0.02159,
          1.720072
        ],
        [
          -0.024026,
          -0.311791,
          0.949847,
          2.361758
        ],
        [
          -0.003966,
          -0.950084,
          -0.311969,
          1.540442
        ],
        [
          0.0,
          0.0,
          0.0,
          1.0
        ]
      ]
    },
    {
      "file_path": "/media/NFS/ttao/scannet/posed_images/scene0451_01/00097.jpg",
      "transform_matrix": [
        [
          0.99967,
          -0.017368,
          0.018901,
          1.722483
        ],
        [
          -0.024176,
          -0.389607,
          0.920664,
          2.369593
        ],
        [
          -0.008626,
          -0.920817,
          -0.389898,
          1.511541
        ],
        [
          0.0,
          0.0,
          0.0,
          1.0
        ]
      ]
    },
    {
      "file_path": "/media/NFS/ttao/scannet/posed_images/scene0451_01/00105.jpg",
      "transform_matrix": [
        [
          0.999518,
          -0.020877,
          0.022969,
          1.725315
        ],
        [
          -0.029883,
          -0.447142,
          0.893963,
          2.373401
        ],
        [
          -0.008392,
          -0.894219,
          -0.447551,
          1.479197
        ],
        [
          0.0,
          0.0,
          0.0,
          1.0
        ]
      ]
    },
    {
      "file_path": "/media/NFS/ttao/scannet/posed_images/scene0451_01/00108.jpg",
      "transform_matrix": [
        [
          0.999282,
          -0.020156,
          0.032082,
          1.727477
        ],
        [
          -0.037786,
          -0.467952,
          0.882946,
          2.375208
        ],
        [
          -0.002784,
          -0.883524,
          -0.468377,
          1.470483
        ],
        [
          0.0,
          0.0,
          0.0,
          1.0
        ]
      ]
    },
    {
      "file_path": "/media/NFS/ttao/scannet/posed_images/scene0451_01/00120.jpg",
      "transform_matrix": [
        [
          0.991979,
          -0.052774,
          0.114857,
          1.748891
        ],
        [
          -0.12585,
          -0.497155,
          0.858486,
          2.389905
        ],
        [
          0.011796,
          -0.866055,
          -0.499809,
          1.471835
        ],
        [
          0.0,
          0.0,
          0.0,
          1.0
        ]
      ]
    },
    {
      "file_path": "/media/NFS/ttao/scannet/posed_images/scene0451_01/00124.jpg",
      "transform_matrix": [
        [
          0.984542,
          -0.074409,
          0.158557,
          1.763966
        ],
        [
          -0.174669,
          -0.484003,
          0.857456,
          2.393653
        ],
        [
          0.01294,
          -0.871897,
          -0.489519,
          1.480595
        ],
        [
          0.0,
          0.0,
          0.0,
          1.0
        ]
      ]
    },
    {
      "file_path": "/media/NFS/ttao/scannet/posed_images/scene0451_01/00130.jpg",
      "transform_matrix": [
        [
          0.970007,
          -0.098324,
          0.222304,
          1.783896
        ],
        [
          -0.242645,
          -0.44618,
          0.861421,
          2.391186
        ],
        [
          0.014489,
          -0.889526,
          -0.456655,
          1.486883
        ],
        [
          0.0,
          0.0,
          0.0,
          1.0
        ]
      ]
    },
    {
      "file_path": "/media/NFS/ttao/scannet/posed_images/scene0451_01/00134.jpg",
      "transform_matrix": [
        [
          0.957104,
          -0.108048,
          0.268844,
          1.796938
        ],
        [
          -0.288789,
          -0.431023,
          0.85488,
          2.392656
        ],
        [
          0.02351,
          -0.895849,
          -0.443737,
          1.49304
        ],
        [
          0.0,
          0.0,
          0.0,
          1.0
        ]
      ]
    },
    {
      "file_path": "/media/NFS/ttao/scannet/posed_images/scene0451_01/00145.jpg",
      "transform_matrix": [
        [
          0.911318,
          -0.135937,
          0.388613,
          1.855119
        ],
        [
          -0.410403,
          -0.374892,
          0.831279,
          2.413806
        ],
        [
          0.032686,
          -0.917048,
          -0.397435,
          1.521773
        ],
        [
          0.0,
          0.0,
          0.0,
          1.0
        ]
      ]
    },
    {
      "file_path": "/media/NFS/ttao/scannet/posed_images/scene0451_01/00151.jpg",
      "transform_matrix": [
        [
          0.878384,
          -0.159042,
          0.450718,
          1.893082
        ],
        [
          -0.477154,
          -0.346378,
          0.80768,
          2.443443
        ],
        [
          0.027664,
          -0.924515,
          -0.38014,
          1.539057
        ],
        [
          0.0,
          0.0,
          0.0,
          1.0
        ]
      ]
    },
    {
      "file_path": "/media/NFS/ttao/scannet/posed_images/scene0451_01/00153.jpg",
      "transform_matrix": [
        [
          0.86981,
          -0.162053,
          0.466015,
          1.911122
        ],
        [
          -0.492686,
          -0.335637,
          0.802875,
          2.453142
        ],
        [
          0.026304,
          -0.927947,
          -0.371782,
          1.540566
        ],
        [
          0.0,
          0.0,
          0.0,
          1.0
        ]
      ]
    },
    {
      "file_path": "/media/NFS/ttao/scannet/posed_images/scene0451_01/00165.jpg",
      "transform_matrix": [
        [
          0.839254,
          -0.142926,
          0.524618,
          1.986655
        ],
        [
          -0.543127,
          -0.266121,
          0.796362,
          2.516393
        ],
        [
          0.025791,
          -0.953285,
          -0.300971,
          1.560137
        ],
        [
          0.0,
          0.0,
          0.0,
          1.0
        ]
      ]
    },
    {
      "file_path": "/media/NFS/ttao/scannet/posed_images/scene0451_01/00168.jpg",
      "transform_matrix": [
        [
          0.831492,
          -0.138961,
          0.537876,
          2.002897
        ],
        [
          -0.554476,
          -0.267377,
          0.788077,
          2.530932
        ],
        [
          0.034304,
          -0.953519,
          -0.299373,
          1.56521
        ],
        [
          0.0,
          0.0,
          0.0,
          1.0
        ]
      ]
    },
    {
      "file_path": "/media/NFS/ttao/scannet/posed_images/scene0451_01/00172.jpg",
      "transform_matrix": [
        [
          0.821045,
          -0.138608,
          0.55378,
          2.017545
        ],
        [
          -0.569914,
          -0.254944,
          0.781154,
          2.555926
        ],
        [
          0.032909,
          -0.95697,
          -0.288315,
          1.574458
        ],
        [
          0.0,
          0.0,
          0.0,
          1.0
        ]
      ]
    },
    {
      "file_path": "/media/NFS/ttao/scannet/posed_images/scene0451_01/00182.jpg",
      "transform_matrix": [
        [
          0.758614,
          -0.150066,
          0.634023,
          2.041565
        ],
        [
          -0.65038,
          -0.232473,
          0.723161,
          2.653646
        ],
        [
          0.038872,
          -0.960956,
          -0.273957,
          1.592028
        ],
        [
          0.0,
          0.0,
          0.0,
          1.0
        ]
      ]
    },
    {
      "file_path": "/media/NFS/ttao/scannet/posed_images/scene0451_01/00190.jpg",
      "transform_matrix": [
        [
          0.676374,
          -0.187743,
          0.71223,
          2.047825
        ],
        [
          -0.736194,
          -0.202737,
          0.645691,
          2.748121
        ],
        [
          0.023171,
          -0.961067,
          -0.275341,
          1.596966
        ],
        [
          0.0,
          0.0,
          0.0,
          1.0
        ]
      ]
    },
    {
      "file_path": "/media/NFS/ttao/scannet/posed_images/scene0451_01/00192.jpg",
      "transform_matrix": [
        [
          0.652617,
          -0.193382,
          0.732595,
          2.041016
        ],
        [
          -0.757552,
          -0.184854,
          0.626054,
          2.770655
        ],
        [
          0.014355,
          -0.963552,
          -0.267136,
          1.597546
        ],
        [
          0.0,
          0.0,
          0.0,
          1.0
        ]
      ]
    },
    {
      "file_path": "/media/NFS/ttao/scannet/posed_images/scene0451_01/00203.jpg",
      "transform_matrix": [
        [
          0.546136,
          -0.199004,
          0.813715,
          2.042048
        ],
        [
          -0.8376,
          -0.144481,
          0.526832,
          2.891933
        ],
        [
          0.012725,
          -0.96929,
          -0.245592,
          1.61369
        ],
        [
          0.0,
          0.0,
          0.0,
          1.0
        ]
      ]
    },
    {
      "file_path": "/media/NFS/ttao/scannet/posed_images/scene0451_01/00205.jpg",
      "transform_matrix": [
        [
          0.534305,
          -0.192944,
          0.822976,
          2.053873
        ],
        [
          -0.845161,
          -0.13901,
          0.516118,
          2.904103
        ],
        [
          0.01482,
          -0.971313,
          -0.237343,
          1.62091
        ],
        [
          0.0,
          0.0,
          0.0,
          1.0
        ]
      ]
    },
    {
      "file_path": "/media/NFS/ttao/scannet/posed_images/scene0451_01/00217.jpg",
      "transform_matrix": [
        [
          0.413197,
          -0.186518,
          0.891336,
          2.139666
        ],
        [
          -0.910564,
          -0.097389,
          0.401731,
          3.005735
        ],
        [
          0.011876,
          -0.977613,
          -0.210078,
          1.635666
        ],
        [
          0.0,
          0.0,
          0.0,
          1.0
        ]
      ]
    },
    {
      "file_path": "/media/NFS/ttao/scannet/posed_images/scene0451_01/00221.jpg",
      "transform_matrix": [
        [
          0.376371,
          -0.172168,
          0.910331,
          2.160218
        ],
        [
          -0.926468,
          -0.069135,
          0.369968,
          3.10948
        ],
        [
          -0.000761,
          -0.982639,
          -0.185529,
          1.639061
        ],
        [
          0.0,
          0.0,
          0.0,
          1.0
        ]
      ]
    },
    {
      "file_path": "/media/NFS/ttao/scannet/posed_images/scene0451_01/00227.jpg",
      "transform_matrix": [
        [
          0.340218,
          -0.157651,
          0.927037,
          2.232036
        ],
        [
          -0.94034,
          -0.060561,
          0.334801,
          3.137573
        ],
        [
          0.00336,
          -0.985636,
          -0.16885,
          1.641581
        ],
        [
          0.0,
          0.0,
          0.0,
          1.0
        ]
      ]
    },
    {
      "file_path": "/media/NFS/ttao/scannet/posed_images/scene0451_01/00230.jpg",
      "transform_matrix": [
        [
          0.324428,
          -0.155637,
          0.933019,
          2.268007
        ],
        [
          -0.945879,
          -0.061457,
          0.318648,
          3.19829
        ],
        [
          0.007747,
          -0.985901,
          -0.167152,
          1.650292
        ],
        [
          0.0,
          0.0,
          0.0,
          1.0
        ]
      ]
    },
    {
      "file_path": "/media/NFS/ttao/scannet/posed_images/scene0451_01/00240.jpg",
      "transform_matrix": [
        [
          0.263772,
          -0.166833,
          0.950048,
          2.371947
        ],
        [
          -0.964315,
          -0.068899,
          0.255634,
          3.273183
        ],
        [
          0.022809,
          -0.983575,
          -0.179053,
          1.641308
        ],
        [
          0.0,
          0.0,
          0.0,
          1.0
        ]
      ]
    },
    {
      "file_path": "/media/NFS/ttao/scannet/posed_images/scene0451_01/00244.jpg",
      "transform_matrix": [
        [
          0.224504,
          -0.160007,
          0.961247,
          2.416675
        ],
        [
          -0.973974,
          -0.068409,
          0.21609,
          3.299714
        ],
        [
          0.031182,
          -0.984743,
          -0.171201,
          1.650682
        ],
        [
          0.0,
          0.0,
          0.0,
          1.0
        ]
      ]
    },
    {
      "file_path": "/media/NFS/ttao/scannet/posed_images/scene0451_01/00256.jpg",
      "transform_matrix": [
        [
          0.108734,
          -0.098006,
          0.989228,
          2.503028
        ],
        [
          -0.994064,
          -0.014509,
          0.107828,
          3.447129
        ],
        [
          0.003785,
          -0.99508,
          -0.099002,
          1.654166
        ],
        [
          0.0,
          0.0,
          0.0,
          1.0
        ]
      ]
    },
    {
      "file_path": "/media/NFS/ttao/scannet/posed_images/scene0451_01/00259.jpg",
      "transform_matrix": [
        [
          0.073129,
          -0.102341,
          0.992058,
          2.529964
        ],
        [
          -0.997318,
          -0.010352,
          0.072449,
          3.481999
        ],
        [
          0.002856,
          -0.994695,
          -0.102824,
          1.658083
        ],
        [
          0.0,
          0.0,
          0.0,
          1.0
        ]
      ]
    },
    {
      "file_path": "/media/NFS/ttao/scannet/posed_images/scene0451_01/00265.jpg",
      "transform_matrix": [
        [
          0.024858,
          -0.128732,
          0.991368,
          2.57199
        ],
        [
          -0.99968,
          -0.007781,
          0.024056,
          3.521898
        ],
        [
          0.004617,
          -0.991649,
          -0.128885,
          1.65982
        ],
        [
          0.0,
          0.0,
          0.0,
          1.0
        ]
      ]
    },
    {
      "file_path": "/media/NFS/ttao/scannet/posed_images/scene0451_01/00269.jpg",
      "transform_matrix": [
        [
          -0.016527,
          -0.159472,
          0.987064,
          2.608082
        ],
        [
          -0.999825,
          -0.005949,
          -0.017702,
          3.559476
        ],
        [
          0.008695,
          -0.987184,
          -0.159346,
          1.638176
        ],
        [
          0.0,
          0.0,
          0.0,
          1.0
        ]
      ]
    },
    {
      "file_path": "/media/NFS/ttao/scannet/posed_images/scene0451_01/00281.jpg",
      "transform_matrix": [
        [
          -0.128289,
          -0.247458,
          0.960368,
          2.747928
        ],
        [
          -0.991544,
          0.051069,
          -0.119294,
          3.632123
        ],
        [
          -0.019524,
          -0.967552,
          -0.251917,
          1.59436
        ],
        [
          0.0,
          0.0,
          0.0,
          1.0
        ]
      ]
    },
    {
      "file_path": "/media/NFS/ttao/scannet/posed_images/scene0451_01/00287.jpg",
      "transform_matrix": [
        [
          -0.202555,
          -0.27074,
          0.941101,
          2.847547
        ],
        [
          -0.978422,
          0.095954,
          -0.182983,
          3.636567
        ],
        [
          -0.040761,
          -0.957858,
          -0.284334,
          1.592661
        ],
        [
          0.0,
          0.0,
          0.0,
          1.0
        ]
      ]
    },
    {
      "file_path": "/media/NFS/ttao/scannet/posed_images/scene0451_01/00290.jpg",
      "transform_matrix": [
        [
          -0.238256,
          -0.265549,
          0.934194,
          2.89084
        ],
        [
          -0.96984,
          0.115993,
          -0.214376,
          3.656475
        ],
        [
          -0.051433,
          -0.957094,
          -0.285176,
          1.592957
        ],
        [
          0.0,
          0.0,
          0.0,
          1.0
        ]
      ]
    },
    {
      "file_path": "/media/NFS/ttao/scannet/posed_images/scene0451_01/00300.jpg",
      "transform_matrix": [
        [
          -0.383094,
          -0.29312,
          0.875968,
          2.979928
        ],
        [
          -0.923275,
          0.150578,
          -0.353396,
          3.669108
        ],
        [
          -0.028314,
          -0.944143,
          -0.328317,
          1.571923
        ],
        [
          0.0,
          0.0,
          0.0,
          1.0
        ]
      ]
    },
    {
      "file_path": "/media/NFS/ttao/scannet/posed_images/scene0451_01/00302.jpg",
      "transform_matrix": [
        [
          -0.421025,
          -0.292803,
          0.858489,
          2.990577
        ],
        [
          -0.906819,
          0.157195,
          -0.391113,
          3.675226
        ],
        [
          -0.020431,
          -0.943163,
          -0.331702,
          1.569639
        ],
        [
          0.0,
          0.0,
          0.0,
          1.0
        ]
      ]
    },
    {
      "file_path": "/media/NFS/ttao/scannet/posed_images/scene0451_01/00308.jpg",
      "transform_matrix": [
        [
          -0.531661,
          -0.268253,
          0.803353,
          3.022571
        ],
        [
          -0.846879,
          0.181266,
          -0.499939,
          3.697622
        ],
        [
          -0.01151,
          -0.946141,
          -0.32355,
          1.568085
        ],
        [
          0.0,
          0.0,
          0.0,
          1.0
        ]
      ]
    },
    {
      "file_path": "/media/NFS/ttao/scannet/posed_images/scene0451_01/00319.jpg",
      "transform_matrix": [
        [
          -0.660155,
          -0.241794,
          0.711147,
          3.048701
        ],
        [
          -0.750792,
          0.240784,
          -0.615089,
          3.760541
        ],
        [
          -0.022508,
          -0.939978,
          -0.340492,
          1.568959
        ],
        [
          0.0,
          0.0,
          0.0,
          1.0
        ]
      ]
    },
    {
      "file_path": "/media/NFS/ttao/scannet/posed_images/scene0451_01/00321.jpg",
      "transform_matrix": [
        [
          -0.676964,
          -0.234591,
          0.69763,
          3.049151
        ],
        [
          -0.73572,
          0.242608,
          -0.632343,
          3.778239
        ],
        [
          -0.020909,
          -0.941333,
          -0.336829,
          1.548874
        ],
        [
          0.0,
          0.0,
          0.0,
          1.0
        ]
      ]
    },
    {
      "file_path": "/media/NFS/ttao/scannet/posed_images/scene0451_01/00333.jpg",
      "transform_matrix": [
        [
          -0.794094,
          -0.197874,
          0.574683,
          3.047964
        ],
        [
          -0.607405,
          0.292236,
          -0.738686,
          3.788279
        ],
        [
          -0.021776,
          -0.935652,
          -0.352252,
          1.541878
        ],
        [
          0.0,
          0.0,
          0.0,
          1.0
        ]
      ]
    },
    {
      "file_path": "/media/NFS/ttao/scannet/posed_images/scene0451_01/00335.jpg",
      "transform_matrix": [
        [
          -0.81276,
          -0.184985,
          0.552451,
          3.045849
        ],
        [
          -0.582185,
          0.293638,
          -0.75818,
          3.78937
        ],
        [
          -0.021969,
          -0.937847,
          -0.346353,
          1.537373
        ],
        [
          0.0,
          0.0,
          0.0,
          1.0
        ]
      ]
    },
    {
      "file_path": "/media/NFS/ttao/scannet/posed_images/scene0451_01/00343.jpg",
      "transform_matrix": [
        [
          -0.877639,
          -0.147273,
          0.456137,
          3.040369
        ],
        [
          -0.479134,
          0.296237,
          -0.826241,
          3.790123
        ],
        [
          -0.013441,
          -0.943692,
          -0.330553,
          1.536217
        ],
        [
          0.0,
          0.0,
          0.0,
          1.0
        ]
      ]
    },
    {
      "file_path": "/media/NFS/ttao/scannet/posed_images/scene0451_01/00352.jpg",
      "transform_matrix": [
        [
          -0.925855,
          -0.115108,
          0.359921,
          3.010075
        ],
        [
          -0.377575,
          0.320077,
          -0.868901,
          3.772048
        ],
        [
          -0.015185,
          -0.940373,
          -0.339806,
          1.530561
        ],
        [
          0.0,
          0.0,
          0.0,
          1.0
        ]
      ]
    },
    {
      "file_path": "/media/NFS/ttao/scannet/posed_images/scene0451_01/00356.jpg",
      "transform_matrix": [
        [
          -0.944611,
          -0.106324,
          0.310492,
          2.991921
        ],
        [
          -0.328116,
          0.326317,
          -0.886486,
          3.762041
        ],
        [
          -0.007064,
          -0.939262,
          -0.343129,
          1.529236
        ],
        [
          0.0,
          0.0,
          0.0,
          1.0
        ]
      ]
    },
    {
      "file_path": "/media/NFS/ttao/scannet/posed_images/scene0451_01/00360.jpg",
      "transform_matrix": [
        [
          -0.960842,
          -0.089693,
          0.26218,
          2.984942
        ],
        [
          -0.277022,
          0.333082,
          -0.901285,
          3.753896
        ],
        [
          -0.006488,
          -0.938622,
          -0.344887,
          1.535317
        ],
        [
          0.0,
          0.0,
          0.0,
          1.0
        ]
      ]
    },
    {
      "file_path": "/media/NFS/ttao/scannet/posed_images/scene0451_01/00372.jpg",
      "transform_matrix": [
        [
          -0.987203,
          -0.046649,
          0.152492,
          2.940086
        ],
        [
          -0.159122,
          0.351016,
          -0.92275,
          3.729637
        ],
        [
          -0.010482,
          -0.935207,
          -0.353947,
          1.524642
        ],
        [
          0.0,
          0.0,
          0.0,
          1.0
        ]
      ]
    },
    {
      "file_path": "/media/NFS/ttao/scannet/posed_images/scene0451_01/00374.jpg",
      "transform_matrix": [
        [
          -0.990173,
          -0.042005,
          0.133394,
          2.930799
        ],
        [
          -0.139615,
          0.352312,
          -0.92541,
          3.726224
        ],
        [
          -0.008125,
          -0.93494,
          -0.354714,
          1.525471
        ],
        [
          0.0,
          0.0,
          0.0,
          1.0
        ]
      ]
    },
    {
      "file_path": "/media/NFS/ttao/scannet/posed_images/scene0451_01/00381.jpg",
      "transform_matrix": [
        [
          -0.997766,
          -0.02263,
          0.06285,
          2.924536
        ],
        [
          -0.066781,
          0.360071,
          -0.930531,
          3.69653
        ],
        [
          -0.001572,
          -0.93265,
          -0.360779,
          1.530284
        ],
        [
          0.0,
          0.0,
          0.0,
          1.0
        ]
      ]
    },
    {
      "file_path": "/media/NFS/ttao/scannet/posed_images/scene0451_01/00391.jpg",
      "transform_matrix": [
        [
          -0.999871,
          0.007365,
          -0.014262,
          2.91083
        ],
        [
          0.015893,
          0.329523,
          -0.944014,
          3.661081
        ],
        [
          -0.002252,
          -0.944119,
          -0.329597,
          1.54493
        ],
        [
          0.0,
          0.0,
          0.0,
          1.0
        ]
      ]
    },
    {
      "file_path": "/media/NFS/ttao/scannet/posed_images/scene0451_01/00397.jpg",
      "transform_matrix": [
        [
          -0.996621,
          0.019808,
          -0.079709,
          2.88132
        ],
        [
          0.081914,
          0.310592,
          -0.947007,
          3.641065
        ],
        [
          0.005999,
          -0.950337,
          -0.311165,
          1.558607
        ],
        [
          0.0,
          0.0,
          0.0,
          1.0
        ]
      ]
    },
    {
      "file_path": "/media/NFS/ttao/scannet/posed_images/scene0451_01/00401.jpg",
      "transform_matrix": [
        [
          -0.986878,
          0.039263,
          -0.156622,
          2.905397
        ],
        [
          0.161253,
          0.289792,
          -0.943408,
          3.630283
        ],
        [
          0.008347,
          -0.956284,
          -0.29232,
          1.557341
        ],
        [
          0.0,
          0.0,
          0.0,
          1.0
        ]
      ]
    },
    {
      "file_path": "/media/NFS/ttao/scannet/posed_images/scene0451_01/00407.jpg",
      "transform_matrix": [
        [
          -0.970609,
          0.053348,
          -0.234675,
          2.870573
        ],
        [
          0.239951,
          0.28944,
          -0.926632,
          3.606247
        ],
        [
          0.01849,
          -0.955708,
          -0.293734,
          1.565547
        ],
        [
          0.0,
          0.0,
          0.0,
          1.0
        ]
      ]
    },
    {
      "file_path": "/media/NFS/ttao/scannet/posed_images/scene0451_01/00412.jpg",
      "transform_matrix": [
        [
          -0.957978,
          0.068037,
          -0.278657,
          2.840237
        ],
        [
          0.286167,
          0.293337,
          -0.912174,
          3.58493
        ],
        [
          0.019678,
          -0.953585,
          -0.300481,
          1.570163
        ],
        [
          0.0,
          0.0,
          0.0,
          1.0
        ]
      ]
    },
    {
      "file_path": "/media/NFS/ttao/scannet/posed_images/scene0451_01/00418.jpg",
      "transform_matrix": [
        [
          -0.941333,
          0.080492,
          -0.327739,
          2.811909
        ],
        [
          0.336649,
          0.292041,
          -0.895198,
          3.545211
        ],
        [
          0.023657,
          -0.953013,
          -0.302005,
          1.567452
        ],
        [
          0.0,
          0.0,
          0.0,
          1.0
        ]
      ]
    },
    {
      "file_path": "/media/NFS/ttao/scannet/posed_images/scene0451_01/00424.jpg",
      "transform_matrix": [
        [
          -0.933116,
          0.088669,
          -0.348472,
          2.801078
        ],
        [
          0.358761,
          0.294803,
          -0.885653,
          3.506793
        ],
        [
          0.0242,
          -0.951435,
          -0.306896,
          1.579779
        ],
        [
          0.0,
          0.0,
          0.0,
          1.0
        ]
      ]
    },
    {
      "file_path": "/media/NFS/ttao/scannet/posed_images/scene0451_01/00434.jpg",
      "transform_matrix": [
        [
          -0.896885,
          0.09543,
          -0.431846,
          2.853078
        ],
        [
          0.43967,
          0.297998,
          -0.847282,
          3.448717
        ],
        [
          0.047834,
          -0.949784,
          -0.309228,
          1.575215
        ],
        [
          0.0,
          0.0,
          0.0,
          1.0
        ]
      ]
    },
    {
      "file_path": "/media/NFS/ttao/scannet/posed_images/scene0451_01/00441.jpg",
      "transform_matrix": [
        [
          -0.853578,
          0.151616,
          -0.498415,
          2.957457
        ],
        [
          0.520822,
          0.270795,
          -0.809577,
          3.403158
        ],
        [
          0.012223,
          -0.950622,
          -0.31011,
          1.576887
        ],
        [
          0.0,
          0.0,
          0.0,
          1.0
        ]
      ]
    },
    {
      "file_path": "/media/NFS/ttao/scannet/posed_images/scene0451_01/00449.jpg",
      "transform_matrix": [
        [
          -0.834284,
          0.168825,
          -0.524851,
          3.089559
        ],
        [
          0.550988,
          0.289091,
          -0.78284,
          3.378282
        ],
        [
          0.019567,
          -0.942297,
          -0.334204,
          1.576401
        ],
        [
          0.0,
          0.0,
          0.0,
          1.0
        ]
      ]
    },
    {
      "file_path": "/media/NFS/ttao/scannet/posed_images/scene0451_01/00455.jpg",
      "transform_matrix": [
        [
          -0.827582,
          0.165532,
          -0.536384,
          3.164785
        ],
        [
          0.559345,
          0.323758,
          -0.763095,
          3.340835
        ],
        [
          0.047342,
          -0.931547,
          -0.360526,
          1.585706
        ],
        [
          0.0,
          0.0,
          0.0,
          1.0
        ]
      ]
    },
    {
      "file_path": "/media/NFS/ttao/scannet/posed_images/scene0451_01/00459.jpg",
      "transform_matrix": [
        [
          -0.827685,
          0.165093,
          -0.53636,
          3.207409
        ],
        [
          0.560051,
          0.303956,
          -0.770684,
          3.313612
        ],
        [
          0.035795,
          -0.938273,
          -0.34404,
          1.57833
        ],
        [
          0.0,
          0.0,
          0.0,
          1.0
        ]
      ]
    },
    {
      "file_path": "/media/NFS/ttao/scannet/posed_images/scene0451_01/00467.jpg",
      "transform_matrix": [
        [
          -0.829615,
          0.181441,
          -0.528031,
          3.256104
        ],
        [
          0.558334,
          0.268256,
          -0.785048,
          3.234861
        ],
        [
          -0.000793,
          -0.946107,
          -0.323854,
          1.59139
        ],
        [
          0.0,
          0.0,
          0.0,
          1.0
        ]
      ]
    },
    {
      "file_path": "/media/NFS/ttao/scannet/posed_images/scene0451_01/00474.jpg",
      "transform_matrix": [
        [
          -0.826049,
          0.166821,
          -0.538343,
          3.313835
        ],
        [
          0.563591,
          0.249205,
          -0.787567,
          3.163407
        ],
        [
          0.002775,
          -0.953975,
          -0.299875,
          1.60522
        ],
        [
          0.0,
          0.0,
          0.0,
          1.0
        ]
      ]
    },
    {
      "file_path": "/media/NFS/ttao/scannet/posed_images/scene0451_01/00476.jpg",
      "transform_matrix": [
        [
          -0.82136,
          0.15805,
          -0.548076,
          3.330253
        ],
        [
          0.5703,
          0.246428,
          -0.783602,
          3.145217
        ],
        [
          0.011213,
          -0.956187,
          -0.292542,
          1.608653
        ],
        [
          0.0,
          0.0,
          0.0,
          1.0
        ]
      ]
    },
    {
      "file_path": "/media/NFS/ttao/scannet/posed_images/scene0451_01/00482.jpg",
      "transform_matrix": [
        [
          -0.801392,
          0.146318,
          -0.579967,
          3.369746
        ],
        [
          0.597287,
          0.247511,
          -0.762881,
          3.088289
        ],
        [
          0.031925,
          -0.957773,
          -0.285748,
          1.613821
        ],
        [
          0.0,
          0.0,
          0.0,
          1.0
        ]
      ]
    },
    {
      "file_path": "/media/NFS/ttao/scannet/posed_images/scene0451_01/00490.jpg",
      "transform_matrix": [
        [
          -0.747165,
          0.150366,
          -0.647406,
          3.472443
        ],
        [
          0.663535,
          0.224864,
          -0.713553,
          3.010366
        ],
        [
          0.038284,
          -0.962718,
          -0.267783,
          1.610145
        ],
        [
          0.0,
          0.0,
          0.0,
          1.0
        ]
      ]
    },
    {
      "file_path": "/media/NFS/ttao/scannet/posed_images/scene0451_01/00499.jpg",
      "transform_matrix": [
        [
          -0.683572,
          0.207354,
          -0.69981,
          3.591169
        ],
        [
          0.729685,
          0.216502,
          -0.648603,
          2.92842
        ],
        [
          0.01702,
          -0.954008,
