{
  "frames": [
    {
      "file_path": "/media/NFS/ttao/scannet/posed_images/scene0552_01/00000.jpg",
      "transform_matrix": [
        [
          -0.922141,
          0.202693,
          -0.329502,
          4.654745
        ],
        [
          0.377774,
          0.28837,
          -0.879846,
          3.247548
        ],
        [
          -0.08332,
          -0.93582,
          -0.34249,
          1.269965
        ],
        [
          0.0,
          0.0,
          0.0,
          1.0
        ]
      ]
    },
    {
      "file_path": "/media/NFS/ttao/scannet/posed_images/scene0552_01/00003.jpg",
      "transform_matrix": [
        [
          -0.903151,
          0.200611,
          -0.37957,
          4.658947
        ],
        [
          0.422019,
          0.252459,
          -0.870726,
          3.223534
        ],
        [
          -0.078851,
          -0.946583,
          -0.31267,
          1.277581
        ],
        [
          0.0,
          0.0,
          0.0,
          1.0
        ]
      ]
    },
    {
      "file_path": "/media/NFS/ttao/scannet/posed_images/scene0552_01/00004.jpg",
      "transform_matrix": [
        [
          -0.899588,
          0.198801,
          -0.388869,
          4.660969
        ],
        [
          0.430306,
          0.251206,
          -0.867025,
          3.217717
        ],
        [
          -0.074679,
          -0.947298,
          -0.311527,
          1.277287
        ],
        [
          0.0,
          0.0,
          0.0,
          1.0
        ]
      ]
    },
    {
      "file_path": "/media/NFS/ttao/scannet/posed_images/scene0552_01/00007.jpg",
      "transform_matrix": [
        [
          -0.882954,
          0.189274,
          -0.429613,
          4.667663
        ],
        [
          0.465048,
          0.22748,
          -0.85556,
          3.202457
        ],
        [
          -0.064207,
          -0.955211,
          -0.288876,
          1.284005
        ],
        [
          0.0,
          0.0,
          0.0,
          1.0
        ]
      ]
    },
    {
      "file_path": "/media/NFS/ttao/scannet/posed_images/scene0552_01/00009.jpg",
      "transform_matrix": [
        [
          -0.874572,
          0.184867,
          -0.448273,
          4.671187
        ],
        [
          0.480383,
          0.204491,
          -0.852887,
          3.19519
        ],
        [
          -0.066003,
          -0.961253,
          -0.267649,
          1.288402
        ],
        [
          0.0,
          0.0,
          0.0,
          1.0
        ]
      ]
    },
    {
      "file_path": "/media/NFS/ttao/scannet/posed_images/scene0552_01/00010.jpg",
      "transform_matrix": [
        [
          -0.872693,
          0.189089,
          -0.450169,
          4.667645
        ],
        [
          0.483349,
          0.204009,
          -0.851325,
          3.19195
        ],
        [
          -0.069138,
          -0.960534,
          -0.269433,
          1.301214
        ],
        [
          0.0,
          0.0,
          0.0,
          1.0
        ]
      ]
    },
    {
      "file_path": "/media/NFS/ttao/scannet/posed_images/scene0552_01/00013.jpg",
      "transform_matrix": [
        [
          -0.857122,
          0.210719,
          -0.470043,
          4.680642
        ],
        [
          0.510271,
          0.222496,
          -0.830734,
          3.172384
        ],
        [
          -0.070469,
          -0.951889,
          -0.29823,
          1.300631
        ],
        [
          0.0,
          0.0,
          0.0,
          1.0
        ]
      ]
    },
    {
      "file_path": "/media/NFS/ttao/scannet/posed_images/scene0552_01/00014.jpg",
      "transform_matrix": [
        [
          -0.848668,
          0.217646,
          -0.482072,
          4.686559
        ],
        [
          0.523832,
          0.21967,
          -0.82301,
          3.16559
        ],
        [
          -0.073228,
          -0.950987,
          -0.300436,
          1.299978
        ],
        [
          0.0,
          0.0,
          0.0,
          1.0
        ]
      ]
    },
    {
      "file_path": "/media/NFS/ttao/scannet/posed_images/scene0552_01/00017.jpg",
      "transform_matrix": [
        [
          -0.827441,
          0.233695,
          -0.510616,
          4.698878
        ],
        [
          0.555983,
          0.213169,
          -0.803394,
          3.149497
        ],
        [
          -0.078901,
          -0.948655,
          -0.306315,
          1.300028
        ],
        [
          0.0,
          0.0,
          0.0,
          1.0
        ]
      ]
    },
    {
      "file_path": "/media/NFS/ttao/scannet/posed_images/scene0552_01/00019.jpg",
      "transform_matrix": [
        [
          -0.815571,
          0.232341,
          -0.529964,
          4.708026
        ],
        [
          0.574065,
          0.209708,
          -0.7915,
          3.139501
        ],
        [
          -0.07276,
          -0.949758,
          -0.304411,
          1.300619
        ],
        [
          0.0,
          0.0,
          0.0,
          1.0
        ]
      ]
    },
    {
      "file_path": "/media/NFS/ttao/scannet/posed_images/scene0552_01/00020.jpg",
      "transform_matrix": [
        [
          -0.80584,
          0.233126,
          -0.544311,
          4.706764
        ],
        [
          0.588687,
          0.216389,
          -0.77886,
          3.130255
        ],
        [
          -0.06379,
          -0.948065,
          -0.311614,
          1.309357
        ],
        [
          0.0,
          0.0,
          0.0,
          1.0
        ]
      ]
    },
    {
      "file_path": "/media/NFS/ttao/scannet/posed_images/scene0552_01/00022.jpg",
      "transform_matrix": [
        [
          -0.788007,
          0.23079,
          -0.570772,
          4.712248
        ],
        [
          0.613652,
          0.2195,
          -0.758453,
          3.121718
        ],
        [
          -0.049759,
          -0.947922,
          -0.314592,
          1.311904
        ],
        [
          0.0,
          0.0,
          0.0,
          1.0
        ]
      ]
    },
    {
      "file_path": "/media/NFS/ttao/scannet/posed_images/scene0552_01/00024.jpg",
      "transform_matrix": [
        [
          -0.770059,
          0.237952,
          -0.591936,
          4.717395
        ],
        [
          0.636386,
          0.221106,
          -0.739002,
          3.115281
        ],
        [
          -0.044966,
          -0.945775,
          -0.321694,
          1.309683
        ],
        [
          0.0,
          0.0,
          0.0,
          1.0
        ]
      ]
    },
    {
      "file_path": "/media/NFS/ttao/scannet/posed_images/scene0552_01/00027.jpg",
      "transform_matrix": [
        [
          -0.738022,
          0.253824,
          -0.625218,
          4.727776
        ],
        [
          0.673592,
          0.222247,
          -0.704897,
          3.101431
        ],
        [
          -0.039967,
          -0.941371,
          -0.334997,
          1.307677
        ],
        [
          0.0,
          0.0,
          0.0,
          1.0
        ]
      ]
    },
    {
      "file_path": "/media/NFS/ttao/scannet/posed_images/scene0552_01/00028.jpg",
      "transform_matrix": [
        [
          -0.725612,
          0.259931,
          -0.637121,
          4.730128
        ],
        [
          0.687094,
          0.223555,
          -0.691321,
          3.096932
        ],
        [
          -0.037264,
          -0.939393,
          -0.340812,
          1.309771
        ],
        [
          0.0,
          0.0,
          0.0,
          1.0
        ]
      ]
    },
    {
      "file_path": "/media/NFS/ttao/scannet/posed_images/scene0552_01/00031.jpg",
      "transform_matrix": [
        [
          -0.688732,
          0.280411,
          -0.668594,
          4.728688
        ],
        [
          0.723975,
          0.216582,
          -0.654945,
          3.089454
        ],
        [
          -0.038849,
          -0.935127,
          -0.352177,
          1.29629
        ],
        [
          0.0,
          0.0,
          0.0,
          1.0
        ]
      ]
    },
    {
      "file_path": "/media/NFS/ttao/scannet/posed_images/scene0552_01/00033.jpg",
      "transform_matrix": [
        [
          -0.676542,
          0.290343,
          -0.676752,
          4.728804
        ],
        [
          0.735289,
          0.215777,
          -0.642487,
          3.085826
        ],
        [
          -0.040514,
          -0.932278,
          -0.359468,
          1.298425
        ],
        [
          0.0,
          0.0,
          0.0,
          1.0
        ]
      ]
    },
    {
      "file_path": "/media/NFS/ttao/scannet/posed_images/scene0552_01/00035.jpg",
      "transform_matrix": [
        [
          -0.669021,
          0.296557,
          -0.681516,
          4.722558
        ],
        [
          0.741999,
          0.213449,
          -0.635514,
          3.087522
        ],
        [
          -0.042997,
          -0.930856,
          -0.362846,
          1.295931
        ],
        [
          0.0,
          0.0,
          0.0,
          1.0
        ]
      ]
    },
    {
      "file_path": "/media/NFS/ttao/scannet/posed_images/scene0552_01/00036.jpg",
      "transform_matrix": [
        [
          -0.662418,
          0.301515,
          -0.685778,
          4.720363
        ],
        [
          0.747856,
          0.212697,
          -0.628865,
          3.087322
        ],
        [
          -0.04375,
          -0.929435,
          -0.366384,
          1.295812
        ],
        [
          0.0,
          0.0,
          0.0,
          1.0
        ]
      ]
    },
    {
      "file_path": "/media/NFS/ttao/scannet/posed_images/scene0552_01/00039.jpg",
      "transform_matrix": [
        [
          -0.637617,
          0.318682,
          -0.701346,
          4.704278
        ],
        [
          0.768929,
          0.207945,
          -0.604572,
          3.09196
        ],
        [
          -0.046825,
          -0.924771,
          -0.377633,
          1.292057
        ],
        [
          0.0,
          0.0,
          0.0,
          1.0
        ]
      ]
    },
    {
      "file_path": "/media/NFS/ttao/scannet/posed_images/scene0552_01/00041.jpg",
      "transform_matrix": [
        [
          -0.620674,
          0.330286,
          -0.711109,
          4.687198
        ],
        [
          0.782915,
          0.21188,
          -0.584937,
          3.093744
        ],
        [
          -0.042526,
          -0.919792,
          -0.390094,
          1.29252
        ],
        [
          0.0,
          0.0,
          0.0,
          1.0
        ]
      ]
    },
    {
      "file_path": "/media/NFS/ttao/scannet/posed_images/scene0552_01/00043.jpg",
      "transform_matrix": [
        [
          -0.603303,
          0.324672,
          -0.728432,
          4.669423
        ],
        [
          0.796743,
          0.205275,
          -0.568386,
          3.100123
        ],
        [
          -0.03501,
          -0.923282,
          -0.382523,
          1.295233
        ],
        [
          0.0,
          0.0,
          0.0,
          1.0
        ]
      ]
    },
    {
      "file_path": "/media/NFS/ttao/scannet/posed_images/scene0552_01/00044.jpg",
      "transform_matrix": [
        [
          -0.59275,
          0.325219,
          -0.736804,
          4.657285
        ],
        [
          0.804577,
          0.198121,
          -0.559824,
          3.108709
        ],
        [
          -0.036089,
          -0.924651,
          -0.379101,
          1.293265
        ],
        [
          0.0,
          0.0,
          0.0,
          1.0
        ]
      ]
    },
    {
      "file_path": "/media/NFS/ttao/scannet/posed_images/scene0552_01/00046.jpg",
      "transform_matrix": [
        [
          -0.569605,
          0.337851,
          -0.749271,
          4.635925
        ],
        [
          0.820806,
          0.186405,
          -0.539936,
          3.119606
        ],
        [
          -0.04275,
          -0.922556,
          -0.383487,
          1.292707
        ],
        [
          0.0,
          0.0,
          0.0,
          1.0
        ]
      ]
    },
    {
      "file_path": "/media/NFS/ttao/scannet/posed_images/scene0552_01/00049.jpg",
      "transform_matrix": [
        [
          -0.543255,
          0.329003,
          -0.772419,
          4.606735
        ],
        [
          0.838551,
          0.167359,
          -0.518483,
          3.13597
        ],
        [
          -0.041312,
          -0.92938,
          -0.366804,
          1.298717
        ],
        [
          0.0,
          0.0,
          0.0,
          1.0
        ]
      ]
    },
    {
      "file_path": "/media/NFS/ttao/scannet/posed_images/scene0552_01/00051.jpg",
      "transform_matrix": [
        [
          -0.516984,
          0.325728,
          -0.791599,
          4.597501
        ],
        [
          0.855314,
          0.159681,
          -0.492889,
          3.130623
        ],
        [
          -0.034144,
          -0.931881,
          -0.361153,
          1.307557
        ],
        [
          0.0,
          0.0,
          0.0,
          1.0
        ]
      ]
    },
    {
      "file_path": "/media/NFS/ttao/scannet/posed_images/scene0552_01/00052.jpg",
      "transform_matrix": [
        [
          -0.50592,
          0.326218,
          -0.798516,
          4.58837
        ],
        [
          0.861899,
          0.154389,
          -0.483005,
          3.137497
        ],
        [
          -0.034282,
          -0.932602,
          -0.359275,
          1.307355
        ],
        [
          0.0,
          0.0,
          0.0,
          1.0
        ]
      ]
    },
    {
      "file_path": "/media/NFS/ttao/scannet/posed_images/scene0552_01/00054.jpg",
      "transform_matrix": [
        [
          -0.481037,
          0.328599,
          -0.812789,
          4.57194
        ],
        [
          0.876149,
          0.147324,
          -0.458974,
          3.14659
        ],
        [
          -0.031075,
          -0.932909,
          -0.35877,
          1.313764
        ],
        [
          0.0,
          0.0,
          0.0,
          1.0
        ]
      ]
    },
    {
      "file_path": "/media/NFS/ttao/scannet/posed_images/scene0552_01/00057.jpg",
      "transform_matrix": [
        [
          -0.449661,
          0.321007,
          -0.833523,
          4.557571
        ],
        [
          0.892708,
          0.130578,
          -0.431302,
          3.161054
        ],
        [
          -0.029611,
          -0.938032,
          -0.345281,
          1.314029
        ],
        [
          0.0,
          0.0,
          0.0,
          1.0
        ]
      ]
    },
    {
      "file_path": "/media/NFS/ttao/scannet/posed_images/scene0552_01/00059.jpg",
      "transform_matrix": [
        [
          -0.435973,
          0.315358,
          -0.842898,
          4.549397
        ],
        [
          0.899505,
          0.122936,
          -0.419258,
          3.170616
        ],
        [
          -0.028594,
          -0.940976,
          -0.337263,
          1.311446
        ],
        [
          0.0,
          0.0,
          0.0,
          1.0
        ]
      ]
    },
    {
      "file_path": "/media/NFS/ttao/scannet/posed_images/scene0552_01/00061.jpg",
      "transform_matrix": [
        [
          -0.417166,
          0.310874,
          -0.854008,
          4.540668
        ],
        [
          0.908732,
          0.128889,
          -0.39698,
          3.170228
        ],
        [
          -0.013339,
          -0.941671,
          -0.336269,
          1.318886
        ],
        [
          0.0,
          0.0,
          0.0,
          1.0
        ]
      ]
    },
    {
      "file_path": "/media/NFS/ttao/scannet/posed_images/scene0552_01/00062.jpg",
      "transform_matrix": [
        [
          -0.41131,
          0.3111,
          -0.856762,
          4.537024
        ],
        [
          0.911394,
          0.126359,
          -0.391655,
          3.172118
        ],
        [
          -0.013584,
          -0.94194,
          -0.335508,
          1.320145
        ],
        [
          0.0,
          0.0,
          0.0,
          1.0
        ]
      ]
    },
    {
      "file_path": "/media/NFS/ttao/scannet/posed_images/scene0552_01/00064.jpg",
      "transform_matrix": [
        [
          -0.397924,
          0.310011,
          -0.863452,
          4.533636
        ],
        [
          0.917317,
          0.120458,
          -0.379499,
          3.174543
        ],
        [
          -0.013639,
          -0.943071,
          -0.332311,
          1.319893
        ],
        [
          0.0,
          0.0,
          0.0,
          1.0
        ]
      ]
    },
    {
      "file_path": "/media/NFS/ttao/scannet/posed_images/scene0552_01/00066.jpg",
      "transform_matrix": [
        [
          -0.384952,
          0.309176,
          -0.86961,
          4.528996
        ],
        [
          0.92284,
          0.11531,
          -0.367518,
          3.175159
        ],
        [
          -0.013353,
          -0.943988,
          -0.329709,
          1.323702
        ],
        [
          0.0,
          0.0,
          0.0,
          1.0
        ]
      ]
    },
    {
      "file_path": "/media/NFS/ttao/scannet/posed_images/scene0552_01/00068.jpg",
      "transform_matrix": [
        [
          -0.368098,
          0.303923,
          -0.878712,
          4.527184
        ],
        [
          0.92967,
          0.105307,
          -0.353022,
          3.173081
        ],
        [
          -0.014757,
          -0.946859,
          -0.321311,
          1.324895
        ],
        [
          0.0,
          0.0,
          0.0,
          1.0
        ]
      ]
    },
    {
      "file_path": "/media/NFS/ttao/scannet/posed_images/scene0552_01/00070.jpg",
      "transform_matrix": [
        [
          -0.356636,
          0.301327,
          -0.884315,
          4.513893
        ],
        [
          0.934079,
          0.097227,
          -0.343575,
          3.172022
        ],
        [
          -0.017549,
          -0.948551,
          -0.316138,
          1.330229
        ],
        [
          0.0,
          0.0,
          0.0,
          1.0
        ]
      ]
    },
    {
      "file_path": "/media/NFS/ttao/scannet/posed_images/scene0552_01/00073.jpg",
      "transform_matrix": [
        [
          -0.334511,
          0.290584,
          -0.896473,
          4.511077
        ],
        [
          0.942295,
          0.08952,
          -0.322592,
          3.158477
        ],
        [
          -0.013488,
          -0.952653,
          -0.303762,
          1.330269
        ],
        [
          0.0,
          0.0,
          0.0,
          1.0
        ]
      ]
    },
    {
      "file_path": "/media/NFS/ttao/scannet/posed_images/scene0552_01/00075.jpg",
      "transform_matrix": [
        [
          -0.295799,
          0.285178,
          -0.911689,
          4.50313
        ],
        [
          0.955115,
          0.072234,
          -0.287294,
          3.14931
        ],
        [
          -0.016075,
          -0.955749,
          -0.293744,
          1.333584
        ],
        [
          0.0,
          0.0,
          0.0,
          1.0
        ]
      ]
    },
    {
      "file_path": "/media/NFS/ttao/scannet/posed_images/scene0552_01/00077.jpg",
      "transform_matrix": [
        [
          -0.267548,
          0.279974,
          -0.921972,
          4.501602
        ],
        [
          0.96329,
          0.055758,
          -0.262606,
          3.136975
        ],
        [
          -0.022116,
          -0.958387,
          -0.284614,
          1.33614
        ],
        [
          0.0,
          0.0,
          0.0,
          1.0
        ]
      ]
    },
    {
      "file_path": "/media/NFS/ttao/scannet/posed_images/scene0552_01/00079.jpg",
      "transform_matrix": [
        [
          -0.247832,
          0.277644,
          -0.928167,
          4.498232
        ],
        [
          0.968524,
          0.048016,
          -0.244244,
          3.124351
        ],
        [
          -0.023246,
          -0.959483,
          -0.280805,
          1.337072
        ],
        [
          0.0,
          0.0,
          0.0,
          1.0
        ]
      ]
    },
    {
      "file_path": "/media/NFS/ttao/scannet/posed_images/scene0552_01/00080.jpg",
      "transform_matrix": [
        [
          -0.239806,
          0.282554,
          -0.928793,
          4.488457
        ],
        [
          0.970486,
          0.044635,
          -0.236992,
          3.126397
        ],
        [
          -0.025506,
          -0.958212,
          -0.284919,
          1.34312
        ],
        [
          0.0,
          0.0,
          0.0,
          1.0
        ]
      ]
    },
    {
      "file_path": "/media/NFS/ttao/scannet/posed_images/scene0552_01/00083.jpg",
      "transform_matrix": [
        [
          -0.209418,
          0.294779,
          -0.932335,
          4.486158
        ],
        [
          0.977301,
          0.031847,
          -0.209449,
          3.099587
        ],
        [
          -0.032049,
          -0.955034,
          -0.294757,
          1.337723
        ],
        [
          0.0,
          0.0,
          0.0,
          1.0
        ]
      ]
    },
    {
      "file_path": "/media/NFS/ttao/scannet/posed_images/scene0552_01/00084.jpg",
      "transform_matrix": [
        [
          -0.198793,
          0.299357,
          -0.933202,
          4.484854
        ],
        [
          0.979417,
          0.026705,
          -0.200071,
          3.088481
        ],
        [
          -0.034972,
          -0.953767,
          -0.298504,
          1.33495
        ],
        [
          0.0,
          0.0,
          0.0,
          1.0
        ]
      ]
    },
    {
      "file_path": "/media/NFS/ttao/scannet/posed_images/scene0552_01/00087.jpg",
      "transform_matrix": [
        [
          -0.158841,
          0.320521,
          -0.933829,
          4.480779
        ],
        [
          0.986868,
          0.023426,
          -0.159823,
          3.060495
        ],
        [
          -0.029351,
          -0.946952,
          -0.320032,
          1.32892
        ],
        [
          0.0,
          0.0,
          0.0,
          1.0
        ]
      ]
    },
    {
      "file_path": "/media/NFS/ttao/scannet/posed_images/scene0552_01/00088.jpg",
      "transform_matrix": [
        [
          -0.145148,
          0.322837,
          -0.935259,
          4.47922
        ],
        [
          0.989093,
          0.02342,
          -0.145419,
          3.051769
        ],
        [
          -0.025043,
          -0.946165,
          -0.322715,
          1.326249
        ],
        [
          0.0,
          0.0,
          0.0,
          1.0
        ]
      ]
    },
    {
      "file_path": "/media/NFS/ttao/scannet/posed_images/scene0552_01/00091.jpg",
      "transform_matrix": [
        [
          -0.113139,
          0.332868,
          -0.936161,
          4.471655
        ],
        [
          0.99331,
          0.015971,
          -0.114367,
          3.031465
        ],
        [
          -0.023118,
          -0.942838,
          -0.332448,
          1.32722
        ],
        [
          0.0,
          0.0,
          0.0,
          1.0
        ]
      ]
    },
    {
      "file_path": "/media/NFS/ttao/scannet/posed_images/scene0552_01/00092.jpg",
      "transform_matrix": [
        [
          -0.10108,
          0.333268,
          -0.937398,
          4.468056
        ],
        [
          0.994687,
          0.015361,
          -0.101796,
          3.020312
        ],
        [
          -0.019526,
          -0.942707,
          -0.33305,
          1.328664
        ],
        [
          0.0,
          0.0,
          0.0,
          1.0
        ]
      ]
    },
    {
      "file_path": "/media/NFS/ttao/scannet/posed_images/scene0552_01/00094.jpg",
      "transform_matrix": [
        [
          -0.075046,
          0.330158,
          -0.940938,
          4.467445
        ],
        [
          0.99715,
          0.017577,
          -0.073362,
          3.006371
        ],
        [
          -0.007682,
          -0.943762,
          -0.330536,
          1.322395
        ],
        [
          0.0,
          0.0,
          0.0,
          1.0
        ]
      ]
    },
    {
      "file_path": "/media/NFS/ttao/scannet/posed_images/scene0552_01/00097.jpg",
      "transform_matrix": [
        [
          -0.034556,
          0.344736,
          -0.938064,
          4.466999
        ],
        [
          0.999373,
          0.019205,
          -0.029757,
          2.987453
        ],
        [
          0.007758,
          -0.938503,
          -0.345183,
          1.314327
        ],
        [
          0.0,
          0.0,
          0.0,
          1.0
        ]
      ]
    },
    {
      "file_path": "/media/NFS/ttao/scannet/posed_images/scene0552_01/00100.jpg",
      "transform_matrix": [
        [
          0.007045,
          0.348819,
          -0.937163,
          4.465299
        ],
        [
          0.999945,
          0.004824,
          0.009313,
          2.972023
        ],
        [
          0.007769,
          -0.937178,
          -0.348766,
          1.321327
        ],
        [
          0.0,
          0.0,
          0.0,
          1.0
        ]
      ]
    },
    {
      "file_path": "/media/NFS/ttao/scannet/posed_images/scene0552_01/00102.jpg",
      "transform_matrix": [
        [
          0.036232,
          0.339707,
          -0.939833,
          4.469433
        ],
        [
          0.999292,
          -0.002784,
          0.037518,
          2.963272
        ],
        [
          0.010129,
          -0.940527,
          -0.339568,
          1.31661
        ],
        [
          0.0,
          0.0,
          0.0,
          1.0
        ]
      ]
    },
    {
      "file_path": "/media/NFS/ttao/scannet/posed_images/scene0552_01/00103.jpg",
      "transform_matrix": [
        [
          0.053065,
          0.338178,
          -0.939585,
          4.47129
        ],
        [
          0.998541,
          -0.008606,
          0.053297,
          2.958005
        ],
        [
          0.009938,
          -0.941043,
          -0.338141,
          1.314856
        ],
        [
          0.0,
          0.0,
          0.0,
          1.0
        ]
      ]
    },
    {
      "file_path": "/media/NFS/ttao/scannet/posed_images/scene0552_01/00105.jpg",
      "transform_matrix": [
        [
          0.086277,
          0.339456,
          -0.936657,
          4.475714
        ],
        [
          0.996235,
          -0.021414,
          0.084004,
          2.950835
        ],
        [
          0.008459,
          -0.940378,
          -0.340025,
          1.309233
        ],
        [
          0.0,
          0.0,
          0.0,
          1.0
        ]
      ]
    },
    {
      "file_path": "/media/NFS/ttao/scannet/posed_images/scene0552_01/00107.jpg",
      "transform_matrix": [
        [
          0.118926,
          0.345877,
          -0.930712,
          4.478631
        ],
        [
          0.992841,
          -0.030976,
          0.115354,
          2.945723
        ],
        [
          0.011068,
          -0.937768,
          -0.347085,
          1.302319
        ],
        [
          0.0,
          0.0,
          0.0,
          1.0
        ]
      ]
    },
    {
      "file_path": "/media/NFS/ttao/scannet/posed_images/scene0552_01/00109.jpg",
      "transform_matrix": [
        [
          0.152929,
          0.358225,
          -0.921025,
          4.482826
        ],
        [
          0.988176,
          -0.045113,
          0.146533,
          2.938684
        ],
        [
          0.010941,
          -0.932545,
          -0.360888,
          1.289416
        ],
        [
          0.0,
          0.0,
          0.0,
          1.0
        ]
      ]
    },
    {
      "file_path": "/media/NFS/ttao/scannet/posed_images/scene0552_01/00112.jpg",
      "transform_matrix": [
        [
          0.190337,
          0.399398,
          -0.896802,
          4.482723
        ],
        [
          0.981718,
          -0.078421,
          0.173435,
          2.963115
        ],
        [
          -0.001059,
          -0.913417,
          -0.407023,
          1.286018
        ],
        [
          0.0,
          0.0,
          0.0,
          1.0
        ]
      ]
    },
    {
      "file_path": "/media/NFS/ttao/scannet/posed_images/scene0552_01/00114.jpg",
      "transform_matrix": [
        [
          0.222481,
          0.417694,
          -0.880928,
          4.482163
        ],
        [
          0.974889,
          -0.104267,
          0.196772,
          2.962983
        ],
        [
          -0.009661,
          -0.902586,
          -0.430402,
          1.285365
        ],
        [
          0.0,
          0.0,
          0.0,
          1.0
        ]
      ]
    },
    {
      "file_path": "/media/NFS/ttao/scannet/posed_images/scene0552_01/00116.jpg",
      "transform_matrix": [
        [
          0.252739,
          0.427133,
          -0.868148,
          4.481929
        ],
        [
          0.967378,
          -0.127698,
          0.2188,
          2.963276
        ],
        [
          -0.017404,
          -0.895126,
          -0.445474,
          1.286893
        ],
        [
          0.0,
          0.0,
          0.0,
          1.0
        ]
      ]
    },
    {
      "file_path": "/media/NFS/ttao/scannet/posed_images/scene0552_01/00117.jpg",
      "transform_matrix": [
        [
          0.26572,
          0.426426,
          -0.864612,
          4.485906
        ],
        [
          0.963793,
          -0.138233,
          0.228024,
          2.96664
        ],
        [
          -0.022283,
          -0.893897,
          -0.447718,
          1.28702
        ],
        [
          0.0,
          0.0,
          0.0,
          1.0
        ]
      ]
    },
    {
      "file_path": "/media/NFS/ttao/scannet/posed_images/scene0552_01/00120.jpg",
      "transform_matrix": [
        [
          0.292268,
          0.422657,
          -0.85787,
          4.50086
        ],
        [
          0.95551,
          -0.166338,
          0.243581,
          2.980165
        ],
        [
          -0.039745,
          -0.890894,
          -0.452468,
          1.280311
        ],
        [
          0.0,
          0.0,
          0.0,
          1.0
        ]
      ]
    },
    {
      "file_path": "/media/NFS/ttao/scannet/posed_images/scene0552_01/00121.jpg",
      "transform_matrix": [
        [
          0.299067,
          0.422582,
          -0.855561,
          4.503897
        ],
        [
          0.953158,
          -0.174819,
          0.246835,
          2.979957
        ],
        [
          -0.04526,
          -0.889305,
          -0.45507,
          1.283715
        ],
        [
          0.0,
          0.0,
          0.0,
          1.0
        ]
      ]
    },
    {
      "file_path": "/media/NFS/ttao/scannet/posed_images/scene0552_01/00123.jpg",
      "transform_matrix": [
        [
          0.305986,
          0.415569,
          -0.856549,
          4.515299
        ],
        [
          0.950736,
          -0.180379,
          0.252119,
          2.984998
        ],
        [
          -0.049731,
          -0.891497,
          -0.45029,
          1.287326
        ],
        [
          0.0,
          0.0,
          0.0,
          1.0
        ]
      ]
    },
    {
      "file_path": "/media/NFS/ttao/scannet/posed_images/scene0552_01/00125.jpg",
      "transform_matrix": [
        [
          0.308986,
          0.410617,
          -0.857858,
          4.529865
        ],
        [
          0.949955,
          -0.176836,
          0.257515,
          2.982273
        ],
        [
          -0.04596,
          -0.894496,
          -0.444708,
          1.284752
        ],
        [
          0.0,
          0.0,
          0.0,
          1.0
        ]
      ]
    },
    {
      "file_path": "/media/NFS/ttao/scannet/posed_images/scene0552_01/00127.jpg",
      "transform_matrix": [
        [
          0.308039,
          0.414139,
          -0.856505,
          4.549781
        ],
        [
          0.950291,
          -0.176879,
          0.256244,
          2.991121
        ],
        [
          -0.045377,
          -0.892862,
          -0.448039,
          1.282442
        ],
        [
          0.0,
          0.0,
          0.0,
          1.0
        ]
      ]
    },
    {
      "file_path": "/media/NFS/ttao/scannet/posed_images/scene0552_01/00129.jpg",
      "transform_matrix": [
        [
          0.318246,
          0.416351,
          -0.851687,
          4.568467
        ],
        [
          0.94697,
          -0.181641,
          0.265054,
          2.994182
        ],
        [
          -0.044346,
          -0.890875,
          -0.452078,
          1.276719
        ],
        [
          0.0,
          0.0,
          0.0,
          1.0
        ]
      ]
    },
    {
      "file_path": "/media/NFS/ttao/scannet/posed_images/scene0552_01/00132.jpg",
      "transform_matrix": [
        [
          0.334439,
          0.43023,
          -0.838483,
          4.603194
        ],
        [
          0.941172,
          -0.198213,
          0.273693,
          3.010282
        ],
        [
          -0.048447,
          -0.88069,
          -0.47121,
          1.271426
        ],
        [
          0.0,
          0.0,
          0.0,
          1.0
        ]
      ]
    },
    {
      "file_path": "/media/NFS/ttao/scannet/posed_images/scene0552_01/00133.jpg",
      "transform_matrix": [
        [
          0.337819,
          0.433424,
          -0.835477,
          4.613474
        ],
        [
          0.939828,
          -0.203437,
          0.274475,
          3.013276
        ],
        [
          -0.051002,
          -0.877928,
          -0.476069,
          1.271244
        ],
        [
          0.0,
          0.0,
          0.0,
          1.0
        ]
      ]
    },
    {
      "file_path": "/media/NFS/ttao/scannet/posed_images/scene0552_01/00136.jpg",
      "transform_matrix": [
        [
          0.349205,
          0.447748,
          -0.823151,
          4.646127
        ],
        [
          0.935218,
          -0.221379,
          0.276329,
          3.021942
        ],
        [
          -0.058503,
          -0.866321,
          -0.496049,
          1.265624
        ],
        [
          0.0,
          0.0,
          0.0,
          1.0
        ]
      ]
    },
    {
      "file_path": "/media/NFS/ttao/scannet/posed_images/scene0552_01/00138.jpg",
      "transform_matrix": [
        [
          0.3561,
          0.447654,
          -0.820243,
          4.662512
        ],
        [
          0.9318,
          -0.236147,
          0.275653,
          3.021019
        ],
        [
          -0.070301,
          -0.862462,
          -0.501216,
          1.270075
        ],
        [
          0.0,
          0.0,
          0.0,
          1.0
        ]
      ]
    },
    {
      "file_path": "/media/NFS/ttao/scannet/posed_images/scene0552_01/00139.jpg",
      "transform_matrix": [
        [
          0.353527,
          0.444294,
          -0.823178,
          4.674454
        ],
        [
          0.932348,
          -0.238678,
          0.27159,
          3.025984
        ],
        [
          -0.075808,
          -0.863502,
          -0.498615,
          1.270635
        ],
        [
          0.0,
          0.0,
          0.0,
          1.0
        ]
      ]
    },
    {
      "file_path": "/media/NFS/ttao/scannet/posed_images/scene0552_01/00142.jpg",
      "transform_matrix": [
        [
          0.335211,
          0.434644,
          -0.835894,
          4.706706
        ],
        [
          0.937751,
          -0.239499,
          0.251524,
          3.029282
        ],
        [
          -0.090872,
          -0.868173,
          -0.48787,
          1.262783
        ],
        [
          0.0,
          0.0,
          0.0,
          1.0
        ]
      ]
    },
    {
      "file_path": "/media/NFS/ttao/scannet/posed_images/scene0552_01/00143.jpg",
      "transform_matrix": [
        [
          0.330431,
          0.434926,
          -0.837649,
          4.715425
        ],
        [
          0.93934,
          -0.238011,
          0.246964,
          3.031113
        ],
        [
          -0.091959,
          -0.868441,
          -0.48719,
          1.260597
        ],
        [
          0.0,
          0.0,
          0.0,
          1.0
        ]
      ]
    },
    {
      "file_path": "/media/NFS/ttao/scannet/posed_images/scene0552_01/00145.jpg",
      "transform_matrix": [
        [
          0.333789,
          0.436372,
          -0.835563,
          4.724883
        ],
        [
          0.938377,
          -0.238104,
          0.250512,
          3.024846
        ],
        [
          -0.089635,
          -0.86769,
          -0.488957,
          1.261693
        ],
        [
          0.0,
          0.0,
          0.0,
          1.0
        ]
      ]
    },
    {
      "file_path": "/media/NFS/ttao/scannet/posed_images/scene0552_01/00147.jpg",
      "transform_matrix": [
        [
          0.339266,
          0.428958,
          -0.837194,
          4.737863
        ],
        [
          0.93668,
          -0.236144,
          0.258587,
          3.02958
        ],
        [
          -0.086776,
          -0.871912,
          -0.481912,
          1.265453
        ],
        [
          0.0,
          0.0,
          0.0,
          1.0
        ]
      ]
    },
    {
      "file_path": "/media/NFS/ttao/scannet/posed_images/scene0552_01/00149.jpg",
      "transform_matrix": [
        [
          0.349318,
          0.414937,
          -0.840122,
          4.746535
        ],
        [
          0.933512,
          -0.231452,
          0.273835,
          3.030787
        ],
        [
          -0.080824,
          -0.879919,
          -0.468199,
          1.270093
        ],
        [
          0.0,
          0.0,
          0.0,
          1.0
        ]
      ]
    },
    {
      "file_path": "/media/NFS/ttao/scannet/posed_images/scene0552_01/00151.jpg",
      "transform_matrix": [
        [
          0.355642,
          0.399148,
          -0.845104,
          4.757272
        ],
        [
          0.931296,
          -0.227565,
          0.284433,
          3.039953
        ],
        [
          -0.078785,
          -0.888198,
          -0.452656,
          1.27262
        ],
        [
          0.0,
          0.0,
          0.0,
          1.0
        ]
      ]
    },
    {
      "file_path": "/media/NFS/ttao/scannet/posed_images/scene0552_01/00153.jpg",
      "transform_matrix": [
        [
          0.36406,
          0.381144,
          -0.849817,
          4.762444
        ],
        [
          0.92819,
          -0.223873,
          0.297227,
          3.040622
        ],
        [
          -0.076965,
          -0.897,
          -0.435278,
          1.277504
        ],
        [
          0.0,
          0.0,
          0.0,
          1.0
        ]
      ]
    },
    {
      "file_path": "/media/NFS/ttao/scannet/posed_images/scene0552_01/00156.jpg",
      "transform_matrix": [
        [
          0.376919,
          0.352438,
          -0.856574,
          4.768407
        ],
        [
          0.923062,
          -0.219537,
          0.315848,
          3.045769
        ],
        [
          -0.076733,
          -0.90972,
