{
  "frames": [
    {
      "file_path": "/media/NFS/ttao/scannet/posed_images/scene0580_01/00000.jpg",
      "transform_matrix": [
        [
          0.816183,
          -0.567139,
          0.11045,
          1.18808
        ],
        [
          -0.545995,
          -0.6945,
          0.468571,
          3.17541
        ],
        [
          -0.189037,
          -0.442745,
          -0.876494,
          2.220885
        ],
        [
          0.0,
          0.0,
          0.0,
          1.0
        ]
      ]
    },
    {
      "file_path": "/media/NFS/ttao/scannet/posed_images/scene0580_01/00019.jpg",
      "transform_matrix": [
        [
          0.809098,
          -0.532341,
          0.248946,
          1.209968
        ],
        [
          -0.571213,
          -0.612829,
          0.546037,
          3.189711
        ],
        [
          -0.138116,
          -0.583998,
          -0.799919,
          2.26698
        ],
        [
          0.0,
          0.0,
          0.0,
          1.0
        ]
      ]
    },
    {
      "file_path": "/media/NFS/ttao/scannet/posed_images/scene0580_01/00031.jpg",
      "transform_matrix": [
        [
          0.812172,
          -0.505473,
          0.291332,
          1.216325
        ],
        [
          -0.566174,
          -0.562356,
          0.602663,
          3.180071
        ],
        [
          -0.140797,
          -0.65441,
          -0.742916,
          2.294046
        ],
        [
          0.0,
          0.0,
          0.0,
          1.0
        ]
      ]
    },
    {
      "file_path": "/media/NFS/ttao/scannet/posed_images/scene0580_01/00038.jpg",
      "transform_matrix": [
        [
          0.810637,
          -0.4979,
          0.308161,
          1.218283
        ],
        [
          -0.566565,
          -0.534028,
          0.627549,
          3.18102
        ],
        [
          -0.14789,
          -0.683308,
          -0.714995,
          2.313135
        ],
        [
          0.0,
          0.0,
          0.0,
          1.0
        ]
      ]
    },
    {
      "file_path": "/media/NFS/ttao/scannet/posed_images/scene0580_01/00053.jpg",
      "transform_matrix": [
        [
          0.808275,
          -0.455426,
          0.3732,
          1.218741
        ],
        [
          -0.57373,
          -0.466674,
          0.673089,
          3.178893
        ],
        [
          -0.13238,
          -0.758157,
          -0.638493,
          2.341811
        ],
        [
          0.0,
          0.0,
          0.0,
          1.0
        ]
      ]
    },
    {
      "file_path": "/media/NFS/ttao/scannet/posed_images/scene0580_01/00061.jpg",
      "transform_matrix": [
        [
          0.809592,
          -0.432465,
          0.396906,
          1.224701
        ],
        [
          -0.571842,
          -0.428436,
          0.6996,
          3.18175
        ],
        [
          -0.132504,
          -0.793358,
          -0.59416,
          2.362247
        ],
        [
          0.0,
          0.0,
          0.0,
          1.0
        ]
      ]
    },
    {
      "file_path": "/media/NFS/ttao/scannet/posed_images/scene0580_01/00084.jpg",
      "transform_matrix": [
        [
          0.800534,
          -0.364509,
          0.475687,
          1.230286
        ],
        [
          -0.585537,
          -0.306684,
          0.750395,
          3.22923
        ],
        [
          -0.12764,
          -0.879249,
          -0.458944,
          2.404258
        ],
        [
          0.0,
          0.0,
          0.0,
          1.0
        ]
      ]
    },
    {
      "file_path": "/media/NFS/ttao/scannet/posed_images/scene0580_01/00092.jpg",
      "transform_matrix": [
        [
          0.783102,
          -0.361499,
          0.506034,
          1.250722
        ],
        [
          -0.608801,
          -0.279533,
          0.742444,
          3.278034
        ],
        [
          -0.12694,
          -0.889483,
          -0.438983,
          2.405878
        ],
        [
          0.0,
          0.0,
          0.0,
          1.0
        ]
      ]
    },
    {
      "file_path": "/media/NFS/ttao/scannet/posed_images/scene0580_01/00099.jpg",
      "transform_matrix": [
        [
          0.783344,
          -0.353386,
          0.511361,
          1.296454
        ],
        [
          -0.60706,
          -0.258114,
          0.751569,
          3.339873
        ],
        [
          -0.133605,
          -0.899164,
          -0.416718,
          2.416514
        ],
        [
          0.0,
          0.0,
          0.0,
          1.0
        ]
      ]
    },
    {
      "file_path": "/media/NFS/ttao/scannet/posed_images/scene0580_01/00122.jpg",
      "transform_matrix": [
        [
          0.775086,
          -0.352982,
          0.524066,
          1.453395
        ],
        [
          -0.615158,
          -0.232141,
          0.753453,
          3.593379
        ],
        [
          -0.144299,
          -0.906374,
          -0.397069,
          2.434136
        ],
        [
          0.0,
          0.0,
          0.0,
          1.0
        ]
      ]
    },
    {
      "file_path": "/media/NFS/ttao/scannet/posed_images/scene0580_01/00126.jpg",
      "transform_matrix": [
        [
          0.765467,
          -0.360495,
          0.533014,
          1.46046
        ],
        [
          -0.625637,
          -0.223259,
          0.747485,
          3.642619
        ],
        [
          -0.150465,
          -0.905648,
          -0.396436,
          2.426938
        ],
        [
          0.0,
          0.0,
          0.0,
          1.0
        ]
      ]
    },
    {
      "file_path": "/media/NFS/ttao/scannet/posed_images/scene0580_01/00145.jpg",
      "transform_matrix": [
        [
          0.723807,
          -0.398374,
          0.563384,
          1.500419
        ],
        [
          -0.679719,
          -0.271221,
          0.681485,
          3.892513
        ],
        [
          -0.118684,
          -0.876206,
          -0.467094,
          2.420214
        ],
        [
          0.0,
          0.0,
          0.0,
          1.0
        ]
      ]
    },
    {
      "file_path": "/media/NFS/ttao/scannet/posed_images/scene0580_01/00160.jpg",
      "transform_matrix": [
        [
          0.764365,
          -0.440738,
          0.470633,
          1.53812
        ],
        [
          -0.634807,
          -0.386494,
          0.669061,
          3.891218
        ],
        [
          -0.112984,
          -0.810168,
          -0.575206,
          2.375529
        ],
        [
          0.0,
          0.0,
          0.0,
          1.0
        ]
      ]
    },
    {
      "file_path": "/media/NFS/ttao/scannet/posed_images/scene0580_01/00172.jpg",
      "transform_matrix": [
        [
          0.759274,
          -0.442239,
          0.477418,
          1.553337
        ],
        [
          -0.642929,
          -0.396211,
          0.655484,
          3.865709
        ],
        [
          -0.100722,
          -0.804638,
          -0.585161,
          2.317532
        ],
        [
          0.0,
          0.0,
          0.0,
          1.0
        ]
      ]
    },
    {
      "file_path": "/media/NFS/ttao/scannet/posed_images/scene0580_01/00176.jpg",
      "transform_matrix": [
        [
          0.766293,
          -0.442937,
          0.465405,
          1.558775
        ],
        [
          -0.632659,
          -0.393963,
          0.666735,
          3.867572
        ],
        [
          -0.11197,
          -0.805357,
          -0.582119,
          2.278616
        ],
        [
          0.0,
          0.0,
          0.0,
          1.0
        ]
      ]
    },
    {
      "file_path": "/media/NFS/ttao/scannet/posed_images/scene0580_01/00191.jpg",
      "transform_matrix": [
        [
          0.805746,
          -0.312541,
          0.503083,
          1.586579
        ],
        [
          -0.575763,
          -0.214255,
          0.789045,
          3.907371
        ],
        [
          -0.13882,
          -0.925426,
          -0.352585,
          2.054592
        ],
        [
          0.0,
          0.0,
          0.0,
          1.0
        ]
      ]
    },
    {
      "file_path": "/media/NFS/ttao/scannet/posed_images/scene0580_01/00203.jpg",
      "transform_matrix": [
        [
          0.817498,
          -0.257843,
          0.514989,
          1.59657
        ],
        [
          -0.563811,
          -0.175802,
          0.806977,
          3.901585
        ],
        [
          -0.117537,
          -0.950058,
          -0.289093,
          2.005478
        ],
        [
          0.0,
          0.0,
          0.0,
          1.0
        ]
      ]
    },
    {
      "file_path": "/media/NFS/ttao/scannet/posed_images/scene0580_01/00214.jpg",
      "transform_matrix": [
        [
          0.814497,
          -0.265562,
          0.515822,
          1.602782
        ],
        [
          -0.556638,
          -0.10706,
          0.823828,
          3.887515
        ],
        [
          -0.163554,
          -0.958131,
          -0.235022,
          1.932889
        ],
        [
          0.0,
          0.0,
          0.0,
          1.0
        ]
      ]
    },
    {
      "file_path": "/media/NFS/ttao/scannet/posed_images/scene0580_01/00237.jpg",
      "transform_matrix": [
        [
          0.804352,
          -0.492133,
          0.332901,
          1.586888
        ],
        [
          -0.579563,
          -0.526477,
          0.622036,
          3.825624
        ],
        [
          -0.130859,
          -0.693273,
          -0.708695,
          2.080889
        ],
        [
          0.0,
          0.0,
          0.0,
          1.0
        ]
      ]
    },
    {
      "file_path": "/media/NFS/ttao/scannet/posed_images/scene0580_01/00241.jpg",
      "transform_matrix": [
        [
          0.807763,
          -0.488347,
          0.330208,
          1.569647
        ],
        [
          -0.579564,
          -0.555413,
          0.59634,
          3.808426
        ],
        [
          -0.107819,
          -0.673078,
          -0.73167,
          2.083451
        ],
        [
          0.0,
          0.0,
          0.0,
          1.0
        ]
      ]
    },
    {
      "file_path": "/media/NFS/ttao/scannet/posed_images/scene0580_01/00252.jpg",
      "transform_matrix": [
        [
          0.788744,
          -0.56164,
          0.249887,
          1.529955
        ],
        [
          -0.602925,
          -0.62755,
          0.492607,
          3.821513
        ],
        [
          -0.119851,
          -0.539204,
          -0.833603,
          2.101701
        ],
        [
          0.0,
          0.0,
          0.0,
          1.0
        ]
      ]
    },
    {
      "file_path": "/media/NFS/ttao/scannet/posed_images/scene0580_01/00271.jpg",
      "transform_matrix": [
        [
          0.80701,
          -0.58565,
          0.075828,
          1.614709
        ],
        [
          -0.570204,
          -0.739366,
          0.358056,
          3.945162
        ],
        [
          -0.153631,
          -0.332193,
          -0.930616,
          2.186703
        ],
        [
          0.0,
          0.0,
          0.0,
          1.0
        ]
      ]
    },
    {
      "file_path": "/media/NFS/ttao/scannet/posed_images/scene0580_01/00287.jpg",
      "transform_matrix": [
        [
          0.84091,
          -0.540402,
          0.028919,
          1.749466
        ],
        [
          -0.500492,
          -0.756255,
          0.421409,
          4.010291
        ],
        [
          -0.20586,
          -0.368841,
          -0.906409,
          2.290808
        ],
        [
          0.0,
          0.0,
          0.0,
          1.0
        ]
      ]
    },
    {
      "file_path": "/media/NFS/ttao/scannet/posed_images/scene0580_01/00294.jpg",
      "transform_matrix": [
        [
          0.819008,
          -0.573314,
          0.023172,
          1.769297
        ],
        [
          -0.529908,
          -0.740277,
          0.413748,
          4.030577
        ],
        [
          -0.220054,
          -0.351142,
          -0.910097,
          2.29811
        ],
        [
          0.0,
          0.0,
          0.0,
          1.0
        ]
      ]
    },
    {
      "file_path": "/media/NFS/ttao/scannet/posed_images/scene0580_01/00313.jpg",
      "transform_matrix": [
        [
          0.70109,
          -0.682866,
          0.205345,
          1.784363
        ],
        [
          -0.700527,
          -0.6058,
          0.377183,
          3.997724
        ],
        [
          -0.133168,
          -0.408289,
          -0.903087,
          2.288645
        ],
        [
          0.0,
          0.0,
          0.0,
          1.0
        ]
      ]
    },
    {
      "file_path": "/media/NFS/ttao/scannet/posed_images/scene0580_01/00317.jpg",
      "transform_matrix": [
        [
          0.67701,
          -0.695131,
          0.241763,
          1.796797
        ],
        [
          -0.72333,
          -0.567828,
          0.392894,
          3.97576
        ],
        [
          -0.135833,
          -0.440868,
          -0.887235,
          2.294016
        ],
        [
          0.0,
          0.0,
          0.0,
          1.0
        ]
      ]
    },
    {
      "file_path": "/media/NFS/ttao/scannet/posed_images/scene0580_01/00336.jpg",
      "transform_matrix": [
        [
          0.602215,
          -0.575431,
          0.553367,
          1.830037
        ],
        [
          -0.785736,
          -0.30457,
          0.538382,
          3.831912
        ],
        [
          -0.141263,
          -0.759023,
          -0.635554,
          2.364967
        ],
        [
          0.0,
          0.0,
          0.0,
          1.0
        ]
      ]
    },
    {
      "file_path": "/media/NFS/ttao/scannet/posed_images/scene0580_01/00348.jpg",
      "transform_matrix": [
        [
          0.513305,
          -0.508258,
          0.691513,
          1.819337
        ],
        [
          -0.842904,
          -0.147097,
          0.517566,
          3.801351
        ],
        [
          -0.161337,
          -0.848549,
          -0.503919,
          2.368517
        ],
        [
          0.0,
          0.0,
          0.0,
          1.0
        ]
      ]
    },
    {
      "file_path": "/media/NFS/ttao/scannet/posed_images/scene0580_01/00359.jpg",
      "transform_matrix": [
        [
          0.428961,
          -0.553994,
          0.713501,
          1.800482
        ],
        [
          -0.894362,
          -0.149485,
          0.421629,
          3.781849
        ],
        [
          -0.126923,
          -0.81899,
          -0.559594,
          2.350297
        ],
        [
          0.0,
          0.0,
          0.0,
          1.0
        ]
      ]
    },
    {
      "file_path": "/media/NFS/ttao/scannet/posed_images/scene0580_01/00367.jpg",
      "transform_matrix": [
        [
          0.414778,
          -0.559504,
          0.717575,
          1.773576
        ],
        [
          -0.901009,
          -0.142431,
          0.409752,
          3.718183
        ],
        [
          -0.127053,
          -0.816498,
          -0.563195,
          2.353723
        ],
        [
          0.0,
          0.0,
          0.0,
          1.0
        ]
      ]
    },
    {
      "file_path": "/media/NFS/ttao/scannet/posed_images/scene0580_01/00386.jpg",
      "transform_matrix": [
        [
          0.486643,
          -0.530836,
          0.693824,
          1.680812
        ],
        [
          -0.865439,
          -0.184627,
          0.465756,
          3.450229
        ],
        [
          -0.119141,
          -0.827119,
          -0.549254,
          2.351009
        ],
        [
          0.0,
          0.0,
          0.0,
          1.0
        ]
      ]
    },
    {
      "file_path": "/media/NFS/ttao/scannet/posed_images/scene0580_01/00394.jpg",
      "transform_matrix": [
        [
          0.487604,
          -0.522975,
          0.699098,
          1.690819
        ],
        [
          -0.862984,
          -0.167377,
          0.476701,
          3.402614
        ],
        [
          -0.13229,
          -0.835752,
          -0.532933,
          2.346191
        ],
        [
          0.0,
          0.0,
          0.0,
          1.0
        ]
      ]
    },
    {
      "file_path": "/media/NFS/ttao/scannet/posed_images/scene0580_01/00405.jpg",
      "transform_matrix": [
        [
          0.540863,
          -0.551365,
          0.635189,
          1.716797
        ],
        [
          -0.825397,
          -0.20263,
          0.526935,
          3.281005
        ],
        [
          -0.161826,
          -0.809282,
          -0.56469,
          2.330972
        ],
        [
          0.0,
          0.0,
          0.0,
          1.0
        ]
      ]
    },
    {
      "file_path": "/media/NFS/ttao/scannet/posed_images/scene0580_01/00416.jpg",
      "transform_matrix": [
        [
          0.630411,
          -0.520123,
          0.576241,
          1.765242
        ],
        [
          -0.753704,
          -0.232468,
          0.614727,
          3.109482
        ],
        [
          -0.185776,
          -0.821846,
          -0.538569,
          2.343615
        ],
        [
          0.0,
          0.0,
          0.0,
          1.0
        ]
      ]
    },
    {
      "file_path": "/media/NFS/ttao/scannet/posed_images/scene0580_01/00432.jpg",
      "transform_matrix": [
        [
          0.711107,
          -0.474796,
          0.518552,
          1.859689
        ],
        [
          -0.674652,
          -0.253178,
          0.693358,
          3.012452
        ],
        [
          -0.197917,
          -0.842894,
          -0.500359,
          2.318019
        ],
        [
          0.0,
          0.0,
          0.0,
          1.0
        ]
      ]
    },
    {
      "file_path": "/media/NFS/ttao/scannet/posed_images/scene0580_01/00451.jpg",
      "transform_matrix": [
        [
          0.801414,
          -0.404378,
          0.440697,
          2.101774
        ],
        [
          -0.574458,
          -0.315246,
          0.755393,
          2.910345
        ],
        [
          -0.166537,
          -0.858544,
          -0.48494,
          2.290329
        ],
        [
          0.0,
          0.0,
          0.0,
          1.0
        ]
      ]
    },
    {
      "file_path": "/media/NFS/ttao/scannet/posed_images/scene0580_01/00466.jpg",
      "transform_matrix": [
        [
          0.890307,
          -0.336309,
          0.307001,
          2.261126
        ],
        [
          -0.425552,
          -0.374578,
          0.82377,
          2.728779
        ],
        [
          -0.162045,
          -0.864053,
          -0.476607,
          2.277059
        ],
        [
          0.0,
          0.0,
          0.0,
          1.0
        ]
      ]
    },
    {
      "file_path": "/media/NFS/ttao/scannet/posed_images/scene0580_01/00474.jpg",
      "transform_matrix": [
        [
          0.916947,
          -0.322416,
          0.235064,
          2.359138
        ],
        [
          -0.350286,
          -0.368353,
          0.861171,
          2.658902
        ],
        [
          -0.191069,
          -0.871989,
          -0.450698,
          2.260762
        ],
        [
          0.0,
          0.0,
          0.0,
          1.0
        ]
      ]
    },
    {
      "file_path": "/media/NFS/ttao/scannet/posed_images/scene0580_01/00481.jpg",
      "transform_matrix": [
        [
          0.932299,
          -0.295757,
          0.208199,
          2.445764
        ],
        [
          -0.314447,
          -0.378339,
          0.870622,
          2.638625
        ],
        [
          -0.178723,
          -0.877147,
          -0.445725,
          2.230956
        ],
        [
          0.0,
          0.0,
          0.0,
          1.0
        ]
      ]
    },
    {
      "file_path": "/media/NFS/ttao/scannet/posed_images/scene0580_01/00497.jpg",
      "transform_matrix": [
        [
          0.969015,
          -0.225538,
          0.100711,
          2.629065
        ],
        [
          -0.19266,
          -0.434991,
          0.879582,
          2.635444
        ],
        [
          -0.154571,
          -0.871731,
          -0.464965,
          2.197023
        ],
        [
          0.0,
          0.0,
          0.0,
          1.0
        ]
      ]
    },
    {
      "file_path": "/media/NFS/ttao/scannet/posed_images/scene0580_01/00512.jpg",
      "transform_matrix": [
        [
          0.977162,
          -0.205754,
          0.0531,
          2.83864
        ],
        [
          -0.140162,
          -0.436266,
          0.888834,
          2.615684
        ],
        [
          -0.159715,
          -0.875978,
          -0.455142,
          2.164386
        ],
        [
          0.0,
          0.0,
          0.0,
          1.0
        ]
      ]
    },
    {
      "file_path": "/media/NFS/ttao/scannet/posed_images/scene0580_01/00520.jpg",
      "transform_matrix": [
        [
          0.976746,
          -0.213346,
          0.021241,
          2.92379
        ],
        [
          -0.114082,
          -0.433283,
          0.894009,
          2.635182
        ],
        [
          -0.18153,
          -0.875642,
          -0.447546,
          2.162473
        ],
        [
          0.0,
          0.0,
          0.0,
          1.0
        ]
      ]
    },
    {
      "file_path": "/media/NFS/ttao/scannet/posed_images/scene0580_01/00535.jpg",
      "transform_matrix": [
        [
          0.943836,
          -0.289032,
          0.160106,
          2.97757
        ],
        [
          -0.289179,
          -0.488178,
          0.823443,
          2.764129
        ],
        [
          -0.159841,
          -0.823494,
          -0.544342,
          2.148991
        ],
        [
          0.0,
          0.0,
          0.0,
          1.0
        ]
      ]
    },
    {
      "file_path": "/media/NFS/ttao/scannet/posed_images/scene0580_01/00554.jpg",
      "transform_matrix": [
        [
          0.948003,
          -0.311308,
          0.066163,
          2.964936
        ],
        [
          -0.263888,
          -0.652658,
          0.710212,
          2.814265
        ],
        [
          -0.177913,
          -0.690742,
          -0.700872,
          2.101156
        ],
        [
          0.0,
          0.0,
          0.0,
          1.0
        ]
      ]
    },
    {
      "file_path": "/media/NFS/ttao/scannet/posed_images/scene0580_01/00566.jpg",
      "transform_matrix": [
        [
          0.97426,
          -0.180761,
          -0.134697,
          2.918674
        ],
        [
          -0.03537,
          -0.712688,
          0.700589,
          2.727294
        ],
        [
          -0.222636,
          -0.677791,
          -0.700737,
          2.101221
        ],
        [
          0.0,
          0.0,
          0.0,
          1.0
        ]
      ]
    },
    {
      "file_path": "/media/NFS/ttao/scannet/posed_images/scene0580_01/00573.jpg",
      "transform_matrix": [
        [
          0.974413,
          -0.106461,
          -0.197953,
          2.877221
        ],
        [
          0.059976,
          -0.725623,
          0.685474,
          2.682247
        ],
        [
          -0.216615,
          -0.679807,
          -0.700671,
          2.106574
        ],
        [
          0.0,
          0.0,
          0.0,
          1.0
        ]
      ]
    },
    {
      "file_path": "/media/NFS/ttao/scannet/posed_images/scene0580_01/00588.jpg",
      "transform_matrix": [
        [
          0.978692,
          0.015764,
          -0.204728,
          2.731586
        ],
        [
          0.147408,
          -0.748042,
          0.647074,
          2.581623
        ],
        [
          -0.142945,
          -0.663464,
          -0.734426,
          2.109467
        ],
        [
          0.0,
          0.0,
          0.0,
          1.0
        ]
      ]
    },
    {
      "file_path": "/media/NFS/ttao/scannet/posed_images/scene0580_01/00600.jpg",
      "transform_matrix": [
        [
          0.960743,
          0.105832,
          -0.256461,
          2.660433
        ],
        [
          0.239621,
          -0.782445,
          0.574771,
          2.508034
        ],
        [
          -0.139838,
          -0.61366,
          -0.777089,
          2.126299
        ],
        [
          0.0,
          0.0,
          0.0,
          1.0
        ]
      ]
    },
    {
      "file_path": "/media/NFS/ttao/scannet/posed_images/scene0580_01/00619.jpg",
      "transform_matrix": [
        [
          0.866686,
          0.287634,
          -0.40758,
          2.668346
        ],
        [
          0.455111,
          -0.790474,
          0.409908,
          2.411544
        ],
        [
          -0.204278,
          -0.540756,
          -0.815999,
          2.111578
        ],
        [
          0.0,
          0.0,
          0.0,
          1.0
        ]
      ]
    },
    {
      "file_path": "/media/NFS/ttao/scannet/posed_images/scene0580_01/00630.jpg",
      "transform_matrix": [
        [
          0.886861,
          0.311581,
          -0.341167,
          2.639746
        ],
        [
          0.43698,
          -0.805494,
          0.400285,
          2.36045
        ],
        [
          -0.150086,
          -0.504081,
          -0.850516,
          2.116061
        ],
        [
          0.0,
          0.0,
          0.0,
          1.0
        ]
      ]
    },
    {
      "file_path": "/media/NFS/ttao/scannet/posed_images/scene0580_01/00634.jpg",
      "transform_matrix": [
        [
          0.909992,
          0.27981,
          -0.305974,
          2.620024
        ],
        [
          0.392579,
          -0.818883,
          0.418703,
          2.340115
        ],
        [
          -0.1334,
          -0.501136,
          -0.855025,
          2.119975
        ],
        [
          0.0,
          0.0,
          0.0,
          1.0
        ]
      ]
    },
    {
      "file_path": "/media/NFS/ttao/scannet/posed_images/scene0580_01/00657.jpg",
      "transform_matrix": [
        [
          0.971834,
          0.088188,
          -0.218542,
          2.510414
        ],
        [
          0.177123,
          -0.885037,
          0.430508,
          2.351616
        ],
        [
          -0.155452,
          -0.457091,
          -0.87573,
          2.154314
        ],
        [
          0.0,
          0.0,
          0.0,
          1.0
        ]
      ]
    },
    {
      "file_path": "/media/NFS/ttao/scannet/posed_images/scene0580_01/00661.jpg",
      "transform_matrix": [
        [
          0.98123,
          0.052061,
          -0.185678,
          2.467317
        ],
        [
          0.125682,
          -0.902926,
          0.41101,
          2.382731
        ],
        [
          -0.146256,
          -0.426632,
          -0.892521,
          2.158522
        ],
        [
          0.0,
          0.0,
          0.0,
          1.0
        ]
      ]
    },
    {
      "file_path": "/media/NFS/ttao/scannet/posed_images/scene0580_01/00676.jpg",
      "transform_matrix": [
        [
          0.983031,
          -0.175218,
          -0.054302,
          2.322256
        ],
        [
          -0.139271,
          -0.905547,
          0.400734,
          2.487476
        ],
        [
          -0.119388,
          -0.386371,
          -0.914584,
          2.182909
        ],
        [
          0.0,
          0.0,
          0.0,
          1.0
        ]
      ]
    },
    {
      "file_path": "/media/NFS/ttao/scannet/posed_images/scene0580_01/00695.jpg",
      "transform_matrix": [
        [
          0.903215,
          -0.42618,
          0.050738,
          2.235039
        ],
        [
          -0.410562,
          -0.823506,
          0.391505,
          2.609978
        ],
        [
          -0.125069,
          -0.374444,
          -0.918776,
          2.188704
        ],
        [
          0.0,
          0.0,
          0.0,
          1.0
        ]
      ]
    },
    {
      "file_path": "/media/NFS/ttao/scannet/posed_images/scene0580_01/00703.jpg",
      "transform_matrix": [
        [
          0.79609,
          -0.595415,
          0.108268,
          2.183387
        ],
        [
          -0.595168,
          -0.737884,
          0.318282,
          2.673843
        ],
        [
          -0.109621,
          -0.317818,
          -0.941793,
          2.197703
        ],
        [
          0.0,
          0.0,
          0.0,
          1.0
        ]
      ]
    },
    {
      "file_path": "/media/NFS/ttao/scannet/posed_images/scene0580_01/00715.jpg",
      "transform_matrix": [
        [
          0.717591,
          -0.683367,
          0.134437,
          2.162171
        ],
        [
          -0.686793,
          -0.66226,
          0.299544,
          2.691153
        ],
        [
          -0.115666,
          -0.30728,
          -0.944564,
          2.202379
        ],
        [
          0.0,
          0.0,
          0.0,
          1.0
        ]
      ]
    },
    {
      "file_path": "/media/NFS/ttao/scannet/posed_images/scene0580_01/00734.jpg",
      "transform_matrix": [
        [
          0.352828,
          -0.906891,
          0.230349,
          2.063178
        ],
        [
          -0.932503,
          -0.320511,
          0.166463,
          2.817791
        ],
        [
          -0.077135,
          -0.273534,
          -0.958764,
          2.20792
        ],
        [
          0.0,
          0.0,
          0.0,
          1.0
        ]
      ]
    },
    {
      "file_path": "/media/NFS/ttao/scannet/posed_images/scene0580_01/00737.jpg",
      "transform_matrix": [
        [
          0.312998,
          -0.918408,
          0.24199,
          2.054903
        ],
        [
          -0.946336,
          -0.279983,
          0.161424,
          2.820558
        ],
        [
          -0.080499,
          -0.279529,
          -0.956757,
          2.212972
        ],
        [
          0.0,
          0.0,
          0.0,
          1.0
        ]
      ]
    },
    {
      "file_path": "/media/NFS/ttao/scannet/posed_images/scene0580_01/00753.jpg",
      "transform_matrix": [
        [
          0.334153,
          -0.913352,
          0.232659,
          1.931868
        ],
        [
          -0.920404,
          -0.263056,
          0.289235,
          2.906973
        ],
        [
          -0.202971,
          -0.310789,
          -0.928554,
          2.228622
        ],
        [
          0.0,
          0.0,
          0.0,
          1.0
        ]
      ]
    },
    {
      "file_path": "/media/NFS/ttao/scannet/posed_images/scene0580_01/00764.jpg",
      "transform_matrix": [
        [
          0.246703,
          -0.935424,
          0.253219,
          1.816114
        ],
        [
          -0.952666,
          -0.186191,
          0.240335,
          3.013979
        ],
        [
          -0.177668,
          -0.300525,
          -0.93708,
          2.232579
        ],
        [
          0.0,
          0.0,
          0.0,
          1.0
        ]
      ]
    },
    {
      "file_path": "/media/NFS/ttao/scannet/posed_images/scene0580_01/00776.jpg",
      "transform_matrix": [
        [
          0.137986,
          -0.908057,
          0.395464,
          1.73734
        ],
        [
          -0.976313,
          -0.05752,
          0.208578,
          3.003418
        ],
        [
          -0.166654,
          -0.414878,
          -0.894485,
          2.2277
        ],
        [
          0.0,
          0.0,
          0.0,
          1.0
        ]
      ]
    },
    {
      "file_path": "/media/NFS/ttao/scannet/posed_images/scene0580_01/00787.jpg",
      "transform_matrix": [
        [
          0.143642,
          -0.882914,
          0.447024,
          1.662806
        ],
        [
          -0.980299,
          -0.065063,
          0.186493,
          3.04597
        ],
        [
          -0.135573,
          -0.465006,
          -0.874865,
          2.199427
        ],
        [
          0.0,
          0.0,
          0.0,
          1.0
        ]
      ]
    },
    {
      "file_path": "/media/NFS/ttao/scannet/posed_images/scene0580_01/00802.jpg",
      "transform_matrix": [
        [
          -0.044226,
          -0.779154,
          0.62527,
          1.54476
        ],
        [
          -0.98923,
          0.121569,
          0.081519,
          3.272447
        ],
        [
          -0.13953,
          -0.614931,
          -0.776139,
          2.147779
        ],
        [
          0.0,
          0.0,
          0.0,
          1.0
        ]
      ]
    },
    {
      "file_path": "/media/NFS/ttao/scannet/posed_images/scene0580_01/00818.jpg",
      "transform_matrix": [
        [
          -0.212903,
          -0.759139,
          0.615127,
          1.492568
        ],
        [
          -0.975627,
          0.199415,
          -0.091576,
          3.429876
        ],
        [
          -0.053147,
          -0.619631,
          -0.783092,
          2.048692
        ],
        [
          0.0,
          0.0,
          0.0,
          1.0
        ]
      ]
    },
    {
      "file_path": "/media/NFS/ttao/scannet/posed_images/scene0580_01/00829.jpg",
      "transform_matrix": [
        [
          -0.166582,
          -0.755794,
          0.633265,
          1.464811
        ],
        [
          -0.983773,
          0.170797,
          -0.054941,
          3.486743
        ],
        [
          -0.066636,
          -0.632142,
          -0.771982,
          2.016867
        ],
        [
          0.0,
          0.0,
          0.0,
          1.0
        ]
      ]
    },
    {
      "file_path": "/media/NFS/ttao/scannet/posed_images/scene0580_01/00837.jpg",
      "transform_matrix": [
        [
          -0.19078,
          -0.740676,
          0.644207,
          1.476441
        ],
        [
          -0.979319,
          0.188641,
          -0.073133,
          3.529699
        ],
        [
          -0.067356,
          -0.644836,
          -0.761347,
          2.002221
        ],
        [
          0.0,
          0.0,
          0.0,
          1.0
        ]
      ]
    },
    {
      "file_path": "/media/NFS/ttao/scannet/posed_images/scene0580_01/00860.jpg",
      "transform_matrix": [
        [
          -0.284892,
          -0.590565,
          0.75503,
          1.543771
        ],
        [
          -0.952107,
          0.265577,
          -0.151527,
          3.560839
        ],
        [
          -0.111032,
          -0.762038,
          -0.637942,
          2.090754
        ],
        [
          0.0,
          0.0,
          0.0,
          1.0
        ]
      ]
    },
    {
      "file_path": "/media/NFS/ttao/scannet/posed_images/scene0580_01/00867.jpg",
      "transform_matrix": [
        [
          -0.374784,
          -0.582895,
          0.720951,
          1.547949
        ],
        [
          -0.922778,
          0.309636,
          -0.22936,
          3.503215
        ],
        [
          -0.089539,
          -0.751239,
          -0.653929,
          2.099133
        ],
        [
          0.0,
          0.0,
          0.0,
          1.0
        ]
      ]
    },
    {
      "file_path": "/media/NFS/ttao/scannet/posed_images/scene0580_01/00879.jpg",
      "transform_matrix": [
        [
          -0.506378,
          -0.609389,
          0.610103,
          1.533002
        ],
        [
          -0.862024,
          0.33946,
          -0.376406,
          3.41532
        ],
        [
          0.022272,
          -0.716527,
          -0.697203,
          2.111704
        ],
        [
          0.0,
          0.0,
          0.0,
          1.0
        ]
      ]
    },
    {
      "file_path": "/media/NFS/ttao/scannet/posed_images/scene0580_01/00894.jpg",
      "transform_matrix": [
        [
          -0.610433,
          -0.615554,
          0.498462,
          1.50854
        ],
        [
          -0.790696,
          0.436559,
          -0.429204,
          3.347816
        ],
        [
          0.04659,
          -0.656132,
          -0.753207,
          2.157734
        ],
        [
          0.0,
          0.0,
          0.0,
          1.0
        ]
      ]
    },
    {
      "file_path": "/media/NFS/ttao/scannet/posed_images/scene0580_01/00902.jpg",
      "transform_matrix": [
        [
          -0.658428,
          -0.583422,
          0.475491,
          1.478602
        ],
        [
          -0.748588,
          0.442141,
          -0.494093,
          3.300484
        ],
        [
          0.078031,
          -0.681271,
          -0.72786,
          2.172391
        ],
        [
          0.0,
          0.0,
          0.0,
          1.0
        ]
      ]
    },
    {
      "file_path": "/media/NFS/ttao/scannet/posed_images/scene0580_01/00925.jpg",
      "transform_matrix": [
        [
          -0.778135,
          -0.578127,
          0.24551,
          1.388186
        ],
        [
          -0.620455,
          0.646724,
          -0.443603,
          3.152899
        ],
        [
          0.097681,
          -0.497511,
          -0.86194,
          2.110182
        ],
        [
          0.0,
          0.0,
          0.0,
          1.0
        ]
      ]
    },
    {
      "file_path": "/media/NFS/ttao/scannet/posed_images/scene0580_01/00932.jpg",
      "transform_matrix": [
        [
          -0.796952,
          -0.570683,
          0.197963,
          1.355751
        ],
        [
          -0.594066,
          0.681183,
          -0.427873,
          3.112949
        ],
        [
          0.109331,
          -0.458597,
          -0.881893,
          2.107411
        ],
        [
          0.0,
          0.0,
          0.0,
          1.0
        ]
      ]
    },
    {
      "file_path": "/media/NFS/ttao/scannet/posed_images/scene0580_01/00940.jpg",
      "transform_matrix": [
        [
          -0.855449,
          -0.489764,
          0.168339,
          1.322152
        ],
        [
          -0.508681,
          0.733598,
          -0.45064,
          3.06117
        ],
        [
          0.097214,
          -0.471131,
          -0.87669,
          2.116953
        ],
        [
          0.0,
          0.0,
          0.0,
          1.0
        ]
      ]
    },
    {
      "file_path": "/media/NFS/ttao/scannet/posed_images/scene0580_01/00963.jpg",
      "transform_matrix": [
        [
          -0.971083,
          -0.238569,
          0.009058,
          1.232159
        ],
        [
          -0.207822,
          0.826039,
          -0.523898,
          2.96297
        ],
        [
          0.117504,
          -0.510631,
          -0.851733,
          2.162343
        ],
        [
          0.0,
          0.0,
          0.0,
          1.0
        ]
      ]
    },
    {
      "file_path": "/media/NFS/ttao/scannet/posed_images/scene0580_01/00971.jpg",
      "transform_matrix": [
        [
          -0.984097,
          -0.171385,
          -0.046686,
          1.229985
        ],
        [
          -0.120858,
          0.838644,
          -0.531103,
          2.973367
        ],
        [
          0.130176,
          -0.517015,
          -0.84602,
          2.176916
        ],
        [
          0.0,
          0.0,
          0.0,
          1.0
        ]
      ]
    },
    {
      "file_path": "/media/NFS/ttao/scannet/posed_images/scene0580_01/00986.jpg",
      "transform_matrix": [
        [
          -0.989092,
          -0.107238,
          -0.100977,
          1.231256
        ],
        [
          -0.034266,
          0.834244,
          -0.550329,
          3.010788
        ],
        [
          0.143256,
