{
  "frames": [
    {
      "file_path": "/media/NFS/ttao/scannet/posed_images/scene0674_00/00002.jpg",
      "transform_matrix": [
        [
          -0.81215,
          -0.2741,
          0.515055,
          2.955011
        ],
        [
          -0.583399,
          0.393095,
          -0.710719,
          4.338876
        ],
        [
          -0.007657,
          -0.877693,
          -0.479162,
          1.968831
        ],
        [
          0.0,
          0.0,
          0.0,
          1.0
        ]
      ]
    },
    {
      "file_path": "/media/NFS/ttao/scannet/posed_images/scene0674_00/00011.jpg",
      "transform_matrix": [
        [
          -0.807885,
          -0.278331,
          0.519474,
          2.920042
        ],
        [
          -0.588943,
          0.413618,
          -0.69431,
          4.312508
        ],
        [
          -0.021616,
          -0.866863,
          -0.498077,
          1.982456
        ],
        [
          0.0,
          0.0,
          0.0,
          1.0
        ]
      ]
    },
    {
      "file_path": "/media/NFS/ttao/scannet/posed_images/scene0674_00/00013.jpg",
      "transform_matrix": [
        [
          -0.807382,
          -0.277581,
          0.520656,
          2.918289
        ],
        [
          -0.589758,
          0.406421,
          -0.69786,
          4.312969
        ],
        [
          -0.017893,
          -0.870501,
          -0.491842,
          1.985577
        ],
        [
          0.0,
          0.0,
          0.0,
          1.0
        ]
      ]
    },
    {
      "file_path": "/media/NFS/ttao/scannet/posed_images/scene0674_00/00022.jpg",
      "transform_matrix": [
        [
          -0.806876,
          -0.262252,
          0.529316,
          2.913708
        ],
        [
          -0.590685,
          0.368153,
          -0.718022,
          4.316047
        ],
        [
          -0.006567,
          -0.892013,
          -0.451962,
          2.007146
        ],
        [
          0.0,
          0.0,
          0.0,
          1.0
        ]
      ]
    },
    {
      "file_path": "/media/NFS/ttao/scannet/posed_images/scene0674_00/00029.jpg",
      "transform_matrix": [
        [
          -0.818872,
          -0.239539,
          0.521603,
          2.916775
        ],
        [
          -0.573969,
          0.336996,
          -0.74632,
          4.321616
        ],
        [
          0.002994,
          -0.910524,
          -0.413444,
          2.036314
        ],
        [
          0.0,
          0.0,
          0.0,
          1.0
        ]
      ]
    },
    {
      "file_path": "/media/NFS/ttao/scannet/posed_images/scene0674_00/00036.jpg",
      "transform_matrix": [
        [
          -0.826814,
          -0.191213,
          0.528977,
          2.910773
        ],
        [
          -0.562417,
          0.294631,
          -0.77258,
          4.316564
        ],
        [
          -0.008126,
          -0.936285,
          -0.351147,
          2.069074
        ],
        [
          0.0,
          0.0,
          0.0,
          1.0
        ]
      ]
    },
    {
      "file_path": "/media/NFS/ttao/scannet/posed_images/scene0674_00/00049.jpg",
      "transform_matrix": [
        [
          -0.835679,
          -0.139502,
          0.531205,
          2.89966
        ],
        [
          -0.549217,
          0.213191,
          -0.808028,
          4.310705
        ],
        [
          -0.000526,
          -0.967,
          -0.254777,
          2.093713
        ],
        [
          0.0,
          0.0,
          0.0,
          1.0
        ]
      ]
    },
    {
      "file_path": "/media/NFS/ttao/scannet/posed_images/scene0674_00/00055.jpg",
      "transform_matrix": [
        [
          -0.845447,
          -0.121866,
          0.519969,
          2.883394
        ],
        [
          -0.534036,
          0.183706,
          -0.825263,
          4.310735
        ],
        [
          0.00505,
          -0.975398,
          -0.220394,
          2.079014
        ],
        [
          0.0,
          0.0,
          0.0,
          1.0
        ]
      ]
    },
    {
      "file_path": "/media/NFS/ttao/scannet/posed_images/scene0674_00/00058.jpg",
      "transform_matrix": [
        [
          -0.851769,
          -0.12058,
          0.509853,
          2.883911
        ],
        [
          -0.52382,
          0.177131,
          -0.833209,
          4.307311
        ],
        [
          0.010158,
          -0.976773,
          -0.214037,
          2.090562
        ],
        [
          0.0,
          0.0,
          0.0,
          1.0
        ]
      ]
    },
    {
      "file_path": "/media/NFS/ttao/scannet/posed_images/scene0674_00/00067.jpg",
      "transform_matrix": [
        [
          -0.87706,
          -0.096498,
          0.470589,
          2.860651
        ],
        [
          -0.480231,
          0.151614,
          -0.86394,
          4.281795
        ],
        [
          0.01202,
          -0.983718,
          -0.179316,
          2.072745
        ],
        [
          0.0,
          0.0,
          0.0,
          1.0
        ]
      ]
    },
    {
      "file_path": "/media/NFS/ttao/scannet/posed_images/scene0674_00/00078.jpg",
      "transform_matrix": [
        [
          -0.915726,
          -0.084539,
          0.392809,
          2.812315
        ],
        [
          -0.400972,
          0.129411,
          -0.906904,
          4.236678
        ],
        [
          0.025835,
          -0.987981,
          -0.152403,
          2.079772
        ],
        [
          0.0,
          0.0,
          0.0,
          1.0
        ]
      ]
    },
    {
      "file_path": "/media/NFS/ttao/scannet/posed_images/scene0674_00/00082.jpg",
      "transform_matrix": [
        [
          -0.926421,
          -0.070278,
          0.369871,
          2.777827
        ],
        [
          -0.375448,
          0.099443,
          -0.921493,
          4.234946
        ],
        [
          0.02798,
          -0.992558,
          -0.118512,
          2.030644
        ],
        [
          0.0,
          0.0,
          0.0,
          1.0
        ]
      ]
    },
    {
      "file_path": "/media/NFS/ttao/scannet/posed_images/scene0674_00/00089.jpg",
      "transform_matrix": [
        [
          -0.952759,
          -0.063784,
          0.296954,
          2.793761
        ],
        [
          -0.30214,
          0.099202,
          -0.948088,
          4.244666
        ],
        [
          0.031015,
          -0.993021,
          -0.113787,
          2.037134
        ],
        [
          0.0,
          0.0,
          0.0,
          1.0
        ]
      ]
    },
    {
      "file_path": "/media/NFS/ttao/scannet/posed_images/scene0674_00/00095.jpg",
      "transform_matrix": [
        [
          -0.964539,
          -0.062804,
          0.256359,
          2.775915
        ],
        [
          -0.261277,
          0.089572,
          -0.961099,
          4.266116
        ],
        [
          0.037398,
          -0.993998,
          -0.102805,
          2.032185
        ],
        [
          0.0,
          0.0,
          0.0,
          1.0
        ]
      ]
    },
    {
      "file_path": "/media/NFS/ttao/scannet/posed_images/scene0674_00/00102.jpg",
      "transform_matrix": [
        [
          -0.980379,
          -0.059525,
          0.187918,
          2.802565
        ],
        [
          -0.1915,
          0.061568,
          -0.97956,
          4.304712
        ],
        [
          0.046738,
          -0.996326,
          -0.071759,
          2.04761
        ],
        [
          0.0,
          0.0,
          0.0,
          1.0
        ]
      ]
    },
    {
      "file_path": "/media/NFS/ttao/scannet/posed_images/scene0674_00/00113.jpg",
      "transform_matrix": [
        [
          -0.998139,
          -0.037665,
          0.047964,
          2.789169
        ],
        [
          -0.049113,
          0.0302,
          -0.998337,
          4.337359
        ],
        [
          0.036154,
          -0.998834,
          -0.031994,
          2.025316
        ],
        [
          0.0,
          0.0,
          0.0,
          1.0
        ]
      ]
    },
    {
      "file_path": "/media/NFS/ttao/scannet/posed_images/scene0674_00/00120.jpg",
      "transform_matrix": [
        [
          -0.990591,
          -0.109966,
          -0.081465,
          2.794817
        ],
        [
          0.079472,
          0.022394,
          -0.996585,
          4.391119
        ],
        [
          0.111415,
          -0.993683,
          -0.013444,
          1.972834
        ],
        [
          0.0,
          0.0,
          0.0,
          1.0
        ]
      ]
    },
    {
      "file_path": "/media/NFS/ttao/scannet/posed_images/scene0674_00/00124.jpg",
      "transform_matrix": [
        [
          -0.985387,
          -0.112574,
          -0.127828,
          2.807417
        ],
        [
          0.127014,
          0.014407,
          -0.991796,
          4.395852
        ],
        [
          0.113492,
          -0.993539,
          0.000102,
          1.957298
        ],
        [
          0.0,
          0.0,
          0.0,
          1.0
        ]
      ]
    },
    {
      "file_path": "/media/NFS/ttao/scannet/posed_images/scene0674_00/00131.jpg",
      "transform_matrix": [
        [
          -0.953266,
          -0.11336,
          -0.280061,
          3.034794
        ],
        [
          0.279633,
          0.019992,
          -0.959899,
          4.383205
        ],
        [
          0.114413,
          -0.993353,
          0.012641,
          1.920539
        ],
        [
          0.0,
          0.0,
          0.0,
          1.0
        ]
      ]
    },
    {
      "file_path": "/media/NFS/ttao/scannet/posed_images/scene0674_00/00140.jpg",
      "transform_matrix": [
        [
          -0.9317,
          -0.11543,
          -0.344399,
          3.029087
        ],
        [
          0.343801,
          0.025681,
          -0.938691,
          4.398786
        ],
        [
          0.117197,
          -0.992984,
          0.015757,
          1.922863
        ],
        [
          0.0,
          0.0,
          0.0,
          1.0
        ]
      ]
    },
    {
      "file_path": "/media/NFS/ttao/scannet/posed_images/scene0674_00/00151.jpg",
      "transform_matrix": [
        [
          -0.87679,
          -0.120596,
          -0.465505,
          3.090203
        ],
        [
          0.460128,
          0.070865,
          -0.88502,
          4.372866
        ],
        [
          0.139718,
          -0.990169,
          -0.006644,
          1.934314
        ],
        [
          0.0,
          0.0,
          0.0,
          1.0
        ]
      ]
    },
    {
      "file_path": "/media/NFS/ttao/scannet/posed_images/scene0674_00/00155.jpg",
      "transform_matrix": [
        [
          -0.861528,
          -0.11166,
          -0.495279,
          3.081742
        ],
        [
          0.489546,
          0.075903,
          -0.868668,
          4.375647
        ],
        [
          0.134588,
          -0.990844,
          -0.01073,
          1.948756
        ],
        [
          0.0,
          0.0,
          0.0,
          1.0
        ]
      ]
    },
    {
      "file_path": "/media/NFS/ttao/scannet/posed_images/scene0674_00/00164.jpg",
      "transform_matrix": [
        [
          -0.801633,
          -0.117921,
          -0.58607,
          3.091475
        ],
        [
          0.581811,
          0.071437,
          -0.810181,
          4.405418
        ],
        [
          0.137404,
          -0.99045,
          0.011342,
          1.98601
        ],
        [
          0.0,
          0.0,
          0.0,
          1.0
        ]
      ]
    },
    {
      "file_path": "/media/NFS/ttao/scannet/posed_images/scene0674_00/00171.jpg",
      "transform_matrix": [
        [
          -0.756379,
          -0.094364,
          -0.647292,
          3.10954
        ],
        [
          0.639129,
          0.104124,
          -0.762019,
          4.384302
        ],
        [
          0.139306,
          -0.990078,
          -0.018446,
          2.013361
        ],
        [
          0.0,
          0.0,
          0.0,
          1.0
        ]
      ]
    },
    {
      "file_path": "/media/NFS/ttao/scannet/posed_images/scene0674_00/00178.jpg",
      "transform_matrix": [
        [
          -0.737789,
          -0.089354,
          -0.669091,
          3.103295
        ],
        [
          0.660078,
          0.111974,
          -0.742804,
          4.426167
        ],
        [
          0.141293,
          -0.989686,
          -0.023633,
          2.014038
        ],
        [
          0.0,
          0.0,
          0.0,
          1.0
        ]
      ]
    },
    {
      "file_path": "/media/NFS/ttao/scannet/posed_images/scene0674_00/00186.jpg",
      "transform_matrix": [
        [
          -0.711373,
          -0.071507,
          -0.699167,
          3.092481
        ],
        [
          0.686648,
          0.141429,
          -0.7131,
          4.45874
        ],
        [
          0.149874,
          -0.987362,
          -0.051509,
          2.023481
        ],
        [
          0.0,
          0.0,
          0.0,
          1.0
        ]
      ]
    },
    {
      "file_path": "/media/NFS/ttao/scannet/posed_images/scene0674_00/00191.jpg",
      "transform_matrix": [
        [
          -0.691511,
          -0.063542,
          -0.719566,
          3.094884
        ],
        [
          0.70294,
          0.170263,
          -0.690569,
          4.484005
        ],
        [
          0.166396,
          -0.983348,
          -0.073073,
          2.03195
        ],
        [
          0.0,
          0.0,
          0.0,
          1.0
        ]
      ]
    },
    {
      "file_path": "/media/NFS/ttao/scannet/posed_images/scene0674_00/00200.jpg",
      "transform_matrix": [
        [
          -0.676704,
          -0.015696,
          -0.736088,
          3.104733
        ],
        [
          0.717108,
          0.212471,
          -0.663786,
          4.523306
        ],
        [
          0.166816,
          -0.977041,
          -0.132524,
          2.015085
        ],
        [
          0.0,
          0.0,
          0.0,
          1.0
        ]
      ]
    },
    {
      "file_path": "/media/NFS/ttao/scannet/posed_images/scene0674_00/00211.jpg",
      "transform_matrix": [
        [
          -0.730998,
          0.043322,
          -0.681003,
          3.121587
        ],
        [
          0.661012,
          0.292742,
          -0.690917,
          4.575123
        ],
        [
          0.169426,
          -0.95521,
          -0.24263,
          1.992836
        ],
        [
          0.0,
          0.0,
          0.0,
          1.0
        ]
      ]
    },
    {
      "file_path": "/media/NFS/ttao/scannet/posed_images/scene0674_00/00217.jpg",
      "transform_matrix": [
        [
          -0.769186,
          0.053691,
          -0.636765,
          3.129034
        ],
        [
          0.610838,
          0.35446,
          -0.70798,
          4.594138
        ],
        [
          0.187695,
          -0.933528,
          -0.305443,
          1.974864
        ],
        [
          0.0,
          0.0,
          0.0,
          1.0
        ]
      ]
    },
    {
      "file_path": "/media/NFS/ttao/scannet/posed_images/scene0674_00/00226.jpg",
      "transform_matrix": [
        [
          -0.810353,
          0.066612,
          -0.582144,
          3.142274
        ],
        [
          0.557557,
          0.393141,
          -0.731143,
          4.613852
        ],
        [
          0.180162,
          -0.917062,
          -0.355723,
          1.958349
        ],
        [
          0.0,
          0.0,
          0.0,
          1.0
        ]
      ]
    },
    {
      "file_path": "/media/NFS/ttao/scannet/posed_images/scene0674_00/00233.jpg",
      "transform_matrix": [
        [
          -0.828835,
          0.089584,
          -0.552274,
          3.179744
        ],
        [
          0.532814,
          0.427556,
          -0.730277,
          4.620395
        ],
        [
          0.170707,
          -0.899539,
          -0.402105,
          1.938754
        ],
        [
          0.0,
          0.0,
          0.0,
          1.0
        ]
      ]
    },
    {
      "file_path": "/media/NFS/ttao/scannet/posed_images/scene0674_00/00237.jpg",
      "transform_matrix": [
        [
          -0.848469,
          0.086084,
          -0.522197,
          3.204091
        ],
        [
          0.503779,
          0.433751,
          -0.747039,
          4.621429
        ],
        [
          0.162196,
          -0.896911,
          -0.411392,
          1.933067
        ],
        [
          0.0,
          0.0,
          0.0,
          1.0
        ]
      ]
    },
    {
      "file_path": "/media/NFS/ttao/scannet/posed_images/scene0674_00/00242.jpg",
      "transform_matrix": [
        [
          -0.880519,
          0.064614,
          -0.469586,
          3.227822
        ],
        [
          0.445394,
          0.451783,
          -0.772992,
          4.622801
        ],
        [
          0.162205,
          -0.889785,
          -0.426583,
          1.928204
        ],
        [
          0.0,
          0.0,
          0.0,
          1.0
        ]
      ]
    },
    {
      "file_path": "/media/NFS/ttao/scannet/posed_images/scene0674_00/00253.jpg",
      "transform_matrix": [
        [
          -0.920736,
          0.0596,
          -0.385606,
          3.300963
        ],
        [
          0.360375,
          0.508754,
          -0.781856,
          4.632854
        ],
        [
          0.14958,
          -0.858846,
          -0.489907,
          1.906057
        ],
        [
          0.0,
          0.0,
          0.0,
          1.0
        ]
      ]
    },
    {
      "file_path": "/media/NFS/ttao/scannet/posed_images/scene0674_00/00260.jpg",
      "transform_matrix": [
        [
          -0.955959,
          0.041486,
          -0.290554,
          3.307194
        ],
        [
          0.265498,
          0.544237,
          -0.795812,
          4.643363
        ],
        [
          0.125115,
          -0.837905,
          -0.531282,
          1.911959
        ],
        [
          0.0,
          0.0,
          0.0,
          1.0
        ]
      ]
    },
    {
      "file_path": "/media/NFS/ttao/scannet/posed_images/scene0674_00/00264.jpg",
      "transform_matrix": [
        [
          -0.968135,
          0.01775,
          -0.2498,
          3.32345
        ],
        [
          0.218439,
          0.547675,
          -0.807674,
          4.653111
        ],
        [
          0.122473,
          -0.836503,
          -0.5341,
          1.904523
        ],
        [
          0.0,
          0.0,
          0.0,
          1.0
        ]
      ]
    },
    {
      "file_path": "/media/NFS/ttao/scannet/posed_images/scene0674_00/00273.jpg",
      "transform_matrix": [
        [
          -0.985495,
          -0.054421,
          -0.16074,
          3.340642
        ],
        [
          0.107559,
          0.532334,
          -0.839674,
          4.668355
        ],
        [
          0.131263,
          -0.844783,
          -0.518759,
          1.90435
        ],
        [
          0.0,
          0.0,
          0.0,
          1.0
        ]
      ]
    },
    {
      "file_path": "/media/NFS/ttao/scannet/posed_images/scene0674_00/00282.jpg",
      "transform_matrix": [
        [
          -0.997109,
          -0.056241,
          -0.051097,
          3.336735
        ],
        [
          0.015266,
          0.510467,
          -0.859762,
          4.666103
        ],
        [
          0.074437,
          -0.858056,
          -0.508133,
          1.913728
        ],
        [
          0.0,
          0.0,
          0.0,
          1.0
        ]
      ]
    },
    {
      "file_path": "/media/NFS/ttao/scannet/posed_images/scene0674_00/00293.jpg",
      "transform_matrix": [
        [
          -0.995105,
          -0.070071,
          0.069693,
          3.2726
        ],
        [
          -0.095444,
          0.498418,
          -0.861667,
          4.61907
        ],
        [
          0.025641,
          -0.864101,
          -0.502666,
          1.914998
        ],
        [
          0.0,
          0.0,
          0.0,
          1.0
        ]
      ]
    },
    {
      "file_path": "/media/NFS/ttao/scannet/posed_images/scene0674_00/00297.jpg",
      "transform_matrix": [
        [
          -0.993071,
          -0.076776,
          0.088967,
          3.233275
        ],
        [
          -0.115358,
          0.492536,
          -0.862613,
          4.59178
        ],
        [
          0.022408,
          -0.866899,
          -0.49798,
          1.916736
        ],
        [
          0.0,
          0.0,
          0.0,
          1.0
        ]
      ]
    },
    {
      "file_path": "/media/NFS/ttao/scannet/posed_images/scene0674_00/00306.jpg",
      "transform_matrix": [
        [
          -0.986114,
          -0.120274,
          0.114515,
          3.124529
        ],
        [
          -0.160373,
          0.510608,
          -0.844725,
          4.531361
        ],
        [
          0.043127,
          -0.85136,
          -0.522806,
          1.915273
        ],
        [
          0.0,
          0.0,
          0.0,
          1.0
        ]
      ]
    },
    {
      "file_path": "/media/NFS/ttao/scannet/posed_images/scene0674_00/00308.jpg",
      "transform_matrix": [
        [
          -0.984426,
          -0.125862,
          0.122738,
          3.102363
        ],
        [
          -0.17006,
          0.504819,
          -0.846308,
          4.519603
        ],
        [
          0.044558,
          -0.854,
          -0.518361,
          1.914549
        ],
        [
          0.0,
          0.0,
          0.0,
          1.0
        ]
      ]
    },
    {
      "file_path": "/media/NFS/ttao/scannet/posed_images/scene0674_00/00317.jpg",
      "transform_matrix": [
        [
          -0.983407,
          -0.12516,
          0.131323,
          3.031071
        ],
        [
          -0.176333,
          0.489371,
          -0.854063,
          4.456864
        ],
        [
          0.042628,
          -0.863048,
          -0.50332,
          1.924409
        ],
        [
          0.0,
          0.0,
          0.0,
          1.0
        ]
      ]
    },
    {
      "file_path": "/media/NFS/ttao/scannet/posed_images/scene0674_00/00324.jpg",
      "transform_matrix": [
        [
          -0.991662,
          -0.101266,
          0.079698,
          2.981578
        ],
        [
          -0.118096,
          0.466616,
          -0.87654,
          4.396008
        ],
        [
          0.051575,
          -0.878644,
          -0.474684,
          1.932001
        ],
        [
          0.0,
          0.0,
          0.0,
          1.0
        ]
      ]
    },
    {
      "file_path": "/media/NFS/ttao/scannet/posed_images/scene0674_00/00331.jpg",
      "transform_matrix": [
        [
          -0.996043,
          -0.087971,
          -0.012634,
          2.937297
        ],
        [
          -0.026909,
          0.434003,
          -0.900509,
          4.324441
        ],
        [
          0.084701,
          -0.896606,
          -0.434653,
          1.92536
        ],
        [
          0.0,
          0.0,
          0.0,
          1.0
        ]
      ]
    },
    {
      "file_path": "/media/NFS/ttao/scannet/posed_images/scene0674_00/00342.jpg",
      "transform_matrix": [
        [
          -0.987739,
          -0.01967,
          -0.15487,
          2.867871
        ],
        [
          0.133986,
          0.402318,
          -0.905642,
          4.263034
        ],
        [
          0.080121,
          -0.915289,
          -0.39475,
          1.91921
        ],
        [
          0.0,
          0.0,
          0.0,
          1.0
        ]
      ]
    },
    {
      "file_path": "/media/NFS/ttao/scannet/posed_images/scene0674_00/00346.jpg",
      "transform_matrix": [
        [
          -0.977485,
          -0.003168,
          -0.210979,
          2.864713
        ],
        [
          0.193321,
          0.387223,
          -0.90149,
          4.256673
        ],
        [
          0.084552,
          -0.921981,
          -0.377893,
          1.923411
        ],
        [
          0.0,
          0.0,
          0.0,
          1.0
        ]
      ]
    },
    {
      "file_path": "/media/NFS/ttao/scannet/posed_images/scene0674_00/00359.jpg",
      "transform_matrix": [
        [
          -0.924128,
          0.022571,
          -0.381415,
          2.732811
        ],
        [
          0.35547,
          0.416822,
          -0.8366,
          4.205101
        ],
        [
          0.140099,
          -0.908708,
          -0.393221,
          1.924232
        ],
        [
          0.0,
          0.0,
          0.0,
          1.0
        ]
      ]
    },
    {
      "file_path": "/media/NFS/ttao/scannet/posed_images/scene0674_00/00366.jpg",
      "transform_matrix": [
        [
          -0.912196,
          0.022715,
          -0.409125,
          2.630094
        ],
        [
          0.374341,
          0.452245,
          -0.809533,
          4.157302
        ],
        [
          0.166636,
          -0.891605,
          -0.421039,
          1.909473
        ],
        [
          0.0,
          0.0,
          0.0,
          1.0
        ]
      ]
    },
    {
      "file_path": "/media/NFS/ttao/scannet/posed_images/scene0674_00/00368.jpg",
      "transform_matrix": [
        [
          -0.915495,
          0.021588,
          -0.401749,
          2.60808
        ],
        [
          0.365582,
          0.461558,
          -0.808278,
          4.152487
        ],
        [
          0.167981,
          -0.886847,
          -0.430446,
          1.90833
        ],
        [
          0.0,
          0.0,
          0.0,
          1.0
        ]
      ]
    },
    {
      "file_path": "/media/NFS/ttao/scannet/posed_images/scene0674_00/00375.jpg",
      "transform_matrix": [
        [
          -0.93943,
          -0.008401,
          -0.342638,
          2.55513
        ],
        [
          0.287716,
          0.523934,
          -0.801694,
          4.113643
        ],
        [
          0.186254,
          -0.851717,
          -0.489782,
          1.883694
        ],
        [
          0.0,
          0.0,
          0.0,
          1.0
        ]
      ]
    },
    {
      "file_path": "/media/NFS/ttao/scannet/posed_images/scene0674_00/00384.jpg",
      "transform_matrix": [
        [
          -0.983232,
          -0.107991,
          -0.146945,
          2.492612
        ],
        [
          0.045573,
          0.634719,
          -0.771398,
          4.057787
        ],
        [
          0.176573,
          -0.76516,
          -0.619155,
          1.868957
        ],
        [
          0.0,
          0.0,
          0.0,
          1.0
        ]
      ]
    },
    {
      "file_path": "/media/NFS/ttao/scannet/posed_images/scene0674_00/00395.jpg",
      "transform_matrix": [
        [
          -0.971919,
          -0.229935,
          -0.050029,
          2.390925
        ],
        [
          -0.122844,
          0.677117,
          -0.72555,
          3.953502
        ],
        [
          0.200705,
          -0.69903,
          -0.686349,
          1.86012
        ],
        [
          0.0,
          0.0,
          0.0,
          1.0
        ]
      ]
    },
    {
      "file_path": "/media/NFS/ttao/scannet/posed_images/scene0674_00/00404.jpg",
      "transform_matrix": [
        [
          -0.964545,
          -0.263592,
          0.013089,
          2.317173
        ],
        [
          -0.197798,
          0.689176,
          -0.697074,
          3.900886
        ],
        [
          0.174722,
          -0.674948,
          -0.71688,
          1.864412
        ],
        [
          0.0,
          0.0,
          0.0,
          1.0
        ]
      ]
    },
    {
      "file_path": "/media/NFS/ttao/scannet/posed_images/scene0674_00/00406.jpg",
      "transform_matrix": [
        [
          -0.960816,
          -0.276363,
          0.021363,
          2.297894
        ],
        [
          -0.212988,
          0.68676,
          -0.69498,
          3.89689
        ],
        [
          0.177395,
          -0.672297,
          -0.718712,
          1.865463
        ],
        [
          0.0,
          0.0,
          0.0,
          1.0
        ]
      ]
    },
    {
      "file_path": "/media/NFS/ttao/scannet/posed_images/scene0674_00/00413.jpg",
      "transform_matrix": [
        [
          -0.921641,
          -0.37759,
          0.08946,
          2.21348
        ],
        [
          -0.335932,
          0.660982,
          -0.671008,
          3.905213
        ],
        [
          0.194234,
          -0.648482,
          -0.736033,
          1.865268
        ],
        [
          0.0,
          0.0,
          0.0,
          1.0
        ]
      ]
    },
    {
      "file_path": "/media/NFS/ttao/scannet/posed_images/scene0674_00/00426.jpg",
      "transform_matrix": [
        [
          -0.852391,
          -0.470673,
          0.227807,
          2.096985
        ],
        [
          -0.506614,
          0.635447,
          -0.582709,
          3.915927
        ],
        [
          0.129506,
          -0.612106,
          -0.780099,
          1.887236
        ],
        [
          0.0,
          0.0,
          0.0,
          1.0
        ]
      ]
    },
    {
      "file_path": "/media/NFS/ttao/scannet/posed_images/scene0674_00/00430.jpg",
      "transform_matrix": [
        [
          -0.832786,
          -0.499242,
          0.239216,
          2.066497
        ],
        [
          -0.540844,
          0.641517,
          -0.544007,
          3.911494
        ],
        [
          0.11813,
          -0.58242,
          -0.804259,
          1.883282
        ],
        [
          0.0,
          0.0,
          0.0,
          1.0
        ]
      ]
    },
    {
      "file_path": "/media/NFS/ttao/scannet/posed_images/scene0674_00/00439.jpg",
      "transform_matrix": [
        [
          -0.773205,
          -0.534519,
          0.341238,
          2.061327
        ],
        [
          -0.629788,
          0.584179,
          -0.511958,
          3.931159
        ],
        [
          0.074307,
          -0.610756,
          -0.788324,
          1.903672
        ],
        [
          0.0,
          0.0,
          0.0,
          1.0
        ]
      ]
    },
    {
      "file_path": "/media/NFS/ttao/scannet/posed_images/scene0674_00/00448.jpg",
      "transform_matrix": [
        [
          -0.752509,
          -0.520139,
          0.403963,
          2.04849
        ],
        [
          -0.655453,
          0.531778,
          -0.536277,
          3.970599
        ],
        [
          0.06412,
          -0.668332,
          -0.741094,
          1.91423
        ],
        [
          0.0,
          0.0,
          0.0,
          1.0
        ]
      ]
    },
    {
      "file_path": "/media/NFS/ttao/scannet/posed_images/scene0674_00/00450.jpg",
      "transform_matrix": [
        [
          -0.750437,
          -0.515848,
          0.413213,
          2.043009
        ],
        [
          -0.658965,
          0.535619,
          -0.528089,
          3.979968
        ],
        [
          0.051089,
          -0.66859,
          -0.741874,
          1.914021
        ],
        [
          0.0,
          0.0,
          0.0,
          1.0
        ]
      ]
    },
    {
      "file_path": "/media/NFS/ttao/scannet/posed_images/scene0674_00/00459.jpg",
      "transform_matrix": [
        [
          -0.731496,
          -0.510137,
          0.452409,
          2.036204
        ],
        [
          -0.680881,
          0.511216,
          -0.524462,
          4.015305
        ],
        [
          0.036269,
          -0.691678,
          -0.721295,
          1.936807
        ],
        [
          0.0,
          0.0,
          0.0,
          1.0
        ]
      ]
    },
    {
      "file_path": "/media/NFS/ttao/scannet/posed_images/scene0674_00/00468.jpg",
      "transform_matrix": [
        [
          -0.714227,
          -0.486887,
          0.502813,
          2.025986
        ],
        [
          -0.69937,
          0.468132,
          -0.540124,
          4.04894
        ],
        [
          0.027596,
          -0.737423,
          -0.674867,
          1.949528
        ],
        [
          0.0,
          0.0,
          0.0,
          1.0
        ]
      ]
    },
    {
      "file_path": "/media/NFS/ttao/scannet/posed_images/scene0674_00/00473.jpg",
      "transform_matrix": [
        [
          -0.710699,
          -0.483023,
          0.511464,
          2.030268
        ],
        [
          -0.703281,
          0.469825,
          -0.533536,
          4.049704
        ],
        [
          0.017412,
          -0.738886,
          -0.673605,
          1.959606
        ],
        [
          0.0,
          0.0,
          0.0,
          1.0
        ]
      ]
    },
    {
      "file_path": "/media/NFS/ttao/scannet/posed_images/scene0674_00/00482.jpg",
      "transform_matrix": [
        [
          -0.658347,
          -0.479507,
          0.580217,
          2.047931
        ],
        [
          -0.752573,
          0.434231,
          -0.495053,
          4.025634
        ],
        [
          -0.014567,
          -0.762572,
          -0.646739,
          1.97822
        ],
        [
          0.0,
          0.0,
          0.0,
          1.0
        ]
      ]
    },
    {
      "file_path": "/media/NFS/ttao/scannet/posed_images/scene0674_00/00493.jpg",
      "transform_matrix": [
        [
          -0.586982,
          -0.475763,
          0.655059,
          2.037877
        ],
        [
          -0.809509,
          0.357019,
          -0.466082,
          3.921184
        ],
        [
          -0.012124,
          -0.803858,
          -0.594698,
          1.985171
        ],
        [
          0.0,
          0.0,
          0.0,
          1.0
        ]
      ]
    },
    {
      "file_path": "/media/NFS/ttao/scannet/posed_images/scene0674_00/00495.jpg",
      "transform_matrix": [
        [
          -0.58859,
          -0.475309,
          0.653944,
          2.039349
        ],
        [
          -0.808403,
          0.352831,
          -0.471163,
          3.909092
        ],
        [
          -0.006784,
          -0.805973,
          -0.591914,
          1.981414
        ],
        [
          0.0,
          0.0,
          0.0,
          1.0
        ]
      ]
    },
    {
      "file_path": "/media/NFS/ttao/scannet/posed_images/scene0674_00/00506.jpg",
      "transform_matrix": [
        [
          -0.582815,
          -0.464406,
          0.666824,
          2.050313
        ],
        [
          -0.812543,
          0.343211,
          -0.471149,
          3.794685
        ],
        [
          -0.010057,
          -0.816415,
          -0.577378,
          1.981738
        ],
        [
          0.0,
          0.0,
          0.0,
          1.0
        ]
      ]
    },
    {
      "file_path": "/media/NFS/ttao/scannet/posed_images/scene0674_00/00508.jpg",
      "transform_matrix": [
        [
          -0.586712,
          -0.463397,
          0.664103,
          2.060974
        ],
        [
          -0.809758,
          0.343639,
          -0.47561,
          3.773319
        ],
        [
          -0.007816,
          -0.816808,
          -0.576856,
          1.981906
        ],
        [
          0.0,
          0.0,
          0.0,
          1.0
        ]
      ]
    },
    {
      "file_path": "/media/NFS/ttao/scannet/posed_images/scene0674_00/00519.jpg",
      "transform_matrix": [
        [
          -0.595721,
          -0.409012,
          0.691249,
          2.117389
        ],
        [
          -0.803184,
          0.299794,
          -0.5148,
          3.623828
        ],
        [
          0.003327,
          -0.861877,
          -0.507106,
          1.98963
        ],
        [
          0.0,
          0.0,
          0.0,
          1.0
        ]
      ]
    },
    {
      "file_path": "/media/NFS/ttao/scannet/posed_images/scene0674_00/00526.jpg",
      "transform_matrix": [
        [
          -0.611499,
          -0.34474,
          0.712196,
          2.123295
        ],
        [
          -0.790577,
          0.303168,
          -0.532049,
          3.498307
        ],
        [
          -0.032497,
          -0.888394,
          -0.457931,
          1.986611
        ],
        [
          0.0,
          0.0,
          0.0,
          1.0
        ]
      ]
    },
    {
      "file_path": "/media/NFS/ttao/scannet/posed_images/scene0674_00/00537.jpg",
      "transform_matrix": [
        [
          -0.620023,
          -0.312649,
          0.719599,
          2.123761
        ],
        [
          -0.783403,
          0.297007,
          -0.545955,
          3.344402
        ],
        [
          -0.043034,
          -0.90224,
          -0.429081,
          1.984175
        ],
        [
          0.0,
          0.0,
          0.0,
          1.0
        ]
      ]
    },
    {
      "file_path": "/media/NFS/ttao/scannet/posed_images/scene0674_00/00541.jpg",
      "transform_matrix": [
        [
          -0.619223,
          -0.31836,
          0.717781,
          2.109207
        ],
        [
          -0.784432,
          0.291623,
          -0.547378,
          3.27876
        ],
        [
          -0.035059,
          -0.901999,
          -0.430312,
          1.975604
        ],
        [
          0.0,
          0.0,
          0.0,
          1.0
        ]
      ]
    },
    {
      "file_path": "/media/NFS/ttao/scannet/posed_images/scene0674_00/00550.jpg",
      "transform_matrix": [
        [
          -0.637832,
          -0.31537,
          0.702646,
          2.129325
        ],
        [
          -0.770043,
          0.278021,
          -0.574228,
          3.19978
        ],
        [
          -0.014256,
          -0.907329,
          -0.420179,
          1.958838
        ],
        [
          0.0,
          0.0,
          0.0,
          1.0
        ]
      ]
    },
    {
      "file_path": "/media/NFS/ttao/scannet/posed_images/scene0674_00/00553.jpg",
      "transform_matrix": [
        [
          -0.650498,
          -0.317338,
          0.690035,
          2.149387
        ],
        [
          -0.759489,
          0.278109,
          -0.588074,
          3.177125
        ],
        [
          -0.005287,
          -0.906616,
          -0.421924,
          1.955905
        ],
        [
          0.0,
          0.0,
          0.0,
          1.0
        ]
      ]
    },
    {
      "file_path": "/media/NFS/ttao/scannet/posed_images/scene0674_00/00561.jpg",
      "transform_matrix": [
        [
          -0.680122,
          -0.288713,
          0.673853,
          2.206408
        ],
        [
          -0.733038,
          0.279638,
          -0.620047,
          3.104476
        ],
        [
          -0.009419,
          -0.915668,
          -0.401826,
          1.931308
        ],
        [
          0.0,
          0.0,
          0.0,
          1.0
        ]
      ]
    },
    {
      "file_path": "/media/NFS/ttao/scannet/posed_images/scene0674_00/00573.jpg",
      "transform_matrix": [
        [
          -0.727668,
          -0.216706,
          0.650798,
          2.304509
        ],
        [
          -0.68538,
          0.267662,
          -0.677208,
          3.007768
        ],
        [
          -0.027439,
