{
  "frames": [
    {
      "file_path": "/media/NFS/ttao/scannet/posed_images/scene0025_01/00004.jpg",
      "transform_matrix": [
        [
          0.869369,
          0.244223,
          -0.429596,
          3.375776
        ],
        [
          0.493932,
          -0.402826,
          0.77056,
          1.727942
        ],
        [
          0.015136,
          -0.882092,
          -0.470834,
          1.464711
        ],
        [
          0.0,
          0.0,
          0.0,
          1.0
        ]
      ]
    },
    {
      "file_path": "/media/NFS/ttao/scannet/posed_images/scene0025_01/00009.jpg",
      "transform_matrix": [
        [
          0.90132,
          0.22428,
          -0.370567,
          3.35484
        ],
        [
          0.432832,
          -0.433423,
          0.790443,
          1.740682
        ],
        [
          0.016668,
          -0.872836,
          -0.487729,
          1.460933
        ],
        [
          0.0,
          0.0,
          0.0,
          1.0
        ]
      ]
    },
    {
      "file_path": "/media/NFS/ttao/scannet/posed_images/scene0025_01/00014.jpg",
      "transform_matrix": [
        [
          0.928508,
          0.204294,
          -0.310061,
          3.338282
        ],
        [
          0.370543,
          -0.456043,
          0.80915,
          1.749896
        ],
        [
          0.023903,
          -0.866192,
          -0.499139,
          1.464019
        ],
        [
          0.0,
          0.0,
          0.0,
          1.0
        ]
      ]
    },
    {
      "file_path": "/media/NFS/ttao/scannet/posed_images/scene0025_01/00021.jpg",
      "transform_matrix": [
        [
          0.956955,
          0.176779,
          -0.23019,
          3.350845
        ],
        [
          0.288056,
          -0.481416,
          0.827806,
          1.750958
        ],
        [
          0.035522,
          -0.85848,
          -0.511615,
          1.460617
        ],
        [
          0.0,
          0.0,
          0.0,
          1.0
        ]
      ]
    },
    {
      "file_path": "/media/NFS/ttao/scannet/posed_images/scene0025_01/00025.jpg",
      "transform_matrix": [
        [
          0.968579,
          0.14635,
          -0.20109,
          3.375328
        ],
        [
          0.247647,
          -0.492913,
          0.834091,
          1.760428
        ],
        [
          0.02295,
          -0.857682,
          -0.513668,
          1.467785
        ],
        [
          0.0,
          0.0,
          0.0,
          1.0
        ]
      ]
    },
    {
      "file_path": "/media/NFS/ttao/scannet/posed_images/scene0025_01/00028.jpg",
      "transform_matrix": [
        [
          0.974315,
          0.124578,
          -0.187591,
          3.392821
        ],
        [
          0.224733,
          -0.484907,
          0.845198,
          1.747312
        ],
        [
          0.014329,
          -0.865647,
          -0.500449,
          1.462446
        ],
        [
          0.0,
          0.0,
          0.0,
          1.0
        ]
      ]
    },
    {
      "file_path": "/media/NFS/ttao/scannet/posed_images/scene0025_01/00034.jpg",
      "transform_matrix": [
        [
          0.981841,
          0.099523,
          -0.161505,
          3.438004
        ],
        [
          0.189514,
          -0.476136,
          0.858708,
          1.734776
        ],
        [
          0.008563,
          -0.873722,
          -0.486351,
          1.488933
        ],
        [
          0.0,
          0.0,
          0.0,
          1.0
        ]
      ]
    },
    {
      "file_path": "/media/NFS/ttao/scannet/posed_images/scene0025_01/00041.jpg",
      "transform_matrix": [
        [
          0.989971,
          0.080723,
          -0.115934,
          3.505261
        ],
        [
          0.140357,
          -0.468907,
          0.872024,
          1.695025
        ],
        [
          0.01603,
          -0.879551,
          -0.475534,
          1.473562
        ],
        [
          0.0,
          0.0,
          0.0,
          1.0
        ]
      ]
    },
    {
      "file_path": "/media/NFS/ttao/scannet/posed_images/scene0025_01/00046.jpg",
      "transform_matrix": [
        [
          0.9932,
          0.07421,
          -0.089707,
          3.563456
        ],
        [
          0.114094,
          -0.467015,
          0.876858,
          1.676533
        ],
        [
          0.023177,
          -0.88113,
          -0.472306,
          1.481605
        ],
        [
          0.0,
          0.0,
          0.0,
          1.0
        ]
      ]
    },
    {
      "file_path": "/media/NFS/ttao/scannet/posed_images/scene0025_01/00052.jpg",
      "transform_matrix": [
        [
          0.996586,
          0.056596,
          -0.060119,
          3.613503
        ],
        [
          0.078862,
          -0.43677,
          0.89611,
          1.654751
        ],
        [
          0.024458,
          -0.897791,
          -0.439742,
          1.495787
        ],
        [
          0.0,
          0.0,
          0.0,
          1.0
        ]
      ]
    },
    {
      "file_path": "/media/NFS/ttao/scannet/posed_images/scene0025_01/00059.jpg",
      "transform_matrix": [
        [
          0.998949,
          0.037149,
          -0.026842,
          3.657687
        ],
        [
          0.038893,
          -0.377282,
          0.925282,
          1.635486
        ],
        [
          0.024246,
          -0.925353,
          -0.37833,
          1.521264
        ],
        [
          0.0,
          0.0,
          0.0,
          1.0
        ]
      ]
    },
    {
      "file_path": "/media/NFS/ttao/scannet/posed_images/scene0025_01/00064.jpg",
      "transform_matrix": [
        [
          0.999747,
          0.021677,
          -0.00608,
          3.67338
        ],
        [
          0.013053,
          -0.338047,
          0.941039,
          1.629861
        ],
        [
          0.018344,
          -0.94088,
          -0.338244,
          1.551436
        ],
        [
          0.0,
          0.0,
          0.0,
          1.0
        ]
      ]
    },
    {
      "file_path": "/media/NFS/ttao/scannet/posed_images/scene0025_01/00075.jpg",
      "transform_matrix": [
        [
          0.999911,
          0.007638,
          0.010957,
          3.693557
        ],
        [
          -0.0088,
          -0.240348,
          0.970647,
          1.614333
        ],
        [
          0.010047,
          -0.970657,
          -0.240259,
          1.598547
        ],
        [
          0.0,
          0.0,
          0.0,
          1.0
        ]
      ]
    },
    {
      "file_path": "/media/NFS/ttao/scannet/posed_images/scene0025_01/00080.jpg",
      "transform_matrix": [
        [
          0.999802,
          0.017511,
          0.009411,
          3.682021
        ],
        [
          -0.005567,
          -0.207821,
          0.978151,
          1.610738
        ],
        [
          0.019084,
          -0.97801,
          -0.207682,
          1.603001
        ],
        [
          0.0,
          0.0,
          0.0,
          1.0
        ]
      ]
    },
    {
      "file_path": "/media/NFS/ttao/scannet/posed_images/scene0025_01/00085.jpg",
      "transform_matrix": [
        [
          0.999786,
          0.02054,
          0.002573,
          3.673892
        ],
        [
          0.001455,
          -0.193719,
          0.981056,
          1.618076
        ],
        [
          0.020649,
          -0.980842,
          -0.193707,
          1.626467
        ],
        [
          0.0,
          0.0,
          0.0,
          1.0
        ]
      ]
    },
    {
      "file_path": "/media/NFS/ttao/scannet/posed_images/scene0025_01/00087.jpg",
      "transform_matrix": [
        [
          0.999694,
          0.022378,
          0.010545,
          3.667074
        ],
        [
          -0.006137,
          -0.188608,
          0.982033,
          1.62111
        ],
        [
          0.023965,
          -0.981798,
          -0.188413,
          1.619955
        ],
        [
          0.0,
          0.0,
          0.0,
          1.0
        ]
      ]
    },
    {
      "file_path": "/media/NFS/ttao/scannet/posed_images/scene0025_01/00094.jpg",
      "transform_matrix": [
        [
          0.997738,
          0.020718,
          0.063946,
          3.634283
        ],
        [
          -0.058846,
          -0.190579,
          0.979907,
          1.647224
        ],
        [
          0.032488,
          -0.981453,
          -0.188929,
          1.604688
        ],
        [
          0.0,
          0.0,
          0.0,
          1.0
        ]
      ]
    },
    {
      "file_path": "/media/NFS/ttao/scannet/posed_images/scene0025_01/00100.jpg",
      "transform_matrix": [
        [
          0.991131,
          -0.004362,
          0.132814,
          3.583525
        ],
        [
          -0.130706,
          -0.212284,
          0.968427,
          1.682788
        ],
        [
          0.02397,
          -0.977198,
          -0.210971,
          1.594734
        ],
        [
          0.0,
          0.0,
          0.0,
          1.0
        ]
      ]
    },
    {
      "file_path": "/media/NFS/ttao/scannet/posed_images/scene0025_01/00107.jpg",
      "transform_matrix": [
        [
          0.97942,
          -0.048966,
          0.195803,
          3.518169
        ],
        [
          -0.201827,
          -0.244838,
          0.948325,
          1.728298
        ],
        [
          0.001504,
          -0.968327,
          -0.249682,
          1.558287
        ],
        [
          0.0,
          0.0,
          0.0,
          1.0
        ]
      ]
    },
    {
      "file_path": "/media/NFS/ttao/scannet/posed_images/scene0025_01/00114.jpg",
      "transform_matrix": [
        [
          0.966443,
          -0.088267,
          0.241239,
          3.456609
        ],
        [
          -0.256617,
          -0.289238,
          0.92222,
          1.779437
        ],
        [
          -0.011626,
          -0.953179,
          -0.302183,
          1.54973
        ],
        [
          0.0,
          0.0,
          0.0,
          1.0
        ]
      ]
    },
    {
      "file_path": "/media/NFS/ttao/scannet/posed_images/scene0025_01/00121.jpg",
      "transform_matrix": [
        [
          0.953461,
          -0.11629,
          0.278188,
          3.405358
        ],
        [
          -0.301072,
          -0.317166,
          0.899312,
          1.831364
        ],
        [
          -0.01635,
          -0.941213,
          -0.337417,
          1.547984
        ],
        [
          0.0,
          0.0,
          0.0,
          1.0
        ]
      ]
    },
    {
      "file_path": "/media/NFS/ttao/scannet/posed_images/scene0025_01/00128.jpg",
      "transform_matrix": [
        [
          0.944684,
          -0.123337,
          0.303909,
          3.374031
        ],
        [
          -0.327828,
          -0.326649,
          0.88647,
          1.879305
        ],
        [
          -0.010063,
          -0.937064,
          -0.349013,
          1.537914
        ],
        [
          0.0,
          0.0,
          0.0,
          1.0
        ]
      ]
    },
    {
      "file_path": "/media/NFS/ttao/scannet/posed_images/scene0025_01/00132.jpg",
      "transform_matrix": [
        [
          0.935299,
          -0.117356,
          0.333832,
          3.368656
        ],
        [
          -0.353732,
          -0.335389,
          0.873148,
          1.916742
        ],
        [
          0.009495,
          -0.934742,
          -0.355202,
          1.537832
        ],
        [
          0.0,
          0.0,
          0.0,
          1.0
        ]
      ]
    },
    {
      "file_path": "/media/NFS/ttao/scannet/posed_images/scene0025_01/00137.jpg",
      "transform_matrix": [
        [
          0.918399,
          -0.129656,
          0.373808,
          3.369905
        ],
        [
          -0.395531,
          -0.324474,
          0.859227,
          1.972304
        ],
        [
          0.009887,
          -0.936966,
          -0.34928,
          1.537977
        ],
        [
          0.0,
          0.0,
          0.0,
          1.0
        ]
      ]
    },
    {
      "file_path": "/media/NFS/ttao/scannet/posed_images/scene0025_01/00142.jpg",
      "transform_matrix": [
        [
          0.894841,
          -0.15523,
          0.418524,
          3.378065
        ],
        [
          -0.44636,
          -0.320909,
          0.835332,
          2.042443
        ],
        [
          0.00464,
          -0.934302,
          -0.356451,
          1.538801
        ],
        [
          0.0,
          0.0,
          0.0,
          1.0
        ]
      ]
    },
    {
      "file_path": "/media/NFS/ttao/scannet/posed_images/scene0025_01/00151.jpg",
      "transform_matrix": [
        [
          0.845463,
          -0.193374,
          0.497793,
          3.3873
        ],
        [
          -0.534029,
          -0.310026,
          0.786573,
          2.156136
        ],
        [
          0.002226,
          -0.930855,
          -0.365383,
          1.546907
        ],
        [
          0.0,
          0.0,
          0.0,
          1.0
        ]
      ]
    },
    {
      "file_path": "/media/NFS/ttao/scannet/posed_images/scene0025_01/00155.jpg",
      "transform_matrix": [
        [
          0.824554,
          -0.207383,
          0.526405,
          3.383847
        ],
        [
          -0.565783,
          -0.303377,
          0.766716,
          2.196628
        ],
        [
          0.000695,
          -0.93003,
          -0.367484,
          1.546288
        ],
        [
          0.0,
          0.0,
          0.0,
          1.0
        ]
      ]
    },
    {
      "file_path": "/media/NFS/ttao/scannet/posed_images/scene0025_01/00160.jpg",
      "transform_matrix": [
        [
          0.791437,
          -0.221171,
          0.569834,
          3.370245
        ],
        [
          -0.611,
          -0.312994,
          0.727128,
          2.247698
        ],
        [
          0.017535,
          -0.923644,
          -0.38285,
          1.540289
        ],
        [
          0.0,
          0.0,
          0.0,
          1.0
        ]
      ]
    },
    {
      "file_path": "/media/NFS/ttao/scannet/posed_images/scene0025_01/00166.jpg",
      "transform_matrix": [
        [
          0.717936,
          -0.260599,
          0.645489,
          3.33685
        ],
        [
          -0.696012,
          -0.284233,
          0.659378,
          2.31105
        ],
        [
          0.011636,
          -0.922659,
          -0.385441,
          1.54603
        ],
        [
          0.0,
          0.0,
          0.0,
          1.0
        ]
      ]
    },
    {
      "file_path": "/media/NFS/ttao/scannet/posed_images/scene0025_01/00175.jpg",
      "transform_matrix": [
        [
          0.612404,
          -0.324051,
          0.721077,
          3.262119
        ],
        [
          -0.790236,
          -0.225395,
          0.569847,
          2.396919
        ],
        [
          -0.022133,
          -0.918797,
          -0.394109,
          1.557122
        ],
        [
          0.0,
          0.0,
          0.0,
          1.0
        ]
      ]
    },
    {
      "file_path": "/media/NFS/ttao/scannet/posed_images/scene0025_01/00180.jpg",
      "transform_matrix": [
        [
          0.559849,
          -0.338163,
          0.756449,
          3.231813
        ],
        [
          -0.828213,
          -0.20066,
          0.523258,
          2.435217
        ],
        [
          -0.025157,
          -0.919446,
          -0.39241,
          1.557945
        ],
        [
          0.0,
          0.0,
          0.0,
          1.0
        ]
      ]
    },
    {
      "file_path": "/media/NFS/ttao/scannet/posed_images/scene0025_01/00183.jpg",
      "transform_matrix": [
        [
          0.532954,
          -0.338878,
          0.775321,
          3.227489
        ],
        [
          -0.846032,
          -0.19849,
          0.494805,
          2.452286
        ],
        [
          -0.013785,
          -0.919654,
          -0.392487,
          1.559226
        ],
        [
          0.0,
          0.0,
          0.0,
          1.0
        ]
      ]
    },
    {
      "file_path": "/media/NFS/ttao/scannet/posed_images/scene0025_01/00189.jpg",
      "transform_matrix": [
        [
          0.473719,
          -0.343305,
          0.811007,
          3.24587
        ],
        [
          -0.88067,
          -0.181233,
          0.437693,
          2.491357
        ],
        [
          -0.003281,
          -0.921573,
          -0.388192,
          1.561185
        ],
        [
          0.0,
          0.0,
          0.0,
          1.0
        ]
      ]
    },
    {
      "file_path": "/media/NFS/ttao/scannet/posed_images/scene0025_01/00196.jpg",
      "transform_matrix": [
        [
          0.442269,
          -0.360522,
          0.821232,
          3.304291
        ],
        [
          -0.89653,
          -0.152047,
          0.416071,
          2.535832
        ],
        [
          -0.025137,
          -0.920275,
          -0.390464,
          1.559762
        ],
        [
          0.0,
          0.0,
          0.0,
          1.0
        ]
      ]
    },
    {
      "file_path": "/media/NFS/ttao/scannet/posed_images/scene0025_01/00201.jpg",
      "transform_matrix": [
        [
          0.415873,
          -0.368118,
          0.831588,
          3.364274
        ],
        [
          -0.908869,
          -0.136336,
          0.394169,
          2.564635
        ],
        [
          -0.031725,
          -0.919729,
          -0.39127,
          1.567713
        ],
        [
          0.0,
          0.0,
          0.0,
          1.0
        ]
      ]
    },
    {
      "file_path": "/media/NFS/ttao/scannet/posed_images/scene0025_01/00208.jpg",
      "transform_matrix": [
        [
          0.363327,
          -0.364898,
          0.85723,
          3.43397
        ],
        [
          -0.93096,
          -0.106482,
          0.349251,
          2.587891
        ],
        [
          -0.036161,
          -0.924938,
          -0.378393,
          1.577991
        ],
        [
          0.0,
          0.0,
          0.0,
          1.0
        ]
      ]
    },
    {
      "file_path": "/media/NFS/ttao/scannet/posed_images/scene0025_01/00214.jpg",
      "transform_matrix": [
        [
          0.293896,
          -0.360459,
          0.885265,
          3.472961
        ],
        [
          -0.955398,
          -0.082693,
          0.283508,
          2.595339
        ],
        [
          -0.028988,
          -0.929102,
          -0.368685,
          1.580056
        ],
        [
          0.0,
          0.0,
          0.0,
          1.0
        ]
      ]
    },
    {
      "file_path": "/media/NFS/ttao/scannet/posed_images/scene0025_01/00223.jpg",
      "transform_matrix": [
        [
          0.132737,
          -0.372945,
          0.91831,
          3.52861
        ],
        [
          -0.99104,
          -0.063804,
          0.117338,
          2.628745
        ],
        [
          0.014831,
          -0.925657,
          -0.378073,
          1.588257
        ],
        [
          0.0,
          0.0,
          0.0,
          1.0
        ]
      ]
    },
    {
      "file_path": "/media/NFS/ttao/scannet/posed_images/scene0025_01/00226.jpg",
      "transform_matrix": [
        [
          0.070844,
          -0.37246,
          0.92534,
          3.545263
        ],
        [
          -0.997264,
          -0.046069,
          0.057807,
          2.635704
        ],
        [
          0.021098,
          -0.926904,
          -0.374705,
          1.592443
        ],
        [
          0.0,
          0.0,
          0.0,
          1.0
        ]
      ]
    },
    {
      "file_path": "/media/NFS/ttao/scannet/posed_images/scene0025_01/00230.jpg",
      "transform_matrix": [
        [
          -0.045573,
          -0.37127,
          0.927406,
          3.56552
        ],
        [
          -0.998768,
          -0.00131,
          -0.049605,
          2.662149
        ],
        [
          0.019632,
          -0.928524,
          -0.370753,
          1.596954
        ],
        [
          0.0,
          0.0,
          0.0,
          1.0
        ]
      ]
    },
    {
      "file_path": "/media/NFS/ttao/scannet/posed_images/scene0025_01/00237.jpg",
      "transform_matrix": [
        [
          -0.188743,
          -0.358389,
          0.914294,
          3.583
        ],
        [
          -0.982005,
          0.06265,
          -0.178164,
          2.685482
        ],
        [
          0.006572,
          -0.931468,
          -0.363764,
          1.605448
        ],
        [
          0.0,
          0.0,
          0.0,
          1.0
        ]
      ]
    },
    {
      "file_path": "/media/NFS/ttao/scannet/posed_images/scene0025_01/00244.jpg",
      "transform_matrix": [
        [
          -0.301174,
          -0.351218,
          0.886532,
          3.595203
        ],
        [
          -0.953562,
          0.107377,
          -0.281406,
          2.721675
        ],
        [
          0.003641,
          -0.930116,
          -0.367248,
          1.603294
        ],
        [
          0.0,
          0.0,
          0.0,
          1.0
        ]
      ]
    },
    {
      "file_path": "/media/NFS/ttao/scannet/posed_images/scene0025_01/00248.jpg",
      "transform_matrix": [
        [
          -0.341526,
          -0.348967,
          0.872686,
          3.601311
        ],
        [
          -0.939858,
          0.12161,
          -0.319184,
          2.73718
        ],
        [
          0.005257,
          -0.929211,
          -0.369513,
          1.602472
        ],
        [
          0.0,
          0.0,
          0.0,
          1.0
        ]
      ]
    },
    {
      "file_path": "/media/NFS/ttao/scannet/posed_images/scene0025_01/00255.jpg",
      "transform_matrix": [
        [
          -0.410428,
          -0.340458,
          0.845954,
          3.611221
        ],
        [
          -0.911869,
          0.146448,
          -0.383469,
          2.766318
        ],
        [
          0.006667,
          -0.928785,
          -0.370559,
          1.602611
        ],
        [
          0.0,
          0.0,
          0.0,
          1.0
        ]
      ]
    },
    {
      "file_path": "/media/NFS/ttao/scannet/posed_images/scene0025_01/00260.jpg",
      "transform_matrix": [
        [
          -0.460331,
          -0.32732,
          0.825201,
          3.611651
        ],
        [
          -0.887706,
          0.160792,
          -0.43142,
          2.781333
        ],
        [
          0.008527,
          -0.931132,
          -0.364582,
          1.598921
        ],
        [
          0.0,
          0.0,
          0.0,
          1.0
        ]
      ]
    },
    {
      "file_path": "/media/NFS/ttao/scannet/posed_images/scene0025_01/00269.jpg",
      "transform_matrix": [
        [
          -0.552114,
          -0.332969,
          0.764396,
          3.623549
        ],
        [
          -0.833257,
          0.188233,
          -0.519858,
          2.762747
        ],
        [
          0.029211,
          -0.923959,
          -0.381375,
          1.591209
        ],
        [
          0.0,
          0.0,
          0.0,
          1.0
        ]
      ]
    },
    {
      "file_path": "/media/NFS/ttao/scannet/posed_images/scene0025_01/00276.jpg",
      "transform_matrix": [
        [
          -0.619908,
          -0.309466,
          0.721072,
          3.644809
        ],
        [
          -0.784225,
          0.213228,
          -0.582688,
          2.722412
        ],
        [
          0.026569,
          -0.926696,
          -0.374873,
          1.592669
        ],
        [
          0.0,
          0.0,
          0.0,
          1.0
        ]
      ]
    },
    {
      "file_path": "/media/NFS/ttao/scannet/posed_images/scene0025_01/00278.jpg",
      "transform_matrix": [
        [
          -0.635408,
          -0.297538,
          0.71255,
          3.654319
        ],
        [
          -0.77187,
          0.218728,
          -0.596972,
          2.709732
        ],
        [
          0.021767,
          -0.929317,
          -0.368642,
          1.592387
        ],
        [
          0.0,
          0.0,
          0.0,
          1.0
        ]
      ]
    },
    {
      "file_path": "/media/NFS/ttao/scannet/posed_images/scene0025_01/00289.jpg",
      "transform_matrix": [
        [
          -0.702005,
          -0.252834,
          0.665781,
          3.719867
        ],
        [
          -0.71186,
          0.221427,
          -0.666503,
          2.660677
        ],
        [
          0.021093,
          -0.941831,
          -0.335425,
          1.600769
        ],
        [
          0.0,
          0.0,
          0.0,
          1.0
        ]
      ]
    },
    {
      "file_path": "/media/NFS/ttao/scannet/posed_images/scene0025_01/00294.jpg",
      "transform_matrix": [
        [
          -0.725897,
          -0.263677,
          0.635255,
          3.747832
        ],
        [
          -0.686081,
          0.212248,
          -0.695877,
          2.646076
        ],
        [
          0.048655,
          -0.940971,
          -0.334974,
          1.599773
        ],
        [
          0.0,
          0.0,
          0.0,
          1.0
        ]
      ]
    },
    {
      "file_path": "/media/NFS/ttao/scannet/posed_images/scene0025_01/00297.jpg",
      "transform_matrix": [
        [
          -0.743721,
          -0.256548,
          0.617302,
          3.765425
        ],
        [
          -0.66655,
          0.21429,
          -0.713997,
          2.641628
        ],
        [
          0.050893,
          -0.942477,
          -0.330373,
          1.600178
        ],
        [
          0.0,
          0.0,
          0.0,
          1.0
        ]
      ]
    },
    {
      "file_path": "/media/NFS/ttao/scannet/posed_images/scene0025_01/00301.jpg",
      "transform_matrix": [
        [
          -0.774209,
          -0.257096,
          0.578362,
          3.803405
        ],
        [
          -0.629785,
          0.22193,
          -0.744392,
          2.64787
        ],
        [
          0.063025,
          -0.940558,
          -0.333735,
          1.600316
        ],
        [
          0.0,
          0.0,
          0.0,
          1.0
        ]
      ]
    },
    {
      "file_path": "/media/NFS/ttao/scannet/posed_images/scene0025_01/00312.jpg",
      "transform_matrix": [
        [
          -0.885011,
          -0.191871,
          0.424194,
          3.90772
        ],
        [
          -0.463044,
          0.267965,
          -0.844858,
          2.680847
        ],
        [
          0.048434,
          -0.94413,
          -0.325996,
          1.613894
        ],
        [
          0.0,
          0.0,
          0.0,
          1.0
        ]
      ]
    },
    {
      "file_path": "/media/NFS/ttao/scannet/posed_images/scene0025_01/00317.jpg",
      "transform_matrix": [
        [
          -0.91955,
          -0.156917,
          0.360283,
          3.96333
        ],
        [
          -0.391852,
          0.296962,
          -0.870785,
          2.72257
        ],
        [
          0.029651,
          -0.941908,
          -0.33456,
          1.613772
        ],
        [
          0.0,
          0.0,
          0.0,
          1.0
        ]
      ]
    },
    {
      "file_path": "/media/NFS/ttao/scannet/posed_images/scene0025_01/00322.jpg",
      "transform_matrix": [
        [
          -0.935331,
          -0.143071,
          0.323552,
          3.998879
        ],
        [
          -0.352657,
          0.304476,
          -0.884832,
          2.741439
        ],
        [
          0.028079,
          -0.941714,
          -0.335241,
          1.614591
        ],
        [
          0.0,
          0.0,
          0.0,
          1.0
        ]
      ]
    },
    {
      "file_path": "/media/NFS/ttao/scannet/posed_images/scene0025_01/00326.jpg",
      "transform_matrix": [
        [
          -0.94188,
          -0.149431,
          0.300885,
          4.015223
        ],
        [
          -0.333554,
          0.309215,
          -0.890577,
          2.743892
        ],
        [
          0.040042,
          -0.939179,
          -0.341087,
          1.614771
        ],
        [
          0.0,
          0.0,
          0.0,
          1.0
        ]
      ]
    },
    {
      "file_path": "/media/NFS/ttao/scannet/posed_images/scene0025_01/00333.jpg",
      "transform_matrix": [
        [
          -0.953291,
          -0.140575,
          0.267348,
          4.024948
        ],
        [
          -0.29885,
          0.310391,
          -0.902411,
          2.730651
        ],
        [
          0.043874,
          -0.940157,
          -0.337904,
          1.608476
        ],
        [
          0.0,
          0.0,
          0.0,
          1.0
        ]
      ]
    },
    {
      "file_path": "/media/NFS/ttao/scannet/posed_images/scene0025_01/00340.jpg",
      "transform_matrix": [
        [
          -0.978547,
          -0.122798,
          0.165426,
          4.027383
        ],
        [
          -0.196525,
          0.315389,
          -0.92839,
          2.710276
        ],
        [
          0.061831,
          -0.940984,
          -0.332756,
          1.596626
        ],
        [
          0.0,
          0.0,
          0.0,
          1.0
        ]
      ]
    },
    {
      "file_path": "/media/NFS/ttao/scannet/posed_images/scene0025_01/00344.jpg",
      "transform_matrix": [
        [
          -0.990311,
          -0.097413,
          0.098968,
          4.030429
        ],
        [
          -0.125345,
          0.320296,
          -0.938988,
          2.698625
        ],
        [
          0.059771,
          -0.942296,
          -0.329403,
          1.601925
        ],
        [
          0.0,
          0.0,
          0.0,
          1.0
        ]
      ]
    },
    {
      "file_path": "/media/NFS/ttao/scannet/posed_images/scene0025_01/00349.jpg",
      "transform_matrix": [
        [
          -0.998142,
          -0.050602,
          0.033921,
          4.048024
        ],
        [
          -0.048841,
          0.331923,
          -0.942041,
          2.698662
        ],
        [
          0.03641,
          -0.941948,
          -0.333778,
          1.60644
        ],
        [
          0.0,
          0.0,
          0.0,
          1.0
        ]
      ]
    },
    {
      "file_path": "/media/NFS/ttao/scannet/posed_images/scene0025_01/00354.jpg",
      "transform_matrix": [
        [
          -0.999427,
          -0.007825,
          -0.032918,
          4.075036
        ],
        [
          0.028503,
          0.329541,
          -0.943711,
          2.713731
        ],
        [
          0.018233,
          -0.944109,
          -0.32913,
          1.592545
        ],
        [
          0.0,
          0.0,
          0.0,
          1.0
        ]
      ]
    },
    {
      "file_path": "/media/NFS/ttao/scannet/posed_images/scene0025_01/00365.jpg",
      "transform_matrix": [
        [
          -0.984295,
          0.051554,
          -0.168836,
          4.091714
        ],
        [
          0.176381,
          0.326713,
          -0.92852,
          2.729897
        ],
        [
          0.007292,
          -0.943717,
          -0.330675,
          1.589704
        ],
        [
          0.0,
          0.0,
          0.0,
          1.0
        ]
      ]
    },
    {
      "file_path": "/media/NFS/ttao/scannet/posed_images/scene0025_01/00367.jpg",
      "transform_matrix": [
        [
          -0.977993,
          0.061151,
          -0.199477,
          4.090695
        ],
        [
          0.208466,
          0.325474,
          -0.922285,
          2.732337
        ],
        [
          0.008526,
          -0.943572,
          -0.331059,
          1.590782
        ],
        [
          0.0,
          0.0,
          0.0,
          1.0
        ]
      ]
    },
    {
      "file_path": "/media/NFS/ttao/scannet/posed_images/scene0025_01/00374.jpg",
      "transform_matrix": [
        [
          -0.953424,
          0.090843,
          -0.287628,
          4.063876
        ],
        [
          0.301452,
          0.320043,
          -0.898164,
          2.740788
        ],
        [
          0.010462,
          -0.943038,
          -0.332521,
          1.601016
        ],
        [
          0.0,
          0.0,
          0.0,
          1.0
        ]
      ]
    },
    {
      "file_path": "/media/NFS/ttao/scannet/posed_images/scene0025_01/00383.jpg",
      "transform_matrix": [
        [
          -0.914415,
          0.118724,
          -0.386974,
          4.048279
        ],
        [
          0.404523,
          0.301876,
          -0.863268,
          2.744184
        ],
        [
          0.014328,
          -0.945926,
          -0.324067,
          1.608686
        ],
        [
          0.0,
          0.0,
          0.0,
          1.0
        ]
      ]
    },
    {
      "file_path": "/media/NFS/ttao/scannet/posed_images/scene0025_01/00388.jpg",
      "transform_matrix": [
        [
          -0.892034,
          0.132095,
          -0.432234,
          4.023878
        ],
        [
          0.451598,
          0.2992,
          -0.840558,
          2.74903
        ],
        [
          0.018291,
          -0.945003,
          -0.32655,
          1.610942
        ],
        [
          0.0,
          0.0,
          0.0,
          1.0
        ]
      ]
    },
    {
      "file_path": "/media/NFS/ttao/scannet/posed_images/scene0025_01/00390.jpg",
      "transform_matrix": [
        [
          -0.879731,
          0.139043,
          -0.454687,
          4.027844
        ],
        [
          0.475137,
          0.292954,
          -0.829713,
          2.750874
        ],
        [
          0.017836,
          -0.945963,
          -0.323785,
          1.606892
        ],
        [
          0.0,
          0.0,
          0.0,
          1.0
        ]
      ]
    },
    {
      "file_path": "/media/NFS/ttao/scannet/posed_images/scene0025_01/00397.jpg",
      "transform_matrix": [
        [
          -0.840691,
          0.150791,
          -0.520096,
          3.997725
        ],
        [
          0.540788,
          0.283507,
          -0.791942,
          2.760235
        ],
        [
          0.028033,
          -0.947041,
          -0.319888,
          1.614658
        ],
        [
          0.0,
          0.0,
          0.0,
          1.0
        ]
      ]
    },
    {
      "file_path": "/media/NFS/ttao/scannet/posed_images/scene0025_01/00403.jpg",
      "transform_matrix": [
        [
          -0.807986,
          0.163787,
          -0.565979,
          3.960012
        ],
        [
          0.588521,
          0.270516,
          -0.761882,
          2.783932
        ],
        [
          0.02832,
          -0.948681,
          -0.314965,
          1.606871
        ],
        [
          0.0,
          0.0,
          0.0,
          1.0
        ]
      ]
    },
    {
      "file_path": "/media/NFS/ttao/scannet/posed_images/scene0025_01/00408.jpg",
      "transform_matrix": [
        [
          -0.775791,
          0.17393,
          -0.606545,
          3.942501
        ],
        [
          0.63025,
          0.26013,
          -0.731517,
          2.793543
        ],
        [
          0.030548,
          -0.949779,
          -0.311426,
          1.598952
        ],
        [
          0.0,
          0.0,
          0.0,
          1.0
        ]
      ]
    },
    {
      "file_path": "/media/NFS/ttao/scannet/posed_images/scene0025_01/00419.jpg",
      "transform_matrix": [
        [
          -0.712737,
          0.199644,
          -0.67242,
          3.88927
        ],
        [
          0.700628,
          0.248506,
          -0.668854,
          2.819139
        ],
        [
          0.033567,
          -0.947833,
          -0.316995,
          1.614766
        ],
        [
          0.0,
          0.0,
          0.0,
          1.0
        ]
      ]
    },
    {
      "file_path": "/media/NFS/ttao/scannet/posed_images/scene0025_01/00424.jpg",
      "transform_matrix": [
        [
          -0.690215,
          0.206017,
          -0.693658,
          3.884885
        ],
        [
          0.722842,
          0.24031,
          -0.647882,
          2.804217
        ],
        [
          0.033219,
          -0.948582,
          -0.314783,
          1.618219
        ],
        [
          0.0,
          0.0,
          0.0,
          1.0
        ]
      ]
    },
    {
      "file_path": "/media/NFS/ttao/scannet/posed_images/scene0025_01/00427.jpg",
      "transform_matrix": [
        [
          -0.693795,
          0.201693,
          -0.691353,
          3.881373
        ],
        [
          0.71959,
          0.232753,
          -0.654229,
          2.806609
        ],
        [
          0.028961,
          -0.951392,
          -0.306619,
          1.614414
        ],
        [
          0.0,
          0.0,
          0.0,
          1.0
        ]
      ]
    },
    {
      "file_path": "/media/NFS/ttao/scannet/posed_images/scene0025_01/00436.jpg",
      "transform_matrix": [
        [
          -0.751291,
          0.179355,
          -0.635133,
          3.900309
        ],
        [
          0.658951,
          0.257354,
          -0.70679,
          2.815771
        ],
        [
          0.036688,
          -0.949527,
          -0.311533,
          1.591443
        ],
        [
          0.0,
          0.0,
          0.0,
          1.0
        ]
      ]
    },
    {
      "file_path": "/media/NFS/ttao/scannet/posed_images/scene0025_01/00442.jpg",
      "transform_matrix": [
        [
          -0.790589,
          0.154667,
          -0.592493,
          3.965451
        ],
        [
          0.611571,
          0.248147,
          -0.751268,
          2.822991
        ],
        [
          0.030829,
          -0.956296,
          -0.290772,
          1.599732
        ],
        [
          0.0,
          0.0,
          0.0,
          1.0
        ]
      ]
    },
    {
      "file_path": "/media/NFS/ttao/scannet/posed_images/scene0025_01/00449.jpg",
      "transform_matrix": [
        [
          -0.818635,
          0.146984,
          -0.555187,
          4.068971
        ],
        [
          0.573932,
          0.244603,
          -0.781518,
          2.847695
        ],
        [
          0.020929,
          -0.958418,
          -0.2846,
          1.600576
        ],
        [
          0.0,
          0.0,
          0.0,
          1.0
        ]
      ]
    },
    {
      "file_path": "/media/NFS/ttao/scannet/posed_images/scene0025_01/00451.jpg",
      "transform_matrix": [
        [
          -0.827085,
          0.14623,
          -0.542722,
          4.095542
        ],
        [
          0.561887,
          0.240206,
          -0.791571,
          2.866671
        ],
        [
          0.014614,
          -0.959645,
          -0.280836,
          1.602126
        ],
        [
          0.0,
          0.0,
          0.0,
          1.0
        ]
      ]
    },
    {
      "file_path": "/media/NFS/ttao/scannet/posed_images/scene0025_01/00459.jpg",
      "transform_matrix": [
        [
          -0.841912,
          0.167417,
          -0.512987,
          4.212631
        ],
        [
          0.539597,
          0.253478,
          -0.80286,
          2.900937
        ],
        [
          -0.004381,
          -0.952743,
          -0.303744,
          1.621386
        ],
