{
  "frames": [
    {
      "file_path": "/media/NFS/ttao/scannet/posed_images/scene0013_02/00000.jpg",
      "transform_matrix": [
        [
          0.471303,
          -0.464062,
          0.750013,
          3.628805
        ],
        [
          -0.881827,
          -0.263308,
          0.391216,
          1.932692
        ],
        [
          0.015936,
          -0.845763,
          -0.53332,
          1.384346
        ],
        [
          0.0,
          0.0,
          0.0,
          1.0
        ]
      ]
    },
    {
      "file_path": "/media/NFS/ttao/scannet/posed_images/scene0013_02/00003.jpg",
      "transform_matrix": [
        [
          0.483853,
          -0.463087,
          0.742588,
          3.622194
        ],
        [
          -0.874916,
          -0.275578,
          0.398221,
          1.937028
        ],
        [
          0.02023,
          -0.842382,
          -0.538501,
          1.3825
        ],
        [
          0.0,
          0.0,
          0.0,
          1.0
        ]
      ]
    },
    {
      "file_path": "/media/NFS/ttao/scannet/posed_images/scene0013_02/00007.jpg",
      "transform_matrix": [
        [
          0.494612,
          -0.459354,
          0.737803,
          3.616883
        ],
        [
          -0.868702,
          -0.287423,
          0.403416,
          1.939315
        ],
        [
          0.026751,
          -0.840465,
          -0.541205,
          1.384451
        ],
        [
          0.0,
          0.0,
          0.0,
          1.0
        ]
      ]
    },
    {
      "file_path": "/media/NFS/ttao/scannet/posed_images/scene0013_02/00014.jpg",
      "transform_matrix": [
        [
          0.526133,
          -0.412545,
          0.743633,
          3.604204
        ],
        [
          -0.849734,
          -0.289706,
          0.44048,
          1.923118
        ],
        [
          0.033717,
          -0.863642,
          -0.502977,
          1.39881
        ],
        [
          0.0,
          0.0,
          0.0,
          1.0
        ]
      ]
    },
    {
      "file_path": "/media/NFS/ttao/scannet/posed_images/scene0013_02/00017.jpg",
      "transform_matrix": [
        [
          0.523963,
          -0.395066,
          0.754576,
          3.587655
        ],
        [
          -0.850892,
          -0.282327,
          0.443028,
          1.923341
        ],
        [
          0.038012,
          -0.874193,
          -0.484088,
          1.400471
        ],
        [
          0.0,
          0.0,
          0.0,
          1.0
        ]
      ]
    },
    {
      "file_path": "/media/NFS/ttao/scannet/posed_images/scene0013_02/00021.jpg",
      "transform_matrix": [
        [
          0.513309,
          -0.379963,
          0.769508,
          3.557217
        ],
        [
          -0.857154,
          -0.271319,
          0.437805,
          1.928545
        ],
        [
          0.042432,
          -0.884316,
          -0.464957,
          1.399023
        ],
        [
          0.0,
          0.0,
          0.0,
          1.0
        ]
      ]
    },
    {
      "file_path": "/media/NFS/ttao/scannet/posed_images/scene0013_02/00023.jpg",
      "transform_matrix": [
        [
          0.509628,
          -0.376901,
          0.77345,
          3.54029
        ],
        [
          -0.859505,
          -0.26388,
          0.437742,
          1.935596
        ],
        [
          0.039113,
          -0.88787,
          -0.458429,
          1.396899
        ],
        [
          0.0,
          0.0,
          0.0,
          1.0
        ]
      ]
    },
    {
      "file_path": "/media/NFS/ttao/scannet/posed_images/scene0013_02/00027.jpg",
      "transform_matrix": [
        [
          0.510149,
          -0.381499,
          0.770848,
          3.506387
        ],
        [
          -0.859155,
          -0.26774,
          0.436083,
          1.945856
        ],
        [
          0.040022,
          -0.884745,
          -0.464354,
          1.393214
        ],
        [
          0.0,
          0.0,
          0.0,
          1.0
        ]
      ]
    },
    {
      "file_path": "/media/NFS/ttao/scannet/posed_images/scene0013_02/00030.jpg",
      "transform_matrix": [
        [
          0.517246,
          -0.39337,
          0.760077,
          3.479338
        ],
        [
          -0.855084,
          -0.274788,
          0.439686,
          1.951975
        ],
        [
          0.035901,
          -0.877355,
          -0.478497,
          1.385854
        ],
        [
          0.0,
          0.0,
          0.0,
          1.0
        ]
      ]
    },
    {
      "file_path": "/media/NFS/ttao/scannet/posed_images/scene0013_02/00036.jpg",
      "transform_matrix": [
        [
          0.507395,
          -0.439647,
          0.741121,
          3.440536
        ],
        [
          -0.860762,
          -0.29899,
          0.411938,
          1.96497
        ],
        [
          0.04048,
          -0.846945,
          -0.530138,
          1.363537
        ],
        [
          0.0,
          0.0,
          0.0,
          1.0
        ]
      ]
    },
    {
      "file_path": "/media/NFS/ttao/scannet/posed_images/scene0013_02/00038.jpg",
      "transform_matrix": [
        [
          0.499536,
          -0.455412,
          0.736929,
          3.429493
        ],
        [
          -0.864995,
          -0.308766,
          0.395534,
          1.968019
        ],
        [
          0.047408,
          -0.835023,
          -0.548169,
          1.35258
        ],
        [
          0.0,
          0.0,
          0.0,
          1.0
        ]
      ]
    },
    {
      "file_path": "/media/NFS/ttao/scannet/posed_images/scene0013_02/00042.jpg",
      "transform_matrix": [
        [
          0.473567,
          -0.487159,
          0.733764,
          3.413013
        ],
        [
          -0.878443,
          -0.321606,
          0.353422,
          1.972861
        ],
        [
          0.06381,
          -0.811939,
          -0.580244,
          1.335999
        ],
        [
          0.0,
          0.0,
          0.0,
          1.0
        ]
      ]
    },
    {
      "file_path": "/media/NFS/ttao/scannet/posed_images/scene0013_02/00049.jpg",
      "transform_matrix": [
        [
          0.417911,
          -0.514071,
          0.749054,
          3.400194
        ],
        [
          -0.905354,
          -0.304082,
          0.296425,
          1.947885
        ],
        [
          0.07539,
          -0.802038,
          -0.592495,
          1.337492
        ],
        [
          0.0,
          0.0,
          0.0,
          1.0
        ]
      ]
    },
    {
      "file_path": "/media/NFS/ttao/scannet/posed_images/scene0013_02/00052.jpg",
      "transform_matrix": [
        [
          0.399281,
          -0.516658,
          0.75739,
          3.390944
        ],
        [
          -0.913873,
          -0.290561,
          0.283569,
          1.93708
        ],
        [
          0.07356,
          -0.805381,
          -0.588175,
          1.345755
        ],
        [
          0.0,
          0.0,
          0.0,
          1.0
        ]
      ]
    },
    {
      "file_path": "/media/NFS/ttao/scannet/posed_images/scene0013_02/00053.jpg",
      "transform_matrix": [
        [
          0.39459,
          -0.51637,
          0.76004,
          3.386007
        ],
        [
          -0.915926,
          -0.287054,
          0.280498,
          1.927899
        ],
        [
          0.073332,
          -0.806822,
          -0.586225,
          1.347124
        ],
        [
          0.0,
          0.0,
          0.0,
          1.0
        ]
      ]
    },
    {
      "file_path": "/media/NFS/ttao/scannet/posed_images/scene0013_02/00060.jpg",
      "transform_matrix": [
        [
          0.36039,
          -0.51023,
          0.780887,
          3.338625
        ],
        [
          -0.930545,
          -0.254848,
          0.262942,
          1.84385
        ],
        [
          0.064846,
          -0.821412,
          -0.566637,
          1.356659
        ],
        [
          0.0,
          0.0,
          0.0,
          1.0
        ]
      ]
    },
    {
      "file_path": "/media/NFS/ttao/scannet/posed_images/scene0013_02/00064.jpg",
      "transform_matrix": [
        [
          0.350185,
          -0.507291,
          0.787417,
          3.293242
        ],
        [
          -0.934395,
          -0.247886,
          0.255849,
          1.78396
        ],
        [
          0.0654,
          -0.825353,
          -0.560816,
          1.352595
        ],
        [
          0.0,
          0.0,
          0.0,
          1.0
        ]
      ]
    },
    {
      "file_path": "/media/NFS/ttao/scannet/posed_images/scene0013_02/00065.jpg",
      "transform_matrix": [
        [
          0.351212,
          -0.505707,
          0.787979,
          3.281811
        ],
        [
          -0.933907,
          -0.249294,
          0.256262,
          1.767871
        ],
        [
          0.066845,
          -0.825901,
          -0.559838,
          1.351424
        ],
        [
          0.0,
          0.0,
          0.0,
          1.0
        ]
      ]
    },
    {
      "file_path": "/media/NFS/ttao/scannet/posed_images/scene0013_02/00072.jpg",
      "transform_matrix": [
        [
          0.368024,
          -0.522752,
          0.768953,
          3.208931
        ],
        [
          -0.928145,
          -0.256104,
          0.270108,
          1.685171
        ],
        [
          0.055733,
          -0.813106,
          -0.579442,
          1.358803
        ],
        [
          0.0,
          0.0,
          0.0,
          1.0
        ]
      ]
    },
    {
      "file_path": "/media/NFS/ttao/scannet/posed_images/scene0013_02/00075.jpg",
      "transform_matrix": [
        [
          0.392412,
          -0.525932,
          0.754591,
          3.185688
        ],
        [
          -0.918776,
          -0.262636,
          0.294742,
          1.659165
        ],
        [
          0.043169,
          -0.808961,
          -0.586275,
          1.364472
        ],
        [
          0.0,
          0.0,
          0.0,
          1.0
        ]
      ]
    },
    {
      "file_path": "/media/NFS/ttao/scannet/posed_images/scene0013_02/00077.jpg",
      "transform_matrix": [
        [
          0.405743,
          -0.527873,
          0.746139,
          3.170033
        ],
        [
          -0.913217,
          -0.267646,
          0.307246,
          1.656227
        ],
        [
          0.037515,
          -0.80605,
          -0.590658,
          1.369756
        ],
        [
          0.0,
          0.0,
          0.0,
          1.0
        ]
      ]
    },
    {
      "file_path": "/media/NFS/ttao/scannet/posed_images/scene0013_02/00081.jpg",
      "transform_matrix": [
        [
          0.441179,
          -0.520493,
          0.73106,
          3.140971
        ],
        [
          -0.897013,
          -0.280277,
          0.341779,
          1.649392
        ],
        [
          0.027006,
          -0.806555,
          -0.590541,
          1.370468
        ],
        [
          0.0,
          0.0,
          0.0,
          1.0
        ]
      ]
    },
    {
      "file_path": "/media/NFS/ttao/scannet/posed_images/scene0013_02/00087.jpg",
      "transform_matrix": [
        [
          0.489457,
          -0.501806,
          0.713178,
          3.107448
        ],
        [
          -0.871472,
          -0.310666,
          0.379504,
          1.647517
        ],
        [
          0.031123,
          -0.807265,
          -0.589368,
          1.372817
        ],
        [
          0.0,
          0.0,
          0.0,
          1.0
        ]
      ]
    },
    {
      "file_path": "/media/NFS/ttao/scannet/posed_images/scene0013_02/00088.jpg",
      "transform_matrix": [
        [
          0.497656,
          -0.495723,
          0.711757,
          3.100593
        ],
        [
          -0.866622,
          -0.318344,
          0.384217,
          1.644925
        ],
        [
          0.036119,
          -0.808032,
          -0.588031,
          1.371349
        ],
        [
          0.0,
          0.0,
          0.0,
          1.0
        ]
      ]
    },
    {
      "file_path": "/media/NFS/ttao/scannet/posed_images/scene0013_02/00091.jpg",
      "transform_matrix": [
        [
          0.516011,
          -0.483442,
          0.707118,
          3.074933
        ],
        [
          -0.855356,
          -0.334959,
          0.395182,
          1.661873
        ],
        [
          0.045808,
          -0.808756,
          -0.586358,
          1.367367
        ],
        [
          0.0,
          0.0,
          0.0,
          1.0
        ]
      ]
    },
    {
      "file_path": "/media/NFS/ttao/scannet/posed_images/scene0013_02/00098.jpg",
      "transform_matrix": [
        [
          0.587659,
          -0.455634,
          0.668622,
          3.014744
        ],
        [
          -0.80843,
          -0.364495,
          0.462152,
          1.677113
        ],
        [
          0.033137,
          -0.812122,
          -0.582547,
          1.378053
        ],
        [
          0.0,
          0.0,
          0.0,
          1.0
        ]
      ]
    },
    {
      "file_path": "/media/NFS/ttao/scannet/posed_images/scene0013_02/00099.jpg",
      "transform_matrix": [
        [
          0.598673,
          -0.449382,
          0.663059,
          3.006571
        ],
        [
          -0.800356,
          -0.368645,
          0.472792,
          1.675666
        ],
        [
          0.031969,
          -0.81373,
          -0.580363,
          1.378406
        ],
        [
          0.0,
          0.0,
          0.0,
          1.0
        ]
      ]
    },
    {
      "file_path": "/media/NFS/ttao/scannet/posed_images/scene0013_02/00106.jpg",
      "transform_matrix": [
        [
          0.638622,
          -0.422459,
          0.643188,
          2.94389
        ],
        [
          -0.768875,
          -0.384533,
          0.510847,
          1.695154
        ],
        [
          0.031516,
          -0.82077,
          -0.570389,
          1.382186
        ],
        [
          0.0,
          0.0,
          0.0,
          1.0
        ]
      ]
    },
    {
      "file_path": "/media/NFS/ttao/scannet/posed_images/scene0013_02/00110.jpg",
      "transform_matrix": [
        [
          0.646964,
          -0.40843,
          0.643912,
          2.911572
        ],
        [
          -0.761615,
          -0.387269,
          0.519582,
          1.700517
        ],
        [
          0.037154,
          -0.826564,
          -0.561616,
          1.382774
        ],
        [
          0.0,
          0.0,
          0.0,
          1.0
        ]
      ]
    },
    {
      "file_path": "/media/NFS/ttao/scannet/posed_images/scene0013_02/00112.jpg",
      "transform_matrix": [
        [
          0.647279,
          -0.406731,
          0.64467,
          2.896826
        ],
        [
          -0.761316,
          -0.386885,
          0.520306,
          1.701084
        ],
        [
          0.037789,
          -0.827581,
          -0.560073,
          1.383771
        ],
        [
          0.0,
          0.0,
          0.0,
          1.0
        ]
      ]
    },
    {
      "file_path": "/media/NFS/ttao/scannet/posed_images/scene0013_02/00114.jpg",
      "transform_matrix": [
        [
          0.649144,
          -0.403027,
          0.645121,
          2.88249
        ],
        [
          -0.759701,
          -0.386198,
          0.523168,
          1.703106
        ],
        [
          0.038294,
          -0.829711,
          -0.556878,
          1.385035
        ],
        [
          0.0,
          0.0,
          0.0,
          1.0
        ]
      ]
    },
    {
      "file_path": "/media/NFS/ttao/scannet/posed_images/scene0013_02/00119.jpg",
      "transform_matrix": [
        [
          0.665719,
          -0.39244,
          0.634673,
          2.847501
        ],
        [
          -0.745521,
          -0.386142,
          0.543224,
          1.702973
        ],
        [
          0.031891,
          -0.834797,
          -0.549634,
          1.385897
        ],
        [
          0.0,
          0.0,
          0.0,
          1.0
        ]
      ]
    },
    {
      "file_path": "/media/NFS/ttao/scannet/posed_images/scene0013_02/00123.jpg",
      "transform_matrix": [
        [
          0.691215,
          -0.375384,
          0.617502,
          2.809862
        ],
        [
          -0.72219,
          -0.389286,
          0.57175,
          1.70564
        ],
        [
          0.025759,
          -0.841156,
          -0.540179,
          1.386126
        ],
        [
          0.0,
          0.0,
          0.0,
          1.0
        ]
      ]
    },
    {
      "file_path": "/media/NFS/ttao/scannet/posed_images/scene0013_02/00126.jpg",
      "transform_matrix": [
        [
          0.715779,
          -0.358247,
          0.599432,
          2.793857
        ],
        [
          -0.69795,
          -0.395206,
          0.597225,
          1.712095
        ],
        [
          0.022945,
          -0.845855,
          -0.532919,
          1.391785
        ],
        [
          0.0,
          0.0,
          0.0,
          1.0
        ]
      ]
    },
    {
      "file_path": "/media/NFS/ttao/scannet/posed_images/scene0013_02/00133.jpg",
      "transform_matrix": [
        [
          0.777648,
          -0.316685,
          0.543115,
          2.747083
        ],
        [
          -0.628606,
          -0.406579,
          0.662984,
          1.714648
        ],
        [
          0.010862,
          -0.856974,
          -0.515245,
          1.389417
        ],
        [
          0.0,
          0.0,
          0.0,
          1.0
        ]
      ]
    },
    {
      "file_path": "/media/NFS/ttao/scannet/posed_images/scene0013_02/00136.jpg",
      "transform_matrix": [
        [
          0.796149,
          -0.30611,
          0.521961,
          2.739152
        ],
        [
          -0.605027,
          -0.41612,
          0.678812,
          1.71786
        ],
        [
          0.009407,
          -0.856236,
          -0.516499,
          1.391238
        ],
        [
          0.0,
          0.0,
          0.0,
          1.0
        ]
      ]
    },
    {
      "file_path": "/media/NFS/ttao/scannet/posed_images/scene0013_02/00140.jpg",
      "transform_matrix": [
        [
          0.817189,
          -0.286855,
          0.499917,
          2.727059
        ],
        [
          -0.57621,
          -0.427032,
          0.696869,
          1.731915
        ],
        [
          0.01358,
          -0.85753,
          -0.514255,
          1.394871
        ],
        [
          0.0,
          0.0,
          0.0,
          1.0
        ]
      ]
    },
    {
      "file_path": "/media/NFS/ttao/scannet/posed_images/scene0013_02/00142.jpg",
      "transform_matrix": [
        [
          0.827119,
          -0.280657,
          0.486935,
          2.727355
        ],
        [
          -0.561908,
          -0.430779,
          0.706179,
          1.736009
        ],
        [
          0.011567,
          -0.857707,
          -0.514009,
          1.396637
        ],
        [
          0.0,
          0.0,
          0.0,
          1.0
        ]
      ]
    },
    {
      "file_path": "/media/NFS/ttao/scannet/posed_images/scene0013_02/00146.jpg",
      "transform_matrix": [
        [
          0.84733,
          -0.259675,
          0.46325,
          2.732269
        ],
        [
          -0.530858,
          -0.43859,
          0.72514,
          1.749638
        ],
        [
          0.014876,
          -0.860353,
          -0.509481,
          1.39861
        ],
        [
          0.0,
          0.0,
          0.0,
          1.0
        ]
      ]
    },
    {
      "file_path": "/media/NFS/ttao/scannet/posed_images/scene0013_02/00150.jpg",
      "transform_matrix": [
        [
          0.868792,
          -0.240659,
          0.432763,
          2.739732
        ],
        [
          -0.495091,
          -0.438517,
          0.750058,
          1.764752
        ],
        [
          0.009265,
          -0.865902,
          -0.500128,
          1.40286
        ],
        [
          0.0,
          0.0,
          0.0,
          1.0
        ]
      ]
    },
    {
      "file_path": "/media/NFS/ttao/scannet/posed_images/scene0013_02/00156.jpg",
      "transform_matrix": [
        [
          0.897992,
          -0.202588,
          0.390601,
          2.765854
        ],
        [
          -0.440011,
          -0.415448,
          0.796111,
          1.784593
        ],
        [
          0.000992,
          -0.88677,
          -0.462209,
          1.414087
        ],
        [
          0.0,
          0.0,
          0.0,
          1.0
        ]
      ]
    },
    {
      "file_path": "/media/NFS/ttao/scannet/posed_images/scene0013_02/00160.jpg",
      "transform_matrix": [
        [
          0.912182,
          -0.180756,
          0.367765,
          2.765054
        ],
        [
          -0.409782,
          -0.405841,
          0.816928,
          1.797719
        ],
        [
          0.001589,
          -0.895891,
          -0.444271,
          1.41243
        ],
        [
          0.0,
          0.0,
          0.0,
          1.0
        ]
      ]
    },
    {
      "file_path": "/media/NFS/ttao/scannet/posed_images/scene0013_02/00164.jpg",
      "transform_matrix": [
        [
          0.9224,
          -0.158918,
          0.352028,
          2.772412
        ],
        [
          -0.385981,
          -0.412442,
          0.825173,
          1.816732
        ],
        [
          0.014056,
          -0.897015,
          -0.441776,
          1.410181
        ],
        [
          0.0,
          0.0,
          0.0,
          1.0
        ]
      ]
    },
    {
      "file_path": "/media/NFS/ttao/scannet/posed_images/scene0013_02/00165.jpg",
      "transform_matrix": [
        [
          0.922688,
          -0.156616,
          0.352303,
          2.768588
        ],
        [
          -0.385213,
          -0.412458,
          0.825524,
          1.82257
        ],
        [
          0.01602,
          -0.897413,
          -0.440901,
          1.409439
        ],
        [
          0.0,
          0.0,
          0.0,
          1.0
        ]
      ]
    },
    {
      "file_path": "/media/NFS/ttao/scannet/posed_images/scene0013_02/00171.jpg",
      "transform_matrix": [
        [
          0.928047,
          -0.149734,
          0.341041,
          2.737463
        ],
        [
          -0.372294,
          -0.40055,
          0.837232,
          1.863346
        ],
        [
          0.011242,
          -0.903958,
          -0.427474,
          1.407999
        ],
        [
          0.0,
          0.0,
          0.0,
          1.0
        ]
      ]
    },
    {
      "file_path": "/media/NFS/ttao/scannet/posed_images/scene0013_02/00175.jpg",
      "transform_matrix": [
        [
          0.924498,
          -0.15218,
          0.349491,
          2.702978
        ],
        [
          -0.380901,
          -0.404242,
          0.831566,
          1.895107
        ],
        [
          0.014732,
          -0.901903,
          -0.431686,
          1.405393
        ],
        [
          0.0,
          0.0,
          0.0,
          1.0
        ]
      ]
    },
    {
      "file_path": "/media/NFS/ttao/scannet/posed_images/scene0013_02/00179.jpg",
      "transform_matrix": [
        [
          0.909142,
          -0.171402,
          0.379581,
          2.654623
        ],
        [
          -0.416344,
          -0.397803,
          0.817564,
          1.931326
        ],
        [
          0.010867,
          -0.901318,
          -0.433021,
          1.403734
        ],
        [
          0.0,
          0.0,
          0.0,
          1.0
        ]
      ]
    },
    {
      "file_path": "/media/NFS/ttao/scannet/posed_images/scene0013_02/00180.jpg",
      "transform_matrix": [
        [
          0.900104,
          -0.181407,
          0.396111,
          2.632054
        ],
        [
          -0.435556,
          -0.395912,
          0.808421,
          1.945803
        ],
        [
          0.010172,
          -0.900192,
          -0.435375,
          1.406609
        ],
        [
          0.0,
          0.0,
          0.0,
          1.0
        ]
      ]
    },
    {
      "file_path": "/media/NFS/ttao/scannet/posed_images/scene0013_02/00184.jpg",
      "transform_matrix": [
        [
          0.864827,
          -0.220541,
          0.451039,
          2.551304
        ],
        [
          -0.502069,
          -0.381901,
          0.775937,
          1.992726
        ],
        [
          0.001126,
          -0.897504,
          -0.441005,
          1.408599
        ],
        [
          0.0,
          0.0,
          0.0,
          1.0
        ]
      ]
    },
    {
      "file_path": "/media/NFS/ttao/scannet/posed_images/scene0013_02/00191.jpg",
      "transform_matrix": [
        [
          0.859871,
          -0.271044,
          0.432616,
          2.433408
        ],
        [
          -0.509499,
          -0.402287,
          0.760642,
          2.039293
        ],
        [
          -0.032131,
          -0.874471,
          -0.484012,
          1.418213
        ],
        [
          0.0,
          0.0,
          0.0,
          1.0
        ]
      ]
    },
    {
      "file_path": "/media/NFS/ttao/scannet/posed_images/scene0013_02/00193.jpg",
      "transform_matrix": [
        [
          0.85276,
          -0.273178,
          0.445168,
          2.40298
        ],
        [
          -0.521605,
          -0.401375,
          0.752878,
          2.044609
        ],
        [
          -0.02699,
          -0.874226,
          -0.484768,
          1.420186
        ],
        [
          0.0,
          0.0,
          0.0,
          1.0
        ]
      ]
    },
    {
      "file_path": "/media/NFS/ttao/scannet/posed_images/scene0013_02/00199.jpg",
      "transform_matrix": [
        [
          0.816066,
          -0.285605,
          0.50246,
          2.315329
        ],
        [
          -0.577953,
          -0.39944,
          0.71163,
          2.047766
        ],
        [
          -0.002542,
          -0.871136,
          -0.491036,
          1.408413
        ],
        [
          0.0,
          0.0,
          0.0,
          1.0
        ]
      ]
    },
    {
      "file_path": "/media/NFS/ttao/scannet/posed_images/scene0013_02/00200.jpg",
      "transform_matrix": [
        [
          0.808391,
          -0.292411,
          0.510882,
          2.30146
        ],
        [
          -0.588622,
          -0.39361,
          0.706113,
          2.045101
        ],
        [
          -0.005387,
          -0.871531,
          -0.49031,
          1.403767
        ],
        [
          0.0,
          0.0,
          0.0,
          1.0
        ]
      ]
    },
    {
      "file_path": "/media/NFS/ttao/scannet/posed_images/scene0013_02/00205.jpg",
      "transform_matrix": [
        [
          0.762022,
          -0.340346,
          0.550896,
          2.218495
        ],
        [
          -0.647313,
          -0.377291,
          0.662297,
          2.040555
        ],
        [
          -0.017562,
          -0.861287,
          -0.507815,
          1.390297
        ],
        [
          0.0,
          0.0,
          0.0,
          1.0
        ]
      ]
    },
    {
      "file_path": "/media/NFS/ttao/scannet/posed_images/scene0013_02/00208.jpg",
      "transform_matrix": [
        [
          0.738494,
          -0.379526,
          0.557303,
          2.172955
        ],
        [
          -0.672932,
          -0.363001,
          0.64451,
          2.035857
        ],
        [
          -0.042307,
          -0.850994,
          -0.523469,
          1.382888
        ],
        [
          0.0,
          0.0,
          0.0,
          1.0
        ]
      ]
    },
    {
      "file_path": "/media/NFS/ttao/scannet/posed_images/scene0013_02/00212.jpg",
      "transform_matrix": [
        [
          0.715435,
          -0.428324,
          0.551988,
          2.124952
        ],
        [
          -0.695974,
          -0.367445,
          0.616931,
          2.036122
        ],
        [
          -0.061422,
          -0.825544,
          -0.560986,
          1.382963
        ],
        [
          0.0,
          0.0,
          0.0,
          1.0
        ]
      ]
    },
    {
      "file_path": "/media/NFS/ttao/scannet/posed_images/scene0013_02/00217.jpg",
      "transform_matrix": [
        [
          0.706195,
          -0.456668,
          0.541058,
          2.076424
        ],
        [
          -0.705017,
          -0.383276,
          0.5967,
          2.050201
        ],
        [
          -0.06512,
          -0.802841,
          -0.592626,
          1.400158
        ],
        [
          0.0,
          0.0,
          0.0,
          1.0
        ]
      ]
    },
    {
      "file_path": "/media/NFS/ttao/scannet/posed_images/scene0013_02/00220.jpg",
      "transform_matrix": [
        [
          0.699799,
          -0.453216,
          0.552156,
          2.04722
        ],
        [
          -0.712229,
          -0.383308,
          0.588051,
          2.063004
        ],
        [
          -0.054868,
          -0.80478,
          -0.591032,
          1.402868
        ],
        [
          0.0,
          0.0,
          0.0,
          1.0
        ]
      ]
    },
    {
      "file_path": "/media/NFS/ttao/scannet/posed_images/scene0013_02/00223.jpg",
      "transform_matrix": [
        [
          0.684859,
          -0.450163,
          0.572994,
          2.016271
        ],
        [
          -0.727559,
          -0.378932,
          0.571899,
          2.086464
        ],
        [
          -0.040322,
          -0.808557,
          -0.587035,
          1.402928
        ],
        [
          0.0,
          0.0,
          0.0,
          1.0
        ]
      ]
    },
    {
      "file_path": "/media/NFS/ttao/scannet/posed_images/scene0013_02/00227.jpg",
      "transform_matrix": [
        [
          0.66421,
          -0.45199,
          0.595424,
          1.980304
        ],
        [
          -0.746936,
          -0.369117,
          0.553026,
          2.127926
        ],
        [
          -0.030181,
          -0.81207,
          -0.582779,
          1.402934
        ],
        [
          0.0,
          0.0,
          0.0,
          1.0
        ]
      ]
    },
    {
      "file_path": "/media/NFS/ttao/scannet/posed_images/scene0013_02/00230.jpg",
      "transform_matrix": [
        [
          0.646272,
          -0.466833,
          0.603656,
          1.948357
        ],
        [
          -0.762352,
          -0.359792,
          0.53793,
          2.168617
        ],
        [
          -0.033933,
          -0.807847,
          -0.588414,
          1.402213
        ],
        [
          0.0,
          0.0,
          0.0,
          1.0
        ]
      ]
    },
    {
      "file_path": "/media/NFS/ttao/scannet/posed_images/scene0013_02/00237.jpg",
      "transform_matrix": [
        [
          0.626235,
          -0.499988,
          0.598199,
          1.892255
        ],
        [
          -0.778012,
          -0.351295,
          0.520855,
          2.240523
        ],
        [
          -0.050277,
          -0.791583,
          -0.60899,
          1.402262
        ],
        [
          0.0,
          0.0,
          0.0,
          1.0
        ]
      ]
    },
    {
      "file_path": "/media/NFS/ttao/scannet/posed_images/scene0013_02/00240.jpg",
      "transform_matrix": [
        [
          0.621604,
          -0.511623,
          0.59317,
          1.87994
        ],
        [
          -0.781376,
          -0.351507,
          0.515649,
          2.261869
        ],
        [
          -0.055315,
          -0.784018,
          -0.618268,
          1.405226
        ],
        [
          0.0,
          0.0,
          0.0,
          1.0
        ]
      ]
    },
    {
      "file_path": "/media/NFS/ttao/scannet/posed_images/scene0013_02/00242.jpg",
      "transform_matrix": [
        [
          0.616749,
          -0.516011,
          0.594436,
          1.876698
        ],
        [
          -0.785136,
          -0.349136,
          0.511533,
          2.268061
        ],
        [
          -0.056418,
          -0.7822,
          -0.620467,
          1.407042
        ],
        [
          0.0,
          0.0,
          0.0,
          1.0
        ]
      ]
    },
    {
      "file_path": "/media/NFS/ttao/scannet/posed_images/scene0013_02/00249.jpg",
      "transform_matrix": [
        [
          0.587822,
          -0.53413,
          0.607595,
          1.870296
        ],
        [
          -0.807205,
          -0.337377,
          0.484352,
          2.287546
        ],
        [
          -0.053718,
          -0.775166,
          -0.62947,
          1.406118
        ],
        [
          0.0,
          0.0,
          0.0,
          1.0
        ]
      ]
    },
    {
      "file_path": "/media/NFS/ttao/scannet/posed_images/scene0013_02/00250.jpg",
      "transform_matrix": [
        [
          0.584283,
          -0.535494,
          0.609803,
          1.87124
        ],
        [
          -0.809723,
          -0.334271,
          0.482299,
          2.289094
        ],
        [
          -0.054429,
          -0.77557,
          -0.628911,
          1.406366
        ],
        [
          0.0,
          0.0,
          0.0,
          1.0
        ]
      ]
    },
    {
      "file_path": "/media/NFS/ttao/scannet/posed_images/scene0013_02/00253.jpg",
      "transform_matrix": [
        [
          0.571826,
          -0.537142,
          0.620075,
          1.872428
        ],
        [
          -0.818606,
          -0.323986,
          0.474255,
          2.290238
        ],
        [
          -0.053847,
          -0.778789,
          -0.624971,
          1.40785
        ],
        [
          0.0,
          0.0,
          0.0,
          1.0
        ]
      ]
    },
    {
      "file_path": "/media/NFS/ttao/scannet/posed_images/scene0013_02/00258.jpg",
      "transform_matrix": [
        [
          0.545713,
          -0.52922,
          0.64971,
          1.879331
        ],
        [
          -0.83651,
          -0.298263,
          0.459662,
          2.289601
        ],
        [
          -0.049478,
          -0.794333,
          -0.605464,
          1.418652
        ],
        [
          0.0,
          0.0,
          0.0,
          1.0
        ]
      ]
    },
    {
      "file_path": "/media/NFS/ttao/scannet/posed_images/scene0013_02/00264.jpg",
      "transform_matrix": [
        [
          0.502947,
          -0.513118,
          0.695524,
          1.92196
        ],
        [
          -0.863313,
          -0.259463,
          0.432861,
          2.25124
        ],
        [
          -0.041646,
          -0.818162,
          -0.573478,
          1.424324
        ],
        [
          0.0,
          0.0,
          0.0,
          1.0
        ]
      ]
    },
    {
      "file_path": "/media/NFS/ttao/scannet/posed_images/scene0013_02/00267.jpg",
      "transform_matrix": [
        [
          0.464554,
          -0.519755,
          0.716969,
          1.957318
        ],
        [
          -0.884616,
          -0.235316,
          0.402592,
          2.21807
        ],
        [
          -0.040535,
          -0.821268,
          -0.569101,
          1.423361
        ],
        [
          0.0,
          0.0,
          0.0,
          1.0
        ]
      ]
    },
    {
      "file_path": "/media/NFS/ttao/scannet/posed_images/scene0013_02/00269.jpg",
      "transform_matrix": [
        [
          0.445365,
          -0.524474,
          0.725657,
          1.980084
        ],
        [
          -0.894439,
          -0.224077,
          0.387,
          2.1965
        ],
        [
          -0.040369,
          -0.821411,
          -0.568906,
          1.427767
        ],
        [
          0.0,
          0.0,
          0.0,
          1.0
        ]
      ]
    },
    {
      "file_path": "/media/NFS/ttao/scannet/posed_images/scene0013_02/00275.jpg",
      "transform_matrix": [
        [
          0.408966,
          -0.52494,
          0.746448,
          2.050632
        ],
        [
          -0.911429,
          -0.194451,
          0.362609,
          2.105535
        ],
        [
          -0.045201,
          -0.828629,
          -0.55797,
          1.422982
        ],
        [
          0.0,
          0.0,
          0.0,
          1.0
        ]
      ]
    },
    {
      "file_path": "/media/NFS/ttao/scannet/posed_images/scene0013_02/00277.jpg",
      "transform_matrix": [
        [
          0.3977,
          -0.533714,
          0.746313,
          2.071185
        ],
        [
          -0.916363,
          -0.190299,
          0.352228,
          2.082942
        ],
        [
          -0.045966,
          -0.823975,
          -0.564758,
          1.423928
        ],
        [
          0.0,
          0.0,
          0.0,
          1.0
        ]
      ]
    },
    {
      "file_path": "/media/NFS/ttao/scannet/posed_images/scene0013_02/00281.jpg",
      "transform_matrix": [
        [
          0.384295,
          -0.535805,
          0.751818,
          2.103608
        ],
        [
          -0.922173,
          -0.184183,
          0.34011,
          2.033988
        ],
        [
          -0.04376,
          -0.824008,
          -0.564885,
          1.425886
        ],
        [
          0.0,
          0.0,
          0.0,
          1.0
        ]
      ]
    },
    {
      "file_path": "/media/NFS/ttao/scannet/posed_images/scene0013_02/00287.jpg",
      "transform_matrix": [
        [
          0.37221,
          -0.517871,
          0.77024,
          2.153331
        ],
        [
          -0.927772,
          -0.183955,
          0.324653,
          1.971451
        ],
        [
          -0.026439,
          -0.835446,
          -0.548936,
          1.428315
        ],
        [
          0.0,
          0.0,
          0.0,
          1.0
        ]
      ]
    },
    {
      "file_path": "/media/NFS/ttao/scannet/posed_images/scene0013_02/00288.jpg",
      "transform_matrix": [
        [
          0.3676,
          -0.515802,
          0.773834,
          2.158584
        ],
        [
          -0.929668,
          -0.182116,
          0.320236,
          1.960443
        ],
        [
          -0.024251,
          -0.837127,
          -0.54647,
          1.425831
        ],
        [
          0.0,
          0.0,
          0.0,
          1.0
        ]
      ]
    },
    {
      "file_path": "/media/NFS/ttao/scannet/posed_images/scene0013_02/00292.jpg",
      "transform_matrix": [
        [
          0.326564,
          -0.522244,
          0.787793,
          2.180033
        ],
        [
          -0.944917,
          -0.160924,
          0.285017,
          1.927115
        ],
        [
          -0.022074,
          -0.837475,
          -0.546029,
          1.423033
        ],
        [
          0.0,
          0.0,
          0.0,
          1.0
        ]
      ]
    },
    {
      "file_path": "/media/NFS/ttao/scannet/posed_images/scene0013_02/00297.jpg",
      "transform_matrix": [
        [
          0.260356,
          -0.53289,
          0.805135,
          2.2349
        ],
        [
          -0.96545,
          -0.134173,
          0.223393,
          1.895263
        ],
        [
          -0.011016,
          -0.835479,
          -0.549412,
          1.412496
