{
  "frames": [
    {
      "file_path": "/media/NFS/ttao/scannet/posed_images/scene0236_01/00000.jpg",
      "transform_matrix": [
        [
          0.979109,
          0.124224,
          -0.160979,
          3.120997
        ],
        [
          0.203191,
          -0.627703,
          0.751467,
          2.809747
        ],
        [
          -0.007696,
          -0.768477,
          -0.63983,
          1.371517
        ],
        [
          0.0,
          0.0,
          0.0,
          1.0
        ]
      ]
    },
    {
      "file_path": "/media/NFS/ttao/scannet/posed_images/scene0236_01/00008.jpg",
      "transform_matrix": [
        [
          0.982192,
          0.120898,
          -0.143818,
          3.116655
        ],
        [
          0.187804,
          -0.6539,
          0.732902,
          2.816814
        ],
        [
          -0.005436,
          -0.74686,
          -0.66496,
          1.364577
        ],
        [
          0.0,
          0.0,
          0.0,
          1.0
        ]
      ]
    },
    {
      "file_path": "/media/NFS/ttao/scannet/posed_images/scene0236_01/00010.jpg",
      "transform_matrix": [
        [
          0.981954,
          0.12185,
          -0.144634,
          3.125103
        ],
        [
          0.189002,
          -0.659402,
          0.727645,
          2.820555
        ],
        [
          -0.006708,
          -0.74185,
          -0.670532,
          1.364916
        ],
        [
          0.0,
          0.0,
          0.0,
          1.0
        ]
      ]
    },
    {
      "file_path": "/media/NFS/ttao/scannet/posed_images/scene0236_01/00015.jpg",
      "transform_matrix": [
        [
          0.985116,
          0.120153,
          -0.122923,
          3.126955
        ],
        [
          0.171892,
          -0.68696,
          0.706073,
          2.824264
        ],
        [
          0.000393,
          -0.716693,
          -0.697389,
          1.355795
        ],
        [
          0.0,
          0.0,
          0.0,
          1.0
        ]
      ]
    },
    {
      "file_path": "/media/NFS/ttao/scannet/posed_images/scene0236_01/00022.jpg",
      "transform_matrix": [
        [
          0.99384,
          0.090692,
          -0.063699,
          3.14849
        ],
        [
          0.11023,
          -0.749275,
          0.653021,
          2.832089
        ],
        [
          0.011496,
          -0.656019,
          -0.754656,
          1.334387
        ],
        [
          0.0,
          0.0,
          0.0,
          1.0
        ]
      ]
    },
    {
      "file_path": "/media/NFS/ttao/scannet/posed_images/scene0236_01/00028.jpg",
      "transform_matrix": [
        [
          0.998841,
          0.046159,
          -0.013658,
          3.172189
        ],
        [
          0.044724,
          -0.78493,
          0.617968,
          2.841194
        ],
        [
          0.017804,
          -0.617862,
          -0.786085,
          1.3243
        ],
        [
          0.0,
          0.0,
          0.0,
          1.0
        ]
      ]
    },
    {
      "file_path": "/media/NFS/ttao/scannet/posed_images/scene0236_01/00032.jpg",
      "transform_matrix": [
        [
          0.99964,
          0.011882,
          0.02407,
          3.18904
        ],
        [
          -0.00505,
          -0.797435,
          0.603384,
          2.844282
        ],
        [
          0.026364,
          -0.603288,
          -0.797087,
          1.321933
        ],
        [
          0.0,
          0.0,
          0.0,
          1.0
        ]
      ]
    },
    {
      "file_path": "/media/NFS/ttao/scannet/posed_images/scene0236_01/00042.jpg",
      "transform_matrix": [
        [
          0.994301,
          -0.075346,
          0.075419,
          3.217361
        ],
        [
          -0.106299,
          -0.754465,
          0.647675,
          2.85479
        ],
        [
          0.008101,
          -0.652001,
          -0.758175,
          1.349601
        ],
        [
          0.0,
          0.0,
          0.0,
          1.0
        ]
      ]
    },
    {
      "file_path": "/media/NFS/ttao/scannet/posed_images/scene0236_01/00047.jpg",
      "transform_matrix": [
        [
          0.997803,
          -0.03684,
          0.055071,
          3.205085
        ],
        [
          -0.064778,
          -0.717051,
          0.694004,
          2.849377
        ],
        [
          0.013921,
          -0.696047,
          -0.717861,
          1.362045
        ],
        [
          0.0,
          0.0,
          0.0,
          1.0
        ]
      ]
    },
    {
      "file_path": "/media/NFS/ttao/scannet/posed_images/scene0236_01/00053.jpg",
      "transform_matrix": [
        [
          0.99876,
          0.037909,
          0.032263,
          3.187517
        ],
        [
          0.002245,
          -0.681756,
          0.731576,
          2.845348
        ],
        [
          0.049728,
          -0.730597,
          -0.680996,
          1.37242
        ],
        [
          0.0,
          0.0,
          0.0,
          1.0
        ]
      ]
    },
    {
      "file_path": "/media/NFS/ttao/scannet/posed_images/scene0236_01/00055.jpg",
      "transform_matrix": [
        [
          0.998487,
          0.048752,
          0.025429,
          3.183926
        ],
        [
          0.013759,
          -0.669284,
          0.742879,
          2.848708
        ],
        [
          0.053236,
          -0.741405,
          -0.668942,
          1.379149
        ],
        [
          0.0,
          0.0,
          0.0,
          1.0
        ]
      ]
    },
    {
      "file_path": "/media/NFS/ttao/scannet/posed_images/scene0236_01/00063.jpg",
      "transform_matrix": [
        [
          0.998119,
          0.061226,
          -0.003171,
          3.165263
        ],
        [
          0.03989,
          -0.609286,
          0.791946,
          2.858532
        ],
        [
          0.046555,
          -0.790583,
          -0.610582,
          1.398772
        ],
        [
          0.0,
          0.0,
          0.0,
          1.0
        ]
      ]
    },
    {
      "file_path": "/media/NFS/ttao/scannet/posed_images/scene0236_01/00065.jpg",
      "transform_matrix": [
        [
          0.997898,
          0.064526,
          -0.00593,
          3.161529
        ],
        [
          0.043449,
          -0.598416,
          0.800006,
          2.861471
        ],
        [
          0.048072,
          -0.798583,
          -0.599962,
          1.403057
        ],
        [
          0.0,
          0.0,
          0.0,
          1.0
        ]
      ]
    },
    {
      "file_path": "/media/NFS/ttao/scannet/posed_images/scene0236_01/00075.jpg",
      "transform_matrix": [
        [
          0.998517,
          0.044488,
          0.03139,
          3.153581
        ],
        [
          -0.003584,
          -0.521564,
          0.853204,
          2.876342
        ],
        [
          0.05433,
          -0.852051,
          -0.520631,
          1.429236
        ],
        [
          0.0,
          0.0,
          0.0,
          1.0
        ]
      ]
    },
    {
      "file_path": "/media/NFS/ttao/scannet/posed_images/scene0236_01/00077.jpg",
      "transform_matrix": [
        [
          0.998505,
          0.041005,
          0.036149,
          3.152508
        ],
        [
          -0.009984,
          -0.513377,
          0.858105,
          2.881397
        ],
        [
          0.053745,
          -0.857183,
          -0.5122,
          1.435608
        ],
        [
          0.0,
          0.0,
          0.0,
          1.0
        ]
      ]
    },
    {
      "file_path": "/media/NFS/ttao/scannet/posed_images/scene0236_01/00085.jpg",
      "transform_matrix": [
        [
          0.997669,
          0.034514,
          0.058862,
          3.143043
        ],
        [
          -0.038007,
          -0.43535,
          0.899459,
          2.889688
        ],
        [
          0.056669,
          -0.899599,
          -0.433024,
          1.456336
        ],
        [
          0.0,
          0.0,
          0.0,
          1.0
        ]
      ]
    },
    {
      "file_path": "/media/NFS/ttao/scannet/posed_images/scene0236_01/00088.jpg",
      "transform_matrix": [
        [
          0.998049,
          0.026981,
          0.056308,
          3.138153
        ],
        [
          -0.039921,
          -0.417664,
          0.907724,
          2.894799
        ],
        [
          0.048009,
          -0.908201,
          -0.415772,
          1.467171
        ],
        [
          0.0,
          0.0,
          0.0,
          1.0
        ]
      ]
    },
    {
      "file_path": "/media/NFS/ttao/scannet/posed_images/scene0236_01/00097.jpg",
      "transform_matrix": [
        [
          0.999212,
          0.019074,
          0.034807,
          3.122902
        ],
        [
          -0.02732,
          -0.305608,
          0.951765,
          2.894333
        ],
        [
          0.028791,
          -0.951966,
          -0.304846,
          1.505264
        ],
        [
          0.0,
          0.0,
          0.0,
          1.0
        ]
      ]
    },
    {
      "file_path": "/media/NFS/ttao/scannet/posed_images/scene0236_01/00103.jpg",
      "transform_matrix": [
        [
          0.999037,
          0.034286,
          0.027388,
          3.113689
        ],
        [
          -0.01753,
          -0.26035,
          0.965355,
          2.889111
        ],
        [
          0.040229,
          -0.964906,
          -0.259498,
          1.507741
        ],
        [
          0.0,
          0.0,
          0.0,
          1.0
        ]
      ]
    },
    {
      "file_path": "/media/NFS/ttao/scannet/posed_images/scene0236_01/00105.jpg",
      "transform_matrix": [
        [
          0.999167,
          0.035662,
          0.019842,
          3.111596
        ],
        [
          -0.010117,
          -0.25459,
          0.966996,
          2.891706
        ],
        [
          0.039536,
          -0.966391,
          -0.254017,
          1.512206
        ],
        [
          0.0,
          0.0,
          0.0,
          1.0
        ]
      ]
    },
    {
      "file_path": "/media/NFS/ttao/scannet/posed_images/scene0236_01/00110.jpg",
      "transform_matrix": [
        [
          0.9992,
          0.038997,
          -0.008825,
          3.107167
        ],
        [
          0.017896,
          -0.238823,
          0.970898,
          2.886838
        ],
        [
          0.035755,
          -0.97028,
          -0.239329,
          1.511438
        ],
        [
          0.0,
          0.0,
          0.0,
          1.0
        ]
      ]
    },
    {
      "file_path": "/media/NFS/ttao/scannet/posed_images/scene0236_01/00118.jpg",
      "transform_matrix": [
        [
          0.994432,
          0.06515,
          -0.082824,
          3.097844
        ],
        [
          0.097313,
          -0.266216,
          0.958988,
          2.883533
        ],
        [
          0.040429,
          -0.961709,
          -0.271074,
          1.502593
        ],
        [
          0.0,
          0.0,
          0.0,
          1.0
        ]
      ]
    },
    {
      "file_path": "/media/NFS/ttao/scannet/posed_images/scene0236_01/00124.jpg",
      "transform_matrix": [
        [
          0.989733,
          0.074952,
          -0.121701,
          3.098834
        ],
        [
          0.136502,
          -0.243198,
          0.960324,
          2.874388
        ],
        [
          0.042381,
          -0.967076,
          -0.250933,
          1.50997
        ],
        [
          0.0,
          0.0,
          0.0,
          1.0
        ]
      ]
    },
    {
      "file_path": "/media/NFS/ttao/scannet/posed_images/scene0236_01/00130.jpg",
      "transform_matrix": [
        [
          0.984078,
          0.094249,
          -0.150691,
          3.096562
        ],
        [
          0.168849,
          -0.230965,
          0.958199,
          2.863842
        ],
        [
          0.055505,
          -0.968386,
          -0.243201,
          1.506731
        ],
        [
          0.0,
          0.0,
          0.0,
          1.0
        ]
      ]
    },
    {
      "file_path": "/media/NFS/ttao/scannet/posed_images/scene0236_01/00132.jpg",
      "transform_matrix": [
        [
          0.98461,
          0.097481,
          -0.145055,
          3.096949
        ],
        [
          0.163922,
          -0.22729,
          0.959932,
          2.859737
        ],
        [
          0.060606,
          -0.968936,
          -0.239771,
          1.509518
        ],
        [
          0.0,
          0.0,
          0.0,
          1.0
        ]
      ]
    },
    {
      "file_path": "/media/NFS/ttao/scannet/posed_images/scene0236_01/00139.jpg",
      "transform_matrix": [
        [
          0.993342,
          0.106742,
          -0.043338,
          3.092215
        ],
        [
          0.064349,
          -0.202061,
          0.977257,
          2.845895
        ],
        [
          0.095558,
          -0.973539,
          -0.207584,
          1.505185
        ],
        [
          0.0,
          0.0,
          0.0,
          1.0
        ]
      ]
    },
    {
      "file_path": "/media/NFS/ttao/scannet/posed_images/scene0236_01/00147.jpg",
      "transform_matrix": [
        [
          0.992102,
          0.097258,
          0.079213,
          3.101103
        ],
        [
          -0.059308,
          -0.192741,
          0.979456,
          2.839737
        ],
        [
          0.110527,
          -0.976418,
          -0.18545,
          1.507453
        ],
        [
          0.0,
          0.0,
          0.0,
          1.0
        ]
      ]
    },
    {
      "file_path": "/media/NFS/ttao/scannet/posed_images/scene0236_01/00150.jpg",
      "transform_matrix": [
        [
          0.988837,
          0.097344,
          0.112809,
          3.101587
        ],
        [
          -0.092172,
          -0.195241,
          0.976414,
          2.837733
        ],
        [
          0.117073,
          -0.975912,
          -0.184089,
          1.501979
        ],
        [
          0.0,
          0.0,
          0.0,
          1.0
        ]
      ]
    },
    {
      "file_path": "/media/NFS/ttao/scannet/posed_images/scene0236_01/00159.jpg",
      "transform_matrix": [
        [
          0.971515,
          0.075405,
          0.224661,
          3.120437
        ],
        [
          -0.207003,
          -0.191477,
          0.95942,
          2.830186
        ],
        [
          0.115363,
          -0.978596,
          -0.170414,
          1.499832
        ],
        [
          0.0,
          0.0,
          0.0,
          1.0
        ]
      ]
    },
    {
      "file_path": "/media/NFS/ttao/scannet/posed_images/scene0236_01/00162.jpg",
      "transform_matrix": [
        [
          0.966424,
          0.069993,
          0.247236,
          3.126067
        ],
        [
          -0.229869,
          -0.194478,
          0.953593,
          2.831688
        ],
        [
          0.114826,
          -0.978406,
          -0.171859,
          1.506566
        ],
        [
          0.0,
          0.0,
          0.0,
          1.0
        ]
      ]
    },
    {
      "file_path": "/media/NFS/ttao/scannet/posed_images/scene0236_01/00170.jpg",
      "transform_matrix": [
        [
          0.983563,
          0.064022,
          0.168835,
          3.11294
        ],
        [
          -0.14993,
          -0.231494,
          0.961214,
          2.836217
        ],
        [
          0.100623,
          -0.970727,
          -0.21809,
          1.507219
        ],
        [
          0.0,
          0.0,
          0.0,
          1.0
        ]
      ]
    },
    {
      "file_path": "/media/NFS/ttao/scannet/posed_images/scene0236_01/00174.jpg",
      "transform_matrix": [
        [
          0.991258,
          0.080803,
          0.104299,
          3.101229
        ],
        [
          -0.081213,
          -0.249328,
          0.965008,
          2.839758
        ],
        [
          0.10398,
          -0.965042,
          -0.240587,
          1.499657
        ],
        [
          0.0,
          0.0,
          0.0,
          1.0
        ]
      ]
    },
    {
      "file_path": "/media/NFS/ttao/scannet/posed_images/scene0236_01/00180.jpg",
      "transform_matrix": [
        [
          0.994742,
          0.102396,
          -0.001866,
          3.086586
        ],
        [
          0.029448,
          -0.268532,
          0.962821,
          2.853852
        ],
        [
          0.098088,
          -0.957813,
          -0.270135,
          1.495724
        ],
        [
          0.0,
          0.0,
          0.0,
          1.0
        ]
      ]
    },
    {
      "file_path": "/media/NFS/ttao/scannet/posed_images/scene0236_01/00182.jpg",
      "transform_matrix": [
        [
          0.993481,
          0.105962,
          -0.042046,
          3.083452
        ],
        [
          0.068825,
          -0.263483,
          0.962206,
          2.858134
        ],
        [
          0.090879,
          -0.958827,
          -0.269058,
          1.495433
        ],
        [
          0.0,
          0.0,
          0.0,
          1.0
        ]
      ]
    },
    {
      "file_path": "/media/NFS/ttao/scannet/posed_images/scene0236_01/00192.jpg",
      "transform_matrix": [
        [
          0.951421,
          0.141504,
          -0.273448,
          3.081701
        ],
        [
          0.303081,
          -0.274042,
          0.912712,
          2.905096
        ],
        [
          0.054216,
          -0.95125,
          -0.303617,
          1.479249
        ],
        [
          0.0,
          0.0,
          0.0,
          1.0
        ]
      ]
    },
    {
      "file_path": "/media/NFS/ttao/scannet/posed_images/scene0236_01/00195.jpg",
      "transform_matrix": [
        [
          0.931184,
          0.156371,
          -0.32931,
          3.080479
        ],
        [
          0.361043,
          -0.270581,
          0.892432,
          2.923895
        ],
        [
          0.050446,
          -0.949913,
          -0.308417,
          1.47964
        ],
        [
          0.0,
          0.0,
          0.0,
          1.0
        ]
      ]
    },
    {
      "file_path": "/media/NFS/ttao/scannet/posed_images/scene0236_01/00200.jpg",
      "transform_matrix": [
        [
          0.879134,
          0.15346,
          -0.451192,
          3.14326
        ],
        [
          0.476083,
          -0.239745,
          0.84609,
          2.974745
        ],
        [
          0.021669,
          -0.958631,
          -0.283827,
          1.480469
        ],
        [
          0.0,
          0.0,
          0.0,
          1.0
        ]
      ]
    },
    {
      "file_path": "/media/NFS/ttao/scannet/posed_images/scene0236_01/00205.jpg",
      "transform_matrix": [
        [
          0.835369,
          0.148282,
          -0.529312,
          3.138006
        ],
        [
          0.549645,
          -0.213086,
          0.807765,
          3.001967
        ],
        [
          0.006989,
          -0.965716,
          -0.259508,
          1.486073
        ],
        [
          0.0,
          0.0,
          0.0,
          1.0
        ]
      ]
    },
    {
      "file_path": "/media/NFS/ttao/scannet/posed_images/scene0236_01/00214.jpg",
      "transform_matrix": [
        [
          0.762124,
          0.119877,
          -0.636235,
          3.16088
        ],
        [
          0.647359,
          -0.155716,
          0.746109,
          3.058637
        ],
        [
          -0.00963,
          -0.980501,
          -0.196278,
          1.480506
        ],
        [
          0.0,
          0.0,
          0.0,
          1.0
        ]
      ]
    },
    {
      "file_path": "/media/NFS/ttao/scannet/posed_images/scene0236_01/00215.jpg",
      "transform_matrix": [
        [
          0.757887,
          0.119235,
          -0.641397,
          3.158601
        ],
        [
          0.652329,
          -0.151499,
          0.74264,
          3.059937
        ],
        [
          -0.008622,
          -0.98124,
          -0.192599,
          1.479716
        ],
        [
          0.0,
          0.0,
          0.0,
          1.0
        ]
      ]
    },
    {
      "file_path": "/media/NFS/ttao/scannet/posed_images/scene0236_01/00222.jpg",
      "transform_matrix": [
        [
          0.707939,
          0.090186,
          -0.700492,
          3.159814
        ],
        [
          0.706044,
          -0.11565,
          0.698661,
          3.091001
        ],
        [
          -0.018002,
          -0.989187,
          -0.145548,
          1.490061
        ],
        [
          0.0,
          0.0,
          0.0,
          1.0
        ]
      ]
    },
    {
      "file_path": "/media/NFS/ttao/scannet/posed_images/scene0236_01/00229.jpg",
      "transform_matrix": [
        [
          0.647159,
          0.051056,
          -0.760643,
          3.176564
        ],
        [
          0.761559,
          -0.088894,
          0.641971,
          3.121951
        ],
        [
          -0.034839,
          -0.994732,
          -0.096411,
          1.4758
        ],
        [
          0.0,
          0.0,
          0.0,
          1.0
        ]
      ]
    },
    {
      "file_path": "/media/NFS/ttao/scannet/posed_images/scene0236_01/00235.jpg",
      "transform_matrix": [
        [
          0.573714,
          0.042264,
          -0.817964,
          3.175934
        ],
        [
          0.817875,
          -0.083169,
          0.569354,
          3.141015
        ],
        [
          -0.043966,
          -0.995639,
          -0.082282,
          1.464242
        ],
        [
          0.0,
          0.0,
          0.0,
          1.0
        ]
      ]
    },
    {
      "file_path": "/media/NFS/ttao/scannet/posed_images/scene0236_01/00239.jpg",
      "transform_matrix": [
        [
          0.515435,
          0.047308,
          -0.855622,
          3.185975
        ],
        [
          0.855319,
          -0.089569,
          0.5103,
          3.179556
        ],
        [
          -0.052496,
          -0.994856,
          -0.086631,
          1.467503
        ],
        [
          0.0,
          0.0,
          0.0,
          1.0
        ]
      ]
    },
    {
      "file_path": "/media/NFS/ttao/scannet/posed_images/scene0236_01/00245.jpg",
      "transform_matrix": [
        [
          0.425186,
          0.057454,
          -0.903281,
          3.158602
        ],
        [
          0.902283,
          -0.105662,
          0.417996,
          3.15834
        ],
        [
          -0.071426,
          -0.992741,
          -0.096766,
          1.482448
        ],
        [
          0.0,
          0.0,
          0.0,
          1.0
        ]
      ]
    },
    {
      "file_path": "/media/NFS/ttao/scannet/posed_images/scene0236_01/00254.jpg",
      "transform_matrix": [
        [
          0.358357,
          0.095753,
          -0.928661,
          3.091327
        ],
        [
          0.931296,
          -0.106271,
          0.348417,
          3.044321
        ],
        [
          -0.065328,
          -0.989716,
          -0.127257,
          1.513298
        ],
        [
          0.0,
          0.0,
          0.0,
          1.0
        ]
      ]
    },
    {
      "file_path": "/media/NFS/ttao/scannet/posed_images/scene0236_01/00259.jpg",
      "transform_matrix": [
        [
          0.301355,
          0.114314,
          -0.946635,
          3.087781
        ],
        [
          0.952413,
          -0.083742,
          0.293082,
          3.075431
        ],
        [
          -0.04577,
          -0.989909,
          -0.13411,
          1.534073
        ],
        [
          0.0,
          0.0,
          0.0,
          1.0
        ]
      ]
    },
    {
      "file_path": "/media/NFS/ttao/scannet/posed_images/scene0236_01/00260.jpg",
      "transform_matrix": [
        [
          0.337819,
          0.116968,
          -0.933915,
          3.063736
        ],
        [
          0.940013,
          -0.09198,
          0.328505,
          2.919713
        ],
        [
          -0.047477,
          -0.988867,
          -0.141024,
          1.546491
        ],
        [
          0.0,
          0.0,
          0.0,
          1.0
        ]
      ]
    },
    {
      "file_path": "/media/NFS/ttao/scannet/posed_images/scene0236_01/00265.jpg",
      "transform_matrix": [
        [
          0.280885,
          0.118957,
          -0.95234,
          3.061999
        ],
        [
          0.958251,
          -0.090042,
          0.271381,
          2.928676
        ],
        [
          -0.053468,
          -0.988808,
          -0.139282,
          1.551958
        ],
        [
          0.0,
          0.0,
          0.0,
          1.0
        ]
      ]
    },
    {
      "file_path": "/media/NFS/ttao/scannet/posed_images/scene0236_01/00275.jpg",
      "transform_matrix": [
        [
          0.189037,
          0.116942,
          -0.974982,
          3.053459
        ],
        [
          0.978472,
          -0.106158,
          0.176981,
          2.861995
        ],
        [
          -0.082806,
          -0.987449,
          -0.134492,
          1.545745
        ],
        [
          0.0,
          0.0,
          0.0,
          1.0
        ]
      ]
    },
    {
      "file_path": "/media/NFS/ttao/scannet/posed_images/scene0236_01/00277.jpg",
      "transform_matrix": [
        [
          0.175291,
          0.119991,
          -0.977177,
          3.050419
        ],
        [
          0.981046,
          -0.104559,
          0.163146,
          2.858323
        ],
        [
          -0.082596,
          -0.987253,
          -0.136045,
          1.549421
        ],
        [
          0.0,
          0.0,
          0.0,
          1.0
        ]
      ]
    },
    {
      "file_path": "/media/NFS/ttao/scannet/posed_images/scene0236_01/00287.jpg",
      "transform_matrix": [
        [
          0.089579,
          0.176788,
          -0.980164,
          3.033313
        ],
        [
          0.99276,
          -0.094917,
          0.07361,
          2.854942
        ],
        [
          -0.080021,
          -0.979661,
          -0.184011,
          1.52598
        ],
        [
          0.0,
          0.0,
          0.0,
          1.0
        ]
      ]
    },
    {
      "file_path": "/media/NFS/ttao/scannet/posed_images/scene0236_01/00289.jpg",
      "transform_matrix": [
        [
          0.066764,
          0.191784,
          -0.979164,
          3.029925
        ],
        [
          0.994789,
          -0.088585,
          0.050479,
          2.852847
        ],
        [
          -0.077058,
          -0.977431,
          -0.196699,
          1.522977
        ],
        [
          0.0,
          0.0,
          0.0,
          1.0
        ]
      ]
    },
    {
      "file_path": "/media/NFS/ttao/scannet/posed_images/scene0236_01/00297.jpg",
      "transform_matrix": [
        [
          -0.003986,
          0.277023,
          -0.960855,
          3.004702
        ],
        [
          0.997934,
          -0.060504,
          -0.021583,
          2.840975
        ],
        [
          -0.064114,
          -0.958956,
          -0.27621,
          1.521124
        ],
        [
          0.0,
          0.0,
          0.0,
          1.0
        ]
      ]
    },
    {
      "file_path": "/media/NFS/ttao/scannet/posed_images/scene0236_01/00300.jpg",
      "transform_matrix": [
        [
          0.00374,
          0.328376,
          -0.94454,
          2.991562
        ],
        [
          0.998275,
          -0.056568,
          -0.015714,
          2.829975
        ],
        [
          -0.058591,
          -0.942852,
          -0.328021,
          1.516398
        ],
        [
          0.0,
          0.0,
          0.0,
          1.0
        ]
      ]
    },
    {
      "file_path": "/media/NFS/ttao/scannet/posed_images/scene0236_01/00305.jpg",
      "transform_matrix": [
        [
          0.00096,
          0.385918,
          -0.922532,
          2.978171
        ],
        [
          0.998383,
          -0.0528,
          -0.021048,
          2.831711
        ],
        [
          -0.056832,
          -0.921021,
          -0.385345,
          1.503928
        ],
        [
          0.0,
          0.0,
          0.0,
          1.0
        ]
      ]
    },
    {
      "file_path": "/media/NFS/ttao/scannet/posed_images/scene0236_01/00310.jpg",
      "transform_matrix": [
        [
          0.008535,
          0.439295,
          -0.898302,
          2.978526
        ],
        [
          0.99779,
          -0.062938,
          -0.021299,
          2.830422
        ],
        [
          -0.065894,
          -0.896135,
          -0.438861,
          1.480978
        ],
        [
          0.0,
          0.0,
          0.0,
          1.0
        ]
      ]
    },
    {
      "file_path": "/media/NFS/ttao/scannet/posed_images/scene0236_01/00315.jpg",
      "transform_matrix": [
        [
          0.005691,
          0.508365,
          -0.861123,
          2.977312
        ],
        [
          0.997945,
          -0.057843,
          -0.027552,
          2.837114
        ],
        [
          -0.063816,
          -0.859197,
          -0.50765,
          1.451759
        ],
        [
          0.0,
          0.0,
          0.0,
          1.0
        ]
      ]
    },
    {
      "file_path": "/media/NFS/ttao/scannet/posed_images/scene0236_01/00324.jpg",
      "transform_matrix": [
        [
          0.025512,
          0.639402,
          -0.768449,
          2.966729
        ],
        [
          0.997549,
          -0.066389,
          -0.022123,
          2.841198
        ],
        [
          -0.065162,
          -0.766001,
          -0.639528,
          1.402892
        ],
        [
          0.0,
          0.0,
          0.0,
          1.0
        ]
      ]
    },
    {
      "file_path": "/media/NFS/ttao/scannet/posed_images/scene0236_01/00327.jpg",
      "transform_matrix": [
        [
          0.032696,
          0.667948,
          -0.74349,
          2.969733
        ],
        [
          0.997186,
          -0.072011,
          -0.020842,
          2.845531
        ],
        [
          -0.067461,
          -0.740716,
          -0.668423,
          1.387717
        ],
        [
          0.0,
          0.0,
          0.0,
          1.0
        ]
      ]
    },
    {
      "file_path": "/media/NFS/ttao/scannet/posed_images/scene0236_01/00337.jpg",
      "transform_matrix": [
        [
          0.11467,
          0.75555,
          -0.644977,
          2.966638
        ],
        [
          0.99274,
          -0.110875,
          0.046616,
          2.844687
        ],
        [
          -0.036291,
          -0.64564,
          -0.762779,
          1.349846
        ],
        [
          0.0,
          0.0,
          0.0,
          1.0
        ]
      ]
    },
    {
      "file_path": "/media/NFS/ttao/scannet/posed_images/scene0236_01/00342.jpg",
      "transform_matrix": [
        [
          0.117456,
          0.791539,
          -0.599726,
          2.9617
        ],
        [
          0.99115,
          -0.131048,
          0.021154,
          2.840194
        ],
        [
          -0.061848,
          -0.596903,
          -0.799926,
          1.329158
        ],
        [
          0.0,
          0.0,
          0.0,
          1.0
        ]
      ]
    },
    {
      "file_path": "/media/NFS/ttao/scannet/posed_images/scene0236_01/00347.jpg",
      "transform_matrix": [
        [
          0.116623,
          0.817042,
          -0.56466,
          2.946692
        ],
        [
          0.990987,
          -0.13346,
          0.011564,
          2.844555
        ],
        [
          -0.065911,
          -0.560919,
          -0.825243,
          1.316652
        ],
        [
          0.0,
          0.0,
          0.0,
          1.0
        ]
      ]
    },
    {
      "file_path": "/media/NFS/ttao/scannet/posed_images/scene0236_01/00354.jpg",
      "transform_matrix": [
        [
          0.121693,
          0.825744,
          -0.55076,
          2.940762
        ],
        [
          0.989961,
          -0.141159,
          0.0071,
          2.846759
        ],
        [
          -0.071882,
          -0.546096,
          -0.834633,
          1.311512
        ],
        [
          0.0,
          0.0,
          0.0,
          1.0
        ]
      ]
    },
    {
      "file_path": "/media/NFS/ttao/scannet/posed_images/scene0236_01/00359.jpg",
      "transform_matrix": [
        [
          0.115184,
          0.825524,
          -0.552488,
          2.941686
        ],
        [
          0.990751,
          -0.135639,
          0.003883,
          2.841942
        ],
        [
          -0.071733,
          -0.547825,
          -0.833512,
          1.312791
        ],
        [
          0.0,
          0.0,
          0.0,
          1.0
        ]
      ]
    },
    {
      "file_path": "/media/NFS/ttao/scannet/posed_images/scene0236_01/00361.jpg",
      "transform_matrix": [
        [
          0.115999,
          0.820672,
          -0.559501,
          2.94303
        ],
        [
          0.990478,
          -0.137624,
          0.003486,
          2.844142
        ],
        [
          -0.07414,
          -0.554578,
          -0.828822,
          1.315991
        ],
        [
          0.0,
          0.0,
          0.0,
          1.0
        ]
      ]
    },
    {
      "file_path": "/media/NFS/ttao/scannet/posed_images/scene0236_01/00369.jpg",
      "transform_matrix": [
        [
          0.142305,
          0.80089,
          -0.581657,
          2.950161
        ],
        [
          0.987611,
          -0.154153,
          0.029369,
          2.84652
        ],
        [
          -0.066143,
          -0.57863,
          -0.812904,
          1.320524
        ],
        [
          0.0,
          0.0,
          0.0,
          1.0
        ]
      ]
    },
    {
      "file_path": "/media/NFS/ttao/scannet/posed_images/scene0236_01/00372.jpg",
      "transform_matrix": [
        [
          0.149975,
          0.794746,
          -0.588121,
          2.950008
        ],
        [
          0.986362,
          -0.161064,
          0.033878,
          2.848568
        ],
        [
          -0.067801,
          -0.585182,
          -0.808063,
          1.325284
        ],
        [
          0.0,
          0.0,
          0.0,
          1.0
        ]
      ]
    },
    {
      "file_path": "/media/NFS/ttao/scannet/posed_images/scene0236_01/00381.jpg",
      "transform_matrix": [
        [
          0.149936,
          0.717008,
          -0.680749,
          2.954226
        ],
        [
          0.985437,
          -0.164232,
          0.044065,
          2.855166
        ],
        [
          -0.080206,
          -0.677442,
          -0.73119,
          1.357543
        ],
        [
          0.0,
          0.0,
          0.0,
          1.0
        ]
      ]
    },
    {
      "file_path": "/media/NFS/ttao/scannet/posed_images/scene0236_01/00387.jpg",
      "transform_matrix": [
        [
          0.124655,
          0.652333,
          -0.747611,
          2.968129
        ],
        [
          0.989311,
          -0.139181,
          0.043513,
          2.859001
        ],
        [
          -0.075668,
          -0.745044,
          -0.662709,
          1.368673
        ],
        [
          0.0,
          0.0,
          0.0,
          1.0
        ]
      ]
    },
    {
      "file_path": "/media/NFS/ttao/scannet/posed_images/scene0236_01/00389.jpg",
      "transform_matrix": [
        [
          0.119151,
          0.632548,
          -0.765301,
          2.972616
        ],
        [
          0.99022,
          -0.132047,
          0.045027,
          2.861184
        ],
        [
          -0.072574,
          -0.763182,
          -0.642095,
          1.370276
        ],
        [
          0.0,
          0.0,
          0.0,
          1.0
        ]
      ]
    },
    {
      "file_path": "/media/NFS/ttao/scannet/posed_images/scene0236_01/00396.jpg",
      "transform_matrix": [
        [
          0.104165,
          0.582808,
          -0.805906,
          2.97406
        ],
        [
          0.992938,
          -0.107202,
          0.050814,
          2.862849
        ],
        [
          -0.05678,
          -0.805508,
          -0.589859,
          1.376026
        ],
        [
          0.0,
          0.0,
          0.0,
          1.0
        ]
      ]
    },
    {
      "file_path": "/media/NFS/ttao/scannet/posed_images/scene0236_01/00404.jpg",
      "transform_matrix": [
        [
          0.079576,
          0.575503,
          -0.813919,
          2.958384
        ],
        [
          0.995302,
          -0.09105,
          0.032931,
          2.852042
        ],
        [
          -0.055155,
          -0.812715,
          -0.580045,
          1.373938
        ],
        [
          0.0,
          0.0,
          0.0,
          1.0
        ]
      ]
    },
    {
      "file_path": "/media/NFS/ttao/scannet/posed_images/scene0236_01/00406.jpg",
      "transform_matrix": [
        [
          0.081455,
          0.572318,
          -0.815977,
          2.950228
        ],
        [
          0.9952,
          -0.091255,
          0.03534,
          2.847572
        ],
        [
          -0.054236,
          -0.814939,
          -0.577004,
          1.371668
        ],
        [
          0.0,
          0.0,
          0.0,
          1.0
        ]
      ]
    },
    {
      "file_path": "/media/NFS/ttao/scannet/posed_images/scene0236_01/00414.jpg",
      "transform_matrix": [
        [
          0.106449,
          0.5606,
          -0.821216,
          2.922293
        ],
        [
          0.993079,
          -0.101154,
          0.059674,
          2.833502
        ],
        [
          -0.049616,
          -0.821885,
          -0.567488,
          1.382552
        ],
        [
          0.0,
          0.0,
          0.0,
          1.0
        ]
      ]
    },
    {
      "file_path": "/media/NFS/ttao/scannet/posed_images/scene0236_01/00416.jpg",
      "transform_matrix": [
        [
          0.110734,
          0.563463,
          -0.818686,
          2.919989
        ],
        [
          0.992455,
          -0.106323,
          0.061061,
          2.828018
        ],
        [
          -0.05264,
          -0.819271,
          -0.570985,
          1.377757
        ],
        [
          0.0,
          0.0,
          0.0,
          1.0
        ]
      ]
    },
    {
      "file_path": "/media/NFS/ttao/scannet/posed_images/scene0236_01/00424.jpg",
      "transform_matrix": [
        [
          0.140465,
          0.610504,
          -0.779458,
          2.905296
        ],
        [
          0.989322,
          -0.117454,
          0.08629,
          2.816067
        ],
        [
          -0.03887,
          -0.783256,
          -0.620483,
          1.364894
        ],
        [
          0.0,
          0.0,
          0.0,
          1.0
        ]
      ]
    },
    {
      "file_path": "/media/NFS/ttao/scannet/posed_images/scene0236_01/00427.jpg",
      "transform_matrix": [
        [
          0.134916,
          0.636294,
          -0.759557,
          2.907374
        ],
        [
          0.990179,
          -0.114929,
          0.079602,
          2.811819
        ],
        [
          -0.036645,
          -0.762837,
          -0.645551,
          1.354922
        ],
        [
          0.0,
          0.0,
