{
  "frames": [
    {
      "file_path": "/media/NFS/ttao/scannet/posed_images/scene0310_01/00000.jpg",
      "transform_matrix": [
        [
          0.245854,
          -0.410584,
          0.878053,
          0.709683
        ],
        [
          -0.969233,
          -0.092948,
          0.227922,
          0.975462
        ],
        [
          -0.011968,
          -0.907073,
          -0.420803,
          1.513489
        ],
        [
          0.0,
          0.0,
          0.0,
          1.0
        ]
      ]
    },
    {
      "file_path": "/media/NFS/ttao/scannet/posed_images/scene0310_01/00003.jpg",
      "transform_matrix": [
        [
          0.224989,
          -0.401165,
          0.887945,
          0.703312
        ],
        [
          -0.97432,
          -0.084266,
          0.208805,
          0.978146
        ],
        [
          -0.008941,
          -0.912122,
          -0.409822,
          1.523048
        ],
        [
          0.0,
          0.0,
          0.0,
          1.0
        ]
      ]
    },
    {
      "file_path": "/media/NFS/ttao/scannet/posed_images/scene0310_01/00007.jpg",
      "transform_matrix": [
        [
          0.199376,
          -0.40269,
          0.893359,
          0.697162
        ],
        [
          -0.97991,
          -0.077267,
          0.183863,
          0.977196
        ],
        [
          -0.005013,
          -0.912069,
          -0.410005,
          1.523314
        ],
        [
          0.0,
          0.0,
          0.0,
          1.0
        ]
      ]
    },
    {
      "file_path": "/media/NFS/ttao/scannet/posed_images/scene0310_01/00008.jpg",
      "transform_matrix": [
        [
          0.193656,
          -0.404018,
          0.894017,
          0.696536
        ],
        [
          -0.981056,
          -0.074982,
          0.178624,
          0.97671
        ],
        [
          -0.005132,
          -0.911673,
          -0.410885,
          1.522043
        ],
        [
          0.0,
          0.0,
          0.0,
          1.0
        ]
      ]
    },
    {
      "file_path": "/media/NFS/ttao/scannet/posed_images/scene0310_01/00011.jpg",
      "transform_matrix": [
        [
          0.175286,
          -0.408531,
          0.895755,
          0.686862
        ],
        [
          -0.984516,
          -0.074468,
          0.158692,
          0.979734
        ],
        [
          0.001875,
          -0.909701,
          -0.415259,
          1.515229
        ],
        [
          0.0,
          0.0,
          0.0,
          1.0
        ]
      ]
    },
    {
      "file_path": "/media/NFS/ttao/scannet/posed_images/scene0310_01/00016.jpg",
      "transform_matrix": [
        [
          0.131088,
          -0.42689,
          0.894751,
          0.679889
        ],
        [
          -0.991311,
          -0.066301,
          0.113603,
          0.968959
        ],
        [
          0.010827,
          -0.90187,
          -0.431873,
          1.51229
        ],
        [
          0.0,
          0.0,
          0.0,
          1.0
        ]
      ]
    },
    {
      "file_path": "/media/NFS/ttao/scannet/posed_images/scene0310_01/00017.jpg",
      "transform_matrix": [
        [
          0.120724,
          -0.431445,
          0.894025,
          0.677504
        ],
        [
          -0.992606,
          -0.063902,
          0.103197,
          0.966578
        ],
        [
          0.012606,
          -0.899873,
          -0.435969,
          1.512152
        ],
        [
          0.0,
          0.0,
          0.0,
          1.0
        ]
      ]
    },
    {
      "file_path": "/media/NFS/ttao/scannet/posed_images/scene0310_01/00020.jpg",
      "transform_matrix": [
        [
          0.089661,
          -0.441865,
          0.89259,
          0.662013
        ],
        [
          -0.99567,
          -0.061843,
          0.0694,
          0.964413
        ],
        [
          0.024535,
          -0.894947,
          -0.445497,
          1.514219
        ],
        [
          0.0,
          0.0,
          0.0,
          1.0
        ]
      ]
    },
    {
      "file_path": "/media/NFS/ttao/scannet/posed_images/scene0310_01/00025.jpg",
      "transform_matrix": [
        [
          0.044748,
          -0.458092,
          0.887778,
          0.654331
        ],
        [
          -0.998626,
          -0.044765,
          0.027236,
          0.950497
        ],
        [
          0.027264,
          -0.887777,
          -0.459466,
          1.508466
        ],
        [
          0.0,
          0.0,
          0.0,
          1.0
        ]
      ]
    },
    {
      "file_path": "/media/NFS/ttao/scannet/posed_images/scene0310_01/00028.jpg",
      "transform_matrix": [
        [
          0.019609,
          -0.467273,
          0.883895,
          0.648957
        ],
        [
          -0.999453,
          -0.032707,
          0.004882,
          0.941547
        ],
        [
          0.026628,
          -0.883508,
          -0.467659,
          1.50547
        ],
        [
          0.0,
          0.0,
          0.0,
          1.0
        ]
      ]
    },
    {
      "file_path": "/media/NFS/ttao/scannet/posed_images/scene0310_01/00030.jpg",
      "transform_matrix": [
        [
          0.001789,
          -0.470453,
          0.882423,
          0.6332
        ],
        [
          -0.999556,
          -0.027089,
          -0.012416,
          0.938947
        ],
        [
          0.029745,
          -0.882009,
          -0.470292,
          1.500528
        ],
        [
          0.0,
          0.0,
          0.0,
          1.0
        ]
      ]
    },
    {
      "file_path": "/media/NFS/ttao/scannet/posed_images/scene0310_01/00031.jpg",
      "transform_matrix": [
        [
          -0.007352,
          -0.474263,
          0.880353,
          0.633459
        ],
        [
          -0.999557,
          -0.0219,
          -0.020146,
          0.935565
        ],
        [
          0.028834,
          -0.880111,
          -0.473892,
          1.501893
        ],
        [
          0.0,
          0.0,
          0.0,
          1.0
        ]
      ]
    },
    {
      "file_path": "/media/NFS/ttao/scannet/posed_images/scene0310_01/00036.jpg",
      "transform_matrix": [
        [
          -0.057072,
          -0.477612,
          0.876715,
          0.625622
        ],
        [
          -0.997989,
          0.003047,
          -0.063306,
          0.917599
        ],
        [
          0.027565,
          -0.878565,
          -0.476826,
          1.501769
        ],
        [
          0.0,
          0.0,
          0.0,
          1.0
        ]
      ]
    },
    {
      "file_path": "/media/NFS/ttao/scannet/posed_images/scene0310_01/00038.jpg",
      "transform_matrix": [
        [
          -0.077089,
          -0.475467,
          0.876349,
          0.625055
        ],
        [
          -0.99661,
          0.011416,
          -0.081474,
          0.910237
        ],
        [
          0.028734,
          -0.879659,
          -0.474736,
          1.502533
        ],
        [
          0.0,
          0.0,
          0.0,
          1.0
        ]
      ]
    },
    {
      "file_path": "/media/NFS/ttao/scannet/posed_images/scene0310_01/00042.jpg",
      "transform_matrix": [
        [
          -0.116278,
          -0.46808,
          0.876002,
          0.61088
        ],
        [
          -0.992627,
          0.024368,
          -0.118738,
          0.900681
        ],
        [
          0.034233,
          -0.88335,
          -0.467462,
          1.5003
        ],
        [
          0.0,
          0.0,
          0.0,
          1.0
        ]
      ]
    },
    {
      "file_path": "/media/NFS/ttao/scannet/posed_images/scene0310_01/00045.jpg",
      "transform_matrix": [
        [
          -0.14235,
          -0.464041,
          0.874301,
          0.61181
        ],
        [
          -0.989072,
          0.032424,
          -0.143827,
          0.891146
        ],
        [
          0.038393,
          -0.88522,
          -0.463585,
          1.502743
        ],
        [
          0.0,
          0.0,
          0.0,
          1.0
        ]
      ]
    },
    {
      "file_path": "/media/NFS/ttao/scannet/posed_images/scene0310_01/00048.jpg",
      "transform_matrix": [
        [
          -0.164035,
          -0.461937,
          0.871611,
          0.611031
        ],
        [
          -0.985493,
          0.037736,
          -0.165468,
          0.883072
        ],
        [
          0.043545,
          -0.88611,
          -0.461426,
          1.50321
        ],
        [
          0.0,
          0.0,
          0.0,
          1.0
        ]
      ]
    },
    {
      "file_path": "/media/NFS/ttao/scannet/posed_images/scene0310_01/00049.jpg",
      "transform_matrix": [
        [
          -0.170994,
          -0.463013,
          0.869701,
          0.611328
        ],
        [
          -0.984268,
          0.040439,
          -0.171991,
          0.879916
        ],
        [
          0.044465,
          -0.885428,
          -0.462644,
          1.504559
        ],
        [
          0.0,
          0.0,
          0.0,
          1.0
        ]
      ]
    },
    {
      "file_path": "/media/NFS/ttao/scannet/posed_images/scene0310_01/00054.jpg",
      "transform_matrix": [
        [
          -0.199613,
          -0.464347,
          0.862865,
          0.601404
        ],
        [
          -0.97823,
          0.043437,
          -0.202926,
          0.868886
        ],
        [
          0.056748,
          -0.884588,
          -0.462908,
          1.498069
        ],
        [
          0.0,
          0.0,
          0.0,
          1.0
        ]
      ]
    },
    {
      "file_path": "/media/NFS/ttao/scannet/posed_images/scene0310_01/00055.jpg",
      "transform_matrix": [
        [
          -0.204655,
          -0.46757,
          0.859939,
          0.600892
        ],
        [
          -0.977048,
          0.044525,
          -0.208316,
          0.866657
        ],
        [
          0.059113,
          -0.882834,
          -0.465951,
          1.496972
        ],
        [
          0.0,
          0.0,
          0.0,
          1.0
        ]
      ]
    },
    {
      "file_path": "/media/NFS/ttao/scannet/posed_images/scene0310_01/00058.jpg",
      "transform_matrix": [
        [
          -0.219803,
          -0.476361,
          0.851332,
          0.596757
        ],
        [
          -0.973685,
          0.053285,
          -0.221578,
          0.858934
        ],
        [
          0.060188,
          -0.877634,
          -0.475538,
          1.493124
        ],
        [
          0.0,
          0.0,
          0.0,
          1.0
        ]
      ]
    },
    {
      "file_path": "/media/NFS/ttao/scannet/posed_images/scene0310_01/00062.jpg",
      "transform_matrix": [
        [
          -0.243392,
          -0.487382,
          0.838582,
          0.58814
        ],
        [
          -0.968022,
          0.067892,
          -0.241502,
          0.85174
        ],
        [
          0.060771,
          -0.870546,
          -0.488321,
          1.488266
        ],
        [
          0.0,
          0.0,
          0.0,
          1.0
        ]
      ]
    },
    {
      "file_path": "/media/NFS/ttao/scannet/posed_images/scene0310_01/00064.jpg",
      "transform_matrix": [
        [
          -0.253531,
          -0.492585,
          0.832515,
          0.584884
        ],
        [
          -0.965531,
          0.076437,
          -0.248812,
          0.846569
        ],
        [
          0.058926,
          -0.866901,
          -0.494986,
          1.48646
        ],
        [
          0.0,
          0.0,
          0.0,
          1.0
        ]
      ]
    },
    {
      "file_path": "/media/NFS/ttao/scannet/posed_images/scene0310_01/00067.jpg",
      "transform_matrix": [
        [
          -0.267261,
          -0.502457,
          0.822258,
          0.578641
        ],
        [
          -0.961893,
          0.087978,
          -0.258886,
          0.83866
        ],
        [
          0.057738,
          -0.860114,
          -0.506823,
          1.481238
        ],
        [
          0.0,
          0.0,
          0.0,
          1.0
        ]
      ]
    },
    {
      "file_path": "/media/NFS/ttao/scannet/posed_images/scene0310_01/00069.jpg",
      "transform_matrix": [
        [
          -0.274941,
          -0.510264,
          0.814885,
          0.576266
        ],
        [
          -0.959709,
          0.09451,
          -0.264625,
          0.834005
        ],
        [
          0.058014,
          -0.854809,
          -0.515689,
          1.478997
        ],
        [
          0.0,
          0.0,
          0.0,
          1.0
        ]
      ]
    },
    {
      "file_path": "/media/NFS/ttao/scannet/posed_images/scene0310_01/00073.jpg",
      "transform_matrix": [
        [
          -0.288685,
          -0.517116,
          0.805762,
          0.567762
        ],
        [
          -0.955571,
          0.103288,
          -0.276071,
          0.825006
        ],
        [
          0.059535,
          -0.849661,
          -0.523959,
          1.475016
        ],
        [
          0.0,
          0.0,
          0.0,
          1.0
        ]
      ]
    },
    {
      "file_path": "/media/NFS/ttao/scannet/posed_images/scene0310_01/00075.jpg",
      "transform_matrix": [
        [
          -0.297229,
          -0.519931,
          0.800829,
          0.565879
        ],
        [
          -0.952697,
          0.105778,
          -0.28492,
          0.822453
        ],
        [
          0.063429,
          -0.847633,
          -0.526777,
          1.4736
        ],
        [
          0.0,
          0.0,
          0.0,
          1.0
        ]
      ]
    },
    {
      "file_path": "/media/NFS/ttao/scannet/posed_images/scene0310_01/00078.jpg",
      "transform_matrix": [
        [
          -0.312133,
          -0.520037,
          0.795069,
          0.565458
        ],
        [
          -0.947701,
          0.111763,
          -0.298952,
          0.81769
        ],
        [
          0.066607,
          -0.8468,
          -0.527724,
          1.475031
        ],
        [
          0.0,
          0.0,
          0.0,
          1.0
        ]
      ]
    },
    {
      "file_path": "/media/NFS/ttao/scannet/posed_images/scene0310_01/00083.jpg",
      "transform_matrix": [
        [
          -0.330105,
          -0.5029,
          0.798826,
          0.566951
        ],
        [
          -0.94116,
          0.110397,
          -0.319422,
          0.80891
        ],
        [
          0.07245,
          -0.857266,
          -0.509752,
          1.482227
        ],
        [
          0.0,
          0.0,
          0.0,
          1.0
        ]
      ]
    },
    {
      "file_path": "/media/NFS/ttao/scannet/posed_images/scene0310_01/00085.jpg",
      "transform_matrix": [
        [
          -0.333461,
          -0.49179,
          0.80433,
          0.567512
        ],
        [
          -0.940204,
          0.110648,
          -0.322139,
          0.805168
        ],
        [
          0.069428,
          -0.863655,
          -0.49928,
          1.488077
        ],
        [
          0.0,
          0.0,
          0.0,
          1.0
        ]
      ]
    },
    {
      "file_path": "/media/NFS/ttao/scannet/posed_images/scene0310_01/00089.jpg",
      "transform_matrix": [
        [
          -0.333404,
          -0.471626,
          0.816339,
          0.5738
        ],
        [
          -0.940486,
          0.105957,
          -0.322892,
          0.80165
        ],
        [
          0.065788,
          -0.87541,
          -0.478884,
          1.499548
        ],
        [
          0.0,
          0.0,
          0.0,
          1.0
        ]
      ]
    },
    {
      "file_path": "/media/NFS/ttao/scannet/posed_images/scene0310_01/00091.jpg",
      "transform_matrix": [
        [
          -0.334374,
          -0.461531,
          0.821696,
          0.577056
        ],
        [
          -0.940039,
          0.10113,
          -0.325729,
          0.800468
        ],
        [
          0.067236,
          -0.881341,
          -0.467672,
          1.505775
        ],
        [
          0.0,
          0.0,
          0.0,
          1.0
        ]
      ]
    },
    {
      "file_path": "/media/NFS/ttao/scannet/posed_images/scene0310_01/00093.jpg",
      "transform_matrix": [
        [
          -0.33495,
          -0.446501,
          0.829726,
          0.581404
        ],
        [
          -0.939858,
          0.095811,
          -0.327851,
          0.796884
        ],
        [
          0.066889,
          -0.889639,
          -0.451739,
          1.512262
        ],
        [
          0.0,
          0.0,
          0.0,
          1.0
        ]
      ]
    },
    {
      "file_path": "/media/NFS/ttao/scannet/posed_images/scene0310_01/00095.jpg",
      "transform_matrix": [
        [
          -0.335358,
          -0.428978,
          0.838757,
          0.583566
        ],
        [
          -0.939895,
          0.091601,
          -0.328947,
          0.791735
        ],
        [
          0.06428,
          -0.898659,
          -0.433913,
          1.518793
        ],
        [
          0.0,
          0.0,
          0.0,
          1.0
        ]
      ]
    },
    {
      "file_path": "/media/NFS/ttao/scannet/posed_images/scene0310_01/00100.jpg",
      "transform_matrix": [
        [
          -0.325188,
          -0.395292,
          0.859068,
          0.592454
        ],
        [
          -0.943577,
          0.075527,
          -0.322425,
          0.776896
        ],
        [
          0.062569,
          -0.915445,
          -0.397549,
          1.535839
        ],
        [
          0.0,
          0.0,
          0.0,
          1.0
        ]
      ]
    },
    {
      "file_path": "/media/NFS/ttao/scannet/posed_images/scene0310_01/00101.jpg",
      "transform_matrix": [
        [
          -0.324751,
          -0.390717,
          0.861323,
          0.597716
        ],
        [
          -0.943848,
          0.075419,
          -0.321655,
          0.773753
        ],
        [
          0.060716,
          -0.917416,
          -0.39327,
          1.544781
        ],
        [
          0.0,
          0.0,
          0.0,
          1.0
        ]
      ]
    },
    {
      "file_path": "/media/NFS/ttao/scannet/posed_images/scene0310_01/00104.jpg",
      "transform_matrix": [
        [
          -0.318509,
          -0.369834,
          0.872797,
          0.603487
        ],
        [
          -0.945852,
          0.063221,
          -0.31838,
          0.762287
        ],
        [
          0.062569,
          -0.926944,
          -0.369945,
          1.554838
        ],
        [
          0.0,
          0.0,
          0.0,
          1.0
        ]
      ]
    },
    {
      "file_path": "/media/NFS/ttao/scannet/posed_images/scene0310_01/00107.jpg",
      "transform_matrix": [
        [
          -0.308391,
          -0.350671,
          0.884265,
          0.606596
        ],
        [
          -0.949306,
          0.053907,
          -0.309697,
          0.751406
        ],
        [
          0.060933,
          -0.934946,
          -0.349519,
          1.56552
        ],
        [
          0.0,
          0.0,
          0.0,
          1.0
        ]
      ]
    },
    {
      "file_path": "/media/NFS/ttao/scannet/posed_images/scene0310_01/00110.jpg",
      "transform_matrix": [
        [
          -0.295756,
          -0.329962,
          0.896467,
          0.615554
        ],
        [
          -0.952983,
          0.037105,
          -0.300744,
          0.743138
        ],
        [
          0.065971,
          -0.943265,
          -0.325422,
          1.571819
        ],
        [
          0.0,
          0.0,
          0.0,
          1.0
        ]
      ]
    },
    {
      "file_path": "/media/NFS/ttao/scannet/posed_images/scene0310_01/00115.jpg",
      "transform_matrix": [
        [
          -0.277164,
          -0.290749,
          0.915775,
          0.622485
        ],
        [
          -0.95831,
          0.014776,
          -0.285346,
          0.731263
        ],
        [
          0.069432,
          -0.956685,
          -0.282724,
          1.590871
        ],
        [
          0.0,
          0.0,
          0.0,
          1.0
        ]
      ]
    },
    {
      "file_path": "/media/NFS/ttao/scannet/posed_images/scene0310_01/00118.jpg",
      "transform_matrix": [
        [
          -0.267179,
          -0.261759,
          0.927414,
          0.625846
        ],
        [
          -0.96083,
          -0.001166,
          -0.277135,
          0.726572
        ],
        [
          0.073624,
          -0.965133,
          -0.251195,
          1.600977
        ],
        [
          0.0,
          0.0,
          0.0,
          1.0
        ]
      ]
    },
    {
      "file_path": "/media/NFS/ttao/scannet/posed_images/scene0310_01/00119.jpg",
      "transform_matrix": [
        [
          -0.263494,
          -0.252951,
          0.930906,
          0.62671
        ],
        [
          -0.961743,
          -0.006121,
          -0.273885,
          0.724878
        ],
        [
          0.074978,
          -0.96746,
          -0.241661,
          1.604854
        ],
        [
          0.0,
          0.0,
          0.0,
          1.0
        ]
      ]
    },
    {
      "file_path": "/media/NFS/ttao/scannet/posed_images/scene0310_01/00122.jpg",
      "transform_matrix": [
        [
          -0.256049,
          -0.228604,
          0.939244,
          0.639116
        ],
        [
          -0.963038,
          -0.023749,
          -0.268316,
          0.723344
        ],
        [
          0.083644,
          -0.97323,
          -0.214074,
          1.613377
        ],
        [
          0.0,
          0.0,
          0.0,
          1.0
        ]
      ]
    },
    {
      "file_path": "/media/NFS/ttao/scannet/posed_images/scene0310_01/00124.jpg",
      "transform_matrix": [
        [
          -0.25054,
          -0.208486,
          0.945391,
          0.640454
        ],
        [
          -0.964857,
          -0.026163,
          -0.261468,
          0.721845
        ],
        [
          0.079246,
          -0.977675,
          -0.194604,
          1.621241
        ],
        [
          0.0,
          0.0,
          0.0,
          1.0
        ]
      ]
    },
    {
      "file_path": "/media/NFS/ttao/scannet/posed_images/scene0310_01/00127.jpg",
      "transform_matrix": [
        [
          -0.234605,
          -0.186198,
          0.954091,
          0.641729
        ],
        [
          -0.968851,
          -0.035275,
          -0.245119,
          0.721784
        ],
        [
          0.079296,
          -0.981879,
          -0.172122,
          1.628453
        ],
        [
          0.0,
          0.0,
          0.0,
          1.0
        ]
      ]
    },
    {
      "file_path": "/media/NFS/ttao/scannet/posed_images/scene0310_01/00132.jpg",
      "transform_matrix": [
        [
          -0.196237,
          -0.151229,
          0.968824,
          0.644603
        ],
        [
          -0.97757,
          -0.046883,
          -0.205326,
          0.725429
        ],
        [
          0.076473,
          -0.987386,
          -0.138637,
          1.631003
        ],
        [
          0.0,
          0.0,
          0.0,
          1.0
        ]
      ]
    },
    {
      "file_path": "/media/NFS/ttao/scannet/posed_images/scene0310_01/00133.jpg",
      "transform_matrix": [
        [
          -0.185174,
          -0.14687,
          0.971669,
          0.646573
        ],
        [
          -0.979696,
          -0.04974,
          -0.194222,
          0.726582
        ],
        [
          0.076856,
          -0.987905,
          -0.134677,
          1.633926
        ],
        [
          0.0,
          0.0,
          0.0,
          1.0
        ]
      ]
    },
    {
      "file_path": "/media/NFS/ttao/scannet/posed_images/scene0310_01/00136.jpg",
      "transform_matrix": [
        [
          -0.148561,
          -0.133098,
          0.979905,
          0.646148
        ],
        [
          -0.985691,
          -0.05987,
          -0.15757,
          0.731256
        ],
        [
          0.07964,
          -0.989293,
          -0.122299,
          1.638678
        ],
        [
          0.0,
          0.0,
          0.0,
          1.0
        ]
      ]
    },
    {
      "file_path": "/media/NFS/ttao/scannet/posed_images/scene0310_01/00139.jpg",
      "transform_matrix": [
        [
          -0.118754,
          -0.117274,
          0.985974,
          0.645556
        ],
        [
          -0.98922,
          -0.071718,
          -0.127675,
          0.736875
        ],
        [
          0.085685,
          -0.990507,
          -0.107493,
          1.635812
        ],
        [
          0.0,
          0.0,
          0.0,
          1.0
        ]
      ]
    },
    {
      "file_path": "/media/NFS/ttao/scannet/posed_images/scene0310_01/00142.jpg",
      "transform_matrix": [
        [
          -0.090747,
          -0.102171,
          0.990619,
          0.646702
        ],
        [
          -0.992194,
          -0.07616,
          -0.098746,
          0.73974
        ],
        [
          0.085535,
          -0.991847,
          -0.094462,
          1.637861
        ],
        [
          0.0,
          0.0,
          0.0,
          1.0
        ]
      ]
    },
    {
      "file_path": "/media/NFS/ttao/scannet/posed_images/scene0310_01/00146.jpg",
      "transform_matrix": [
        [
          -0.052822,
          -0.080835,
          0.995327,
          0.644191
        ],
        [
          -0.995343,
          -0.07622,
          -0.059013,
          0.744405
        ],
        [
          0.080634,
          -0.993809,
          -0.076433,
          1.640281
        ],
        [
          0.0,
          0.0,
          0.0,
          1.0
        ]
      ]
    },
    {
      "file_path": "/media/NFS/ttao/scannet/posed_images/scene0310_01/00148.jpg",
      "transform_matrix": [
        [
          -0.033969,
          -0.068389,
          0.99708,
          0.640725
        ],
        [
          -0.996789,
          -0.07006,
          -0.038765,
          0.745702
        ],
        [
          0.072506,
          -0.995196,
          -0.06579,
          1.643858
        ],
        [
          0.0,
          0.0,
          0.0,
          1.0
        ]
      ]
    },
    {
      "file_path": "/media/NFS/ttao/scannet/posed_images/scene0310_01/00152.jpg",
      "transform_matrix": [
        [
          -0.001345,
          -0.037072,
          0.999312,
          0.650462
        ],
        [
          -0.997884,
          -0.064909,
          -0.003752,
          0.749587
        ],
        [
          0.065003,
          -0.997202,
          -0.036907,
          1.633974
        ],
        [
          0.0,
          0.0,
          0.0,
          1.0
        ]
      ]
    },
    {
      "file_path": "/media/NFS/ttao/scannet/posed_images/scene0310_01/00155.jpg",
      "transform_matrix": [
        [
          0.027357,
          -0.019441,
          0.999437,
          0.645706
        ],
        [
          -0.997966,
          -0.058116,
          0.026186,
          0.753445
        ],
        [
          0.057574,
          -0.998121,
          -0.020992,
          1.639569
        ],
        [
          0.0,
          0.0,
          0.0,
          1.0
        ]
      ]
    },
    {
      "file_path": "/media/NFS/ttao/scannet/posed_images/scene0310_01/00158.jpg",
      "transform_matrix": [
        [
          0.057534,
          -0.007715,
          0.998314,
          0.638159
        ],
        [
          -0.996725,
          -0.057366,
          0.056999,
          0.757207
        ],
        [
          0.056829,
          -0.998323,
          -0.01099,
          1.638004
        ],
        [
          0.0,
          0.0,
          0.0,
          1.0
        ]
      ]
    },
    {
      "file_path": "/media/NFS/ttao/scannet/posed_images/scene0310_01/00161.jpg",
      "transform_matrix": [
        [
          0.094921,
          -0.005546,
          0.995469,
          0.657682
        ],
        [
          -0.994084,
          -0.053566,
          0.09449,
          0.751656
        ],
        [
          0.052799,
          -0.998549,
          -0.010598,
          1.644328
        ],
        [
          0.0,
          0.0,
          0.0,
          1.0
        ]
      ]
    },
    {
      "file_path": "/media/NFS/ttao/scannet/posed_images/scene0310_01/00163.jpg",
      "transform_matrix": [
        [
          0.117771,
          -0.001651,
          0.993039,
          0.658881
        ],
        [
          -0.991727,
          -0.051623,
          0.117529,
          0.757172
        ],
        [
          0.051069,
          -0.998665,
          -0.007717,
          1.642605
        ],
        [
          0.0,
          0.0,
          0.0,
          1.0
        ]
      ]
    },
    {
      "file_path": "/media/NFS/ttao/scannet/posed_images/scene0310_01/00165.jpg",
      "transform_matrix": [
        [
          0.141738,
          -0.000148,
          0.989904,
          0.659294
        ],
        [
          -0.988585,
          -0.051635,
          0.141542,
          0.762338
        ],
        [
          0.051093,
          -0.998666,
          -0.007465,
          1.643671
        ],
        [
          0.0,
          0.0,
          0.0,
          1.0
        ]
      ]
    },
    {
      "file_path": "/media/NFS/ttao/scannet/posed_images/scene0310_01/00168.jpg",
      "transform_matrix": [
        [
          0.169384,
          0.001616,
          0.985549,
          0.659314
        ],
        [
          -0.984019,
          -0.055441,
          0.169211,
          0.772328
        ],
        [
          0.054913,
          -0.998461,
          -0.0078,
          1.633889
        ],
        [
          0.0,
          0.0,
          0.0,
          1.0
        ]
      ]
    },
    {
      "file_path": "/media/NFS/ttao/scannet/posed_images/scene0310_01/00173.jpg",
      "transform_matrix": [
        [
          0.2355,
          0.003283,
          0.971869,
          0.669429
        ],
        [
          -0.970787,
          -0.046497,
          0.235395,
          0.767213
        ],
        [
          0.045962,
          -0.998913,
          -0.007764,
          1.622804
        ],
        [
          0.0,
          0.0,
          0.0,
          1.0
        ]
      ]
    },
    {
      "file_path": "/media/NFS/ttao/scannet/posed_images/scene0310_01/00176.jpg",
      "transform_matrix": [
        [
          0.284807,
          0.001061,
          0.958584,
          0.680339
        ],
        [
          -0.958241,
          -0.026466,
          0.284735,
          0.763176
        ],
        [
          0.025672,
          -0.999649,
          -0.006521,
          1.629648
        ],
        [
          0.0,
          0.0,
          0.0,
          1.0
        ]
      ]
    },
    {
      "file_path": "/media/NFS/ttao/scannet/posed_images/scene0310_01/00179.jpg",
      "transform_matrix": [
        [
          0.320366,
          -0.006482,
          0.947272,
          0.67712
        ],
        [
          -0.947132,
          -0.020707,
          0.320177,
          0.775543
        ],
        [
          0.01754,
          -0.999765,
          -0.012773,
          1.632855
        ],
        [
          0.0,
          0.0,
          0.0,
          1.0
        ]
      ]
    },
    {
      "file_path": "/media/NFS/ttao/scannet/posed_images/scene0310_01/00181.jpg",
      "transform_matrix": [
        [
          0.358207,
          -0.0108,
          0.93358,
          0.699044
        ],
        [
          -0.933391,
          -0.027346,
          0.357818,
          0.734226
        ],
        [
          0.021666,
          -0.999568,
          -0.019876,
          1.648273
        ],
        [
          0.0,
          0.0,
          0.0,
          1.0
        ]
      ]
    },
    {
      "file_path": "/media/NFS/ttao/scannet/posed_images/scene0310_01/00184.jpg",
      "transform_matrix": [
        [
          0.389612,
          -0.013406,
          0.920881,
          0.696475
        ],
        [
          -0.920795,
          -0.025647,
          0.389202,
          0.741474
        ],
        [
          0.0184,
          -0.999581,
          -0.022337,
          1.651828
        ],
        [
          0.0,
          0.0,
          0.0,
          1.0
        ]
      ]
    },
    {
      "file_path": "/media/NFS/ttao/scannet/posed_images/scene0310_01/00185.jpg",
      "transform_matrix": [
        [
          0.401256,
          -0.01391,
          0.91586,
          0.694799
        ],
        [
          -0.915796,
          -0.025361,
          0.400842,
          0.742938
        ],
        [
          0.017652,
          -0.999582,
          -0.022915,
          1.652663
        ],
        [
          0.0,
          0.0,
          0.0,
          1.0
        ]
      ]
    },
    {
      "file_path": "/media/NFS/ttao/scannet/posed_images/scene0310_01/00188.jpg",
      "transform_matrix": [
        [
          0.438408,
          -0.014302,
          0.898662,
          0.689003
        ],
        [
          -0.898645,
          -0.02403,
          0.438017,
          0.752213
        ],
        [
          0.015331,
          -0.999609,
          -0.023388,
          1.645277
        ],
        [
          0.0,
          0.0,
          0.0,
          1.0
        ]
      ]
    },
    {
      "file_path": "/media/NFS/ttao/scannet/posed_images/scene0310_01/00193.jpg",
      "transform_matrix": [
        [
          0.507,
          -0.023461,
          0.861626,
          0.692595
        ],
        [
          -0.861812,
          -0.031444,
          0.506253,
          0.752552
        ],
        [
          0.015216,
          -0.99923,
          -0.036161,
          1.635289
        ],
        [
          0.0,
          0.0,
          0.0,
          1.0
        ]
      ]
    },
    {
      "file_path": "/media/NFS/ttao/scannet/posed_images/scene0310_01/00196.jpg",
      "transform_matrix": [
        [
          0.548374,
          -0.022637,
          0.835927,
          0.689645
        ],
        [
          -0.836164,
          -0.027672,
          0.54778,
          0.757489
        ],
        [
          0.010732,
          -0.999361,
          -0.034103,
          1.631273
        ],
        [
          0.0,
          0.0,
          0.0,
          1.0
        ]
      ]
    },
    {
      "file_path": "/media/NFS/ttao/scannet/posed_images/scene0310_01/00197.jpg",
      "transform_matrix": [
        [
          0.562009,
          -0.02302,
          0.826811,
          0.686689
        ],
        [
          -0.827074,
          -0.02737,
          0.561426,
          0.760474
        ],
        [
          0.009706,
          -0.99936,
          -0.034422,
          1.634653
        ],
        [
          0.0,
          0.0,
          0.0,
          1.0
        ]
      ]
    },
    {
      "file_path": "/media/NFS/ttao/scannet/posed_images/scene0310_01/00200.jpg",
      "transform_matrix": [
        [
          0.61096,
          -0.020541,
          0.791395,
          0.693007
        ],
        [
          -0.791639,
          -0.02339,
          0.610541,
          0.7541
        ],
        [
          0.00597,
          -0.999515,
          -0.030551,
          1.637406
        ],
        [
          0.0,
          0.0,
          0.0,
          1.0
        ]
      ]
    },
    {
      "file_path": "/media/NFS/ttao/scannet/posed_images/scene0310_01/00203.jpg",
      "transform_matrix": [
        [
          0.650534,
          -0.013181,
          0.759362,
          0.687654
        ],
        [
          -0.759432,
          -0.022119,
          0.65021,
          0.760125
        ],
        [
          0.008226,
          -0.999668,
          -0.0244,
          1.623683
        ],
        [
          0.0,
          0.0,
          0.0,
          1.0
        ]
      ]
    },
    {
      "file_path": "/media/NFS/ttao/scannet/posed_images/scene0310_01/00208.jpg",
      "transform_matrix": [
        [
          0.705357,
          -0.013626,
          0.708721,
          0.681744
        ],
        [
          -0.708325,
          -0.052105,
          0.703961,
          0.76751
        ],
        [
          0.027336,
          -0.998549,
          -0.046404,
          1.626253
        ],
        [
          0.0,
          0.0,
          0.0,
          1.0
        ]
      ]
    },
    {
      "file_path": "/media/NFS/ttao/scannet/posed_images/scene0310_01/00210.jpg",
      "transform_matrix": [
        [
          0.725982,
          -0.017058,
          0.687502,
          0.679047
        ],
        [
          -0.687164,
          -0.057975,
          0.724186,
          0.76575
        ],
        [
          0.027505,
          -0.998172,
          -0.053811,
          1.628423
        ],
        [
          0.0,
          0.0,
          0.0,
          1.0
        ]
      ]
    },
    {
      "file_path": "/media/NFS/ttao/scannet/posed_images/scene0310_01/00213.jpg",
      "transform_matrix": [
        [
          0.751523,
          -0.017732,
          0.659469,
          0.673155
        ],
        [
          -0.658977,
          -0.067187,
          0.749156,
          0.770548
        ],
        [
          0.031024,
          -0.997583,
          -0.062177,
          1.615261
        ],
        [
          0.0,
          0.0,
          0.0,
          1.0
        ]
      ]
    },
    {
      "file_path": "/media/NFS/ttao/scannet/posed_images/scene0310_01/00214.jpg",
      "transform_matrix": [
        [
          0.759375,
          -0.020277,
          0.650336,
          0.670528
        ],
        [
          -0.649875,
          -0.072479,
          0.756577,
          0.772541
        ],
        [
          0.031795,
          -0.997164,
          -0.068217,
          1.613721
        ],
        [
          0.0,
          0.0,
          0.0,
          1.0
        ]
      ]
    },
    {
      "file_path": "/media/NFS/ttao/scannet/posed_images/scene0310_01/00219.jpg",
      "transform_matrix": [
        [
          0.795598,
          -0.029916,
          0.605086,
          0.66191
        ],
        [
          -0.604979,
          -0.092001,
          0.790909,
          0.782318
        ],
        [
          0.032008,
          -0.995309,
          -0.091294,
          1.599085
        ],
        [
          0.0,
          0.0,
          0.0,
          1.0
        ]
      ]
    },
    {
      "file_path": "/media/NFS/ttao/scannet/posed_images/scene0310_01/00222.jpg",
      "transform_matrix": [
        [
          0.819656,
          -0.037222,
          0.571645,
          0.65768
        ],
        [
          -0.572194,
          -0.101146,
          0.813857,
          0.783479
        ],
        [
          0.027526,
          -0.994175,
          -0.104203,
          1.598961
        ],
        [
          0.0,
          0.0,
          0.0,
          1.0
        ]
      ]
    },
    {
      "file_path": "/media/NFS/ttao/scannet/posed_images/scene0310_01/00223.jpg",
      "transform_matrix": [
        [
          0.82729,
          -0.036228,
          0.560605,
          0.656068
        ],
        [
          -0.561085,
          -0.102723,
          0.82136,
          0.784393
        ],
        [
          0.027831,
          -0.99405,
