{
  "frames": [
    {
      "file_path": "/media/NFS/ttao/scannet/posed_images/scene0265_00/00001.jpg",
      "transform_matrix": [
        [
          0.987861,
          0.07308,
          -0.137078,
          1.429607
        ],
        [
          0.153167,
          -0.60539,
          0.781052,
          0.827569
        ],
        [
          -0.025906,
          -0.792567,
          -0.609234,
          1.268289
        ],
        [
          0.0,
          0.0,
          0.0,
          1.0
        ]
      ]
    },
    {
      "file_path": "/media/NFS/ttao/scannet/posed_images/scene0265_00/00007.jpg",
      "transform_matrix": [
        [
          0.989095,
          0.082503,
          -0.122003,
          1.429342
        ],
        [
          0.147062,
          -0.598244,
          0.787703,
          0.830057
        ],
        [
          -0.008,
          -0.797055,
          -0.603853,
          1.269209
        ],
        [
          0.0,
          0.0,
          0.0,
          1.0
        ]
      ]
    },
    {
      "file_path": "/media/NFS/ttao/scannet/posed_images/scene0265_00/00009.jpg",
      "transform_matrix": [
        [
          0.989195,
          0.085439,
          -0.11914,
          1.428598
        ],
        [
          0.14655,
          -0.599247,
          0.787036,
          0.8302
        ],
        [
          -0.004151,
          -0.795992,
          -0.605293,
          1.267694
        ],
        [
          0.0,
          0.0,
          0.0,
          1.0
        ]
      ]
    },
    {
      "file_path": "/media/NFS/ttao/scannet/posed_images/scene0265_00/00014.jpg",
      "transform_matrix": [
        [
          0.990587,
          0.084517,
          -0.107676,
          1.429874
        ],
        [
          0.136867,
          -0.598821,
          0.789102,
          0.832153
        ],
        [
          0.002214,
          -0.796411,
          -0.604751,
          1.265609
        ],
        [
          0.0,
          0.0,
          0.0,
          1.0
        ]
      ]
    },
    {
      "file_path": "/media/NFS/ttao/scannet/posed_images/scene0265_00/00019.jpg",
      "transform_matrix": [
        [
          0.989741,
          0.085399,
          -0.114543,
          1.431344
        ],
        [
          0.142875,
          -0.593686,
          0.791912,
          0.831251
        ],
        [
          -0.000374,
          -0.800152,
          -0.599796,
          1.267073
        ],
        [
          0.0,
          0.0,
          0.0,
          1.0
        ]
      ]
    },
    {
      "file_path": "/media/NFS/ttao/scannet/posed_images/scene0265_00/00023.jpg",
      "transform_matrix": [
        [
          0.988975,
          0.088292,
          -0.118884,
          1.431764
        ],
        [
          0.148081,
          -0.594782,
          0.79013,
          0.828873
        ],
        [
          -0.000948,
          -0.799023,
          -0.601299,
          1.265495
        ],
        [
          0.0,
          0.0,
          0.0,
          1.0
        ]
      ]
    },
    {
      "file_path": "/media/NFS/ttao/scannet/posed_images/scene0265_00/00027.jpg",
      "transform_matrix": [
        [
          0.988068,
          0.085886,
          -0.12785,
          1.434042
        ],
        [
          0.153738,
          -0.600153,
          0.784972,
          0.823384
        ],
        [
          -0.009311,
          -0.795261,
          -0.606195,
          1.260918
        ],
        [
          0.0,
          0.0,
          0.0,
          1.0
        ]
      ]
    },
    {
      "file_path": "/media/NFS/ttao/scannet/posed_images/scene0265_00/00033.jpg",
      "transform_matrix": [
        [
          0.985815,
          0.07851,
          -0.148343,
          1.445769
        ],
        [
          0.165443,
          -0.603336,
          0.780138,
          0.802531
        ],
        [
          -0.028252,
          -0.793613,
          -0.607766,
          1.240675
        ],
        [
          0.0,
          0.0,
          0.0,
          1.0
        ]
      ]
    },
    {
      "file_path": "/media/NFS/ttao/scannet/posed_images/scene0265_00/00040.jpg",
      "transform_matrix": [
        [
          0.975829,
          0.099771,
          -0.194432,
          1.460542
        ],
        [
          0.213281,
          -0.628741,
          0.747795,
          0.772229
        ],
        [
          -0.04764,
          -0.771188,
          -0.634822,
          1.213172
        ],
        [
          0.0,
          0.0,
          0.0,
          1.0
        ]
      ]
    },
    {
      "file_path": "/media/NFS/ttao/scannet/posed_images/scene0265_00/00046.jpg",
      "transform_matrix": [
        [
          0.965913,
          0.157315,
          -0.20558,
          1.484353
        ],
        [
          0.258607,
          -0.62193,
          0.739139,
          0.743499
        ],
        [
          -0.011579,
          -0.767108,
          -0.641413,
          1.194395
        ],
        [
          0.0,
          0.0,
          0.0,
          1.0
        ]
      ]
    },
    {
      "file_path": "/media/NFS/ttao/scannet/posed_images/scene0265_00/00047.jpg",
      "transform_matrix": [
        [
          0.96431,
          0.165732,
          -0.206491,
          1.490068
        ],
        [
          0.264701,
          -0.621898,
          0.737006,
          0.740503
        ],
        [
          -0.006271,
          -0.76536,
          -0.643571,
          1.192502
        ],
        [
          0.0,
          0.0,
          0.0,
          1.0
        ]
      ]
    },
    {
      "file_path": "/media/NFS/ttao/scannet/posed_images/scene0265_00/00054.jpg",
      "transform_matrix": [
        [
          0.952776,
          0.19375,
          -0.233834,
          1.521633
        ],
        [
          0.303541,
          -0.630319,
          0.714535,
          0.722538
        ],
        [
          -0.008949,
          -0.75177,
          -0.659365,
          1.180513
        ],
        [
          0.0,
          0.0,
          0.0,
          1.0
        ]
      ]
    },
    {
      "file_path": "/media/NFS/ttao/scannet/posed_images/scene0265_00/00057.jpg",
      "transform_matrix": [
        [
          0.94772,
          0.209166,
          -0.24099,
          1.531618
        ],
        [
          0.319093,
          -0.62706,
          0.710616,
          0.716987
        ],
        [
          -0.002479,
          -0.750364,
          -0.66102,
          1.178113
        ],
        [
          0.0,
          0.0,
          0.0,
          1.0
        ]
      ]
    },
    {
      "file_path": "/media/NFS/ttao/scannet/posed_images/scene0265_00/00061.jpg",
      "transform_matrix": [
        [
          0.945122,
          0.201291,
          -0.257344,
          1.539215
        ],
        [
          0.326142,
          -0.628008,
          0.706567,
          0.716865
        ],
        [
          -0.019388,
          -0.751723,
          -0.659194,
          1.183304
        ],
        [
          0.0,
          0.0,
          0.0,
          1.0
        ]
      ]
    },
    {
      "file_path": "/media/NFS/ttao/scannet/posed_images/scene0265_00/00069.jpg",
      "transform_matrix": [
        [
          0.95348,
          0.147231,
          -0.263057,
          1.540958
        ],
        [
          0.296965,
          -0.608823,
          0.735626,
          0.7256
        ],
        [
          -0.051849,
          -0.779524,
          -0.624223,
          1.209955
        ],
        [
          0.0,
          0.0,
          0.0,
          1.0
        ]
      ]
    },
    {
      "file_path": "/media/NFS/ttao/scannet/posed_images/scene0265_00/00070.jpg",
      "transform_matrix": [
        [
          0.954087,
          0.145199,
          -0.261982,
          1.538808
        ],
        [
          0.295101,
          -0.605497,
          0.739114,
          0.725419
        ],
        [
          -0.051311,
          -0.78249,
          -0.620545,
          1.212841
        ],
        [
          0.0,
          0.0,
          0.0,
          1.0
        ]
      ]
    },
    {
      "file_path": "/media/NFS/ttao/scannet/posed_images/scene0265_00/00076.jpg",
      "transform_matrix": [
        [
          0.949959,
          0.152679,
          -0.272519,
          1.52563
        ],
        [
          0.308708,
          -0.59212,
          0.744374,
          0.733504
        ],
        [
          -0.047714,
          -0.791254,
          -0.609623,
          1.234985
        ],
        [
          0.0,
          0.0,
          0.0,
          1.0
        ]
      ]
    },
    {
      "file_path": "/media/NFS/ttao/scannet/posed_images/scene0265_00/00083.jpg",
      "transform_matrix": [
        [
          0.954045,
          0.133022,
          -0.26852,
          1.50345
        ],
        [
          0.297231,
          -0.533994,
          0.79152,
          0.745625
        ],
        [
          -0.038099,
          -0.834959,
          -0.548992,
          1.281916
        ],
        [
          0.0,
          0.0,
          0.0,
          1.0
        ]
      ]
    },
    {
      "file_path": "/media/NFS/ttao/scannet/posed_images/scene0265_00/00089.jpg",
      "transform_matrix": [
        [
          0.963776,
          0.086957,
          -0.252138,
          1.498628
        ],
        [
          0.26311,
          -0.46483,
          0.845403,
          0.752466
        ],
        [
          -0.043688,
          -0.881119,
          -0.470872,
          1.322476
        ],
        [
          0.0,
          0.0,
          0.0,
          1.0
        ]
      ]
    },
    {
      "file_path": "/media/NFS/ttao/scannet/posed_images/scene0265_00/00090.jpg",
      "transform_matrix": [
        [
          0.965434,
          0.078001,
          -0.248701,
          1.499354
        ],
        [
          0.256487,
          -0.454101,
          0.853233,
          0.750452
        ],
        [
          -0.046382,
          -0.887529,
          -0.458411,
          1.320182
        ],
        [
          0.0,
          0.0,
          0.0,
          1.0
        ]
      ]
    },
    {
      "file_path": "/media/NFS/ttao/scannet/posed_images/scene0265_00/00097.jpg",
      "transform_matrix": [
        [
          0.976902,
          0.013731,
          -0.213247,
          1.497808
        ],
        [
          0.199715,
          -0.413621,
          0.888275,
          0.762681
        ],
        [
          -0.076007,
          -0.910346,
          -0.406809,
          1.352092
        ],
        [
          0.0,
          0.0,
          0.0,
          1.0
        ]
      ]
    },
    {
      "file_path": "/media/NFS/ttao/scannet/posed_images/scene0265_00/00100.jpg",
      "transform_matrix": [
        [
          0.979641,
          0.011737,
          -0.200414,
          1.490297
        ],
        [
          0.187795,
          -0.406479,
          0.894152,
          0.762971
        ],
        [
          -0.070969,
          -0.913584,
          -0.400408,
          1.35437
        ],
        [
          0.0,
          0.0,
          0.0,
          1.0
        ]
      ]
    },
    {
      "file_path": "/media/NFS/ttao/scannet/posed_images/scene0265_00/00104.jpg",
      "transform_matrix": [
        [
          0.98262,
          0.012363,
          -0.185219,
          1.480653
        ],
        [
          0.175108,
          -0.39291,
          0.902751,
          0.764305
        ],
        [
          -0.061613,
          -0.919494,
          -0.388246,
          1.356469
        ],
        [
          0.0,
          0.0,
          0.0,
          1.0
        ]
      ]
    },
    {
      "file_path": "/media/NFS/ttao/scannet/posed_images/scene0265_00/00110.jpg",
      "transform_matrix": [
        [
          0.983058,
          0.008729,
          -0.183085,
          1.478272
        ],
        [
          0.174346,
          -0.352803,
          0.919311,
          0.762884
        ],
        [
          -0.056569,
          -0.935657,
          -0.348348,
          1.361152
        ],
        [
          0.0,
          0.0,
          0.0,
          1.0
        ]
      ]
    },
    {
      "file_path": "/media/NFS/ttao/scannet/posed_images/scene0265_00/00114.jpg",
      "transform_matrix": [
        [
          0.983132,
          0.018492,
          -0.181959,
          1.472043
        ],
        [
          0.179099,
          -0.29901,
          0.937292,
          0.761893
        ],
        [
          -0.037075,
          -0.954071,
          -0.297278,
          1.369696
        ],
        [
          0.0,
          0.0,
          0.0,
          1.0
        ]
      ]
    },
    {
      "file_path": "/media/NFS/ttao/scannet/posed_images/scene0265_00/00120.jpg",
      "transform_matrix": [
        [
          0.981754,
          0.012068,
          -0.189773,
          1.470793
        ],
        [
          0.187874,
          -0.215714,
          0.958212,
          0.750105
        ],
        [
          -0.029373,
          -0.976382,
          -0.214045,
          1.380267
        ],
        [
          0.0,
          0.0,
          0.0,
          1.0
        ]
      ]
    },
    {
      "file_path": "/media/NFS/ttao/scannet/posed_images/scene0265_00/00126.jpg",
      "transform_matrix": [
        [
          0.983576,
          0.010431,
          -0.180195,
          1.469451
        ],
        [
          0.178562,
          -0.202008,
          0.962968,
          0.753872
        ],
        [
          -0.026356,
          -0.979328,
          -0.200553,
          1.384346
        ],
        [
          0.0,
          0.0,
          0.0,
          1.0
        ]
      ]
    },
    {
      "file_path": "/media/NFS/ttao/scannet/posed_images/scene0265_00/00132.jpg",
      "transform_matrix": [
        [
          0.982727,
          0.005519,
          -0.184981,
          1.467934
        ],
        [
          0.183077,
          -0.175057,
          0.967387,
          0.755263
        ],
        [
          -0.027043,
          -0.984543,
          -0.173043,
          1.398762
        ],
        [
          0.0,
          0.0,
          0.0,
          1.0
        ]
      ]
    },
    {
      "file_path": "/media/NFS/ttao/scannet/posed_images/scene0265_00/00134.jpg",
      "transform_matrix": [
        [
          0.982623,
          0.00359,
          -0.185581,
          1.466562
        ],
        [
          0.183411,
          -0.172408,
          0.9678,
          0.756762
        ],
        [
          -0.028521,
          -0.985019,
          -0.17007,
          1.403817
        ],
        [
          0.0,
          0.0,
          0.0,
          1.0
        ]
      ]
    },
    {
      "file_path": "/media/NFS/ttao/scannet/posed_images/scene0265_00/00137.jpg",
      "transform_matrix": [
        [
          0.981648,
          0.00286,
          -0.190682,
          1.463318
        ],
        [
          0.188254,
          -0.174255,
          0.966538,
          0.75979
        ],
        [
          -0.030463,
          -0.984696,
          -0.171595,
          1.413106
        ],
        [
          0.0,
          0.0,
          0.0,
          1.0
        ]
      ]
    },
    {
      "file_path": "/media/NFS/ttao/scannet/posed_images/scene0265_00/00144.jpg",
      "transform_matrix": [
        [
          0.972451,
          0.020828,
          -0.232176,
          1.450881
        ],
        [
          0.232462,
          -0.160779,
          0.959225,
          0.760876
        ],
        [
          -0.01735,
          -0.986771,
          -0.161191,
          1.42611
        ],
        [
          0.0,
          0.0,
          0.0,
          1.0
        ]
      ]
    },
    {
      "file_path": "/media/NFS/ttao/scannet/posed_images/scene0265_00/00147.jpg",
      "transform_matrix": [
        [
          0.96801,
          0.038289,
          -0.247972,
          1.444853
        ],
        [
          0.250909,
          -0.150691,
          0.95621,
          0.761727
        ],
        [
          -0.000755,
          -0.987839,
          -0.155477,
          1.439354
        ],
        [
          0.0,
          0.0,
          0.0,
          1.0
        ]
      ]
    },
    {
      "file_path": "/media/NFS/ttao/scannet/posed_images/scene0265_00/00153.jpg",
      "transform_matrix": [
        [
          0.954388,
          0.011709,
          -0.298339,
          1.445677
        ],
        [
          0.297381,
          -0.126307,
          0.946367,
          0.761443
        ],
        [
          -0.026601,
          -0.991922,
          -0.124028,
          1.466379
        ],
        [
          0.0,
          0.0,
          0.0,
          1.0
        ]
      ]
    },
    {
      "file_path": "/media/NFS/ttao/scannet/posed_images/scene0265_00/00160.jpg",
      "transform_matrix": [
        [
          0.94095,
          -0.002975,
          -0.338532,
          1.444513
        ],
        [
          0.336796,
          -0.093292,
          0.936945,
          0.756795
        ],
        [
          -0.034369,
          -0.995634,
          -0.086781,
          1.488789
        ],
        [
          0.0,
          0.0,
          0.0,
          1.0
        ]
      ]
    },
    {
      "file_path": "/media/NFS/ttao/scannet/posed_images/scene0265_00/00162.jpg",
      "transform_matrix": [
        [
          0.93961,
          -0.004171,
          -0.342222,
          1.442998
        ],
        [
          0.340596,
          -0.08672,
          0.936202,
          0.755175
        ],
        [
          -0.033582,
          -0.996224,
          -0.080062,
          1.493708
        ],
        [
          0.0,
          0.0,
          0.0,
          1.0
        ]
      ]
    },
    {
      "file_path": "/media/NFS/ttao/scannet/posed_images/scene0265_00/00169.jpg",
      "transform_matrix": [
        [
          0.934616,
          0.001997,
          -0.355652,
          1.444433
        ],
        [
          0.355222,
          -0.054711,
          0.933179,
          0.746093
        ],
        [
          -0.017595,
          -0.9985,
          -0.051844,
          1.514898
        ],
        [
          0.0,
          0.0,
          0.0,
          1.0
        ]
      ]
    },
    {
      "file_path": "/media/NFS/ttao/scannet/posed_images/scene0265_00/00170.jpg",
      "transform_matrix": [
        [
          0.933237,
          -0.013077,
          -0.359023,
          1.443979
        ],
        [
          0.357979,
          -0.05049,
          0.932363,
          0.744951
        ],
        [
          -0.030319,
          -0.998639,
          -0.042438,
          1.511745
        ],
        [
          0.0,
          0.0,
          0.0,
          1.0
        ]
      ]
    },
    {
      "file_path": "/media/NFS/ttao/scannet/posed_images/scene0265_00/00179.jpg",
      "transform_matrix": [
        [
          0.921386,
          -0.014162,
          -0.38839,
          1.443003
        ],
        [
          0.387772,
          -0.033584,
          0.921143,
          0.732481
        ],
        [
          -0.026089,
          -0.999335,
          -0.025452,
          1.5229
        ],
        [
          0.0,
          0.0,
          0.0,
          1.0
        ]
      ]
    },
    {
      "file_path": "/media/NFS/ttao/scannet/posed_images/scene0265_00/00180.jpg",
      "transform_matrix": [
        [
          0.919205,
          -0.013545,
          -0.393547,
          1.443403
        ],
        [
          0.392978,
          -0.032201,
          0.918984,
          0.732509
        ],
        [
          -0.025121,
          -0.999389,
          -0.024277,
          1.522336
        ],
        [
          0.0,
          0.0,
          0.0,
          1.0
        ]
      ]
    },
    {
      "file_path": "/media/NFS/ttao/scannet/posed_images/scene0265_00/00186.jpg",
      "transform_matrix": [
        [
          0.911199,
          -0.01253,
          -0.411776,
          1.446215
        ],
        [
          0.411585,
          -0.015357,
          0.911242,
          0.724681
        ],
        [
          -0.017741,
          -0.999803,
          -0.008837,
          1.523471
        ],
        [
          0.0,
          0.0,
          0.0,
          1.0
        ]
      ]
    },
    {
      "file_path": "/media/NFS/ttao/scannet/posed_images/scene0265_00/00192.jpg",
      "transform_matrix": [
        [
          0.907895,
          -0.015149,
          -0.418923,
          1.445013
        ],
        [
          0.418902,
          -0.004711,
          0.908019,
          0.717156
        ],
        [
          -0.015729,
          -0.999874,
          0.002069,
          1.527502
        ],
        [
          0.0,
          0.0,
          0.0,
          1.0
        ]
      ]
    },
    {
      "file_path": "/media/NFS/ttao/scannet/posed_images/scene0265_00/00194.jpg",
      "transform_matrix": [
        [
          0.905996,
          -0.01505,
          -0.42302,
          1.446083
        ],
        [
          0.422985,
          -0.005599,
          0.90612,
          0.715194
        ],
        [
          -0.016006,
          -0.999871,
          0.001293,
          1.525285
        ],
        [
          0.0,
          0.0,
          0.0,
          1.0
        ]
      ]
    },
    {
      "file_path": "/media/NFS/ttao/scannet/posed_images/scene0265_00/00200.jpg",
      "transform_matrix": [
        [
          0.897062,
          -0.005527,
          -0.44187,
          1.443816
        ],
        [
          0.441445,
          -0.034382,
          0.896629,
          0.712807
        ],
        [
          -0.020148,
          -0.999393,
          -0.028403,
          1.511561
        ],
        [
          0.0,
          0.0,
          0.0,
          1.0
        ]
      ]
    },
    {
      "file_path": "/media/NFS/ttao/scannet/posed_images/scene0265_00/00204.jpg",
      "transform_matrix": [
        [
          0.889686,
          0.00403,
          -0.456556,
          1.43995
        ],
        [
          0.455923,
          -0.061222,
          0.887911,
          0.7088
        ],
        [
          -0.024373,
          -0.998116,
          -0.056306,
          1.497268
        ],
        [
          0.0,
          0.0,
          0.0,
          1.0
        ]
      ]
    },
    {
      "file_path": "/media/NFS/ttao/scannet/posed_images/scene0265_00/00209.jpg",
      "transform_matrix": [
        [
          0.894691,
          0.010914,
          -0.446552,
          1.440303
        ],
        [
          0.445349,
          -0.099067,
          0.889859,
          0.709028
        ],
        [
          -0.034527,
          -0.995021,
          -0.093495,
          1.473535
        ],
        [
          0.0,
          0.0,
          0.0,
          1.0
        ]
      ]
    },
    {
      "file_path": "/media/NFS/ttao/scannet/posed_images/scene0265_00/00217.jpg",
      "transform_matrix": [
        [
          0.916073,
          0.047156,
          -0.398229,
          1.437012
        ],
        [
          0.399677,
          -0.188312,
          0.897105,
          0.717291
        ],
        [
          -0.032688,
          -0.980976,
          -0.191354,
          1.446629
        ],
        [
          0.0,
          0.0,
          0.0,
          1.0
        ]
      ]
    },
    {
      "file_path": "/media/NFS/ttao/scannet/posed_images/scene0265_00/00219.jpg",
      "transform_matrix": [
        [
          0.91695,
          0.055517,
          -0.395121,
          1.43613
        ],
        [
          0.397767,
          -0.205047,
          0.89428,
          0.718176
        ],
        [
          -0.03137,
          -0.977176,
          -0.210101,
          1.439766
        ],
        [
          0.0,
          0.0,
          0.0,
          1.0
        ]
      ]
    },
    {
      "file_path": "/media/NFS/ttao/scannet/posed_images/scene0265_00/00225.jpg",
      "transform_matrix": [
        [
          0.914148,
          0.073844,
          -0.398597,
          1.435054
        ],
        [
          0.404195,
          -0.241177,
          0.882304,
          0.717529
        ],
        [
          -0.030979,
          -0.967667,
          -0.250319,
          1.416503
        ],
        [
          0.0,
          0.0,
          0.0,
          1.0
        ]
      ]
    },
    {
      "file_path": "/media/NFS/ttao/scannet/posed_images/scene0265_00/00229.jpg",
      "transform_matrix": [
        [
          0.914906,
          0.090727,
          -0.393339,
          1.432106
        ],
        [
          0.402934,
          -0.263963,
          0.876338,
          0.717944
        ],
        [
          -0.02432,
          -0.960256,
          -0.278058,
          1.403502
        ],
        [
          0.0,
          0.0,
          0.0,
          1.0
        ]
      ]
    },
    {
      "file_path": "/media/NFS/ttao/scannet/posed_images/scene0265_00/00235.jpg",
      "transform_matrix": [
        [
          0.923156,
          0.108897,
          -0.368679,
          1.427833
        ],
        [
          0.384116,
          -0.29973,
          0.873279,
          0.72062
        ],
        [
          -0.015406,
          -0.947789,
          -0.318527,
          1.387508
        ],
        [
          0.0,
          0.0,
          0.0,
          1.0
        ]
      ]
    },
    {
      "file_path": "/media/NFS/ttao/scannet/posed_images/scene0265_00/00237.jpg",
      "transform_matrix": [
        [
          0.924562,
          0.113369,
          -0.363775,
          1.428303
        ],
        [
          0.380781,
          -0.309503,
          0.871329,
          0.722505
        ],
        [
          -0.013808,
          -0.944116,
          -0.329324,
          1.383558
        ],
        [
          0.0,
          0.0,
          0.0,
          1.0
        ]
      ]
    },
    {
      "file_path": "/media/NFS/ttao/scannet/posed_images/scene0265_00/00242.jpg",
      "transform_matrix": [
        [
          0.925165,
          0.121894,
          -0.35946,
          1.426824
        ],
        [
          0.379069,
          -0.345123,
          0.858602,
          0.726162
        ],
        [
          -0.0194,
          -0.930608,
          -0.365502,
          1.374371
        ],
        [
          0.0,
          0.0,
          0.0,
          1.0
        ]
      ]
    },
    {
      "file_path": "/media/NFS/ttao/scannet/posed_images/scene0265_00/00249.jpg",
      "transform_matrix": [
        [
          0.919439,
          0.144421,
          -0.365752,
          1.426517
        ],
        [
          0.392615,
          -0.38926,
          0.833264,
          0.725469
        ],
        [
          -0.022032,
          -0.909736,
          -0.414603,
          1.355088
        ],
        [
          0.0,
          0.0,
          0.0,
          1.0
        ]
      ]
    },
    {
      "file_path": "/media/NFS/ttao/scannet/posed_images/scene0265_00/00255.jpg",
      "transform_matrix": [
        [
          0.920163,
          0.160415,
          -0.357166,
          1.420661
        ],
        [
          0.391219,
          -0.413407,
          0.822218,
          0.719426
        ],
        [
          -0.015758,
          -0.896304,
          -0.443159,
          1.335173
        ],
        [
          0.0,
          0.0,
          0.0,
          1.0
        ]
      ]
    },
    {
      "file_path": "/media/NFS/ttao/scannet/posed_images/scene0265_00/00256.jpg",
      "transform_matrix": [
        [
          0.919769,
          0.162252,
          -0.35735,
          1.419801
        ],
        [
          0.392105,
          -0.418625,
          0.81915,
          0.718393
        ],
        [
          -0.016686,
          -0.893548,
          -0.448658,
          1.331994
        ],
        [
          0.0,
          0.0,
          0.0,
          1.0
        ]
      ]
    },
    {
      "file_path": "/media/NFS/ttao/scannet/posed_images/scene0265_00/00265.jpg",
      "transform_matrix": [
        [
          0.905452,
          0.194776,
          -0.37712,
          1.41895
        ],
        [
          0.423982,
          -0.456706,
          0.782086,
          0.704961
        ],
        [
          -0.019901,
          -0.868033,
          -0.496107,
          1.311245
        ],
        [
          0.0,
          0.0,
          0.0,
          1.0
        ]
      ]
    },
    {
      "file_path": "/media/NFS/ttao/scannet/posed_images/scene0265_00/00266.jpg",
      "transform_matrix": [
        [
          0.905399,
          0.19605,
          -0.376587,
          1.420676
        ],
        [
          0.424099,
          -0.45905,
          0.780649,
          0.703226
        ],
        [
          -0.019826,
          -0.866508,
          -0.498769,
          1.307875
        ],
        [
          0.0,
          0.0,
          0.0,
          1.0
        ]
      ]
    },
    {
      "file_path": "/media/NFS/ttao/scannet/posed_images/scene0265_00/00270.jpg",
      "transform_matrix": [
        [
          0.904918,
          0.209885,
          -0.370232,
          1.418211
        ],
        [
          0.425255,
          -0.480216,
          0.76717,
          0.698827
        ],
        [
          -0.016774,
          -0.851669,
          -0.523811,
          1.294592
        ],
        [
          0.0,
          0.0,
          0.0,
          1.0
        ]
      ]
    },
    {
      "file_path": "/media/NFS/ttao/scannet/posed_images/scene0265_00/00279.jpg",
      "transform_matrix": [
        [
          0.900862,
          0.26134,
          -0.346625,
          1.388767
        ],
        [
          0.434037,
          -0.528125,
          0.72986,
          0.697172
        ],
        [
          0.00768,
          -0.807951,
          -0.589199,
          1.260467
        ],
        [
          0.0,
          0.0,
          0.0,
          1.0
        ]
      ]
    },
    {
      "file_path": "/media/NFS/ttao/scannet/posed_images/scene0265_00/00282.jpg",
      "transform_matrix": [
        [
          0.901192,
          0.275262,
          -0.334788,
          1.375143
        ],
        [
          0.433136,
          -0.544052,
          0.71861,
          0.698597
        ],
        [
          0.015664,
          -0.792615,
          -0.609521,
          1.250892
        ],
        [
          0.0,
          0.0,
          0.0,
          1.0
        ]
      ]
    },
    {
      "file_path": "/media/NFS/ttao/scannet/posed_images/scene0265_00/00289.jpg",
      "transform_matrix": [
        [
          0.904614,
          0.279462,
          -0.32183,
          1.348988
        ],
        [
          0.426061,
          -0.571531,
          0.701301,
          0.703814
        ],
        [
          0.012051,
          -0.771526,
          -0.636083,
          1.237305
        ],
        [
          0.0,
          0.0,
          0.0,
          1.0
        ]
      ]
    },
    {
      "file_path": "/media/NFS/ttao/scannet/posed_images/scene0265_00/00290.jpg",
      "transform_matrix": [
        [
          0.906801,
          0.276984,
          -0.317791,
          1.345749
        ],
        [
          0.421409,
          -0.575523,
          0.700848,
          0.703927
        ],
        [
          0.011227,
          -0.76945,
          -0.638609,
          1.236592
        ],
        [
          0.0,
          0.0,
          0.0,
          1.0
        ]
      ]
    },
    {
      "file_path": "/media/NFS/ttao/scannet/posed_images/scene0265_00/00297.jpg",
      "transform_matrix": [
        [
          0.92617,
          0.270352,
          -0.262904,
          1.337163
        ],
        [
          0.376105,
          -0.611457,
          0.696179,
          0.713651
        ],
        [
          0.027458,
          -0.743659,
          -0.667994,
          1.223821
        ],
        [
          0.0,
          0.0,
          0.0,
          1.0
        ]
      ]
    },
    {
      "file_path": "/media/NFS/ttao/scannet/posed_images/scene0265_00/00300.jpg",
      "transform_matrix": [
        [
          0.932726,
          0.260358,
          -0.249472,
          1.333309
        ],
        [
          0.359768,
          -0.625362,
          0.692451,
          0.716609
        ],
        [
          0.024275,
          -0.735619,
          -0.67696,
          1.224068
        ],
        [
          0.0,
          0.0,
          0.0,
          1.0
        ]
      ]
    },
    {
      "file_path": "/media/NFS/ttao/scannet/posed_images/scene0265_00/00305.jpg",
      "transform_matrix": [
        [
          0.934617,
          0.248086,
          -0.254844,
          1.328585
        ],
        [
          0.355313,
          -0.619785,
          0.699728,
          0.716107
        ],
        [
          0.015644,
          -0.744526,
          -0.66741,
          1.227423
        ],
        [
          0.0,
          0.0,
          0.0,
          1.0
        ]
      ]
    },
    {
      "file_path": "/media/NFS/ttao/scannet/posed_images/scene0265_00/00309.jpg",
      "transform_matrix": [
        [
          0.924134,
          0.255372,
          -0.284188,
          1.326097
        ],
        [
          0.381968,
          -0.6003,
          0.702667,
          0.716903
        ],
        [
          0.008843,
          -0.757908,
          -0.652301,
          1.234101
        ],
        [
          0.0,
          0.0,
          0.0,
          1.0
        ]
      ]
    },
    {
      "file_path": "/media/NFS/ttao/scannet/posed_images/scene0265_00/00315.jpg",
      "transform_matrix": [
        [
          0.884908,
          0.32017,
          -0.338274,
          1.31972
        ],
        [
          0.464938,
          -0.56392,
          0.682515,
          0.719271
        ],
        [
          0.027761,
          -0.761239,
          -0.647877,
          1.236847
        ],
        [
          0.0,
          0.0,
          0.0,
          1.0
        ]
      ]
    },
    {
      "file_path": "/media/NFS/ttao/scannet/posed_images/scene0265_00/00319.jpg",
      "transform_matrix": [
        [
          0.860723,
          0.345628,
          -0.373761,
          1.321199
        ],
        [
          0.508709,
          -0.556132,
          0.657216,
          0.727133
        ],
        [
          0.019292,
          -0.755816,
          -0.654499,
          1.239044
        ],
        [
          0.0,
          0.0,
          0.0,
          1.0
        ]
      ]
    },
    {
      "file_path": "/media/NFS/ttao/scannet/posed_images/scene0265_00/00326.jpg",
      "transform_matrix": [
        [
          0.807598,
          0.393476,
          -0.439275,
          1.34786
        ],
        [
          0.589626,
          -0.52446,
          0.614234,
          0.74271
        ],
        [
          0.011304,
          -0.755061,
          -0.655557,
          1.246198
        ],
        [
          0.0,
          0.0,
          0.0,
          1.0
        ]
      ]
    },
    {
      "file_path": "/media/NFS/ttao/scannet/posed_images/scene0265_00/00327.jpg",
      "transform_matrix": [
        [
          0.803236,
          0.400392,
          -0.44102,
          1.352697
        ],
        [
          0.595471,
          -0.521055,
          0.611487,
          0.745058
        ],
        [
          0.015039,
          -0.753783,
          -0.656951,
          1.246742
        ],
        [
          0.0,
          0.0,
          0.0,
          1.0
        ]
      ]
    },
    {
      "file_path": "/media/NFS/ttao/scannet/posed_images/scene0265_00/00336.jpg",
      "transform_matrix": [
        [
          0.775527,
          0.446853,
          -0.44596,
          1.404249
        ],
        [
          0.630301,
          -0.508023,
          0.587055,
          0.781993
        ],
        [
          0.035769,
          -0.736366,
          -0.675637,
          1.253601
        ],
        [
          0.0,
          0.0,
          0.0,
          1.0
        ]
      ]
    },
    {
      "file_path": "/media/NFS/ttao/scannet/posed_images/scene0265_00/00337.jpg",
      "transform_matrix": [
        [
          0.770743,
          0.453325,
          -0.447719,
          1.408337
        ],
        [
          0.63588,
          -0.502998,
          0.585363,
          0.78385
        ],
        [
          0.040158,
          -0.735859,
          -0.675943,
          1.253993
        ],
        [
          0.0,
          0.0,
          0.0,
          1.0
        ]
      ]
    },
    {
      "file_path": "/media/NFS/ttao/scannet/posed_images/scene0265_00/00345.jpg",
      "transform_matrix": [
        [
          0.786344,
          0.479659,
          -0.389346,
          1.438168
        ],
        [
          0.609918,
          -0.50247,
          0.612799,
          0.808966
        ],
        [
          0.0983,
          -0.719341,
          -0.687667,
          1.251616
        ],
        [
          0.0,
          0.0,
          0.0,
          1.0
        ]
      ]
    },
    {
      "file_path": "/media/NFS/ttao/scannet/posed_images/scene0265_00/00350.jpg",
      "transform_matrix": [
        [
          0.797351,
          0.479429,
          -0.366579,
          1.448438
        ],
        [
          0.595052,
          -0.523153,
          0.610102,
          0.816021
        ],
        [
          0.100724,
          -0.704598,
          -0.702421,
          1.245975
        ],
        [
          0.0,
          0.0,
          0.0,
          1.0
        ]
      ]
    },
    {
      "file_path": "/media/NFS/ttao/scannet/posed_images/scene0265_00/00355.jpg",
      "transform_matrix": [
        [
          0.814484,
          0.459263,
          -0.354533,
          1.449879
        ],
        [
          0.572972,
          -0.540646,
          0.615959,
          0.822962
        ],
        [
          0.09121,
          -0.704826,
          -0.703492,
          1.2461
        ],
        [
          0.0,
          0.0,
          0.0,
          1.0
        ]
      ]
    },
    {
      "file_path": "/media/NFS/ttao/scannet/posed_images/scene0265_00/00356.jpg",
      "transform_matrix": [
        [
          0.813488,
          0.461589,
          -0.353799,
          1.449566
        ],
        [
          0.574059,
          -0.539762,
          0.615721,
          0.824261
        ],
        [
          0.093243,
          -0.703983,
          -0.704069,
          1.246469
        ],
        [
          0.0,
          0.0,
          0.0,
          1.0
        ]
      ]
    },
    {
      "file_path": "/media/NFS/ttao/scannet/posed_images/scene0265_00/00363.jpg",
      "transform_matrix": [
        [
          0.775283,
          0.496405,
          -0.390536,
          1.440288
        ],
        [
          0.621105,
          -0.486862,
          0.614161,
          0.834666
        ],
        [
          0.114735,
          -0.718712,
          -0.685776,
          1.250911
        ],
        [
          0.0,
          0.0,
          0.0,
          1.0
        ]
      ]
    },
    {
      "file_path": "/media/NFS/ttao/scannet/posed_images/scene0265_00/00366.jpg",
      "transform_matrix": [
        [
          0.744764,
          0.512219,
          -0.427738,
          1.4357
        ],
        [
          0.65972,
          -0.46862,
          0.587507,
          0.842673
        ],
        [
          0.100486,
          -0.719741,
          -0.686932,
          1.251219
        ],
        [
          0.0,
