{
  "frames": [
    {
      "file_path": "/media/NFS/ttao/scannet/posed_images/scene0392_02/00000.jpg",
      "transform_matrix": [
        [
          0.556196,
          -0.401405,
          0.727681,
          4.179612
        ],
        [
          -0.830593,
          -0.297575,
          0.470706,
          0.797485
        ],
        [
          0.027596,
          -0.866212,
          -0.498914,
          1.322126
        ],
        [
          0.0,
          0.0,
          0.0,
          1.0
        ]
      ]
    },
    {
      "file_path": "/media/NFS/ttao/scannet/posed_images/scene0392_02/00001.jpg",
      "transform_matrix": [
        [
          0.553362,
          -0.399609,
          0.730823,
          4.176936
        ],
        [
          -0.83245,
          -0.295439,
          0.468767,
          0.799507
        ],
        [
          0.02859,
          -0.867772,
          -0.496139,
          1.320559
        ],
        [
          0.0,
          0.0,
          0.0,
          1.0
        ]
      ]
    },
    {
      "file_path": "/media/NFS/ttao/scannet/posed_images/scene0392_02/00003.jpg",
      "transform_matrix": [
        [
          0.548948,
          -0.401406,
          0.733164,
          4.178454
        ],
        [
          -0.835264,
          -0.296454,
          0.463087,
          0.799032
        ],
        [
          0.031463,
          -0.866596,
          -0.498018,
          1.321141
        ],
        [
          0.0,
          0.0,
          0.0,
          1.0
        ]
      ]
    },
    {
      "file_path": "/media/NFS/ttao/scannet/posed_images/scene0392_02/00004.jpg",
      "transform_matrix": [
        [
          0.548366,
          -0.400541,
          0.734072,
          4.177186
        ],
        [
          -0.835638,
          -0.295735,
          0.462871,
          0.799073
        ],
        [
          0.031691,
          -0.867241,
          -0.496879,
          1.319185
        ],
        [
          0.0,
          0.0,
          0.0,
          1.0
        ]
      ]
    },
    {
      "file_path": "/media/NFS/ttao/scannet/posed_images/scene0392_02/00006.jpg",
      "transform_matrix": [
        [
          0.547434,
          -0.403647,
          0.733066,
          4.177476
        ],
        [
          -0.836034,
          -0.302439,
          0.457797,
          0.798779
        ],
        [
          0.036919,
          -0.863482,
          -0.503028,
          1.315776
        ],
        [
          0.0,
          0.0,
          0.0,
          1.0
        ]
      ]
    },
    {
      "file_path": "/media/NFS/ttao/scannet/posed_images/scene0392_02/00008.jpg",
      "transform_matrix": [
        [
          0.541807,
          -0.409427,
          0.73404,
          4.178967
        ],
        [
          -0.839276,
          -0.31072,
          0.446172,
          0.799988
        ],
        [
          0.045406,
          -0.857801,
          -0.511972,
          1.313814
        ],
        [
          0.0,
          0.0,
          0.0,
          1.0
        ]
      ]
    },
    {
      "file_path": "/media/NFS/ttao/scannet/posed_images/scene0392_02/00009.jpg",
      "transform_matrix": [
        [
          0.536391,
          -0.409276,
          0.738091,
          4.176154
        ],
        [
          -0.842372,
          -0.313418,
          0.438382,
          0.804875
        ],
        [
          0.051912,
          -0.856891,
          -0.512877,
          1.312299
        ],
        [
          0.0,
          0.0,
          0.0,
          1.0
        ]
      ]
    },
    {
      "file_path": "/media/NFS/ttao/scannet/posed_images/scene0392_02/00010.jpg",
      "transform_matrix": [
        [
          0.530394,
          -0.406019,
          0.744198,
          4.165907
        ],
        [
          -0.84592,
          -0.311146,
          0.433137,
          0.812796
        ],
        [
          0.055692,
          -0.859266,
          -0.508489,
          1.304409
        ],
        [
          0.0,
          0.0,
          0.0,
          1.0
        ]
      ]
    },
    {
      "file_path": "/media/NFS/ttao/scannet/posed_images/scene0392_02/00012.jpg",
      "transform_matrix": [
        [
          0.524962,
          -0.402841,
          0.749756,
          4.163125
        ],
        [
          -0.848969,
          -0.310516,
          0.427589,
          0.815569
        ],
        [
          0.060561,
          -0.860987,
          -0.505009,
          1.299712
        ],
        [
          0.0,
          0.0,
          0.0,
          1.0
        ]
      ]
    },
    {
      "file_path": "/media/NFS/ttao/scannet/posed_images/scene0392_02/00014.jpg",
      "transform_matrix": [
        [
          0.522871,
          -0.404709,
          0.750211,
          4.163621
        ],
        [
          -0.850296,
          -0.30961,
          0.425604,
          0.809863
        ],
        [
          0.060027,
          -0.860437,
          -0.506009,
          1.287628
        ],
        [
          0.0,
          0.0,
          0.0,
          1.0
        ]
      ]
    },
    {
      "file_path": "/media/NFS/ttao/scannet/posed_images/scene0392_02/00016.jpg",
      "transform_matrix": [
        [
          0.537897,
          -0.423219,
          0.729076,
          4.168512
        ],
        [
          -0.840596,
          -0.334676,
          0.425899,
          0.808423
        ],
        [
          0.063755,
          -0.841949,
          -0.535778,
          1.272122
        ],
        [
          0.0,
          0.0,
          0.0,
          1.0
        ]
      ]
    },
    {
      "file_path": "/media/NFS/ttao/scannet/posed_images/scene0392_02/00017.jpg",
      "transform_matrix": [
        [
          0.547567,
          -0.42531,
          0.720612,
          4.166553
        ],
        [
          -0.834085,
          -0.346266,
          0.429422,
          0.809164
        ],
        [
          0.066886,
          -0.836188,
          -0.544349,
          1.263299
        ],
        [
          0.0,
          0.0,
          0.0,
          1.0
        ]
      ]
    },
    {
      "file_path": "/media/NFS/ttao/scannet/posed_images/scene0392_02/00018.jpg",
      "transform_matrix": [
        [
          0.562812,
          -0.430771,
          0.705464,
          4.171417
        ],
        [
          -0.823847,
          -0.361751,
          0.436364,
          0.806918
        ],
        [
          0.067229,
          -0.826785,
          -0.558487,
          1.263358
        ],
        [
          0.0,
          0.0,
          0.0,
          1.0
        ]
      ]
    },
    {
      "file_path": "/media/NFS/ttao/scannet/posed_images/scene0392_02/00020.jpg",
      "transform_matrix": [
        [
          0.597669,
          -0.430218,
          0.676538,
          4.178314
        ],
        [
          -0.799084,
          -0.388319,
          0.458992,
          0.815141
        ],
        [
          0.065246,
          -0.814936,
          -0.575866,
          1.271922
        ],
        [
          0.0,
          0.0,
          0.0,
          1.0
        ]
      ]
    },
    {
      "file_path": "/media/NFS/ttao/scannet/posed_images/scene0392_02/00021.jpg",
      "transform_matrix": [
        [
          0.619491,
          -0.422885,
          0.661361,
          4.183614
        ],
        [
          -0.782806,
          -0.395791,
          0.480172,
          0.81311
        ],
        [
          0.058703,
          -0.81518,
          -0.576226,
          1.277284
        ],
        [
          0.0,
          0.0,
          0.0,
          1.0
        ]
      ]
    },
    {
      "file_path": "/media/NFS/ttao/scannet/posed_images/scene0392_02/00024.jpg",
      "transform_matrix": [
        [
          0.682506,
          -0.385844,
          0.620734,
          4.19957
        ],
        [
          -0.730028,
          -0.400894,
          0.553482,
          0.805282
        ],
        [
          0.035291,
          -0.830908,
          -0.55529,
          1.300834
        ],
        [
          0.0,
          0.0,
          0.0,
          1.0
        ]
      ]
    },
    {
      "file_path": "/media/NFS/ttao/scannet/posed_images/scene0392_02/00025.jpg",
      "transform_matrix": [
        [
          0.703727,
          -0.367151,
          0.60825,
          4.20277
        ],
        [
          -0.709893,
          -0.397887,
          0.581153,
          0.799469
        ],
        [
          0.028644,
          -0.840765,
          -0.540642,
          1.303913
        ],
        [
          0.0,
          0.0,
          0.0,
          1.0
        ]
      ]
    },
    {
      "file_path": "/media/NFS/ttao/scannet/posed_images/scene0392_02/00027.jpg",
      "transform_matrix": [
        [
          0.748585,
          -0.331434,
          0.574258,
          4.20841
        ],
        [
          -0.66285,
          -0.394816,
          0.6362,
          0.778679
        ],
        [
          0.015868,
          -0.856896,
          -0.515245,
          1.303927
        ],
        [
          0.0,
          0.0,
          0.0,
          1.0
        ]
      ]
    },
    {
      "file_path": "/media/NFS/ttao/scannet/posed_images/scene0392_02/00028.jpg",
      "transform_matrix": [
        [
          0.770515,
          -0.315169,
          0.554053,
          4.218651
        ],
        [
          -0.637286,
          -0.398802,
          0.659411,
          0.764459
        ],
        [
          0.013131,
          -0.861177,
          -0.508136,
          1.310017
        ],
        [
          0.0,
          0.0,
          0.0,
          1.0
        ]
      ]
    },
    {
      "file_path": "/media/NFS/ttao/scannet/posed_images/scene0392_02/00029.jpg",
      "transform_matrix": [
        [
          0.787163,
          -0.299429,
          0.539181,
          4.22623
        ],
        [
          -0.616623,
          -0.399463,
          0.678385,
          0.754812
        ],
        [
          0.012255,
          -0.866471,
          -0.499077,
          1.314504
        ],
        [
          0.0,
          0.0,
          0.0,
          1.0
        ]
      ]
    },
    {
      "file_path": "/media/NFS/ttao/scannet/posed_images/scene0392_02/00031.jpg",
      "transform_matrix": [
        [
          0.816196,
          -0.274655,
          0.508319,
          4.248053
        ],
        [
          -0.577742,
          -0.397304,
          0.712996,
          0.745279
        ],
        [
          0.006129,
          -0.875622,
          -0.482958,
          1.331808
        ],
        [
          0.0,
          0.0,
          0.0,
          1.0
        ]
      ]
    },
    {
      "file_path": "/media/NFS/ttao/scannet/posed_images/scene0392_02/00033.jpg",
      "transform_matrix": [
        [
          0.843013,
          -0.244079,
          0.479328,
          4.258181
        ],
        [
          -0.537889,
          -0.386249,
          0.749325,
          0.727532
        ],
        [
          0.002245,
          -0.889515,
          -0.4569,
          1.340811
        ],
        [
          0.0,
          0.0,
          0.0,
          1.0
        ]
      ]
    },
    {
      "file_path": "/media/NFS/ttao/scannet/posed_images/scene0392_02/00034.jpg",
      "transform_matrix": [
        [
          0.85507,
          -0.234635,
          0.462388,
          4.260864
        ],
        [
          -0.518509,
          -0.383243,
          0.764378,
          0.720001
        ],
        [
          -0.002143,
          -0.893349,
          -0.44936,
          1.345817
        ],
        [
          0.0,
          0.0,
          0.0,
          1.0
        ]
      ]
    },
    {
      "file_path": "/media/NFS/ttao/scannet/posed_images/scene0392_02/00036.jpg",
      "transform_matrix": [
        [
          0.875552,
          -0.216219,
          0.432039,
          4.268871
        ],
        [
          -0.483067,
          -0.378118,
          0.789729,
          0.708184
        ],
        [
          -0.007393,
          -0.900153,
          -0.43551,
          1.355078
        ],
        [
          0.0,
          0.0,
          0.0,
          1.0
        ]
      ]
    },
    {
      "file_path": "/media/NFS/ttao/scannet/posed_images/scene0392_02/00037.jpg",
      "transform_matrix": [
        [
          0.882492,
          -0.210444,
          0.420618,
          4.270854
        ],
        [
          -0.470208,
          -0.374714,
          0.799058,
          0.703233
        ],
        [
          -0.010545,
          -0.902941,
          -0.429635,
          1.358454
        ],
        [
          0.0,
          0.0,
          0.0,
          1.0
        ]
      ]
    },
    {
      "file_path": "/media/NFS/ttao/scannet/posed_images/scene0392_02/00039.jpg",
      "transform_matrix": [
        [
          0.894283,
          -0.197483,
          0.401569,
          4.278255
        ],
        [
          -0.447208,
          -0.361879,
          0.817954,
          0.693608
        ],
        [
          -0.016213,
          -0.911067,
          -0.411939,
          1.372261
        ],
        [
          0.0,
          0.0,
          0.0,
          1.0
        ]
      ]
    },
    {
      "file_path": "/media/NFS/ttao/scannet/posed_images/scene0392_02/00040.jpg",
      "transform_matrix": [
        [
          0.89458,
          -0.192554,
          0.403299,
          4.271342
        ],
        [
          -0.446618,
          -0.352676,
          0.822285,
          0.692855
        ],
        [
          -0.0161,
          -0.91572,
          -0.401495,
          1.376312
        ],
        [
          0.0,
          0.0,
          0.0,
          1.0
        ]
      ]
    },
    {
      "file_path": "/media/NFS/ttao/scannet/posed_images/scene0392_02/00042.jpg",
      "transform_matrix": [
        [
          0.900097,
          -0.182746,
          0.395511,
          4.276044
        ],
        [
          -0.435276,
          -0.337621,
          0.834594,
          0.689594
        ],
        [
          -0.018986,
          -0.923372,
          -0.383436,
          1.397267
        ],
        [
          0.0,
          0.0,
          0.0,
          1.0
        ]
      ]
    },
    {
      "file_path": "/media/NFS/ttao/scannet/posed_images/scene0392_02/00043.jpg",
      "transform_matrix": [
        [
          0.903307,
          -0.176461,
          0.391022,
          4.277484
        ],
        [
          -0.428545,
          -0.329445,
          0.841318,
          0.692498
        ],
        [
          -0.01964,
          -0.927538,
          -0.373212,
          1.408242
        ],
        [
          0.0,
          0.0,
          0.0,
          1.0
        ]
      ]
    },
    {
      "file_path": "/media/NFS/ttao/scannet/posed_images/scene0392_02/00045.jpg",
      "transform_matrix": [
        [
          0.912212,
          -0.16123,
          0.376662,
          4.280248
        ],
        [
          -0.409068,
          -0.306595,
          0.859455,
          0.68482
        ],
        [
          -0.023087,
          -0.938085,
          -0.345634,
          1.427161
        ],
        [
          0.0,
          0.0,
          0.0,
          1.0
        ]
      ]
    },
    {
      "file_path": "/media/NFS/ttao/scannet/posed_images/scene0392_02/00047.jpg",
      "transform_matrix": [
        [
          0.92057,
          -0.143542,
          0.363244,
          4.27918
        ],
        [
          -0.389996,
          -0.287094,
          0.874918,
          0.680673
        ],
        [
          -0.021302,
          -0.947087,
          -0.320271,
          1.442592
        ],
        [
          0.0,
          0.0,
          0.0,
          1.0
        ]
      ]
    },
    {
      "file_path": "/media/NFS/ttao/scannet/posed_images/scene0392_02/00048.jpg",
      "transform_matrix": [
        [
          0.925204,
          -0.136269,
          0.354159,
          4.287673
        ],
        [
          -0.378886,
          -0.279909,
          0.882098,
          0.678565
        ],
        [
          -0.02107,
          -0.950306,
          -0.310603,
          1.453393
        ],
        [
          0.0,
          0.0,
          0.0,
          1.0
        ]
      ]
    },
    {
      "file_path": "/media/NFS/ttao/scannet/posed_images/scene0392_02/00050.jpg",
      "transform_matrix": [
        [
          0.929276,
          -0.105512,
          0.353995,
          4.246166
        ],
        [
          -0.369279,
          -0.242384,
          0.897152,
          0.66538
        ],
        [
          -0.008857,
          -0.964426,
          -0.264205,
          1.436963
        ],
        [
          0.0,
          0.0,
          0.0,
          1.0
        ]
      ]
    },
    {
      "file_path": "/media/NFS/ttao/scannet/posed_images/scene0392_02/00051.jpg",
      "transform_matrix": [
        [
          0.934763,
          -0.098308,
          0.341399,
          4.246416
        ],
        [
          -0.355193,
          -0.238373,
          0.903889,
          0.66584
        ],
        [
          -0.007479,
          -0.966185,
          -0.25774,
          1.458729
        ],
        [
          0.0,
          0.0,
          0.0,
          1.0
        ]
      ]
    },
    {
      "file_path": "/media/NFS/ttao/scannet/posed_images/scene0392_02/00053.jpg",
      "transform_matrix": [
        [
          0.947987,
          -0.082145,
          0.307525,
          4.261022
        ],
        [
          -0.318271,
          -0.230062,
          0.91966,
          0.653209
        ],
        [
          -0.004796,
          -0.969703,
          -0.244241,
          1.470425
        ],
        [
          0.0,
          0.0,
          0.0,
          1.0
        ]
      ]
    },
    {
      "file_path": "/media/NFS/ttao/scannet/posed_images/scene0392_02/00055.jpg",
      "transform_matrix": [
        [
          0.959592,
          -0.06478,
          0.273837,
          4.261209
        ],
        [
          -0.281374,
          -0.232871,
          0.930913,
          0.646382
        ],
        [
          0.003465,
          -0.970348,
          -0.241689,
          1.481435
        ],
        [
          0.0,
          0.0,
          0.0,
          1.0
        ]
      ]
    },
    {
      "file_path": "/media/NFS/ttao/scannet/posed_images/scene0392_02/00056.jpg",
      "transform_matrix": [
        [
          0.965061,
          -0.054194,
          0.25636,
          4.260176
        ],
        [
          -0.261844,
          -0.235863,
          0.935845,
          0.640434
        ],
        [
          0.009748,
          -0.970274,
          -0.241812,
          1.48569
        ],
        [
          0.0,
          0.0,
          0.0,
          1.0
        ]
      ]
    },
    {
      "file_path": "/media/NFS/ttao/scannet/posed_images/scene0392_02/00058.jpg",
      "transform_matrix": [
        [
          0.975438,
          -0.032506,
          0.21786,
          4.270898
        ],
        [
          -0.219323,
          -0.235024,
          0.946922,
          0.627128
        ],
        [
          0.020421,
          -0.971446,
          -0.236381,
          1.485146
        ],
        [
          0.0,
          0.0,
          0.0,
          1.0
        ]
      ]
    },
    {
      "file_path": "/media/NFS/ttao/scannet/posed_images/scene0392_02/00059.jpg",
      "transform_matrix": [
        [
          0.9797,
          -0.024814,
          0.198925,
          4.27283
        ],
        [
          -0.199117,
          -0.235391,
          0.951285,
          0.619206
        ],
        [
          0.02322,
          -0.971584,
          -0.235553,
          1.4835
        ],
        [
          0.0,
          0.0,
          0.0,
          1.0
        ]
      ]
    },
    {
      "file_path": "/media/NFS/ttao/scannet/posed_images/scene0392_02/00060.jpg",
      "transform_matrix": [
        [
          0.978202,
          -0.005791,
          0.207574,
          4.201858
        ],
        [
          -0.203503,
          -0.225633,
          0.95272,
          0.615516
        ],
        [
          0.041319,
          -0.974195,
          -0.221893,
          1.44272
        ],
        [
          0.0,
          0.0,
          0.0,
          1.0
        ]
      ]
    },
    {
      "file_path": "/media/NFS/ttao/scannet/posed_images/scene0392_02/00062.jpg",
      "transform_matrix": [
        [
          0.986531,
          0.010662,
          0.163225,
          4.21405
        ],
        [
          -0.156435,
          -0.230087,
          0.960515,
          0.594723
        ],
        [
          0.047797,
          -0.973112,
          -0.22532,
          1.436658
        ],
        [
          0.0,
          0.0,
          0.0,
          1.0
        ]
      ]
    },
    {
      "file_path": "/media/NFS/ttao/scannet/posed_images/scene0392_02/00064.jpg",
      "transform_matrix": [
        [
          0.991824,
          0.024509,
          0.125233,
          4.217955
        ],
        [
          -0.115466,
          -0.245457,
          0.962506,
          0.573597
        ],
        [
          0.05433,
          -0.969098,
          -0.24062,
          1.425856
        ],
        [
          0.0,
          0.0,
          0.0,
          1.0
        ]
      ]
    },
    {
      "file_path": "/media/NFS/ttao/scannet/posed_images/scene0392_02/00065.jpg",
      "transform_matrix": [
        [
          0.993789,
          0.029167,
          0.107392,
          4.215541
        ],
        [
          -0.096637,
          -0.252351,
          0.962798,
          0.563928
        ],
        [
          0.055183,
          -0.967196,
          -0.247964,
          1.420865
        ],
        [
          0.0,
          0.0,
          0.0,
          1.0
        ]
      ]
    },
    {
      "file_path": "/media/NFS/ttao/scannet/posed_images/scene0392_02/00067.jpg",
      "transform_matrix": [
        [
          0.997228,
          0.037806,
          0.064087,
          4.223365
        ],
        [
          -0.05155,
          -0.270068,
          0.96146,
          0.542145
        ],
        [
          0.053657,
          -0.962099,
          -0.267371,
          1.410058
        ],
        [
          0.0,
          0.0,
          0.0,
          1.0
        ]
      ]
    },
    {
      "file_path": "/media/NFS/ttao/scannet/posed_images/scene0392_02/00068.jpg",
      "transform_matrix": [
        [
          0.998287,
          0.049911,
          0.030521,
          4.226695
        ],
        [
          -0.014588,
          -0.292848,
          0.956048,
          0.52524
        ],
        [
          0.056656,
          -0.954855,
          -0.291619,
          1.40858
        ],
        [
          0.0,
          0.0,
          0.0,
          1.0
        ]
      ]
    },
    {
      "file_path": "/media/NFS/ttao/scannet/posed_images/scene0392_02/00070.jpg",
      "transform_matrix": [
        [
          0.998766,
          0.049114,
          0.007374,
          4.238499
        ],
        [
          0.007923,
          -0.304146,
          0.952593,
          0.512764
        ],
        [
          0.049028,
          -0.951359,
          -0.304159,
          1.384001
        ],
        [
          0.0,
          0.0,
          0.0,
          1.0
        ]
      ]
    },
    {
      "file_path": "/media/NFS/ttao/scannet/posed_images/scene0392_02/00071.jpg",
      "transform_matrix": [
        [
          0.998642,
          0.0521,
          0.00031,
          4.236708
        ],
        [
          0.016212,
          -0.316386,
          0.948492,
          0.50497
        ],
        [
          0.049514,
          -0.947199,
          -0.3168,
          1.380563
        ],
        [
          0.0,
          0.0,
          0.0,
          1.0
        ]
      ]
    },
    {
      "file_path": "/media/NFS/ttao/scannet/posed_images/scene0392_02/00074.jpg",
      "transform_matrix": [
        [
          0.998181,
          0.055857,
          -0.022682,
          4.234982
        ],
        [
          0.040645,
          -0.345666,
          0.937477,
          0.481617
        ],
        [
          0.044524,
          -0.936694,
          -0.347307,
          1.371436
        ],
        [
          0.0,
          0.0,
          0.0,
          1.0
        ]
      ]
    },
    {
      "file_path": "/media/NFS/ttao/scannet/posed_images/scene0392_02/00075.jpg",
      "transform_matrix": [
        [
          0.997838,
          0.057713,
          -0.031453,
          4.237062
        ],
        [
          0.049851,
          -0.352666,
          0.93442,
          0.475178
        ],
        [
          0.042836,
          -0.933968,
          -0.35478,
          1.37059
        ],
        [
          0.0,
          0.0,
          0.0,
          1.0
        ]
      ]
    },
    {
      "file_path": "/media/NFS/ttao/scannet/posed_images/scene0392_02/00077.jpg",
      "transform_matrix": [
        [
          0.997643,
          0.051939,
          -0.044851,
          4.243123
        ],
        [
          0.060577,
          -0.359439,
          0.9312,
          0.459995
        ],
        [
          0.032244,
          -0.931722,
          -0.361738,
          1.363289
        ],
        [
          0.0,
          0.0,
          0.0,
          1.0
        ]
      ]
    },
    {
      "file_path": "/media/NFS/ttao/scannet/posed_images/scene0392_02/00078.jpg",
      "transform_matrix": [
        [
          0.997746,
          0.048104,
          -0.046787,
          4.245323
        ],
        [
          0.061229,
          -0.367314,
          0.92808,
          0.452242
        ],
        [
          0.027459,
          -0.928852,
          -0.369431,
          1.356779
        ],
        [
          0.0,
          0.0,
          0.0,
          1.0
        ]
      ]
    },
    {
      "file_path": "/media/NFS/ttao/scannet/posed_images/scene0392_02/00079.jpg",
      "transform_matrix": [
        [
          0.997802,
          0.046537,
          -0.047168,
          4.244676
        ],
        [
          0.061297,
          -0.377943,
          0.923797,
          0.446736
        ],
        [
          0.025164,
          -0.924659,
          -0.379965,
          1.3549
        ],
        [
          0.0,
          0.0,
          0.0,
          1.0
        ]
      ]
    },
    {
      "file_path": "/media/NFS/ttao/scannet/posed_images/scene0392_02/00081.jpg",
      "transform_matrix": [
        [
          0.997587,
          0.04165,
          -0.055548,
          4.247157
        ],
        [
          0.067501,
          -0.39465,
          0.916349,
          0.436145
        ],
        [
          0.016244,
          -0.917887,
          -0.396509,
          1.348602
        ],
        [
          0.0,
          0.0,
          0.0,
          1.0
        ]
      ]
    },
    {
      "file_path": "/media/NFS/ttao/scannet/posed_images/scene0392_02/00083.jpg",
      "transform_matrix": [
        [
          0.996783,
          0.045302,
          -0.066122,
          4.252817
        ],
        [
          0.0789,
          -0.409355,
          0.908957,
          0.42953
        ],
        [
          0.01411,
          -0.91125,
          -0.411612,
          1.346426
        ],
        [
          0.0,
          0.0,
          0.0,
          1.0
        ]
      ]
    },
    {
      "file_path": "/media/NFS/ttao/scannet/posed_images/scene0392_02/00084.jpg",
      "transform_matrix": [
        [
          0.996371,
          0.046999,
          -0.070964,
          4.252251
        ],
        [
          0.084065,
          -0.412754,
          0.906955,
          0.426639
        ],
        [
          0.013336,
          -0.909629,
          -0.415207,
          1.347452
        ],
        [
          0.0,
          0.0,
          0.0,
          1.0
        ]
      ]
    },
    {
      "file_path": "/media/NFS/ttao/scannet/posed_images/scene0392_02/00085.jpg",
      "transform_matrix": [
        [
          0.995887,
          0.049292,
          -0.07602,
          4.24984
        ],
        [
          0.089664,
          -0.415782,
          0.905034,
          0.424047
        ],
        [
          0.013004,
          -0.908128,
          -0.418491,
          1.352882
        ],
        [
          0.0,
          0.0,
          0.0,
          1.0
        ]
      ]
    },
    {
      "file_path": "/media/NFS/ttao/scannet/posed_images/scene0392_02/00088.jpg",
      "transform_matrix": [
        [
          0.994112,
          0.059977,
          -0.090249,
          4.248552
        ],
        [
          0.106587,
          -0.39117,
          0.914125,
          0.415051
        ],
        [
          0.019524,
          -0.918362,
          -0.395259,
          1.372178
        ],
        [
          0.0,
          0.0,
          0.0,
          1.0
        ]
      ]
    },
    {
      "file_path": "/media/NFS/ttao/scannet/posed_images/scene0392_02/00089.jpg",
      "transform_matrix": [
        [
          0.993657,
          0.062921,
          -0.0932,
          4.251274
        ],
        [
          0.11007,
          -0.374554,
          0.920649,
          0.412685
        ],
        [
          0.02302,
          -0.925068,
          -0.379104,
          1.380706
        ],
        [
          0.0,
          0.0,
          0.0,
          1.0
        ]
      ]
    },
    {
      "file_path": "/media/NFS/ttao/scannet/posed_images/scene0392_02/00090.jpg",
      "transform_matrix": [
        [
          0.993165,
          0.060718,
          -0.099677,
          4.257498
        ],
        [
          0.114876,
          -0.357565,
          0.926796,
          0.405868
        ],
        [
          0.020632,
          -0.931913,
          -0.362096,
          1.385742
        ],
        [
          0.0,
          0.0,
          0.0,
          1.0
        ]
      ]
    },
    {
      "file_path": "/media/NFS/ttao/scannet/posed_images/scene0392_02/00092.jpg",
      "transform_matrix": [
        [
          0.990699,
          0.054468,
          -0.124697,
          4.27502
        ],
        [
          0.135613,
          -0.319841,
          0.937716,
          0.395284
        ],
        [
          0.011192,
          -0.945904,
          -0.324253,
          1.398761
        ],
        [
          0.0,
          0.0,
          0.0,
          1.0
        ]
      ]
    },
    {
      "file_path": "/media/NFS/ttao/scannet/posed_images/scene0392_02/00094.jpg",
      "transform_matrix": [
        [
          0.988079,
          0.048085,
          -0.146242,
          4.297861
        ],
        [
          0.153914,
          -0.289845,
          0.944617,
          0.386449
        ],
        [
          0.003034,
          -0.955865,
          -0.293791,
          1.408157
        ],
        [
          0.0,
          0.0,
          0.0,
          1.0
        ]
      ]
    },
    {
      "file_path": "/media/NFS/ttao/scannet/posed_images/scene0392_02/00095.jpg",
      "transform_matrix": [
        [
          0.987436,
          0.047661,
          -0.150658,
          4.305488
        ],
        [
          0.157977,
          -0.276194,
          0.94803,
          0.382512
        ],
        [
          0.003573,
          -0.95992,
          -0.280253,
          1.412084
        ],
        [
          0.0,
          0.0,
          0.0,
          1.0
        ]
      ]
    },
    {
      "file_path": "/media/NFS/ttao/scannet/posed_images/scene0392_02/00097.jpg",
      "transform_matrix": [
        [
          0.986464,
          0.047668,
          -0.156894,
          4.323278
        ],
        [
          0.163872,
          -0.252759,
          0.953551,
          0.376885
        ],
        [
          0.005798,
          -0.966354,
          -0.25715,
          1.421314
        ],
        [
          0.0,
          0.0,
          0.0,
          1.0
        ]
      ]
    },
    {
      "file_path": "/media/NFS/ttao/scannet/posed_images/scene0392_02/00099.jpg",
      "transform_matrix": [
        [
          0.98667,
          0.043632,
          -0.156773,
          4.339052
        ],
        [
          0.162656,
          -0.235117,
          0.95826,
          0.377033
        ],
        [
          0.004951,
          -0.970987,
          -0.23908,
          1.432765
        ],
        [
          0.0,
          0.0,
          0.0,
          1.0
        ]
      ]
    },
    {
      "file_path": "/media/NFS/ttao/scannet/posed_images/scene0392_02/00100.jpg",
      "transform_matrix": [
        [
          0.988292,
          0.035941,
          -0.14828,
          4.319516
        ],
        [
          0.152567,
          -0.223717,
          0.962639,
          0.365517
        ],
        [
          0.001426,
          -0.973991,
          -0.226581,
          1.434715
        ],
        [
          0.0,
          0.0,
          0.0,
          1.0
        ]
      ]
    },
    {
      "file_path": "/media/NFS/ttao/scannet/posed_images/scene0392_02/00101.jpg",
      "transform_matrix": [
        [
          0.988512,
          0.030678,
          -0.147998,
          4.325374
        ],
        [
          0.151119,
          -0.218388,
          0.96409,
          0.363818
        ],
        [
          -0.002744,
          -0.97538,
          -0.220515,
          1.436407
        ],
        [
          0.0,
          0.0,
          0.0,
          1.0
        ]
      ]
    },
    {
      "file_path": "/media/NFS/ttao/scannet/posed_images/scene0392_02/00103.jpg",
      "transform_matrix": [
        [
          0.989136,
          0.024739,
          -0.144909,
          4.33933
        ],
        [
          0.146819,
          -0.215812,
          0.965334,
          0.364004
        ],
        [
          -0.007392,
          -0.976122,
          -0.217099,
          1.446896
        ],
        [
          0.0,
          0.0,
          0.0,
          1.0
        ]
      ]
    },
    {
      "file_path": "/media/NFS/ttao/scannet/posed_images/scene0392_02/00104.jpg",
      "transform_matrix": [
        [
          0.989116,
          0.020718,
          -0.145669,
          4.345345
        ],
        [
          0.14672,
          -0.213196,
          0.96593,
          0.365459
        ],
        [
          -0.011044,
          -0.97679,
          -0.213915,
          1.453064
        ],
        [
          0.0,
          0.0,
          0.0,
          1.0
        ]
      ]
    },
    {
      "file_path": "/media/NFS/ttao/scannet/posed_images/scene0392_02/00106.jpg",
      "transform_matrix": [
        [
          0.987439,
          0.01118,
          -0.157603,
          4.352669
        ],
        [
          0.156453,
          -0.208371,
          0.965455,
          0.364376
        ],
        [
          -0.022046,
          -0.977986,
          -0.207503,
          1.46558
        ],
        [
          0.0,
          0.0,
          0.0,
          1.0
        ]
      ]
    },
    {
      "file_path": "/media/NFS/ttao/scannet/posed_images/scene0392_02/00108.jpg",
      "transform_matrix": [
        [
          0.984687,
          -0.000381,
          -0.174331,
          4.37344
        ],
        [
          0.171126,
          -0.188767,
          0.966997,
          0.367728
        ],
        [
          -0.033276,
          -0.982022,
          -0.185811,
          1.479905
        ],
        [
          0.0,
          0.0,
          0.0,
          1.0
        ]
      ]
    },
    {
      "file_path": "/media/NFS/ttao/scannet/posed_images/scene0392_02/00109.jpg",
      "transform_matrix": [
        [
          0.983572,
          -0.007887,
          -0.180342,
          4.380861
        ],
        [
          0.176024,
          -0.179548,
          0.967873,
          0.36968
        ],
        [
          -0.040013,
          -0.983718,
          -0.17521,
          1.482593
        ],
        [
          0.0,
          0.0,
          0.0,
          1.0
        ]
      ]
    },
    {
      "file_path": "/media/NFS/ttao/scannet/posed_images/scene0392_02/00110.jpg",
      "transform_matrix": [
        [
          0.982641,
          -0.015218,
          -0.184891,
          4.393239
        ],
        [
          0.179528,
          -0.173147,
          0.968396,
          0.367686
        ],
        [
          -0.04675,
          -0.984779,
          -0.167409,
          1.488676
        ],
        [
          0.0,
          0.0,
          0.0,
          1.0
        ]
      ]
    },
    {
      "file_path": "/media/NFS/ttao/scannet/posed_images/scene0392_02/00112.jpg",
      "transform_matrix": [
        [
          0.981093,
          -0.026093,
          -0.191767,
          4.401908
        ],
        [
          0.185392,
          -0.157666,
          0.969934,
          0.372575
        ],
        [
          -0.055543,
          -0.987148,
          -0.149848,
          1.501284
        ],
        [
          0.0,
          0.0,
          0.0,
          1.0
        ]
      ]
    },
    {
      "file_path": "/media/NFS/ttao/scannet/posed_images/scene0392_02/00114.jpg",
      "transform_matrix": [
        [
          0.978155,
          -0.035768,
          -0.204777,
          4.405741
        ],
        [
          0.198129,
          -0.137709,
          0.970454,
          0.37518
        ],
        [
          -0.062911,
          -0.989827,
          -0.127614,
          1.50287
        ],
        [
          0.0,
          0.0,
          0.0,
          1.0
        ]
      ]
    },
    {
      "file_path": "/media/NFS/ttao/scannet/posed_images/scene0392_02/00116.jpg",
      "transform_matrix": [
        [
          0.973654,
          -0.038456,
          -0.224765,
          4.398222
        ],
        [
          0.218293,
          -0.127777,
          0.967482,
          0.380253
        ],
        [
          -0.065926,
          -0.991057,
          -0.116016,
          1.510303
        ],
        [
          0.0,
          0.0,
          0.0,
          1.0
        ]
      ]
    },
    {
      "file_path": "/media/NFS/ttao/scannet/posed_images/scene0392_02/00117.jpg",
      "transform_matrix": [
        [
          0.971018,
          -0.043605,
          -0.234994,
          4.401456
        ],
        [
          0.228379,
          -0.120632,
          0.96607,
          0.384209
        ],
        [
          -0.070473,
          -0.991739,
          -0.107177,
          1.51072
        ],
        [
          0.0,
          0.0,
          0.0,
          1.0
        ]
      ]
    },
    {
      "file_path": "/media/NFS/ttao/scannet/posed_images/scene0392_02/00119.jpg",
      "transform_matrix": [
        [
          0.967587,
          -0.049203,
          -0.247696,
          4.402521
        ],
        [
          0.241293,
          -0.10927,
          0.964281,
          0.397775
        ],
        [
          -0.074511,
          -0.992794,
          -0.093856,
          1.512773
        ],
        [
          0.0,
          0.0,
          0.0,
          1.0
        ]
      ]
    },
    {
      "file_path": "/media/NFS/ttao/scannet/posed_images/scene0392_02/00120.jpg",
      "transform_matrix": [
        [
          0.967651,
          -0.054159,
          -0.246412,
          4.387896
        ],
        [
          0.239511,
          -0.109729,
          0.964673,
          0.402308
        ],
        [
          -0.079284,
          -0.992485,
          -0.093208,
          1.517789
        ],
        [
