{
  "frames": [
    {
      "file_path": "/media/NFS/ttao/scannet/posed_images/scene0582_02/00000.jpg",
      "transform_matrix": [
        [
          -0.869297,
          -0.209298,
          0.447792,
          1.877443
        ],
        [
          -0.492962,
          0.433474,
          -0.75438,
          5.54001
        ],
        [
          -0.036216,
          -0.876524,
          -0.479994,
          1.431712
        ],
        [
          0.0,
          0.0,
          0.0,
          1.0
        ]
      ]
    },
    {
      "file_path": "/media/NFS/ttao/scannet/posed_images/scene0582_02/00005.jpg",
      "transform_matrix": [
        [
          -0.870659,
          -0.210408,
          0.444614,
          1.856766
        ],
        [
          -0.490375,
          0.442097,
          -0.751054,
          5.552298
        ],
        [
          -0.038535,
          -0.871939,
          -0.488095,
          1.42652
        ],
        [
          0.0,
          0.0,
          0.0,
          1.0
        ]
      ]
    },
    {
      "file_path": "/media/NFS/ttao/scannet/posed_images/scene0582_02/00014.jpg",
      "transform_matrix": [
        [
          -0.889884,
          -0.196437,
          0.411728,
          1.813476
        ],
        [
          -0.454822,
          0.451833,
          -0.767453,
          5.542596
        ],
        [
          -0.035276,
          -0.870206,
          -0.491423,
          1.421405
        ],
        [
          0.0,
          0.0,
          0.0,
          1.0
        ]
      ]
    },
    {
      "file_path": "/media/NFS/ttao/scannet/posed_images/scene0582_02/00019.jpg",
      "transform_matrix": [
        [
          -0.91134,
          -0.172212,
          0.373903,
          1.79527
        ],
        [
          -0.410279,
          0.454193,
          -0.79081,
          5.53118
        ],
        [
          -0.033637,
          -0.874101,
          -0.484579,
          1.425004
        ],
        [
          0.0,
          0.0,
          0.0,
          1.0
        ]
      ]
    },
    {
      "file_path": "/media/NFS/ttao/scannet/posed_images/scene0582_02/00024.jpg",
      "transform_matrix": [
        [
          -0.934617,
          -0.139324,
          0.32723,
          1.77798
        ],
        [
          -0.354057,
          0.451603,
          -0.818962,
          5.521012
        ],
        [
          -0.033677,
          -0.881274,
          -0.471404,
          1.431962
        ],
        [
          0.0,
          0.0,
          0.0,
          1.0
        ]
      ]
    },
    {
      "file_path": "/media/NFS/ttao/scannet/posed_images/scene0582_02/00029.jpg",
      "transform_matrix": [
        [
          -0.952565,
          -0.105184,
          0.285581,
          1.755391
        ],
        [
          -0.301886,
          0.44539,
          -0.842907,
          5.513087
        ],
        [
          -0.038535,
          -0.889137,
          -0.456017,
          1.436199
        ],
        [
          0.0,
          0.0,
          0.0,
          1.0
        ]
      ]
    },
    {
      "file_path": "/media/NFS/ttao/scannet/posed_images/scene0582_02/00038.jpg",
      "transform_matrix": [
        [
          -0.973518,
          -0.06335,
          0.219656,
          1.719914
        ],
        [
          -0.225023,
          0.435061,
          -0.87183,
          5.507548
        ],
        [
          -0.040334,
          -0.89817,
          -0.437795,
          1.448074
        ],
        [
          0.0,
          0.0,
          0.0,
          1.0
        ]
      ]
    },
    {
      "file_path": "/media/NFS/ttao/scannet/posed_images/scene0582_02/00041.jpg",
      "transform_matrix": [
        [
          -0.979319,
          -0.053716,
          0.19506,
          1.708759
        ],
        [
          -0.198721,
          0.436436,
          -0.877516,
          5.506819
        ],
        [
          -0.037995,
          -0.898131,
          -0.438084,
          1.446813
        ],
        [
          0.0,
          0.0,
          0.0,
          1.0
        ]
      ]
    },
    {
      "file_path": "/media/NFS/ttao/scannet/posed_images/scene0582_02/00048.jpg",
      "transform_matrix": [
        [
          -0.990007,
          -0.029453,
          0.137908,
          1.686829
        ],
        [
          -0.137086,
          0.430331,
          -0.892201,
          5.504791
        ],
        [
          -0.033068,
          -0.902191,
          -0.430068,
          1.451652
        ],
        [
          0.0,
          0.0,
          0.0,
          1.0
        ]
      ]
    },
    {
      "file_path": "/media/NFS/ttao/scannet/posed_images/scene0582_02/00052.jpg",
      "transform_matrix": [
        [
          -0.99418,
          -0.009632,
          0.1073,
          1.675367
        ],
        [
          -0.101124,
          0.4269,
          -0.898627,
          5.508749
        ],
        [
          -0.037151,
          -0.904247,
          -0.42539,
          1.452452
        ],
        [
          0.0,
          0.0,
          0.0,
          1.0
        ]
      ]
    },
    {
      "file_path": "/media/NFS/ttao/scannet/posed_images/scene0582_02/00060.jpg",
      "transform_matrix": [
        [
          -0.998878,
          0.024267,
          0.040679,
          1.652588
        ],
        [
          -0.026243,
          0.431424,
          -0.901768,
          5.507399
        ],
        [
          -0.039433,
          -0.901823,
          -0.430303,
          1.452209
        ],
        [
          0.0,
          0.0,
          0.0,
          1.0
        ]
      ]
    },
    {
      "file_path": "/media/NFS/ttao/scannet/posed_images/scene0582_02/00066.jpg",
      "transform_matrix": [
        [
          -0.99864,
          0.051285,
          -0.00932,
          1.628739
        ],
        [
          0.030758,
          0.435413,
          -0.899705,
          5.509227
        ],
        [
          -0.042084,
          -0.898769,
          -0.436399,
          1.444433
        ],
        [
          0.0,
          0.0,
          0.0,
          1.0
        ]
      ]
    },
    {
      "file_path": "/media/NFS/ttao/scannet/posed_images/scene0582_02/00067.jpg",
      "transform_matrix": [
        [
          -0.998197,
          0.057462,
          -0.017356,
          1.624589
        ],
        [
          0.040693,
          0.435227,
          -0.899401,
          5.510105
        ],
        [
          -0.044127,
          -0.898485,
          -0.43678,
          1.442715
        ],
        [
          0.0,
          0.0,
          0.0,
          1.0
        ]
      ]
    },
    {
      "file_path": "/media/NFS/ttao/scannet/posed_images/scene0582_02/00074.jpg",
      "transform_matrix": [
        [
          -0.993621,
          0.083843,
          -0.075418,
          1.603929
        ],
        [
          0.105,
          0.443856,
          -0.889925,
          5.513017
        ],
        [
          -0.04114,
          -0.892167,
          -0.449828,
          1.435878
        ],
        [
          0.0,
          0.0,
          0.0,
          1.0
        ]
      ]
    },
    {
      "file_path": "/media/NFS/ttao/scannet/posed_images/scene0582_02/00079.jpg",
      "transform_matrix": [
        [
          -0.988899,
          0.096202,
          -0.113242,
          1.595104
        ],
        [
          0.144653,
          0.449037,
          -0.881726,
          5.515987
        ],
        [
          -0.033974,
          -0.888319,
          -0.457969,
          1.424819
        ],
        [
          0.0,
          0.0,
          0.0,
          1.0
        ]
      ]
    },
    {
      "file_path": "/media/NFS/ttao/scannet/posed_images/scene0582_02/00088.jpg",
      "transform_matrix": [
        [
          -0.975192,
          0.127269,
          -0.181115,
          1.568871
        ],
        [
          0.219719,
          0.457088,
          -0.861855,
          5.523561
        ],
        [
          -0.026902,
          -0.880269,
          -0.473712,
          1.415761
        ],
        [
          0.0,
          0.0,
          0.0,
          1.0
        ]
      ]
    },
    {
      "file_path": "/media/NFS/ttao/scannet/posed_images/scene0582_02/00091.jpg",
      "transform_matrix": [
        [
          -0.968138,
          0.143911,
          -0.204936,
          1.560759
        ],
        [
          0.248688,
          0.456503,
          -0.85426,
          5.524403
        ],
        [
          -0.029384,
          -0.878006,
          -0.477747,
          1.416261
        ],
        [
          0.0,
          0.0,
          0.0,
          1.0
        ]
      ]
    },
    {
      "file_path": "/media/NFS/ttao/scannet/posed_images/scene0582_02/00100.jpg",
      "transform_matrix": [
        [
          -0.945336,
          0.174739,
          -0.27533,
          1.526134
        ],
        [
          0.325197,
          0.442404,
          -0.835779,
          5.542557
        ],
        [
          -0.024236,
          -0.879628,
          -0.475045,
          1.412026
        ],
        [
          0.0,
          0.0,
          0.0,
          1.0
        ]
      ]
    },
    {
      "file_path": "/media/NFS/ttao/scannet/posed_images/scene0582_02/00103.jpg",
      "transform_matrix": [
        [
          -0.937108,
          0.185805,
          -0.295473,
          1.512354
        ],
        [
          0.34816,
          0.437597,
          -0.829032,
          5.544631
        ],
        [
          -0.02474,
          -0.879765,
          -0.474765,
          1.418073
        ],
        [
          0.0,
          0.0,
          0.0,
          1.0
        ]
      ]
    },
    {
      "file_path": "/media/NFS/ttao/scannet/posed_images/scene0582_02/00112.jpg",
      "transform_matrix": [
        [
          -0.915054,
          0.193903,
          -0.353662,
          1.493413
        ],
        [
          0.403025,
          0.405503,
          -0.82045,
          5.550891
        ],
        [
          -0.015677,
          -0.893291,
          -0.449205,
          1.432993
        ],
        [
          0.0,
          0.0,
          0.0,
          1.0
        ]
      ]
    },
    {
      "file_path": "/media/NFS/ttao/scannet/posed_images/scene0582_02/00117.jpg",
      "transform_matrix": [
        [
          -0.907756,
          0.188168,
          -0.374927,
          1.486638
        ],
        [
          0.419277,
          0.377984,
          -0.82543,
          5.552198
        ],
        [
          -0.013603,
          -0.906488,
          -0.422012,
          1.45242
        ],
        [
          0.0,
          0.0,
          0.0,
          1.0
        ]
      ]
    },
    {
      "file_path": "/media/NFS/ttao/scannet/posed_images/scene0582_02/00119.jpg",
      "transform_matrix": [
        [
          -0.907216,
          0.182628,
          -0.378954,
          1.487561
        ],
        [
          0.420468,
          0.366079,
          -0.830176,
          5.551212
        ],
        [
          -0.012886,
          -0.912487,
          -0.408902,
          1.457315
        ],
        [
          0.0,
          0.0,
          0.0,
          1.0
        ]
      ]
    },
    {
      "file_path": "/media/NFS/ttao/scannet/posed_images/scene0582_02/00129.jpg",
      "transform_matrix": [
        [
          -0.91653,
          0.138707,
          -0.375143,
          1.501617
        ],
        [
          0.399964,
          0.315785,
          -0.860412,
          5.54956
        ],
        [
          -0.000881,
          -0.938637,
          -0.344904,
          1.475346
        ],
        [
          0.0,
          0.0,
          0.0,
          1.0
        ]
      ]
    },
    {
      "file_path": "/media/NFS/ttao/scannet/posed_images/scene0582_02/00131.jpg",
      "transform_matrix": [
        [
          -0.920772,
          0.129201,
          -0.368085,
          1.506973
        ],
        [
          0.390077,
          0.31554,
          -0.865029,
          5.538274
        ],
        [
          0.004383,
          -0.940075,
          -0.340939,
          1.48622
        ],
        [
          0.0,
          0.0,
          0.0,
          1.0
        ]
      ]
    },
    {
      "file_path": "/media/NFS/ttao/scannet/posed_images/scene0582_02/00136.jpg",
      "transform_matrix": [
        [
          -0.933985,
          0.102169,
          -0.342392,
          1.514048
        ],
        [
          0.357136,
          0.296857,
          -0.885624,
          5.532916
        ],
        [
          0.011158,
          -0.94944,
          -0.313749,
          1.496124
        ],
        [
          0.0,
          0.0,
          0.0,
          1.0
        ]
      ]
    },
    {
      "file_path": "/media/NFS/ttao/scannet/posed_images/scene0582_02/00147.jpg",
      "transform_matrix": [
        [
          -0.957342,
          0.058987,
          -0.282871,
          1.533915
        ],
        [
          0.288546,
          0.247328,
          -0.924971,
          5.499986
        ],
        [
          0.015401,
          -0.967135,
          -0.253798,
          1.519578
        ],
        [
          0.0,
          0.0,
          0.0,
          1.0
        ]
      ]
    },
    {
      "file_path": "/media/NFS/ttao/scannet/posed_images/scene0582_02/00150.jpg",
      "transform_matrix": [
        [
          -0.963902,
          0.055464,
          -0.260415,
          1.539421
        ],
        [
          0.265997,
          0.243754,
          -0.932647,
          5.481409
        ],
        [
          0.011749,
          -0.96825,
          -0.249709,
          1.527052
        ],
        [
          0.0,
          0.0,
          0.0,
          1.0
        ]
      ]
    },
    {
      "file_path": "/media/NFS/ttao/scannet/posed_images/scene0582_02/00159.jpg",
      "transform_matrix": [
        [
          -0.977126,
          0.047789,
          -0.207221,
          1.556213
        ],
        [
          0.212658,
          0.224595,
          -0.950964,
          5.419935
        ],
        [
          0.001095,
          -0.973279,
          -0.229621,
          1.532859
        ],
        [
          0.0,
          0.0,
          0.0,
          1.0
        ]
      ]
    },
    {
      "file_path": "/media/NFS/ttao/scannet/posed_images/scene0582_02/00164.jpg",
      "transform_matrix": [
        [
          -0.980734,
          0.040881,
          -0.191023,
          1.572395
        ],
        [
          0.195294,
          0.228364,
          -0.953787,
          5.36413
        ],
        [
          0.004631,
          -0.972717,
          -0.231948,
          1.540545
        ],
        [
          0.0,
          0.0,
          0.0,
          1.0
        ]
      ]
    },
    {
      "file_path": "/media/NFS/ttao/scannet/posed_images/scene0582_02/00169.jpg",
      "transform_matrix": [
        [
          -0.982852,
          0.033706,
          -0.181286,
          1.586398
        ],
        [
          0.184257,
          0.217217,
          -0.958575,
          5.299281
        ],
        [
          0.007069,
          -0.975541,
          -0.219703,
          1.543605
        ],
        [
          0.0,
          0.0,
          0.0,
          1.0
        ]
      ]
    },
    {
      "file_path": "/media/NFS/ttao/scannet/posed_images/scene0582_02/00174.jpg",
      "transform_matrix": [
        [
          -0.984454,
          0.033732,
          -0.172372,
          1.599417
        ],
        [
          0.175615,
          0.206165,
          -0.962629,
          5.232107
        ],
        [
          0.003066,
          -0.977936,
          -0.208884,
          1.544097
        ],
        [
          0.0,
          0.0,
          0.0,
          1.0
        ]
      ]
    },
    {
      "file_path": "/media/NFS/ttao/scannet/posed_images/scene0582_02/00181.jpg",
      "transform_matrix": [
        [
          -0.984867,
          0.032677,
          -0.1702,
          1.61802
        ],
        [
          0.173181,
          0.223233,
          -0.959258,
          5.15022
        ],
        [
          0.006649,
          -0.974217,
          -0.225514,
          1.547653
        ],
        [
          0.0,
          0.0,
          0.0,
          1.0
        ]
      ]
    },
    {
      "file_path": "/media/NFS/ttao/scannet/posed_images/scene0582_02/00184.jpg",
      "transform_matrix": [
        [
          -0.985982,
          0.031522,
          -0.163846,
          1.617888
        ],
        [
          0.16667,
          0.231812,
          -0.958376,
          5.122187
        ],
        [
          0.007771,
          -0.97225,
          -0.233817,
          1.544104
        ],
        [
          0.0,
          0.0,
          0.0,
          1.0
        ]
      ]
    },
    {
      "file_path": "/media/NFS/ttao/scannet/posed_images/scene0582_02/00188.jpg",
      "transform_matrix": [
        [
          -0.988161,
          0.024419,
          -0.151465,
          1.613429
        ],
        [
          0.152889,
          0.238862,
          -0.958942,
          5.087772
        ],
        [
          0.012763,
          -0.970746,
          -0.239768,
          1.541322
        ],
        [
          0.0,
          0.0,
          0.0,
          1.0
        ]
      ]
    },
    {
      "file_path": "/media/NFS/ttao/scannet/posed_images/scene0582_02/00195.jpg",
      "transform_matrix": [
        [
          -0.993896,
          0.015013,
          -0.10929,
          1.589203
        ],
        [
          0.10949,
          0.255243,
          -0.960658,
          5.023359
        ],
        [
          0.013473,
          -0.96676,
          -0.255329,
          1.543338
        ],
        [
          0.0,
          0.0,
          0.0,
          1.0
        ]
      ]
    },
    {
      "file_path": "/media/NFS/ttao/scannet/posed_images/scene0582_02/00203.jpg",
      "transform_matrix": [
        [
          -0.999787,
          -0.005264,
          -0.019927,
          1.537522
        ],
        [
          0.018111,
          0.23705,
          -0.971329,
          4.948875
        ],
        [
          0.009837,
          -0.971483,
          -0.236904,
          1.54057
        ],
        [
          0.0,
          0.0,
          0.0,
          1.0
        ]
      ]
    },
    {
      "file_path": "/media/NFS/ttao/scannet/posed_images/scene0582_02/00210.jpg",
      "transform_matrix": [
        [
          -0.994815,
          -0.032052,
          0.096517,
          1.465284
        ],
        [
          -0.101522,
          0.25691,
          -0.961088,
          4.878409
        ],
        [
          0.006009,
          -0.965904,
          -0.258832,
          1.53395
        ],
        [
          0.0,
          0.0,
          0.0,
          1.0
        ]
      ]
    },
    {
      "file_path": "/media/NFS/ttao/scannet/posed_images/scene0582_02/00212.jpg",
      "transform_matrix": [
        [
          -0.992056,
          -0.040565,
          0.119073,
          1.4539
        ],
        [
          -0.125508,
          0.255527,
          -0.958621,
          4.861516
        ],
        [
          0.00846,
          -0.96595,
          -0.258589,
          1.529261
        ],
        [
          0.0,
          0.0,
          0.0,
          1.0
        ]
      ]
    },
    {
      "file_path": "/media/NFS/ttao/scannet/posed_images/scene0582_02/00217.jpg",
      "transform_matrix": [
        [
          -0.98362,
          -0.055243,
          0.171583,
          1.428087
        ],
        [
          -0.180088,
          0.260045,
          -0.948654,
          4.808504
        ],
        [
          0.007787,
          -0.964015,
          -0.265734,
          1.529258
        ],
        [
          0.0,
          0.0,
          0.0,
          1.0
        ]
      ]
    },
    {
      "file_path": "/media/NFS/ttao/scannet/posed_images/scene0582_02/00224.jpg",
      "transform_matrix": [
        [
          -0.974492,
          -0.0698,
          0.21329,
          1.408971
        ],
        [
          -0.22419,
          0.259687,
          -0.939309,
          4.70412
        ],
        [
          0.010176,
          -0.963167,
          -0.268711,
          1.539768
        ],
        [
          0.0,
          0.0,
          0.0,
          1.0
        ]
      ]
    },
    {
      "file_path": "/media/NFS/ttao/scannet/posed_images/scene0582_02/00233.jpg",
      "transform_matrix": [
        [
          -0.974819,
          -0.053492,
          0.216485,
          1.388838
        ],
        [
          -0.222976,
          0.220816,
          -0.949485,
          4.546391
        ],
        [
          0.002987,
          -0.973847,
          -0.227183,
          1.53734
        ],
        [
          0.0,
          0.0,
          0.0,
          1.0
        ]
      ]
    },
    {
      "file_path": "/media/NFS/ttao/scannet/posed_images/scene0582_02/00236.jpg",
      "transform_matrix": [
        [
          -0.975423,
          -0.061231,
          0.211664,
          1.382982
        ],
        [
          -0.220057,
          0.221834,
          -0.949929,
          4.492939
        ],
        [
          0.01121,
          -0.97316,
          -0.229857,
          1.541657
        ],
        [
          0.0,
          0.0,
          0.0,
          1.0
        ]
      ]
    },
    {
      "file_path": "/media/NFS/ttao/scannet/posed_images/scene0582_02/00241.jpg",
      "transform_matrix": [
        [
          -0.976703,
          -0.048182,
          0.209118,
          1.36238
        ],
        [
          -0.214596,
          0.221763,
          -0.951194,
          4.421814
        ],
        [
          -0.000544,
          -0.973909,
          -0.226937,
          1.540253
        ],
        [
          0.0,
          0.0,
          0.0,
          1.0
        ]
      ]
    },
    {
      "file_path": "/media/NFS/ttao/scannet/posed_images/scene0582_02/00247.jpg",
      "transform_matrix": [
        [
          -0.974401,
          -0.040944,
          0.221057,
          1.334593
        ],
        [
          -0.224112,
          0.254717,
          -0.940688,
          4.352715
        ],
        [
          -0.017791,
          -0.966148,
          -0.257372,
          1.525767
        ],
        [
          0.0,
          0.0,
          0.0,
          1.0
        ]
      ]
    },
    {
      "file_path": "/media/NFS/ttao/scannet/posed_images/scene0582_02/00255.jpg",
      "transform_matrix": [
        [
          -0.961757,
          -0.063808,
          0.266366,
          1.27394
        ],
        [
          -0.273373,
          0.284053,
          -0.919011,
          4.267182
        ],
        [
          -0.017022,
          -0.956683,
          -0.290634,
          1.501488
        ],
        [
          0.0,
          0.0,
          0.0,
          1.0
        ]
      ]
    },
    {
      "file_path": "/media/NFS/ttao/scannet/posed_images/scene0582_02/00260.jpg",
      "transform_matrix": [
        [
          -0.945403,
          -0.093158,
          0.312306,
          1.223846
        ],
        [
          -0.325813,
          0.292909,
          -0.898916,
          4.210074
        ],
        [
          -0.007736,
          -0.951591,
          -0.307269,
          1.489573
        ],
        [
          0.0,
          0.0,
          0.0,
          1.0
        ]
      ]
    },
    {
      "file_path": "/media/NFS/ttao/scannet/posed_images/scene0582_02/00265.jpg",
      "transform_matrix": [
        [
          -0.935429,
          -0.100127,
          0.339039,
          1.194918
        ],
        [
          -0.353218,
          0.304063,
          -0.884751,
          4.161551
        ],
        [
          -0.014502,
          -0.947376,
          -0.319795,
          1.481698
        ],
        [
          0.0,
          0.0,
          0.0,
          1.0
        ]
      ]
    },
    {
      "file_path": "/media/NFS/ttao/scannet/posed_images/scene0582_02/00269.jpg",
      "transform_matrix": [
        [
          -0.930605,
          -0.095473,
          0.353354,
          1.181126
        ],
        [
          -0.365393,
          0.299016,
          -0.88152,
          4.120527
        ],
        [
          -0.021497,
          -0.94946,
          -0.313151,
          1.473703
        ],
        [
          0.0,
          0.0,
          0.0,
          1.0
        ]
      ]
    },
    {
      "file_path": "/media/NFS/ttao/scannet/posed_images/scene0582_02/00279.jpg",
      "transform_matrix": [
        [
          -0.928878,
          -0.087989,
          0.359784,
          1.16634
        ],
        [
          -0.368787,
          0.309898,
          -0.876333,
          3.984343
        ],
        [
          -0.034388,
          -0.94669,
          -0.320306,
          1.459728
        ],
        [
          0.0,
          0.0,
          0.0,
          1.0
        ]
      ]
    },
    {
      "file_path": "/media/NFS/ttao/scannet/posed_images/scene0582_02/00284.jpg",
      "transform_matrix": [
        [
          -0.929859,
          -0.089729,
          0.356807,
          1.165101
        ],
        [
          -0.36688,
          0.298892,
          -0.880944,
          3.930821
        ],
        [
          -0.027601,
          -0.950059,
          -0.310848,
          1.446386
        ],
        [
          0.0,
          0.0,
          0.0,
          1.0
        ]
      ]
    },
    {
      "file_path": "/media/NFS/ttao/scannet/posed_images/scene0582_02/00288.jpg",
      "transform_matrix": [
        [
          -0.930429,
          -0.090917,
          0.355016,
          1.164349
        ],
        [
          -0.365251,
          0.309102,
          -0.878094,
          3.886672
        ],
        [
          -0.029903,
          -0.946673,
          -0.320804,
          1.444565
        ],
        [
          0.0,
          0.0,
          0.0,
          1.0
        ]
      ]
    },
    {
      "file_path": "/media/NFS/ttao/scannet/posed_images/scene0582_02/00295.jpg",
      "transform_matrix": [
        [
          -0.926451,
          -0.095294,
          0.364153,
          1.153545
        ],
        [
          -0.375247,
          0.309977,
          -0.873558,
          3.820924
        ],
        [
          -0.029635,
          -0.945956,
          -0.322937,
          1.443143
        ],
        [
          0.0,
          0.0,
          0.0,
          1.0
        ]
      ]
    },
    {
      "file_path": "/media/NFS/ttao/scannet/posed_images/scene0582_02/00298.jpg",
      "transform_matrix": [
        [
          -0.921433,
          -0.094254,
          0.376932,
          1.146589
        ],
        [
          -0.386951,
          0.310187,
          -0.868362,
          3.795116
        ],
        [
          -0.035073,
          -0.945992,
          -0.322288,
          1.437873
        ],
        [
          0.0,
          0.0,
          0.0,
          1.0
        ]
      ]
    },
    {
      "file_path": "/media/NFS/ttao/scannet/posed_images/scene0582_02/00307.jpg",
      "transform_matrix": [
        [
          -0.867291,
          -0.129006,
          0.480796,
          1.121852
        ],
        [
          -0.496651,
          0.289894,
          -0.818107,
          3.724008
        ],
        [
          -0.033839,
          -0.948324,
          -0.315493,
          1.43442
        ],
        [
          0.0,
          0.0,
          0.0,
          1.0
        ]
      ]
    },
    {
      "file_path": "/media/NFS/ttao/scannet/posed_images/scene0582_02/00309.jpg",
      "transform_matrix": [
        [
          -0.854496,
          -0.140165,
          0.500189,
          1.116294
        ],
        [
          -0.518754,
          0.280325,
          -0.807658,
          3.711771
        ],
        [
          -0.02701,
          -0.949616,
          -0.312248,
          1.433007
        ],
        [
          0.0,
          0.0,
          0.0,
          1.0
        ]
      ]
    },
    {
      "file_path": "/media/NFS/ttao/scannet/posed_images/scene0582_02/00319.jpg",
      "transform_matrix": [
        [
          -0.779471,
          -0.185042,
          0.598485,
          1.075515
        ],
        [
          -0.625933,
          0.268432,
          -0.732225,
          3.647807
        ],
        [
          -0.025161,
          -0.945359,
          -0.325059,
          1.427589
        ],
        [
          0.0,
          0.0,
          0.0,
          1.0
        ]
      ]
    },
    {
      "file_path": "/media/NFS/ttao/scannet/posed_images/scene0582_02/00321.jpg",
      "transform_matrix": [
        [
          -0.767358,
          -0.191172,
          0.612057,
          1.072023
        ],
        [
          -0.640598,
          0.270551,
          -0.718635,
          3.632478
        ],
        [
          -0.02821,
          -0.943533,
          -0.330074,
          1.429276
        ],
        [
          0.0,
          0.0,
          0.0,
          1.0
        ]
      ]
    },
    {
      "file_path": "/media/NFS/ttao/scannet/posed_images/scene0582_02/00329.jpg",
      "transform_matrix": [
        [
          -0.719192,
          -0.212878,
          0.661397,
          1.059803
        ],
        [
          -0.694531,
          0.247305,
          -0.675624,
          3.597711
        ],
        [
          -0.019741,
          -0.945264,
          -0.32571,
          1.433171
        ],
        [
          0.0,
          0.0,
          0.0,
          1.0
        ]
      ]
    },
    {
      "file_path": "/media/NFS/ttao/scannet/posed_images/scene0582_02/00333.jpg",
      "transform_matrix": [
        [
          -0.698193,
          -0.215946,
          0.682564,
          1.051471
        ],
        [
          -0.715684,
          0.23448,
          -0.657887,
          3.576829
        ],
        [
          -0.01798,
          -0.947832,
          -0.318261,
          1.433544
        ],
        [
          0.0,
          0.0,
          0.0,
          1.0
        ]
      ]
    },
    {
      "file_path": "/media/NFS/ttao/scannet/posed_images/scene0582_02/00340.jpg",
      "transform_matrix": [
        [
          -0.662209,
          -0.244444,
          0.708326,
          1.055602
        ],
        [
          -0.749287,
          0.224777,
          -0.622932,
          3.532255
        ],
        [
          -0.006943,
          -0.943251,
          -0.332008,
          1.436624
        ],
        [
          0.0,
          0.0,
          0.0,
          1.0
        ]
      ]
    },
    {
      "file_path": "/media/NFS/ttao/scannet/posed_images/scene0582_02/00343.jpg",
      "transform_matrix": [
        [
          -0.655544,
          -0.255771,
          0.710523,
          1.062351
        ],
        [
          -0.755157,
          0.222443,
          -0.616651,
          3.505349
        ],
        [
          -0.000329,
          -0.940798,
          -0.338968,
          1.438462
        ],
        [
          0.0,
          0.0,
          0.0,
          1.0
        ]
      ]
    },
    {
      "file_path": "/media/NFS/ttao/scannet/posed_images/scene0582_02/00353.jpg",
      "transform_matrix": [
        [
          -0.666113,
          -0.228139,
          0.710103,
          1.121484
        ],
        [
          -0.745734,
          0.220573,
          -0.628672,
          3.406152
        ],
        [
          -0.013205,
          -0.948314,
          -0.317057,
          1.450318
        ],
        [
          0.0,
          0.0,
          0.0,
          1.0
        ]
      ]
    },
    {
      "file_path": "/media/NFS/ttao/scannet/posed_images/scene0582_02/00355.jpg",
      "transform_matrix": [
        [
          -0.665887,
          -0.23102,
          0.709384,
          1.13442
        ],
        [
          -0.745926,
          0.223739,
          -0.627325,
          3.38844
        ],
        [
          -0.013792,
          -0.946874,
          -0.321308,
          1.446417
        ],
        [
          0.0,
          0.0,
          0.0,
          1.0
        ]
      ]
    },
    {
      "file_path": "/media/NFS/ttao/scannet/posed_images/scene0582_02/00360.jpg",
      "transform_matrix": [
        [
          -0.653861,
          -0.228756,
          0.721205,
          1.163201
        ],
        [
          -0.756551,
          0.210073,
          -0.619274,
          3.346586
        ],
        [
          -0.009843,
          -0.950547,
          -0.310424,
          1.448494
        ],
        [
          0.0,
          0.0,
          0.0,
          1.0
        ]
      ]
    },
    {
      "file_path": "/media/NFS/ttao/scannet/posed_images/scene0582_02/00367.jpg",
      "transform_matrix": [
        [
          -0.614673,
          -0.253845,
          0.74682,
          1.200693
        ],
        [
          -0.788656,
          0.180861,
          -0.587632,
          3.311658
        ],
        [
          0.014097,
          -0.950185,
          -0.311366,
          1.45554
        ],
        [
          0.0,
          0.0,
          0.0,
          1.0
        ]
      ]
    },
    {
      "file_path": "/media/NFS/ttao/scannet/posed_images/scene0582_02/00376.jpg",
      "transform_matrix": [
        [
          -0.527457,
          -0.254204,
          0.81066,
          1.21207
        ],
        [
          -0.849125,
          0.126449,
          -0.512833,
          3.255809
        ],
        [
          0.027857,
          -0.958849,
          -0.282548,
          1.45964
        ],
        [
          0.0,
          0.0,
          0.0,
          1.0
        ]
      ]
    },
    {
      "file_path": "/media/NFS/ttao/scannet/posed_images/scene0582_02/00379.jpg",
      "transform_matrix": [
        [
          -0.486922,
          -0.254689,
          0.835488,
          1.210421
        ],
        [
          -0.872979,
          0.110654,
          -0.47504,
          3.230636
        ],
        [
          0.028537,
          -0.960671,
          -0.276219,
          1.460218
        ],
        [
          0.0,
          0.0,
          0.0,
          1.0
        ]
      ]
    },
    {
      "file_path": "/media/NFS/ttao/scannet/posed_images/scene0582_02/00386.jpg",
      "transform_matrix": [
        [
          -0.387622,
          -0.269308,
          0.881602,
          1.19451
        ],
        [
          -0.921287,
          0.080712,
          -0.380415,
          3.181338
        ],
        [
          0.031293,
          -0.959666,
          -0.279396,
          1.443667
        ],
        [
          0.0,
          0.0,
          0.0,
          1.0
        ]
      ]
    },
    {
      "file_path": "/media/NFS/ttao/scannet/posed_images/scene0582_02/00393.jpg",
      "transform_matrix": [
        [
          -0.296251,
          -0.257898,
          0.919632,
          1.173265
        ],
        [
          -0.955086,
          0.073145,
          -0.287159,
          3.131037
        ],
        [
          0.006791,
          -0.963399,
          -0.267984,
          1.44289
        ],
        [
          0.0,
          0.0,
          0.0,
          1.0
        ]
      ]
    },
    {
      "file_path": "/media/NFS/ttao/scannet/posed_images/scene0582_02/00400.jpg",
      "transform_matrix": [
        [
          -0.225313,
          -0.263683,
          0.937926,
          1.16267
        ],
        [
          -0.973854,
          0.032288,
          -0.224867,
          3.090461
        ],
        [
          0.02901,
          -0.964069,
          -0.264064,
          1.432062
        ],
        [
          0.0,
          0.0,
          0.0,
          1.0
        ]
      ]
    },
    {
      "file_path": "/media/NFS/ttao/scannet/posed_images/scene0582_02/00402.jpg",
      "transform_matrix": [
        [
          -0.210424,
          -0.261105,
          0.942097,
          1.161062
        ],
        [
          -0.977078,
          0.02436,
          -0.211485,
          3.082971
        ],
        [
          0.032271,
          -0.965003,
          -0.260245,
          1.429157
        ],
        [
          0.0,
          0.0,
          0.0,
          1.0
        ]
      ]
    },
    {
      "file_path": "/media/NFS/ttao/scannet/posed_images/scene0582_02/00409.jpg",
      "transform_matrix": [
        [
          -0.131636,
          -0.243007,
          0.961051,
          1.160727
        ],
        [
          -0.990839,
          0.002768,
          -0.135017,
          3.065672
        ],
        [
          0.03015,
          -0.970021,
          -0.241145,
          1.440072
        ],
        [
          0.0,
          0.0,
          0.0,
          1.0
        ]
      ]
    },
    {
      "file_path": "/media/NFS/ttao/scannet/posed_images/scene0582_02/00412.jpg",
      "transform_matrix": [
        [
          -0.089191,
          -0.2365,
          0.967529,
          1.160245
        ],
        [
          -0.994714,
          -0.028474,
          -0.098657,
          3.0731
        ],
        [
          0.050882,
          -0.971214,
          -0.23271,
          1.447111
        ],
        [
          0.0,
          0.0,
          0.0,
          1.0
        ]
      ]
    },
    {
      "file_path": "/media/NFS/ttao/scannet/posed_images/scene0582_02/00422.jpg",
      "transform_matrix": [
        [
          9.5e-05,
          -0.198787,
          0.980043,
          1.159761
        ],
        [
          -0.999353,
          -0.035284,
          -0.00706,
          3.0893
        ],
        [
          0.035983,
          -0.979407,
          -0.198662,
          1.443153
        ],
        [
          0.0,
          0.0,
          0.0,
          1.0
        ]
      ]
    },
    {
      "file_path": "/media/NFS/ttao/scannet/posed_images/scene0582_02/00424.jpg",
      "transform_matrix": [
        [
          0.016254,
          -0.196713,
          0.980326,
          1.160553
        ],
        [
          -0.999166,
          -0.039931,
          0.008554,
          3.09683
        ],
        [
          0.037463,
          -0.979648,
          -0.197198,
          1.445877
        ],
        [
          0.0,
          0.0,
          0.0,
          1.0
        ]
      ]
    },
    {
      "file_path": "/media/NFS/ttao/scannet/posed_images/scene0582_02/00433.jpg",
      "transform_matrix": [
        [
          0.115076,
          -0.170654,
          0.978588,
          1.168758
        ],
        [
          -0.992325,
          -0.064642,
          0.105419,
          3.136195
        ],
        [
          0.045268,
          -0.983208,
          -0.176783,
          1.464246
        ],
        [
          0.0,
          0.0,
          0.0,
          1.0
        ]
      ]
    },
    {
      "file_path": "/media/NFS/ttao/scannet/posed_images/scene0582_02/00438.jpg",
      "transform_matrix": [
        [
          0.169974,
          -0.156613,
          0.972924,
          1.170124
        ],
        [
          -0.98455,
          -0.069144,
          0.160875,
          3.158778
        ],
        [
          0.042077,
          -0.985237,
          -0.165946,
          1.466616
        ],
        [
          0.0,
          0.0,
          0.0,
          1.0
        ]
      ]
    },
    {
      "file_path": "/media/NFS/ttao/scannet/posed_images/scene0582_02/00443.jpg",
      "transform_matrix": [
        [
          0.225421,
          -0.150638,
          0.962545,
          1.171803
        ],
        [
          -0.97332,
          -0.078248,
          0.215699,
          3.185778
        ],
        [
