{
  "frames": [
    {
      "file_path": "/media/NFS/ttao/scannet/posed_images/scene0057_00/00000.jpg",
      "transform_matrix": [
        [
          -0.443363,
          -0.325026,
          0.835337,
          2.190343
        ],
        [
          -0.895367,
          0.117125,
          -0.429651,
          3.392878
        ],
        [
          0.041809,
          -0.938424,
          -0.342946,
          1.594635
        ],
        [
          0.0,
          0.0,
          0.0,
          1.0
        ]
      ]
    },
    {
      "file_path": "/media/NFS/ttao/scannet/posed_images/scene0057_00/00007.jpg",
      "transform_matrix": [
        [
          -0.440385,
          -0.33678,
          0.83225,
          2.174022
        ],
        [
          -0.896789,
          0.120832,
          -0.425639,
          3.380662
        ],
        [
          0.042784,
          -0.933798,
          -0.355233,
          1.580895
        ],
        [
          0.0,
          0.0,
          0.0,
          1.0
        ]
      ]
    },
    {
      "file_path": "/media/NFS/ttao/scannet/posed_images/scene0057_00/00012.jpg",
      "transform_matrix": [
        [
          -0.443373,
          -0.340694,
          0.829064,
          2.172828
        ],
        [
          -0.895495,
          0.128269,
          -0.426188,
          3.376338
        ],
        [
          0.038856,
          -0.931383,
          -0.361961,
          1.57884
        ],
        [
          0.0,
          0.0,
          0.0,
          1.0
        ]
      ]
    },
    {
      "file_path": "/media/NFS/ttao/scannet/posed_images/scene0057_00/00015.jpg",
      "transform_matrix": [
        [
          -0.445191,
          -0.336687,
          0.829727,
          2.173453
        ],
        [
          -0.894866,
          0.134234,
          -0.425672,
          3.37115
        ],
        [
          0.031941,
          -0.931999,
          -0.36105,
          1.583868
        ],
        [
          0.0,
          0.0,
          0.0,
          1.0
        ]
      ]
    },
    {
      "file_path": "/media/NFS/ttao/scannet/posed_images/scene0057_00/00024.jpg",
      "transform_matrix": [
        [
          -0.460082,
          -0.295149,
          0.837384,
          2.162446
        ],
        [
          -0.887605,
          0.129556,
          -0.44201,
          3.356253
        ],
        [
          0.021971,
          -0.946627,
          -0.321582,
          1.605433
        ],
        [
          0.0,
          0.0,
          0.0,
          1.0
        ]
      ]
    },
    {
      "file_path": "/media/NFS/ttao/scannet/posed_images/scene0057_00/00027.jpg",
      "transform_matrix": [
        [
          -0.468092,
          -0.273759,
          0.840206,
          2.161654
        ],
        [
          -0.883513,
          0.126488,
          -0.451006,
          3.353345
        ],
        [
          0.017191,
          -0.953445,
          -0.301077,
          1.608304
        ],
        [
          0.0,
          0.0,
          0.0,
          1.0
        ]
      ]
    },
    {
      "file_path": "/media/NFS/ttao/scannet/posed_images/scene0057_00/00038.jpg",
      "transform_matrix": [
        [
          -0.493271,
          -0.223557,
          0.840657,
          2.151252
        ],
        [
          -0.869627,
          0.103656,
          -0.482705,
          3.343646
        ],
        [
          0.020773,
          -0.969163,
          -0.245542,
          1.631095
        ],
        [
          0.0,
          0.0,
          0.0,
          1.0
        ]
      ]
    },
    {
      "file_path": "/media/NFS/ttao/scannet/posed_images/scene0057_00/00043.jpg",
      "transform_matrix": [
        [
          -0.50676,
          -0.203412,
          0.837746,
          2.152495
        ],
        [
          -0.86195,
          0.102215,
          -0.496583,
          3.343058
        ],
        [
          0.015381,
          -0.973743,
          -0.227129,
          1.653943
        ],
        [
          0.0,
          0.0,
          0.0,
          1.0
        ]
      ]
    },
    {
      "file_path": "/media/NFS/ttao/scannet/posed_images/scene0057_00/00048.jpg",
      "transform_matrix": [
        [
          -0.512661,
          -0.175421,
          0.840479,
          2.150723
        ],
        [
          -0.858513,
          0.091514,
          -0.50456,
          3.334083
        ],
        [
          0.011594,
          -0.980231,
          -0.197517,
          1.666777
        ],
        [
          0.0,
          0.0,
          0.0,
          1.0
        ]
      ]
    },
    {
      "file_path": "/media/NFS/ttao/scannet/posed_images/scene0057_00/00051.jpg",
      "transform_matrix": [
        [
          -0.516932,
          -0.165954,
          0.839786,
          2.145304
        ],
        [
          -0.855923,
          0.084944,
          -0.510079,
          3.322074
        ],
        [
          0.013315,
          -0.982468,
          -0.185954,
          1.690025
        ],
        [
          0.0,
          0.0,
          0.0,
          1.0
        ]
      ]
    },
    {
      "file_path": "/media/NFS/ttao/scannet/posed_images/scene0057_00/00056.jpg",
      "transform_matrix": [
        [
          -0.52997,
          -0.133539,
          0.837436,
          2.146327
        ],
        [
          -0.847752,
          0.058747,
          -0.52713,
          3.319987
        ],
        [
          0.021195,
          -0.989301,
          -0.144342,
          1.699772
        ],
        [
          0.0,
          0.0,
          0.0,
          1.0
        ]
      ]
    },
    {
      "file_path": "/media/NFS/ttao/scannet/posed_images/scene0057_00/00061.jpg",
      "transform_matrix": [
        [
          -0.501671,
          -0.085443,
          0.860829,
          2.127271
        ],
        [
          -0.864319,
          0.008362,
          -0.502875,
          3.324449
        ],
        [
          0.035768,
          -0.996308,
          -0.078045,
          1.653414
        ],
        [
          0.0,
          0.0,
          0.0,
          1.0
        ]
      ]
    },
    {
      "file_path": "/media/NFS/ttao/scannet/posed_images/scene0057_00/00072.jpg",
      "transform_matrix": [
        [
          -0.425673,
          -0.016239,
          0.904731,
          2.112063
        ],
        [
          -0.904223,
          -0.030387,
          -0.425979,
          3.344317
        ],
        [
          0.034409,
          -0.999406,
          -0.001749,
          1.690175
        ],
        [
          0.0,
          0.0,
          0.0,
          1.0
        ]
      ]
    },
    {
      "file_path": "/media/NFS/ttao/scannet/posed_images/scene0057_00/00077.jpg",
      "transform_matrix": [
        [
          -0.379641,
          -0.006239,
          0.925112,
          2.106069
        ],
        [
          -0.924545,
          -0.033101,
          -0.379632,
          3.361017
        ],
        [
          0.032991,
          -0.999433,
          0.006799,
          1.69555
        ],
        [
          0.0,
          0.0,
          0.0,
          1.0
        ]
      ]
    },
    {
      "file_path": "/media/NFS/ttao/scannet/posed_images/scene0057_00/00078.jpg",
      "transform_matrix": [
        [
          -0.368969,
          -0.007154,
          0.929414,
          2.104269
        ],
        [
          -0.928826,
          -0.033542,
          -0.368994,
          3.361389
        ],
        [
          0.033814,
          -0.999412,
          0.005731,
          1.696155
        ],
        [
          0.0,
          0.0,
          0.0,
          1.0
        ]
      ]
    },
    {
      "file_path": "/media/NFS/ttao/scannet/posed_images/scene0057_00/00087.jpg",
      "transform_matrix": [
        [
          -0.270213,
          -0.043304,
          0.961826,
          2.10781
        ],
        [
          -0.961889,
          -0.031322,
          -0.27164,
          3.388303
        ],
        [
          0.04189,
          -0.998571,
          -0.03319,
          1.685682
        ],
        [
          0.0,
          0.0,
          0.0,
          1.0
        ]
      ]
    },
    {
      "file_path": "/media/NFS/ttao/scannet/posed_images/scene0057_00/00092.jpg",
      "transform_matrix": [
        [
          -0.215737,
          -0.069979,
          0.97394,
          2.108118
        ],
        [
          -0.975472,
          -0.029218,
          -0.218175,
          3.384598
        ],
        [
          0.043724,
          -0.99712,
          -0.061959,
          1.668191
        ],
        [
          0.0,
          0.0,
          0.0,
          1.0
        ]
      ]
    },
    {
      "file_path": "/media/NFS/ttao/scannet/posed_images/scene0057_00/00099.jpg",
      "transform_matrix": [
        [
          -0.147986,
          -0.118512,
          0.981863,
          2.111445
        ],
        [
          -0.987979,
          -0.027165,
          -0.152186,
          3.370743
        ],
        [
          0.044708,
          -0.992581,
          -0.113067,
          1.648881
        ],
        [
          0.0,
          0.0,
          0.0,
          1.0
        ]
      ]
    },
    {
      "file_path": "/media/NFS/ttao/scannet/posed_images/scene0057_00/00101.jpg",
      "transform_matrix": [
        [
          -0.123113,
          -0.13152,
          0.983639,
          2.102984
        ],
        [
          -0.991267,
          -0.030906,
          -0.1282,
          3.359783
        ],
        [
          0.047261,
          -0.990832,
          -0.126566,
          1.63126
        ],
        [
          0.0,
          0.0,
          0.0,
          1.0
        ]
      ]
    },
    {
      "file_path": "/media/NFS/ttao/scannet/posed_images/scene0057_00/00107.jpg",
      "transform_matrix": [
        [
          -0.063073,
          -0.18721,
          0.980293,
          2.117968
        ],
        [
          -0.997516,
          -0.019056,
          -0.06782,
          3.33067
        ],
        [
          0.031377,
          -0.982135,
          -0.185543,
          1.608342
        ],
        [
          0.0,
          0.0,
          0.0,
          1.0
        ]
      ]
    },
    {
      "file_path": "/media/NFS/ttao/scannet/posed_images/scene0057_00/00116.jpg",
      "transform_matrix": [
        [
          -0.008962,
          -0.265991,
          0.963933,
          2.185018
        ],
        [
          -0.999822,
          -0.013625,
          -0.013055,
          3.27467
        ],
        [
          0.016606,
          -0.963879,
          -0.265822,
          1.599765
        ],
        [
          0.0,
          0.0,
          0.0,
          1.0
        ]
      ]
    },
    {
      "file_path": "/media/NFS/ttao/scannet/posed_images/scene0057_00/00121.jpg",
      "transform_matrix": [
        [
          -0.01282,
          -0.289827,
          0.956993,
          2.249322
        ],
        [
          -0.999709,
          -0.015866,
          -0.018198,
          3.231631
        ],
        [
          0.020458,
          -0.956948,
          -0.289539,
          1.600285
        ],
        [
          0.0,
          0.0,
          0.0,
          1.0
        ]
      ]
    },
    {
      "file_path": "/media/NFS/ttao/scannet/posed_images/scene0057_00/00128.jpg",
      "transform_matrix": [
        [
          0.007754,
          -0.295175,
          0.955411,
          2.38327
        ],
        [
          -0.998982,
          -0.044743,
          -0.005715,
          3.168412
        ],
        [
          0.044435,
          -0.954395,
          -0.295222,
          1.592104
        ],
        [
          0.0,
          0.0,
          0.0,
          1.0
        ]
      ]
    },
    {
      "file_path": "/media/NFS/ttao/scannet/posed_images/scene0057_00/00131.jpg",
      "transform_matrix": [
        [
          0.015751,
          -0.308544,
          0.951079,
          2.449067
        ],
        [
          -0.998896,
          -0.046967,
          0.001306,
          3.140748
        ],
        [
          0.044266,
          -0.95005,
          -0.308943,
          1.594545
        ],
        [
          0.0,
          0.0,
          0.0,
          1.0
        ]
      ]
    },
    {
      "file_path": "/media/NFS/ttao/scannet/posed_images/scene0057_00/00140.jpg",
      "transform_matrix": [
        [
          0.023854,
          -0.349895,
          0.936485,
          2.577543
        ],
        [
          -0.999085,
          -0.041597,
          0.009908,
          3.043774
        ],
        [
          0.035488,
          -0.935865,
          -0.350567,
          1.58291
        ],
        [
          0.0,
          0.0,
          0.0,
          1.0
        ]
      ]
    },
    {
      "file_path": "/media/NFS/ttao/scannet/posed_images/scene0057_00/00142.jpg",
      "transform_matrix": [
        [
          0.027415,
          -0.355237,
          0.934374,
          2.605855
        ],
        [
          -0.998962,
          -0.043756,
          0.012675,
          3.020561
        ],
        [
          0.036382,
          -0.933751,
          -0.356068,
          1.588966
        ],
        [
          0.0,
          0.0,
          0.0,
          1.0
        ]
      ]
    },
    {
      "file_path": "/media/NFS/ttao/scannet/posed_images/scene0057_00/00150.jpg",
      "transform_matrix": [
        [
          0.097758,
          -0.355259,
          0.929642,
          2.723708
        ],
        [
          -0.994481,
          -0.070633,
          0.077584,
          2.896086
        ],
        [
          0.038101,
          -0.932095,
          -0.360203,
          1.568534
        ],
        [
          0.0,
          0.0,
          0.0,
          1.0
        ]
      ]
    },
    {
      "file_path": "/media/NFS/ttao/scannet/posed_images/scene0057_00/00157.jpg",
      "transform_matrix": [
        [
          0.164513,
          -0.355387,
          0.920128,
          2.811557
        ],
        [
          -0.985798,
          -0.091147,
          0.14105,
          2.832688
        ],
        [
          0.033739,
          -0.930265,
          -0.365335,
          1.568145
        ],
        [
          0.0,
          0.0,
          0.0,
          1.0
        ]
      ]
    },
    {
      "file_path": "/media/NFS/ttao/scannet/posed_images/scene0057_00/00159.jpg",
      "transform_matrix": [
        [
          0.173376,
          -0.357219,
          0.917788,
          2.837373
        ],
        [
          -0.984573,
          -0.085214,
          0.152825,
          2.818405
        ],
        [
          0.023616,
          -0.930125,
          -0.366482,
          1.559865
        ],
        [
          0.0,
          0.0,
          0.0,
          1.0
        ]
      ]
    },
    {
      "file_path": "/media/NFS/ttao/scannet/posed_images/scene0057_00/00164.jpg",
      "transform_matrix": [
        [
          0.19745,
          -0.37207,
          0.90696,
          2.92121
        ],
        [
          -0.980253,
          -0.085211,
          0.17845,
          2.786604
        ],
        [
          0.010887,
          -0.924285,
          -0.381547,
          1.542269
        ],
        [
          0.0,
          0.0,
          0.0,
          1.0
        ]
      ]
    },
    {
      "file_path": "/media/NFS/ttao/scannet/posed_images/scene0057_00/00172.jpg",
      "transform_matrix": [
        [
          0.176641,
          -0.354844,
          0.918087,
          3.088838
        ],
        [
          -0.984092,
          -0.081657,
          0.157781,
          2.782898
        ],
        [
          0.01898,
          -0.931353,
          -0.363623,
          1.559672
        ],
        [
          0.0,
          0.0,
          0.0,
          1.0
        ]
      ]
    },
    {
      "file_path": "/media/NFS/ttao/scannet/posed_images/scene0057_00/00176.jpg",
      "transform_matrix": [
        [
          0.163974,
          -0.347183,
          0.92335,
          3.176207
        ],
        [
          -0.986247,
          -0.077344,
          0.146062,
          2.78187
        ],
        [
          0.020705,
          -0.934602,
          -0.355091,
          1.559308
        ],
        [
          0.0,
          0.0,
          0.0,
          1.0
        ]
      ]
    },
    {
      "file_path": "/media/NFS/ttao/scannet/posed_images/scene0057_00/00184.jpg",
      "transform_matrix": [
        [
          0.127183,
          -0.351993,
          0.927321,
          3.342465
        ],
        [
          -0.991878,
          -0.043799,
          0.119412,
          2.791423
        ],
        [
          -0.001417,
          -0.934977,
          -0.354705,
          1.565974
        ],
        [
          0.0,
          0.0,
          0.0,
          1.0
        ]
      ]
    },
    {
      "file_path": "/media/NFS/ttao/scannet/posed_images/scene0057_00/00186.jpg",
      "transform_matrix": [
        [
          0.12377,
          -0.353061,
          0.927377,
          3.380632
        ],
        [
          -0.992309,
          -0.042224,
          0.116361,
          2.786069
        ],
        [
          -0.001925,
          -0.934647,
          -0.355572,
          1.561399
        ],
        [
          0.0,
          0.0,
          0.0,
          1.0
        ]
      ]
    },
    {
      "file_path": "/media/NFS/ttao/scannet/posed_images/scene0057_00/00193.jpg",
      "transform_matrix": [
        [
          0.120858,
          -0.359119,
          0.925433,
          3.53413
        ],
        [
          -0.992661,
          -0.047669,
          0.11114,
          2.764016
        ],
        [
          0.004202,
          -0.932074,
          -0.362245,
          1.565688
        ],
        [
          0.0,
          0.0,
          0.0,
          1.0
        ]
      ]
    },
    {
      "file_path": "/media/NFS/ttao/scannet/posed_images/scene0057_00/00201.jpg",
      "transform_matrix": [
        [
          0.173159,
          -0.34799,
          0.921368,
          3.688836
        ],
        [
          -0.984891,
          -0.058769,
          0.162901,
          2.735353
        ],
        [
          -0.002541,
          -0.935655,
          -0.352908,
          1.537425
        ],
        [
          0.0,
          0.0,
          0.0,
          1.0
        ]
      ]
    },
    {
      "file_path": "/media/NFS/ttao/scannet/posed_images/scene0057_00/00206.jpg",
      "transform_matrix": [
        [
          0.18574,
          -0.367889,
          0.91113,
          3.781174
        ],
        [
          -0.982599,
          -0.069348,
          0.172309,
          2.731279
        ],
        [
          -0.000206,
          -0.92728,
          -0.374368,
          1.540023
        ],
        [
          0.0,
          0.0,
          0.0,
          1.0
        ]
      ]
    },
    {
      "file_path": "/media/NFS/ttao/scannet/posed_images/scene0057_00/00210.jpg",
      "transform_matrix": [
        [
          0.191412,
          -0.376163,
          0.906566,
          3.845428
        ],
        [
          -0.981494,
          -0.078661,
          0.174593,
          2.734519
        ],
        [
          0.005636,
          -0.923209,
          -0.384258,
          1.53975
        ],
        [
          0.0,
          0.0,
          0.0,
          1.0
        ]
      ]
    },
    {
      "file_path": "/media/NFS/ttao/scannet/posed_images/scene0057_00/00218.jpg",
      "transform_matrix": [
        [
          0.15205,
          -0.338457,
          0.928616,
          3.983863
        ],
        [
          -0.988101,
          -0.074092,
          0.134785,
          2.755722
        ],
        [
          0.023184,
          -0.93806,
          -0.345696,
          1.55661
        ],
        [
          0.0,
          0.0,
          0.0,
          1.0
        ]
      ]
    },
    {
      "file_path": "/media/NFS/ttao/scannet/posed_images/scene0057_00/00225.jpg",
      "transform_matrix": [
        [
          0.112445,
          -0.288364,
          0.950895,
          4.074743
        ],
        [
          -0.993543,
          -0.047176,
          0.103182,
          2.793009
        ],
        [
          0.015105,
          -0.956358,
          -0.291807,
          1.563188
        ],
        [
          0.0,
          0.0,
          0.0,
          1.0
        ]
      ]
    },
    {
      "file_path": "/media/NFS/ttao/scannet/posed_images/scene0057_00/00228.jpg",
      "transform_matrix": [
        [
          0.11161,
          -0.27526,
          0.954869,
          4.1141
        ],
        [
          -0.993731,
          -0.037202,
          0.105428,
          2.802279
        ],
        [
          0.006503,
          -0.96065,
          -0.277687,
          1.574072
        ],
        [
          0.0,
          0.0,
          0.0,
          1.0
        ]
      ]
    },
    {
      "file_path": "/media/NFS/ttao/scannet/posed_images/scene0057_00/00234.jpg",
      "transform_matrix": [
        [
          0.127663,
          -0.234949,
          0.963587,
          4.17838
        ],
        [
          -0.991817,
          -0.030946,
          0.123858,
          2.810785
        ],
        [
          0.000719,
          -0.971515,
          -0.236977,
          1.597288
        ],
        [
          0.0,
          0.0,
          0.0,
          1.0
        ]
      ]
    },
    {
      "file_path": "/media/NFS/ttao/scannet/posed_images/scene0057_00/00240.jpg",
      "transform_matrix": [
        [
          0.169187,
          -0.177771,
          0.969419,
          4.228372
        ],
        [
          -0.985581,
          -0.033104,
          0.165937,
          2.804884
        ],
        [
          0.002593,
          -0.983515,
          -0.180808,
          1.607872
        ],
        [
          0.0,
          0.0,
          0.0,
          1.0
        ]
      ]
    },
    {
      "file_path": "/media/NFS/ttao/scannet/posed_images/scene0057_00/00247.jpg",
      "transform_matrix": [
        [
          0.21421,
          -0.141067,
          0.966547,
          4.277969
        ],
        [
          -0.976601,
          -0.050276,
          0.209101,
          2.805198
        ],
        [
          0.019097,
          -0.988723,
          -0.148536,
          1.635334
        ],
        [
          0.0,
          0.0,
          0.0,
          1.0
        ]
      ]
    },
    {
      "file_path": "/media/NFS/ttao/scannet/posed_images/scene0057_00/00252.jpg",
      "transform_matrix": [
        [
          0.220677,
          -0.116118,
          0.96841,
          4.304187
        ],
        [
          -0.974876,
          -0.057124,
          0.215301,
          2.801815
        ],
        [
          0.030319,
          -0.991591,
          -0.125806,
          1.65753
        ],
        [
          0.0,
          0.0,
          0.0,
          1.0
        ]
      ]
    },
    {
      "file_path": "/media/NFS/ttao/scannet/posed_images/scene0057_00/00254.jpg",
      "transform_matrix": [
        [
          0.222252,
          -0.115479,
          0.968126,
          4.311976
        ],
        [
          -0.974562,
          -0.055704,
          0.217085,
          2.800296
        ],
        [
          0.02886,
          -0.991747,
          -0.124922,
          1.662938
        ],
        [
          0.0,
          0.0,
          0.0,
          1.0
        ]
      ]
    },
    {
      "file_path": "/media/NFS/ttao/scannet/posed_images/scene0057_00/00264.jpg",
      "transform_matrix": [
        [
          0.179528,
          -0.125062,
          0.975771,
          4.335036
        ],
        [
          -0.983095,
          -0.059085,
          0.173303,
          2.797753
        ],
        [
          0.03598,
          -0.990388,
          -0.133555,
          1.647675
        ],
        [
          0.0,
          0.0,
          0.0,
          1.0
        ]
      ]
    },
    {
      "file_path": "/media/NFS/ttao/scannet/posed_images/scene0057_00/00266.jpg",
      "transform_matrix": [
        [
          0.159926,
          -0.13071,
          0.978437,
          4.340197
        ],
        [
          -0.986379,
          -0.059794,
          0.153236,
          2.795893
        ],
        [
          0.038475,
          -0.989616,
          -0.138492,
          1.647316
        ],
        [
          0.0,
          0.0,
          0.0,
          1.0
        ]
      ]
    },
    {
      "file_path": "/media/NFS/ttao/scannet/posed_images/scene0057_00/00271.jpg",
      "transform_matrix": [
        [
          0.097889,
          -0.160602,
          0.982153,
          4.348747
        ],
        [
          -0.994191,
          -0.060145,
          0.089254,
          2.805048
        ],
        [
          0.044737,
          -0.985185,
          -0.165557,
          1.643128
        ],
        [
          0.0,
          0.0,
          0.0,
          1.0
        ]
      ]
    },
    {
      "file_path": "/media/NFS/ttao/scannet/posed_images/scene0057_00/00281.jpg",
      "transform_matrix": [
        [
          -0.029702,
          -0.212205,
          0.976773,
          4.365458
        ],
        [
          -0.999428,
          -0.009502,
          -0.032455,
          2.874343
        ],
        [
          0.016168,
          -0.977179,
          -0.211801,
          1.61787
        ],
        [
          0.0,
          0.0,
          0.0,
          1.0
        ]
      ]
    },
    {
      "file_path": "/media/NFS/ttao/scannet/posed_images/scene0057_00/00283.jpg",
      "transform_matrix": [
        [
          -0.054593,
          -0.224614,
          0.972917,
          4.367
        ],
        [
          -0.998473,
          0.003973,
          -0.05511,
          2.897098
        ],
        [
          0.008513,
          -0.97444,
          -0.224487,
          1.617765
        ],
        [
          0.0,
          0.0,
          0.0,
          1.0
        ]
      ]
    },
    {
      "file_path": "/media/NFS/ttao/scannet/posed_images/scene0057_00/00293.jpg",
      "transform_matrix": [
        [
          -0.204059,
          -0.270236,
          0.940921,
          4.375003
        ],
        [
          -0.978842,
          0.041497,
          -0.200365,
          2.984055
        ],
        [
          0.015101,
          -0.9619,
          -0.272986,
          1.620406
        ],
        [
          0.0,
          0.0,
          0.0,
          1.0
        ]
      ]
    },
    {
      "file_path": "/media/NFS/ttao/scannet/posed_images/scene0057_00/00295.jpg",
      "transform_matrix": [
        [
          -0.236915,
          -0.270369,
          0.933151,
          4.373225
        ],
        [
          -0.971341,
          0.04693,
          -0.233013,
          2.995025
        ],
        [
          0.019207,
          -0.961612,
          -0.273739,
          1.62049
        ],
        [
          0.0,
          0.0,
          0.0,
          1.0
        ]
      ]
    },
    {
      "file_path": "/media/NFS/ttao/scannet/posed_images/scene0057_00/00300.jpg",
      "transform_matrix": [
        [
          -0.325234,
          -0.258557,
          0.909599,
          4.363642
        ],
        [
          -0.944942,
          0.052069,
          -0.32307,
          3.033206
        ],
        [
          0.036171,
          -0.964592,
          -0.261256,
          1.62538
        ],
        [
          0.0,
          0.0,
          0.0,
          1.0
        ]
      ]
    },
    {
      "file_path": "/media/NFS/ttao/scannet/posed_images/scene0057_00/00309.jpg",
      "transform_matrix": [
        [
          -0.441164,
          -0.243152,
          0.863858,
          4.318227
        ],
        [
          -0.895857,
          0.062413,
          -0.439938,
          3.039435
        ],
        [
          0.053056,
          -0.967978,
          -0.245364,
          1.606963
        ],
        [
          0.0,
          0.0,
          0.0,
          1.0
        ]
      ]
    },
    {
      "file_path": "/media/NFS/ttao/scannet/posed_images/scene0057_00/00312.jpg",
      "transform_matrix": [
        [
          -0.47049,
          -0.24785,
          0.846882,
          4.312625
        ],
        [
          -0.88129,
          0.083738,
          -0.465098,
          3.052205
        ],
        [
          0.044358,
          -0.965173,
          -0.257826,
          1.607316
        ],
        [
          0.0,
          0.0,
          0.0,
          1.0
        ]
      ]
    },
    {
      "file_path": "/media/NFS/ttao/scannet/posed_images/scene0057_00/00321.jpg",
      "transform_matrix": [
        [
          -0.558291,
          -0.249508,
          0.791237,
          4.280508
        ],
        [
          -0.829405,
          0.144916,
          -0.539524,
          3.018833
        ],
        [
          0.019953,
          -0.957468,
          -0.287849,
          1.609769
        ],
        [
          0.0,
          0.0,
          0.0,
          1.0
        ]
      ]
    },
    {
      "file_path": "/media/NFS/ttao/scannet/posed_images/scene0057_00/00324.jpg",
      "transform_matrix": [
        [
          -0.574927,
          -0.235847,
          0.783476,
          4.254225
        ],
        [
          -0.818023,
          0.1455,
          -0.556478,
          3.009913
        ],
        [
          0.017248,
          -0.960836,
          -0.27658,
          1.608714
        ],
        [
          0.0,
          0.0,
          0.0,
          1.0
        ]
      ]
    },
    {
      "file_path": "/media/NFS/ttao/scannet/posed_images/scene0057_00/00331.jpg",
      "transform_matrix": [
        [
          -0.643942,
          -0.225458,
          0.7311,
          4.19363
        ],
        [
          -0.764927,
          0.170996,
          -0.621005,
          2.995667
        ],
        [
          0.014995,
          -0.95913,
          -0.28257,
          1.589253
        ],
        [
          0.0,
          0.0,
          0.0,
          1.0
        ]
      ]
    },
    {
      "file_path": "/media/NFS/ttao/scannet/posed_images/scene0057_00/00338.jpg",
      "transform_matrix": [
        [
          -0.707576,
          -0.19862,
          0.678149,
          4.146529
        ],
        [
          -0.706519,
          0.216414,
          -0.673792,
          2.974627
        ],
        [
          -0.012933,
          -0.955884,
          -0.293458,
          1.593091
        ],
        [
          0.0,
          0.0,
          0.0,
          1.0
        ]
      ]
    },
    {
      "file_path": "/media/NFS/ttao/scannet/posed_images/scene0057_00/00339.jpg",
      "transform_matrix": [
        [
          -0.713321,
          -0.198496,
          0.67214,
          4.142401
        ],
        [
          -0.700736,
          0.218301,
          -0.679201,
          2.976621
        ],
        [
          -0.01191,
          -0.955481,
          -0.294812,
          1.587337
        ],
        [
          0.0,
          0.0,
          0.0,
          1.0
        ]
      ]
    },
    {
      "file_path": "/media/NFS/ttao/scannet/posed_images/scene0057_00/00348.jpg",
      "transform_matrix": [
        [
          -0.775911,
          -0.19268,
          0.600697,
          4.112659
        ],
        [
          -0.630775,
          0.250936,
          -0.734271,
          2.961599
        ],
        [
          -0.009257,
          -0.948633,
          -0.316242,
          1.592878
        ],
        [
          0.0,
          0.0,
          0.0,
          1.0
        ]
      ]
    },
    {
      "file_path": "/media/NFS/ttao/scannet/posed_images/scene0057_00/00355.jpg",
      "transform_matrix": [
        [
          -0.818875,
          -0.186337,
          0.542883,
          4.081673
        ],
        [
          -0.573911,
          0.279547,
          -0.769727,
          2.945246
        ],
        [
          -0.008332,
          -0.941877,
          -0.335855,
          1.583658
        ],
        [
          0.0,
          0.0,
          0.0,
          1.0
        ]
      ]
    },
    {
      "file_path": "/media/NFS/ttao/scannet/posed_images/scene0057_00/00361.jpg",
      "transform_matrix": [
        [
          -0.85496,
          -0.180119,
          0.486415,
          4.061423
        ],
        [
          -0.51862,
          0.312669,
          -0.795784,
          2.933062
        ],
        [
          -0.008751,
          -0.932628,
          -0.360733,
          1.567135
        ],
        [
          0.0,
          0.0,
          0.0,
          1.0
        ]
      ]
    },
    {
      "file_path": "/media/NFS/ttao/scannet/posed_images/scene0057_00/00365.jpg",
      "transform_matrix": [
        [
          -0.884256,
          -0.16835,
          0.435601,
          4.046998
        ],
        [
          -0.466915,
          0.336677,
          -0.817704,
          2.917048
        ],
        [
          -0.008996,
          -0.926449,
          -0.376314,
          1.560024
        ],
        [
          0.0,
          0.0,
          0.0,
          1.0
        ]
      ]
    },
    {
      "file_path": "/media/NFS/ttao/scannet/posed_images/scene0057_00/00368.jpg",
      "transform_matrix": [
        [
          -0.907727,
          -0.15144,
          0.391276,
          4.040373
        ],
        [
          -0.419491,
          0.344661,
          -0.839784,
          2.903101
        ],
        [
          -0.007681,
          -0.926431,
          -0.376386,
          1.561594
        ],
        [
          0.0,
          0.0,
          0.0,
          1.0
        ]
      ]
    },
    {
      "file_path": "/media/NFS/ttao/scannet/posed_images/scene0057_00/00375.jpg",
      "transform_matrix": [
        [
          -0.953283,
          -0.103373,
          0.283841,
          4.04876
        ],
        [
          -0.301962,
          0.352321,
          -0.885827,
          2.891966
        ],
        [
          -0.008433,
          -0.930153,
          -0.367076,
          1.564339
        ],
        [
          0.0,
          0.0,
          0.0,
          1.0
        ]
      ]
    },
    {
      "file_path": "/media/NFS/ttao/scannet/posed_images/scene0057_00/00384.jpg",
      "transform_matrix": [
        [
          -0.987409,
          -0.053547,
          0.148847,
          4.060825
        ],
        [
          -0.158173,
          0.346194,
          -0.924733,
          2.882051
        ],
        [
          -0.002013,
          -0.936634,
          -0.350305,
          1.570602
        ],
        [
          0.0,
          0.0,
          0.0,
          1.0
        ]
      ]
    },
    {
      "file_path": "/media/NFS/ttao/scannet/posed_images/scene0057_00/00389.jpg",
      "transform_matrix": [
        [
          -0.995398,
          -0.034559,
          0.089378,
          4.053665
        ],
        [
          -0.095796,
          0.335105,
          -0.937298,
          2.878083
        ],
        [
          0.002441,
          -0.941547,
          -0.336873,
          1.574163
        ],
        [
          0.0,
          0.0,
          0.0,
          1.0
        ]
      ]
    },
    {
      "file_path": "/media/NFS/ttao/scannet/posed_images/scene0057_00/00396.jpg",
      "transform_matrix": [
        [
          -0.999846,
          -0.007849,
          -0.015685,
          4.057339
        ],
        [
          0.012275,
          0.325624,
          -0.94542,
          2.878731
        ],
        [
          0.012528,
          -0.945467,
          -0.325478,
          1.568655
        ],
        [
          0.0,
          0.0,
          0.0,
          1.0
        ]
      ]
    },
    {
      "file_path": "/media/NFS/ttao/scannet/posed_images/scene0057_00/00397.jpg",
      "transform_matrix": [
        [
          -0.999569,
          -0.002396,
          -0.029263,
          4.055874
        ],
        [
          0.026876,
          0.326649,
          -0.944764,
          2.878502
        ],
        [
          0.011822,
          -0.945143,
          -0.326444,
          1.568429
        ],
        [
          0.0,
          0.0,
          0.0,
          1.0
        ]
      ]
    },
    {
      "file_path": "/media/NFS/ttao/scannet/posed_images/scene0057_00/00404.jpg",
      "transform_matrix": [
        [
          -0.992686,
          0.036162,
          -0.115182,
          4.054518
        ],
        [
          0.120621,
          0.336659,
          -0.933869,
          2.8786
        ],
        [
          0.005007,
          -0.940932,
          -0.338559,
          1.568793
        ],
        [
          0.0,
          0.0,
          0.0,
          1.0
        ]
      ]
    },
    {
      "file_path": "/media/NFS/ttao/scannet/posed_images/scene0057_00/00409.jpg",
      "transform_matrix": [
        [
          -0.986587,
          0.056189,
          -0.153258,
          4.044467
        ],
        [
          0.16321,
          0.355374,
          -0.920365,
          2.881968
        ],
        [
          0.00275,
          -0.933034,
          -0.359778,
          1.564149
        ],
        [
          0.0,
          0.0,
          0.0,
          1.0
        ]
      ]
    },
    {
      "file_path": "/media/NFS/ttao/scannet/posed_images/scene0057_00/00418.jpg",
      "transform_matrix": [
        [
          -0.973733,
          0.090606,
          -0.208886,
          4.042485
        ],
        [
          0.227624,
          0.409398,
          -0.883505,
          2.887625
        ],
        [
          0.005466,
          -0.907846,
          -0.419269,
          1.542859
        ],
        [
          0.0,
          0.0,
          0.0,
          1.0
        ]
      ]
    },
    {
      "file_path": "/media/NFS/ttao/scannet/posed_images/scene0057_00/00419.jpg",
      "transform_matrix": [
        [
          -0.971971,
          0.095456,
          -0.214848,
          4.041268
        ],
        [
          0.235044,
          0.414346,
          -0.879245,
          2.887724
        ],
        [
          0.005092,
          -0.9051,
          -0.425169,
          1.540225
        ],
        [
          0.0,
          0.0,
          0.0,
          1.0
        ]
      ]
    },
    {
      "file_path": "/media/NFS/ttao/scannet/posed_images/scene0057_00/00428.jpg",
      "transform_matrix": [
        [
          -0.949787,
          0.152048,
          -0.273471,
          4.023175
        ],
        [
          0.312876,
          0.451329,
          -0.83571,
          2.890762
        ],
        [
          -0.003643,
          -0.879308,
          -0.476239,
          1.51597
        ],
        [
          0.0,
          0.0,
          0.0,
          1.0
        ]
      ]
    },
    {
      "file_path": "/media/NFS/ttao/scannet/posed_images/scene0057_00/00431.jpg",
      "transform_matrix": [
        [
          -0.933446,
          0.187164,
          -0.30602,
          4.021268
        ],
        [
          0.35845,
          0.453728,
          -0.81587,
          2.885371
        ],
        [
          -0.013851,
          -0.871264,
          -0.49062,
          1.51318
        ],
        [
          0.0,
          0.0,
          0.0,
          1.0
        ]
      ]
    },
    {
      "file_path": "/media/NFS/ttao/scannet/posed_images/scene0057_00/00436.jpg",
      "transform_matrix": [
        [
          -0.908494,
          0.22959,
          -0.349178,
          3.989346
        ],
        [
          0.417475,
          0.461119,
          -0.782997,
          2.885576
        ],
        [
          -0.018755,
