{
  "frames": [
    {
      "file_path": "/media/NFS/ttao/scannet/posed_images/scene0258_00/00000.jpg",
      "transform_matrix": [
        [
          0.401561,
          0.335337,
          -0.852231,
          2.92565
        ],
        [
          0.911247,
          -0.053298,
          0.408397,
          5.616796
        ],
        [
          0.091528,
          -0.940589,
          -0.326978,
          1.582741
        ],
        [
          0.0,
          0.0,
          0.0,
          1.0
        ]
      ]
    },
    {
      "file_path": "/media/NFS/ttao/scannet/posed_images/scene0258_00/00001.jpg",
      "transform_matrix": [
        [
          0.400204,
          0.33265,
          -0.853921,
          2.928583
        ],
        [
          0.91193,
          -0.052373,
          0.406989,
          5.626043
        ],
        [
          0.090663,
          -0.941595,
          -0.324313,
          1.582592
        ],
        [
          0.0,
          0.0,
          0.0,
          1.0
        ]
      ]
    },
    {
      "file_path": "/media/NFS/ttao/scannet/posed_images/scene0258_00/00002.jpg",
      "transform_matrix": [
        [
          0.401468,
          0.334297,
          -0.852684,
          2.924858
        ],
        [
          0.911371,
          -0.05362,
          0.408078,
          5.622875
        ],
        [
          0.090699,
          -0.940942,
          -0.326195,
          1.589
        ],
        [
          0.0,
          0.0,
          0.0,
          1.0
        ]
      ]
    },
    {
      "file_path": "/media/NFS/ttao/scannet/posed_images/scene0258_00/00003.jpg",
      "transform_matrix": [
        [
          0.401722,
          0.333188,
          -0.852998,
          2.924154
        ],
        [
          0.911274,
          -0.053338,
          0.408333,
          5.620622
        ],
        [
          0.090555,
          -0.941351,
          -0.325052,
          1.59084
        ],
        [
          0.0,
          0.0,
          0.0,
          1.0
        ]
      ]
    },
    {
      "file_path": "/media/NFS/ttao/scannet/posed_images/scene0258_00/00004.jpg",
      "transform_matrix": [
        [
          0.399734,
          0.333246,
          -0.853908,
          2.924724
        ],
        [
          0.912155,
          -0.052669,
          0.406447,
          5.624386
        ],
        [
          0.090472,
          -0.941368,
          -0.325026,
          1.591983
        ],
        [
          0.0,
          0.0,
          0.0,
          1.0
        ]
      ]
    },
    {
      "file_path": "/media/NFS/ttao/scannet/posed_images/scene0258_00/00005.jpg",
      "transform_matrix": [
        [
          0.400542,
          0.332829,
          -0.853693,
          2.924847
        ],
        [
          0.91178,
          -0.052576,
          0.407299,
          5.618302
        ],
        [
          0.090677,
          -0.941521,
          -0.324526,
          1.589601
        ],
        [
          0.0,
          0.0,
          0.0,
          1.0
        ]
      ]
    },
    {
      "file_path": "/media/NFS/ttao/scannet/posed_images/scene0258_00/00006.jpg",
      "transform_matrix": [
        [
          0.399942,
          0.333537,
          -0.853697,
          2.922502
        ],
        [
          0.912073,
          -0.052983,
          0.40659,
          5.617407
        ],
        [
          0.090382,
          -0.941247,
          -0.3254,
          1.589452
        ],
        [
          0.0,
          0.0,
          0.0,
          1.0
        ]
      ]
    },
    {
      "file_path": "/media/NFS/ttao/scannet/posed_images/scene0258_00/00007.jpg",
      "transform_matrix": [
        [
          0.397739,
          0.33422,
          -0.854459,
          2.925977
        ],
        [
          0.913053,
          -0.052616,
          0.404433,
          5.61836
        ],
        [
          0.090212,
          -0.941025,
          -0.326088,
          1.588898
        ],
        [
          0.0,
          0.0,
          0.0,
          1.0
        ]
      ]
    },
    {
      "file_path": "/media/NFS/ttao/scannet/posed_images/scene0258_00/00008.jpg",
      "transform_matrix": [
        [
          0.404054,
          0.334443,
          -0.851404,
          2.905793
        ],
        [
          0.909806,
          -0.050432,
          0.411959,
          5.596179
        ],
        [
          0.094839,
          -0.941066,
          -0.324655,
          1.577633
        ],
        [
          0.0,
          0.0,
          0.0,
          1.0
        ]
      ]
    },
    {
      "file_path": "/media/NFS/ttao/scannet/posed_images/scene0258_00/00009.jpg",
      "transform_matrix": [
        [
          0.402956,
          0.334693,
          -0.851826,
          2.904663
        ],
        [
          0.910315,
          -0.050342,
          0.410845,
          5.595487
        ],
        [
          0.094624,
          -0.940982,
          -0.324961,
          1.57494
        ],
        [
          0.0,
          0.0,
          0.0,
          1.0
        ]
      ]
    },
    {
      "file_path": "/media/NFS/ttao/scannet/posed_images/scene0258_00/00010.jpg",
      "transform_matrix": [
        [
          0.397037,
          0.338189,
          -0.853223,
          2.904996
        ],
        [
          0.913081,
          -0.051364,
          0.404532,
          5.608485
        ],
        [
          0.092984,
          -0.939676,
          -0.329187,
          1.582509
        ],
        [
          0.0,
          0.0,
          0.0,
          1.0
        ]
      ]
    },
    {
      "file_path": "/media/NFS/ttao/scannet/posed_images/scene0258_00/00011.jpg",
      "transform_matrix": [
        [
          0.398174,
          0.33743,
          -0.852994,
          2.905085
        ],
        [
          0.912533,
          -0.050925,
          0.405821,
          5.601138
        ],
        [
          0.093497,
          -0.939972,
          -0.328193,
          1.577489
        ],
        [
          0.0,
          0.0,
          0.0,
          1.0
        ]
      ]
    },
    {
      "file_path": "/media/NFS/ttao/scannet/posed_images/scene0258_00/00012.jpg",
      "transform_matrix": [
        [
          0.39617,
          0.338578,
          -0.853472,
          2.904959
        ],
        [
          0.913434,
          -0.050969,
          0.403784,
          5.603588
        ],
        [
          0.093212,
          -0.939557,
          -0.329461,
          1.578174
        ],
        [
          0.0,
          0.0,
          0.0,
          1.0
        ]
      ]
    },
    {
      "file_path": "/media/NFS/ttao/scannet/posed_images/scene0258_00/00013.jpg",
      "transform_matrix": [
        [
          0.395299,
          0.339086,
          -0.853674,
          2.903858
        ],
        [
          0.913803,
          -0.050784,
          0.40297,
          5.60272
        ],
        [
          0.093288,
          -0.939384,
          -0.329933,
          1.576858
        ],
        [
          0.0,
          0.0,
          0.0,
          1.0
        ]
      ]
    },
    {
      "file_path": "/media/NFS/ttao/scannet/posed_images/scene0258_00/00014.jpg",
      "transform_matrix": [
        [
          0.394687,
          0.338856,
          -0.854049,
          2.904472
        ],
        [
          0.914178,
          -0.051548,
          0.402022,
          5.603119
        ],
        [
          0.092203,
          -0.939425,
          -0.33012,
          1.576592
        ],
        [
          0.0,
          0.0,
          0.0,
          1.0
        ]
      ]
    },
    {
      "file_path": "/media/NFS/ttao/scannet/posed_images/scene0258_00/00015.jpg",
      "transform_matrix": [
        [
          0.393395,
          0.339876,
          -0.854239,
          2.905526
        ],
        [
          0.914878,
          -0.052984,
          0.40024,
          5.605949
        ],
        [
          0.090771,
          -0.938977,
          -0.331788,
          1.579463
        ],
        [
          0.0,
          0.0,
          0.0,
          1.0
        ]
      ]
    },
    {
      "file_path": "/media/NFS/ttao/scannet/posed_images/scene0258_00/00016.jpg",
      "transform_matrix": [
        [
          0.392594,
          0.337977,
          -0.855361,
          2.907874
        ],
        [
          0.915376,
          -0.053392,
          0.399044,
          5.608913
        ],
        [
          0.089199,
          -0.939639,
          -0.330338,
          1.5713
        ],
        [
          0.0,
          0.0,
          0.0,
          1.0
        ]
      ]
    },
    {
      "file_path": "/media/NFS/ttao/scannet/posed_images/scene0258_00/00017.jpg",
      "transform_matrix": [
        [
          0.392731,
          0.342114,
          -0.853651,
          2.906516
        ],
        [
          0.915266,
          -0.054836,
          0.399101,
          5.608156
        ],
        [
          0.089727,
          -0.938057,
          -0.334661,
          1.57374
        ],
        [
          0.0,
          0.0,
          0.0,
          1.0
        ]
      ]
    },
    {
      "file_path": "/media/NFS/ttao/scannet/posed_images/scene0258_00/00018.jpg",
      "transform_matrix": [
        [
          0.391787,
          0.3452,
          -0.852842,
          2.910893
        ],
        [
          0.915496,
          -0.054098,
          0.398673,
          5.611184
        ],
        [
          0.091485,
          -0.936969,
          -0.337224,
          1.570869
        ],
        [
          0.0,
          0.0,
          0.0,
          1.0
        ]
      ]
    },
    {
      "file_path": "/media/NFS/ttao/scannet/posed_images/scene0258_00/00019.jpg",
      "transform_matrix": [
        [
          0.393432,
          0.347971,
          -0.850957,
          2.909042
        ],
        [
          0.914725,
          -0.055392,
          0.400264,
          5.607401
        ],
        [
          0.092144,
          -0.935868,
          -0.34009,
          1.569884
        ],
        [
          0.0,
          0.0,
          0.0,
          1.0
        ]
      ]
    },
    {
      "file_path": "/media/NFS/ttao/scannet/posed_images/scene0258_00/00020.jpg",
      "transform_matrix": [
        [
          0.394173,
          0.350252,
          -0.849677,
          2.906808
        ],
        [
          0.914543,
          -0.058177,
          0.400283,
          5.605731
        ],
        [
          0.090768,
          -0.934847,
          -0.343252,
          1.573724
        ],
        [
          0.0,
          0.0,
          0.0,
          1.0
        ]
      ]
    },
    {
      "file_path": "/media/NFS/ttao/scannet/posed_images/scene0258_00/00021.jpg",
      "transform_matrix": [
        [
          0.393819,
          0.35136,
          -0.849384,
          2.907591
        ],
        [
          0.914721,
          -0.058822,
          0.399781,
          5.604856
        ],
        [
          0.090504,
          -0.934391,
          -0.344562,
          1.576254
        ],
        [
          0.0,
          0.0,
          0.0,
          1.0
        ]
      ]
    },
    {
      "file_path": "/media/NFS/ttao/scannet/posed_images/scene0258_00/00022.jpg",
      "transform_matrix": [
        [
          0.393196,
          0.35157,
          -0.849586,
          2.907915
        ],
        [
          0.914938,
          -0.058131,
          0.399387,
          5.605627
        ],
        [
          0.091025,
          -0.934355,
          -0.344521,
          1.578318
        ],
        [
          0.0,
          0.0,
          0.0,
          1.0
        ]
      ]
    },
    {
      "file_path": "/media/NFS/ttao/scannet/posed_images/scene0258_00/00023.jpg",
      "transform_matrix": [
        [
          0.393287,
          0.352409,
          -0.849195,
          2.905441
        ],
        [
          0.914852,
          -0.058089,
          0.399589,
          5.603582
        ],
        [
          0.09149,
          -0.934042,
          -0.345248,
          1.581472
        ],
        [
          0.0,
          0.0,
          0.0,
          1.0
        ]
      ]
    },
    {
      "file_path": "/media/NFS/ttao/scannet/posed_images/scene0258_00/00024.jpg",
      "transform_matrix": [
        [
          0.390702,
          0.351725,
          -0.850671,
          2.906424
        ],
        [
          0.915884,
          -0.055936,
          0.397527,
          5.60679
        ],
        [
          0.092237,
          -0.934431,
          -0.343994,
          1.579761
        ],
        [
          0.0,
          0.0,
          0.0,
          1.0
        ]
      ]
    },
    {
      "file_path": "/media/NFS/ttao/scannet/posed_images/scene0258_00/00025.jpg",
      "transform_matrix": [
        [
          0.388366,
          0.35053,
          -0.852233,
          2.908027
        ],
        [
          0.916927,
          -0.054925,
          0.395257,
          5.60788
        ],
        [
          0.09174,
          -0.93494,
          -0.342742,
          1.577544
        ],
        [
          0.0,
          0.0,
          0.0,
          1.0
        ]
      ]
    },
    {
      "file_path": "/media/NFS/ttao/scannet/posed_images/scene0258_00/00026.jpg",
      "transform_matrix": [
        [
          0.38464,
          0.351873,
          -0.853368,
          2.909186
        ],
        [
          0.918611,
          -0.055194,
          0.391289,
          5.611277
        ],
        [
          0.090584,
          -0.934419,
          -0.344464,
          1.581769
        ],
        [
          0.0,
          0.0,
          0.0,
          1.0
        ]
      ]
    },
    {
      "file_path": "/media/NFS/ttao/scannet/posed_images/scene0258_00/00027.jpg",
      "transform_matrix": [
        [
          0.381936,
          0.351667,
          -0.854667,
          2.907089
        ],
        [
          0.919705,
          -0.053643,
          0.388929,
          5.605828
        ],
        [
          0.090927,
          -0.934587,
          -0.343918,
          1.578208
        ],
        [
          0.0,
          0.0,
          0.0,
          1.0
        ]
      ]
    },
    {
      "file_path": "/media/NFS/ttao/scannet/posed_images/scene0258_00/00028.jpg",
      "transform_matrix": [
        [
          0.374694,
          0.354385,
          -0.856747,
          2.90889
        ],
        [
          0.922767,
          -0.052811,
          0.381723,
          5.615674
        ],
        [
          0.090031,
          -0.933607,
          -0.346802,
          1.582026
        ],
        [
          0.0,
          0.0,
          0.0,
          1.0
        ]
      ]
    },
    {
      "file_path": "/media/NFS/ttao/scannet/posed_images/scene0258_00/00029.jpg",
      "transform_matrix": [
        [
          0.371289,
          0.35398,
          -0.858396,
          2.909337
        ],
        [
          0.92435,
          -0.053416,
          0.377789,
          5.612967
        ],
        [
          0.087878,
          -0.933727,
          -0.347034,
          1.578038
        ],
        [
          0.0,
          0.0,
          0.0,
          1.0
        ]
      ]
    },
    {
      "file_path": "/media/NFS/ttao/scannet/posed_images/scene0258_00/00030.jpg",
      "transform_matrix": [
        [
          0.363425,
          0.356566,
          -0.860688,
          2.910255
        ],
        [
          0.927638,
          -0.053135,
          0.369682,
          5.62088
        ],
        [
          0.086083,
          -0.932758,
          -0.350074,
          1.578524
        ],
        [
          0.0,
          0.0,
          0.0,
          1.0
        ]
      ]
    },
    {
      "file_path": "/media/NFS/ttao/scannet/posed_images/scene0258_00/00031.jpg",
      "transform_matrix": [
        [
          0.362383,
          0.360509,
          -0.859484,
          2.905714
        ],
        [
          0.927958,
          -0.053457,
          0.368831,
          5.61169
        ],
        [
          0.087022,
          -0.931223,
          -0.353909,
          1.580307
        ],
        [
          0.0,
          0.0,
          0.0,
          1.0
        ]
      ]
    },
    {
      "file_path": "/media/NFS/ttao/scannet/posed_images/scene0258_00/00032.jpg",
      "transform_matrix": [
        [
          0.355504,
          0.362419,
          -0.861551,
          2.907666
        ],
        [
          0.930559,
          -0.050833,
          0.362596,
          5.614156
        ],
        [
          0.087617,
          -0.930628,
          -0.355324,
          1.576207
        ],
        [
          0.0,
          0.0,
          0.0,
          1.0
        ]
      ]
    },
    {
      "file_path": "/media/NFS/ttao/scannet/posed_images/scene0258_00/00033.jpg",
      "transform_matrix": [
        [
          0.351397,
          0.366329,
          -0.861582,
          2.903141
        ],
        [
          0.932049,
          -0.050042,
          0.35886,
          5.610781
        ],
        [
          0.088345,
          -0.929139,
          -0.359021,
          1.577797
        ],
        [
          0.0,
          0.0,
          0.0,
          1.0
        ]
      ]
    },
    {
      "file_path": "/media/NFS/ttao/scannet/posed_images/scene0258_00/00034.jpg",
      "transform_matrix": [
        [
          0.344659,
          0.369086,
          -0.863126,
          2.900826
        ],
        [
          0.934733,
          -0.050195,
          0.351789,
          5.616058
        ],
        [
          0.086516,
          -0.928039,
          -0.362297,
          1.580227
        ],
        [
          0.0,
          0.0,
          0.0,
          1.0
        ]
      ]
    },
    {
      "file_path": "/media/NFS/ttao/scannet/posed_images/scene0258_00/00035.jpg",
      "transform_matrix": [
        [
          0.337913,
          0.369291,
          -0.865701,
          2.904597
        ],
        [
          0.937249,
          -0.048079,
          0.34533,
          5.617029
        ],
        [
          0.085905,
          -0.928069,
          -0.362365,
          1.575275
        ],
        [
          0.0,
          0.0,
          0.0,
          1.0
        ]
      ]
    },
    {
      "file_path": "/media/NFS/ttao/scannet/posed_images/scene0258_00/00036.jpg",
      "transform_matrix": [
        [
          0.329598,
          0.373375,
          -0.867154,
          2.905588
        ],
        [
          0.94025,
          -0.046715,
          0.337267,
          5.621733
        ],
        [
          0.085418,
          -0.926504,
          -0.366463,
          1.57767
        ],
        [
          0.0,
          0.0,
          0.0,
          1.0
        ]
      ]
    },
    {
      "file_path": "/media/NFS/ttao/scannet/posed_images/scene0258_00/00037.jpg",
      "transform_matrix": [
        [
          0.32177,
          0.377882,
          -0.868141,
          2.904338
        ],
        [
          0.943001,
          -0.045656,
          0.329643,
          5.627434
        ],
        [
          0.08493,
          -0.924727,
          -0.371034,
          1.581248
        ],
        [
          0.0,
          0.0,
          0.0,
          1.0
        ]
      ]
    },
    {
      "file_path": "/media/NFS/ttao/scannet/posed_images/scene0258_00/00038.jpg",
      "transform_matrix": [
        [
          0.315306,
          0.378789,
          -0.870116,
          2.902481
        ],
        [
          0.945049,
          -0.041854,
          0.32424,
          5.628184
        ],
        [
          0.086401,
          -0.924536,
          -0.371171,
          1.576864
        ],
        [
          0.0,
          0.0,
          0.0,
          1.0
        ]
      ]
    },
    {
      "file_path": "/media/NFS/ttao/scannet/posed_images/scene0258_00/00039.jpg",
      "transform_matrix": [
        [
          0.307012,
          0.381437,
          -0.871923,
          2.903814
        ],
        [
          0.947822,
          -0.039859,
          0.3163,
          5.633913
        ],
        [
          0.085895,
          -0.923535,
          -0.373771,
          1.579907
        ],
        [
          0.0,
          0.0,
          0.0,
          1.0
        ]
      ]
    },
    {
      "file_path": "/media/NFS/ttao/scannet/posed_images/scene0258_00/00040.jpg",
      "transform_matrix": [
        [
          0.29732,
          0.378043,
          -0.876747,
          2.910003
        ],
        [
          0.951197,
          -0.037823,
          0.306259,
          5.640936
        ],
        [
          0.082618,
          -0.925015,
          -0.370838,
          1.569754
        ],
        [
          0.0,
          0.0,
          0.0,
          1.0
        ]
      ]
    },
    {
      "file_path": "/media/NFS/ttao/scannet/posed_images/scene0258_00/00041.jpg",
      "transform_matrix": [
        [
          0.293008,
          0.382277,
          -0.876362,
          2.904198
        ],
        [
          0.952311,
          -0.035059,
          0.303108,
          5.631222
        ],
        [
          0.085147,
          -0.923383,
          -0.37432,
          1.576889
        ],
        [
          0.0,
          0.0,
          0.0,
          1.0
        ]
      ]
    },
    {
      "file_path": "/media/NFS/ttao/scannet/posed_images/scene0258_00/00042.jpg",
      "transform_matrix": [
        [
          0.284,
          0.383681,
          -0.878711,
          2.905428
        ],
        [
          0.955071,
          -0.032187,
          0.294626,
          5.63609
        ],
        [
          0.08476,
          -0.922905,
          -0.375584,
          1.577822
        ],
        [
          0.0,
          0.0,
          0.0,
          1.0
        ]
      ]
    },
    {
      "file_path": "/media/NFS/ttao/scannet/posed_images/scene0258_00/00043.jpg",
      "transform_matrix": [
        [
          0.277749,
          0.385027,
          -0.880119,
          2.901822
        ],
        [
          0.956833,
          -0.029242,
          0.289166,
          5.632537
        ],
        [
          0.0856,
          -0.922442,
          -0.376528,
          1.576177
        ],
        [
          0.0,
          0.0,
          0.0,
          1.0
        ]
      ]
    },
    {
      "file_path": "/media/NFS/ttao/scannet/posed_images/scene0258_00/00044.jpg",
      "transform_matrix": [
        [
          0.268569,
          0.385278,
          -0.882854,
          2.90417
        ],
        [
          0.959511,
          -0.026214,
          0.280449,
          5.638984
        ],
        [
          0.084908,
          -0.922429,
          -0.376718,
          1.571829
        ],
        [
          0.0,
          0.0,
          0.0,
          1.0
        ]
      ]
    },
    {
      "file_path": "/media/NFS/ttao/scannet/posed_images/scene0258_00/00045.jpg",
      "transform_matrix": [
        [
          0.262668,
          0.388953,
          -0.883018,
          2.902622
        ],
        [
          0.96097,
          -0.02308,
          0.27569,
          5.63674
        ],
        [
          0.086851,
          -0.920969,
          -0.379834,
          1.571748
        ],
        [
          0.0,
          0.0,
          0.0,
          1.0
        ]
      ]
    },
    {
      "file_path": "/media/NFS/ttao/scannet/posed_images/scene0258_00/00046.jpg",
      "transform_matrix": [
        [
          0.254701,
          0.392688,
          -0.883699,
          2.901601
        ],
        [
          0.963064,
          -0.020435,
          0.268495,
          5.642459
        ],
        [
          0.087376,
          -0.919445,
          -0.383389,
          1.570455
        ],
        [
          0.0,
          0.0,
          0.0,
          1.0
        ]
      ]
    },
    {
      "file_path": "/media/NFS/ttao/scannet/posed_images/scene0258_00/00047.jpg",
      "transform_matrix": [
        [
          0.248941,
          0.39562,
          -0.884032,
          2.898474
        ],
        [
          0.96443,
          -0.017476,
          0.26376,
          5.63935
        ],
        [
          0.088899,
          -0.918248,
          -0.385898,
          1.568975
        ],
        [
          0.0,
          0.0,
          0.0,
          1.0
        ]
      ]
    },
    {
      "file_path": "/media/NFS/ttao/scannet/posed_images/scene0258_00/00048.jpg",
      "transform_matrix": [
        [
          0.239574,
          0.398365,
          -0.885387,
          2.898214
        ],
        [
          0.966625,
          -0.012607,
          0.255884,
          5.644767
        ],
        [
          0.090773,
          -0.917141,
          -0.38809,
          1.571324
        ],
        [
          0.0,
          0.0,
          0.0,
          1.0
        ]
      ]
    },
    {
      "file_path": "/media/NFS/ttao/scannet/posed_images/scene0258_00/00049.jpg",
      "transform_matrix": [
        [
          0.231748,
          0.399445,
          -0.886982,
          2.895827
        ],
        [
          0.968507,
          -0.00941,
          0.248811,
          5.648942
        ],
        [
          0.09104,
          -0.916709,
          -0.389046,
          1.571824
        ],
        [
          0.0,
          0.0,
          0.0,
          1.0
        ]
      ]
    },
    {
      "file_path": "/media/NFS/ttao/scannet/posed_images/scene0258_00/00050.jpg",
      "transform_matrix": [
        [
          0.226786,
          0.392401,
          -0.891397,
          2.907649
        ],
        [
          0.969578,
          -0.004391,
          0.244744,
          5.635139
        ],
        [
          0.092123,
          -0.919784,
          -0.38146,
          1.555213
        ],
        [
          0.0,
          0.0,
          0.0,
          1.0
        ]
      ]
    },
    {
      "file_path": "/media/NFS/ttao/scannet/posed_images/scene0258_00/00051.jpg",
      "transform_matrix": [
        [
          0.224524,
          0.397783,
          -0.889583,
          2.895643
        ],
        [
          0.969847,
          -0.002411,
          0.243704,
          5.622543
        ],
        [
          0.094796,
          -0.917477,
          -0.38633,
          1.567159
        ],
        [
          0.0,
          0.0,
          0.0,
          1.0
        ]
      ]
    },
    {
      "file_path": "/media/NFS/ttao/scannet/posed_images/scene0258_00/00052.jpg",
      "transform_matrix": [
        [
          0.217034,
          0.398868,
          -0.890955,
          2.895337
        ],
        [
          0.97148,
          0.001051,
          0.23712,
          5.622064
        ],
        [
          0.095516,
          -0.917008,
          -0.387264,
          1.569978
        ],
        [
          0.0,
          0.0,
          0.0,
          1.0
        ]
      ]
    },
    {
      "file_path": "/media/NFS/ttao/scannet/posed_images/scene0258_00/00053.jpg",
      "transform_matrix": [
        [
          0.208183,
          0.39737,
          -0.893732,
          2.895343
        ],
        [
          0.97338,
          0.00539,
          0.229133,
          5.624316
        ],
        [
          0.095868,
          -0.917643,
          -0.38567,
          1.565656
        ],
        [
          0.0,
          0.0,
          0.0,
          1.0
        ]
      ]
    },
    {
      "file_path": "/media/NFS/ttao/scannet/posed_images/scene0258_00/00054.jpg",
      "transform_matrix": [
        [
          0.19797,
          0.397007,
          -0.896211,
          2.89755
        ],
        [
          0.975497,
          0.009736,
          0.219797,
          5.625741
        ],
        [
          0.095986,
          -0.917764,
          -0.385352,
          1.564621
        ],
        [
          0.0,
          0.0,
          0.0,
          1.0
        ]
      ]
    },
    {
      "file_path": "/media/NFS/ttao/scannet/posed_images/scene0258_00/00055.jpg",
      "transform_matrix": [
        [
          0.187407,
          0.396928,
          -0.898514,
          2.893558
        ],
        [
          0.977586,
          0.01397,
          0.210071,
          5.630017
        ],
        [
          0.095936,
          -0.917744,
          -0.385413,
          1.561938
        ],
        [
          0.0,
          0.0,
          0.0,
          1.0
        ]
      ]
    },
    {
      "file_path": "/media/NFS/ttao/scannet/posed_images/scene0258_00/00056.jpg",
      "transform_matrix": [
        [
          0.176349,
          0.398989,
          -0.899838,
          2.890682
        ],
        [
          0.979606,
          0.018294,
          0.200094,
          5.635337
        ],
        [
          0.096297,
          -0.916773,
          -0.387626,
          1.564668
        ],
        [
          0.0,
          0.0,
          0.0,
          1.0
        ]
      ]
    },
    {
      "file_path": "/media/NFS/ttao/scannet/posed_images/scene0258_00/00057.jpg",
      "transform_matrix": [
        [
          0.165002,
          0.40005,
          -0.901518,
          2.890122
        ],
        [
          0.98158,
          0.022644,
          0.189704,
          5.643454
        ],
        [
          0.096305,
          -0.916214,
          -0.388945,
          1.564511
        ],
        [
          0.0,
          0.0,
          0.0,
          1.0
        ]
      ]
    },
    {
      "file_path": "/media/NFS/ttao/scannet/posed_images/scene0258_00/00058.jpg",
      "transform_matrix": [
        [
          0.155456,
          0.400137,
          -0.903175,
          2.890647
        ],
        [
          0.983051,
          0.027283,
          0.181292,
          5.646106
        ],
        [
          0.097183,
          -0.916049,
          -0.389113,
          1.56049
        ],
        [
          0.0,
          0.0,
          0.0,
          1.0
        ]
      ]
    },
    {
      "file_path": "/media/NFS/ttao/scannet/posed_images/scene0258_00/00059.jpg",
      "transform_matrix": [
        [
          0.145216,
          0.402504,
          -0.903827,
          2.891315
        ],
        [
          0.984489,
          0.03212,
          0.17248,
          5.649776
        ],
        [
          0.098455,
          -0.914855,
          -0.391597,
          1.558908
        ],
        [
          0.0,
          0.0,
          0.0,
          1.0
        ]
      ]
    },
    {
      "file_path": "/media/NFS/ttao/scannet/posed_images/scene0258_00/00060.jpg",
      "transform_matrix": [
        [
          0.137335,
          0.40366,
          -0.904543,
          2.897986
        ],
        [
          0.985398,
          0.037115,
          0.166174,
          5.645698
        ],
        [
          0.10065,
          -0.914156,
          -0.392669,
          1.553335
        ],
        [
          0.0,
          0.0,
          0.0,
          1.0
        ]
      ]
    },
    {
      "file_path": "/media/NFS/ttao/scannet/posed_images/scene0258_00/00061.jpg",
      "transform_matrix": [
        [
          0.133506,
          0.409123,
          -0.90266,
          2.88901
        ],
        [
          0.985486,
          0.041554,
          0.164591,
          5.638056
        ],
        [
          0.104847,
          -0.911533,
          -0.397638,
          1.559392
        ],
        [
          0.0,
          0.0,
          0.0,
          1.0
        ]
      ]
    },
    {
      "file_path": "/media/NFS/ttao/scannet/posed_images/scene0258_00/00062.jpg",
      "transform_matrix": [
        [
          0.125797,
          0.408619,
          -0.903994,
          2.887791
        ],
        [
          0.986572,
          0.044155,
          0.157247,
          5.64324
        ],
        [
          0.10417,
          -0.911637,
          -0.397578,
          1.558686
        ],
        [
          0.0,
          0.0,
          0.0,
          1.0
        ]
      ]
    },
    {
      "file_path": "/media/NFS/ttao/scannet/posed_images/scene0258_00/00063.jpg",
      "transform_matrix": [
        [
          0.118313,
          0.407077,
          -0.905699,
          2.886251
        ],
        [
          0.987423,
          0.048094,
          0.150606,
          5.643044
        ],
        [
          0.104867,
          -0.912127,
          -0.396267,
          1.556271
        ],
        [
          0.0,
          0.0,
          0.0,
          1.0
        ]
      ]
    },
    {
      "file_path": "/media/NFS/ttao/scannet/posed_images/scene0258_00/00064.jpg",
      "transform_matrix": [
        [
          0.108775,
          0.406426,
          -0.907185,
          2.886736
        ],
        [
          0.988554,
          0.051745,
          0.141714,
          5.645473
        ],
        [
          0.104539,
          -0.912217,
          -0.396146,
          1.554681
        ],
        [
          0.0,
          0.0,
          0.0,
          1.0
        ]
      ]
    },
    {
      "file_path": "/media/NFS/ttao/scannet/posed_images/scene0258_00/00065.jpg",
      "transform_matrix": [
        [
          0.099866,
          0.406272,
          -0.908278,
          2.883919
        ],
        [
          0.989543,
          0.054929,
          0.133371,
          5.64397
        ],
        [
          0.104075,
          -0.9121,
          -0.396538,
          1.552949
        ],
        [
          0.0,
          0.0,
          0.0,
          1.0
        ]
      ]
    },
    {
      "file_path": "/media/NFS/ttao/scannet/posed_images/scene0258_00/00066.jpg",
      "transform_matrix": [
        [
          0.085175,
          0.405917,
          -0.909932,
          2.883126
        ],
        [
          0.991049,
          0.05971,
          0.119404,
          5.654657
        ],
        [
          0.1028,
          -0.911957,
          -0.397198,
          1.55326
        ],
        [
          0.0,
          0.0,
          0.0,
          1.0
        ]
      ]
    },
    {
      "file_path": "/media/NFS/ttao/scannet/posed_images/scene0258_00/00067.jpg",
      "transform_matrix": [
        [
          0.071833,
          0.40542,
          -0.911304,
          2.879408
        ],
        [
          0.992115,
          0.065033,
          0.107135,
          5.658492
        ],
        [
          0.102699,
          -0.911815,
          -0.397552,
          1.554866
        ],
        [
          0.0,
          0.0,
          0.0,
          1.0
        ]
      ]
    },
    {
      "file_path": "/media/NFS/ttao/scannet/posed_images/scene0258_00/00068.jpg",
      "transform_matrix": [
        [
          0.060639,
          0.406987,
          -0.911419,
          2.873578
        ],
        [
          0.993087,
          0.06734,
          0.096143,
          5.658745
        ],
        [
          0.100504,
          -0.910948,
          -0.40009,
          1.559357
        ],
        [
          0.0,
          0.0,
          0.0,
          1.0
        ]
      ]
    },
    {
      "file_path": "/media/NFS/ttao/scannet/posed_images/scene0258_00/00069.jpg",
      "transform_matrix": [
        [
          0.047478,
          0.404646,
          -0.91324,
          2.873822
        ],
        [
          0.994176,
          0.069408,
          0.08244,
          5.668634
        ],
        [
          0.096745,
          -0.911836,
          -0.398994,
          1.557137
        ],
        [
          0.0,
          0.0,
          0.0,
          1.0
        ]
      ]
    },
    {
      "file_path": "/media/NFS/ttao/scannet/posed_images/scene0258_00/00070.jpg",
      "transform_matrix": [
        [
          0.037968,
          0.402576,
          -0.914599,
          2.879298
        ],
        [
          0.994767,
          0.071655,
          0.072837,
          5.660125
        ],
        [
          0.094858,
          -0.912578,
          -0.397749,
          1.555736
        ],
        [
          0.0,
          0.0,
          0.0,
          1.0
        ]
      ]
    },
    {
      "file_path": "/media/NFS/ttao/scannet/posed_images/scene0258_00/00071.jpg",
      "transform_matrix": [
        [
          0.032405,
          0.403061,
          -0.914599,
          2.878222
        ],
        [
          0.994945,
          0.074014,
          0.067869,
          5.644089
        ],
        [
          0.095048,
          -0.912175,
          -0.398626,
          1.55012
        ],
        [
          0.0,
          0.0,
          0.0,
          1.0
        ]
      ]
    },
    {
      "file_path": "/media/NFS/ttao/scannet/posed_images/scene0258_00/00072.jpg",
      "transform_matrix": [
        [
          0.01706,
          0.404988,
          -0.914163,
          2.875756
        ],
        [
          0.995408,
          0.079255,
          0.053688,
          5.653286
        ],
        [
          0.094195,
          -0.910881,
          -0.401776,
          1.547071
        ],
        [
          0.0,
          0.0,
          0.0,
          1.0
        ]
      ]
    },
    {
      "file_path": "/media/NFS/ttao/scannet/posed_images/scene0258_00/00073.jpg",
      "transform_matrix": [
        [
          0.003287,
          0.407238,
          -0.913316,
          2.874728
        ],
        [
          0.995618,
          0.084025,
          0.04105,
          5.657722
        ],
        [
          0.093458,
          -0.909449,
          -0.405178,
          1.546323
        ],
        [
          0.0,
          0.0,
          0.0,
          1.0
        ]
      ]
    },
    {
      "file_path": "/media/NFS/ttao/scannet/posed_images/scene0258_00/00074.jpg",
      "transform_matrix": [
        [
          -0.00979,
          0.408056,
          -0.912904,
          2.873152
        ],
        [
          0.995698,
          0.088104,
          0.028704,
          5.658217
        ],
        [
          0.092144,
          -0.908696,
          -0.407163,
          1.542242
        ],
        [
          0.0,
          0.0,
          0.0,
          1.0
        ]
      ]
    },
    {
      "file_path": "/media/NFS/ttao/scannet/posed_images/scene0258_00/00075.jpg",
      "transform_matrix": [
        [
          -0.026782,
          0.40919,
          -0.912056,
          2.870672
        ],
        [
          0.995592,
          0.092962,
          0.012472,
          5.667797
        ],
        [
          0.08989,
          -0.907701,
          -0.409876,
          1.541698
        ],
        [
          0.0,
          0.0,
          0.0,
          1.0
        ]
      ]
    },
    {
      "file_path": "/media/NFS/ttao/scannet/posed_images/scene0258_00/00076.jpg",
      "transform_matrix": [
        [
          -0.043732,
          0.409453,
          -0.911282,
          2.866759
        ],
        [
          0.995059,
          0.099235,
          -0.003165,
          5.675917
        ],
        [
          0.089136,
          -0.906918,
          -0.41177,
          1.54061
        ],
        [
          0.0,
          0.0,
          0.0,
          1.0
        ]
      ]
    },
    {
      "file_path": "/media/NFS/ttao/scannet/posed_images/scene0258_00/00077.jpg",
      "transform_matrix": [
        [
          -0.055766,
          0.40711,
          -0.911675,
          2.866066
        ],
        [
          0.994451,
          0.104223,
          -0.014288,
          5.6712
        ],
        [
          0.0892,
          -0.907414,
          -0.410663,
          1.535887
        ],
        [
          0.0,
          0.0,
          0.0,
          1.0
        ]
      ]
    },
    {
