{
  "frames": [
    {
      "file_path": "/media/NFS/ttao/scannet/posed_images/scene0673_01/00002.jpg",
      "transform_matrix": [
        [
          -0.824699,
          -0.332904,
          0.457215,
          2.369792
        ],
        [
          -0.549685,
          0.281538,
          -0.786501,
          3.032248
        ],
        [
          0.133106,
          -0.899951,
          -0.415176,
          1.427298
        ],
        [
          0.0,
          0.0,
          0.0,
          1.0
        ]
      ]
    },
    {
      "file_path": "/media/NFS/ttao/scannet/posed_images/scene0673_01/00006.jpg",
      "transform_matrix": [
        [
          -0.825101,
          -0.330281,
          0.458392,
          2.363711
        ],
        [
          -0.550124,
          0.284785,
          -0.785023,
          3.030061
        ],
        [
          0.128735,
          -0.899895,
          -0.416672,
          1.42898
        ],
        [
          0.0,
          0.0,
          0.0,
          1.0
        ]
      ]
    },
    {
      "file_path": "/media/NFS/ttao/scannet/posed_images/scene0673_01/00017.jpg",
      "transform_matrix": [
        [
          -0.828656,
          -0.281021,
          0.484103,
          2.345499
        ],
        [
          -0.548427,
          0.234467,
          -0.802654,
          3.013698
        ],
        [
          0.112056,
          -0.930619,
          -0.348412,
          1.464742
        ],
        [
          0.0,
          0.0,
          0.0,
          1.0
        ]
      ]
    },
    {
      "file_path": "/media/NFS/ttao/scannet/posed_images/scene0673_01/00021.jpg",
      "transform_matrix": [
        [
          -0.803339,
          -0.305711,
          0.511066,
          2.337074
        ],
        [
          -0.58617,
          0.254424,
          -0.769203,
          3.004398
        ],
        [
          0.105127,
          -0.917502,
          -0.383587,
          1.451846
        ],
        [
          0.0,
          0.0,
          0.0,
          1.0
        ]
      ]
    },
    {
      "file_path": "/media/NFS/ttao/scannet/posed_images/scene0673_01/00030.jpg",
      "transform_matrix": [
        [
          -0.697885,
          -0.411821,
          0.585969,
          2.36183
        ],
        [
          -0.709408,
          0.284985,
          -0.644612,
          3.015372
        ],
        [
          0.098472,
          -0.865556,
          -0.491036,
          1.420501
        ],
        [
          0.0,
          0.0,
          0.0,
          1.0
        ]
      ]
    },
    {
      "file_path": "/media/NFS/ttao/scannet/posed_images/scene0673_01/00036.jpg",
      "transform_matrix": [
        [
          -0.638251,
          -0.47629,
          0.604801,
          2.38091
        ],
        [
          -0.761271,
          0.273676,
          -0.58785,
          3.033459
        ],
        [
          0.114467,
          -0.835613,
          -0.537259,
          1.399142
        ],
        [
          0.0,
          0.0,
          0.0,
          1.0
        ]
      ]
    },
    {
      "file_path": "/media/NFS/ttao/scannet/posed_images/scene0673_01/00041.jpg",
      "transform_matrix": [
        [
          -0.596393,
          -0.508405,
          0.62116,
          2.399784
        ],
        [
          -0.793528,
          0.256822,
          -0.551685,
          3.053802
        ],
        [
          0.120952,
          -0.821928,
          -0.556601,
          1.392036
        ],
        [
          0.0,
          0.0,
          0.0,
          1.0
        ]
      ]
    },
    {
      "file_path": "/media/NFS/ttao/scannet/posed_images/scene0673_01/00053.jpg",
      "transform_matrix": [
        [
          -0.504435,
          -0.504364,
          0.70083,
          2.44757
        ],
        [
          -0.85607,
          0.186244,
          -0.482139,
          3.106352
        ],
        [
          0.112648,
          -0.843167,
          -0.525718,
          1.416851
        ],
        [
          0.0,
          0.0,
          0.0,
          1.0
        ]
      ]
    },
    {
      "file_path": "/media/NFS/ttao/scannet/posed_images/scene0673_01/00056.jpg",
      "transform_matrix": [
        [
          -0.496214,
          -0.475814,
          0.726205,
          2.462103
        ],
        [
          -0.861786,
          0.168451,
          -0.478486,
          3.121284
        ],
        [
          0.10534,
          -0.863264,
          -0.493638,
          1.432568
        ],
        [
          0.0,
          0.0,
          0.0,
          1.0
        ]
      ]
    },
    {
      "file_path": "/media/NFS/ttao/scannet/posed_images/scene0673_01/00068.jpg",
      "transform_matrix": [
        [
          -0.568174,
          -0.331029,
          0.753391,
          2.479056
        ],
        [
          -0.815733,
          0.105922,
          -0.568648,
          3.127264
        ],
        [
          0.108438,
          -0.937657,
          -0.330213,
          1.49785
        ],
        [
          0.0,
          0.0,
          0.0,
          1.0
        ]
      ]
    },
    {
      "file_path": "/media/NFS/ttao/scannet/posed_images/scene0673_01/00070.jpg",
      "transform_matrix": [
        [
          -0.56828,
          -0.305733,
          0.763928,
          2.467554
        ],
        [
          -0.815944,
          0.089478,
          -0.571164,
          3.120185
        ],
        [
          0.106269,
          -0.947904,
          -0.30031,
          1.502146
        ],
        [
          0.0,
          0.0,
          0.0,
          1.0
        ]
      ]
    },
    {
      "file_path": "/media/NFS/ttao/scannet/posed_images/scene0673_01/00081.jpg",
      "transform_matrix": [
        [
          -0.549071,
          -0.179258,
          0.816326,
          2.446585
        ],
        [
          -0.830689,
          0.009445,
          -0.556657,
          3.133109
        ],
        [
          0.092075,
          -0.983757,
          -0.154093,
          1.528835
        ],
        [
          0.0,
          0.0,
          0.0,
          1.0
        ]
      ]
    },
    {
      "file_path": "/media/NFS/ttao/scannet/posed_images/scene0673_01/00090.jpg",
      "transform_matrix": [
        [
          -0.531864,
          -0.122781,
          0.837882,
          2.443793
        ],
        [
          -0.841596,
          -0.033204,
          -0.539087,
          3.142999
        ],
        [
          0.094011,
          -0.991878,
          -0.085672,
          1.5454
        ],
        [
          0.0,
          0.0,
          0.0,
          1.0
        ]
      ]
    },
    {
      "file_path": "/media/NFS/ttao/scannet/posed_images/scene0673_01/00092.jpg",
      "transform_matrix": [
        [
          -0.531825,
          -0.11838,
          0.838539,
          2.45004
        ],
        [
          -0.841781,
          -0.03433,
          -0.538727,
          3.150582
        ],
        [
          0.092562,
          -0.992375,
          -0.081392,
          1.547472
        ],
        [
          0.0,
          0.0,
          0.0,
          1.0
        ]
      ]
    },
    {
      "file_path": "/media/NFS/ttao/scannet/posed_images/scene0673_01/00100.jpg",
      "transform_matrix": [
        [
          -0.475723,
          -0.207867,
          0.854681,
          2.491127
        ],
        [
          -0.87364,
          -0.001216,
          -0.486572,
          3.169505
        ],
        [
          0.102181,
          -0.978156,
          -0.181022,
          1.50509
        ],
        [
          0.0,
          0.0,
          0.0,
          1.0
        ]
      ]
    },
    {
      "file_path": "/media/NFS/ttao/scannet/posed_images/scene0673_01/00111.jpg",
      "transform_matrix": [
        [
          -0.411174,
          -0.378455,
          0.829282,
          2.559468
        ],
        [
          -0.903808,
          0.050884,
          -0.424903,
          3.202116
        ],
        [
          0.11861,
          -0.92422,
          -0.362972,
          1.459614
        ],
        [
          0.0,
          0.0,
          0.0,
          1.0
        ]
      ]
    },
    {
      "file_path": "/media/NFS/ttao/scannet/posed_images/scene0673_01/00117.jpg",
      "transform_matrix": [
        [
          -0.395703,
          -0.415085,
          0.819222,
          2.561651
        ],
        [
          -0.911029,
          0.064785,
          -0.407222,
          3.203861
        ],
        [
          0.115958,
          -0.907473,
          -0.40379,
          1.44255
        ],
        [
          0.0,
          0.0,
          0.0,
          1.0
        ]
      ]
    },
    {
      "file_path": "/media/NFS/ttao/scannet/posed_images/scene0673_01/00120.jpg",
      "transform_matrix": [
        [
          -0.434174,
          -0.421287,
          0.796248,
          2.5564
        ],
        [
          -0.894725,
          0.098943,
          -0.435521,
          3.197832
        ],
        [
          0.104696,
          -0.901514,
          -0.419894,
          1.440073
        ],
        [
          0.0,
          0.0,
          0.0,
          1.0
        ]
      ]
    },
    {
      "file_path": "/media/NFS/ttao/scannet/posed_images/scene0673_01/00126.jpg",
      "transform_matrix": [
        [
          -0.557994,
          -0.400101,
          0.727023,
          2.531037
        ],
        [
          -0.825859,
          0.181968,
          -0.533709,
          3.159021
        ],
        [
          0.081243,
          -0.898224,
          -0.431964,
          1.442286
        ],
        [
          0.0,
          0.0,
          0.0,
          1.0
        ]
      ]
    },
    {
      "file_path": "/media/NFS/ttao/scannet/posed_images/scene0673_01/00137.jpg",
      "transform_matrix": [
        [
          -0.785299,
          -0.269882,
          0.557198,
          2.46238
        ],
        [
          -0.616177,
          0.253098,
          -0.745833,
          3.104372
        ],
        [
          0.060262,
          -0.929034,
          -0.365052,
          1.471126
        ],
        [
          0.0,
          0.0,
          0.0,
          1.0
        ]
      ]
    },
    {
      "file_path": "/media/NFS/ttao/scannet/posed_images/scene0673_01/00145.jpg",
      "transform_matrix": [
        [
          -0.830115,
          -0.169201,
          0.5313,
          2.421349
        ],
        [
          -0.556027,
          0.179842,
          -0.811475,
          3.104247
        ],
        [
          0.041752,
          -0.969034,
          -0.24337,
          1.50866
        ],
        [
          0.0,
          0.0,
          0.0,
          1.0
        ]
      ]
    },
    {
      "file_path": "/media/NFS/ttao/scannet/posed_images/scene0673_01/00154.jpg",
      "transform_matrix": [
        [
          -0.840659,
          -0.100971,
          0.532069,
          2.406589
        ],
        [
          -0.540878,
          0.107091,
          -0.834256,
          3.123582
        ],
        [
          0.027256,
          -0.989109,
          -0.14464,
          1.515499
        ],
        [
          0.0,
          0.0,
          0.0,
          1.0
        ]
      ]
    },
    {
      "file_path": "/media/NFS/ttao/scannet/posed_images/scene0673_01/00158.jpg",
      "transform_matrix": [
        [
          -0.842398,
          -0.088669,
          0.531511,
          2.399789
        ],
        [
          -0.538445,
          0.099938,
          -0.836714,
          3.11898
        ],
        [
          0.021072,
          -0.991035,
          -0.13193,
          1.513833
        ],
        [
          0.0,
          0.0,
          0.0,
          1.0
        ]
      ]
    },
    {
      "file_path": "/media/NFS/ttao/scannet/posed_images/scene0673_01/00162.jpg",
      "transform_matrix": [
        [
          -0.841962,
          -0.088413,
          0.532243,
          2.39422
        ],
        [
          -0.539237,
          0.105002,
          -0.835583,
          3.113644
        ],
        [
          0.01799,
          -0.990534,
          -0.136083,
          1.501756
        ],
        [
          0.0,
          0.0,
          0.0,
          1.0
        ]
      ]
    },
    {
      "file_path": "/media/NFS/ttao/scannet/posed_images/scene0673_01/00171.jpg",
      "transform_matrix": [
        [
          -0.846741,
          -0.144548,
          0.511992,
          2.416556
        ],
        [
          -0.531289,
          0.179833,
          -0.827884,
          3.092817
        ],
        [
          0.027596,
          -0.973019,
          -0.229069,
          1.477258
        ],
        [
          0.0,
          0.0,
          0.0,
          1.0
        ]
      ]
    },
    {
      "file_path": "/media/NFS/ttao/scannet/posed_images/scene0673_01/00177.jpg",
      "transform_matrix": [
        [
          -0.838011,
          -0.214984,
          0.501517,
          2.451005
        ],
        [
          -0.542994,
          0.237929,
          -0.805325,
          3.081682
        ],
        [
          0.053807,
          -0.947191,
          -0.316122,
          1.446494
        ],
        [
          0.0,
          0.0,
          0.0,
          1.0
        ]
      ]
    },
    {
      "file_path": "/media/NFS/ttao/scannet/posed_images/scene0673_01/00186.jpg",
      "transform_matrix": [
        [
          -0.765008,
          -0.312978,
          0.562856,
          2.518198
        ],
        [
          -0.640176,
          0.274203,
          -0.717627,
          3.083472
        ],
        [
          0.070264,
          -0.909317,
          -0.410129,
          1.419181
        ],
        [
          0.0,
          0.0,
          0.0,
          1.0
        ]
      ]
    },
    {
      "file_path": "/media/NFS/ttao/scannet/posed_images/scene0673_01/00190.jpg",
      "transform_matrix": [
        [
          -0.701186,
          -0.355956,
          0.617765,
          2.55809
        ],
        [
          -0.708985,
          0.256527,
          -0.656913,
          3.114873
        ],
        [
          0.075359,
          -0.898604,
          -0.43224,
          1.409435
        ],
        [
          0.0,
          0.0,
          0.0,
          1.0
        ]
      ]
    },
    {
      "file_path": "/media/NFS/ttao/scannet/posed_images/scene0673_01/00201.jpg",
      "transform_matrix": [
        [
          -0.479518,
          -0.498419,
          0.722247,
          2.61165
        ],
        [
          -0.867963,
          0.148172,
          -0.47401,
          3.206068
        ],
        [
          0.129239,
          -0.85418,
          -0.50366,
          1.376161
        ],
        [
          0.0,
          0.0,
          0.0,
          1.0
        ]
      ]
    },
    {
      "file_path": "/media/NFS/ttao/scannet/posed_images/scene0673_01/00207.jpg",
      "transform_matrix": [
        [
          -0.325275,
          -0.531802,
          0.78191,
          2.606087
        ],
        [
          -0.937468,
          0.073013,
          -0.340329,
          3.234313
        ],
        [
          0.123898,
          -0.843716,
          -0.522296,
          1.37319
        ],
        [
          0.0,
          0.0,
          0.0,
          1.0
        ]
      ]
    },
    {
      "file_path": "/media/NFS/ttao/scannet/posed_images/scene0673_01/00216.jpg",
      "transform_matrix": [
        [
          -0.102059,
          -0.514034,
          0.851676,
          2.57273
        ],
        [
          -0.990823,
          -0.023746,
          -0.133066,
          3.264945
        ],
        [
          0.088625,
          -0.857441,
          -0.506893,
          1.366009
        ],
        [
          0.0,
          0.0,
          0.0,
          1.0
        ]
      ]
    },
    {
      "file_path": "/media/NFS/ttao/scannet/posed_images/scene0673_01/00222.jpg",
      "transform_matrix": [
        [
          0.009445,
          -0.526782,
          0.849948,
          2.54764
        ],
        [
          -0.997951,
          -0.058754,
          -0.025325,
          3.269434
        ],
        [
          0.063278,
          -0.847967,
          -0.526258,
          1.358374
        ],
        [
          0.0,
          0.0,
          0.0,
          1.0
        ]
      ]
    },
    {
      "file_path": "/media/NFS/ttao/scannet/posed_images/scene0673_01/00231.jpg",
      "transform_matrix": [
        [
          0.127106,
          -0.592566,
          0.795431,
          2.522873
        ],
        [
          -0.991319,
          -0.103073,
          0.081622,
          3.26935
        ],
        [
          0.033621,
          -0.7989,
          -0.600523,
          1.31953
        ],
        [
          0.0,
          0.0,
          0.0,
          1.0
        ]
      ]
    },
    {
      "file_path": "/media/NFS/ttao/scannet/posed_images/scene0673_01/00239.jpg",
      "transform_matrix": [
        [
          0.173853,
          -0.645078,
          0.744076,
          2.526168
        ],
        [
          -0.984599,
          -0.128005,
          0.119077,
          3.278571
        ],
        [
          0.018432,
          -0.753319,
          -0.657397,
          1.298906
        ],
        [
          0.0,
          0.0,
          0.0,
          1.0
        ]
      ]
    },
    {
      "file_path": "/media/NFS/ttao/scannet/posed_images/scene0673_01/00241.jpg",
      "transform_matrix": [
        [
          0.179729,
          -0.645612,
          0.742215,
          2.532638
        ],
        [
          -0.983578,
          -0.1306,
          0.124574,
          3.283311
        ],
        [
          0.016506,
          -0.752415,
          -0.658482,
          1.299081
        ],
        [
          0.0,
          0.0,
          0.0,
          1.0
        ]
      ]
    },
    {
      "file_path": "/media/NFS/ttao/scannet/posed_images/scene0673_01/00250.jpg",
      "transform_matrix": [
        [
          0.200801,
          -0.612161,
          0.764812,
          2.58207
        ],
        [
          -0.979033,
          -0.152699,
          0.134824,
          3.338551
        ],
        [
          0.034252,
          -0.775849,
          -0.629988,
          1.315562
        ],
        [
          0.0,
          0.0,
          0.0,
          1.0
        ]
      ]
    },
    {
      "file_path": "/media/NFS/ttao/scannet/posed_images/scene0673_01/00261.jpg",
      "transform_matrix": [
        [
          0.190134,
          -0.528583,
          0.827315,
          2.679309
        ],
        [
          -0.980327,
          -0.147702,
          0.13093,
          3.466506
        ],
        [
          0.052989,
          -0.835933,
          -0.546267,
          1.360593
        ],
        [
          0.0,
          0.0,
          0.0,
          1.0
        ]
      ]
    },
    {
      "file_path": "/media/NFS/ttao/scannet/posed_images/scene0673_01/00265.jpg",
      "transform_matrix": [
        [
          0.189684,
          -0.512437,
          0.837513,
          2.712942
        ],
        [
          -0.980019,
          -0.150818,
          0.129681,
          3.509658
        ],
        [
          0.059859,
          -0.845377,
          -0.530806,
          1.366121
        ],
        [
          0.0,
          0.0,
          0.0,
          1.0
        ]
      ]
    },
    {
      "file_path": "/media/NFS/ttao/scannet/posed_images/scene0673_01/00271.jpg",
      "transform_matrix": [
        [
          0.23664,
          -0.484642,
          0.842095,
          2.753562
        ],
        [
          -0.968492,
          -0.186898,
          0.164596,
          3.540788
        ],
        [
          0.077616,
          -0.854512,
          -0.5136,
          1.381897
        ],
        [
          0.0,
          0.0,
          0.0,
          1.0
        ]
      ]
    },
    {
      "file_path": "/media/NFS/ttao/scannet/posed_images/scene0673_01/00278.jpg",
      "transform_matrix": [
        [
          0.262252,
          -0.427631,
          0.865075,
          2.809039
        ],
        [
          -0.963002,
          -0.173624,
          0.206112,
          3.529113
        ],
        [
          0.062058,
          -0.887123,
          -0.457343,
          1.401844
        ],
        [
          0.0,
          0.0,
          0.0,
          1.0
        ]
      ]
    },
    {
      "file_path": "/media/NFS/ttao/scannet/posed_images/scene0673_01/00288.jpg",
      "transform_matrix": [
        [
          0.299093,
          -0.378702,
          0.875859,
          2.922467
        ],
        [
          -0.952584,
          -0.172292,
          0.250799,
          3.444572
        ],
        [
          0.055925,
          -0.909341,
          -0.412276,
          1.420072
        ],
        [
          0.0,
          0.0,
          0.0,
          1.0
        ]
      ]
    },
    {
      "file_path": "/media/NFS/ttao/scannet/posed_images/scene0673_01/00295.jpg",
      "transform_matrix": [
        [
          0.367372,
          -0.428723,
          0.825369,
          3.000475
        ],
        [
          -0.930036,
          -0.177396,
          0.321814,
          3.40528
        ],
        [
          0.008448,
          -0.885848,
          -0.463898,
          1.393479
        ],
        [
          0.0,
          0.0,
          0.0,
          1.0
        ]
      ]
    },
    {
      "file_path": "/media/NFS/ttao/scannet/posed_images/scene0673_01/00297.jpg",
      "transform_matrix": [
        [
          0.377257,
          -0.432215,
          0.819065,
          3.018632
        ],
        [
          -0.926102,
          -0.179387,
          0.331897,
          3.404373
        ],
        [
          0.003478,
          -0.883748,
          -0.46795,
          1.391976
        ],
        [
          0.0,
          0.0,
          0.0,
          1.0
        ]
      ]
    },
    {
      "file_path": "/media/NFS/ttao/scannet/posed_images/scene0673_01/00305.jpg",
      "transform_matrix": [
        [
          0.428204,
          -0.377011,
          0.821281,
          3.105496
        ],
        [
          -0.903318,
          -0.204365,
          0.377163,
          3.422779
        ],
        [
          0.025646,
          -0.903381,
          -0.428071,
          1.379682
        ],
        [
          0.0,
          0.0,
          0.0,
          1.0
        ]
      ]
    },
    {
      "file_path": "/media/NFS/ttao/scannet/posed_images/scene0673_01/00312.jpg",
      "transform_matrix": [
        [
          0.496898,
          -0.38262,
          0.778906,
          3.172947
        ],
        [
          -0.866369,
          -0.270403,
          0.419865,
          3.442594
        ],
        [
          0.04997,
          -0.88345,
          -0.465853,
          1.343364
        ],
        [
          0.0,
          0.0,
          0.0,
          1.0
        ]
      ]
    },
    {
      "file_path": "/media/NFS/ttao/scannet/posed_images/scene0673_01/00320.jpg",
      "transform_matrix": [
        [
          0.508262,
          -0.491456,
          0.707207,
          3.226016
        ],
        [
          -0.860968,
          -0.309162,
          0.403924,
          3.390697
        ],
        [
          0.020131,
          -0.814181,
          -0.580262,
          1.313223
        ],
        [
          0.0,
          0.0,
          0.0,
          1.0
        ]
      ]
    },
    {
      "file_path": "/media/NFS/ttao/scannet/posed_images/scene0673_01/00331.jpg",
      "transform_matrix": [
        [
          0.667725,
          -0.477185,
          0.571348,
          3.230175
        ],
        [
          -0.744199,
          -0.44613,
          0.497128,
          3.270527
        ],
        [
          0.017674,
          -0.757141,
          -0.653012,
          1.280674
        ],
        [
          0.0,
          0.0,
          0.0,
          1.0
        ]
      ]
    },
    {
      "file_path": "/media/NFS/ttao/scannet/posed_images/scene0673_01/00335.jpg",
      "transform_matrix": [
        [
          0.736438,
          -0.470253,
          0.486334,
          3.219579
        ],
        [
          -0.676505,
          -0.512717,
          0.528643,
          3.234365
        ],
        [
          0.000755,
          -0.71832,
          -0.695713,
          1.269528
        ],
        [
          0.0,
          0.0,
          0.0,
          1.0
        ]
      ]
    },
    {
      "file_path": "/media/NFS/ttao/scannet/posed_images/scene0673_01/00346.jpg",
      "transform_matrix": [
        [
          0.844526,
          -0.38444,
          0.372803,
          3.139922
        ],
        [
          -0.535435,
          -0.618149,
          0.575501,
          3.222399
        ],
        [
          0.009202,
          -0.685637,
          -0.727886,
          1.256412
        ],
        [
          0.0,
          0.0,
          0.0,
          1.0
        ]
      ]
    },
    {
      "file_path": "/media/NFS/ttao/scannet/posed_images/scene0673_01/00352.jpg",
      "transform_matrix": [
        [
          0.863315,
          -0.331081,
          0.380883,
          3.100188
        ],
        [
          -0.502024,
          -0.640514,
          0.581131,
          3.227269
        ],
        [
          0.05156,
          -0.692912,
          -0.719176,
          1.265363
        ],
        [
          0.0,
          0.0,
          0.0,
          1.0
        ]
      ]
    },
    {
      "file_path": "/media/NFS/ttao/scannet/posed_images/scene0673_01/00355.jpg",
      "transform_matrix": [
        [
          0.867271,
          -0.297712,
          0.399009,
          3.081854
        ],
        [
          -0.490672,
          -0.646664,
          0.584009,
          3.234722
        ],
        [
          0.084158,
          -0.702277,
          -0.706912,
          1.272522
        ],
        [
          0.0,
          0.0,
          0.0,
          1.0
        ]
      ]
    },
    {
      "file_path": "/media/NFS/ttao/scannet/posed_images/scene0673_01/00363.jpg",
      "transform_matrix": [
        [
          0.912736,
          -0.213929,
          0.348061,
          3.050726
        ],
        [
          -0.398753,
          -0.651922,
          0.644976,
          3.230578
        ],
        [
          0.088929,
          -0.727483,
          -0.680338,
          1.283248
        ],
        [
          0.0,
          0.0,
          0.0,
          1.0
        ]
      ]
    },
    {
      "file_path": "/media/NFS/ttao/scannet/posed_images/scene0673_01/00372.jpg",
      "transform_matrix": [
        [
          0.967858,
          -0.133025,
          0.213437,
          3.067326
        ],
        [
          -0.248155,
          -0.643029,
          0.724522,
          3.19035
        ],
        [
          0.040866,
          -0.7542,
          -0.655372,
          1.29581
        ],
        [
          0.0,
          0.0,
          0.0,
          1.0
        ]
      ]
    },
    {
      "file_path": "/media/NFS/ttao/scannet/posed_images/scene0673_01/00378.jpg",
      "transform_matrix": [
        [
          0.983318,
          -0.106422,
          0.147515,
          3.15431
        ],
        [
          -0.181771,
          -0.604994,
          0.775204,
          3.118368
        ],
        [
          0.006747,
          -0.789086,
          -0.614245,
          1.302799
        ],
        [
          0.0,
          0.0,
          0.0,
          1.0
        ]
      ]
    },
    {
      "file_path": "/media/NFS/ttao/scannet/posed_images/scene0673_01/00387.jpg",
      "transform_matrix": [
        [
          0.996489,
          -0.080974,
          0.021301,
          3.177179
        ],
        [
          -0.066734,
          -0.614454,
          0.786126,
          3.077939
        ],
        [
          -0.050567,
          -0.784787,
          -0.6177,
          1.324343
        ],
        [
          0.0,
          0.0,
          0.0,
          1.0
        ]
      ]
    },
    {
      "file_path": "/media/NFS/ttao/scannet/posed_images/scene0673_01/00395.jpg",
      "transform_matrix": [
        [
          0.996612,
          -0.022008,
          -0.079249,
          3.135223
        ],
        [
          0.052229,
          -0.574984,
          0.816496,
          3.091577
        ],
        [
          -0.063536,
          -0.817868,
          -0.571887,
          1.345144
        ],
        [
          0.0,
          0.0,
          0.0,
          1.0
        ]
      ]
    },
    {
      "file_path": "/media/NFS/ttao/scannet/posed_images/scene0673_01/00397.jpg",
      "transform_matrix": [
        [
          0.994936,
          -0.007455,
          -0.100237,
          3.128134
        ],
        [
          0.078361,
          -0.567008,
          0.819976,
          3.103173
        ],
        [
          -0.062948,
          -0.823678,
          -0.563552,
          1.350413
        ],
        [
          0.0,
          0.0,
          0.0,
          1.0
        ]
      ]
    },
    {
      "file_path": "/media/NFS/ttao/scannet/posed_images/scene0673_01/00410.jpg",
      "transform_matrix": [
        [
          0.983224,
          0.053057,
          -0.174516,
          3.052133
        ],
        [
          0.179769,
          -0.44389,
          0.877864,
          3.162628
        ],
        [
          -0.030889,
          -0.894509,
          -0.445981,
          1.385032
        ],
        [
          0.0,
          0.0,
          0.0,
          1.0
        ]
      ]
    },
    {
      "file_path": "/media/NFS/ttao/scannet/posed_images/scene0673_01/00417.jpg",
      "transform_matrix": [
        [
          0.974978,
          0.04892,
          -0.216851,
          3.073481
        ],
        [
          0.218482,
          -0.390884,
          0.894134,
          3.187375
        ],
        [
          -0.041023,
          -0.919139,
          -0.391792,
          1.406783
        ],
        [
          0.0,
          0.0,
          0.0,
          1.0
        ]
      ]
    },
    {
      "file_path": "/media/NFS/ttao/scannet/posed_images/scene0673_01/00423.jpg",
      "transform_matrix": [
        [
          0.960669,
          0.018767,
          -0.277059,
          3.142256
        ],
        [
          0.264729,
          -0.363186,
          0.893316,
          3.207336
        ],
        [
          -0.083859,
          -0.931528,
          -0.35387,
          1.388803
        ],
        [
          0.0,
          0.0,
          0.0,
          1.0
        ]
      ]
    },
    {
      "file_path": "/media/NFS/ttao/scannet/posed_images/scene0673_01/00431.jpg",
      "transform_matrix": [
        [
          0.933234,
          0.042226,
          -0.356779,
          3.28775
        ],
        [
          0.348827,
          -0.344173,
          0.871702,
          3.271033
        ],
        [
          -0.085985,
          -0.937956,
          -0.335923,
          1.394868
        ],
        [
          0.0,
          0.0,
          0.0,
          1.0
        ]
      ]
    },
    {
      "file_path": "/media/NFS/ttao/scannet/posed_images/scene0673_01/00436.jpg",
      "transform_matrix": [
        [
          0.926245,
          0.059496,
          -0.372196,
          3.334954
        ],
        [
          0.367186,
          -0.365405,
          0.855367,
          3.298961
        ],
        [
          -0.085112,
          -0.928945,
          -0.360301,
          1.38379
        ],
        [
          0.0,
          0.0,
          0.0,
          1.0
        ]
      ]
    },
    {
      "file_path": "/media/NFS/ttao/scannet/posed_images/scene0673_01/00444.jpg",
      "transform_matrix": [
        [
          0.946555,
          0.05168,
          -0.318374,
          3.343212
        ],
        [
          0.314951,
          -0.360975,
          0.877783,
          3.318068
        ],
        [
          -0.069562,
          -0.931142,
          -0.357959,
          1.373662
        ],
        [
          0.0,
          0.0,
          0.0,
          1.0
        ]
      ]
    },
    {
      "file_path": "/media/NFS/ttao/scannet/posed_images/scene0673_01/00446.jpg",
      "transform_matrix": [
        [
          0.941739,
          0.0497,
          -0.332653,
          3.349146
        ],
        [
          0.328927,
          -0.342663,
          0.879994,
          3.325351
        ],
        [
          -0.070252,
          -0.938143,
          -0.339046,
          1.383913
        ],
        [
          0.0,
          0.0,
          0.0,
          1.0
        ]
      ]
    },
    {
      "file_path": "/media/NFS/ttao/scannet/posed_images/scene0673_01/00459.jpg",
      "transform_matrix": [
        [
          0.872108,
          0.060118,
          -0.485606,
          3.47751
        ],
        [
          0.489019,
          -0.141504,
          0.860719,
          3.324995
        ],
        [
          -0.01697,
          -0.98811,
          -0.152805,
          1.449699
        ],
        [
          0.0,
          0.0,
          0.0,
          1.0
        ]
      ]
    },
    {
      "file_path": "/media/NFS/ttao/scannet/posed_images/scene0673_01/00466.jpg",
      "transform_matrix": [
        [
          0.79958,
          0.023549,
          -0.600098,
          3.595353
        ],
        [
          0.599629,
          -0.08693,
          0.795543,
          3.334559
        ],
        [
          -0.033432,
          -0.995936,
          -0.083628,
          1.465793
        ],
        [
          0.0,
          0.0,
          0.0,
          1.0
        ]
      ]
    },
    {
      "file_path": "/media/NFS/ttao/scannet/posed_images/scene0673_01/00468.jpg",
      "transform_matrix": [
        [
          0.790607,
          0.015322,
          -0.612133,
          3.611851
        ],
        [
          0.611061,
          -0.083927,
          0.787122,
          3.332169
        ],
        [
          -0.039314,
          -0.996354,
          -0.075716,
          1.469487
        ],
        [
          0.0,
          0.0,
          0.0,
          1.0
        ]
      ]
    },
    {
      "file_path": "/media/NFS/ttao/scannet/posed_images/scene0673_01/00478.jpg",
      "transform_matrix": [
        [
          0.736012,
          0.074428,
          -0.672866,
          3.659124
        ],
        [
          0.675325,
          -0.149964,
          0.722114,
          3.356358
        ],
        [
          -0.047161,
          -0.985886,
          -0.160638,
          1.410281
        ],
        [
          0.0,
          0.0,
          0.0,
          1.0
        ]
      ]
    },
    {
      "file_path": "/media/NFS/ttao/scannet/posed_images/scene0673_01/00487.jpg",
      "transform_matrix": [
        [
          0.692587,
          0.197213,
          -0.693852,
          3.636069
        ],
        [
          0.720251,
          -0.241781,
          0.650216,
          3.376506
        ],
        [
          -0.039529,
          -0.950078,
          -0.309497,
          1.352594
        ],
        [
          0.0,
          0.0,
          0.0,
          1.0
        ]
      ]
    },
    {
      "file_path": "/media/NFS/ttao/scannet/posed_images/scene0673_01/00496.jpg",
      "transform_matrix": [
        [
          0.683956,
          0.281148,
          -0.673172,
          3.605249
        ],
        [
          0.728177,
          -0.319131,
          0.606559,
          3.393139
        ],
        [
          -0.044297,
          -0.905048,
          -0.422997,
          1.301821
        ],
        [
          0.0,
          0.0,
          0.0,
          1.0
        ]
      ]
    },
    {
      "file_path": "/media/NFS/ttao/scannet/posed_images/scene0673_01/00500.jpg",
      "transform_matrix": [
        [
          0.673675,
          0.323759,
          -0.664335,
          3.591607
        ],
        [
          0.737864,
          -0.345087,
          0.580062,
          3.399369
        ],
        [
          -0.041453,
          -0.880962,
          -0.471367,
          1.292733
        ],
        [
          0.0,
          0.0,
          0.0,
          1.0
        ]
      ]
    },
    {
      "file_path": "/media/NFS/ttao/scannet/posed_images/scene0673_01/00504.jpg",
      "transform_matrix": [
        [
          0.663699,
          0.340863,
          -0.665819,
          3.584737
        ],
        [
          0.746988,
          -0.3483,
          0.5663,
          3.397027
        ],
        [
          -0.038874,
          -0.873212,
          -0.485787,
          1.290223
        ],
        [
          0.0,
          0.0,
          0.0,
          1.0
        ]
      ]
    },
    {
      "file_path": "/media/NFS/ttao/scannet/posed_images/scene0673_01/00511.jpg",
      "transform_matrix": [
        [
          0.628105,
          0.377015,
          -0.680694,
          3.553067
        ],
        [
          0.777493,
          -0.339437,
          0.529422,
          3.371039
        ],
        [
          -0.031452,
          -0.861767,
          -0.506329,
          1.288743
        ],
        [
          0.0,
          0.0,
          0.0,
          1.0
        ]
      ]
    },
    {
      "file_path": "/media/NFS/ttao/scannet/posed_images/scene0673_01/00523.jpg",
      "transform_matrix": [
        [
          0.584622,
          0.381354,
          -0.716091,
          3.429375
        ],
        [
          0.810422,
          -0.233329,
          0.537376,
          3.29008
        ],
        [
          0.037845,
          -0.894498,
          -0.445467,
          1.313649
        ],
        [
          0.0,
          0.0,
          0.0,
          1.0
        ]
      ]
    },
    {
      "file_path": "/media/NFS/ttao/scannet/posed_images/scene0673_01/00525.jpg",
      "transform_matrix": [
        [
          0.589918,
          0.376402,
          -0.714365,
          3.390135
        ],
        [
          0.806166,
          -0.224422,
          0.547477,
          3.269814
        ],
        [
          0.045752,
          -0.898863,
          -0.435834,
          1.316375
        ],
        [
          0.0,
          0.0,
          0.0,
          1.0
        ]
      ]
    },
    {
      "file_path": "/media/NFS/ttao/scannet/posed_images/scene0673_01/00536.jpg",
      "transform_matrix": [
        [
          0.56654,
          0.337823,
          -0.751603,
          3.271834
        ],
        [
          0.822251,
          -0.171786,
          0.54258,
          3.208743
        ],
        [
          0.054181,
          -0.9254,
          -0.375099,
          1.340458
        ],
        [
          0.0,
          0.0,
          0.0,
          1.0
        ]
      ]
    },
    {
      "file_path": "/media/NFS/ttao/scannet/posed_images/scene0673_01/00543.jpg",
      "transform_matrix": [
        [
          0.526954,
          0.316365,
          -0.788817,
          3.236335
        ],
        [
          0.848913,
          -0.151364,
          0.506394,
          3.184473
        ],
        [
          0.040807,
          -0.936484,
          -0.348329,
          1.33918
        ],
        [
          0.0,
          0.0,
          0.0,
          1.0
        ]
      ]
    },
    {
      "file_path": "/media/NFS/ttao/scannet/posed_images/scene0673_01/00551.jpg",
      "transform_matrix": [
        [
          0.514837,
          0.317662,
          -0.796262,
          3.200396
        ],
        [
          0.851906,
          -0.085661,
          0.516641,
          3.135843
        ],
        [
          0.095909,
          -0.944327,
          -0.31472,
