{
  "frames": [
    {
      "file_path": "/media/NFS/ttao/scannet/posed_images/scene0587_00/00000.jpg",
      "transform_matrix": [
        [
          -0.669107,
          -0.400831,
          0.625804,
          1.852213
        ],
        [
          -0.74273,
          0.389538,
          -0.544622,
          4.488781
        ],
        [
          -0.025472,
          -0.829213,
          -0.558352,
          1.383669
        ],
        [
          0.0,
          0.0,
          0.0,
          1.0
        ]
      ]
    },
    {
      "file_path": "/media/NFS/ttao/scannet/posed_images/scene0587_00/00002.jpg",
      "transform_matrix": [
        [
          -0.672751,
          -0.394313,
          0.626038,
          1.85189
        ],
        [
          -0.739637,
          0.379645,
          -0.555705,
          4.497276
        ],
        [
          -0.01855,
          -0.836891,
          -0.547055,
          1.378393
        ],
        [
          0.0,
          0.0,
          0.0,
          1.0
        ]
      ]
    },
    {
      "file_path": "/media/NFS/ttao/scannet/posed_images/scene0587_00/00004.jpg",
      "transform_matrix": [
        [
          -0.675202,
          -0.397162,
          0.621582,
          1.852954
        ],
        [
          -0.737506,
          0.379128,
          -0.55888,
          4.497509
        ],
        [
          -0.013693,
          -0.835777,
          -0.548898,
          1.378323
        ],
        [
          0.0,
          0.0,
          0.0,
          1.0
        ]
      ]
    },
    {
      "file_path": "/media/NFS/ttao/scannet/posed_images/scene0587_00/00007.jpg",
      "transform_matrix": [
        [
          -0.686326,
          -0.394558,
          0.610967,
          1.859383
        ],
        [
          -0.727257,
          0.380764,
          -0.571066,
          4.501004
        ],
        [
          -0.007316,
          -0.836268,
          -0.548273,
          1.379674
        ],
        [
          0.0,
          0.0,
          0.0,
          1.0
        ]
      ]
    },
    {
      "file_path": "/media/NFS/ttao/scannet/posed_images/scene0587_00/00010.jpg",
      "transform_matrix": [
        [
          -0.706493,
          -0.389558,
          0.590857,
          1.90962
        ],
        [
          -0.707562,
          0.371168,
          -0.601324,
          4.546243
        ],
        [
          0.014943,
          -0.842899,
          -0.537864,
          1.378484
        ],
        [
          0.0,
          0.0,
          0.0,
          1.0
        ]
      ]
    },
    {
      "file_path": "/media/NFS/ttao/scannet/posed_images/scene0587_00/00012.jpg",
      "transform_matrix": [
        [
          -0.70953,
          -0.389587,
          0.587188,
          1.914533
        ],
        [
          -0.704477,
          0.372393,
          -0.604182,
          4.548298
        ],
        [
          0.016717,
          -0.842345,
          -0.538679,
          1.377935
        ],
        [
          0.0,
          0.0,
          0.0,
          1.0
        ]
      ]
    },
    {
      "file_path": "/media/NFS/ttao/scannet/posed_images/scene0587_00/00013.jpg",
      "transform_matrix": [
        [
          -0.711216,
          -0.388696,
          0.585737,
          1.914737
        ],
        [
          -0.702781,
          0.373625,
          -0.605395,
          4.547788
        ],
        [
          0.016468,
          -0.842211,
          -0.538896,
          1.376583
        ],
        [
          0.0,
          0.0,
          0.0,
          1.0
        ]
      ]
    },
    {
      "file_path": "/media/NFS/ttao/scannet/posed_images/scene0587_00/00015.jpg",
      "transform_matrix": [
        [
          -0.714265,
          -0.388302,
          0.582277,
          1.919126
        ],
        [
          -0.699729,
          0.379171,
          -0.605483,
          4.549562
        ],
        [
          0.014327,
          -0.839911,
          -0.542535,
          1.37476
        ],
        [
          0.0,
          0.0,
          0.0,
          1.0
        ]
      ]
    },
    {
      "file_path": "/media/NFS/ttao/scannet/posed_images/scene0587_00/00017.jpg",
      "transform_matrix": [
        [
          -0.713941,
          -0.389504,
          0.581872,
          1.921361
        ],
        [
          -0.700133,
          0.385089,
          -0.601266,
          4.546158
        ],
        [
          0.010123,
          -0.836656,
          -0.547635,
          1.375785
        ],
        [
          0.0,
          0.0,
          0.0,
          1.0
        ]
      ]
    },
    {
      "file_path": "/media/NFS/ttao/scannet/posed_images/scene0587_00/00020.jpg",
      "transform_matrix": [
        [
          -0.724796,
          -0.380647,
          0.574263,
          1.933156
        ],
        [
          -0.688925,
          0.391661,
          -0.609905,
          4.544965
        ],
        [
          0.007242,
          -0.837681,
          -0.546112,
          1.37839
        ],
        [
          0.0,
          0.0,
          0.0,
          1.0
        ]
      ]
    },
    {
      "file_path": "/media/NFS/ttao/scannet/posed_images/scene0587_00/00023.jpg",
      "transform_matrix": [
        [
          -0.730513,
          -0.366544,
          0.576191,
          1.937831
        ],
        [
          -0.682899,
          0.392321,
          -0.616226,
          4.544787
        ],
        [
          -0.000178,
          -0.843641,
          -0.536908,
          1.372418
        ],
        [
          0.0,
          0.0,
          0.0,
          1.0
        ]
      ]
    },
    {
      "file_path": "/media/NFS/ttao/scannet/posed_images/scene0587_00/00024.jpg",
      "transform_matrix": [
        [
          -0.730179,
          -0.370026,
          0.574387,
          1.937398
        ],
        [
          -0.683253,
          0.392963,
          -0.615423,
          4.541231
        ],
        [
          0.00201,
          -0.84182,
          -0.539754,
          1.369653
        ],
        [
          0.0,
          0.0,
          0.0,
          1.0
        ]
      ]
    },
    {
      "file_path": "/media/NFS/ttao/scannet/posed_images/scene0587_00/00027.jpg",
      "transform_matrix": [
        [
          -0.737576,
          -0.377842,
          0.559658,
          1.951868
        ],
        [
          -0.675225,
          0.403775,
          -0.617282,
          4.533431
        ],
        [
          0.007259,
          -0.833188,
          -0.552943,
          1.368508
        ],
        [
          0.0,
          0.0,
          0.0,
          1.0
        ]
      ]
    },
    {
      "file_path": "/media/NFS/ttao/scannet/posed_images/scene0587_00/00029.jpg",
      "transform_matrix": [
        [
          -0.743591,
          -0.376708,
          0.552416,
          1.958826
        ],
        [
          -0.668601,
          0.410604,
          -0.619982,
          4.529118
        ],
        [
          0.006728,
          -0.830359,
          -0.557189,
          1.365616
        ],
        [
          0.0,
          0.0,
          0.0,
          1.0
        ]
      ]
    },
    {
      "file_path": "/media/NFS/ttao/scannet/posed_images/scene0587_00/00030.jpg",
      "transform_matrix": [
        [
          -0.74549,
          -0.374607,
          0.551284,
          1.960182
        ],
        [
          -0.666506,
          0.414328,
          -0.61976,
          4.523218
        ],
        [
          0.003755,
          -0.829459,
          -0.558555,
          1.364706
        ],
        [
          0.0,
          0.0,
          0.0,
          1.0
        ]
      ]
    },
    {
      "file_path": "/media/NFS/ttao/scannet/posed_images/scene0587_00/00033.jpg",
      "transform_matrix": [
        [
          -0.751841,
          -0.370418,
          0.545458,
          1.969506
        ],
        [
          -0.659344,
          0.421288,
          -0.622722,
          4.51087
        ],
        [
          0.000873,
          -0.827833,
          -0.560974,
          1.362061
        ],
        [
          0.0,
          0.0,
          0.0,
          1.0
        ]
      ]
    },
    {
      "file_path": "/media/NFS/ttao/scannet/posed_images/scene0587_00/00035.jpg",
      "transform_matrix": [
        [
          -0.749334,
          -0.372014,
          0.547818,
          1.97329
        ],
        [
          -0.662192,
          0.420935,
          -0.619932,
          4.501402
        ],
        [
          2.8e-05,
          -0.827297,
          -0.561766,
          1.359131
        ],
        [
          0.0,
          0.0,
          0.0,
          1.0
        ]
      ]
    },
    {
      "file_path": "/media/NFS/ttao/scannet/posed_images/scene0587_00/00038.jpg",
      "transform_matrix": [
        [
          -0.742992,
          -0.395734,
          0.539776,
          1.973443
        ],
        [
          -0.669167,
          0.423059,
          -0.610932,
          4.479594
        ],
        [
          0.01341,
          -0.815117,
          -0.579141,
          1.35622
        ],
        [
          0.0,
          0.0,
          0.0,
          1.0
        ]
      ]
    },
    {
      "file_path": "/media/NFS/ttao/scannet/posed_images/scene0587_00/00039.jpg",
      "transform_matrix": [
        [
          -0.74544,
          -0.399304,
          0.533737,
          1.978512
        ],
        [
          -0.666349,
          0.425625,
          -0.612228,
          4.47217
        ],
        [
          0.017293,
          -0.812034,
          -0.583354,
          1.359911
        ],
        [
          0.0,
          0.0,
          0.0,
          1.0
        ]
      ]
    },
    {
      "file_path": "/media/NFS/ttao/scannet/posed_images/scene0587_00/00043.jpg",
      "transform_matrix": [
        [
          -0.748543,
          -0.388595,
          0.537287,
          1.978126
        ],
        [
          -0.662977,
          0.423884,
          -0.617077,
          4.436194
        ],
        [
          0.012045,
          -0.818118,
          -0.574925,
          1.36205
        ],
        [
          0.0,
          0.0,
          0.0,
          1.0
        ]
      ]
    },
    {
      "file_path": "/media/NFS/ttao/scannet/posed_images/scene0587_00/00044.jpg",
      "transform_matrix": [
        [
          -0.746524,
          -0.387914,
          0.540578,
          1.976124
        ],
        [
          -0.665259,
          0.421157,
          -0.616488,
          4.425848
        ],
        [
          0.011476,
          -0.819847,
          -0.572468,
          1.361305
        ],
        [
          0.0,
          0.0,
          0.0,
          1.0
        ]
      ]
    },
    {
      "file_path": "/media/NFS/ttao/scannet/posed_images/scene0587_00/00046.jpg",
      "transform_matrix": [
        [
          -0.740179,
          -0.386484,
          0.550241,
          1.975886
        ],
        [
          -0.67239,
          0.419117,
          -0.610109,
          4.401131
        ],
        [
          0.005182,
          -0.821566,
          -0.57009,
          1.369261
        ],
        [
          0.0,
          0.0,
          0.0,
          1.0
        ]
      ]
    },
    {
      "file_path": "/media/NFS/ttao/scannet/posed_images/scene0587_00/00049.jpg",
      "transform_matrix": [
        [
          -0.726779,
          -0.370587,
          0.578323,
          1.962929
        ],
        [
          -0.686744,
          0.408214,
          -0.601452,
          4.362583
        ],
        [
          -0.013189,
          -0.834282,
          -0.55118,
          1.365163
        ],
        [
          0.0,
          0.0,
          0.0,
          1.0
        ]
      ]
    },
    {
      "file_path": "/media/NFS/ttao/scannet/posed_images/scene0587_00/00051.jpg",
      "transform_matrix": [
        [
          -0.717383,
          -0.376325,
          0.586295,
          1.954148
        ],
        [
          -0.696496,
          0.406725,
          -0.591159,
          4.335483
        ],
        [
          -0.015993,
          -0.832439,
          -0.553886,
          1.36168
        ],
        [
          0.0,
          0.0,
          0.0,
          1.0
        ]
      ]
    },
    {
      "file_path": "/media/NFS/ttao/scannet/posed_images/scene0587_00/00053.jpg",
      "transform_matrix": [
        [
          -0.707004,
          -0.383485,
          0.594208,
          1.948612
        ],
        [
          -0.707071,
          0.399936,
          -0.583183,
          4.307894
        ],
        [
          -0.014003,
          -0.83246,
          -0.553908,
          1.36148
        ],
        [
          0.0,
          0.0,
          0.0,
          1.0
        ]
      ]
    },
    {
      "file_path": "/media/NFS/ttao/scannet/posed_images/scene0587_00/00056.jpg",
      "transform_matrix": [
        [
          -0.69242,
          -0.400397,
          0.600198,
          1.94008
        ],
        [
          -0.721471,
          0.391005,
          -0.571485,
          4.264111
        ],
        [
          -0.005859,
          -0.828733,
          -0.559614,
          1.36149
        ],
        [
          0.0,
          0.0,
          0.0,
          1.0
        ]
      ]
    },
    {
      "file_path": "/media/NFS/ttao/scannet/posed_images/scene0587_00/00057.jpg",
      "transform_matrix": [
        [
          -0.688367,
          -0.403922,
          0.602493,
          1.93543
        ],
        [
          -0.725347,
          0.38877,
          -0.568093,
          4.248261
        ],
        [
          -0.004766,
          -0.828073,
          -0.5606,
          1.360352
        ],
        [
          0.0,
          0.0,
          0.0,
          1.0
        ]
      ]
    },
    {
      "file_path": "/media/NFS/ttao/scannet/posed_images/scene0587_00/00060.jpg",
      "transform_matrix": [
        [
          -0.68248,
          -0.408556,
          0.606056,
          1.930162
        ],
        [
          -0.730893,
          0.386147,
          -0.562749,
          4.207179
        ],
        [
          -0.004112,
          -0.827026,
          -0.562148,
          1.357327
        ],
        [
          0.0,
          0.0,
          0.0,
          1.0
        ]
      ]
    },
    {
      "file_path": "/media/NFS/ttao/scannet/posed_images/scene0587_00/00061.jpg",
      "transform_matrix": [
        [
          -0.680276,
          -0.411897,
          0.606272,
          1.92957
        ],
        [
          -0.732949,
          0.385906,
          -0.560235,
          4.195368
        ],
        [
          -0.003205,
          -0.825481,
          -0.564422,
          1.355388
        ],
        [
          0.0,
          0.0,
          0.0,
          1.0
        ]
      ]
    },
    {
      "file_path": "/media/NFS/ttao/scannet/posed_images/scene0587_00/00064.jpg",
      "transform_matrix": [
        [
          -0.661992,
          -0.427117,
          0.615904,
          1.927432
        ],
        [
          -0.74942,
          0.389983,
          -0.535054,
          4.153392
        ],
        [
          -0.011662,
          -0.815772,
          -0.578256,
          1.350707
        ],
        [
          0.0,
          0.0,
          0.0,
          1.0
        ]
      ]
    },
    {
      "file_path": "/media/NFS/ttao/scannet/posed_images/scene0587_00/00066.jpg",
      "transform_matrix": [
        [
          -0.653067,
          -0.439162,
          0.616961,
          1.927828
        ],
        [
          -0.757202,
          0.391832,
          -0.522602,
          4.125873
        ],
        [
          -0.012239,
          -0.808458,
          -0.588427,
          1.343549
        ],
        [
          0.0,
          0.0,
          0.0,
          1.0
        ]
      ]
    },
    {
      "file_path": "/media/NFS/ttao/scannet/posed_images/scene0587_00/00069.jpg",
      "transform_matrix": [
        [
          -0.634429,
          -0.468322,
          0.614959,
          1.936704
        ],
        [
          -0.772917,
          0.394578,
          -0.496898,
          4.079922
        ],
        [
          -0.009941,
          -0.790559,
          -0.612306,
          1.336562
        ],
        [
          0.0,
          0.0,
          0.0,
          1.0
        ]
      ]
    },
    {
      "file_path": "/media/NFS/ttao/scannet/posed_images/scene0587_00/00070.jpg",
      "transform_matrix": [
        [
          -0.628904,
          -0.473061,
          0.617003,
          1.936481
        ],
        [
          -0.777374,
          0.395876,
          -0.488848,
          4.05422
        ],
        [
          -0.013001,
          -0.787081,
          -0.616713,
          1.338038
        ],
        [
          0.0,
          0.0,
          0.0,
          1.0
        ]
      ]
    },
    {
      "file_path": "/media/NFS/ttao/scannet/posed_images/scene0587_00/00073.jpg",
      "transform_matrix": [
        [
          -0.609078,
          -0.471169,
          0.637984,
          1.930637
        ],
        [
          -0.792841,
          0.382692,
          -0.47429,
          3.983254
        ],
        [
          -0.020681,
          -0.794699,
          -0.606651,
          1.336461
        ],
        [
          0.0,
          0.0,
          0.0,
          1.0
        ]
      ]
    },
    {
      "file_path": "/media/NFS/ttao/scannet/posed_images/scene0587_00/00076.jpg",
      "transform_matrix": [
        [
          -0.594788,
          -0.477526,
          0.64668,
          1.93625
        ],
        [
          -0.803849,
          0.360674,
          -0.473014,
          3.928254
        ],
        [
          -0.007364,
          -0.801176,
          -0.598384,
          1.333558
        ],
        [
          0.0,
          0.0,
          0.0,
          1.0
        ]
      ]
    },
    {
      "file_path": "/media/NFS/ttao/scannet/posed_images/scene0587_00/00078.jpg",
      "transform_matrix": [
        [
          -0.587629,
          -0.479247,
          0.651931,
          1.943073
        ],
        [
          -0.80909,
          0.356094,
          -0.467516,
          3.893363
        ],
        [
          -0.008093,
          -0.802196,
          -0.597006,
          1.336045
        ],
        [
          0.0,
          0.0,
          0.0,
          1.0
        ]
      ]
    },
    {
      "file_path": "/media/NFS/ttao/scannet/posed_images/scene0587_00/00079.jpg",
      "transform_matrix": [
        [
          -0.584142,
          -0.481681,
          0.65327,
          1.944738
        ],
        [
          -0.811626,
          0.353008,
          -0.465455,
          3.876137
        ],
        [
          -0.006409,
          -0.802103,
          -0.597152,
          1.336532
        ],
        [
          0.0,
          0.0,
          0.0,
          1.0
        ]
      ]
    },
    {
      "file_path": "/media/NFS/ttao/scannet/posed_images/scene0587_00/00082.jpg",
      "transform_matrix": [
        [
          -0.592107,
          -0.482465,
          0.645474,
          1.955508
        ],
        [
          -0.805839,
          0.348739,
          -0.478545,
          3.833939
        ],
        [
          0.005779,
          -0.803498,
          -0.59528,
          1.334906
        ],
        [
          0.0,
          0.0,
          0.0,
          1.0
        ]
      ]
    },
    {
      "file_path": "/media/NFS/ttao/scannet/posed_images/scene0587_00/00083.jpg",
      "transform_matrix": [
        [
          -0.591556,
          -0.486021,
          0.643308,
          1.959365
        ],
        [
          -0.806236,
          0.349859,
          -0.477057,
          3.821486
        ],
        [
          0.006793,
          -0.800864,
          -0.598808,
          1.336132
        ],
        [
          0.0,
          0.0,
          0.0,
          1.0
        ]
      ]
    },
    {
      "file_path": "/media/NFS/ttao/scannet/posed_images/scene0587_00/00086.jpg",
      "transform_matrix": [
        [
          -0.56622,
          -0.501521,
          0.654118,
          1.959786
        ],
        [
          -0.824228,
          0.350786,
          -0.444519,
          3.77617
        ],
        [
          -0.00652,
          -0.790839,
          -0.61199,
          1.337644
        ],
        [
          0.0,
          0.0,
          0.0,
          1.0
        ]
      ]
    },
    {
      "file_path": "/media/NFS/ttao/scannet/posed_images/scene0587_00/00088.jpg",
      "transform_matrix": [
        [
          -0.55663,
          -0.508647,
          0.656842,
          1.956837
        ],
        [
          -0.83058,
          0.357221,
          -0.427235,
          3.747198
        ],
        [
          -0.017326,
          -0.783372,
          -0.621312,
          1.334216
        ],
        [
          0.0,
          0.0,
          0.0,
          1.0
        ]
      ]
    },
    {
      "file_path": "/media/NFS/ttao/scannet/posed_images/scene0587_00/00091.jpg",
      "transform_matrix": [
        [
          -0.539329,
          -0.532374,
          0.652458,
          1.948692
        ],
        [
          -0.841916,
          0.356859,
          -0.404758,
          3.695037
        ],
        [
          -0.017353,
          -0.767613,
          -0.640679,
          1.327049
        ],
        [
          0.0,
          0.0,
          0.0,
          1.0
        ]
      ]
    },
    {
      "file_path": "/media/NFS/ttao/scannet/posed_images/scene0587_00/00093.jpg",
      "transform_matrix": [
        [
          -0.52728,
          -0.540852,
          0.655328,
          1.944312
        ],
        [
          -0.849551,
          0.349608,
          -0.395016,
          3.66068
        ],
        [
          -0.015462,
          -0.765018,
          -0.643823,
          1.324605
        ],
        [
          0.0,
          0.0,
          0.0,
          1.0
        ]
      ]
    },
    {
      "file_path": "/media/NFS/ttao/scannet/posed_images/scene0587_00/00095.jpg",
      "transform_matrix": [
        [
          -0.512619,
          -0.54786,
          0.661114,
          1.935844
        ],
        [
          -0.858422,
          0.343416,
          -0.381023,
          3.623553
        ],
        [
          -0.01829,
          -0.762834,
          -0.646336,
          1.322368
        ],
        [
          0.0,
          0.0,
          0.0,
          1.0
        ]
      ]
    },
    {
      "file_path": "/media/NFS/ttao/scannet/posed_images/scene0587_00/00097.jpg",
      "transform_matrix": [
        [
          -0.49481,
          -0.551055,
          0.671938,
          1.928077
        ],
        [
          -0.868693,
          0.334261,
          -0.365571,
          3.584879
        ],
        [
          -0.023153,
          -0.764596,
          -0.644094,
          1.323752
        ],
        [
          0.0,
          0.0,
          0.0,
          1.0
        ]
      ]
    },
    {
      "file_path": "/media/NFS/ttao/scannet/posed_images/scene0587_00/00099.jpg",
      "transform_matrix": [
        [
          -0.472293,
          -0.54939,
          0.689282,
          1.912992
        ],
        [
          -0.880929,
          0.32087,
          -0.347861,
          3.543431
        ],
        [
          -0.030059,
          -0.771501,
          -0.635518,
          1.326227
        ],
        [
          0.0,
          0.0,
          0.0,
          1.0
        ]
      ]
    },
    {
      "file_path": "/media/NFS/ttao/scannet/posed_images/scene0587_00/00102.jpg",
      "transform_matrix": [
        [
          -0.457176,
          -0.546501,
          0.70166,
          1.900139
        ],
        [
          -0.888954,
          0.305099,
          -0.341578,
          3.492953
        ],
        [
          -0.027403,
          -0.779904,
          -0.625299,
          1.32983
        ],
        [
          0.0,
          0.0,
          0.0,
          1.0
        ]
      ]
    },
    {
      "file_path": "/media/NFS/ttao/scannet/posed_images/scene0587_00/00103.jpg",
      "transform_matrix": [
        [
          -0.453959,
          -0.548232,
          0.702398,
          1.893402
        ],
        [
          -0.890598,
          0.303511,
          -0.338698,
          3.477
        ],
        [
          -0.027501,
          -0.779309,
          -0.626036,
          1.329603
        ],
        [
          0.0,
          0.0,
          0.0,
          1.0
        ]
      ]
    },
    {
      "file_path": "/media/NFS/ttao/scannet/posed_images/scene0587_00/00107.jpg",
      "transform_matrix": [
        [
          -0.421131,
          -0.570669,
          0.704972,
          1.874498
        ],
        [
          -0.906309,
          0.295108,
          -0.302517,
          3.407385
        ],
        [
          -0.035406,
          -0.766321,
          -0.641481,
          1.327253
        ],
        [
          0.0,
          0.0,
          0.0,
          1.0
        ]
      ]
    },
    {
      "file_path": "/media/NFS/ttao/scannet/posed_images/scene0587_00/00108.jpg",
      "transform_matrix": [
        [
          -0.414581,
          -0.572924,
          0.707023,
          1.871047
        ],
        [
          -0.908854,
          0.299877,
          -0.289929,
          3.393027
        ],
        [
          -0.045913,
          -0.762779,
          -0.645027,
          1.325796
        ],
        [
          0.0,
          0.0,
          0.0,
          1.0
        ]
      ]
    },
    {
      "file_path": "/media/NFS/ttao/scannet/posed_images/scene0587_00/00111.jpg",
      "transform_matrix": [
        [
          -0.377855,
          -0.57471,
          0.725902,
          1.870363
        ],
        [
          -0.922609,
          0.299411,
          -0.243199,
          3.332959
        ],
        [
          -0.077574,
          -0.761618,
          -0.643367,
          1.327827
        ],
        [
          0.0,
          0.0,
          0.0,
          1.0
        ]
      ]
    },
    {
      "file_path": "/media/NFS/ttao/scannet/posed_images/scene0587_00/00113.jpg",
      "transform_matrix": [
        [
          -0.36324,
          -0.576471,
          0.731941,
          1.869717
        ],
        [
          -0.927768,
          0.295863,
          -0.227404,
          3.295331
        ],
        [
          -0.085462,
          -0.761673,
          -0.642301,
          1.324103
        ],
        [
          0.0,
          0.0,
          0.0,
          1.0
        ]
      ]
    },
    {
      "file_path": "/media/NFS/ttao/scannet/posed_images/scene0587_00/00114.jpg",
      "transform_matrix": [
        [
          -0.354956,
          -0.578646,
          0.734285,
          1.871096
        ],
        [
          -0.93099,
          0.290391,
          -0.221204,
          3.275356
        ],
        [
          -0.085231,
          -0.76213,
          -0.641789,
          1.322431
        ],
        [
          0.0,
          0.0,
          0.0,
          1.0
        ]
      ]
    },
    {
      "file_path": "/media/NFS/ttao/scannet/posed_images/scene0587_00/00116.jpg",
      "transform_matrix": [
        [
          -0.341695,
          -0.579479,
          0.739898,
          1.876456
        ],
        [
          -0.936442,
          0.276537,
          -0.21588,
          3.229568
        ],
        [
          -0.079511,
          -0.766637,
          -0.637139,
          1.320262
        ],
        [
          0.0,
          0.0,
          0.0,
          1.0
        ]
      ]
    },
    {
      "file_path": "/media/NFS/ttao/scannet/posed_images/scene0587_00/00120.jpg",
      "transform_matrix": [
        [
          -0.329559,
          -0.577713,
          0.746752,
          1.891916
        ],
        [
          -0.942781,
          0.243714,
          -0.227525,
          3.143215
        ],
        [
          -0.05055,
          -0.779007,
          -0.624975,
          1.314918
        ],
        [
          0.0,
          0.0,
          0.0,
          1.0
        ]
      ]
    },
    {
      "file_path": "/media/NFS/ttao/scannet/posed_images/scene0587_00/00121.jpg",
      "transform_matrix": [
        [
          -0.327977,
          -0.578694,
          0.746689,
          1.893426
        ],
        [
          -0.943612,
          0.238359,
          -0.229742,
          3.125772
        ],
        [
          -0.04503,
          -0.779935,
          -0.624239,
          1.312957
        ],
        [
          0.0,
          0.0,
          0.0,
          1.0
        ]
      ]
    },
    {
      "file_path": "/media/NFS/ttao/scannet/posed_images/scene0587_00/00124.jpg",
      "transform_matrix": [
        [
          -0.327012,
          -0.592871,
          0.735913,
          1.913848
        ],
        [
          -0.944027,
          0.240637,
          -0.225627,
          3.064638
        ],
        [
          -0.04332,
          -0.768504,
          -0.638377,
          1.31996
        ],
        [
          0.0,
          0.0,
          0.0,
          1.0
        ]
      ]
    },
    {
      "file_path": "/media/NFS/ttao/scannet/posed_images/scene0587_00/00126.jpg",
      "transform_matrix": [
        [
          -0.332687,
          -0.579285,
          0.744143,
          1.923141
        ],
        [
          -0.942458,
          0.231896,
          -0.240827,
          3.032205
        ],
        [
          -0.033056,
          -0.781443,
          -0.623101,
          1.321551
        ],
        [
          0.0,
          0.0,
          0.0,
          1.0
        ]
      ]
    },
    {
      "file_path": "/media/NFS/ttao/scannet/posed_images/scene0587_00/00128.jpg",
      "transform_matrix": [
        [
          -0.325743,
          -0.575543,
          0.750095,
          1.927912
        ],
        [
          -0.944743,
          0.229011,
          -0.234553,
          3.003157
        ],
        [
          -0.036784,
          -0.785051,
          -0.618339,
          1.319268
        ],
        [
          0.0,
          0.0,
          0.0,
          1.0
        ]
      ]
    },
    {
      "file_path": "/media/NFS/ttao/scannet/posed_images/scene0587_00/00131.jpg",
      "transform_matrix": [
        [
          -0.301488,
          -0.587735,
          0.750781,
          1.939958
        ],
        [
          -0.952167,
          0.226737,
          -0.204861,
          2.949747
        ],
        [
          -0.049826,
          -0.776632,
          -0.627981,
          1.318068
        ],
        [
          0.0,
          0.0,
          0.0,
          1.0
        ]
      ]
    },
    {
      "file_path": "/media/NFS/ttao/scannet/posed_images/scene0587_00/00133.jpg",
      "transform_matrix": [
        [
          -0.293797,
          -0.592368,
          0.750189,
          1.950469
        ],
        [
          -0.954618,
          0.221958,
          -0.198594,
          2.9156
        ],
        [
          -0.04887,
          -0.77449,
          -0.630696,
          1.316824
        ],
        [
          0.0,
          0.0,
          0.0,
          1.0
        ]
      ]
    },
    {
      "file_path": "/media/NFS/ttao/scannet/posed_images/scene0587_00/00134.jpg",
      "transform_matrix": [
        [
          -0.285925,
          -0.594227,
          0.751759,
          1.956097
        ],
        [
          -0.957036,
          0.216594,
          -0.192794,
          2.898396
        ],
        [
          -0.048263,
          -0.774585,
          -0.630626,
          1.315706
        ],
        [
          0.0,
          0.0,
          0.0,
          1.0
        ]
      ]
    },
    {
      "file_path": "/media/NFS/ttao/scannet/posed_images/scene0587_00/00137.jpg",
      "transform_matrix": [
        [
          -0.247321,
          -0.594604,
          0.765035,
          1.96004
        ],
        [
          -0.967658,
          0.192082,
          -0.163533,
          2.846667
        ],
        [
          -0.049712,
          -0.780737,
          -0.622879,
          1.308063
        ],
        [
          0.0,
          0.0,
          0.0,
          1.0
        ]
      ]
    },
    {
      "file_path": "/media/NFS/ttao/scannet/posed_images/scene0587_00/00140.jpg",
      "transform_matrix": [
        [
          -0.219496,
          -0.609167,
          0.762061,
          1.965114
        ],
        [
          -0.974596,
          0.17257,
          -0.142766,
          2.78668
        ],
        [
          -0.04454,
          -0.774038,
          -0.63157,
          1.306164
        ],
        [
          0.0,
          0.0,
          0.0,
          1.0
        ]
      ]
    },
    {
      "file_path": "/media/NFS/ttao/scannet/posed_images/scene0587_00/00142.jpg",
      "transform_matrix": [
        [
          -0.203512,
          -0.606692,
          0.768445,
          1.964577
        ],
        [
          -0.978709,
          0.147443,
          -0.14279,
          2.75267
        ],
        [
          -0.026672,
          -0.781144,
          -0.623781,
          1.302548
        ],
        [
          0.0,
          0.0,
          0.0,
          1.0
        ]
      ]
    },
    {
      "file_path": "/media/NFS/ttao/scannet/posed_images/scene0587_00/00144.jpg",
      "transform_matrix": [
        [
          -0.19085,
          -0.616644,
          0.763758,
          1.970984
        ],
        [
          -0.981136,
          0.144245,
          -0.128709,
          2.714497
        ],
        [
          -0.030801,
          -0.773915,
          -0.632541,
          1.307261
        ],
        [
          0.0,
          0.0,
          0.0,
          1.0
        ]
      ]
    },
    {
      "file_path": "/media/NFS/ttao/scannet/posed_images/scene0587_00/00146.jpg",
      "transform_matrix": [
        [
          -0.178078,
          -0.606861,
          0.774602,
          1.975026
        ],
        [
          -0.983528,
          0.134575,
          -0.120676,
          2.672664
        ],
        [
          -0.031009,
          -0.783332,
          -0.620829,
          1.311931
        ],
        [
          0.0,
          0.0,
          0.0,
          1.0
        ]
      ]
    },
    {
      "file_path": "/media/NFS/ttao/scannet/posed_images/scene0587_00/00149.jpg",
      "transform_matrix": [
        [
          -0.165938,
          -0.607896,
          0.776483,
          1.976053
        ],
        [
          -0.985941,
          0.117929,
          -0.118376,
          2.627512
        ],
        [
          -0.019609,
          -0.78521,
          -0.618919,
          1.309743
        ],
        [
          0.0,
          0.0,
          0.0,
          1.0
        ]
      ]
    },
    {
      "file_path": "/media/NFS/ttao/scannet/posed_images/scene0587_00/00150.jpg",
      "transform_matrix": [
        [
          -0.154836,
          -0.608148,
          0.778577,
          1.978203
        ],
        [
          -0.987599,
          0.115993,
          -0.105801,
          2.608684
        ],
        [
          -0.025967,
          -0.785304,
          -0.618566,
          1.310387
        ],
        [
          0.0,
          0.0,
          0.0,
          1.0
        ]
      ]
    },
    {
      "file_path": "/media/NFS/ttao/scannet/posed_images/scene0587_00/00152.jpg",
      "transform_matrix": [
        [
          -0.138941,
          -0.606346,
          0.782968,
          1.98543
        ],
        [
          -0.989445,
          0.117858,
          -0.084309,
          2.574637
        ],
        [
          -0.041159,
          -0.786418,
          -0.616322,
          1.314616
        ],
        [
          0.0,
          0.0,
          0.0,
          1.0
        ]
      ]
    },
    {
      "file_path": "/media/NFS/ttao/scannet/posed_images/scene0587_00/00155.jpg",
      "transform_matrix": [
        [
          -0.125717,
          -0.580783,
          0.804293,
          2.004385
        ],
        [
          -0.990965,
          0.111711,
          -0.074228,
          2.514216
        ],
        [
          -0.046738,
          -0.806357,
          -0.589579,
          1.316058
        ],
        [
          0.0,
          0.0,
          0.0,
          1.0
        ]
      ]
    },
    {
      "file_path": "/media/NFS/ttao/scannet/posed_images/scene0587_00/00157.jpg",
      "transform_matrix": [
        [
          -0.114709,
          -0.579715,
          0.806705,
          2.017393
        ],
        [
          -0.992569,
          0.100078,
          -0.069219,
          2.47711
        ],
        [
          -0.040606,
          -0.80865,
          -0.586887,
          1.312471
        ],
        [
          0.0,
          0.0,
          0.0,
          1.0
        ]
      ]
    },
    {
      "file_path": "/media/NFS/ttao/scannet/posed_images/scene0587_00/00158.jpg",
      "transform_matrix": [
        [
          -0.109628,
          -0.581093,
          0.806419,
          2.021533
        ],
        [
          -0.993336,
          0.093089,
          -0.06796,
          2.462604
        ],
        [
          -0.035577,
          -0.808495,
          -0.587426,
          1.309542
        ],
        [
          0.0,
          0.0,
          0.0,
          1.0
        ]
      ]
    },
    {
      "file_path": "/media/NFS/ttao/scannet/posed_images/scene0587_00/00161.jpg",
      "transform_matrix": [
        [
          -0.107897,
          -0.585994,
          0.8031,
          2.054658
        ],
        [
          -0.993919,
          0.081454,
          -0.074099,
          2.399912
        ],
        [
          -0.021994,
          -0.806211,
          -0.591219,
          1.303986
        ],
        [
          0.0,
          0.0,
          0.0,
          1.0
        ]
      ]
    },
    {
      "file_path": "/media/NFS/ttao/scannet/posed_images/scene0587_00/00164.jpg",
      "transform_matrix": [
        [
          -0.126933,
          -0.59636,
          0.792618,
          2.089441
        ],
        [
          -0.991901,
          0.079907,
          -0.098725,
          2.34514
        ],
        [
          -0.00446,
          -0.79873,
          -0.601673,
          1.295117
        ],
        [
          0.0,
          0.0,
          0.0,
          1.0
        ]
      ]
    },
    {
      "file_path": "/media/NFS/ttao/scannet/posed_images/scene0587_00/00166.jpg",
      "transform_matrix": [
        [
          -0.117379,
          -0.603763,
          0.788474,
          2.112324
        ],
        [
          -0.993086,
          0.072608,
          -0.092241,
          2.314135
        ],
        [
          -0.001558,
          -0.79385,
          -0.608112,
          1.293538
        ],
        [
          0.0,
          0.0,
          0.0,
          1.0
        ]
      ]
    },
    {
      "file_path": "/media/NFS/ttao/scannet/posed_images/scene0587_00/00167.jpg",
      "transform_matrix": [
        [
          -0.111457,
          -0.604285,
          0.788934,
          2.124967
        ],
        [
          -0.993769,
          0.067107,
          -0.088994,
          2.294932
        ],
        [
          0.000835,
          -0.793937,
          -0.608,
          1.292334
        ],
        [
          0.0,
          0.0,
          0.0,
          1.0
        ]
      ]
    },
    {
      "file_path": "/media/NFS/ttao/scannet/posed_images/scene0587_00/00169.jpg",
      "transform_matrix": [
        [
          -0.103207,
          -0.612262,
          0.78389,
          2.147423
        ],
        [
          -0.994658,
          0.061942,
          -0.082576,
