{
  "frames": [
    {
      "file_path": "/media/NFS/ttao/scannet/posed_images/scene0630_05/00001.jpg",
      "transform_matrix": [
        [
          -0.537478,
          0.428296,
          -0.726416,
          3.656156
        ],
        [
          0.838768,
          0.182551,
          -0.512975,
          2.135015
        ],
        [
          -0.087097,
          -0.885007,
          -0.457358,
          1.337353
        ],
        [
          0.0,
          0.0,
          0.0,
          1.0
        ]
      ]
    },
    {
      "file_path": "/media/NFS/ttao/scannet/posed_images/scene0630_05/00002.jpg",
      "transform_matrix": [
        [
          -0.531897,
          0.426967,
          -0.731291,
          3.656265
        ],
        [
          0.842519,
          0.180008,
          -0.507699,
          2.135637
        ],
        [
          -0.085133,
          -0.88617,
          -0.455473,
          1.337133
        ],
        [
          0.0,
          0.0,
          0.0,
          1.0
        ]
      ]
    },
    {
      "file_path": "/media/NFS/ttao/scannet/posed_images/scene0630_05/00006.jpg",
      "transform_matrix": [
        [
          -0.509794,
          0.431599,
          -0.744199,
          3.659888
        ],
        [
          0.857541,
          0.185758,
          -0.479705,
          2.13381
        ],
        [
          -0.0688,
          -0.882732,
          -0.464812,
          1.337392
        ],
        [
          0.0,
          0.0,
          0.0,
          1.0
        ]
      ]
    },
    {
      "file_path": "/media/NFS/ttao/scannet/posed_images/scene0630_05/00008.jpg",
      "transform_matrix": [
        [
          -0.501436,
          0.433365,
          -0.748837,
          3.662059
        ],
        [
          0.863133,
          0.190853,
          -0.467521,
          2.132566
        ],
        [
          -0.059689,
          -0.880778,
          -0.469752,
          1.336892
        ],
        [
          0.0,
          0.0,
          0.0,
          1.0
        ]
      ]
    },
    {
      "file_path": "/media/NFS/ttao/scannet/posed_images/scene0630_05/00011.jpg",
      "transform_matrix": [
        [
          -0.489102,
          0.445402,
          -0.749931,
          3.655654
        ],
        [
          0.870058,
          0.188541,
          -0.455469,
          2.133419
        ],
        [
          -0.061474,
          -0.875254,
          -0.479741,
          1.343173
        ],
        [
          0.0,
          0.0,
          0.0,
          1.0
        ]
      ]
    },
    {
      "file_path": "/media/NFS/ttao/scannet/posed_images/scene0630_05/00012.jpg",
      "transform_matrix": [
        [
          -0.485435,
          0.445481,
          -0.752264,
          3.655996
        ],
        [
          0.872269,
          0.188547,
          -0.451218,
          2.133287
        ],
        [
          -0.059172,
          -0.875213,
          -0.480106,
          1.342473
        ],
        [
          0.0,
          0.0,
          0.0,
          1.0
        ]
      ]
    },
    {
      "file_path": "/media/NFS/ttao/scannet/posed_images/scene0630_05/00014.jpg",
      "transform_matrix": [
        [
          -0.477524,
          0.449992,
          -0.754638,
          3.658643
        ],
        [
          0.876781,
          0.188523,
          -0.442397,
          2.133518
        ],
        [
          -0.056809,
          -0.872907,
          -0.484568,
          1.338075
        ],
        [
          0.0,
          0.0,
          0.0,
          1.0
        ]
      ]
    },
    {
      "file_path": "/media/NFS/ttao/scannet/posed_images/scene0630_05/00017.jpg",
      "transform_matrix": [
        [
          -0.461392,
          0.476485,
          -0.748385,
          3.662142
        ],
        [
          0.885668,
          0.197879,
          -0.420043,
          2.133479
        ],
        [
          -0.052054,
          -0.856625,
          -0.513307,
          1.320731
        ],
        [
          0.0,
          0.0,
          0.0,
          1.0
        ]
      ]
    },
    {
      "file_path": "/media/NFS/ttao/scannet/posed_images/scene0630_05/00019.jpg",
      "transform_matrix": [
        [
          -0.449478,
          0.507491,
          -0.735134,
          3.664319
        ],
        [
          0.892061,
          0.211819,
          -0.3992,
          2.134046
        ],
        [
          -0.046875,
          -0.835216,
          -0.547921,
          1.30164
        ],
        [
          0.0,
          0.0,
          0.0,
          1.0
        ]
      ]
    },
    {
      "file_path": "/media/NFS/ttao/scannet/posed_images/scene0630_05/00023.jpg",
      "transform_matrix": [
        [
          -0.411532,
          0.591877,
          -0.693054,
          3.658146
        ],
        [
          0.909552,
          0.218367,
          -0.353599,
          2.141311
        ],
        [
          -0.057947,
          -0.775885,
          -0.628207,
          1.266705
        ],
        [
          0.0,
          0.0,
          0.0,
          1.0
        ]
      ]
    },
    {
      "file_path": "/media/NFS/ttao/scannet/posed_images/scene0630_05/00026.jpg",
      "transform_matrix": [
        [
          -0.366056,
          0.639758,
          -0.675805,
          3.66619
        ],
        [
          0.928588,
          0.203461,
          -0.310369,
          2.146991
        ],
        [
          -0.061061,
          -0.741156,
          -0.66855,
          1.242534
        ],
        [
          0.0,
          0.0,
          0.0,
          1.0
        ]
      ]
    },
    {
      "file_path": "/media/NFS/ttao/scannet/posed_images/scene0630_05/00028.jpg",
      "transform_matrix": [
        [
          -0.333877,
          0.66457,
          -0.668486,
          3.668437
        ],
        [
          0.940465,
          0.186963,
          -0.28385,
          2.153373
        ],
        [
          -0.063657,
          -0.723459,
          -0.687427,
          1.233319
        ],
        [
          0.0,
          0.0,
          0.0,
          1.0
        ]
      ]
    },
    {
      "file_path": "/media/NFS/ttao/scannet/posed_images/scene0630_05/00030.jpg",
      "transform_matrix": [
        [
          -0.302923,
          0.67843,
          -0.669306,
          3.67643
        ],
        [
          0.9505,
          0.164084,
          -0.263869,
          2.161616
        ],
        [
          -0.069194,
          -0.716107,
          -0.694552,
          1.217961
        ],
        [
          0.0,
          0.0,
          0.0,
          1.0
        ]
      ]
    },
    {
      "file_path": "/media/NFS/ttao/scannet/posed_images/scene0630_05/00031.jpg",
      "transform_matrix": [
        [
          -0.287959,
          0.685357,
          -0.668854,
          3.678537
        ],
        [
          0.955282,
          0.156564,
          -0.250847,
          2.163475
        ],
        [
          -0.067202,
          -0.711178,
          -0.699793,
          1.216278
        ],
        [
          0.0,
          0.0,
          0.0,
          1.0
        ]
      ]
    },
    {
      "file_path": "/media/NFS/ttao/scannet/posed_images/scene0630_05/00034.jpg",
      "transform_matrix": [
        [
          -0.235926,
          0.690181,
          -0.684097,
          3.676171
        ],
        [
          0.970556,
          0.132155,
          -0.201387,
          2.16273
        ],
        [
          -0.048587,
          -0.711467,
          -0.701038,
          1.228108
        ],
        [
          0.0,
          0.0,
          0.0,
          1.0
        ]
      ]
    },
    {
      "file_path": "/media/NFS/ttao/scannet/posed_images/scene0630_05/00036.jpg",
      "transform_matrix": [
        [
          -0.190359,
          0.676422,
          -0.711489,
          3.667632
        ],
        [
          0.98095,
          0.102453,
          -0.165049,
          2.172777
        ],
        [
          -0.038748,
          -0.729354,
          -0.683039,
          1.244064
        ],
        [
          0.0,
          0.0,
          0.0,
          1.0
        ]
      ]
    },
    {
      "file_path": "/media/NFS/ttao/scannet/posed_images/scene0630_05/00039.jpg",
      "transform_matrix": [
        [
          -0.122008,
          0.639927,
          -0.758688,
          3.666037
        ],
        [
          0.992275,
          0.061337,
          -0.107837,
          2.186936
        ],
        [
          -0.022472,
          -0.765984,
          -0.642466,
          1.266179
        ],
        [
          0.0,
          0.0,
          0.0,
          1.0
        ]
      ]
    },
    {
      "file_path": "/media/NFS/ttao/scannet/posed_images/scene0630_05/00043.jpg",
      "transform_matrix": [
        [
          -0.042236,
          0.578254,
          -0.814763,
          3.668055
        ],
        [
          0.998985,
          0.011642,
          -0.043523,
          2.192128
        ],
        [
          -0.015682,
          -0.815774,
          -0.578158,
          1.290751
        ],
        [
          0.0,
          0.0,
          0.0,
          1.0
        ]
      ]
    },
    {
      "file_path": "/media/NFS/ttao/scannet/posed_images/scene0630_05/00045.jpg",
      "transform_matrix": [
        [
          -0.020002,
          0.545656,
          -0.83777,
          3.665136
        ],
        [
          0.999699,
          -0.000995,
          -0.024516,
          2.199557
        ],
        [
          -0.01421,
          -0.838009,
          -0.545472,
          1.306459
        ],
        [
          0.0,
          0.0,
          0.0,
          1.0
        ]
      ]
    },
    {
      "file_path": "/media/NFS/ttao/scannet/posed_images/scene0630_05/00048.jpg",
      "transform_matrix": [
        [
          0.006225,
          0.50249,
          -0.86456,
          3.656255
        ],
        [
          0.999883,
          -0.015216,
          -0.001645,
          2.20905
        ],
        [
          -0.013982,
          -0.864449,
          -0.502526,
          1.327053
        ],
        [
          0.0,
          0.0,
          0.0,
          1.0
        ]
      ]
    },
    {
      "file_path": "/media/NFS/ttao/scannet/posed_images/scene0630_05/00050.jpg",
      "transform_matrix": [
        [
          0.016202,
          0.478531,
          -0.877921,
          3.643073
        ],
        [
          0.999809,
          -0.017398,
          0.008969,
          2.216804
        ],
        [
          -0.010982,
          -0.877898,
          -0.478721,
          1.340792
        ],
        [
          0.0,
          0.0,
          0.0,
          1.0
        ]
      ]
    },
    {
      "file_path": "/media/NFS/ttao/scannet/posed_images/scene0630_05/00052.jpg",
      "transform_matrix": [
        [
          0.023726,
          0.460111,
          -0.887544,
          3.630822
        ],
        [
          0.999546,
          -0.027412,
          0.012509,
          2.221745
        ],
        [
          -0.018573,
          -0.887438,
          -0.460553,
          1.35531
        ],
        [
          0.0,
          0.0,
          0.0,
          1.0
        ]
      ]
    },
    {
      "file_path": "/media/NFS/ttao/scannet/posed_images/scene0630_05/00055.jpg",
      "transform_matrix": [
        [
          0.038868,
          0.414714,
          -0.909121,
          3.605352
        ],
        [
          0.998921,
          -0.039262,
          0.024797,
          2.22961
        ],
        [
          -0.02541,
          -0.909104,
          -0.415793,
          1.389707
        ],
        [
          0.0,
          0.0,
          0.0,
          1.0
        ]
      ]
    },
    {
      "file_path": "/media/NFS/ttao/scannet/posed_images/scene0630_05/00056.jpg",
      "transform_matrix": [
        [
          0.046079,
          0.397429,
          -0.916475,
          3.596106
        ],
        [
          0.998666,
          -0.039734,
          0.032981,
          2.232598
        ],
        [
          -0.023308,
          -0.916773,
          -0.398729,
          1.39791
        ],
        [
          0.0,
          0.0,
          0.0,
          1.0
        ]
      ]
    },
    {
      "file_path": "/media/NFS/ttao/scannet/posed_images/scene0630_05/00060.jpg",
      "transform_matrix": [
        [
          0.077884,
          0.343343,
          -0.935975,
          3.561565
        ],
        [
          0.996856,
          -0.040517,
          0.068087,
          2.250519
        ],
        [
          -0.014546,
          -0.938336,
          -0.345419,
          1.433827
        ],
        [
          0.0,
          0.0,
          0.0,
          1.0
        ]
      ]
    },
    {
      "file_path": "/media/NFS/ttao/scannet/posed_images/scene0630_05/00061.jpg",
      "transform_matrix": [
        [
          0.089149,
          0.342145,
          -0.935409,
          3.555363
        ],
        [
          0.995796,
          -0.050454,
          0.07645,
          2.254072
        ],
        [
          -0.021038,
          -0.938292,
          -0.345204,
          1.438363
        ],
        [
          0.0,
          0.0,
          0.0,
          1.0
        ]
      ]
    },
    {
      "file_path": "/media/NFS/ttao/scannet/posed_images/scene0630_05/00063.jpg",
      "transform_matrix": [
        [
          0.109719,
          0.335773,
          -0.935531,
          3.547219
        ],
        [
          0.993348,
          -0.070135,
          0.091327,
          2.26621
        ],
        [
          -0.034948,
          -0.939328,
          -0.341235,
          1.431275
        ],
        [
          0.0,
          0.0,
          0.0,
          1.0
        ]
      ]
    },
    {
      "file_path": "/media/NFS/ttao/scannet/posed_images/scene0630_05/00066.jpg",
      "transform_matrix": [
        [
          0.156904,
          0.350269,
          -0.923414,
          3.540769
        ],
        [
          0.986442,
          -0.101129,
          0.129253,
          2.279868
        ],
        [
          -0.04811,
          -0.931174,
          -0.361387,
          1.408414
        ],
        [
          0.0,
          0.0,
          0.0,
          1.0
        ]
      ]
    },
    {
      "file_path": "/media/NFS/ttao/scannet/posed_images/scene0630_05/00068.jpg",
      "transform_matrix": [
        [
          0.186044,
          0.373325,
          -0.908854,
          3.539196
        ],
        [
          0.981434,
          -0.114522,
          0.15386,
          2.293987
        ],
        [
          -0.046644,
          -0.920605,
          -0.3877,
          1.383658
        ],
        [
          0.0,
          0.0,
          0.0,
          1.0
        ]
      ]
    },
    {
      "file_path": "/media/NFS/ttao/scannet/posed_images/scene0630_05/00072.jpg",
      "transform_matrix": [
        [
          0.243637,
          0.452576,
          -0.857797,
          3.508173
        ],
        [
          0.968944,
          -0.152155,
          0.194928,
          2.309408
        ],
        [
          -0.042298,
          -0.878649,
          -0.475591,
          1.363643
        ],
        [
          0.0,
          0.0,
          0.0,
          1.0
        ]
      ]
    },
    {
      "file_path": "/media/NFS/ttao/scannet/posed_images/scene0630_05/00075.jpg",
      "transform_matrix": [
        [
          0.300901,
          0.478521,
          -0.82491,
          3.49656
        ],
        [
          0.952671,
          -0.190124,
          0.237216,
          2.313346
        ],
        [
          -0.043323,
          -0.857246,
          -0.513081,
          1.352376
        ],
        [
          0.0,
          0.0,
          0.0,
          1.0
        ]
      ]
    },
    {
      "file_path": "/media/NFS/ttao/scannet/posed_images/scene0630_05/00077.jpg",
      "transform_matrix": [
        [
          0.336495,
          0.483669,
          -0.807982,
          3.494082
        ],
        [
          0.940692,
          -0.212045,
          0.264831,
          2.317171
        ],
        [
          -0.043238,
          -0.849177,
          -0.526335,
          1.349137
        ],
        [
          0.0,
          0.0,
          0.0,
          1.0
        ]
      ]
    },
    {
      "file_path": "/media/NFS/ttao/scannet/posed_images/scene0630_05/00080.jpg",
      "transform_matrix": [
        [
          0.375446,
          0.479178,
          -0.793365,
          3.498416
        ],
        [
          0.926445,
          -0.219167,
          0.30605,
          2.319794
        ],
        [
          -0.027227,
          -0.849914,
          -0.526217,
          1.325958
        ],
        [
          0.0,
          0.0,
          0.0,
          1.0
        ]
      ]
    },
    {
      "file_path": "/media/NFS/ttao/scannet/posed_images/scene0630_05/00081.jpg",
      "transform_matrix": [
        [
          0.39225,
          0.480114,
          -0.784621,
          3.49421
        ],
        [
          0.919651,
          -0.22282,
          0.32341,
          2.312506
        ],
        [
          -0.019556,
          -0.848435,
          -0.528938,
          1.322888
        ],
        [
          0.0,
          0.0,
          0.0,
          1.0
        ]
      ]
    },
    {
      "file_path": "/media/NFS/ttao/scannet/posed_images/scene0630_05/00083.jpg",
      "transform_matrix": [
        [
          0.425564,
          0.482204,
          -0.765751,
          3.489596
        ],
        [
          0.904865,
          -0.23678,
          0.353772,
          2.297424
        ],
        [
          -0.010725,
          -0.843454,
          -0.537094,
          1.316958
        ],
        [
          0.0,
          0.0,
          0.0,
          1.0
        ]
      ]
    },
    {
      "file_path": "/media/NFS/ttao/scannet/posed_images/scene0630_05/00086.jpg",
      "transform_matrix": [
        [
          0.463121,
          0.485851,
          -0.741261,
          3.476323
        ],
        [
          0.885742,
          -0.283272,
          0.367722,
          2.274978
        ],
        [
          -0.03132,
          -0.826865,
          -0.561528,
          1.305286
        ],
        [
          0.0,
          0.0,
          0.0,
          1.0
        ]
      ]
    },
    {
      "file_path": "/media/NFS/ttao/scannet/posed_images/scene0630_05/00090.jpg",
      "transform_matrix": [
        [
          0.508524,
          0.495659,
          -0.704077,
          3.457694
        ],
        [
          0.859496,
          -0.341265,
          0.380531,
          2.252108
        ],
        [
          -0.051663,
          -0.798661,
          -0.599559,
          1.286145
        ],
        [
          0.0,
          0.0,
          0.0,
          1.0
        ]
      ]
    },
    {
      "file_path": "/media/NFS/ttao/scannet/posed_images/scene0630_05/00091.jpg",
      "transform_matrix": [
        [
          0.522077,
          0.494243,
          -0.695097,
          3.452369
        ],
        [
          0.851345,
          -0.351153,
          0.389748,
          2.252342
        ],
        [
          -0.051455,
          -0.795245,
          -0.604101,
          1.288276
        ],
        [
          0.0,
          0.0,
          0.0,
          1.0
        ]
      ]
    },
    {
      "file_path": "/media/NFS/ttao/scannet/posed_images/scene0630_05/00093.jpg",
      "transform_matrix": [
        [
          0.548039,
          0.486267,
          -0.680586,
          3.443521
        ],
        [
          0.835413,
          -0.358761,
          0.416385,
          2.248062
        ],
        [
          -0.041693,
          -0.796765,
          -0.602849,
          1.292103
        ],
        [
          0.0,
          0.0,
          0.0,
          1.0
        ]
      ]
    },
    {
      "file_path": "/media/NFS/ttao/scannet/posed_images/scene0630_05/00095.jpg",
      "transform_matrix": [
        [
          0.568339,
          0.476644,
          -0.670673,
          3.436804
        ],
        [
          0.822369,
          -0.355285,
          0.444389,
          2.246023
        ],
        [
          -0.026465,
          -0.804104,
          -0.593899,
          1.297372
        ],
        [
          0.0,
          0.0,
          0.0,
          1.0
        ]
      ]
    },
    {
      "file_path": "/media/NFS/ttao/scannet/posed_images/scene0630_05/00099.jpg",
      "transform_matrix": [
        [
          0.618703,
          0.451714,
          -0.642775,
          3.424609
        ],
        [
          0.785613,
          -0.351246,
          0.509352,
          2.253692
        ],
        [
          0.004309,
          -0.82011,
          -0.572189,
          1.315595
        ],
        [
          0.0,
          0.0,
          0.0,
          1.0
        ]
      ]
    },
    {
      "file_path": "/media/NFS/ttao/scannet/posed_images/scene0630_05/00102.jpg",
      "transform_matrix": [
        [
          0.646996,
          0.428873,
          -0.630448,
          3.421175
        ],
        [
          0.762316,
          -0.345987,
          0.546962,
          2.27892
        ],
        [
          0.016451,
          -0.834482,
          -0.550789,
          1.325129
        ],
        [
          0.0,
          0.0,
          0.0,
          1.0
        ]
      ]
    },
    {
      "file_path": "/media/NFS/ttao/scannet/posed_images/scene0630_05/00103.jpg",
      "transform_matrix": [
        [
          0.661193,
          0.41988,
          -0.621711,
          3.418236
        ],
        [
          0.749953,
          -0.347997,
          0.562555,
          2.285217
        ],
        [
          0.019852,
          -0.838211,
          -0.544984,
          1.329897
        ],
        [
          0.0,
          0.0,
          0.0,
          1.0
        ]
      ]
    },
    {
      "file_path": "/media/NFS/ttao/scannet/posed_images/scene0630_05/00107.jpg",
      "transform_matrix": [
        [
          0.72001,
          0.364965,
          -0.590242,
          3.401435
        ],
        [
          0.693862,
          -0.364057,
          0.621304,
          2.308499
        ],
        [
          0.011872,
          -0.856892,
          -0.51536,
          1.345454
        ],
        [
          0.0,
          0.0,
          0.0,
          1.0
        ]
      ]
    },
    {
      "file_path": "/media/NFS/ttao/scannet/posed_images/scene0630_05/00108.jpg",
      "transform_matrix": [
        [
          0.732779,
          0.351315,
          -0.582763,
          3.395635
        ],
        [
          0.680442,
          -0.370992,
          0.631952,
          2.314133
        ],
        [
          0.005814,
          -0.859618,
          -0.510905,
          1.349198
        ],
        [
          0.0,
          0.0,
          0.0,
          1.0
        ]
      ]
    },
    {
      "file_path": "/media/NFS/ttao/scannet/posed_images/scene0630_05/00112.jpg",
      "transform_matrix": [
        [
          0.784399,
          0.280634,
          -0.55314,
          3.354253
        ],
        [
          0.619971,
          -0.381802,
          0.685466,
          2.327401
        ],
        [
          -0.018825,
          -0.880609,
          -0.47347,
          1.355587
        ],
        [
          0.0,
          0.0,
          0.0,
          1.0
        ]
      ]
    },
    {
      "file_path": "/media/NFS/ttao/scannet/posed_images/scene0630_05/00113.jpg",
      "transform_matrix": [
        [
          0.794123,
          0.269681,
          -0.544648,
          3.347843
        ],
        [
          0.607218,
          -0.389823,
          0.692333,
          2.335112
        ],
        [
          -0.025607,
          -0.880517,
          -0.473323,
          1.360857
        ],
        [
          0.0,
          0.0,
          0.0,
          1.0
        ]
      ]
    },
    {
      "file_path": "/media/NFS/ttao/scannet/posed_images/scene0630_05/00117.jpg",
      "transform_matrix": [
        [
          0.824928,
          0.21853,
          -0.521285,
          3.325133
        ],
        [
          0.563798,
          -0.383904,
          0.731266,
          2.355389
        ],
        [
          -0.04032,
          -0.897141,
          -0.4399,
          1.376659
        ],
        [
          0.0,
          0.0,
          0.0,
          1.0
        ]
      ]
    },
    {
      "file_path": "/media/NFS/ttao/scannet/posed_images/scene0630_05/00119.jpg",
      "transform_matrix": [
        [
          0.844088,
          0.20887,
          -0.493851,
          3.313663
        ],
        [
          0.535094,
          -0.387374,
          0.750744,
          2.361605
        ],
        [
          -0.034497,
          -0.89795,
          -0.438743,
          1.379684
        ],
        [
          0.0,
          0.0,
          0.0,
          1.0
        ]
      ]
    },
    {
      "file_path": "/media/NFS/ttao/scannet/posed_images/scene0630_05/00120.jpg",
      "transform_matrix": [
        [
          0.847918,
          0.210937,
          -0.486355,
          3.310415
        ],
        [
          0.5294,
          -0.384993,
          0.755987,
          2.37021
        ],
        [
          -0.027777,
          -0.898491,
          -0.438112,
          1.380515
        ],
        [
          0.0,
          0.0,
          0.0,
          1.0
        ]
      ]
    },
    {
      "file_path": "/media/NFS/ttao/scannet/posed_images/scene0630_05/00124.jpg",
      "transform_matrix": [
        [
          0.883814,
          0.192177,
          -0.426544,
          3.289737
        ],
        [
          0.467792,
          -0.375827,
          0.799953,
          2.374655
        ],
        [
          -0.006574,
          -0.906544,
          -0.42206,
          1.381373
        ],
        [
          0.0,
          0.0,
          0.0,
          1.0
        ]
      ]
    },
    {
      "file_path": "/media/NFS/ttao/scannet/posed_images/scene0630_05/00126.jpg",
      "transform_matrix": [
        [
          0.90531,
          0.176416,
          -0.386382,
          3.278666
        ],
        [
          0.424738,
          -0.38303,
          0.820296,
          2.376878
        ],
        [
          -0.003283,
          -0.906733,
          -0.421691,
          1.381537
        ],
        [
          0.0,
          0.0,
          0.0,
          1.0
        ]
      ]
    },
    {
      "file_path": "/media/NFS/ttao/scannet/posed_images/scene0630_05/00127.jpg",
      "transform_matrix": [
        [
          0.915463,
          0.164735,
          -0.367138,
          3.273111
        ],
        [
          0.40237,
          -0.386453,
          0.829911,
          2.375652
        ],
        [
          -0.005166,
          -0.907478,
          -0.420068,
          1.381698
        ],
        [
          0.0,
          0.0,
          0.0,
          1.0
        ]
      ]
    },
    {
      "file_path": "/media/NFS/ttao/scannet/posed_images/scene0630_05/00131.jpg",
      "transform_matrix": [
        [
          0.957143,
          0.108978,
          -0.268329,
          3.262169
        ],
        [
          0.289408,
          -0.394841,
          0.871977,
          2.375395
        ],
        [
          -0.010921,
          -0.912264,
          -0.409458,
          1.385418
        ],
        [
          0.0,
          0.0,
          0.0,
          1.0
        ]
      ]
    },
    {
      "file_path": "/media/NFS/ttao/scannet/posed_images/scene0630_05/00134.jpg",
      "transform_matrix": [
        [
          0.98112,
          0.06797,
          -0.181062,
          3.25578
        ],
        [
          0.192926,
          -0.409442,
          0.891705,
          2.363802
        ],
        [
          -0.013525,
          -0.909801,
          -0.414825,
          1.381347
        ],
        [
          0.0,
          0.0,
          0.0,
          1.0
        ]
      ]
    },
    {
      "file_path": "/media/NFS/ttao/scannet/posed_images/scene0630_05/00135.jpg",
      "transform_matrix": [
        [
          0.986021,
          0.058819,
          -0.155895,
          3.253687
        ],
        [
          0.166194,
          -0.414148,
          0.894908,
          2.358701
        ],
        [
          -0.011926,
          -0.908307,
          -0.418134,
          1.378053
        ],
        [
          0.0,
          0.0,
          0.0,
          1.0
        ]
      ]
    },
    {
      "file_path": "/media/NFS/ttao/scannet/posed_images/scene0630_05/00137.jpg",
      "transform_matrix": [
        [
          0.993935,
          0.043382,
          -0.101051,
          3.247646
        ],
        [
          0.1099,
          -0.424621,
          0.898677,
          2.351254
        ],
        [
          -0.003922,
          -0.904331,
          -0.426813,
          1.375176
        ],
        [
          0.0,
          0.0,
          0.0,
          1.0
        ]
      ]
    },
    {
      "file_path": "/media/NFS/ttao/scannet/posed_images/scene0630_05/00140.jpg",
      "transform_matrix": [
        [
          0.999709,
          0.021554,
          -0.010783,
          3.208916
        ],
        [
          0.019195,
          -0.441587,
          0.897013,
          2.341095
        ],
        [
          0.014572,
          -0.896959,
          -0.441873,
          1.363341
        ],
        [
          0.0,
          0.0,
          0.0,
          1.0
        ]
      ]
    },
    {
      "file_path": "/media/NFS/ttao/scannet/posed_images/scene0630_05/00144.jpg",
      "transform_matrix": [
        [
          0.997591,
          0.0045,
          0.069222,
          3.214538
        ],
        [
          -0.058361,
          -0.484953,
          0.872591,
          2.3369
        ],
        [
          0.037496,
          -0.874529,
          -0.483522,
          1.345795
        ],
        [
          0.0,
          0.0,
          0.0,
          1.0
        ]
      ]
    },
    {
      "file_path": "/media/NFS/ttao/scannet/posed_images/scene0630_05/00145.jpg",
      "transform_matrix": [
        [
          0.996155,
          -0.00194,
          0.087591,
          3.217933
        ],
        [
          -0.077313,
          -0.489775,
          0.868414,
          2.336437
        ],
        [
          0.041215,
          -0.871847,
          -0.488042,
          1.342779
        ],
        [
          0.0,
          0.0,
          0.0,
          1.0
        ]
      ]
    },
    {
      "file_path": "/media/NFS/ttao/scannet/posed_images/scene0630_05/00147.jpg",
      "transform_matrix": [
        [
          0.992046,
          -0.01884,
          0.124457,
          3.23096
        ],
        [
          -0.117357,
          -0.49596,
          0.860378,
          2.332843
        ],
        [
          0.045517,
          -0.868141,
          -0.494226,
          1.334919
        ],
        [
          0.0,
          0.0,
          0.0,
          1.0
        ]
      ]
    },
    {
      "file_path": "/media/NFS/ttao/scannet/posed_images/scene0630_05/00151.jpg",
      "transform_matrix": [
        [
          0.975631,
          -0.080858,
          0.203975,
          3.270001
        ],
        [
          -0.216038,
          -0.516525,
          0.828571,
          2.326918
        ],
        [
          0.038362,
          -0.852446,
          -0.521406,
          1.323153
        ],
        [
          0.0,
          0.0,
          0.0,
          1.0
        ]
      ]
    },
    {
      "file_path": "/media/NFS/ttao/scannet/posed_images/scene0630_05/00152.jpg",
      "transform_matrix": [
        [
          0.970637,
          -0.098294,
          0.219549,
          3.282288
        ],
        [
          -0.238308,
          -0.517222,
          0.822004,
          2.325167
        ],
        [
          0.032758,
          -0.850188,
          -0.525459,
          1.321374
        ],
        [
          0.0,
          0.0,
          0.0,
          1.0
        ]
      ]
    },
    {
      "file_path": "/media/NFS/ttao/scannet/posed_images/scene0630_05/00154.jpg",
      "transform_matrix": [
        [
          0.960127,
          -0.128607,
          0.248227,
          3.306452
        ],
        [
          -0.278538,
          -0.516083,
          0.809984,
          2.319132
        ],
        [
          0.023936,
          -0.846829,
          -0.531327,
          1.315033
        ],
        [
          0.0,
          0.0,
          0.0,
          1.0
        ]
      ]
    },
    {
      "file_path": "/media/NFS/ttao/scannet/posed_images/scene0630_05/00157.jpg",
      "transform_matrix": [
        [
          0.944279,
          -0.167376,
          0.283411,
          3.340318
        ],
        [
          -0.32867,
          -0.525751,
          0.784577,
          2.309782
        ],
        [
          0.017684,
          -0.834009,
          -0.551468,
          1.300625
        ],
        [
          0.0,
          0.0,
          0.0,
          1.0
        ]
      ]
    },
    {
      "file_path": "/media/NFS/ttao/scannet/posed_images/scene0630_05/00160.jpg",
      "transform_matrix": [
        [
          0.927385,
          -0.224927,
          0.298939,
          3.384037
        ],
        [
          -0.374108,
          -0.558108,
          0.740648,
          2.30765
        ],
        [
          0.000248,
          -0.798701,
          -0.601728,
          1.29664
        ],
        [
          0.0,
          0.0,
          0.0,
          1.0
        ]
      ]
    },
    {
      "file_path": "/media/NFS/ttao/scannet/posed_images/scene0630_05/00162.jpg",
      "transform_matrix": [
        [
          0.91574,
          -0.258405,
          0.307649,
          3.410566
        ],
        [
          -0.401664,
          -0.571064,
          0.715928,
          2.298651
        ],
        [
          -0.009312,
          -0.779175,
          -0.626738,
          1.281749
        ],
        [
          0.0,
          0.0,
          0.0,
          1.0
        ]
      ]
    },
    {
      "file_path": "/media/NFS/ttao/scannet/posed_images/scene0630_05/00164.jpg",
      "transform_matrix": [
        [
          0.903074,
          -0.288655,
          0.318019,
          3.430133
        ],
        [
          -0.429267,
          -0.582998,
          0.689815,
          2.29211
        ],
        [
          -0.013714,
          -0.759468,
          -0.6504,
          1.269146
        ],
        [
          0.0,
          0.0,
          0.0,
          1.0
        ]
      ]
    },
    {
      "file_path": "/media/NFS/ttao/scannet/posed_images/scene0630_05/00167.jpg",
      "transform_matrix": [
        [
          0.886016,
          -0.325196,
          0.330488,
          3.466146
        ],
        [
          -0.46334,
          -0.594799,
          0.656909,
          2.277707
        ],
        [
          -0.01705,
          -0.735161,
          -0.677678,
          1.251923
        ],
        [
          0.0,
          0.0,
          0.0,
          1.0
        ]
      ]
    },
    {
      "file_path": "/media/NFS/ttao/scannet/posed_images/scene0630_05/00170.jpg",
      "transform_matrix": [
        [
          0.852252,
          -0.377263,
          0.362408,
          3.493251
        ],
        [
          -0.52284,
          -0.591139,
          0.614161,
          2.272502
        ],
        [
          -0.017467,
          -0.712901,
          -0.701047,
          1.244129
        ],
        [
          0.0,
          0.0,
          0.0,
          1.0
        ]
      ]
    },
    {
      "file_path": "/media/NFS/ttao/scannet/posed_images/scene0630_05/00172.jpg",
      "transform_matrix": [
        [
          0.849777,
          -0.383092,
          0.362103,
          3.543494
        ],
        [
          -0.526855,
          -0.594547,
          0.607402,
          2.255905
        ],
        [
          -0.017404,
          -0.706933,
          -0.707067,
          1.244456
        ],
        [
          0.0,
          0.0,
          0.0,
          1.0
        ]
      ]
    },
    {
      "file_path": "/media/NFS/ttao/scannet/posed_images/scene0630_05/00176.jpg",
      "transform_matrix": [
        [
          0.792013,
          -0.440673,
          0.422519,
          3.58328
        ],
        [
          -0.610156,
          -0.547991,
          0.572202,
          2.242644
        ],
        [
          -0.020617,
          -0.710994,
          -0.702896,
          1.242139
        ],
        [
          0.0,
          0.0,
          0.0,
          1.0
        ]
      ]
    },
    {
      "file_path": "/media/NFS/ttao/scannet/posed_images/scene0630_05/00177.jpg",
      "transform_matrix": [
        [
          0.775722,
          -0.453729,
          0.438616,
          3.591517
        ],
        [
          -0.630746,
          -0.535035,
          0.562046,
          2.241161
        ],
        [
          -0.020342,
          -0.712648,
          -0.701227,
          1.242573
        ],
        [
          0.0,
          0.0,
          0.0,
          1.0
        ]
      ]
    },
    {
      "file_path": "/media/NFS/ttao/scannet/posed_images/scene0630_05/00181.jpg",
      "transform_matrix": [
        [
          0.654431,
          -0.514329,
          0.554244,
          3.571528
        ],
        [
          -0.755998,
          -0.458388,
          0.467277,
          2.259817
        ],
        [
          0.013724,
          -0.724808,
          -0.688814,
          1.238099
        ],
        [
          0.0,
          0.0,
          0.0,
          1.0
        ]
      ]
    },
    {
      "file_path": "/media/NFS/ttao/scannet/posed_images/scene0630_05/00183.jpg",
      "transform_matrix": [
        [
          0.593278,
          -0.549911,
          0.587894,
          3.58967
        ],
        [
          -0.804855,
          -0.418976,
          0.420319,
          2.267969
        ],
        [
          0.015175,
          -0.722535,
          -0.691167,
          1.23388
        ],
        [
          0.0,
          0.0,
          0.0,
          1.0
        ]
      ]
    },
    {
      "file_path": "/media/NFS/ttao/scannet/posed_images/scene0630_05/00185.jpg",
      "transform_matrix": [
        [
          0.552255,
          -0.572139,
          0.606359,
          3.602221
        ],
        [
          -0.833521,
          -0.392934,
          0.38839,
          2.278144
        ],
        [
          0.016046,
          -0.719903,
          -0.693889,
          1.23189
        ],
        [
          0.0,
          0.0,
          0.0,
          1.0
        ]
      ]
    },
    {
      "file_path": "/media/NFS/ttao/scannet/posed_images/scene0630_05/00186.jpg",
      "transform_matrix": [
        [
          0.535882,
          -0.581294,
          0.612314,
          3.608171
        ],
        [
          -0.844157,
          -0.381954,
          0.37618,
          2.281237
        ],
        [
          0.015204,
          -0.718476,
          -0.695385,
          1.231678
        ],
        [
          0.0,
          0.0,
          0.0,
          1.0
        ]
      ]
    },
    {
      "file_path": "/media/NFS/ttao/scannet/posed_images/scene0630_05/00190.jpg",
      "transform_matrix": [
        [
          0.457742,
          -0.603734,
          0.65267,
          3.625605
        ],
        [
          -0.888662,
          -0.333324,
          0.314921,
          2.309613
        ],
        [
          0.027422,
          -0.724155,
          -0.689092,
