{
  "frames": [
    {
      "file_path": "/media/NFS/ttao/scannet/posed_images/scene0135_00/00002.jpg",
      "transform_matrix": [
        [
          -0.956401,
          -0.093459,
          0.276701,
          1.215449
        ],
        [
          -0.291436,
          0.243606,
          -0.925052,
          4.887503
        ],
        [
          0.019048,
          -0.965361,
          -0.260222,
          1.555227
        ],
        [
          0.0,
          0.0,
          0.0,
          1.0
        ]
      ]
    },
    {
      "file_path": "/media/NFS/ttao/scannet/posed_images/scene0135_00/00004.jpg",
      "transform_matrix": [
        [
          -0.953183,
          -0.088424,
          0.289177,
          1.211269
        ],
        [
          -0.302167,
          0.24151,
          -0.922154,
          4.890959
        ],
        [
          0.011701,
          -0.966361,
          -0.256923,
          1.556685
        ],
        [
          0.0,
          0.0,
          0.0,
          1.0
        ]
      ]
    },
    {
      "file_path": "/media/NFS/ttao/scannet/posed_images/scene0135_00/00010.jpg",
      "transform_matrix": [
        [
          -0.941508,
          -0.074836,
          0.328577,
          1.206358
        ],
        [
          -0.336988,
          0.205286,
          -0.918856,
          4.903754
        ],
        [
          0.001311,
          -0.975837,
          -0.218497,
          1.569487
        ],
        [
          0.0,
          0.0,
          0.0,
          1.0
        ]
      ]
    },
    {
      "file_path": "/media/NFS/ttao/scannet/posed_images/scene0135_00/00013.jpg",
      "transform_matrix": [
        [
          -0.934149,
          -0.072036,
          0.349538,
          1.201813
        ],
        [
          -0.356853,
          0.175822,
          -0.917465,
          4.91175
        ],
        [
          0.004634,
          -0.981783,
          -0.18995,
          1.581293
        ],
        [
          0.0,
          0.0,
          0.0,
          1.0
        ]
      ]
    },
    {
      "file_path": "/media/NFS/ttao/scannet/posed_images/scene0135_00/00018.jpg",
      "transform_matrix": [
        [
          -0.927819,
          -0.065104,
          0.367305,
          1.198294
        ],
        [
          -0.372837,
          0.130216,
          -0.918715,
          4.922251
        ],
        [
          0.011983,
          -0.989346,
          -0.14509,
          1.595723
        ],
        [
          0.0,
          0.0,
          0.0,
          1.0
        ]
      ]
    },
    {
      "file_path": "/media/NFS/ttao/scannet/posed_images/scene0135_00/00020.jpg",
      "transform_matrix": [
        [
          -0.926364,
          -0.055561,
          0.372509,
          1.196525
        ],
        [
          -0.376569,
          0.118943,
          -0.918721,
          4.923565
        ],
        [
          0.006738,
          -0.991345,
          -0.131107,
          1.609991
        ],
        [
          0.0,
          0.0,
          0.0,
          1.0
        ]
      ]
    },
    {
      "file_path": "/media/NFS/ttao/scannet/posed_images/scene0135_00/00026.jpg",
      "transform_matrix": [
        [
          -0.91951,
          -0.026903,
          0.392144,
          1.194167
        ],
        [
          -0.392934,
          0.088829,
          -0.915266,
          4.931922
        ],
        [
          -0.01021,
          -0.995684,
          -0.09225,
          1.62931
        ],
        [
          0.0,
          0.0,
          0.0,
          1.0
        ]
      ]
    },
    {
      "file_path": "/media/NFS/ttao/scannet/posed_images/scene0135_00/00028.jpg",
      "transform_matrix": [
        [
          -0.918456,
          -0.027095,
          0.394594,
          1.195099
        ],
        [
          -0.395458,
          0.080885,
          -0.914915,
          4.933949
        ],
        [
          -0.007127,
          -0.996355,
          -0.085005,
          1.633742
        ],
        [
          0.0,
          0.0,
          0.0,
          1.0
        ]
      ]
    },
    {
      "file_path": "/media/NFS/ttao/scannet/posed_images/scene0135_00/00033.jpg",
      "transform_matrix": [
        [
          -0.916797,
          -0.029685,
          0.39825,
          1.196822
        ],
        [
          -0.399335,
          0.058391,
          -0.914944,
          4.93794
        ],
        [
          0.003906,
          -0.997853,
          -0.065387,
          1.640771
        ],
        [
          0.0,
          0.0,
          0.0,
          1.0
        ]
      ]
    },
    {
      "file_path": "/media/NFS/ttao/scannet/posed_images/scene0135_00/00037.jpg",
      "transform_matrix": [
        [
          -0.919395,
          -0.031528,
          0.39207,
          1.199324
        ],
        [
          -0.393221,
          0.049609,
          -0.918105,
          4.936985
        ],
        [
          0.009496,
          -0.998271,
          -0.058008,
          1.645152
        ],
        [
          0.0,
          0.0,
          0.0,
          1.0
        ]
      ]
    },
    {
      "file_path": "/media/NFS/ttao/scannet/posed_images/scene0135_00/00042.jpg",
      "transform_matrix": [
        [
          -0.925479,
          -0.048325,
          0.375704,
          1.212565
        ],
        [
          -0.377668,
          0.041107,
          -0.925028,
          4.930595
        ],
        [
          0.029258,
          -0.997986,
          -0.056295,
          1.642232
        ],
        [
          0.0,
          0.0,
          0.0,
          1.0
        ]
      ]
    },
    {
      "file_path": "/media/NFS/ttao/scannet/posed_images/scene0135_00/00043.jpg",
      "transform_matrix": [
        [
          -0.92572,
          -0.047247,
          0.375248,
          1.21483
        ],
        [
          -0.377139,
          0.040697,
          -0.925262,
          4.928189
        ],
        [
          0.028445,
          -0.998054,
          -0.055493,
          1.642227
        ],
        [
          0.0,
          0.0,
          0.0,
          1.0
        ]
      ]
    },
    {
      "file_path": "/media/NFS/ttao/scannet/posed_images/scene0135_00/00047.jpg",
      "transform_matrix": [
        [
          -0.923174,
          -0.038249,
          0.382475,
          1.221389
        ],
        [
          -0.383592,
          0.027856,
          -0.923083,
          4.916834
        ],
        [
          0.024653,
          -0.99888,
          -0.040387,
          1.646815
        ],
        [
          0.0,
          0.0,
          0.0,
          1.0
        ]
      ]
    },
    {
      "file_path": "/media/NFS/ttao/scannet/posed_images/scene0135_00/00054.jpg",
      "transform_matrix": [
        [
          -0.948182,
          -0.033737,
          0.315932,
          1.248162
        ],
        [
          -0.315843,
          -0.008078,
          -0.948777,
          4.874409
        ],
        [
          0.034561,
          -0.999398,
          -0.002996,
          1.662403
        ],
        [
          0.0,
          0.0,
          0.0,
          1.0
        ]
      ]
    },
    {
      "file_path": "/media/NFS/ttao/scannet/posed_images/scene0135_00/00055.jpg",
      "transform_matrix": [
        [
          -0.951231,
          -0.031507,
          0.306867,
          1.252512
        ],
        [
          -0.306799,
          -0.007086,
          -0.951748,
          4.86771
        ],
        [
          0.032161,
          -0.999479,
          -0.002926,
          1.659866
        ],
        [
          0.0,
          0.0,
          0.0,
          1.0
        ]
      ]
    },
    {
      "file_path": "/media/NFS/ttao/scannet/posed_images/scene0135_00/00063.jpg",
      "transform_matrix": [
        [
          -0.985692,
          -0.036069,
          0.164651,
          1.291607
        ],
        [
          -0.163819,
          -0.024934,
          -0.986175,
          4.810513
        ],
        [
          0.039675,
          -0.999038,
          0.018669,
          1.658321
        ],
        [
          0.0,
          0.0,
          0.0,
          1.0
        ]
      ]
    },
    {
      "file_path": "/media/NFS/ttao/scannet/posed_images/scene0135_00/00064.jpg",
      "transform_matrix": [
        [
          -0.988773,
          -0.035622,
          0.145115,
          1.295901
        ],
        [
          -0.144165,
          -0.027939,
          -0.989159,
          4.80284
        ],
        [
          0.03929,
          -0.998975,
          0.02249,
          1.657647
        ],
        [
          0.0,
          0.0,
          0.0,
          1.0
        ]
      ]
    },
    {
      "file_path": "/media/NFS/ttao/scannet/posed_images/scene0135_00/00070.jpg",
      "transform_matrix": [
        [
          -0.998682,
          -0.045634,
          0.023498,
          1.322554
        ],
        [
          -0.021531,
          -0.043124,
          -0.998838,
          4.762445
        ],
        [
          0.046594,
          -0.998027,
          0.042085,
          1.66124
        ],
        [
          0.0,
          0.0,
          0.0,
          1.0
        ]
      ]
    },
    {
      "file_path": "/media/NFS/ttao/scannet/posed_images/scene0135_00/00071.jpg",
      "transform_matrix": [
        [
          -0.998753,
          -0.049717,
          0.004472,
          1.324377
        ],
        [
          -0.002293,
          -0.043802,
          -0.999038,
          4.756198
        ],
        [
          0.049865,
          -0.997802,
          0.043634,
          1.658785
        ],
        [
          0.0,
          0.0,
          0.0,
          1.0
        ]
      ]
    },
    {
      "file_path": "/media/NFS/ttao/scannet/posed_images/scene0135_00/00078.jpg",
      "transform_matrix": [
        [
          -0.989571,
          -0.061733,
          -0.130145,
          1.326996
        ],
        [
          0.132535,
          -0.036329,
          -0.990512,
          4.706863
        ],
        [
          0.056419,
          -0.997431,
          0.044132,
          1.645088
        ],
        [
          0.0,
          0.0,
          0.0,
          1.0
        ]
      ]
    },
    {
      "file_path": "/media/NFS/ttao/scannet/posed_images/scene0135_00/00079.jpg",
      "transform_matrix": [
        [
          -0.987454,
          -0.061824,
          -0.145301,
          1.324971
        ],
        [
          0.147729,
          -0.03668,
          -0.988347,
          4.699532
        ],
        [
          0.055774,
          -0.997413,
          0.045353,
          1.644394
        ],
        [
          0.0,
          0.0,
          0.0,
          1.0
        ]
      ]
    },
    {
      "file_path": "/media/NFS/ttao/scannet/posed_images/scene0135_00/00087.jpg",
      "transform_matrix": [
        [
          -0.957644,
          -0.114811,
          -0.264076,
          1.272659
        ],
        [
          0.270056,
          -0.03981,
          -0.962021,
          4.624103
        ],
        [
          0.099938,
          -0.992589,
          0.069129,
          1.628786
        ],
        [
          0.0,
          0.0,
          0.0,
          1.0
        ]
      ]
    },
    {
      "file_path": "/media/NFS/ttao/scannet/posed_images/scene0135_00/00088.jpg",
      "transform_matrix": [
        [
          -0.952451,
          -0.11861,
          -0.280658,
          1.268141
        ],
        [
          0.287003,
          -0.039955,
          -0.957096,
          4.614101
        ],
        [
          0.102308,
          -0.992137,
          0.072097,
          1.627969
        ],
        [
          0.0,
          0.0,
          0.0,
          1.0
        ]
      ]
    },
    {
      "file_path": "/media/NFS/ttao/scannet/posed_images/scene0135_00/00093.jpg",
      "transform_matrix": [
        [
          -0.931275,
          -0.092004,
          -0.352508,
          1.239221
        ],
        [
          0.35859,
          -0.060595,
          -0.931526,
          4.564866
        ],
        [
          0.064344,
          -0.993913,
          0.089422,
          1.639958
        ],
        [
          0.0,
          0.0,
          0.0,
          1.0
        ]
      ]
    },
    {
      "file_path": "/media/NFS/ttao/scannet/posed_images/scene0135_00/00096.jpg",
      "transform_matrix": [
        [
          -0.918187,
          -0.099598,
          -0.383422,
          1.22609
        ],
        [
          0.390522,
          -0.065042,
          -0.918293,
          4.53811
        ],
        [
          0.066522,
          -0.9929,
          0.098616,
          1.641153
        ],
        [
          0.0,
          0.0,
          0.0,
          1.0
        ]
      ]
    },
    {
      "file_path": "/media/NFS/ttao/scannet/posed_images/scene0135_00/00100.jpg",
      "transform_matrix": [
        [
          -0.886245,
          -0.110286,
          -0.449897,
          1.224251
        ],
        [
          0.457887,
          -0.061662,
          -0.886869,
          4.503489
        ],
        [
          0.070067,
          -0.991985,
          0.105146,
          1.649436
        ],
        [
          0.0,
          0.0,
          0.0,
          1.0
        ]
      ]
    },
    {
      "file_path": "/media/NFS/ttao/scannet/posed_images/scene0135_00/00106.jpg",
      "transform_matrix": [
        [
          -0.851686,
          -0.110944,
          -0.512175,
          1.197179
        ],
        [
          0.522099,
          -0.095314,
          -0.847542,
          4.470093
        ],
        [
          0.045212,
          -0.989246,
          0.139101,
          1.654825
        ],
        [
          0.0,
          0.0,
          0.0,
          1.0
        ]
      ]
    },
    {
      "file_path": "/media/NFS/ttao/scannet/posed_images/scene0135_00/00111.jpg",
      "transform_matrix": [
        [
          -0.794694,
          -0.113276,
          -0.596347,
          1.200153
        ],
        [
          0.606217,
          -0.097893,
          -0.789252,
          4.427942
        ],
        [
          0.031025,
          -0.988729,
          0.146465,
          1.662567
        ],
        [
          0.0,
          0.0,
          0.0,
          1.0
        ]
      ]
    },
    {
      "file_path": "/media/NFS/ttao/scannet/posed_images/scene0135_00/00112.jpg",
      "transform_matrix": [
        [
          -0.784546,
          -0.114208,
          -0.609462,
          1.19753
        ],
        [
          0.619338,
          -0.096557,
          -0.779165,
          4.421176
        ],
        [
          0.030139,
          -0.988753,
          0.146487,
          1.663034
        ],
        [
          0.0,
          0.0,
          0.0,
          1.0
        ]
      ]
    },
    {
      "file_path": "/media/NFS/ttao/scannet/posed_images/scene0135_00/00118.jpg",
      "transform_matrix": [
        [
          -0.715003,
          -0.094095,
          -0.69276,
          1.185206
        ],
        [
          0.698421,
          -0.051792,
          -0.71381,
          4.381653
        ],
        [
          0.031287,
          -0.994215,
          0.10275,
          1.662226
        ],
        [
          0.0,
          0.0,
          0.0,
          1.0
        ]
      ]
    },
    {
      "file_path": "/media/NFS/ttao/scannet/posed_images/scene0135_00/00122.jpg",
      "transform_matrix": [
        [
          -0.67017,
          -0.058971,
          -0.739861,
          1.188353
        ],
        [
          0.741835,
          -0.021632,
          -0.670233,
          4.356945
        ],
        [
          0.023519,
          -0.998025,
          0.058244,
          1.670539
        ],
        [
          0.0,
          0.0,
          0.0,
          1.0
        ]
      ]
    },
    {
      "file_path": "/media/NFS/ttao/scannet/posed_images/scene0135_00/00124.jpg",
      "transform_matrix": [
        [
          -0.65548,
          -0.049236,
          -0.753605,
          1.187037
        ],
        [
          0.754834,
          -0.011133,
          -0.655821,
          4.348865
        ],
        [
          0.0239,
          -0.998725,
          0.044462,
          1.667036
        ],
        [
          0.0,
          0.0,
          0.0,
          1.0
        ]
      ]
    },
    {
      "file_path": "/media/NFS/ttao/scannet/posed_images/scene0135_00/00128.jpg",
      "transform_matrix": [
        [
          -0.615297,
          -0.02385,
          -0.787934,
          1.184195
        ],
        [
          0.787692,
          0.020498,
          -0.615728,
          4.332787
        ],
        [
          0.030837,
          -0.999506,
          0.006174,
          1.658601
        ],
        [
          0.0,
          0.0,
          0.0,
          1.0
        ]
      ]
    },
    {
      "file_path": "/media/NFS/ttao/scannet/posed_images/scene0135_00/00135.jpg",
      "transform_matrix": [
        [
          -0.565529,
          0.029968,
          -0.824184,
          1.18058
        ],
        [
          0.823811,
          0.067648,
          -0.562813,
          4.313505
        ],
        [
          0.038888,
          -0.997259,
          -0.062945,
          1.640143
        ],
        [
          0.0,
          0.0,
          0.0,
          1.0
        ]
      ]
    },
    {
      "file_path": "/media/NFS/ttao/scannet/posed_images/scene0135_00/00138.jpg",
      "transform_matrix": [
        [
          -0.559107,
          0.061719,
          -0.826795,
          1.17877
        ],
        [
          0.828141,
          0.089405,
          -0.553344,
          4.307646
        ],
        [
          0.039768,
          -0.994081,
          -0.101099,
          1.628047
        ],
        [
          0.0,
          0.0,
          0.0,
          1.0
        ]
      ]
    },
    {
      "file_path": "/media/NFS/ttao/scannet/posed_images/scene0135_00/00140.jpg",
      "transform_matrix": [
        [
          -0.559062,
          0.089832,
          -0.824245,
          1.176905
        ],
        [
          0.828142,
          0.108926,
          -0.549833,
          4.304885
        ],
        [
          0.040389,
          -0.989982,
          -0.135291,
          1.621136
        ],
        [
          0.0,
          0.0,
          0.0,
          1.0
        ]
      ]
    },
    {
      "file_path": "/media/NFS/ttao/scannet/posed_images/scene0135_00/00144.jpg",
      "transform_matrix": [
        [
          -0.546669,
          0.156031,
          -0.822683,
          1.171034
        ],
        [
          0.836715,
          0.140004,
          -0.52944,
          4.297387
        ],
        [
          0.03257,
          -0.97778,
          -0.20709,
          1.603431
        ],
        [
          0.0,
          0.0,
          0.0,
          1.0
        ]
      ]
    },
    {
      "file_path": "/media/NFS/ttao/scannet/posed_images/scene0135_00/00150.jpg",
      "transform_matrix": [
        [
          -0.524798,
          0.22709,
          -0.820377,
          1.169194
        ],
        [
          0.850937,
          0.165126,
          -0.498638,
          4.288994
        ],
        [
          0.02223,
          -0.959773,
          -0.279897,
          1.580625
        ],
        [
          0.0,
          0.0,
          0.0,
          1.0
        ]
      ]
    },
    {
      "file_path": "/media/NFS/ttao/scannet/posed_images/scene0135_00/00154.jpg",
      "transform_matrix": [
        [
          -0.511914,
          0.260148,
          -0.818698,
          1.170984
        ],
        [
          0.858852,
          0.174771,
          -0.481486,
          4.28633
        ],
        [
          0.017827,
          -0.94962,
          -0.312897,
          1.571764
        ],
        [
          0.0,
          0.0,
          0.0,
          1.0
        ]
      ]
    },
    {
      "file_path": "/media/NFS/ttao/scannet/posed_images/scene0135_00/00155.jpg",
      "transform_matrix": [
        [
          -0.509262,
          0.2701,
          -0.817128,
          1.171373
        ],
        [
          0.860478,
          0.176511,
          -0.477934,
          4.286294
        ],
        [
          0.015142,
          -0.946515,
          -0.322306,
          1.569676
        ],
        [
          0.0,
          0.0,
          0.0,
          1.0
        ]
      ]
    },
    {
      "file_path": "/media/NFS/ttao/scannet/posed_images/scene0135_00/00163.jpg",
      "transform_matrix": [
        [
          -0.486599,
          0.326195,
          -0.810444,
          1.174366
        ],
        [
          0.873476,
          0.198804,
          -0.444428,
          4.282893
        ],
        [
          0.01615,
          -0.924161,
          -0.381661,
          1.550928
        ],
        [
          0.0,
          0.0,
          0.0,
          1.0
        ]
      ]
    },
    {
      "file_path": "/media/NFS/ttao/scannet/posed_images/scene0135_00/00164.jpg",
      "transform_matrix": [
        [
          -0.487102,
          0.33134,
          -0.80805,
          1.175114
        ],
        [
          0.873187,
          0.202375,
          -0.443384,
          4.283352
        ],
        [
          0.016618,
          -0.921552,
          -0.387899,
          1.547804
        ],
        [
          0.0,
          0.0,
          0.0,
          1.0
        ]
      ]
    },
    {
      "file_path": "/media/NFS/ttao/scannet/posed_images/scene0135_00/00171.jpg",
      "transform_matrix": [
        [
          -0.518215,
          0.375457,
          -0.768431,
          1.166158
        ],
        [
          0.854623,
          0.261743,
          -0.448453,
          4.286501
        ],
        [
          0.032756,
          -0.889114,
          -0.456513,
          1.526243
        ],
        [
          0.0,
          0.0,
          0.0,
          1.0
        ]
      ]
    },
    {
      "file_path": "/media/NFS/ttao/scannet/posed_images/scene0135_00/00172.jpg",
      "transform_matrix": [
        [
          -0.519055,
          0.383812,
          -0.763721,
          1.164298
        ],
        [
          0.854113,
          0.267149,
          -0.446232,
          4.288326
        ],
        [
          0.032759,
          -0.883923,
          -0.466484,
          1.522434
        ],
        [
          0.0,
          0.0,
          0.0,
          1.0
        ]
      ]
    },
    {
      "file_path": "/media/NFS/ttao/scannet/posed_images/scene0135_00/00178.jpg",
      "transform_matrix": [
        [
          -0.518211,
          0.453145,
          -0.72534,
          1.153669
        ],
        [
          0.854878,
          0.299553,
          -0.423617,
          4.301323
        ],
        [
          0.025317,
          -0.8396,
          -0.542615,
          1.50026
        ],
        [
          0.0,
          0.0,
          0.0,
          1.0
        ]
      ]
    },
    {
      "file_path": "/media/NFS/ttao/scannet/posed_images/scene0135_00/00179.jpg",
      "transform_matrix": [
        [
          -0.517846,
          0.463581,
          -0.718977,
          1.152151
        ],
        [
          0.855044,
          0.30712,
          -0.417824,
          4.30289
        ],
        [
          0.027117,
          -0.831125,
          -0.555423,
          1.496261
        ],
        [
          0.0,
          0.0,
          0.0,
          1.0
        ]
      ]
    },
    {
      "file_path": "/media/NFS/ttao/scannet/posed_images/scene0135_00/00185.jpg",
      "transform_matrix": [
        [
          -0.500141,
          0.501331,
          -0.706064,
          1.143865
        ],
        [
          0.865026,
          0.326772,
          -0.380722,
          4.314468
        ],
        [
          0.039854,
          -0.801179,
          -0.597097,
          1.484421
        ],
        [
          0.0,
          0.0,
          0.0,
          1.0
        ]
      ]
    },
    {
      "file_path": "/media/NFS/ttao/scannet/posed_images/scene0135_00/00188.jpg",
      "transform_matrix": [
        [
          -0.506346,
          0.510678,
          -0.694853,
          1.144463
        ],
        [
          0.861393,
          0.337087,
          -0.379965,
          4.319582
        ],
        [
          0.040186,
          -0.790936,
          -0.610578,
          1.475776
        ],
        [
          0.0,
          0.0,
          0.0,
          1.0
        ]
      ]
    },
    {
      "file_path": "/media/NFS/ttao/scannet/posed_images/scene0135_00/00191.jpg",
      "transform_matrix": [
        [
          -0.521497,
          0.526383,
          -0.671537,
          1.14353
        ],
        [
          0.852433,
          0.355909,
          -0.382998,
          4.32116
        ],
        [
          0.037402,
          -0.772173,
          -0.634311,
          1.46675
        ],
        [
          0.0,
          0.0,
          0.0,
          1.0
        ]
      ]
    },
    {
      "file_path": "/media/NFS/ttao/scannet/posed_images/scene0135_00/00199.jpg",
      "transform_matrix": [
        [
          -0.552468,
          0.566266,
          -0.611655,
          1.153924
        ],
        [
          0.833291,
          0.392928,
          -0.388887,
          4.323895
        ],
        [
          0.020123,
          -0.724535,
          -0.688944,
          1.43078
        ],
        [
          0.0,
          0.0,
          0.0,
          1.0
        ]
      ]
    },
    {
      "file_path": "/media/NFS/ttao/scannet/posed_images/scene0135_00/00200.jpg",
      "transform_matrix": [
        [
          -0.554566,
          0.571346,
          -0.604996,
          1.15156
        ],
        [
          0.831839,
          0.400178,
          -0.38458,
          4.323852
        ],
        [
          0.022377,
          -0.716534,
          -0.697193,
          1.428237
        ],
        [
          0.0,
          0.0,
          0.0,
          1.0
        ]
      ]
    },
    {
      "file_path": "/media/NFS/ttao/scannet/posed_images/scene0135_00/00203.jpg",
      "transform_matrix": [
        [
          -0.554531,
          0.586302,
          -0.590547,
          1.154989
        ],
        [
          0.831852,
          0.409972,
          -0.374093,
          4.326706
        ],
        [
          0.022777,
          -0.698694,
          -0.715059,
          1.415512
        ],
        [
          0.0,
          0.0,
          0.0,
          1.0
        ]
      ]
    },
    {
      "file_path": "/media/NFS/ttao/scannet/posed_images/scene0135_00/00208.jpg",
      "transform_matrix": [
        [
          -0.56809,
          0.61105,
          -0.551263,
          1.165043
        ],
        [
          0.822632,
          0.440732,
          -0.35921,
          4.326242
        ],
        [
          0.023464,
          -0.657551,
          -0.753045,
          1.393516
        ],
        [
          0.0,
          0.0,
          0.0,
          1.0
        ]
      ]
    },
    {
      "file_path": "/media/NFS/ttao/scannet/posed_images/scene0135_00/00213.jpg",
      "transform_matrix": [
        [
          -0.590087,
          0.633286,
          -0.500745,
          1.178503
        ],
        [
          0.806247,
          0.494503,
          -0.324704,
          4.324202
        ],
        [
          0.04199,
          -0.595328,
          -0.802385,
          1.361431
        ],
        [
          0.0,
          0.0,
          0.0,
          1.0
        ]
      ]
    },
    {
      "file_path": "/media/NFS/ttao/scannet/posed_images/scene0135_00/00217.jpg",
      "transform_matrix": [
        [
          -0.607223,
          0.634758,
          -0.477873,
          1.189369
        ],
        [
          0.7926,
          0.525848,
          -0.308658,
          4.322627
        ],
        [
          0.055366,
          -0.566186,
          -0.822416,
          1.345798
        ],
        [
          0.0,
          0.0,
          0.0,
          1.0
        ]
      ]
    },
    {
      "file_path": "/media/NFS/ttao/scannet/posed_images/scene0135_00/00220.jpg",
      "transform_matrix": [
        [
          -0.622333,
          0.620663,
          -0.476947,
          1.199195
        ],
        [
          0.77894,
          0.551123,
          -0.299191,
          4.324953
        ],
        [
          0.07716,
          -0.55771,
          -0.826442,
          1.3305
        ],
        [
          0.0,
          0.0,
          0.0,
          1.0
        ]
      ]
    },
    {
      "file_path": "/media/NFS/ttao/scannet/posed_images/scene0135_00/00226.jpg",
      "transform_matrix": [
        [
          -0.642355,
          0.639067,
          -0.423052,
          1.211335
        ],
        [
          0.763047,
          0.584907,
          -0.275031,
          4.331252
        ],
        [
          0.071683,
          -0.499476,
          -0.863357,
          1.300429
        ],
        [
          0.0,
          0.0,
          0.0,
          1.0
        ]
      ]
    },
    {
      "file_path": "/media/NFS/ttao/scannet/posed_images/scene0135_00/00228.jpg",
      "transform_matrix": [
        [
          -0.652655,
          0.640275,
          -0.405079,
          1.215537
        ],
        [
          0.7547,
          0.596562,
          -0.273021,
          4.330718
        ],
        [
          0.066847,
          -0.483902,
          -0.872565,
          1.295076
        ],
        [
          0.0,
          0.0,
          0.0,
          1.0
        ]
      ]
    },
    {
      "file_path": "/media/NFS/ttao/scannet/posed_images/scene0135_00/00235.jpg",
      "transform_matrix": [
        [
          -0.695075,
          0.602859,
          -0.391704,
          1.233915
        ],
        [
          0.717482,
          0.616324,
          -0.324598,
          4.328579
        ],
        [
          0.04573,
          -0.506661,
          -0.860932,
          1.290949
        ],
        [
          0.0,
          0.0,
          0.0,
          1.0
        ]
      ]
    },
    {
      "file_path": "/media/NFS/ttao/scannet/posed_images/scene0135_00/00237.jpg",
      "transform_matrix": [
        [
          -0.695481,
          0.593833,
          -0.404559,
          1.239667
        ],
        [
          0.716873,
          0.61181,
          -0.334336,
          4.324563
        ],
        [
          0.048973,
          -0.522542,
          -0.851206,
          1.287483
        ],
        [
          0.0,
          0.0,
          0.0,
          1.0
        ]
      ]
    },
    {
      "file_path": "/media/NFS/ttao/scannet/posed_images/scene0135_00/00242.jpg",
      "transform_matrix": [
        [
          -0.682012,
          0.595528,
          -0.424507,
          1.252613
        ],
        [
          0.730738,
          0.578466,
          -0.362491,
          4.31514
        ],
        [
          0.029689,
          -0.557427,
          -0.829695,
          1.281555
        ],
        [
          0.0,
          0.0,
          0.0,
          1.0
        ]
      ]
    },
    {
      "file_path": "/media/NFS/ttao/scannet/posed_images/scene0135_00/00246.jpg",
      "transform_matrix": [
        [
          -0.67976,
          0.595624,
          -0.427971,
          1.259117
        ],
        [
          0.733297,
          0.563274,
          -0.380787,
          4.306464
        ],
        [
          0.014259,
          -0.572673,
          -0.81966,
          1.274027
        ],
        [
          0.0,
          0.0,
          0.0,
          1.0
        ]
      ]
    },
    {
      "file_path": "/media/NFS/ttao/scannet/posed_images/scene0135_00/00249.jpg",
      "transform_matrix": [
        [
          -0.678969,
          0.589961,
          -0.436974,
          1.255452
        ],
        [
          0.733925,
          0.560691,
          -0.383379,
          4.299113
        ],
        [
          0.018829,
          -0.581009,
          -0.81368,
          1.269794
        ],
        [
          0.0,
          0.0,
          0.0,
          1.0
        ]
      ]
    },
    {
      "file_path": "/media/NFS/ttao/scannet/posed_images/scene0135_00/00252.jpg",
      "transform_matrix": [
        [
          -0.686361,
          0.582095,
          -0.435975,
          1.241009
        ],
        [
          0.727142,
          0.560147,
          -0.396864,
          4.291473
        ],
        [
          0.013198,
          -0.589407,
          -0.807728,
          1.273249
        ],
        [
          0.0,
          0.0,
          0.0,
          1.0
        ]
      ]
    },
    {
      "file_path": "/media/NFS/ttao/scannet/posed_images/scene0135_00/00256.jpg",
      "transform_matrix": [
        [
          -0.700001,
          0.551552,
          -0.453639,
          1.214226
        ],
        [
          0.714012,
          0.55264,
          -0.429855,
          4.279445
        ],
        [
          0.013612,
          -0.624803,
          -0.780664,
          1.284913
        ],
        [
          0.0,
          0.0,
          0.0,
          1.0
        ]
      ]
    },
    {
      "file_path": "/media/NFS/ttao/scannet/posed_images/scene0135_00/00262.jpg",
      "transform_matrix": [
        [
          -0.733093,
          0.498154,
          -0.463052,
          1.170945
        ],
        [
          0.680108,
          0.542188,
          -0.493441,
          4.271961
        ],
        [
          0.005252,
          -0.676664,
          -0.736273,
          1.300354
        ],
        [
          0.0,
          0.0,
          0.0,
          1.0
        ]
      ]
    },
    {
      "file_path": "/media/NFS/ttao/scannet/posed_images/scene0135_00/00264.jpg",
      "transform_matrix": [
        [
          -0.742812,
          0.490157,
          -0.456044,
          1.155948
        ],
        [
          0.669495,
          0.540991,
          -0.509024,
          4.269393
        ],
        [
          -0.002785,
          -0.683428,
          -0.730013,
          1.302515
        ],
        [
          0.0,
          0.0,
          0.0,
          1.0
        ]
      ]
    },
    {
      "file_path": "/media/NFS/ttao/scannet/posed_images/scene0135_00/00268.jpg",
      "transform_matrix": [
        [
          -0.750378,
          0.477495,
          -0.45709,
          1.132491
        ],
        [
          0.660998,
          0.53817,
          -0.522928,
          4.260502
        ],
        [
          -0.003703,
          -0.69453,
          -0.719455,
          1.310066
        ],
        [
          0.0,
          0.0,
          0.0,
          1.0
        ]
      ]
    },
    {
      "file_path": "/media/NFS/ttao/scannet/posed_images/scene0135_00/00275.jpg",
      "transform_matrix": [
        [
          -0.760348,
          0.429919,
          -0.486867,
          1.094585
        ],
        [
          0.649282,
          0.523187,
          -0.552004,
          4.239615
        ],
        [
          0.017406,
          -0.73583,
          -0.676943,
          1.329996
        ],
        [
          0.0,
          0.0,
          0.0,
          1.0
        ]
      ]
    },
    {
      "file_path": "/media/NFS/ttao/scannet/posed_images/scene0135_00/00276.jpg",
      "transform_matrix": [
        [
          -0.766985,
          0.423434,
          -0.482118,
          1.090441
        ],
        [
          0.641364,
          0.528901,
          -0.555802,
          4.236147
        ],
        [
          0.019647,
          -0.735505,
          -0.677234,
          1.332044
        ],
        [
          0.0,
          0.0,
          0.0,
          1.0
        ]
      ]
    },
    {
      "file_path": "/media/NFS/ttao/scannet/posed_images/scene0135_00/00283.jpg",
      "transform_matrix": [
        [
          -0.812642,
          0.349211,
          -0.466545,
          1.05956
        ],
        [
          0.582084,
          0.52503,
          -0.620904,
          4.221341
        ],
        [
          0.028123,
          -0.776141,
          -0.629932,
          1.351807
        ],
        [
          0.0,
          0.0,
          0.0,
          1.0
        ]
      ]
    },
    {
      "file_path": "/media/NFS/ttao/scannet/posed_images/scene0135_00/00285.jpg",
      "transform_matrix": [
        [
          -0.817143,
          0.332824,
          -0.470644,
          1.051859
        ],
        [
          0.575321,
          0.521637,
          -0.63,
          4.218811
        ],
        [
          0.035827,
          -0.785572,
          -0.617733,
          1.356588
        ],
        [
          0.0,
          0.0,
          0.0,
          1.0
        ]
      ]
    },
    {
      "file_path": "/media/NFS/ttao/scannet/posed_images/scene0135_00/00291.jpg",
      "transform_matrix": [
        [
          -0.825537,
          0.287592,
          -0.48557,
          1.049057
        ],
        [
          0.560235,
          0.521309,
          -0.643719,
          4.207226
        ],
        [
          0.068004,
          -0.803448,
          -0.591479,
          1.366956
        ],
        [
          0.0,
          0.0,
          0.0,
          1.0
        ]
      ]
    },
    {
      "file_path": "/media/NFS/ttao/scannet/posed_images/scene0135_00/00293.jpg",
      "transform_matrix": [
        [
          -0.829682,
          0.272711,
          -0.487089,
          1.047877
        ],
        [
          0.551214,
          0.538186,
          -0.637589,
          4.202254
        ],
        [
          0.088267,
          -0.797486,
          -0.596846,
          1.369039
        ],
        [
          0.0,
          0.0,
          0.0,
          1.0
        ]
      ]
    },
    {
      "file_path": "/media/NFS/ttao/scannet/posed_images/scene0135_00/00296.jpg",
      "transform_matrix": [
        [
          -0.835059,
          0.246432,
          -0.491881,
          1.046507
        ],
        [
          0.537282,
          0.557604,
          -0.632776,
          4.202585
        ],
        [
          0.118338,
          -0.792685,
          -0.598036,
          1.369808
        ],
        [
          0.0,
          0.0,
          0.0,
          1.0
        ]
      ]
    },
    {
      "file_path": "/media/NFS/ttao/scannet/posed_images/scene0135_00/00300.jpg",
      "transform_matrix": [
        [
          -0.855501,
          0.217111,
          -0.470086,
          1.035982
        ],
        [
          0.503959,
          0.557627,
          -0.659604,
          4.217208
        ],
        [
          0.118926,
          -0.801196,
          -0.586465,
          1.372206
        ],
        [
          0.0,
          0.0,
          0.0,
          1.0
        ]
      ]
    },
    {
      "file_path": "/media/NFS/ttao/scannet/posed_images/scene0135_00/00306.jpg",
      "transform_matrix": [
        [
          -0.890853,
          0.183516,
          -0.415575,
          1.004099
        ],
        [
          0.445575,
          0.531299,
          -0.720544,
          4.228052
        ],
        [
          0.088563,
          -0.827069,
          -0.55508,
          1.377246
        ],
        [
          0.0,
          0.0,
          0.0,
          1.0
        ]
      ]
    },
    {
      "file_path": "/media/NFS/ttao/scannet/posed_images/scene0135_00/00309.jpg",
      "transform_matrix": [
        [
          -0.888827,
          0.177502,
          -0.422468,
          0.982786
        ],
        [
          0.449153,
          0.520178,
          -0.726414,
          4.222604
        ],
        [
          0.090819,
          -0.835409,
