{
  "frames": [
    {
      "file_path": "/media/NFS/ttao/scannet/posed_images/scene0269_00/00000.jpg",
      "transform_matrix": [
        [
          -0.953932,
          0.191184,
          -0.23122,
          4.22906
        ],
        [
          0.30002,
          0.604421,
          -0.738013,
          4.842111
        ],
        [
          -0.001343,
          -0.773385,
          -0.633935,
          1.730595
        ],
        [
          0.0,
          0.0,
          0.0,
          1.0
        ]
      ]
    },
    {
      "file_path": "/media/NFS/ttao/scannet/posed_images/scene0269_00/00004.jpg",
      "transform_matrix": [
        [
          -0.951863,
          0.186955,
          -0.242911,
          4.20096
        ],
        [
          0.3063,
          0.610541,
          -0.730356,
          4.879199
        ],
        [
          0.011763,
          -0.769602,
          -0.638415,
          1.731863
        ],
        [
          0.0,
          0.0,
          0.0,
          1.0
        ]
      ]
    },
    {
      "file_path": "/media/NFS/ttao/scannet/posed_images/scene0269_00/00010.jpg",
      "transform_matrix": [
        [
          -0.952902,
          0.17561,
          -0.247264,
          4.183995
        ],
        [
          0.302974,
          0.587793,
          -0.750138,
          4.913188
        ],
        [
          0.013608,
          -0.789722,
          -0.613314,
          1.74026
        ],
        [
          0.0,
          0.0,
          0.0,
          1.0
        ]
      ]
    },
    {
      "file_path": "/media/NFS/ttao/scannet/posed_images/scene0269_00/00017.jpg",
      "transform_matrix": [
        [
          -0.958378,
          0.16629,
          -0.232075,
          4.178256
        ],
        [
          0.285461,
          0.571894,
          -0.769058,
          4.93883
        ],
        [
          0.004835,
          -0.803296,
          -0.59556,
          1.748318
        ],
        [
          0.0,
          0.0,
          0.0,
          1.0
        ]
      ]
    },
    {
      "file_path": "/media/NFS/ttao/scannet/posed_images/scene0269_00/00019.jpg",
      "transform_matrix": [
        [
          -0.959225,
          0.165179,
          -0.229354,
          4.17938
        ],
        [
          0.28261,
          0.572949,
          -0.769325,
          4.942666
        ],
        [
          0.004332,
          -0.802774,
          -0.596268,
          1.749084
        ],
        [
          0.0,
          0.0,
          0.0,
          1.0
        ]
      ]
    },
    {
      "file_path": "/media/NFS/ttao/scannet/posed_images/scene0269_00/00025.jpg",
      "transform_matrix": [
        [
          -0.959091,
          0.164306,
          -0.23054,
          4.174069
        ],
        [
          0.283062,
          0.56981,
          -0.771488,
          4.952712
        ],
        [
          0.004604,
          -0.805183,
          -0.593008,
          1.754411
        ],
        [
          0.0,
          0.0,
          0.0,
          1.0
        ]
      ]
    },
    {
      "file_path": "/media/NFS/ttao/scannet/posed_images/scene0269_00/00026.jpg",
      "transform_matrix": [
        [
          -0.958957,
          0.164115,
          -0.231233,
          4.173697
        ],
        [
          0.283512,
          0.568872,
          -0.772014,
          4.954744
        ],
        [
          0.004843,
          -0.805885,
          -0.592052,
          1.754882
        ],
        [
          0.0,
          0.0,
          0.0,
          1.0
        ]
      ]
    },
    {
      "file_path": "/media/NFS/ttao/scannet/posed_images/scene0269_00/00032.jpg",
      "transform_matrix": [
        [
          -0.959253,
          0.167763,
          -0.227355,
          4.165118
        ],
        [
          0.282514,
          0.55655,
          -0.781305,
          4.963156
        ],
        [
          -0.004539,
          -0.8137,
          -0.581267,
          1.765749
        ],
        [
          0.0,
          0.0,
          0.0,
          1.0
        ]
      ]
    },
    {
      "file_path": "/media/NFS/ttao/scannet/posed_images/scene0269_00/00039.jpg",
      "transform_matrix": [
        [
          -0.967912,
          0.156645,
          -0.196493,
          4.160075
        ],
        [
          0.250297,
          0.531479,
          -0.809248,
          4.976408
        ],
        [
          -0.022333,
          -0.832461,
          -0.553632,
          1.777269
        ],
        [
          0.0,
          0.0,
          0.0,
          1.0
        ]
      ]
    },
    {
      "file_path": "/media/NFS/ttao/scannet/posed_images/scene0269_00/00040.jpg",
      "transform_matrix": [
        [
          -0.968765,
          0.15302,
          -0.195138,
          4.164014
        ],
        [
          0.247137,
          0.530933,
          -0.810576,
          4.978206
        ],
        [
          -0.020429,
          -0.833484,
          -0.552166,
          1.775615
        ],
        [
          0.0,
          0.0,
          0.0,
          1.0
        ]
      ]
    },
    {
      "file_path": "/media/NFS/ttao/scannet/posed_images/scene0269_00/00048.jpg",
      "transform_matrix": [
        [
          -0.97798,
          0.13018,
          -0.16312,
          4.166029
        ],
        [
          0.207762,
          0.533322,
          -0.820002,
          4.982349
        ],
        [
          -0.019752,
          -0.835835,
          -0.548625,
          1.777155
        ],
        [
          0.0,
          0.0,
          0.0,
          1.0
        ]
      ]
    },
    {
      "file_path": "/media/NFS/ttao/scannet/posed_images/scene0269_00/00050.jpg",
      "transform_matrix": [
        [
          -0.978947,
          0.126155,
          -0.160464,
          4.167116
        ],
        [
          0.203333,
          0.533856,
          -0.820764,
          4.981173
        ],
        [
          -0.017879,
          -0.836112,
          -0.548268,
          1.77798
        ],
        [
          0.0,
          0.0,
          0.0,
          1.0
        ]
      ]
    },
    {
      "file_path": "/media/NFS/ttao/scannet/posed_images/scene0269_00/00057.jpg",
      "transform_matrix": [
        [
          -0.98037,
          0.121931,
          -0.154944,
          4.17058
        ],
        [
          0.196361,
          0.532808,
          -0.823139,
          4.978271
        ],
        [
          -0.017811,
          -0.837406,
          -0.546291,
          1.780956
        ],
        [
          0.0,
          0.0,
          0.0,
          1.0
        ]
      ]
    },
    {
      "file_path": "/media/NFS/ttao/scannet/posed_images/scene0269_00/00059.jpg",
      "transform_matrix": [
        [
          -0.980584,
          0.120999,
          -0.154323,
          4.171556
        ],
        [
          0.195322,
          0.532462,
          -0.82361,
          4.97704
        ],
        [
          -0.017485,
          -0.837761,
          -0.545757,
          1.781337
        ],
        [
          0.0,
          0.0,
          0.0,
          1.0
        ]
      ]
    },
    {
      "file_path": "/media/NFS/ttao/scannet/posed_images/scene0269_00/00063.jpg",
      "transform_matrix": [
        [
          -0.980605,
          0.120284,
          -0.154746,
          4.17414
        ],
        [
          0.19516,
          0.526372,
          -0.827554,
          4.978293
        ],
        [
          -0.018088,
          -0.841703,
          -0.539637,
          1.779288
        ],
        [
          0.0,
          0.0,
          0.0,
          1.0
        ]
      ]
    },
    {
      "file_path": "/media/NFS/ttao/scannet/posed_images/scene0269_00/00072.jpg",
      "transform_matrix": [
        [
          -0.979894,
          0.114184,
          -0.163615,
          4.172322
        ],
        [
          0.199479,
          0.544242,
          -0.814868,
          4.979879
        ],
        [
          -0.003999,
          -0.831121,
          -0.556077,
          1.775013
        ],
        [
          0.0,
          0.0,
          0.0,
          1.0
        ]
      ]
    },
    {
      "file_path": "/media/NFS/ttao/scannet/posed_images/scene0269_00/00076.jpg",
      "transform_matrix": [
        [
          -0.979807,
          0.112499,
          -0.165297,
          4.165699
        ],
        [
          0.199945,
          0.547349,
          -0.812669,
          4.983628
        ],
        [
          -0.000949,
          -0.829309,
          -0.55879,
          1.774521
        ],
        [
          0.0,
          0.0,
          0.0,
          1.0
        ]
      ]
    },
    {
      "file_path": "/media/NFS/ttao/scannet/posed_images/scene0269_00/00077.jpg",
      "transform_matrix": [
        [
          -0.980061,
          0.11231,
          -0.16391,
          4.160323
        ],
        [
          0.19869,
          0.547603,
          -0.812806,
          4.98625
        ],
        [
          -0.001528,
          -0.829167,
          -0.558999,
          1.77422
        ],
        [
          0.0,
          0.0,
          0.0,
          1.0
        ]
      ]
    },
    {
      "file_path": "/media/NFS/ttao/scannet/posed_images/scene0269_00/00084.jpg",
      "transform_matrix": [
        [
          -0.977059,
          0.121322,
          -0.175034,
          4.137783
        ],
        [
          0.212968,
          0.553735,
          -0.804999,
          4.994969
        ],
        [
          -0.000742,
          -0.823807,
          -0.566869,
          1.771526
        ],
        [
          0.0,
          0.0,
          0.0,
          1.0
        ]
      ]
    },
    {
      "file_path": "/media/NFS/ttao/scannet/posed_images/scene0269_00/00090.jpg",
      "transform_matrix": [
        [
          -0.97458,
          0.13948,
          -0.175324,
          4.110207
        ],
        [
          0.223245,
          0.538772,
          -0.812334,
          5.002308
        ],
        [
          -0.018845,
          -0.830825,
          -0.556215,
          1.776524
        ],
        [
          0.0,
          0.0,
          0.0,
          1.0
        ]
      ]
    },
    {
      "file_path": "/media/NFS/ttao/scannet/posed_images/scene0269_00/00091.jpg",
      "transform_matrix": [
        [
          -0.974547,
          0.141626,
          -0.173782,
          4.105685
        ],
        [
          0.223143,
          0.538219,
          -0.812729,
          5.002378
        ],
        [
          -0.021571,
          -0.83082,
          -0.556122,
          1.777065
        ],
        [
          0.0,
          0.0,
          0.0,
          1.0
        ]
      ]
    },
    {
      "file_path": "/media/NFS/ttao/scannet/posed_images/scene0269_00/00095.jpg",
      "transform_matrix": [
        [
          -0.975382,
          0.144606,
          -0.166494,
          4.085506
        ],
        [
          0.218517,
          0.532118,
          -0.817986,
          5.009705
        ],
        [
          -0.029691,
          -0.83423,
          -0.550617,
          1.77685
        ],
        [
          0.0,
          0.0,
          0.0,
          1.0
        ]
      ]
    },
    {
      "file_path": "/media/NFS/ttao/scannet/posed_images/scene0269_00/00103.jpg",
      "transform_matrix": [
        [
          -0.979748,
          0.123567,
          -0.157558,
          4.054959
        ],
        [
          0.200036,
          0.569108,
          -0.79756,
          5.004357
        ],
        [
          -0.008884,
          -0.812925,
          -0.5823,
          1.773828
        ],
        [
          0.0,
          0.0,
          0.0,
          1.0
        ]
      ]
    },
    {
      "file_path": "/media/NFS/ttao/scannet/posed_images/scene0269_00/00106.jpg",
      "transform_matrix": [
        [
          -0.981763,
          0.122058,
          -0.14575,
          4.039145
        ],
        [
          0.189674,
          0.57709,
          -0.79435,
          4.996583
        ],
        [
          -0.012845,
          -0.807508,
          -0.589717,
          1.771799
        ],
        [
          0.0,
          0.0,
          0.0,
          1.0
        ]
      ]
    },
    {
      "file_path": "/media/NFS/ttao/scannet/posed_images/scene0269_00/00109.jpg",
      "transform_matrix": [
        [
          -0.982682,
          0.124127,
          -0.137583,
          4.018888
        ],
        [
          0.184481,
          0.585551,
          -0.789365,
          4.973744
        ],
        [
          -0.01742,
          -0.801076,
          -0.598309,
          1.780391
        ],
        [
          0.0,
          0.0,
          0.0,
          1.0
        ]
      ]
    },
    {
      "file_path": "/media/NFS/ttao/scannet/posed_images/scene0269_00/00114.jpg",
      "transform_matrix": [
        [
          -0.985932,
          0.109432,
          -0.126341,
          3.983988
        ],
        [
          0.166544,
          0.579134,
          -0.79804,
          4.935443
        ],
        [
          -0.014163,
          -0.807854,
          -0.589212,
          1.78732
        ],
        [
          0.0,
          0.0,
          0.0,
          1.0
        ]
      ]
    },
    {
      "file_path": "/media/NFS/ttao/scannet/posed_images/scene0269_00/00119.jpg",
      "transform_matrix": [
        [
          -0.987814,
          0.077149,
          -0.13517,
          3.939878
        ],
        [
          0.1549,
          0.571793,
          -0.805642,
          4.882943
        ],
        [
          0.015135,
          -0.816762,
          -0.576776,
          1.802884
        ],
        [
          0.0,
          0.0,
          0.0,
          1.0
        ]
      ]
    },
    {
      "file_path": "/media/NFS/ttao/scannet/posed_images/scene0269_00/00127.jpg",
      "transform_matrix": [
        [
          -0.987183,
          0.058783,
          -0.148371,
          3.884742
        ],
        [
          0.156063,
          0.549989,
          -0.820461,
          4.817041
        ],
        [
          0.033374,
          -0.833101,
          -0.552113,
          1.81259
        ],
        [
          0.0,
          0.0,
          0.0,
          1.0
        ]
      ]
    },
    {
      "file_path": "/media/NFS/ttao/scannet/posed_images/scene0269_00/00128.jpg",
      "transform_matrix": [
        [
          -0.986435,
          0.063004,
          -0.151579,
          3.884168
        ],
        [
          0.161025,
          0.550778,
          -0.818972,
          4.811339
        ],
        [
          0.031888,
          -0.832271,
          -0.553452,
          1.809817
        ],
        [
          0.0,
          0.0,
          0.0,
          1.0
        ]
      ]
    },
    {
      "file_path": "/media/NFS/ttao/scannet/posed_images/scene0269_00/00132.jpg",
      "transform_matrix": [
        [
          -0.991026,
          0.066332,
          -0.11605,
          3.854577
        ],
        [
          0.133216,
          0.561611,
          -0.816607,
          4.78039
        ],
        [
          0.011008,
          -0.824738,
          -0.565407,
          1.812643
        ],
        [
          0.0,
          0.0,
          0.0,
          1.0
        ]
      ]
    },
    {
      "file_path": "/media/NFS/ttao/scannet/posed_images/scene0269_00/00141.jpg",
      "transform_matrix": [
        [
          -0.998828,
          0.022865,
          -0.042663,
          3.778009
        ],
        [
          0.048318,
          0.523698,
          -0.850533,
          4.761186
        ],
        [
          0.002895,
          -0.851597,
          -0.524189,
          1.817592
        ],
        [
          0.0,
          0.0,
          0.0,
          1.0
        ]
      ]
    },
    {
      "file_path": "/media/NFS/ttao/scannet/posed_images/scene0269_00/00145.jpg",
      "transform_matrix": [
        [
          -0.999846,
          -0.015936,
          -0.007411,
          3.714129
        ],
        [
          -0.001967,
          0.520522,
          -0.853846,
          4.750531
        ],
        [
          0.017464,
          -0.853699,
          -0.520473,
          1.824217
        ],
        [
          0.0,
          0.0,
          0.0,
          1.0
        ]
      ]
    },
    {
      "file_path": "/media/NFS/ttao/scannet/posed_images/scene0269_00/00149.jpg",
      "transform_matrix": [
        [
          -0.998965,
          -0.044571,
          0.009057,
          3.666618
        ],
        [
          -0.03022,
          0.501643,
          -0.864547,
          4.755671
        ],
        [
          0.03399,
          -0.863926,
          -0.502471,
          1.829479
        ],
        [
          0.0,
          0.0,
          0.0,
          1.0
        ]
      ]
    },
    {
      "file_path": "/media/NFS/ttao/scannet/posed_images/scene0269_00/00154.jpg",
      "transform_matrix": [
        [
          -0.997093,
          -0.070981,
          0.0277,
          3.60484
        ],
        [
          -0.059713,
          0.502148,
          -0.862718,
          4.750002
        ],
        [
          0.047327,
          -0.861864,
          -0.504927,
          1.831742
        ],
        [
          0.0,
          0.0,
          0.0,
          1.0
        ]
      ]
    },
    {
      "file_path": "/media/NFS/ttao/scannet/posed_images/scene0269_00/00159.jpg",
      "transform_matrix": [
        [
          -0.993738,
          -0.082531,
          0.075322,
          3.546682
        ],
        [
          -0.107686,
          0.527588,
          -0.842647,
          4.720229
        ],
        [
          0.029805,
          -0.845482,
          -0.533172,
          1.826334
        ],
        [
          0.0,
          0.0,
          0.0,
          1.0
        ]
      ]
    },
    {
      "file_path": "/media/NFS/ttao/scannet/posed_images/scene0269_00/00161.jpg",
      "transform_matrix": [
        [
          -0.990786,
          -0.092814,
          0.09864,
          3.510771
        ],
        [
          -0.132999,
          0.529061,
          -0.838096,
          4.688548
        ],
        [
          0.025601,
          -0.843493,
          -0.53653,
          1.826032
        ],
        [
          0.0,
          0.0,
          0.0,
          1.0
        ]
      ]
    },
    {
      "file_path": "/media/NFS/ttao/scannet/posed_images/scene0269_00/00164.jpg",
      "transform_matrix": [
        [
          -0.987939,
          -0.098759,
          0.119264,
          3.482005
        ],
        [
          -0.153572,
          0.526309,
          -0.83631,
          4.655487
        ],
        [
          0.019824,
          -0.844538,
          -0.535128,
          1.822088
        ],
        [
          0.0,
          0.0,
          0.0,
          1.0
        ]
      ]
    },
    {
      "file_path": "/media/NFS/ttao/scannet/posed_images/scene0269_00/00171.jpg",
      "transform_matrix": [
        [
          -0.981956,
          -0.116887,
          0.148663,
          3.414829
        ],
        [
          -0.187405,
          0.49607,
          -0.847817,
          4.560572
        ],
        [
          0.025352,
          -0.860379,
          -0.509024,
          1.814668
        ],
        [
          0.0,
          0.0,
          0.0,
          1.0
        ]
      ]
    },
    {
      "file_path": "/media/NFS/ttao/scannet/posed_images/scene0269_00/00175.jpg",
      "transform_matrix": [
        [
          -0.968716,
          -0.157718,
          0.19161,
          3.380454
        ],
        [
          -0.245484,
          0.495647,
          -0.83311,
          4.486514
        ],
        [
          0.036425,
          -0.854084,
          -0.518858,
          1.816211
        ],
        [
          0.0,
          0.0,
          0.0,
          1.0
        ]
      ]
    },
    {
      "file_path": "/media/NFS/ttao/scannet/posed_images/scene0269_00/00181.jpg",
      "transform_matrix": [
        [
          -0.945585,
          -0.206847,
          0.251165,
          3.331742
        ],
        [
          -0.322728,
          0.497959,
          -0.804913,
          4.393677
        ],
        [
          0.041424,
          -0.842171,
          -0.537617,
          1.810811
        ],
        [
          0.0,
          0.0,
          0.0,
          1.0
        ]
      ]
    },
    {
      "file_path": "/media/NFS/ttao/scannet/posed_images/scene0269_00/00185.jpg",
      "transform_matrix": [
        [
          -0.930155,
          -0.220188,
          0.29382,
          3.295716
        ],
        [
          -0.366311,
          0.501836,
          -0.783567,
          4.335922
        ],
        [
          0.025083,
          -0.836468,
          -0.547442,
          1.806388
        ],
        [
          0.0,
          0.0,
          0.0,
          1.0
        ]
      ]
    },
    {
      "file_path": "/media/NFS/ttao/scannet/posed_images/scene0269_00/00189.jpg",
      "transform_matrix": [
        [
          -0.903495,
          -0.239665,
          0.355328,
          3.246212
        ],
        [
          -0.428378,
          0.478353,
          -0.766597,
          4.2742
        ],
        [
          0.013754,
          -0.844831,
          -0.534857,
          1.805771
        ],
        [
          0.0,
          0.0,
          0.0,
          1.0
        ]
      ]
    },
    {
      "file_path": "/media/NFS/ttao/scannet/posed_images/scene0269_00/00194.jpg",
      "transform_matrix": [
        [
          -0.870048,
          -0.254918,
          0.421939,
          3.190026
        ],
        [
          -0.49287,
          0.432881,
          -0.754781,
          4.232453
        ],
        [
          0.009758,
          -0.864657,
          -0.502268,
          1.80109
        ],
        [
          0.0,
          0.0,
          0.0,
          1.0
        ]
      ]
    },
    {
      "file_path": "/media/NFS/ttao/scannet/posed_images/scene0269_00/00199.jpg",
      "transform_matrix": [
        [
          -0.829943,
          -0.304934,
          0.467129,
          3.114107
        ],
        [
          -0.556647,
          0.397777,
          -0.729327,
          4.17157
        ],
        [
          0.036584,
          -0.865326,
          -0.499873,
          1.807476
        ],
        [
          0.0,
          0.0,
          0.0,
          1.0
        ]
      ]
    },
    {
      "file_path": "/media/NFS/ttao/scannet/posed_images/scene0269_00/00204.jpg",
      "transform_matrix": [
        [
          -0.824369,
          -0.3257,
          0.462963,
          3.079191
        ],
        [
          -0.564397,
          0.410449,
          -0.716231,
          4.102614
        ],
        [
          0.043253,
          -0.851734,
          -0.522186,
          1.81238
        ],
        [
          0.0,
          0.0,
          0.0,
          1.0
        ]
      ]
    },
    {
      "file_path": "/media/NFS/ttao/scannet/posed_images/scene0269_00/00208.jpg",
      "transform_matrix": [
        [
          -0.808675,
          -0.335788,
          0.483003,
          3.048609
        ],
        [
          -0.587056,
          0.408236,
          -0.699077,
          4.046733
        ],
        [
          0.037563,
          -0.848876,
          -0.527256,
          1.804383
        ],
        [
          0.0,
          0.0,
          0.0,
          1.0
        ]
      ]
    },
    {
      "file_path": "/media/NFS/ttao/scannet/posed_images/scene0269_00/00212.jpg",
      "transform_matrix": [
        [
          -0.786101,
          -0.344854,
          0.512953,
          3.013165
        ],
        [
          -0.617021,
          0.388852,
          -0.684163,
          3.979151
        ],
        [
          0.036474,
          -0.854324,
          -0.518459,
          1.794023
        ],
        [
          0.0,
          0.0,
          0.0,
          1.0
        ]
      ]
    },
    {
      "file_path": "/media/NFS/ttao/scannet/posed_images/scene0269_00/00217.jpg",
      "transform_matrix": [
        [
          -0.784717,
          -0.385192,
          0.485641,
          3.006559
        ],
        [
          -0.616172,
          0.399466,
          -0.678792,
          3.882574
        ],
        [
          0.067468,
          -0.831898,
          -0.550811,
          1.791538
        ],
        [
          0.0,
          0.0,
          0.0,
          1.0
        ]
      ]
    },
    {
      "file_path": "/media/NFS/ttao/scannet/posed_images/scene0269_00/00222.jpg",
      "transform_matrix": [
        [
          -0.741083,
          -0.399651,
          0.539514,
          2.977266
        ],
        [
          -0.667124,
          0.347616,
          -0.658869,
          3.782681
        ],
        [
          0.075774,
          -0.848199,
          -0.524229,
          1.802877
        ],
        [
          0.0,
          0.0,
          0.0,
          1.0
        ]
      ]
    },
    {
      "file_path": "/media/NFS/ttao/scannet/posed_images/scene0269_00/00226.jpg",
      "transform_matrix": [
        [
          -0.71845,
          -0.387948,
          0.577344,
          2.954402
        ],
        [
          -0.694372,
          0.351156,
          -0.628121,
          3.707009
        ],
        [
          0.04094,
          -0.852165,
          -0.521669,
          1.806984
        ],
        [
          0.0,
          0.0,
          0.0,
          1.0
        ]
      ]
    },
    {
      "file_path": "/media/NFS/ttao/scannet/posed_images/scene0269_00/00230.jpg",
      "transform_matrix": [
        [
          -0.695862,
          -0.385951,
          0.605655,
          2.920923
        ],
        [
          -0.717679,
          0.342367,
          -0.6064,
          3.628952
        ],
        [
          0.026684,
          -0.856637,
          -0.515229,
          1.799161
        ],
        [
          0.0,
          0.0,
          0.0,
          1.0
        ]
      ]
    },
    {
      "file_path": "/media/NFS/ttao/scannet/posed_images/scene0269_00/00236.jpg",
      "transform_matrix": [
        [
          -0.632738,
          -0.402577,
          0.661495,
          2.876014
        ],
        [
          -0.773813,
          0.296445,
          -0.559762,
          3.533871
        ],
        [
          0.029251,
          -0.866056,
          -0.499091,
          1.794839
        ],
        [
          0.0,
          0.0,
          0.0,
          1.0
        ]
      ]
    },
    {
      "file_path": "/media/NFS/ttao/scannet/posed_images/scene0269_00/00241.jpg",
      "transform_matrix": [
        [
          -0.573069,
          -0.423574,
          0.701553,
          2.828304
        ],
        [
          -0.818666,
          0.257133,
          -0.513486,
          3.420786
        ],
        [
          0.037107,
          -0.868601,
          -0.494121,
          1.801895
        ],
        [
          0.0,
          0.0,
          0.0,
          1.0
        ]
      ]
    },
    {
      "file_path": "/media/NFS/ttao/scannet/posed_images/scene0269_00/00244.jpg",
      "transform_matrix": [
        [
          -0.552512,
          -0.450801,
          0.701077,
          2.816049
        ],
        [
          -0.83238,
          0.254734,
          -0.492194,
          3.381341
        ],
        [
          0.043293,
          -0.855505,
          -0.515981,
          1.807575
        ],
        [
          0.0,
          0.0,
          0.0,
          1.0
        ]
      ]
    },
    {
      "file_path": "/media/NFS/ttao/scannet/posed_images/scene0269_00/00250.jpg",
      "transform_matrix": [
        [
          -0.50067,
          -0.443193,
          0.743579,
          2.795837
        ],
        [
          -0.865026,
          0.223851,
          -0.449022,
          3.264601
        ],
        [
          0.032553,
          -0.868027,
          -0.495449,
          1.80854
        ],
        [
          0.0,
          0.0,
          0.0,
          1.0
        ]
      ]
    },
    {
      "file_path": "/media/NFS/ttao/scannet/posed_images/scene0269_00/00252.jpg",
      "transform_matrix": [
        [
          -0.485189,
          -0.447305,
          0.751339,
          2.799326
        ],
        [
          -0.87393,
          0.219625,
          -0.433602,
          3.230819
        ],
        [
          0.02894,
          -0.866996,
          -0.497473,
          1.811528
        ],
        [
          0.0,
          0.0,
          0.0,
          1.0
        ]
      ]
    },
    {
      "file_path": "/media/NFS/ttao/scannet/posed_images/scene0269_00/00259.jpg",
      "transform_matrix": [
        [
          -0.436869,
          -0.420888,
          0.794984,
          2.814852
        ],
        [
          -0.898879,
          0.170765,
          -0.403554,
          3.086869
        ],
        [
          0.034096,
          -0.890894,
          -0.452929,
          1.806519
        ],
        [
          0.0,
          0.0,
          0.0,
          1.0
        ]
      ]
    },
    {
      "file_path": "/media/NFS/ttao/scannet/posed_images/scene0269_00/00261.jpg",
      "transform_matrix": [
        [
          -0.420605,
          -0.421281,
          0.803501,
          2.806036
        ],
        [
          -0.906501,
          0.159315,
          -0.390992,
          3.039524
        ],
        [
          0.036708,
          -0.892828,
          -0.4489,
          1.799107
        ],
        [
          0.0,
          0.0,
          0.0,
          1.0
        ]
      ]
    },
    {
      "file_path": "/media/NFS/ttao/scannet/posed_images/scene0269_00/00268.jpg",
      "transform_matrix": [
        [
          -0.346344,
          -0.447763,
          0.824351,
          2.817977
        ],
        [
          -0.937871,
          0.145543,
          -0.314983,
          2.912616
        ],
        [
          0.021059,
          -0.882228,
          -0.470352,
          1.801089
        ],
        [
          0.0,
          0.0,
          0.0,
          1.0
        ]
      ]
    },
    {
      "file_path": "/media/NFS/ttao/scannet/posed_images/scene0269_00/00272.jpg",
      "transform_matrix": [
        [
          -0.260592,
          -0.438967,
          0.859884,
          2.801826
        ],
        [
          -0.965128,
          0.095459,
          -0.243756,
          2.810124
        ],
        [
          0.024917,
          -0.893418,
          -0.448535,
          1.795026
        ],
        [
          0.0,
          0.0,
          0.0,
          1.0
        ]
      ]
    },
    {
      "file_path": "/media/NFS/ttao/scannet/posed_images/scene0269_00/00274.jpg",
      "transform_matrix": [
        [
          -0.219343,
          -0.433937,
          0.873835,
          2.801176
        ],
        [
          -0.975309,
          0.073914,
          -0.208109,
          2.75943
        ],
        [
          0.025718,
          -0.897906,
          -0.439435,
          1.794235
        ],
        [
          0.0,
          0.0,
          0.0,
          1.0
        ]
      ]
    },
    {
      "file_path": "/media/NFS/ttao/scannet/posed_images/scene0269_00/00281.jpg",
      "transform_matrix": [
        [
          -0.120911,
          -0.43707,
          0.891264,
          2.795305
        ],
        [
          -0.991473,
          0.00922,
          -0.129984,
          2.612939
        ],
        [
          0.048595,
          -0.89938,
          -0.434458,
          1.800942
        ],
        [
          0.0,
          0.0,
          0.0,
          1.0
        ]
      ]
    },
    {
      "file_path": "/media/NFS/ttao/scannet/posed_images/scene0269_00/00287.jpg",
      "transform_matrix": [
        [
          -0.075068,
          -0.420976,
          0.90396,
          2.816831
        ],
        [
          -0.996672,
          0.002786,
          -0.08147,
          2.530238
        ],
        [
          0.031778,
          -0.907067,
          -0.419784,
          1.805616
        ],
        [
          0.0,
          0.0,
          0.0,
          1.0
        ]
      ]
    },
    {
      "file_path": "/media/NFS/ttao/scannet/posed_images/scene0269_00/00288.jpg",
      "transform_matrix": [
        [
          -0.066345,
          -0.419698,
          0.905236,
          2.823418
        ],
        [
          -0.99732,
          -0.000157,
          -0.073166,
          2.509019
        ],
        [
          0.03085,
          -0.907664,
          -0.418563,
          1.805235
        ],
        [
          0.0,
          0.0,
          0.0,
          1.0
        ]
      ]
    },
    {
      "file_path": "/media/NFS/ttao/scannet/posed_images/scene0269_00/00294.jpg",
      "transform_matrix": [
        [
          -0.018545,
          -0.403702,
          0.914703,
          2.871041
        ],
        [
          -0.999806,
          0.001357,
          -0.019671,
          2.402408
        ],
        [
          0.0067,
          -0.91489,
          -0.403648,
          1.780242
        ],
        [
          0.0,
          0.0,
          0.0,
          1.0
        ]
      ]
    },
    {
      "file_path": "/media/NFS/ttao/scannet/posed_images/scene0269_00/00299.jpg",
      "transform_matrix": [
        [
          0.031194,
          -0.412737,
          0.910316,
          2.942853
        ],
        [
          -0.999433,
          -0.024477,
          0.02315,
          2.329468
        ],
        [
          0.012727,
          -0.910521,
          -0.413266,
          1.77008
        ],
        [
          0.0,
          0.0,
          0.0,
          1.0
        ]
      ]
    },
    {
      "file_path": "/media/NFS/ttao/scannet/posed_images/scene0269_00/00306.jpg",
      "transform_matrix": [
        [
          0.096209,
          -0.443641,
          0.891025,
          3.024248
        ],
        [
          -0.995254,
          -0.056017,
          0.079572,
          2.20728
        ],
        [
          0.014611,
          -0.894452,
          -0.446925,
          1.750378
        ],
        [
          0.0,
          0.0,
          0.0,
          1.0
        ]
      ]
    },
    {
      "file_path": "/media/NFS/ttao/scannet/posed_images/scene0269_00/00308.jpg",
      "transform_matrix": [
        [
          0.099986,
          -0.443545,
          0.890657,
          3.046922
        ],
        [
          -0.99493,
          -0.054284,
          0.084658,
          2.18749
        ],
        [
          0.010798,
          -0.894607,
          -0.446724,
          1.751292
        ],
        [
          0.0,
          0.0,
          0.0,
          1.0
        ]
      ]
    },
    {
      "file_path": "/media/NFS/ttao/scannet/posed_images/scene0269_00/00314.jpg",
      "transform_matrix": [
        [
          0.150872,
          -0.405666,
          0.901484,
          3.095331
        ],
        [
          -0.988511,
          -0.070361,
          0.133775,
          2.07967
        ],
        [
          0.009162,
          -0.911309,
          -0.41162,
          1.740475
        ],
        [
          0.0,
          0.0,
          0.0,
          1.0
        ]
      ]
    },
    {
      "file_path": "/media/NFS/ttao/scannet/posed_images/scene0269_00/00316.jpg",
      "transform_matrix": [
        [
          0.153888,
          -0.394617,
          0.905868,
          3.112486
        ],
        [
          -0.988083,
          -0.064608,
          0.139709,
          2.046366
        ],
        [
          0.003395,
          -0.916571,
          -0.399856,
          1.73972
        ],
        [
          0.0,
          0.0,
          0.0,
          1.0
        ]
      ]
    },
    {
      "file_path": "/media/NFS/ttao/scannet/posed_images/scene0269_00/00324.jpg",
      "transform_matrix": [
        [
          0.110196,
          -0.395603,
          0.911787,
          3.161462
        ],
        [
          -0.993894,
          -0.04904,
          0.098841,
          1.953825
        ],
        [
          0.005612,
          -0.917112,
          -0.398591,
          1.743423
        ],
        [
          0.0,
          0.0,
          0.0,
          1.0
        ]
      ]
    },
    {
      "file_path": "/media/NFS/ttao/scannet/posed_images/scene0269_00/00325.jpg",
      "transform_matrix": [
        [
          0.111566,
          -0.40177,
          0.908919,
          3.173001
        ],
        [
          -0.993756,
          -0.044119,
          0.102478,
          1.943523
        ],
        [
          -0.001072,
          -0.914677,
          -0.404184,
          1.746902
        ],
        [
          0.0,
          0.0,
          0.0,
          1.0
        ]
      ]
    },
    {
      "file_path": "/media/NFS/ttao/scannet/posed_images/scene0269_00/00330.jpg",
      "transform_matrix": [
        [
          0.102477,
          -0.426142,
          0.898834,
          3.236115
        ],
        [
          -0.994673,
          -0.033812,
          0.097373,
          1.88298
        ],
        [
          -0.011103,
          -0.904024,
          -0.427337,
          1.742574
        ],
        [
          0.0,
          0.0,
          0.0,
          1.0
        ]
      ]
    },
    {
      "file_path": "/media/NFS/ttao/scannet/posed_images/scene0269_00/00335.jpg",
      "transform_matrix": [
        [
          0.129516,
          -0.413562,
          0.901217,
          3.310139
        ],
        [
          -0.991551,
          -0.047356,
          0.120767,
          1.8205
        ],
        [
          -0.007266,
          -0.909244,
          -0.416201,
          1.72911
        ],
        [
          0.0,
          0.0,
          0.0,
          1.0
        ]
      ]
    },
    {
      "file_path": "/media/NFS/ttao/scannet/posed_images/scene0269_00/00341.jpg",
      "transform_matrix": [
        [
          0.173548,
          -0.45712,
          0.872309,
          3.409822
        ],
        [
          -0.984789,
          -0.088165,
          0.149725,
          1.749563
        ],
        [
          0.008465,
          -0.885024,
          -0.465468,
          1.724541
        ],
        [
          0.0,
          0.0,
          0.0,
          1.0
        ]
      ]
    },
    {
      "file_path": "/media/NFS/ttao/scannet/posed_images/scene0269_00/00345.jpg",
      "transform_matrix": [
        [
          0.211617,
          -0.476507,
          0.853323,
          3.473918
        ],
        [
          -0.97723,
          -0.089325,
          0.192465,
          1.692174
        ],
        [
          -0.015489,
          -0.874621,
          -0.484559,
          1.72335
        ],
        [
          0.0,
          0.0,
          0.0,
          1.0
        ]
      ]
    },
    {
      "file_path": "/media/NFS/ttao/scannet/posed_images/scene0269_00/00352.jpg",
      "transform_matrix": [
        [
          0.312149,
          -0.484159,
          0.817406,
          3.576077
        ],
        [
          -0.949227,
          -0.123502,
          0.289337,
          1.601601
        ],
        [
          -0.039134,
          -0.86622,
          -0.498128,
          1.714444
        ],
        [
          0.0,
          0.0,
          0.0,
          1.0
        ]
      ]
    },
    {
      "file_path": "/media/NFS/ttao/scannet/posed_images/scene0269_00/00356.jpg",
      "transform_matrix": [
        [
          0.389428,
          -0.482018,
          0.78486,
          3.635318
        ],
        [
          -0.920134,
          -0.165464,
          0.354929,
          1.553247
        ],
        [
          -0.041216,
          -0.860396,
