{
  "frames": [
    {
      "file_path": "/media/NFS/ttao/scannet/posed_images/scene0517_01/00000.jpg",
      "transform_matrix": [
        [
          -0.660105,
          -0.352675,
          0.663236,
          3.940509
        ],
        [
          -0.750825,
          0.282882,
          -0.596858,
          2.04358
        ],
        [
          0.02288,
          -0.891963,
          -0.451529,
          1.307172
        ],
        [
          0.0,
          0.0,
          0.0,
          1.0
        ]
      ]
    },
    {
      "file_path": "/media/NFS/ttao/scannet/posed_images/scene0517_01/00017.jpg",
      "transform_matrix": [
        [
          -0.671993,
          -0.329223,
          0.663354,
          3.940091
        ],
        [
          -0.739261,
          0.245223,
          -0.627183,
          2.049383
        ],
        [
          0.043814,
          -0.911854,
          -0.40817,
          1.318855
        ],
        [
          0.0,
          0.0,
          0.0,
          1.0
        ]
      ]
    },
    {
      "file_path": "/media/NFS/ttao/scannet/posed_images/scene0517_01/00021.jpg",
      "transform_matrix": [
        [
          -0.692948,
          -0.327118,
          0.642509,
          3.952303
        ],
        [
          -0.719411,
          0.254813,
          -0.646156,
          2.062643
        ],
        [
          0.04765,
          -0.90998,
          -0.411904,
          1.301209
        ],
        [
          0.0,
          0.0,
          0.0,
          1.0
        ]
      ]
    },
    {
      "file_path": "/media/NFS/ttao/scannet/posed_images/scene0517_01/00031.jpg",
      "transform_matrix": [
        [
          -0.722196,
          -0.377567,
          0.579549,
          4.00137
        ],
        [
          -0.689884,
          0.332697,
          -0.642941,
          2.128128
        ],
        [
          0.049939,
          -0.864151,
          -0.500749,
          1.231235
        ],
        [
          0.0,
          0.0,
          0.0,
          1.0
        ]
      ]
    },
    {
      "file_path": "/media/NFS/ttao/scannet/posed_images/scene0517_01/00045.jpg",
      "transform_matrix": [
        [
          -0.82258,
          -0.350158,
          0.448052,
          3.992933
        ],
        [
          -0.566508,
          0.436306,
          -0.699076,
          2.102716
        ],
        [
          0.0493,
          -0.828871,
          -0.557264,
          1.224902
        ],
        [
          0.0,
          0.0,
          0.0,
          1.0
        ]
      ]
    },
    {
      "file_path": "/media/NFS/ttao/scannet/posed_images/scene0517_01/00059.jpg",
      "transform_matrix": [
        [
          -0.898981,
          -0.262628,
          0.350514,
          3.870711
        ],
        [
          -0.437067,
          0.486046,
          -0.756791,
          1.9974
        ],
        [
          0.028388,
          -0.833538,
          -0.551732,
          1.237827
        ],
        [
          0.0,
          0.0,
          0.0,
          1.0
        ]
      ]
    },
    {
      "file_path": "/media/NFS/ttao/scannet/posed_images/scene0517_01/00066.jpg",
      "transform_matrix": [
        [
          -0.909401,
          -0.243305,
          0.33733,
          3.802418
        ],
        [
          -0.415732,
          0.507376,
          -0.754809,
          1.958681
        ],
        [
          0.012496,
          -0.826663,
          -0.562558,
          1.228522
        ],
        [
          0.0,
          0.0,
          0.0,
          1.0
        ]
      ]
    },
    {
      "file_path": "/media/NFS/ttao/scannet/posed_images/scene0517_01/00086.jpg",
      "transform_matrix": [
        [
          -0.963742,
          -0.133128,
          0.231252,
          3.707308
        ],
        [
          -0.264806,
          0.58383,
          -0.767476,
          1.887376
        ],
        [
          -0.032839,
          -0.800887,
          -0.597915,
          1.22181
        ],
        [
          0.0,
          0.0,
          0.0,
          1.0
        ]
      ]
    },
    {
      "file_path": "/media/NFS/ttao/scannet/posed_images/scene0517_01/00097.jpg",
      "transform_matrix": [
        [
          -0.983233,
          -0.115985,
          0.140714,
          3.73536
        ],
        [
          -0.181942,
          0.572105,
          -0.799745,
          1.884361
        ],
        [
          0.012255,
          -0.811938,
          -0.583615,
          1.228236
        ],
        [
          0.0,
          0.0,
          0.0,
          1.0
        ]
      ]
    },
    {
      "file_path": "/media/NFS/ttao/scannet/posed_images/scene0517_01/00100.jpg",
      "transform_matrix": [
        [
          -0.982169,
          -0.123543,
          0.141705,
          3.768991
        ],
        [
          -0.186874,
          0.559284,
          -0.807638,
          1.887336
        ],
        [
          0.020525,
          -0.819718,
          -0.572399,
          1.239745
        ],
        [
          0.0,
          0.0,
          0.0,
          1.0
        ]
      ]
    },
    {
      "file_path": "/media/NFS/ttao/scannet/posed_images/scene0517_01/00117.jpg",
      "transform_matrix": [
        [
          -0.919294,
          -0.143636,
          0.366424,
          3.967138
        ],
        [
          -0.393495,
          0.353706,
          -0.84856,
          1.93514
        ],
        [
          -0.007722,
          -0.924262,
          -0.38168,
          1.322994
        ],
        [
          0.0,
          0.0,
          0.0,
          1.0
        ]
      ]
    },
    {
      "file_path": "/media/NFS/ttao/scannet/posed_images/scene0517_01/00124.jpg",
      "transform_matrix": [
        [
          -0.897984,
          -0.159104,
          0.410257,
          3.999929
        ],
        [
          -0.439984,
          0.311451,
          -0.842266,
          1.935235
        ],
        [
          0.006233,
          -0.936848,
          -0.349681,
          1.348501
        ],
        [
          0.0,
          0.0,
          0.0,
          1.0
        ]
      ]
    },
    {
      "file_path": "/media/NFS/ttao/scannet/posed_images/scene0517_01/00145.jpg",
      "transform_matrix": [
        [
          -0.637221,
          -0.211675,
          0.741042,
          3.851149
        ],
        [
          -0.769908,
          0.131801,
          -0.624396,
          1.849952
        ],
        [
          0.034499,
          -0.968412,
          -0.246956,
          1.41677
        ],
        [
          0.0,
          0.0,
          0.0,
          1.0
        ]
      ]
    },
    {
      "file_path": "/media/NFS/ttao/scannet/posed_images/scene0517_01/00148.jpg",
      "transform_matrix": [
        [
          -0.628707,
          -0.191149,
          0.753784,
          3.8295
        ],
        [
          -0.777135,
          0.119413,
          -0.617901,
          1.838365
        ],
        [
          0.028099,
          -0.97427,
          -0.223624,
          1.432837
        ],
        [
          0.0,
          0.0,
          0.0,
          1.0
        ]
      ]
    },
    {
      "file_path": "/media/NFS/ttao/scannet/posed_images/scene0517_01/00162.jpg",
      "transform_matrix": [
        [
          -0.557013,
          -0.086893,
          0.825946,
          3.751116
        ],
        [
          -0.830502,
          0.06016,
          -0.553757,
          1.804098
        ],
        [
          -0.001572,
          -0.9944,
          -0.105675,
          1.496352
        ],
        [
          0.0,
          0.0,
          0.0,
          1.0
        ]
      ]
    },
    {
      "file_path": "/media/NFS/ttao/scannet/posed_images/scene0517_01/00169.jpg",
      "transform_matrix": [
        [
          -0.553563,
          -0.031116,
          0.832226,
          3.737501
        ],
        [
          -0.832728,
          0.006916,
          -0.553639,
          1.818893
        ],
        [
          0.011471,
          -0.999492,
          -0.02974,
          1.524107
        ],
        [
          0.0,
          0.0,
          0.0,
          1.0
        ]
      ]
    },
    {
      "file_path": "/media/NFS/ttao/scannet/posed_images/scene0517_01/00190.jpg",
      "transform_matrix": [
        [
          -0.602276,
          0.111695,
          0.790435,
          3.702996
        ],
        [
          -0.795923,
          -0.160187,
          -0.583821,
          1.864693
        ],
        [
          0.061407,
          -0.980747,
          0.185377,
          1.555154
        ],
        [
          0.0,
          0.0,
          0.0,
          1.0
        ]
      ]
    },
    {
      "file_path": "/media/NFS/ttao/scannet/posed_images/scene0517_01/00193.jpg",
      "transform_matrix": [
        [
          -0.623562,
          0.109684,
          0.774041,
          3.704381
        ],
        [
          -0.779057,
          -0.16966,
          -0.603561,
          1.86597
        ],
        [
          0.065122,
          -0.97938,
          0.191244,
          1.554351
        ],
        [
          0.0,
          0.0,
          0.0,
          1.0
        ]
      ]
    },
    {
      "file_path": "/media/NFS/ttao/scannet/posed_images/scene0517_01/00214.jpg",
      "transform_matrix": [
        [
          -0.801983,
          0.091185,
          0.590346,
          3.767901
        ],
        [
          -0.59622,
          -0.182857,
          -0.781719,
          1.899553
        ],
        [
          0.036668,
          -0.978902,
          0.201014,
          1.568003
        ],
        [
          0.0,
          0.0,
          0.0,
          1.0
        ]
      ]
    },
    {
      "file_path": "/media/NFS/ttao/scannet/posed_images/scene0517_01/00217.jpg",
      "transform_matrix": [
        [
          -0.834106,
          0.085602,
          0.544921,
          3.789728
        ],
        [
          -0.55093,
          -0.178102,
          -0.815326,
          1.909036
        ],
        [
          0.027258,
          -0.980281,
          0.195717,
          1.563693
        ],
        [
          0.0,
          0.0,
          0.0,
          1.0
        ]
      ]
    },
    {
      "file_path": "/media/NFS/ttao/scannet/posed_images/scene0517_01/00235.jpg",
      "transform_matrix": [
        [
          -0.934514,
          -0.050749,
          0.352291,
          3.943936
        ],
        [
          -0.35568,
          0.096265,
          -0.929637,
          1.959886
        ],
        [
          0.013265,
          -0.994061,
          -0.108012,
          1.475111
        ],
        [
          0.0,
          0.0,
          0.0,
          1.0
        ]
      ]
    },
    {
      "file_path": "/media/NFS/ttao/scannet/posed_images/scene0517_01/00238.jpg",
      "transform_matrix": [
        [
          -0.934525,
          -0.065457,
          0.349825,
          3.949802
        ],
        [
          -0.355523,
          0.126726,
          -0.926036,
          1.963273
        ],
        [
          0.016284,
          -0.989775,
          -0.141701,
          1.460914
        ],
        [
          0.0,
          0.0,
          0.0,
          1.0
        ]
      ]
    },
    {
      "file_path": "/media/NFS/ttao/scannet/posed_images/scene0517_01/00252.jpg",
      "transform_matrix": [
        [
          -0.95589,
          -0.081265,
          0.282258,
          3.890875
        ],
        [
          -0.293285,
          0.211555,
          -0.932324,
          1.938341
        ],
        [
          0.016052,
          -0.973982,
          -0.226058,
          1.418567
        ],
        [
          0.0,
          0.0,
          0.0,
          1.0
        ]
      ]
    },
    {
      "file_path": "/media/NFS/ttao/scannet/posed_images/scene0517_01/00262.jpg",
      "transform_matrix": [
        [
          -0.979389,
          -0.020504,
          0.200939,
          3.837046
        ],
        [
          -0.200119,
          0.233313,
          -0.951587,
          1.928757
        ],
        [
          -0.02737,
          -0.972185,
          -0.232608,
          1.386843
        ],
        [
          0.0,
          0.0,
          0.0,
          1.0
        ]
      ]
    },
    {
      "file_path": "/media/NFS/ttao/scannet/posed_images/scene0517_01/00279.jpg",
      "transform_matrix": [
        [
          -0.999071,
          0.006593,
          0.042592,
          3.820394
        ],
        [
          -0.03436,
          0.474746,
          -0.879452,
          1.934217
        ],
        [
          -0.026018,
          -0.880098,
          -0.474078,
          1.253152
        ],
        [
          0.0,
          0.0,
          0.0,
          1.0
        ]
      ]
    },
    {
      "file_path": "/media/NFS/ttao/scannet/posed_images/scene0517_01/00293.jpg",
      "transform_matrix": [
        [
          -0.990291,
          0.076811,
          -0.115863,
          3.927305
        ],
        [
          0.138868,
          0.508734,
          -0.84965,
          1.949366
        ],
        [
          -0.006319,
          -0.85749,
          -0.514461,
          1.243646
        ],
        [
          0.0,
          0.0,
          0.0,
          1.0
        ]
      ]
    },
    {
      "file_path": "/media/NFS/ttao/scannet/posed_images/scene0517_01/00304.jpg",
      "transform_matrix": [
        [
          -0.950139,
          0.157923,
          -0.268881,
          4.032486
        ],
        [
          0.311755,
          0.462381,
          -0.830068,
          1.940983
        ],
        [
          -0.006761,
          -0.872504,
          -0.48856,
          1.231247
        ],
        [
          0.0,
          0.0,
          0.0,
          1.0
        ]
      ]
    },
    {
      "file_path": "/media/NFS/ttao/scannet/posed_images/scene0517_01/00307.jpg",
      "transform_matrix": [
        [
          -0.950846,
          0.150836,
          -0.270446,
          4.047739
        ],
        [
          0.309633,
          0.4757,
          -0.823309,
          1.941858
        ],
        [
          0.004466,
          -0.866579,
          -0.499021,
          1.225697
        ],
        [
          0.0,
          0.0,
          0.0,
          1.0
        ]
      ]
    },
    {
      "file_path": "/media/NFS/ttao/scannet/posed_images/scene0517_01/00324.jpg",
      "transform_matrix": [
        [
          -0.897812,
          0.233502,
          -0.373377,
          4.016305
        ],
        [
          0.439657,
          0.523771,
          -0.729634,
          1.95449
        ],
        [
          0.025193,
          -0.819232,
          -0.572909,
          1.189806
        ],
        [
          0.0,
          0.0,
          0.0,
          1.0
        ]
      ]
    },
    {
      "file_path": "/media/NFS/ttao/scannet/posed_images/scene0517_01/00331.jpg",
      "transform_matrix": [
        [
          -0.848294,
          0.292411,
          -0.441468,
          3.963189
        ],
        [
          0.529466,
          0.480956,
          -0.698819,
          1.951006
        ],
        [
          0.007985,
          -0.826546,
          -0.562813,
          1.225783
        ],
        [
          0.0,
          0.0,
          0.0,
          1.0
        ]
      ]
    },
    {
      "file_path": "/media/NFS/ttao/scannet/posed_images/scene0517_01/00352.jpg",
      "transform_matrix": [
        [
          -0.78133,
          0.274402,
          -0.56056,
          3.889218
        ],
        [
          0.622331,
          0.274615,
          -0.733001,
          1.970815
        ],
        [
          -0.047199,
          -0.92157,
          -0.385334,
          1.309163
        ],
        [
          0.0,
          0.0,
          0.0,
          1.0
        ]
      ]
    },
    {
      "file_path": "/media/NFS/ttao/scannet/posed_images/scene0517_01/00362.jpg",
      "transform_matrix": [
        [
          -0.836038,
          0.246239,
          -0.490313,
          3.837511
        ],
        [
          0.544255,
          0.259038,
          -0.797926,
          1.998592
        ],
        [
          -0.069471,
          -0.933952,
          -0.350582,
          1.337557
        ],
        [
          0.0,
          0.0,
          0.0,
          1.0
        ]
      ]
    },
    {
      "file_path": "/media/NFS/ttao/scannet/posed_images/scene0517_01/00366.jpg",
      "transform_matrix": [
        [
          -0.844661,
          0.241876,
          -0.47754,
          3.811032
        ],
        [
          0.531082,
          0.266856,
          -0.804201,
          1.997244
        ],
        [
          -0.067082,
          -0.93289,
          -0.353859,
          1.337865
        ],
        [
          0.0,
          0.0,
          0.0,
          1.0
        ]
      ]
    },
    {
      "file_path": "/media/NFS/ttao/scannet/posed_images/scene0517_01/00376.jpg",
      "transform_matrix": [
        [
          -0.868502,
          0.176721,
          -0.463113,
          3.738386
        ],
        [
          0.492168,
          0.19634,
          -0.848069,
          1.986595
        ],
        [
          -0.058944,
          -0.964479,
          -0.257498,
          1.373397
        ],
        [
          0.0,
          0.0,
          0.0,
          1.0
        ]
      ]
    },
    {
      "file_path": "/media/NFS/ttao/scannet/posed_images/scene0517_01/00397.jpg",
      "transform_matrix": [
        [
          -0.95577,
          0.063644,
          -0.287147,
          3.715761
        ],
        [
          0.290018,
          0.041542,
          -0.956119,
          1.989318
        ],
        [
          -0.048922,
          -0.997108,
          -0.058163,
          1.454245
        ],
        [
          0.0,
          0.0,
          0.0,
          1.0
        ]
      ]
    },
    {
      "file_path": "/media/NFS/ttao/scannet/posed_images/scene0517_01/00400.jpg",
      "transform_matrix": [
        [
          -0.954131,
          0.069295,
          -0.291258,
          3.742176
        ],
        [
          0.294022,
          0.03352,
          -0.955211,
          1.986195
        ],
        [
          -0.056429,
          -0.997033,
          -0.052357,
          1.470428
        ],
        [
          0.0,
          0.0,
          0.0,
          1.0
        ]
      ]
    },
    {
      "file_path": "/media/NFS/ttao/scannet/posed_images/scene0517_01/00410.jpg",
      "transform_matrix": [
        [
          -0.964684,
          0.036508,
          -0.260869,
          3.790165
        ],
        [
          0.258587,
          -0.057418,
          -0.96428,
          2.009826
        ],
        [
          -0.050182,
          -0.997683,
          0.045949,
          1.514109
        ],
        [
          0.0,
          0.0,
          0.0,
          1.0
        ]
      ]
    },
    {
      "file_path": "/media/NFS/ttao/scannet/posed_images/scene0517_01/00431.jpg",
      "transform_matrix": [
        [
          -0.973621,
          -0.037952,
          -0.224991,
          3.852253
        ],
        [
          0.227469,
          -0.23868,
          -0.944081,
          2.071179
        ],
        [
          -0.017871,
          -0.970356,
          0.241017,
          1.583556
        ],
        [
          0.0,
          0.0,
          0.0,
          1.0
        ]
      ]
    },
    {
      "file_path": "/media/NFS/ttao/scannet/posed_images/scene0517_01/00435.jpg",
      "transform_matrix": [
        [
          -0.97582,
          -0.041306,
          -0.214637,
          3.855949
        ],
        [
          0.21815,
          -0.245285,
          -0.944588,
          2.07631
        ],
        [
          -0.013631,
          -0.968571,
          0.248365,
          1.59181
        ],
        [
          0.0,
          0.0,
          0.0,
          1.0
        ]
      ]
    },
    {
      "file_path": "/media/NFS/ttao/scannet/posed_images/scene0517_01/00452.jpg",
      "transform_matrix": [
        [
          -0.939596,
          -0.022734,
          -0.34153,
          3.813731
        ],
        [
          0.337768,
          -0.223157,
          -0.914392,
          2.073372
        ],
        [
          -0.055427,
          -0.974517,
          0.217357,
          1.585232
        ],
        [
          0.0,
          0.0,
          0.0,
          1.0
        ]
      ]
    },
    {
      "file_path": "/media/NFS/ttao/scannet/posed_images/scene0517_01/00459.jpg",
      "transform_matrix": [
        [
          -0.914104,
          -0.038282,
          -0.403668,
          3.802039
        ],
        [
          0.402688,
          -0.202314,
          -0.892699,
          2.065545
        ],
        [
          -0.047494,
          -0.978572,
          0.200352,
          1.588872
        ],
        [
          0.0,
          0.0,
          0.0,
          1.0
        ]
      ]
    },
    {
      "file_path": "/media/NFS/ttao/scannet/posed_images/scene0517_01/00469.jpg",
      "transform_matrix": [
        [
          -0.865957,
          -0.045384,
          -0.498054,
          3.74933
        ],
        [
          0.498613,
          -0.155549,
          -0.852754,
          2.033425
        ],
        [
          -0.038771,
          -0.986785,
          0.157328,
          1.569893
        ],
        [
          0.0,
          0.0,
          0.0,
          1.0
        ]
      ]
    },
    {
      "file_path": "/media/NFS/ttao/scannet/posed_images/scene0517_01/00479.jpg",
      "transform_matrix": [
        [
          -0.825375,
          0.014317,
          -0.564403,
          3.665434
        ],
        [
          0.562227,
          -0.070413,
          -0.82398,
          1.987657
        ],
        [
          -0.051538,
          -0.997415,
          0.050068,
          1.517844
        ],
        [
          0.0,
          0.0,
          0.0,
          1.0
        ]
      ]
    },
    {
      "file_path": "/media/NFS/ttao/scannet/posed_images/scene0517_01/00500.jpg",
      "transform_matrix": [
        [
          -0.725171,
          0.199664,
          -0.658985,
          3.627914
        ],
        [
          0.685099,
          0.113261,
          -0.719592,
          1.91042
        ],
        [
          -0.06904,
          -0.973297,
          -0.218924,
          1.397588
        ],
        [
          0.0,
          0.0,
          0.0,
          1.0
        ]
      ]
    },
    {
      "file_path": "/media/NFS/ttao/scannet/posed_images/scene0517_01/00510.jpg",
      "transform_matrix": [
        [
          -0.652728,
          0.227923,
          -0.722494,
          3.749874
        ],
        [
          0.757135,
          0.163122,
          -0.632564,
          1.863966
        ],
        [
          -0.026322,
          -0.959918,
          -0.279043,
          1.356925
        ],
        [
          0.0,
          0.0,
          0.0,
          1.0
        ]
      ]
    },
    {
      "file_path": "/media/NFS/ttao/scannet/posed_images/scene0517_01/00514.jpg",
      "transform_matrix": [
        [
          -0.637327,
          0.258771,
          -0.725846,
          3.789889
        ],
        [
          0.770477,
          0.197645,
          -0.606054,
          1.845594
        ],
        [
          -0.013369,
          -0.945502,
          -0.325342,
          1.341529
        ],
        [
          0.0,
          0.0,
          0.0,
          1.0
        ]
      ]
    },
    {
      "file_path": "/media/NFS/ttao/scannet/posed_images/scene0517_01/00528.jpg",
      "transform_matrix": [
        [
          -0.576295,
          0.368818,
          -0.729285,
          3.766261
        ],
        [
          0.817223,
          0.254017,
          -0.517322,
          1.81378
        ],
        [
          -0.005547,
          -0.894119,
          -0.447795,
          1.285073
        ],
        [
          0.0,
          0.0,
          0.0,
          1.0
        ]
      ]
    },
    {
      "file_path": "/media/NFS/ttao/scannet/posed_images/scene0517_01/00541.jpg",
      "transform_matrix": [
        [
          -0.482872,
          0.48676,
          -0.727942,
          3.664974
        ],
        [
          0.874407,
          0.223024,
          -0.430897,
          1.792668
        ],
        [
          -0.047395,
          -0.844586,
          -0.533319,
          1.23586
        ],
        [
          0.0,
          0.0,
          0.0,
          1.0
        ]
      ]
    },
    {
      "file_path": "/media/NFS/ttao/scannet/posed_images/scene0517_01/00548.jpg",
      "transform_matrix": [
        [
          -0.501512,
          0.523924,
          -0.688469,
          3.657622
        ],
        [
          0.863654,
          0.256386,
          -0.434014,
          1.783656
        ],
        [
          -0.050877,
          -0.812262,
          -0.58107,
          1.216403
        ],
        [
          0.0,
          0.0,
          0.0,
          1.0
        ]
      ]
    },
    {
      "file_path": "/media/NFS/ttao/scannet/posed_images/scene0517_01/00566.jpg",
      "transform_matrix": [
        [
          -0.252022,
          0.579879,
          -0.774742,
          3.736581
        ],
        [
          0.967171,
          0.17795,
          -0.181426,
          1.699422
        ],
        [
          0.03266,
          -0.795031,
          -0.605689,
          1.193814
        ],
        [
          0.0,
          0.0,
          0.0,
          1.0
        ]
      ]
    },
    {
      "file_path": "/media/NFS/ttao/scannet/posed_images/scene0517_01/00573.jpg",
      "transform_matrix": [
        [
          -0.146126,
          0.613107,
          -0.776368,
          3.808554
        ],
        [
          0.988348,
          0.124274,
          -0.087883,
          1.616597
        ],
        [
          0.042601,
          -0.780164,
          -0.624123,
          1.216189
        ],
        [
          0.0,
          0.0,
          0.0,
          1.0
        ]
      ]
    },
    {
      "file_path": "/media/NFS/ttao/scannet/posed_images/scene0517_01/00590.jpg",
      "transform_matrix": [
        [
          0.013085,
          0.569642,
          -0.821789,
          3.894642
        ],
        [
          0.999613,
          0.01273,
          0.02474,
          1.617672
        ],
        [
          0.024554,
          -0.821794,
          -0.569255,
          1.233769
        ],
        [
          0.0,
          0.0,
          0.0,
          1.0
        ]
      ]
    },
    {
      "file_path": "/media/NFS/ttao/scannet/posed_images/scene0517_01/00600.jpg",
      "transform_matrix": [
        [
          0.106509,
          0.55082,
          -0.8278,
          3.926571
        ],
        [
          0.994258,
          -0.067641,
          0.082919,
          1.683798
        ],
        [
          -0.01032,
          -0.831878,
          -0.554862,
          1.229623
        ],
        [
          0.0,
          0.0,
          0.0,
          1.0
        ]
      ]
    },
    {
      "file_path": "/media/NFS/ttao/scannet/posed_images/scene0517_01/00607.jpg",
      "transform_matrix": [
        [
          0.151867,
          0.542605,
          -0.826146,
          3.947531
        ],
        [
          0.987866,
          -0.110836,
          0.1088,
          1.702933
        ],
        [
          -0.032531,
          -0.832644,
          -0.552853,
          1.245441
        ],
        [
          0.0,
          0.0,
          0.0,
          1.0
        ]
      ]
    },
    {
      "file_path": "/media/NFS/ttao/scannet/posed_images/scene0517_01/00624.jpg",
      "transform_matrix": [
        [
          0.279728,
          0.439467,
          -0.853593,
          3.963592
        ],
        [
          0.960077,
          -0.126177,
          0.249663,
          1.603893
        ],
        [
          0.002015,
          -0.889353,
          -0.457217,
          1.269822
        ],
        [
          0.0,
          0.0,
          0.0,
          1.0
        ]
      ]
    },
    {
      "file_path": "/media/NFS/ttao/scannet/posed_images/scene0517_01/00638.jpg",
      "transform_matrix": [
        [
          0.389869,
          0.359535,
          -0.847784,
          3.948843
        ],
        [
          0.920843,
          -0.159405,
          0.355864,
          1.512962
        ],
        [
          -0.007196,
          -0.919415,
          -0.393222,
          1.289829
        ],
        [
          0.0,
          0.0,
          0.0,
          1.0
        ]
      ]
    },
    {
      "file_path": "/media/NFS/ttao/scannet/posed_images/scene0517_01/00648.jpg",
      "transform_matrix": [
        [
          0.539491,
          0.359969,
          -0.761165,
          3.882316
        ],
        [
          0.841962,
          -0.238285,
          0.484067,
          1.533355
        ],
        [
          -0.007125,
          -0.902021,
          -0.431633,
          1.270019
        ],
        [
          0.0,
          0.0,
          0.0,
          1.0
        ]
      ]
    },
    {
      "file_path": "/media/NFS/ttao/scannet/posed_images/scene0517_01/00655.jpg",
      "transform_matrix": [
        [
          0.594418,
          0.352969,
          -0.722551,
          3.824685
        ],
        [
          0.802526,
          -0.317549,
          0.505087,
          1.591465
        ],
        [
          -0.051165,
          -0.880099,
          -0.472025,
          1.272661
        ],
        [
          0.0,
          0.0,
          0.0,
          1.0
        ]
      ]
    },
    {
      "file_path": "/media/NFS/ttao/scannet/posed_images/scene0517_01/00673.jpg",
      "transform_matrix": [
        [
          0.777637,
          0.271665,
          -0.566991,
          3.776405
        ],
        [
          0.626512,
          -0.410251,
          0.662705,
          1.660744
        ],
        [
          -0.052574,
          -0.87057,
          -0.489228,
          1.27404
        ],
        [
          0.0,
          0.0,
          0.0,
          1.0
        ]
      ]
    },
    {
      "file_path": "/media/NFS/ttao/scannet/posed_images/scene0517_01/00679.jpg",
      "transform_matrix": [
        [
          0.834077,
          0.230049,
          -0.501391,
          3.731925
        ],
        [
          0.549944,
          -0.418122,
          0.723004,
          1.623469
        ],
        [
          -0.043316,
          -0.878779,
          -0.47526,
          1.27406
        ],
        [
          0.0,
          0.0,
          0.0,
          1.0
        ]
      ]
    },
    {
      "file_path": "/media/NFS/ttao/scannet/posed_images/scene0517_01/00693.jpg",
      "transform_matrix": [
        [
          0.923841,
          0.199922,
          -0.326418,
          3.614114
        ],
        [
          0.382687,
          -0.500792,
          0.776375,
          1.505574
        ],
        [
          -0.008253,
          -0.842163,
          -0.53916,
          1.255889
        ],
        [
          0.0,
          0.0,
          0.0,
          1.0
        ]
      ]
    },
    {
      "file_path": "/media/NFS/ttao/scannet/posed_images/scene0517_01/00707.jpg",
      "transform_matrix": [
        [
          0.920834,
          0.226993,
          -0.31708,
          3.576334
        ],
        [
          0.389484,
          -0.575359,
          0.719211,
          1.477079
        ],
        [
          -0.019179,
          -0.785771,
          -0.61822,
          1.227837
        ],
        [
          0.0,
          0.0,
          0.0,
          1.0
        ]
      ]
    },
    {
      "file_path": "/media/NFS/ttao/scannet/posed_images/scene0517_01/00710.jpg",
      "transform_matrix": [
        [
          0.921998,
          0.207647,
          -0.326806,
          3.578202
        ],
        [
          0.385183,
          -0.577796,
          0.719573,
          1.480393
        ],
        [
          -0.03941,
          -0.789325,
          -0.612709,
          1.226953
        ],
        [
          0.0,
          0.0,
          0.0,
          1.0
        ]
      ]
    },
    {
      "file_path": "/media/NFS/ttao/scannet/posed_images/scene0517_01/00721.jpg",
      "transform_matrix": [
        [
          0.915437,
          0.184806,
          -0.357523,
          3.562375
        ],
        [
          0.397984,
          -0.547833,
          0.735858,
          1.511512
        ],
        [
          -0.059872,
          -0.81592,
          -0.575056,
          1.251777
        ],
        [
          0.0,
          0.0,
          0.0,
          1.0
        ]
      ]
    },
    {
      "file_path": "/media/NFS/ttao/scannet/posed_images/scene0517_01/00735.jpg",
      "transform_matrix": [
        [
          0.952079,
          0.087264,
          -0.293139,
          3.466263
        ],
        [
          0.30353,
          -0.387461,
          0.870485,
          1.470442
        ],
        [
          -0.037618,
          -0.917747,
          -0.395381,
          1.328477
        ],
        [
          0.0,
          0.0,
          0.0,
          1.0
        ]
      ]
    },
    {
      "file_path": "/media/NFS/ttao/scannet/posed_images/scene0517_01/00748.jpg",
      "transform_matrix": [
        [
          0.960734,
          0.054481,
          -0.272067,
          3.422038
        ],
        [
          0.276258,
          -0.279297,
          0.919605,
          1.426361
        ],
        [
          -0.025887,
          -0.958658,
          -0.283381,
          1.389514
        ],
        [
          0.0,
          0.0,
          0.0,
          1.0
        ]
      ]
    },
    {
      "file_path": "/media/NFS/ttao/scannet/posed_images/scene0517_01/00759.jpg",
      "transform_matrix": [
        [
          0.952951,
          -0.00682,
          -0.303049,
          3.461337
        ],
        [
          0.299748,
          -0.127634,
          0.945442,
          1.391307
        ],
        [
          -0.045127,
          -0.991798,
          -0.119585,
          1.445563
        ],
        [
          0.0,
          0.0,
          0.0,
          1.0
        ]
      ]
    },
    {
      "file_path": "/media/NFS/ttao/scannet/posed_images/scene0517_01/00776.jpg",
      "transform_matrix": [
        [
          0.976069,
          -0.03414,
          -0.214765,
          3.490882
        ],
        [
          0.211724,
          -0.076176,
          0.974356,
          1.368504
        ],
        [
          -0.049625,
          -0.99651,
          -0.067125,
          1.463802
        ],
        [
          0.0,
          0.0,
          0.0,
          1.0
        ]
      ]
    },
    {
      "file_path": "/media/NFS/ttao/scannet/posed_images/scene0517_01/00779.jpg",
      "transform_matrix": [
        [
          0.981905,
          -0.033666,
          -0.18636,
          3.491993
        ],
        [
          0.183393,
          -0.076386,
          0.980068,
          1.370837
        ],
        [
          -0.04723,
          -0.99651,
          -0.06883,
          1.461169
        ],
        [
          0.0,
          0.0,
          0.0,
          1.0
        ]
      ]
    },
    {
      "file_path": "/media/NFS/ttao/scannet/posed_images/scene0517_01/00800.jpg",
      "transform_matrix": [
        [
          0.997818,
          -0.057669,
          -0.032142,
          3.51835
        ],
        [
          0.010602,
          -0.340569,
          0.94016,
          1.445306
        ],
        [
          -0.065165,
          -0.93845,
          -0.339214,
          1.371626
        ],
        [
          0.0,
          0.0,
          0.0,
          1.0
        ]
      ]
    },
    {
      "file_path": "/media/NFS/ttao/scannet/posed_images/scene0517_01/00807.jpg",
      "transform_matrix": [
        [
          0.998364,
          -0.055333,
          -0.014388,
          3.518207
        ],
        [
          -0.008954,
          -0.399874,
          0.916527,
          1.456599
        ],
        [
          -0.056468,
          -0.914899,
          -0.399715,
          1.344516
        ],
        [
          0.0,
          0.0,
          0.0,
          1.0
        ]
      ]
    },
    {
      "file_path": "/media/NFS/ttao/scannet/posed_images/scene0517_01/00821.jpg",
      "transform_matrix": [
        [
          0.994634,
          -0.080357,
          0.065162,
          3.519819
        ],
        [
          -0.094952,
          -0.458955,
          0.883371,
          1.498192
        ],
        [
          -0.041079,
          -0.884818,
          -0.464122,
          1.316131
        ],
        [
          0.0,
          0.0,
          0.0,
          1.0
        ]
      ]
    },
    {
      "file_path": "/media/NFS/ttao/scannet/posed_images/scene0517_01/00831.jpg",
      "transform_matrix": [
        [
          0.992947,
          -0.073866,
          0.092733,
          3.52999
        ],
        [
          -0.117362,
          -0.501667,
          0.857063,
          1.540648
        ],
        [
          -0.016787,
          -0.861901,
          -0.506798,
          1.297014
        ],
        [
          0.0,
          0.0,
          0.0,
          1.0
        ]
      ]
    },
    {
      "file_path": "/media/NFS/ttao/scannet/posed_images/scene0517_01/00838.jpg",
      "transform_matrix": [
        [
          0.987845,
          -0.08647,
          0.129172,
          3.554485
        ],
        [
          -0.155316,
          -0.515446,
          0.842729,
          1.582362
        ],
        [
          -0.00629,
          -0.852548,
          -0.522611,
          1.290396
        ],
        [
          0.0,
          0.0,
          0.0,
          1.0
        ]
      ]
    },
    {
      "file_path": "/media/NFS/ttao/scannet/posed_images/scene0517_01/00855.jpg",
      "transform_matrix": [
        [
          0.984799,
          -0.091698,
          0.147518,
          3.672845
        ],
        [
          -0.17338,
          -0.467811,
          0.866656,
          1.802665
        ],
        [
          -0.01046,
          -0.879059,
          -0.476598,
          1.290238
        ],
        [
          0.0,
          0.0,
          0.0,
          1.0
        ]
      ]
    },
    {
      "file_path": "/media/NFS/ttao/scannet/posed_images/scene0517_01/00869.jpg",
      "transform_matrix": [
        [
          0.982574,
          -0.123721,
          0.138712,
          3.741424
        ],
        [
          -0.18099,
          -0.466963,
          0.865557,
          1.930325
        ],
        [
          -0.042314,
          -0.875579,
          -0.481218,
          1.300086
        ],
        [
          0.0,
          0.0,
          0.0,
          1.0
        ]
      ]
    },
    {
      "file_path": "/media/NFS/ttao/scannet/posed_images/scene0517_01/00873.jpg",
      "transform_matrix": [
        [
          0.978459,
          -0.134854,
          0.156309,
          3.743854
        ],
        [
          -0.20232,
          -0.475854,
          0.855938,
          1.939889
        ],
        [
          -0.041047,
          -0.869125,
          -0.492887,
          1.298683
        ],
        [
          0.0,
          0.0,
          0.0,
          1.0
        ]
      ]
    },
    {
      "file_path": "/media/NFS/ttao/scannet/posed_images/scene0517_01/00890.jpg",
      "transform_matrix": [
        [
          0.890923,
          -0.246808,
          0.381238,
          3.573627
        ],
        [
          -0.453917,
          -0.456715,
          0.765095,
          1.900359
        ],
        [
          -0.014715,
