{
  "frames": [
    {
      "file_path": "/media/NFS/ttao/scannet/posed_images/scene0667_02/00009.jpg",
      "transform_matrix": [
        [
          0.264534,
          -0.478235,
          0.837445,
          4.516979
        ],
        [
          -0.964376,
          -0.132071,
          0.229208,
          4.866272
        ],
        [
          0.000987,
          -0.868245,
          -0.496135,
          1.694205
        ],
        [
          0.0,
          0.0,
          0.0,
          1.0
        ]
      ]
    },
    {
      "file_path": "/media/NFS/ttao/scannet/posed_images/scene0667_02/00019.jpg",
      "transform_matrix": [
        [
          0.309132,
          -0.449652,
          0.838004,
          4.484529
        ],
        [
          -0.951017,
          -0.14418,
          0.273458,
          4.850231
        ],
        [
          -0.002137,
          -0.88149,
          -0.472198,
          1.776108
        ],
        [
          0.0,
          0.0,
          0.0,
          1.0
        ]
      ]
    },
    {
      "file_path": "/media/NFS/ttao/scannet/posed_images/scene0667_02/00032.jpg",
      "transform_matrix": [
        [
          0.391678,
          -0.498884,
          0.773113,
          4.363882
        ],
        [
          -0.919573,
          -0.183752,
          0.347305,
          4.817429
        ],
        [
          -0.031204,
          -0.846965,
          -0.530732,
          1.733222
        ],
        [
          0.0,
          0.0,
          0.0,
          1.0
        ]
      ]
    },
    {
      "file_path": "/media/NFS/ttao/scannet/posed_images/scene0667_02/00056.jpg",
      "transform_matrix": [
        [
          0.366899,
          -0.558049,
          0.74429,
          4.153798
        ],
        [
          -0.930046,
          -0.202852,
          0.306375,
          4.816346
        ],
        [
          -0.019991,
          -0.804632,
          -0.593437,
          1.75555
        ],
        [
          0.0,
          0.0,
          0.0,
          1.0
        ]
      ]
    },
    {
      "file_path": "/media/NFS/ttao/scannet/posed_images/scene0667_02/00069.jpg",
      "transform_matrix": [
        [
          0.232596,
          -0.583557,
          0.778049,
          4.019608
        ],
        [
          -0.972406,
          -0.124697,
          0.197172,
          4.916533
        ],
        [
          -0.018041,
          -0.802441,
          -0.596459,
          1.779198
        ],
        [
          0.0,
          0.0,
          0.0,
          1.0
        ]
      ]
    },
    {
      "file_path": "/media/NFS/ttao/scannet/posed_images/scene0667_02/00083.jpg",
      "transform_matrix": [
        [
          0.117857,
          -0.53547,
          0.83629,
          3.945092
        ],
        [
          -0.992584,
          -0.088788,
          0.083033,
          4.955271
        ],
        [
          0.029791,
          -0.839874,
          -0.541963,
          1.820465
        ],
        [
          0.0,
          0.0,
          0.0,
          1.0
        ]
      ]
    },
    {
      "file_path": "/media/NFS/ttao/scannet/posed_images/scene0667_02/00093.jpg",
      "transform_matrix": [
        [
          0.022619,
          -0.52591,
          0.850239,
          3.870152
        ],
        [
          -0.999712,
          -0.018715,
          0.015019,
          4.974537
        ],
        [
          0.008014,
          -0.850334,
          -0.526182,
          1.830282
        ],
        [
          0.0,
          0.0,
          0.0,
          1.0
        ]
      ]
    },
    {
      "file_path": "/media/NFS/ttao/scannet/posed_images/scene0667_02/00107.jpg",
      "transform_matrix": [
        [
          -0.117638,
          -0.542295,
          0.831912,
          3.873064
        ],
        [
          -0.99184,
          0.022714,
          -0.125446,
          5.016898
        ],
        [
          0.049133,
          -0.839881,
          -0.540542,
          1.832932
        ],
        [
          0.0,
          0.0,
          0.0,
          1.0
        ]
      ]
    },
    {
      "file_path": "/media/NFS/ttao/scannet/posed_images/scene0667_02/00125.jpg",
      "transform_matrix": [
        [
          -0.326115,
          -0.567741,
          0.755857,
          3.921252
        ],
        [
          -0.942077,
          0.128903,
          -0.309637,
          5.118479
        ],
        [
          0.078361,
          -0.813052,
          -0.576893,
          1.794208
        ],
        [
          0.0,
          0.0,
          0.0,
          1.0
        ]
      ]
    },
    {
      "file_path": "/media/NFS/ttao/scannet/posed_images/scene0667_02/00139.jpg",
      "transform_matrix": [
        [
          -0.387677,
          -0.535739,
          0.750127,
          3.868419
        ],
        [
          -0.918245,
          0.153092,
          -0.365225,
          5.089283
        ],
        [
          0.080827,
          -0.83039,
          -0.551289,
          1.805202
        ],
        [
          0.0,
          0.0,
          0.0,
          1.0
        ]
      ]
    },
    {
      "file_path": "/media/NFS/ttao/scannet/posed_images/scene0667_02/00153.jpg",
      "transform_matrix": [
        [
          -0.453318,
          -0.56441,
          0.689888,
          3.813008
        ],
        [
          -0.88655,
          0.205293,
          -0.414589,
          5.071249
        ],
        [
          0.092369,
          -0.79956,
          -0.59344,
          1.786431
        ],
        [
          0.0,
          0.0,
          0.0,
          1.0
        ]
      ]
    },
    {
      "file_path": "/media/NFS/ttao/scannet/posed_images/scene0667_02/00171.jpg",
      "transform_matrix": [
        [
          -0.583007,
          -0.532194,
          0.613899,
          3.75827
        ],
        [
          -0.80681,
          0.290216,
          -0.514619,
          5.04373
        ],
        [
          0.095714,
          -0.795326,
          -0.598577,
          1.780847
        ],
        [
          0.0,
          0.0,
          0.0,
          1.0
        ]
      ]
    },
    {
      "file_path": "/media/NFS/ttao/scannet/posed_images/scene0667_02/00195.jpg",
      "transform_matrix": [
        [
          -0.771507,
          -0.44859,
          0.451158,
          3.710908
        ],
        [
          -0.627243,
          0.4176,
          -0.657401,
          4.987892
        ],
        [
          0.1065,
          -0.790176,
          -0.603557,
          1.772795
        ],
        [
          0.0,
          0.0,
          0.0,
          1.0
        ]
      ]
    },
    {
      "file_path": "/media/NFS/ttao/scannet/posed_images/scene0667_02/00199.jpg",
      "transform_matrix": [
        [
          -0.795222,
          -0.425957,
          0.431489,
          3.708908
        ],
        [
          -0.597328,
          0.428289,
          -0.678061,
          4.982267
        ],
        [
          0.104023,
          -0.79695,
          -0.595021,
          1.778768
        ],
        [
          0.0,
          0.0,
          0.0,
          1.0
        ]
      ]
    },
    {
      "file_path": "/media/NFS/ttao/scannet/posed_images/scene0667_02/00222.jpg",
      "transform_matrix": [
        [
          -0.818207,
          -0.337648,
          0.465329,
          3.710295
        ],
        [
          -0.566551,
          0.335901,
          -0.752456,
          4.960499
        ],
        [
          0.097761,
          -0.879298,
          -0.466131,
          1.834144
        ],
        [
          0.0,
          0.0,
          0.0,
          1.0
        ]
      ]
    },
    {
      "file_path": "/media/NFS/ttao/scannet/posed_images/scene0667_02/00227.jpg",
      "transform_matrix": [
        [
          -0.822345,
          -0.337093,
          0.458386,
          3.709258
        ],
        [
          -0.559981,
          0.336688,
          -0.757009,
          4.951453
        ],
        [
          0.100849,
          -0.87921,
          -0.465639,
          1.837636
        ],
        [
          0.0,
          0.0,
          0.0,
          1.0
        ]
      ]
    },
    {
      "file_path": "/media/NFS/ttao/scannet/posed_images/scene0667_02/00250.jpg",
      "transform_matrix": [
        [
          -0.922724,
          -0.272791,
          0.272333,
          3.649504
        ],
        [
          -0.356948,
          0.338031,
          -0.870818,
          4.890385
        ],
        [
          0.145494,
          -0.900733,
          -0.409281,
          1.850417
        ],
        [
          0.0,
          0.0,
          0.0,
          1.0
        ]
      ]
    },
    {
      "file_path": "/media/NFS/ttao/scannet/posed_images/scene0667_02/00269.jpg",
      "transform_matrix": [
        [
          -0.978477,
          -0.188758,
          0.083391,
          3.599094
        ],
        [
          -0.161588,
          0.449508,
          -0.87854,
          4.823013
        ],
        [
          0.128346,
          -0.873105,
          -0.470334,
          1.82592
        ],
        [
          0.0,
          0.0,
          0.0,
          1.0
        ]
      ]
    },
    {
      "file_path": "/media/NFS/ttao/scannet/posed_images/scene0667_02/00283.jpg",
      "transform_matrix": [
        [
          -0.993611,
          -0.101697,
          -0.048948,
          3.537543
        ],
        [
          -0.011828,
          0.525131,
          -0.85094,
          4.763257
        ],
        [
          0.112242,
          -0.844923,
          -0.522978,
          1.819963
        ],
        [
          0.0,
          0.0,
          0.0,
          1.0
        ]
      ]
    },
    {
      "file_path": "/media/NFS/ttao/scannet/posed_images/scene0667_02/00292.jpg",
      "transform_matrix": [
        [
          -0.992303,
          -0.085474,
          -0.08961,
          3.512486
        ],
        [
          0.036299,
          0.491071,
          -0.870363,
          4.746726
        ],
        [
          0.118398,
          -0.866916,
          -0.484189,
          1.844386
        ],
        [
          0.0,
          0.0,
          0.0,
          1.0
        ]
      ]
    },
    {
      "file_path": "/media/NFS/ttao/scannet/posed_images/scene0667_02/00315.jpg",
      "transform_matrix": [
        [
          -0.978734,
          -0.182169,
          0.094309,
          3.592563
        ],
        [
          -0.137518,
          0.241537,
          -0.960598,
          4.78026
        ],
        [
          0.152212,
          -0.953139,
          -0.261452,
          1.92318
        ],
        [
          0.0,
          0.0,
          0.0,
          1.0
        ]
      ]
    },
    {
      "file_path": "/media/NFS/ttao/scannet/posed_images/scene0667_02/00329.jpg",
      "transform_matrix": [
        [
          -0.94281,
          -0.219932,
          0.250477,
          3.701114
        ],
        [
          -0.293473,
          0.191366,
          -0.936618,
          4.846208
        ],
        [
          0.158059,
          -0.956561,
          -0.244966,
          1.905682
        ],
        [
          0.0,
          0.0,
          0.0,
          1.0
        ]
      ]
    },
    {
      "file_path": "/media/NFS/ttao/scannet/posed_images/scene0667_02/00343.jpg",
      "transform_matrix": [
        [
          -0.880709,
          -0.310906,
          0.357337,
          3.833623
        ],
        [
          -0.434461,
          0.22975,
          -0.870896,
          4.926215
        ],
        [
          0.188669,
          -0.922254,
          -0.337419,
          1.838805
        ],
        [
          0.0,
          0.0,
          0.0,
          1.0
        ]
      ]
    },
    {
      "file_path": "/media/NFS/ttao/scannet/posed_images/scene0667_02/00352.jpg",
      "transform_matrix": [
        [
          -0.909756,
          -0.307894,
          0.278471,
          3.85583
        ],
        [
          -0.364878,
          0.273088,
          -0.890105,
          4.903324
        ],
        [
          0.198011,
          -0.911386,
          -0.360787,
          1.816254
        ],
        [
          0.0,
          0.0,
          0.0,
          1.0
        ]
      ]
    },
    {
      "file_path": "/media/NFS/ttao/scannet/posed_images/scene0667_02/00371.jpg",
      "transform_matrix": [
        [
          -0.987729,
          -0.155812,
          0.01069,
          3.962482
        ],
        [
          -0.072616,
          0.397573,
          -0.914693,
          4.754057
        ],
        [
          0.138269,
          -0.904245,
          -0.404009,
          1.788566
        ],
        [
          0.0,
          0.0,
          0.0,
          1.0
        ]
      ]
    },
    {
      "file_path": "/media/NFS/ttao/scannet/posed_images/scene0667_02/00394.jpg",
      "transform_matrix": [
        [
          -0.912267,
          0.077284,
          -0.402239,
          4.100183
        ],
        [
          0.401312,
          0.365152,
          -0.840007,
          4.797036
        ],
        [
          0.081959,
          -0.927734,
          -0.364131,
          1.757925
        ],
        [
          0.0,
          0.0,
          0.0,
          1.0
        ]
      ]
    },
    {
      "file_path": "/media/NFS/ttao/scannet/posed_images/scene0667_02/00398.jpg",
      "transform_matrix": [
        [
          -0.88755,
          0.103108,
          -0.449025,
          4.130419
        ],
        [
          0.454048,
          0.36092,
          -0.814603,
          4.816633
        ],
        [
          0.07807,
          -0.92688,
          -0.36715,
          1.758583
        ],
        [
          0.0,
          0.0,
          0.0,
          1.0
        ]
      ]
    },
    {
      "file_path": "/media/NFS/ttao/scannet/posed_images/scene0667_02/00422.jpg",
      "transform_matrix": [
        [
          -0.701891,
          0.191959,
          -0.685931,
          4.202205
        ],
        [
          0.712244,
          0.199413,
          -0.673011,
          4.929259
        ],
        [
          0.007594,
          -0.96093,
          -0.276687,
          1.777815
        ],
        [
          0.0,
          0.0,
          0.0,
          1.0
        ]
      ]
    },
    {
      "file_path": "/media/NFS/ttao/scannet/posed_images/scene0667_02/00431.jpg",
      "transform_matrix": [
        [
          -0.662115,
          0.199365,
          -0.722397,
          4.225018
        ],
        [
          0.74929,
          0.159409,
          -0.642771,
          4.950533
        ],
        [
          -0.012989,
          -0.966872,
          -0.254929,
          1.775632
        ],
        [
          0.0,
          0.0,
          0.0,
          1.0
        ]
      ]
    },
    {
      "file_path": "/media/NFS/ttao/scannet/posed_images/scene0667_02/00449.jpg",
      "transform_matrix": [
        [
          -0.466677,
          0.213949,
          -0.85816,
          4.293051
        ],
        [
          0.884415,
          0.107567,
          -0.454137,
          4.821471
        ],
        [
          -0.004852,
          -0.970904,
          -0.239418,
          1.772395
        ],
        [
          0.0,
          0.0,
          0.0,
          1.0
        ]
      ]
    },
    {
      "file_path": "/media/NFS/ttao/scannet/posed_images/scene0667_02/00463.jpg",
      "transform_matrix": [
        [
          -0.294838,
          0.23445,
          -0.926339,
          4.329825
        ],
        [
          0.955501,
          0.062773,
          -0.288232,
          4.705971
        ],
        [
          -0.009427,
          -0.970099,
          -0.242525,
          1.783898
        ],
        [
          0.0,
          0.0,
          0.0,
          1.0
        ]
      ]
    },
    {
      "file_path": "/media/NFS/ttao/scannet/posed_images/scene0667_02/00482.jpg",
      "transform_matrix": [
        [
          -0.144184,
          0.277443,
          -0.949861,
          4.343649
        ],
        [
          0.988988,
          0.008015,
          -0.147782,
          4.705562
        ],
        [
          -0.033388,
          -0.960709,
          -0.275544,
          1.751603
        ],
        [
          0.0,
          0.0,
          0.0,
          1.0
        ]
      ]
    },
    {
      "file_path": "/media/NFS/ttao/scannet/posed_images/scene0667_02/00491.jpg",
      "transform_matrix": [
        [
          -0.113341,
          0.299834,
          -0.947235,
          4.389927
        ],
        [
          0.991095,
          -0.032939,
          -0.129016,
          4.731587
        ],
        [
          -0.069884,
          -0.953423,
          -0.293431,
          1.747697
        ],
        [
          0.0,
          0.0,
          0.0,
          1.0
        ]
      ]
    },
    {
      "file_path": "/media/NFS/ttao/scannet/posed_images/scene0667_02/00510.jpg",
      "transform_matrix": [
        [
          0.033686,
          0.290313,
          -0.956339,
          4.551135
        ],
        [
          0.994111,
          -0.108343,
          0.002127,
          4.781772
        ],
        [
          -0.102995,
          -0.950779,
          -0.292253,
          1.713379
        ],
        [
          0.0,
          0.0,
          0.0,
          1.0
        ]
      ]
    },
    {
      "file_path": "/media/NFS/ttao/scannet/posed_images/scene0667_02/00528.jpg",
      "transform_matrix": [
        [
          0.201899,
          0.195563,
          -0.959684,
          4.578623
        ],
        [
          0.978761,
          -0.075871,
          0.190451,
          4.725125
        ],
        [
          -0.035567,
          -0.977752,
          -0.206727,
          1.748788
        ],
        [
          0.0,
          0.0,
          0.0,
          1.0
        ]
      ]
    },
    {
      "file_path": "/media/NFS/ttao/scannet/posed_images/scene0667_02/00537.jpg",
      "transform_matrix": [
        [
          0.251585,
          0.149864,
          -0.956162,
          4.576769
        ],
        [
          0.966745,
          -0.085792,
          0.240924,
          4.701276
        ],
        [
          -0.045925,
          -0.984977,
          -0.166464,
          1.770239
        ],
        [
          0.0,
          0.0,
          0.0,
          1.0
        ]
      ]
    },
    {
      "file_path": "/media/NFS/ttao/scannet/posed_images/scene0667_02/00565.jpg",
      "transform_matrix": [
        [
          0.307361,
          0.277562,
          -0.910214,
          4.721145
        ],
        [
          0.949612,
          -0.151145,
          0.274575,
          4.737862
        ],
        [
          -0.061363,
          -0.948744,
          -0.310033,
          1.660436
        ],
        [
          0.0,
          0.0,
          0.0,
          1.0
        ]
      ]
    },
    {
      "file_path": "/media/NFS/ttao/scannet/posed_images/scene0667_02/00574.jpg",
      "transform_matrix": [
        [
          0.299691,
          0.324844,
          -0.89703,
          4.807108
        ],
        [
          0.95189,
          -0.16485,
          0.258321,
          4.747257
        ],
        [
          -0.063961,
          -0.93129,
          -0.35862,
          1.618843
        ],
        [
          0.0,
          0.0,
          0.0,
          1.0
        ]
      ]
    },
    {
      "file_path": "/media/NFS/ttao/scannet/posed_images/scene0667_02/00584.jpg",
      "transform_matrix": [
        [
          0.317555,
          0.348193,
          -0.881998,
          4.862401
        ],
        [
          0.944555,
          -0.198074,
          0.261882,
          4.749012
        ],
        [
          -0.083515,
          -0.916258,
          -0.391787,
          1.596844
        ],
        [
          0.0,
          0.0,
          0.0,
          1.0
        ]
      ]
    },
    {
      "file_path": "/media/NFS/ttao/scannet/posed_images/scene0667_02/00611.jpg",
      "transform_matrix": [
        [
          0.58479,
          0.21288,
          -0.782754,
          4.856061
        ],
        [
          0.798623,
          -0.320254,
          0.509548,
          4.805943
        ],
        [
          -0.142207,
          -0.923103,
          -0.357292,
          1.651522
        ],
        [
          0.0,
          0.0,
          0.0,
          1.0
        ]
      ]
    },
    {
      "file_path": "/media/NFS/ttao/scannet/posed_images/scene0667_02/00621.jpg",
      "transform_matrix": [
        [
          0.614998,
          0.160256,
          -0.772072,
          4.855871
        ],
        [
          0.774522,
          -0.306497,
          0.553331,
          4.793218
        ],
        [
          -0.147963,
          -0.938284,
          -0.312617,
          1.660509
        ],
        [
          0.0,
          0.0,
          0.0,
          1.0
        ]
      ]
    },
    {
      "file_path": "/media/NFS/ttao/scannet/posed_images/scene0667_02/00630.jpg",
      "transform_matrix": [
        [
          0.631888,
          0.122453,
          -0.765326,
          4.884548
        ],
        [
          0.758653,
          -0.299819,
          0.578407,
          4.795596
        ],
        [
          -0.158632,
          -0.946105,
          -0.282351,
          1.674362
        ],
        [
          0.0,
          0.0,
          0.0,
          1.0
        ]
      ]
    },
    {
      "file_path": "/media/NFS/ttao/scannet/posed_images/scene0667_02/00648.jpg",
      "transform_matrix": [
        [
          0.708243,
          0.032181,
          -0.705235,
          5.012685
        ],
        [
          0.678328,
          -0.307812,
          0.667175,
          4.86009
        ],
        [
          -0.195609,
          -0.950903,
          -0.239835,
          1.658196
        ],
        [
          0.0,
          0.0,
          0.0,
          1.0
        ]
      ]
    },
    {
      "file_path": "/media/NFS/ttao/scannet/posed_images/scene0667_02/00672.jpg",
      "transform_matrix": [
        [
          0.783455,
          0.061769,
          -0.618371,
          5.082631
        ],
        [
          0.593145,
          -0.371202,
          0.714415,
          4.893661
        ],
        [
          -0.185412,
          -0.926496,
          -0.327458,
          1.600894
        ],
        [
          0.0,
          0.0,
          0.0,
          1.0
        ]
      ]
    },
    {
      "file_path": "/media/NFS/ttao/scannet/posed_images/scene0667_02/00676.jpg",
      "transform_matrix": [
        [
          0.78615,
          0.069677,
          -0.614096,
          5.0797
        ],
        [
          0.590587,
          -0.377526,
          0.713219,
          4.89333
        ],
        [
          -0.182142,
          -0.923374,
          -0.337943,
          1.597668
        ],
        [
          0.0,
          0.0,
          0.0,
          1.0
        ]
      ]
    },
    {
      "file_path": "/media/NFS/ttao/scannet/posed_images/scene0667_02/00690.jpg",
      "transform_matrix": [
        [
          0.801599,
          0.107886,
          -0.588048,
          5.022421
        ],
        [
          0.576263,
          -0.401418,
          0.711888,
          4.916306
        ],
        [
          -0.15925,
          -0.909519,
          -0.383947,
          1.582836
        ],
        [
          0.0,
          0.0,
          0.0,
          1.0
        ]
      ]
    },
    {
      "file_path": "/media/NFS/ttao/scannet/posed_images/scene0667_02/00718.jpg",
      "transform_matrix": [
        [
          0.620632,
          0.203582,
          -0.757212,
          5.132219
        ],
        [
          0.770284,
          -0.338796,
          0.540258,
          5.249291
        ],
        [
          -0.146554,
          -0.91857,
          -0.367084,
          1.508502
        ],
        [
          0.0,
          0.0,
          0.0,
          1.0
        ]
      ]
    },
    {
      "file_path": "/media/NFS/ttao/scannet/posed_images/scene0667_02/00732.jpg",
      "transform_matrix": [
        [
          0.567652,
          0.270989,
          -0.777391,
          5.154707
        ],
        [
          0.804167,
          -0.384743,
          0.453087,
          5.34918
        ],
        [
          -0.176314,
          -0.882348,
          -0.436321,
          1.461069
        ],
        [
          0.0,
          0.0,
          0.0,
          1.0
        ]
      ]
    },
    {
      "file_path": "/media/NFS/ttao/scannet/posed_images/scene0667_02/00741.jpg",
      "transform_matrix": [
        [
          0.568691,
          0.298854,
          -0.76634,
          5.150578
        ],
        [
          0.807524,
          -0.380117,
          0.451017,
          5.375864
        ],
        [
          -0.156511,
          -0.875327,
          -0.457501,
          1.467527
        ],
        [
          0.0,
          0.0,
          0.0,
          1.0
        ]
      ]
    },
    {
      "file_path": "/media/NFS/ttao/scannet/posed_images/scene0667_02/00764.jpg",
      "transform_matrix": [
        [
          0.579835,
          0.153734,
          -0.800099,
          5.12618
        ],
        [
          0.812738,
          -0.177849,
          0.554821,
          5.27494
        ],
        [
          -0.057002,
          -0.971975,
          -0.228068,
          1.576609
        ],
        [
          0.0,
          0.0,
          0.0,
          1.0
        ]
      ]
    },
    {
      "file_path": "/media/NFS/ttao/scannet/posed_images/scene0667_02/00774.jpg",
      "transform_matrix": [
        [
          0.582563,
          0.134897,
          -0.801513,
          5.027497
        ],
        [
          0.812607,
          -0.117302,
          0.570885,
          5.142686
        ],
        [
          -0.017009,
          -0.983892,
          -0.177954,
          1.629983
        ],
        [
          0.0,
          0.0,
          0.0,
          1.0
        ]
      ]
    },
    {
      "file_path": "/media/NFS/ttao/scannet/posed_images/scene0667_02/00787.jpg",
      "transform_matrix": [
        [
          0.59148,
          0.112115,
          -0.798487,
          4.951321
        ],
        [
          0.805503,
          -0.126735,
          0.578881,
          5.070224
        ],
        [
          -0.036295,
          -0.98558,
          -0.16527,
          1.656904
        ],
        [
          0.0,
          0.0,
          0.0,
          1.0
        ]
      ]
    },
    {
      "file_path": "/media/NFS/ttao/scannet/posed_images/scene0667_02/00811.jpg",
      "transform_matrix": [
        [
          0.820264,
          0.028658,
          -0.571267,
          4.79674
        ],
        [
          0.553806,
          -0.289595,
          0.780663,
          5.26511
        ],
        [
          -0.143064,
          -0.95672,
          -0.253415,
          1.671707
        ],
        [
          0.0,
          0.0,
          0.0,
          1.0
        ]
      ]
    },
    {
      "file_path": "/media/NFS/ttao/scannet/posed_images/scene0667_02/00820.jpg",
      "transform_matrix": [
        [
          0.859049,
          0.06771,
          -0.507395,
          4.70877
        ],
        [
          0.500126,
          -0.322325,
          0.803729,
          5.266137
        ],
        [
          -0.109126,
          -0.944204,
          -0.310757,
          1.673737
        ],
        [
          0.0,
          0.0,
          0.0,
          1.0
        ]
      ]
    },
    {
      "file_path": "/media/NFS/ttao/scannet/posed_images/scene0667_02/00838.jpg",
      "transform_matrix": [
        [
          0.953919,
          -0.039165,
          -0.297497,
          4.459714
        ],
        [
          0.268613,
          -0.33042,
          0.904804,
          5.168066
        ],
        [
          -0.133736,
          -0.943021,
          -0.304674,
          1.743077
        ],
        [
          0.0,
          0.0,
          0.0,
          1.0
        ]
      ]
    },
    {
      "file_path": "/media/NFS/ttao/scannet/posed_images/scene0667_02/00848.jpg",
      "transform_matrix": [
        [
          0.986923,
          -0.098518,
          -0.127579,
          4.39409
        ],
        [
          0.090693,
          -0.314928,
          0.944772,
          5.130847
        ],
        [
          -0.133255,
          -0.943989,
          -0.301875,
          1.756832
        ],
        [
          0.0,
          0.0,
          0.0,
          1.0
        ]
      ]
    },
    {
      "file_path": "/media/NFS/ttao/scannet/posed_images/scene0667_02/00866.jpg",
      "transform_matrix": [
        [
          0.971793,
          -0.222434,
          0.07837,
          4.244109
        ],
        [
          -0.151116,
          -0.332184,
          0.931031,
          5.104151
        ],
        [
          -0.18106,
          -0.916612,
          -0.356427,
          1.803504
        ],
        [
          0.0,
          0.0,
          0.0,
          1.0
        ]
      ]
    },
    {
      "file_path": "/media/NFS/ttao/scannet/posed_images/scene0667_02/00880.jpg",
      "transform_matrix": [
        [
          0.976801,
          -0.190717,
          0.097403,
          4.056914
        ],
        [
          -0.162364,
          -0.362976,
          0.917544,
          5.217476
        ],
        [
          -0.139636,
          -0.912072,
          -0.385521,
          1.818731
        ],
        [
          0.0,
          0.0,
          0.0,
          1.0
        ]
      ]
    },
    {
      "file_path": "/media/NFS/ttao/scannet/posed_images/scene0667_02/00903.jpg",
      "transform_matrix": [
        [
          0.921447,
          -0.266604,
          0.28259,
          3.818703
        ],
        [
          -0.373248,
          -0.405664,
          0.83434,
          5.23003
        ],
        [
          -0.107802,
          -0.874277,
          -0.473307,
          1.848759
        ],
        [
          0.0,
          0.0,
          0.0,
          1.0
        ]
      ]
    },
    {
      "file_path": "/media/NFS/ttao/scannet/posed_images/scene0667_02/00917.jpg",
      "transform_matrix": [
        [
          0.922265,
          -0.283171,
          0.263137,
          3.712478
        ],
        [
          -0.366481,
          -0.423994,
          0.828203,
          5.254221
        ],
        [
          -0.122954,
          -0.860258,
          -0.494811,
          1.873493
        ],
        [
          0.0,
          0.0,
          0.0,
          1.0
        ]
      ]
    },
    {
      "file_path": "/media/NFS/ttao/scannet/posed_images/scene0667_02/00922.jpg",
      "transform_matrix": [
        [
          0.929728,
          -0.271176,
          0.249137,
          3.688485
        ],
        [
          -0.348808,
          -0.431603,
          0.831897,
          5.293446
        ],
        [
          -0.118062,
          -0.860339,
          -0.495861,
          1.876789
        ],
        [
          0.0,
          0.0,
          0.0,
          1.0
        ]
      ]
    },
    {
      "file_path": "/media/NFS/ttao/scannet/posed_images/scene0667_02/00940.jpg",
      "transform_matrix": [
        [
          0.923555,
          -0.282818,
          0.258959,
          3.611408
        ],
        [
          -0.352632,
          -0.36107,
          0.863295,
          5.504578
        ],
        [
          -0.150653,
          -0.888618,
          -0.433199,
          1.898129
        ],
        [
          0.0,
          0.0,
          0.0,
          1.0
        ]
      ]
    },
    {
      "file_path": "/media/NFS/ttao/scannet/posed_images/scene0667_02/00954.jpg",
      "transform_matrix": [
        [
          0.918469,
          -0.277614,
          0.281682,
          3.618426
        ],
        [
          -0.359371,
          -0.288457,
          0.887494,
          5.535996
        ],
        [
          -0.165127,
          -0.916364,
          -0.364705,
          1.926408
        ],
        [
          0.0,
          0.0,
          0.0,
          1.0
        ]
      ]
    },
    {
      "file_path": "/media/NFS/ttao/scannet/posed_images/scene0667_02/00977.jpg",
      "transform_matrix": [
        [
          0.838433,
          -0.358671,
          0.410348,
          3.663443
        ],
        [
          -0.526123,
          -0.336192,
          0.781134,
          5.36641
        ],
        [
          -0.142214,
          -0.870822,
          -0.470579,
          1.890254
        ],
        [
          0.0,
          0.0,
          0.0,
          1.0
        ]
      ]
    },
    {
      "file_path": "/media/NFS/ttao/scannet/posed_images/scene0667_02/00996.jpg",
      "transform_matrix": [
        [
          0.734819,
          -0.413039,
          0.537996,
          3.738141
        ],
        [
          -0.664164,
          -0.277285,
          0.694262,
          5.089026
        ],
        [
          -0.137579,
          -0.867474,
          -0.47808,
          1.874519
        ],
        [
          0.0,
          0.0,
          0.0,
          1.0
        ]
      ]
    },
    {
      "file_path": "/media/NFS/ttao/scannet/posed_images/scene0667_02/01010.jpg",
      "transform_matrix": [
        [
          0.706014,
          -0.395043,
          0.587779,
          3.761587
        ],
        [
          -0.695017,
          -0.227113,
          0.682182,
          4.998394
        ],
        [
          -0.135999,
          -0.890146,
          -0.434907,
          1.88328
        ],
        [
          0.0,
          0.0,
          0.0,
          1.0
        ]
      ]
    },
    {
      "file_path": "/media/NFS/ttao/scannet/posed_images/scene0667_02/01014.jpg",
      "transform_matrix": [
        [
          0.68983,
          -0.399307,
          0.603894,
          3.764337
        ],
        [
          -0.711511,
          -0.219838,
          0.6674,
          4.984936
        ],
        [
          -0.133739,
          -0.89007,
          -0.435762,
          1.880373
        ],
        [
          0.0,
          0.0,
          0.0,
          1.0
        ]
      ]
    },
    {
      "file_path": "/media/NFS/ttao/scannet/posed_images/scene0667_02/01042.jpg",
      "transform_matrix": [
        [
          0.580022,
          -0.525481,
          0.622451,
          3.827576
        ],
        [
          -0.804052,
          -0.246741,
          0.540943,
          4.912568
        ],
        [
          -0.130671,
          -0.814241,
          -0.565629,
          1.817868
        ],
        [
          0.0,
          0.0,
          0.0,
          1.0
        ]
      ]
    },
    {
      "file_path": "/media/NFS/ttao/scannet/posed_images/scene0667_02/01056.jpg",
      "transform_matrix": [
        [
          -Infinity,
          -Infinity,
          -Infinity,
          -Infinity
        ],
        [
          -Infinity,
          -Infinity,
          -Infinity,
          -Infinity
        ],
        [
          -Infinity,
          -Infinity,
          -Infinity,
          -Infinity
        ],
        [
          -Infinity,
          -Infinity,
          -Infinity,
          -Infinity
        ]
      ]
    },
    {
      "file_path": "/media/NFS/ttao/scannet/posed_images/scene0667_02/01075.jpg",
      "transform_matrix": [
        [
          0.297372,
          -0.371042,
          0.879715,
          3.903698
        ],
        [
          -0.953269,
          -0.063881,
          0.295292,
          4.834854
        ],
        [
          -0.053368,
          -0.926417,
          -0.372699,
          1.888382
        ],
        [
          0.0,
          0.0,
          0.0,
          1.0
        ]
      ]
    },
    {
      "file_path": "/media/NFS/ttao/scannet/posed_images/scene0667_02/01089.jpg",
      "transform_matrix": [
        [
          0.165648,
          -0.461509,
          0.871533,
          3.942143
        ],
        [
          -0.985875,
          -0.055351,
          0.15807,
          4.908179
        ],
        [
          -0.024711,
          -0.885407,
          -0.464159,
          1.856222
        ],
        [
          0.0,
          0.0,
          0.0,
          1.0
        ]
      ]
    },
    {
      "file_path": "/media/NFS/ttao/scannet/posed_images/scene0667_02/01093.jpg",
      "transform_matrix": [
        [
          0.141456,
          -0.473685,
          0.86926,
          3.955017
        ],
        [
          -0.989879,
          -0.057563,
          0.129717,
          4.911304
        ],
        [
          -0.011407,
          -0.878811,
          -0.477033,
          1.842786
        ],
        [
          0.0,
          0.0,
          0.0,
          1.0
        ]
      ]
    },
    {
      "file_path": "/media/NFS/ttao/scannet/posed_images/scene0667_02/01121.jpg",
      "transform_matrix": [
        [
          -0.150642,
          -0.592527,
          0.79134,
          4.024569
        ],
        [
          -0.985533,
          0.027124,
          -0.1673,
          5.011562
        ],
        [
          0.077666,
          -0.805094,
          -0.588041,
          1.781692
        ],
        [
          0.0,
          0.0,
          0.0,
          1.0
        ]
      ]
    },
    {
      "file_path": "/media/NFS/ttao/scannet/posed_images/scene0667_02/01130.jpg",
      "transform_matrix": [
        [
          -0.231486,
          -0.586623,
          0.776072,
          4.104734
        ],
        [
          -0.965544,
          0.041038,
          -0.256982,
          5.015282
        ],
        [
          0.118903,
          -0.80882,
          -0.57591,
          1.757256
        ],
        [
          0.0,
          0.0,
          0.0,
          1.0
        ]
      ]
    },
    {
      "file_path": "/media/NFS/ttao/scannet/posed_images/scene0667_02/01144.jpg",
      "transform_matrix": [
        [
          -0.347435,
          -0.568269,
          0.745895,
          4.301069
        ],
        [
          -0.927068,
          0.088697,
          -0.36425,
          5.06512
        ],
        [
          0.140834,
          -0.818048,
          -0.557641,
          1.736963
        ],
        [
          0.0,
          0.0,
          0.0,
          1.0
        ]
      ]
    },
    {
      "file_path": "/media/NFS/ttao/scannet/posed_images/scene0667_02/01153.jpg",
      "transform_matrix": [
        [
          -0.424439,
          -0.559023,
          0.712281,
          4.399628
        ],
        [
          -0.888004,
          0.103292,
          -0.448083,
          5.153575
        ],
        [
          0.176916,
          -0.822693,
          -0.540256,
          1.712551
        ],
        [
          0.0,
          0.0,
          0.0,
          1.0
        ]
      ]
    },
    {
      "file_path": "/media/NFS/ttao/scannet/posed_images/scene0667_02/01181.jpg",
      "transform_matrix": [
        [
          -0.319248,
          -0.577989,
          0.751006,
          4.725669
        ],
        [
          -0.935403,
          0.065086,
          -0.347542,
          5.502793
        ],
        [
          0.151995,
          -0.813445,
          -0.561431,
          1.658502
        ],
        [
          0.0,
          0.0,
          0.0,
          1.0
        ]
      ]
    },
    {
      "file_path": "/media/NFS/ttao/scannet/posed_images/scene0667_02/01195.jpg",
      "transform_matrix": [
        [
          -0.325681,
          -0.552235,
          0.767443,
          4.89502
        ],
        [
          -0.940109,
          0.102751,
          -0.325018,
          5.579244
        ],
        [
