{
  "frames": [
    {
      "file_path": "/media/NFS/ttao/scannet/posed_images/scene0376_01/00000.jpg",
      "transform_matrix": [
        [
          -0.994338,
          -0.025147,
          0.10325,
          1.219482
        ],
        [
          -0.101664,
          0.508003,
          -0.855335,
          3.146805
        ],
        [
          -0.030942,
          -0.860988,
          -0.507683,
          1.601002
        ],
        [
          0.0,
          0.0,
          0.0,
          1.0
        ]
      ]
    },
    {
      "file_path": "/media/NFS/ttao/scannet/posed_images/scene0376_01/00002.jpg",
      "transform_matrix": [
        [
          -0.99632,
          -0.017456,
          0.08392,
          1.19332
        ],
        [
          -0.080684,
          0.52151,
          -0.849422,
          3.139019
        ],
        [
          -0.028938,
          -0.853067,
          -0.520999,
          1.59276
        ],
        [
          0.0,
          0.0,
          0.0,
          1.0
        ]
      ]
    },
    {
      "file_path": "/media/NFS/ttao/scannet/posed_images/scene0376_01/00006.jpg",
      "transform_matrix": [
        [
          -0.998056,
          -0.009286,
          0.061624,
          1.186823
        ],
        [
          -0.057042,
          0.534364,
          -0.843328,
          3.129004
        ],
        [
          -0.025098,
          -0.845204,
          -0.533854,
          1.591573
        ],
        [
          0.0,
          0.0,
          0.0,
          1.0
        ]
      ]
    },
    {
      "file_path": "/media/NFS/ttao/scannet/posed_images/scene0376_01/00008.jpg",
      "transform_matrix": [
        [
          -0.998559,
          -0.005475,
          0.053386,
          1.18572
        ],
        [
          -0.047996,
          0.536149,
          -0.842758,
          3.129812
        ],
        [
          -0.024009,
          -0.844105,
          -0.535639,
          1.58251
        ],
        [
          0.0,
          0.0,
          0.0,
          1.0
        ]
      ]
    },
    {
      "file_path": "/media/NFS/ttao/scannet/posed_images/scene0376_01/00010.jpg",
      "transform_matrix": [
        [
          -0.999142,
          -0.010376,
          0.040109,
          1.196577
        ],
        [
          -0.039353,
          0.540341,
          -0.840525,
          3.132793
        ],
        [
          -0.012952,
          -0.841382,
          -0.540285,
          1.573339
        ],
        [
          0.0,
          0.0,
          0.0,
          1.0
        ]
      ]
    },
    {
      "file_path": "/media/NFS/ttao/scannet/posed_images/scene0376_01/00013.jpg",
      "transform_matrix": [
        [
          -0.999481,
          -0.008487,
          0.031074,
          1.193658
        ],
        [
          -0.030577,
          0.55343,
          -0.832334,
          3.128342
        ],
        [
          -0.010134,
          -0.832852,
          -0.553402,
          1.563794
        ],
        [
          0.0,
          0.0,
          0.0,
          1.0
        ]
      ]
    },
    {
      "file_path": "/media/NFS/ttao/scannet/posed_images/scene0376_01/00017.jpg",
      "transform_matrix": [
        [
          -0.999826,
          -0.002522,
          0.018502,
          1.191711
        ],
        [
          -0.016498,
          0.583452,
          -0.81198,
          3.114438
        ],
        [
          -0.008747,
          -0.812144,
          -0.583391,
          1.553551
        ],
        [
          0.0,
          0.0,
          0.0,
          1.0
        ]
      ]
    },
    {
      "file_path": "/media/NFS/ttao/scannet/posed_images/scene0376_01/00020.jpg",
      "transform_matrix": [
        [
          -0.999911,
          0.003122,
          0.012979,
          1.188563
        ],
        [
          -0.008669,
          0.587541,
          -0.809148,
          3.107934
        ],
        [
          -0.010151,
          -0.809189,
          -0.587461,
          1.550155
        ],
        [
          0.0,
          0.0,
          0.0,
          1.0
        ]
      ]
    },
    {
      "file_path": "/media/NFS/ttao/scannet/posed_images/scene0376_01/00021.jpg",
      "transform_matrix": [
        [
          -0.999905,
          0.003582,
          0.013303,
          1.185462
        ],
        [
          -0.008659,
          0.587633,
          -0.809081,
          3.106155
        ],
        [
          -0.010715,
          -0.80912,
          -0.587546,
          1.548395
        ],
        [
          0.0,
          0.0,
          0.0,
          1.0
        ]
      ]
    },
    {
      "file_path": "/media/NFS/ttao/scannet/posed_images/scene0376_01/00023.jpg",
      "transform_matrix": [
        [
          -0.999915,
          0.00381,
          0.012447,
          1.182359
        ],
        [
          -0.007841,
          0.587035,
          -0.809524,
          3.100972
        ],
        [
          -0.010391,
          -0.809553,
          -0.586955,
          1.549012
        ],
        [
          0.0,
          0.0,
          0.0,
          1.0
        ]
      ]
    },
    {
      "file_path": "/media/NFS/ttao/scannet/posed_images/scene0376_01/00027.jpg",
      "transform_matrix": [
        [
          -0.999986,
          -0.003387,
          0.004152,
          1.173569
        ],
        [
          -0.00535,
          0.587926,
          -0.808897,
          3.087916
        ],
        [
          0.000299,
          -0.808907,
          -0.587936,
          1.55342
        ],
        [
          0.0,
          0.0,
          0.0,
          1.0
        ]
      ]
    },
    {
      "file_path": "/media/NFS/ttao/scannet/posed_images/scene0376_01/00030.jpg",
      "transform_matrix": [
        [
          -0.999914,
          0.006425,
          0.011466,
          1.168951
        ],
        [
          -0.005666,
          0.576427,
          -0.817129,
          3.078463
        ],
        [
          -0.01186,
          -0.817124,
          -0.576341,
          1.563321
        ],
        [
          0.0,
          0.0,
          0.0,
          1.0
        ]
      ]
    },
    {
      "file_path": "/media/NFS/ttao/scannet/posed_images/scene0376_01/00031.jpg",
      "transform_matrix": [
        [
          -0.999861,
          0.005333,
          0.015804,
          1.163263
        ],
        [
          -0.009897,
          0.573004,
          -0.819493,
          3.077559
        ],
        [
          -0.013426,
          -0.819535,
          -0.572872,
          1.563235
        ],
        [
          0.0,
          0.0,
          0.0,
          1.0
        ]
      ]
    },
    {
      "file_path": "/media/NFS/ttao/scannet/posed_images/scene0376_01/00034.jpg",
      "transform_matrix": [
        [
          -0.999801,
          0.001953,
          0.019832,
          1.144428
        ],
        [
          -0.0153,
          0.562423,
          -0.826708,
          3.069468
        ],
        [
          -0.012768,
          -0.826847,
          -0.562281,
          1.571116
        ],
        [
          0.0,
          0.0,
          0.0,
          1.0
        ]
      ]
    },
    {
      "file_path": "/media/NFS/ttao/scannet/posed_images/scene0376_01/00038.jpg",
      "transform_matrix": [
        [
          -0.99985,
          0.00626,
          0.016149,
          1.12834
        ],
        [
          -0.01016,
          0.543102,
          -0.839605,
          3.058731
        ],
        [
          -0.014027,
          -0.839643,
          -0.542957,
          1.580618
        ],
        [
          0.0,
          0.0,
          0.0,
          1.0
        ]
      ]
    },
    {
      "file_path": "/media/NFS/ttao/scannet/posed_images/scene0376_01/00041.jpg",
      "transform_matrix": [
        [
          -0.99977,
          -0.000373,
          0.021452,
          1.127911
        ],
        [
          -0.018317,
          0.535495,
          -0.84434,
          3.045808
        ],
        [
          -0.011172,
          -0.844539,
          -0.535378,
          1.594759
        ],
        [
          0.0,
          0.0,
          0.0,
          1.0
        ]
      ]
    },
    {
      "file_path": "/media/NFS/ttao/scannet/posed_images/scene0376_01/00043.jpg",
      "transform_matrix": [
        [
          -0.999438,
          -0.009044,
          0.03227,
          1.131282
        ],
        [
          -0.032226,
          0.523668,
          -0.851313,
          3.049774
        ],
        [
          -0.009199,
          -0.851875,
          -0.523665,
          1.593076
        ],
        [
          0.0,
          0.0,
          0.0,
          1.0
        ]
      ]
    },
    {
      "file_path": "/media/NFS/ttao/scannet/posed_images/scene0376_01/00044.jpg",
      "transform_matrix": [
        [
          -0.999146,
          -0.013893,
          0.038922,
          1.135136
        ],
        [
          -0.040444,
          0.522396,
          -0.851744,
          3.047818
        ],
        [
          -0.008499,
          -0.85259,
          -0.522511,
          1.596138
        ],
        [
          0.0,
          0.0,
          0.0,
          1.0
        ]
      ]
    },
    {
      "file_path": "/media/NFS/ttao/scannet/posed_images/scene0376_01/00047.jpg",
      "transform_matrix": [
        [
          -0.996709,
          -0.041854,
          0.069423,
          1.144519
        ],
        [
          -0.08106,
          0.521908,
          -0.849141,
          3.054195
        ],
        [
          -0.000692,
          -0.851974,
          -0.523583,
          1.592765
        ],
        [
          0.0,
          0.0,
          0.0,
          1.0
        ]
      ]
    },
    {
      "file_path": "/media/NFS/ttao/scannet/posed_images/scene0376_01/00051.jpg",
      "transform_matrix": [
        [
          -0.988765,
          -0.09762,
          0.113198,
          1.164211
        ],
        [
          -0.148065,
          0.535786,
          -0.831271,
          3.079928
        ],
        [
          0.020499,
          -0.838692,
          -0.54422,
          1.579761
        ],
        [
          0.0,
          0.0,
          0.0,
          1.0
        ]
      ]
    },
    {
      "file_path": "/media/NFS/ttao/scannet/posed_images/scene0376_01/00054.jpg",
      "transform_matrix": [
        [
          -0.982323,
          -0.126943,
          0.137578,
          1.188088
        ],
        [
          -0.184756,
          0.539197,
          -0.821664,
          3.090501
        ],
        [
          0.030122,
          -0.832558,
          -0.553119,
          1.588312
        ],
        [
          0.0,
          0.0,
          0.0,
          1.0
        ]
      ]
    },
    {
      "file_path": "/media/NFS/ttao/scannet/posed_images/scene0376_01/00055.jpg",
      "transform_matrix": [
        [
          -0.97888,
          -0.132282,
          0.15587,
          1.189611
        ],
        [
          -0.202893,
          0.535102,
          -0.820061,
          3.095428
        ],
        [
          0.025073,
          -0.834366,
          -0.55064,
          1.596722
        ],
        [
          0.0,
          0.0,
          0.0,
          1.0
        ]
      ]
    },
    {
      "file_path": "/media/NFS/ttao/scannet/posed_images/scene0376_01/00057.jpg",
      "transform_matrix": [
        [
          -0.971154,
          -0.143317,
          0.19058,
          1.195806
        ],
        [
          -0.23779,
          0.522436,
          -0.818851,
          3.114698
        ],
        [
          0.017789,
          -0.840548,
          -0.541445,
          1.599129
        ],
        [
          0.0,
          0.0,
          0.0,
          1.0
        ]
      ]
    },
    {
      "file_path": "/media/NFS/ttao/scannet/posed_images/scene0376_01/00061.jpg",
      "transform_matrix": [
        [
          -0.951084,
          -0.17027,
          0.257773,
          1.201436
        ],
        [
          -0.308691,
          0.49082,
          -0.814743,
          3.150815
        ],
        [
          0.012207,
          -0.854461,
          -0.519372,
          1.607299
        ],
        [
          0.0,
          0.0,
          0.0,
          1.0
        ]
      ]
    },
    {
      "file_path": "/media/NFS/ttao/scannet/posed_images/scene0376_01/00064.jpg",
      "transform_matrix": [
        [
          -0.938415,
          -0.188303,
          0.28969,
          1.222235
        ],
        [
          -0.345241,
          0.477895,
          -0.807728,
          3.175885
        ],
        [
          0.013656,
          -0.857997,
          -0.513473,
          1.609438
        ],
        [
          0.0,
          0.0,
          0.0,
          1.0
        ]
      ]
    },
    {
      "file_path": "/media/NFS/ttao/scannet/posed_images/scene0376_01/00067.jpg",
      "transform_matrix": [
        [
          -0.920937,
          -0.206234,
          0.33067,
          1.227523
        ],
        [
          -0.389102,
          0.439143,
          -0.809786,
          3.206982
        ],
        [
          0.021794,
          -0.874426,
          -0.484669,
          1.611447
        ],
        [
          0.0,
          0.0,
          0.0,
          1.0
        ]
      ]
    },
    {
      "file_path": "/media/NFS/ttao/scannet/posed_images/scene0376_01/00068.jpg",
      "transform_matrix": [
        [
          -0.916504,
          -0.213079,
          0.338554,
          1.233875
        ],
        [
          -0.399224,
          0.433625,
          -0.80783,
          3.214837
        ],
        [
          0.025327,
          -0.875538,
          -0.482486,
          1.611871
        ],
        [
          0.0,
          0.0,
          0.0,
          1.0
        ]
      ]
    },
    {
      "file_path": "/media/NFS/ttao/scannet/posed_images/scene0376_01/00070.jpg",
      "transform_matrix": [
        [
          -0.898771,
          -0.228199,
          0.374347,
          1.204001
        ],
        [
          -0.438063,
          0.433026,
          -0.787775,
          3.207092
        ],
        [
          0.017667,
          -0.872017,
          -0.489157,
          1.64057
        ],
        [
          0.0,
          0.0,
          0.0,
          1.0
        ]
      ]
    },
    {
      "file_path": "/media/NFS/ttao/scannet/posed_images/scene0376_01/00073.jpg",
      "transform_matrix": [
        [
          -0.887237,
          -0.242659,
          0.392335,
          1.216613
        ],
        [
          -0.460679,
          0.421465,
          -0.781116,
          3.226278
        ],
        [
          0.024189,
          -0.873776,
          -0.485728,
          1.642495
        ],
        [
          0.0,
          0.0,
          0.0,
          1.0
        ]
      ]
    },
    {
      "file_path": "/media/NFS/ttao/scannet/posed_images/scene0376_01/00077.jpg",
      "transform_matrix": [
        [
          -0.872903,
          -0.260538,
          0.412506,
          1.230853
        ],
        [
          -0.487357,
          0.425959,
          -0.762261,
          3.238284
        ],
        [
          0.022887,
          -0.866417,
          -0.498796,
          1.647021
        ],
        [
          0.0,
          0.0,
          0.0,
          1.0
        ]
      ]
    },
    {
      "file_path": "/media/NFS/ttao/scannet/posed_images/scene0376_01/00078.jpg",
      "transform_matrix": [
        [
          -0.868136,
          -0.265532,
          0.419325,
          1.22649
        ],
        [
          -0.495818,
          0.425727,
          -0.756916,
          3.242249
        ],
        [
          0.022467,
          -0.865014,
          -0.501244,
          1.6452
        ],
        [
          0.0,
          0.0,
          0.0,
          1.0
        ]
      ]
    },
    {
      "file_path": "/media/NFS/ttao/scannet/posed_images/scene0376_01/00083.jpg",
      "transform_matrix": [
        [
          -0.853746,
          -0.299281,
          0.426084,
          1.252634
        ],
        [
          -0.519477,
          0.433762,
          -0.736203,
          3.263961
        ],
        [
          0.035512,
          -0.849872,
          -0.525792,
          1.631719
        ],
        [
          0.0,
          0.0,
          0.0,
          1.0
        ]
      ]
    },
    {
      "file_path": "/media/NFS/ttao/scannet/posed_images/scene0376_01/00085.jpg",
      "transform_matrix": [
        [
          -0.846417,
          -0.304878,
          0.43661,
          1.255265
        ],
        [
          -0.53148,
          0.432397,
          -0.728397,
          3.269024
        ],
        [
          0.033284,
          -0.848576,
          -0.528025,
          1.627535
        ],
        [
          0.0,
          0.0,
          0.0,
          1.0
        ]
      ]
    },
    {
      "file_path": "/media/NFS/ttao/scannet/posed_images/scene0376_01/00088.jpg",
      "transform_matrix": [
        [
          -0.83542,
          -0.310324,
          0.453622,
          1.265377
        ],
        [
          -0.548801,
          0.426182,
          -0.719156,
          3.286815
        ],
        [
          0.029846,
          -0.849746,
          -0.526347,
          1.620825
        ],
        [
          0.0,
          0.0,
          0.0,
          1.0
        ]
      ]
    },
    {
      "file_path": "/media/NFS/ttao/scannet/posed_images/scene0376_01/00090.jpg",
      "transform_matrix": [
        [
          -0.822518,
          -0.323704,
          0.467632,
          1.265235
        ],
        [
          -0.568049,
          0.427094,
          -0.703499,
          3.28076
        ],
        [
          0.028002,
          -0.844279,
          -0.535172,
          1.626687
        ],
        [
          0.0,
          0.0,
          0.0,
          1.0
        ]
      ]
    },
    {
      "file_path": "/media/NFS/ttao/scannet/posed_images/scene0376_01/00091.jpg",
      "transform_matrix": [
        [
          -0.818236,
          -0.329324,
          0.471207,
          1.274107
        ],
        [
          -0.574069,
          0.424471,
          -0.700192,
          3.286684
        ],
        [
          0.030576,
          -0.843428,
          -0.536372,
          1.625883
        ],
        [
          0.0,
          0.0,
          0.0,
          1.0
        ]
      ]
    },
    {
      "file_path": "/media/NFS/ttao/scannet/posed_images/scene0376_01/00094.jpg",
      "transform_matrix": [
        [
          -0.801432,
          -0.342146,
          0.490554,
          1.270872
        ],
        [
          -0.597382,
          0.418142,
          -0.684319,
          3.292121
        ],
        [
          0.029016,
          -0.841483,
          -0.539504,
          1.624613
        ],
        [
          0.0,
          0.0,
          0.0,
          1.0
        ]
      ]
    },
    {
      "file_path": "/media/NFS/ttao/scannet/posed_images/scene0376_01/00098.jpg",
      "transform_matrix": [
        [
          -0.777106,
          -0.355128,
          0.519606,
          1.280159
        ],
        [
          -0.628881,
          0.40564,
          -0.663298,
          3.299609
        ],
        [
          0.024783,
          -0.842224,
          -0.538558,
          1.624892
        ],
        [
          0.0,
          0.0,
          0.0,
          1.0
        ]
      ]
    },
    {
      "file_path": "/media/NFS/ttao/scannet/posed_images/scene0376_01/00100.jpg",
      "transform_matrix": [
        [
          -0.765624,
          -0.357212,
          0.534995,
          1.282275
        ],
        [
          -0.643026,
          0.401184,
          -0.652357,
          3.311497
        ],
        [
          0.018398,
          -0.843476,
          -0.536852,
          1.616714
        ],
        [
          0.0,
          0.0,
          0.0,
          1.0
        ]
      ]
    },
    {
      "file_path": "/media/NFS/ttao/scannet/posed_images/scene0376_01/00104.jpg",
      "transform_matrix": [
        [
          -0.738325,
          -0.377847,
          0.558667,
          1.289095
        ],
        [
          -0.674152,
          0.389014,
          -0.627844,
          3.315336
        ],
        [
          0.0199,
          -0.840179,
          -0.541945,
          1.625565
        ],
        [
          0.0,
          0.0,
          0.0,
          1.0
        ]
      ]
    },
    {
      "file_path": "/media/NFS/ttao/scannet/posed_images/scene0376_01/00106.jpg",
      "transform_matrix": [
        [
          -0.727944,
          -0.38259,
          0.568966,
          1.292314
        ],
        [
          -0.685349,
          0.381988,
          -0.619985,
          3.319878
        ],
        [
          0.019862,
          -0.841255,
          -0.540274,
          1.62014
        ],
        [
          0.0,
          0.0,
          0.0,
          1.0
        ]
      ]
    },
    {
      "file_path": "/media/NFS/ttao/scannet/posed_images/scene0376_01/00107.jpg",
      "transform_matrix": [
        [
          -0.723066,
          -0.384512,
          0.573869,
          1.293439
        ],
        [
          -0.690506,
          0.378948,
          -0.616117,
          3.321877
        ],
        [
          0.019438,
          -0.841754,
          -0.539512,
          1.616037
        ],
        [
          0.0,
          0.0,
          0.0,
          1.0
        ]
      ]
    },
    {
      "file_path": "/media/NFS/ttao/scannet/posed_images/scene0376_01/00110.jpg",
      "transform_matrix": [
        [
          -0.703688,
          -0.390937,
          0.593289,
          1.291453
        ],
        [
          -0.710306,
          0.367095,
          -0.600589,
          3.329713
        ],
        [
          0.017,
          -0.844043,
          -0.536005,
          1.609445
        ],
        [
          0.0,
          0.0,
          0.0,
          1.0
        ]
      ]
    },
    {
      "file_path": "/media/NFS/ttao/scannet/posed_images/scene0376_01/00113.jpg",
      "transform_matrix": [
        [
          -0.686799,
          -0.402561,
          0.605187,
          1.30781
        ],
        [
          -0.726698,
          0.363426,
          -0.582951,
          3.331466
        ],
        [
          0.014733,
          -0.840158,
          -0.542141,
          1.627666
        ],
        [
          0.0,
          0.0,
          0.0,
          1.0
        ]
      ]
    },
    {
      "file_path": "/media/NFS/ttao/scannet/posed_images/scene0376_01/00115.jpg",
      "transform_matrix": [
        [
          -0.67392,
          -0.403651,
          0.618787,
          1.304954
        ],
        [
          -0.738705,
          0.354407,
          -0.573333,
          3.337368
        ],
        [
          0.012124,
          -0.843482,
          -0.53702,
          1.622187
        ],
        [
          0.0,
          0.0,
          0.0,
          1.0
        ]
      ]
    },
    {
      "file_path": "/media/NFS/ttao/scannet/posed_images/scene0376_01/00119.jpg",
      "transform_matrix": [
        [
          -0.639005,
          -0.402,
          0.655796,
          1.31005
        ],
        [
          -0.7692,
          0.336247,
          -0.543387,
          3.340321
        ],
        [
          -0.002068,
          -0.851665,
          -0.524082,
          1.61869
        ],
        [
          0.0,
          0.0,
          0.0,
          1.0
        ]
      ]
    },
    {
      "file_path": "/media/NFS/ttao/scannet/posed_images/scene0376_01/00122.jpg",
      "transform_matrix": [
        [
          -0.612822,
          -0.40473,
          0.678706,
          1.316573
        ],
        [
          -0.790204,
          0.319525,
          -0.522955,
          3.344791
        ],
        [
          -0.005208,
          -0.856795,
          -0.515632,
          1.621855
        ],
        [
          0.0,
          0.0,
          0.0,
          1.0
        ]
      ]
    },
    {
      "file_path": "/media/NFS/ttao/scannet/posed_images/scene0376_01/00125.jpg",
      "transform_matrix": [
        [
          -0.585863,
          -0.40332,
          0.702921,
          1.313525
        ],
        [
          -0.810333,
          0.30354,
          -0.501223,
          3.343029
        ],
        [
          -0.011211,
          -0.863248,
          -0.504656,
          1.622914
        ],
        [
          0.0,
          0.0,
          0.0,
          1.0
        ]
      ]
    },
    {
      "file_path": "/media/NFS/ttao/scannet/posed_images/scene0376_01/00127.jpg",
      "transform_matrix": [
        [
          -0.575966,
          -0.396129,
          0.715084,
          1.313982
        ],
        [
          -0.817265,
          0.2988,
          -0.492744,
          3.346214
        ],
        [
          -0.018477,
          -0.868217,
          -0.495841,
          1.614684
        ],
        [
          0.0,
          0.0,
          0.0,
          1.0
        ]
      ]
    },
    {
      "file_path": "/media/NFS/ttao/scannet/posed_images/scene0376_01/00128.jpg",
      "transform_matrix": [
        [
          -0.568532,
          -0.393201,
          0.722609,
          1.318934
        ],
        [
          -0.822208,
          0.30072,
          -0.483261,
          3.34175
        ],
        [
          -0.027284,
          -0.868885,
          -0.494262,
          1.616022
        ],
        [
          0.0,
          0.0,
          0.0,
          1.0
        ]
      ]
    },
    {
      "file_path": "/media/NFS/ttao/scannet/posed_images/scene0376_01/00132.jpg",
      "transform_matrix": [
        [
          -0.537495,
          -0.396935,
          0.744004,
          1.330073
        ],
        [
          -0.842545,
          0.289289,
          -0.454346,
          3.333847
        ],
        [
          -0.034886,
          -0.871065,
          -0.489927,
          1.635187
        ],
        [
          0.0,
          0.0,
          0.0,
          1.0
        ]
      ]
    },
    {
      "file_path": "/media/NFS/ttao/scannet/posed_images/scene0376_01/00134.jpg",
      "transform_matrix": [
        [
          -0.524614,
          -0.39648,
          0.753382,
          1.328981
        ],
        [
          -0.850566,
          0.281827,
          -0.443971,
          3.325234
        ],
        [
          -0.036298,
          -0.873715,
          -0.485083,
          1.632062
        ],
        [
          0.0,
          0.0,
          0.0,
          1.0
        ]
      ]
    },
    {
      "file_path": "/media/NFS/ttao/scannet/posed_images/scene0376_01/00137.jpg",
      "transform_matrix": [
        [
          -0.509171,
          -0.392131,
          0.766145,
          1.332731
        ],
        [
          -0.859721,
          0.273427,
          -0.431415,
          3.311251
        ],
        [
          -0.040313,
          -0.878334,
          -0.476344,
          1.635531
        ],
        [
          0.0,
          0.0,
          0.0,
          1.0
        ]
      ]
    },
    {
      "file_path": "/media/NFS/ttao/scannet/posed_images/scene0376_01/00140.jpg",
      "transform_matrix": [
        [
          -0.488954,
          -0.383172,
          0.783647,
          1.313225
        ],
        [
          -0.871378,
          0.256059,
          -0.418491,
          3.284252
        ],
        [
          -0.040305,
          -0.887476,
          -0.459089,
          1.611149
        ],
        [
          0.0,
          0.0,
          0.0,
          1.0
        ]
      ]
    },
    {
      "file_path": "/media/NFS/ttao/scannet/posed_images/scene0376_01/00143.jpg",
      "transform_matrix": [
        [
          -0.480239,
          -0.389697,
          0.785816,
          1.31474
        ],
        [
          -0.876655,
          0.242961,
          -0.415266,
          3.260707
        ],
        [
          -0.029095,
          -0.888316,
          -0.45831,
          1.613209
        ],
        [
          0.0,
          0.0,
          0.0,
          1.0
        ]
      ]
    },
    {
      "file_path": "/media/NFS/ttao/scannet/posed_images/scene0376_01/00144.jpg",
      "transform_matrix": [
        [
          -0.476325,
          -0.391461,
          0.78732,
          1.314077
        ],
        [
          -0.878861,
          0.23925,
          -0.41275,
          3.250319
        ],
        [
          -0.026791,
          -0.888548,
          -0.458,
          1.612319
        ],
        [
          0.0,
          0.0,
          0.0,
          1.0
        ]
      ]
    },
    {
      "file_path": "/media/NFS/ttao/scannet/posed_images/scene0376_01/00148.jpg",
      "transform_matrix": [
        [
          -0.451136,
          -0.398014,
          0.798787,
          1.311546
        ],
        [
          -0.892395,
          0.211601,
          -0.398568,
          3.222073
        ],
        [
          -0.010388,
          -0.892642,
          -0.450647,
          1.612292
        ],
        [
          0.0,
          0.0,
          0.0,
          1.0
        ]
      ]
    },
    {
      "file_path": "/media/NFS/ttao/scannet/posed_images/scene0376_01/00151.jpg",
      "transform_matrix": [
        [
          -0.424076,
          -0.404669,
          0.810187,
          1.302492
        ],
        [
          -0.905617,
          0.19366,
          -0.377298,
          3.197481
        ],
        [
          -0.00422,
          -0.893722,
          -0.448602,
          1.592498
        ],
        [
          0.0,
          0.0,
          0.0,
          1.0
        ]
      ]
    },
    {
      "file_path": "/media/NFS/ttao/scannet/posed_images/scene0376_01/00152.jpg",
      "transform_matrix": [
        [
          -0.418206,
          -0.408678,
          0.811226,
          1.30452
        ],
        [
          -0.908353,
          0.188381,
          -0.373374,
          3.1906
        ],
        [
          -0.00023,
          -0.893026,
          -0.450005,
          1.593708
        ],
        [
          0.0,
          0.0,
          0.0,
          1.0
        ]
      ]
    },
    {
      "file_path": "/media/NFS/ttao/scannet/posed_images/scene0376_01/00156.jpg",
      "transform_matrix": [
        [
          -0.381479,
          -0.420411,
          0.823242,
          1.310947
        ],
        [
          -0.924376,
          0.174931,
          -0.33901,
          3.165258
        ],
        [
          -0.001487,
          -0.890311,
          -0.455351,
          1.58283
        ],
        [
          0.0,
          0.0,
          0.0,
          1.0
        ]
      ]
    },
    {
      "file_path": "/media/NFS/ttao/scannet/posed_images/scene0376_01/00159.jpg",
      "transform_matrix": [
        [
          -0.357244,
          -0.419525,
          0.834491,
          1.322326
        ],
        [
          -0.9339,
          0.174248,
          -0.3122,
          3.147453
        ],
        [
          -0.014433,
          -0.890863,
          -0.454043,
          1.578529
        ],
        [
          0.0,
          0.0,
          0.0,
          1.0
        ]
      ]
    },
    {
      "file_path": "/media/NFS/ttao/scannet/posed_images/scene0376_01/00160.jpg",
      "transform_matrix": [
        [
          -0.338635,
          -0.421394,
          0.841281,
          1.324714
        ],
        [
          -0.940762,
          0.167901,
          -0.294578,
          3.126055
        ],
        [
          -0.017119,
          -0.891199,
          -0.453289,
          1.575706
        ],
        [
          0.0,
          0.0,
          0.0,
          1.0
        ]
      ]
    },
    {
      "file_path": "/media/NFS/ttao/scannet/posed_images/scene0376_01/00162.jpg",
      "transform_matrix": [
        [
          -0.318738,
          -0.420413,
          0.849505,
          1.335511
        ],
        [
          -0.947471,
          0.16641,
          -0.273141,
          3.112642
        ],
        [
          -0.026534,
          -0.891942,
          -0.451371,
          1.569452
        ],
        [
          0.0,
          0.0,
          0.0,
          1.0
        ]
      ]
    },
    {
      "file_path": "/media/NFS/ttao/scannet/posed_images/scene0376_01/00167.jpg",
      "transform_matrix": [
        [
          -0.244735,
          -0.425577,
          0.871199,
          1.375953
        ],
        [
          -0.969243,
          0.131426,
          -0.208076,
          3.07164
        ],
        [
          -0.025946,
          -0.895328,
          -0.444652,
          1.566738
        ],
        [
          0.0,
          0.0,
          0.0,
          1.0
        ]
      ]
    },
    {
      "file_path": "/media/NFS/ttao/scannet/posed_images/scene0376_01/00169.jpg",
      "transform_matrix": [
        [
          -0.214873,
          -0.419998,
          0.88172,
          1.390831
        ],
        [
          -0.976343,
          0.114725,
          -0.183284,
          3.058141
        ],
        [
          -0.024177,
          -0.900244,
          -0.434714,
          1.562167
        ],
        [
          0.0,
          0.0,
          0.0,
          1.0
        ]
      ]
    },
    {
      "file_path": "/media/NFS/ttao/scannet/posed_images/scene0376_01/00172.jpg",
      "transform_matrix": [
        [
          -0.17887,
          -0.418391,
          0.89048,
          1.410269
        ],
        [
          -0.983698,
          0.093086,
          -0.153859,
          3.021788
        ],
        [
          -0.018518,
          -0.903485,
          -0.42822,
          1.562309
        ],
        [
          0.0,
          0.0,
          0.0,
          1.0
        ]
      ]
    },
    {
      "file_path": "/media/NFS/ttao/scannet/posed_images/scene0376_01/00173.jpg",
      "transform_matrix": [
        [
          -0.170376,
          -0.419709,
          0.891525,
          1.417672
        ],
        [
          -0.985216,
          0.089015,
          -0.146375,
          3.012193
        ],
        [
          -0.017924,
          -0.903283,
          -0.42867,
          1.56105
        ],
        [
          0.0,
          0.0,
          0.0,
          1.0
        ]
      ]
    },
    {
      "file_path": "/media/NFS/ttao/scannet/posed_images/scene0376_01/00177.jpg",
      "transform_matrix": [
        [
          -0.124918,
          -0.415876,
          0.900801,
          1.434607
        ],
        [
          -0.992043,
          0.066739,
          -0.106759,
          2.979381
        ],
        [
          -0.01572,
          -0.906969,
          -0.420903,
          1.57254
        ],
        [
          0.0,
          0.0,
          0.0,
          1.0
        ]
      ]
    },
    {
      "file_path": "/media/NFS/ttao/scannet/posed_images/scene0376_01/00179.jpg",
      "transform_matrix": [
        [
          -0.099393,
          -0.417431,
          0.903256,
          1.435458
        ],
        [
          -0.994943,
          0.054886,
          -0.084118,
          2.960911
        ],
        [
          -0.014463,
          -0.907049,
          -0.420776,
          1.571888
        ],
        [
          0.0,
          0.0,
          0.0,
          1.0
        ]
      ]
    },
    {
      "file_path": "/media/NFS/ttao/scannet/posed_images/scene0376_01/00182.jpg",
      "transform_matrix": [
        [
          -0.058046,
          -0.407258,
          0.911467,
          1.434042
        ],
        [
          -0.99827,
          0.032276,
          -0.049153,
          2.917997
        ],
        [
          -0.009401,
          -0.912743,
          -0.408427,
          1.574501
        ],
        [
          0.0,
          0.0,
          0.0,
          1.0
        ]
      ]
    },
    {
      "file_path": "/media/NFS/ttao/scannet/posed_images/scene0376_01/00185.jpg",
      "transform_matrix": [
        [
          -0.013111,
          -0.388986,
          0.92115,
          1.423152
        ],
        [
          -0.999914,
          0.00528,
          -0.012002,
          2.876237
        ],
        [
          -0.000195,
          -0.921229,
          -0.389022,
          1.581201
        ],
        [
          0.0,
          0.0,
          0.0,
          1.0
        ]
      ]
    },
    {
      "file_path": "/media/NFS/ttao/scannet/posed_images/scene0376_01/00188.jpg",
      "transform_matrix": [
        [
          0.028076,
          -0.373157,
          0.927343,
          1.403504
        ],
        [
          -0.999411,
          -0.028795,
          0.018671,
          2.83384
        ],
        [
          0.019736,
          -0.927321,
          -0.373746,
          1.582298
        ],
        [
          0.0,
          0.0,
          0.0,
          1.0
        ]
      ]
    },
    {
      "file_path": "/media/NFS/ttao/scannet/posed_images/scene0376_01/00190.jpg",
      "transform_matrix": [
        [
          0.059634,
          -0.358894,
          0.931472,
          1.382423
        ],
        [
          -0.997628,
          -0.053565,
          0.043231,
          2.805617
        ],
        [
          0.034379,
          -0.93184,
          -0.361237,
          1.576307
        ],
        [
          0.0,
          0.0,
          0.0,
          1.0
        ]
      ]
    },
    {
      "file_path": "/media/NFS/ttao/scannet/posed_images/scene0376_01/00192.jpg",
      "transform_matrix": [
        [
          0.088243,
          -0.348799,
          0.933034,
          1.364517
        ],
        [
          -0.99488,
          -0.077183,
          0.065239,
          2.777184
        ],
        [
          0.04926,
          -0.934014,
          -0.353824,
          1.581744
        ],
        [
          0.0,
          0.0,
          0.0,
          1.0
        ]
      ]
    },
    {
      "file_path": "/media/NFS/ttao/scannet/posed_images/scene0376_01/00194.jpg",
      "transform_matrix": [
        [
          0.116559,
          -0.36683,
          0.922957,
          1.349416
        ],
        [
          -0.991501,
          -0.097053,
          0.086642,
          2.758421
        ],
        [
          0.057793,
          -0.925212,
          -0.375025,
          1.582056
        ],
        [
          0.0,
          0.0,
          0.0,
          1.0
        ]
      ]
    },
    {
      "file_path": "/media/NFS/ttao/scannet/posed_images/scene0376_01/00197.jpg",
      "transform_matrix": [
        [
          0.157977,
          -0.379565,
          0.911578,
          1.325055
        ],
        [
          -0.9854,
          -0.119952,
          0.120824,
          2.728466
        ],
        [
          0.063485,
          -0.917356,
          -0.392972,
          1.583472
        ],
        [
          0.0,
          0.0,
          0.0,
          1.0
        ]
      ]
    },
    {
      "file_path": "/media/NFS/ttao/scannet/posed_images/scene0376_01/00200.jpg",
      "transform_matrix": [
        [
          0.204528,
          -0.372242,
          0.90532,
          1.28986
        ],
        [
          -0.9768,
          -0.137604,
          0.164098,
          2.7031
        ],
        [
          0.063492,
          -0.917879,
          -0.39175,
          1.577831
        ],
        [
          0.0,
          0.0,
          0.0,
          1.0
        ]
      ]
    },
    {
      "file_path": "/media/NFS/ttao/scannet/posed_images/scene0376_01/00203.jpg",
      "transform_matrix": [
        [
          0.241195,
          -0.375153,
          0.895034,
          1.269836
        ],
        [
          -0.968781,
          -0.147569,
          0.199216,
          2.692447
        ],
        [
