{
  "frames": [
    {
      "file_path": "/media/NFS/ttao/scannet/posed_images/scene0406_02/00002.jpg",
      "transform_matrix": [
        [
          -0.949247,
          0.201874,
          -0.241201,
          1.617854
        ],
        [
          0.313856,
          0.557624,
          -0.768473,
          1.652645
        ],
        [
          -0.020635,
          -0.805172,
          -0.592682,
          1.240085
        ],
        [
          0.0,
          0.0,
          0.0,
          1.0
        ]
      ]
    },
    {
      "file_path": "/media/NFS/ttao/scannet/posed_images/scene0406_02/00004.jpg",
      "transform_matrix": [
        [
          -0.947883,
          0.210316,
          -0.239342,
          1.619702
        ],
        [
          0.317402,
          0.55773,
          -0.766938,
          1.654114
        ],
        [
          -0.027812,
          -0.802935,
          -0.595417,
          1.236578
        ],
        [
          0.0,
          0.0,
          0.0,
          1.0
        ]
      ]
    },
    {
      "file_path": "/media/NFS/ttao/scannet/posed_images/scene0406_02/00007.jpg",
      "transform_matrix": [
        [
          -0.943142,
          0.224614,
          -0.245016,
          1.622951
        ],
        [
          0.330936,
          0.565635,
          -0.75534,
          1.657215
        ],
        [
          -0.031071,
          -0.793477,
          -0.607807,
          1.225689
        ],
        [
          0.0,
          0.0,
          0.0,
          1.0
        ]
      ]
    },
    {
      "file_path": "/media/NFS/ttao/scannet/posed_images/scene0406_02/00013.jpg",
      "transform_matrix": [
        [
          -0.937561,
          0.24066,
          -0.251123,
          1.634706
        ],
        [
          0.347391,
          0.611997,
          -0.710478,
          1.65764
        ],
        [
          -0.017297,
          -0.753354,
          -0.657388,
          1.212263
        ],
        [
          0.0,
          0.0,
          0.0,
          1.0
        ]
      ]
    },
    {
      "file_path": "/media/NFS/ttao/scannet/posed_images/scene0406_02/00016.jpg",
      "transform_matrix": [
        [
          -0.932642,
          0.249587,
          -0.26055,
          1.644083
        ],
        [
          0.360661,
          0.624492,
          -0.692773,
          1.667135
        ],
        [
          -0.010196,
          -0.740079,
          -0.672443,
          1.195246
        ],
        [
          0.0,
          0.0,
          0.0,
          1.0
        ]
      ]
    },
    {
      "file_path": "/media/NFS/ttao/scannet/posed_images/scene0406_02/00021.jpg",
      "transform_matrix": [
        [
          -0.921299,
          0.272353,
          -0.277549,
          1.659177
        ],
        [
          0.388836,
          0.652533,
          -0.650391,
          1.678337
        ],
        [
          0.003974,
          -0.707125,
          -0.707078,
          1.167957
        ],
        [
          0.0,
          0.0,
          0.0,
          1.0
        ]
      ]
    },
    {
      "file_path": "/media/NFS/ttao/scannet/posed_images/scene0406_02/00025.jpg",
      "transform_matrix": [
        [
          -0.922062,
          0.278407,
          -0.268871,
          1.671443
        ],
        [
          0.38695,
          0.647861,
          -0.65616,
          1.689427
        ],
        [
          -0.008489,
          -0.70906,
          -0.705097,
          1.157933
        ],
        [
          0.0,
          0.0,
          0.0,
          1.0
        ]
      ]
    },
    {
      "file_path": "/media/NFS/ttao/scannet/posed_images/scene0406_02/00029.jpg",
      "transform_matrix": [
        [
          -0.917062,
          0.274614,
          -0.289111,
          1.686719
        ],
        [
          0.39874,
          0.627818,
          -0.668469,
          1.689286
        ],
        [
          -0.002061,
          -0.728308,
          -0.685247,
          1.146916
        ],
        [
          0.0,
          0.0,
          0.0,
          1.0
        ]
      ]
    },
    {
      "file_path": "/media/NFS/ttao/scannet/posed_images/scene0406_02/00034.jpg",
      "transform_matrix": [
        [
          -0.892822,
          0.278857,
          -0.353706,
          1.717528
        ],
        [
          0.449928,
          0.588488,
          -0.67175,
          1.676446
        ],
        [
          0.02083,
          -0.758895,
          -0.65088,
          1.11626
        ],
        [
          0.0,
          0.0,
          0.0,
          1.0
        ]
      ]
    },
    {
      "file_path": "/media/NFS/ttao/scannet/posed_images/scene0406_02/00035.jpg",
      "transform_matrix": [
        [
          -0.88731,
          0.282083,
          -0.364842,
          1.724834
        ],
        [
          0.460471,
          0.585535,
          -0.667169,
          1.671032
        ],
        [
          0.025431,
          -0.759985,
          -0.649443,
          1.107432
        ],
        [
          0.0,
          0.0,
          0.0,
          1.0
        ]
      ]
    },
    {
      "file_path": "/media/NFS/ttao/scannet/posed_images/scene0406_02/00040.jpg",
      "transform_matrix": [
        [
          -0.856061,
          0.322897,
          -0.403604,
          1.767032
        ],
        [
          0.51524,
          0.595151,
          -0.616704,
          1.643708
        ],
        [
          0.041074,
          -0.735889,
          -0.675855,
          1.072595
        ],
        [
          0.0,
          0.0,
          0.0,
          1.0
        ]
      ]
    },
    {
      "file_path": "/media/NFS/ttao/scannet/posed_images/scene0406_02/00046.jpg",
      "transform_matrix": [
        [
          -0.847104,
          0.340596,
          -0.407932,
          1.8065
        ],
        [
          0.528647,
          0.618487,
          -0.581383,
          1.62706
        ],
        [
          0.054284,
          -0.708144,
          -0.703978,
          1.044158
        ],
        [
          0.0,
          0.0,
          0.0,
          1.0
        ]
      ]
    },
    {
      "file_path": "/media/NFS/ttao/scannet/posed_images/scene0406_02/00048.jpg",
      "transform_matrix": [
        [
          -0.846025,
          0.339777,
          -0.410846,
          1.811355
        ],
        [
          0.529789,
          0.622103,
          -0.576465,
          1.625425
        ],
        [
          0.059719,
          -0.705365,
          -0.706324,
          1.042797
        ],
        [
          0.0,
          0.0,
          0.0,
          1.0
        ]
      ]
    },
    {
      "file_path": "/media/NFS/ttao/scannet/posed_images/scene0406_02/00054.jpg",
      "transform_matrix": [
        [
          -0.836623,
          0.349998,
          -0.421383,
          1.829262
        ],
        [
          0.54378,
          0.623434,
          -0.561812,
          1.61953
        ],
        [
          0.066071,
          -0.699165,
          -0.711901,
          1.036055
        ],
        [
          0.0,
          0.0,
          0.0,
          1.0
        ]
      ]
    },
    {
      "file_path": "/media/NFS/ttao/scannet/posed_images/scene0406_02/00056.jpg",
      "transform_matrix": [
        [
          -0.834145,
          0.354661,
          -0.422395,
          1.827455
        ],
        [
          0.548337,
          0.615739,
          -0.565855,
          1.622483
        ],
        [
          0.059399,
          -0.70362,
          -0.70809,
          1.041882
        ],
        [
          0.0,
          0.0,
          0.0,
          1.0
        ]
      ]
    },
    {
      "file_path": "/media/NFS/ttao/scannet/posed_images/scene0406_02/00063.jpg",
      "transform_matrix": [
        [
          -0.821351,
          0.375374,
          -0.429507,
          1.801308
        ],
        [
          0.569323,
          0.586209,
          -0.576395,
          1.639345
        ],
        [
          0.035417,
          -0.717951,
          -0.695192,
          1.060512
        ],
        [
          0.0,
          0.0,
          0.0,
          1.0
        ]
      ]
    },
    {
      "file_path": "/media/NFS/ttao/scannet/posed_images/scene0406_02/00064.jpg",
      "transform_matrix": [
        [
          -0.819597,
          0.378446,
          -0.430161,
          1.797309
        ],
        [
          0.571947,
          0.584607,
          -0.575422,
          1.64258
        ],
        [
          0.033709,
          -0.717644,
          -0.695594,
          1.05867
        ],
        [
          0.0,
          0.0,
          0.0,
          1.0
        ]
      ]
    },
    {
      "file_path": "/media/NFS/ttao/scannet/posed_images/scene0406_02/00069.jpg",
      "transform_matrix": [
        [
          -0.814525,
          0.411014,
          -0.40941,
          1.763073
        ],
        [
          0.580012,
          0.591126,
          -0.560496,
          1.664854
        ],
        [
          0.011641,
          -0.694001,
          -0.71988,
          1.051384
        ],
        [
          0.0,
          0.0,
          0.0,
          1.0
        ]
      ]
    },
    {
      "file_path": "/media/NFS/ttao/scannet/posed_images/scene0406_02/00071.jpg",
      "transform_matrix": [
        [
          -0.810068,
          0.427423,
          -0.401371,
          1.749669
        ],
        [
          0.586304,
          0.583391,
          -0.562052,
          1.670516
        ],
        [
          -0.006078,
          -0.690626,
          -0.723186,
          1.057548
        ],
        [
          0.0,
          0.0,
          0.0,
          1.0
        ]
      ]
    },
    {
      "file_path": "/media/NFS/ttao/scannet/posed_images/scene0406_02/00077.jpg",
      "transform_matrix": [
        [
          -0.776886,
          0.486664,
          -0.399508,
          1.694455
        ],
        [
          0.629019,
          0.571676,
          -0.526803,
          1.694414
        ],
        [
          -0.027987,
          -0.660564,
          -0.750248,
          1.062597
        ],
        [
          0.0,
          0.0,
          0.0,
          1.0
        ]
      ]
    },
    {
      "file_path": "/media/NFS/ttao/scannet/posed_images/scene0406_02/00080.jpg",
      "transform_matrix": [
        [
          -0.747396,
          0.507084,
          -0.429261,
          1.680364
        ],
        [
          0.663619,
          0.538891,
          -0.518851,
          1.706056
        ],
        [
          -0.031776,
          -0.672653,
          -0.739276,
          1.067106
        ],
        [
          0.0,
          0.0,
          0.0,
          1.0
        ]
      ]
    },
    {
      "file_path": "/media/NFS/ttao/scannet/posed_images/scene0406_02/00087.jpg",
      "transform_matrix": [
        [
          -0.688254,
          0.530381,
          -0.494977,
          1.630698
        ],
        [
          0.725325,
          0.489411,
          -0.484129,
          1.730109
        ],
        [
          -0.014525,
          -0.692223,
          -0.721538,
          1.088765
        ],
        [
          0.0,
          0.0,
          0.0,
          1.0
        ]
      ]
    },
    {
      "file_path": "/media/NFS/ttao/scannet/posed_images/scene0406_02/00088.jpg",
      "transform_matrix": [
        [
          -0.683268,
          0.532841,
          -0.499225,
          1.625609
        ],
        [
          0.730107,
          0.489782,
          -0.476506,
          1.731886
        ],
        [
          -0.00939,
          -0.690069,
          -0.723683,
          1.090607
        ],
        [
          0.0,
          0.0,
          0.0,
          1.0
        ]
      ]
    },
    {
      "file_path": "/media/NFS/ttao/scannet/posed_images/scene0406_02/00093.jpg",
      "transform_matrix": [
        [
          -0.669212,
          0.531357,
          -0.519438,
          1.612399
        ],
        [
          0.742921,
          0.492531,
          -0.453301,
          1.742544
        ],
        [
          0.014975,
          -0.689255,
          -0.724364,
          1.094474
        ],
        [
          0.0,
          0.0,
          0.0,
          1.0
        ]
      ]
    },
    {
      "file_path": "/media/NFS/ttao/scannet/posed_images/scene0406_02/00099.jpg",
      "transform_matrix": [
        [
          -0.662521,
          0.5362,
          -0.523026,
          1.596668
        ],
        [
          0.748959,
          0.484687,
          -0.451817,
          1.739026
        ],
        [
          0.011239,
          -0.691063,
          -0.722707,
          1.120252
        ],
        [
          0.0,
          0.0,
          0.0,
          1.0
        ]
      ]
    },
    {
      "file_path": "/media/NFS/ttao/scannet/posed_images/scene0406_02/00100.jpg",
      "transform_matrix": [
        [
          -0.661181,
          0.538948,
          -0.521895,
          1.596957
        ],
        [
          0.750218,
          0.478186,
          -0.456629,
          1.738902
        ],
        [
          0.003464,
          -0.69345,
          -0.720496,
          1.120634
        ],
        [
          0.0,
          0.0,
          0.0,
          1.0
        ]
      ]
    },
    {
      "file_path": "/media/NFS/ttao/scannet/posed_images/scene0406_02/00106.jpg",
      "transform_matrix": [
        [
          -0.673475,
          0.504018,
          -0.540737,
          1.59219
        ],
        [
          0.739209,
          0.460039,
          -0.491867,
          1.734233
        ],
        [
          0.00085,
          -0.730978,
          -0.6824,
          1.166828
        ],
        [
          0.0,
          0.0,
          0.0,
          1.0
        ]
      ]
    },
    {
      "file_path": "/media/NFS/ttao/scannet/posed_images/scene0406_02/00111.jpg",
      "transform_matrix": [
        [
          -0.673083,
          0.470115,
          -0.570921,
          1.590989
        ],
        [
          0.739495,
          0.43854,
          -0.510715,
          1.733495
        ],
        [
          0.010277,
          -0.765947,
          -0.642822,
          1.195634
        ],
        [
          0.0,
          0.0,
          0.0,
          1.0
        ]
      ]
    },
    {
      "file_path": "/media/NFS/ttao/scannet/posed_images/scene0406_02/00114.jpg",
      "transform_matrix": [
        [
          -0.670846,
          0.460451,
          -0.581336,
          1.590971
        ],
        [
          0.741522,
          0.427615,
          -0.517001,
          1.733097
        ],
        [
          0.010535,
          -0.777901,
          -0.628298,
          1.209179
        ],
        [
          0.0,
          0.0,
          0.0,
          1.0
        ]
      ]
    },
    {
      "file_path": "/media/NFS/ttao/scannet/posed_images/scene0406_02/00117.jpg",
      "transform_matrix": [
        [
          -0.668502,
          0.45002,
          -0.592104,
          1.59278
        ],
        [
          0.743641,
          0.415356,
          -0.523906,
          1.732025
        ],
        [
          0.010166,
          -0.790545,
          -0.612319,
          1.220142
        ],
        [
          0.0,
          0.0,
          0.0,
          1.0
        ]
      ]
    },
    {
      "file_path": "/media/NFS/ttao/scannet/posed_images/scene0406_02/00121.jpg",
      "transform_matrix": [
        [
          -0.662513,
          0.425901,
          -0.616186,
          1.598303
        ],
        [
          0.748806,
          0.397605,
          -0.530284,
          1.729075
        ],
        [
          0.019151,
          -0.812723,
          -0.582335,
          1.232717
        ],
        [
          0.0,
          0.0,
          0.0,
          1.0
        ]
      ]
    },
    {
      "file_path": "/media/NFS/ttao/scannet/posed_images/scene0406_02/00127.jpg",
      "transform_matrix": [
        [
          -0.668601,
          0.390493,
          -0.632841,
          1.620853
        ],
        [
          0.742892,
          0.388423,
          -0.545196,
          1.703551
        ],
        [
          0.032915,
          -0.834651,
          -0.549794,
          1.258038
        ],
        [
          0.0,
          0.0,
          0.0,
          1.0
        ]
      ]
    },
    {
      "file_path": "/media/NFS/ttao/scannet/posed_images/scene0406_02/00128.jpg",
      "transform_matrix": [
        [
          -0.675454,
          0.380588,
          -0.631598,
          1.627853
        ],
        [
          0.736551,
          0.389373,
          -0.553066,
          1.698237
        ],
        [
          0.035437,
          -0.838774,
          -0.543325,
          1.261064
        ],
        [
          0.0,
          0.0,
          0.0,
          1.0
        ]
      ]
    },
    {
      "file_path": "/media/NFS/ttao/scannet/posed_images/scene0406_02/00134.jpg",
      "transform_matrix": [
        [
          -0.68953,
          0.341106,
          -0.638902,
          1.663029
        ],
        [
          0.723136,
          0.37333,
          -0.581119,
          1.662561
        ],
        [
          0.040297,
          -0.862712,
          -0.504088,
          1.279773
        ],
        [
          0.0,
          0.0,
          0.0,
          1.0
        ]
      ]
    },
    {
      "file_path": "/media/NFS/ttao/scannet/posed_images/scene0406_02/00137.jpg",
      "transform_matrix": [
        [
          -0.67313,
          0.335123,
          -0.659233,
          1.68136
        ],
        [
          0.738419,
          0.353304,
          -0.574382,
          1.639261
        ],
        [
          0.040421,
          -0.873424,
          -0.48528,
          1.294546
        ],
        [
          0.0,
          0.0,
          0.0,
          1.0
        ]
      ]
    },
    {
      "file_path": "/media/NFS/ttao/scannet/posed_images/scene0406_02/00143.jpg",
      "transform_matrix": [
        [
          -0.631643,
          0.306254,
          -0.712205,
          1.705089
        ],
        [
          0.7752,
          0.260931,
          -0.575309,
          1.610713
        ],
        [
          0.009646,
          -0.915491,
          -0.402223,
          1.330973
        ],
        [
          0.0,
          0.0,
          0.0,
          1.0
        ]
      ]
    },
    {
      "file_path": "/media/NFS/ttao/scannet/posed_images/scene0406_02/00147.jpg",
      "transform_matrix": [
        [
          -0.585384,
          0.304215,
          -0.751518,
          1.710879
        ],
        [
          0.810721,
          0.228298,
          -0.539084,
          1.590248
        ],
        [
          0.007572,
          -0.924842,
          -0.380275,
          1.348061
        ],
        [
          0.0,
          0.0,
          0.0,
          1.0
        ]
      ]
    },
    {
      "file_path": "/media/NFS/ttao/scannet/posed_images/scene0406_02/00151.jpg",
      "transform_matrix": [
        [
          -0.552052,
          0.281069,
          -0.785009,
          1.718751
        ],
        [
          0.833439,
          0.214105,
          -0.50945,
          1.573518
        ],
        [
          0.024884,
          -0.9355,
          -0.352451,
          1.351152
        ],
        [
          0.0,
          0.0,
          0.0,
          1.0
        ]
      ]
    },
    {
      "file_path": "/media/NFS/ttao/scannet/posed_images/scene0406_02/00154.jpg",
      "transform_matrix": [
        [
          -0.545698,
          0.279859,
          -0.789869,
          1.718303
        ],
        [
          0.837605,
          0.210458,
          -0.504109,
          1.563849
        ],
        [
          0.025155,
          -0.936689,
          -0.349258,
          1.357973
        ],
        [
          0.0,
          0.0,
          0.0,
          1.0
        ]
      ]
    },
    {
      "file_path": "/media/NFS/ttao/scannet/posed_images/scene0406_02/00156.jpg",
      "transform_matrix": [
        [
          -0.545004,
          0.279299,
          -0.790546,
          1.718369
        ],
        [
          0.838148,
          0.206087,
          -0.505011,
          1.557876
        ],
        [
          0.021872,
          -0.937827,
          -0.346413,
          1.362139
        ],
        [
          0.0,
          0.0,
          0.0,
          1.0
        ]
      ]
    },
    {
      "file_path": "/media/NFS/ttao/scannet/posed_images/scene0406_02/00163.jpg",
      "transform_matrix": [
        [
          -0.589069,
          0.256753,
          -0.766208,
          1.726382
        ],
        [
          0.808074,
          0.182646,
          -0.560051,
          1.553507
        ],
        [
          -0.00385,
          -0.949062,
          -0.315067,
          1.379679
        ],
        [
          0.0,
          0.0,
          0.0,
          1.0
        ]
      ]
    },
    {
      "file_path": "/media/NFS/ttao/scannet/posed_images/scene0406_02/00164.jpg",
      "transform_matrix": [
        [
          -0.591948,
          0.256513,
          -0.764067,
          1.726662
        ],
        [
          0.805934,
          0.17865,
          -0.564407,
          1.554216
        ],
        [
          -0.008278,
          -0.949887,
          -0.312484,
          1.381937
        ],
        [
          0.0,
          0.0,
          0.0,
          1.0
        ]
      ]
    },
    {
      "file_path": "/media/NFS/ttao/scannet/posed_images/scene0406_02/00168.jpg",
      "transform_matrix": [
        [
          -0.600345,
          0.249596,
          -0.759794,
          1.727413
        ],
        [
          0.799531,
          0.165565,
          -0.577355,
          1.558094
        ],
        [
          -0.018311,
          -0.954091,
          -0.298956,
          1.388912
        ],
        [
          0.0,
          0.0,
          0.0,
          1.0
        ]
      ]
    },
    {
      "file_path": "/media/NFS/ttao/scannet/posed_images/scene0406_02/00175.jpg",
      "transform_matrix": [
        [
          -0.645456,
          0.207627,
          -0.735035,
          1.732414
        ],
        [
          0.762438,
          0.117762,
          -0.636255,
          1.571377
        ],
        [
          -0.045545,
          -0.971094,
          -0.234313,
          1.404851
        ],
        [
          0.0,
          0.0,
          0.0,
          1.0
        ]
      ]
    },
    {
      "file_path": "/media/NFS/ttao/scannet/posed_images/scene0406_02/00179.jpg",
      "transform_matrix": [
        [
          -0.67081,
          0.178595,
          -0.719804,
          1.733816
        ],
        [
          0.73974,
          0.091898,
          -0.666588,
          1.577886
        ],
        [
          -0.052901,
          -0.979622,
          -0.19376,
          1.424958
        ],
        [
          0.0,
          0.0,
          0.0,
          1.0
        ]
      ]
    },
    {
      "file_path": "/media/NFS/ttao/scannet/posed_images/scene0406_02/00181.jpg",
      "transform_matrix": [
        [
          -0.677086,
          0.168761,
          -0.716292,
          1.733145
        ],
        [
          0.733877,
          0.082643,
          -0.674237,
          1.580486
        ],
        [
          -0.054588,
          -0.982186,
          -0.179806,
          1.442424
        ],
        [
          0.0,
          0.0,
          0.0,
          1.0
        ]
      ]
    },
    {
      "file_path": "/media/NFS/ttao/scannet/posed_images/scene0406_02/00187.jpg",
      "transform_matrix": [
        [
          -0.646861,
          0.135142,
          -0.750538,
          1.726431
        ],
        [
          0.760478,
          0.040802,
          -0.648081,
          1.578635
        ],
        [
          -0.056959,
          -0.989986,
          -0.129166,
          1.482463
        ],
        [
          0.0,
          0.0,
          0.0,
          1.0
        ]
      ]
    },
    {
      "file_path": "/media/NFS/ttao/scannet/posed_images/scene0406_02/00191.jpg",
      "transform_matrix": [
        [
          -0.628545,
          0.103725,
          -0.770826,
          1.725226
        ],
        [
          0.776004,
          0.016828,
          -0.630503,
          1.572402
        ],
        [
          -0.052428,
          -0.994464,
          -0.091068,
          1.493263
        ],
        [
          0.0,
          0.0,
          0.0,
          1.0
        ]
      ]
    },
    {
      "file_path": "/media/NFS/ttao/scannet/posed_images/scene0406_02/00192.jpg",
      "transform_matrix": [
        [
          -0.627125,
          0.097345,
          -0.772812,
          1.725473
        ],
        [
          0.777187,
          0.012074,
          -0.629154,
          1.571286
        ],
        [
          -0.051914,
          -0.995178,
          -0.083227,
          1.495877
        ],
        [
          0.0,
          0.0,
          0.0,
          1.0
        ]
      ]
    },
    {
      "file_path": "/media/NFS/ttao/scannet/posed_images/scene0406_02/00199.jpg",
      "transform_matrix": [
        [
          -0.635399,
          0.05603,
          -0.770148,
          1.72928
        ],
        [
          0.770979,
          -0.009654,
          -0.636787,
          1.562822
        ],
        [
          -0.043114,
          -0.998382,
          -0.037064,
          1.521884
        ],
        [
          0.0,
          0.0,
          0.0,
          1.0
        ]
      ]
    },
    {
      "file_path": "/media/NFS/ttao/scannet/posed_images/scene0406_02/00201.jpg",
      "transform_matrix": [
        [
          -0.634863,
          0.046402,
          -0.77123,
          1.730035
        ],
        [
          0.771837,
          -0.006958,
          -0.635782,
          1.559534
        ],
        [
          -0.034868,
          -0.998899,
          -0.031397,
          1.53555
        ],
        [
          0.0,
          0.0,
          0.0,
          1.0
        ]
      ]
    },
    {
      "file_path": "/media/NFS/ttao/scannet/posed_images/scene0406_02/00208.jpg",
      "transform_matrix": [
        [
          -0.636118,
          0.008808,
          -0.771541,
          1.72634
        ],
        [
          0.770374,
          -0.048918,
          -0.635714,
          1.550655
        ],
        [
          -0.043342,
          -0.998764,
          0.024332,
          1.574741
        ],
        [
          0.0,
          0.0,
          0.0,
          1.0
        ]
      ]
    },
    {
      "file_path": "/media/NFS/ttao/scannet/posed_images/scene0406_02/00209.jpg",
      "transform_matrix": [
        [
          -0.637112,
          0.006839,
          -0.770741,
          1.724969
        ],
        [
          0.769431,
          -0.053291,
          -0.636503,
          1.550316
        ],
        [
          -0.045427,
          -0.998556,
          0.02869,
          1.577244
        ],
        [
          0.0,
          0.0,
          0.0,
          1.0
        ]
      ]
    },
    {
      "file_path": "/media/NFS/ttao/scannet/posed_images/scene0406_02/00214.jpg",
      "transform_matrix": [
        [
          -0.649694,
          -0.013024,
          -0.760085,
          1.713653
        ],
        [
          0.758949,
          -0.068372,
          -0.647551,
          1.540805
        ],
        [
          -0.043535,
          -0.997575,
          0.054305,
          1.585066
        ],
        [
          0.0,
          0.0,
          0.0,
          1.0
        ]
      ]
    },
    {
      "file_path": "/media/NFS/ttao/scannet/posed_images/scene0406_02/00220.jpg",
      "transform_matrix": [
        [
          -0.634723,
          -0.023663,
          -0.772378,
          1.687206
        ],
        [
          0.772542,
          -0.042055,
          -0.63357,
          1.514967
        ],
        [
          -0.01749,
          -0.998835,
          0.044974,
          1.596631
        ],
        [
          0.0,
          0.0,
          0.0,
          1.0
        ]
      ]
    },
    {
      "file_path": "/media/NFS/ttao/scannet/posed_images/scene0406_02/00221.jpg",
      "transform_matrix": [
        [
          -0.63602,
          -0.027475,
          -0.771183,
          1.682582
        ],
        [
          0.771553,
          -0.040233,
          -0.634892,
          1.514038
        ],
        [
          -0.013584,
          -0.998812,
          0.046788,
          1.598961
        ],
        [
          0.0,
          0.0,
          0.0,
          1.0
        ]
      ]
    },
    {
      "file_path": "/media/NFS/ttao/scannet/posed_images/scene0406_02/00227.jpg",
      "transform_matrix": [
        [
          -0.637038,
          -0.060495,
          -0.768455,
          1.662784
        ],
        [
          0.770752,
          -0.0644,
          -0.633873,
          1.513575
        ],
        [
          -0.011142,
          -0.996089,
          0.087652,
          1.610282
        ],
        [
          0.0,
          0.0,
          0.0,
          1.0
        ]
      ]
    },
    {
      "file_path": "/media/NFS/ttao/scannet/posed_images/scene0406_02/00230.jpg",
      "transform_matrix": [
        [
          -0.630335,
          -0.055229,
          -0.774356,
          1.650272
        ],
        [
          0.776192,
          -0.063148,
          -0.627326,
          1.506513
        ],
        [
          -0.014253,
          -0.996475,
          0.082673,
          1.607403
        ],
        [
          0.0,
          0.0,
          0.0,
          1.0
        ]
      ]
    },
    {
      "file_path": "/media/NFS/ttao/scannet/posed_images/scene0406_02/00233.jpg",
      "transform_matrix": [
        [
          -0.620901,
          -0.049943,
          -0.782296,
          1.643416
        ],
        [
          0.783772,
          -0.056807,
          -0.618446,
          1.497365
        ],
        [
          -0.013553,
          -0.997135,
          0.074415,
          1.607679
        ],
        [
          0.0,
          0.0,
          0.0,
          1.0
        ]
      ]
    },
    {
      "file_path": "/media/NFS/ttao/scannet/posed_images/scene0406_02/00238.jpg",
      "transform_matrix": [
        [
          -0.576089,
          -0.043728,
          -0.816217,
          1.636432
        ],
        [
          0.817386,
          -0.032639,
          -0.575165,
          1.476458
        ],
        [
          -0.00149,
          -0.99851,
          0.054546,
          1.598738
        ],
        [
          0.0,
          0.0,
          0.0,
          1.0
        ]
      ]
    },
    {
      "file_path": "/media/NFS/ttao/scannet/posed_images/scene0406_02/00244.jpg",
      "transform_matrix": [
        [
          -0.521888,
          -0.028713,
          -0.852531,
          1.640485
        ],
        [
          0.852973,
          -0.007728,
          -0.521898,
          1.442312
        ],
        [
          0.008397,
          -0.999558,
          0.028525,
          1.576749
        ],
        [
          0.0,
          0.0,
          0.0,
          1.0
        ]
      ]
    },
    {
      "file_path": "/media/NFS/ttao/scannet/posed_images/scene0406_02/00245.jpg",
      "transform_matrix": [
        [
          -0.519275,
          -0.028519,
          -0.854131,
          1.64246
        ],
        [
          0.85459,
          -0.010935,
          -0.519189,
          1.436458
        ],
        [
          0.005467,
          -0.999534,
          0.030051,
          1.572726
        ],
        [
          0.0,
          0.0,
          0.0,
          1.0
        ]
      ]
    },
    {
      "file_path": "/media/NFS/ttao/scannet/posed_images/scene0406_02/00250.jpg",
      "transform_matrix": [
        [
          -0.524458,
          -0.005646,
          -0.851417,
          1.66529
        ],
        [
          0.851376,
          -0.015396,
          -0.52433,
          1.402653
        ],
        [
          -0.010148,
          -0.999866,
          0.012882,
          1.557255
        ],
        [
          0.0,
          0.0,
          0.0,
          1.0
        ]
      ]
    },
    {
      "file_path": "/media/NFS/ttao/scannet/posed_images/scene0406_02/00256.jpg",
      "transform_matrix": [
        [
          -0.521256,
          0.028388,
          -0.852928,
          1.68901
        ],
        [
          0.853324,
          0.004012,
          -0.521365,
          1.362474
        ],
        [
          -0.011378,
          -0.999589,
          -0.026315,
          1.533135
        ],
        [
          0.0,
          0.0,
          0.0,
          1.0
        ]
      ]
    },
    {
      "file_path": "/media/NFS/ttao/scannet/posed_images/scene0406_02/00258.jpg",
      "transform_matrix": [
        [
          -0.515807,
          0.046927,
          -0.855419,
          1.692249
        ],
        [
          0.856631,
          0.015123,
          -0.515708,
          1.353462
        ],
        [
          -0.011264,
          -0.998784,
          -0.047999,
          1.52695
        ],
        [
          0.0,
          0.0,
          0.0,
          1.0
        ]
      ]
    },
    {
      "file_path": "/media/NFS/ttao/scannet/posed_images/scene0406_02/00261.jpg",
      "transform_matrix": [
        [
          -0.49965,
          0.090846,
          -0.861451,
          1.687514
        ],
        [
          0.866036,
          0.031464,
          -0.498991,
          1.342732
        ],
        [
          -0.018226,
          -0.995368,
          -0.094397,
          1.517589
        ],
        [
          0.0,
          0.0,
          0.0,
          1.0
        ]
      ]
    },
    {
      "file_path": "/media/NFS/ttao/scannet/posed_images/scene0406_02/00268.jpg",
      "transform_matrix": [
        [
          -0.433381,
          0.195112,
          -0.879836,
          1.671455
        ],
        [
          0.901155,
          0.082915,
          -0.425495,
          1.313032
        ],
        [
          -0.010068,
          -0.97727,
          -0.21176,
          1.481013
        ],
        [
          0.0,
          0.0,
          0.0,
          1.0
        ]
      ]
    },
    {
      "file_path": "/media/NFS/ttao/scannet/posed_images/scene0406_02/00271.jpg",
      "transform_matrix": [
        [
          -0.432463,
          0.226073,
          -0.87285,
          1.666517
        ],
        [
          0.901652,
          0.108705,
          -0.418578,
          1.301122
        ],
        [
          0.000254,
          -0.968026,
          -0.25085,
          1.461135
        ],
        [
          0.0,
          0.0,
          0.0,
          1.0
        ]
      ]
    },
    {
      "file_path": "/media/NFS/ttao/scannet/posed_images/scene0406_02/00274.jpg",
      "transform_matrix": [
        [
          -0.428366,
          0.253654,
          -0.867273,
          1.664572
        ],
        [
          0.903605,
          0.121144,
          -0.41088,
          1.292099
        ],
        [
          0.000844,
          -0.959679,
          -0.281097,
          1.449882
        ],
        [
          0.0,
          0.0,
          0.0,
          1.0
        ]
      ]
    },
    {
      "file_path": "/media/NFS/ttao/scannet/posed_images/scene0406_02/00277.jpg",
      "transform_matrix": [
        [
          -0.431024,
          0.272915,
          -0.860079,
          1.665111
        ],
        [
          0.90234,
          0.129063,
          -0.411249,
          1.285376
        ],
        [
          -0.001232,
          -0.953342,
          -0.301891,
          1.438235
        ],
        [
          0.0,
          0.0,
          0.0,
          1.0
        ]
      ]
    },
    {
      "file_path": "/media/NFS/ttao/scannet/posed_images/scene0406_02/00282.jpg",
      "transform_matrix": [
        [
          -0.437428,
          0.305209,
          -0.845875,
          1.665726
        ],
        [
          0.899254,
          0.148949,
          -0.411288,
          1.276387
        ],
        [
          0.000463,
          -0.940565,
          -0.339615,
          1.413348
        ],
        [
          0.0,
          0.0,
          0.0,
          1.0
        ]
      ]
    },
    {
      "file_path": "/media/NFS/ttao/scannet/posed_images/scene0406_02/00288.jpg",
      "transform_matrix": [
        [
          -0.416267,
          0.352085,
          -0.838307,
          1.663563
        ],
        [
          0.909231,
          0.165847,
          -0.38183,
          1.271552
        ],
        [
          0.004594,
          -0.921158,
          -0.389163,
          1.38905
        ],
        [
          0.0,
          0.0,
          0.0,
          1.0
        ]
      ]
    },
    {
      "file_path": "/media/NFS/ttao/scannet/posed_images/scene0406_02/00289.jpg",
      "transform_matrix": [
        [
          -0.416608,
          0.360928,
          -0.834367,
          1.662716
        ],
        [
          0.909084,
          0.167367,
          -0.381516,
          1.271324
        ],
        [
          0.001945,
          -0.917453,
          -0.39784,
          1.385039
        ],
        [
          0.0,
          0.0,
          0.0,
          1.0
        ]
      ]
    },
    {
      "file_path": "/media/NFS/ttao/scannet/posed_images/scene0406_02/00296.jpg",
      "transform_matrix": [
        [
          -0.420377,
          0.42177,
          -0.803364,
          1.659373
        ],
        [
          0.907321,
          0.202393,
          -0.368518,
          1.269462
        ],
        [
          0.007165,
          -0.883825,
          -0.467762,
          1.354843
        ],
        [
          0.0,
          0.0,
          0.0,
          1.0
        ]
      ]
    },
    {
      "file_path": "/media/NFS/ttao/scannet/posed_images/scene0406_02/00300.jpg",
      "transform_matrix": [
        [
          -0.420737,
          0.452022,
          -0.786547,
          1.657386
        ],
        [
          0.907073,
          0.223103,
          -0.356993,
          1.269278
        ],
        [
          0.014112,
          -0.863656,
          -0.503884,
          1.341349
        ],
        [
          0.0,
          0.0,
          0.0,
          1.0
        ]
      ]
    },
    {
      "file_path": "/media/NFS/ttao/scannet/posed_images/scene0406_02/00305.jpg",
      "transform_matrix": [
        [
          -0.41978,
          0.473424,
          -0.774373,
          1.654192
        ],
        [
          0.907535,
          0.231003,
          -0.35074,
          1.278259
        ],
        [
          0.012834,
          -0.850004,
          -0.526619,
          1.32929
        ],
        [
          0.0,
          0.0,
          0.0,
          1.0
        ]
      ]
    },
    {
      "file_path": "/media/NFS/ttao/scannet/posed_images/scene0406_02/00308.jpg",
      "transform_matrix": [
        [
          -0.425732,
          0.484043,
          -0.764497,
          1.652664
        ],
        [
          0.904812,
          0.235485,
          -0.354772,
          1.287279
        ],
        [
          0.008303,
          -0.842763,
          -0.538221,
          1.323098
        ],
        [
          0.0,
          0.0,
          0.0,
          1.0
        ]
      ]
    },
    {
      "file_path": "/media/NFS/ttao/scannet/posed_images/scene0406_02/00312.jpg",
      "transform_matrix": [
        [
          -0.434029,
          0.497185,
          -0.751283,
          1.645817
        ],
        [
          0.900868,
          0.24648,
          -0.357331,
          1.302929
        ],
        [
          0.007517,
