{
  "frames": [
    {
      "file_path": "/media/NFS/ttao/scannet/posed_images/scene0659_01/00001.jpg",
      "transform_matrix": [
        [
          0.921778,
          -0.152429,
          0.356499,
          0.427365
        ],
        [
          -0.384609,
          -0.243248,
          0.890453,
          0.697135
        ],
        [
          -0.049014,
          -0.957912,
          -0.282846,
          1.473417
        ],
        [
          0.0,
          0.0,
          0.0,
          1.0
        ]
      ]
    },
    {
      "file_path": "/media/NFS/ttao/scannet/posed_images/scene0659_01/00006.jpg",
      "transform_matrix": [
        [
          0.916957,
          -0.15528,
          0.36753,
          0.429806
        ],
        [
          -0.395556,
          -0.233273,
          0.888324,
          0.699237
        ],
        [
          -0.052204,
          -0.959933,
          -0.275323,
          1.477958
        ],
        [
          0.0,
          0.0,
          0.0,
          1.0
        ]
      ]
    },
    {
      "file_path": "/media/NFS/ttao/scannet/posed_images/scene0659_01/00009.jpg",
      "transform_matrix": [
        [
          0.916534,
          -0.153028,
          0.369523,
          0.428841
        ],
        [
          -0.396344,
          -0.223636,
          0.890449,
          0.700535
        ],
        [
          -0.053625,
          -0.962585,
          -0.265622,
          1.482989
        ],
        [
          0.0,
          0.0,
          0.0,
          1.0
        ]
      ]
    },
    {
      "file_path": "/media/NFS/ttao/scannet/posed_images/scene0659_01/00013.jpg",
      "transform_matrix": [
        [
          0.914028,
          -0.141689,
          0.380102,
          0.425923
        ],
        [
          -0.402694,
          -0.203985,
          0.892316,
          0.700297
        ],
        [
          -0.048896,
          -0.968666,
          -0.243506,
          1.487574
        ],
        [
          0.0,
          0.0,
          0.0,
          1.0
        ]
      ]
    },
    {
      "file_path": "/media/NFS/ttao/scannet/posed_images/scene0659_01/00022.jpg",
      "transform_matrix": [
        [
          0.906062,
          -0.115903,
          0.406962,
          0.425175
        ],
        [
          -0.420337,
          -0.135932,
          0.897128,
          0.699738
        ],
        [
          -0.048661,
          -0.983915,
          -0.171882,
          1.509576
        ],
        [
          0.0,
          0.0,
          0.0,
          1.0
        ]
      ]
    },
    {
      "file_path": "/media/NFS/ttao/scannet/posed_images/scene0659_01/00027.jpg",
      "transform_matrix": [
        [
          0.907011,
          -0.10556,
          0.407662,
          0.422561
        ],
        [
          -0.418198,
          -0.112189,
          0.901401,
          0.699074
        ],
        [
          -0.049416,
          -0.988064,
          -0.145902,
          1.515755
        ],
        [
          0.0,
          0.0,
          0.0,
          1.0
        ]
      ]
    },
    {
      "file_path": "/media/NFS/ttao/scannet/posed_images/scene0659_01/00028.jpg",
      "transform_matrix": [
        [
          0.906971,
          -0.103598,
          0.408253,
          0.421695
        ],
        [
          -0.41825,
          -0.107136,
          0.901992,
          0.698917
        ],
        [
          -0.049706,
          -0.988832,
          -0.140499,
          1.51693
        ],
        [
          0.0,
          0.0,
          0.0,
          1.0
        ]
      ]
    },
    {
      "file_path": "/media/NFS/ttao/scannet/posed_images/scene0659_01/00036.jpg",
      "transform_matrix": [
        [
          0.905854,
          -0.083578,
          0.415264,
          0.422967
        ],
        [
          -0.421285,
          -0.075605,
          0.903772,
          0.691028
        ],
        [
          -0.044139,
          -0.993629,
          -0.103697,
          1.521223
        ],
        [
          0.0,
          0.0,
          0.0,
          1.0
        ]
      ]
    },
    {
      "file_path": "/media/NFS/ttao/scannet/posed_images/scene0659_01/00040.jpg",
      "transform_matrix": [
        [
          0.908756,
          -0.083382,
          0.408914,
          0.423036
        ],
        [
          -0.414792,
          -0.072587,
          0.907017,
          0.689568
        ],
        [
          -0.045947,
          -0.99387,
          -0.10055,
          1.520407
        ],
        [
          0.0,
          0.0,
          0.0,
          1.0
        ]
      ]
    },
    {
      "file_path": "/media/NFS/ttao/scannet/posed_images/scene0659_01/00047.jpg",
      "transform_matrix": [
        [
          0.911934,
          -0.088887,
          0.400595,
          0.424563
        ],
        [
          -0.407318,
          -0.077856,
          0.909962,
          0.690548
        ],
        [
          -0.049696,
          -0.992994,
          -0.107205,
          1.518904
        ],
        [
          0.0,
          0.0,
          0.0,
          1.0
        ]
      ]
    },
    {
      "file_path": "/media/NFS/ttao/scannet/posed_images/scene0659_01/00050.jpg",
      "transform_matrix": [
        [
          0.913768,
          -0.095304,
          0.394898,
          0.428085
        ],
        [
          -0.402467,
          -0.080279,
          0.911908,
          0.691739
        ],
        [
          -0.055207,
          -0.992206,
          -0.111713,
          1.52058
        ],
        [
          0.0,
          0.0,
          0.0,
          1.0
        ]
      ]
    },
    {
      "file_path": "/media/NFS/ttao/scannet/posed_images/scene0659_01/00056.jpg",
      "transform_matrix": [
        [
          0.918536,
          -0.096913,
          0.383274,
          0.432527
        ],
        [
          -0.391274,
          -0.084212,
          0.916413,
          0.696114
        ],
        [
          -0.056536,
          -0.991724,
          -0.115272,
          1.520426
        ],
        [
          0.0,
          0.0,
          0.0,
          1.0
        ]
      ]
    },
    {
      "file_path": "/media/NFS/ttao/scannet/posed_images/scene0659_01/00058.jpg",
      "transform_matrix": [
        [
          0.920044,
          -0.09754,
          0.379479,
          0.435752
        ],
        [
          -0.38772,
          -0.086997,
          0.917663,
          0.697765
        ],
        [
          -0.056495,
          -0.991422,
          -0.117859,
          1.521117
        ],
        [
          0.0,
          0.0,
          0.0,
          1.0
        ]
      ]
    },
    {
      "file_path": "/media/NFS/ttao/scannet/posed_images/scene0659_01/00065.jpg",
      "transform_matrix": [
        [
          0.930097,
          -0.100909,
          0.353182,
          0.445468
        ],
        [
          -0.364249,
          -0.129408,
          0.922267,
          0.702804
        ],
        [
          -0.04736,
          -0.986443,
          -0.157118,
          1.518767
        ],
        [
          0.0,
          0.0,
          0.0,
          1.0
        ]
      ]
    },
    {
      "file_path": "/media/NFS/ttao/scannet/posed_images/scene0659_01/00070.jpg",
      "transform_matrix": [
        [
          0.937413,
          -0.097039,
          0.334426,
          0.455808
        ],
        [
          -0.346376,
          -0.16112,
          0.924156,
          0.704157
        ],
        [
          -0.035796,
          -0.982153,
          -0.184648,
          1.506759
        ],
        [
          0.0,
          0.0,
          0.0,
          1.0
        ]
      ]
    },
    {
      "file_path": "/media/NFS/ttao/scannet/posed_images/scene0659_01/00074.jpg",
      "transform_matrix": [
        [
          0.939063,
          -0.099674,
          0.328978,
          0.463003
        ],
        [
          -0.341657,
          -0.165286,
          0.925176,
          0.702532
        ],
        [
          -0.03784,
          -0.981196,
          -0.189268,
          1.505856
        ],
        [
          0.0,
          0.0,
          0.0,
          1.0
        ]
      ]
    },
    {
      "file_path": "/media/NFS/ttao/scannet/posed_images/scene0659_01/00078.jpg",
      "transform_matrix": [
        [
          0.942989,
          -0.09311,
          0.319536,
          0.466874
        ],
        [
          -0.331069,
          -0.163925,
          0.929259,
          0.699455
        ],
        [
          -0.034143,
          -0.982069,
          -0.185406,
          1.504709
        ],
        [
          0.0,
          0.0,
          0.0,
          1.0
        ]
      ]
    },
    {
      "file_path": "/media/NFS/ttao/scannet/posed_images/scene0659_01/00084.jpg",
      "transform_matrix": [
        [
          0.940304,
          -0.089324,
          0.328405,
          0.481276
        ],
        [
          -0.338801,
          -0.154128,
          0.928148,
          0.69676
        ],
        [
          -0.03229,
          -0.984005,
          -0.17519,
          1.509821
        ],
        [
          0.0,
          0.0,
          0.0,
          1.0
        ]
      ]
    },
    {
      "file_path": "/media/NFS/ttao/scannet/posed_images/scene0659_01/00089.jpg",
      "transform_matrix": [
        [
          0.932829,
          -0.08602,
          0.349901,
          0.484357
        ],
        [
          -0.35938,
          -0.152032,
          0.920724,
          0.715822
        ],
        [
          -0.026005,
          -0.984625,
          -0.172734,
          1.511182
        ],
        [
          0.0,
          0.0,
          0.0,
          1.0
        ]
      ]
    },
    {
      "file_path": "/media/NFS/ttao/scannet/posed_images/scene0659_01/00093.jpg",
      "transform_matrix": [
        [
          0.923734,
          -0.07465,
          0.375691,
          0.475653
        ],
        [
          -0.382876,
          -0.151656,
          0.911266,
          0.766166
        ],
        [
          -0.01105,
          -0.98561,
          -0.168671,
          1.502218
        ],
        [
          0.0,
          0.0,
          0.0,
          1.0
        ]
      ]
    },
    {
      "file_path": "/media/NFS/ttao/scannet/posed_images/scene0659_01/00098.jpg",
      "transform_matrix": [
        [
          0.909099,
          -0.061976,
          0.411944,
          0.4685
        ],
        [
          -0.416569,
          -0.142342,
          0.897891,
          0.834039
        ],
        [
          0.00299,
          -0.987875,
          -0.15522,
          1.5038
        ],
        [
          0.0,
          0.0,
          0.0,
          1.0
        ]
      ]
    },
    {
      "file_path": "/media/NFS/ttao/scannet/posed_images/scene0659_01/00105.jpg",
      "transform_matrix": [
        [
          0.863514,
          -0.042418,
          0.502539,
          0.455828
        ],
        [
          -0.503769,
          -0.119366,
          0.855552,
          0.937098
        ],
        [
          0.023695,
          -0.991944,
          -0.124443,
          1.51456
        ],
        [
          0.0,
          0.0,
          0.0,
          1.0
        ]
      ]
    },
    {
      "file_path": "/media/NFS/ttao/scannet/posed_images/scene0659_01/00110.jpg",
      "transform_matrix": [
        [
          0.823058,
          -0.06496,
          0.56423,
          0.454656
        ],
        [
          -0.567717,
          -0.122963,
          0.813989,
          1.005821
        ],
        [
          0.016503,
          -0.990283,
          -0.138085,
          1.519614
        ],
        [
          0.0,
          0.0,
          0.0,
          1.0
        ]
      ]
    },
    {
      "file_path": "/media/NFS/ttao/scannet/posed_images/scene0659_01/00112.jpg",
      "transform_matrix": [
        [
          0.806728,
          -0.069596,
          0.58681,
          0.457305
        ],
        [
          -0.590699,
          -0.122275,
          0.797574,
          1.025155
        ],
        [
          0.016244,
          -0.990053,
          -0.139753,
          1.522307
        ],
        [
          0.0,
          0.0,
          0.0,
          1.0
        ]
      ]
    },
    {
      "file_path": "/media/NFS/ttao/scannet/posed_images/scene0659_01/00121.jpg",
      "transform_matrix": [
        [
          0.739874,
          -0.086733,
          0.667131,
          0.470566
        ],
        [
          -0.671443,
          -0.15688,
          0.72426,
          1.104567
        ],
        [
          0.041842,
          -0.983802,
          -0.174308,
          1.521428
        ],
        [
          0.0,
          0.0,
          0.0,
          1.0
        ]
      ]
    },
    {
      "file_path": "/media/NFS/ttao/scannet/posed_images/scene0659_01/00124.jpg",
      "transform_matrix": [
        [
          0.721073,
          -0.090637,
          0.686905,
          0.475599
        ],
        [
          -0.691491,
          -0.156412,
          0.705248,
          1.131394
        ],
        [
          0.043519,
          -0.983524,
          -0.175459,
          1.521671
        ],
        [
          0.0,
          0.0,
          0.0,
          1.0
        ]
      ]
    },
    {
      "file_path": "/media/NFS/ttao/scannet/posed_images/scene0659_01/00127.jpg",
      "transform_matrix": [
        [
          0.7064,
          -0.09642,
          0.701215,
          0.482678
        ],
        [
          -0.706793,
          -0.149256,
          0.691496,
          1.157307
        ],
        [
          0.037987,
          -0.984086,
          -0.173583,
          1.523401
        ],
        [
          0.0,
          0.0,
          0.0,
          1.0
        ]
      ]
    },
    {
      "file_path": "/media/NFS/ttao/scannet/posed_images/scene0659_01/00133.jpg",
      "transform_matrix": [
        [
          0.645481,
          -0.129215,
          0.752766,
          0.499301
        ],
        [
          -0.76349,
          -0.13614,
          0.631308,
          1.227258
        ],
        [
          0.020907,
          -0.982227,
          -0.18653,
          1.532966
        ],
        [
          0.0,
          0.0,
          0.0,
          1.0
        ]
      ]
    },
    {
      "file_path": "/media/NFS/ttao/scannet/posed_images/scene0659_01/00139.jpg",
      "transform_matrix": [
        [
          0.598332,
          -0.148879,
          0.787295,
          0.505559
        ],
        [
          -0.801168,
          -0.125055,
          0.585228,
          1.283894
        ],
        [
          0.011327,
          -0.980916,
          -0.194102,
          1.539365
        ],
        [
          0.0,
          0.0,
          0.0,
          1.0
        ]
      ]
    },
    {
      "file_path": "/media/NFS/ttao/scannet/posed_images/scene0659_01/00145.jpg",
      "transform_matrix": [
        [
          0.567805,
          -0.151315,
          0.809136,
          0.500368
        ],
        [
          -0.822717,
          -0.136671,
          0.551777,
          1.347152
        ],
        [
          0.027093,
          -0.978992,
          -0.202092,
          1.534019
        ],
        [
          0.0,
          0.0,
          0.0,
          1.0
        ]
      ]
    },
    {
      "file_path": "/media/NFS/ttao/scannet/posed_images/scene0659_01/00147.jpg",
      "transform_matrix": [
        [
          0.549923,
          -0.151999,
          0.821268,
          0.499781
        ],
        [
          -0.83469,
          -0.134886,
          0.533946,
          1.368945
        ],
        [
          0.029618,
          -0.979133,
          -0.201049,
          1.531947
        ],
        [
          0.0,
          0.0,
          0.0,
          1.0
        ]
      ]
    },
    {
      "file_path": "/media/NFS/ttao/scannet/posed_images/scene0659_01/00155.jpg",
      "transform_matrix": [
        [
          0.43326,
          -0.164268,
          0.886172,
          0.494962
        ],
        [
          -0.90029,
          -0.124687,
          0.417049,
          1.469867
        ],
        [
          0.041986,
          -0.978504,
          -0.201911,
          1.529268
        ],
        [
          0.0,
          0.0,
          0.0,
          1.0
        ]
      ]
    },
    {
      "file_path": "/media/NFS/ttao/scannet/posed_images/scene0659_01/00157.jpg",
      "transform_matrix": [
        [
          0.405817,
          -0.172981,
          0.897435,
          0.493457
        ],
        [
          -0.913241,
          -0.115526,
          0.390697,
          1.495821
        ],
        [
          0.036093,
          -0.978126,
          -0.204856,
          1.533177
        ],
        [
          0.0,
          0.0,
          0.0,
          1.0
        ]
      ]
    },
    {
      "file_path": "/media/NFS/ttao/scannet/posed_images/scene0659_01/00166.jpg",
      "transform_matrix": [
        [
          0.27968,
          -0.207989,
          0.937293,
          0.486543
        ],
        [
          -0.959448,
          -0.096337,
          0.264914,
          1.593606
        ],
        [
          0.035197,
          -0.973375,
          -0.226498,
          1.531236
        ],
        [
          0.0,
          0.0,
          0.0,
          1.0
        ]
      ]
    },
    {
      "file_path": "/media/NFS/ttao/scannet/posed_images/scene0659_01/00170.jpg",
      "transform_matrix": [
        [
          0.229093,
          -0.205517,
          0.951461,
          0.491578
        ],
        [
          -0.971844,
          -0.10361,
          0.211621,
          1.625073
        ],
        [
          0.055089,
          -0.973153,
          -0.223467,
          1.530846
        ],
        [
          0.0,
          0.0,
          0.0,
          1.0
        ]
      ]
    },
    {
      "file_path": "/media/NFS/ttao/scannet/posed_images/scene0659_01/00173.jpg",
      "transform_matrix": [
        [
          0.205544,
          -0.206758,
          0.956558,
          0.498876
        ],
        [
          -0.976737,
          -0.104388,
          0.187317,
          1.642879
        ],
        [
          0.061124,
          -0.972807,
          -0.223405,
          1.529869
        ],
        [
          0.0,
          0.0,
          0.0,
          1.0
        ]
      ]
    },
    {
      "file_path": "/media/NFS/ttao/scannet/posed_images/scene0659_01/00178.jpg",
      "transform_matrix": [
        [
          0.178703,
          -0.215229,
          0.960074,
          0.513508
        ],
        [
          -0.981425,
          -0.108205,
          0.15842,
          1.67351
        ],
        [
          0.069788,
          -0.97055,
          -0.230568,
          1.531346
        ],
        [
          0.0,
          0.0,
          0.0,
          1.0
        ]
      ]
    },
    {
      "file_path": "/media/NFS/ttao/scannet/posed_images/scene0659_01/00184.jpg",
      "transform_matrix": [
        [
          0.158942,
          -0.21887,
          0.962722,
          0.517682
        ],
        [
          -0.984974,
          -0.101872,
          0.139456,
          1.717012
        ],
        [
          0.067552,
          -0.970421,
          -0.231773,
          1.535562
        ],
        [
          0.0,
          0.0,
          0.0,
          1.0
        ]
      ]
    },
    {
      "file_path": "/media/NFS/ttao/scannet/posed_images/scene0659_01/00188.jpg",
      "transform_matrix": [
        [
          0.128686,
          -0.224878,
          0.965852,
          0.518314
        ],
        [
          -0.989247,
          -0.097364,
          0.109134,
          1.754301
        ],
        [
          0.069498,
          -0.96951,
          -0.234989,
          1.535517
        ],
        [
          0.0,
          0.0,
          0.0,
          1.0
        ]
      ]
    },
    {
      "file_path": "/media/NFS/ttao/scannet/posed_images/scene0659_01/00191.jpg",
      "transform_matrix": [
        [
          0.091049,
          -0.223151,
          0.970522,
          0.51893
        ],
        [
          -0.993856,
          -0.081948,
          0.074396,
          1.786185
        ],
        [
          0.062931,
          -0.971333,
          -0.229242,
          1.534782
        ],
        [
          0.0,
          0.0,
          0.0,
          1.0
        ]
      ]
    },
    {
      "file_path": "/media/NFS/ttao/scannet/posed_images/scene0659_01/00200.jpg",
      "transform_matrix": [
        [
          -0.040039,
          -0.243797,
          0.968999,
          0.534233
        ],
        [
          -0.997097,
          -0.053108,
          -0.054562,
          1.89156
        ],
        [
          0.064764,
          -0.968371,
          -0.240963,
          1.531997
        ],
        [
          0.0,
          0.0,
          0.0,
          1.0
        ]
      ]
    },
    {
      "file_path": "/media/NFS/ttao/scannet/posed_images/scene0659_01/00203.jpg",
      "transform_matrix": [
        [
          -0.079873,
          -0.24596,
          0.965983,
          0.541227
        ],
        [
          -0.994898,
          -0.040241,
          -0.09251,
          1.919149
        ],
        [
          0.061626,
          -0.968444,
          -0.241491,
          1.529452
        ],
        [
          0.0,
          0.0,
          0.0,
          1.0
        ]
      ]
    },
    {
      "file_path": "/media/NFS/ttao/scannet/posed_images/scene0659_01/00207.jpg",
      "transform_matrix": [
        [
          -0.104802,
          -0.236766,
          0.965898,
          0.545056
        ],
        [
          -0.992908,
          -0.029904,
          -0.115064,
          1.945442
        ],
        [
          0.056127,
          -0.971106,
          -0.231953,
          1.528358
        ],
        [
          0.0,
          0.0,
          0.0,
          1.0
        ]
      ]
    },
    {
      "file_path": "/media/NFS/ttao/scannet/posed_images/scene0659_01/00212.jpg",
      "transform_matrix": [
        [
          -0.115072,
          -0.23538,
          0.965067,
          0.549007
        ],
        [
          -0.991855,
          -0.02619,
          -0.124653,
          1.963329
        ],
        [
          0.054616,
          -0.971551,
          -0.230449,
          1.525141
        ],
        [
          0.0,
          0.0,
          0.0,
          1.0
        ]
      ]
    },
    {
      "file_path": "/media/NFS/ttao/scannet/posed_images/scene0659_01/00216.jpg",
      "transform_matrix": [
        [
          -0.105817,
          -0.249523,
          0.96257,
          0.553381
        ],
        [
          -0.992821,
          -0.027764,
          -0.11634,
          1.963362
        ],
        [
          0.055754,
          -0.967971,
          -0.244794,
          1.525837
        ],
        [
          0.0,
          0.0,
          0.0,
          1.0
        ]
      ]
    },
    {
      "file_path": "/media/NFS/ttao/scannet/posed_images/scene0659_01/00221.jpg",
      "transform_matrix": [
        [
          -0.066556,
          -0.294966,
          0.953187,
          0.566883
        ],
        [
          -0.996297,
          -0.032476,
          -0.079616,
          1.952675
        ],
        [
          0.05444,
          -0.954956,
          -0.291712,
          1.537386
        ],
        [
          0.0,
          0.0,
          0.0,
          1.0
        ]
      ]
    },
    {
      "file_path": "/media/NFS/ttao/scannet/posed_images/scene0659_01/00228.jpg",
      "transform_matrix": [
        [
          -0.013717,
          -0.311402,
          0.950179,
          0.591782
        ],
        [
          -0.998845,
          -0.039486,
          -0.02736,
          1.918052
        ],
        [
          0.046039,
          -0.949458,
          -0.310501,
          1.573106
        ],
        [
          0.0,
          0.0,
          0.0,
          1.0
        ]
      ]
    },
    {
      "file_path": "/media/NFS/ttao/scannet/posed_images/scene0659_01/00231.jpg",
      "transform_matrix": [
        [
          0.013256,
          -0.327663,
          0.944701,
          0.604044
        ],
        [
          -0.999342,
          -0.036254,
          0.001448,
          1.894746
        ],
        [
          0.033775,
          -0.944099,
          -0.327928,
          1.593202
        ],
        [
          0.0,
          0.0,
          0.0,
          1.0
        ]
      ]
    },
    {
      "file_path": "/media/NFS/ttao/scannet/posed_images/scene0659_01/00235.jpg",
      "transform_matrix": [
        [
          0.057195,
          -0.34349,
          0.937413,
          0.621727
        ],
        [
          -0.99808,
          -0.042041,
          0.045492,
          1.864853
        ],
        [
          0.023784,
          -0.938215,
          -0.345235,
          1.617172
        ],
        [
          0.0,
          0.0,
          0.0,
          1.0
        ]
      ]
    },
    {
      "file_path": "/media/NFS/ttao/scannet/posed_images/scene0659_01/00244.jpg",
      "transform_matrix": [
        [
          0.151466,
          -0.376037,
          0.914141,
          0.665043
        ],
        [
          -0.988461,
          -0.059112,
          0.139464,
          1.810423
        ],
        [
          0.001593,
          -0.924717,
          -0.380651,
          1.683483
        ],
        [
          0.0,
          0.0,
          0.0,
          1.0
        ]
      ]
    },
    {
      "file_path": "/media/NFS/ttao/scannet/posed_images/scene0659_01/00246.jpg",
      "transform_matrix": [
        [
          0.168275,
          -0.388481,
          0.905961,
          0.675093
        ],
        [
          -0.98574,
          -0.065656,
          0.15494,
          1.801332
        ],
        [
          -0.000709,
          -0.919114,
          -0.39399,
          1.695651
        ],
        [
          0.0,
          0.0,
          0.0,
          1.0
        ]
      ]
    },
    {
      "file_path": "/media/NFS/ttao/scannet/posed_images/scene0659_01/00253.jpg",
      "transform_matrix": [
        [
          0.221779,
          -0.426036,
          0.877102,
          0.703315
        ],
        [
          -0.974797,
          -0.074543,
          0.210273,
          1.769138
        ],
        [
          -0.024202,
          -0.90163,
          -0.431831,
          1.735695
        ],
        [
          0.0,
          0.0,
          0.0,
          1.0
        ]
      ]
    },
    {
      "file_path": "/media/NFS/ttao/scannet/posed_images/scene0659_01/00259.jpg",
      "transform_matrix": [
        [
          0.245481,
          -0.454378,
          0.856317,
          0.720047
        ],
        [
          -0.969191,
          -0.096632,
          0.226564,
          1.74586
        ],
        [
          -0.020198,
          -0.885552,
          -0.464101,
          1.760518
        ],
        [
          0.0,
          0.0,
          0.0,
          1.0
        ]
      ]
    },
    {
      "file_path": "/media/NFS/ttao/scannet/posed_images/scene0659_01/00262.jpg",
      "transform_matrix": [
        [
          0.260724,
          -0.465823,
          0.845596,
          0.724264
        ],
        [
          -0.965386,
          -0.119189,
          0.232,
          1.735648
        ],
        [
          -0.007285,
          -0.876814,
          -0.480774,
          1.773005
        ],
        [
          0.0,
          0.0,
          0.0,
          1.0
        ]
      ]
    },
    {
      "file_path": "/media/NFS/ttao/scannet/posed_images/scene0659_01/00269.jpg",
      "transform_matrix": [
        [
          0.293267,
          -0.485664,
          0.823483,
          0.718192
        ],
        [
          -0.955523,
          -0.176969,
          0.235919,
          1.713535
        ],
        [
          0.031154,
          -0.856045,
          -0.515962,
          1.790204
        ],
        [
          0.0,
          0.0,
          0.0,
          1.0
        ]
      ]
    },
    {
      "file_path": "/media/NFS/ttao/scannet/posed_images/scene0659_01/00274.jpg",
      "transform_matrix": [
        [
          0.325943,
          -0.481418,
          0.813632,
          0.701257
        ],
        [
          -0.944124,
          -0.21026,
          0.25381,
          1.700131
        ],
        [
          0.048886,
          -0.850898,
          -0.523051,
          1.799876
        ],
        [
          0.0,
          0.0,
          0.0,
          1.0
        ]
      ]
    },
    {
      "file_path": "/media/NFS/ttao/scannet/posed_images/scene0659_01/00275.jpg",
      "transform_matrix": [
        [
          0.330478,
          -0.478154,
          0.813728,
          0.697423
        ],
        [
          -0.942347,
          -0.215214,
          0.256252,
          1.69718
        ],
        [
          0.052597,
          -0.8515,
          -0.52171,
          1.800455
        ],
        [
          0.0,
          0.0,
          0.0,
          1.0
        ]
      ]
    },
    {
      "file_path": "/media/NFS/ttao/scannet/posed_images/scene0659_01/00284.jpg",
      "transform_matrix": [
        [
          0.317359,
          -0.483639,
          0.815706,
          0.678081
        ],
        [
          -0.946682,
          -0.211891,
          0.242684,
          1.665216
        ],
        [
          0.055469,
          -0.849233,
          -0.525097,
          1.805187
        ],
        [
          0.0,
          0.0,
          0.0,
          1.0
        ]
      ]
    },
    {
      "file_path": "/media/NFS/ttao/scannet/posed_images/scene0659_01/00289.jpg",
      "transform_matrix": [
        [
          0.318739,
          -0.474604,
          0.820461,
          0.665639
        ],
        [
          -0.946604,
          -0.203633,
          0.24995,
          1.635278
        ],
        [
          0.048445,
          -0.85632,
          -0.514168,
          1.80024
        ],
        [
          0.0,
          0.0,
          0.0,
          1.0
        ]
      ]
    },
    {
      "file_path": "/media/NFS/ttao/scannet/posed_images/scene0659_01/00290.jpg",
      "transform_matrix": [
        [
          0.322654,
          -0.472887,
          0.819922,
          0.663746
        ],
        [
          -0.945429,
          -0.202534,
          0.255232,
          1.628706
        ],
        [
          0.045367,
          -0.85753,
          -0.512429,
          1.799558
        ],
        [
          0.0,
          0.0,
          0.0,
          1.0
        ]
      ]
    },
    {
      "file_path": "/media/NFS/ttao/scannet/posed_images/scene0659_01/00299.jpg",
      "transform_matrix": [
        [
          0.416339,
          -0.484236,
          0.76953,
          0.635452
        ],
        [
          -0.907887,
          -0.267044,
          0.323153,
          1.575633
        ],
        [
          0.049016,
          -0.833188,
          -0.550813,
          1.776266
        ],
        [
          0.0,
          0.0,
          0.0,
          1.0
        ]
      ]
    },
    {
      "file_path": "/media/NFS/ttao/scannet/posed_images/scene0659_01/00300.jpg",
      "transform_matrix": [
        [
          0.429576,
          -0.484571,
          0.762007,
          0.631566
        ],
        [
          -0.901802,
          -0.2742,
          0.334017,
          1.57081
        ],
        [
          0.047087,
          -0.830666,
          -0.554777,
          1.773799
        ],
        [
          0.0,
          0.0,
          0.0,
          1.0
        ]
      ]
    },
    {
      "file_path": "/media/NFS/ttao/scannet/posed_images/scene0659_01/00306.jpg",
      "transform_matrix": [
        [
          0.485195,
          -0.49626,
          0.719939,
          0.615073
        ],
        [
          -0.87308,
          -0.320279,
          0.367632,
          1.551418
        ],
        [
          0.048141,
          -0.806937,
          -0.588673,
          1.751678
        ],
        [
          0.0,
          0.0,
          0.0,
          1.0
        ]
      ]
    },
    {
      "file_path": "/media/NFS/ttao/scannet/posed_images/scene0659_01/00314.jpg",
      "transform_matrix": [
        [
          0.512683,
          -0.520456,
          0.682848,
          0.604854
        ],
        [
          -0.857859,
          -0.343064,
          0.382603,
          1.540078
        ],
        [
          0.035132,
          -0.781941,
          -0.622361,
          1.721301
        ],
        [
          0.0,
          0.0,
          0.0,
          1.0
        ]
      ]
    },
    {
      "file_path": "/media/NFS/ttao/scannet/posed_images/scene0659_01/00315.jpg",
      "transform_matrix": [
        [
          0.511548,
          -0.525517,
          0.679816,
          0.604746
        ],
        [
          -0.858571,
          -0.344159,
          0.380013,
          1.540301
        ],
        [
          0.034262,
          -0.778065,
          -0.627248,
          1.718127
        ],
        [
          0.0,
          0.0,
          0.0,
          1.0
        ]
      ]
    },
    {
      "file_path": "/media/NFS/ttao/scannet/posed_images/scene0659_01/00320.jpg",
      "transform_matrix": [
        [
          0.50851,
          -0.54773,
          0.664386,
          0.603755
        ],
        [
          -0.860721,
          -0.34487,
          0.374465,
          1.539961
        ],
        [
          0.024021,
          -0.76227,
          -0.646813,
          1.698922
        ],
        [
          0.0,
          0.0,
          0.0,
          1.0
        ]
      ]
    },
    {
      "file_path": "/media/NFS/ttao/scannet/posed_images/scene0659_01/00324.jpg",
      "transform_matrix": [
        [
          0.50874,
          -0.570135,
          0.645081,
          0.600919
        ],
        [
          -0.860871,
          -0.34493,
          0.374066,
          1.544219
        ],
        [
          0.00924,
          -0.745634,
          -0.666292,
          1.679432
        ],
        [
          0.0,
          0.0,
          0.0,
          1.0
        ]
      ]
    },
    {
      "file_path": "/media/NFS/ttao/scannet/posed_images/scene0659_01/00333.jpg",
      "transform_matrix": [
        [
          0.505094,
          -0.620267,
          0.600123,
          0.598123
        ],
        [
          -0.863029,
          -0.356743,
          0.357651,
          1.568539
        ],
        [
          -0.007749,
          -0.698572,
          -0.715498,
          1.620538
        ],
        [
          0.0,
          0.0,
          0.0,
          1.0
        ]
      ]
    },
    {
      "file_path": "/media/NFS/ttao/scannet/posed_images/scene0659_01/00337.jpg",
      "transform_matrix": [
        [
          0.497623,
          -0.633897,
          0.592068,
          0.593416
        ],
        [
          -0.867308,
          -0.354051,
          0.349893,
          1.579728
        ],
        [
          -0.012174,
          -0.68762,
          -0.725968,
          1.595054
        ],
        [
          0.0,
          0.0,
          0.0,
          1.0
        ]
      ]
    },
    {
      "file_path": "/media/NFS/ttao/scannet/posed_images/scene0659_01/00343.jpg",
      "transform_matrix": [
        [
          0.483853,
          -0.648717,
          0.587411,
          0.584289
        ],
        [
          -0.874243,
          -0.327757,
          0.358154,
          1.595919
        ],
        [
          -0.039812,
          -0.686834,
          -0.725723,
          1.558956
        ],
        [
          0.0,
          0.0,
          0.0,
          1.0
        ]
      ]
    },
    {
      "file_path": "/media/NFS/ttao/scannet/posed_images/scene0659_01/00348.jpg",
      "transform_matrix": [
        [
          0.470896,
          -0.687325,
          0.553029,
          0.577219
        ],
        [
          -0.8812,
          -0.3368,
          0.331741,
          1.610828
        ],
        [
          -0.041753,
          -0.643545,
          -0.764269,
          1.522201
        ],
        [
          0.0,
          0.0,
          0.0,
          1.0
        ]
      ]
    },
    {
      "file_path": "/media/NFS/ttao/scannet/posed_images/scene0659_01/00349.jpg",
      "transform_matrix": [
        [
          0.470755,
          -0.691722,
          0.547641,
          0.57486
        ],
        [
          -0.881168,
          -0.337689,
          0.330922,
          1.611992
        ],
        [
          -0.043974,
          -0.638346,
          -0.768492,
          1.515589
        ],
        [
          0.0,
          0.0,
          0.0,
          1.0
        ]
      ]
    },
    {
      "file_path": "/media/NFS/ttao/scannet/posed_images/scene0659_01/00357.jpg",
      "transform_matrix": [
        [
          0.506839,
          -0.696724,
          0.507631,
          0.548188
        ],
        [
          -0.861414,
          -0.386895,
          0.329056,
          1.626075
        ],
        [
          -0.032861,
          -0.604059,
          -0.796261,
          1.460051
        ],
        [
          0.0,
          0.0,
          0.0,
          1.0
        ]
      ]
    },
    {
      "file_path": "/media/NFS/ttao/scannet/posed_images/scene0659_01/00361.jpg",
      "transform_matrix": [
        [
          0.515317,
          -0.686157,
          0.513455,
          0.537233
        ],
        [
          -0.856676,
          -0.39597,
          0.330627,
          1.631234
        ],
        [
          -0.023549,
          -0.610243,
          -0.791864,
          1.445164
        ],
        [
          0.0,
          0.0,
          0.0,
          1.0
        ]
      ]
    },
    {
      "file_path": "/media/NFS/ttao/scannet/posed_images/scene0659_01/00364.jpg",
      "transform_matrix": [
        [
          0.509164,
          -0.689852,
          0.514642,
          0.531253
        ],
        [
          -0.860498,
          -0.396066,
          0.320431,
          1.637837
        ],
        [
          -0.017217,
          -0.606,
          -0.795278,
          1.435284
        ],
        [
          0.0,
          0.0,
          0.0,
          1.0
        ]
      ]
    },
    {
      "file_path": "/media/NFS/ttao/scannet/posed_images/scene0659_01/00371.jpg",
      "transform_matrix": [
        [
          0.439699,
          -0.715153,
          0.543341,
          0.512384
        ],
        [
          -0.898095,
          -0.343728,
          0.274365,
          1.666916
        ],
        [
          -0.009451,
          -0.608611,
          -0.793413,
          1.406196
        ],
        [
          0.0,
          0.0,
          0.0,
          1.0
        ]
      ]
    },
    {
      "file_path": "/media/NFS/ttao/scannet/posed_images/scene0659_01/00374.jpg",
      "transform_matrix": [
        [
          0.392651,
          -0.72878,
          0.560985,
          0.504752
        ],
        [
          -0.91961,
          -0.30319,
          0.249788,
          1.690686
        ],
        [
          -0.011955,
          -0.613967,
          -0.789241,
          1.396959
        ],
        [
          0.0,
          0.0,
          0.0,
          1.0
        ]
      ]
    },
    {
      "file_path": "/media/NFS/ttao/scannet/posed_images/scene0659_01/00380.jpg",
      "transform_matrix": [
        [
          0.298842,
          -0.746414,
          0.594608,
          0.480618
        ],
        [
          -0.954161,
          -0.222964,
          0.199661,
          1.75518
        ],
        [
          -0.016454,
          -0.627019,
