{
  "frames": [
    {
      "file_path": "/media/NFS/ttao/scannet/posed_images/scene0613_00/00000.jpg",
      "transform_matrix": [
        [
          0.911448,
          -0.238085,
          0.335528,
          2.462385
        ],
        [
          -0.410633,
          -0.576752,
          0.706213,
          2.78322
        ],
        [
          0.025378,
          -0.781455,
          -0.623445,
          1.368609
        ],
        [
          0.0,
          0.0,
          0.0,
          1.0
        ]
      ]
    },
    {
      "file_path": "/media/NFS/ttao/scannet/posed_images/scene0613_00/00018.jpg",
      "transform_matrix": [
        [
          0.918302,
          -0.196878,
          0.343454,
          2.485323
        ],
        [
          -0.394102,
          -0.536782,
          0.746022,
          2.753069
        ],
        [
          0.037485,
          -0.820429,
          -0.570518,
          1.389779
        ],
        [
          0.0,
          0.0,
          0.0,
          1.0
        ]
      ]
    },
    {
      "file_path": "/media/NFS/ttao/scannet/posed_images/scene0613_00/00036.jpg",
      "transform_matrix": [
        [
          0.934489,
          -0.155975,
          0.320002,
          2.534143
        ],
        [
          -0.355359,
          -0.462245,
          0.812434,
          2.737317
        ],
        [
          0.0212,
          -0.872927,
          -0.48739,
          1.418957
        ],
        [
          0.0,
          0.0,
          0.0,
          1.0
        ]
      ]
    },
    {
      "file_path": "/media/NFS/ttao/scannet/posed_images/scene0613_00/00066.jpg",
      "transform_matrix": [
        [
          0.920684,
          -0.108952,
          0.374793,
          2.511094
        ],
        [
          -0.388076,
          -0.358097,
          0.849214,
          2.753489
        ],
        [
          0.041689,
          -0.927306,
          -0.371976,
          1.455388
        ],
        [
          0.0,
          0.0,
          0.0,
          1.0
        ]
      ]
    },
    {
      "file_path": "/media/NFS/ttao/scannet/posed_images/scene0613_00/00078.jpg",
      "transform_matrix": [
        [
          0.88479,
          -0.102272,
          0.454629,
          2.515618
        ],
        [
          -0.463694,
          -0.289963,
          0.837203,
          2.748816
        ],
        [
          0.046203,
          -0.951558,
          -0.303979,
          1.473655
        ],
        [
          0.0,
          0.0,
          0.0,
          1.0
        ]
      ]
    },
    {
      "file_path": "/media/NFS/ttao/scannet/posed_images/scene0613_00/00108.jpg",
      "transform_matrix": [
        [
          0.806906,
          -0.055953,
          0.588024,
          2.525938
        ],
        [
          -0.589034,
          -0.150502,
          0.79397,
          2.745755
        ],
        [
          0.044074,
          -0.987025,
          -0.154399,
          1.511512
        ],
        [
          0.0,
          0.0,
          0.0,
          1.0
        ]
      ]
    },
    {
      "file_path": "/media/NFS/ttao/scannet/posed_images/scene0613_00/00114.jpg",
      "transform_matrix": [
        [
          0.814961,
          -0.048808,
          0.577456,
          2.530457
        ],
        [
          -0.578038,
          -0.139557,
          0.803987,
          2.740074
        ],
        [
          0.041347,
          -0.98901,
          -0.141946,
          1.518908
        ],
        [
          0.0,
          0.0,
          0.0,
          1.0
        ]
      ]
    },
    {
      "file_path": "/media/NFS/ttao/scannet/posed_images/scene0613_00/00144.jpg",
      "transform_matrix": [
        [
          0.882854,
          0.004056,
          0.46963,
          2.515433
        ],
        [
          -0.467695,
          -0.0835,
          0.879937,
          2.735581
        ],
        [
          0.042783,
          -0.996499,
          -0.071821,
          1.555133
        ],
        [
          0.0,
          0.0,
          0.0,
          1.0
        ]
      ]
    },
    {
      "file_path": "/media/NFS/ttao/scannet/posed_images/scene0613_00/00156.jpg",
      "transform_matrix": [
        [
          0.911974,
          0.007978,
          0.41017,
          2.495091
        ],
        [
          -0.408969,
          -0.061227,
          0.910492,
          2.736307
        ],
        [
          0.032377,
          -0.998092,
          -0.052574,
          1.55919
        ],
        [
          0.0,
          0.0,
          0.0,
          1.0
        ]
      ]
    },
    {
      "file_path": "/media/NFS/ttao/scannet/posed_images/scene0613_00/00186.jpg",
      "transform_matrix": [
        [
          0.966476,
          0.012936,
          0.256432,
          2.464933
        ],
        [
          -0.252858,
          -0.125471,
          0.959333,
          2.783599
        ],
        [
          0.044585,
          -0.992013,
          -0.117994,
          1.546772
        ],
        [
          0.0,
          0.0,
          0.0,
          1.0
        ]
      ]
    },
    {
      "file_path": "/media/NFS/ttao/scannet/posed_images/scene0613_00/00210.jpg",
      "transform_matrix": [
        [
          0.996893,
          0.074212,
          0.026391,
          2.634164
        ],
        [
          -0.01784,
          -0.113607,
          0.993366,
          2.805546
        ],
        [
          0.076718,
          -0.99075,
          -0.11193,
          1.537454
        ],
        [
          0.0,
          0.0,
          0.0,
          1.0
        ]
      ]
    },
    {
      "file_path": "/media/NFS/ttao/scannet/posed_images/scene0613_00/00228.jpg",
      "transform_matrix": [
        [
          0.992982,
          0.083419,
          -0.083834,
          2.689236
        ],
        [
          0.093315,
          -0.117135,
          0.988722,
          2.85483
        ],
        [
          0.072659,
          -0.989606,
          -0.124097,
          1.531717
        ],
        [
          0.0,
          0.0,
          0.0,
          1.0
        ]
      ]
    },
    {
      "file_path": "/media/NFS/ttao/scannet/posed_images/scene0613_00/00240.jpg",
      "transform_matrix": [
        [
          0.988234,
          0.081372,
          -0.129505,
          2.733895
        ],
        [
          0.139215,
          -0.127901,
          0.981968,
          2.876303
        ],
        [
          0.063341,
          -0.988443,
          -0.137725,
          1.526695
        ],
        [
          0.0,
          0.0,
          0.0,
          1.0
        ]
      ]
    },
    {
      "file_path": "/media/NFS/ttao/scannet/posed_images/scene0613_00/00258.jpg",
      "transform_matrix": [
        [
          0.965064,
          0.140111,
          -0.221403,
          2.843858
        ],
        [
          0.247057,
          -0.205203,
          0.947024,
          2.871784
        ],
        [
          0.087256,
          -0.968639,
          -0.232649,
          1.504658
        ],
        [
          0.0,
          0.0,
          0.0,
          1.0
        ]
      ]
    },
    {
      "file_path": "/media/NFS/ttao/scannet/posed_images/scene0613_00/00288.jpg",
      "transform_matrix": [
        [
          0.982026,
          0.139604,
          -0.127027,
          2.865736
        ],
        [
          0.182652,
          -0.533265,
          0.825994,
          2.930617
        ],
        [
          0.047573,
          -0.83435,
          -0.549179,
          1.468512
        ],
        [
          0.0,
          0.0,
          0.0,
          1.0
        ]
      ]
    },
    {
      "file_path": "/media/NFS/ttao/scannet/posed_images/scene0613_00/00300.jpg",
      "transform_matrix": [
        [
          0.975224,
          0.166756,
          -0.14536,
          2.883989
        ],
        [
          0.215719,
          -0.571271,
          0.791906,
          2.916129
        ],
        [
          0.049016,
          -0.803643,
          -0.59309,
          1.45871
        ],
        [
          0.0,
          0.0,
          0.0,
          1.0
        ]
      ]
    },
    {
      "file_path": "/media/NFS/ttao/scannet/posed_images/scene0613_00/00324.jpg",
      "transform_matrix": [
        [
          0.979338,
          0.155606,
          -0.129164,
          2.982992
        ],
        [
          0.200157,
          -0.654658,
          0.728944,
          2.898858
        ],
        [
          0.02887,
          -0.739736,
          -0.672278,
          1.430812
        ],
        [
          0.0,
          0.0,
          0.0,
          1.0
        ]
      ]
    },
    {
      "file_path": "/media/NFS/ttao/scannet/posed_images/scene0613_00/00348.jpg",
      "transform_matrix": [
        [
          0.948868,
          0.239361,
          -0.205805,
          3.032327
        ],
        [
          0.315533,
          -0.699757,
          0.64092,
          2.896435
        ],
        [
          0.009398,
          -0.673087,
          -0.739504,
          1.404538
        ],
        [
          0.0,
          0.0,
          0.0,
          1.0
        ]
      ]
    },
    {
      "file_path": "/media/NFS/ttao/scannet/posed_images/scene0613_00/00354.jpg",
      "transform_matrix": [
        [
          0.944188,
          0.251013,
          -0.213308,
          3.022109
        ],
        [
          0.32924,
          -0.698592,
          0.635271,
          2.910092
        ],
        [
          0.010446,
          -0.670045,
          -0.742247,
          1.400707
        ],
        [
          0.0,
          0.0,
          0.0,
          1.0
        ]
      ]
    },
    {
      "file_path": "/media/NFS/ttao/scannet/posed_images/scene0613_00/00384.jpg",
      "transform_matrix": [
        [
          0.67163,
          0.501542,
          -0.545314,
          3.113468
        ],
        [
          0.739535,
          -0.49826,
          0.452575,
          2.960666
        ],
        [
          -0.044723,
          -0.707243,
          -0.705555,
          1.426382
        ],
        [
          0.0,
          0.0,
          0.0,
          1.0
        ]
      ]
    },
    {
      "file_path": "/media/NFS/ttao/scannet/posed_images/scene0613_00/00408.jpg",
      "transform_matrix": [
        [
          0.505195,
          0.531338,
          -0.680043,
          3.088861
        ],
        [
          0.860798,
          -0.366567,
          0.353065,
          2.959114
        ],
        [
          -0.061684,
          -0.763746,
          -0.642563,
          1.451584
        ],
        [
          0.0,
          0.0,
          0.0,
          1.0
        ]
      ]
    },
    {
      "file_path": "/media/NFS/ttao/scannet/posed_images/scene0613_00/00414.jpg",
      "transform_matrix": [
        [
          0.496985,
          0.52746,
          -0.689051,
          3.038153
        ],
        [
          0.866231,
          -0.34865,
          0.357892,
          2.956733
        ],
        [
          -0.051464,
          -0.774745,
          -0.630176,
          1.459895
        ],
        [
          0.0,
          0.0,
          0.0,
          1.0
        ]
      ]
    },
    {
      "file_path": "/media/NFS/ttao/scannet/posed_images/scene0613_00/00438.jpg",
      "transform_matrix": [
        [
          0.444371,
          0.512449,
          -0.7348,
          2.862427
        ],
        [
          0.893801,
          -0.308965,
          0.325055,
          2.97425
        ],
        [
          -0.060453,
          -0.80121,
          -0.595322,
          1.471406
        ],
        [
          0.0,
          0.0,
          0.0,
          1.0
        ]
      ]
    },
    {
      "file_path": "/media/NFS/ttao/scannet/posed_images/scene0613_00/00462.jpg",
      "transform_matrix": [
        [
          0.196867,
          0.516456,
          -0.833377,
          2.814837
        ],
        [
          0.98036,
          -0.113854,
          0.161031,
          3.214038
        ],
        [
          -0.011717,
          -0.848711,
          -0.528727,
          1.484836
        ],
        [
          0.0,
          0.0,
          0.0,
          1.0
        ]
      ]
    },
    {
      "file_path": "/media/NFS/ttao/scannet/posed_images/scene0613_00/00474.jpg",
      "transform_matrix": [
        [
          0.144583,
          0.486645,
          -0.861552,
          2.731393
        ],
        [
          0.989393,
          -0.058756,
          0.132848,
          3.287972
        ],
        [
          0.014028,
          -0.871621,
          -0.489979,
          1.484638
        ],
        [
          0.0,
          0.0,
          0.0,
          1.0
        ]
      ]
    },
    {
      "file_path": "/media/NFS/ttao/scannet/posed_images/scene0613_00/00510.jpg",
      "transform_matrix": [
        [
          -0.341561,
          0.419967,
          -0.840811,
          2.555188
        ],
        [
          0.9397,
          0.169063,
          -0.29729,
          3.5776
        ],
        [
          0.017298,
          -0.891653,
          -0.452389,
          1.489578
        ],
        [
          0.0,
          0.0,
          0.0,
          1.0
        ]
      ]
    },
    {
      "file_path": "/media/NFS/ttao/scannet/posed_images/scene0613_00/00522.jpg",
      "transform_matrix": [
        [
          -0.416887,
          0.421755,
          -0.805188,
          2.542352
        ],
        [
          0.908762,
          0.211808,
          -0.359568,
          3.602786
        ],
        [
          0.018895,
          -0.881623,
          -0.471575,
          1.480976
        ],
        [
          0.0,
          0.0,
          0.0,
          1.0
        ]
      ]
    },
    {
      "file_path": "/media/NFS/ttao/scannet/posed_images/scene0613_00/00540.jpg",
      "transform_matrix": [
        [
          -0.542298,
          0.436287,
          -0.718029,
          2.534697
        ],
        [
          0.840056,
          0.296585,
          -0.45425,
          3.607076
        ],
        [
          0.014774,
          -0.849524,
          -0.527343,
          1.455663
        ],
        [
          0.0,
          0.0,
          0.0,
          1.0
        ]
      ]
    },
    {
      "file_path": "/media/NFS/ttao/scannet/posed_images/scene0613_00/00570.jpg",
      "transform_matrix": [
        [
          -0.825507,
          0.290066,
          -0.484148,
          2.561644
        ],
        [
          0.56366,
          0.46737,
          -0.681067,
          3.662913
        ],
        [
          0.028722,
          -0.835121,
          -0.549316,
          1.433609
        ],
        [
          0.0,
          0.0,
          0.0,
          1.0
        ]
      ]
    },
    {
      "file_path": "/media/NFS/ttao/scannet/posed_images/scene0613_00/00576.jpg",
      "transform_matrix": [
        [
          -0.832918,
          0.291109,
          -0.470641,
          2.563401
        ],
        [
          0.552967,
          0.471318,
          -0.687086,
          3.650929
        ],
        [
          0.021805,
          -0.832535,
          -0.553543,
          1.432525
        ],
        [
          0.0,
          0.0,
          0.0,
          1.0
        ]
      ]
    },
    {
      "file_path": "/media/NFS/ttao/scannet/posed_images/scene0613_00/00600.jpg",
      "transform_matrix": [
        [
          -0.9492,
          0.16581,
          -0.267443,
          2.563931
        ],
        [
          0.314418,
          0.533925,
          -0.784899,
          3.685732
        ],
        [
          0.01265,
          -0.829115,
          -0.558935,
          1.443217
        ],
        [
          0.0,
          0.0,
          0.0,
          1.0
        ]
      ]
    },
    {
      "file_path": "/media/NFS/ttao/scannet/posed_images/scene0613_00/00630.jpg",
      "transform_matrix": [
        [
          -0.999383,
          0.034779,
          0.004914,
          2.633947
        ],
        [
          0.014257,
          0.529533,
          -0.84817,
          3.812371
        ],
        [
          -0.032101,
          -0.847576,
          -0.529702,
          1.455947
        ],
        [
          0.0,
          0.0,
          0.0,
          1.0
        ]
      ]
    },
    {
      "file_path": "/media/NFS/ttao/scannet/posed_images/scene0613_00/00642.jpg",
      "transform_matrix": [
        [
          -0.996057,
          -0.000606,
          0.088708,
          2.672203
        ],
        [
          -0.076076,
          0.520184,
          -0.850659,
          3.829701
        ],
        [
          -0.045629,
          -0.854054,
          -0.518179,
          1.458363
        ],
        [
          0.0,
          0.0,
          0.0,
          1.0
        ]
      ]
    },
    {
      "file_path": "/media/NFS/ttao/scannet/posed_images/scene0613_00/00654.jpg",
      "transform_matrix": [
        [
          -0.973439,
          -0.062285,
          0.220309,
          2.678101
        ],
        [
          -0.221901,
          0.493534,
          -0.840942,
          3.86535
        ],
        [
          -0.056352,
          -0.867493,
          -0.494247,
          1.45731
        ],
        [
          0.0,
          0.0,
          0.0,
          1.0
        ]
      ]
    },
    {
      "file_path": "/media/NFS/ttao/scannet/posed_images/scene0613_00/00684.jpg",
      "transform_matrix": [
        [
          -0.856953,
          -0.203075,
          0.4737,
          2.618277
        ],
        [
          -0.505207,
          0.512822,
          -0.694104,
          3.907281
        ],
        [
          -0.101968,
          -0.834131,
          -0.542059,
          1.438897
        ],
        [
          0.0,
          0.0,
          0.0,
          1.0
        ]
      ]
    },
    {
      "file_path": "/media/NFS/ttao/scannet/posed_images/scene0613_00/00696.jpg",
      "transform_matrix": [
        [
          -0.792226,
          -0.22583,
          0.566903,
          2.606069
        ],
        [
          -0.596881,
          0.480006,
          -0.642905,
          3.924727
        ],
        [
          -0.126929,
          -0.8477,
          -0.515067,
          1.446788
        ],
        [
          0.0,
          0.0,
          0.0,
          1.0
        ]
      ]
    },
    {
      "file_path": "/media/NFS/ttao/scannet/posed_images/scene0613_00/00732.jpg",
      "transform_matrix": [
        [
          -0.477352,
          -0.237464,
          0.846018,
          2.643021
        ],
        [
          -0.867533,
          0.280447,
          -0.410774,
          3.980026
        ],
        [
          -0.139719,
          -0.930033,
          -0.339879,
          1.497623
        ],
        [
          0.0,
          0.0,
          0.0,
          1.0
        ]
      ]
    },
    {
      "file_path": "/media/NFS/ttao/scannet/posed_images/scene0613_00/00750.jpg",
      "transform_matrix": [
        [
          -0.335947,
          -0.23738,
          0.911477,
          2.649776
        ],
        [
          -0.930488,
          0.233704,
          -0.282089,
          4.00522
        ],
        [
          -0.146053,
          -0.942886,
          -0.299391,
          1.503965
        ],
        [
          0.0,
          0.0,
          0.0,
          1.0
        ]
      ]
    },
    {
      "file_path": "/media/NFS/ttao/scannet/posed_images/scene0613_00/00762.jpg",
      "transform_matrix": [
        [
          -0.286288,
          -0.275927,
          0.917553,
          2.681463
        ],
        [
          -0.947934,
          0.220996,
          -0.229309,
          4.033615
        ],
        [
          -0.139503,
          -0.935428,
          -0.324829,
          1.510603
        ],
        [
          0.0,
          0.0,
          0.0,
          1.0
        ]
      ]
    },
    {
      "file_path": "/media/NFS/ttao/scannet/posed_images/scene0613_00/00792.jpg",
      "transform_matrix": [
        [
          -0.245391,
          -0.38396,
          0.890145,
          2.785868
        ],
        [
          -0.962596,
          0.205297,
          -0.176809,
          4.159932
        ],
        [
          -0.114856,
          -0.900238,
          -0.419977,
          1.496791
        ],
        [
          0.0,
          0.0,
          0.0,
          1.0
        ]
      ]
    },
    {
      "file_path": "/media/NFS/ttao/scannet/posed_images/scene0613_00/00810.jpg",
      "transform_matrix": [
        [
          -0.145297,
          -0.428468,
          0.891798,
          2.71784
        ],
        [
          -0.986158,
          0.135493,
          -0.095572,
          4.241764
        ],
        [
          -0.079883,
          -0.89334,
          -0.442224,
          1.506964
        ],
        [
          0.0,
          0.0,
          0.0,
          1.0
        ]
      ]
    },
    {
      "file_path": "/media/NFS/ttao/scannet/posed_images/scene0613_00/00822.jpg",
      "transform_matrix": [
        [
          -0.145147,
          -0.429541,
          0.891306,
          2.70261
        ],
        [
          -0.987178,
          0.123346,
          -0.101316,
          4.305843
        ],
        [
          -0.06642,
          -0.894584,
          -0.441937,
          1.508334
        ],
        [
          0.0,
          0.0,
          0.0,
          1.0
        ]
      ]
    },
    {
      "file_path": "/media/NFS/ttao/scannet/posed_images/scene0613_00/00852.jpg",
      "transform_matrix": [
        [
          -0.169608,
          -0.519722,
          0.83733,
          2.701817
        ],
        [
          -0.983585,
          0.142368,
          -0.110868,
          4.501096
        ],
        [
          -0.061588,
          -0.84239,
          -0.535338,
          1.474358
        ],
        [
          0.0,
          0.0,
          0.0,
          1.0
        ]
      ]
    },
    {
      "file_path": "/media/NFS/ttao/scannet/posed_images/scene0613_00/00864.jpg",
      "transform_matrix": [
        [
          -0.181603,
          -0.536077,
          0.824404,
          2.672146
        ],
        [
          -0.981984,
          0.143383,
          -0.123079,
          4.53453
        ],
        [
          -0.052225,
          -0.831903,
          -0.552458,
          1.457555
        ],
        [
          0.0,
          0.0,
          0.0,
          1.0
        ]
      ]
    },
    {
      "file_path": "/media/NFS/ttao/scannet/posed_images/scene0613_00/00882.jpg",
      "transform_matrix": [
        [
          -0.246442,
          -0.535001,
          0.808109,
          2.638861
        ],
        [
          -0.968321,
          0.170568,
          -0.182378,
          4.614955
        ],
        [
          -0.040265,
          -0.827454,
          -0.560088,
          1.427308
        ],
        [
          0.0,
          0.0,
          0.0,
          1.0
        ]
      ]
    },
    {
      "file_path": "/media/NFS/ttao/scannet/posed_images/scene0613_00/00900.jpg",
      "transform_matrix": [
        [
          -0.320097,
          -0.567561,
          0.75856,
          2.678455
        ],
        [
          -0.946507,
          0.226047,
          -0.230277,
          4.78873
        ],
        [
          -0.040774,
          -0.791693,
          -0.609557,
          1.384773
        ],
        [
          0.0,
          0.0,
          0.0,
          1.0
        ]
      ]
    },
    {
      "file_path": "/media/NFS/ttao/scannet/posed_images/scene0613_00/00924.jpg",
      "transform_matrix": [
        [
          -0.385131,
          -0.606548,
          0.695538,
          2.667017
        ],
        [
          -0.921634,
          0.291653,
          -0.255987,
          4.809911
        ],
        [
          -0.047587,
          -0.73962,
          -0.67134,
          1.36587
        ],
        [
          0.0,
          0.0,
          0.0,
          1.0
        ]
      ]
    },
    {
      "file_path": "/media/NFS/ttao/scannet/posed_images/scene0613_00/00948.jpg",
      "transform_matrix": [
        [
          -0.480492,
          -0.633648,
          0.606315,
          2.608284
        ],
        [
          -0.869802,
          0.432705,
          -0.237088,
          4.674087
        ],
        [
          -0.112125,
          -0.641293,
          -0.759059,
          1.343428
        ],
        [
          0.0,
          0.0,
          0.0,
          1.0
        ]
      ]
    },
    {
      "file_path": "/media/NFS/ttao/scannet/posed_images/scene0613_00/00960.jpg",
      "transform_matrix": [
        [
          -0.427397,
          -0.633858,
          0.644636,
          2.551204
        ],
        [
          -0.890679,
          0.417463,
          -0.180041,
          4.559505
        ],
        [
          -0.154991,
          -0.651113,
          -0.742987,
          1.336594
        ],
        [
          0.0,
          0.0,
          0.0,
          1.0
        ]
      ]
    },
    {
      "file_path": "/media/NFS/ttao/scannet/posed_images/scene0613_00/00978.jpg",
      "transform_matrix": [
        [
          -0.377564,
          -0.62862,
          0.679914,
          2.572774
        ],
        [
          -0.914969,
          0.366184,
          -0.169534,
          4.440475
        ],
        [
          -0.142401,
          -0.68611,
          -0.713425,
          1.303034
        ],
        [
          0.0,
          0.0,
          0.0,
          1.0
        ]
      ]
    },
    {
      "file_path": "/media/NFS/ttao/scannet/posed_images/scene0613_00/01002.jpg",
      "transform_matrix": [
        [
          -0.115003,
          -0.668262,
          0.734983,
          2.58565
        ],
        [
          -0.990955,
          0.128681,
          -0.038056,
          4.260504
        ],
        [
          -0.069147,
          -0.732712,
          -0.677016,
          1.189016
        ],
        [
          0.0,
          0.0,
          0.0,
          1.0
        ]
      ]
    },
    {
      "file_path": "/media/NFS/ttao/scannet/posed_images/scene0613_00/01014.jpg",
      "transform_matrix": [
        [
          -0.027122,
          -0.638609,
          0.769053,
          2.584373
        ],
        [
          -0.997726,
          0.064781,
          0.018607,
          4.190294
        ],
        [
          -0.061703,
          -0.7668,
          -0.638914,
          1.129864
        ],
        [
          0.0,
          0.0,
          0.0,
          1.0
        ]
      ]
    },
    {
      "file_path": "/media/NFS/ttao/scannet/posed_images/scene0613_00/01050.jpg",
      "transform_matrix": [
        [
          0.004737,
          -0.417709,
          0.908568,
          2.619899
        ],
        [
          -0.997913,
          0.056544,
          0.031198,
          4.15835
        ],
        [
          -0.064406,
          -0.90682,
          -0.41657,
          1.209995
        ],
        [
          0.0,
          0.0,
          0.0,
          1.0
        ]
      ]
    },
    {
      "file_path": "/media/NFS/ttao/scannet/posed_images/scene0613_00/01062.jpg",
      "transform_matrix": [
        [
          -0.011334,
          -0.408491,
          0.912692,
          2.624075
        ],
        [
          -0.998689,
          0.0502,
          0.010066,
          4.188264
        ],
        [
          -0.049929,
          -0.911381,
          -0.408525,
          1.262965
        ],
        [
          0.0,
          0.0,
          0.0,
          1.0
        ]
      ]
    },
    {
      "file_path": "/media/NFS/ttao/scannet/posed_images/scene0613_00/01086.jpg",
      "transform_matrix": [
        [
          -0.011916,
          -0.375228,
          0.926856,
          2.688102
        ],
        [
          -0.998,
          0.062014,
          0.012275,
          4.278178
        ],
        [
          -0.062084,
          -0.924856,
          -0.375216,
          1.378003
        ],
        [
          0.0,
          0.0,
          0.0,
          1.0
        ]
      ]
    },
    {
      "file_path": "/media/NFS/ttao/scannet/posed_images/scene0613_00/01098.jpg",
      "transform_matrix": [
        [
          0.024963,
          -0.39927,
          0.916493,
          2.739766
        ],
        [
          -0.997272,
          0.053758,
          0.050583,
          4.279847
        ],
        [
          -0.069465,
          -0.915256,
          -0.396839,
          1.414297
        ],
        [
          0.0,
          0.0,
          0.0,
          1.0
        ]
      ]
    },
    {
      "file_path": "/media/NFS/ttao/scannet/posed_images/scene0613_00/01122.jpg",
      "transform_matrix": [
        [
          0.139932,
          -0.358425,
          0.923012,
          2.803191
        ],
        [
          -0.989775,
          -0.024616,
          0.140495,
          4.159061
        ],
        [
          -0.027636,
          -0.933234,
          -0.358205,
          1.508061
        ],
        [
          0.0,
          0.0,
          0.0,
          1.0
        ]
      ]
    },
    {
      "file_path": "/media/NFS/ttao/scannet/posed_images/scene0613_00/01152.jpg",
      "transform_matrix": [
        [
          0.194812,
          -0.430687,
          0.881225,
          2.952358
        ],
        [
          -0.980769,
          -0.09638,
          0.169714,
          3.964909
        ],
        [
          0.011839,
          -0.897341,
          -0.44118,
          1.517376
        ],
        [
          0.0,
          0.0,
          0.0,
          1.0
        ]
      ]
    },
    {
      "file_path": "/media/NFS/ttao/scannet/posed_images/scene0613_00/01164.jpg",
      "transform_matrix": [
        [
          0.252917,
          -0.429816,
          0.866771,
          2.982063
        ],
        [
          -0.967331,
          -0.096231,
          0.234541,
          3.865072
        ],
        [
          -0.017399,
          -0.897774,
          -0.440113,
          1.51953
        ],
        [
          0.0,
          0.0,
          0.0,
          1.0
        ]
      ]
    },
    {
      "file_path": "/media/NFS/ttao/scannet/posed_images/scene0613_00/01188.jpg",
      "transform_matrix": [
        [
          0.533334,
          -0.393626,
          0.748741,
          2.97589
        ],
        [
          -0.845742,
          -0.230766,
          0.481111,
          3.666103
        ],
        [
          -0.016593,
          -0.889835,
          -0.455981,
          1.527628
        ],
        [
          0.0,
          0.0,
          0.0,
          1.0
        ]
      ]
    },
    {
      "file_path": "/media/NFS/ttao/scannet/posed_images/scene0613_00/01194.jpg",
      "transform_matrix": [
        [
          0.549352,
          -0.368114,
          0.750136,
          2.991446
        ],
        [
          -0.835588,
          -0.239392,
          0.494454,
          3.658102
        ],
        [
          -0.002439,
          -0.898434,
          -0.439102,
          1.516803
        ],
        [
          0.0,
          0.0,
          0.0,
          1.0
        ]
      ]
    },
    {
      "file_path": "/media/NFS/ttao/scannet/posed_images/scene0613_00/01224.jpg",
      "transform_matrix": [
        [
          0.773731,
          -0.34994,
          0.528093,
          2.979064
        ],
        [
          -0.633514,
          -0.427067,
          0.645193,
          3.555673
        ],
        [
          -0.000248,
          -0.83376,
          -0.552127,
          1.49137
        ],
        [
          0.0,
          0.0,
          0.0,
          1.0
        ]
      ]
    },
    {
      "file_path": "/media/NFS/ttao/scannet/posed_images/scene0613_00/01242.jpg",
      "transform_matrix": [
        [
          0.800182,
          -0.385036,
          0.459843,
          2.952377
        ],
        [
          -0.59975,
          -0.509959,
          0.616638,
          3.505003
        ],
        [
          -0.002927,
          -0.769213,
          -0.638985,
          1.456515
        ],
        [
          0.0,
          0.0,
          0.0,
          1.0
        ]
      ]
    },
    {
      "file_path": "/media/NFS/ttao/scannet/posed_images/scene0613_00/01260.jpg",
      "transform_matrix": [
        [
          0.816238,
          -0.429349,
          0.386542,
          2.963247
        ],
        [
          -0.57747,
          -0.586824,
          0.567597,
          3.47592
        ],
        [
          -0.016865,
          -0.686511,
          -0.726924,
          1.428368
        ],
        [
          0.0,
          0.0,
          0.0,
          1.0
        ]
      ]
    },
    {
      "file_path": "/media/NFS/ttao/scannet/posed_images/scene0613_00/01290.jpg",
      "transform_matrix": [
        [
          0.84099,
          -0.458285,
          0.287596,
          2.987504
        ],
        [
          -0.54042,
          -0.68585,
          0.487396,
          3.396886
        ],
        [
          -0.026118,
          -0.565318,
          -0.824459,
          1.400913
        ],
        [
          0.0,
          0.0,
          0.0,
          1.0
        ]
      ]
    },
    {
      "file_path": "/media/NFS/ttao/scannet/posed_images/scene0613_00/01308.jpg",
      "transform_matrix": [
        [
          0.843711,
          -0.455914,
          0.283364,
          2.996571
        ],
        [
          -0.53515,
          -0.673049,
          0.510509,
          3.319814
        ],
        [
          -0.04203,
          -0.582364,
          -0.811841,
          1.404855
        ],
        [
          0.0,
          0.0,
          0.0,
          1.0
        ]
      ]
    },
    {
      "file_path": "/media/NFS/ttao/scannet/posed_images/scene0613_00/01326.jpg",
      "transform_matrix": [
        [
          0.76467,
          -0.525893,
          0.372446,
          3.040215
        ],
        [
          -0.642106,
          -0.572833,
          0.509472,
          3.307879
        ],
        [
          -0.054578,
          -0.628728,
          -0.775707,
          1.407767
        ],
        [
          0.0,
          0.0,
          0.0,
          1.0
        ]
      ]
    },
    {
      "file_path": "/media/NFS/ttao/scannet/posed_images/scene0613_00/01350.jpg",
      "transform_matrix": [
        [
          0.820548,
          -0.453941,
          0.347331,
          3.094608
        ],
        [
          -0.569677,
          -0.599982,
          0.561684,
          3.149704
        ],
        [
          -0.046579,
          -0.658755,
          -0.750914,
          1.413238
        ],
        [
          0.0,
          0.0,
          0.0,
          1.0
        ]
      ]
    },
    {
      "file_path": "/media/NFS/ttao/scannet/posed_images/scene0613_00/01356.jpg",
      "transform_matrix": [
        [
          0.841346,
          -0.433128,
          0.323323,
          3.098947
        ],
        [
          -0.537888,
          -0.612243,
          0.579513,
          3.105742
        ],
        [
          -0.053051,
          -0.661482,
          -0.748083,
          1.413668
        ],
        [
          0.0,
          0.0,
          0.0,
          1.0
        ]
      ]
    },
    {
      "file_path": "/media/NFS/ttao/scannet/posed_images/scene0613_00/01380.jpg",
      "transform_matrix": [
        [
          0.878507,
          -0.396181,
          0.266958,
          3.14305
        ],
        [
          -0.467172,
          -0.595611,
          0.65345,
          3.024703
        ],
        [
          -0.099881,
          -0.698776,
          -0.708333,
          1.407227
        ],
        [
          0.0,
          0.0,
          0.0,
          1.0
        ]
      ]
    },
    {
      "file_path": "/media/NFS/ttao/scannet/posed_images/scene0613_00/01404.jpg",
      "transform_matrix": [
        [
          0.98614,
          -0.148826,
          0.073345,
          3.250077
        ],
        [
          -0.149851,
          -0.609121,
          0.778791,
          2.902972
        ],
        [
          -0.071228,
          -0.778988,
          -0.62298,
          1.432072
        ],
        [
          0.0,
          0.0,
          0.0,
          1.0
        ]
      ]
    },
    {
      "file_path": "/media/NFS/ttao/scannet/posed_images/scene0613_00/01422.jpg",
      "transform_matrix": [
        [
          0.990407,
          -0.109332,
          0.084498,
          3.310366
        ],
        [
          -0.131917,
          -0.56613,
          0.813692,
          2.9045
        ],
        [
          -0.041126,
          -0.817034,
          -0.575122,
          1.437983
        ],
        [
          0.0,
          0.0,
          0.0,
          1.0
        ]
      ]
    },
    {
      "file_path": "/media/NFS/ttao/scannet/posed_images/scene0613_00/01452.jpg",
      "transform_matrix": [
        [
          0.997893,
          0.03615,
          -0.053868,
          3.455972
        ],
        [
          0.063689,
          -0.387935,
          0.919484,
          2.814863
        ],
        [
          0.012342,
          -0.920977,
          -0.38942,
          1.486515
        ],
        [
          0.0,
          0.0,
          0.0,
          1.0
        ]
      ]
    },
    {
      "file_path": "/media/NFS/ttao/scannet/posed_images/scene0613_00/01458.jpg",
      "transform_matrix": [
        [
          0.997282,
          0.043258,
          -0.059641,
          3.45759
        ],
        [
          0.071248,
          -0.360106,
          0.930187,
          2.80633
        ],
        [
          0.018761,
          -0.931908,
          -0.36221,
          1.495802
        ],
        [
          0.0,
          0.0,
          0.0,
          1.0
        ]
      ]
    },
    {
      "file_path": "/media/NFS/ttao/scannet/posed_images/scene0613_00/01482.jpg",
      "transform_matrix": [
        [
          0.999194,
          -0.003438,
          -0.039988,
          3.469102
        ],
        [
          0.033342,
          -0.483536,
          0.874689,
          2.811129
        ],
        [
          -0.022342,
          -0.875318,
          -0.483032,
          1.469389
        ],
        [
          0.0,
          0.0,
          0.0,
          1.0
        ]
      ]
    },
    {
      "file_path": "/media/NFS/ttao/scannet/posed_images/scene0613_00/01500.jpg",
      "transform_matrix": [
        [
          0.995465,
          -0.094707,
          0.008995,
          3.491748
        ],
        [
          -0.071101,
          -0.677841,
          0.731763,
          2.840832
        ],
        [
          -0.063206,
          -0.729083,
          -0.6815,
          1.394007
        ],
        [
          0.0,
          0.0,
          0.0,
          1.0
        ]
      ]
    },
    {
      "file_path": "/media/NFS/ttao/scannet/posed_images/scene0613_00/01524.jpg",
      "transform_matrix": [
        [
          0.966015,
          -0.249134,
          0.068893,
          3.478623
        ],
        [
          -0.241674,
          -0.775979,
          0.582623,
          2.860608
        ],
        [
          -0.091691,
          -0.579473,
          -0.809817,
          1.327022
        ],
        [
          0.0,
          0.0,
          0.0,
          1.0
        ]
      ]
    },
    {
      "file_path": "/media/NFS/ttao/scannet/posed_images/scene0613_00/01536.jpg",
      "transform_matrix": [
        [
          0.864638,
          -0.430702,
          0.258642,
          3.414295
        ],
        [
          -0.497455,
          -0.661954,
          0.560674,
          2.880436
        ],
        [
          -0.070275,
          -0.613443,
          -0.786606,
