{
  "frames": [
    {
      "file_path": "/media/NFS/ttao/scannet/posed_images/scene0112_02/00000.jpg",
      "transform_matrix": [
        [
          0.347368,
          -0.541231,
          0.765771,
          0.660905
        ],
        [
          -0.936381,
          -0.156434,
          0.314196,
          0.730734
        ],
        [
          -0.05026,
          -0.826195,
          -0.561138,
          1.476563
        ],
        [
          0.0,
          0.0,
          0.0,
          1.0
        ]
      ]
    },
    {
      "file_path": "/media/NFS/ttao/scannet/posed_images/scene0112_02/00002.jpg",
      "transform_matrix": [
        [
          0.348222,
          -0.541206,
          0.765401,
          0.661111
        ],
        [
          -0.936269,
          -0.160483,
          0.312483,
          0.727421
        ],
        [
          -0.046284,
          -0.825434,
          -0.562597,
          1.476984
        ],
        [
          0.0,
          0.0,
          0.0,
          1.0
        ]
      ]
    },
    {
      "file_path": "/media/NFS/ttao/scannet/posed_images/scene0112_02/00007.jpg",
      "transform_matrix": [
        [
          0.354656,
          -0.544688,
          0.759957,
          0.659229
        ],
        [
          -0.93407,
          -0.170224,
          0.313906,
          0.727748
        ],
        [
          -0.041618,
          -0.821181,
          -0.569147,
          1.474134
        ],
        [
          0.0,
          0.0,
          0.0,
          1.0
        ]
      ]
    },
    {
      "file_path": "/media/NFS/ttao/scannet/posed_images/scene0112_02/00008.jpg",
      "transform_matrix": [
        [
          0.356846,
          -0.544467,
          0.75909,
          0.660702
        ],
        [
          -0.9332,
          -0.170869,
          0.316137,
          0.727775
        ],
        [
          -0.042421,
          -0.821194,
          -0.56907,
          1.474578
        ],
        [
          0.0,
          0.0,
          0.0,
          1.0
        ]
      ]
    },
    {
      "file_path": "/media/NFS/ttao/scannet/posed_images/scene0112_02/00013.jpg",
      "transform_matrix": [
        [
          0.374259,
          -0.539208,
          0.754444,
          0.659886
        ],
        [
          -0.925637,
          -0.168168,
          0.338992,
          0.720808
        ],
        [
          -0.055914,
          -0.825212,
          -0.562049,
          1.470812
        ],
        [
          0.0,
          0.0,
          0.0,
          1.0
        ]
      ]
    },
    {
      "file_path": "/media/NFS/ttao/scannet/posed_images/scene0112_02/00014.jpg",
      "transform_matrix": [
        [
          0.379569,
          -0.53978,
          0.751376,
          0.661592
        ],
        [
          -0.923398,
          -0.170888,
          0.343705,
          0.721774
        ],
        [
          -0.057124,
          -0.824279,
          -0.563295,
          1.471809
        ],
        [
          0.0,
          0.0,
          0.0,
          1.0
        ]
      ]
    },
    {
      "file_path": "/media/NFS/ttao/scannet/posed_images/scene0112_02/00017.jpg",
      "transform_matrix": [
        [
          0.398564,
          -0.536292,
          0.744002,
          0.661175
        ],
        [
          -0.91519,
          -0.179686,
          0.36075,
          0.725363
        ],
        [
          -0.05978,
          -0.824685,
          -0.562425,
          1.473949
        ],
        [
          0.0,
          0.0,
          0.0,
          1.0
        ]
      ]
    },
    {
      "file_path": "/media/NFS/ttao/scannet/posed_images/scene0112_02/00021.jpg",
      "transform_matrix": [
        [
          0.42681,
          -0.525758,
          0.735807,
          0.660052
        ],
        [
          -0.902565,
          -0.19667,
          0.383012,
          0.728567
        ],
        [
          -0.05666,
          -0.827586,
          -0.558471,
          1.476285
        ],
        [
          0.0,
          0.0,
          0.0,
          1.0
        ]
      ]
    },
    {
      "file_path": "/media/NFS/ttao/scannet/posed_images/scene0112_02/00024.jpg",
      "transform_matrix": [
        [
          0.451585,
          -0.522122,
          0.723505,
          0.654969
        ],
        [
          -0.890358,
          -0.211232,
          0.403291,
          0.731997
        ],
        [
          -0.05774,
          -0.826299,
          -0.560265,
          1.472778
        ],
        [
          0.0,
          0.0,
          0.0,
          1.0
        ]
      ]
    },
    {
      "file_path": "/media/NFS/ttao/scannet/posed_images/scene0112_02/00027.jpg",
      "transform_matrix": [
        [
          0.481481,
          -0.52072,
          0.705001,
          0.651054
        ],
        [
          -0.874463,
          -0.231177,
          0.426465,
          0.734969
        ],
        [
          -0.059089,
          -0.821832,
          -0.566658,
          1.470977
        ],
        [
          0.0,
          0.0,
          0.0,
          1.0
        ]
      ]
    },
    {
      "file_path": "/media/NFS/ttao/scannet/posed_images/scene0112_02/00029.jpg",
      "transform_matrix": [
        [
          0.501106,
          -0.522065,
          0.690175,
          0.646798
        ],
        [
          -0.863098,
          -0.243545,
          0.442434,
          0.738671
        ],
        [
          -0.06289,
          -0.817395,
          -0.572634,
          1.472678
        ],
        [
          0.0,
          0.0,
          0.0,
          1.0
        ]
      ]
    },
    {
      "file_path": "/media/NFS/ttao/scannet/posed_images/scene0112_02/00032.jpg",
      "transform_matrix": [
        [
          0.539033,
          -0.517067,
          0.664895,
          0.642524
        ],
        [
          -0.839036,
          -0.260359,
          0.477736,
          0.736439
        ],
        [
          -0.07391,
          -0.815386,
          -0.57418,
          1.475227
        ],
        [
          0.0,
          0.0,
          0.0,
          1.0
        ]
      ]
    },
    {
      "file_path": "/media/NFS/ttao/scannet/posed_images/scene0112_02/00035.jpg",
      "transform_matrix": [
        [
          0.578255,
          -0.505896,
          0.640071,
          0.63396
        ],
        [
          -0.812208,
          -0.28285,
          0.51021,
          0.735385
        ],
        [
          -0.077069,
          -0.814902,
          -0.574452,
          1.474804
        ],
        [
          0.0,
          0.0,
          0.0,
          1.0
        ]
      ]
    },
    {
      "file_path": "/media/NFS/ttao/scannet/posed_images/scene0112_02/00040.jpg",
      "transform_matrix": [
        [
          0.630752,
          -0.4892,
          0.602358,
          0.615747
        ],
        [
          -0.771824,
          -0.315239,
          0.552189,
          0.726834
        ],
        [
          -0.080244,
          -0.813209,
          -0.576414,
          1.473881
        ],
        [
          0.0,
          0.0,
          0.0,
          1.0
        ]
      ]
    },
    {
      "file_path": "/media/NFS/ttao/scannet/posed_images/scene0112_02/00041.jpg",
      "transform_matrix": [
        [
          0.636306,
          -0.486635,
          0.598583,
          0.611994
        ],
        [
          -0.76782,
          -0.32446,
          0.55243,
          0.727046
        ],
        [
          -0.074615,
          -0.811118,
          -0.580104,
          1.467617
        ],
        [
          0.0,
          0.0,
          0.0,
          1.0
        ]
      ]
    },
    {
      "file_path": "/media/NFS/ttao/scannet/posed_images/scene0112_02/00044.jpg",
      "transform_matrix": [
        [
          0.632971,
          -0.508919,
          0.583395,
          0.608052
        ],
        [
          -0.770429,
          -0.340027,
          0.539279,
          0.727984
        ],
        [
          -0.076079,
          -0.790812,
          -0.607313,
          1.459277
        ],
        [
          0.0,
          0.0,
          0.0,
          1.0
        ]
      ]
    },
    {
      "file_path": "/media/NFS/ttao/scannet/posed_images/scene0112_02/00047.jpg",
      "transform_matrix": [
        [
          0.608091,
          -0.543254,
          0.578879,
          0.607452
        ],
        [
          -0.789951,
          -0.341733,
          0.509112,
          0.725132
        ],
        [
          -0.078755,
          -0.766872,
          -0.636949,
          1.453128
        ],
        [
          0.0,
          0.0,
          0.0,
          1.0
        ]
      ]
    },
    {
      "file_path": "/media/NFS/ttao/scannet/posed_images/scene0112_02/00050.jpg",
      "transform_matrix": [
        [
          0.542445,
          -0.584571,
          0.603349,
          0.605106
        ],
        [
          -0.837177,
          -0.316381,
          0.446135,
          0.70616
        ],
        [
          -0.06991,
          -0.747114,
          -0.661009,
          1.438107
        ],
        [
          0.0,
          0.0,
          0.0,
          1.0
        ]
      ]
    },
    {
      "file_path": "/media/NFS/ttao/scannet/posed_images/scene0112_02/00053.jpg",
      "transform_matrix": [
        [
          0.465552,
          -0.619328,
          0.632213,
          0.602167
        ],
        [
          -0.883489,
          -0.283224,
          0.373136,
          0.696672
        ],
        [
          -0.052036,
          -0.732268,
          -0.679025,
          1.437579
        ],
        [
          0.0,
          0.0,
          0.0,
          1.0
        ]
      ]
    },
    {
      "file_path": "/media/NFS/ttao/scannet/posed_images/scene0112_02/00058.jpg",
      "transform_matrix": [
        [
          0.323464,
          -0.669511,
          0.668675,
          0.590144
        ],
        [
          -0.945352,
          -0.198026,
          0.259029,
          0.689316
        ],
        [
          -0.041007,
          -0.71592,
          -0.696977,
          1.440015
        ],
        [
          0.0,
          0.0,
          0.0,
          1.0
        ]
      ]
    },
    {
      "file_path": "/media/NFS/ttao/scannet/posed_images/scene0112_02/00061.jpg",
      "transform_matrix": [
        [
          0.264034,
          -0.673313,
          0.690605,
          0.580458
        ],
        [
          -0.962635,
          -0.139291,
          0.232233,
          0.672919
        ],
        [
          -0.06017,
          -0.726118,
          -0.684932,
          1.438059
        ],
        [
          0.0,
          0.0,
          0.0,
          1.0
        ]
      ]
    },
    {
      "file_path": "/media/NFS/ttao/scannet/posed_images/scene0112_02/00062.jpg",
      "transform_matrix": [
        [
          0.239852,
          -0.677354,
          0.695458,
          0.574795
        ],
        [
          -0.968991,
          -0.123214,
          0.214183,
          0.671232
        ],
        [
          -0.059388,
          -0.725265,
          -0.685903,
          1.437382
        ],
        [
          0.0,
          0.0,
          0.0,
          1.0
        ]
      ]
    },
    {
      "file_path": "/media/NFS/ttao/scannet/posed_images/scene0112_02/00065.jpg",
      "transform_matrix": [
        [
          0.175211,
          -0.695039,
          0.697297,
          0.573123
        ],
        [
          -0.983071,
          -0.084944,
          0.162349,
          0.672494
        ],
        [
          -0.053607,
          -0.713937,
          -0.698155,
          1.456018
        ],
        [
          0.0,
          0.0,
          0.0,
          1.0
        ]
      ]
    },
    {
      "file_path": "/media/NFS/ttao/scannet/posed_images/scene0112_02/00068.jpg",
      "transform_matrix": [
        [
          0.120913,
          -0.682504,
          0.720811,
          0.569248
        ],
        [
          -0.991866,
          -0.053972,
          0.115278,
          0.662103
        ],
        [
          -0.039774,
          -0.728886,
          -0.683478,
          1.461775
        ],
        [
          0.0,
          0.0,
          0.0,
          1.0
        ]
      ]
    },
    {
      "file_path": "/media/NFS/ttao/scannet/posed_images/scene0112_02/00073.jpg",
      "transform_matrix": [
        [
          0.024927,
          -0.667529,
          0.744167,
          0.558711
        ],
        [
          -0.999689,
          -0.016275,
          0.018887,
          0.671597
        ],
        [
          -0.000496,
          -0.744406,
          -0.667727,
          1.476608
        ],
        [
          0.0,
          0.0,
          0.0,
          1.0
        ]
      ]
    },
    {
      "file_path": "/media/NFS/ttao/scannet/posed_images/scene0112_02/00076.jpg",
      "transform_matrix": [
        [
          -0.024687,
          -0.657768,
          0.752816,
          0.554686
        ],
        [
          -0.999654,
          0.009409,
          -0.024561,
          0.666211
        ],
        [
          0.009072,
          -0.753162,
          -0.657773,
          1.476936
        ],
        [
          0.0,
          0.0,
          0.0,
          1.0
        ]
      ]
    },
    {
      "file_path": "/media/NFS/ttao/scannet/posed_images/scene0112_02/00077.jpg",
      "transform_matrix": [
        [
          -0.034246,
          -0.65722,
          0.752921,
          0.556145
        ],
        [
          -0.999351,
          0.014065,
          -0.033177,
          0.663798
        ],
        [
          0.011215,
          -0.753568,
          -0.657274,
          1.476483
        ],
        [
          0.0,
          0.0,
          0.0,
          1.0
        ]
      ]
    },
    {
      "file_path": "/media/NFS/ttao/scannet/posed_images/scene0112_02/00082.jpg",
      "transform_matrix": [
        [
          -0.083075,
          -0.664428,
          0.74272,
          0.535197
        ],
        [
          -0.995849,
          0.027528,
          -0.086762,
          0.66431
        ],
        [
          0.037202,
          -0.746845,
          -0.663957,
          1.466513
        ],
        [
          0.0,
          0.0,
          0.0,
          1.0
        ]
      ]
    },
    {
      "file_path": "/media/NFS/ttao/scannet/posed_images/scene0112_02/00083.jpg",
      "transform_matrix": [
        [
          -0.092019,
          -0.665377,
          0.740814,
          0.535276
        ],
        [
          -0.994999,
          0.032404,
          -0.094488,
          0.662983
        ],
        [
          0.038864,
          -0.745804,
          -0.665031,
          1.465719
        ],
        [
          0.0,
          0.0,
          0.0,
          1.0
        ]
      ]
    },
    {
      "file_path": "/media/NFS/ttao/scannet/posed_images/scene0112_02/00088.jpg",
      "transform_matrix": [
        [
          -0.153925,
          -0.680668,
          0.716239,
          0.527561
        ],
        [
          -0.985985,
          0.058606,
          -0.156199,
          0.650897
        ],
        [
          0.064344,
          -0.730244,
          -0.680149,
          1.45574
        ],
        [
          0.0,
          0.0,
          0.0,
          1.0
        ]
      ]
    },
    {
      "file_path": "/media/NFS/ttao/scannet/posed_images/scene0112_02/00091.jpg",
      "transform_matrix": [
        [
          -0.18021,
          -0.692179,
          0.698866,
          0.522109
        ],
        [
          -0.980922,
          0.073793,
          -0.179854,
          0.644534
        ],
        [
          0.07292,
          -0.717944,
          -0.692271,
          1.463727
        ],
        [
          0.0,
          0.0,
          0.0,
          1.0
        ]
      ]
    },
    {
      "file_path": "/media/NFS/ttao/scannet/posed_images/scene0112_02/00093.jpg",
      "transform_matrix": [
        [
          -0.192423,
          -0.685882,
          0.701812,
          0.524499
        ],
        [
          -0.978794,
          0.08295,
          -0.1873,
          0.643781
        ],
        [
          0.070251,
          -0.72297,
          -0.687298,
          1.469156
        ],
        [
          0.0,
          0.0,
          0.0,
          1.0
        ]
      ]
    },
    {
      "file_path": "/media/NFS/ttao/scannet/posed_images/scene0112_02/00095.jpg",
      "transform_matrix": [
        [
          -0.194563,
          -0.679271,
          0.707627,
          0.522148
        ],
        [
          -0.978347,
          0.082468,
          -0.189834,
          0.64115
        ],
        [
          0.070592,
          -0.729239,
          -0.680608,
          1.472283
        ],
        [
          0.0,
          0.0,
          0.0,
          1.0
        ]
      ]
    },
    {
      "file_path": "/media/NFS/ttao/scannet/posed_images/scene0112_02/00100.jpg",
      "transform_matrix": [
        [
          -0.204452,
          -0.657729,
          0.724977,
          0.529372
        ],
        [
          -0.975826,
          0.078526,
          -0.203952,
          0.640547
        ],
        [
          0.077216,
          -0.74915,
          -0.657884,
          1.490712
        ],
        [
          0.0,
          0.0,
          0.0,
          1.0
        ]
      ]
    },
    {
      "file_path": "/media/NFS/ttao/scannet/posed_images/scene0112_02/00103.jpg",
      "transform_matrix": [
        [
          -0.206169,
          -0.633251,
          0.745981,
          0.532214
        ],
        [
          -0.975436,
          0.072561,
          -0.207989,
          0.63943
        ],
        [
          0.077581,
          -0.770537,
          -0.632656,
          1.505982
        ],
        [
          0.0,
          0.0,
          0.0,
          1.0
        ]
      ]
    },
    {
      "file_path": "/media/NFS/ttao/scannet/posed_images/scene0112_02/00106.jpg",
      "transform_matrix": [
        [
          -0.196392,
          -0.608343,
          0.768992,
          0.531078
        ],
        [
          -0.97724,
          0.057294,
          -0.204251,
          0.640662
        ],
        [
          0.080196,
          -0.791604,
          -0.605749,
          1.513976
        ],
        [
          0.0,
          0.0,
          0.0,
          1.0
        ]
      ]
    },
    {
      "file_path": "/media/NFS/ttao/scannet/posed_images/scene0112_02/00108.jpg",
      "transform_matrix": [
        [
          -0.192776,
          -0.596946,
          0.778776,
          0.529467
        ],
        [
          -0.977315,
          0.045862,
          -0.206767,
          0.641469
        ],
        [
          0.087712,
          -0.800969,
          -0.592245,
          1.517512
        ],
        [
          0.0,
          0.0,
          0.0,
          1.0
        ]
      ]
    },
    {
      "file_path": "/media/NFS/ttao/scannet/posed_images/scene0112_02/00110.jpg",
      "transform_matrix": [
        [
          -0.191682,
          -0.585195,
          0.787912,
          0.528825
        ],
        [
          -0.977595,
          0.042692,
          -0.206121,
          0.644337
        ],
        [
          0.086983,
          -0.809768,
          -0.580267,
          1.51648
        ],
        [
          0.0,
          0.0,
          0.0,
          1.0
        ]
      ]
    },
    {
      "file_path": "/media/NFS/ttao/scannet/posed_images/scene0112_02/00113.jpg",
      "transform_matrix": [
        [
          -0.178071,
          -0.569759,
          0.802288,
          0.531482
        ],
        [
          -0.980029,
          0.029348,
          -0.196679,
          0.646938
        ],
        [
          0.088514,
          -0.821288,
          -0.563606,
          1.524267
        ],
        [
          0.0,
          0.0,
          0.0,
          1.0
        ]
      ]
    },
    {
      "file_path": "/media/NFS/ttao/scannet/posed_images/scene0112_02/00116.jpg",
      "transform_matrix": [
        [
          -0.167896,
          -0.553143,
          0.815992,
          0.532339
        ],
        [
          -0.981681,
          0.018184,
          -0.189661,
          0.649365
        ],
        [
          0.090072,
          -0.832888,
          -0.546063,
          1.5299
        ],
        [
          0.0,
          0.0,
          0.0,
          1.0
        ]
      ]
    },
    {
      "file_path": "/media/NFS/ttao/scannet/posed_images/scene0112_02/00120.jpg",
      "transform_matrix": [
        [
          -0.159412,
          -0.523499,
          0.836981,
          0.52996
        ],
        [
          -0.982276,
          -0.00057,
          -0.187442,
          0.653095
        ],
        [
          0.098603,
          -0.852026,
          -0.514129,
          1.532794
        ],
        [
          0.0,
          0.0,
          0.0,
          1.0
        ]
      ]
    },
    {
      "file_path": "/media/NFS/ttao/scannet/posed_images/scene0112_02/00124.jpg",
      "transform_matrix": [
        [
          -0.163324,
          -0.502557,
          0.848977,
          0.528719
        ],
        [
          -0.980611,
          -0.011761,
          -0.195609,
          0.654681
        ],
        [
          0.108289,
          -0.864464,
          -0.490892,
          1.535585
        ],
        [
          0.0,
          0.0,
          0.0,
          1.0
        ]
      ]
    },
    {
      "file_path": "/media/NFS/ttao/scannet/posed_images/scene0112_02/00127.jpg",
      "transform_matrix": [
        [
          -0.173462,
          -0.493868,
          0.852059,
          0.529117
        ],
        [
          -0.978071,
          -0.014879,
          -0.207739,
          0.657796
        ],
        [
          0.115274,
          -0.869409,
          -0.480457,
          1.532649
        ],
        [
          0.0,
          0.0,
          0.0,
          1.0
        ]
      ]
    },
    {
      "file_path": "/media/NFS/ttao/scannet/posed_images/scene0112_02/00129.jpg",
      "transform_matrix": [
        [
          -0.184536,
          -0.495867,
          0.848565,
          0.532613
        ],
        [
          -0.976014,
          -0.009014,
          -0.217519,
          0.661129
        ],
        [
          0.115509,
          -0.868352,
          -0.48231,
          1.535657
        ],
        [
          0.0,
          0.0,
          0.0,
          1.0
        ]
      ]
    },
    {
      "file_path": "/media/NFS/ttao/scannet/posed_images/scene0112_02/00133.jpg",
      "transform_matrix": [
        [
          -0.203979,
          -0.490923,
          0.846987,
          0.535064
        ],
        [
          -0.972346,
          0.001082,
          -0.233542,
          0.674166
        ],
        [
          0.113735,
          -0.871202,
          -0.477568,
          1.535431
        ],
        [
          0.0,
          0.0,
          0.0,
          1.0
        ]
      ]
    },
    {
      "file_path": "/media/NFS/ttao/scannet/posed_images/scene0112_02/00135.jpg",
      "transform_matrix": [
        [
          -0.216847,
          -0.490112,
          0.844256,
          0.538839
        ],
        [
          -0.969325,
          0.005601,
          -0.245719,
          0.687179
        ],
        [
          0.115701,
          -0.871641,
          -0.476292,
          1.534762
        ],
        [
          0.0,
          0.0,
          0.0,
          1.0
        ]
      ]
    },
    {
      "file_path": "/media/NFS/ttao/scannet/posed_images/scene0112_02/00137.jpg",
      "transform_matrix": [
        [
          -0.235936,
          -0.489691,
          0.839367,
          0.542808
        ],
        [
          -0.963817,
          0.007651,
          -0.266453,
          0.704324
        ],
        [
          0.124058,
          -0.871863,
          -0.473778,
          1.536535
        ],
        [
          0.0,
          0.0,
          0.0,
          1.0
        ]
      ]
    },
    {
      "file_path": "/media/NFS/ttao/scannet/posed_images/scene0112_02/00142.jpg",
      "transform_matrix": [
        [
          -0.309231,
          -0.474914,
          0.823913,
          0.562627
        ],
        [
          -0.941152,
          0.028552,
          -0.336775,
          0.756801
        ],
        [
          0.136415,
          -0.879569,
          -0.455795,
          1.562688
        ],
        [
          0.0,
          0.0,
          0.0,
          1.0
        ]
      ]
    },
    {
      "file_path": "/media/NFS/ttao/scannet/posed_images/scene0112_02/00143.jpg",
      "transform_matrix": [
        [
          -0.319755,
          -0.46566,
          0.825177,
          0.564084
        ],
        [
          -0.938111,
          0.033288,
          -0.344732,
          0.76752
        ],
        [
          0.133059,
          -0.884337,
          -0.447485,
          1.568292
        ],
        [
          0.0,
          0.0,
          0.0,
          1.0
        ]
      ]
    },
    {
      "file_path": "/media/NFS/ttao/scannet/posed_images/scene0112_02/00146.jpg",
      "transform_matrix": [
        [
          -0.364402,
          -0.438788,
          0.821387,
          0.569544
        ],
        [
          -0.921992,
          0.045984,
          -0.384469,
          0.796991
        ],
        [
          0.13093,
          -0.897413,
          -0.421316,
          1.571677
        ],
        [
          0.0,
          0.0,
          0.0,
          1.0
        ]
      ]
    },
    {
      "file_path": "/media/NFS/ttao/scannet/posed_images/scene0112_02/00150.jpg",
      "transform_matrix": [
        [
          -0.435895,
          -0.420953,
          0.795483,
          0.58052
        ],
        [
          -0.889788,
          0.068812,
          -0.451157,
          0.823268
        ],
        [
          0.135177,
          -0.904469,
          -0.404553,
          1.579555
        ],
        [
          0.0,
          0.0,
          0.0,
          1.0
        ]
      ]
    },
    {
      "file_path": "/media/NFS/ttao/scannet/posed_images/scene0112_02/00154.jpg",
      "transform_matrix": [
        [
          -0.504268,
          -0.41025,
          0.759874,
          0.608024
        ],
        [
          -0.849481,
          0.077487,
          -0.521898,
          0.844305
        ],
        [
          0.155228,
          -0.908675,
          -0.387574,
          1.580841
        ],
        [
          0.0,
          0.0,
          0.0,
          1.0
        ]
      ]
    },
    {
      "file_path": "/media/NFS/ttao/scannet/posed_images/scene0112_02/00155.jpg",
      "transform_matrix": [
        [
          -0.528103,
          -0.414215,
          0.741305,
          0.620535
        ],
        [
          -0.833699,
          0.086971,
          -0.545327,
          0.849183
        ],
        [
          0.16141,
          -0.906014,
          -0.39126,
          1.580336
        ],
        [
          0.0,
          0.0,
          0.0,
          1.0
        ]
      ]
    },
    {
      "file_path": "/media/NFS/ttao/scannet/posed_images/scene0112_02/00158.jpg",
      "transform_matrix": [
        [
          -0.58794,
          -0.397061,
          0.704748,
          0.651929
        ],
        [
          -0.795058,
          0.123145,
          -0.5939,
          0.864812
        ],
        [
          0.149028,
          -0.909493,
          -0.388088,
          1.584003
        ],
        [
          0.0,
          0.0,
          0.0,
          1.0
        ]
      ]
    },
    {
      "file_path": "/media/NFS/ttao/scannet/posed_images/scene0112_02/00161.jpg",
      "transform_matrix": [
        [
          -0.625675,
          -0.379382,
          0.681616,
          0.681286
        ],
        [
          -0.77151,
          0.171745,
          -0.612598,
          0.888635
        ],
        [
          0.115344,
          -0.909161,
          -0.400153,
          1.597464
        ],
        [
          0.0,
          0.0,
          0.0,
          1.0
        ]
      ]
    },
    {
      "file_path": "/media/NFS/ttao/scannet/posed_images/scene0112_02/00165.jpg",
      "transform_matrix": [
        [
          -0.635066,
          -0.382394,
          0.671168,
          0.70327
        ],
        [
          -0.764446,
          0.186302,
          -0.617182,
          0.933994
        ],
        [
          0.110967,
          -0.905023,
          -0.410633,
          1.593418
        ],
        [
          0.0,
          0.0,
          0.0,
          1.0
        ]
      ]
    },
    {
      "file_path": "/media/NFS/ttao/scannet/posed_images/scene0112_02/00167.jpg",
      "transform_matrix": [
        [
          -0.657249,
          -0.376568,
          0.652855,
          0.714086
        ],
        [
          -0.745536,
          0.197901,
          -0.636405,
          0.957752
        ],
        [
          0.110449,
          -0.905004,
          -0.410816,
          1.593307
        ],
        [
          0.0,
          0.0,
          0.0,
          1.0
        ]
      ]
    },
    {
      "file_path": "/media/NFS/ttao/scannet/posed_images/scene0112_02/00171.jpg",
      "transform_matrix": [
        [
          -0.693727,
          -0.385094,
          0.608642,
          0.729456
        ],
        [
          -0.709289,
          0.218493,
          -0.670201,
          1.0115
        ],
        [
          0.125107,
          -0.89664,
          -0.424718,
          1.590114
        ],
        [
          0.0,
          0.0,
          0.0,
          1.0
        ]
      ]
    },
    {
      "file_path": "/media/NFS/ttao/scannet/posed_images/scene0112_02/00175.jpg",
      "transform_matrix": [
        [
          -0.738477,
          -0.357163,
          0.571915,
          0.739392
        ],
        [
          -0.665478,
          0.249466,
          -0.703496,
          1.080385
        ],
        [
          0.108589,
          -0.900112,
          -0.421908,
          1.588273
        ],
        [
          0.0,
          0.0,
          0.0,
          1.0
        ]
      ]
    },
    {
      "file_path": "/media/NFS/ttao/scannet/posed_images/scene0112_02/00176.jpg",
      "transform_matrix": [
        [
          -0.74672,
          -0.348763,
          0.566369,
          0.737795
        ],
        [
          -0.656841,
          0.252579,
          -0.710467,
          1.101325
        ],
        [
          0.104732,
          -0.902534,
          -0.417688,
          1.587371
        ],
        [
          0.0,
          0.0,
          0.0,
          1.0
        ]
      ]
    },
    {
      "file_path": "/media/NFS/ttao/scannet/posed_images/scene0112_02/00179.jpg",
      "transform_matrix": [
        [
          -0.768516,
          -0.340407,
          0.541762,
          0.737604
        ],
        [
          -0.631794,
          0.269953,
          -0.72661,
          1.16691
        ],
        [
          0.101093,
          -0.900693,
          -0.42253,
          1.580941
        ],
        [
          0.0,
          0.0,
          0.0,
          1.0
        ]
      ]
    },
    {
      "file_path": "/media/NFS/ttao/scannet/posed_images/scene0112_02/00184.jpg",
      "transform_matrix": [
        [
          -0.800342,
          -0.332717,
          0.498751,
          0.727608
        ],
        [
          -0.593163,
          0.318382,
          -0.739453,
          1.26393
        ],
        [
          0.087235,
          -0.887656,
          -0.45217,
          1.569418
        ],
        [
          0.0,
          0.0,
          0.0,
          1.0
        ]
      ]
    },
    {
      "file_path": "/media/NFS/ttao/scannet/posed_images/scene0112_02/00185.jpg",
      "transform_matrix": [
        [
          -0.810057,
          -0.328003,
          0.486026,
          0.725875
        ],
        [
          -0.579775,
          0.324271,
          -0.747468,
          1.279538
        ],
        [
          0.087567,
          -0.887278,
          -0.452846,
          1.566513
        ],
        [
          0.0,
          0.0,
          0.0,
          1.0
        ]
      ]
    },
    {
      "file_path": "/media/NFS/ttao/scannet/posed_images/scene0112_02/00190.jpg",
      "transform_matrix": [
        [
          -0.853484,
          -0.310792,
          0.418298,
          0.721
        ],
        [
          -0.513981,
          0.369644,
          -0.774071,
          1.331928
        ],
        [
          0.085954,
          -0.875655,
          -0.475226,
          1.56281
        ],
        [
          0.0,
          0.0,
          0.0,
          1.0
        ]
      ]
    },
    {
      "file_path": "/media/NFS/ttao/scannet/posed_images/scene0112_02/00191.jpg",
      "transform_matrix": [
        [
          -0.858538,
          -0.308256,
          0.409746,
          0.719136
        ],
        [
          -0.505826,
          0.378281,
          -0.77527,
          1.338228
        ],
        [
          0.083982,
          -0.872858,
          -0.480693,
          1.561576
        ],
        [
          0.0,
          0.0,
          0.0,
          1.0
        ]
      ]
    },
    {
      "file_path": "/media/NFS/ttao/scannet/posed_images/scene0112_02/00196.jpg",
      "transform_matrix": [
        [
          -0.881488,
          -0.324643,
          0.342908,
          0.703506
        ],
        [
          -0.460714,
          0.432032,
          -0.775301,
          1.363389
        ],
        [
          0.103549,
          -0.841401,
          -0.530398,
          1.543988
        ],
        [
          0.0,
          0.0,
          0.0,
          1.0
        ]
      ]
    },
    {
      "file_path": "/media/NFS/ttao/scannet/posed_images/scene0112_02/00197.jpg",
      "transform_matrix": [
        [
          -0.887523,
          -0.325112,
          0.326505,
          0.701213
        ],
        [
          -0.448163,
          0.44452,
          -0.775598,
          1.366231
        ],
        [
          0.107019,
          -0.834688,
          -0.540225,
          1.54144
        ],
        [
          0.0,
          0.0,
          0.0,
          1.0
        ]
      ]
    },
    {
      "file_path": "/media/NFS/ttao/scannet/posed_images/scene0112_02/00200.jpg",
      "transform_matrix": [
        [
          -0.903672,
          -0.318957,
          0.285734,
          0.684781
        ],
        [
          -0.414458,
          0.48361,
          -0.770938,
          1.372178
        ],
        [
          0.107712,
          -0.8151,
          -0.569219,
          1.52689
        ],
        [
          0.0,
          0.0,
          0.0,
          1.0
        ]
      ]
    },
    {
      "file_path": "/media/NFS/ttao/scannet/posed_images/scene0112_02/00205.jpg",
      "transform_matrix": [
        [
          -0.927404,
          -0.302522,
          0.220005,
          0.665037
        ],
        [
          -0.355441,
          0.52945,
          -0.770288,
          1.384174
        ],
        [
          0.116547,
          -0.792567,
          -0.598543,
          1.503696
        ],
        [
          0.0,
          0.0,
          0.0,
          1.0
        ]
      ]
    },
    {
      "file_path": "/media/NFS/ttao/scannet/posed_images/scene0112_02/00206.jpg",
      "transform_matrix": [
        [
          -0.931161,
          -0.297308,
          0.211061,
          0.664131
        ],
        [
          -0.345006,
          0.531222,
          -0.773805,
          1.385599
        ],
        [
          0.117939,
          -0.793354,
          -0.597227,
          1.502944
        ],
        [
          0.0,
          0.0,
          0.0,
          1.0
        ]
      ]
    },
    {
      "file_path": "/media/NFS/ttao/scannet/posed_images/scene0112_02/00211.jpg",
      "transform_matrix": [
        [
          -0.946992,
          -0.256219,
          0.193797,
          0.652053
        ],
        [
          -0.300001,
          0.489525,
          -0.818758,
          1.391756
        ],
        [
          0.114913,
          -0.833497,
          -0.540443,
          1.519465
        ],
        [
          0.0,
          0.0,
          0.0,
          1.0
        ]
      ]
    },
    {
      "file_path": "/media/NFS/ttao/scannet/posed_images/scene0112_02/00212.jpg",
      "transform_matrix": [
        [
          -0.948708,
          -0.247781,
          0.196363,
          0.652992
        ],
        [
          -0.29525,
          0.472278,
          -0.83053,
          1.393531
        ],
        [
          0.113051,
          -0.845907,
          -0.521211,
          1.527698
        ],
        [
          0.0,
          0.0,
          0.0,
          1.0
        ]
      ]
    },
    {
      "file_path": "/media/NFS/ttao/scannet/posed_images/scene0112_02/00216.jpg",
      "transform_matrix": [
        [
          -0.950579,
          -0.200846,
          0.236771,
          0.648799
        ],
        [
          -0.298458,
          0.380927,
          -0.87511,
          1.401733
        ],
        [
          0.08557,
          -0.902527,
          -0.422046,
          1.557332
        ],
        [
          0.0,
          0.0,
          0.0,
          1.0
        ]
      ]
    },
    {
      "file_path": "/media/NFS/ttao/scannet/posed_images/scene0112_02/00220.jpg",
      "transform_matrix": [
        [
          -0.943182,
          -0.163589,
          0.289218,
          0.64773
        ],
        [
          -0.32783,
          0.316212,
          -0.890245,
          1.39933
        ],
        [
          0.05418,
          -0.934478,
          -0.351875,
          1.586862
        ],
        [
          0.0,
          0.0,
          0.0,
          1.0
        ]
      ]
    },
    {
      "file_path": "/media/NFS/ttao/scannet/posed_images/scene0112_02/00223.jpg",
      "transform_matrix": [
        [
          -0.933039,
          -0.154874,
          0.324734,
          0.650826
        ],
        [
          -0.356023,
          0.267448,
          -0.895388,
          1.399742
        ],
        [
          0.051823,
          -0.951044,
          -0.304678,
          1.608386
        ],
        [
          0.0,
          0.0,
          0.0,
          1.0
        ]
      ]
    },
    {
      "file_path": "/media/NFS/ttao/scannet/posed_images/scene0112_02/00226.jpg",
      "transform_matrix": [
        [
          -0.925035,
          -0.152175,
          0.34807,
          0.651217
        ],
        [
          -0.375377,
          0.225489,
          -0.899025,
          1.396728
        ],
        [
          0.058323,
          -0.962288,
          -0.265708,
          1.623162
        ],
        [
          0.0,
          0.0,
          0.0,
          1.0
        ]
      ]
    },
    {
      "file_path": "/media/NFS/ttao/scannet/posed_images/scene0112_02/00227.jpg",
      "transform_matrix": [
        [
          -0.922273,
          -0.149632,
          0.356403,
          0.65349
        ],
        [
          -0.38219,
          0.215076,
          -0.898706,
          1.394463
        ],
        [
          0.057821,
          -0.965066,
          -0.255547,
          1.62762
        ],
        [
          0.0,
          0.0,
          0.0,
          1.0
        ]
      ]
    },
    {
      "file_path": "/media/NFS/ttao/scannet/posed_images/scene0112_02/00230.jpg",
      "transform_matrix": [
        [
          -0.909033,
          -0.142054,
          0.391765,
          0.658513
        ],
        [
          -0.412679,
          0.176197,
          -0.893673,
          1.389916
        ],
        [
