{
  "frames": [
    {
      "file_path": "/media/NFS/ttao/scannet/posed_images/scene0448_00/00000.jpg",
      "transform_matrix": [
        [
          -0.216055,
          0.755903,
          -0.618006,
          2.401103
        ],
        [
          0.976191,
          0.179739,
          -0.121433,
          0.824111
        ],
        [
          0.019288,
          -0.629528,
          -0.776738,
          1.317318
        ],
        [
          0.0,
          0.0,
          0.0,
          1.0
        ]
      ]
    },
    {
      "file_path": "/media/NFS/ttao/scannet/posed_images/scene0448_00/00009.jpg",
      "transform_matrix": [
        [
          -0.216496,
          0.744733,
          -0.631271,
          2.402174
        ],
        [
          0.976167,
          0.175111,
          -0.128194,
          0.826277
        ],
        [
          0.015073,
          -0.643979,
          -0.764895,
          1.326012
        ],
        [
          0.0,
          0.0,
          0.0,
          1.0
        ]
      ]
    },
    {
      "file_path": "/media/NFS/ttao/scannet/posed_images/scene0448_00/00024.jpg",
      "transform_matrix": [
        [
          -0.244149,
          0.67925,
          -0.692107,
          2.397501
        ],
        [
          0.969732,
          0.168462,
          -0.176752,
          0.813585
        ],
        [
          -0.003465,
          -0.714312,
          -0.699819,
          1.374442
        ],
        [
          0.0,
          0.0,
          0.0,
          1.0
        ]
      ]
    },
    {
      "file_path": "/media/NFS/ttao/scannet/posed_images/scene0448_00/00033.jpg",
      "transform_matrix": [
        [
          -0.257789,
          0.638671,
          -0.725014,
          2.392168
        ],
        [
          0.966149,
          0.16262,
          -0.200274,
          0.81221
        ],
        [
          -0.010007,
          -0.7521,
          -0.658973,
          1.399859
        ],
        [
          0.0,
          0.0,
          0.0,
          1.0
        ]
      ]
    },
    {
      "file_path": "/media/NFS/ttao/scannet/posed_images/scene0448_00/00046.jpg",
      "transform_matrix": [
        [
          -0.27817,
          0.549359,
          -0.787926,
          2.393052
        ],
        [
          0.960456,
          0.148766,
          -0.235357,
          0.817874
        ],
        [
          -0.012079,
          -0.822237,
          -0.569017,
          1.434646
        ],
        [
          0.0,
          0.0,
          0.0,
          1.0
        ]
      ]
    },
    {
      "file_path": "/media/NFS/ttao/scannet/posed_images/scene0448_00/00049.jpg",
      "transform_matrix": [
        [
          -0.279443,
          0.542482,
          -0.792228,
          2.391767
        ],
        [
          0.960084,
          0.14735,
          -0.237753,
          0.816949
        ],
        [
          -0.012242,
          -0.827044,
          -0.562004,
          1.438443
        ],
        [
          0.0,
          0.0,
          0.0,
          1.0
        ]
      ]
    },
    {
      "file_path": "/media/NFS/ttao/scannet/posed_images/scene0448_00/00058.jpg",
      "transform_matrix": [
        [
          -0.284809,
          0.481306,
          -0.828993,
          2.406386
        ],
        [
          0.958544,
          0.150939,
          -0.241684,
          0.814249
        ],
        [
          0.008804,
          -0.863459,
          -0.504341,
          1.430483
        ],
        [
          0.0,
          0.0,
          0.0,
          1.0
        ]
      ]
    },
    {
      "file_path": "/media/NFS/ttao/scannet/posed_images/scene0448_00/00076.jpg",
      "transform_matrix": [
        [
          -0.275722,
          0.371225,
          -0.886662,
          2.406026
        ],
        [
          0.961117,
          0.121092,
          -0.248176,
          0.796198
        ],
        [
          0.015239,
          -0.920613,
          -0.390178,
          1.456166
        ],
        [
          0.0,
          0.0,
          0.0,
          1.0
        ]
      ]
    },
    {
      "file_path": "/media/NFS/ttao/scannet/posed_images/scene0448_00/00079.jpg",
      "transform_matrix": [
        [
          -0.270312,
          0.35981,
          -0.893011,
          2.40436
        ],
        [
          0.962678,
          0.114026,
          -0.245457,
          0.790934
        ],
        [
          0.013508,
          -0.926032,
          -0.377204,
          1.4616
        ],
        [
          0.0,
          0.0,
          0.0,
          1.0
        ]
      ]
    },
    {
      "file_path": "/media/NFS/ttao/scannet/posed_images/scene0448_00/00088.jpg",
      "transform_matrix": [
        [
          -0.242699,
          0.319792,
          -0.915877,
          2.406835
        ],
        [
          0.969983,
          0.094782,
          -0.223942,
          0.775284
        ],
        [
          0.015194,
          -0.942735,
          -0.333196,
          1.457556
        ],
        [
          0.0,
          0.0,
          0.0,
          1.0
        ]
      ]
    },
    {
      "file_path": "/media/NFS/ttao/scannet/posed_images/scene0448_00/00106.jpg",
      "transform_matrix": [
        [
          -0.177973,
          0.254266,
          -0.950618,
          2.401452
        ],
        [
          0.983913,
          0.061201,
          -0.167837,
          0.726785
        ],
        [
          0.015503,
          -0.965196,
          -0.261068,
          1.469111
        ],
        [
          0.0,
          0.0,
          0.0,
          1.0
        ]
      ]
    },
    {
      "file_path": "/media/NFS/ttao/scannet/posed_images/scene0448_00/00109.jpg",
      "transform_matrix": [
        [
          -0.179454,
          0.240148,
          -0.954005,
          2.397755
        ],
        [
          0.983598,
          0.061719,
          -0.169484,
          0.724597
        ],
        [
          0.018179,
          -0.968772,
          -0.247285,
          1.475679
        ],
        [
          0.0,
          0.0,
          0.0,
          1.0
        ]
      ]
    },
    {
      "file_path": "/media/NFS/ttao/scannet/posed_images/scene0448_00/00127.jpg",
      "transform_matrix": [
        [
          -0.21668,
          0.155097,
          -0.963844,
          2.379952
        ],
        [
          0.976233,
          0.038727,
          -0.213233,
          0.749617
        ],
        [
          0.004255,
          -0.98714,
          -0.159802,
          1.508517
        ],
        [
          0.0,
          0.0,
          0.0,
          1.0
        ]
      ]
    },
    {
      "file_path": "/media/NFS/ttao/scannet/posed_images/scene0448_00/00133.jpg",
      "transform_matrix": [
        [
          -0.199433,
          0.122858,
          -0.972179,
          2.383168
        ],
        [
          0.979845,
          0.036532,
          -0.196389,
          0.755365
        ],
        [
          0.011388,
          -0.991752,
          -0.127667,
          1.50498
        ],
        [
          0.0,
          0.0,
          0.0,
          1.0
        ]
      ]
    },
    {
      "file_path": "/media/NFS/ttao/scannet/posed_images/scene0448_00/00143.jpg",
      "transform_matrix": [
        [
          -0.171337,
          0.087371,
          -0.981331,
          2.385758
        ],
        [
          0.985191,
          0.021866,
          -0.170063,
          0.77148
        ],
        [
          0.006599,
          -0.995936,
          -0.089824,
          1.521254
        ],
        [
          0.0,
          0.0,
          0.0,
          1.0
        ]
      ]
    },
    {
      "file_path": "/media/NFS/ttao/scannet/posed_images/scene0448_00/00158.jpg",
      "transform_matrix": [
        [
          -0.139163,
          0.063604,
          -0.988225,
          2.383355
        ],
        [
          0.99024,
          0.001237,
          -0.139366,
          0.795952
        ],
        [
          -0.007642,
          -0.997975,
          -0.063155,
          1.538011
        ],
        [
          0.0,
          0.0,
          0.0,
          1.0
        ]
      ]
    },
    {
      "file_path": "/media/NFS/ttao/scannet/posed_images/scene0448_00/00167.jpg",
      "transform_matrix": [
        [
          -0.11375,
          0.081348,
          -0.990174,
          2.374788
        ],
        [
          0.993327,
          -0.009782,
          -0.114916,
          0.803838
        ],
        [
          -0.019034,
          -0.996638,
          -0.079692,
          1.537627
        ],
        [
          0.0,
          0.0,
          0.0,
          1.0
        ]
      ]
    },
    {
      "file_path": "/media/NFS/ttao/scannet/posed_images/scene0448_00/00173.jpg",
      "transform_matrix": [
        [
          -0.093163,
          0.105661,
          -0.990029,
          2.36319
        ],
        [
          0.995283,
          -0.017137,
          -0.095487,
          0.813253
        ],
        [
          -0.027055,
          -0.994254,
          -0.103566,
          1.531726
        ],
        [
          0.0,
          0.0,
          0.0,
          1.0
        ]
      ]
    },
    {
      "file_path": "/media/NFS/ttao/scannet/posed_images/scene0448_00/00188.jpg",
      "transform_matrix": [
        [
          -0.046602,
          0.148668,
          -0.987789,
          2.331406
        ],
        [
          0.998327,
          -0.026935,
          -0.051153,
          0.826805
        ],
        [
          -0.034211,
          -0.98852,
          -0.147164,
          1.527273
        ],
        [
          0.0,
          0.0,
          0.0,
          1.0
        ]
      ]
    },
    {
      "file_path": "/media/NFS/ttao/scannet/posed_images/scene0448_00/00197.jpg",
      "transform_matrix": [
        [
          -0.037368,
          0.148207,
          -0.98825,
          2.31559
        ],
        [
          0.99865,
          -0.030155,
          -0.042284,
          0.829537
        ],
        [
          -0.036067,
          -0.988496,
          -0.14688,
          1.522436
        ],
        [
          0.0,
          0.0,
          0.0,
          1.0
        ]
      ]
    },
    {
      "file_path": "/media/NFS/ttao/scannet/posed_images/scene0448_00/00200.jpg",
      "transform_matrix": [
        [
          -0.033204,
          0.149588,
          -0.988191,
          2.309072
        ],
        [
          0.998861,
          -0.028921,
          -0.03794,
          0.826428
        ],
        [
          -0.034255,
          -0.988325,
          -0.148458,
          1.520305
        ],
        [
          0.0,
          0.0,
          0.0,
          1.0
        ]
      ]
    },
    {
      "file_path": "/media/NFS/ttao/scannet/posed_images/scene0448_00/00218.jpg",
      "transform_matrix": [
        [
          -0.03401,
          0.2211,
          -0.974658,
          2.282246
        ],
        [
          0.998713,
          -0.029201,
          -0.041473,
          0.840063
        ],
        [
          -0.037631,
          -0.974814,
          -0.219823,
          1.502249
        ],
        [
          0.0,
          0.0,
          0.0,
          1.0
        ]
      ]
    },
    {
      "file_path": "/media/NFS/ttao/scannet/posed_images/scene0448_00/00228.jpg",
      "transform_matrix": [
        [
          -0.030492,
          0.25446,
          -0.966603,
          2.273149
        ],
        [
          0.99885,
          -0.02805,
          -0.038893,
          0.839252
        ],
        [
          -0.03701,
          -0.966676,
          -0.253312,
          1.495364
        ],
        [
          0.0,
          0.0,
          0.0,
          1.0
        ]
      ]
    },
    {
      "file_path": "/media/NFS/ttao/scannet/posed_images/scene0448_00/00231.jpg",
      "transform_matrix": [
        [
          -0.028572,
          0.261594,
          -0.964755,
          2.271759
        ],
        [
          0.998919,
          -0.027921,
          -0.037154,
          0.838801
        ],
        [
          -0.036657,
          -0.964774,
          -0.260514,
          1.491331
        ],
        [
          0.0,
          0.0,
          0.0,
          1.0
        ]
      ]
    },
    {
      "file_path": "/media/NFS/ttao/scannet/posed_images/scene0448_00/00240.jpg",
      "transform_matrix": [
        [
          -0.020747,
          0.298802,
          -0.95409,
          2.263983
        ],
        [
          0.998824,
          -0.035638,
          -0.03288,
          0.837273
        ],
        [
          -0.043827,
          -0.953649,
          -0.297711,
          1.482411
        ],
        [
          0.0,
          0.0,
          0.0,
          1.0
        ]
      ]
    },
    {
      "file_path": "/media/NFS/ttao/scannet/posed_images/scene0448_00/00255.jpg",
      "transform_matrix": [
        [
          0.017818,
          0.373689,
          -0.927383,
          2.24724
        ],
        [
          0.999123,
          -0.041799,
          0.002354,
          0.832132
        ],
        [
          -0.037884,
          -0.926612,
          -0.374106,
          1.459591
        ],
        [
          0.0,
          0.0,
          0.0,
          1.0
        ]
      ]
    },
    {
      "file_path": "/media/NFS/ttao/scannet/posed_images/scene0448_00/00261.jpg",
      "transform_matrix": [
        [
          0.016842,
          0.409386,
          -0.912206,
          2.238835
        ],
        [
          0.999251,
          -0.038691,
          0.001086,
          0.831693
        ],
        [
          -0.03485,
          -0.911541,
          -0.409731,
          1.453044
        ],
        [
          0.0,
          0.0,
          0.0,
          1.0
        ]
      ]
    },
    {
      "file_path": "/media/NFS/ttao/scannet/posed_images/scene0448_00/00270.jpg",
      "transform_matrix": [
        [
          0.014834,
          0.478829,
          -0.877783,
          2.227748
        ],
        [
          0.999675,
          -0.025302,
          0.003092,
          0.837211
        ],
        [
          -0.020729,
          -0.877543,
          -0.479049,
          1.436249
        ],
        [
          0.0,
          0.0,
          0.0,
          1.0
        ]
      ]
    },
    {
      "file_path": "/media/NFS/ttao/scannet/posed_images/scene0448_00/00282.jpg",
      "transform_matrix": [
        [
          0.013641,
          0.558844,
          -0.829161,
          2.234426
        ],
        [
          0.999584,
          -0.02869,
          -0.002891,
          0.840227
        ],
        [
          -0.025404,
          -0.828777,
          -0.559003,
          1.419902
        ],
        [
          0.0,
          0.0,
          0.0,
          1.0
        ]
      ]
    },
    {
      "file_path": "/media/NFS/ttao/scannet/posed_images/scene0448_00/00297.jpg",
      "transform_matrix": [
        [
          0.081658,
          0.597653,
          -0.797586,
          2.284243
        ],
        [
          0.996619,
          -0.056252,
          0.059884,
          0.799484
        ],
        [
          -0.009076,
          -0.799779,
          -0.600226,
          1.415025
        ],
        [
          0.0,
          0.0,
          0.0,
          1.0
        ]
      ]
    },
    {
      "file_path": "/media/NFS/ttao/scannet/posed_images/scene0448_00/00300.jpg",
      "transform_matrix": [
        [
          0.100313,
          0.612611,
          -0.783993,
          2.291552
        ],
        [
          0.994956,
          -0.062258,
          0.078658,
          0.788354
        ],
        [
          -0.000623,
          -0.787929,
          -0.615766,
          1.416554
        ],
        [
          0.0,
          0.0,
          0.0,
          1.0
        ]
      ]
    },
    {
      "file_path": "/media/NFS/ttao/scannet/posed_images/scene0448_00/00319.jpg",
      "transform_matrix": [
        [
          0.265875,
          0.647195,
          -0.714458,
          2.367264
        ],
        [
          0.963425,
          -0.152623,
          0.22027,
          0.790735
        ],
        [
          0.033515,
          -0.74689,
          -0.664102,
          1.409022
        ],
        [
          0.0,
          0.0,
          0.0,
          1.0
        ]
      ]
    },
    {
      "file_path": "/media/NFS/ttao/scannet/posed_images/scene0448_00/00322.jpg",
      "transform_matrix": [
        [
          0.282498,
          0.649402,
          -0.706025,
          2.378082
        ],
        [
          0.958852,
          -0.169487,
          0.227765,
          0.792718
        ],
        [
          0.028249,
          -0.741317,
          -0.67056,
          1.412007
        ],
        [
          0.0,
          0.0,
          0.0,
          1.0
        ]
      ]
    },
    {
      "file_path": "/media/NFS/ttao/scannet/posed_images/scene0448_00/00340.jpg",
      "transform_matrix": [
        [
          0.319187,
          0.686926,
          -0.65288,
          2.446336
        ],
        [
          0.947437,
          -0.215336,
          0.236628,
          0.826467
        ],
        [
          0.021957,
          -0.694092,
          -0.719552,
          1.400491
        ],
        [
          0.0,
          0.0,
          0.0,
          1.0
        ]
      ]
    },
    {
      "file_path": "/media/NFS/ttao/scannet/posed_images/scene0448_00/00349.jpg",
      "transform_matrix": [
        [
          0.354607,
          0.706479,
          -0.612488,
          2.457405
        ],
        [
          0.93472,
          -0.251399,
          0.251189,
          0.833878
        ],
        [
          0.02348,
          -0.661579,
          -0.749508,
          1.390252
        ],
        [
          0.0,
          0.0,
          0.0,
          1.0
        ]
      ]
    },
    {
      "file_path": "/media/NFS/ttao/scannet/posed_images/scene0448_00/00355.jpg",
      "transform_matrix": [
        [
          0.385,
          0.716508,
          -0.581714,
          2.460779
        ],
        [
          0.92264,
          -0.283388,
          0.261584,
          0.838711
        ],
        [
          0.022577,
          -0.637423,
          -0.770184,
          1.385016
        ],
        [
          0.0,
          0.0,
          0.0,
          1.0
        ]
      ]
    },
    {
      "file_path": "/media/NFS/ttao/scannet/posed_images/scene0448_00/00361.jpg",
      "transform_matrix": [
        [
          0.413424,
          0.717942,
          -0.560035,
          2.461591
        ],
        [
          0.910454,
          -0.317567,
          0.264999,
          0.840914
        ],
        [
          0.012405,
          -0.619444,
          -0.784943,
          1.378535
        ],
        [
          0.0,
          0.0,
          0.0,
          1.0
        ]
      ]
    },
    {
      "file_path": "/media/NFS/ttao/scannet/posed_images/scene0448_00/00379.jpg",
      "transform_matrix": [
        [
          0.469464,
          0.728624,
          -0.498709,
          2.466165
        ],
        [
          0.882918,
          -0.38247,
          0.272346,
          0.859782
        ],
        [
          0.007697,
          -0.568176,
          -0.822871,
          1.364108
        ],
        [
          0.0,
          0.0,
          0.0,
          1.0
        ]
      ]
    },
    {
      "file_path": "/media/NFS/ttao/scannet/posed_images/scene0448_00/00388.jpg",
      "transform_matrix": [
        [
          0.496073,
          0.726205,
          -0.475961,
          2.466523
        ],
        [
          0.868271,
          -0.412218,
          0.276011,
          0.868615
        ],
        [
          0.00424,
          -0.550184,
          -0.835032,
          1.362613
        ],
        [
          0.0,
          0.0,
          0.0,
          1.0
        ]
      ]
    },
    {
      "file_path": "/media/NFS/ttao/scannet/posed_images/scene0448_00/00391.jpg",
      "transform_matrix": [
        [
          0.500928,
          0.726043,
          -0.471098,
          2.464244
        ],
        [
          0.865481,
          -0.417948,
          0.276153,
          0.870389
        ],
        [
          0.003604,
          -0.546059,
          -0.837739,
          1.362275
        ],
        [
          0.0,
          0.0,
          0.0,
          1.0
        ]
      ]
    },
    {
      "file_path": "/media/NFS/ttao/scannet/posed_images/scene0448_00/00404.jpg",
      "transform_matrix": [
        [
          0.543006,
          0.706519,
          -0.453846,
          2.453096
        ],
        [
          0.839675,
          -0.450712,
          0.302993,
          0.88005
        ],
        [
          0.009517,
          -0.545609,
          -0.837986,
          1.365545
        ],
        [
          0.0,
          0.0,
          0.0,
          1.0
        ]
      ]
    },
    {
      "file_path": "/media/NFS/ttao/scannet/posed_images/scene0448_00/00416.jpg",
      "transform_matrix": [
        [
          0.595693,
          0.662936,
          -0.453504,
          2.424366
        ],
        [
          0.80317,
          -0.485846,
          0.344777,
          0.884131
        ],
        [
          0.008232,
          -0.569622,
          -0.821866,
          1.373367
        ],
        [
          0.0,
          0.0,
          0.0,
          1.0
        ]
      ]
    },
    {
      "file_path": "/media/NFS/ttao/scannet/posed_images/scene0448_00/00425.jpg",
      "transform_matrix": [
        [
          0.647845,
          0.616847,
          -0.446987,
          2.397201
        ],
        [
          0.76175,
          -0.529059,
          0.373942,
          0.887865
        ],
        [
          -0.005818,
          -0.582749,
          -0.812631,
          1.377585
        ],
        [
          0.0,
          0.0,
          0.0,
          1.0
        ]
      ]
    },
    {
      "file_path": "/media/NFS/ttao/scannet/posed_images/scene0448_00/00434.jpg",
      "transform_matrix": [
        [
          0.691455,
          0.573641,
          -0.439121,
          2.373807
        ],
        [
          0.722112,
          -0.566561,
          0.396941,
          0.895592
        ],
        [
          -0.021088,
          -0.591561,
          -0.805984,
          1.378402
        ],
        [
          0.0,
          0.0,
          0.0,
          1.0
        ]
      ]
    },
    {
      "file_path": "/media/NFS/ttao/scannet/posed_images/scene0448_00/00446.jpg",
      "transform_matrix": [
        [
          0.751822,
          0.523674,
          -0.400662,
          2.323501
        ],
        [
          0.659025,
          -0.616342,
          0.431054,
          0.942471
        ],
        [
          -0.021213,
          -0.588123,
          -0.808494,
          1.3725
        ],
        [
          0.0,
          0.0,
          0.0,
          1.0
        ]
      ]
    },
    {
      "file_path": "/media/NFS/ttao/scannet/posed_images/scene0448_00/00458.jpg",
      "transform_matrix": [
        [
          0.794827,
          0.471597,
          -0.381898,
          2.273546
        ],
        [
          0.605556,
          -0.657236,
          0.448712,
          1.005854
        ],
        [
          -0.039386,
          -0.58791,
          -0.807967,
          1.388471
        ],
        [
          0.0,
          0.0,
          0.0,
          1.0
        ]
      ]
    },
    {
      "file_path": "/media/NFS/ttao/scannet/posed_images/scene0448_00/00470.jpg",
      "transform_matrix": [
        [
          0.841913,
          0.406658,
          -0.354701,
          2.246992
        ],
        [
          0.537402,
          -0.691326,
          0.482978,
          1.029742
        ],
        [
          -0.048807,
          -0.597242,
          -0.800575,
          1.394288
        ],
        [
          0.0,
          0.0,
          0.0,
          1.0
        ]
      ]
    },
    {
      "file_path": "/media/NFS/ttao/scannet/posed_images/scene0448_00/00479.jpg",
      "transform_matrix": [
        [
          0.886467,
          0.333575,
          -0.320788,
          2.225004
        ],
        [
          0.458192,
          -0.730094,
          0.506973,
          1.025111
        ],
        [
          -0.065092,
          -0.596397,
          -0.800046,
          1.402603
        ],
        [
          0.0,
          0.0,
          0.0,
          1.0
        ]
      ]
    },
    {
      "file_path": "/media/NFS/ttao/scannet/posed_images/scene0448_00/00488.jpg",
      "transform_matrix": [
        [
          0.9124,
          0.273487,
          -0.30452,
          2.209652
        ],
        [
          0.400976,
          -0.746541,
          0.530938,
          1.011746
        ],
        [
          -0.082132,
          -0.606533,
          -0.790805,
          1.4097
        ],
        [
          0.0,
          0.0,
          0.0,
          1.0
        ]
      ]
    },
    {
      "file_path": "/media/NFS/ttao/scannet/posed_images/scene0448_00/00501.jpg",
      "transform_matrix": [
        [
          0.927766,
          0.223617,
          -0.298741,
          2.197781
        ],
        [
          0.359687,
          -0.749085,
          0.556325,
          1.000742
        ],
        [
          -0.099378,
          -0.623592,
          -0.775408,
          1.418263
        ],
        [
          0.0,
          0.0,
          0.0,
          1.0
        ]
      ]
    },
    {
      "file_path": "/media/NFS/ttao/scannet/posed_images/scene0448_00/00507.jpg",
      "transform_matrix": [
        [
          0.932859,
          0.211317,
          -0.291754,
          2.197123
        ],
        [
          0.345909,
          -0.751621,
          0.561616,
          1.0008
        ],
        [
          -0.100609,
          -0.624829,
          -0.774252,
          1.418735
        ],
        [
          0.0,
          0.0,
          0.0,
          1.0
        ]
      ]
    },
    {
      "file_path": "/media/NFS/ttao/scannet/posed_images/scene0448_00/00522.jpg",
      "transform_matrix": [
        [
          0.948905,
          0.200342,
          -0.243808,
          2.189812
        ],
        [
          0.308508,
          -0.751408,
          0.583274,
          0.992612
        ],
        [
          -0.066344,
          -0.628689,
          -0.774822,
          1.41929
        ],
        [
          0.0,
          0.0,
          0.0,
          1.0
        ]
      ]
    },
    {
      "file_path": "/media/NFS/ttao/scannet/posed_images/scene0448_00/00525.jpg",
      "transform_matrix": [
        [
          0.951111,
          0.198312,
          -0.236772,
          2.18477
        ],
        [
          0.302612,
          -0.751674,
          0.586015,
          0.986508
        ],
        [
          -0.061762,
          -0.629015,
          -0.774936,
          1.419238
        ],
        [
          0.0,
          0.0,
          0.0,
          1.0
        ]
      ]
    },
    {
      "file_path": "/media/NFS/ttao/scannet/posed_images/scene0448_00/00540.jpg",
      "transform_matrix": [
        [
          0.967237,
          0.191234,
          -0.16698,
          2.139503
        ],
        [
          0.253433,
          -0.766134,
          0.590601,
          0.946222
        ],
        [
          -0.014986,
          -0.61357,
          -0.789498,
          1.409078
        ],
        [
          0.0,
          0.0,
          0.0,
          1.0
        ]
      ]
    },
    {
      "file_path": "/media/NFS/ttao/scannet/posed_images/scene0448_00/00546.jpg",
      "transform_matrix": [
        [
          0.971076,
          0.179654,
          -0.157282,
          2.112524
        ],
        [
          0.238242,
          -0.772974,
          0.588007,
          0.951142
        ],
        [
          -0.015937,
          -0.60847,
          -0.793417,
          1.406004
        ],
        [
          0.0,
          0.0,
          0.0,
          1.0
        ]
      ]
    },
    {
      "file_path": "/media/NFS/ttao/scannet/posed_images/scene0448_00/00558.jpg",
      "transform_matrix": [
        [
          0.978394,
          0.144787,
          -0.147588,
          2.043985
        ],
        [
          0.205173,
          -0.767945,
          0.606766,
          0.999748
        ],
        [
          -0.025487,
          -0.623937,
          -0.781059,
          1.415284
        ],
        [
          0.0,
          0.0,
          0.0,
          1.0
        ]
      ]
    },
    {
      "file_path": "/media/NFS/ttao/scannet/posed_images/scene0448_00/00564.jpg",
      "transform_matrix": [
        [
          0.97728,
          0.159915,
          -0.139111,
          2.002795
        ],
        [
          0.21153,
          -0.777357,
          0.592428,
          1.022239
        ],
        [
          -0.013401,
          -0.608394,
          -0.793522,
          1.413564
        ],
        [
          0.0,
          0.0,
          0.0,
          1.0
        ]
      ]
    },
    {
      "file_path": "/media/NFS/ttao/scannet/posed_images/scene0448_00/00573.jpg",
      "transform_matrix": [
        [
          0.976879,
          0.176374,
          -0.120836,
          1.936002
        ],
        [
          0.213692,
          -0.787812,
          0.577658,
          1.033063
        ],
        [
          0.006688,
          -0.590123,
          -0.807286,
          1.406337
        ],
        [
          0.0,
          0.0,
          0.0,
          1.0
        ]
      ]
    },
    {
      "file_path": "/media/NFS/ttao/scannet/posed_images/scene0448_00/00592.jpg",
      "transform_matrix": [
        [
          0.990263,
          0.114794,
          -0.078757,
          1.725963
        ],
        [
          0.139209,
          -0.812462,
          0.566151,
          0.994198
        ],
        [
          0.001003,
          -0.571602,
          -0.820531,
          1.396995
        ],
        [
          0.0,
          0.0,
          0.0,
          1.0
        ]
      ]
    },
    {
      "file_path": "/media/NFS/ttao/scannet/posed_images/scene0448_00/00601.jpg",
      "transform_matrix": [
        [
          0.996492,
          0.080958,
          -0.021233,
          1.658436
        ],
        [
          0.078814,
          -0.822285,
          0.563592,
          1.003242
        ],
        [
          0.028168,
          -0.563288,
          -0.825781,
          1.386832
        ],
        [
          0.0,
          0.0,
          0.0,
          1.0
        ]
      ]
    },
    {
      "file_path": "/media/NFS/ttao/scannet/posed_images/scene0448_00/00604.jpg",
      "transform_matrix": [
        [
          0.997693,
          0.067577,
          -0.006586,
          1.637798
        ],
        [
          0.059275,
          -0.81958,
          0.569891,
          1.013751
        ],
        [
          0.033114,
          -0.568966,
          -0.821694,
          1.384232
        ],
        [
          0.0,
          0.0,
          0.0,
          1.0
        ]
      ]
    },
    {
      "file_path": "/media/NFS/ttao/scannet/posed_images/scene0448_00/00622.jpg",
      "transform_matrix": [
        [
          0.999725,
          -0.012164,
          0.020075,
          1.522068
        ],
        [
          -0.020817,
          -0.854641,
          0.518801,
          1.130883
        ],
        [
          0.010846,
          -0.519076,
          -0.854659,
          1.373764
        ],
        [
          0.0,
          0.0,
          0.0,
          1.0
        ]
      ]
    },
    {
      "file_path": "/media/NFS/ttao/scannet/posed_images/scene0448_00/00628.jpg",
      "transform_matrix": [
        [
          0.998235,
          -0.043274,
          0.040683,
          1.497687
        ],
        [
          -0.05814,
          -0.851982,
          0.520332,
          1.146492
        ],
        [
          0.012145,
          -0.521779,
          -0.852994,
          1.37443
        ],
        [
          0.0,
          0.0,
          0.0,
          1.0
        ]
      ]
    },
    {
      "file_path": "/media/NFS/ttao/scannet/posed_images/scene0448_00/00634.jpg",
      "transform_matrix": [
        [
          0.993309,
          -0.085416,
          0.07773,
          1.471119
        ],
        [
          -0.113225,
          -0.852888,
          0.509669,
          1.153423
        ],
        [
          0.022761,
          -0.515059,
          -0.856852,
          1.371801
        ],
        [
          0.0,
          0.0,
          0.0,
          1.0
        ]
      ]
    },
    {
      "file_path": "/media/NFS/ttao/scannet/posed_images/scene0448_00/00646.jpg",
      "transform_matrix": [
        [
          0.964525,
          -0.207461,
          0.163256,
          1.373227
        ],
        [
          -0.26234,
          -0.82234,
          0.50491,
          1.140304
        ],
        [
          0.029503,
          -0.529827,
          -0.847593,
          1.377071
        ],
        [
          0.0,
          0.0,
          0.0,
          1.0
        ]
      ]
    },
    {
      "file_path": "/media/NFS/ttao/scannet/posed_images/scene0448_00/00658.jpg",
      "transform_matrix": [
        [
          0.943646,
          -0.282492,
          0.172425,
          1.323387
        ],
        [
          -0.33086,
          -0.817819,
          0.470853,
          1.104641
        ],
        [
          0.008,
          -0.501368,
          -0.865197,
          1.369864
        ],
        [
          0.0,
          0.0,
          0.0,
          1.0
        ]
      ]
    },
    {
      "file_path": "/media/NFS/ttao/scannet/posed_images/scene0448_00/00664.jpg",
      "transform_matrix": [
        [
          0.945625,
          -0.283183,
          0.160004,
          1.323888
        ],
        [
          -0.325258,
          -0.82514,
          0.461899,
          1.09392
        ],
        [
          0.001224,
          -0.488826,
          -0.87238,
          1.360573
        ],
        [
          0.0,
          0.0,
          0.0,
          1.0
        ]
      ]
    },
    {
      "file_path": "/media/NFS/ttao/scannet/posed_images/scene0448_00/00680.jpg",
      "transform_matrix": [
        [
          0.974946,
          -0.211291,
          0.06954,
          1.300775
        ],
        [
          -0.219736,
          -0.866215,
          0.448762,
          1.051139
        ],
        [
          -0.034583,
          -0.452799,
          -0.890942,
          1.330776
        ],
        [
          0.0,
          0.0,
          0.0,
          1.0
        ]
      ]
    },
    {
      "file_path": "/media/NFS/ttao/scannet/posed_images/scene0448_00/00686.jpg",
      "transform_matrix": [
        [
          0.975448,
          -0.207126,
          0.074839,
          1.263679
        ],
        [
          -0.217425,
          -0.851623,
          0.476933,
          1.027669
        ],
        [
          -0.03505,
          -0.481495,
          -0.875748,
          1.333884
        ],
        [
          0.0,
          0.0,
          0.0,
          1.0
        ]
      ]
    },
    {
      "file_path": "/media/NFS/ttao/scannet/posed_images/scene0448_00/00704.jpg",
      "transform_matrix": [
        [
          0.978263,
          -0.182901,
          0.097716,
          1.087455
        ],
        [
          -0.20723,
          -0.845077,
          0.492849,
          0.944704
        ],
        [
          -0.007565,
          -0.502386,
          -0.864611,
          1.303526
        ],
        [
          0.0,
          0.0,
          0.0,
          1.0
        ]
      ]
    },
    {
      "file_path": "/media/NFS/ttao/scannet/posed_images/scene0448_00/00713.jpg",
      "transform_matrix": [
        [
          0.972846,
          -0.187195,
          0.136123,
          1.041347
        ],
        [
          -0.229942,
          -0.84881,
          0.476076,
          0.921122
        ],
        [
          0.026424,
          -0.494449,
          -0.868805,
          1.281574
        ],
        [
          0.0,
          0.0,
          0.0,
          1.0
        ]
      ]
    },
    {
      "file_path": "/media/NFS/ttao/scannet/posed_images/scene0448_00/00716.jpg",
      "transform_matrix": [
        [
          0.969946,
          -0.196793,
          0.143105,
          1.031742
        ],
        [
          -0.241819,
          -0.844922,
          0.477106,
          0.914747
        ],
        [
          0.027022,
          -0.497372,
          -0.867116,
          1.277128
        ],
        [
          0.0,
          0.0,
          0.0,
          1.0
        ]
      ]
    },
    {
      "file_path": "/media/NFS/ttao/scannet/posed_images/scene0448_00/00731.jpg",
      "transform_matrix": [
        [
          0.971264,
          -0.190937,
          0.142093,
          0.978184
        ],
        [
          -0.236768,
          -0.835964,
          0.495082,
          0.882417
        ],
        [
          0.024255,
          -0.514498,
          -0.857149,
          1.252273
        ],
        [
          0.0,
          0.0,
          0.0,
          1.0
        ]
      ]
    },
    {
      "file_path": "/media/NFS/ttao/scannet/posed_images/scene0448_00/00743.jpg",
      "transform_matrix": [
        [
          0.989401,
          -0.116513,
          0.086673,
          0.932569
        ],
        [
          -0.144775,
          -0.837864,
          0.52633,
          0.858949
        ],
        [
          0.011296,
          -0.533299,
          -0.845851,
          1.249099
        ],
        [
          0.0,
          0.0,
          0.0,
          1.0
        ]
      ]
    },
    {
      "file_path": "/media/NFS/ttao/scannet/posed_images/scene0448_00/00746.jpg",
      "transform_matrix": [
        [
          0.993377,
          -0.09265,
          0.067956,
          0.923459
        ],
        [
          -0.114643,
          -0.838734,
          0.532336,
          0.851408
        ],
        [
          0.007676,
          -0.536601,
          -0.843801,
          1.2505
        ],
        [
          0.0,
          0.0,
          0.0,
          1.0
        ]
      ]
    },
    {
      "file_path": "/media/NFS/ttao/scannet/posed_images/scene0448_00/00762.jpg",
      "transform_matrix": [
        [
          0.996143,
          0.045655,
          -0.07493,
          0.939283
        ],
        [
          0.079483,
          -0.831243,
          0.550197,
          0.790554
        ],
        [
          -0.037166,
          -0.554031,
          -0.831666,
          1.282843
        ],
        [
          0.0,
          0.0,
          0.0,
          1.0
        ]
      ]
    },
    {
      "file_path": "/media/NFS/ttao/scannet/posed_images/scene0448_00/00768.jpg",
      "transform_matrix": [
        [
          0.987009,
          0.110214,
          -0.116907,
          0.955601
        ],
        [
          0.156438,
          -0.825107,
          0.542886,
          0.755727
        ],
        [
          -0.036627,
          -0.554122,
          -0.831629,
          1.291583
        ],
        [
          0.0,
          0.0,
          0.0,
          1.0
        ]
      ]
    },
    {
      "file_path": "/media/NFS/ttao/scannet/posed_images/scene0448_00/00777.jpg",
      "transform_matrix": [
        [
          0.976879,
          0.153429,
          -0.148886,
          0.937731
        ],
        [
          0.210502,
          -0.811991,
          0.544389,
          0.711893
        ],
        [
          -0.037369,
          -0.563143,
          -0.825514,
