{
  "frames": [
    {
      "file_path": "/media/NFS/ttao/scannet/posed_images/scene0155_00/00000.jpg",
      "transform_matrix": [
        [
          0.931668,
          0.072515,
          -0.356001,
          5.886859
        ],
        [
          0.362912,
          -0.231685,
          0.902561,
          3.543659
        ],
        [
          -0.017031,
          -0.970084,
          -0.24217,
          1.354971
        ],
        [
          0.0,
          0.0,
          0.0,
          1.0
        ]
      ]
    },
    {
      "file_path": "/media/NFS/ttao/scannet/posed_images/scene0155_00/00008.jpg",
      "transform_matrix": [
        [
          0.931995,
          0.085338,
          -0.352283,
          5.85803
        ],
        [
          0.362348,
          -0.244755,
          0.899333,
          3.556946
        ],
        [
          -0.009476,
          -0.965822,
          -0.259033,
          1.350708
        ],
        [
          0.0,
          0.0,
          0.0,
          1.0
        ]
      ]
    },
    {
      "file_path": "/media/NFS/ttao/scannet/posed_images/scene0155_00/00019.jpg",
      "transform_matrix": [
        [
          0.939207,
          0.079641,
          -0.333988,
          5.781651
        ],
        [
          0.343345,
          -0.211637,
          0.915054,
          3.613145
        ],
        [
          0.002192,
          -0.974098,
          -0.226115,
          1.371556
        ],
        [
          0.0,
          0.0,
          0.0,
          1.0
        ]
      ]
    },
    {
      "file_path": "/media/NFS/ttao/scannet/posed_images/scene0155_00/00024.jpg",
      "transform_matrix": [
        [
          0.936358,
          0.086343,
          -0.340263,
          5.739383
        ],
        [
          0.351035,
          -0.222283,
          0.909596,
          3.663172
        ],
        [
          0.002902,
          -0.971152,
          -0.238446,
          1.377215
        ],
        [
          0.0,
          0.0,
          0.0,
          1.0
        ]
      ]
    },
    {
      "file_path": "/media/NFS/ttao/scannet/posed_images/scene0155_00/00035.jpg",
      "transform_matrix": [
        [
          0.92876,
          0.088825,
          -0.359883,
          5.642002
        ],
        [
          0.3706,
          -0.24292,
          0.896463,
          3.755889
        ],
        [
          -0.007795,
          -0.965971,
          -0.258533,
          1.343295
        ],
        [
          0.0,
          0.0,
          0.0,
          1.0
        ]
      ]
    },
    {
      "file_path": "/media/NFS/ttao/scannet/posed_images/scene0155_00/00043.jpg",
      "transform_matrix": [
        [
          0.929432,
          0.132573,
          -0.344355,
          5.581281
        ],
        [
          0.368726,
          -0.298181,
          0.880414,
          3.758328
        ],
        [
          0.01404,
          -0.945258,
          -0.326022,
          1.289013
        ],
        [
          0.0,
          0.0,
          0.0,
          1.0
        ]
      ]
    },
    {
      "file_path": "/media/NFS/ttao/scannet/posed_images/scene0155_00/00051.jpg",
      "transform_matrix": [
        [
          0.930563,
          0.126078,
          -0.34374,
          5.539169
        ],
        [
          0.366091,
          -0.33435,
          0.86844,
          3.711687
        ],
        [
          -0.005439,
          -0.933978,
          -0.35729,
          1.260009
        ],
        [
          0.0,
          0.0,
          0.0,
          1.0
        ]
      ]
    },
    {
      "file_path": "/media/NFS/ttao/scannet/posed_images/scene0155_00/00065.jpg",
      "transform_matrix": [
        [
          0.963833,
          0.106321,
          -0.244382,
          5.584176
        ],
        [
          0.266467,
          -0.400748,
          0.876582,
          3.664787
        ],
        [
          -0.004737,
          -0.909998,
          -0.414585,
          1.219471
        ],
        [
          0.0,
          0.0,
          0.0,
          1.0
        ]
      ]
    },
    {
      "file_path": "/media/NFS/ttao/scannet/posed_images/scene0155_00/00070.jpg",
      "transform_matrix": [
        [
          0.972053,
          0.077332,
          -0.221658,
          5.637477
        ],
        [
          0.233342,
          -0.421926,
          0.876088,
          3.637483
        ],
        [
          -0.025774,
          -0.903326,
          -0.42818,
          1.224037
        ],
        [
          0.0,
          0.0,
          0.0,
          1.0
        ]
      ]
    },
    {
      "file_path": "/media/NFS/ttao/scannet/posed_images/scene0155_00/00078.jpg",
      "transform_matrix": [
        [
          0.983507,
          0.013964,
          -0.180328,
          5.765659
        ],
        [
          0.168962,
          -0.426693,
          0.888474,
          3.567294
        ],
        [
          -0.064538,
          -0.904289,
          -0.422015,
          1.237767
        ],
        [
          0.0,
          0.0,
          0.0,
          1.0
        ]
      ]
    },
    {
      "file_path": "/media/NFS/ttao/scannet/posed_images/scene0155_00/00089.jpg",
      "transform_matrix": [
        [
          0.998384,
          -0.021147,
          -0.052758,
          5.906191
        ],
        [
          0.037438,
          -0.453757,
          0.890339,
          3.493145
        ],
        [
          -0.042767,
          -0.890875,
          -0.452232,
          1.248989
        ],
        [
          0.0,
          0.0,
          0.0,
          1.0
        ]
      ]
    },
    {
      "file_path": "/media/NFS/ttao/scannet/posed_images/scene0155_00/00100.jpg",
      "transform_matrix": [
        [
          0.997671,
          -0.064374,
          0.022563,
          6.030593
        ],
        [
          -0.047377,
          -0.415939,
          0.908158,
          3.48441
        ],
        [
          -0.049077,
          -0.907111,
          -0.41802,
          1.262633
        ],
        [
          0.0,
          0.0,
          0.0,
          1.0
        ]
      ]
    },
    {
      "file_path": "/media/NFS/ttao/scannet/posed_images/scene0155_00/00105.jpg",
      "transform_matrix": [
        [
          0.99561,
          -0.079157,
          0.049955,
          6.036256
        ],
        [
          -0.077579,
          -0.399216,
          0.913569,
          3.499991
        ],
        [
          -0.052373,
          -0.913434,
          -0.403604,
          1.268474
        ],
        [
          0.0,
          0.0,
          0.0,
          1.0
        ]
      ]
    },
    {
      "file_path": "/media/NFS/ttao/scannet/posed_images/scene0155_00/00116.jpg",
      "transform_matrix": [
        [
          0.989707,
          -0.104413,
          0.097868,
          6.031408
        ],
        [
          -0.129527,
          -0.362784,
          0.922828,
          3.587028
        ],
        [
          -0.06085,
          -0.926005,
          -0.372574,
          1.285167
        ],
        [
          0.0,
          0.0,
          0.0,
          1.0
        ]
      ]
    },
    {
      "file_path": "/media/NFS/ttao/scannet/posed_images/scene0155_00/00124.jpg",
      "transform_matrix": [
        [
          0.983079,
          -0.10585,
          0.149505,
          6.049839
        ],
        [
          -0.17835,
          -0.366839,
          0.913028,
          3.65889
        ],
        [
          -0.0418,
          -0.924243,
          -0.37951,
          1.283782
        ],
        [
          0.0,
          0.0,
          0.0,
          1.0
        ]
      ]
    },
    {
      "file_path": "/media/NFS/ttao/scannet/posed_images/scene0155_00/00132.jpg",
      "transform_matrix": [
        [
          0.987083,
          -0.069033,
          0.144574,
          6.1225
        ],
        [
          -0.159796,
          -0.359413,
          0.919395,
          3.701448
        ],
        [
          -0.011506,
          -0.930622,
          -0.365802,
          1.285293
        ],
        [
          0.0,
          0.0,
          0.0,
          1.0
        ]
      ]
    },
    {
      "file_path": "/media/NFS/ttao/scannet/posed_images/scene0155_00/00143.jpg",
      "transform_matrix": [
        [
          0.999973,
          0.006471,
          -0.00337,
          6.340893
        ],
        [
          0.005516,
          -0.368119,
          0.929762,
          3.747514
        ],
        [
          0.004776,
          -0.929756,
          -0.368145,
          1.299012
        ],
        [
          0.0,
          0.0,
          0.0,
          1.0
        ]
      ]
    },
    {
      "file_path": "/media/NFS/ttao/scannet/posed_images/scene0155_00/00151.jpg",
      "transform_matrix": [
        [
          0.999909,
          0.001901,
          -0.013345,
          6.460948
        ],
        [
          0.01298,
          -0.402809,
          0.915192,
          3.777891
        ],
        [
          -0.003635,
          -0.915282,
          -0.402798,
          1.282258
        ],
        [
          0.0,
          0.0,
          0.0,
          1.0
        ]
      ]
    },
    {
      "file_path": "/media/NFS/ttao/scannet/posed_images/scene0155_00/00167.jpg",
      "transform_matrix": [
        [
          0.99563,
          -0.087069,
          0.033764,
          6.558666
        ],
        [
          -0.073938,
          -0.514099,
          0.854538,
          3.831369
        ],
        [
          -0.057046,
          -0.8533,
          -0.51829,
          1.210307
        ],
        [
          0.0,
          0.0,
          0.0,
          1.0
        ]
      ]
    },
    {
      "file_path": "/media/NFS/ttao/scannet/posed_images/scene0155_00/00170.jpg",
      "transform_matrix": [
        [
          0.996352,
          -0.075568,
          0.039645,
          6.555603
        ],
        [
          -0.072891,
          -0.512041,
          0.855863,
          3.841672
        ],
        [
          -0.044376,
          -0.85563,
          -0.515682,
          1.218844
        ],
        [
          0.0,
          0.0,
          0.0,
          1.0
        ]
      ]
    },
    {
      "file_path": "/media/NFS/ttao/scannet/posed_images/scene0155_00/00183.jpg",
      "transform_matrix": [
        [
          0.999989,
          -0.004006,
          0.002518,
          6.521411
        ],
        [
          -0.004041,
          -0.44644,
          0.894805,
          3.924322
        ],
        [
          -0.002461,
          -0.894805,
          -0.446451,
          1.274816
        ],
        [
          0.0,
          0.0,
          0.0,
          1.0
        ]
      ]
    },
    {
      "file_path": "/media/NFS/ttao/scannet/posed_images/scene0155_00/00189.jpg",
      "transform_matrix": [
        [
          0.998954,
          0.015263,
          0.043097,
          6.504652
        ],
        [
          -0.032937,
          -0.413521,
          0.909899,
          4.003112
        ],
        [
          0.03171,
          -0.910367,
          -0.412586,
          1.302343
        ],
        [
          0.0,
          0.0,
          0.0,
          1.0
        ]
      ]
    },
    {
      "file_path": "/media/NFS/ttao/scannet/posed_images/scene0155_00/00199.jpg",
      "transform_matrix": [
        [
          0.996564,
          -0.025767,
          0.078722,
          6.502435
        ],
        [
          -0.082748,
          -0.352384,
          0.93219,
          4.121111
        ],
        [
          0.003721,
          -0.935501,
          -0.353305,
          1.331777
        ],
        [
          0.0,
          0.0,
          0.0,
          1.0
        ]
      ]
    },
    {
      "file_path": "/media/NFS/ttao/scannet/posed_images/scene0155_00/00205.jpg",
      "transform_matrix": [
        [
          0.998798,
          -0.017766,
          0.045682,
          6.52191
        ],
        [
          -0.049011,
          -0.372318,
          0.92681,
          4.174746
        ],
        [
          0.000543,
          -0.927935,
          -0.372741,
          1.323799
        ],
        [
          0.0,
          0.0,
          0.0,
          1.0
        ]
      ]
    },
    {
      "file_path": "/media/NFS/ttao/scannet/posed_images/scene0155_00/00221.jpg",
      "transform_matrix": [
        [
          0.99298,
          0.090481,
          -0.076179,
          6.695218
        ],
        [
          0.106338,
          -0.400907,
          0.909926,
          4.321788
        ],
        [
          0.05179,
          -0.91164,
          -0.407715,
          1.329255
        ],
        [
          0.0,
          0.0,
          0.0,
          1.0
        ]
      ]
    },
    {
      "file_path": "/media/NFS/ttao/scannet/posed_images/scene0155_00/00224.jpg",
      "transform_matrix": [
        [
          0.991716,
          0.100202,
          -0.080372,
          6.716567
        ],
        [
          0.114217,
          -0.401572,
          0.908677,
          4.349906
        ],
        [
          0.058776,
          -0.910329,
          -0.40969,
          1.331244
        ],
        [
          0.0,
          0.0,
          0.0,
          1.0
        ]
      ]
    },
    {
      "file_path": "/media/NFS/ttao/scannet/posed_images/scene0155_00/00237.jpg",
      "transform_matrix": [
        [
          0.990338,
          0.12977,
          -0.048894,
          6.763957
        ],
        [
          0.099358,
          -0.418032,
          0.902983,
          4.504591
        ],
        [
          0.096741,
          -0.899116,
          -0.426886,
          1.311425
        ],
        [
          0.0,
          0.0,
          0.0,
          1.0
        ]
      ]
    },
    {
      "file_path": "/media/NFS/ttao/scannet/posed_images/scene0155_00/00240.jpg",
      "transform_matrix": [
        [
          0.989058,
          0.137018,
          -0.05468,
          6.773963
        ],
        [
          0.108244,
          -0.422181,
          0.900026,
          4.547362
        ],
        [
          0.100235,
          -0.896097,
          -0.432393,
          1.308848
        ],
        [
          0.0,
          0.0,
          0.0,
          1.0
        ]
      ]
    },
    {
      "file_path": "/media/NFS/ttao/scannet/posed_images/scene0155_00/00256.jpg",
      "transform_matrix": [
        [
          0.986318,
          0.139654,
          -0.087604,
          6.872338
        ],
        [
          0.14142,
          -0.443652,
          0.884971,
          4.702829
        ],
        [
          0.084724,
          -0.885251,
          -0.457331,
          1.31528
        ],
        [
          0.0,
          0.0,
          0.0,
          1.0
        ]
      ]
    },
    {
      "file_path": "/media/NFS/ttao/scannet/posed_images/scene0155_00/00261.jpg",
      "transform_matrix": [
        [
          0.976664,
          0.153652,
          -0.150064,
          6.939254
        ],
        [
          0.203062,
          -0.433037,
          0.878206,
          4.733025
        ],
        [
          0.069955,
          -0.888184,
          -0.454132,
          1.32027
        ],
        [
          0.0,
          0.0,
          0.0,
          1.0
        ]
      ]
    },
    {
      "file_path": "/media/NFS/ttao/scannet/posed_images/scene0155_00/00275.jpg",
      "transform_matrix": [
        [
          0.891121,
          0.1137,
          -0.439291,
          7.146393
        ],
        [
          0.451653,
          -0.315575,
          0.834519,
          4.818648
        ],
        [
          -0.043745,
          -0.942064,
          -0.332568,
          1.385624
        ],
        [
          0.0,
          0.0,
          0.0,
          1.0
        ]
      ]
    },
    {
      "file_path": "/media/NFS/ttao/scannet/posed_images/scene0155_00/00283.jpg",
      "transform_matrix": [
        [
          0.877181,
          0.098799,
          -0.469886,
          7.192679
        ],
        [
          0.476712,
          -0.296275,
          0.827628,
          4.851521
        ],
        [
          -0.057447,
          -0.949979,
          -0.306985,
          1.387502
        ],
        [
          0.0,
          0.0,
          0.0,
          1.0
        ]
      ]
    },
    {
      "file_path": "/media/NFS/ttao/scannet/posed_images/scene0155_00/00288.jpg",
      "transform_matrix": [
        [
          0.869347,
          0.089906,
          -0.485955,
          7.197538
        ],
        [
          0.490524,
          -0.276719,
          0.826325,
          4.866922
        ],
        [
          -0.060181,
          -0.956736,
          -0.284666,
          1.399932
        ],
        [
          0.0,
          0.0,
          0.0,
          1.0
        ]
      ]
    },
    {
      "file_path": "/media/NFS/ttao/scannet/posed_images/scene0155_00/00296.jpg",
      "transform_matrix": [
        [
          0.859622,
          0.073233,
          -0.505656,
          7.18295
        ],
        [
          0.508382,
          -0.221333,
          0.832202,
          4.883961
        ],
        [
          -0.050974,
          -0.972445,
          -0.227493,
          1.421329
        ],
        [
          0.0,
          0.0,
          0.0,
          1.0
        ]
      ]
    },
    {
      "file_path": "/media/NFS/ttao/scannet/posed_images/scene0155_00/00310.jpg",
      "transform_matrix": [
        [
          0.891912,
          0.099092,
          -0.441218,
          7.156299
        ],
        [
          0.450847,
          -0.270512,
          0.850623,
          4.938102
        ],
        [
          -0.035065,
          -0.957603,
          -0.285948,
          1.40084
        ],
        [
          0.0,
          0.0,
          0.0,
          1.0
        ]
      ]
    },
    {
      "file_path": "/media/NFS/ttao/scannet/posed_images/scene0155_00/00318.jpg",
      "transform_matrix": [
        [
          0.88308,
          0.121681,
          -0.453171,
          7.147427
        ],
        [
          0.467862,
          -0.301863,
          0.830653,
          4.962318
        ],
        [
          -0.035721,
          -0.945554,
          -0.323499,
          1.390191
        ],
        [
          0.0,
          0.0,
          0.0,
          1.0
        ]
      ]
    },
    {
      "file_path": "/media/NFS/ttao/scannet/posed_images/scene0155_00/00326.jpg",
      "transform_matrix": [
        [
          0.890558,
          0.116028,
          -0.439823,
          7.152997
        ],
        [
          0.450988,
          -0.351277,
          0.820496,
          4.966287
        ],
        [
          -0.059299,
          -0.929054,
          -0.36516,
          1.370124
        ],
        [
          0.0,
          0.0,
          0.0,
          1.0
        ]
      ]
    },
    {
      "file_path": "/media/NFS/ttao/scannet/posed_images/scene0155_00/00337.jpg",
      "transform_matrix": [
        [
          0.90906,
          0.13427,
          -0.394438,
          7.122761
        ],
        [
          0.413994,
          -0.398097,
          0.818614,
          4.935551
        ],
        [
          -0.047109,
          -0.907464,
          -0.417481,
          1.357916
        ],
        [
          0.0,
          0.0,
          0.0,
          1.0
        ]
      ]
    },
    {
      "file_path": "/media/NFS/ttao/scannet/posed_images/scene0155_00/00345.jpg",
      "transform_matrix": [
        [
          0.895524,
          0.180155,
          -0.406916,
          7.046443
        ],
        [
          0.444865,
          -0.338803,
          0.82904,
          4.850373
        ],
        [
          0.011491,
          -0.923448,
          -0.383551,
          1.368247
        ],
        [
          0.0,
          0.0,
          0.0,
          1.0
        ]
      ]
    },
    {
      "file_path": "/media/NFS/ttao/scannet/posed_images/scene0155_00/00348.jpg",
      "transform_matrix": [
        [
          0.900404,
          0.200142,
          -0.386285,
          7.00606
        ],
        [
          0.433244,
          -0.331568,
          0.83807,
          4.80376
        ],
        [
          0.039653,
          -0.921957,
          -0.385256,
          1.367112
        ],
        [
          0.0,
          0.0,
          0.0,
          1.0
        ]
      ]
    },
    {
      "file_path": "/media/NFS/ttao/scannet/posed_images/scene0155_00/00361.jpg",
      "transform_matrix": [
        [
          0.929347,
          0.153112,
          -0.335962,
          6.721193
        ],
        [
          0.367905,
          -0.307688,
          0.877482,
          4.452189
        ],
        [
          0.030981,
          -0.939087,
          -0.34228,
          1.313173
        ],
        [
          0.0,
          0.0,
          0.0,
          1.0
        ]
      ]
    },
    {
      "file_path": "/media/NFS/ttao/scannet/posed_images/scene0155_00/00367.jpg",
      "transform_matrix": [
        [
          0.907479,
          0.169634,
          -0.384326,
          6.613138
        ],
        [
          0.419374,
          -0.312098,
          0.852479,
          4.337032
        ],
        [
          0.024662,
          -0.934783,
          -0.354362,
          1.329336
        ],
        [
          0.0,
          0.0,
          0.0,
          1.0
        ]
      ]
    },
    {
      "file_path": "/media/NFS/ttao/scannet/posed_images/scene0155_00/00377.jpg",
      "transform_matrix": [
        [
          0.928279,
          0.166884,
          -0.332336,
          6.428899
        ],
        [
          0.3705,
          -0.338002,
          0.86515,
          4.246843
        ],
        [
          0.032049,
          -0.926231,
          -0.375591,
          1.311319
        ],
        [
          0.0,
          0.0,
          0.0,
          1.0
        ]
      ]
    },
    {
      "file_path": "/media/NFS/ttao/scannet/posed_images/scene0155_00/00388.jpg",
      "transform_matrix": [
        [
          0.912513,
          0.161358,
          -0.375877,
          6.200319
        ],
        [
          0.408897,
          -0.38481,
          0.827481,
          4.178496
        ],
        [
          -0.01112,
          -0.908782,
          -0.417123,
          1.312826
        ],
        [
          0.0,
          0.0,
          0.0,
          1.0
        ]
      ]
    },
    {
      "file_path": "/media/NFS/ttao/scannet/posed_images/scene0155_00/00393.jpg",
      "transform_matrix": [
        [
          0.90754,
          0.177359,
          -0.380677,
          6.131293
        ],
        [
          0.419898,
          -0.366888,
          0.830108,
          4.145232
        ],
        [
          0.007561,
          -0.913202,
          -0.407438,
          1.322074
        ],
        [
          0.0,
          0.0,
          0.0,
          1.0
        ]
      ]
    },
    {
      "file_path": "/media/NFS/ttao/scannet/posed_images/scene0155_00/00402.jpg",
      "transform_matrix": [
        [
          0.955449,
          0.152342,
          -0.252804,
          6.018634
        ],
        [
          0.292846,
          -0.382277,
          0.876417,
          4.079762
        ],
        [
          0.036873,
          -0.911403,
          -0.409858,
          1.312274
        ],
        [
          0.0,
          0.0,
          0.0,
          1.0
        ]
      ]
    },
    {
      "file_path": "/media/NFS/ttao/scannet/posed_images/scene0155_00/00415.jpg",
      "transform_matrix": [
        [
          0.949644,
          0.127882,
          -0.286045,
          5.852629
        ],
        [
          0.313289,
          -0.372695,
          0.873469,
          3.912103
        ],
        [
          0.005093,
          -0.9191,
          -0.393991,
          1.307524
        ],
        [
          0.0,
          0.0,
          0.0,
          1.0
        ]
      ]
    },
    {
      "file_path": "/media/NFS/ttao/scannet/posed_images/scene0155_00/00423.jpg",
      "transform_matrix": [
        [
          0.971001,
          0.0976,
          -0.218246,
          5.84694
        ],
        [
          0.239075,
          -0.394934,
          0.887057,
          3.854969
        ],
        [
          0.000384,
          -0.913511,
          -0.406815,
          1.300499
        ],
        [
          0.0,
          0.0,
          0.0,
          1.0
        ]
      ]
    },
    {
      "file_path": "/media/NFS/ttao/scannet/posed_images/scene0155_00/00437.jpg",
      "transform_matrix": [
        [
          0.998838,
          -0.002518,
          -0.048127,
          5.876927
        ],
        [
          0.042156,
          -0.438302,
          0.897839,
          3.731046
        ],
        [
          -0.023355,
          -0.898824,
          -0.437687,
          1.289109
        ],
        [
          0.0,
          0.0,
          0.0,
          1.0
        ]
      ]
    },
    {
      "file_path": "/media/NFS/ttao/scannet/posed_images/scene0155_00/00442.jpg",
      "transform_matrix": [
        [
          0.999155,
          -0.033304,
          0.024084,
          5.890303
        ],
        [
          -0.036094,
          -0.430735,
          0.901756,
          3.695587
        ],
        [
          -0.019658,
          -0.901864,
          -0.431573,
          1.29455
        ],
        [
          0.0,
          0.0,
          0.0,
          1.0
        ]
      ]
    },
    {
      "file_path": "/media/NFS/ttao/scannet/posed_images/scene0155_00/00453.jpg",
      "transform_matrix": [
        [
          0.98096,
          -0.101707,
          0.165449,
          5.885533
        ],
        [
          -0.192983,
          -0.414863,
          0.889183,
          3.706225
        ],
        [
          -0.021798,
          -0.904182,
          -0.426591,
          1.300037
        ],
        [
          0.0,
          0.0,
          0.0,
          1.0
        ]
      ]
    },
    {
      "file_path": "/media/NFS/ttao/scannet/posed_images/scene0155_00/00458.jpg",
      "transform_matrix": [
        [
          0.96537,
          -0.127643,
          0.227525,
          5.845927
        ],
        [
          -0.260361,
          -0.416184,
          0.871208,
          3.734889
        ],
        [
          -0.016511,
          -0.900277,
          -0.435005,
          1.295356
        ],
        [
          0.0,
          0.0,
          0.0,
          1.0
        ]
      ]
    },
    {
      "file_path": "/media/NFS/ttao/scannet/posed_images/scene0155_00/00469.jpg",
      "transform_matrix": [
        [
          0.922096,
          -0.165031,
          0.350006,
          5.78938
        ],
        [
          -0.386738,
          -0.423725,
          0.819079,
          3.827921
        ],
        [
          0.013133,
          -0.89063,
          -0.454539,
          1.288851
        ],
        [
          0.0,
          0.0,
          0.0,
          1.0
        ]
      ]
    },
    {
      "file_path": "/media/NFS/ttao/scannet/posed_images/scene0155_00/00474.jpg",
      "transform_matrix": [
        [
          0.894705,
          -0.177929,
          0.409687,
          5.767892
        ],
        [
          -0.445367,
          -0.42504,
          0.788028,
          3.889021
        ],
        [
          0.03392,
          -0.887515,
          -0.459529,
          1.28852
        ],
        [
          0.0,
          0.0,
          0.0,
          1.0
        ]
      ]
    },
    {
      "file_path": "/media/NFS/ttao/scannet/posed_images/scene0155_00/00488.jpg",
      "transform_matrix": [
        [
          0.766197,
          -0.244707,
          0.594189,
          5.69044
        ],
        [
          -0.641781,
          -0.338222,
          0.688276,
          4.070898
        ],
        [
          0.032542,
          -0.908694,
          -0.416193,
          1.300025
        ],
        [
          0.0,
          0.0,
          0.0,
          1.0
        ]
      ]
    },
    {
      "file_path": "/media/NFS/ttao/scannet/posed_images/scene0155_00/00493.jpg",
      "transform_matrix": [
        [
          0.75996,
          -0.252297,
          0.599005,
          5.652336
        ],
        [
          -0.649371,
          -0.334278,
          0.683063,
          4.12838
        ],
        [
          0.027899,
          -0.908077,
          -0.417872,
          1.322154
        ],
        [
          0.0,
          0.0,
          0.0,
          1.0
        ]
      ]
    },
    {
      "file_path": "/media/NFS/ttao/scannet/posed_images/scene0155_00/00507.jpg",
      "transform_matrix": [
        [
          0.517835,
          -0.287203,
          0.80583,
          5.464981
        ],
        [
          -0.855379,
          -0.159341,
          0.492886,
          4.25085
        ],
        [
          -0.013157,
          -0.944524,
          -0.328179,
          1.364042
        ],
        [
          0.0,
          0.0,
          0.0,
          1.0
        ]
      ]
    },
    {
      "file_path": "/media/NFS/ttao/scannet/posed_images/scene0155_00/00512.jpg",
      "transform_matrix": [
        [
          0.441243,
          -0.274835,
          0.854266,
          5.403986
        ],
        [
          -0.897346,
          -0.125974,
          0.422966,
          4.269716
        ],
        [
          -0.008631,
          -0.953203,
          -0.302207,
          1.368088
        ],
        [
          0.0,
          0.0,
          0.0,
          1.0
        ]
      ]
    },
    {
      "file_path": "/media/NFS/ttao/scannet/posed_images/scene0155_00/00526.jpg",
      "transform_matrix": [
        [
          0.247548,
          -0.320729,
          0.91425,
          5.219418
        ],
        [
          -0.968645,
          -0.061345,
          0.240756,
          4.298495
        ],
        [
          -0.021133,
          -0.945182,
          -0.325859,
          1.335621
        ],
        [
          0.0,
          0.0,
          0.0,
          1.0
        ]
      ]
    },
    {
      "file_path": "/media/NFS/ttao/scannet/posed_images/scene0155_00/00528.jpg",
      "transform_matrix": [
        [
          0.219941,
          -0.333081,
          0.916888,
          5.187264
        ],
        [
          -0.975079,
          -0.047006,
          0.216823,
          4.309868
        ],
        [
          -0.029121,
          -0.941726,
          -0.335119,
          1.331886
        ],
        [
          0.0,
          0.0,
          0.0,
          1.0
        ]
      ]
    },
    {
      "file_path": "/media/NFS/ttao/scannet/posed_images/scene0155_00/00542.jpg",
      "transform_matrix": [
        [
          0.057463,
          -0.402489,
          0.913619,
          5.024546
        ],
        [
          -0.997888,
          0.004609,
          0.064794,
          4.419088
        ],
        [
          -0.03029,
          -0.915413,
          -0.401374,
          1.335706
        ],
        [
          0.0,
          0.0,
          0.0,
          1.0
        ]
      ]
    },
    {
      "file_path": "/media/NFS/ttao/scannet/posed_images/scene0155_00/00552.jpg",
      "transform_matrix": [
        [
          -0.068828,
          -0.431055,
          0.899697,
          4.935293
        ],
        [
          -0.996756,
          0.067422,
          -0.043951,
          4.572818
        ],
        [
          -0.041714,
          -0.899803,
          -0.434297,
          1.306132
        ],
        [
          0.0,
          0.0,
          0.0,
          1.0
        ]
      ]
    },
    {
      "file_path": "/media/NFS/ttao/scannet/posed_images/scene0155_00/00561.jpg",
      "transform_matrix": [
        [
          -0.174608,
          -0.501542,
          0.84733,
          4.901255
        ],
        [
          -0.984349,
          0.109753,
          -0.137879,
          4.617763
        ],
        [
          -0.023845,
          -0.858143,
          -0.512856,
          1.295192
        ],
        [
          0.0,
          0.0,
          0.0,
          1.0
        ]
      ]
    },
    {
      "file_path": "/media/NFS/ttao/scannet/posed_images/scene0155_00/00563.jpg",
      "transform_matrix": [
        [
          -0.202224,
          -0.508224,
          0.837146,
          4.895878
        ],
        [
          -0.979191,
          0.119807,
          -0.163803,
          4.619338
        ],
        [
          -0.017048,
          -0.852851,
          -0.521876,
          1.295776
        ],
        [
          0.0,
          0.0,
          0.0,
          1.0
        ]
      ]
    },
    {
      "file_path": "/media/NFS/ttao/scannet/posed_images/scene0155_00/00574.jpg",
      "transform_matrix": [
        [
          -0.327933,
          -0.463513,
          0.823174,
          4.8698
        ],
        [
          -0.944654,
          0.169596,
          -0.280831,
          4.563163
        ],
        [
          -0.009438,
          -0.869709,
          -0.493476,
          1.334818
        ],
        [
          0.0,
          0.0,
          0.0,
          1.0
        ]
      ]
    },
    {
      "file_path": "/media/NFS/ttao/scannet/posed_images/scene0155_00/00588.jpg",
      "transform_matrix": [
        [
          -0.434056,
          -0.351724,
          0.829389,
          4.849425
        ],
        [
          -0.89994,
          0.211473,
          -0.381298,
          4.485368
        ],
        [
          -0.041282,
          -0.911904,
          -0.408321,
          1.392464
        ],
        [
          0.0,
          0.0,
          0.0,
          1.0
        ]
      ]
    },
    {
      "file_path": "/media/NFS/ttao/scannet/posed_images/scene0155_00/00596.jpg",
      "transform_matrix": [
        [
          -0.502911,
          -0.312395,
          0.80591,
          4.863719
        ],
        [
          -0.86314,
          0.230596,
          -0.449238,
          4.477391
        ],
        [
          -0.0455,
          -0.92154,
          -0.38561,
          1.387632
        ],
        [
          0.0,
          0.0,
          0.0,
          1.0
        ]
      ]
    },
    {
      "file_path": "/media/NFS/ttao/scannet/posed_images/scene0155_00/00604.jpg",
      "transform_matrix": [
        [
          -0.560369,
          -0.295136,
          0.773874,
          4.882275
        ],
        [
          -0.827728,
          0.232501,
          -0.510695,
          4.492346
        ],
        [
          -0.029202,
          -0.926735,
          -0.374579,
          1.390664
        ],
        [
          0.0,
          0.0,
          0.0,
          1.0
        ]
      ]
    },
    {
      "file_path": "/media/NFS/ttao/scannet/posed_images/scene0155_00/00612.jpg",
      "transform_matrix": [
        [
          -0.620606,
          -0.283539,
          0.731064,
          4.907322
        ],
        [
          -0.783894,
          0.246871,
          -0.569706,
          4.52345
        ],
        [
          -0.018945,
          -0.926639,
          -0.375474,
          1.378352
        ],
        [
          0.0,
          0.0,
          0.0,
          1.0
        ]
      ]
    },
    {
      "file_path": "/media/NFS/ttao/scannet/posed_images/scene0155_00/00617.jpg",
      "transform_matrix": [
        [
          -0.66855,
          -0.277829,
          0.68982,
          4.953103
        ],
        [
          -0.743563,
          0.265256,
          -0.613802,
          4.587473
        ],
        [
          -0.012447,
          -0.923282,
          -0.38392,
          1.368085
        ],
        [
          0.0,
          0.0,
          0.0,
          1.0
        ]
      ]
    },
    {
      "file_path": "/media/NFS/ttao/scannet/posed_images/scene0155_00/00633.jpg",
      "transform_matrix": [
        [
          -0.79814,
          -0.269797,
          0.538687,
          4.984571
        ],
        [
          -0.601984,
          0.321114,
          -0.731096,
          4.713666
        ],
        [
          0.024267,
          -0.907797,
          -0.418707,
          1.353178
        ],
        [
          0.0,
          0.0,
          0.0,
          1.0
        ]
      ]
    },
    {
      "file_path": "/media/NFS/ttao/scannet/posed_images/scene0155_00/00641.jpg",
      "transform_matrix": [
        [
          -0.820095,
          -0.254558,
          0.512489,
          4.908184
        ],
        [
          -0.572145,
          0.349511,
          -0.741952,
          4.754118
        ],
        [
          0.009749,
          -0.901689,
          -0.432276,
          1.345505
        ],
        [
          0.0,
          0.0,
          0.0,
          1.0
        ]
      ]
    },
    {
      "file_path": "/media/NFS/ttao/scannet/posed_images/scene0155_00/00647.jpg",
      "transform_matrix": [
        [
          -0.812952,
          -0.25729,
          0.522409,
          4.828131
        ],
        [
          -0.582317,
          0.353007,
          -0.73232,
          4.791041
        ],
        [
          0.004005,
          -0.899549,
          -0.436802,
          1.341977
        ],
        [
          0.0,
          0.0,
          0.0,
          1.0
        ]
      ]
    },
    {
      "file_path": "/media/NFS/ttao/scannet/posed_images/scene0155_00/00655.jpg",
      "transform_matrix": [
        [
          -0.804639,
          -0.261705,
          0.532978,
          4.734528
        ],
        [
          -0.593762,
          0.352379,
          -0.723378,
          4.840142
        ],
        [
          0.001502,
          -0.898521,
          -0.438928,
          1.347578
        ],
        [
          0.0,
          0.0,
          0.0,
          1.0
        ]
      ]
    },
    {
      "file_path": "/media/NFS/ttao/scannet/posed_images/scene0155_00/00668.jpg",
      "transform_matrix": [
        [
          -0.86592,
          -0.205039,
          0.456226,
          4.618048
        ],
        [
          -0.500179,
          0.351396,
          -0.791417,
          4.964591
        ],
        [
          0.001955,
          -0.913499,
          -0.406837,
          1.372108
        ],
        [
          0.0,
          0.0,
          0.0,
          1.0
        ]
      ]
    },
    {
      "file_path": "/media/NFS/ttao/scannet/posed_images/scene0155_00/00671.jpg",
      "transform_matrix": [
        [
          -0.863028,
          -0.205003,
          0.461689,
          4.591155
        ],
        [
          -0.505031,
          0.329771,
          -0.797618,
          4.996697
        ],
        [
          0.011262,
          -0.921534,
          -0.388135,
          1.366382
        ],
        [
          0.0,
          0.0,
          0.0,
          1.0
        ]
      ]
    },
    {
      "file_path": "/media/NFS/ttao/scannet/posed_images/scene0155_00/00687.jpg",
      "transform_matrix": [
        [
          -0.845293,
          -0.188499,
          0.499948,
          4.44419
        ],
        [
          -0.534301,
          0.300987,
          -0.789892,
          5.097933
        ],
        [
          -0.001584,
          -0.934813,
          -0.355137,
          1.394533
        ],
        [
          0.0,
          0.0,
          0.0,
          1.0
        ]
      ]
    },
    {
      "file_path": "/media/NFS/ttao/scannet/posed_images/scene0155_00/00690.jpg",
      "transform_matrix": [
        [
          -0.841672,
          -0.184671,
          0.507429,
          4.402766
        ],
        [
          -0.539962,
          0.297162,
          -0.787487,
          5.09971
        ],
        [
          -0.005362,
          -0.936798,
          -0.349829,
