{
  "frames": [
    {
      "file_path": "/media/NFS/ttao/scannet/posed_images/scene0191_00/00000.jpg",
      "transform_matrix": [
        [
          0.246516,
          -0.470365,
          0.847341,
          3.043058
        ],
        [
          -0.959136,
          0.006886,
          0.282862,
          2.955299
        ],
        [
          -0.138884,
          -0.882445,
          -0.449446,
          1.551102
        ],
        [
          0.0,
          0.0,
          0.0,
          1.0
        ]
      ]
    },
    {
      "file_path": "/media/NFS/ttao/scannet/posed_images/scene0191_00/00005.jpg",
      "transform_matrix": [
        [
          0.226548,
          -0.471914,
          0.852041,
          3.037771
        ],
        [
          -0.965186,
          0.008646,
          0.261421,
          2.953981
        ],
        [
          -0.130734,
          -0.881602,
          -0.453526,
          1.548706
        ],
        [
          0.0,
          0.0,
          0.0,
          1.0
        ]
      ]
    },
    {
      "file_path": "/media/NFS/ttao/scannet/posed_images/scene0191_00/00007.jpg",
      "transform_matrix": [
        [
          0.224667,
          -0.470635,
          0.853245,
          3.037019
        ],
        [
          -0.965865,
          0.008327,
          0.258914,
          2.952233
        ],
        [
          -0.128959,
          -0.882289,
          -0.452699,
          1.549955
        ],
        [
          0.0,
          0.0,
          0.0,
          1.0
        ]
      ]
    },
    {
      "file_path": "/media/NFS/ttao/scannet/posed_images/scene0191_00/00010.jpg",
      "transform_matrix": [
        [
          0.234267,
          -0.467486,
          0.852394,
          3.041167
        ],
        [
          -0.965482,
          -0.009191,
          0.260306,
          2.922879
        ],
        [
          -0.113855,
          -0.883953,
          -0.453503,
          1.551035
        ],
        [
          0.0,
          0.0,
          0.0,
          1.0
        ]
      ]
    },
    {
      "file_path": "/media/NFS/ttao/scannet/posed_images/scene0191_00/00014.jpg",
      "transform_matrix": [
        [
          0.21643,
          -0.464015,
          0.858981,
          3.039373
        ],
        [
          -0.96999,
          -0.002344,
          0.243134,
          2.917378
        ],
        [
          -0.110804,
          -0.885824,
          -0.450598,
          1.552331
        ],
        [
          0.0,
          0.0,
          0.0,
          1.0
        ]
      ]
    },
    {
      "file_path": "/media/NFS/ttao/scannet/posed_images/scene0191_00/00017.jpg",
      "transform_matrix": [
        [
          0.197848,
          -0.461374,
          0.864864,
          3.037466
        ],
        [
          -0.974535,
          0.002409,
          0.224221,
          2.914153
        ],
        [
          -0.105533,
          -0.887203,
          -0.449148,
          1.55223
        ],
        [
          0.0,
          0.0,
          0.0,
          1.0
        ]
      ]
    },
    {
      "file_path": "/media/NFS/ttao/scannet/posed_images/scene0191_00/00022.jpg",
      "transform_matrix": [
        [
          0.152272,
          -0.459963,
          0.874784,
          3.033352
        ],
        [
          -0.983467,
          0.01726,
          0.180266,
          2.907462
        ],
        [
          -0.098014,
          -0.88777,
          -0.44973,
          1.546363
        ],
        [
          0.0,
          0.0,
          0.0,
          1.0
        ]
      ]
    },
    {
      "file_path": "/media/NFS/ttao/scannet/posed_images/scene0191_00/00027.jpg",
      "transform_matrix": [
        [
          0.100629,
          -0.466842,
          0.878597,
          3.032609
        ],
        [
          -0.989668,
          0.043684,
          0.136561,
          2.901396
        ],
        [
          -0.102133,
          -0.883261,
          -0.457622,
          1.543707
        ],
        [
          0.0,
          0.0,
          0.0,
          1.0
        ]
      ]
    },
    {
      "file_path": "/media/NFS/ttao/scannet/posed_images/scene0191_00/00031.jpg",
      "transform_matrix": [
        [
          0.064162,
          -0.460518,
          0.885328,
          3.022668
        ],
        [
          -0.993395,
          0.055094,
          0.100652,
          2.90186
        ],
        [
          -0.095128,
          -0.885939,
          -0.453942,
          1.538644
        ],
        [
          0.0,
          0.0,
          0.0,
          1.0
        ]
      ]
    },
    {
      "file_path": "/media/NFS/ttao/scannet/posed_images/scene0191_00/00032.jpg",
      "transform_matrix": [
        [
          0.056125,
          -0.459348,
          0.886481,
          3.022466
        ],
        [
          -0.994066,
          0.057153,
          0.092552,
          2.901315
        ],
        [
          -0.093179,
          -0.886416,
          -0.453415,
          1.539062
        ],
        [
          0.0,
          0.0,
          0.0,
          1.0
        ]
      ]
    },
    {
      "file_path": "/media/NFS/ttao/scannet/posed_images/scene0191_00/00038.jpg",
      "transform_matrix": [
        [
          0.014605,
          -0.448814,
          0.893506,
          3.019466
        ],
        [
          -0.996673,
          0.065122,
          0.049003,
          2.903148
        ],
        [
          -0.080181,
          -0.891249,
          -0.44637,
          1.540155
        ],
        [
          0.0,
          0.0,
          0.0,
          1.0
        ]
      ]
    },
    {
      "file_path": "/media/NFS/ttao/scannet/posed_images/scene0191_00/00041.jpg",
      "transform_matrix": [
        [
          0.00079,
          -0.444295,
          0.89588,
          3.010453
        ],
        [
          -0.99692,
          0.069905,
          0.035548,
          2.905979
        ],
        [
          -0.07842,
          -0.893149,
          -0.442871,
          1.5367
        ],
        [
          0.0,
          0.0,
          0.0,
          1.0
        ]
      ]
    },
    {
      "file_path": "/media/NFS/ttao/scannet/posed_images/scene0191_00/00044.jpg",
      "transform_matrix": [
        [
          -0.016533,
          -0.444336,
          0.895708,
          3.009503
        ],
        [
          -0.997208,
          0.072568,
          0.017592,
          2.90511
        ],
        [
          -0.072816,
          -0.892916,
          -0.444295,
          1.535313
        ],
        [
          0.0,
          0.0,
          0.0,
          1.0
        ]
      ]
    },
    {
      "file_path": "/media/NFS/ttao/scannet/posed_images/scene0191_00/00048.jpg",
      "transform_matrix": [
        [
          -0.047187,
          -0.436048,
          0.898685,
          3.006339
        ],
        [
          -0.996662,
          0.080551,
          -0.013248,
          2.906525
        ],
        [
          -0.066613,
          -0.896311,
          -0.438393,
          1.535465
        ],
        [
          0.0,
          0.0,
          0.0,
          1.0
        ]
      ]
    },
    {
      "file_path": "/media/NFS/ttao/scannet/posed_images/scene0191_00/00050.jpg",
      "transform_matrix": [
        [
          -0.057467,
          -0.429593,
          0.901192,
          3.01149
        ],
        [
          -0.996754,
          0.075677,
          -0.027486,
          2.915954
        ],
        [
          -0.056392,
          -0.899846,
          -0.432548,
          1.534429
        ],
        [
          0.0,
          0.0,
          0.0,
          1.0
        ]
      ]
    },
    {
      "file_path": "/media/NFS/ttao/scannet/posed_images/scene0191_00/00057.jpg",
      "transform_matrix": [
        [
          -0.120345,
          -0.398941,
          0.909045,
          3.002118
        ],
        [
          -0.991174,
          0.099565,
          -0.087523,
          2.912327
        ],
        [
          -0.055592,
          -0.911555,
          -0.407402,
          1.533191
        ],
        [
          0.0,
          0.0,
          0.0,
          1.0
        ]
      ]
    },
    {
      "file_path": "/media/NFS/ttao/scannet/posed_images/scene0191_00/00060.jpg",
      "transform_matrix": [
        [
          -0.143917,
          -0.39027,
          0.909383,
          3.002942
        ],
        [
          -0.988096,
          0.107141,
          -0.110393,
          2.903871
        ],
        [
          -0.054349,
          -0.914445,
          -0.401044,
          1.527076
        ],
        [
          0.0,
          0.0,
          0.0,
          1.0
        ]
      ]
    },
    {
      "file_path": "/media/NFS/ttao/scannet/posed_images/scene0191_00/00061.jpg",
      "transform_matrix": [
        [
          -0.152834,
          -0.389949,
          0.908064,
          3.001435
        ],
        [
          -0.986788,
          0.110208,
          -0.118757,
          2.903883
        ],
        [
          -0.053767,
          -0.914218,
          -0.401641,
          1.527051
        ],
        [
          0.0,
          0.0,
          0.0,
          1.0
        ]
      ]
    },
    {
      "file_path": "/media/NFS/ttao/scannet/posed_images/scene0191_00/00064.jpg",
      "transform_matrix": [
        [
          -0.179266,
          -0.386268,
          0.904799,
          2.999598
        ],
        [
          -0.982348,
          0.120234,
          -0.143302,
          2.901727
        ],
        [
          -0.053435,
          -0.914517,
          -0.401003,
          1.526262
        ],
        [
          0.0,
          0.0,
          0.0,
          1.0
        ]
      ]
    },
    {
      "file_path": "/media/NFS/ttao/scannet/posed_images/scene0191_00/00069.jpg",
      "transform_matrix": [
        [
          -0.242974,
          -0.37888,
          0.89298,
          2.995993
        ],
        [
          -0.968575,
          0.145205,
          -0.201934,
          2.896514
        ],
        [
          -0.053157,
          -0.913983,
          -0.402254,
          1.522959
        ],
        [
          0.0,
          0.0,
          0.0,
          1.0
        ]
      ]
    },
    {
      "file_path": "/media/NFS/ttao/scannet/posed_images/scene0191_00/00072.jpg",
      "transform_matrix": [
        [
          -0.278348,
          -0.380389,
          0.881945,
          3.002031
        ],
        [
          -0.959234,
          0.156859,
          -0.235087,
          2.886286
        ],
        [
          -0.048917,
          -0.911427,
          -0.408543,
          1.52165
        ],
        [
          0.0,
          0.0,
          0.0,
          1.0
        ]
      ]
    },
    {
      "file_path": "/media/NFS/ttao/scannet/posed_images/scene0191_00/00077.jpg",
      "transform_matrix": [
        [
          -0.343211,
          -0.371297,
          0.862754,
          2.999979
        ],
        [
          -0.938302,
          0.176983,
          -0.297098,
          2.892971
        ],
        [
          -0.042381,
          -0.911491,
          -0.409131,
          1.518115
        ],
        [
          0.0,
          0.0,
          0.0,
          1.0
        ]
      ]
    },
    {
      "file_path": "/media/NFS/ttao/scannet/posed_images/scene0191_00/00080.jpg",
      "transform_matrix": [
        [
          -0.371167,
          -0.368498,
          0.852317,
          3.014462
        ],
        [
          -0.927517,
          0.190753,
          -0.321443,
          2.876631
        ],
        [
          -0.044131,
          -0.909848,
          -0.412589,
          1.51885
        ],
        [
          0.0,
          0.0,
          0.0,
          1.0
        ]
      ]
    },
    {
      "file_path": "/media/NFS/ttao/scannet/posed_images/scene0191_00/00083.jpg",
      "transform_matrix": [
        [
          -0.403883,
          -0.356987,
          0.842281,
          3.011776
        ],
        [
          -0.913781,
          0.201105,
          -0.352933,
          2.875886
        ],
        [
          -0.043395,
          -0.912204,
          -0.407431,
          1.516237
        ],
        [
          0.0,
          0.0,
          0.0,
          1.0
        ]
      ]
    },
    {
      "file_path": "/media/NFS/ttao/scannet/posed_images/scene0191_00/00086.jpg",
      "transform_matrix": [
        [
          -0.439675,
          -0.341995,
          0.830497,
          3.005799
        ],
        [
          -0.897164,
          0.210703,
          -0.388203,
          2.887155
        ],
        [
          -0.042225,
          -0.915775,
          -0.399466,
          1.50903
        ],
        [
          0.0,
          0.0,
          0.0,
          1.0
        ]
      ]
    },
    {
      "file_path": "/media/NFS/ttao/scannet/posed_images/scene0191_00/00090.jpg",
      "transform_matrix": [
        [
          -0.474911,
          -0.349797,
          0.807528,
          3.013262
        ],
        [
          -0.878833,
          0.236429,
          -0.414432,
          2.888747
        ],
        [
          -0.045956,
          -0.906501,
          -0.419696,
          1.510513
        ],
        [
          0.0,
          0.0,
          0.0,
          1.0
        ]
      ]
    },
    {
      "file_path": "/media/NFS/ttao/scannet/posed_images/scene0191_00/00096.jpg",
      "transform_matrix": [
        [
          -0.495146,
          -0.327431,
          0.804748,
          3.01227
        ],
        [
          -0.867711,
          0.232933,
          -0.439112,
          2.870527
        ],
        [
          -0.043674,
          -0.915713,
          -0.399452,
          1.517748
        ],
        [
          0.0,
          0.0,
          0.0,
          1.0
        ]
      ]
    },
    {
      "file_path": "/media/NFS/ttao/scannet/posed_images/scene0191_00/00097.jpg",
      "transform_matrix": [
        [
          -0.498522,
          -0.324916,
          0.803682,
          3.011274
        ],
        [
          -0.865743,
          0.234019,
          -0.442408,
          2.863237
        ],
        [
          -0.044331,
          -0.916332,
          -0.397957,
          1.521091
        ],
        [
          0.0,
          0.0,
          0.0,
          1.0
        ]
      ]
    },
    {
      "file_path": "/media/NFS/ttao/scannet/posed_images/scene0191_00/00104.jpg",
      "transform_matrix": [
        [
          -0.540926,
          -0.273198,
          0.795463,
          2.996458
        ],
        [
          -0.839722,
          0.228955,
          -0.492389,
          2.842107
        ],
        [
          -0.047606,
          -0.934314,
          -0.353258,
          1.533498
        ],
        [
          0.0,
          0.0,
          0.0,
          1.0
        ]
      ]
    },
    {
      "file_path": "/media/NFS/ttao/scannet/posed_images/scene0191_00/00106.jpg",
      "transform_matrix": [
        [
          -0.54293,
          -0.262995,
          0.797534,
          2.989855
        ],
        [
          -0.838895,
          0.213374,
          -0.500726,
          2.832803
        ],
        [
          -0.038485,
          -0.940907,
          -0.336472,
          1.537058
        ],
        [
          0.0,
          0.0,
          0.0,
          1.0
        ]
      ]
    },
    {
      "file_path": "/media/NFS/ttao/scannet/posed_images/scene0191_00/00111.jpg",
      "transform_matrix": [
        [
          -0.558812,
          -0.231888,
          0.796214,
          2.980087
        ],
        [
          -0.828566,
          0.19633,
          -0.524339,
          2.813903
        ],
        [
          -0.034732,
          -0.952724,
          -0.301846,
          1.534627
        ],
        [
          0.0,
          0.0,
          0.0,
          1.0
        ]
      ]
    },
    {
      "file_path": "/media/NFS/ttao/scannet/posed_images/scene0191_00/00113.jpg",
      "transform_matrix": [
        [
          -0.57032,
          -0.218735,
          0.791764,
          2.977092
        ],
        [
          -0.820588,
          0.195162,
          -0.537166,
          2.818086
        ],
        [
          -0.037025,
          -0.956068,
          -0.290796,
          1.537013
        ],
        [
          0.0,
          0.0,
          0.0,
          1.0
        ]
      ]
    },
    {
      "file_path": "/media/NFS/ttao/scannet/posed_images/scene0191_00/00117.jpg",
      "transform_matrix": [
        [
          -0.593428,
          -0.210558,
          0.776858,
          2.974604
        ],
        [
          -0.804274,
          0.192779,
          -0.56212,
          2.820157
        ],
        [
          -0.031403,
          -0.958385,
          -0.283747,
          1.540077
        ],
        [
          0.0,
          0.0,
          0.0,
          1.0
        ]
      ]
    },
    {
      "file_path": "/media/NFS/ttao/scannet/posed_images/scene0191_00/00120.jpg",
      "transform_matrix": [
        [
          -0.631044,
          -0.19979,
          0.749578,
          2.958276
        ],
        [
          -0.775655,
          0.177419,
          -0.605708,
          2.82135
        ],
        [
          -0.011975,
          -0.963642,
          -0.266928,
          1.531549
        ],
        [
          0.0,
          0.0,
          0.0,
          1.0
        ]
      ]
    },
    {
      "file_path": "/media/NFS/ttao/scannet/posed_images/scene0191_00/00123.jpg",
      "transform_matrix": [
        [
          -0.671885,
          -0.200456,
          0.713013,
          2.988161
        ],
        [
          -0.740635,
          0.188967,
          -0.644787,
          2.852528
        ],
        [
          -0.005485,
          -0.961306,
          -0.275429,
          1.530517
        ],
        [
          0.0,
          0.0,
          0.0,
          1.0
        ]
      ]
    },
    {
      "file_path": "/media/NFS/ttao/scannet/posed_images/scene0191_00/00128.jpg",
      "transform_matrix": [
        [
          -0.744932,
          -0.174397,
          0.643943,
          3.013326
        ],
        [
          -0.666802,
          0.225391,
          -0.710334,
          2.884372
        ],
        [
          -0.021259,
          -0.958532,
          -0.284189,
          1.535565
        ],
        [
          0.0,
          0.0,
          0.0,
          1.0
        ]
      ]
    },
    {
      "file_path": "/media/NFS/ttao/scannet/posed_images/scene0191_00/00131.jpg",
      "transform_matrix": [
        [
          -0.767341,
          -0.166764,
          0.619175,
          2.981474
        ],
        [
          -0.640969,
          0.22752,
          -0.733071,
          2.869865
        ],
        [
          -0.018625,
          -0.959388,
          -0.281475,
          1.531981
        ],
        [
          0.0,
          0.0,
          0.0,
          1.0
        ]
      ]
    },
    {
      "file_path": "/media/NFS/ttao/scannet/posed_images/scene0191_00/00134.jpg",
      "transform_matrix": [
        [
          -0.802998,
          -0.156593,
          0.575041,
          2.993611
        ],
        [
          -0.595832,
          0.232522,
          -0.768711,
          2.878611
        ],
        [
          -0.013335,
          -0.959902,
          -0.280018,
          1.532324
        ],
        [
          0.0,
          0.0,
          0.0,
          1.0
        ]
      ]
    },
    {
      "file_path": "/media/NFS/ttao/scannet/posed_images/scene0191_00/00140.jpg",
      "transform_matrix": [
        [
          -0.855154,
          -0.13177,
          0.501346,
          3.021182
        ],
        [
          -0.51823,
          0.240056,
          -0.82086,
          2.920656
        ],
        [
          -0.012186,
          -0.961774,
          -0.273572,
          1.52544
        ],
        [
          0.0,
          0.0,
          0.0,
          1.0
        ]
      ]
    },
    {
      "file_path": "/media/NFS/ttao/scannet/posed_images/scene0191_00/00141.jpg",
      "transform_matrix": [
        [
          -0.860204,
          -0.127389,
          0.493783,
          3.013747
        ],
        [
          -0.50976,
          0.241297,
          -0.825785,
          2.91796
        ],
        [
          -0.013952,
          -0.962054,
          -0.272502,
          1.52518
        ],
        [
          0.0,
          0.0,
          0.0,
          1.0
        ]
      ]
    },
    {
      "file_path": "/media/NFS/ttao/scannet/posed_images/scene0191_00/00147.jpg",
      "transform_matrix": [
        [
          -0.906814,
          -0.101037,
          0.409244,
          3.048389
        ],
        [
          -0.421212,
          0.255012,
          -0.870373,
          2.945218
        ],
        [
          -0.016423,
          -0.961645,
          -0.273807,
          1.524496
        ],
        [
          0.0,
          0.0,
          0.0,
          1.0
        ]
      ]
    },
    {
      "file_path": "/media/NFS/ttao/scannet/posed_images/scene0191_00/00150.jpg",
      "transform_matrix": [
        [
          -0.924815,
          -0.09131,
          0.369297,
          3.052197
        ],
        [
          -0.380118,
          0.260374,
          -0.887534,
          2.959247
        ],
        [
          -0.015115,
          -0.96118,
          -0.275507,
          1.51535
        ],
        [
          0.0,
          0.0,
          0.0,
          1.0
        ]
      ]
    },
    {
      "file_path": "/media/NFS/ttao/scannet/posed_images/scene0191_00/00155.jpg",
      "transform_matrix": [
        [
          -0.950767,
          -0.080738,
          0.299206,
          3.079074
        ],
        [
          -0.309845,
          0.267082,
          -0.912504,
          2.973739
        ],
        [
          -0.006239,
          -0.960286,
          -0.278948,
          1.517493
        ],
        [
          0.0,
          0.0,
          0.0,
          1.0
        ]
      ]
    },
    {
      "file_path": "/media/NFS/ttao/scannet/posed_images/scene0191_00/00156.jpg",
      "transform_matrix": [
        [
          -0.955176,
          -0.078761,
          0.285368,
          3.081814
        ],
        [
          -0.296011,
          0.267127,
          -0.917072,
          2.975688
        ],
        [
          -0.004,
          -0.960437,
          -0.278468,
          1.514914
        ],
        [
          0.0,
          0.0,
          0.0,
          1.0
        ]
      ]
    },
    {
      "file_path": "/media/NFS/ttao/scannet/posed_images/scene0191_00/00159.jpg",
      "transform_matrix": [
        [
          -0.965176,
          -0.079818,
          0.249129,
          3.087161
        ],
        [
          -0.261555,
          0.27631,
          -0.924793,
          2.974179
        ],
        [
          0.004978,
          -0.957748,
          -0.287565,
          1.517417
        ],
        [
          0.0,
          0.0,
          0.0,
          1.0
        ]
      ]
    },
    {
      "file_path": "/media/NFS/ttao/scannet/posed_images/scene0191_00/00166.jpg",
      "transform_matrix": [
        [
          -0.984466,
          -0.075351,
          0.158582,
          3.096243
        ],
        [
          -0.174204,
          0.306604,
          -0.93576,
          2.968112
        ],
        [
          0.021888,
          -0.94885,
          -0.314967,
          1.504369
        ],
        [
          0.0,
          0.0,
          0.0,
          1.0
        ]
      ]
    },
    {
      "file_path": "/media/NFS/ttao/scannet/posed_images/scene0191_00/00169.jpg",
      "transform_matrix": [
        [
          -0.990996,
          -0.066775,
          0.11605,
          3.103599
        ],
        [
          -0.131163,
          0.310133,
          -0.941602,
          2.960135
        ],
        [
          0.026884,
          -0.948345,
          -0.316099,
          1.497877
        ],
        [
          0.0,
          0.0,
          0.0,
          1.0
        ]
      ]
    },
    {
      "file_path": "/media/NFS/ttao/scannet/posed_images/scene0191_00/00170.jpg",
      "transform_matrix": [
        [
          -0.990245,
          -0.064627,
          0.123445,
          3.056076
        ],
        [
          -0.137544,
          0.31163,
          -0.940196,
          2.949393
        ],
        [
          0.022292,
          -0.948003,
          -0.317479,
          1.501932
        ],
        [
          0.0,
          0.0,
          0.0,
          1.0
        ]
      ]
    },
    {
      "file_path": "/media/NFS/ttao/scannet/posed_images/scene0191_00/00174.jpg",
      "transform_matrix": [
        [
          -0.995054,
          -0.057723,
          0.080842,
          3.055999
        ],
        [
          -0.094727,
          0.306399,
          -0.947178,
          2.93206
        ],
        [
          0.029903,
          -0.950152,
          -0.310351,
          1.5018
        ],
        [
          0.0,
          0.0,
          0.0,
          1.0
        ]
      ]
    },
    {
      "file_path": "/media/NFS/ttao/scannet/posed_images/scene0191_00/00180.jpg",
      "transform_matrix": [
        [
          -0.997511,
          -0.053165,
          0.046323,
          3.02852
        ],
        [
          -0.059761,
          0.288701,
          -0.955552,
          2.897321
        ],
        [
          0.037428,
          -0.955942,
          -0.29116,
          1.510564
        ],
        [
          0.0,
          0.0,
          0.0,
          1.0
        ]
      ]
    },
    {
      "file_path": "/media/NFS/ttao/scannet/posed_images/scene0191_00/00182.jpg",
      "transform_matrix": [
        [
          -0.998142,
          -0.05271,
          0.030563,
          3.019161
        ],
        [
          -0.044354,
          0.284674,
          -0.957598,
          2.877684
        ],
        [
          0.041774,
          -0.957174,
          -0.286483,
          1.512042
        ],
        [
          0.0,
          0.0,
          0.0,
          1.0
        ]
      ]
    },
    {
      "file_path": "/media/NFS/ttao/scannet/posed_images/scene0191_00/00187.jpg",
      "transform_matrix": [
        [
          -0.997863,
          -0.064147,
          -0.012434,
          3.018776
        ],
        [
          -0.007585,
          0.302729,
          -0.953046,
          2.845155
        ],
        [
          0.064899,
          -0.950915,
          -0.302569,
          1.50006
        ],
        [
          0.0,
          0.0,
          0.0,
          1.0
        ]
      ]
    },
    {
      "file_path": "/media/NFS/ttao/scannet/posed_images/scene0191_00/00191.jpg",
      "transform_matrix": [
        [
          -0.996638,
          -0.066628,
          -0.047688,
          3.017595
        ],
        [
          0.024687,
          0.310788,
          -0.950159,
          2.823687
        ],
        [
          0.078128,
          -0.948141,
          -0.308098,
          1.489508
        ],
        [
          0.0,
          0.0,
          0.0,
          1.0
        ]
      ]
    },
    {
      "file_path": "/media/NFS/ttao/scannet/posed_images/scene0191_00/00193.jpg",
      "transform_matrix": [
        [
          -0.996701,
          -0.05384,
          -0.060738,
          3.025795
        ],
        [
          0.040854,
          0.313831,
          -0.9486,
          2.814503
        ],
        [
          0.070133,
          -0.947951,
          -0.310596,
          1.482075
        ],
        [
          0.0,
          0.0,
          0.0,
          1.0
        ]
      ]
    },
    {
      "file_path": "/media/NFS/ttao/scannet/posed_images/scene0191_00/00195.jpg",
      "transform_matrix": [
        [
          -0.994704,
          -0.047019,
          -0.091397,
          3.074517
        ],
        [
          0.071898,
          0.317146,
          -0.945647,
          2.796109
        ],
        [
          0.073449,
          -0.94721,
          -0.312086,
          1.480165
        ],
        [
          0.0,
          0.0,
          0.0,
          1.0
        ]
      ]
    },
    {
      "file_path": "/media/NFS/ttao/scannet/posed_images/scene0191_00/00199.jpg",
      "transform_matrix": [
        [
          -0.987699,
          -0.038992,
          -0.151431,
          3.107844
        ],
        [
          0.131123,
          0.321097,
          -0.937925,
          2.766807
        ],
        [
          0.085196,
          -0.946243,
          -0.312034,
          1.467161
        ],
        [
          0.0,
          0.0,
          0.0,
          1.0
        ]
      ]
    },
    {
      "file_path": "/media/NFS/ttao/scannet/posed_images/scene0191_00/00205.jpg",
      "transform_matrix": [
        [
          -0.965997,
          0.004027,
          -0.258521,
          3.183789
        ],
        [
          0.248648,
          0.288572,
          -0.924608,
          2.71969
        ],
        [
          0.070878,
          -0.95745,
          -0.279761,
          1.465534
        ],
        [
          0.0,
          0.0,
          0.0,
          1.0
        ]
      ]
    },
    {
      "file_path": "/media/NFS/ttao/scannet/posed_images/scene0191_00/00207.jpg",
      "transform_matrix": [
        [
          -0.956685,
          0.01824,
          -0.290554,
          3.205446
        ],
        [
          0.28399,
          0.278097,
          -0.917612,
          2.709598
        ],
        [
          0.064065,
          -0.96038,
          -0.271231,
          1.455646
        ],
        [
          0.0,
          0.0,
          0.0,
          1.0
        ]
      ]
    },
    {
      "file_path": "/media/NFS/ttao/scannet/posed_images/scene0191_00/00213.jpg",
      "transform_matrix": [
        [
          -0.930236,
          0.078966,
          -0.358366,
          3.225169
        ],
        [
          0.365652,
          0.281927,
          -0.887026,
          2.67226
        ],
        [
          0.030989,
          -0.956181,
          -0.291133,
          1.437315
        ],
        [
          0.0,
          0.0,
          0.0,
          1.0
        ]
      ]
    },
    {
      "file_path": "/media/NFS/ttao/scannet/posed_images/scene0191_00/00216.jpg",
      "transform_matrix": [
        [
          -0.914484,
          0.083762,
          -0.395857,
          3.242598
        ],
        [
          0.402619,
          0.285586,
          -0.869677,
          2.64783
        ],
        [
          0.040205,
          -0.954686,
          -0.294888,
          1.432767
        ],
        [
          0.0,
          0.0,
          0.0,
          1.0
        ]
      ]
    },
    {
      "file_path": "/media/NFS/ttao/scannet/posed_images/scene0191_00/00219.jpg",
      "transform_matrix": [
        [
          -0.899358,
          0.083842,
          -0.429099,
          3.258174
        ],
        [
          0.434328,
          0.283899,
          -0.854845,
          2.627444
        ],
        [
          0.050149,
          -0.955182,
          -0.291742,
          1.420226
        ],
        [
          0.0,
          0.0,
          0.0,
          1.0
        ]
      ]
    },
    {
      "file_path": "/media/NFS/ttao/scannet/posed_images/scene0191_00/00221.jpg",
      "transform_matrix": [
        [
          -0.892389,
          0.080011,
          -0.444117,
          3.24741
        ],
        [
          0.447226,
          0.288221,
          -0.84671,
          2.603044
        ],
        [
          0.060258,
          -0.954215,
          -0.292988,
          1.420778
        ],
        [
          0.0,
          0.0,
          0.0,
          1.0
        ]
      ]
    },
    {
      "file_path": "/media/NFS/ttao/scannet/posed_images/scene0191_00/00225.jpg",
      "transform_matrix": [
        [
          -0.873441,
          0.090935,
          -0.478364,
          3.247252
        ],
        [
          0.482899,
          0.287927,
          -0.826987,
          2.566743
        ],
        [
          0.062531,
          -0.953325,
          -0.295399,
          1.402272
        ],
        [
          0.0,
          0.0,
          0.0,
          1.0
        ]
      ]
    },
    {
      "file_path": "/media/NFS/ttao/scannet/posed_images/scene0191_00/00228.jpg",
      "transform_matrix": [
        [
          -0.857562,
          0.105443,
          -0.503457,
          3.237932
        ],
        [
          0.511198,
          0.283403,
          -0.811393,
          2.532463
        ],
        [
          0.057125,
          -0.953187,
          -0.296938,
          1.408545
        ],
        [
          0.0,
          0.0,
          0.0,
          1.0
        ]
      ]
    },
    {
      "file_path": "/media/NFS/ttao/scannet/posed_images/scene0191_00/00234.jpg",
      "transform_matrix": [
        [
          -0.842319,
          0.109459,
          -0.527748,
          3.118356
        ],
        [
          0.537324,
          0.247218,
          -0.806329,
          2.489912
        ],
        [
          0.042209,
          -0.962758,
          -0.267051,
          1.41926
        ],
        [
          0.0,
          0.0,
          0.0,
          1.0
        ]
      ]
    },
    {
      "file_path": "/media/NFS/ttao/scannet/posed_images/scene0191_00/00238.jpg",
      "transform_matrix": [
        [
          -0.816996,
          0.114036,
          -0.565255,
          3.11771
        ],
        [
          0.575254,
          0.22917,
          -0.785216,
          2.450616
        ],
        [
          0.039997,
          -0.966683,
          -0.252831,
          1.421147
        ],
        [
          0.0,
          0.0,
          0.0,
          1.0
        ]
      ]
    },
    {
      "file_path": "/media/NFS/ttao/scannet/posed_images/scene0191_00/00239.jpg",
      "transform_matrix": [
        [
          -0.810511,
          0.116805,
          -0.573958,
          3.115051
        ],
        [
          0.584197,
          0.231896,
          -0.777777,
          2.444802
        ],
        [
          0.04225,
          -0.965702,
          -0.256191,
          1.422293
        ],
        [
          0.0,
          0.0,
          0.0,
          1.0
        ]
      ]
    },
    {
      "file_path": "/media/NFS/ttao/scannet/posed_images/scene0191_00/00245.jpg",
      "transform_matrix": [
        [
          -0.75158,
          0.123011,
          -0.648071,
          3.059081
        ],
        [
          0.656832,
          0.230146,
          -0.718056,
          2.430613
        ],
        [
          0.060822,
          -0.96535,
          -0.253771,
          1.418468
        ],
        [
          0.0,
          0.0,
          0.0,
          1.0
        ]
      ]
    },
    {
      "file_path": "/media/NFS/ttao/scannet/posed_images/scene0191_00/00246.jpg",
      "transform_matrix": [
        [
          -0.721833,
          0.133552,
          -0.679058,
          3.070834
        ],
        [
          0.689649,
          0.220757,
          -0.689674,
          2.411691
        ],
        [
          0.057799,
          -0.966142,
          -0.251454,
          1.420257
        ],
        [
          0.0,
          0.0,
          0.0,
          1.0
        ]
      ]
    },
    {
      "file_path": "/media/NFS/ttao/scannet/posed_images/scene0191_00/00250.jpg",
      "transform_matrix": [
        [
          -0.692478,
          0.132392,
          -0.709187,
          2.994552
        ],
        [
          0.719487,
          0.198991,
          -0.665388,
          2.501374
        ],
        [
          0.05303,
          -0.971017,
          -0.233051,
          1.419292
        ],
        [
          0.0,
          0.0,
          0.0,
          1.0
        ]
      ]
    },
    {
      "file_path": "/media/NFS/ttao/scannet/posed_images/scene0191_00/00256.jpg",
      "transform_matrix": [
        [
          -0.568989,
          0.166652,
          -0.805282,
          3.037201
        ],
        [
          0.821691,
          0.15427,
          -0.548657,
          2.432311
        ],
        [
          0.032796,
          -0.973873,
          -0.224714,
          1.421368
        ],
        [
          0.0,
          0.0,
          0.0,
          1.0
        ]
      ]
    },
    {
      "file_path": "/media/NFS/ttao/scannet/posed_images/scene0191_00/00257.jpg",
      "transform_matrix": [
        [
          -0.552546,
          0.172239,
          -0.815491,
          3.038295
        ],
        [
          0.833027,
          0.14646,
          -0.533494,
          2.422365
        ],
        [
          0.027548,
          -0.974106,
          -0.224405,
          1.426521
        ],
        [
          0.0,
          0.0,
          0.0,
          1.0
        ]
      ]
    },
    {
      "file_path": "/media/NFS/ttao/scannet/posed_images/scene0191_00/00263.jpg",
      "transform_matrix": [
        [
          -0.480484,
          0.192474,
          -0.855622,
          3.001885
        ],
        [
          0.876868,
          0.122555,
          -0.464846,
          2.485917
        ],
        [
          0.01539,
          -0.973619,
          -0.22766,
          1.390549
        ],
        [
          0.0,
          0.0,
          0.0,
          1.0
        ]
      ]
    },
    {
      "file_path": "/media/NFS/ttao/scannet/posed_images/scene0191_00/00266.jpg",
      "transform_matrix": [
        [
          -0.432647,
          0.208932,
          -0.877019,
          3.005349
        ],
        [
          0.901523,
          0.109378,
          -0.418678,
          2.451644
        ],
        [
          0.008451,
          -0.971794,
          -0.235679,
          1.392971
        ],
        [
          0.0,
          0.0,
          0.0,
          1.0
        ]
      ]
    },
    {
      "file_path": "/media/NFS/ttao/scannet/posed_images/scene0191_00/00270.jpg",
      "transform_matrix": [
        [
          -0.400922,
          0.204741,
          -0.89294,
          2.984776
        ],
        [
          0.915692,
          0.119055,
          -0.38384,
          2.440773
        ],
        [
          0.027721,
          -0.971549,
          -0.235212,
          1.429489
        ],
        [
          0.0,
          0.0,
          0.0,
          1.0
        ]
      ]
    },
    {
      "file_path": "/media/NFS/ttao/scannet/posed_images/scene0191_00/00274.jpg",
      "transform_matrix": [
        [
          -0.367035,
          0.18954,
          -0.910692,
          2.958169
        ],
        [
          0.93005,
          0.092742,
          -0.355535,
          2.406616
        ],
        [
          0.017071,
          -0.977483,
          -0.210322,
          1.433841
        ],
        [
          0.0,
          0.0,
          0.0,
          1.0
        ]
      ]
    },
    {
      "file_path": "/media/NFS/ttao/scannet/posed_images/scene0191_00/00278.jpg",
      "transform_matrix": [
        [
          -0.346823,
          0.181322,
          -0.920237,
          2.916881
        ],
        [
          0.937899,
          0.075043,
          -0.338694,
          2.381446
        ],
        [
          0.007645,
          -0.980557,
          -0.196088,
          1.443941
        ],
        [
          0.0,
          0.0,
          0.0,
          1.0
        ]
      ]
    },
    {
      "file_path": "/media/NFS/ttao/scannet/posed_images/scene0191_00/00280.jpg",
      "transform_matrix": [
        [
          -0.343553,
          0.177597,
          -0.922188,
          2.898092
        ],
        [
          0.939132,
          0.066705,
          -0.337019,
          2.374971
        ],
        [
