{
  "frames": [
    {
      "file_path": "/media/NFS/ttao/scannet/posed_images/scene0024_01/00005.jpg",
      "transform_matrix": [
        [
          -0.650052,
          0.141093,
          -0.746676,
          4.345058
        ],
        [
          0.759798,
          0.135984,
          -0.63578,
          2.777702
        ],
        [
          0.011832,
          -0.980613,
          -0.195599,
          1.519199
        ],
        [
          0.0,
          0.0,
          0.0,
          1.0
        ]
      ]
    },
    {
      "file_path": "/media/NFS/ttao/scannet/posed_images/scene0024_01/00009.jpg",
      "transform_matrix": [
        [
          -0.633771,
          0.130139,
          -0.762494,
          4.345403
        ],
        [
          0.772897,
          0.146128,
          -0.617477,
          2.741405
        ],
        [
          0.031064,
          -0.980668,
          -0.193196,
          1.519959
        ],
        [
          0.0,
          0.0,
          0.0,
          1.0
        ]
      ]
    },
    {
      "file_path": "/media/NFS/ttao/scannet/posed_images/scene0024_01/00018.jpg",
      "transform_matrix": [
        [
          -0.589151,
          0.158256,
          -0.792374,
          4.41253
        ],
        [
          0.807439,
          0.15259,
          -0.569876,
          2.621403
        ],
        [
          0.030722,
          -0.975536,
          -0.217681,
          1.510063
        ],
        [
          0.0,
          0.0,
          0.0,
          1.0
        ]
      ]
    },
    {
      "file_path": "/media/NFS/ttao/scannet/posed_images/scene0024_01/00025.jpg",
      "transform_matrix": [
        [
          -0.533804,
          0.224339,
          -0.815307,
          4.477639
        ],
        [
          0.845353,
          0.165294,
          -0.507993,
          2.5254
        ],
        [
          0.020803,
          -0.960391,
          -0.27788,
          1.474023
        ],
        [
          0.0,
          0.0,
          0.0,
          1.0
        ]
      ]
    },
    {
      "file_path": "/media/NFS/ttao/scannet/posed_images/scene0024_01/00032.jpg",
      "transform_matrix": [
        [
          -0.498613,
          0.285425,
          -0.818485,
          4.519155
        ],
        [
          0.866383,
          0.194241,
          -0.460055,
          2.465264
        ],
        [
          0.027672,
          -0.938511,
          -0.344139,
          1.418628
        ],
        [
          0.0,
          0.0,
          0.0,
          1.0
        ]
      ]
    },
    {
      "file_path": "/media/NFS/ttao/scannet/posed_images/scene0024_01/00038.jpg",
      "transform_matrix": [
        [
          -0.46261,
          0.347953,
          -0.815427,
          4.526253
        ],
        [
          0.886088,
          0.211545,
          -0.412428,
          2.428791
        ],
        [
          0.028994,
          -0.913333,
          -0.40618,
          1.384318
        ],
        [
          0.0,
          0.0,
          0.0,
          1.0
        ]
      ]
    },
    {
      "file_path": "/media/NFS/ttao/scannet/posed_images/scene0024_01/00050.jpg",
      "transform_matrix": [
        [
          -0.438465,
          0.427174,
          -0.790741,
          4.592453
        ],
        [
          0.898673,
          0.219748,
          -0.379601,
          2.379236
        ],
        [
          0.011608,
          -0.87706,
          -0.480241,
          1.351017
        ],
        [
          0.0,
          0.0,
          0.0,
          1.0
        ]
      ]
    },
    {
      "file_path": "/media/NFS/ttao/scannet/posed_images/scene0024_01/00052.jpg",
      "transform_matrix": [
        [
          -0.42254,
          0.430282,
          -0.797695,
          4.619099
        ],
        [
          0.906147,
          0.218934,
          -0.361893,
          2.370415
        ],
        [
          0.018926,
          -0.875743,
          -0.482407,
          1.338698
        ],
        [
          0.0,
          0.0,
          0.0,
          1.0
        ]
      ]
    },
    {
      "file_path": "/media/NFS/ttao/scannet/posed_images/scene0024_01/00063.jpg",
      "transform_matrix": [
        [
          -0.291461,
          0.492323,
          -0.820164,
          4.735384
        ],
        [
          0.955195,
          0.195952,
          -0.221822,
          2.344301
        ],
        [
          0.051505,
          -0.848069,
          -0.527377,
          1.342412
        ],
        [
          0.0,
          0.0,
          0.0,
          1.0
        ]
      ]
    },
    {
      "file_path": "/media/NFS/ttao/scannet/posed_images/scene0024_01/00068.jpg",
      "transform_matrix": [
        [
          -0.281869,
          0.480232,
          -0.830618,
          4.762501
        ],
        [
          0.958725,
          0.174697,
          -0.224338,
          2.372418
        ],
        [
          0.037372,
          -0.859568,
          -0.509652,
          1.346106
        ],
        [
          0.0,
          0.0,
          0.0,
          1.0
        ]
      ]
    },
    {
      "file_path": "/media/NFS/ttao/scannet/posed_images/scene0024_01/00079.jpg",
      "transform_matrix": [
        [
          -0.275385,
          0.470505,
          -0.838324,
          4.81911
        ],
        [
          0.960884,
          0.108056,
          -0.255,
          2.516869
        ],
        [
          -0.029393,
          -0.875756,
          -0.481858,
          1.340572
        ],
        [
          0.0,
          0.0,
          0.0,
          1.0
        ]
      ]
    },
    {
      "file_path": "/media/NFS/ttao/scannet/posed_images/scene0024_01/00081.jpg",
      "transform_matrix": [
        [
          -0.286275,
          0.468154,
          -0.835989,
          4.83221
        ],
        [
          0.957287,
          0.102778,
          -0.270256,
          2.555903
        ],
        [
          -0.0406,
          -0.877649,
          -0.477581,
          1.339746
        ],
        [
          0.0,
          0.0,
          0.0,
          1.0
        ]
      ]
    },
    {
      "file_path": "/media/NFS/ttao/scannet/posed_images/scene0024_01/00095.jpg",
      "transform_matrix": [
        [
          -0.351404,
          0.434363,
          -0.829364,
          4.817849
        ],
        [
          0.934541,
          0.10965,
          -0.33854,
          2.791813
        ],
        [
          -0.05611,
          -0.894039,
          -0.444461,
          1.36263
        ],
        [
          0.0,
          0.0,
          0.0,
          1.0
        ]
      ]
    },
    {
      "file_path": "/media/NFS/ttao/scannet/posed_images/scene0024_01/00097.jpg",
      "transform_matrix": [
        [
          -0.364099,
          0.421051,
          -0.830751,
          4.803529
        ],
        [
          0.929129,
          0.1025,
          -0.355266,
          2.813883
        ],
        [
          -0.064433,
          -0.901227,
          -0.42853,
          1.369068
        ],
        [
          0.0,
          0.0,
          0.0,
          1.0
        ]
      ]
    },
    {
      "file_path": "/media/NFS/ttao/scannet/posed_images/scene0024_01/00106.jpg",
      "transform_matrix": [
        [
          -0.421545,
          0.38054,
          -0.823098,
          4.712802
        ],
        [
          0.906562,
          0.155744,
          -0.392286,
          2.940771
        ],
        [
          -0.021087,
          -0.911555,
          -0.410636,
          1.384317
        ],
        [
          0.0,
          0.0,
          0.0,
          1.0
        ]
      ]
    },
    {
      "file_path": "/media/NFS/ttao/scannet/posed_images/scene0024_01/00115.jpg",
      "transform_matrix": [
        [
          -0.519788,
          0.302477,
          -0.798954,
          4.636427
        ],
        [
          0.854199,
          0.198081,
          -0.480738,
          3.066804
        ],
        [
          0.012845,
          -0.932347,
          -0.361335,
          1.437089
        ],
        [
          0.0,
          0.0,
          0.0,
          1.0
        ]
      ]
    },
    {
      "file_path": "/media/NFS/ttao/scannet/posed_images/scene0024_01/00124.jpg",
      "transform_matrix": [
        [
          -0.574916,
          0.292537,
          -0.764129,
          4.551217
        ],
        [
          0.818004,
          0.226566,
          -0.528713,
          3.199514
        ],
        [
          0.018458,
          -0.929026,
          -0.369553,
          1.471819
        ],
        [
          0.0,
          0.0,
          0.0,
          1.0
        ]
      ]
    },
    {
      "file_path": "/media/NFS/ttao/scannet/posed_images/scene0024_01/00127.jpg",
      "transform_matrix": [
        [
          -0.587213,
          0.277203,
          -0.760486,
          4.526688
        ],
        [
          0.809273,
          0.219726,
          -0.544792,
          3.225445
        ],
        [
          0.016081,
          -0.93535,
          -0.353359,
          1.482124
        ],
        [
          0.0,
          0.0,
          0.0,
          1.0
        ]
      ]
    },
    {
      "file_path": "/media/NFS/ttao/scannet/posed_images/scene0024_01/00138.jpg",
      "transform_matrix": [
        [
          -0.636862,
          0.174175,
          -0.751046,
          4.412191
        ],
        [
          0.769788,
          0.197755,
          -0.606893,
          3.275043
        ],
        [
          0.042818,
          -0.964653,
          -0.260021,
          1.517191
        ],
        [
          0.0,
          0.0,
          0.0,
          1.0
        ]
      ]
    },
    {
      "file_path": "/media/NFS/ttao/scannet/posed_images/scene0024_01/00145.jpg",
      "transform_matrix": [
        [
          -0.668409,
          0.169985,
          -0.72411,
          4.338804
        ],
        [
          0.74284,
          0.20185,
          -0.638314,
          3.258411
        ],
        [
          0.037658,
          -0.964553,
          -0.26119,
          1.52617
        ],
        [
          0.0,
          0.0,
          0.0,
          1.0
        ]
      ]
    },
    {
      "file_path": "/media/NFS/ttao/scannet/posed_images/scene0024_01/00154.jpg",
      "transform_matrix": [
        [
          -0.733593,
          0.175186,
          -0.656621,
          4.26409
        ],
        [
          0.679408,
          0.21132,
          -0.702672,
          3.261085
        ],
        [
          0.015659,
          -0.961589,
          -0.274046,
          1.542271
        ],
        [
          0.0,
          0.0,
          0.0,
          1.0
        ]
      ]
    },
    {
      "file_path": "/media/NFS/ttao/scannet/posed_images/scene0024_01/00158.jpg",
      "transform_matrix": [
        [
          -0.760664,
          0.170219,
          -0.62643,
          4.223125
        ],
        [
          0.649092,
          0.211848,
          -0.730617,
          3.282771
        ],
        [
          0.008343,
          -0.962365,
          -0.271633,
          1.540749
        ],
        [
          0.0,
          0.0,
          0.0,
          1.0
        ]
      ]
    },
    {
      "file_path": "/media/NFS/ttao/scannet/posed_images/scene0024_01/00167.jpg",
      "transform_matrix": [
        [
          -0.769077,
          0.188923,
          -0.610597,
          4.080777
        ],
        [
          0.639123,
          0.217608,
          -0.737678,
          3.317398
        ],
        [
          -0.006493,
          -0.957578,
          -0.288103,
          1.607379
        ],
        [
          0.0,
          0.0,
          0.0,
          1.0
        ]
      ]
    },
    {
      "file_path": "/media/NFS/ttao/scannet/posed_images/scene0024_01/00177.jpg",
      "transform_matrix": [
        [
          -0.807378,
          0.155653,
          -0.569134,
          4.033638
        ],
        [
          0.589981,
          0.199981,
          -0.782259,
          3.310225
        ],
        [
          -0.007945,
          -0.967357,
          -0.253293,
          1.607736
        ],
        [
          0.0,
          0.0,
          0.0,
          1.0
        ]
      ]
    },
    {
      "file_path": "/media/NFS/ttao/scannet/posed_images/scene0024_01/00186.jpg",
      "transform_matrix": [
        [
          -0.81626,
          0.193418,
          -0.544343,
          4.010324
        ],
        [
          0.577266,
          0.237231,
          -0.781336,
          3.315188
        ],
        [
          -0.021989,
          -0.952003,
          -0.305296,
          1.528476
        ],
        [
          0.0,
          0.0,
          0.0,
          1.0
        ]
      ]
    },
    {
      "file_path": "/media/NFS/ttao/scannet/posed_images/scene0024_01/00192.jpg",
      "transform_matrix": [
        [
          -0.799091,
          0.212597,
          -0.562367,
          3.995832
        ],
        [
          0.601057,
          0.261353,
          -0.755265,
          3.354387
        ],
        [
          -0.01359,
          -0.94154,
          -0.336628,
          1.487554
        ],
        [
          0.0,
          0.0,
          0.0,
          1.0
        ]
      ]
    },
    {
      "file_path": "/media/NFS/ttao/scannet/posed_images/scene0024_01/00199.jpg",
      "transform_matrix": [
        [
          -0.807396,
          0.202604,
          -0.554133,
          4.016599
        ],
        [
          0.588211,
          0.349685,
          -0.729197,
          3.408253
        ],
        [
          0.046034,
          -0.914698,
          -0.401509,
          1.444601
        ],
        [
          0.0,
          0.0,
          0.0,
          1.0
        ]
      ]
    },
    {
      "file_path": "/media/NFS/ttao/scannet/posed_images/scene0024_01/00208.jpg",
      "transform_matrix": [
        [
          -0.83229,
          0.205859,
          -0.514699,
          4.074687
        ],
        [
          0.552442,
          0.384797,
          -0.739419,
          3.464276
        ],
        [
          0.045838,
          -0.899752,
          -0.433988,
          1.412996
        ],
        [
          0.0,
          0.0,
          0.0,
          1.0
        ]
      ]
    },
    {
      "file_path": "/media/NFS/ttao/scannet/posed_images/scene0024_01/00210.jpg",
      "transform_matrix": [
        [
          -0.826591,
          0.202513,
          -0.525106,
          4.090986
        ],
        [
          0.56033,
          0.383506,
          -0.734135,
          3.471776
        ],
        [
          0.052709,
          -0.901061,
          -0.430477,
          1.403209
        ],
        [
          0.0,
          0.0,
          0.0,
          1.0
        ]
      ]
    },
    {
      "file_path": "/media/NFS/ttao/scannet/posed_images/scene0024_01/00217.jpg",
      "transform_matrix": [
        [
          -0.787427,
          0.228034,
          -0.572677,
          4.146233
        ],
        [
          0.613355,
          0.382202,
          -0.69117,
          3.477728
        ],
        [
          0.061268,
          -0.895501,
          -0.440823,
          1.394496
        ],
        [
          0.0,
          0.0,
          0.0,
          1.0
        ]
      ]
    },
    {
      "file_path": "/media/NFS/ttao/scannet/posed_images/scene0024_01/00231.jpg",
      "transform_matrix": [
        [
          -0.769646,
          0.238423,
          -0.592283,
          4.390665
        ],
        [
          0.634896,
          0.383834,
          -0.670506,
          3.38347
        ],
        [
          0.067474,
          -0.892091,
          -0.44679,
          1.397974
        ],
        [
          0.0,
          0.0,
          0.0,
          1.0
        ]
      ]
    },
    {
      "file_path": "/media/NFS/ttao/scannet/posed_images/scene0024_01/00233.jpg",
      "transform_matrix": [
        [
          -0.760656,
          0.234902,
          -0.605164,
          4.411891
        ],
        [
          0.644949,
          0.379428,
          -0.663382,
          3.369529
        ],
        [
          0.073786,
          -0.894905,
          -0.440114,
          1.398178
        ],
        [
          0.0,
          0.0,
          0.0,
          1.0
        ]
      ]
    },
    {
      "file_path": "/media/NFS/ttao/scannet/posed_images/scene0024_01/00240.jpg",
      "transform_matrix": [
        [
          -0.721281,
          0.24009,
          -0.649701,
          4.46
        ],
        [
          0.684551,
          0.390061,
          -0.615827,
          3.33945
        ],
        [
          0.105569,
          -0.888937,
          -0.445697,
          1.367411
        ],
        [
          0.0,
          0.0,
          0.0,
          1.0
        ]
      ]
    },
    {
      "file_path": "/media/NFS/ttao/scannet/posed_images/scene0024_01/00253.jpg",
      "transform_matrix": [
        [
          -0.551358,
          0.398114,
          -0.73315,
          4.502604
        ],
        [
          0.828817,
          0.361693,
          -0.426897,
          3.24336
        ],
        [
          0.095222,
          -0.84302,
          -0.529386,
          1.328527
        ],
        [
          0.0,
          0.0,
          0.0,
          1.0
        ]
      ]
    },
    {
      "file_path": "/media/NFS/ttao/scannet/posed_images/scene0024_01/00256.jpg",
      "transform_matrix": [
        [
          -0.53972,
          0.383026,
          -0.749662,
          4.535664
        ],
        [
          0.836182,
          0.347024,
          -0.424704,
          3.206759
        ],
        [
          0.097478,
          -0.856076,
          -0.507575,
          1.330869
        ],
        [
          0.0,
          0.0,
          0.0,
          1.0
        ]
      ]
    },
    {
      "file_path": "/media/NFS/ttao/scannet/posed_images/scene0024_01/00263.jpg",
      "transform_matrix": [
        [
          -0.511317,
          0.394701,
          -0.763391,
          4.613666
        ],
        [
          0.855855,
          0.31438,
          -0.410703,
          3.117864
        ],
        [
          0.07789,
          -0.863352,
          -0.498555,
          1.365255
        ],
        [
          0.0,
          0.0,
          0.0,
          1.0
        ]
      ]
    },
    {
      "file_path": "/media/NFS/ttao/scannet/posed_images/scene0024_01/00269.jpg",
      "transform_matrix": [
        [
          -0.493325,
          0.426018,
          -0.758379,
          4.6954
        ],
        [
          0.868499,
          0.289721,
          -0.402208,
          3.048828
        ],
        [
          0.048371,
          -0.857071,
          -0.512923,
          1.371005
        ],
        [
          0.0,
          0.0,
          0.0,
          1.0
        ]
      ]
    },
    {
      "file_path": "/media/NFS/ttao/scannet/posed_images/scene0024_01/00283.jpg",
      "transform_matrix": [
        [
          -0.539371,
          0.35563,
          -0.763286,
          4.805808
        ],
        [
          0.839353,
          0.299787,
          -0.453447,
          2.884445
        ],
        [
          0.067564,
          -0.885243,
          -0.460196,
          1.396336
        ],
        [
          0.0,
          0.0,
          0.0,
          1.0
        ]
      ]
    },
    {
      "file_path": "/media/NFS/ttao/scannet/posed_images/scene0024_01/00290.jpg",
      "transform_matrix": [
        [
          -0.590273,
          0.310454,
          -0.745115,
          4.821535
        ],
        [
          0.805804,
          0.280971,
          -0.521283,
          2.774029
        ],
        [
          0.047521,
          -0.908115,
          -0.416015,
          1.414054
        ],
        [
          0.0,
          0.0,
          0.0,
          1.0
        ]
      ]
    },
    {
      "file_path": "/media/NFS/ttao/scannet/posed_images/scene0024_01/00294.jpg",
      "transform_matrix": [
        [
          -0.600899,
          0.28554,
          -0.746584,
          4.80716
        ],
        [
          0.797309,
          0.280419,
          -0.534476,
          2.720314
        ],
        [
          0.056742,
          -0.916424,
          -0.396167,
          1.422366
        ],
        [
          0.0,
          0.0,
          0.0,
          1.0
        ]
      ]
    },
    {
      "file_path": "/media/NFS/ttao/scannet/posed_images/scene0024_01/00306.jpg",
      "transform_matrix": [
        [
          -0.635621,
          0.254213,
          -0.728945,
          4.761962
        ],
        [
          0.770875,
          0.259985,
          -0.581515,
          2.567375
        ],
        [
          0.041686,
          -0.931549,
          -0.361219,
          1.452108
        ],
        [
          0.0,
          0.0,
          0.0,
          1.0
        ]
      ]
    },
    {
      "file_path": "/media/NFS/ttao/scannet/posed_images/scene0024_01/00312.jpg",
      "transform_matrix": [
        [
          -0.620565,
          0.233803,
          -0.748489,
          4.756191
        ],
        [
          0.783209,
          0.231688,
          -0.576979,
          2.48969
        ],
        [
          0.038517,
          -0.944276,
          -0.326894,
          1.478149
        ],
        [
          0.0,
          0.0,
          0.0,
          1.0
        ]
      ]
    },
    {
      "file_path": "/media/NFS/ttao/scannet/posed_images/scene0024_01/00315.jpg",
      "transform_matrix": [
        [
          -0.603199,
          0.225358,
          -0.765092,
          4.75834
        ],
        [
          0.796795,
          0.213122,
          -0.565418,
          2.446838
        ],
        [
          0.035637,
          -0.95068,
          -0.308119,
          1.489105
        ],
        [
          0.0,
          0.0,
          0.0,
          1.0
        ]
      ]
    },
    {
      "file_path": "/media/NFS/ttao/scannet/posed_images/scene0024_01/00324.jpg",
      "transform_matrix": [
        [
          -0.579396,
          0.153376,
          -0.800485,
          4.7663
        ],
        [
          0.812916,
          0.179706,
          -0.553961,
          2.340256
        ],
        [
          0.058887,
          -0.97169,
          -0.228802,
          1.520268
        ],
        [
          0.0,
          0.0,
          0.0,
          1.0
        ]
      ]
    },
    {
      "file_path": "/media/NFS/ttao/scannet/posed_images/scene0024_01/00330.jpg",
      "transform_matrix": [
        [
          -0.60911,
          0.138852,
          -0.780836,
          4.767084
        ],
        [
          0.790721,
          0.1823,
          -0.584403,
          2.309174
        ],
        [
          0.061201,
          -0.973389,
          -0.220834,
          1.526996
        ],
        [
          0.0,
          0.0,
          0.0,
          1.0
        ]
      ]
    },
    {
      "file_path": "/media/NFS/ttao/scannet/posed_images/scene0024_01/00344.jpg",
      "transform_matrix": [
        [
          -0.707733,
          0.200518,
          -0.677426,
          4.782232
        ],
        [
          0.705666,
          0.246662,
          -0.664224,
          2.299917
        ],
        [
          0.033906,
          -0.94813,
          -0.31607,
          1.452617
        ],
        [
          0.0,
          0.0,
          0.0,
          1.0
        ]
      ]
    },
    {
      "file_path": "/media/NFS/ttao/scannet/posed_images/scene0024_01/00346.jpg",
      "transform_matrix": [
        [
          -0.71625,
          0.215056,
          -0.663881,
          4.785096
        ],
        [
          0.696977,
          0.267878,
          -0.665181,
          2.303152
        ],
        [
          0.034788,
          -0.939145,
          -0.341756,
          1.43421
        ],
        [
          0.0,
          0.0,
          0.0,
          1.0
        ]
      ]
    },
    {
      "file_path": "/media/NFS/ttao/scannet/posed_images/scene0024_01/00355.jpg",
      "transform_matrix": [
        [
          -0.761528,
          0.27522,
          -0.586795,
          4.786743
        ],
        [
          0.647098,
          0.373975,
          -0.664384,
          2.340985
        ],
        [
          0.036595,
          -0.885661,
          -0.462887,
          1.367242
        ],
        [
          0.0,
          0.0,
          0.0,
          1.0
        ]
      ]
    },
    {
      "file_path": "/media/NFS/ttao/scannet/posed_images/scene0024_01/00364.jpg",
      "transform_matrix": [
        [
          -0.787745,
          0.291952,
          -0.542423,
          4.80724
        ],
        [
          0.615987,
          0.379515,
          -0.690311,
          2.319226
        ],
        [
          0.00432,
          -0.877914,
          -0.478799,
          1.411722
        ],
        [
          0.0,
          0.0,
          0.0,
          1.0
        ]
      ]
    },
    {
      "file_path": "/media/NFS/ttao/scannet/posed_images/scene0024_01/00369.jpg",
      "transform_matrix": [
        [
          -0.805295,
          0.271334,
          -0.527141,
          4.829163
        ],
        [
          0.59287,
          0.365128,
          -0.717765,
          2.311007
        ],
        [
          -0.00228,
          -0.890539,
          -0.454902,
          1.418954
        ],
        [
          0.0,
          0.0,
          0.0,
          1.0
        ]
      ]
    },
    {
      "file_path": "/media/NFS/ttao/scannet/posed_images/scene0024_01/00376.jpg",
      "transform_matrix": [
        [
          -0.820435,
          0.245529,
          -0.516335,
          4.849984
        ],
        [
          0.571737,
          0.349263,
          -0.742383,
          2.295309
        ],
        [
          -0.00194,
          -0.904285,
          -0.426926,
          1.455698
        ],
        [
          0.0,
          0.0,
          0.0,
          1.0
        ]
      ]
    },
    {
      "file_path": "/media/NFS/ttao/scannet/posed_images/scene0024_01/00382.jpg",
      "transform_matrix": [
        [
          -0.837355,
          0.209902,
          -0.504755,
          4.855728
        ],
        [
          0.546537,
          0.301929,
          -0.781112,
          2.325425
        ],
        [
          -0.011557,
          -0.929936,
          -0.367541,
          1.465076
        ],
        [
          0.0,
          0.0,
          0.0,
          1.0
        ]
      ]
    },
    {
      "file_path": "/media/NFS/ttao/scannet/posed_images/scene0024_01/00394.jpg",
      "transform_matrix": [
        [
          -0.868443,
          0.134846,
          -0.477099,
          4.849199
        ],
        [
          0.495549,
          0.20613,
          -0.843767,
          2.449977
        ],
        [
          -0.015434,
          -0.969189,
          -0.245834,
          1.513241
        ],
        [
          0.0,
          0.0,
          0.0,
          1.0
        ]
      ]
    },
    {
      "file_path": "/media/NFS/ttao/scannet/posed_images/scene0024_01/00401.jpg",
      "transform_matrix": [
        [
          -0.866662,
          0.117204,
          -0.484932,
          4.839573
        ],
        [
          0.498602,
          0.170172,
          -0.849963,
          2.506236
        ],
        [
          -0.017097,
          -0.97842,
          -0.20592,
          1.570916
        ],
        [
          0.0,
          0.0,
          0.0,
          1.0
        ]
      ]
    },
    {
      "file_path": "/media/NFS/ttao/scannet/posed_images/scene0024_01/00407.jpg",
      "transform_matrix": [
        [
          -0.8678,
          0.105093,
          -0.485674,
          4.834497
        ],
        [
          0.495994,
          0.123741,
          -0.859464,
          2.541282
        ],
        [
          -0.030226,
          -0.986734,
          -0.159508,
          1.6069
        ],
        [
          0.0,
          0.0,
          0.0,
          1.0
        ]
      ]
    },
    {
      "file_path": "/media/NFS/ttao/scannet/posed_images/scene0024_01/00416.jpg",
      "transform_matrix": [
        [
          -0.865502,
          0.062444,
          -0.496999,
          4.832655
        ],
        [
          0.500736,
          0.082012,
          -0.861706,
          2.561056
        ],
        [
          -0.013048,
          -0.994673,
          -0.102249,
          1.635357
        ],
        [
          0.0,
          0.0,
          0.0,
          1.0
        ]
      ]
    },
    {
      "file_path": "/media/NFS/ttao/scannet/posed_images/scene0024_01/00421.jpg",
      "transform_matrix": [
        [
          -0.86586,
          0.043927,
          -0.498354,
          4.855211
        ],
        [
          0.500269,
          0.067512,
          -0.863234,
          2.553155
        ],
        [
          -0.004274,
          -0.996751,
          -0.080431,
          1.644228
        ],
        [
          0.0,
          0.0,
          0.0,
          1.0
        ]
      ]
    },
    {
      "file_path": "/media/NFS/ttao/scannet/posed_images/scene0024_01/00432.jpg",
      "transform_matrix": [
        [
          -0.87094,
          0.024457,
          -0.490779,
          4.94473
        ],
        [
          0.49132,
          0.026717,
          -0.870569,
          2.508688
        ],
        [
          -0.008179,
          -0.999344,
          -0.035285,
          1.651205
        ],
        [
          0.0,
          0.0,
          0.0,
          1.0
        ]
      ]
    },
    {
      "file_path": "/media/NFS/ttao/scannet/posed_images/scene0024_01/00439.jpg",
      "transform_matrix": [
        [
          -0.892361,
          0.035779,
          -0.449901,
          5.026657
        ],
        [
          0.451191,
          0.046709,
          -0.891205,
          2.48262
        ],
        [
          -0.010872,
          -0.998268,
          -0.057824,
          1.646724
        ],
        [
          0.0,
          0.0,
          0.0,
          1.0
        ]
      ]
    },
    {
      "file_path": "/media/NFS/ttao/scannet/posed_images/scene0024_01/00448.jpg",
      "transform_matrix": [
        [
          -0.90737,
          0.015177,
          -0.420058,
          5.076978
        ],
        [
          0.419784,
          0.083717,
          -0.903755,
          2.470733
        ],
        [
          0.02145,
          -0.996374,
          -0.082333,
          1.580174
        ],
        [
          0.0,
          0.0,
          0.0,
          1.0
        ]
      ]
    },
    {
      "file_path": "/media/NFS/ttao/scannet/posed_images/scene0024_01/00450.jpg",
      "transform_matrix": [
        [
          -0.911267,
          0.019766,
          -0.411342,
          5.062377
        ],
        [
          0.410972,
          0.10758,
          -0.905278,
          2.479255
        ],
        [
          0.026358,
          -0.994,
          -0.106157,
          1.588533
        ],
        [
          0.0,
          0.0,
          0.0,
          1.0
        ]
      ]
    },
    {
      "file_path": "/media/NFS/ttao/scannet/posed_images/scene0024_01/00462.jpg",
      "transform_matrix": [
        [
          -0.927462,
          0.062445,
          -0.368666,
          5.061302
        ],
        [
          0.372421,
          0.242377,
          -0.895855,
          2.487578
        ],
        [
          0.033415,
          -0.968171,
          -0.248051,
          1.496444
        ],
        [
          0.0,
          0.0,
          0.0,
          1.0
        ]
      ]
    },
    {
      "file_path": "/media/NFS/ttao/scannet/posed_images/scene0024_01/00466.jpg",
      "transform_matrix": [
        [
          -0.925548,
          0.103369,
          -0.364245,
          5.060166
        ],
        [
          0.378144,
          0.301039,
          -0.875433,
          2.476876
        ],
        [
          0.019159,
          -0.947993,
          -0.317714,
          1.465688
        ],
        [
          0.0,
          0.0,
          0.0,
          1.0
        ]
      ]
    },
    {
      "file_path": "/media/NFS/ttao/scannet/posed_images/scene0024_01/00475.jpg",
      "transform_matrix": [
        [
          -0.921886,
          0.144716,
          -0.359421,
          5.050523
        ],
        [
          0.387079,
          0.385174,
          -0.837742,
          2.461309
        ],
        [
          0.017204,
          -0.911427,
          -0.411103,
          1.426587
        ],
        [
          0.0,
          0.0,
          0.0,
          1.0
        ]
      ]
    },
    {
      "file_path": "/media/NFS/ttao/scannet/posed_images/scene0024_01/00484.jpg",
      "transform_matrix": [
        [
          -0.929436,
          0.154112,
          -0.335259,
          5.063596
        ],
        [
          0.368709,
          0.422964,
          -0.827741,
          2.451253
        ],
        [
          0.014238,
          -0.892945,
          -0.44994,
          1.416796
        ],
        [
          0.0,
          0.0,
          0.0,
          1.0
        ]
      ]
    },
    {
      "file_path": "/media/NFS/ttao/scannet/posed_images/scene0024_01/00493.jpg",
      "transform_matrix": [
        [
          -0.949372,
          0.153625,
          -0.274028,
          5.040689
        ],
        [
          0.313694,
          0.416417,
          -0.853343,
          2.491927
        ],
        [
          -0.016985,
          -0.896101,
          -0.443526,
          1.399949
        ],
        [
          0.0,
          0.0,
          0.0,
          1.0
        ]
      ]
    },
    {
      "file_path": "/media/NFS/ttao/scannet/posed_images/scene0024_01/00496.jpg",
      "transform_matrix": [
        [
          -0.949888,
          0.159576,
          -0.268789,
          5.00906
        ],
        [
          0.311721,
          0.419542,
          -0.852534,
          2.5126
        ],
        [
          -0.023276,
          -0.8936,
          -0.448261,
          1.39018
        ],
        [
          0.0,
          0.0,
          0.0,
          1.0
        ]
      ]
    },
    {
      "file_path": "/media/NFS/ttao/scannet/posed_images/scene0024_01/00507.jpg",
      "transform_matrix": [
        [
          -0.983103,
          0.114023,
          -0.143205,
          4.855085
        ],
        [
          0.180899,
          0.48548,
          -0.855327,
          2.613247
        ],
        [
          -0.028004,
          -0.86678,
          -0.497904,
          1.374916
        ],
        [
          0.0,
          0.0,
          0.0,
          1.0
        ]
      ]
    },
    {
      "file_path": "/media/NFS/ttao/scannet/posed_images/scene0024_01/00514.jpg",
      "transform_matrix": [
        [
          -0.986265,
          0.101542,
          -0.13027,
          4.732367
        ],
        [
          0.163825,
          0.500915,
          -0.84985,
          2.636173
        ],
        [
          -0.021042,
          -0.859519,
          -0.510671,
          1.365811
        ],
        [
          0.0,
          0.0,
          0.0,
          1.0
        ]
      ]
    },
    {
      "file_path": "/media/NFS/ttao/scannet/posed_images/scene0024_01/00523.jpg",
      "transform_matrix": [
        [
          -0.989646,
          0.061725,
          -0.129579,
          4.550002
        ],
        [
          0.143243,
          0.481762,
          -0.864515,
          2.638336
        ],
        [
          0.009064,
          -0.874125,
          -0.485616,
          1.318146
        ],
        [
          0.0,
          0.0,
          0.0,
          1.0
        ]
      ]
    },
    {
      "file_path": "/media/NFS/ttao/scannet/posed_images/scene0024_01/00527.jpg",
      "transform_matrix": [
        [
          -0.994418,
          0.046489,
          -0.094718,
          4.449557
        ],
        [
          0.105285,
          0.496,
          -0.861916,
          2.617361
        ],
        [
          0.00691,
          -0.867077,
          -0.498126,
          1.327827
        ],
        [
          0.0,
          0.0,
          0.0,
          1.0
        ]
      ]
    },
    {
      "file_path": "/media/NFS/ttao/scannet/posed_images/scene0024_01/00534.jpg",
      "transform_matrix": [
        [
          -0.99932,
          0.007609,
          -0.036072,
          4.273986
        ],
        [
          0.035182,
          0.489207,
          -0.871458,
          2.585478
        ],
        [
          0.011015,
          -0.872135,
          -0.489142,
          1.37628
        ],
        [
          0.0,
          0.0,
          0.0,
          1.0
        ]
      ]
    },
    {
      "file_path": "/media/NFS/ttao/scannet/posed_images/scene0024_01/00543.jpg",
      "transform_matrix": [
        [
          -0.991496,
          -0.059285,
          0.115845,
          4.071277
        ],
        [
          -0.130131,
          0.457178,
          -0.879804,
          2.622915
        ],
        [
          -0.000803,
          -0.887397,
          -0.461005,
          1.347393
        ],
        [
          0.0,
          0.0,
          0.0,
          1.0
        ]
      ]
    },
    {
      "file_path": "/media/NFS/ttao/scannet/posed_images/scene0024_01/00554.jpg",
      "transform_matrix": [
        [
          -0.95606,
          -0.075724,
          0.283224,
          3.913775
        ],
        [
          -0.284633,
          0.471209,
          -0.834833,
          2.606547
        ],
        [
          -0.070241,
          -0.878765,
          -0.472058,
          1.339689
        ],
        [
          0.0,
          0.0,
          0.0,
          1.0
        ]
      ]
    },
    {
      "file_path": "/media/NFS/ttao/scannet/posed_images/scene0024_01/00561.jpg",
      "transform_matrix": [
        [
          -0.937994,
          -0.09962,
          0.332028,
          3.869447
        ],
        [
          -0.336644,
          0.490259,
          -0.803939,
          2.561632
        ],
        [
          -0.082691,
          -0.865865,
          -0.493396,
          1.340906
        ],
        [
          0.0,
          0.0,
          0.0,
          1.0
        ]
      ]
    },
    {
      "file_path": "/media/NFS/ttao/scannet/posed_images/scene0024_01/00566.jpg",
      "transform_matrix": [
        [
          -0.930781,
          -0.125956,
          0.343194,
          3.860628
        ],
        [
          -0.359591,
          0.484643,
          -0.79738,
          2.542941
        ],
        [
          -0.065892,
          -0.865596,
          -0.496389,
          1.333854
        ],
        [
          0.0,
          0.0,
          0.0,
          1.0
        ]
      ]
    },
    {
      "file_path": "/media/NFS/ttao/scannet/posed_images/scene0024_01/00573.jpg",
      "transform_matrix": [
        [
          -0.926466,
          -0.13849,
          0.349974,
          3.847627
        ],
        [
          -0.370014,
          0.505413,
          -0.779517,
          2.514109
        ],
        [
          -0.068926,
          -0.851691,
          -0.519491,
          1.34401
        ],
        [
          0.0,
          0.0,
          0.0,
          1.0
        ]
      ]
    },
    {
      "file_path": "/media/NFS/ttao/scannet/posed_images/scene0024_01/00579.jpg",
      "transform_matrix": [
        [
          -0.937603,
          -0.149164,
          0.314086,
          3.885499
        ],
        [
          -0.346867,
          0.463976,
          -0.815113,
          2.526209
        ],
        [
          -0.024143,
          -0.873199,
          -0.486765,
          1.36601
