{
  "frames": [
    {
      "file_path": "/media/NFS/ttao/scannet/posed_images/scene0153_00/00000.jpg",
      "transform_matrix": [
        [
          -0.221984,
          0.421429,
          -0.879273,
          3.155292
        ],
        [
          0.97466,
          0.121427,
          -0.187867,
          0.483793
        ],
        [
          0.027595,
          -0.898695,
          -0.437705,
          1.35371
        ],
        [
          0.0,
          0.0,
          0.0,
          1.0
        ]
      ]
    },
    {
      "file_path": "/media/NFS/ttao/scannet/posed_images/scene0153_00/00002.jpg",
      "transform_matrix": [
        [
          -0.22378,
          0.416079,
          -0.881363,
          3.157156
        ],
        [
          0.973939,
          0.129755,
          -0.18603,
          0.483591
        ],
        [
          0.036958,
          -0.900023,
          -0.434273,
          1.355072
        ],
        [
          0.0,
          0.0,
          0.0,
          1.0
        ]
      ]
    },
    {
      "file_path": "/media/NFS/ttao/scannet/posed_images/scene0153_00/00003.jpg",
      "transform_matrix": [
        [
          -0.223193,
          0.415497,
          -0.881786,
          3.157208
        ],
        [
          0.973999,
          0.131126,
          -0.184746,
          0.483314
        ],
        [
          0.038864,
          -0.900094,
          -0.43396,
          1.355186
        ],
        [
          0.0,
          0.0,
          0.0,
          1.0
        ]
      ]
    },
    {
      "file_path": "/media/NFS/ttao/scannet/posed_images/scene0153_00/00005.jpg",
      "transform_matrix": [
        [
          -0.220737,
          0.418261,
          -0.881097,
          3.156556
        ],
        [
          0.974487,
          0.132196,
          -0.181379,
          0.483813
        ],
        [
          0.040614,
          -0.898656,
          -0.436771,
          1.355428
        ],
        [
          0.0,
          0.0,
          0.0,
          1.0
        ]
      ]
    },
    {
      "file_path": "/media/NFS/ttao/scannet/posed_images/scene0153_00/00007.jpg",
      "transform_matrix": [
        [
          -0.218784,
          0.421456,
          -0.880062,
          3.156065
        ],
        [
          0.974938,
          0.131735,
          -0.179283,
          0.484712
        ],
        [
          0.040375,
          -0.89723,
          -0.439715,
          1.354012
        ],
        [
          0.0,
          0.0,
          0.0,
          1.0
        ]
      ]
    },
    {
      "file_path": "/media/NFS/ttao/scannet/posed_images/scene0153_00/00009.jpg",
      "transform_matrix": [
        [
          -0.215665,
          0.423756,
          -0.879727,
          3.155366
        ],
        [
          0.975658,
          0.130183,
          -0.176474,
          0.486351
        ],
        [
          0.039743,
          -0.896373,
          -0.441517,
          1.353433
        ],
        [
          0.0,
          0.0,
          0.0,
          1.0
        ]
      ]
    },
    {
      "file_path": "/media/NFS/ttao/scannet/posed_images/scene0153_00/00011.jpg",
      "transform_matrix": [
        [
          -0.205191,
          0.437081,
          -0.875704,
          3.153415
        ],
        [
          0.978085,
          0.123844,
          -0.167367,
          0.492183
        ],
        [
          0.035298,
          -0.890855,
          -0.452914,
          1.349484
        ],
        [
          0.0,
          0.0,
          0.0,
          1.0
        ]
      ]
    },
    {
      "file_path": "/media/NFS/ttao/scannet/posed_images/scene0153_00/00013.jpg",
      "transform_matrix": [
        [
          -0.195139,
          0.465542,
          -0.863245,
          3.149187
        ],
        [
          0.980475,
          0.114385,
          -0.159952,
          0.49697
        ],
        [
          0.024278,
          -0.877603,
          -0.478773,
          1.34135
        ],
        [
          0.0,
          0.0,
          0.0,
          1.0
        ]
      ]
    },
    {
      "file_path": "/media/NFS/ttao/scannet/posed_images/scene0153_00/00016.jpg",
      "transform_matrix": [
        [
          -0.172597,
          0.508023,
          -0.843874,
          3.14675
        ],
        [
          0.984931,
          0.098588,
          -0.142096,
          0.507337
        ],
        [
          0.011008,
          -0.855683,
          -0.517384,
          1.315689
        ],
        [
          0.0,
          0.0,
          0.0,
          1.0
        ]
      ]
    },
    {
      "file_path": "/media/NFS/ttao/scannet/posed_images/scene0153_00/00018.jpg",
      "transform_matrix": [
        [
          -0.158307,
          0.533595,
          -0.830792,
          3.147613
        ],
        [
          0.987357,
          0.092405,
          -0.128791,
          0.514338
        ],
        [
          0.008048,
          -0.840677,
          -0.541477,
          1.299335
        ],
        [
          0.0,
          0.0,
          0.0,
          1.0
        ]
      ]
    },
    {
      "file_path": "/media/NFS/ttao/scannet/posed_images/scene0153_00/00019.jpg",
      "transform_matrix": [
        [
          -0.156356,
          0.539841,
          -0.827118,
          3.147732
        ],
        [
          0.987668,
          0.092242,
          -0.126502,
          0.517964
        ],
        [
          0.008004,
          -0.836698,
          -0.547607,
          1.293246
        ],
        [
          0.0,
          0.0,
          0.0,
          1.0
        ]
      ]
    },
    {
      "file_path": "/media/NFS/ttao/scannet/posed_images/scene0153_00/00021.jpg",
      "transform_matrix": [
        [
          -0.145011,
          0.551992,
          -0.821143,
          3.151934
        ],
        [
          0.989426,
          0.08323,
          -0.11878,
          0.534787
        ],
        [
          0.002778,
          -0.829685,
          -0.558225,
          1.275095
        ],
        [
          0.0,
          0.0,
          0.0,
          1.0
        ]
      ]
    },
    {
      "file_path": "/media/NFS/ttao/scannet/posed_images/scene0153_00/00023.jpg",
      "transform_matrix": [
        [
          -0.128745,
          0.563457,
          -0.816052,
          3.153823
        ],
        [
          0.991678,
          0.072746,
          -0.106224,
          0.54203
        ],
        [
          -0.000488,
          -0.822936,
          -0.568134,
          1.267401
        ],
        [
          0.0,
          0.0,
          0.0,
          1.0
        ]
      ]
    },
    {
      "file_path": "/media/NFS/ttao/scannet/posed_images/scene0153_00/00025.jpg",
      "transform_matrix": [
        [
          -0.09287,
          0.587717,
          -0.803718,
          3.151313
        ],
        [
          0.995671,
          0.057877,
          -0.072727,
          0.557452
        ],
        [
          0.003774,
          -0.806993,
          -0.590548,
          1.261101
        ],
        [
          0.0,
          0.0,
          0.0,
          1.0
        ]
      ]
    },
    {
      "file_path": "/media/NFS/ttao/scannet/posed_images/scene0153_00/00028.jpg",
      "transform_matrix": [
        [
          -0.029983,
          0.603702,
          -0.796645,
          3.150462
        ],
        [
          0.999422,
          0.03089,
          -0.014206,
          0.577332
        ],
        [
          0.016032,
          -0.796611,
          -0.60428,
          1.255152
        ],
        [
          0.0,
          0.0,
          0.0,
          1.0
        ]
      ]
    },
    {
      "file_path": "/media/NFS/ttao/scannet/posed_images/scene0153_00/00029.jpg",
      "transform_matrix": [
        [
          -0.00902,
          0.603271,
          -0.797485,
          3.151086
        ],
        [
          0.99976,
          0.021357,
          0.004848,
          0.579953
        ],
        [
          0.019956,
          -0.79725,
          -0.603319,
          1.253964
        ],
        [
          0.0,
          0.0,
          0.0,
          1.0
        ]
      ]
    },
    {
      "file_path": "/media/NFS/ttao/scannet/posed_images/scene0153_00/00030.jpg",
      "transform_matrix": [
        [
          0.004961,
          0.599946,
          -0.800025,
          3.151311
        ],
        [
          0.999863,
          0.009645,
          0.013434,
          0.600337
        ],
        [
          0.015776,
          -0.799982,
          -0.599816,
          1.246519
        ],
        [
          0.0,
          0.0,
          0.0,
          1.0
        ]
      ]
    },
    {
      "file_path": "/media/NFS/ttao/scannet/posed_images/scene0153_00/00033.jpg",
      "transform_matrix": [
        [
          0.095875,
          0.588925,
          -0.80248,
          3.146673
        ],
        [
          0.994918,
          -0.031786,
          0.09554,
          0.614407
        ],
        [
          0.030759,
          -0.807562,
          -0.58898,
          1.251652
        ],
        [
          0.0,
          0.0,
          0.0,
          1.0
        ]
      ]
    },
    {
      "file_path": "/media/NFS/ttao/scannet/posed_images/scene0153_00/00034.jpg",
      "transform_matrix": [
        [
          0.117671,
          0.584587,
          -0.802752,
          3.144353
        ],
        [
          0.992502,
          -0.042316,
          0.11467,
          0.620106
        ],
        [
          0.033065,
          -0.810227,
          -0.585184,
          1.25321
        ],
        [
          0.0,
          0.0,
          0.0,
          1.0
        ]
      ]
    },
    {
      "file_path": "/media/NFS/ttao/scannet/posed_images/scene0153_00/00036.jpg",
      "transform_matrix": [
        [
          0.161564,
          0.576789,
          -0.800757,
          3.139618
        ],
        [
          0.986121,
          -0.062924,
          0.153639,
          0.628261
        ],
        [
          0.03823,
          -0.814466,
          -0.57895,
          1.257285
        ],
        [
          0.0,
          0.0,
          0.0,
          1.0
        ]
      ]
    },
    {
      "file_path": "/media/NFS/ttao/scannet/posed_images/scene0153_00/00039.jpg",
      "transform_matrix": [
        [
          0.250736,
          0.556235,
          -0.792297,
          3.126796
        ],
        [
          0.966839,
          -0.102883,
          0.233744,
          0.638333
        ],
        [
          0.048503,
          -0.824632,
          -0.563586,
          1.26076
        ],
        [
          0.0,
          0.0,
          0.0,
          1.0
        ]
      ]
    },
    {
      "file_path": "/media/NFS/ttao/scannet/posed_images/scene0153_00/00040.jpg",
      "transform_matrix": [
        [
          0.264465,
          0.551623,
          -0.791056,
          3.124787
        ],
        [
          0.963027,
          -0.107371,
          0.247085,
          0.651083
        ],
        [
          0.051362,
          -0.827154,
          -0.559623,
          1.255452
        ],
        [
          0.0,
          0.0,
          0.0,
          1.0
        ]
      ]
    },
    {
      "file_path": "/media/NFS/ttao/scannet/posed_images/scene0153_00/00042.jpg",
      "transform_matrix": [
        [
          0.307774,
          0.542195,
          -0.781857,
          3.11232
        ],
        [
          0.949597,
          -0.123661,
          0.28805,
          0.649186
        ],
        [
          0.059494,
          -0.831103,
          -0.552926,
          1.25739
        ],
        [
          0.0,
          0.0,
          0.0,
          1.0
        ]
      ]
    },
    {
      "file_path": "/media/NFS/ttao/scannet/posed_images/scene0153_00/00045.jpg",
      "transform_matrix": [
        [
          0.393442,
          0.515675,
          -0.761106,
          3.083491
        ],
        [
          0.916949,
          -0.160324,
          0.365378,
          0.648444
        ],
        [
          0.066393,
          -0.84165,
          -0.535926,
          1.267053
        ],
        [
          0.0,
          0.0,
          0.0,
          1.0
        ]
      ]
    },
    {
      "file_path": "/media/NFS/ttao/scannet/posed_images/scene0153_00/00046.jpg",
      "transform_matrix": [
        [
          0.412639,
          0.507968,
          -0.756106,
          3.077063
        ],
        [
          0.908646,
          -0.171258,
          0.380832,
          0.647952
        ],
        [
          0.063961,
          -0.844179,
          -0.532231,
          1.269612
        ],
        [
          0.0,
          0.0,
          0.0,
          1.0
        ]
      ]
    },
    {
      "file_path": "/media/NFS/ttao/scannet/posed_images/scene0153_00/00049.jpg",
      "transform_matrix": [
        [
          0.469126,
          0.477789,
          -0.742723,
          3.049098
        ],
        [
          0.881661,
          -0.204882,
          0.425084,
          0.64022
        ],
        [
          0.05093,
          -0.854249,
          -0.517364,
          1.27779
        ],
        [
          0.0,
          0.0,
          0.0,
          1.0
        ]
      ]
    },
    {
      "file_path": "/media/NFS/ttao/scannet/posed_images/scene0153_00/00050.jpg",
      "transform_matrix": [
        [
          0.476929,
          0.471643,
          -0.741682,
          3.044641
        ],
        [
          0.877589,
          -0.208736,
          0.431585,
          0.640933
        ],
        [
          0.048739,
          -0.856728,
          -0.513461,
          1.276736
        ],
        [
          0.0,
          0.0,
          0.0,
          1.0
        ]
      ]
    },
    {
      "file_path": "/media/NFS/ttao/scannet/posed_images/scene0153_00/00053.jpg",
      "transform_matrix": [
        [
          0.506346,
          0.452261,
          -0.734216,
          3.018632
        ],
        [
          0.861124,
          -0.22017,
          0.458247,
          0.628251
        ],
        [
          0.045595,
          -0.864283,
          -0.500935,
          1.286846
        ],
        [
          0.0,
          0.0,
          0.0,
          1.0
        ]
      ]
    },
    {
      "file_path": "/media/NFS/ttao/scannet/posed_images/scene0153_00/00054.jpg",
      "transform_matrix": [
        [
          0.511815,
          0.445664,
          -0.734458,
          3.013832
        ],
        [
          0.857917,
          -0.22038,
          0.464124,
          0.625928
        ],
        [
          0.044983,
          -0.86765,
          -0.495137,
          1.289782
        ],
        [
          0.0,
          0.0,
          0.0,
          1.0
        ]
      ]
    },
    {
      "file_path": "/media/NFS/ttao/scannet/posed_images/scene0153_00/00057.jpg",
      "transform_matrix": [
        [
          0.530412,
          0.421279,
          -0.735654,
          2.995102
        ],
        [
          0.84666,
          -0.219458,
          0.484773,
          0.614115
        ],
        [
          0.042779,
          -0.879979,
          -0.473083,
          1.300063
        ],
        [
          0.0,
          0.0,
          0.0,
          1.0
        ]
      ]
    },
    {
      "file_path": "/media/NFS/ttao/scannet/posed_images/scene0153_00/00058.jpg",
      "transform_matrix": [
        [
          0.534125,
          0.418723,
          -0.734426,
          2.990339
        ],
        [
          0.844289,
          -0.21957,
          0.48884,
          0.612961
        ],
        [
          0.043431,
          -0.88117,
          -0.470801,
          1.303506
        ],
        [
          0.0,
          0.0,
          0.0,
          1.0
        ]
      ]
    },
    {
      "file_path": "/media/NFS/ttao/scannet/posed_images/scene0153_00/00060.jpg",
      "transform_matrix": [
        [
          0.539207,
          0.409883,
          -0.735698,
          2.986146
        ],
        [
          0.840996,
          -0.215901,
          0.496096,
          0.611531
        ],
        [
          0.044504,
          -0.886218,
          -0.461126,
          1.305838
        ],
        [
          0.0,
          0.0,
          0.0,
          1.0
        ]
      ]
    },
    {
      "file_path": "/media/NFS/ttao/scannet/posed_images/scene0153_00/00062.jpg",
      "transform_matrix": [
        [
          0.545604,
          0.394566,
          -0.739347,
          2.979222
        ],
        [
          0.83678,
          -0.208081,
          0.506459,
          0.607468
        ],
        [
          0.045987,
          -0.894997,
          -0.443695,
          1.313592
        ],
        [
          0.0,
          0.0,
          0.0,
          1.0
        ]
      ]
    },
    {
      "file_path": "/media/NFS/ttao/scannet/posed_images/scene0153_00/00063.jpg",
      "transform_matrix": [
        [
          0.546396,
          0.390295,
          -0.741027,
          2.976856
        ],
        [
          0.836283,
          -0.206056,
          0.508105,
          0.60667
        ],
        [
          0.045618,
          -0.897336,
          -0.438985,
          1.315626
        ],
        [
          0.0,
          0.0,
          0.0,
          1.0
        ]
      ]
    },
    {
      "file_path": "/media/NFS/ttao/scannet/posed_images/scene0153_00/00066.jpg",
      "transform_matrix": [
        [
          0.54423,
          0.381015,
          -0.747423,
          2.968398
        ],
        [
          0.837401,
          -0.192853,
          0.511436,
          0.604616
        ],
        [
          0.050722,
          -0.904232,
          -0.424019,
          1.328007
        ],
        [
          0.0,
          0.0,
          0.0,
          1.0
        ]
      ]
    },
    {
      "file_path": "/media/NFS/ttao/scannet/posed_images/scene0153_00/00067.jpg",
      "transform_matrix": [
        [
          0.544691,
          0.376714,
          -0.749265,
          2.96726
        ],
        [
          0.837128,
          -0.19066,
          0.512704,
          0.60492
        ],
        [
          0.050288,
          -0.906496,
          -0.419209,
          1.329432
        ],
        [
          0.0,
          0.0,
          0.0,
          1.0
        ]
      ]
    },
    {
      "file_path": "/media/NFS/ttao/scannet/posed_images/scene0153_00/00069.jpg",
      "transform_matrix": [
        [
          0.546444,
          0.366991,
          -0.752806,
          2.962656
        ],
        [
          0.836018,
          -0.185664,
          0.516335,
          0.605028
        ],
        [
          0.049722,
          -0.911508,
          -0.408266,
          1.337011
        ],
        [
          0.0,
          0.0,
          0.0,
          1.0
        ]
      ]
    },
    {
      "file_path": "/media/NFS/ttao/scannet/posed_images/scene0153_00/00072.jpg",
      "transform_matrix": [
        [
          0.54508,
          0.338129,
          -0.767174,
          2.95732
        ],
        [
          0.837363,
          -0.174428,
          0.518071,
          0.611585
        ],
        [
          0.041358,
          -0.924794,
          -0.378214,
          1.349375
        ],
        [
          0.0,
          0.0,
          0.0,
          1.0
        ]
      ]
    },
    {
      "file_path": "/media/NFS/ttao/scannet/posed_images/scene0153_00/00073.jpg",
      "transform_matrix": [
        [
          0.545683,
          0.32996,
          -0.770296,
          2.955003
        ],
        [
          0.837079,
          -0.17174,
          0.519427,
          0.612738
        ],
        [
          0.039099,
          -0.928241,
          -0.369918,
          1.352555
        ],
        [
          0.0,
          0.0,
          0.0,
          1.0
        ]
      ]
    },
    {
      "file_path": "/media/NFS/ttao/scannet/posed_images/scene0153_00/00076.jpg",
      "transform_matrix": [
        [
          0.538865,
          0.295127,
          -0.789002,
          2.950418
        ],
        [
          0.84205,
          -0.162019,
          0.514492,
          0.623101
        ],
        [
          0.024008,
          -0.941621,
          -0.335818,
          1.367167
        ],
        [
          0.0,
          0.0,
          0.0,
          1.0
        ]
      ]
    },
    {
      "file_path": "/media/NFS/ttao/scannet/posed_images/scene0153_00/00077.jpg",
      "transform_matrix": [
        [
          0.536235,
          0.288632,
          -0.793185,
          2.949211
        ],
        [
          0.84381,
          -0.160058,
          0.512217,
          0.626479
        ],
        [
          0.020887,
          -0.943967,
          -0.329379,
          1.370875
        ],
        [
          0.0,
          0.0,
          0.0,
          1.0
        ]
      ]
    },
    {
      "file_path": "/media/NFS/ttao/scannet/posed_images/scene0153_00/00080.jpg",
      "transform_matrix": [
        [
          0.540875,
          0.278371,
          -0.793702,
          2.947501
        ],
        [
          0.840945,
          -0.160709,
          0.516704,
          0.638902
        ],
        [
          0.01628,
          -0.946933,
          -0.321019,
          1.373963
        ],
        [
          0.0,
          0.0,
          0.0,
          1.0
        ]
      ]
    },
    {
      "file_path": "/media/NFS/ttao/scannet/posed_images/scene0153_00/00082.jpg",
      "transform_matrix": [
        [
          0.555532,
          0.285203,
          -0.781053,
          2.940929
        ],
        [
          0.831398,
          -0.176148,
          0.52702,
          0.653082
        ],
        [
          0.012726,
          -0.942142,
          -0.334973,
          1.376845
        ],
        [
          0.0,
          0.0,
          0.0,
          1.0
        ]
      ]
    },
    {
      "file_path": "/media/NFS/ttao/scannet/posed_images/scene0153_00/00084.jpg",
      "transform_matrix": [
        [
          0.564147,
          0.291948,
          -0.772337,
          2.938571
        ],
        [
          0.825599,
          -0.186861,
          0.532418,
          0.662382
        ],
        [
          0.011119,
          -0.938003,
          -0.346449,
          1.373763
        ],
        [
          0.0,
          0.0,
          0.0,
          1.0
        ]
      ]
    },
    {
      "file_path": "/media/NFS/ttao/scannet/posed_images/scene0153_00/00085.jpg",
      "transform_matrix": [
        [
          0.57374,
          0.300734,
          -0.761827,
          2.936968
        ],
        [
          0.818985,
          -0.200089,
          0.5378,
          0.67181
        ],
        [
          0.009301,
          -0.932482,
          -0.361096,
          1.36761
        ],
        [
          0.0,
          0.0,
          0.0,
          1.0
        ]
      ]
    },
    {
      "file_path": "/media/NFS/ttao/scannet/posed_images/scene0153_00/00087.jpg",
      "transform_matrix": [
        [
          0.58879,
          0.302022,
          -0.749739,
          2.935552
        ],
        [
          0.808254,
          -0.211749,
          0.549443,
          0.679738
        ],
        [
          0.007187,
          -0.929487,
          -0.368786,
          1.361429
        ],
        [
          0.0,
          0.0,
          0.0,
          1.0
        ]
      ]
    },
    {
      "file_path": "/media/NFS/ttao/scannet/posed_images/scene0153_00/00090.jpg",
      "transform_matrix": [
        [
          0.622081,
          0.292287,
          -0.726349,
          2.930006
        ],
        [
          0.78291,
          -0.241903,
          0.573179,
          0.694013
        ],
        [
          -0.008173,
          -0.92523,
          -0.379318,
          1.354407
        ],
        [
          0.0,
          0.0,
          0.0,
          1.0
        ]
      ]
    },
    {
      "file_path": "/media/NFS/ttao/scannet/posed_images/scene0153_00/00091.jpg",
      "transform_matrix": [
        [
          0.631951,
          0.288777,
          -0.719198,
          2.926916
        ],
        [
          0.774937,
          -0.24809,
          0.581313,
          0.694285
        ],
        [
          -0.010556,
          -0.924694,
          -0.380565,
          1.352002
        ],
        [
          0.0,
          0.0,
          0.0,
          1.0
        ]
      ]
    },
    {
      "file_path": "/media/NFS/ttao/scannet/posed_images/scene0153_00/00093.jpg",
      "transform_matrix": [
        [
          0.668662,
          0.287778,
          -0.685619,
          2.913259
        ],
        [
          0.743462,
          -0.274157,
          0.610001,
          0.69434
        ],
        [
          -0.012422,
          -0.917617,
          -0.397271,
          1.34578
        ],
        [
          0.0,
          0.0,
          0.0,
          1.0
        ]
      ]
    },
    {
      "file_path": "/media/NFS/ttao/scannet/posed_images/scene0153_00/00094.jpg",
      "transform_matrix": [
        [
          0.682773,
          0.291501,
          -0.669961,
          2.905822
        ],
        [
          0.730569,
          -0.284231,
          0.620871,
          0.691728
        ],
        [
          -0.009439,
          -0.913368,
          -0.407027,
          1.342403
        ],
        [
          0.0,
          0.0,
          0.0,
          1.0
        ]
      ]
    },
    {
      "file_path": "/media/NFS/ttao/scannet/posed_images/scene0153_00/00097.jpg",
      "transform_matrix": [
        [
          0.745249,
          0.301525,
          -0.594715,
          2.874661
        ],
        [
          0.666786,
          -0.336308,
          0.665051,
          0.680777
        ],
        [
          0.000522,
          -0.892177,
          -0.451686,
          1.327467
        ],
        [
          0.0,
          0.0,
          0.0,
          1.0
        ]
      ]
    },
    {
      "file_path": "/media/NFS/ttao/scannet/posed_images/scene0153_00/00098.jpg",
      "transform_matrix": [
        [
          0.760561,
          0.297765,
          -0.576959,
          2.867104
        ],
        [
          0.649263,
          -0.351606,
          0.674411,
          0.676484
        ],
        [
          -0.002046,
          -0.88753,
          -0.460746,
          1.322874
        ],
        [
          0.0,
          0.0,
          0.0,
          1.0
        ]
      ]
    },
    {
      "file_path": "/media/NFS/ttao/scannet/posed_images/scene0153_00/00100.jpg",
      "transform_matrix": [
        [
          0.784281,
          0.291052,
          -0.547897,
          2.858794
        ],
        [
          0.620262,
          -0.386793,
          0.682397,
          0.675981
        ],
        [
          -0.013309,
          -0.875032,
          -0.483883,
          1.310804
        ],
        [
          0.0,
          0.0,
          0.0,
          1.0
        ]
      ]
    },
    {
      "file_path": "/media/NFS/ttao/scannet/posed_images/scene0153_00/00102.jpg",
      "transform_matrix": [
        [
          0.811809,
          0.284038,
          -0.510185,
          2.839436
        ],
        [
          0.583521,
          -0.427018,
          0.690766,
          0.656408
        ],
        [
          -0.021654,
          -0.858474,
          -0.5124,
          1.294813
        ],
        [
          0.0,
          0.0,
          0.0,
          1.0
        ]
      ]
    },
    {
      "file_path": "/media/NFS/ttao/scannet/posed_images/scene0153_00/00105.jpg",
      "transform_matrix": [
        [
          0.829392,
          0.295127,
          -0.47435,
          2.818946
        ],
        [
          0.558504,
          -0.458482,
          0.691279,
          0.634881
        ],
        [
          -0.013466,
          -0.838268,
          -0.545092,
          1.283959
        ],
        [
          0.0,
          0.0,
          0.0,
          1.0
        ]
      ]
    },
    {
      "file_path": "/media/NFS/ttao/scannet/posed_images/scene0153_00/00107.jpg",
      "transform_matrix": [
        [
          0.844249,
          0.305172,
          -0.440583,
          2.80477
        ],
        [
          0.535951,
          -0.480618,
          0.694091,
          0.615398
        ],
        [
          6.5e-05,
          -0.822117,
          -0.569319,
          1.272688
        ],
        [
          0.0,
          0.0,
          0.0,
          1.0
        ]
      ]
    },
    {
      "file_path": "/media/NFS/ttao/scannet/posed_images/scene0153_00/00108.jpg",
      "transform_matrix": [
        [
          0.848418,
          0.306374,
          -0.43165,
          2.799406
        ],
        [
          0.529309,
          -0.484509,
          0.696479,
          0.60809
        ],
        [
          0.004245,
          -0.819382,
          -0.573233,
          1.269222
        ],
        [
          0.0,
          0.0,
          0.0,
          1.0
        ]
      ]
    },
    {
      "file_path": "/media/NFS/ttao/scannet/posed_images/scene0153_00/00111.jpg",
      "transform_matrix": [
        [
          0.853777,
          0.319717,
          -0.410908,
          2.794898
        ],
        [
          0.520303,
          -0.495645,
          0.695428,
          0.591278
        ],
        [
          0.018676,
          -0.807538,
          -0.589521,
          1.261688
        ],
        [
          0.0,
          0.0,
          0.0,
          1.0
        ]
      ]
    },
    {
      "file_path": "/media/NFS/ttao/scannet/posed_images/scene0153_00/00113.jpg",
      "transform_matrix": [
        [
          0.859077,
          0.321709,
          -0.398107,
          2.796083
        ],
        [
          0.511284,
          -0.502925,
          0.69689,
          0.583612
        ],
        [
          0.023978,
          -0.802228,
          -0.596536,
          1.25789
        ],
        [
          0.0,
          0.0,
          0.0,
          1.0
        ]
      ]
    },
    {
      "file_path": "/media/NFS/ttao/scannet/posed_images/scene0153_00/00115.jpg",
      "transform_matrix": [
        [
          0.864359,
          0.32084,
          -0.387228,
          2.801553
        ],
        [
          0.502227,
          -0.511669,
          0.69711,
          0.576904
        ],
        [
          0.025528,
          -0.79703,
          -0.6034,
          1.255578
        ],
        [
          0.0,
          0.0,
          0.0,
          1.0
        ]
      ]
    },
    {
      "file_path": "/media/NFS/ttao/scannet/posed_images/scene0153_00/00117.jpg",
      "transform_matrix": [
        [
          0.871245,
          0.316609,
          -0.375089,
          2.812791
        ],
        [
          0.490266,
          -0.524077,
          0.696407,
          0.568902
        ],
        [
          0.023913,
          -0.790634,
          -0.611822,
          1.254473
        ],
        [
          0.0,
          0.0,
          0.0,
          1.0
        ]
      ]
    },
    {
      "file_path": "/media/NFS/ttao/scannet/posed_images/scene0153_00/00119.jpg",
      "transform_matrix": [
        [
          0.879302,
          0.310025,
          -0.361541,
          2.820747
        ],
        [
          0.475687,
          -0.53432,
          0.698731,
          0.562314
        ],
        [
          0.023446,
          -0.786376,
          -0.617303,
          1.25271
        ],
        [
          0.0,
          0.0,
          0.0,
          1.0
        ]
      ]
    },
    {
      "file_path": "/media/NFS/ttao/scannet/posed_images/scene0153_00/00121.jpg",
      "transform_matrix": [
        [
          0.888373,
          0.295706,
          -0.351214,
          2.848542
        ],
        [
          0.458857,
          -0.54586,
          0.701062,
          0.55815
        ],
        [
          0.015595,
          -0.783961,
          -0.620614,
          1.249914
        ],
        [
          0.0,
          0.0,
          0.0,
          1.0
        ]
      ]
    },
    {
      "file_path": "/media/NFS/ttao/scannet/posed_images/scene0153_00/00122.jpg",
      "transform_matrix": [
        [
          0.892578,
          0.291231,
          -0.344223,
          2.854676
        ],
        [
          0.450629,
          -0.550009,
          0.703153,
          0.554781
        ],
        [
          0.015454,
          -0.782736,
          -0.622163,
          1.24998
        ],
        [
          0.0,
          0.0,
          0.0,
          1.0
        ]
      ]
    },
    {
      "file_path": "/media/NFS/ttao/scannet/posed_images/scene0153_00/00123.jpg",
      "transform_matrix": [
        [
          0.8976,
          0.286712,
          -0.334829,
          2.859978
        ],
        [
          0.440497,
          -0.554771,
          0.705826,
          0.553065
        ],
        [
          0.016615,
          -0.781041,
          -0.624259,
          1.251799
        ],
        [
          0.0,
          0.0,
          0.0,
          1.0
        ]
      ]
    },
    {
      "file_path": "/media/NFS/ttao/scannet/posed_images/scene0153_00/00126.jpg",
      "transform_matrix": [
        [
          0.911692,
          0.267935,
          -0.311493,
          2.876346
        ],
        [
          0.410493,
          -0.56138,
          0.718573,
          0.543209
        ],
        [
          0.017664,
          -0.782984,
          -0.621792,
          1.254004
        ],
        [
          0.0,
          0.0,
          0.0,
          1.0
        ]
      ]
    },
    {
      "file_path": "/media/NFS/ttao/scannet/posed_images/scene0153_00/00127.jpg",
      "transform_matrix": [
        [
          0.917826,
          0.256327,
          -0.303136,
          2.887634
        ],
        [
          0.396699,
          -0.563404,
          0.72471,
          0.535621
        ],
        [
          0.014974,
          -0.785412,
          -0.618792,
          1.252997
        ],
        [
          0.0,
          0.0,
          0.0,
          1.0
        ]
      ]
    },
    {
      "file_path": "/media/NFS/ttao/scannet/posed_images/scene0153_00/00129.jpg",
      "transform_matrix": [
        [
          0.924863,
          0.243508,
          -0.292116,
          2.894077
        ],
        [
          0.380126,
          -0.568712,
          0.729432,
          0.533233
        ],
        [
          0.011493,
          -0.785666,
          -0.618544,
          1.254805
        ],
        [
          0.0,
          0.0,
          0.0,
          1.0
        ]
      ]
    },
    {
      "file_path": "/media/NFS/ttao/scannet/posed_images/scene0153_00/00132.jpg",
      "transform_matrix": [
        [
          0.941624,
          0.213227,
          -0.260533,
          2.907424
        ],
        [
          0.336551,
          -0.576029,
          0.744932,
          0.535701
        ],
        [
          0.008765,
          -0.789129,
          -0.614165,
          1.253199
        ],
        [
          0.0,
          0.0,
          0.0,
          1.0
        ]
      ]
    },
    {
      "file_path": "/media/NFS/ttao/scannet/posed_images/scene0153_00/00133.jpg",
      "transform_matrix": [
        [
          0.945991,
          0.204023,
          -0.251944,
          2.910256
        ],
        [
          0.324092,
          -0.575755,
          0.750646,
          0.536238
        ],
        [
          0.008091,
          -0.791758,
          -0.610781,
          1.253168
        ],
        [
          0.0,
          0.0,
          0.0,
          1.0
        ]
      ]
    },
    {
      "file_path": "/media/NFS/ttao/scannet/posed_images/scene0153_00/00135.jpg",
      "transform_matrix": [
        [
          0.956963,
          0.186715,
          -0.22217,
          2.907731
        ],
        [
          0.289827,
          -0.575561,
          0.764676,
          0.539913
        ],
        [
          0.014904,
          -0.796158,
          -0.604906,
          1.25448
        ],
        [
          0.0,
          0.0,
          0.0,
          1.0
        ]
      ]
    },
    {
      "file_path": "/media/NFS/ttao/scannet/posed_images/scene0153_00/00138.jpg",
      "transform_matrix": [
        [
          0.976259,
          0.146137,
          -0.159883,
          2.897165
        ],
        [
          0.215289,
          -0.573344,
          0.790523,
          0.54471
        ],
        [
          0.023857,
          -0.806177,
          -0.591194,
          1.254952
        ],
        [
          0.0,
          0.0,
          0.0,
          1.0
        ]
      ]
    },
    {
      "file_path": "/media/NFS/ttao/scannet/posed_images/scene0153_00/00139.jpg",
      "transform_matrix": [
        [
          0.980701,
          0.135593,
          -0.140856,
          2.892566
        ],
        [
          0.193657,
          -0.574602,
          0.795191,
          0.548641
        ],
        [
          0.026886,
          -0.807122,
          -0.589772,
          1.2575
        ],
        [
          0.0,
          0.0,
          0.0,
          1.0
        ]
      ]
    },
    {
      "file_path": "/media/NFS/ttao/scannet/posed_images/scene0153_00/00142.jpg",
      "transform_matrix": [
        [
          0.991328,
          0.094515,
          -0.091295,
          2.877976
        ],
        [
          0.129039,
          -0.568882,
          0.812233,
          0.555283
        ],
        [
          0.024832,
          -0.81697,
          -0.576145,
          1.263421
        ],
        [
          0.0,
          0.0,
          0.0,
          1.0
        ]
      ]
    },
    {
      "file_path": "/media/NFS/ttao/scannet/posed_images/scene0153_00/00143.jpg",
      "transform_matrix": [
        [
          0.995944,
          0.065888,
          -0.061278,
          2.864367
        ],
        [
          0.087847,
          -0.564658,
          0.820637,
          0.559536
        ],
        [
          0.019469,
          -0.822691,
          -0.568155,
          1.272477
        ],
        [
          0.0,
          0.0,
          0.0,
          1.0
        ]
      ]
    },
    {
      "file_path": "/media/NFS/ttao/scannet/posed_images/scene0153_00/00145.jpg",
      "transform_matrix": [
        [
          0.998573,
          0.038072,
          -0.037453,
          2.853228
        ],
        [
          0.052286,
          -0.554069,
          0.830827,
          0.561604
        ],
        [
          0.010879,
          -0.8316,
          -0.555269,
          1.28003
        ],
        [
          0.0,
          0.0,
          0.0,
          1.0
        ]
      ]
    },
    {
      "file_path": "/media/NFS/ttao/scannet/posed_images/scene0153_00/00148.jpg",
      "transform_matrix": [
        [
          0.999934,
          -0.00164,
          0.011349,
          2.82505
        ],
        [
          -0.010477,
          -0.533064,
          0.84601,
          0.565174
        ],
        [
          0.004663,
          -0.846073,
          -0.533047,
          1.292109
        ],
        [
          0.0,
          0.0,
          0.0,
          1.0
        ]
      ]
    },
    {
      "file_path": "/media/NFS/ttao/scannet/posed_images/scene0153_00/00149.jpg",
      "transform_matrix": [
        [
          0.99971,
          -0.008682,
          0.022452,
          2.819524
        ],
        [
          -0.023642,
          -0.529614,
          0.847909,
          0.565233
        ],
        [
          0.00453,
          -0.848194,
          -0.529666,
          1.293752
        ],
        [
          0.0,
          0.0,
          0.0,
