{
  "frames": [
    {
      "file_path": "/media/NFS/ttao/scannet/posed_images/scene0261_03/00000.jpg",
      "transform_matrix": [
        [
          0.742025,
          0.285175,
          -0.606691,
          2.275259
        ],
        [
          0.670208,
          -0.295553,
          0.680786,
          1.476193
        ],
        [
          0.014834,
          -0.91177,
          -0.410434,
          1.324337
        ],
        [
          0.0,
          0.0,
          0.0,
          1.0
        ]
      ]
    },
    {
      "file_path": "/media/NFS/ttao/scannet/posed_images/scene0261_03/00009.jpg",
      "transform_matrix": [
        [
          0.744885,
          0.229502,
          -0.626478,
          2.280409
        ],
        [
          0.667105,
          -0.271444,
          0.69375,
          1.433532
        ],
        [
          -0.010836,
          -0.934691,
          -0.355296,
          1.355322
        ],
        [
          0.0,
          0.0,
          0.0,
          1.0
        ]
      ]
    },
    {
      "file_path": "/media/NFS/ttao/scannet/posed_images/scene0261_03/00011.jpg",
      "transform_matrix": [
        [
          0.747356,
          0.232914,
          -0.622262,
          2.276725
        ],
        [
          0.664409,
          -0.268251,
          0.697569,
          1.42486
        ],
        [
          -0.004449,
          -0.934769,
          -0.355229,
          1.346249
        ],
        [
          0.0,
          0.0,
          0.0,
          1.0
        ]
      ]
    },
    {
      "file_path": "/media/NFS/ttao/scannet/posed_images/scene0261_03/00022.jpg",
      "transform_matrix": [
        [
          0.768333,
          0.166232,
          -0.618087,
          2.322585
        ],
        [
          0.639966,
          -0.183777,
          0.746103,
          1.417812
        ],
        [
          0.010436,
          -0.96881,
          -0.247584,
          1.405147
        ],
        [
          0.0,
          0.0,
          0.0,
          1.0
        ]
      ]
    },
    {
      "file_path": "/media/NFS/ttao/scannet/posed_images/scene0261_03/00026.jpg",
      "transform_matrix": [
        [
          0.754083,
          0.149228,
          -0.639602,
          2.367628
        ],
        [
          0.656759,
          -0.163676,
          0.736123,
          1.420321
        ],
        [
          0.005163,
          -0.975162,
          -0.221432,
          1.428701
        ],
        [
          0.0,
          0.0,
          0.0,
          1.0
        ]
      ]
    },
    {
      "file_path": "/media/NFS/ttao/scannet/posed_images/scene0261_03/00029.jpg",
      "transform_matrix": [
        [
          0.746008,
          0.136603,
          -0.651775,
          2.397553
        ],
        [
          0.665933,
          -0.149641,
          0.73085,
          1.422331
        ],
        [
          0.002304,
          -0.979258,
          -0.202602,
          1.43917
        ],
        [
          0.0,
          0.0,
          0.0,
          1.0
        ]
      ]
    },
    {
      "file_path": "/media/NFS/ttao/scannet/posed_images/scene0261_03/00040.jpg",
      "transform_matrix": [
        [
          0.751805,
          0.10569,
          -0.65086,
          2.460323
        ],
        [
          0.658147,
          -0.059808,
          0.75051,
          1.412713
        ],
        [
          0.040395,
          -0.992599,
          -0.114523,
          1.478205
        ],
        [
          0.0,
          0.0,
          0.0,
          1.0
        ]
      ]
    },
    {
      "file_path": "/media/NFS/ttao/scannet/posed_images/scene0261_03/00042.jpg",
      "transform_matrix": [
        [
          0.752933,
          0.100729,
          -0.650343,
          2.461769
        ],
        [
          0.656882,
          -0.055015,
          0.751983,
          1.407866
        ],
        [
          0.039968,
          -0.993392,
          -0.10759,
          1.49639
        ],
        [
          0.0,
          0.0,
          0.0,
          1.0
        ]
      ]
    },
    {
      "file_path": "/media/NFS/ttao/scannet/posed_images/scene0261_03/00051.jpg",
      "transform_matrix": [
        [
          0.781289,
          0.019359,
          -0.62387,
          2.433742
        ],
        [
          0.624121,
          -0.011756,
          0.781239,
          1.365896
        ],
        [
          0.00779,
          -0.999744,
          -0.021267,
          1.551866
        ],
        [
          0.0,
          0.0,
          0.0,
          1.0
        ]
      ]
    },
    {
      "file_path": "/media/NFS/ttao/scannet/posed_images/scene0261_03/00053.jpg",
      "transform_matrix": [
        [
          0.789166,
          0.009482,
          -0.614106,
          2.420999
        ],
        [
          0.614129,
          0.000664,
          0.789205,
          1.356291
        ],
        [
          0.007891,
          -0.999955,
          -0.005299,
          1.56696
        ],
        [
          0.0,
          0.0,
          0.0,
          1.0
        ]
      ]
    },
    {
      "file_path": "/media/NFS/ttao/scannet/posed_images/scene0261_03/00064.jpg",
      "transform_matrix": [
        [
          0.895321,
          -0.006535,
          -0.445373,
          2.321138
        ],
        [
          0.443804,
          0.098219,
          0.890725,
          1.305971
        ],
        [
          0.037923,
          -0.995143,
          0.090838,
          1.605964
        ],
        [
          0.0,
          0.0,
          0.0,
          1.0
        ]
      ]
    },
    {
      "file_path": "/media/NFS/ttao/scannet/posed_images/scene0261_03/00068.jpg",
      "transform_matrix": [
        [
          0.92661,
          0.006869,
          -0.37596,
          2.299627
        ],
        [
          0.374005,
          0.086615,
          0.923373,
          1.305862
        ],
        [
          0.038906,
          -0.996218,
          0.077689,
          1.61431
        ],
        [
          0.0,
          0.0,
          0.0,
          1.0
        ]
      ]
    },
    {
      "file_path": "/media/NFS/ttao/scannet/posed_images/scene0261_03/00077.jpg",
      "transform_matrix": [
        [
          0.960162,
          0.00814,
          -0.279323,
          2.32115
        ],
        [
          0.277647,
          0.085328,
          0.956886,
          1.300329
        ],
        [
          0.031623,
          -0.99632,
          0.079668,
          1.635226
        ],
        [
          0.0,
          0.0,
          0.0,
          1.0
        ]
      ]
    },
    {
      "file_path": "/media/NFS/ttao/scannet/posed_images/scene0261_03/00079.jpg",
      "transform_matrix": [
        [
          0.961511,
          -0.000917,
          -0.274765,
          2.330526
        ],
        [
          0.273759,
          0.088743,
          0.957695,
          1.293216
        ],
        [
          0.023506,
          -0.996054,
          0.085578,
          1.642796
        ],
        [
          0.0,
          0.0,
          0.0,
          1.0
        ]
      ]
    },
    {
      "file_path": "/media/NFS/ttao/scannet/posed_images/scene0261_03/00085.jpg",
      "transform_matrix": [
        [
          0.971652,
          -0.014503,
          -0.23597,
          2.368659
        ],
        [
          0.2354,
          0.151771,
          0.959975,
          1.256025
        ],
        [
          0.02189,
          -0.988309,
          0.150883,
          1.646622
        ],
        [
          0.0,
          0.0,
          0.0,
          1.0
        ]
      ]
    },
    {
      "file_path": "/media/NFS/ttao/scannet/posed_images/scene0261_03/00096.jpg",
      "transform_matrix": [
        [
          0.983537,
          0.012971,
          -0.180241,
          2.408179
        ],
        [
          0.178982,
          0.067553,
          0.98153,
          1.245865
        ],
        [
          0.024907,
          -0.997631,
          0.064119,
          1.55668
        ],
        [
          0.0,
          0.0,
          0.0,
          1.0
        ]
      ]
    },
    {
      "file_path": "/media/NFS/ttao/scannet/posed_images/scene0261_03/00101.jpg",
      "transform_matrix": [
        [
          0.981495,
          0.039584,
          -0.187351,
          2.408368
        ],
        [
          0.188128,
          -0.016861,
          0.982,
          1.247883
        ],
        [
          0.035712,
          -0.999074,
          -0.023995,
          1.509283
        ],
        [
          0.0,
          0.0,
          0.0,
          1.0
        ]
      ]
    },
    {
      "file_path": "/media/NFS/ttao/scannet/posed_images/scene0261_03/00105.jpg",
      "transform_matrix": [
        [
          0.979406,
          0.044325,
          -0.196976,
          2.406048
        ],
        [
          0.199836,
          -0.073626,
          0.977059,
          1.247745
        ],
        [
          0.028805,
          -0.9963,
          -0.080968,
          1.470764
        ],
        [
          0.0,
          0.0,
          0.0,
          1.0
        ]
      ]
    },
    {
      "file_path": "/media/NFS/ttao/scannet/posed_images/scene0261_03/00114.jpg",
      "transform_matrix": [
        [
          0.978525,
          0.05815,
          -0.197758,
          2.392882
        ],
        [
          0.205749,
          -0.217232,
          0.95419,
          1.264847
        ],
        [
          0.012527,
          -0.974386,
          -0.224531,
          1.416551
        ],
        [
          0.0,
          0.0,
          0.0,
          1.0
        ]
      ]
    },
    {
      "file_path": "/media/NFS/ttao/scannet/posed_images/scene0261_03/00116.jpg",
      "transform_matrix": [
        [
          0.980917,
          0.065227,
          -0.183161,
          2.378961
        ],
        [
          0.193799,
          -0.252241,
          0.948059,
          1.26832
        ],
        [
          0.015638,
          -0.965464,
          -0.260068,
          1.40476
        ],
        [
          0.0,
          0.0,
          0.0,
          1.0
        ]
      ]
    },
    {
      "file_path": "/media/NFS/ttao/scannet/posed_images/scene0261_03/00125.jpg",
      "transform_matrix": [
        [
          0.971012,
          0.111971,
          -0.211184,
          2.313757
        ],
        [
          0.236907,
          -0.333258,
          0.912586,
          1.274211
        ],
        [
          0.031805,
          -0.936163,
          -0.350124,
          1.324995
        ],
        [
          0.0,
          0.0,
          0.0,
          1.0
        ]
      ]
    },
    {
      "file_path": "/media/NFS/ttao/scannet/posed_images/scene0261_03/00129.jpg",
      "transform_matrix": [
        [
          0.971732,
          0.120999,
          -0.20272,
          2.284956
        ],
        [
          0.233723,
          -0.371882,
          0.898375,
          1.283866
        ],
        [
          0.033314,
          -0.92036,
          -0.38965,
          1.305041
        ],
        [
          0.0,
          0.0,
          0.0,
          1.0
        ]
      ]
    },
    {
      "file_path": "/media/NFS/ttao/scannet/posed_images/scene0261_03/00138.jpg",
      "transform_matrix": [
        [
          0.985505,
          0.12548,
          -0.114172,
          2.259799
        ],
        [
          0.160691,
          -0.474653,
          0.86538,
          1.334868
        ],
        [
          0.054396,
          -0.871183,
          -0.487936,
          1.233023
        ],
        [
          0.0,
          0.0,
          0.0,
          1.0
        ]
      ]
    },
    {
      "file_path": "/media/NFS/ttao/scannet/posed_images/scene0261_03/00143.jpg",
      "transform_matrix": [
        [
          0.990752,
          0.133836,
          -0.02232,
          2.228488
        ],
        [
          0.088687,
          -0.514268,
          0.853032,
          1.378371
        ],
        [
          0.102688,
          -0.847123,
          -0.521381,
          1.208672
        ],
        [
          0.0,
          0.0,
          0.0,
          1.0
        ]
      ]
    },
    {
      "file_path": "/media/NFS/ttao/scannet/posed_images/scene0261_03/00149.jpg",
      "transform_matrix": [
        [
          0.996303,
          0.051887,
          0.068459,
          2.165544
        ],
        [
          -0.03059,
          -0.530397,
          0.847197,
          1.439693
        ],
        [
          0.080269,
          -0.84616,
          -0.526849,
          1.213544
        ],
        [
          0.0,
          0.0,
          0.0,
          1.0
        ]
      ]
    },
    {
      "file_path": "/media/NFS/ttao/scannet/posed_images/scene0261_03/00154.jpg",
      "transform_matrix": [
        [
          0.98912,
          -0.018156,
          0.145988,
          2.112941
        ],
        [
          -0.134284,
          -0.516715,
          0.845561,
          1.47893
        ],
        [
          0.060082,
          -0.855965,
          -0.513531,
          1.231369
        ],
        [
          0.0,
          0.0,
          0.0,
          1.0
        ]
      ]
    },
    {
      "file_path": "/media/NFS/ttao/scannet/posed_images/scene0261_03/00158.jpg",
      "transform_matrix": [
        [
          0.980007,
          -0.053759,
          0.191559,
          2.068823
        ],
        [
          -0.192232,
          -0.504105,
          0.841977,
          1.50091
        ],
        [
          0.051302,
          -0.861967,
          -0.504361,
          1.244323
        ],
        [
          0.0,
          0.0,
          0.0,
          1.0
        ]
      ]
    },
    {
      "file_path": "/media/NFS/ttao/scannet/posed_images/scene0261_03/00167.jpg",
      "transform_matrix": [
        [
          0.915218,
          -0.191265,
          0.354673,
          1.945441
        ],
        [
          -0.402571,
          -0.395394,
          0.82559,
          1.531514
        ],
        [
          -0.017671,
          -0.898377,
          -0.43887,
          1.279499
        ],
        [
          0.0,
          0.0,
          0.0,
          1.0
        ]
      ]
    },
    {
      "file_path": "/media/NFS/ttao/scannet/posed_images/scene0261_03/00175.jpg",
      "transform_matrix": [
        [
          0.824365,
          -0.285228,
          0.488945,
          1.824721
        ],
        [
          -0.563241,
          -0.327244,
          0.75873,
          1.521666
        ],
        [
          -0.056407,
          -0.900864,
          -0.430421,
          1.311131
        ],
        [
          0.0,
          0.0,
          0.0,
          1.0
        ]
      ]
    },
    {
      "file_path": "/media/NFS/ttao/scannet/posed_images/scene0261_03/00176.jpg",
      "transform_matrix": [
        [
          0.817573,
          -0.280648,
          0.502802,
          1.811162
        ],
        [
          -0.572936,
          -0.309133,
          0.759066,
          1.517649
        ],
        [
          -0.057597,
          -0.908666,
          -0.413532,
          1.318843
        ],
        [
          0.0,
          0.0,
          0.0,
          1.0
        ]
      ]
    },
    {
      "file_path": "/media/NFS/ttao/scannet/posed_images/scene0261_03/00187.jpg",
      "transform_matrix": [
        [
          0.751663,
          -0.20777,
          0.625966,
          1.70285
        ],
        [
          -0.659531,
          -0.230165,
          0.715572,
          1.471847
        ],
        [
          -0.004599,
          -0.950713,
          -0.310037,
          1.367811
        ],
        [
          0.0,
          0.0,
          0.0,
          1.0
        ]
      ]
    },
    {
      "file_path": "/media/NFS/ttao/scannet/posed_images/scene0261_03/00189.jpg",
      "transform_matrix": [
        [
          0.744333,
          -0.197901,
          0.637811,
          1.686649
        ],
        [
          -0.66778,
          -0.21174,
          0.713608,
          1.463093
        ],
        [
          -0.006174,
          -0.957079,
          -0.28976,
          1.377502
        ],
        [
          0.0,
          0.0,
          0.0,
          1.0
        ]
      ]
    },
    {
      "file_path": "/media/NFS/ttao/scannet/posed_images/scene0261_03/00195.jpg",
      "transform_matrix": [
        [
          0.739446,
          -0.182826,
          0.647916,
          1.643568
        ],
        [
          -0.671429,
          -0.130191,
          0.729544,
          1.438947
        ],
        [
          -0.049027,
          -0.974487,
          -0.219024,
          1.422224
        ],
        [
          0.0,
          0.0,
          0.0,
          1.0
        ]
      ]
    },
    {
      "file_path": "/media/NFS/ttao/scannet/posed_images/scene0261_03/00200.jpg",
      "transform_matrix": [
        [
          0.743018,
          -0.140068,
          0.65445,
          1.600877
        ],
        [
          -0.667567,
          -0.085373,
          0.739639,
          1.44688
        ],
        [
          -0.047728,
          -0.986454,
          -0.156938,
          1.445085
        ],
        [
          0.0,
          0.0,
          0.0,
          1.0
        ]
      ]
    },
    {
      "file_path": "/media/NFS/ttao/scannet/posed_images/scene0261_03/00211.jpg",
      "transform_matrix": [
        [
          0.71975,
          -0.032356,
          0.693479,
          1.522096
        ],
        [
          -0.694033,
          -0.009542,
          0.71988,
          1.491403
        ],
        [
          -0.016675,
          -0.999431,
          -0.029324,
          1.516992
        ],
        [
          0.0,
          0.0,
          0.0,
          1.0
        ]
      ]
    },
    {
      "file_path": "/media/NFS/ttao/scannet/posed_images/scene0261_03/00213.jpg",
      "transform_matrix": [
        [
          0.71386,
          -0.015073,
          0.700126,
          1.508048
        ],
        [
          -0.700165,
          0.003406,
          0.713973,
          1.502566
        ],
        [
          -0.013146,
          -0.99988,
          -0.008122,
          1.525473
        ],
        [
          0.0,
          0.0,
          0.0,
          1.0
        ]
      ]
    },
    {
      "file_path": "/media/NFS/ttao/scannet/posed_images/scene0261_03/00224.jpg",
      "transform_matrix": [
        [
          0.658365,
          0.066714,
          0.749737,
          1.451437
        ],
        [
          -0.75217,
          0.020967,
          0.658636,
          1.547823
        ],
        [
          0.028221,
          -0.997552,
          0.063984,
          1.585937
        ],
        [
          0.0,
          0.0,
          0.0,
          1.0
        ]
      ]
    },
    {
      "file_path": "/media/NFS/ttao/scannet/posed_images/scene0261_03/00226.jpg",
      "transform_matrix": [
        [
          0.653174,
          0.080122,
          0.752957,
          1.442032
        ],
        [
          -0.756724,
          0.033535,
          0.652873,
          1.547147
        ],
        [
          0.027059,
          -0.996221,
          0.082534,
          1.5942
        ],
        [
          0.0,
          0.0,
          0.0,
          1.0
        ]
      ]
    },
    {
      "file_path": "/media/NFS/ttao/scannet/posed_images/scene0261_03/00232.jpg",
      "transform_matrix": [
        [
          0.638443,
          0.139969,
          0.756835,
          1.416141
        ],
        [
          -0.768293,
          0.057112,
          0.637546,
          1.543827
        ],
        [
          0.046013,
          -0.988507,
          0.144,
          1.619076
        ],
        [
          0.0,
          0.0,
          0.0,
          1.0
        ]
      ]
    },
    {
      "file_path": "/media/NFS/ttao/scannet/posed_images/scene0261_03/00241.jpg",
      "transform_matrix": [
        [
          0.608614,
          0.190159,
          0.770343,
          1.370949
        ],
        [
          -0.793125,
          0.1173,
          0.597657,
          1.536842
        ],
        [
          0.023289,
          -0.974721,
          0.22221,
          1.661463
        ],
        [
          0.0,
          0.0,
          0.0,
          1.0
        ]
      ]
    },
    {
      "file_path": "/media/NFS/ttao/scannet/posed_images/scene0261_03/00248.jpg",
      "transform_matrix": [
        [
          0.585001,
          0.184151,
          0.789849,
          1.325168
        ],
        [
          -0.810978,
          0.121592,
          0.572302,
          1.524538
        ],
        [
          0.009351,
          -0.975348,
          0.220474,
          1.66095
        ],
        [
          0.0,
          0.0,
          0.0,
          1.0
        ]
      ]
    },
    {
      "file_path": "/media/NFS/ttao/scannet/posed_images/scene0261_03/00250.jpg",
      "transform_matrix": [
        [
          0.574642,
          0.155025,
          0.803588,
          1.305831
        ],
        [
          -0.818393,
          0.103684,
          0.565228,
          1.523615
        ],
        [
          0.004305,
          -0.982454,
          0.186453,
          1.697427
        ],
        [
          0.0,
          0.0,
          0.0,
          1.0
        ]
      ]
    },
    {
      "file_path": "/media/NFS/ttao/scannet/posed_images/scene0261_03/00255.jpg",
      "transform_matrix": [
        [
          0.561916,
          0.124681,
          0.817744,
          1.287663
        ],
        [
          -0.827051,
          0.103104,
          0.55259,
          1.524559
        ],
        [
          -0.015416,
          -0.986825,
          0.161053,
          1.650767
        ],
        [
          0.0,
          0.0,
          0.0,
          1.0
        ]
      ]
    },
    {
      "file_path": "/media/NFS/ttao/scannet/posed_images/scene0261_03/00267.jpg",
      "transform_matrix": [
        [
          0.445253,
          -0.031838,
          0.894838,
          1.307382
        ],
        [
          -0.895405,
          -0.015525,
          0.444982,
          1.5694
        ],
        [
          -0.000275,
          -0.999372,
          -0.035421,
          1.537983
        ],
        [
          0.0,
          0.0,
          0.0,
          1.0
        ]
      ]
    },
    {
      "file_path": "/media/NFS/ttao/scannet/posed_images/scene0261_03/00272.jpg",
      "transform_matrix": [
        [
          0.409465,
          -0.114165,
          0.905155,
          1.316404
        ],
        [
          -0.911768,
          -0.016502,
          0.410375,
          1.607272
        ],
        [
          -0.031913,
          -0.993325,
          -0.110849,
          1.475201
        ],
        [
          0.0,
          0.0,
          0.0,
          1.0
        ]
      ]
    },
    {
      "file_path": "/media/NFS/ttao/scannet/posed_images/scene0261_03/00276.jpg",
      "transform_matrix": [
        [
          0.376366,
          -0.190504,
          0.906673,
          1.322726
        ],
        [
          -0.924854,
          -0.019456,
          0.379825,
          1.646402
        ],
        [
          -0.054718,
          -0.981493,
          -0.183511,
          1.441512
        ],
        [
          0.0,
          0.0,
          0.0,
          1.0
        ]
      ]
    },
    {
      "file_path": "/media/NFS/ttao/scannet/posed_images/scene0261_03/00285.jpg",
      "transform_matrix": [
        [
          0.290439,
          -0.298007,
          0.909306,
          1.34643
        ],
        [
          -0.955885,
          -0.046743,
          0.289997,
          1.714711
        ],
        [
          -0.043918,
          -0.953418,
          -0.298437,
          1.386109
        ],
        [
          0.0,
          0.0,
          0.0,
          1.0
        ]
      ]
    },
    {
      "file_path": "/media/NFS/ttao/scannet/posed_images/scene0261_03/00287.jpg",
      "transform_matrix": [
        [
          0.276996,
          -0.31443,
          0.907968,
          1.349545
        ],
        [
          -0.960191,
          -0.055026,
          0.273872,
          1.721084
        ],
        [
          -0.036152,
          -0.947685,
          -0.317155,
          1.372677
        ],
        [
          0.0,
          0.0,
          0.0,
          1.0
        ]
      ]
    },
    {
      "file_path": "/media/NFS/ttao/scannet/posed_images/scene0261_03/00298.jpg",
      "transform_matrix": [
        [
          0.191067,
          -0.388202,
          0.90155,
          1.36792
        ],
        [
          -0.981487,
          -0.087965,
          0.170131,
          1.741268
        ],
        [
          0.013259,
          -0.917367,
          -0.397822,
          1.32692
        ],
        [
          0.0,
          0.0,
          0.0,
          1.0
        ]
      ]
    },
    {
      "file_path": "/media/NFS/ttao/scannet/posed_images/scene0261_03/00300.jpg",
      "transform_matrix": [
        [
          0.173871,
          -0.389785,
          0.904343,
          1.363742
        ],
        [
          -0.984678,
          -0.081265,
          0.15429,
          1.752782
        ],
        [
          0.013351,
          -0.917314,
          -0.397942,
          1.325854
        ],
        [
          0.0,
          0.0,
          0.0,
          1.0
        ]
      ]
    },
    {
      "file_path": "/media/NFS/ttao/scannet/posed_images/scene0261_03/00305.jpg",
      "transform_matrix": [
        [
          0.163942,
          -0.385211,
          0.908149,
          1.372214
        ],
        [
          -0.986423,
          -0.073026,
          0.147096,
          1.72344
        ],
        [
          0.009656,
          -0.919935,
          -0.391953,
          1.339649
        ],
        [
          0.0,
          0.0,
          0.0,
          1.0
        ]
      ]
    },
    {
      "file_path": "/media/NFS/ttao/scannet/posed_images/scene0261_03/00311.jpg",
      "transform_matrix": [
        [
          0.106746,
          -0.359385,
          0.927064,
          1.380987
        ],
        [
          -0.994196,
          -0.051174,
          0.094637,
          1.693529
        ],
        [
          0.013431,
          -0.931785,
          -0.362762,
          1.346106
        ],
        [
          0.0,
          0.0,
          0.0,
          1.0
        ]
      ]
    },
    {
      "file_path": "/media/NFS/ttao/scannet/posed_images/scene0261_03/00322.jpg",
      "transform_matrix": [
        [
          0.022424,
          -0.299841,
          0.953726,
          1.40035
        ],
        [
          -0.999567,
          -0.024917,
          0.015669,
          1.641453
        ],
        [
          0.019065,
          -0.953664,
          -0.30027,
          1.386217
        ],
        [
          0.0,
          0.0,
          0.0,
          1.0
        ]
      ]
    },
    {
      "file_path": "/media/NFS/ttao/scannet/posed_images/scene0261_03/00323.jpg",
      "transform_matrix": [
        [
          0.022678,
          -0.290689,
          0.956549,
          1.4006
        ],
        [
          -0.99961,
          -0.022175,
          0.01696,
          1.636108
        ],
        [
          0.016281,
          -0.956561,
          -0.291078,
          1.389302
        ],
        [
          0.0,
          0.0,
          0.0,
          1.0
        ]
      ]
    },
    {
      "file_path": "/media/NFS/ttao/scannet/posed_images/scene0261_03/00331.jpg",
      "transform_matrix": [
        [
          0.023464,
          -0.231857,
          0.972467,
          1.391628
        ],
        [
          -0.999485,
          -0.026768,
          0.017734,
          1.63738
        ],
        [
          0.021919,
          -0.972381,
          -0.232365,
          1.41717
        ],
        [
          0.0,
          0.0,
          0.0,
          1.0
        ]
      ]
    },
    {
      "file_path": "/media/NFS/ttao/scannet/posed_images/scene0261_03/00340.jpg",
      "transform_matrix": [
        [
          0.053636,
          -0.120887,
          0.991216,
          1.380323
        ],
        [
          -0.99852,
          0.002413,
          0.054326,
          1.627592
        ],
        [
          -0.008959,
          -0.992663,
          -0.120579,
          1.46817
        ],
        [
          0.0,
          0.0,
          0.0,
          1.0
        ]
      ]
    },
    {
      "file_path": "/media/NFS/ttao/scannet/posed_images/scene0261_03/00342.jpg",
      "transform_matrix": [
        [
          0.062567,
          -0.083552,
          0.994537,
          1.377348
        ],
        [
          -0.997991,
          0.004744,
          0.063183,
          1.620358
        ],
        [
          -0.009997,
          -0.996492,
          -0.083087,
          1.495896
        ],
        [
          0.0,
          0.0,
          0.0,
          1.0
        ]
      ]
    },
    {
      "file_path": "/media/NFS/ttao/scannet/posed_images/scene0261_03/00351.jpg",
      "transform_matrix": [
        [
          0.09315,
          0.024609,
          0.995348,
          1.35892
        ],
        [
          -0.995651,
          0.001239,
          0.093148,
          1.600128
        ],
        [
          0.001059,
          -0.999696,
          0.024618,
          1.525858
        ],
        [
          0.0,
          0.0,
          0.0,
          1.0
        ]
      ]
    },
    {
      "file_path": "/media/NFS/ttao/scannet/posed_images/scene0261_03/00355.jpg",
      "transform_matrix": [
        [
          0.09192,
          0.044476,
          0.994772,
          1.354967
        ],
        [
          -0.995752,
          -0.001101,
          0.09206,
          1.598238
        ],
        [
          0.00519,
          -0.99901,
          0.044186,
          1.53692
        ],
        [
          0.0,
          0.0,
          0.0,
          1.0
        ]
      ]
    },
    {
      "file_path": "/media/NFS/ttao/scannet/posed_images/scene0261_03/00360.jpg",
      "transform_matrix": [
        [
          0.089601,
          0.059855,
          0.994178,
          1.352521
        ],
        [
          -0.995965,
          0.000412,
          0.089737,
          1.597413
        ],
        [
          0.004962,
          -0.998207,
          0.05965,
          1.548673
        ],
        [
          0.0,
          0.0,
          0.0,
          1.0
        ]
      ]
    },
    {
      "file_path": "/media/NFS/ttao/scannet/posed_images/scene0261_03/00371.jpg",
      "transform_matrix": [
        [
          0.029135,
          0.069306,
          0.99717,
          1.366326
        ],
        [
          -0.999358,
          0.022827,
          0.027612,
          1.573878
        ],
        [
          -0.020849,
          -0.997334,
          0.069927,
          1.540139
        ],
        [
          0.0,
          0.0,
          0.0,
          1.0
        ]
      ]
    },
    {
      "file_path": "/media/NFS/ttao/scannet/posed_images/scene0261_03/00375.jpg",
      "transform_matrix": [
        [
          0.00205,
          0.078123,
          0.996942,
          1.367226
        ],
        [
          -0.999828,
          0.018525,
          0.000604,
          1.571679
        ],
        [
          -0.018421,
          -0.996772,
          0.078148,
          1.544932
        ],
        [
          0.0,
          0.0,
          0.0,
          1.0
        ]
      ]
    },
    {
      "file_path": "/media/NFS/ttao/scannet/posed_images/scene0261_03/00380.jpg",
      "transform_matrix": [
        [
          -0.030704,
          0.068213,
          0.997198,
          1.368694
        ],
        [
          -0.999526,
          -0.004217,
          -0.030487,
          1.574585
        ],
        [
          0.002126,
          -0.997662,
          0.06831,
          1.550502
        ],
        [
          0.0,
          0.0,
          0.0,
          1.0
        ]
      ]
    },
    {
      "file_path": "/media/NFS/ttao/scannet/posed_images/scene0261_03/00384.jpg",
      "transform_matrix": [
        [
          -0.046131,
          0.059644,
          0.997153,
          1.373173
        ],
        [
          -0.998906,
          -0.010417,
          -0.045589,
          1.576217
        ],
        [
          0.007668,
          -0.998165,
          0.060059,
          1.533567
        ],
        [
          0.0,
          0.0,
          0.0,
          1.0
        ]
      ]
    },
    {
      "file_path": "/media/NFS/ttao/scannet/posed_images/scene0261_03/00393.jpg",
      "transform_matrix": [
        [
          -0.099632,
          -0.010629,
          0.994967,
          1.393054
        ],
        [
          -0.994989,
          -0.007418,
          -0.099713,
          1.579358
        ],
        [
          0.008441,
          -0.999916,
          -0.009837,
          1.50965
        ],
        [
          0.0,
          0.0,
          0.0,
          1.0
        ]
      ]
    },
    {
      "file_path": "/media/NFS/ttao/scannet/posed_images/scene0261_03/00399.jpg",
      "transform_matrix": [
        [
          -0.136127,
          -0.063168,
          0.988675,
          1.406076
        ],
        [
          -0.990688,
          0.0114,
          -0.135676,
          1.573249
        ],
        [
          -0.0027,
          -0.997938,
          -0.064132,
          1.497202
        ],
        [
          0.0,
          0.0,
          0.0,
          1.0
        ]
      ]
    },
    {
      "file_path": "/media/NFS/ttao/scannet/posed_images/scene0261_03/00404.jpg",
      "transform_matrix": [
        [
          -0.16512,
          -0.104541,
          0.980717,
          1.412591
        ],
        [
          -0.986266,
          0.021501,
          -0.163762,
          1.565024
        ],
        [
          -0.003967,
          -0.994288,
          -0.106656,
          1.481684
        ],
        [
          0.0,
          0.0,
          0.0,
          1.0
        ]
      ]
    },
    {
      "file_path": "/media/NFS/ttao/scannet/posed_images/scene0261_03/00414.jpg",
      "transform_matrix": [
        [
          -0.17635,
          -0.1972,
          0.964372,
          1.41163
        ],
        [
          -0.98425,
          0.02305,
          -0.175271,
          1.565547
        ],
        [
          0.012335,
          -0.980092,
          -0.198159,
          1.439986
        ],
        [
          0.0,
          0.0,
          0.0,
          1.0
        ]
      ]
    },
    {
      "file_path": "/media/NFS/ttao/scannet/posed_images/scene0261_03/00415.jpg",
      "transform_matrix": [
        [
          -0.17473,
          -0.208149,
          0.962363,
          1.4113
        ],
        [
          -0.984532,
          0.024182,
          -0.173525,
          1.562576
        ],
        [
          0.012848,
          -0.977798,
          -0.209155,
          1.4355
        ],
        [
          0.0,
          0.0,
          0.0,
          1.0
        ]
      ]
    },
    {
      "file_path": "/media/NFS/ttao/scannet/posed_images/scene0261_03/00421.jpg",
      "transform_matrix": [
        [
          -0.167943,
          -0.290558,
          0.942004,
          1.41694
        ],
        [
          -0.985501,
          0.026068,
          -0.167656,
          1.583938
        ],
        [
          0.024157,
          -0.956502,
          -0.290723,
          1.414445
        ],
        [
          0.0,
          0.0,
          0.0,
          1.0
        ]
      ]
    },
    {
      "file_path": "/media/NFS/ttao/scannet/posed_images/scene0261_03/00432.jpg",
      "transform_matrix": [
        [
          -0.127905,
          -0.393627,
          0.910328,
          1.413503
        ],
        [
          -0.99111,
          0.016842,
          -0.131972,
          1.612672
        ],
        [
          0.036616,
          -0.919116,
          -0.392282,
          1.367641
        ],
        [
          0.0,
          0.0,
          0.0,
          1.0
        ]
      ]
    },
    {
      "file_path": "/media/NFS/ttao/scannet/posed_images/scene0261_03/00437.jpg",
      "transform_matrix": [
        [
          -0.115528,
          -0.414527,
          0.902674,
          1.41134
        ],
        [
          -0.992285,
          0.007014,
          -0.123776,
          1.62404
        ],
        [
          0.044978,
          -0.91001,
          -0.412139,
          1.358445
        ],
        [
          0.0,
          0.0,
          0.0,
          1.0
        ]
      ]
    },
    {
      "file_path": "/media/NFS/ttao/scannet/posed_images/scene0261_03/00441.jpg",
      "transform_matrix": [
        [
          -0.11116,
          -0.422185,
          0.899668,
          1.411945
        ],
        [
          -0.992569,
          0.002078,
          -0.121664,
          1.63329
        ],
        [
          0.049496,
          -0.906507,
          -0.419279,
          1.352021
        ],
        [
          0.0,
          0.0,
          0.0,
          1.0
        ]
      ]
    },
    {
      "file_path": "/media/NFS/ttao/scannet/posed_images/scene0261_03/00450.jpg",
      "transform_matrix": [
        [
          -0.188686,
          -0.432525,
          0.881657,
          1.419328
        ],
        [
          -0.980155,
          0.027389,
          -0.19633,
          1.648585
        ],
        [
          0.06077,
          -0.901206,
          -0.42911,
          1.34459
        ],
        [
          0.0,
          0.0,
          0.0,
          1.0
        ]
      ]
    },
    {
      "file_path": "/media/NFS/ttao/scannet/posed_images/scene0261_03/00454.jpg",
      "transform_matrix": [
        [
          -0.237286,
          -0.422786,
          0.874613,
          1.424655
        ],
        [
          -0.969248,
          0.042597,
          -0.24237,
          1.647717
        ],
        [
          0.065214,
          -0.905228,
          -0.419892,
          1.339381
        ],
        [
          0.0,
          0.0,
          0.0,
          1.0
        ]
      ]
    },
    {
      "file_path": "/media/NFS/ttao/scannet/posed_images/scene0261_03/00458.jpg",
      "transform_matrix": [
        [
          -0.270798,
          -0.420268,
          0.866051,
          1.437186
        ],
        [
          -0.960397,
          0.056625,
          -0.27282,
          1.640968
        ],
        [
          0.065618,
          -0.905631,
          -0.418958,
          1.339952
        ],
        [
          0.0,
          0.0,
          0.0,
          1.0
        ]
      ]
    },
    {
      "file_path": "/media/NFS/ttao/scannet/posed_images/scene0261_03/00469.jpg",
      "transform_matrix": [
        [
          -0.293963,
          -0.338564,
          0.893845,
          1.501013
        ],
        [
          -0.955229,
          0.071285,
          -0.28715,
          1.600702
        ],
        [
          0.0335,
          -0.938239,
          -0.344362,
          1.377139
        ],
        [
          0.0,
          0.0,
          0.0,
          1.0
        ]
      ]
    },
    {
      "file_path": "/media/NFS/ttao/scannet/posed_images/scene0261_03/00471.jpg",
      "transform_matrix": [
        [
          -0.28655,
          -0.296628,
          0.910989,
          1.496466
        ],
        [
          -0.957921,
          0.072188,
          -0.277807,
          1.580502
        ],
        [
          0.016643,
          -0.952261,
          -0.304831,
          1.390248
        ],
        [
          0.0,
          0.0,
          0.0,
          1.0
