{
  "frames": [
    {
      "file_path": "/media/NFS/ttao/scannet/posed_images/scene0231_02/00000.jpg",
      "transform_matrix": [
        [
          0.864005,
          0.273528,
          -0.422703,
          3.821867
        ],
        [
          0.499143,
          -0.355337,
          0.790311,
          3.987397
        ],
        [
          0.065971,
          -0.893822,
          -0.443543,
          1.426109
        ],
        [
          0.0,
          0.0,
          0.0,
          1.0
        ]
      ]
    },
    {
      "file_path": "/media/NFS/ttao/scannet/posed_images/scene0231_02/00009.jpg",
      "transform_matrix": [
        [
          0.868544,
          0.267861,
          -0.416991,
          3.830341
        ],
        [
          0.493114,
          -0.382689,
          0.781273,
          3.98809
        ],
        [
          0.049694,
          -0.884194,
          -0.464469,
          1.415381
        ],
        [
          0.0,
          0.0,
          0.0,
          1.0
        ]
      ]
    },
    {
      "file_path": "/media/NFS/ttao/scannet/posed_images/scene0231_02/00022.jpg",
      "transform_matrix": [
        [
          0.8827,
          0.257701,
          -0.392978,
          3.859327
        ],
        [
          0.468525,
          -0.417794,
          0.778417,
          4.000616
        ],
        [
          0.036415,
          -0.871228,
          -0.489526,
          1.389519
        ],
        [
          0.0,
          0.0,
          0.0,
          1.0
        ]
      ]
    },
    {
      "file_path": "/media/NFS/ttao/scannet/posed_images/scene0231_02/00031.jpg",
      "transform_matrix": [
        [
          0.901761,
          0.241085,
          -0.358754,
          3.874054
        ],
        [
          0.428897,
          -0.396146,
          0.811859,
          4.013036
        ],
        [
          0.053608,
          -0.885972,
          -0.46063,
          1.393067
        ],
        [
          0.0,
          0.0,
          0.0,
          1.0
        ]
      ]
    },
    {
      "file_path": "/media/NFS/ttao/scannet/posed_images/scene0231_02/00044.jpg",
      "transform_matrix": [
        [
          0.922007,
          0.193012,
          -0.335633,
          3.90081
        ],
        [
          0.3834,
          -0.33443,
          0.860907,
          4.052936
        ],
        [
          0.053919,
          -0.922444,
          -0.382348,
          1.427824
        ],
        [
          0.0,
          0.0,
          0.0,
          1.0
        ]
      ]
    },
    {
      "file_path": "/media/NFS/ttao/scannet/posed_images/scene0231_02/00050.jpg",
      "transform_matrix": [
        [
          0.902343,
          0.207035,
          -0.37804,
          3.887289
        ],
        [
          0.426797,
          -0.306716,
          0.850747,
          4.047766
        ],
        [
          0.060184,
          -0.929011,
          -0.365125,
          1.437536
        ],
        [
          0.0,
          0.0,
          0.0,
          1.0
        ]
      ]
    },
    {
      "file_path": "/media/NFS/ttao/scannet/posed_images/scene0231_02/00059.jpg",
      "transform_matrix": [
        [
          0.837291,
          0.257847,
          -0.482141,
          3.9094
        ],
        [
          0.545569,
          -0.335876,
          0.767816,
          4.049756
        ],
        [
          0.03604,
          -0.905926,
          -0.421899,
          1.427687
        ],
        [
          0.0,
          0.0,
          0.0,
          1.0
        ]
      ]
    },
    {
      "file_path": "/media/NFS/ttao/scannet/posed_images/scene0231_02/00075.jpg",
      "transform_matrix": [
        [
          0.690391,
          0.442725,
          -0.572149,
          3.858377
        ],
        [
          0.721231,
          -0.359501,
          0.592102,
          3.97433
        ],
        [
          0.05645,
          -0.821434,
          -0.567503,
          1.379733
        ],
        [
          0.0,
          0.0,
          0.0,
          1.0
        ]
      ]
    },
    {
      "file_path": "/media/NFS/ttao/scannet/posed_images/scene0231_02/00084.jpg",
      "transform_matrix": [
        [
          0.609729,
          0.516436,
          -0.601268,
          3.842122
        ],
        [
          0.790755,
          -0.344482,
          0.506003,
          3.948977
        ],
        [
          0.054192,
          -0.783981,
          -0.618415,
          1.369444
        ],
        [
          0.0,
          0.0,
          0.0,
          1.0
        ]
      ]
    },
    {
      "file_path": "/media/NFS/ttao/scannet/posed_images/scene0231_02/00100.jpg",
      "transform_matrix": [
        [
          0.509522,
          0.577038,
          -0.63829,
          3.814543
        ],
        [
          0.85946,
          -0.30559,
          0.409808,
          3.932476
        ],
        [
          0.04142,
          -0.757391,
          -0.651646,
          1.36061
        ],
        [
          0.0,
          0.0,
          0.0,
          1.0
        ]
      ]
    },
    {
      "file_path": "/media/NFS/ttao/scannet/posed_images/scene0231_02/00103.jpg",
      "transform_matrix": [
        [
          0.499294,
          0.582972,
          -0.640975,
          3.809403
        ],
        [
          0.865426,
          -0.299894,
          0.401375,
          3.933447
        ],
        [
          0.041766,
          -0.75512,
          -0.654254,
          1.360282
        ],
        [
          0.0,
          0.0,
          0.0,
          1.0
        ]
      ]
    },
    {
      "file_path": "/media/NFS/ttao/scannet/posed_images/scene0231_02/00115.jpg",
      "transform_matrix": [
        [
          0.454828,
          0.596528,
          -0.661275,
          3.797037
        ],
        [
          0.889661,
          -0.270635,
          0.367777,
          3.921283
        ],
        [
          0.040425,
          -0.755586,
          -0.6538,
          1.364287
        ],
        [
          0.0,
          0.0,
          0.0,
          1.0
        ]
      ]
    },
    {
      "file_path": "/media/NFS/ttao/scannet/posed_images/scene0231_02/00122.jpg",
      "transform_matrix": [
        [
          0.417088,
          0.599529,
          -0.683084,
          3.787281
        ],
        [
          0.908081,
          -0.243652,
          0.340621,
          3.919095
        ],
        [
          0.037777,
          -0.762364,
          -0.646045,
          1.371493
        ],
        [
          0.0,
          0.0,
          0.0,
          1.0
        ]
      ]
    },
    {
      "file_path": "/media/NFS/ttao/scannet/posed_images/scene0231_02/00140.jpg",
      "transform_matrix": [
        [
          0.364222,
          0.459889,
          -0.809842,
          3.782448
        ],
        [
          0.931258,
          -0.170499,
          0.322006,
          3.965156
        ],
        [
          0.01001,
          -0.871454,
          -0.490375,
          1.431294
        ],
        [
          0.0,
          0.0,
          0.0,
          1.0
        ]
      ]
    },
    {
      "file_path": "/media/NFS/ttao/scannet/posed_images/scene0231_02/00144.jpg",
      "transform_matrix": [
        [
          0.38002,
          0.415285,
          -0.826513,
          3.778388
        ],
        [
          0.924962,
          -0.165264,
          0.342248,
          3.985334
        ],
        [
          0.005537,
          -0.894554,
          -0.446926,
          1.449511
        ],
        [
          0.0,
          0.0,
          0.0,
          1.0
        ]
      ]
    },
    {
      "file_path": "/media/NFS/ttao/scannet/posed_images/scene0231_02/00153.jpg",
      "transform_matrix": [
        [
          0.411803,
          0.350544,
          -0.841152,
          3.743947
        ],
        [
          0.910957,
          -0.134076,
          0.390102,
          4.059137
        ],
        [
          0.023969,
          -0.926899,
          -0.374544,
          1.473559
        ],
        [
          0.0,
          0.0,
          0.0,
          1.0
        ]
      ]
    },
    {
      "file_path": "/media/NFS/ttao/scannet/posed_images/scene0231_02/00169.jpg",
      "transform_matrix": [
        [
          0.487951,
          0.217156,
          -0.845427,
          3.586116
        ],
        [
          0.872734,
          -0.104177,
          0.476952,
          4.202874
        ],
        [
          0.015499,
          -0.970562,
          -0.240353,
          1.53568
        ],
        [
          0.0,
          0.0,
          0.0,
          1.0
        ]
      ]
    },
    {
      "file_path": "/media/NFS/ttao/scannet/posed_images/scene0231_02/00181.jpg",
      "transform_matrix": [
        [
          0.428226,
          0.157722,
          -0.889801,
          3.497515
        ],
        [
          0.903579,
          -0.060614,
          0.424113,
          4.32252
        ],
        [
          0.012958,
          -0.985621,
          -0.168471,
          1.548176
        ],
        [
          0.0,
          0.0,
          0.0,
          1.0
        ]
      ]
    },
    {
      "file_path": "/media/NFS/ttao/scannet/posed_images/scene0231_02/00184.jpg",
      "transform_matrix": [
        [
          0.405089,
          0.14967,
          -0.901943,
          3.482331
        ],
        [
          0.914259,
          -0.060084,
          0.40065,
          4.365194
        ],
        [
          0.005773,
          -0.986909,
          -0.161177,
          1.556536
        ],
        [
          0.0,
          0.0,
          0.0,
          1.0
        ]
      ]
    },
    {
      "file_path": "/media/NFS/ttao/scannet/posed_images/scene0231_02/00203.jpg",
      "transform_matrix": [
        [
          0.172903,
          -0.014341,
          -0.984834,
          3.453167
        ],
        [
          0.983858,
          0.049338,
          0.172013,
          4.660744
        ],
        [
          0.046123,
          -0.998679,
          0.022641,
          1.59358
        ],
        [
          0.0,
          0.0,
          0.0,
          1.0
        ]
      ]
    },
    {
      "file_path": "/media/NFS/ttao/scannet/posed_images/scene0231_02/00212.jpg",
      "transform_matrix": [
        [
          0.121673,
          -0.001636,
          -0.992569,
          3.350372
        ],
        [
          0.985002,
          0.123454,
          0.120542,
          4.782924
        ],
        [
          0.122339,
          -0.992349,
          0.016632,
          1.613499
        ],
        [
          0.0,
          0.0,
          0.0,
          1.0
        ]
      ]
    },
    {
      "file_path": "/media/NFS/ttao/scannet/posed_images/scene0231_02/00215.jpg",
      "transform_matrix": [
        [
          0.105123,
          0.003031,
          -0.994455,
          3.317789
        ],
        [
          0.984812,
          0.138636,
          0.104526,
          4.803591
        ],
        [
          0.138184,
          -0.990339,
          0.011589,
          1.623484
        ],
        [
          0.0,
          0.0,
          0.0,
          1.0
        ]
      ]
    },
    {
      "file_path": "/media/NFS/ttao/scannet/posed_images/scene0231_02/00231.jpg",
      "transform_matrix": [
        [
          -0.249929,
          -0.120482,
          -0.960739,
          3.220386
        ],
        [
          0.953785,
          0.140315,
          -0.265716,
          4.925689
        ],
        [
          0.16682,
          -0.982749,
          0.079845,
          1.666484
        ],
        [
          0.0,
          0.0,
          0.0,
          1.0
        ]
      ]
    },
    {
      "file_path": "/media/NFS/ttao/scannet/posed_images/scene0231_02/00237.jpg",
      "transform_matrix": [
        [
          -0.446465,
          -0.153497,
          -0.881537,
          3.153885
        ],
        [
          0.876392,
          0.123795,
          -0.465416,
          5.071137
        ],
        [
          0.18057,
          -0.980364,
          0.079254,
          1.676929
        ],
        [
          0.0,
          0.0,
          0.0,
          1.0
        ]
      ]
    },
    {
      "file_path": "/media/NFS/ttao/scannet/posed_images/scene0231_02/00247.jpg",
      "transform_matrix": [
        [
          -0.5464,
          -0.166943,
          -0.820717,
          3.216839
        ],
        [
          0.818039,
          0.103766,
          -0.565725,
          4.907286
        ],
        [
          0.179606,
          -0.980491,
          0.079868,
          1.691598
        ],
        [
          0.0,
          0.0,
          0.0,
          1.0
        ]
      ]
    },
    {
      "file_path": "/media/NFS/ttao/scannet/posed_images/scene0231_02/00265.jpg",
      "transform_matrix": [
        [
          -0.71266,
          -0.110372,
          -0.692772,
          3.287684
        ],
        [
          0.687106,
          0.089268,
          -0.721053,
          4.898813
        ],
        [
          0.141426,
          -0.989873,
          0.012219,
          1.654853
        ],
        [
          0.0,
          0.0,
          0.0,
          1.0
        ]
      ]
    },
    {
      "file_path": "/media/NFS/ttao/scannet/posed_images/scene0231_02/00275.jpg",
      "transform_matrix": [
        [
          -0.765973,
          -0.05483,
          -0.64053,
          3.307182
        ],
        [
          0.633359,
          0.10642,
          -0.766506,
          4.899324
        ],
        [
          0.110193,
          -0.992808,
          -0.046788,
          1.631362
        ],
        [
          0.0,
          0.0,
          0.0,
          1.0
        ]
      ]
    },
    {
      "file_path": "/media/NFS/ttao/scannet/posed_images/scene0231_02/00281.jpg",
      "transform_matrix": [
        [
          -0.801147,
          -0.002109,
          -0.598464,
          3.321463
        ],
        [
          0.593009,
          0.131953,
          -0.79431,
          4.891604
        ],
        [
          0.080645,
          -0.991254,
          -0.104463,
          1.606504
        ],
        [
          0.0,
          0.0,
          0.0,
          1.0
        ]
      ]
    },
    {
      "file_path": "/media/NFS/ttao/scannet/posed_images/scene0231_02/00290.jpg",
      "transform_matrix": [
        [
          -0.842018,
          0.083052,
          -0.533017,
          3.32219
        ],
        [
          0.537742,
          0.207748,
          -0.817113,
          4.87383
        ],
        [
          0.042871,
          -0.97465,
          -0.219588,
          1.555539
        ],
        [
          0.0,
          0.0,
          0.0,
          1.0
        ]
      ]
    },
    {
      "file_path": "/media/NFS/ttao/scannet/posed_images/scene0231_02/00300.jpg",
      "transform_matrix": [
        [
          -0.849724,
          0.213589,
          -0.482026,
          3.331375
        ],
        [
          0.52574,
          0.274639,
          -0.805091,
          4.84024
        ],
        [
          -0.039575,
          -0.937525,
          -0.345659,
          1.497005
        ],
        [
          0.0,
          0.0,
          0.0,
          1.0
        ]
      ]
    },
    {
      "file_path": "/media/NFS/ttao/scannet/posed_images/scene0231_02/00318.jpg",
      "transform_matrix": [
        [
          -0.886118,
          0.343785,
          -0.310817,
          3.384563
        ],
        [
          0.440044,
          0.413614,
          -0.797048,
          4.784962
        ],
        [
          -0.145455,
          -0.843051,
          -0.517791,
          1.389706
        ],
        [
          0.0,
          0.0,
          0.0,
          1.0
        ]
      ]
    },
    {
      "file_path": "/media/NFS/ttao/scannet/posed_images/scene0231_02/00325.jpg",
      "transform_matrix": [
        [
          -0.908428,
          0.3395,
          -0.243921,
          3.423635
        ],
        [
          0.38981,
          0.47715,
          -0.78764,
          4.734381
        ],
        [
          -0.151017,
          -0.810597,
          -0.565797,
          1.372581
        ],
        [
          0.0,
          0.0,
          0.0,
          1.0
        ]
      ]
    },
    {
      "file_path": "/media/NFS/ttao/scannet/posed_images/scene0231_02/00331.jpg",
      "transform_matrix": [
        [
          -0.932209,
          0.315895,
          -0.176626,
          3.459625
        ],
        [
          0.326713,
          0.52455,
          -0.786197,
          4.708287
        ],
        [
          -0.155706,
          -0.790606,
          -0.592197,
          1.348597
        ],
        [
          0.0,
          0.0,
          0.0,
          1.0
        ]
      ]
    },
    {
      "file_path": "/media/NFS/ttao/scannet/posed_images/scene0231_02/00350.jpg",
      "transform_matrix": [
        [
          -0.969847,
          0.243441,
          -0.011556,
          3.508426
        ],
        [
          0.139721,
          0.516537,
          -0.844789,
          4.604994
        ],
        [
          -0.199687,
          -0.82093,
          -0.534975,
          1.384369
        ],
        [
          0.0,
          0.0,
          0.0,
          1.0
        ]
      ]
    },
    {
      "file_path": "/media/NFS/ttao/scannet/posed_images/scene0231_02/00356.jpg",
      "transform_matrix": [
        [
          -0.979066,
          0.203541,
          0.000978,
          3.480734
        ],
        [
          0.095878,
          0.465416,
          -0.879884,
          4.563288
        ],
        [
          -0.179548,
          -0.86137,
          -0.475188,
          1.431052
        ],
        [
          0.0,
          0.0,
          0.0,
          1.0
        ]
      ]
    },
    {
      "file_path": "/media/NFS/ttao/scannet/posed_images/scene0231_02/00365.jpg",
      "transform_matrix": [
        [
          -0.993717,
          0.111914,
          -0.001062,
          3.471601
        ],
        [
          0.040064,
          0.346854,
          -0.937063,
          4.510712
        ],
        [
          -0.104502,
          -0.931218,
          -0.349158,
          1.495255
        ],
        [
          0.0,
          0.0,
          0.0,
          1.0
        ]
      ]
    },
    {
      "file_path": "/media/NFS/ttao/scannet/posed_images/scene0231_02/00371.jpg",
      "transform_matrix": [
        [
          -0.996159,
          0.083408,
          0.026642,
          3.415866
        ],
        [
          -0.001058,
          0.292786,
          -0.956178,
          4.489341
        ],
        [
          -0.087553,
          -0.952533,
          -0.291573,
          1.513516
        ],
        [
          0.0,
          0.0,
          0.0,
          1.0
        ]
      ]
    },
    {
      "file_path": "/media/NFS/ttao/scannet/posed_images/scene0231_02/00390.jpg",
      "transform_matrix": [
        [
          -0.928833,
          -0.017997,
          0.370061,
          3.341805
        ],
        [
          -0.366281,
          0.194882,
          -0.909868,
          4.485394
        ],
        [
          -0.055743,
          -0.980662,
          -0.187605,
          1.530969
        ],
        [
          0.0,
          0.0,
          0.0,
          1.0
        ]
      ]
    },
    {
      "file_path": "/media/NFS/ttao/scannet/posed_images/scene0231_02/00396.jpg",
      "transform_matrix": [
        [
          -0.871539,
          -0.06832,
          0.485543,
          3.28366
        ],
        [
          -0.489846,
          0.165118,
          -0.85603,
          4.506636
        ],
        [
          -0.021688,
          -0.983905,
          -0.177373,
          1.531325
        ],
        [
          0.0,
          0.0,
          0.0,
          1.0
        ]
      ]
    },
    {
      "file_path": "/media/NFS/ttao/scannet/posed_images/scene0231_02/00409.jpg",
      "transform_matrix": [
        [
          -0.762943,
          -0.070528,
          0.642607,
          3.232808
        ],
        [
          -0.645678,
          0.132175,
          -0.752083,
          4.490414
        ],
        [
          -0.031893,
          -0.988714,
          -0.146381,
          1.573856
        ],
        [
          0.0,
          0.0,
          0.0,
          1.0
        ]
      ]
    },
    {
      "file_path": "/media/NFS/ttao/scannet/posed_images/scene0231_02/00415.jpg",
      "transform_matrix": [
        [
          -0.715851,
          -0.088343,
          0.692641,
          3.230084
        ],
        [
          -0.697779,
          0.127048,
          -0.704956,
          4.446932
        ],
        [
          -0.025721,
          -0.987955,
          -0.152591,
          1.58877
        ],
        [
          0.0,
          0.0,
          0.0,
          1.0
        ]
      ]
    },
    {
      "file_path": "/media/NFS/ttao/scannet/posed_images/scene0231_02/00431.jpg",
      "transform_matrix": [
        [
          -0.498588,
          -0.273098,
          0.822695,
          3.226236
        ],
        [
          -0.865953,
          0.114014,
          -0.486956,
          4.312762
        ],
        [
          0.039188,
          -0.955206,
          -0.293336,
          1.556481
        ],
        [
          0.0,
          0.0,
          0.0,
          1.0
        ]
      ]
    },
    {
      "file_path": "/media/NFS/ttao/scannet/posed_images/scene0231_02/00434.jpg",
      "transform_matrix": [
        [
          -0.468226,
          -0.298871,
          0.831529,
          3.222156
        ],
        [
          -0.883096,
          0.126224,
          -0.451895,
          4.291339
        ],
        [
          0.030099,
          -0.945909,
          -0.323034,
          1.565344
        ],
        [
          0.0,
          0.0,
          0.0,
          1.0
        ]
      ]
    },
    {
      "file_path": "/media/NFS/ttao/scannet/posed_images/scene0231_02/00449.jpg",
      "transform_matrix": [
        [
          -0.287149,
          -0.340916,
          0.895165,
          3.084329
        ],
        [
          -0.957847,
          0.093749,
          -0.271553,
          4.317482
        ],
        [
          0.008656,
          -0.935408,
          -0.353465,
          1.535665
        ],
        [
          0.0,
          0.0,
          0.0,
          1.0
        ]
      ]
    },
    {
      "file_path": "/media/NFS/ttao/scannet/posed_images/scene0231_02/00456.jpg",
      "transform_matrix": [
        [
          -0.218324,
          -0.370396,
          0.902851,
          3.027655
        ],
        [
          -0.975857,
          0.088596,
          -0.199632,
          4.347722
        ],
        [
          -0.006046,
          -0.924639,
          -0.380797,
          1.533575
        ],
        [
          0.0,
          0.0,
          0.0,
          1.0
        ]
      ]
    },
    {
      "file_path": "/media/NFS/ttao/scannet/posed_images/scene0231_02/00465.jpg",
      "transform_matrix": [
        [
          -0.176944,
          -0.40052,
          0.899041,
          2.981082
        ],
        [
          -0.983996,
          0.052458,
          -0.170294,
          4.390665
        ],
        [
          0.021045,
          -0.914785,
          -0.403392,
          1.508245
        ],
        [
          0.0,
          0.0,
          0.0,
          1.0
        ]
      ]
    },
    {
      "file_path": "/media/NFS/ttao/scannet/posed_images/scene0231_02/00481.jpg",
      "transform_matrix": [
        [
          -0.073891,
          -0.48427,
          0.871793,
          2.943171
        ],
        [
          -0.997061,
          0.018157,
          -0.074422,
          4.496283
        ],
        [
          0.020211,
          -0.87473,
          -0.484188,
          1.437158
        ],
        [
          0.0,
          0.0,
          0.0,
          1.0
        ]
      ]
    },
    {
      "file_path": "/media/NFS/ttao/scannet/posed_images/scene0231_02/00493.jpg",
      "transform_matrix": [
        [
          -0.012836,
          -0.555764,
          0.831241,
          2.898083
        ],
        [
          -0.998831,
          0.045875,
          0.015249,
          4.501375
        ],
        [
          -0.046608,
          -0.830073,
          -0.555703,
          1.404579
        ],
        [
          0.0,
          0.0,
          0.0,
          1.0
        ]
      ]
    },
    {
      "file_path": "/media/NFS/ttao/scannet/posed_images/scene0231_02/00496.jpg",
      "transform_matrix": [
        [
          0.021235,
          -0.568425,
          0.822461,
          2.882734
        ],
        [
          -0.998373,
          0.031486,
          0.047537,
          4.488959
        ],
        [
          -0.052917,
          -0.822132,
          -0.566832,
          1.39828
        ],
        [
          0.0,
          0.0,
          0.0,
          1.0
        ]
      ]
    },
    {
      "file_path": "/media/NFS/ttao/scannet/posed_images/scene0231_02/00509.jpg",
      "transform_matrix": [
        [
          0.223222,
          -0.548268,
          0.805962,
          2.827672
        ],
        [
          -0.973538,
          -0.083878,
          0.212576,
          4.463855
        ],
        [
          -0.048946,
          -0.832086,
          -0.552483,
          1.399882
        ],
        [
          0.0,
          0.0,
          0.0,
          1.0
        ]
      ]
    },
    {
      "file_path": "/media/NFS/ttao/scannet/posed_images/scene0231_02/00518.jpg",
      "transform_matrix": [
        [
          0.389566,
          -0.455897,
          0.800247,
          2.80658
        ],
        [
          -0.919248,
          -0.138917,
          0.368356,
          4.456637
        ],
        [
          -0.056765,
          -0.879124,
          -0.4732,
          1.447309
        ],
        [
          0.0,
          0.0,
          0.0,
          1.0
        ]
      ]
    },
    {
      "file_path": "/media/NFS/ttao/scannet/posed_images/scene0231_02/00537.jpg",
      "transform_matrix": [
        [
          0.592688,
          -0.216664,
          0.775744,
          2.773019
        ],
        [
          -0.804598,
          -0.11543,
          0.582494,
          4.501559
        ],
        [
          -0.036661,
          -0.969398,
          -0.242741,
          1.517823
        ],
        [
          0.0,
          0.0,
          0.0,
          1.0
        ]
      ]
    },
    {
      "file_path": "/media/NFS/ttao/scannet/posed_images/scene0231_02/00540.jpg",
      "transform_matrix": [
        [
          0.61515,
          -0.195818,
          0.763705,
          2.773518
        ],
        [
          -0.787938,
          -0.119154,
          0.604117,
          4.527941
        ],
        [
          -0.027299,
          -0.973374,
          -0.22759,
          1.528671
        ],
        [
          0.0,
          0.0,
          0.0,
          1.0
        ]
      ]
    },
    {
      "file_path": "/media/NFS/ttao/scannet/posed_images/scene0231_02/00556.jpg",
      "transform_matrix": [
        [
          0.775549,
          -0.074605,
          0.626863,
          2.864373
        ],
        [
          -0.631287,
          -0.091476,
          0.770136,
          4.613547
        ],
        [
          -0.000113,
          -0.993009,
          -0.118041,
          1.57379
        ],
        [
          0.0,
          0.0,
          0.0,
          1.0
        ]
      ]
    },
    {
      "file_path": "/media/NFS/ttao/scannet/posed_images/scene0231_02/00565.jpg",
      "transform_matrix": [
        [
          0.852953,
          -0.033275,
          0.520926,
          2.893442
        ],
        [
          -0.521093,
          -0.112705,
          0.846026,
          4.677682
        ],
        [
          0.03056,
          -0.993071,
          -0.113472,
          1.58722
        ],
        [
          0.0,
          0.0,
          0.0,
          1.0
        ]
      ]
    },
    {
      "file_path": "/media/NFS/ttao/scannet/posed_images/scene0231_02/00571.jpg",
      "transform_matrix": [
        [
          0.89814,
          -0.045176,
          0.437384,
          2.917458
        ],
        [
          -0.43908,
          -0.145388,
          0.886607,
          4.705557
        ],
        [
          0.023537,
          -0.988343,
          -0.150414,
          1.561268
        ],
        [
          0.0,
          0.0,
          0.0,
          1.0
        ]
      ]
    },
    {
      "file_path": "/media/NFS/ttao/scannet/posed_images/scene0231_02/00584.jpg",
      "transform_matrix": [
        [
          0.980121,
          -0.04987,
          0.192031,
          3.060505
        ],
        [
          -0.1984,
          -0.248492,
          0.948098,
          4.712741
        ],
        [
          0.000436,
          -0.967349,
          -0.253447,
          1.531654
        ],
        [
          0.0,
          0.0,
          0.0,
          1.0
        ]
      ]
    },
    {
      "file_path": "/media/NFS/ttao/scannet/posed_images/scene0231_02/00599.jpg",
      "transform_matrix": [
        [
          0.998815,
          -0.014207,
          0.046546,
          3.232057
        ],
        [
          -0.048564,
          -0.352828,
          0.934427,
          4.718645
        ],
        [
          0.003148,
          -0.93558,
          -0.3531,
          1.46368
        ],
        [
          0.0,
          0.0,
          0.0,
          1.0
        ]
      ]
    },
    {
      "file_path": "/media/NFS/ttao/scannet/posed_images/scene0231_02/00602.jpg",
      "transform_matrix": [
        [
          0.999893,
          0.010529,
          0.01017,
          3.260915
        ],
        [
          -0.005591,
          -0.367333,
          0.930073,
          4.729283
        ],
        [
          0.013528,
          -0.93003,
          -0.367235,
          1.466965
        ],
        [
          0.0,
          0.0,
          0.0,
          1.0
        ]
      ]
    },
    {
      "file_path": "/media/NFS/ttao/scannet/posed_images/scene0231_02/00615.jpg",
      "transform_matrix": [
        [
          0.958495,
          0.099318,
          -0.267252,
          3.370951
        ],
        [
          0.284799,
          -0.289747,
          0.913748,
          4.680784
        ],
        [
          0.013316,
          -0.951936,
          -0.306007,
          1.508528
        ],
        [
          0.0,
          0.0,
          0.0,
          1.0
        ]
      ]
    },
    {
      "file_path": "/media/NFS/ttao/scannet/posed_images/scene0231_02/00630.jpg",
      "transform_matrix": [
        [
          0.791871,
          0.200473,
          -0.576846,
          3.462245
        ],
        [
          0.603166,
          -0.108944,
          0.790141,
          4.513535
        ],
        [
          0.095557,
          -0.973623,
          -0.207188,
          1.581062
        ],
        [
          0.0,
          0.0,
          0.0,
          1.0
        ]
      ]
    },
    {
      "file_path": "/media/NFS/ttao/scannet/posed_images/scene0231_02/00637.jpg",
      "transform_matrix": [
        [
          0.719286,
          0.185462,
          -0.669501,
          3.49876
        ],
        [
          0.689388,
          -0.071438,
          0.720862,
          4.458546
        ],
        [
          0.085865,
          -0.980051,
          -0.179239,
          1.599067
        ],
        [
          0.0,
          0.0,
          0.0,
          1.0
        ]
      ]
    },
    {
      "file_path": "/media/NFS/ttao/scannet/posed_images/scene0231_02/00643.jpg",
      "transform_matrix": [
        [
          0.679579,
          0.172812,
          -0.712958,
          3.462533
        ],
        [
          0.729762,
          -0.05993,
          0.68107,
          4.37727
        ],
        [
          0.074969,
          -0.98313,
          -0.166839,
          1.60385
        ],
        [
          0.0,
          0.0,
          0.0,
          1.0
        ]
      ]
    },
    {
      "file_path": "/media/NFS/ttao/scannet/posed_images/scene0231_02/00662.jpg",
      "transform_matrix": [
        [
          0.367646,
          0.108369,
          -0.92363,
          3.394446
        ],
        [
          0.929293,
          -0.005034,
          0.369309,
          4.215223
        ],
        [
          0.035372,
          -0.994098,
          -0.102557,
          1.606526
        ],
        [
          0.0,
          0.0,
          0.0,
          1.0
        ]
      ]
    },
    {
      "file_path": "/media/NFS/ttao/scannet/posed_images/scene0231_02/00668.jpg",
      "transform_matrix": [
        [
          0.288171,
          0.093447,
          -0.953008,
          3.397694
        ],
        [
          0.957065,
          0.004491,
          0.289838,
          4.228323
        ],
        [
          0.031365,
          -0.995614,
          -0.088141,
          1.611642
        ],
        [
          0.0,
          0.0,
          0.0,
          1.0
        ]
      ]
    },
    {
      "file_path": "/media/NFS/ttao/scannet/posed_images/scene0231_02/00680.jpg",
      "transform_matrix": [
        [
          0.117034,
          0.036555,
          -0.992455,
          3.390004
        ],
        [
          0.990617,
          0.066719,
          0.119274,
          4.206476
        ],
        [
          0.070575,
          -0.997102,
          -0.028403,
          1.607659
        ],
        [
          0.0,
          0.0,
          0.0,
          1.0
        ]
      ]
    },
    {
      "file_path": "/media/NFS/ttao/scannet/posed_images/scene0231_02/00683.jpg",
      "transform_matrix": [
        [
          0.063362,
          0.036762,
          -0.997313,
          3.394441
        ],
        [
          0.994282,
          0.083749,
          0.066256,
          4.226387
        ],
        [
          0.085959,
          -0.995809,
          -0.031246,
          1.593549
        ],
        [
          0.0,
          0.0,
          0.0,
          1.0
        ]
      ]
    },
    {
      "file_path": "/media/NFS/ttao/scannet/posed_images/scene0231_02/00702.jpg",
      "transform_matrix": [
        [
          -0.062298,
          0.313752,
          -0.947459,
          3.478487
        ],
        [
          0.995432,
          0.088343,
          -0.036198,
          3.982907
        ],
        [
          0.072345,
          -0.945386,
          -0.317822,
          1.512477
        ],
        [
          0.0,
          0.0,
          0.0,
          1.0
        ]
      ]
    },
    {
      "file_path": "/media/NFS/ttao/scannet/posed_images/scene0231_02/00705.jpg",
      "transform_matrix": [
        [
          -0.056171,
          0.336816,
          -0.939894,
          3.517487
        ],
        [
          0.996878,
          0.071236,
          -0.034048,
          3.969166
        ],
        [
          0.055486,
          -0.938872,
          -0.339766,
          1.509259
        ],
        [
          0.0,
          0.0,
          0.0,
          1.0
        ]
      ]
    },
    {
      "file_path": "/media/NFS/ttao/scannet/posed_images/scene0231_02/00721.jpg",
      "transform_matrix": [
        [
          0.180982,
          0.527406,
          -0.830114,
          3.699782
        ],
        [
          0.982285,
          -0.13864,
          0.126075,
          3.876339
        ],
        [
          -0.048595,
          -0.838226,
          -0.543154,
          1.42222
        ],
        [
          0.0,
          0.0,
          0.0,
          1.0
        ]
      ]
    },
    {
      "file_path": "/media/NFS/ttao/scannet/posed_images/scene0231_02/00730.jpg",
      "transform_matrix": [
        [
          0.30369,
          0.61105,
          -0.73102,
          3.737077
        ],
        [
          0.951156,
          -0.239093,
          0.195287,
          3.783321
        ],
        [
          -0.055452,
          -0.754621,
          -0.653814,
          1.384826
        ],
        [
          0.0,
          0.0,
          0.0,
          1.0
        ]
      ]
    },
    {
      "file_path": "/media/NFS/ttao/scannet/posed_images/scene0231_02/00743.jpg",
      "transform_matrix": [
        [
          0.498432,
          0.575572,
          -0.648291,
          3.784458
        ],
        [
          0.864532,
          -0.385571,
          0.322365,
          3.61702
        ],
        [
          -0.064418,
          -0.721146,
          -0.689782,
          1.348838
        ],
        [
          0.0,
          0.0,
          0.0,
          1.0
        ]
      ]
    },
    {
      "file_path": "/media/NFS/ttao/scannet/posed_images/scene0231_02/00746.jpg",
      "transform_matrix": [
        [
          0.527252,
          0.566857,
          -0.632992,
          3.804291
        ],
        [
          0.846178,
          -0.418119,
          0.330393,
          3.591455
        ],
        [
          -0.07738,
          -0.709824,
          -0.700116,
          1.337341
        ],
        [
          0.0,
          0.0,
          0.0,
          1.0
        ]
      ]
    },
    {
      "file_path": "/media/NFS/ttao/scannet/posed_images/scene0231_02/00765.jpg",
      "transform_matrix": [
        [
          0.71371,
          0.519475,
          -0.469856,
          3.903276
        ],
        [
          0.694539,
          -0.611758,
          0.37864,
          3.510887
        ],
        [
          -0.090744,
          -0.596572,
          -0.797413,
          1.300239
        ],
        [
          0.0,
          0.0,
          0.0,
          1.0
        ]
      ]
    },
    {
      "file_path": "/media/NFS/ttao/scannet/posed_images/scene0231_02/00771.jpg",
      "transform_matrix": [
        [
          0.790428,
          0.454058,
          -0.411162,
          3.937952
        ],
        [
          0.606662,
          -0.673149,
          0.422885,
          3.502536
        ],
        [
          -0.084758,
          -0.583697,
          -0.807536,
          1.299138
        ],
        [
          0.0,
          0.0,
          0.0,
          1.0
        ]
      ]
    },
    {
      "file_path": "/media/NFS/ttao/scannet/posed_images/scene0231_02/00780.jpg",
      "transform_matrix": [
        [
          0.913533,
          0.300636,
          -0.274,
          3.971874
        ],
        [
          0.404835,
          -0.737525,
          0.540523,
          3.510844
        ],
        [
          -0.039581,
          -0.60471,
          -0.795461,
          1.306025
        ],
        [
          0.0,
          0.0,
          0.0,
          1.0
        ]
      ]
    },
    {
      "file_path": "/media/NFS/ttao/scannet/posed_images/scene0231_02/00790.jpg",
      "transform_matrix": [
        [
          0.992259,
          0.084421,
          -0.091075,
          3.975634
        ],
        [
          0.124056,
          -0.707057,
          0.69619,
          3.544632
        ],
        [
          -0.005622,
          -0.702099,
          -0.712057,
          1.342569
        ],
        [
          0.0,
          0.0,
          0.0,
          1.0
        ]
      ]
    },
    {
      "file_path": "/media/NFS/ttao/scannet/posed_images/scene0231_02/00802.jpg",
      "transform_matrix": [
        [
          0.990747,
          -0.097183,
          0.094739,
          3.924614
        ],
        [
          -0.133781,
          -0.581716,
          0.802315,
          3.559785
        ],
        [
          -0.02286,
          -0.807565,
          -0.589335,
          1.384418
        ],
        [
