{
  "frames": [
    {
      "file_path": "/media/NFS/ttao/scannet/posed_images/scene0536_00/00000.jpg",
      "transform_matrix": [
        [
          0.853835,
          -0.283874,
          0.436327,
          5.976379
        ],
        [
          -0.515355,
          -0.579039,
          0.631762,
          1.441498
        ],
        [
          0.073309,
          -0.764284,
          -0.6407,
          1.503377
        ],
        [
          0.0,
          0.0,
          0.0,
          1.0
        ]
      ]
    },
    {
      "file_path": "/media/NFS/ttao/scannet/posed_images/scene0536_00/00003.jpg",
      "transform_matrix": [
        [
          0.850889,
          -0.280254,
          0.444349,
          5.974283
        ],
        [
          -0.519928,
          -0.570399,
          0.635862,
          1.440085
        ],
        [
          0.075253,
          -0.772077,
          -0.631058,
          1.505397
        ],
        [
          0.0,
          0.0,
          0.0,
          1.0
        ]
      ]
    },
    {
      "file_path": "/media/NFS/ttao/scannet/posed_images/scene0536_00/00006.jpg",
      "transform_matrix": [
        [
          0.849554,
          -0.276047,
          0.449507,
          5.972534
        ],
        [
          -0.522148,
          -0.561172,
          0.642221,
          1.437262
        ],
        [
          0.074967,
          -0.78031,
          -0.620883,
          1.50522
        ],
        [
          0.0,
          0.0,
          0.0,
          1.0
        ]
      ]
    },
    {
      "file_path": "/media/NFS/ttao/scannet/posed_images/scene0536_00/00009.jpg",
      "transform_matrix": [
        [
          0.850432,
          -0.283244,
          0.443326,
          5.97136
        ],
        [
          -0.520936,
          -0.571006,
          0.63449,
          1.433206
        ],
        [
          0.073426,
          -0.770535,
          -0.633154,
          1.497046
        ],
        [
          0.0,
          0.0,
          0.0,
          1.0
        ]
      ]
    },
    {
      "file_path": "/media/NFS/ttao/scannet/posed_images/scene0536_00/00016.jpg",
      "transform_matrix": [
        [
          0.859308,
          -0.295163,
          0.417695,
          5.973387
        ],
        [
          -0.505177,
          -0.617423,
          0.60298,
          1.433838
        ],
        [
          0.079917,
          -0.729155,
          -0.679666,
          1.488396
        ],
        [
          0.0,
          0.0,
          0.0,
          1.0
        ]
      ]
    },
    {
      "file_path": "/media/NFS/ttao/scannet/posed_images/scene0536_00/00017.jpg",
      "transform_matrix": [
        [
          0.860396,
          -0.293457,
          0.416655,
          5.973121
        ],
        [
          -0.502926,
          -0.621062,
          0.601122,
          1.433614
        ],
        [
          0.082365,
          -0.72675,
          -0.681946,
          1.486534
        ],
        [
          0.0,
          0.0,
          0.0,
          1.0
        ]
      ]
    },
    {
      "file_path": "/media/NFS/ttao/scannet/posed_images/scene0536_00/00023.jpg",
      "transform_matrix": [
        [
          0.859554,
          -0.303635,
          0.411064,
          5.976459
        ],
        [
          -0.503835,
          -0.638141,
          0.582175,
          1.438387
        ],
        [
          0.085548,
          -0.707519,
          -0.701498,
          1.482881
        ],
        [
          0.0,
          0.0,
          0.0,
          1.0
        ]
      ]
    },
    {
      "file_path": "/media/NFS/ttao/scannet/posed_images/scene0536_00/00024.jpg",
      "transform_matrix": [
        [
          0.858431,
          -0.304005,
          0.413131,
          5.977986
        ],
        [
          -0.50565,
          -0.636768,
          0.582104,
          1.43986
        ],
        [
          0.086106,
          -0.708596,
          -0.700342,
          1.484918
        ],
        [
          0.0,
          0.0,
          0.0,
          1.0
        ]
      ]
    },
    {
      "file_path": "/media/NFS/ttao/scannet/posed_images/scene0536_00/00027.jpg",
      "transform_matrix": [
        [
          0.854469,
          -0.302497,
          0.422349,
          5.984687
        ],
        [
          -0.512768,
          -0.621576,
          0.59221,
          1.44577
        ],
        [
          0.08338,
          -0.722592,
          -0.686228,
          1.498273
        ],
        [
          0.0,
          0.0,
          0.0,
          1.0
        ]
      ]
    },
    {
      "file_path": "/media/NFS/ttao/scannet/posed_images/scene0536_00/00033.jpg",
      "transform_matrix": [
        [
          0.84871,
          -0.26808,
          0.455877,
          5.991169
        ],
        [
          -0.522177,
          -0.561363,
          0.64203,
          1.452685
        ],
        [
          0.083797,
          -0.782946,
          -0.61642,
          1.527857
        ],
        [
          0.0,
          0.0,
          0.0,
          1.0
        ]
      ]
    },
    {
      "file_path": "/media/NFS/ttao/scannet/posed_images/scene0536_00/00034.jpg",
      "transform_matrix": [
        [
          0.84821,
          -0.255936,
          0.46372,
          5.991828
        ],
        [
          -0.522284,
          -0.549751,
          0.651915,
          1.454744
        ],
        [
          0.088083,
          -0.795155,
          -0.599976,
          1.53469
        ],
        [
          0.0,
          0.0,
          0.0,
          1.0
        ]
      ]
    },
    {
      "file_path": "/media/NFS/ttao/scannet/posed_images/scene0536_00/00039.jpg",
      "transform_matrix": [
        [
          0.84739,
          -0.201046,
          0.491437,
          5.987826
        ],
        [
          -0.520847,
          -0.494614,
          0.695756,
          1.455173
        ],
        [
          0.103193,
          -0.84554,
          -0.523845,
          1.554492
        ],
        [
          0.0,
          0.0,
          0.0,
          1.0
        ]
      ]
    },
    {
      "file_path": "/media/NFS/ttao/scannet/posed_images/scene0536_00/00040.jpg",
      "transform_matrix": [
        [
          0.849698,
          -0.191515,
          0.491259,
          5.986051
        ],
        [
          -0.51611,
          -0.492764,
          0.700581,
          1.452229
        ],
        [
          0.107903,
          -0.848826,
          -0.517543,
          1.550918
        ],
        [
          0.0,
          0.0,
          0.0,
          1.0
        ]
      ]
    },
    {
      "file_path": "/media/NFS/ttao/scannet/posed_images/scene0536_00/00045.jpg",
      "transform_matrix": [
        [
          0.864522,
          -0.145253,
          0.481147,
          5.978915
        ],
        [
          -0.484032,
          -0.498397,
          0.719245,
          1.474474
        ],
        [
          0.13533,
          -0.854694,
          -0.501182,
          1.568094
        ],
        [
          0.0,
          0.0,
          0.0,
          1.0
        ]
      ]
    },
    {
      "file_path": "/media/NFS/ttao/scannet/posed_images/scene0536_00/00048.jpg",
      "transform_matrix": [
        [
          0.880516,
          -0.106141,
          0.461981,
          5.97385
        ],
        [
          -0.448549,
          -0.501732,
          0.739641,
          1.493767
        ],
        [
          0.153284,
          -0.858487,
          -0.489392,
          1.58965
        ],
        [
          0.0,
          0.0,
          0.0,
          1.0
        ]
      ]
    },
    {
      "file_path": "/media/NFS/ttao/scannet/posed_images/scene0536_00/00051.jpg",
      "transform_matrix": [
        [
          0.887738,
          -0.0745,
          0.45428,
          5.966584
        ],
        [
          -0.431203,
          -0.48012,
          0.763904,
          1.505015
        ],
        [
          0.161198,
          -0.874034,
          -0.458345,
          1.613194
        ],
        [
          0.0,
          0.0,
          0.0,
          1.0
        ]
      ]
    },
    {
      "file_path": "/media/NFS/ttao/scannet/posed_images/scene0536_00/00055.jpg",
      "transform_matrix": [
        [
          0.88412,
          -0.039578,
          0.46558,
          5.959846
        ],
        [
          -0.432106,
          -0.44842,
          0.782434,
          1.519253
        ],
        [
          0.177808,
          -0.892946,
          -0.41356,
          1.642823
        ],
        [
          0.0,
          0.0,
          0.0,
          1.0
        ]
      ]
    },
    {
      "file_path": "/media/NFS/ttao/scannet/posed_images/scene0536_00/00060.jpg",
      "transform_matrix": [
        [
          0.882328,
          -0.019642,
          0.470224,
          5.954112
        ],
        [
          -0.435641,
          -0.412143,
          0.800221,
          1.524969
        ],
        [
          0.178082,
          -0.910907,
          -0.372203,
          1.661735
        ],
        [
          0.0,
          0.0,
          0.0,
          1.0
        ]
      ]
    },
    {
      "file_path": "/media/NFS/ttao/scannet/posed_images/scene0536_00/00061.jpg",
      "transform_matrix": [
        [
          0.882919,
          -0.021848,
          0.469018,
          5.951379
        ],
        [
          -0.436016,
          -0.408759,
          0.801752,
          1.525961
        ],
        [
          0.174198,
          -0.912381,
          -0.370427,
          1.660312
        ],
        [
          0.0,
          0.0,
          0.0,
          1.0
        ]
      ]
    },
    {
      "file_path": "/media/NFS/ttao/scannet/posed_images/scene0536_00/00066.jpg",
      "transform_matrix": [
        [
          0.894092,
          -0.038336,
          0.446239,
          5.949835
        ],
        [
          -0.419419,
          -0.421184,
          0.804171,
          1.545126
        ],
        [
          0.157121,
          -0.906165,
          -0.392656,
          1.658996
        ],
        [
          0.0,
          0.0,
          0.0,
          1.0
        ]
      ]
    },
    {
      "file_path": "/media/NFS/ttao/scannet/posed_images/scene0536_00/00069.jpg",
      "transform_matrix": [
        [
          0.89778,
          -0.038914,
          0.438722,
          5.939558
        ],
        [
          -0.413416,
          -0.418021,
          0.808917,
          1.561071
        ],
        [
          0.151917,
          -0.907604,
          -0.391378,
          1.652356
        ],
        [
          0.0,
          0.0,
          0.0,
          1.0
        ]
      ]
    },
    {
      "file_path": "/media/NFS/ttao/scannet/posed_images/scene0536_00/00075.jpg",
      "transform_matrix": [
        [
          0.91276,
          -0.042579,
          0.406271,
          5.937021
        ],
        [
          -0.379919,
          -0.453929,
          0.805984,
          1.606291
        ],
        [
          0.1501,
          -0.89002,
          -0.430504,
          1.635184
        ],
        [
          0.0,
          0.0,
          0.0,
          1.0
        ]
      ]
    },
    {
      "file_path": "/media/NFS/ttao/scannet/posed_images/scene0536_00/00077.jpg",
      "transform_matrix": [
        [
          0.923181,
          -0.045374,
          0.381678,
          5.940476
        ],
        [
          -0.358094,
          -0.462347,
          0.811174,
          1.632123
        ],
        [
          0.139662,
          -0.885537,
          -0.443078,
          1.633265
        ],
        [
          0.0,
          0.0,
          0.0,
          1.0
        ]
      ]
    },
    {
      "file_path": "/media/NFS/ttao/scannet/posed_images/scene0536_00/00079.jpg",
      "transform_matrix": [
        [
          0.935172,
          -0.044703,
          0.351362,
          5.949894
        ],
        [
          -0.330355,
          -0.467867,
          0.819735,
          1.657826
        ],
        [
          0.127746,
          -0.882668,
          -0.452304,
          1.632835
        ],
        [
          0.0,
          0.0,
          0.0,
          1.0
        ]
      ]
    },
    {
      "file_path": "/media/NFS/ttao/scannet/posed_images/scene0536_00/00083.jpg",
      "transform_matrix": [
        [
          0.951477,
          -0.049621,
          0.303694,
          5.981709
        ],
        [
          -0.29248,
          -0.45257,
          0.842398,
          1.728566
        ],
        [
          0.095642,
          -0.890347,
          -0.445124,
          1.667957
        ],
        [
          0.0,
          0.0,
          0.0,
          1.0
        ]
      ]
    },
    {
      "file_path": "/media/NFS/ttao/scannet/posed_images/scene0536_00/00086.jpg",
      "transform_matrix": [
        [
          0.953944,
          -0.033082,
          0.298156,
          6.012871
        ],
        [
          -0.286764,
          -0.392382,
          0.873958,
          1.772746
        ],
        [
          0.088079,
          -0.919207,
          -0.383797,
          1.687588
        ],
        [
          0.0,
          0.0,
          0.0,
          1.0
        ]
      ]
    },
    {
      "file_path": "/media/NFS/ttao/scannet/posed_images/scene0536_00/00091.jpg",
      "transform_matrix": [
        [
          0.93957,
          0.009489,
          0.342226,
          6.086373
        ],
        [
          -0.31923,
          -0.336888,
          0.885776,
          1.834285
        ],
        [
          0.123697,
          -0.941497,
          -0.313501,
          1.726208
        ],
        [
          0.0,
          0.0,
          0.0,
          1.0
        ]
      ]
    },
    {
      "file_path": "/media/NFS/ttao/scannet/posed_images/scene0536_00/00092.jpg",
      "transform_matrix": [
        [
          0.93933,
          0.011635,
          0.342817,
          6.095732
        ],
        [
          -0.320967,
          -0.322718,
          0.890412,
          1.846633
        ],
        [
          0.120994,
          -0.946424,
          -0.299405,
          1.73349
        ],
        [
          0.0,
          0.0,
          0.0,
          1.0
        ]
      ]
    },
    {
      "file_path": "/media/NFS/ttao/scannet/posed_images/scene0536_00/00097.jpg",
      "transform_matrix": [
        [
          0.929824,
          0.016881,
          0.367617,
          6.128576
        ],
        [
          -0.349887,
          -0.26902,
          0.897334,
          1.897295
        ],
        [
          0.114044,
          -0.962987,
          -0.244235,
          1.770635
        ],
        [
          0.0,
          0.0,
          0.0,
          1.0
        ]
      ]
    },
    {
      "file_path": "/media/NFS/ttao/scannet/posed_images/scene0536_00/00102.jpg",
      "transform_matrix": [
        [
          0.906089,
          0.030618,
          0.421978,
          6.175395
        ],
        [
          -0.403822,
          -0.234948,
          0.884153,
          1.906845
        ],
        [
          0.126214,
          -0.971526,
          -0.20052,
          1.76223
        ],
        [
          0.0,
          0.0,
          0.0,
          1.0
        ]
      ]
    },
    {
      "file_path": "/media/NFS/ttao/scannet/posed_images/scene0536_00/00105.jpg",
      "transform_matrix": [
        [
          0.878478,
          0.009333,
          0.477692,
          6.179886
        ],
        [
          -0.462208,
          -0.236597,
          0.854626,
          1.918246
        ],
        [
          0.120997,
          -0.971563,
          -0.203531,
          1.769293
        ],
        [
          0.0,
          0.0,
          0.0,
          1.0
        ]
      ]
    },
    {
      "file_path": "/media/NFS/ttao/scannet/posed_images/scene0536_00/00107.jpg",
      "transform_matrix": [
        [
          0.85897,
          -0.01198,
          0.511886,
          6.188291
        ],
        [
          -0.500343,
          -0.231981,
          0.834171,
          1.92016
        ],
        [
          0.108754,
          -0.972647,
          -0.205259,
          1.769744
        ],
        [
          0.0,
          0.0,
          0.0,
          1.0
        ]
      ]
    },
    {
      "file_path": "/media/NFS/ttao/scannet/posed_images/scene0536_00/00111.jpg",
      "transform_matrix": [
        [
          0.821941,
          -0.057309,
          0.566683,
          6.229303
        ],
        [
          -0.560761,
          -0.255759,
          0.787486,
          1.916645
        ],
        [
          0.099805,
          -0.96504,
          -0.242355,
          1.768956
        ],
        [
          0.0,
          0.0,
          0.0,
          1.0
        ]
      ]
    },
    {
      "file_path": "/media/NFS/ttao/scannet/posed_images/scene0536_00/00116.jpg",
      "transform_matrix": [
        [
          0.787549,
          -0.123646,
          0.60372,
          6.242382
        ],
        [
          -0.611407,
          -0.279371,
          0.74036,
          1.916308
        ],
        [
          0.077119,
          -0.952189,
          -0.295617,
          1.737776
        ],
        [
          0.0,
          0.0,
          0.0,
          1.0
        ]
      ]
    },
    {
      "file_path": "/media/NFS/ttao/scannet/posed_images/scene0536_00/00117.jpg",
      "transform_matrix": [
        [
          0.785114,
          -0.135437,
          0.604361,
          6.243236
        ],
        [
          -0.615063,
          -0.285119,
          0.735122,
          1.920483
        ],
        [
          0.072752,
          -0.948875,
          -0.307154,
          1.733918
        ],
        [
          0.0,
          0.0,
          0.0,
          1.0
        ]
      ]
    },
    {
      "file_path": "/media/NFS/ttao/scannet/posed_images/scene0536_00/00122.jpg",
      "transform_matrix": [
        [
          0.802094,
          -0.162329,
          0.574712,
          6.287412
        ],
        [
          -0.59447,
          -0.308907,
          0.742417,
          1.912565
        ],
        [
          0.057017,
          -0.937137,
          -0.344272,
          1.712931
        ],
        [
          0.0,
          0.0,
          0.0,
          1.0
        ]
      ]
    },
    {
      "file_path": "/media/NFS/ttao/scannet/posed_images/scene0536_00/00125.jpg",
      "transform_matrix": [
        [
          0.815143,
          -0.164926,
          0.555285,
          6.278031
        ],
        [
          -0.576645,
          -0.322016,
          0.750857,
          1.925002
        ],
        [
          0.054975,
          -0.932258,
          -0.357593,
          1.710264
        ],
        [
          0.0,
          0.0,
          0.0,
          1.0
        ]
      ]
    },
    {
      "file_path": "/media/NFS/ttao/scannet/posed_images/scene0536_00/00127.jpg",
      "transform_matrix": [
        [
          0.831597,
          -0.161438,
          0.531399,
          6.271341
        ],
        [
          -0.553237,
          -0.324765,
          0.767109,
          1.93483
        ],
        [
          0.048739,
          -0.931915,
          -0.359387,
          1.713317
        ],
        [
          0.0,
          0.0,
          0.0,
          1.0
        ]
      ]
    },
    {
      "file_path": "/media/NFS/ttao/scannet/posed_images/scene0536_00/00132.jpg",
      "transform_matrix": [
        [
          0.88538,
          -0.137813,
          0.44397,
          6.225117
        ],
        [
          -0.464305,
          -0.309141,
          0.829971,
          1.967929
        ],
        [
          0.022869,
          -0.940978,
          -0.337695,
          1.721223
        ],
        [
          0.0,
          0.0,
          0.0,
          1.0
        ]
      ]
    },
    {
      "file_path": "/media/NFS/ttao/scannet/posed_images/scene0536_00/00134.jpg",
      "transform_matrix": [
        [
          0.910307,
          -0.120306,
          0.396066,
          6.214658
        ],
        [
          -0.413433,
          -0.31134,
          0.855652,
          1.98218
        ],
        [
          0.020371,
          -0.942652,
          -0.333154,
          1.730483
        ],
        [
          0.0,
          0.0,
          0.0,
          1.0
        ]
      ]
    },
    {
      "file_path": "/media/NFS/ttao/scannet/posed_images/scene0536_00/00139.jpg",
      "transform_matrix": [
        [
          0.962479,
          -0.056441,
          0.265421,
          6.221131
        ],
        [
          -0.270036,
          -0.295572,
          0.916361,
          1.99624
        ],
        [
          0.02673,
          -0.953652,
          -0.299723,
          1.745018
        ],
        [
          0.0,
          0.0,
          0.0,
          1.0
        ]
      ]
    },
    {
      "file_path": "/media/NFS/ttao/scannet/posed_images/scene0536_00/00141.jpg",
      "transform_matrix": [
        [
          0.973911,
          -0.03054,
          0.224866,
          6.222918
        ],
        [
          -0.224351,
          -0.278557,
          0.933848,
          1.992048
        ],
        [
          0.034118,
          -0.959934,
          -0.278142,
          1.744021
        ],
        [
          0.0,
          0.0,
          0.0,
          1.0
        ]
      ]
    },
    {
      "file_path": "/media/NFS/ttao/scannet/posed_images/scene0536_00/00147.jpg",
      "transform_matrix": [
        [
          0.992683,
          0.045198,
          0.11197,
          6.205925
        ],
        [
          -0.097994,
          -0.240245,
          0.965753,
          1.996533
        ],
        [
          0.07055,
          -0.96966,
          -0.234058,
          1.754733
        ],
        [
          0.0,
          0.0,
          0.0,
          1.0
        ]
      ]
    },
    {
      "file_path": "/media/NFS/ttao/scannet/posed_images/scene0536_00/00149.jpg",
      "transform_matrix": [
        [
          0.994989,
          0.06309,
          0.077566,
          6.198318
        ],
        [
          -0.060821,
          -0.233823,
          0.970375,
          1.994901
        ],
        [
          0.079358,
          -0.97023,
          -0.228815,
          1.74805
        ],
        [
          0.0,
          0.0,
          0.0,
          1.0
        ]
      ]
    },
    {
      "file_path": "/media/NFS/ttao/scannet/posed_images/scene0536_00/00151.jpg",
      "transform_matrix": [
        [
          0.996334,
          0.069645,
          0.049673,
          6.162035
        ],
        [
          -0.031724,
          -0.238445,
          0.970638,
          1.996705
        ],
        [
          0.079444,
          -0.968656,
          -0.235362,
          1.743801
        ],
        [
          0.0,
          0.0,
          0.0,
          1.0
        ]
      ]
    },
    {
      "file_path": "/media/NFS/ttao/scannet/posed_images/scene0536_00/00156.jpg",
      "transform_matrix": [
        [
          0.993959,
          0.088738,
          -0.064578,
          6.173087
        ],
        [
          0.08613,
          -0.266038,
          0.960107,
          1.9996
        ],
        [
          0.068018,
          -0.959869,
          -0.272074,
          1.717159
        ],
        [
          0.0,
          0.0,
          0.0,
          1.0
        ]
      ]
    },
    {
      "file_path": "/media/NFS/ttao/scannet/posed_images/scene0536_00/00161.jpg",
      "transform_matrix": [
        [
          0.982025,
          0.11918,
          -0.146368,
          6.099674
        ],
        [
          0.179073,
          -0.34312,
          0.922064,
          2.010876
        ],
        [
          0.05967,
          -0.9317,
          -0.358295,
          1.690279
        ],
        [
          0.0,
          0.0,
          0.0,
          1.0
        ]
      ]
    },
    {
      "file_path": "/media/NFS/ttao/scannet/posed_images/scene0536_00/00162.jpg",
      "transform_matrix": [
        [
          0.978219,
          0.125643,
          -0.165234,
          6.094216
        ],
        [
          0.200146,
          -0.359813,
          0.911304,
          2.010914
        ],
        [
          0.055046,
          -0.924526,
          -0.377123,
          1.681311
        ],
        [
          0.0,
          0.0,
          0.0,
          1.0
        ]
      ]
    },
    {
      "file_path": "/media/NFS/ttao/scannet/posed_images/scene0536_00/00168.jpg",
      "transform_matrix": [
        [
          0.951333,
          0.156378,
          -0.26554,
          6.090388
        ],
        [
          0.308002,
          -0.454504,
          0.835799,
          1.999954
        ],
        [
          0.010011,
          -0.87691,
          -0.48055,
          1.637683
        ],
        [
          0.0,
          0.0,
          0.0,
          1.0
        ]
      ]
    },
    {
      "file_path": "/media/NFS/ttao/scannet/posed_images/scene0536_00/00170.jpg",
      "transform_matrix": [
        [
          0.950485,
          0.159083,
          -0.266966,
          6.030401
        ],
        [
          0.310711,
          -0.469708,
          0.826337,
          1.958644
        ],
        [
          0.00606,
          -0.868371,
          -0.495879,
          1.600947
        ],
        [
          0.0,
          0.0,
          0.0,
          1.0
        ]
      ]
    },
    {
      "file_path": "/media/NFS/ttao/scannet/posed_images/scene0536_00/00174.jpg",
      "transform_matrix": [
        [
          0.93879,
          0.188243,
          -0.288509,
          6.029022
        ],
        [
          0.344486,
          -0.509493,
          0.788508,
          1.929573
        ],
        [
          0.001438,
          -0.839632,
          -0.543154,
          1.568299
        ],
        [
          0.0,
          0.0,
          0.0,
          1.0
        ]
      ]
    },
    {
      "file_path": "/media/NFS/ttao/scannet/posed_images/scene0536_00/00178.jpg",
      "transform_matrix": [
        [
          0.933235,
          0.221336,
          -0.28299,
          6.011934
        ],
        [
          0.359083,
          -0.549461,
          0.754421,
          1.883349
        ],
        [
          0.011489,
          -0.80567,
          -0.592254,
          1.540323
        ],
        [
          0.0,
          0.0,
          0.0,
          1.0
        ]
      ]
    },
    {
      "file_path": "/media/NFS/ttao/scannet/posed_images/scene0536_00/00180.jpg",
      "transform_matrix": [
        [
          0.93708,
          0.225928,
          -0.266153,
          5.961203
        ],
        [
          0.34865,
          -0.566309,
          0.746818,
          1.836526
        ],
        [
          0.018002,
          -0.792623,
          -0.609447,
          1.524056
        ],
        [
          0.0,
          0.0,
          0.0,
          1.0
        ]
      ]
    },
    {
      "file_path": "/media/NFS/ttao/scannet/posed_images/scene0536_00/00184.jpg",
      "transform_matrix": [
        [
          0.937112,
          0.240262,
          -0.253171,
          5.944284
        ],
        [
          0.348176,
          -0.59282,
          0.72618,
          1.770528
        ],
        [
          0.024388,
          -0.76866,
          -0.639192,
          1.493908
        ],
        [
          0.0,
          0.0,
          0.0,
          1.0
        ]
      ]
    },
    {
      "file_path": "/media/NFS/ttao/scannet/posed_images/scene0536_00/00188.jpg",
      "transform_matrix": [
        [
          0.933647,
          0.251166,
          -0.255382,
          5.924642
        ],
        [
          0.35792,
          -0.62616,
          0.692688,
          1.703813
        ],
        [
          0.014069,
          -0.738132,
          -0.67451,
          1.473443
        ],
        [
          0.0,
          0.0,
          0.0,
          1.0
        ]
      ]
    },
    {
      "file_path": "/media/NFS/ttao/scannet/posed_images/scene0536_00/00190.jpg",
      "transform_matrix": [
        [
          0.937631,
          0.260469,
          -0.230226,
          5.880104
        ],
        [
          0.346428,
          -0.645046,
          0.681104,
          1.650445
        ],
        [
          0.0289,
          -0.718381,
          -0.69505,
          1.466454
        ],
        [
          0.0,
          0.0,
          0.0,
          1.0
        ]
      ]
    },
    {
      "file_path": "/media/NFS/ttao/scannet/posed_images/scene0536_00/00195.jpg",
      "transform_matrix": [
        [
          0.924825,
          0.299559,
          -0.234443,
          5.851167
        ],
        [
          0.379492,
          -0.684178,
          0.622805,
          1.574102
        ],
        [
          0.026166,
          -0.664955,
          -0.746425,
          1.442192
        ],
        [
          0.0,
          0.0,
          0.0,
          1.0
        ]
      ]
    },
    {
      "file_path": "/media/NFS/ttao/scannet/posed_images/scene0536_00/00196.jpg",
      "transform_matrix": [
        [
          0.922319,
          0.30782,
          -0.233614,
          5.841397
        ],
        [
          0.38543,
          -0.689331,
          0.613405,
          1.558133
        ],
        [
          0.027781,
          -0.655797,
          -0.754426,
          1.437144
        ],
        [
          0.0,
          0.0,
          0.0,
          1.0
        ]
      ]
    },
    {
      "file_path": "/media/NFS/ttao/scannet/posed_images/scene0536_00/00200.jpg",
      "transform_matrix": [
        [
          0.911067,
          0.342084,
          -0.230078,
          5.792553
        ],
        [
          0.410507,
          -0.701367,
          0.582725,
          1.504469
        ],
        [
          0.037972,
          -0.62535,
          -0.77942,
          1.432854
        ],
        [
          0.0,
          0.0,
          0.0,
          1.0
        ]
      ]
    },
    {
      "file_path": "/media/NFS/ttao/scannet/posed_images/scene0536_00/00203.jpg",
      "transform_matrix": [
        [
          0.885039,
          0.389857,
          -0.254396,
          5.760401
        ],
        [
          0.463909,
          -0.693256,
          0.551529,
          1.487094
        ],
        [
          0.038656,
          -0.606142,
          -0.794417,
          1.432823
        ],
        [
          0.0,
          0.0,
          0.0,
          1.0
        ]
      ]
    },
    {
      "file_path": "/media/NFS/ttao/scannet/posed_images/scene0536_00/00208.jpg",
      "transform_matrix": [
        [
          0.82571,
          0.465643,
          -0.318401,
          5.701751
        ],
        [
          0.56318,
          -0.648364,
          0.512301,
          1.477631
        ],
        [
          0.03211,
          -0.602329,
          -0.797602,
          1.443607
        ],
        [
          0.0,
          0.0,
          0.0,
          1.0
        ]
      ]
    },
    {
      "file_path": "/media/NFS/ttao/scannet/posed_images/scene0536_00/00211.jpg",
      "transform_matrix": [
        [
          0.799661,
          0.49044,
          -0.346426,
          5.650948
        ],
        [
          0.599235,
          -0.615117,
          0.512395,
          1.464077
        ],
        [
          0.038207,
          -0.617333,
          -0.785774,
          1.445978
        ],
        [
          0.0,
          0.0,
          0.0,
          1.0
        ]
      ]
    },
    {
      "file_path": "/media/NFS/ttao/scannet/posed_images/scene0536_00/00214.jpg",
      "transform_matrix": [
        [
          0.765879,
          0.50598,
          -0.396753,
          5.599252
        ],
        [
          0.642802,
          -0.587805,
          0.491213,
          1.475876
        ],
        [
          0.01533,
          -0.631244,
          -0.775433,
          1.453406
        ],
        [
          0.0,
          0.0,
          0.0,
          1.0
        ]
      ]
    },
    {
      "file_path": "/media/NFS/ttao/scannet/posed_images/scene0536_00/00217.jpg",
      "transform_matrix": [
        [
          0.728193,
          0.513726,
          -0.453674,
          5.517749
        ],
        [
          0.6853,
          -0.555339,
          0.471129,
          1.494298
        ],
        [
          -0.009912,
          -0.653976,
          -0.756451,
          1.457146
        ],
        [
          0.0,
          0.0,
          0.0,
          1.0
        ]
      ]
    },
    {
      "file_path": "/media/NFS/ttao/scannet/posed_images/scene0536_00/00221.jpg",
      "transform_matrix": [
        [
          0.688604,
          0.529226,
          -0.495726,
          5.465207
        ],
        [
          0.724887,
          -0.520354,
          0.45141,
          1.515242
        ],
        [
          -0.019055,
          -0.670188,
          -0.741947,
          1.447829
        ],
        [
          0.0,
          0.0,
          0.0,
          1.0
        ]
      ]
    },
    {
      "file_path": "/media/NFS/ttao/scannet/posed_images/scene0536_00/00224.jpg",
      "transform_matrix": [
        [
          0.67617,
          0.521877,
          -0.520037,
          5.394758
        ],
        [
          0.735337,
          -0.521677,
          0.432588,
          1.559027
        ],
        [
          -0.045534,
          -0.674905,
          -0.736498,
          1.476907
        ],
        [
          0.0,
          0.0,
          0.0,
          1.0
        ]
      ]
    },
    {
      "file_path": "/media/NFS/ttao/scannet/posed_images/scene0536_00/00227.jpg",
      "transform_matrix": [
        [
          0.65092,
          0.506167,
          -0.565772,
          5.338687
        ],
        [
          0.75773,
          -0.478694,
          0.443505,
          1.55815
        ],
        [
          -0.046344,
          -0.717389,
          -0.69513,
          1.471426
        ],
        [
          0.0,
          0.0,
          0.0,
          1.0
        ]
      ]
    },
    {
      "file_path": "/media/NFS/ttao/scannet/posed_images/scene0536_00/00233.jpg",
      "transform_matrix": [
        [
          0.576305,
          0.539428,
          -0.613914,
          5.243252
        ],
        [
          0.816917,
          -0.401192,
          0.414356,
          1.576641
        ],
        [
          -0.022782,
          -0.740312,
          -0.671878,
          1.480917
        ],
        [
          0.0,
          0.0,
          0.0,
          1.0
        ]
      ]
    },
    {
      "file_path": "/media/NFS/ttao/scannet/posed_images/scene0536_00/00236.jpg",
      "transform_matrix": [
        [
          0.563894,
          0.542786,
          -0.62242,
          5.18467
        ],
        [
          0.825774,
          -0.380635,
          0.41619,
          1.584355
        ],
        [
          -0.011013,
          -0.748666,
          -0.662857,
          1.488092
        ],
        [
          0.0,
          0.0,
          0.0,
          1.0
        ]
      ]
    },
    {
      "file_path": "/media/NFS/ttao/scannet/posed_images/scene0536_00/00238.jpg",
      "transform_matrix": [
        [
          0.561903,
          0.539962,
          -0.626663,
          5.148845
        ],
        [
          0.827184,
          -0.371927,
          0.421232,
          1.589012
        ],
        [
          -0.005624,
          -0.755057,
          -0.655635,
          1.487638
        ],
        [
          0.0,
          0.0,
          0.0,
          1.0
        ]
      ]
    },
    {
      "file_path": "/media/NFS/ttao/scannet/posed_images/scene0536_00/00241.jpg",
      "transform_matrix": [
        [
          0.571628,
          0.527825,
          -0.628206,
          5.094331
        ],
        [
          0.820513,
          -0.367507,
          0.437832,
          1.590936
        ],
        [
          0.000229,
          -0.765728,
          -0.643165,
          1.485369
        ],
        [
          0.0,
          0.0,
          0.0,
          1.0
        ]
      ]
    },
    {
      "file_path": "/media/NFS/ttao/scannet/posed_images/scene0536_00/00246.jpg",
      "transform_matrix": [
        [
          0.584867,
          0.493423,
          -0.643789,
          4.985511
        ],
        [
          0.810982,
          -0.370825,
          0.452545,
          1.585466
        ],
        [
          -0.015437,
          -0.78678,
          -0.617041,
          1.485325
        ],
        [
          0.0,
          0.0,
          0.0,
          1.0
        ]
      ]
    },
    {
      "file_path": "/media/NFS/ttao/scannet/posed_images/scene0536_00/00250.jpg",
      "transform_matrix": [
        [
          0.580213,
          0.488957,
          -0.651363,
          4.906324
        ],
        [
          0.814205,
          -0.368398,
          0.448723,
          1.61112
        ],
        [
          -0.020555,
          -0.790699,
          -0.611861,
          1.504641
        ],
        [
          0.0,
          0.0,
          0.0,
          1.0
        ]
      ]
    },
    {
      "file_path": "/media/NFS/ttao/scannet/posed_images/scene0536_00/00253.jpg",
      "transform_matrix": [
        [
          0.591368,
          0.473846,
          -0.652498,
          4.846645
        ],
        [
          0.806328,
          -0.358396,
          0.470518,
          1.610901
        ],
        [
          -0.010899,
          -0.804377,
          -0.594019,
          1.507587
        ],
        [
          0.0,
          0.0,
          0.0,
          1.0
        ]
      ]
    },
    {
      "file_path": "/media/NFS/ttao/scannet/posed_images/scene0536_00/00256.jpg",
      "transform_matrix": [
        [
          0.59019,
          0.480875,
          -0.64841,
          4.78903
        ],
        [
          0.807215,
          -0.360384,
          0.467468,
          1.62372
        ],
        [
          -0.008883,
          -0.799302,
          -0.600865,
          1.51536
        ],
        [
          0.0,
          0.0,
          0.0,
          1.0
        ]
      ]
    },
    {
      "file_path": "/media/NFS/ttao/scannet/posed_images/scene0536_00/00260.jpg",
      "transform_matrix": [
        [
          0.587149,
          0.478185,
          -0.653142,
          4.742291
        ],
        [
          0.809479,
          -0.34688,
          0.473728,
          1.671683
        ],
        [
          -3.2e-05,
          -0.806854,
          -0.590751,
          1.509655
        ],
        [
          0.0,
          0.0,
          0.0,
          1.0
        ]
      ]
    },
    {
      "file_path": "/media/NFS/ttao/scannet/posed_images/scene0536_00/00262.jpg",
      "transform_matrix": [
        [
          0.582918,
          0.479299,
          -0.656109,
          4.705547
        ],
        [
          0.812527,
          -0.341314,
          0.472551,
          1.683591
        ],
        [
          0.002554,
          -0.808565,
          -0.588401,
          1.509085
        ],
        [
          0.0,
          0.0,
          0.0,
          1.0
        ]
      ]
    },
    {
      "file_path": "/media/NFS/ttao/scannet/posed_images/scene0536_00/00266.jpg",
      "transform_matrix": [
        [
          0.573214,
          0.47405,
          -0.668359,
          4.619509
        ],
        [
          0.81939,
          -0.336785,
          0.463871,
          1.724959
        ],
        [
          -0.005195,
          -0.813543,
          -0.581481,
          1.52168
        ],
        [
          0.0,
          0.0,
          0.0,
