{
  "frames": [
    {
      "file_path": "/media/NFS/ttao/scannet/posed_images/scene0583_02/00000.jpg",
      "transform_matrix": [
        [
          -0.189414,
          0.543879,
          -0.817507,
          3.555766
        ],
        [
          0.981447,
          0.130069,
          -0.140865,
          1.747432
        ],
        [
          0.029719,
          -0.829022,
          -0.558425,
          1.428867
        ],
        [
          0.0,
          0.0,
          0.0,
          1.0
        ]
      ]
    },
    {
      "file_path": "/media/NFS/ttao/scannet/posed_images/scene0583_02/00005.jpg",
      "transform_matrix": [
        [
          -0.167859,
          0.57094,
          -0.803649,
          3.54592
        ],
        [
          0.985109,
          0.127912,
          -0.114887,
          1.745499
        ],
        [
          0.037203,
          -0.810966,
          -0.583909,
          1.420659
        ],
        [
          0.0,
          0.0,
          0.0,
          1.0
        ]
      ]
    },
    {
      "file_path": "/media/NFS/ttao/scannet/posed_images/scene0583_02/00010.jpg",
      "transform_matrix": [
        [
          -0.163433,
          0.594218,
          -0.787525,
          3.542929
        ],
        [
          0.985964,
          0.126002,
          -0.109541,
          1.745226
        ],
        [
          0.034139,
          -0.794373,
          -0.60647,
          1.407908
        ],
        [
          0.0,
          0.0,
          0.0,
          1.0
        ]
      ]
    },
    {
      "file_path": "/media/NFS/ttao/scannet/posed_images/scene0583_02/00015.jpg",
      "transform_matrix": [
        [
          -0.165605,
          0.621707,
          -0.765543,
          3.538925
        ],
        [
          0.985705,
          0.128742,
          -0.108678,
          1.740871
        ],
        [
          0.030992,
          -0.772597,
          -0.63414,
          1.396253
        ],
        [
          0.0,
          0.0,
          0.0,
          1.0
        ]
      ]
    },
    {
      "file_path": "/media/NFS/ttao/scannet/posed_images/scene0583_02/00021.jpg",
      "transform_matrix": [
        [
          -0.163444,
          0.657979,
          -0.735085,
          3.534209
        ],
        [
          0.985884,
          0.13636,
          -0.097151,
          1.734078
        ],
        [
          0.036313,
          -0.740587,
          -0.670978,
          1.373326
        ],
        [
          0.0,
          0.0,
          0.0,
          1.0
        ]
      ]
    },
    {
      "file_path": "/media/NFS/ttao/scannet/posed_images/scene0583_02/00028.jpg",
      "transform_matrix": [
        [
          -0.162646,
          0.692934,
          -0.702416,
          3.528505
        ],
        [
          0.984902,
          0.156794,
          -0.073378,
          1.728719
        ],
        [
          0.059288,
          -0.703745,
          -0.707974,
          1.351813
        ],
        [
          0.0,
          0.0,
          0.0,
          1.0
        ]
      ]
    },
    {
      "file_path": "/media/NFS/ttao/scannet/posed_images/scene0583_02/00035.jpg",
      "transform_matrix": [
        [
          -0.161948,
          0.717518,
          -0.677451,
          3.520486
        ],
        [
          0.982884,
          0.178384,
          -0.046028,
          1.725007
        ],
        [
          0.087821,
          -0.67331,
          -0.734126,
          1.340754
        ],
        [
          0.0,
          0.0,
          0.0,
          1.0
        ]
      ]
    },
    {
      "file_path": "/media/NFS/ttao/scannet/posed_images/scene0583_02/00038.jpg",
      "transform_matrix": [
        [
          -0.151469,
          0.710509,
          -0.687193,
          3.512535
        ],
        [
          0.984193,
          0.172946,
          -0.038118,
          1.718978
        ],
        [
          0.091764,
          -0.682105,
          -0.725474,
          1.342002
        ],
        [
          0.0,
          0.0,
          0.0,
          1.0
        ]
      ]
    },
    {
      "file_path": "/media/NFS/ttao/scannet/posed_images/scene0583_02/00046.jpg",
      "transform_matrix": [
        [
          -0.080942,
          0.662657,
          -0.744536,
          3.472821
        ],
        [
          0.991562,
          0.129423,
          0.007394,
          1.690515
        ],
        [
          0.10126,
          -0.737655,
          -0.667541,
          1.379077
        ],
        [
          0.0,
          0.0,
          0.0,
          1.0
        ]
      ]
    },
    {
      "file_path": "/media/NFS/ttao/scannet/posed_images/scene0583_02/00053.jpg",
      "transform_matrix": [
        [
          0.024484,
          0.610533,
          -0.791612,
          3.441232
        ],
        [
          0.99427,
          0.067547,
          0.082848,
          1.648709
        ],
        [
          0.104053,
          -0.789105,
          -0.605381,
          1.402906
        ],
        [
          0.0,
          0.0,
          0.0,
          1.0
        ]
      ]
    },
    {
      "file_path": "/media/NFS/ttao/scannet/posed_images/scene0583_02/00058.jpg",
      "transform_matrix": [
        [
          0.092362,
          0.565823,
          -0.819337,
          3.415157
        ],
        [
          0.992009,
          0.018737,
          0.124766,
          1.608279
        ],
        [
          0.085947,
          -0.824314,
          -0.559571,
          1.419205
        ],
        [
          0.0,
          0.0,
          0.0,
          1.0
        ]
      ]
    },
    {
      "file_path": "/media/NFS/ttao/scannet/posed_images/scene0583_02/00059.jpg",
      "transform_matrix": [
        [
          0.108994,
          0.560253,
          -0.821119,
          3.409347
        ],
        [
          0.990347,
          0.009955,
          0.13825,
          1.600541
        ],
        [
          0.085629,
          -0.828262,
          -0.55376,
          1.422063
        ],
        [
          0.0,
          0.0,
          0.0,
          1.0
        ]
      ]
    },
    {
      "file_path": "/media/NFS/ttao/scannet/posed_images/scene0583_02/00064.jpg",
      "transform_matrix": [
        [
          0.188526,
          0.547855,
          -0.815054,
          3.383532
        ],
        [
          0.976846,
          -0.019138,
          0.213085,
          1.573892
        ],
        [
          0.101141,
          -0.836355,
          -0.538778,
          1.417015
        ],
        [
          0.0,
          0.0,
          0.0,
          1.0
        ]
      ]
    },
    {
      "file_path": "/media/NFS/ttao/scannet/posed_images/scene0583_02/00074.jpg",
      "transform_matrix": [
        [
          0.369162,
          0.518797,
          -0.771083,
          3.313441
        ],
        [
          0.923641,
          -0.112868,
          0.366262,
          1.547839
        ],
        [
          0.102985,
          -0.847414,
          -0.520849,
          1.41718
        ],
        [
          0.0,
          0.0,
          0.0,
          1.0
        ]
      ]
    },
    {
      "file_path": "/media/NFS/ttao/scannet/posed_images/scene0583_02/00078.jpg",
      "transform_matrix": [
        [
          0.415699,
          0.506813,
          -0.755206,
          3.27371
        ],
        [
          0.902943,
          -0.130435,
          0.409487,
          1.549475
        ],
        [
          0.109028,
          -0.852131,
          -0.511845,
          1.420335
        ],
        [
          0.0,
          0.0,
          0.0,
          1.0
        ]
      ]
    },
    {
      "file_path": "/media/NFS/ttao/scannet/posed_images/scene0583_02/00081.jpg",
      "transform_matrix": [
        [
          0.440625,
          0.486179,
          -0.754639,
          3.244753
        ],
        [
          0.891638,
          -0.139569,
          0.430699,
          1.555761
        ],
        [
          0.104073,
          -0.862642,
          -0.494993,
          1.425289
        ],
        [
          0.0,
          0.0,
          0.0,
          1.0
        ]
      ]
    },
    {
      "file_path": "/media/NFS/ttao/scannet/posed_images/scene0583_02/00091.jpg",
      "transform_matrix": [
        [
          0.503886,
          0.466157,
          -0.727184,
          3.102586
        ],
        [
          0.855309,
          -0.151727,
          0.495404,
          1.574775
        ],
        [
          0.120602,
          -0.871594,
          -0.475162,
          1.442126
        ],
        [
          0.0,
          0.0,
          0.0,
          1.0
        ]
      ]
    },
    {
      "file_path": "/media/NFS/ttao/scannet/posed_images/scene0583_02/00092.jpg",
      "transform_matrix": [
        [
          0.508933,
          0.466555,
          -0.723404,
          3.090741
        ],
        [
          0.851726,
          -0.15119,
          0.501702,
          1.575755
        ],
        [
          0.1247,
          -0.871475,
          -0.474323,
          1.44064
        ],
        [
          0.0,
          0.0,
          0.0,
          1.0
        ]
      ]
    },
    {
      "file_path": "/media/NFS/ttao/scannet/posed_images/scene0583_02/00102.jpg",
      "transform_matrix": [
        [
          0.637319,
          0.470821,
          -0.610043,
          2.971368
        ],
        [
          0.753207,
          -0.213353,
          0.622222,
          1.571715
        ],
        [
          0.1628,
          -0.856042,
          -0.4906,
          1.439947
        ],
        [
          0.0,
          0.0,
          0.0,
          1.0
        ]
      ]
    },
    {
      "file_path": "/media/NFS/ttao/scannet/posed_images/scene0583_02/00106.jpg",
      "transform_matrix": [
        [
          0.700502,
          0.443779,
          -0.558889,
          2.915353
        ],
        [
          0.698782,
          -0.267502,
          0.663435,
          1.562241
        ],
        [
          0.144914,
          -0.85528,
          -0.497491,
          1.451669
        ],
        [
          0.0,
          0.0,
          0.0,
          1.0
        ]
      ]
    },
    {
      "file_path": "/media/NFS/ttao/scannet/posed_images/scene0583_02/00111.jpg",
      "transform_matrix": [
        [
          0.731258,
          0.427833,
          -0.531245,
          2.858006
        ],
        [
          0.66622,
          -0.280903,
          0.690828,
          1.53477
        ],
        [
          0.14633,
          -0.8591,
          -0.490444,
          1.464071
        ],
        [
          0.0,
          0.0,
          0.0,
          1.0
        ]
      ]
    },
    {
      "file_path": "/media/NFS/ttao/scannet/posed_images/scene0583_02/00114.jpg",
      "transform_matrix": [
        [
          0.744703,
          0.414632,
          -0.522971,
          2.827867
        ],
        [
          0.650975,
          -0.278522,
          0.706156,
          1.517219
        ],
        [
          0.147136,
          -0.866318,
          -0.477331,
          1.471359
        ],
        [
          0.0,
          0.0,
          0.0,
          1.0
        ]
      ]
    },
    {
      "file_path": "/media/NFS/ttao/scannet/posed_images/scene0583_02/00120.jpg",
      "transform_matrix": [
        [
          0.797804,
          0.36041,
          -0.483335,
          2.781384
        ],
        [
          0.586834,
          -0.280264,
          0.759656,
          1.490688
        ],
        [
          0.138326,
          -0.889695,
          -0.435097,
          1.486071
        ],
        [
          0.0,
          0.0,
          0.0,
          1.0
        ]
      ]
    },
    {
      "file_path": "/media/NFS/ttao/scannet/posed_images/scene0583_02/00129.jpg",
      "transform_matrix": [
        [
          0.910519,
          0.269858,
          -0.313259,
          2.682713
        ],
        [
          0.374857,
          -0.219092,
          0.900823,
          1.456635
        ],
        [
          0.174462,
          -0.937643,
          -0.300645,
          1.509589
        ],
        [
          0.0,
          0.0,
          0.0,
          1.0
        ]
      ]
    },
    {
      "file_path": "/media/NFS/ttao/scannet/posed_images/scene0583_02/00130.jpg",
      "transform_matrix": [
        [
          0.916785,
          0.246718,
          -0.314063,
          2.693387
        ],
        [
          0.368131,
          -0.217093,
          0.904074,
          1.457368
        ],
        [
          0.15487,
          -0.944458,
          -0.289852,
          1.501119
        ],
        [
          0.0,
          0.0,
          0.0,
          1.0
        ]
      ]
    },
    {
      "file_path": "/media/NFS/ttao/scannet/posed_images/scene0583_02/00139.jpg",
      "transform_matrix": [
        [
          0.930977,
          0.234026,
          -0.280203,
          2.625885
        ],
        [
          0.30281,
          -0.066268,
          0.950744,
          1.414662
        ],
        [
          0.20393,
          -0.969969,
          -0.13256,
          1.503487
        ],
        [
          0.0,
          0.0,
          0.0,
          1.0
        ]
      ]
    },
    {
      "file_path": "/media/NFS/ttao/scannet/posed_images/scene0583_02/00144.jpg",
      "transform_matrix": [
        [
          0.934199,
          0.218049,
          -0.28236,
          2.600791
        ],
        [
          0.305933,
          -0.082512,
          0.948471,
          1.411514
        ],
        [
          0.183515,
          -0.972444,
          -0.143791,
          1.5149
        ],
        [
          0.0,
          0.0,
          0.0,
          1.0
        ]
      ]
    },
    {
      "file_path": "/media/NFS/ttao/scannet/posed_images/scene0583_02/00152.jpg",
      "transform_matrix": [
        [
          0.966776,
          0.196009,
          -0.164089,
          2.545862
        ],
        [
          0.1927,
          -0.137045,
          0.971641,
          1.425758
        ],
        [
          0.167963,
          -0.970978,
          -0.170263,
          1.525032
        ],
        [
          0.0,
          0.0,
          0.0,
          1.0
        ]
      ]
    },
    {
      "file_path": "/media/NFS/ttao/scannet/posed_images/scene0583_02/00153.jpg",
      "transform_matrix": [
        [
          0.968602,
          0.193362,
          -0.156278,
          2.538817
        ],
        [
          0.184692,
          -0.138829,
          0.972942,
          1.426198
        ],
        [
          0.166434,
          -0.971256,
          -0.170182,
          1.526069
        ],
        [
          0.0,
          0.0,
          0.0,
          1.0
        ]
      ]
    },
    {
      "file_path": "/media/NFS/ttao/scannet/posed_images/scene0583_02/00162.jpg",
      "transform_matrix": [
        [
          0.988462,
          0.138587,
          -0.061135,
          2.493294
        ],
        [
          0.083489,
          -0.161718,
          0.983299,
          1.438047
        ],
        [
          0.126386,
          -0.977057,
          -0.171423,
          1.543099
        ],
        [
          0.0,
          0.0,
          0.0,
          1.0
        ]
      ]
    },
    {
      "file_path": "/media/NFS/ttao/scannet/posed_images/scene0583_02/00163.jpg",
      "transform_matrix": [
        [
          0.989543,
          0.131126,
          -0.060081,
          2.489344
        ],
        [
          0.081094,
          -0.161313,
          0.983566,
          1.438252
        ],
        [
          0.119279,
          -0.978153,
          -0.17026,
          1.545249
        ],
        [
          0.0,
          0.0,
          0.0,
          1.0
        ]
      ]
    },
    {
      "file_path": "/media/NFS/ttao/scannet/posed_images/scene0583_02/00173.jpg",
      "transform_matrix": [
        [
          0.988134,
          0.111797,
          -0.105327,
          2.451819
        ],
        [
          0.119954,
          -0.133389,
          0.983778,
          1.434922
        ],
        [
          0.095934,
          -0.984738,
          -0.145217,
          1.580957
        ],
        [
          0.0,
          0.0,
          0.0,
          1.0
        ]
      ]
    },
    {
      "file_path": "/media/NFS/ttao/scannet/posed_images/scene0583_02/00175.jpg",
      "transform_matrix": [
        [
          0.987603,
          0.105016,
          -0.116675,
          2.451106
        ],
        [
          0.129652,
          -0.126673,
          0.983435,
          1.436755
        ],
        [
          0.088497,
          -0.98637,
          -0.138718,
          1.594292
        ],
        [
          0.0,
          0.0,
          0.0,
          1.0
        ]
      ]
    },
    {
      "file_path": "/media/NFS/ttao/scannet/posed_images/scene0583_02/00183.jpg",
      "transform_matrix": [
        [
          0.978615,
          0.077007,
          -0.190745,
          2.465474
        ],
        [
          0.197248,
          -0.088175,
          0.97638,
          1.442665
        ],
        [
          0.05837,
          -0.993124,
          -0.101479,
          1.644571
        ],
        [
          0.0,
          0.0,
          0.0,
          1.0
        ]
      ]
    },
    {
      "file_path": "/media/NFS/ttao/scannet/posed_images/scene0583_02/00190.jpg",
      "transform_matrix": [
        [
          0.956794,
          0.05607,
          -0.285308,
          2.501502
        ],
        [
          0.288803,
          -0.069434,
          0.954868,
          1.449662
        ],
        [
          0.033729,
          -0.99601,
          -0.082627,
          1.675331
        ],
        [
          0.0,
          0.0,
          0.0,
          1.0
        ]
      ]
    },
    {
      "file_path": "/media/NFS/ttao/scannet/posed_images/scene0583_02/00193.jpg",
      "transform_matrix": [
        [
          0.948131,
          0.034549,
          -0.315998,
          2.519685
        ],
        [
          0.317743,
          -0.073796,
          0.945301,
          1.452118
        ],
        [
          0.00934,
          -0.996675,
          -0.080946,
          1.686189
        ],
        [
          0.0,
          0.0,
          0.0,
          1.0
        ]
      ]
    },
    {
      "file_path": "/media/NFS/ttao/scannet/posed_images/scene0583_02/00200.jpg",
      "transform_matrix": [
        [
          0.933413,
          -0.008987,
          -0.358692,
          2.571864
        ],
        [
          0.357049,
          -0.075499,
          0.931029,
          1.454734
        ],
        [
          -0.035448,
          -0.997105,
          -0.067263,
          1.693666
        ],
        [
          0.0,
          0.0,
          0.0,
          1.0
        ]
      ]
    },
    {
      "file_path": "/media/NFS/ttao/scannet/posed_images/scene0583_02/00203.jpg",
      "transform_matrix": [
        [
          0.925237,
          -0.002791,
          -0.379381,
          2.594748
        ],
        [
          0.378055,
          -0.077063,
          0.92257,
          1.454571
        ],
        [
          -0.031811,
          -0.997022,
          -0.070246,
          1.690024
        ],
        [
          0.0,
          0.0,
          0.0,
          1.0
        ]
      ]
    },
    {
      "file_path": "/media/NFS/ttao/scannet/posed_images/scene0583_02/00210.jpg",
      "transform_matrix": [
        [
          0.882178,
          0.019438,
          -0.470514,
          2.64881
        ],
        [
          0.470592,
          -0.073409,
          0.879292,
          1.450149
        ],
        [
          -0.017448,
          -0.997113,
          -0.073907,
          1.669311
        ],
        [
          0.0,
          0.0,
          0.0,
          1.0
        ]
      ]
    },
    {
      "file_path": "/media/NFS/ttao/scannet/posed_images/scene0583_02/00218.jpg",
      "transform_matrix": [
        [
          0.833072,
          0.027605,
          -0.552476,
          2.724181
        ],
        [
          0.553018,
          -0.064608,
          0.830661,
          1.45369
        ],
        [
          -0.012764,
          -0.997529,
          -0.069089,
          1.650771
        ],
        [
          0.0,
          0.0,
          0.0,
          1.0
        ]
      ]
    },
    {
      "file_path": "/media/NFS/ttao/scannet/posed_images/scene0583_02/00219.jpg",
      "transform_matrix": [
        [
          0.825449,
          0.027158,
          -0.563823,
          2.735342
        ],
        [
          0.5643,
          -0.064713,
          0.82303,
          1.455895
        ],
        [
          -0.014135,
          -0.997534,
          -0.068743,
          1.649281
        ],
        [
          0.0,
          0.0,
          0.0,
          1.0
        ]
      ]
    },
    {
      "file_path": "/media/NFS/ttao/scannet/posed_images/scene0583_02/00228.jpg",
      "transform_matrix": [
        [
          0.735503,
          0.055649,
          -0.675233,
          2.821928
        ],
        [
          0.677429,
          -0.04394,
          0.734274,
          1.479246
        ],
        [
          0.011192,
          -0.997483,
          -0.070016,
          1.630549
        ],
        [
          0.0,
          0.0,
          0.0,
          1.0
        ]
      ]
    },
    {
      "file_path": "/media/NFS/ttao/scannet/posed_images/scene0583_02/00234.jpg",
      "transform_matrix": [
        [
          0.683,
          0.061813,
          -0.727798,
          2.885945
        ],
        [
          0.729787,
          -0.01634,
          0.683479,
          1.499405
        ],
        [
          0.030356,
          -0.997954,
          -0.05627,
          1.624181
        ],
        [
          0.0,
          0.0,
          0.0,
          1.0
        ]
      ]
    },
    {
      "file_path": "/media/NFS/ttao/scannet/posed_images/scene0583_02/00236.jpg",
      "transform_matrix": [
        [
          0.666841,
          0.072984,
          -0.741617,
          2.905638
        ],
        [
          0.744419,
          -0.019692,
          0.667423,
          1.509154
        ],
        [
          0.034107,
          -0.997139,
          -0.067462,
          1.623368
        ],
        [
          0.0,
          0.0,
          0.0,
          1.0
        ]
      ]
    },
    {
      "file_path": "/media/NFS/ttao/scannet/posed_images/scene0583_02/00243.jpg",
      "transform_matrix": [
        [
          0.582281,
          0.117061,
          -0.804516,
          2.967492
        ],
        [
          0.811188,
          -0.017843,
          0.584514,
          1.537018
        ],
        [
          0.054069,
          -0.992965,
          -0.105348,
          1.601536
        ],
        [
          0.0,
          0.0,
          0.0,
          1.0
        ]
      ]
    },
    {
      "file_path": "/media/NFS/ttao/scannet/posed_images/scene0583_02/00251.jpg",
      "transform_matrix": [
        [
          0.455001,
          0.183003,
          -0.871484,
          3.018277
        ],
        [
          0.889133,
          -0.039338,
          0.455955,
          1.565406
        ],
        [
          0.049159,
          -0.982325,
          -0.180613,
          1.573288
        ],
        [
          0.0,
          0.0,
          0.0,
          1.0
        ]
      ]
    },
    {
      "file_path": "/media/NFS/ttao/scannet/posed_images/scene0583_02/00254.jpg",
      "transform_matrix": [
        [
          0.403799,
          0.208591,
          -0.89075,
          3.037839
        ],
        [
          0.914055,
          -0.051473,
          0.40231,
          1.576032
        ],
        [
          0.038068,
          -0.976647,
          -0.211449,
          1.558246
        ],
        [
          0.0,
          0.0,
          0.0,
          1.0
        ]
      ]
    },
    {
      "file_path": "/media/NFS/ttao/scannet/posed_images/scene0583_02/00261.jpg",
      "transform_matrix": [
        [
          0.275795,
          0.281622,
          -0.919036,
          3.070422
        ],
        [
          0.960454,
          -0.042661,
          0.275152,
          1.602522
        ],
        [
          0.038282,
          -0.958577,
          -0.28225,
          1.51573
        ],
        [
          0.0,
          0.0,
          0.0,
          1.0
        ]
      ]
    },
    {
      "file_path": "/media/NFS/ttao/scannet/posed_images/scene0583_02/00267.jpg",
      "transform_matrix": [
        [
          0.206286,
          0.345257,
          -0.915557,
          3.081909
        ],
        [
          0.975503,
          0.000511,
          0.219985,
          1.615426
        ],
        [
          0.076419,
          -0.938508,
          -0.336693,
          1.486534
        ],
        [
          0.0,
          0.0,
          0.0,
          1.0
        ]
      ]
    },
    {
      "file_path": "/media/NFS/ttao/scannet/posed_images/scene0583_02/00269.jpg",
      "transform_matrix": [
        [
          0.187624,
          0.365856,
          -0.911563,
          3.083235
        ],
        [
          0.978359,
          0.012818,
          0.206517,
          1.62121
        ],
        [
          0.08724,
          -0.930583,
          -0.355533,
          1.47697
        ],
        [
          0.0,
          0.0,
          0.0,
          1.0
        ]
      ]
    },
    {
      "file_path": "/media/NFS/ttao/scannet/posed_images/scene0583_02/00274.jpg",
      "transform_matrix": [
        [
          0.141512,
          0.40786,
          -0.902011,
          3.082139
        ],
        [
          0.983514,
          0.045696,
          0.174961,
          1.638405
        ],
        [
          0.112578,
          -0.9119,
          -0.39467,
          1.449423
        ],
        [
          0.0,
          0.0,
          0.0,
          1.0
        ]
      ]
    },
    {
      "file_path": "/media/NFS/ttao/scannet/posed_images/scene0583_02/00279.jpg",
      "transform_matrix": [
        [
          0.112448,
          0.487441,
          -0.865885,
          3.072036
        ],
        [
          0.984412,
          0.063947,
          0.163839,
          1.655242
        ],
        [
          0.135233,
          -0.870811,
          -0.472652,
          1.421912
        ],
        [
          0.0,
          0.0,
          0.0,
          1.0
        ]
      ]
    },
    {
      "file_path": "/media/NFS/ttao/scannet/posed_images/scene0583_02/00289.jpg",
      "transform_matrix": [
        [
          0.002953,
          0.57279,
          -0.819697,
          3.060192
        ],
        [
          0.989102,
          0.118991,
          0.086712,
          1.679943
        ],
        [
          0.147204,
          -0.81102,
          -0.566196,
          1.375541
        ],
        [
          0.0,
          0.0,
          0.0,
          1.0
        ]
      ]
    },
    {
      "file_path": "/media/NFS/ttao/scannet/posed_images/scene0583_02/00290.jpg",
      "transform_matrix": [
        [
          -0.013176,
          0.58285,
          -0.812473,
          3.06005
        ],
        [
          0.989657,
          0.123683,
          0.072679,
          1.687626
        ],
        [
          0.14285,
          -0.803112,
          -0.578451,
          1.369945
        ],
        [
          0.0,
          0.0,
          0.0,
          1.0
        ]
      ]
    },
    {
      "file_path": "/media/NFS/ttao/scannet/posed_images/scene0583_02/00300.jpg",
      "transform_matrix": [
        [
          -0.100653,
          0.662794,
          -0.742006,
          3.031348
        ],
        [
          0.989523,
          0.144274,
          -0.005356,
          1.716443
        ],
        [
          0.103503,
          -0.734771,
          -0.670372,
          1.329473
        ],
        [
          0.0,
          0.0,
          0.0,
          1.0
        ]
      ]
    },
    {
      "file_path": "/media/NFS/ttao/scannet/posed_images/scene0583_02/00302.jpg",
      "transform_matrix": [
        [
          -0.106824,
          0.677292,
          -0.727918,
          3.022815
        ],
        [
          0.989444,
          0.14452,
          -0.010734,
          1.717126
        ],
        [
          0.097929,
          -0.72138,
          -0.685581,
          1.320241
        ],
        [
          0.0,
          0.0,
          0.0,
          1.0
        ]
      ]
    },
    {
      "file_path": "/media/NFS/ttao/scannet/posed_images/scene0583_02/00310.jpg",
      "transform_matrix": [
        [
          -0.153059,
          0.651145,
          -0.743359,
          2.980814
        ],
        [
          0.983948,
          0.170263,
          -0.053454,
          1.723741
        ],
        [
          0.091761,
          -0.739608,
          -0.666753,
          1.324511
        ],
        [
          0.0,
          0.0,
          0.0,
          1.0
        ]
      ]
    },
    {
      "file_path": "/media/NFS/ttao/scannet/posed_images/scene0583_02/00314.jpg",
      "transform_matrix": [
        [
          -0.177674,
          0.628317,
          -0.757396,
          2.948597
        ],
        [
          0.977403,
          0.202237,
          -0.061513,
          1.714991
        ],
        [
          0.114524,
          -0.751211,
          -0.650051,
          1.336326
        ],
        [
          0.0,
          0.0,
          0.0,
          1.0
        ]
      ]
    },
    {
      "file_path": "/media/NFS/ttao/scannet/posed_images/scene0583_02/00320.jpg",
      "transform_matrix": [
        [
          -0.23502,
          0.566529,
          -0.789817,
          2.87662
        ],
        [
          0.967436,
          0.214913,
          -0.133717,
          1.69893
        ],
        [
          0.093988,
          -0.795523,
          -0.598589,
          1.366082
        ],
        [
          0.0,
          0.0,
          0.0,
          1.0
        ]
      ]
    },
    {
      "file_path": "/media/NFS/ttao/scannet/posed_images/scene0583_02/00327.jpg",
      "transform_matrix": [
        [
          -0.226723,
          0.480544,
          -0.847157,
          2.780731
        ],
        [
          0.969927,
          0.19047,
          -0.151537,
          1.688318
        ],
        [
          0.088538,
          -0.856036,
          -0.509277,
          1.40573
        ],
        [
          0.0,
          0.0,
          0.0,
          1.0
        ]
      ]
    },
    {
      "file_path": "/media/NFS/ttao/scannet/posed_images/scene0583_02/00332.jpg",
      "transform_matrix": [
        [
          -0.206361,
          0.446254,
          -0.870788,
          2.716799
        ],
        [
          0.974582,
          0.173057,
          -0.142272,
          1.673814
        ],
        [
          0.087207,
          -0.878014,
          -0.470624,
          1.441756
        ],
        [
          0.0,
          0.0,
          0.0,
          1.0
        ]
      ]
    },
    {
      "file_path": "/media/NFS/ttao/scannet/posed_images/scene0583_02/00338.jpg",
      "transform_matrix": [
        [
          -0.202841,
          0.389799,
          -0.898283,
          2.650228
        ],
        [
          0.977202,
          0.139321,
          -0.160205,
          1.672745
        ],
        [
          0.062702,
          -0.9103,
          -0.409173,
          1.473583
        ],
        [
          0.0,
          0.0,
          0.0,
          1.0
        ]
      ]
    },
    {
      "file_path": "/media/NFS/ttao/scannet/posed_images/scene0583_02/00340.jpg",
      "transform_matrix": [
        [
          -0.210053,
          0.382356,
          -0.899823,
          2.626596
        ],
        [
          0.975292,
          0.146369,
          -0.165475,
          1.671502
        ],
        [
          0.068436,
          -0.912349,
          -0.403654,
          1.494612
        ],
        [
          0.0,
          0.0,
          0.0,
          1.0
        ]
      ]
    },
    {
      "file_path": "/media/NFS/ttao/scannet/posed_images/scene0583_02/00350.jpg",
      "transform_matrix": [
        [
          -0.212565,
          0.220639,
          -0.951911,
          2.56666
        ],
        [
          0.966142,
          0.19325,
          -0.170951,
          1.677835
        ],
        [
          0.146238,
          -0.956019,
          -0.254247,
          1.585063
        ],
        [
          0.0,
          0.0,
          0.0,
          1.0
        ]
      ]
    },
    {
      "file_path": "/media/NFS/ttao/scannet/posed_images/scene0583_02/00353.jpg",
      "transform_matrix": [
        [
          -0.21839,
          0.189475,
          -0.957291,
          2.555299
        ],
        [
          0.964905,
          0.18851,
          -0.182816,
          1.674473
        ],
        [
          0.14582,
          -0.96362,
          -0.223994,
          1.612575
        ],
        [
          0.0,
          0.0,
          0.0,
          1.0
        ]
      ]
    },
    {
      "file_path": "/media/NFS/ttao/scannet/posed_images/scene0583_02/00356.jpg",
      "transform_matrix": [
        [
          -0.206233,
          0.182324,
          -0.961367,
          2.541245
        ],
        [
          0.967297,
          0.186254,
          -0.172182,
          1.67183
        ],
        [
          0.147665,
          -0.965436,
          -0.214773,
          1.631909
        ],
        [
          0.0,
          0.0,
          0.0,
          1.0
        ]
      ]
    },
    {
      "file_path": "/media/NFS/ttao/scannet/posed_images/scene0583_02/00365.jpg",
      "transform_matrix": [
        [
          -0.116104,
          0.104463,
          -0.987728,
          2.506073
        ],
        [
          0.980922,
          0.168171,
          -0.097518,
          1.656804
        ],
        [
          0.15592,
          -0.980207,
          -0.121995,
          1.677595
        ],
        [
          0.0,
          0.0,
          0.0,
          1.0
        ]
      ]
    },
    {
      "file_path": "/media/NFS/ttao/scannet/posed_images/scene0583_02/00368.jpg",
      "transform_matrix": [
        [
          -0.101483,
          0.088507,
          -0.990893,
          2.493114
        ],
        [
          0.981712,
          0.170172,
          -0.085343,
          1.649807
        ],
        [
          0.161068,
          -0.981432,
          -0.104157,
          1.693785
        ],
        [
          0.0,
          0.0,
          0.0,
          1.0
        ]
      ]
    },
    {
      "file_path": "/media/NFS/ttao/scannet/posed_images/scene0583_02/00375.jpg",
      "transform_matrix": [
        [
          -0.176012,
          -0.00141,
          -0.984387,
          2.475479
        ],
        [
          0.968197,
          0.180378,
          -0.173375,
          1.649495
        ],
        [
          0.177807,
          -0.983596,
          -0.030383,
          1.72835
        ],
        [
          0.0,
          0.0,
          0.0,
          1.0
        ]
      ]
    },
    {
      "file_path": "/media/NFS/ttao/scannet/posed_images/scene0583_02/00383.jpg",
      "transform_matrix": [
        [
          -0.255794,
          -0.064714,
          -0.964563,
          2.44172
        ],
        [
          0.944252,
          0.197189,
          -0.263637,
          1.650234
        ],
        [
          0.207262,
          -0.978227,
          0.010667,
          1.751294
        ],
        [
          0.0,
          0.0,
          0.0,
          1.0
        ]
      ]
    },
    {
      "file_path": "/media/NFS/ttao/scannet/posed_images/scene0583_02/00388.jpg",
      "transform_matrix": [
        [
          -0.314953,
          -0.09213,
          -0.944625,
          2.426218
        ],
        [
          0.924677,
          0.194581,
          -0.32728,
          1.660707
        ],
        [
          0.213958,
          -0.97655,
          0.023907,
          1.776142
        ],
        [
          0.0,
          0.0,
          0.0,
          1.0
        ]
      ]
    },
    {
      "file_path": "/media/NFS/ttao/scannet/posed_images/scene0583_02/00393.jpg",
      "transform_matrix": [
        [
          -0.376415,
          -0.122126,
          -0.918366,
          2.40154
        ],
        [
          0.90232,
          0.176445,
          -0.393302,
          1.684973
        ],
        [
          0.210074,
          -0.976705,
          0.04378,
          1.775421
        ],
        [
          0.0,
          0.0,
          0.0,
          1.0
        ]
      ]
    },
    {
      "file_path": "/media/NFS/ttao/scannet/posed_images/scene0583_02/00394.jpg",
      "transform_matrix": [
        [
          -0.382125,
          -0.123058,
          -0.915881,
          2.401569
        ],
        [
          0.898968,
          0.180114,
          -0.399268,
          1.683683
        ],
        [
          0.214096,
          -0.975918,
          0.041799,
          1.782955
        ],
        [
          0.0,
          0.0,
          0.0,
          1.0
        ]
      ]
    },
    {
      "file_path": "/media/NFS/ttao/scannet/posed_images/scene0583_02/00403.jpg",
      "transform_matrix": [
        [
          -0.462774,
          -0.184579,
          -0.867047,
          2.382368
        ],
        [
          0.849192,
          0.188371,
          -0.493345,
          1.682908
        ],
        [
          0.254388,
          -0.964597,
          0.06957,
          1.834235
        ],
        [
          0.0,
          0.0,
          0.0,
          1.0
        ]
      ]
    },
    {
      "file_path": "/media/NFS/ttao/scannet/posed_images/scene0583_02/00408.jpg",
      "transform_matrix": [
        [
          -0.510901,
          -0.19823,
          -0.836472,
          2.377662
        ],
        [
          0.805643,
          0.229013,
          -0.546344,
          1.673358
        ],
        [
          0.299865,
          -0.953026,
          0.042699,
          1.848178
        ],
        [
          0.0,
          0.0,
          0.0,
          1.0
        ]
      ]
    },
    {
      "file_path": "/media/NFS/ttao/scannet/posed_images/scene0583_02/00412.jpg",
      "transform_matrix": [
        [
          -0.550427,
          -0.22984,
          -0.802623,
          2.376002
        ],
        [
          0.767355,
          0.239487,
          -0.594821,
          1.657906
        ],
        [
          0.328931,
          -0.943302,
          0.044549,
          1.867036
        ],
        [
          0.0,
          0.0,
          0.0,
          1.0
        ]
      ]
    },
    {
      "file_path": "/media/NFS/ttao/scannet/posed_images/scene0583_02/00417.jpg",
      "transform_matrix": [
        [
          -0.585149,
          -0.268655,
          -0.765131,
          2.383943
        ],
        [
          0.737163,
          0.216956,
          -0.639938,
          1.648313
        ],
        [
          0.337922,
          -0.938485,
          0.07109,
          1.876887
        ],
        [
          0.0,
          0.0,
          0.0,
          1.0
        ]
      ]
    },
    {
      "file_path": "/media/NFS/ttao/scannet/posed_images/scene0583_02/00422.jpg",
      "transform_matrix": [
        [
          -0.615465,
          -0.303045,
          -0.727576,
          2.385591
        ],
        [
          0.705129,
          0.200716,
          -0.680078,
          1.632534
        ],
        [
          0.352131,
          -0.931599,
          0.090152,
          1.885571
        ],
        [
          0.0,
          0.0,
          0.0,
