{
  "frames": [
    {
      "file_path": "/media/NFS/ttao/scannet/posed_images/scene0605_00/00000.jpg",
      "transform_matrix": [
        [
          -0.928451,
          -0.140113,
          0.344016,
          1.592349
        ],
        [
          -0.371096,
          0.309144,
          -0.875624,
          5.868859
        ],
        [
          0.016336,
          -0.940637,
          -0.339021,
          1.761865
        ],
        [
          0.0,
          0.0,
          0.0,
          1.0
        ]
      ]
    },
    {
      "file_path": "/media/NFS/ttao/scannet/posed_images/scene0605_00/00002.jpg",
      "transform_matrix": [
        [
          -0.934921,
          -0.142361,
          0.325049,
          1.600559
        ],
        [
          -0.353982,
          0.309862,
          -0.88243,
          5.875041
        ],
        [
          0.024903,
          -0.940063,
          -0.340089,
          1.760013
        ],
        [
          0.0,
          0.0,
          0.0,
          1.0
        ]
      ]
    },
    {
      "file_path": "/media/NFS/ttao/scannet/posed_images/scene0605_00/00004.jpg",
      "transform_matrix": [
        [
          -0.936868,
          -0.145426,
          0.318008,
          1.597918
        ],
        [
          -0.348445,
          0.311815,
          -0.883944,
          5.870038
        ],
        [
          0.029389,
          -0.938948,
          -0.342802,
          1.762667
        ],
        [
          0.0,
          0.0,
          0.0,
          1.0
        ]
      ]
    },
    {
      "file_path": "/media/NFS/ttao/scannet/posed_images/scene0605_00/00007.jpg",
      "transform_matrix": [
        [
          -0.941548,
          -0.147591,
          0.302826,
          1.599079
        ],
        [
          -0.335102,
          0.318146,
          -0.886843,
          5.876561
        ],
        [
          0.034547,
          -0.936483,
          -0.349008,
          1.758317
        ],
        [
          0.0,
          0.0,
          0.0,
          1.0
        ]
      ]
    },
    {
      "file_path": "/media/NFS/ttao/scannet/posed_images/scene0605_00/00008.jpg",
      "transform_matrix": [
        [
          -0.943907,
          -0.146922,
          0.295725,
          1.598522
        ],
        [
          -0.328224,
          0.31935,
          -0.888979,
          5.879275
        ],
        [
          0.036171,
          -0.936178,
          -0.34966,
          1.756618
        ],
        [
          0.0,
          0.0,
          0.0,
          1.0
        ]
      ]
    },
    {
      "file_path": "/media/NFS/ttao/scannet/posed_images/scene0605_00/00010.jpg",
      "transform_matrix": [
        [
          -0.94817,
          -0.144265,
          0.283126,
          1.597673
        ],
        [
          -0.315669,
          0.325537,
          -0.891279,
          5.877145
        ],
        [
          0.036413,
          -0.934459,
          -0.354204,
          1.756168
        ],
        [
          0.0,
          0.0,
          0.0,
          1.0
        ]
      ]
    },
    {
      "file_path": "/media/NFS/ttao/scannet/posed_images/scene0605_00/00012.jpg",
      "transform_matrix": [
        [
          -0.954235,
          -0.140409,
          0.264048,
          1.605003
        ],
        [
          -0.296603,
          0.331442,
          -0.895641,
          5.883062
        ],
        [
          0.038239,
          -0.932969,
          -0.357919,
          1.75306
        ],
        [
          0.0,
          0.0,
          0.0,
          1.0
        ]
      ]
    },
    {
      "file_path": "/media/NFS/ttao/scannet/posed_images/scene0605_00/00016.jpg",
      "transform_matrix": [
        [
          -0.963778,
          -0.128187,
          0.233879,
          1.588599
        ],
        [
          -0.264513,
          0.347237,
          -0.8997,
          5.880133
        ],
        [
          0.034119,
          -0.928975,
          -0.368567,
          1.748282
        ],
        [
          0.0,
          0.0,
          0.0,
          1.0
        ]
      ]
    },
    {
      "file_path": "/media/NFS/ttao/scannet/posed_images/scene0605_00/00017.jpg",
      "transform_matrix": [
        [
          -0.965994,
          -0.126922,
          0.22527,
          1.58338
        ],
        [
          -0.256199,
          0.352245,
          -0.900159,
          5.878205
        ],
        [
          0.034899,
          -0.927262,
          -0.372784,
          1.749219
        ],
        [
          0.0,
          0.0,
          0.0,
          1.0
        ]
      ]
    },
    {
      "file_path": "/media/NFS/ttao/scannet/posed_images/scene0605_00/00020.jpg",
      "transform_matrix": [
        [
          -0.974702,
          -0.111901,
          0.193482,
          1.569528
        ],
        [
          -0.221234,
          0.359777,
          -0.906431,
          5.884003
        ],
        [
          0.03182,
          -0.926304,
          -0.375431,
          1.73763
        ],
        [
          0.0,
          0.0,
          0.0,
          1.0
        ]
      ]
    },
    {
      "file_path": "/media/NFS/ttao/scannet/posed_images/scene0605_00/00022.jpg",
      "transform_matrix": [
        [
          -0.979826,
          -0.104483,
          0.170367,
          1.566559
        ],
        [
          -0.197225,
          0.367683,
          -0.908797,
          5.883512
        ],
        [
          0.032313,
          -0.924063,
          -0.380871,
          1.738941
        ],
        [
          0.0,
          0.0,
          0.0,
          1.0
        ]
      ]
    },
    {
      "file_path": "/media/NFS/ttao/scannet/posed_images/scene0605_00/00024.jpg",
      "transform_matrix": [
        [
          -0.984283,
          -0.096436,
          0.147944,
          1.559357
        ],
        [
          -0.173516,
          0.372218,
          -0.911782,
          5.879822
        ],
        [
          0.032861,
          -0.923122,
          -0.383101,
          1.739737
        ],
        [
          0.0,
          0.0,
          0.0,
          1.0
        ]
      ]
    },
    {
      "file_path": "/media/NFS/ttao/scannet/posed_images/scene0605_00/00026.jpg",
      "transform_matrix": [
        [
          -0.987729,
          -0.090797,
          0.127074,
          1.55554
        ],
        [
          -0.152,
          0.371906,
          -0.915741,
          5.879624
        ],
        [
          0.035887,
          -0.923819,
          -0.381144,
          1.740808
        ],
        [
          0.0,
          0.0,
          0.0,
          1.0
        ]
      ]
    },
    {
      "file_path": "/media/NFS/ttao/scannet/posed_images/scene0605_00/00028.jpg",
      "transform_matrix": [
        [
          -0.990285,
          -0.081339,
          0.112785,
          1.540405
        ],
        [
          -0.135034,
          0.368851,
          -0.919628,
          5.876623
        ],
        [
          0.0332,
          -0.925923,
          -0.376251,
          1.741477
        ],
        [
          0.0,
          0.0,
          0.0,
          1.0
        ]
      ]
    },
    {
      "file_path": "/media/NFS/ttao/scannet/posed_images/scene0605_00/00030.jpg",
      "transform_matrix": [
        [
          -0.992269,
          -0.080405,
          0.094539,
          1.538374
        ],
        [
          -0.117626,
          0.366341,
          -0.923016,
          5.873588
        ],
        [
          0.039582,
          -0.927,
          -0.372966,
          1.753847
        ],
        [
          0.0,
          0.0,
          0.0,
          1.0
        ]
      ]
    },
    {
      "file_path": "/media/NFS/ttao/scannet/posed_images/scene0605_00/00031.jpg",
      "transform_matrix": [
        [
          -0.993586,
          -0.076487,
          0.08329,
          1.539673
        ],
        [
          -0.105559,
          0.363175,
          -0.925722,
          5.873234
        ],
        [
          0.040557,
          -0.928576,
          -0.36892,
          1.757395
        ],
        [
          0.0,
          0.0,
          0.0,
          1.0
        ]
      ]
    },
    {
      "file_path": "/media/NFS/ttao/scannet/posed_images/scene0605_00/00035.jpg",
      "transform_matrix": [
        [
          -0.996453,
          -0.06278,
          0.056044,
          1.528553
        ],
        [
          -0.074416,
          0.346312,
          -0.935163,
          5.869128
        ],
        [
          0.039301,
          -0.936017,
          -0.349755,
          1.766762
        ],
        [
          0.0,
          0.0,
          0.0,
          1.0
        ]
      ]
    },
    {
      "file_path": "/media/NFS/ttao/scannet/posed_images/scene0605_00/00037.jpg",
      "transform_matrix": [
        [
          -0.997098,
          -0.058779,
          0.048373,
          1.524327
        ],
        [
          -0.06536,
          0.335279,
          -0.939849,
          5.869725
        ],
        [
          0.039025,
          -0.940283,
          -0.338148,
          1.768659
        ],
        [
          0.0,
          0.0,
          0.0,
          1.0
        ]
      ]
    },
    {
      "file_path": "/media/NFS/ttao/scannet/posed_images/scene0605_00/00039.jpg",
      "transform_matrix": [
        [
          -0.997474,
          -0.055995,
          0.043715,
          1.521381
        ],
        [
          -0.059486,
          0.322009,
          -0.944866,
          5.875209
        ],
        [
          0.038831,
          -0.945079,
          -0.324526,
          1.771355
        ],
        [
          0.0,
          0.0,
          0.0,
          1.0
        ]
      ]
    },
    {
      "file_path": "/media/NFS/ttao/scannet/posed_images/scene0605_00/00041.jpg",
      "transform_matrix": [
        [
          -0.99773,
          -0.054953,
          0.038912,
          1.518632
        ],
        [
          -0.054129,
          0.310845,
          -0.948918,
          5.870185
        ],
        [
          0.04005,
          -0.948871,
          -0.313114,
          1.782841
        ],
        [
          0.0,
          0.0,
          0.0,
          1.0
        ]
      ]
    },
    {
      "file_path": "/media/NFS/ttao/scannet/posed_images/scene0605_00/00043.jpg",
      "transform_matrix": [
        [
          -0.997904,
          -0.053314,
          0.036665,
          1.512157
        ],
        [
          -0.050774,
          0.293941,
          -0.954474,
          5.869301
        ],
        [
          0.04011,
          -0.954335,
          -0.296032,
          1.786818
        ],
        [
          0.0,
          0.0,
          0.0,
          1.0
        ]
      ]
    },
    {
      "file_path": "/media/NFS/ttao/scannet/posed_images/scene0605_00/00045.jpg",
      "transform_matrix": [
        [
          -0.998137,
          -0.051948,
          0.031995,
          1.510854
        ],
        [
          -0.045317,
          0.280126,
          -0.958893,
          5.869497
        ],
        [
          0.04085,
          -0.958557,
          -0.281958,
          1.79823
        ],
        [
          0.0,
          0.0,
          0.0,
          1.0
        ]
      ]
    },
    {
      "file_path": "/media/NFS/ttao/scannet/posed_images/scene0605_00/00047.jpg",
      "transform_matrix": [
        [
          -0.998557,
          -0.045528,
          0.028496,
          1.511131
        ],
        [
          -0.039413,
          0.260677,
          -0.964621,
          5.875203
        ],
        [
          0.036489,
          -0.964352,
          -0.262096,
          1.79598
        ],
        [
          0.0,
          0.0,
          0.0,
          1.0
        ]
      ]
    },
    {
      "file_path": "/media/NFS/ttao/scannet/posed_images/scene0605_00/00050.jpg",
      "transform_matrix": [
        [
          -0.998619,
          -0.039949,
          0.034109,
          1.512387
        ],
        [
          -0.042597,
          0.235898,
          -0.970844,
          5.872123
        ],
        [
          0.030738,
          -0.970956,
          -0.237274,
          1.807015
        ],
        [
          0.0,
          0.0,
          0.0,
          1.0
        ]
      ]
    },
    {
      "file_path": "/media/NFS/ttao/scannet/posed_images/scene0605_00/00052.jpg",
      "transform_matrix": [
        [
          -0.998361,
          -0.032973,
          0.046771,
          1.511849
        ],
        [
          -0.052803,
          0.215722,
          -0.975026,
          5.878479
        ],
        [
          0.02206,
          -0.975898,
          -0.21711,
          1.804438
        ],
        [
          0.0,
          0.0,
          0.0,
          1.0
        ]
      ]
    },
    {
      "file_path": "/media/NFS/ttao/scannet/posed_images/scene0605_00/00054.jpg",
      "transform_matrix": [
        [
          -0.997661,
          -0.029575,
          0.061622,
          1.51031
        ],
        [
          -0.066315,
          0.200408,
          -0.977466,
          5.87889
        ],
        [
          0.016559,
          -0.979266,
          -0.201901,
          1.808711
        ],
        [
          0.0,
          0.0,
          0.0,
          1.0
        ]
      ]
    },
    {
      "file_path": "/media/NFS/ttao/scannet/posed_images/scene0605_00/00056.jpg",
      "transform_matrix": [
        [
          -0.996983,
          -0.026034,
          0.073127,
          1.512342
        ],
        [
          -0.076704,
          0.18588,
          -0.979574,
          5.873656
        ],
        [
          0.011909,
          -0.982228,
          -0.187316,
          1.813343
        ],
        [
          0.0,
          0.0,
          0.0,
          1.0
        ]
      ]
    },
    {
      "file_path": "/media/NFS/ttao/scannet/posed_images/scene0605_00/00058.jpg",
      "transform_matrix": [
        [
          -0.995724,
          -0.022864,
          0.0895,
          1.515337
        ],
        [
          -0.092078,
          0.168041,
          -0.98147,
          5.877657
        ],
        [
          0.0074,
          -0.985515,
          -0.169428,
          1.81161
        ],
        [
          0.0,
          0.0,
          0.0,
          1.0
        ]
      ]
    },
    {
      "file_path": "/media/NFS/ttao/scannet/posed_images/scene0605_00/00060.jpg",
      "transform_matrix": [
        [
          -0.993653,
          -0.021612,
          0.110395,
          1.517316
        ],
        [
          -0.112412,
          0.154097,
          -0.98164,
          5.883433
        ],
        [
          0.004204,
          -0.987819,
          -0.155548,
          1.816828
        ],
        [
          0.0,
          0.0,
          0.0,
          1.0
        ]
      ]
    },
    {
      "file_path": "/media/NFS/ttao/scannet/posed_images/scene0605_00/00062.jpg",
      "transform_matrix": [
        [
          -0.991345,
          -0.022397,
          0.129354,
          1.519343
        ],
        [
          -0.131226,
          0.141013,
          -0.981272,
          5.878592
        ],
        [
          0.003737,
          -0.989754,
          -0.142732,
          1.818131
        ],
        [
          0.0,
          0.0,
          0.0,
          1.0
        ]
      ]
    },
    {
      "file_path": "/media/NFS/ttao/scannet/posed_images/scene0605_00/00063.jpg",
      "transform_matrix": [
        [
          -0.990354,
          -0.021155,
          0.136937,
          1.523442
        ],
        [
          -0.138542,
          0.134965,
          -0.981117,
          5.878938
        ],
        [
          0.002274,
          -0.990624,
          -0.136594,
          1.817869
        ],
        [
          0.0,
          0.0,
          0.0,
          1.0
        ]
      ]
    },
    {
      "file_path": "/media/NFS/ttao/scannet/posed_images/scene0605_00/00066.jpg",
      "transform_matrix": [
        [
          -0.986916,
          -0.030234,
          0.158374,
          1.536792
        ],
        [
          -0.160884,
          0.119946,
          -0.979658,
          5.873994
        ],
        [
          0.010622,
          -0.99232,
          -0.123241,
          1.833472
        ],
        [
          0.0,
          0.0,
          0.0,
          1.0
        ]
      ]
    },
    {
      "file_path": "/media/NFS/ttao/scannet/posed_images/scene0605_00/00068.jpg",
      "transform_matrix": [
        [
          -0.983974,
          -0.029666,
          0.17583,
          1.526814
        ],
        [
          -0.17797,
          0.102042,
          -0.978731,
          5.881653
        ],
        [
          0.011093,
          -0.994338,
          -0.105686,
          1.827342
        ],
        [
          0.0,
          0.0,
          0.0,
          1.0
        ]
      ]
    },
    {
      "file_path": "/media/NFS/ttao/scannet/posed_images/scene0605_00/00070.jpg",
      "transform_matrix": [
        [
          -0.979042,
          -0.060272,
          0.194534,
          1.527083
        ],
        [
          -0.199352,
          0.08826,
          -0.975945,
          5.894247
        ],
        [
          0.041653,
          -0.994272,
          -0.098425,
          1.831966
        ],
        [
          0.0,
          0.0,
          0.0,
          1.0
        ]
      ]
    },
    {
      "file_path": "/media/NFS/ttao/scannet/posed_images/scene0605_00/00072.jpg",
      "transform_matrix": [
        [
          -0.976631,
          -0.059812,
          0.206433,
          1.548988
        ],
        [
          -0.210557,
          0.07363,
          -0.974805,
          5.906116
        ],
        [
          0.043105,
          -0.99549,
          -0.084503,
          1.836932
        ],
        [
          0.0,
          0.0,
          0.0,
          1.0
        ]
      ]
    },
    {
      "file_path": "/media/NFS/ttao/scannet/posed_images/scene0605_00/00075.jpg",
      "transform_matrix": [
        [
          -0.969621,
          -0.055945,
          0.238128,
          1.544618
        ],
        [
          -0.240937,
          0.050333,
          -0.969235,
          5.898188
        ],
        [
          0.042238,
          -0.997164,
          -0.062283,
          1.839207
        ],
        [
          0.0,
          0.0,
          0.0,
          1.0
        ]
      ]
    },
    {
      "file_path": "/media/NFS/ttao/scannet/posed_images/scene0605_00/00076.jpg",
      "transform_matrix": [
        [
          -0.966785,
          -0.056252,
          0.249325,
          1.542629
        ],
        [
          -0.252087,
          0.048864,
          -0.96647,
          5.900729
        ],
        [
          0.042183,
          -0.99722,
          -0.061422,
          1.847772
        ],
        [
          0.0,
          0.0,
          0.0,
          1.0
        ]
      ]
    },
    {
      "file_path": "/media/NFS/ttao/scannet/posed_images/scene0605_00/00079.jpg",
      "transform_matrix": [
        [
          -0.957084,
          -0.061572,
          0.283194,
          1.555037
        ],
        [
          -0.285942,
          0.041503,
          -0.957348,
          5.883324
        ],
        [
          0.047192,
          -0.997239,
          -0.057328,
          1.854267
        ],
        [
          0.0,
          0.0,
          0.0,
          1.0
        ]
      ]
    },
    {
      "file_path": "/media/NFS/ttao/scannet/posed_images/scene0605_00/00081.jpg",
      "transform_matrix": [
        [
          -0.94676,
          -0.069261,
          0.314403,
          1.5539
        ],
        [
          -0.317482,
          0.038887,
          -0.947467,
          5.904614
        ],
        [
          0.053397,
          -0.99684,
          -0.058805,
          1.850489
        ],
        [
          0.0,
          0.0,
          0.0,
          1.0
        ]
      ]
    },
    {
      "file_path": "/media/NFS/ttao/scannet/posed_images/scene0605_00/00082.jpg",
      "transform_matrix": [
        [
          -0.941303,
          -0.069973,
          0.33023,
          1.558309
        ],
        [
          -0.333407,
          0.039695,
          -0.941947,
          5.902147
        ],
        [
          0.052802,
          -0.996759,
          -0.060694,
          1.850302
        ],
        [
          0.0,
          0.0,
          0.0,
          1.0
        ]
      ]
    },
    {
      "file_path": "/media/NFS/ttao/scannet/posed_images/scene0605_00/00085.jpg",
      "transform_matrix": [
        [
          -0.920575,
          -0.077318,
          0.382837,
          1.559256
        ],
        [
          -0.386937,
          0.047223,
          -0.920896,
          5.897566
        ],
        [
          0.053123,
          -0.995887,
          -0.073389,
          1.856141
        ],
        [
          0.0,
          0.0,
          0.0,
          1.0
        ]
      ]
    },
    {
      "file_path": "/media/NFS/ttao/scannet/posed_images/scene0605_00/00088.jpg",
      "transform_matrix": [
        [
          -0.897618,
          -0.086163,
          0.432271,
          1.550925
        ],
        [
          -0.437683,
          0.058277,
          -0.897239,
          5.893286
        ],
        [
          0.052117,
          -0.994575,
          -0.090023,
          1.856275
        ],
        [
          0.0,
          0.0,
          0.0,
          1.0
        ]
      ]
    },
    {
      "file_path": "/media/NFS/ttao/scannet/posed_images/scene0605_00/00090.jpg",
      "transform_matrix": [
        [
          -0.882215,
          -0.095123,
          0.461137,
          1.556081
        ],
        [
          -0.467717,
          0.064318,
          -0.881535,
          5.890895
        ],
        [
          0.054195,
          -0.993385,
          -0.101232,
          1.85768
        ],
        [
          0.0,
          0.0,
          0.0,
          1.0
        ]
      ]
    },
    {
      "file_path": "/media/NFS/ttao/scannet/posed_images/scene0605_00/00091.jpg",
      "transform_matrix": [
        [
          -0.874373,
          -0.097326,
          0.475395,
          1.558273
        ],
        [
          -0.48227,
          0.06579,
          -0.873549,
          5.889886
        ],
        [
          0.053743,
          -0.993076,
          -0.104463,
          1.855313
        ],
        [
          0.0,
          0.0,
          0.0,
          1.0
        ]
      ]
    },
    {
      "file_path": "/media/NFS/ttao/scannet/posed_images/scene0605_00/00093.jpg",
      "transform_matrix": [
        [
          -0.857505,
          -0.107365,
          0.503148,
          1.563285
        ],
        [
          -0.51136,
          0.070398,
          -0.856478,
          5.890131
        ],
        [
          0.056536,
          -0.991724,
          -0.115269,
          1.85577
        ],
        [
          0.0,
          0.0,
          0.0,
          1.0
        ]
      ]
    },
    {
      "file_path": "/media/NFS/ttao/scannet/posed_images/scene0605_00/00095.jpg",
      "transform_matrix": [
        [
          -0.835987,
          -0.120724,
          0.535306,
          1.557884
        ],
        [
          -0.545629,
          0.078983,
          -0.834296,
          5.881263
        ],
        [
          0.05844,
          -0.989539,
          -0.131899,
          1.857536
        ],
        [
          0.0,
          0.0,
          0.0,
          1.0
        ]
      ]
    },
    {
      "file_path": "/media/NFS/ttao/scannet/posed_images/scene0605_00/00097.jpg",
      "transform_matrix": [
        [
          -0.816053,
          -0.132308,
          0.562629,
          1.57314
        ],
        [
          -0.574704,
          0.082297,
          -0.814213,
          5.894482
        ],
        [
          0.061424,
          -0.987786,
          -0.143197,
          1.845764
        ],
        [
          0.0,
          0.0,
          0.0,
          1.0
        ]
      ]
    },
    {
      "file_path": "/media/NFS/ttao/scannet/posed_images/scene0605_00/00100.jpg",
      "transform_matrix": [
        [
          -0.7829,
          -0.152838,
          0.603082,
          1.59743
        ],
        [
          -0.619642,
          0.104662,
          -0.777875,
          5.911226
        ],
        [
          0.055769,
          -0.982693,
          -0.176645,
          1.835024
        ],
        [
          0.0,
          0.0,
          0.0,
          1.0
        ]
      ]
    },
    {
      "file_path": "/media/NFS/ttao/scannet/posed_images/scene0605_00/00103.jpg",
      "transform_matrix": [
        [
          -0.746508,
          -0.175055,
          0.641936,
          1.605247
        ],
        [
          -0.663368,
          0.120903,
          -0.738461,
          5.913095
        ],
        [
          0.05166,
          -0.977107,
          -0.206381,
          1.823027
        ],
        [
          0.0,
          0.0,
          0.0,
          1.0
        ]
      ]
    },
    {
      "file_path": "/media/NFS/ttao/scannet/posed_images/scene0605_00/00104.jpg",
      "transform_matrix": [
        [
          -0.734182,
          -0.183636,
          0.653647,
          1.605625
        ],
        [
          -0.677034,
          0.125683,
          -0.725141,
          5.912749
        ],
        [
          0.05101,
          -0.974926,
          -0.216602,
          1.817507
        ],
        [
          0.0,
          0.0,
          0.0,
          1.0
        ]
      ]
    },
    {
      "file_path": "/media/NFS/ttao/scannet/posed_images/scene0605_00/00106.jpg",
      "transform_matrix": [
        [
          -0.708454,
          -0.203135,
          0.675892,
          1.61104
        ],
        [
          -0.703966,
          0.135212,
          -0.697244,
          5.914137
        ],
        [
          0.050246,
          -0.96977,
          -0.238791,
          1.812018
        ],
        [
          0.0,
          0.0,
          0.0,
          1.0
        ]
      ]
    },
    {
      "file_path": "/media/NFS/ttao/scannet/posed_images/scene0605_00/00109.jpg",
      "transform_matrix": [
        [
          -0.667098,
          -0.229597,
          0.708707,
          1.612593
        ],
        [
          -0.743311,
          0.14168,
          -0.653771,
          5.893002
        ],
        [
          0.049695,
          -0.962918,
          -0.265176,
          1.810043
        ],
        [
          0.0,
          0.0,
          0.0,
          1.0
        ]
      ]
    },
    {
      "file_path": "/media/NFS/ttao/scannet/posed_images/scene0605_00/00111.jpg",
      "transform_matrix": [
        [
          -0.651115,
          -0.249946,
          0.716643,
          1.628214
        ],
        [
          -0.757145,
          0.148292,
          -0.636193,
          5.899395
        ],
        [
          0.052742,
          -0.956837,
          -0.2858,
          1.802492
        ],
        [
          0.0,
          0.0,
          0.0,
          1.0
        ]
      ]
    },
    {
      "file_path": "/media/NFS/ttao/scannet/posed_images/scene0605_00/00112.jpg",
      "transform_matrix": [
        [
          -0.641911,
          -0.25861,
          0.721853,
          1.630221
        ],
        [
          -0.764951,
          0.151005,
          -0.626137,
          5.89952
        ],
        [
          0.052922,
          -0.954106,
          -0.294756,
          1.795674
        ],
        [
          0.0,
          0.0,
          0.0,
          1.0
        ]
      ]
    },
    {
      "file_path": "/media/NFS/ttao/scannet/posed_images/scene0605_00/00114.jpg",
      "transform_matrix": [
        [
          -0.623204,
          -0.27787,
          0.73103,
          1.63459
        ],
        [
          -0.780301,
          0.158286,
          -0.605042,
          5.88482
        ],
        [
          0.052411,
          -0.947488,
          -0.315467,
          1.791376
        ],
        [
          0.0,
          0.0,
          0.0,
          1.0
        ]
      ]
    },
    {
      "file_path": "/media/NFS/ttao/scannet/posed_images/scene0605_00/00116.jpg",
      "transform_matrix": [
        [
          -0.609299,
          -0.293509,
          0.736619,
          1.64701
        ],
        [
          -0.79133,
          0.165895,
          -0.588452,
          5.874244
        ],
        [
          0.050515,
          -0.941452,
          -0.333342,
          1.784808
        ],
        [
          0.0,
          0.0,
          0.0,
          1.0
        ]
      ]
    },
    {
      "file_path": "/media/NFS/ttao/scannet/posed_images/scene0605_00/00119.jpg",
      "transform_matrix": [
        [
          -0.584492,
          -0.31378,
          0.748272,
          1.66382
        ],
        [
          -0.810221,
          0.176015,
          -0.559072,
          5.852277
        ],
        [
          0.043718,
          -0.933038,
          -0.357111,
          1.780939
        ],
        [
          0.0,
          0.0,
          0.0,
          1.0
        ]
      ]
    },
    {
      "file_path": "/media/NFS/ttao/scannet/posed_images/scene0605_00/00121.jpg",
      "transform_matrix": [
        [
          -0.553168,
          -0.325241,
          0.766958,
          1.674801
        ],
        [
          -0.832086,
          0.170984,
          -0.527633,
          5.834168
        ],
        [
          0.04047,
          -0.930045,
          -0.365211,
          1.772739
        ],
        [
          0.0,
          0.0,
          0.0,
          1.0
        ]
      ]
    },
    {
      "file_path": "/media/NFS/ttao/scannet/posed_images/scene0605_00/00124.jpg",
      "transform_matrix": [
        [
          -0.505651,
          -0.344456,
          0.790991,
          1.703328
        ],
        [
          -0.861779,
          0.158445,
          -0.481905,
          5.807247
        ],
        [
          0.040667,
          -0.925335,
          -0.376963,
          1.766539
        ],
        [
          0.0,
          0.0,
          0.0,
          1.0
        ]
      ]
    },
    {
      "file_path": "/media/NFS/ttao/scannet/posed_images/scene0605_00/00126.jpg",
      "transform_matrix": [
        [
          -0.471362,
          -0.349644,
          0.809671,
          1.716313
        ],
        [
          -0.881123,
          0.147197,
          -0.449394,
          5.785213
        ],
        [
          0.037946,
          -0.925247,
          -0.377462,
          1.761602
        ],
        [
          0.0,
          0.0,
          0.0,
          1.0
        ]
      ]
    },
    {
      "file_path": "/media/NFS/ttao/scannet/posed_images/scene0605_00/00127.jpg",
      "transform_matrix": [
        [
          -0.453924,
          -0.353573,
          0.817887,
          1.723898
        ],
        [
          -0.890218,
          0.140533,
          -0.433316,
          5.77624
        ],
        [
          0.038269,
          -0.92479,
          -0.378548,
          1.757011
        ],
        [
          0.0,
          0.0,
          0.0,
          1.0
        ]
      ]
    },
    {
      "file_path": "/media/NFS/ttao/scannet/posed_images/scene0605_00/00129.jpg",
      "transform_matrix": [
        [
          -0.419142,
          -0.372659,
          0.827916,
          1.737149
        ],
        [
          -0.906832,
          0.127195,
          -0.401841,
          5.752973
        ],
        [
          0.044443,
          -0.91921,
          -0.391252,
          1.754359
        ],
        [
          0.0,
          0.0,
          0.0,
          1.0
        ]
      ]
    },
    {
      "file_path": "/media/NFS/ttao/scannet/posed_images/scene0605_00/00131.jpg",
      "transform_matrix": [
        [
          -0.401968,
          -0.384398,
          0.83106,
          1.751424
        ],
        [
          -0.914137,
          0.116244,
          -0.388383,
          5.746224
        ],
        [
          0.052688,
          -0.91582,
          -0.398119,
          1.755057
        ],
        [
          0.0,
          0.0,
          0.0,
          1.0
        ]
      ]
    },
    {
      "file_path": "/media/NFS/ttao/scannet/posed_images/scene0605_00/00135.jpg",
      "transform_matrix": [
        [
          -0.380931,
          -0.351274,
          0.855276,
          1.754233
        ],
        [
          -0.923527,
          0.099943,
          -0.370282,
          5.703915
        ],
        [
          0.044592,
          -0.930923,
          -0.362483,
          1.764767
        ],
        [
          0.0,
          0.0,
          0.0,
          1.0
        ]
      ]
    },
    {
      "file_path": "/media/NFS/ttao/scannet/posed_images/scene0605_00/00136.jpg",
      "transform_matrix": [
        [
          -0.376393,
          -0.348727,
          0.858323,
          1.751412
        ],
        [
          -0.925536,
          0.100171,
          -0.365169,
          5.693192
        ],
        [
          0.041366,
          -0.931856,
          -0.360463,
          1.764896
        ],
        [
          0.0,
          0.0,
          0.0,
          1.0
        ]
      ]
    },
    {
      "file_path": "/media/NFS/ttao/scannet/posed_images/scene0605_00/00138.jpg",
      "transform_matrix": [
        [
          -0.373018,
          -0.344972,
          0.861308,
          1.750915
        ],
        [
          -0.927208,
          0.104768,
          -0.359597,
          5.666986
        ],
        [
          0.033814,
          -0.932748,
          -0.358941,
          1.774469
        ],
        [
          0.0,
          0.0,
          0.0,
          1.0
        ]
      ]
    },
    {
      "file_path": "/media/NFS/ttao/scannet/posed_images/scene0605_00/00141.jpg",
      "transform_matrix": [
        [
          -0.35857,
          -0.327291,
          0.874247,
          1.737532
        ],
        [
          -0.933391,
          0.111209,
          -0.341194,
          5.628346
        ],
        [
          0.014445,
          -0.938357,
          -0.345367,
          1.772269
        ],
        [
          0.0,
          0.0,
          0.0,
          1.0
        ]
      ]
    },
    {
      "file_path": "/media/NFS/ttao/scannet/posed_images/scene0605_00/00142.jpg",
      "transform_matrix": [
        [
          -0.351455,
          -0.329998,
          0.876117,
          1.735977
        ],
        [
          -0.936119,
          0.111202,
          -0.33364,
          5.616634
        ],
        [
          0.012675,
          -0.937409,
          -0.347999,
          1.773854
        ],
        [
          0.0,
          0.0,
          0.0,
          1.0
        ]
      ]
    },
    {
      "file_path": "/media/NFS/ttao/scannet/posed_images/scene0605_00/00144.jpg",
      "transform_matrix": [
        [
          -0.333774,
          -0.333463,
          0.881701,
          1.734397
        ],
        [
          -0.942526,
          0.102717,
          -0.317952,
          5.583809
        ],
        [
          0.01546,
          -0.937151,
          -0.348582,
          1.782652
        ],
        [
          0.0,
          0.0,
          0.0,
          1.0
        ]
      ]
    },
    {
      "file_path": "/media/NFS/ttao/scannet/posed_images/scene0605_00/00146.jpg",
      "transform_matrix": [
        [
          -0.318884,
          -0.323609,
          0.890837,
          1.723866
        ],
        [
          -0.947737,
          0.098549,
          -0.303452,
          5.553104
        ],
        [
          0.010408,
          -0.941045,
          -0.338122,
          1.779015
        ],
        [
          0.0,
          0.0,
          0.0,
          1.0
        ]
      ]
    },
    {
      "file_path": "/media/NFS/ttao/scannet/posed_images/scene0605_00/00148.jpg",
      "transform_matrix": [
        [
          -0.298583,
          -0.324691,
          0.897454,
          1.719689
        ],
        [
          -0.954383,
          0.102351,
          -0.280494,
          5.517008
        ],
        [
          -0.000782,
          -0.940266,
          -0.34044,
          1.780659
        ],
        [
          0.0,
          0.0,
          0.0,
          1.0
        ]
      ]
    },
    {
      "file_path": "/media/NFS/ttao/scannet/posed_images/scene0605_00/00150.jpg",
      "transform_matrix": [
        [
          -0.26918,
          -0.3328,
          0.903762,
          1.712717
        ],
        [
          -0.96307,
          0.086924,
          -0.254835,
          5.475149
        ],
        [
          0.00625,
          -0.938983,
          -0.343908,
          1.78745
        ],
        [
          0.0,
          0.0,
          0.0,
          1.0
        ]
      ]
    },
    {
      "file_path": "/media/NFS/ttao/scannet/posed_images/scene0605_00/00153.jpg",
      "transform_matrix": [
        [
          -0.230827,
          -0.332271,
          0.914503,
          1.695632
        ],
        [
          -0.972577,
          0.05126,
          -0.226861,
          5.423724
        ],
        [
          0.028502,
          -0.94179,
          -0.334991,
          1.788388
        ],
        [
          0.0,
          0.0,
          0.0,
          1.0
        ]
      ]
    },
    {
      "file_path": "/media/NFS/ttao/scannet/posed_images/scene0605_00/00156.jpg",
      "transform_matrix": [
        [
          -0.192639,
          -0.325607,
          0.925673,
          1.675633
        ],
        [
          -0.980354,
          0.023129,
          -0.195883,
          5.361594
        ],
        [
          0.042371,
          -0.945222,
          -0.323666,
          1.79284
        ],
        [
          0.0,
          0.0,
          0.0,
          1.0
        ]
      ]
    },
    {
      "file_path": "/media/NFS/ttao/scannet/posed_images/scene0605_00/00158.jpg",
      "transform_matrix": [
        [
          -0.179406,
          -0.334702,
          0.925088,
          1.669599
        ],
        [
          -0.983109,
          0.026406,
          -0.181105,
          5.331157
        ],
        [
          0.036189,
          -0.941954,
          -0.333786,
          1.805711
        ],
        [
          0.0,
          0.0,
          0.0,
          1.0
        ]
      ]
    },
    {
      "file_path": "/media/NFS/ttao/scannet/posed_images/scene0605_00/00160.jpg",
      "transform_matrix": [
        [
          -0.159457,
          -0.322443,
          0.933062,
          1.66605
        ],
        [
          -0.986849,
          0.026699,
          -0.159422,
          5.295745
        ],
        [
          0.026493,
          -0.946212,
          -0.32246,
          1.826631
        ],
        [
          0.0,
          0.0,
          0.0,
          1.0
        ]
      ]
    },
    {
      "file_path": "/media/NFS/ttao/scannet/posed_images/scene0605_00/00161.jpg",
      "transform_matrix": [
        [
          -0.150844,
          -0.316266,
          0.936601,
          1.666612
        ],
        [
          -0.988324,
          0.027653,
          -0.149837,
          5.282187
        ],
        [
          0.021488,
          -0.948268,
          -0.316744,
          1.840943
        ],
        [
          0.0,
          0.0,
          0.0,
          1.0
        ]
      ]
    },
    {
      "file_path": "/media/NFS/ttao/scannet/posed_images/scene0605_00/00164.jpg",
      "transform_matrix": [
        [
          -0.120916,
          -0.296118,
          0.947467,
          1.664143
        ],
        [
          -0.992597,
          0.025062,
          -0.118843,
          5.237751
        ],
        [
          0.011446,
