{
  "frames": [
    {
      "file_path": "/media/NFS/ttao/scannet/posed_images/scene0334_01/00000.jpg",
      "transform_matrix": [
        [
          0.606088,
          0.474717,
          -0.638201,
          4.515681
        ],
        [
          0.795398,
          -0.36161,
          0.486396,
          8.381298
        ],
        [
          0.00012,
          -0.802423,
          -0.596756,
          1.454987
        ],
        [
          0.0,
          0.0,
          0.0,
          1.0
        ]
      ]
    },
    {
      "file_path": "/media/NFS/ttao/scannet/posed_images/scene0334_01/00003.jpg",
      "transform_matrix": [
        [
          0.576868,
          0.496261,
          -0.648806,
          4.528517
        ],
        [
          0.816591,
          -0.330832,
          0.473001,
          8.454589
        ],
        [
          0.020086,
          -0.802667,
          -0.596089,
          1.447161
        ],
        [
          0.0,
          0.0,
          0.0,
          1.0
        ]
      ]
    },
    {
      "file_path": "/media/NFS/ttao/scannet/posed_images/scene0334_01/00006.jpg",
      "transform_matrix": [
        [
          0.540444,
          0.518694,
          -0.662478,
          4.532044
        ],
        [
          0.841021,
          -0.310034,
          0.443354,
          8.511224
        ],
        [
          0.024574,
          -0.796766,
          -0.603788,
          1.451053
        ],
        [
          0.0,
          0.0,
          0.0,
          1.0
        ]
      ]
    },
    {
      "file_path": "/media/NFS/ttao/scannet/posed_images/scene0334_01/00009.jpg",
      "transform_matrix": [
        [
          0.49075,
          0.529965,
          -0.691594,
          4.541986
        ],
        [
          0.870733,
          -0.269653,
          0.411232,
          8.557016
        ],
        [
          0.031448,
          -0.804006,
          -0.59379,
          1.461708
        ],
        [
          0.0,
          0.0,
          0.0,
          1.0
        ]
      ]
    },
    {
      "file_path": "/media/NFS/ttao/scannet/posed_images/scene0334_01/00015.jpg",
      "transform_matrix": [
        [
          0.4102,
          0.532811,
          -0.740168,
          4.558107
        ],
        [
          0.911809,
          -0.223158,
          0.344682,
          8.618375
        ],
        [
          0.018476,
          -0.81628,
          -0.577361,
          1.473576
        ],
        [
          0.0,
          0.0,
          0.0,
          1.0
        ]
      ]
    },
    {
      "file_path": "/media/NFS/ttao/scannet/posed_images/scene0334_01/00018.jpg",
      "transform_matrix": [
        [
          0.357146,
          0.546997,
          -0.757126,
          4.569626
        ],
        [
          0.933908,
          -0.195071,
          0.299605,
          8.662071
        ],
        [
          0.01619,
          -0.814089,
          -0.580514,
          1.474266
        ],
        [
          0.0,
          0.0,
          0.0,
          1.0
        ]
      ]
    },
    {
      "file_path": "/media/NFS/ttao/scannet/posed_images/scene0334_01/00023.jpg",
      "transform_matrix": [
        [
          0.253525,
          0.575679,
          -0.777379,
          4.605938
        ],
        [
          0.967071,
          -0.132298,
          0.217417,
          8.73889
        ],
        [
          0.022317,
          -0.806902,
          -0.590264,
          1.466216
        ],
        [
          0.0,
          0.0,
          0.0,
          1.0
        ]
      ]
    },
    {
      "file_path": "/media/NFS/ttao/scannet/posed_images/scene0334_01/00024.jpg",
      "transform_matrix": [
        [
          0.231067,
          0.582115,
          -0.779583,
          4.616306
        ],
        [
          0.972572,
          -0.116237,
          0.201475,
          8.759328
        ],
        [
          0.026665,
          -0.804755,
          -0.593008,
          1.465186
        ],
        [
          0.0,
          0.0,
          0.0,
          1.0
        ]
      ]
    },
    {
      "file_path": "/media/NFS/ttao/scannet/posed_images/scene0334_01/00028.jpg",
      "transform_matrix": [
        [
          0.168681,
          0.599592,
          -0.782327,
          4.639258
        ],
        [
          0.984801,
          -0.069189,
          0.159309,
          8.843237
        ],
        [
          0.041392,
          -0.79731,
          -0.60215,
          1.47871
        ],
        [
          0.0,
          0.0,
          0.0,
          1.0
        ]
      ]
    },
    {
      "file_path": "/media/NFS/ttao/scannet/posed_images/scene0334_01/00034.jpg",
      "transform_matrix": [
        [
          0.105191,
          0.595636,
          -0.796337,
          4.666931
        ],
        [
          0.994432,
          -0.057889,
          0.088059,
          8.938394
        ],
        [
          0.006352,
          -0.801166,
          -0.598409,
          1.483698
        ],
        [
          0.0,
          0.0,
          0.0,
          1.0
        ]
      ]
    },
    {
      "file_path": "/media/NFS/ttao/scannet/posed_images/scene0334_01/00036.jpg",
      "transform_matrix": [
        [
          0.083444,
          0.595477,
          -0.799027,
          4.669976
        ],
        [
          0.996511,
          -0.051085,
          0.065996,
          8.973735
        ],
        [
          -0.001519,
          -0.801746,
          -0.597662,
          1.481983
        ],
        [
          0.0,
          0.0,
          0.0,
          1.0
        ]
      ]
    },
    {
      "file_path": "/media/NFS/ttao/scannet/posed_images/scene0334_01/00038.jpg",
      "transform_matrix": [
        [
          0.054948,
          0.595099,
          -0.801772,
          4.669615
        ],
        [
          0.99845,
          -0.039837,
          0.038859,
          9.011969
        ],
        [
          -0.008815,
          -0.802665,
          -0.596366,
          1.480719
        ],
        [
          0.0,
          0.0,
          0.0,
          1.0
        ]
      ]
    },
    {
      "file_path": "/media/NFS/ttao/scannet/posed_images/scene0334_01/00044.jpg",
      "transform_matrix": [
        [
          -0.06441,
          0.572555,
          -0.817332,
          4.671209
        ],
        [
          0.997908,
          0.041531,
          -0.049548,
          9.104289
        ],
        [
          0.005576,
          -0.818814,
          -0.574033,
          1.467694
        ],
        [
          0.0,
          0.0,
          0.0,
          1.0
        ]
      ]
    },
    {
      "file_path": "/media/NFS/ttao/scannet/posed_images/scene0334_01/00045.jpg",
      "transform_matrix": [
        [
          -0.085093,
          0.569905,
          -0.817293,
          4.671278
        ],
        [
          0.996289,
          0.059347,
          -0.062346,
          9.119153
        ],
        [
          0.012973,
          -0.819565,
          -0.57284,
          1.465923
        ],
        [
          0.0,
          0.0,
          0.0,
          1.0
        ]
      ]
    },
    {
      "file_path": "/media/NFS/ttao/scannet/posed_images/scene0334_01/00048.jpg",
      "transform_matrix": [
        [
          -0.14949,
          0.56984,
          -0.808043,
          4.659922
        ],
        [
          0.988546,
          0.103278,
          -0.11005,
          9.162602
        ],
        [
          0.020742,
          -0.81524,
          -0.578752,
          1.473193
        ],
        [
          0.0,
          0.0,
          0.0,
          1.0
        ]
      ]
    },
    {
      "file_path": "/media/NFS/ttao/scannet/posed_images/scene0334_01/00055.jpg",
      "transform_matrix": [
        [
          -0.294386,
          0.486787,
          -0.82242,
          4.666249
        ],
        [
          0.955135,
          0.179102,
          -0.235881,
          9.281015
        ],
        [
          0.032473,
          -0.854962,
          -0.517672,
          1.494861
        ],
        [
          0.0,
          0.0,
          0.0,
          1.0
        ]
      ]
    },
    {
      "file_path": "/media/NFS/ttao/scannet/posed_images/scene0334_01/00058.jpg",
      "transform_matrix": [
        [
          -0.362678,
          0.474649,
          -0.801981,
          4.667915
        ],
        [
          0.931615,
          0.206467,
          -0.299106,
          9.324571
        ],
        [
          0.023612,
          -0.855617,
          -0.517071,
          1.492048
        ],
        [
          0.0,
          0.0,
          0.0,
          1.0
        ]
      ]
    },
    {
      "file_path": "/media/NFS/ttao/scannet/posed_images/scene0334_01/00061.jpg",
      "transform_matrix": [
        [
          -0.438004,
          0.4638,
          -0.770092,
          4.665937
        ],
        [
          0.898707,
          0.24674,
          -0.362553,
          9.378472
        ],
        [
          0.02186,
          -0.850887,
          -0.524893,
          1.493608
        ],
        [
          0.0,
          0.0,
          0.0,
          1.0
        ]
      ]
    },
    {
      "file_path": "/media/NFS/ttao/scannet/posed_images/scene0334_01/00062.jpg",
      "transform_matrix": [
        [
          -0.462483,
          0.456596,
          -0.760019,
          4.667985
        ],
        [
          0.886321,
          0.260632,
          -0.382761,
          9.396263
        ],
        [
          0.023319,
          -0.850641,
          -0.525229,
          1.491216
        ],
        [
          0.0,
          0.0,
          0.0,
          1.0
        ]
      ]
    },
    {
      "file_path": "/media/NFS/ttao/scannet/posed_images/scene0334_01/00067.jpg",
      "transform_matrix": [
        [
          -0.565401,
          0.435997,
          -0.700163,
          4.677564
        ],
        [
          0.824299,
          0.328722,
          -0.460947,
          9.490408
        ],
        [
          0.029188,
          -0.837764,
          -0.545252,
          1.477539
        ],
        [
          0.0,
          0.0,
          0.0,
          1.0
        ]
      ]
    },
    {
      "file_path": "/media/NFS/ttao/scannet/posed_images/scene0334_01/00072.jpg",
      "transform_matrix": [
        [
          -0.633092,
          0.417959,
          -0.65154,
          4.667181
        ],
        [
          0.773486,
          0.37443,
          -0.511392,
          9.566724
        ],
        [
          0.030215,
          -0.827715,
          -0.560334,
          1.471979
        ],
        [
          0.0,
          0.0,
          0.0,
          1.0
        ]
      ]
    },
    {
      "file_path": "/media/NFS/ttao/scannet/posed_images/scene0334_01/00076.jpg",
      "transform_matrix": [
        [
          -0.686102,
          0.402909,
          -0.605746,
          4.655532
        ],
        [
          0.727364,
          0.396316,
          -0.560246,
          9.613256
        ],
        [
          0.014339,
          -0.824984,
          -0.564975,
          1.463675
        ],
        [
          0.0,
          0.0,
          0.0,
          1.0
        ]
      ]
    },
    {
      "file_path": "/media/NFS/ttao/scannet/posed_images/scene0334_01/00079.jpg",
      "transform_matrix": [
        [
          -0.71806,
          0.389128,
          -0.577034,
          4.63528
        ],
        [
          0.695919,
          0.412447,
          -0.587864,
          9.652484
        ],
        [
          0.009242,
          -0.823691,
          -0.566964,
          1.452326
        ],
        [
          0.0,
          0.0,
          0.0,
          1.0
        ]
      ]
    },
    {
      "file_path": "/media/NFS/ttao/scannet/posed_images/scene0334_01/00081.jpg",
      "transform_matrix": [
        [
          -0.726065,
          0.390987,
          -0.565649,
          4.624951
        ],
        [
          0.687574,
          0.422941,
          -0.590223,
          9.658421
        ],
        [
          0.008466,
          -0.817466,
          -0.575915,
          1.45299
        ],
        [
          0.0,
          0.0,
          0.0,
          1.0
        ]
      ]
    },
    {
      "file_path": "/media/NFS/ttao/scannet/posed_images/scene0334_01/00083.jpg",
      "transform_matrix": [
        [
          -0.734587,
          0.388595,
          -0.556216,
          4.602777
        ],
        [
          0.678479,
          0.429103,
          -0.59627,
          9.674697
        ],
        [
          0.006967,
          -0.815392,
          -0.578867,
          1.452898
        ],
        [
          0.0,
          0.0,
          0.0,
          1.0
        ]
      ]
    },
    {
      "file_path": "/media/NFS/ttao/scannet/posed_images/scene0334_01/00089.jpg",
      "transform_matrix": [
        [
          -0.7414,
          0.354474,
          -0.569802,
          4.533522
        ],
        [
          0.669891,
          0.441111,
          -0.597216,
          9.742039
        ],
        [
          0.039648,
          -0.824481,
          -0.564499,
          1.442967
        ],
        [
          0.0,
          0.0,
          0.0,
          1.0
        ]
      ]
    },
    {
      "file_path": "/media/NFS/ttao/scannet/posed_images/scene0334_01/00093.jpg",
      "transform_matrix": [
        [
          -0.758872,
          0.333341,
          -0.559461,
          4.493152
        ],
        [
          0.649339,
          0.452887,
          -0.610944,
          9.780056
        ],
        [
          0.04972,
          -0.826908,
          -0.560134,
          1.458954
        ],
        [
          0.0,
          0.0,
          0.0,
          1.0
        ]
      ]
    },
    {
      "file_path": "/media/NFS/ttao/scannet/posed_images/scene0334_01/00094.jpg",
      "transform_matrix": [
        [
          -0.766112,
          0.328776,
          -0.552249,
          4.483659
        ],
        [
          0.640914,
          0.454953,
          -0.618262,
          9.78846
        ],
        [
          0.047978,
          -0.827602,
          -0.559262,
          1.463686
        ],
        [
          0.0,
          0.0,
          0.0,
          1.0
        ]
      ]
    },
    {
      "file_path": "/media/NFS/ttao/scannet/posed_images/scene0334_01/00100.jpg",
      "transform_matrix": [
        [
          -0.822666,
          0.292312,
          -0.487621,
          4.43429
        ],
        [
          0.568391,
          0.441462,
          -0.694293,
          9.856663
        ],
        [
          0.012316,
          -0.848331,
          -0.529323,
          1.487221
        ],
        [
          0.0,
          0.0,
          0.0,
          1.0
        ]
      ]
    },
    {
      "file_path": "/media/NFS/ttao/scannet/posed_images/scene0334_01/00103.jpg",
      "transform_matrix": [
        [
          -0.84319,
          0.273699,
          -0.46273,
          4.414175
        ],
        [
          0.537603,
          0.435113,
          -0.722261,
          9.895212
        ],
        [
          0.003658,
          -0.857768,
          -0.514024,
          1.496077
        ],
        [
          0.0,
          0.0,
          0.0,
          1.0
        ]
      ]
    },
    {
      "file_path": "/media/NFS/ttao/scannet/posed_images/scene0334_01/00108.jpg",
      "transform_matrix": [
        [
          -0.85456,
          0.25032,
          -0.455046,
          4.385303
        ],
        [
          0.519321,
          0.421396,
          -0.743459,
          9.944642
        ],
        [
          0.005652,
          -0.871646,
          -0.490104,
          1.508157
        ],
        [
          0.0,
          0.0,
          0.0,
          1.0
        ]
      ]
    },
    {
      "file_path": "/media/NFS/ttao/scannet/posed_images/scene0334_01/00111.jpg",
      "transform_matrix": [
        [
          -0.858362,
          0.257382,
          -0.443812,
          4.365818
        ],
        [
          0.512981,
          0.416887,
          -0.750371,
          9.970703
        ],
        [
          -0.008112,
          -0.871757,
          -0.489872,
          1.504538
        ],
        [
          0.0,
          0.0,
          0.0,
          1.0
        ]
      ]
    },
    {
      "file_path": "/media/NFS/ttao/scannet/posed_images/scene0334_01/00112.jpg",
      "transform_matrix": [
        [
          -0.85911,
          0.259992,
          -0.440834,
          4.359676
        ],
        [
          0.511644,
          0.415679,
          -0.751951,
          9.977067
        ],
        [
          -0.012256,
          -0.871559,
          -0.490138,
          1.502186
        ],
        [
          0.0,
          0.0,
          0.0,
          1.0
        ]
      ]
    },
    {
      "file_path": "/media/NFS/ttao/scannet/posed_images/scene0334_01/00115.jpg",
      "transform_matrix": [
        [
          -0.859816,
          0.272024,
          -0.432111,
          4.354565
        ],
        [
          0.510343,
          0.430765,
          -0.744306,
          9.98735
        ],
        [
          -0.016331,
          -0.860491,
          -0.509204,
          1.497624
        ],
        [
          0.0,
          0.0,
          0.0,
          1.0
        ]
      ]
    },
    {
      "file_path": "/media/NFS/ttao/scannet/posed_images/scene0334_01/00119.jpg",
      "transform_matrix": [
        [
          -0.855556,
          0.271435,
          -0.440848,
          4.362934
        ],
        [
          0.517645,
          0.434995,
          -0.736766,
          9.997549
        ],
        [
          -0.008217,
          -0.858547,
          -0.512669,
          1.487338
        ],
        [
          0.0,
          0.0,
          0.0,
          1.0
        ]
      ]
    },
    {
      "file_path": "/media/NFS/ttao/scannet/posed_images/scene0334_01/00122.jpg",
      "transform_matrix": [
        [
          -0.852985,
          0.274085,
          -0.444179,
          4.373612
        ],
        [
          0.52192,
          0.441254,
          -0.729996,
          9.992565
        ],
        [
          -0.004085,
          -0.854501,
          -0.519434,
          1.48788
        ],
        [
          0.0,
          0.0,
          0.0,
          1.0
        ]
      ]
    },
    {
      "file_path": "/media/NFS/ttao/scannet/posed_images/scene0334_01/00128.jpg",
      "transform_matrix": [
        [
          -0.873785,
          0.255769,
          -0.41362,
          4.430773
        ],
        [
          0.486049,
          0.431381,
          -0.760044,
          9.964305
        ],
        [
          -0.015968,
          -0.865155,
          -0.501251,
          1.481952
        ],
        [
          0.0,
          0.0,
          0.0,
          1.0
        ]
      ]
    },
    {
      "file_path": "/media/NFS/ttao/scannet/posed_images/scene0334_01/00131.jpg",
      "transform_matrix": [
        [
          -0.882131,
          0.255065,
          -0.395963,
          4.449723
        ],
        [
          0.470515,
          0.438916,
          -0.765486,
          9.958384
        ],
        [
          -0.021454,
          -0.861565,
          -0.507193,
          1.474016
        ],
        [
          0.0,
          0.0,
          0.0,
          1.0
        ]
      ]
    },
    {
      "file_path": "/media/NFS/ttao/scannet/posed_images/scene0334_01/00133.jpg",
      "transform_matrix": [
        [
          -0.884504,
          0.256528,
          -0.389675,
          4.445347
        ],
        [
          0.465828,
          0.439724,
          -0.767884,
          9.946329
        ],
        [
          -0.025634,
          -0.860718,
          -0.508436,
          1.475264
        ],
        [
          0.0,
          0.0,
          0.0,
          1.0
        ]
      ]
    },
    {
      "file_path": "/media/NFS/ttao/scannet/posed_images/scene0334_01/00137.jpg",
      "transform_matrix": [
        [
          -0.885032,
          0.258019,
          -0.387485,
          4.415698
        ],
        [
          0.464436,
          0.432362,
          -0.772892,
          9.915635
        ],
        [
          -0.031887,
          -0.863996,
          -0.502488,
          1.47732
        ],
        [
          0.0,
          0.0,
          0.0,
          1.0
        ]
      ]
    },
    {
      "file_path": "/media/NFS/ttao/scannet/posed_images/scene0334_01/00140.jpg",
      "transform_matrix": [
        [
          -0.881627,
          0.261739,
          -0.392716,
          4.380471
        ],
        [
          0.470584,
          0.424344,
          -0.773617,
          9.880426
        ],
        [
          -0.035839,
          -0.866848,
          -0.497284,
          1.474012
        ],
        [
          0.0,
          0.0,
          0.0,
          1.0
        ]
      ]
    },
    {
      "file_path": "/media/NFS/ttao/scannet/posed_images/scene0334_01/00145.jpg",
      "transform_matrix": [
        [
          -0.87155,
          0.259638,
          -0.41592,
          4.296668
        ],
        [
          0.48897,
          0.397651,
          -0.776391,
          9.837676
        ],
        [
          -0.03619,
          -0.880035,
          -0.473528,
          1.46994
        ],
        [
          0.0,
          0.0,
          0.0,
          1.0
        ]
      ]
    },
    {
      "file_path": "/media/NFS/ttao/scannet/posed_images/scene0334_01/00148.jpg",
      "transform_matrix": [
        [
          -0.856669,
          0.291937,
          -0.425312,
          4.248398
        ],
        [
          0.513545,
          0.404507,
          -0.756733,
          9.799801
        ],
        [
          -0.048876,
          -0.866687,
          -0.496452,
          1.478365
        ],
        [
          0.0,
          0.0,
          0.0,
          1.0
        ]
      ]
    },
    {
      "file_path": "/media/NFS/ttao/scannet/posed_images/scene0334_01/00151.jpg",
      "transform_matrix": [
        [
          -0.850312,
          0.311848,
          -0.423934,
          4.20977
        ],
        [
          0.521825,
          0.395025,
          -0.756078,
          9.759328
        ],
        [
          -0.068317,
          -0.864122,
          -0.498624,
          1.48067
        ],
        [
          0.0,
          0.0,
          0.0,
          1.0
        ]
      ]
    },
    {
      "file_path": "/media/NFS/ttao/scannet/posed_images/scene0334_01/00154.jpg",
      "transform_matrix": [
        [
          -0.834251,
          0.337476,
          -0.436044,
          4.191632
        ],
        [
          0.546052,
          0.395961,
          -0.738269,
          9.723811
        ],
        [
          -0.076492,
          -0.854005,
          -0.514611,
          1.481141
        ],
        [
          0.0,
          0.0,
          0.0,
          1.0
        ]
      ]
    },
    {
      "file_path": "/media/NFS/ttao/scannet/posed_images/scene0334_01/00160.jpg",
      "transform_matrix": [
        [
          -0.781869,
          0.381837,
          -0.492831,
          4.177121
        ],
        [
          0.618452,
          0.375198,
          -0.690467,
          9.660872
        ],
        [
          -0.078737,
          -0.844646,
          -0.529503,
          1.478568
        ],
        [
          0.0,
          0.0,
          0.0,
          1.0
        ]
      ]
    },
    {
      "file_path": "/media/NFS/ttao/scannet/posed_images/scene0334_01/00162.jpg",
      "transform_matrix": [
        [
          -0.75379,
          0.405252,
          -0.517273,
          4.185441
        ],
        [
          0.651633,
          0.359518,
          -0.667924,
          9.64466
        ],
        [
          -0.084709,
          -0.840546,
          -0.535076,
          1.475158
        ],
        [
          0.0,
          0.0,
          0.0,
          1.0
        ]
      ]
    },
    {
      "file_path": "/media/NFS/ttao/scannet/posed_images/scene0334_01/00167.jpg",
      "transform_matrix": [
        [
          -0.661586,
          0.47184,
          -0.582813,
          4.226177
        ],
        [
          0.743686,
          0.313254,
          -0.590595,
          9.582726
        ],
        [
          -0.096098,
          -0.824159,
          -0.558146,
          1.47424
        ],
        [
          0.0,
          0.0,
          0.0,
          1.0
        ]
      ]
    },
    {
      "file_path": "/media/NFS/ttao/scannet/posed_images/scene0334_01/00171.jpg",
      "transform_matrix": [
        [
          -0.582328,
          0.518229,
          -0.626364,
          4.273002
        ],
        [
          0.807263,
          0.277609,
          -0.520827,
          9.514307
        ],
        [
          -0.096023,
          -0.808933,
          -0.580006,
          1.472368
        ],
        [
          0.0,
          0.0,
          0.0,
          1.0
        ]
      ]
    },
    {
      "file_path": "/media/NFS/ttao/scannet/posed_images/scene0334_01/00174.jpg",
      "transform_matrix": [
        [
          -0.548563,
          0.534177,
          -0.643221,
          4.292583
        ],
        [
          0.831301,
          0.266068,
          -0.488003,
          9.466065
        ],
        [
          -0.089539,
          -0.80241,
          -0.590017,
          1.480195
        ],
        [
          0.0,
          0.0,
          0.0,
          1.0
        ]
      ]
    },
    {
      "file_path": "/media/NFS/ttao/scannet/posed_images/scene0334_01/00175.jpg",
      "transform_matrix": [
        [
          -0.543134,
          0.533275,
          -0.648554,
          4.296379
        ],
        [
          0.835055,
          0.262412,
          -0.483552,
          9.447557
        ],
        [
          -0.087678,
          -0.804212,
          -0.587839,
          1.484169
        ],
        [
          0.0,
          0.0,
          0.0,
          1.0
        ]
      ]
    },
    {
      "file_path": "/media/NFS/ttao/scannet/posed_images/scene0334_01/00179.jpg",
      "transform_matrix": [
        [
          -0.54562,
          0.497436,
          -0.674431,
          4.329605
        ],
        [
          0.835131,
          0.255832,
          -0.486936,
          9.371311
        ],
        [
          -0.069678,
          -0.82892,
          -0.555011,
          1.489493
        ],
        [
          0.0,
          0.0,
          0.0,
          1.0
        ]
      ]
    },
    {
      "file_path": "/media/NFS/ttao/scannet/posed_images/scene0334_01/00182.jpg",
      "transform_matrix": [
        [
          -0.565789,
          0.46885,
          -0.678279,
          4.363932
        ],
        [
          0.822355,
          0.260875,
          -0.505645,
          9.303273
        ],
        [
          -0.060125,
          -0.843874,
          -0.533162,
          1.482199
        ],
        [
          0.0,
          0.0,
          0.0,
          1.0
        ]
      ]
    },
    {
      "file_path": "/media/NFS/ttao/scannet/posed_images/scene0334_01/00188.jpg",
      "transform_matrix": [
        [
          -0.619094,
          0.440285,
          -0.650286,
          4.398128
        ],
        [
          0.781194,
          0.260529,
          -0.567327,
          9.13585
        ],
        [
          -0.080367,
          -0.859228,
          -0.50524,
          1.477252
        ],
        [
          0.0,
          0.0,
          0.0,
          1.0
        ]
      ]
    },
    {
      "file_path": "/media/NFS/ttao/scannet/posed_images/scene0334_01/00189.jpg",
      "transform_matrix": [
        [
          -0.623763,
          0.436194,
          -0.648579,
          4.406024
        ],
        [
          0.777813,
          0.264679,
          -0.570046,
          9.103333
        ],
        [
          -0.076986,
          -0.860047,
          -0.504374,
          1.475357
        ],
        [
          0.0,
          0.0,
          0.0,
          1.0
        ]
      ]
    },
    {
      "file_path": "/media/NFS/ttao/scannet/posed_images/scene0334_01/00195.jpg",
      "transform_matrix": [
        [
          -0.65614,
          0.431658,
          -0.618992,
          4.450689
        ],
        [
          0.750557,
          0.288091,
          -0.5947,
          8.926994
        ],
        [
          -0.078381,
          -0.854795,
          -0.513012,
          1.48418
        ],
        [
          0.0,
          0.0,
          0.0,
          1.0
        ]
      ]
    },
    {
      "file_path": "/media/NFS/ttao/scannet/posed_images/scene0334_01/00197.jpg",
      "transform_matrix": [
        [
          -0.667663,
          0.423584,
          -0.612212,
          4.475912
        ],
        [
          0.741477,
          0.304775,
          -0.597766,
          8.870799
        ],
        [
          -0.066617,
          -0.853047,
          -0.517564,
          1.483161
        ],
        [
          0.0,
          0.0,
          0.0,
          1.0
        ]
      ]
    },
    {
      "file_path": "/media/NFS/ttao/scannet/posed_images/scene0334_01/00200.jpg",
      "transform_matrix": [
        [
          -0.683682,
          0.408544,
          -0.604706,
          4.51306
        ],
        [
          0.727089,
          0.310235,
          -0.612451,
          8.786061
        ],
        [
          -0.062612,
          -0.858397,
          -0.50915,
          1.486365
        ],
        [
          0.0,
          0.0,
          0.0,
          1.0
        ]
      ]
    },
    {
      "file_path": "/media/NFS/ttao/scannet/posed_images/scene0334_01/00203.jpg",
      "transform_matrix": [
        [
          -0.697345,
          0.396518,
          -0.597062,
          4.551837
        ],
        [
          0.71461,
          0.320524,
          -0.62177,
          8.710844
        ],
        [
          -0.05517,
          -0.860254,
          -0.506872,
          1.480778
        ],
        [
          0.0,
          0.0,
          0.0,
          1.0
        ]
      ]
    },
    {
      "file_path": "/media/NFS/ttao/scannet/posed_images/scene0334_01/00207.jpg",
      "transform_matrix": [
        [
          -0.708214,
          0.391046,
          -0.587806,
          4.591519
        ],
        [
          0.703366,
          0.318993,
          -0.635232,
          8.616519
        ],
        [
          -0.060899,
          -0.863323,
          -0.500964,
          1.487843
        ],
        [
          0.0,
          0.0,
          0.0,
          1.0
        ]
      ]
    },
    {
      "file_path": "/media/NFS/ttao/scannet/posed_images/scene0334_01/00212.jpg",
      "transform_matrix": [
        [
          -0.719114,
          0.375341,
          -0.584802,
          4.656851
        ],
        [
          0.692814,
          0.322242,
          -0.645111,
          8.4668
        ],
        [
          -0.053689,
          -0.869068,
          -0.491771,
          1.506043
        ],
        [
          0.0,
          0.0,
          0.0,
          1.0
        ]
      ]
    },
    {
      "file_path": "/media/NFS/ttao/scannet/posed_images/scene0334_01/00214.jpg",
      "transform_matrix": [
        [
          -0.723303,
          0.370561,
          -0.582681,
          4.669859
        ],
        [
          0.688713,
          0.325932,
          -0.647644,
          8.426929
        ],
        [
          -0.050077,
          -0.869743,
          -0.490958,
          1.503627
        ],
        [
          0.0,
          0.0,
          0.0,
          1.0
        ]
      ]
    },
    {
      "file_path": "/media/NFS/ttao/scannet/posed_images/scene0334_01/00217.jpg",
      "transform_matrix": [
        [
          -0.734542,
          0.368403,
          -0.569848,
          4.674509
        ],
        [
          0.676636,
          0.33442,
          -0.655993,
          8.355295
        ],
        [
          -0.051101,
          -0.867434,
          -0.494921,
          1.498141
        ],
        [
          0.0,
          0.0,
          0.0,
          1.0
        ]
      ]
    },
    {
      "file_path": "/media/NFS/ttao/scannet/posed_images/scene0334_01/00222.jpg",
      "transform_matrix": [
        [
          -0.751464,
          0.353009,
          -0.557393,
          4.690127
        ],
        [
          0.657866,
          0.336699,
          -0.673681,
          8.20963
        ],
        [
          -0.050142,
          -0.872937,
          -0.48525,
          1.483236
        ],
        [
          0.0,
          0.0,
          0.0,
          1.0
        ]
      ]
    },
    {
      "file_path": "/media/NFS/ttao/scannet/posed_images/scene0334_01/00227.jpg",
      "transform_matrix": [
        [
          -0.779487,
          0.343518,
          -0.523828,
          4.663757
        ],
        [
          0.62247,
          0.331019,
          -0.709195,
          8.091953
        ],
        [
          -0.070224,
          -0.878875,
          -0.471855,
          1.478908
        ],
        [
          0.0,
          0.0,
          0.0,
          1.0
        ]
      ]
    },
    {
      "file_path": "/media/NFS/ttao/scannet/posed_images/scene0334_01/00230.jpg",
      "transform_matrix": [
        [
          -0.784336,
          0.328506,
          -0.526214,
          4.6702
        ],
        [
          0.616835,
          0.323004,
          -0.717763,
          8.013018
        ],
        [
          -0.065821,
          -0.887554,
          -0.455977,
          1.474692
        ],
        [
          0.0,
          0.0,
          0.0,
          1.0
        ]
      ]
    },
    {
      "file_path": "/media/NFS/ttao/scannet/posed_images/scene0334_01/00234.jpg",
      "transform_matrix": [
        [
          -0.794497,
          0.319618,
          -0.516352,
          4.652045
        ],
        [
          0.604292,
          0.33203,
          -0.724284,
          7.934215
        ],
        [
          -0.06005,
          -0.887469,
          -0.456939,
          1.476873
        ],
        [
          0.0,
          0.0,
          0.0,
          1.0
        ]
      ]
    },
    {
      "file_path": "/media/NFS/ttao/scannet/posed_images/scene0334_01/00237.jpg",
      "transform_matrix": [
        [
          -0.791611,
          0.312275,
          -0.525201,
          4.642049
        ],
        [
          0.608929,
          0.332049,
          -0.720381,
          7.878195
        ],
        [
          -0.050565,
          -0.890072,
          -0.453007,
          1.467162
        ],
        [
          0.0,
          0.0,
          0.0,
          1.0
        ]
      ]
    },
    {
      "file_path": "/media/NFS/ttao/scannet/posed_images/scene0334_01/00238.jpg",
      "transform_matrix": [
        [
          -0.791597,
          0.312049,
          -0.525357,
          4.638935
        ],
        [
          0.60922,
          0.336675,
          -0.717984,
          7.858852
        ],
        [
          -0.047172,
          -0.888412,
          -0.456617,
          1.463592
        ],
        [
          0.0,
          0.0,
          0.0,
          1.0
        ]
      ]
    },
    {
      "file_path": "/media/NFS/ttao/scannet/posed_images/scene0334_01/00241.jpg",
      "transform_matrix": [
        [
          -0.79283,
          0.311168,
          -0.524018,
          4.624119
        ],
        [
          0.608042,
          0.34561,
          -0.71473,
          7.781566
        ],
        [
          -0.041296,
          -0.885285,
          -0.463213,
          1.457094
        ],
        [
          0.0,
          0.0,
          0.0,
          1.0
        ]
      ]
    },
    {
      "file_path": "/media/NFS/ttao/scannet/posed_images/scene0334_01/00247.jpg",
      "transform_matrix": [
        [
          -0.821599,
          0.274014,
          -0.499891,
          4.622915
        ],
        [
          0.569325,
          0.34972,
          -0.74402,
          7.64219
        ],
        [
          -0.029049,
          -0.895887,
          -0.443332,
          1.45044
        ],
        [
          0.0,
          0.0,
          0.0,
          1.0
        ]
      ]
    },
    {
      "file_path": "/media/NFS/ttao/scannet/posed_images/scene0334_01/00249.jpg",
      "transform_matrix": [
        [
          -0.833859,
          0.271296,
          -0.480706,
          4.623755
        ],
        [
          0.551074,
          0.359345,
          -0.75312,
          7.58624
        ],
        [
          -0.031579,
          -0.8929,
          -0.449147,
          1.456852
        ],
        [
          0.0,
          0.0,
          0.0,
          1.0
        ]
      ]
    },
    {
      "file_path": "/media/NFS/ttao/scannet/posed_images/scene0334_01/00254.jpg",
      "transform_matrix": [
        [
          -0.856766,
          0.259673,
          -0.445558,
          4.615094
        ],
        [
          0.513912,
          0.357917,
          -0.779609,
          7.477999
        ],
        [
          -0.04297,
          -0.89692,
          -0.4401,
          1.476114
        ],
        [
          0.0,
          0.0,
          0.0,
          1.0
        ]
      ]
    },
    {
      "file_path": "/media/NFS/ttao/scannet/posed_images/scene0334_01/00258.jpg",
      "transform_matrix": [
        [
          -0.878034,
          0.240556,
          -0.413749,
          4.599753
        ],
        [
          0.477325,
          0.377142,
          -0.793678,
          7.397681
        ],
        [
          -0.034882,
          -0.894369,
          -0.445967,
          1.463394
        ],
        [
          0.0,
          0.0,
          0.0,
          1.0
        ]
      ]
    },
    {
      "file_path": "/media/NFS/ttao/scannet/posed_images/scene0334_01/00259.jpg",
      "transform_matrix": [
        [
          -0.882236,
          0.236747,
          -0.406953,
          4.587932
        ],
        [
          0.469598,
          0.380574,
          -0.796644,
          7.381559
        ],
        [
          -0.033728,
          -0.893932,
          -0.446932,
          1.461689
        ],
        [
          0.0,
          0.0,
          0.0,
          1.0
        ]
      ]
    },
    {
      "file_path": "/media/NFS/ttao/scannet/posed_images/scene0334_01/00266.jpg",
      "transform_matrix": [
        [
          -0.907236,
          0.209971,
          -0.364466,
          4.537049
        ],
        [
          0.419428,
          0.386345,
          -0.821473,
          7.248487
        ],
        [
          -0.031676,
          -0.898137,
          -0.438574,
          1.449167
        ],
        [
          0.0,
          0.0,
          0.0,
          1.0
        ]
      ]
    },
    {
      "file_path": "/media/NFS/ttao/scannet/posed_images/scene0334_01/00268.jpg",
      "transform_matrix": [
        [
          -0.914966,
          0.206844,
          -0.346486,
          4.501704
        ],
        [
          0.401332,
          0.37693,
          -0.834779,
          7.2132
        ],
        [
          -0.042068,
          -0.902851,
          -0.427891,
          1.453657
        ],
        [
          0.0,
          0.0,
          0.0,
          1.0
        ]
      ]
    },
    {
      "file_path": "/media/NFS/ttao/scannet/posed_images/scene0334_01/00272.jpg",
      "transform_matrix": [
        [
          -0.923533,
          0.209097,
          -0.321505,
          4.421649
        ],
        [
          0.378909,
          0.367872,
          -0.849175,
          7.151289
        ],
        [
          -0.059287,
          -0.906062,
          -0.418971,
