{
  "frames": [
    {
      "file_path": "/media/NFS/ttao/scannet/posed_images/scene0288_00/00000.jpg",
      "transform_matrix": [
        [
          0.7689,
          0.275557,
          -0.576941,
          2.211177
        ],
        [
          0.639006,
          -0.361596,
          0.678911,
          3.495541
        ],
        [
          -0.021541,
          -0.890683,
          -0.454114,
          1.340947
        ],
        [
          0.0,
          0.0,
          0.0,
          1.0
        ]
      ]
    },
    {
      "file_path": "/media/NFS/ttao/scannet/posed_images/scene0288_00/00008.jpg",
      "transform_matrix": [
        [
          0.778284,
          0.271548,
          -0.566158,
          2.206169
        ],
        [
          0.627806,
          -0.3531,
          0.693672,
          3.489017
        ],
        [
          -0.011545,
          -0.895311,
          -0.445291,
          1.346421
        ],
        [
          0.0,
          0.0,
          0.0,
          1.0
        ]
      ]
    },
    {
      "file_path": "/media/NFS/ttao/scannet/posed_images/scene0288_00/00010.jpg",
      "transform_matrix": [
        [
          0.778691,
          0.267865,
          -0.567353,
          2.203918
        ],
        [
          0.62724,
          -0.3533,
          0.694082,
          3.4856
        ],
        [
          -0.014525,
          -0.896341,
          -0.443127,
          1.344312
        ],
        [
          0.0,
          0.0,
          0.0,
          1.0
        ]
      ]
    },
    {
      "file_path": "/media/NFS/ttao/scannet/posed_images/scene0288_00/00018.jpg",
      "transform_matrix": [
        [
          0.774576,
          0.294183,
          -0.5599,
          2.187007
        ],
        [
          0.631539,
          -0.408022,
          0.6593,
          3.474341
        ],
        [
          -0.034496,
          -0.864277,
          -0.501832,
          1.309662
        ],
        [
          0.0,
          0.0,
          0.0,
          1.0
        ]
      ]
    },
    {
      "file_path": "/media/NFS/ttao/scannet/posed_images/scene0288_00/00022.jpg",
      "transform_matrix": [
        [
          0.76108,
          0.324692,
          -0.561545,
          2.181521
        ],
        [
          0.647559,
          -0.430717,
          0.62861,
          3.463585
        ],
        [
          -0.037762,
          -0.842056,
          -0.538067,
          1.284069
        ],
        [
          0.0,
          0.0,
          0.0,
          1.0
        ]
      ]
    },
    {
      "file_path": "/media/NFS/ttao/scannet/posed_images/scene0288_00/00030.jpg",
      "transform_matrix": [
        [
          0.743472,
          0.389371,
          -0.543727,
          2.167044
        ],
        [
          0.668553,
          -0.453251,
          0.589576,
          3.439368
        ],
        [
          -0.016881,
          -0.801844,
          -0.597295,
          1.247002
        ],
        [
          0.0,
          0.0,
          0.0,
          1.0
        ]
      ]
    },
    {
      "file_path": "/media/NFS/ttao/scannet/posed_images/scene0288_00/00032.jpg",
      "transform_matrix": [
        [
          0.737221,
          0.391157,
          -0.550911,
          2.165443
        ],
        [
          0.675517,
          -0.443015,
          0.589419,
          3.437544
        ],
        [
          -0.013506,
          -0.806681,
          -0.590832,
          1.253832
        ],
        [
          0.0,
          0.0,
          0.0,
          1.0
        ]
      ]
    },
    {
      "file_path": "/media/NFS/ttao/scannet/posed_images/scene0288_00/00040.jpg",
      "transform_matrix": [
        [
          0.726441,
          0.318128,
          -0.609162,
          2.158569
        ],
        [
          0.686385,
          -0.379773,
          0.6202,
          3.430513
        ],
        [
          -0.03404,
          -0.868658,
          -0.494241,
          1.307249
        ],
        [
          0.0,
          0.0,
          0.0,
          1.0
        ]
      ]
    },
    {
      "file_path": "/media/NFS/ttao/scannet/posed_images/scene0288_00/00043.jpg",
      "transform_matrix": [
        [
          0.717532,
          0.298013,
          -0.629552,
          2.160906
        ],
        [
          0.69599,
          -0.342191,
          0.631271,
          3.436949
        ],
        [
          -0.0273,
          -0.891119,
          -0.452947,
          1.349317
        ],
        [
          0.0,
          0.0,
          0.0,
          1.0
        ]
      ]
    },
    {
      "file_path": "/media/NFS/ttao/scannet/posed_images/scene0288_00/00054.jpg",
      "transform_matrix": [
        [
          0.713959,
          0.205044,
          -0.669491,
          2.176015
        ],
        [
          0.698832,
          -0.268142,
          0.663125,
          3.422161
        ],
        [
          -0.043549,
          -0.941306,
          -0.334734,
          1.408561
        ],
        [
          0.0,
          0.0,
          0.0,
          1.0
        ]
      ]
    },
    {
      "file_path": "/media/NFS/ttao/scannet/posed_images/scene0288_00/00059.jpg",
      "transform_matrix": [
        [
          0.71164,
          0.156679,
          -0.68485,
          2.187544
        ],
        [
          0.700958,
          -0.22382,
          0.677173,
          3.417544
        ],
        [
          -0.047185,
          -0.961954,
          -0.269105,
          1.446713
        ],
        [
          0.0,
          0.0,
          0.0,
          1.0
        ]
      ]
    },
    {
      "file_path": "/media/NFS/ttao/scannet/posed_images/scene0288_00/00060.jpg",
      "transform_matrix": [
        [
          0.710893,
          0.152278,
          -0.686617,
          2.186149
        ],
        [
          0.701791,
          -0.217528,
          0.67836,
          3.41885
        ],
        [
          -0.046059,
          -0.964102,
          -0.261506,
          1.457578
        ],
        [
          0.0,
          0.0,
          0.0,
          1.0
        ]
      ]
    },
    {
      "file_path": "/media/NFS/ttao/scannet/posed_images/scene0288_00/00065.jpg",
      "transform_matrix": [
        [
          0.697414,
          0.127965,
          -0.705151,
          2.183222
        ],
        [
          0.715481,
          -0.180933,
          0.674796,
          3.403457
        ],
        [
          -0.041235,
          -0.975135,
          -0.217742,
          1.492013
        ],
        [
          0.0,
          0.0,
          0.0,
          1.0
        ]
      ]
    },
    {
      "file_path": "/media/NFS/ttao/scannet/posed_images/scene0288_00/00074.jpg",
      "transform_matrix": [
        [
          0.648415,
          0.075461,
          -0.757537,
          2.203985
        ],
        [
          0.759952,
          -0.123054,
          0.638224,
          3.376241
        ],
        [
          -0.045057,
          -0.989527,
          -0.137137,
          1.53476
        ],
        [
          0.0,
          0.0,
          0.0,
          1.0
        ]
      ]
    },
    {
      "file_path": "/media/NFS/ttao/scannet/posed_images/scene0288_00/00079.jpg",
      "transform_matrix": [
        [
          0.617033,
          0.052017,
          -0.785216,
          2.226982
        ],
        [
          0.785027,
          -0.110164,
          0.609587,
          3.365676
        ],
        [
          -0.054794,
          -0.992551,
          -0.10881,
          1.551452
        ],
        [
          0.0,
          0.0,
          0.0,
          1.0
        ]
      ]
    },
    {
      "file_path": "/media/NFS/ttao/scannet/posed_images/scene0288_00/00082.jpg",
      "transform_matrix": [
        [
          0.605494,
          0.04717,
          -0.794451,
          2.25053
        ],
        [
          0.794483,
          -0.09431,
          0.599919,
          3.368112
        ],
        [
          -0.046626,
          -0.994425,
          -0.094579,
          1.558902
        ],
        [
          0.0,
          0.0,
          0.0,
          1.0
        ]
      ]
    },
    {
      "file_path": "/media/NFS/ttao/scannet/posed_images/scene0288_00/00089.jpg",
      "transform_matrix": [
        [
          0.563813,
          0.006202,
          -0.825879,
          2.314474
        ],
        [
          0.824603,
          -0.060309,
          0.562488,
          3.3614
        ],
        [
          -0.046319,
          -0.99816,
          -0.039117,
          1.618061
        ],
        [
          0.0,
          0.0,
          0.0,
          1.0
        ]
      ]
    },
    {
      "file_path": "/media/NFS/ttao/scannet/posed_images/scene0288_00/00097.jpg",
      "transform_matrix": [
        [
          0.583441,
          -0.06305,
          -0.809704,
          2.395252
        ],
        [
          0.811374,
          0.001524,
          0.584525,
          3.379063
        ],
        [
          -0.03562,
          -0.998009,
          0.052046,
          1.641458
        ],
        [
          0.0,
          0.0,
          0.0,
          1.0
        ]
      ]
    },
    {
      "file_path": "/media/NFS/ttao/scannet/posed_images/scene0288_00/00104.jpg",
      "transform_matrix": [
        [
          0.713643,
          -0.047402,
          -0.698904,
          2.44877
        ],
        [
          0.699919,
          0.007287,
          0.714185,
          3.432135
        ],
        [
          -0.028761,
          -0.998849,
          0.038378,
          1.656961
        ],
        [
          0.0,
          0.0,
          0.0,
          1.0
        ]
      ]
    },
    {
      "file_path": "/media/NFS/ttao/scannet/posed_images/scene0288_00/00109.jpg",
      "transform_matrix": [
        [
          0.787622,
          -0.021341,
          -0.615789,
          2.483561
        ],
        [
          0.616138,
          0.019186,
          0.787404,
          3.459006
        ],
        [
          -0.004989,
          -0.999588,
          0.02826,
          1.639156
        ],
        [
          0.0,
          0.0,
          0.0,
          1.0
        ]
      ]
    },
    {
      "file_path": "/media/NFS/ttao/scannet/posed_images/scene0288_00/00112.jpg",
      "transform_matrix": [
        [
          0.852233,
          -0.027604,
          -0.522433,
          2.439629
        ],
        [
          0.522919,
          0.014517,
          0.852259,
          3.413746
        ],
        [
          -0.015942,
          -0.999513,
          0.026806,
          1.619003
        ],
        [
          0.0,
          0.0,
          0.0,
          1.0
        ]
      ]
    },
    {
      "file_path": "/media/NFS/ttao/scannet/posed_images/scene0288_00/00120.jpg",
      "transform_matrix": [
        [
          0.910113,
          0.013955,
          -0.414125,
          2.383878
        ],
        [
          0.41374,
          -0.085268,
          0.906393,
          3.363655
        ],
        [
          -0.022663,
          -0.99626,
          -0.083377,
          1.537657
        ],
        [
          0.0,
          0.0,
          0.0,
          1.0
        ]
      ]
    },
    {
      "file_path": "/media/NFS/ttao/scannet/posed_images/scene0288_00/00122.jpg",
      "transform_matrix": [
        [
          0.916366,
          0.030488,
          -0.399178,
          2.359569
        ],
        [
          0.399896,
          -0.116706,
          0.9091,
          3.343622
        ],
        [
          -0.018869,
          -0.992698,
          -0.119137,
          1.499918
        ],
        [
          0.0,
          0.0,
          0.0,
          1.0
        ]
      ]
    },
    {
      "file_path": "/media/NFS/ttao/scannet/posed_images/scene0288_00/00127.jpg",
      "transform_matrix": [
        [
          0.935217,
          0.078333,
          -0.345301,
          2.313376
        ],
        [
          0.354039,
          -0.220748,
          0.908805,
          3.32285
        ],
        [
          -0.005035,
          -0.97218,
          -0.23418,
          1.436535
        ],
        [
          0.0,
          0.0,
          0.0,
          1.0
        ]
      ]
    },
    {
      "file_path": "/media/NFS/ttao/scannet/posed_images/scene0288_00/00132.jpg",
      "transform_matrix": [
        [
          0.944915,
          0.111649,
          -0.307686,
          2.273415
        ],
        [
          0.327223,
          -0.299653,
          0.896177,
          3.311332
        ],
        [
          0.007858,
          -0.947493,
          -0.319681,
          1.408736
        ],
        [
          0.0,
          0.0,
          0.0,
          1.0
        ]
      ]
    },
    {
      "file_path": "/media/NFS/ttao/scannet/posed_images/scene0288_00/00140.jpg",
      "transform_matrix": [
        [
          0.965977,
          0.086956,
          -0.243569,
          2.205952
        ],
        [
          0.25826,
          -0.374415,
          0.89057,
          3.318858
        ],
        [
          -0.013756,
          -0.923175,
          -0.384134,
          1.367148
        ],
        [
          0.0,
          0.0,
          0.0,
          1.0
        ]
      ]
    },
    {
      "file_path": "/media/NFS/ttao/scannet/posed_images/scene0288_00/00147.jpg",
      "transform_matrix": [
        [
          0.974406,
          0.017723,
          -0.224093,
          2.134658
        ],
        [
          0.207073,
          -0.458717,
          0.864118,
          3.325432
        ],
        [
          -0.08748,
          -0.888406,
          -0.450647,
          1.306683
        ],
        [
          0.0,
          0.0,
          0.0,
          1.0
        ]
      ]
    },
    {
      "file_path": "/media/NFS/ttao/scannet/posed_images/scene0288_00/00154.jpg",
      "transform_matrix": [
        [
          0.989,
          -0.020516,
          -0.146485,
          2.088584
        ],
        [
          0.114585,
          -0.519984,
          0.846455,
          3.346388
        ],
        [
          -0.093536,
          -0.853929,
          -0.511914,
          1.299517
        ],
        [
          0.0,
          0.0,
          0.0,
          1.0
        ]
      ]
    },
    {
      "file_path": "/media/NFS/ttao/scannet/posed_images/scene0288_00/00159.jpg",
      "transform_matrix": [
        [
          0.992313,
          -0.036125,
          -0.11836,
          2.044693
        ],
        [
          0.082065,
          -0.523783,
          0.84789,
          3.341829
        ],
        [
          -0.092624,
          -0.851085,
          -0.516792,
          1.300159
        ],
        [
          0.0,
          0.0,
          0.0,
          1.0
        ]
      ]
    },
    {
      "file_path": "/media/NFS/ttao/scannet/posed_images/scene0288_00/00164.jpg",
      "transform_matrix": [
        [
          0.997849,
          -0.051719,
          -0.040279,
          1.985434
        ],
        [
          0.006609,
          -0.531946,
          0.846752,
          3.315853
        ],
        [
          -0.06522,
          -0.845197,
          -0.53046,
          1.298962
        ],
        [
          0.0,
          0.0,
          0.0,
          1.0
        ]
      ]
    },
    {
      "file_path": "/media/NFS/ttao/scannet/posed_images/scene0288_00/00166.jpg",
      "transform_matrix": [
        [
          0.997781,
          -0.065649,
          -0.011087,
          1.965877
        ],
        [
          -0.025191,
          -0.526396,
          0.849866,
          3.301604
        ],
        [
          -0.061629,
          -0.847701,
          -0.526882,
          1.301125
        ],
        [
          0.0,
          0.0,
          0.0,
          1.0
        ]
      ]
    },
    {
      "file_path": "/media/NFS/ttao/scannet/posed_images/scene0288_00/00172.jpg",
      "transform_matrix": [
        [
          0.985774,
          -0.122883,
          0.114668,
          1.895659
        ],
        [
          -0.16231,
          -0.518861,
          0.839308,
          3.262247
        ],
        [
          -0.04364,
          -0.84598,
          -0.531425,
          1.331175
        ],
        [
          0.0,
          0.0,
          0.0,
          1.0
        ]
      ]
    },
    {
      "file_path": "/media/NFS/ttao/scannet/posed_images/scene0288_00/00177.jpg",
      "transform_matrix": [
        [
          0.975773,
          -0.128546,
          0.177041,
          1.879852
        ],
        [
          -0.217317,
          -0.475811,
          0.852277,
          3.24269
        ],
        [
          -0.025319,
          -0.870103,
          -0.492219,
          1.359895
        ],
        [
          0.0,
          0.0,
          0.0,
          1.0
        ]
      ]
    },
    {
      "file_path": "/media/NFS/ttao/scannet/posed_images/scene0288_00/00187.jpg",
      "transform_matrix": [
        [
          0.964181,
          -0.116253,
          0.238412,
          1.880037
        ],
        [
          -0.264456,
          -0.352037,
          0.897849,
          3.193351
        ],
        [
          -0.020448,
          -0.928739,
          -0.370171,
          1.423066
        ],
        [
          0.0,
          0.0,
          0.0,
          1.0
        ]
      ]
    },
    {
      "file_path": "/media/NFS/ttao/scannet/posed_images/scene0288_00/00191.jpg",
      "transform_matrix": [
        [
          0.966513,
          -0.118147,
          0.2278,
          1.891156
        ],
        [
          -0.253434,
          -0.300118,
          0.91962,
          3.164515
        ],
        [
          -0.040283,
          -0.946557,
          -0.320011,
          1.444535
        ],
        [
          0.0,
          0.0,
          0.0,
          1.0
        ]
      ]
    },
    {
      "file_path": "/media/NFS/ttao/scannet/posed_images/scene0288_00/00194.jpg",
      "transform_matrix": [
        [
          0.967805,
          -0.114869,
          0.22396,
          1.895848
        ],
        [
          -0.247235,
          -0.266983,
          0.931448,
          3.151913
        ],
        [
          -0.047201,
          -0.956831,
          -0.286787,
          1.470664
        ],
        [
          0.0,
          0.0,
          0.0,
          1.0
        ]
      ]
    },
    {
      "file_path": "/media/NFS/ttao/scannet/posed_images/scene0288_00/00202.jpg",
      "transform_matrix": [
        [
          0.967106,
          -0.075934,
          0.242776,
          1.881664
        ],
        [
          -0.251309,
          -0.137508,
          0.958089,
          3.137255
        ],
        [
          -0.039368,
          -0.987586,
          -0.152067,
          1.555853
        ],
        [
          0.0,
          0.0,
          0.0,
          1.0
        ]
      ]
    },
    {
      "file_path": "/media/NFS/ttao/scannet/posed_images/scene0288_00/00206.jpg",
      "transform_matrix": [
        [
          0.968541,
          -0.064785,
          0.240274,
          1.863146
        ],
        [
          -0.245278,
          -0.085426,
          0.965681,
          3.142259
        ],
        [
          -0.042036,
          -0.994236,
          -0.098629,
          1.58794
        ],
        [
          0.0,
          0.0,
          0.0,
          1.0
        ]
      ]
    },
    {
      "file_path": "/media/NFS/ttao/scannet/posed_images/scene0288_00/00211.jpg",
      "transform_matrix": [
        [
          0.956258,
          -0.084226,
          0.280138,
          1.848468
        ],
        [
          -0.284316,
          -0.042315,
          0.957796,
          3.155127
        ],
        [
          -0.068818,
          -0.995548,
          -0.06441,
          1.610146
        ],
        [
          0.0,
          0.0,
          0.0,
          1.0
        ]
      ]
    },
    {
      "file_path": "/media/NFS/ttao/scannet/posed_images/scene0288_00/00216.jpg",
      "transform_matrix": [
        [
          0.928757,
          -0.083014,
          0.361274,
          1.858366
        ],
        [
          -0.362536,
          -0.000149,
          0.93197,
          3.165696
        ],
        [
          -0.077313,
          -0.996548,
          -0.030234,
          1.62693
        ],
        [
          0.0,
          0.0,
          0.0,
          1.0
        ]
      ]
    },
    {
      "file_path": "/media/NFS/ttao/scannet/posed_images/scene0288_00/00226.jpg",
      "transform_matrix": [
        [
          0.860322,
          -0.111565,
          0.497393,
          1.921476
        ],
        [
          -0.500509,
          9.2e-05,
          0.865732,
          3.162285
        ],
        [
          -0.096631,
          -0.993757,
          -0.05576,
          1.61518
        ],
        [
          0.0,
          0.0,
          0.0,
          1.0
        ]
      ]
    },
    {
      "file_path": "/media/NFS/ttao/scannet/posed_images/scene0288_00/00229.jpg",
      "transform_matrix": [
        [
          0.853003,
          -0.120252,
          0.507864,
          1.94045
        ],
        [
          -0.513396,
          -0.018324,
          0.857956,
          3.152741
        ],
        [
          -0.093865,
          -0.992574,
          -0.077368,
          1.588844
        ],
        [
          0.0,
          0.0,
          0.0,
          1.0
        ]
      ]
    },
    {
      "file_path": "/media/NFS/ttao/scannet/posed_images/scene0288_00/00232.jpg",
      "transform_matrix": [
        [
          0.851768,
          -0.133325,
          0.506672,
          1.961385
        ],
        [
          -0.516115,
          -0.04722,
          0.855217,
          3.13451
        ],
        [
          -0.090097,
          -0.989947,
          -0.109031,
          1.522023
        ],
        [
          0.0,
          0.0,
          0.0,
          1.0
        ]
      ]
    },
    {
      "file_path": "/media/NFS/ttao/scannet/posed_images/scene0288_00/00241.jpg",
      "transform_matrix": [
        [
          0.866938,
          -0.221936,
          0.446276,
          2.026118
        ],
        [
          -0.491388,
          -0.230769,
          0.839811,
          3.095245
        ],
        [
          -0.083398,
          -0.94736,
          -0.309119,
          1.438296
        ],
        [
          0.0,
          0.0,
          0.0,
          1.0
        ]
      ]
    },
    {
      "file_path": "/media/NFS/ttao/scannet/posed_images/scene0288_00/00244.jpg",
      "transform_matrix": [
        [
          0.875349,
          -0.228421,
          0.426132,
          2.044227
        ],
        [
          -0.478673,
          -0.285293,
          0.83035,
          3.077453
        ],
        [
          -0.068097,
          -0.930823,
          -0.35907,
          1.396132
        ],
        [
          0.0,
          0.0,
          0.0,
          1.0
        ]
      ]
    },
    {
      "file_path": "/media/NFS/ttao/scannet/posed_images/scene0288_00/00254.jpg",
      "transform_matrix": [
        [
          0.895093,
          -0.260456,
          0.3619,
          2.051881
        ],
        [
          -0.44106,
          -0.398181,
          0.804312,
          3.05766
        ],
        [
          -0.065386,
          -0.879554,
          -0.471286,
          1.31585
        ],
        [
          0.0,
          0.0,
          0.0,
          1.0
        ]
      ]
    },
    {
      "file_path": "/media/NFS/ttao/scannet/posed_images/scene0288_00/00259.jpg",
      "transform_matrix": [
        [
          0.919976,
          -0.279865,
          0.274443,
          2.036493
        ],
        [
          -0.37535,
          -0.427258,
          0.822534,
          3.079929
        ],
        [
          -0.112941,
          -0.859724,
          -0.498115,
          1.295395
        ],
        [
          0.0,
          0.0,
          0.0,
          1.0
        ]
      ]
    },
    {
      "file_path": "/media/NFS/ttao/scannet/posed_images/scene0288_00/00261.jpg",
      "transform_matrix": [
        [
          0.931308,
          -0.262365,
          0.252647,
          2.015497
        ],
        [
          -0.348745,
          -0.442191,
          0.826344,
          3.099062
        ],
        [
          -0.105085,
          -0.85769,
          -0.503314,
          1.300614
        ],
        [
          0.0,
          0.0,
          0.0,
          1.0
        ]
      ]
    },
    {
      "file_path": "/media/NFS/ttao/scannet/posed_images/scene0288_00/00266.jpg",
      "transform_matrix": [
        [
          0.971906,
          -0.173279,
          0.15929,
          1.986313
        ],
        [
          -0.223525,
          -0.467526,
          0.855252,
          3.134086
        ],
        [
          -0.073725,
          -0.86683,
          -0.493123,
          1.296929
        ],
        [
          0.0,
          0.0,
          0.0,
          1.0
        ]
      ]
    },
    {
      "file_path": "/media/NFS/ttao/scannet/posed_images/scene0288_00/00276.jpg",
      "transform_matrix": [
        [
          0.995457,
          -0.031961,
          0.089685,
          2.056154
        ],
        [
          -0.092264,
          -0.556315,
          0.825834,
          3.171714
        ],
        [
          0.023498,
          -0.830357,
          -0.556736,
          1.249571
        ],
        [
          0.0,
          0.0,
          0.0,
          1.0
        ]
      ]
    },
    {
      "file_path": "/media/NFS/ttao/scannet/posed_images/scene0288_00/00279.jpg",
      "transform_matrix": [
        [
          0.994999,
          -0.041664,
          0.090783,
          2.102419
        ],
        [
          -0.098128,
          -0.577529,
          0.810451,
          3.177065
        ],
        [
          0.018663,
          -0.815306,
          -0.578729,
          1.25241
        ],
        [
          0.0,
          0.0,
          0.0,
          1.0
        ]
      ]
    },
    {
      "file_path": "/media/NFS/ttao/scannet/posed_images/scene0288_00/00283.jpg",
      "transform_matrix": [
        [
          0.990867,
          -0.098021,
          0.092602,
          2.180851
        ],
        [
          -0.132271,
          -0.572985,
          0.808822,
          3.184609
        ],
        [
          -0.026222,
          -0.813683,
          -0.580717,
          1.27236
        ],
        [
          0.0,
          0.0,
          0.0,
          1.0
        ]
      ]
    },
    {
      "file_path": "/media/NFS/ttao/scannet/posed_images/scene0288_00/00293.jpg",
      "transform_matrix": [
        [
          0.98258,
          -0.148061,
          0.112315,
          2.423445
        ],
        [
          -0.175353,
          -0.5385,
          0.824178,
          3.142933
        ],
        [
          -0.061547,
          -0.829515,
          -0.555082,
          1.288506
        ],
        [
          0.0,
          0.0,
          0.0,
          1.0
        ]
      ]
    },
    {
      "file_path": "/media/NFS/ttao/scannet/posed_images/scene0288_00/00294.jpg",
      "transform_matrix": [
        [
          0.982979,
          -0.147774,
          0.109156,
          2.447885
        ],
        [
          -0.172727,
          -0.540941,
          0.823133,
          3.136459
        ],
        [
          -0.06259,
          -0.827977,
          -0.557258,
          1.29189
        ],
        [
          0.0,
          0.0,
          0.0,
          1.0
        ]
      ]
    },
    {
      "file_path": "/media/NFS/ttao/scannet/posed_images/scene0288_00/00303.jpg",
      "transform_matrix": [
        [
          0.988874,
          -0.135378,
          0.061655,
          2.640481
        ],
        [
          -0.125357,
          -0.535226,
          0.835355,
          3.082364
        ],
        [
          -0.08009,
          -0.83379,
          -0.546242,
          1.315161
        ],
        [
          0.0,
          0.0,
          0.0,
          1.0
        ]
      ]
    },
    {
      "file_path": "/media/NFS/ttao/scannet/posed_images/scene0288_00/00306.jpg",
      "transform_matrix": [
        [
          0.987827,
          -0.145695,
          0.054502,
          2.70083
        ],
        [
          -0.12501,
          -0.535019,
          0.83554,
          3.078583
        ],
        [
          -0.092574,
          -0.832182,
          -0.54672,
          1.312181
        ],
        [
          0.0,
          0.0,
          0.0,
          1.0
        ]
      ]
    },
    {
      "file_path": "/media/NFS/ttao/scannet/posed_images/scene0288_00/00314.jpg",
      "transform_matrix": [
        [
          0.995658,
          -0.089349,
          0.026103,
          2.843758
        ],
        [
          -0.07003,
          -0.534264,
          0.842412,
          3.081198
        ],
        [
          -0.061323,
          -0.840582,
          -0.538201,
          1.277188
        ],
        [
          0.0,
          0.0,
          0.0,
          1.0
        ]
      ]
    },
    {
      "file_path": "/media/NFS/ttao/scannet/posed_images/scene0288_00/00321.jpg",
      "transform_matrix": [
        [
          0.999157,
          0.001065,
          -0.04103,
          2.971784
        ],
        [
          0.035508,
          -0.523795,
          0.851104,
          3.090721
        ],
        [
          -0.020585,
          -0.851844,
          -0.523391,
          1.30677
        ],
        [
          0.0,
          0.0,
          0.0,
          1.0
        ]
      ]
    },
    {
      "file_path": "/media/NFS/ttao/scannet/posed_images/scene0288_00/00323.jpg",
      "transform_matrix": [
        [
          0.998248,
          0.0096,
          -0.05839,
          3.00201
        ],
        [
          0.05476,
          -0.523825,
          0.850064,
          3.092299
        ],
        [
          -0.022426,
          -0.851772,
          -0.523432,
          1.319116
        ],
        [
          0.0,
          0.0,
          0.0,
          1.0
        ]
      ]
    },
    {
      "file_path": "/media/NFS/ttao/scannet/posed_images/scene0288_00/00329.jpg",
      "transform_matrix": [
        [
          0.991569,
          0.039021,
          -0.123562,
          3.098851
        ],
        [
          0.126406,
          -0.500946,
          0.856198,
          3.087785
        ],
        [
          -0.028488,
          -0.864599,
          -0.501655,
          1.339325
        ],
        [
          0.0,
          0.0,
          0.0,
          1.0
        ]
      ]
    },
    {
      "file_path": "/media/NFS/ttao/scannet/posed_images/scene0288_00/00333.jpg",
      "transform_matrix": [
        [
          0.986181,
          0.082666,
          -0.143572,
          3.158597
        ],
        [
          0.165654,
          -0.479895,
          0.861545,
          3.076058
        ],
        [
          0.002321,
          -0.873423,
          -0.486958,
          1.335388
        ],
        [
          0.0,
          0.0,
          0.0,
          1.0
        ]
      ]
    },
    {
      "file_path": "/media/NFS/ttao/scannet/posed_images/scene0288_00/00339.jpg",
      "transform_matrix": [
        [
          0.979789,
          0.105319,
          -0.170062,
          3.212007
        ],
        [
          0.19908,
          -0.430535,
          0.880345,
          3.078835
        ],
        [
          0.0195,
          -0.896408,
          -0.4428,
          1.368379
        ],
        [
          0.0,
          0.0,
          0.0,
          1.0
        ]
      ]
    },
    {
      "file_path": "/media/NFS/ttao/scannet/posed_images/scene0288_00/00346.jpg",
      "transform_matrix": [
        [
          0.975484,
          0.078912,
          -0.205436,
          3.254462
        ],
        [
          0.220015,
          -0.370735,
          0.902302,
          3.081829
        ],
        [
          -0.00496,
          -0.92538,
          -0.379008,
          1.411945
        ],
        [
          0.0,
          0.0,
          0.0,
          1.0
        ]
      ]
    },
    {
      "file_path": "/media/NFS/ttao/scannet/posed_images/scene0288_00/00354.jpg",
      "transform_matrix": [
        [
          0.979783,
          0.057411,
          -0.19165,
          3.297541
        ],
        [
          0.199963,
          -0.311518,
          0.928962,
          3.076629
        ],
        [
          -0.006369,
          -0.948504,
          -0.3167,
          1.431374
        ],
        [
          0.0,
          0.0,
          0.0,
          1.0
        ]
      ]
    },
    {
      "file_path": "/media/NFS/ttao/scannet/posed_images/scene0288_00/00356.jpg",
      "transform_matrix": [
        [
          0.979736,
          0.047828,
          -0.194498,
          3.303493
        ],
        [
          0.199849,
          -0.297992,
          0.933414,
          3.077802
        ],
        [
          -0.013315,
          -0.953369,
          -0.301512,
          1.445914
        ],
        [
          0.0,
          0.0,
          0.0,
          1.0
        ]
      ]
    },
    {
      "file_path": "/media/NFS/ttao/scannet/posed_images/scene0288_00/00364.jpg",
      "transform_matrix": [
        [
          0.983483,
          0.010635,
          -0.180688,
          3.326365
        ],
        [
          0.178121,
          -0.234244,
          0.955721,
          3.069679
        ],
        [
          -0.032161,
          -0.97212,
          -0.232269,
          1.472059
        ],
        [
          0.0,
          0.0,
          0.0,
          1.0
        ]
      ]
    },
    {
      "file_path": "/media/NFS/ttao/scannet/posed_images/scene0288_00/00370.jpg",
      "transform_matrix": [
        [
          0.991185,
          0.001715,
          -0.132475,
          3.321713
        ],
        [
          0.12999,
          -0.205741,
          0.969935,
          3.074338
        ],
        [
          -0.025592,
          -0.978605,
          -0.204151,
          1.488613
        ],
        [
          0.0,
          0.0,
          0.0,
          1.0
        ]
      ]
    },
    {
      "file_path": "/media/NFS/ttao/scannet/posed_images/scene0288_00/00376.jpg",
      "transform_matrix": [
        [
          0.996465,
          -0.017642,
          -0.082134,
          3.323785
        ],
        [
          0.077427,
          -0.186446,
          0.979409,
          3.085222
        ],
        [
          -0.032593,
          -0.982307,
          -0.184421,
          1.505543
        ],
        [
          0.0,
          0.0,
          0.0,
          1.0
        ]
      ]
    },
    {
      "file_path": "/media/NFS/ttao/scannet/posed_images/scene0288_00/00381.jpg",
      "transform_matrix": [
        [
          0.99954,
          -0.02539,
          -0.016604,
          3.320489
        ],
        [
          0.012202,
          -0.164615,
          0.986282,
          3.087606
        ],
        [
          -0.027775,
          -0.986031,
          -0.16423,
          1.535343
        ],
        [
          0.0,
          0.0,
          0.0,
          1.0
        ]
      ]
    },
    {
      "file_path": "/media/NFS/ttao/scannet/posed_images/scene0288_00/00383.jpg",
      "transform_matrix": [
        [
          0.99972,
          -0.023629,
          0.000879,
          3.323925
        ],
        [
          -0.004408,
          -0.149737,
          0.988716,
          3.086244
        ],
        [
          -0.023231,
          -0.988443,
          -0.149799,
          1.53394
        ],
        [
          0.0,
          0.0,
          0.0,
          1.0
        ]
      ]
    },
    {
      "file_path": "/media/NFS/ttao/scannet/posed_images/scene0288_00/00393.jpg",
      "transform_matrix": [
        [
          0.999265,
          -0.003027,
          0.038215,
          3.320062
        ],
        [
          -0.038303,
          -0.1197,
          0.992071,
          3.073799
        ],
        [
          0.001571,
          -0.992805,
          -0.119728,
          1.561209
        ],
        [
          0.0,
          0.0,
          0.0,
          1.0
        ]
      ]
    },
    {
      "file_path": "/media/NFS/ttao/scannet/posed_images/scene0288_00/00395.jpg",
      "transform_matrix": [
        [
          0.999107,
          0.002795,
          0.042158,
          3.315122
        ],
        [
          -0.041569,
          -0.113424,
          0.992677,
          3.070565
        ],
        [
          0.007556,
          -0.993543,
          -0.113207,
          1.566249
        ],
        [
          0.0,
          0.0,
          0.0,
          1.0
        ]
      ]
    },
    {
      "file_path": "/media/NFS/ttao/scannet/posed_images/scene0288_00/00400.jpg",
      "transform_matrix": [
        [
          0.996848,
          0.012946,
          0.078272,
          3.285082
        ],
        [
          -0.076733,
          -0.093297,
          0.992677,
          3.062107
        ],
        [
          0.020154,
          -0.995554,
          -0.09201,
          1.579792
        ],
        [
          0.0,
          0.0,
          0.0,
          1.0
        ]
      ]
    },
    {
      "file_path": "/media/NFS/ttao/scannet/posed_images/scene0288_00/00410.jpg",
      "transform_matrix": [
        [
          0.975939,
          -0.047379,
          0.212833,
          3.180197
        ],
        [
          -0.216605,
          -0.098721,
          0.971255,
          3.045408
        ],
        [
          -0.025006,
          -0.993987,
          -0.106608,
          1.555493
        ],
        [
          0.0,
          0.0,
          0.0,
          1.0
        ]
      ]
    },
    {
      "file_path": "/media/NFS/ttao/scannet/posed_images/scene0288_00/00415.jpg",
      "transform_matrix": [
        [
          0.965408,
          -0.082848,
          0.247232,
          3.130697
        ],
        [
          -0.256565,
          -0.132758,
          0.957366,
          3.040409
        ],
        [
          -0.046493,
          -0.98768,
          -0.149421,
          1.530396
        ],
        [
          0.0,
          0.0,
          0.0,
          1.0
        ]
      ]
    },
    {
      "file_path": "/media/NFS/ttao/scannet/posed_images/scene0288_00/00418.jpg",
      "transform_matrix": [
        [
          0.962835,
          -0.091343,
          0.254174,
          3.103173
        ],
        [
          -0.265661,
          -0.150584,
          0.952233,
          3.039684
        ],
        [
          -0.048705,
          -0.984368,
          -0.169254,
          1.512889
        ],
        [
          0.0,
          0.0,
          0.0,
          1.0
        ]
      ]
    },
    {
      "file_path": "/media/NFS/ttao/scannet/posed_images/scene0288_00/00425.jpg",
      "transform_matrix": [
        [
          0.955869,
          -0.115368,
          0.270192,
          3.033483
        ],
        [
          -0.290663,
          -0.237489,
          0.926884,
          3.053375
        ],
        [
          -0.042765,
          -0.964515,
          -0.260542,
          1.450748
        ],
        [
          0.0,
          0.0,
          0.0,
          1.0
        ]
      ]
    },
    {
      "file_path": "/media/NFS/ttao/scannet/posed_images/scene0288_00/00428.jpg",
      "transform_matrix": [
        [
          0.959067,
          -0.116525,
          0.258093,
          3.005404
        ],
        [
          -0.280925,
          -0.276745,
          0.918963,
          3.064599
        ],
        [
          -0.035656,
          -0.953852,
          -0.298152,
          1.425822
        ],
