{
  "frames": [
    {
      "file_path": "/media/NFS/ttao/scannet/posed_images/scene0388_00/00000.jpg",
      "transform_matrix": [
        [
          0.931265,
          -0.261283,
          0.253923,
          1.848715
        ],
        [
          -0.362649,
          -0.597609,
          0.715087,
          0.987796
        ],
        [
          -0.035093,
          -0.75802,
          -0.651286,
          1.387426
        ],
        [
          0.0,
          0.0,
          0.0,
          1.0
        ]
      ]
    },
    {
      "file_path": "/media/NFS/ttao/scannet/posed_images/scene0388_00/00004.jpg",
      "transform_matrix": [
        [
          0.922075,
          -0.269439,
          0.277813,
          1.84885
        ],
        [
          -0.385498,
          -0.576047,
          0.720806,
          0.985734
        ],
        [
          -0.03418,
          -0.771733,
          -0.635027,
          1.387445
        ],
        [
          0.0,
          0.0,
          0.0,
          1.0
        ]
      ]
    },
    {
      "file_path": "/media/NFS/ttao/scannet/posed_images/scene0388_00/00008.jpg",
      "transform_matrix": [
        [
          0.914602,
          -0.280468,
          0.291274,
          1.850786
        ],
        [
          -0.402638,
          -0.565384,
          0.719877,
          0.984202
        ],
        [
          -0.037221,
          -0.77568,
          -0.630028,
          1.38829
        ],
        [
          0.0,
          0.0,
          0.0,
          1.0
        ]
      ]
    },
    {
      "file_path": "/media/NFS/ttao/scannet/posed_images/scene0388_00/00011.jpg",
      "transform_matrix": [
        [
          0.902511,
          -0.301546,
          0.307481,
          1.85182
        ],
        [
          -0.428244,
          -0.552721,
          0.714917,
          0.993762
        ],
        [
          -0.045629,
          -0.776897,
          -0.627972,
          1.393654
        ],
        [
          0.0,
          0.0,
          0.0,
          1.0
        ]
      ]
    },
    {
      "file_path": "/media/NFS/ttao/scannet/posed_images/scene0388_00/00018.jpg",
      "transform_matrix": [
        [
          0.892756,
          -0.276928,
          0.355384,
          1.868059
        ],
        [
          -0.450195,
          -0.51744,
          0.727723,
          0.99298
        ],
        [
          -0.017637,
          -0.809671,
          -0.586619,
          1.400902
        ],
        [
          0.0,
          0.0,
          0.0,
          1.0
        ]
      ]
    },
    {
      "file_path": "/media/NFS/ttao/scannet/posed_images/scene0388_00/00021.jpg",
      "transform_matrix": [
        [
          0.891992,
          -0.272466,
          0.360711,
          1.889455
        ],
        [
          -0.451724,
          -0.506911,
          0.734157,
          0.985063
        ],
        [
          -0.017184,
          -0.817804,
          -0.57524,
          1.400518
        ],
        [
          0.0,
          0.0,
          0.0,
          1.0
        ]
      ]
    },
    {
      "file_path": "/media/NFS/ttao/scannet/posed_images/scene0388_00/00027.jpg",
      "transform_matrix": [
        [
          0.889185,
          -0.266248,
          0.372105,
          1.938295
        ],
        [
          -0.457339,
          -0.492605,
          0.740393,
          0.986215
        ],
        [
          -0.013828,
          -0.828524,
          -0.559782,
          1.405404
        ],
        [
          0.0,
          0.0,
          0.0,
          1.0
        ]
      ]
    },
    {
      "file_path": "/media/NFS/ttao/scannet/posed_images/scene0388_00/00029.jpg",
      "transform_matrix": [
        [
          0.890161,
          -0.257843,
          0.375673,
          1.953691
        ],
        [
          -0.455569,
          -0.488444,
          0.744231,
          0.990072
        ],
        [
          -0.008399,
          -0.83363,
          -0.552259,
          1.408766
        ],
        [
          0.0,
          0.0,
          0.0,
          1.0
        ]
      ]
    },
    {
      "file_path": "/media/NFS/ttao/scannet/posed_images/scene0388_00/00034.jpg",
      "transform_matrix": [
        [
          0.892228,
          -0.25277,
          0.374215,
          1.989373
        ],
        [
          -0.451361,
          -0.473066,
          0.756625,
          1.00549
        ],
        [
          -0.014224,
          -0.843988,
          -0.536173,
          1.407985
        ],
        [
          0.0,
          0.0,
          0.0,
          1.0
        ]
      ]
    },
    {
      "file_path": "/media/NFS/ttao/scannet/posed_images/scene0388_00/00035.jpg",
      "transform_matrix": [
        [
          0.892939,
          -0.254083,
          0.37162,
          1.996331
        ],
        [
          -0.449937,
          -0.476725,
          0.755176,
          1.012089
        ],
        [
          -0.014717,
          -0.841532,
          -0.540007,
          1.408755
        ],
        [
          0.0,
          0.0,
          0.0,
          1.0
        ]
      ]
    },
    {
      "file_path": "/media/NFS/ttao/scannet/posed_images/scene0388_00/00041.jpg",
      "transform_matrix": [
        [
          0.888726,
          -0.255187,
          0.38085,
          2.042979
        ],
        [
          -0.45734,
          -0.43602,
          0.775065,
          1.069768
        ],
        [
          -0.031729,
          -0.862998,
          -0.50421,
          1.421736
        ],
        [
          0.0,
          0.0,
          0.0,
          1.0
        ]
      ]
    },
    {
      "file_path": "/media/NFS/ttao/scannet/posed_images/scene0388_00/00046.jpg",
      "transform_matrix": [
        [
          0.879913,
          -0.238524,
          0.410925,
          2.078665
        ],
        [
          -0.474901,
          -0.414392,
          0.776369,
          1.132883
        ],
        [
          -0.014898,
          -0.878285,
          -0.477904,
          1.416976
        ],
        [
          0.0,
          0.0,
          0.0,
          1.0
        ]
      ]
    },
    {
      "file_path": "/media/NFS/ttao/scannet/posed_images/scene0388_00/00048.jpg",
      "transform_matrix": [
        [
          0.878734,
          -0.222437,
          0.422314,
          2.090321
        ],
        [
          -0.47729,
          -0.418151,
          0.77288,
          1.166357
        ],
        [
          0.004674,
          -0.880722,
          -0.473611,
          1.420375
        ],
        [
          0.0,
          0.0,
          0.0,
          1.0
        ]
      ]
    },
    {
      "file_path": "/media/NFS/ttao/scannet/posed_images/scene0388_00/00053.jpg",
      "transform_matrix": [
        [
          0.881425,
          -0.205372,
          0.425339,
          2.117333
        ],
        [
          -0.472261,
          -0.398034,
          0.786472,
          1.244586
        ],
        [
          0.007779,
          -0.894087,
          -0.447826,
          1.435833
        ],
        [
          0.0,
          0.0,
          0.0,
          1.0
        ]
      ]
    },
    {
      "file_path": "/media/NFS/ttao/scannet/posed_images/scene0388_00/00058.jpg",
      "transform_matrix": [
        [
          0.875208,
          -0.207981,
          0.436756,
          2.143835
        ],
        [
          -0.483745,
          -0.379472,
          0.788665,
          1.297689
        ],
        [
          0.001709,
          -0.901523,
          -0.432727,
          1.424754
        ],
        [
          0.0,
          0.0,
          0.0,
          1.0
        ]
      ]
    },
    {
      "file_path": "/media/NFS/ttao/scannet/posed_images/scene0388_00/00059.jpg",
      "transform_matrix": [
        [
          0.87748,
          -0.207313,
          0.432493,
          2.152939
        ],
        [
          -0.479595,
          -0.387099,
          0.787492,
          1.310825
        ],
        [
          0.00416,
          -0.89843,
          -0.439098,
          1.426496
        ],
        [
          0.0,
          0.0,
          0.0,
          1.0
        ]
      ]
    },
    {
      "file_path": "/media/NFS/ttao/scannet/posed_images/scene0388_00/00064.jpg",
      "transform_matrix": [
        [
          0.878288,
          -0.201146,
          0.433763,
          2.203151
        ],
        [
          -0.477774,
          -0.404319,
          0.779909,
          1.365377
        ],
        [
          0.018502,
          -0.892226,
          -0.451211,
          1.421978
        ],
        [
          0.0,
          0.0,
          0.0,
          1.0
        ]
      ]
    },
    {
      "file_path": "/media/NFS/ttao/scannet/posed_images/scene0388_00/00070.jpg",
      "transform_matrix": [
        [
          0.897746,
          -0.205502,
          0.389643,
          2.267518
        ],
        [
          -0.440359,
          -0.395176,
          0.806176,
          1.419694
        ],
        [
          -0.011694,
          -0.895324,
          -0.445262,
          1.411111
        ],
        [
          0.0,
          0.0,
          0.0,
          1.0
        ]
      ]
    },
    {
      "file_path": "/media/NFS/ttao/scannet/posed_images/scene0388_00/00074.jpg",
      "transform_matrix": [
        [
          0.913374,
          -0.206564,
          0.350826,
          2.336198
        ],
        [
          -0.405648,
          -0.388512,
          0.82735,
          1.459528
        ],
        [
          -0.034601,
          -0.897992,
          -0.438649,
          1.404085
        ],
        [
          0.0,
          0.0,
          0.0,
          1.0
        ]
      ]
    },
    {
      "file_path": "/media/NFS/ttao/scannet/posed_images/scene0388_00/00077.jpg",
      "transform_matrix": [
        [
          0.917277,
          -0.194803,
          0.347354,
          2.371106
        ],
        [
          -0.398092,
          -0.424012,
          0.813472,
          1.494967
        ],
        [
          -0.011185,
          -0.884458,
          -0.466485,
          1.410786
        ],
        [
          0.0,
          0.0,
          0.0,
          1.0
        ]
      ]
    },
    {
      "file_path": "/media/NFS/ttao/scannet/posed_images/scene0388_00/00081.jpg",
      "transform_matrix": [
        [
          0.928541,
          -0.17955,
          0.324921,
          2.415681
        ],
        [
          -0.370904,
          -0.412005,
          0.832276,
          1.522636
        ],
        [
          -0.015566,
          -0.893316,
          -0.449159,
          1.402212
        ],
        [
          0.0,
          0.0,
          0.0,
          1.0
        ]
      ]
    },
    {
      "file_path": "/media/NFS/ttao/scannet/posed_images/scene0388_00/00087.jpg",
      "transform_matrix": [
        [
          0.939322,
          -0.168048,
          0.299056,
          2.473303
        ],
        [
          -0.343003,
          -0.447774,
          0.825741,
          1.582372
        ],
        [
          -0.004855,
          -0.878213,
          -0.478245,
          1.399946
        ],
        [
          0.0,
          0.0,
          0.0,
          1.0
        ]
      ]
    },
    {
      "file_path": "/media/NFS/ttao/scannet/posed_images/scene0388_00/00088.jpg",
      "transform_matrix": [
        [
          0.939509,
          -0.166242,
          0.299478,
          2.477342
        ],
        [
          -0.342522,
          -0.452535,
          0.823341,
          1.590725
        ],
        [
          -0.00135,
          -0.876114,
          -0.482102,
          1.395278
        ],
        [
          0.0,
          0.0,
          0.0,
          1.0
        ]
      ]
    },
    {
      "file_path": "/media/NFS/ttao/scannet/posed_images/scene0388_00/00093.jpg",
      "transform_matrix": [
        [
          0.947004,
          -0.177059,
          0.268018,
          2.516046
        ],
        [
          -0.320775,
          -0.477257,
          0.818126,
          1.661586
        ],
        [
          -0.016943,
          -0.860741,
          -0.50876,
          1.3813
        ],
        [
          0.0,
          0.0,
          0.0,
          1.0
        ]
      ]
    },
    {
      "file_path": "/media/NFS/ttao/scannet/posed_images/scene0388_00/00099.jpg",
      "transform_matrix": [
        [
          0.955616,
          -0.162638,
          0.245658,
          2.574559
        ],
        [
          -0.293992,
          -0.472118,
          0.831068,
          1.76751
        ],
        [
          -0.019183,
          -0.866402,
          -0.498977,
          1.376435
        ],
        [
          0.0,
          0.0,
          0.0,
          1.0
        ]
      ]
    },
    {
      "file_path": "/media/NFS/ttao/scannet/posed_images/scene0388_00/00100.jpg",
      "transform_matrix": [
        [
          0.954694,
          -0.166209,
          0.246849,
          2.579473
        ],
        [
          -0.296931,
          -0.476843,
          0.827317,
          1.776417
        ],
        [
          -0.019799,
          -0.863131,
          -0.504591,
          1.373462
        ],
        [
          0.0,
          0.0,
          0.0,
          1.0
        ]
      ]
    },
    {
      "file_path": "/media/NFS/ttao/scannet/posed_images/scene0388_00/00106.jpg",
      "transform_matrix": [
        [
          0.951413,
          -0.160027,
          0.263067,
          2.621744
        ],
        [
          -0.307906,
          -0.487063,
          0.817291,
          1.88136
        ],
        [
          -0.002659,
          -0.858581,
          -0.512671,
          1.372841
        ],
        [
          0.0,
          0.0,
          0.0,
          1.0
        ]
      ]
    },
    {
      "file_path": "/media/NFS/ttao/scannet/posed_images/scene0388_00/00109.jpg",
      "transform_matrix": [
        [
          0.955916,
          -0.158836,
          0.246973,
          2.651523
        ],
        [
          -0.293605,
          -0.504042,
          0.812243,
          1.930607
        ],
        [
          -0.004528,
          -0.848948,
          -0.528457,
          1.376483
        ],
        [
          0.0,
          0.0,
          0.0,
          1.0
        ]
      ]
    },
    {
      "file_path": "/media/NFS/ttao/scannet/posed_images/scene0388_00/00115.jpg",
      "transform_matrix": [
        [
          0.955101,
          -0.147585,
          0.256907,
          2.712529
        ],
        [
          -0.295956,
          -0.515829,
          0.803947,
          2.018005
        ],
        [
          0.013869,
          -0.843883,
          -0.536347,
          1.37195
        ],
        [
          0.0,
          0.0,
          0.0,
          1.0
        ]
      ]
    },
    {
      "file_path": "/media/NFS/ttao/scannet/posed_images/scene0388_00/00116.jpg",
      "transform_matrix": [
        [
          0.95557,
          -0.146747,
          0.255639,
          2.721238
        ],
        [
          -0.294443,
          -0.515748,
          0.804554,
          2.034063
        ],
        [
          0.013779,
          -0.844079,
          -0.536042,
          1.369278
        ],
        [
          0.0,
          0.0,
          0.0,
          1.0
        ]
      ]
    },
    {
      "file_path": "/media/NFS/ttao/scannet/posed_images/scene0388_00/00122.jpg",
      "transform_matrix": [
        [
          0.970279,
          -0.135469,
          0.200516,
          2.801345
        ],
        [
          -0.241663,
          -0.49949,
          0.831931,
          2.127837
        ],
        [
          -0.012545,
          -0.855662,
          -0.517383,
          1.365511
        ],
        [
          0.0,
          0.0,
          0.0,
          1.0
        ]
      ]
    },
    {
      "file_path": "/media/NFS/ttao/scannet/posed_images/scene0388_00/00124.jpg",
      "transform_matrix": [
        [
          0.976598,
          -0.125709,
          0.174512,
          2.827545
        ],
        [
          -0.214592,
          -0.515227,
          0.829754,
          2.158976
        ],
        [
          -0.014394,
          -0.847785,
          -0.530145,
          1.371205
        ],
        [
          0.0,
          0.0,
          0.0,
          1.0
        ]
      ]
    },
    {
      "file_path": "/media/NFS/ttao/scannet/posed_images/scene0388_00/00129.jpg",
      "transform_matrix": [
        [
          0.98587,
          -0.084537,
          0.144614,
          2.88157
        ],
        [
          -0.167507,
          -0.50323,
          0.847762,
          2.232628
        ],
        [
          0.001107,
          -0.860008,
          -0.51028,
          1.378528
        ],
        [
          0.0,
          0.0,
          0.0,
          1.0
        ]
      ]
    },
    {
      "file_path": "/media/NFS/ttao/scannet/posed_images/scene0388_00/00132.jpg",
      "transform_matrix": [
        [
          0.987607,
          -0.075566,
          0.137558,
          2.910506
        ],
        [
          -0.156676,
          -0.526251,
          0.835771,
          2.280258
        ],
        [
          0.009234,
          -0.846965,
          -0.531569,
          1.384348
        ],
        [
          0.0,
          0.0,
          0.0,
          1.0
        ]
      ]
    },
    {
      "file_path": "/media/NFS/ttao/scannet/posed_images/scene0388_00/00137.jpg",
      "transform_matrix": [
        [
          0.989739,
          -0.070778,
          0.124125,
          2.960194
        ],
        [
          -0.142841,
          -0.511863,
          0.847108,
          2.360036
        ],
        [
          0.003578,
          -0.856146,
          -0.516721,
          1.373496
        ],
        [
          0.0,
          0.0,
          0.0,
          1.0
        ]
      ]
    },
    {
      "file_path": "/media/NFS/ttao/scannet/posed_images/scene0388_00/00143.jpg",
      "transform_matrix": [
        [
          0.98776,
          -0.087191,
          0.129334,
          3.007648
        ],
        [
          -0.155311,
          -0.473097,
          0.867212,
          2.479131
        ],
        [
          -0.014425,
          -0.876685,
          -0.480848,
          1.377494
        ],
        [
          0.0,
          0.0,
          0.0,
          1.0
        ]
      ]
    },
    {
      "file_path": "/media/NFS/ttao/scannet/posed_images/scene0388_00/00144.jpg",
      "transform_matrix": [
        [
          0.987927,
          -0.090236,
          0.125928,
          3.01962
        ],
        [
          -0.153678,
          -0.468072,
          0.870225,
          2.492886
        ],
        [
          -0.019582,
          -0.879071,
          -0.476288,
          1.372166
        ],
        [
          0.0,
          0.0,
          0.0,
          1.0
        ]
      ]
    },
    {
      "file_path": "/media/NFS/ttao/scannet/posed_images/scene0388_00/00149.jpg",
      "transform_matrix": [
        [
          0.985546,
          -0.08213,
          0.148166,
          3.069482
        ],
        [
          -0.1694,
          -0.485103,
          0.857892,
          2.595097
        ],
        [
          0.001417,
          -0.870592,
          -0.492004,
          1.373593
        ],
        [
          0.0,
          0.0,
          0.0,
          1.0
        ]
      ]
    },
    {
      "file_path": "/media/NFS/ttao/scannet/posed_images/scene0388_00/00155.jpg",
      "transform_matrix": [
        [
          0.99005,
          -0.084606,
          0.112439,
          3.146074
        ],
        [
          -0.140388,
          -0.539423,
          0.830249,
          2.716837
        ],
        [
          -0.009592,
          -0.837773,
          -0.545934,
          1.353627
        ],
        [
          0.0,
          0.0,
          0.0,
          1.0
        ]
      ]
    },
    {
      "file_path": "/media/NFS/ttao/scannet/posed_images/scene0388_00/00157.jpg",
      "transform_matrix": [
        [
          0.990709,
          -0.079442,
          0.110383,
          3.169146
        ],
        [
          -0.135884,
          -0.545071,
          0.827305,
          2.756598
        ],
        [
          -0.005556,
          -0.834617,
          -0.550802,
          1.349819
        ],
        [
          0.0,
          0.0,
          0.0,
          1.0
        ]
      ]
    },
    {
      "file_path": "/media/NFS/ttao/scannet/posed_images/scene0388_00/00163.jpg",
      "transform_matrix": [
        [
          0.998347,
          -0.054396,
          0.018552,
          3.266175
        ],
        [
          -0.043764,
          -0.510284,
          0.858892,
          2.909673
        ],
        [
          -0.037253,
          -0.858284,
          -0.511821,
          1.351221
        ],
        [
          0.0,
          0.0,
          0.0,
          1.0
        ]
      ]
    },
    {
      "file_path": "/media/NFS/ttao/scannet/posed_images/scene0388_00/00165.jpg",
      "transform_matrix": [
        [
          0.999902,
          -0.011853,
          0.007456,
          3.299052
        ],
        [
          -0.012498,
          -0.515233,
          0.856959,
          2.976027
        ],
        [
          -0.006316,
          -0.856968,
          -0.515331,
          1.361329
        ],
        [
          0.0,
          0.0,
          0.0,
          1.0
        ]
      ]
    },
    {
      "file_path": "/media/NFS/ttao/scannet/posed_images/scene0388_00/00172.jpg",
      "transform_matrix": [
        [
          0.996719,
          0.038383,
          -0.071264,
          3.401557
        ],
        [
          0.080717,
          -0.537152,
          0.839614,
          3.095714
        ],
        [
          -0.006053,
          -0.842611,
          -0.538488,
          1.35236
        ],
        [
          0.0,
          0.0,
          0.0,
          1.0
        ]
      ]
    },
    {
      "file_path": "/media/NFS/ttao/scannet/posed_images/scene0388_00/00173.jpg",
      "transform_matrix": [
        [
          0.996392,
          0.037193,
          -0.076293,
          3.402749
        ],
        [
          0.084283,
          -0.539648,
          0.837661,
          3.113601
        ],
        [
          -0.010016,
          -0.841069,
          -0.540835,
          1.348775
        ],
        [
          0.0,
          0.0,
          0.0,
          1.0
        ]
      ]
    },
    {
      "file_path": "/media/NFS/ttao/scannet/posed_images/scene0388_00/00179.jpg",
      "transform_matrix": [
        [
          0.993879,
          0.046528,
          -0.100197,
          3.434196
        ],
        [
          0.109502,
          -0.5349,
          0.83779,
          3.229508
        ],
        [
          -0.014615,
          -0.843633,
          -0.536721,
          1.341659
        ],
        [
          0.0,
          0.0,
          0.0,
          1.0
        ]
      ]
    },
    {
      "file_path": "/media/NFS/ttao/scannet/posed_images/scene0388_00/00181.jpg",
      "transform_matrix": [
        [
          0.991456,
          0.062368,
          -0.114568,
          3.468551
        ],
        [
          0.130086,
          -0.537759,
          0.833002,
          3.269028
        ],
        [
          -0.009657,
          -0.840788,
          -0.541278,
          1.336739
        ],
        [
          0.0,
          0.0,
          0.0,
          1.0
        ]
      ]
    },
    {
      "file_path": "/media/NFS/ttao/scannet/posed_images/scene0388_00/00187.jpg",
      "transform_matrix": [
        [
          0.984126,
          0.080198,
          -0.15832,
          3.497139
        ],
        [
          0.176792,
          -0.521127,
          0.834968,
          3.376802
        ],
        [
          -0.015542,
          -0.849703,
          -0.527033,
          1.34661
        ],
        [
          0.0,
          0.0,
          0.0,
          1.0
        ]
      ]
    },
    {
      "file_path": "/media/NFS/ttao/scannet/posed_images/scene0388_00/00188.jpg",
      "transform_matrix": [
        [
          0.982516,
          0.082972,
          -0.166669,
          3.500203
        ],
        [
          0.185366,
          -0.519555,
          0.834088,
          3.390452
        ],
        [
          -0.017387,
          -0.850399,
          -0.525851,
          1.344588
        ],
        [
          0.0,
          0.0,
          0.0,
          1.0
        ]
      ]
    },
    {
      "file_path": "/media/NFS/ttao/scannet/posed_images/scene0388_00/00192.jpg",
      "transform_matrix": [
        [
          0.972252,
          0.100966,
          -0.211028,
          3.531049
        ],
        [
          0.230998,
          -0.556903,
          0.797809,
          3.449754
        ],
        [
          -0.036971,
          -0.824418,
          -0.564772,
          1.339697
        ],
        [
          0.0,
          0.0,
          0.0,
          1.0
        ]
      ]
    },
    {
      "file_path": "/media/NFS/ttao/scannet/posed_images/scene0388_00/00198.jpg",
      "transform_matrix": [
        [
          0.944025,
          0.155243,
          -0.29106,
          3.555118
        ],
        [
          0.327503,
          -0.54665,
          0.770659,
          3.540423
        ],
        [
          -0.039468,
          -0.822845,
          -0.566894,
          1.329769
        ],
        [
          0.0,
          0.0,
          0.0,
          1.0
        ]
      ]
    },
    {
      "file_path": "/media/NFS/ttao/scannet/posed_images/scene0388_00/00203.jpg",
      "transform_matrix": [
        [
          0.906143,
          0.202912,
          -0.371121,
          3.576164
        ],
        [
          0.421787,
          -0.4991,
          0.756964,
          3.608785
        ],
        [
          -0.031629,
          -0.842452,
          -0.537842,
          1.346246
        ],
        [
          0.0,
          0.0,
          0.0,
          1.0
        ]
      ]
    },
    {
      "file_path": "/media/NFS/ttao/scannet/posed_images/scene0388_00/00205.jpg",
      "transform_matrix": [
        [
          0.878482,
          0.231153,
          -0.418138,
          3.58795
        ],
        [
          0.476928,
          -0.476401,
          0.738635,
          3.644393
        ],
        [
          -0.028464,
          -0.848299,
          -0.528752,
          1.351633
        ],
        [
          0.0,
          0.0,
          0.0,
          1.0
        ]
      ]
    },
    {
      "file_path": "/media/NFS/ttao/scannet/posed_images/scene0388_00/00209.jpg",
      "transform_matrix": [
        [
          0.842569,
          0.274545,
          -0.46336,
          3.597377
        ],
        [
          0.538544,
          -0.440444,
          0.718317,
          3.687979
        ],
        [
          -0.006874,
          -0.854772,
          -0.518959,
          1.361244
        ],
        [
          0.0,
          0.0,
          0.0,
          1.0
        ]
      ]
    },
    {
      "file_path": "/media/NFS/ttao/scannet/posed_images/scene0388_00/00215.jpg",
      "transform_matrix": [
        [
          0.802287,
          0.278501,
          -0.52799,
          3.622178
        ],
        [
          0.595726,
          -0.429909,
          0.678446,
          3.746717
        ],
        [
          -0.038039,
          -0.858845,
          -0.51082,
          1.360424
        ],
        [
          0.0,
          0.0,
          0.0,
          1.0
        ]
      ]
    },
    {
      "file_path": "/media/NFS/ttao/scannet/posed_images/scene0388_00/00216.jpg",
      "transform_matrix": [
        [
          0.795984,
          0.281012,
          -0.536136,
          3.621605
        ],
        [
          0.603931,
          -0.428599,
          0.67199,
          3.757441
        ],
        [
          -0.04095,
          -0.858682,
          -0.51087,
          1.358837
        ],
        [
          0.0,
          0.0,
          0.0,
          1.0
        ]
      ]
    },
    {
      "file_path": "/media/NFS/ttao/scannet/posed_images/scene0388_00/00222.jpg",
      "transform_matrix": [
        [
          0.750447,
          0.303707,
          -0.587019,
          3.605569
        ],
        [
          0.659679,
          -0.398831,
          0.636991,
          3.829045
        ],
        [
          -0.040663,
          -0.865272,
          -0.49965,
          1.349614
        ],
        [
          0.0,
          0.0,
          0.0,
          1.0
        ]
      ]
    },
    {
      "file_path": "/media/NFS/ttao/scannet/posed_images/scene0388_00/00227.jpg",
      "transform_matrix": [
        [
          0.726814,
          0.322922,
          -0.606187,
          3.563271
        ],
        [
          0.68631,
          -0.375942,
          0.622612,
          3.880296
        ],
        [
          -0.026836,
          -0.868555,
          -0.494865,
          1.348263
        ],
        [
          0.0,
          0.0,
          0.0,
          1.0
        ]
      ]
    },
    {
      "file_path": "/media/NFS/ttao/scannet/posed_images/scene0388_00/00228.jpg",
      "transform_matrix": [
        [
          0.716825,
          0.325788,
          -0.61646,
          3.550544
        ],
        [
          0.696745,
          -0.368417,
          0.61548,
          3.890537
        ],
        [
          -0.026598,
          -0.870707,
          -0.491082,
          1.34945
        ],
        [
          0.0,
          0.0,
          0.0,
          1.0
        ]
      ]
    },
    {
      "file_path": "/media/NFS/ttao/scannet/posed_images/scene0388_00/00233.jpg",
      "transform_matrix": [
        [
          0.639235,
          0.360534,
          -0.67926,
          3.502406
        ],
        [
          0.768972,
          -0.30865,
          0.559837,
          3.93488
        ],
        [
          -0.007813,
          -0.880199,
          -0.47454,
          1.355785
        ],
        [
          0.0,
          0.0,
          0.0,
          1.0
        ]
      ]
    },
    {
      "file_path": "/media/NFS/ttao/scannet/posed_images/scene0388_00/00239.jpg",
      "transform_matrix": [
        [
          0.551402,
          0.395103,
          -0.734745,
          3.440857
        ],
        [
          0.834168,
          -0.272637,
          0.479408,
          3.971489
        ],
        [
          -0.010903,
          -0.877248,
          -0.479914,
          1.36742
        ],
        [
          0.0,
          0.0,
          0.0,
          1.0
        ]
      ]
    },
    {
      "file_path": "/media/NFS/ttao/scannet/posed_images/scene0388_00/00242.jpg",
      "transform_matrix": [
        [
          0.511454,
          0.404878,
          -0.757951,
          3.436111
        ],
        [
          0.859302,
          -0.244903,
          0.449023,
          3.988076
        ],
        [
          -0.003825,
          -0.880963,
          -0.473169,
          1.370891
        ],
        [
          0.0,
          0.0,
          0.0,
          1.0
        ]
      ]
    },
    {
      "file_path": "/media/NFS/ttao/scannet/posed_images/scene0388_00/00248.jpg",
      "transform_matrix": [
        [
          0.417951,
          0.416253,
          -0.807496,
          3.395
        ],
        [
          0.908469,
          -0.190381,
          0.372074,
          4.013129
        ],
        [
          0.001145,
          -0.889094,
          -0.457723,
          1.390736
        ],
        [
          0.0,
          0.0,
          0.0,
          1.0
        ]
      ]
    },
    {
      "file_path": "/media/NFS/ttao/scannet/posed_images/scene0388_00/00250.jpg",
      "transform_matrix": [
        [
          0.340869,
          0.406326,
          -0.847767,
          3.401544
        ],
        [
          0.940029,
          -0.159209,
          0.301658,
          4.041592
        ],
        [
          -0.012401,
          -0.899751,
          -0.436227,
          1.376441
        ],
        [
          0.0,
          0.0,
          0.0,
          1.0
        ]
      ]
    },
    {
      "file_path": "/media/NFS/ttao/scannet/posed_images/scene0388_00/00254.jpg",
      "transform_matrix": [
        [
          0.255208,
          0.415788,
          -0.87292,
          3.396263
        ],
        [
          0.966839,
          -0.118617,
          0.226167,
          4.058666
        ],
        [
          -0.009506,
          -0.901693,
          -0.432272,
          1.382851
        ],
        [
          0.0,
          0.0,
          0.0,
          1.0
        ]
      ]
    },
    {
      "file_path": "/media/NFS/ttao/scannet/posed_images/scene0388_00/00257.jpg",
      "transform_matrix": [
        [
          0.187999,
          0.408654,
          -0.893118,
          3.395714
        ],
        [
          0.98214,
          -0.085224,
          0.167743,
          4.069351
        ],
        [
          -0.007566,
          -0.908702,
          -0.417377,
          1.392569
        ],
        [
          0.0,
          0.0,
          0.0,
          1.0
        ]
      ]
    },
    {
      "file_path": "/media/NFS/ttao/scannet/posed_images/scene0388_00/00263.jpg",
      "transform_matrix": [
        [
          0.025827,
          0.421281,
          -0.906563,
          3.365851
        ],
        [
          0.999659,
          -0.014455,
          0.021762,
          4.087263
        ],
        [
          -0.003937,
          -0.906815,
          -0.42151,
          1.393386
        ],
        [
          0.0,
          0.0,
          0.0,
          1.0
        ]
      ]
    },
    {
      "file_path": "/media/NFS/ttao/scannet/posed_images/scene0388_00/00265.jpg",
      "transform_matrix": [
        [
          -0.008232,
          0.408021,
          -0.912936,
          3.389785
        ],
        [
          0.999907,
          -0.006557,
          -0.011947,
          4.115472
        ],
        [
          -0.01086,
          -0.912949,
          -0.407929,
          1.389624
        ],
        [
          0.0,
          0.0,
          0.0,
          1.0
        ]
      ]
    },
    {
      "file_path": "/media/NFS/ttao/scannet/posed_images/scene0388_00/00272.jpg",
      "transform_matrix": [
        [
          -0.147675,
          0.412114,
          -0.899085,
          3.358952
        ],
        [
          0.987955,
          0.018974,
          -0.153574,
          4.113138
        ],
        [
          -0.04623,
          -0.910935,
          -0.409952,
          1.395051
        ],
        [
          0.0,
          0.0,
          0.0,
          1.0
        ]
      ]
    },
    {
      "file_path": "/media/NFS/ttao/scannet/posed_images/scene0388_00/00273.jpg",
      "transform_matrix": [
        [
          -0.166495,
          0.403879,
          -0.899534,
          3.362208
        ],
        [
          0.984873,
          0.023713,
          -0.171644,
          4.119253
        ],
        [
          -0.047993,
          -0.914505,
          -0.401718,
          1.39253
        ],
        [
          0.0,
          0.0,
          0.0,
          1.0
        ]
      ]
    },
    {
      "file_path": "/media/NFS/ttao/scannet/posed_images/scene0388_00/00279.jpg",
      "transform_matrix": [
        [
          -0.239486,
          0.396975,
          -0.886035,
          3.369433
        ],
        [
          0.969848,
          0.055341,
          -0.237345,
          4.121433
        ],
        [
          -0.045186,
          -0.916159,
          -0.398259,
          1.390186
        ],
        [
          0.0,
          0.0,
          0.0,
          1.0
        ]
      ]
    },
    {
      "file_path": "/media/NFS/ttao/scannet/posed_images/scene0388_00/00281.jpg",
      "transform_matrix": [
        [
          -0.261976,
          0.395527,
          -0.880299,
          3.359133
        ],
        [
          0.963805,
          0.060458,
          -0.259664,
          4.096081
        ],
        [
          -0.049483,
          -0.916462,
          -0.397049,
          1.394762
        ],
        [
          0.0,
          0.0,
          0.0,
          1.0
        ]
      ]
    },
    {
      "file_path": "/media/NFS/ttao/scannet/posed_images/scene0388_00/00288.jpg",
      "transform_matrix": [
        [
          -0.367291,
          0.370187,
          -0.853264,
          3.348257
        ],
        [
          0.929708,
          0.119305,
          -0.348437,
          4.056451
        ],
        [
          -0.027188,
          -0.921264,
          -0.387986,
          1.402408
        ],
        [
          0.0,
          0.0,
          0.0,
          1.0
        ]
      ]
    },
    {
      "file_path": "/media/NFS/ttao/scannet/posed_images/scene0388_00/00290.jpg",
      "transform_matrix": [
        [
          -0.38428,
          0.362025,
          -0.849274,
          3.351612
        ],
        [
          0.922711,
          0.120189,
          -0.366276,
          4.023148
        ],
        [
          -0.030527,
          -0.924388,
          -0.380231,
          1.404986
        ],
        [
          0.0,
          0.0,
          0.0,
          1.0
        ]
      ]
    },
    {
      "file_path": "/media/NFS/ttao/scannet/posed_images/scene0388_00/00294.jpg",
      "transform_matrix": [
        [
          -0.434734,
          0.346741,
          -0.83113,
          3.345086
        ],
        [
          0.900062,
          0.136655,
          -0.413779,
          4.002095
        ],
        [
          -0.029896,
          -0.927953,
          -0.371497,
          1.409847
        ],
        [
          0.0,
          0.0,
          0.0,
          1.0
        ]
      ]
    },
    {
      "file_path": "/media/NFS/ttao/scannet/posed_images/scene0388_00/00300.jpg",
      "transform_matrix": [
        [
          -0.481577,
          0.330549,
          -0.811678,
          3.352834
        ],
        [
          0.876194,
          0.161347,
          -0.454148,
          3.948624
        ],
        [
          -0.019156,
          -0.929895,
          -0.367326,
          1.411793
        ],
        [
          0.0,
          0.0,
          0.0,
          1.0
        ]
      ]
    },
    {
      "file_path": "/media/NFS/ttao/scannet/posed_images/scene0388_00/00301.jpg",
      "transform_matrix": [
        [
          -0.489587,
          0.329456,
          -0.807318,
          3.351481
        ],
        [
          0.871743,
          0.164554,
          -0.461504,
          3.942652
        ],
        [
          -0.019198,
          -0.929721,
          -0.367765,
          1.413937
        ],
        [
          0.0,
          0.0,
          0.0,
          1.0
        ]
      ]
    },
    {
      "file_path": "/media/NFS/ttao/scannet/posed_images/scene0388_00/00307.jpg",
      "transform_matrix": [
        [
          -0.550353,
          0.328903,
          -0.767421,
          3.345994
        ],
        [
          0.834606,
          0.191044,
          -0.516657,
          3.907845
        ],
        [
          -0.023319,
          -0.924838,
          -0.379646,
          1.412258
        ],
        [
          0.0,
          0.0,
          0.0,
          1.0
        ]
      ]
    },
    {
      "file_path": "/media/NFS/ttao/scannet/posed_images/scene0388_00/00309.jpg",
      "transform_matrix": [
        [
          -0.58007,
          0.326714,
          -0.746175,
          3.339438
        ],
        [
          0.81403,
          0.199255,
          -0.545575,
          3.900422
        ],
        [
          -0.029568,
