{
  "frames": [
    {
      "file_path": "/media/NFS/ttao/scannet/posed_images/scene0415_00/00002.jpg",
      "transform_matrix": [
        [
          -0.919919,
          0.209287,
          -0.331583,
          1.58032
        ],
        [
          0.391335,
          0.543099,
          -0.7429,
          2.099079
        ],
        [
          0.024603,
          -0.813168,
          -0.581509,
          1.245586
        ],
        [
          0.0,
          0.0,
          0.0,
          1.0
        ]
      ]
    },
    {
      "file_path": "/media/NFS/ttao/scannet/posed_images/scene0415_00/00003.jpg",
      "transform_matrix": [
        [
          -0.920256,
          0.208097,
          -0.331399,
          1.580782
        ],
        [
          0.390482,
          0.543655,
          -0.742943,
          2.099293
        ],
        [
          0.025563,
          -0.813102,
          -0.581559,
          1.244991
        ],
        [
          0.0,
          0.0,
          0.0,
          1.0
        ]
      ]
    },
    {
      "file_path": "/media/NFS/ttao/scannet/posed_images/scene0415_00/00007.jpg",
      "transform_matrix": [
        [
          -0.921741,
          0.214162,
          -0.323308,
          1.582706
        ],
        [
          0.387111,
          0.557988,
          -0.734026,
          2.101114
        ],
        [
          0.023202,
          -0.801738,
          -0.597225,
          1.239722
        ],
        [
          0.0,
          0.0,
          0.0,
          1.0
        ]
      ]
    },
    {
      "file_path": "/media/NFS/ttao/scannet/posed_images/scene0415_00/00012.jpg",
      "transform_matrix": [
        [
          -0.921615,
          0.232558,
          -0.310712,
          1.585742
        ],
        [
          0.387782,
          0.584453,
          -0.712769,
          2.101036
        ],
        [
          0.015836,
          -0.777388,
          -0.628823,
          1.242107
        ],
        [
          0.0,
          0.0,
          0.0,
          1.0
        ]
      ]
    },
    {
      "file_path": "/media/NFS/ttao/scannet/posed_images/scene0415_00/00016.jpg",
      "transform_matrix": [
        [
          -0.917332,
          0.252059,
          -0.30817,
          1.592314
        ],
        [
          0.398116,
          0.585726,
          -0.705995,
          2.111967
        ],
        [
          0.002551,
          -0.770319,
          -0.637654,
          1.234741
        ],
        [
          0.0,
          0.0,
          0.0,
          1.0
        ]
      ]
    },
    {
      "file_path": "/media/NFS/ttao/scannet/posed_images/scene0415_00/00019.jpg",
      "transform_matrix": [
        [
          -0.909432,
          0.273343,
          -0.313395,
          1.596058
        ],
        [
          0.415842,
          0.592613,
          -0.689844,
          2.118901
        ],
        [
          -0.002842,
          -0.75769,
          -0.652609,
          1.22671
        ],
        [
          0.0,
          0.0,
          0.0,
          1.0
        ]
      ]
    },
    {
      "file_path": "/media/NFS/ttao/scannet/posed_images/scene0415_00/00025.jpg",
      "transform_matrix": [
        [
          -0.89013,
          0.312604,
          -0.331582,
          1.605506
        ],
        [
          0.455684,
          0.603428,
          -0.65439,
          2.124018
        ],
        [
          -0.004479,
          -0.733589,
          -0.679579,
          1.211029
        ],
        [
          0.0,
          0.0,
          0.0,
          1.0
        ]
      ]
    },
    {
      "file_path": "/media/NFS/ttao/scannet/posed_images/scene0415_00/00029.jpg",
      "transform_matrix": [
        [
          -0.88437,
          0.324877,
          -0.335178,
          1.603296
        ],
        [
          0.466728,
          0.604089,
          -0.645943,
          2.129394
        ],
        [
          -0.007374,
          -0.727689,
          -0.685867,
          1.206501
        ],
        [
          0.0,
          0.0,
          0.0,
          1.0
        ]
      ]
    },
    {
      "file_path": "/media/NFS/ttao/scannet/posed_images/scene0415_00/00030.jpg",
      "transform_matrix": [
        [
          -0.883017,
          0.328318,
          -0.335392,
          1.603932
        ],
        [
          0.469279,
          0.606073,
          -0.642224,
          2.126585
        ],
        [
          -0.007581,
          -0.724488,
          -0.689246,
          1.208418
        ],
        [
          0.0,
          0.0,
          0.0,
          1.0
        ]
      ]
    },
    {
      "file_path": "/media/NFS/ttao/scannet/posed_images/scene0415_00/00034.jpg",
      "transform_matrix": [
        [
          -0.880247,
          0.333224,
          -0.337826,
          1.604714
        ],
        [
          0.474465,
          0.607618,
          -0.636934,
          2.13432
        ],
        [
          -0.006972,
          -0.720946,
          -0.692957,
          1.201552
        ],
        [
          0.0,
          0.0,
          0.0,
          1.0
        ]
      ]
    },
    {
      "file_path": "/media/NFS/ttao/scannet/posed_images/scene0415_00/00040.jpg",
      "transform_matrix": [
        [
          -0.882253,
          0.342276,
          -0.323227,
          1.607742
        ],
        [
          0.470443,
          0.61521,
          -0.632614,
          2.146335
        ],
        [
          -0.017676,
          -0.710186,
          -0.703792,
          1.198474
        ],
        [
          0.0,
          0.0,
          0.0,
          1.0
        ]
      ]
    },
    {
      "file_path": "/media/NFS/ttao/scannet/posed_images/scene0415_00/00044.jpg",
      "transform_matrix": [
        [
          -0.88056,
          0.344466,
          -0.32551,
          1.613884
        ],
        [
          0.4738,
          0.623447,
          -0.621955,
          2.151176
        ],
        [
          -0.011304,
          -0.701895,
          -0.712191,
          1.190699
        ],
        [
          0.0,
          0.0,
          0.0,
          1.0
        ]
      ]
    },
    {
      "file_path": "/media/NFS/ttao/scannet/posed_images/scene0415_00/00049.jpg",
      "transform_matrix": [
        [
          -0.862493,
          0.355303,
          -0.360368,
          1.622079
        ],
        [
          0.506063,
          0.608831,
          -0.610922,
          2.14432
        ],
        [
          0.002341,
          -0.709285,
          -0.704918,
          1.191742
        ],
        [
          0.0,
          0.0,
          0.0,
          1.0
        ]
      ]
    },
    {
      "file_path": "/media/NFS/ttao/scannet/posed_images/scene0415_00/00051.jpg",
      "transform_matrix": [
        [
          -0.854081,
          0.358007,
          -0.377329,
          1.634816
        ],
        [
          0.520021,
          0.603272,
          -0.604683,
          2.135985
        ],
        [
          0.011152,
          -0.712667,
          -0.701414,
          1.189399
        ],
        [
          0.0,
          0.0,
          0.0,
          1.0
        ]
      ]
    },
    {
      "file_path": "/media/NFS/ttao/scannet/posed_images/scene0415_00/00054.jpg",
      "transform_matrix": [
        [
          -0.838309,
          0.368169,
          -0.402107,
          1.650846
        ],
        [
          0.544901,
          0.590073,
          -0.595733,
          2.118882
        ],
        [
          0.017942,
          -0.718516,
          -0.695279,
          1.192943
        ],
        [
          0.0,
          0.0,
          0.0,
          1.0
        ]
      ]
    },
    {
      "file_path": "/media/NFS/ttao/scannet/posed_images/scene0415_00/00059.jpg",
      "transform_matrix": [
        [
          -0.785668,
          0.395449,
          -0.475758,
          1.698237
        ],
        [
          0.616914,
          0.558349,
          -0.554674,
          2.07279
        ],
        [
          0.046294,
          -0.729291,
          -0.682635,
          1.192226
        ],
        [
          0.0,
          0.0,
          0.0,
          1.0
        ]
      ]
    },
    {
      "file_path": "/media/NFS/ttao/scannet/posed_images/scene0415_00/00061.jpg",
      "transform_matrix": [
        [
          -0.769238,
          0.410545,
          -0.489618,
          1.715268
        ],
        [
          0.637665,
          0.542053,
          -0.547323,
          2.057366
        ],
        [
          0.040699,
          -0.733234,
          -0.678758,
          1.19331
        ],
        [
          0.0,
          0.0,
          0.0,
          1.0
        ]
      ]
    },
    {
      "file_path": "/media/NFS/ttao/scannet/posed_images/scene0415_00/00067.jpg",
      "transform_matrix": [
        [
          -0.717844,
          0.457355,
          -0.524905,
          1.768593
        ],
        [
          0.696191,
          0.467032,
          -0.54516,
          2.020759
        ],
        [
          -0.004185,
          -0.756774,
          -0.653663,
          1.190834
        ],
        [
          0.0,
          0.0,
          0.0,
          1.0
        ]
      ]
    },
    {
      "file_path": "/media/NFS/ttao/scannet/posed_images/scene0415_00/00068.jpg",
      "transform_matrix": [
        [
          -0.711364,
          0.458896,
          -0.532329,
          1.776648
        ],
        [
          0.702806,
          0.459127,
          -0.543384,
          2.016519
        ],
        [
          -0.00495,
          -0.760669,
          -0.649122,
          1.188596
        ],
        [
          0.0,
          0.0,
          0.0,
          1.0
        ]
      ]
    },
    {
      "file_path": "/media/NFS/ttao/scannet/posed_images/scene0415_00/00074.jpg",
      "transform_matrix": [
        [
          -0.689595,
          0.462018,
          -0.557672,
          1.816536
        ],
        [
          0.724064,
          0.454563,
          -0.518753,
          1.997231
        ],
        [
          0.013823,
          -0.761519,
          -0.647995,
          1.168628
        ],
        [
          0.0,
          0.0,
          0.0,
          1.0
        ]
      ]
    },
    {
      "file_path": "/media/NFS/ttao/scannet/posed_images/scene0415_00/00078.jpg",
      "transform_matrix": [
        [
          -0.688561,
          0.45677,
          -0.563244,
          1.835906
        ],
        [
          0.724916,
          0.45444,
          -0.517669,
          1.99274
        ],
        [
          0.019505,
          -0.764752,
          -0.64403,
          1.154949
        ],
        [
          0.0,
          0.0,
          0.0,
          1.0
        ]
      ]
    },
    {
      "file_path": "/media/NFS/ttao/scannet/posed_images/scene0415_00/00082.jpg",
      "transform_matrix": [
        [
          -0.69724,
          0.436399,
          -0.568693,
          1.855481
        ],
        [
          0.716428,
          0.451041,
          -0.532254,
          1.991735
        ],
        [
          0.024229,
          -0.778536,
          -0.627132,
          1.14232
        ],
        [
          0.0,
          0.0,
          0.0,
          1.0
        ]
      ]
    },
    {
      "file_path": "/media/NFS/ttao/scannet/posed_images/scene0415_00/00087.jpg",
      "transform_matrix": [
        [
          -0.694467,
          0.423268,
          -0.581859,
          1.872215
        ],
        [
          0.718178,
          0.457222,
          -0.524566,
          1.99557
        ],
        [
          0.044006,
          -0.782172,
          -0.621507,
          1.129072
        ],
        [
          0.0,
          0.0,
          0.0,
          1.0
        ]
      ]
    },
    {
      "file_path": "/media/NFS/ttao/scannet/posed_images/scene0415_00/00088.jpg",
      "transform_matrix": [
        [
          -0.693673,
          0.419493,
          -0.585528,
          1.875761
        ],
        [
          0.718632,
          0.458184,
          -0.523102,
          1.996242
        ],
        [
          0.048842,
          -0.783641,
          -0.619291,
          1.125974
        ],
        [
          0.0,
          0.0,
          0.0,
          1.0
        ]
      ]
    },
    {
      "file_path": "/media/NFS/ttao/scannet/posed_images/scene0415_00/00093.jpg",
      "transform_matrix": [
        [
          -0.686934,
          0.412984,
          -0.597968,
          1.889011
        ],
        [
          0.723455,
          0.466532,
          -0.508882,
          1.998387
        ],
        [
          0.068812,
          -0.782171,
          -0.619252,
          1.108766
        ],
        [
          0.0,
          0.0,
          0.0,
          1.0
        ]
      ]
    },
    {
      "file_path": "/media/NFS/ttao/scannet/posed_images/scene0415_00/00098.jpg",
      "transform_matrix": [
        [
          -0.687446,
          0.411153,
          -0.598641,
          1.898006
        ],
        [
          0.72207,
          0.475119,
          -0.502869,
          1.9993
        ],
        [
          0.07767,
          -0.777956,
          -0.6235,
          1.098672
        ],
        [
          0.0,
          0.0,
          0.0,
          1.0
        ]
      ]
    },
    {
      "file_path": "/media/NFS/ttao/scannet/posed_images/scene0415_00/00100.jpg",
      "transform_matrix": [
        [
          -0.688218,
          0.405887,
          -0.601341,
          1.903548
        ],
        [
          0.720942,
          0.475409,
          -0.504211,
          1.999952
        ],
        [
          0.08123,
          -0.78054,
          -0.619806,
          1.092585
        ],
        [
          0.0,
          0.0,
          0.0,
          1.0
        ]
      ]
    },
    {
      "file_path": "/media/NFS/ttao/scannet/posed_images/scene0415_00/00105.jpg",
      "transform_matrix": [
        [
          -0.696008,
          0.40111,
          -0.595553,
          1.902332
        ],
        [
          0.714492,
          0.469174,
          -0.519017,
          1.999198
        ],
        [
          0.071235,
          -0.786757,
          -0.613139,
          1.104952
        ],
        [
          0.0,
          0.0,
          0.0,
          1.0
        ]
      ]
    },
    {
      "file_path": "/media/NFS/ttao/scannet/posed_images/scene0415_00/00109.jpg",
      "transform_matrix": [
        [
          -0.710102,
          0.38981,
          -0.586347,
          1.893963
        ],
        [
          0.702676,
          0.445264,
          -0.554965,
          1.996755
        ],
        [
          0.044748,
          -0.806094,
          -0.590093,
          1.133862
        ],
        [
          0.0,
          0.0,
          0.0,
          1.0
        ]
      ]
    },
    {
      "file_path": "/media/NFS/ttao/scannet/posed_images/scene0415_00/00111.jpg",
      "transform_matrix": [
        [
          -0.716636,
          0.384492,
          -0.581892,
          1.887271
        ],
        [
          0.696637,
          0.43482,
          -0.570639,
          1.996042
        ],
        [
          0.033612,
          -0.814308,
          -0.579459,
          1.148668
        ],
        [
          0.0,
          0.0,
          0.0,
          1.0
        ]
      ]
    },
    {
      "file_path": "/media/NFS/ttao/scannet/posed_images/scene0415_00/00118.jpg",
      "transform_matrix": [
        [
          -0.734104,
          0.350972,
          -0.581299,
          1.863526
        ],
        [
          0.678732,
          0.404881,
          -0.612694,
          1.989472
        ],
        [
          0.020318,
          -0.844328,
          -0.535441,
          1.196427
        ],
        [
          0.0,
          0.0,
          0.0,
          1.0
        ]
      ]
    },
    {
      "file_path": "/media/NFS/ttao/scannet/posed_images/scene0415_00/00120.jpg",
      "transform_matrix": [
        [
          -0.731994,
          0.345763,
          -0.587054,
          1.853997
        ],
        [
          0.680963,
          0.398838,
          -0.614182,
          1.985971
        ],
        [
          0.021777,
          -0.849339,
          -0.527399,
          1.213038
        ],
        [
          0.0,
          0.0,
          0.0,
          1.0
        ]
      ]
    },
    {
      "file_path": "/media/NFS/ttao/scannet/posed_images/scene0415_00/00125.jpg",
      "transform_matrix": [
        [
          -0.719281,
          0.329371,
          -0.611678,
          1.830054
        ],
        [
          0.693533,
          0.39187,
          -0.604525,
          1.989599
        ],
        [
          0.040585,
          -0.859042,
          -0.510294,
          1.237969
        ],
        [
          0.0,
          0.0,
          0.0,
          1.0
        ]
      ]
    },
    {
      "file_path": "/media/NFS/ttao/scannet/posed_images/scene0415_00/00127.jpg",
      "transform_matrix": [
        [
          -0.719369,
          0.330163,
          -0.611147,
          1.818959
        ],
        [
          0.693599,
          0.389293,
          -0.606112,
          1.994158
        ],
        [
          0.037799,
          -0.859909,
          -0.509046,
          1.248417
        ],
        [
          0.0,
          0.0,
          0.0,
          1.0
        ]
      ]
    },
    {
      "file_path": "/media/NFS/ttao/scannet/posed_images/scene0415_00/00133.jpg",
      "transform_matrix": [
        [
          -0.710776,
          0.310803,
          -0.63103,
          1.797063
        ],
        [
          0.70315,
          0.33872,
          -0.625179,
          2.010638
        ],
        [
          0.019435,
          -0.888071,
          -0.459296,
          1.270913
        ],
        [
          0.0,
          0.0,
          0.0,
          1.0
        ]
      ]
    },
    {
      "file_path": "/media/NFS/ttao/scannet/posed_images/scene0415_00/00137.jpg",
      "transform_matrix": [
        [
          -0.715555,
          0.303092,
          -0.629377,
          1.778849
        ],
        [
          0.69851,
          0.300088,
          -0.649639,
          2.024986
        ],
        [
          -0.008032,
          -0.904479,
          -0.426443,
          1.291252
        ],
        [
          0.0,
          0.0,
          0.0,
          1.0
        ]
      ]
    },
    {
      "file_path": "/media/NFS/ttao/scannet/posed_images/scene0415_00/00141.jpg",
      "transform_matrix": [
        [
          -0.728567,
          0.279111,
          -0.625529,
          1.768245
        ],
        [
          0.684687,
          0.270291,
          -0.676865,
          2.042663
        ],
        [
          -0.019846,
          -0.921434,
          -0.388029,
          1.302803
        ],
        [
          0.0,
          0.0,
          0.0,
          1.0
        ]
      ]
    },
    {
      "file_path": "/media/NFS/ttao/scannet/posed_images/scene0415_00/00145.jpg",
      "transform_matrix": [
        [
          -0.738726,
          0.263203,
          -0.620489,
          1.762263
        ],
        [
          0.672931,
          0.236071,
          -0.701023,
          2.054742
        ],
        [
          -0.038032,
          -0.935411,
          -0.35151,
          1.317221
        ],
        [
          0.0,
          0.0,
          0.0,
          1.0
        ]
      ]
    },
    {
      "file_path": "/media/NFS/ttao/scannet/posed_images/scene0415_00/00148.jpg",
      "transform_matrix": [
        [
          -0.742972,
          0.263178,
          -0.61541,
          1.759011
        ],
        [
          0.66726,
          0.219107,
          -0.711869,
          2.060442
        ],
        [
          -0.052507,
          -0.939537,
          -0.338398,
          1.323143
        ],
        [
          0.0,
          0.0,
          0.0,
          1.0
        ]
      ]
    },
    {
      "file_path": "/media/NFS/ttao/scannet/posed_images/scene0415_00/00150.jpg",
      "transform_matrix": [
        [
          -0.74733,
          0.257886,
          -0.612365,
          1.758899
        ],
        [
          0.662227,
          0.21371,
          -0.718181,
          2.064107
        ],
        [
          -0.054341,
          -0.942243,
          -0.330491,
          1.32109
        ],
        [
          0.0,
          0.0,
          0.0,
          1.0
        ]
      ]
    },
    {
      "file_path": "/media/NFS/ttao/scannet/posed_images/scene0415_00/00154.jpg",
      "transform_matrix": [
        [
          -0.74973,
          0.237086,
          -0.617815,
          1.75643
        ],
        [
          0.660368,
          0.207888,
          -0.721593,
          2.065769
        ],
        [
          -0.042643,
          -0.948985,
          -0.312424,
          1.327201
        ],
        [
          0.0,
          0.0,
          0.0,
          1.0
        ]
      ]
    },
    {
      "file_path": "/media/NFS/ttao/scannet/posed_images/scene0415_00/00160.jpg",
      "transform_matrix": [
        [
          -0.740557,
          0.213142,
          -0.637296,
          1.754107
        ],
        [
          0.671455,
          0.196739,
          -0.714452,
          2.067353
        ],
        [
          -0.026899,
          -0.957008,
          -0.288811,
          1.339735
        ],
        [
          0.0,
          0.0,
          0.0,
          1.0
        ]
      ]
    },
    {
      "file_path": "/media/NFS/ttao/scannet/posed_images/scene0415_00/00161.jpg",
      "transform_matrix": [
        [
          -0.739565,
          0.209133,
          -0.639771,
          1.753334
        ],
        [
          0.672683,
          0.196798,
          -0.71328,
          2.066985
        ],
        [
          -0.023264,
          -0.95788,
          -0.286225,
          1.342103
        ],
        [
          0.0,
          0.0,
          0.0,
          1.0
        ]
      ]
    },
    {
      "file_path": "/media/NFS/ttao/scannet/posed_images/scene0415_00/00167.jpg",
      "transform_matrix": [
        [
          -0.730723,
          0.182393,
          -0.657857,
          1.748562
        ],
        [
          0.68263,
          0.184343,
          -0.707131,
          2.070005
        ],
        [
          -0.007704,
          -0.96579,
          -0.25921,
          1.360934
        ],
        [
          0.0,
          0.0,
          0.0,
          1.0
        ]
      ]
    },
    {
      "file_path": "/media/NFS/ttao/scannet/posed_images/scene0415_00/00169.jpg",
      "transform_matrix": [
        [
          -0.727492,
          0.171287,
          -0.664391,
          1.747901
        ],
        [
          0.686114,
          0.179374,
          -0.705033,
          2.071783
        ],
        [
          -0.001589,
          -0.968755,
          -0.248016,
          1.366992
        ],
        [
          0.0,
          0.0,
          0.0,
          1.0
        ]
      ]
    },
    {
      "file_path": "/media/NFS/ttao/scannet/posed_images/scene0415_00/00174.jpg",
      "transform_matrix": [
        [
          -0.706899,
          0.160735,
          -0.688809,
          1.746858
        ],
        [
          0.707314,
          0.159277,
          -0.688722,
          2.075669
        ],
        [
          -0.000991,
          -0.974061,
          -0.226283,
          1.384991
        ],
        [
          0.0,
          0.0,
          0.0,
          1.0
        ]
      ]
    },
    {
      "file_path": "/media/NFS/ttao/scannet/posed_images/scene0415_00/00177.jpg",
      "transform_matrix": [
        [
          -0.695189,
          0.148265,
          -0.70337,
          1.745832
        ],
        [
          0.718826,
          0.144119,
          -0.680087,
          2.078631
        ],
        [
          0.000536,
          -0.97839,
          -0.206766,
          1.396201
        ],
        [
          0.0,
          0.0,
          0.0,
          1.0
        ]
      ]
    },
    {
      "file_path": "/media/NFS/ttao/scannet/posed_images/scene0415_00/00182.jpg",
      "transform_matrix": [
        [
          -0.66028,
          0.131415,
          -0.739432,
          1.743144
        ],
        [
          0.751013,
          0.119593,
          -0.649367,
          2.082731
        ],
        [
          0.003094,
          -0.984087,
          -0.17766,
          1.412282
        ],
        [
          0.0,
          0.0,
          0.0,
          1.0
        ]
      ]
    },
    {
      "file_path": "/media/NFS/ttao/scannet/posed_images/scene0415_00/00187.jpg",
      "transform_matrix": [
        [
          -0.645269,
          0.104397,
          -0.756788,
          1.746358
        ],
        [
          0.76394,
          0.081904,
          -0.640068,
          2.087344
        ],
        [
          -0.004838,
          -0.991158,
          -0.132603,
          1.43078
        ],
        [
          0.0,
          0.0,
          0.0,
          1.0
        ]
      ]
    },
    {
      "file_path": "/media/NFS/ttao/scannet/posed_images/scene0415_00/00190.jpg",
      "transform_matrix": [
        [
          -0.644923,
          0.091783,
          -0.758715,
          1.749249
        ],
        [
          0.76419,
          0.065351,
          -0.641672,
          2.089244
        ],
        [
          -0.009312,
          -0.993632,
          -0.112286,
          1.439772
        ],
        [
          0.0,
          0.0,
          0.0,
          1.0
        ]
      ]
    },
    {
      "file_path": "/media/NFS/ttao/scannet/posed_images/scene0415_00/00192.jpg",
      "transform_matrix": [
        [
          -0.64335,
          0.084498,
          -0.760894,
          1.750147
        ],
        [
          0.765494,
          0.056813,
          -0.64093,
          2.088482
        ],
        [
          -0.010929,
          -0.994803,
          -0.101234,
          1.447584
        ],
        [
          0.0,
          0.0,
          0.0,
          1.0
        ]
      ]
    },
    {
      "file_path": "/media/NFS/ttao/scannet/posed_images/scene0415_00/00199.jpg",
      "transform_matrix": [
        [
          -0.656094,
          0.033506,
          -0.753935,
          1.756475
        ],
        [
          0.754659,
          0.021864,
          -0.655753,
          2.088234
        ],
        [
          -0.005487,
          -0.999199,
          -0.039631,
          1.475507
        ],
        [
          0.0,
          0.0,
          0.0,
          1.0
        ]
      ]
    },
    {
      "file_path": "/media/NFS/ttao/scannet/posed_images/scene0415_00/00200.jpg",
      "transform_matrix": [
        [
          -0.651982,
          0.028785,
          -0.757687,
          1.757043
        ],
        [
          0.758216,
          0.017817,
          -0.65176,
          2.086791
        ],
        [
          -0.005261,
          -0.999427,
          -0.033441,
          1.482734
        ],
        [
          0.0,
          0.0,
          0.0,
          1.0
        ]
      ]
    },
    {
      "file_path": "/media/NFS/ttao/scannet/posed_images/scene0415_00/00206.jpg",
      "transform_matrix": [
        [
          -0.627446,
          -0.020593,
          -0.778388,
          1.753867
        ],
        [
          0.778615,
          -0.005812,
          -0.627475,
          2.093611
        ],
        [
          0.008397,
          -0.999771,
          0.019681,
          1.508728
        ],
        [
          0.0,
          0.0,
          0.0,
          1.0
        ]
      ]
    },
    {
      "file_path": "/media/NFS/ttao/scannet/posed_images/scene0415_00/00208.jpg",
      "transform_matrix": [
        [
          -0.624946,
          -0.027534,
          -0.780182,
          1.753208
        ],
        [
          0.780634,
          -0.012766,
          -0.624858,
          2.095192
        ],
        [
          0.007245,
          -0.999539,
          0.029472,
          1.517682
        ],
        [
          0.0,
          0.0,
          0.0,
          1.0
        ]
      ]
    },
    {
      "file_path": "/media/NFS/ttao/scannet/posed_images/scene0415_00/00212.jpg",
      "transform_matrix": [
        [
          -0.627716,
          -0.041871,
          -0.777315,
          1.751778
        ],
        [
          0.778412,
          -0.024896,
          -0.627261,
          2.09742
        ],
        [
          0.006912,
          -0.998813,
          0.04822,
          1.529474
        ],
        [
          0.0,
          0.0,
          0.0,
          1.0
        ]
      ]
    },
    {
      "file_path": "/media/NFS/ttao/scannet/posed_images/scene0415_00/00218.jpg",
      "transform_matrix": [
        [
          -0.615951,
          -0.06161,
          -0.785371,
          1.744623
        ],
        [
          0.787659,
          -0.030344,
          -0.615364,
          2.100658
        ],
        [
          0.014081,
          -0.997639,
          0.067218,
          1.542823
        ],
        [
          0.0,
          0.0,
          0.0,
          1.0
        ]
      ]
    },
    {
      "file_path": "/media/NFS/ttao/scannet/posed_images/scene0415_00/00219.jpg",
      "transform_matrix": [
        [
          -0.617062,
          -0.064039,
          -0.784305,
          1.743944
        ],
        [
          0.786737,
          -0.029002,
          -0.616607,
          2.100923
        ],
        [
          0.01674,
          -0.997526,
          0.068278,
          1.543781
        ],
        [
          0.0,
          0.0,
          0.0,
          1.0
        ]
      ]
    },
    {
      "file_path": "/media/NFS/ttao/scannet/posed_images/scene0415_00/00226.jpg",
      "transform_matrix": [
        [
          -0.618814,
          -0.072812,
          -0.782155,
          1.742883
        ],
        [
          0.785163,
          -0.026618,
          -0.618716,
          2.102063
        ],
        [
          0.02423,
          -0.99699,
          0.073641,
          1.549785
        ],
        [
          0.0,
          0.0,
          0.0,
          1.0
        ]
      ]
    },
    {
      "file_path": "/media/NFS/ttao/scannet/posed_images/scene0415_00/00227.jpg",
      "transform_matrix": [
        [
          -0.618976,
          -0.072444,
          -0.782062,
          1.742316
        ],
        [
          0.785082,
          -0.028299,
          -0.618745,
          2.102701
        ],
        [
          0.022692,
          -0.996971,
          0.074391,
          1.550101
        ],
        [
          0.0,
          0.0,
          0.0,
          1.0
        ]
      ]
    },
    {
      "file_path": "/media/NFS/ttao/scannet/posed_images/scene0415_00/00230.jpg",
      "transform_matrix": [
        [
          -0.614996,
          -0.060788,
          -0.786184,
          1.73819
        ],
        [
          0.788382,
          -0.028032,
          -0.614548,
          2.104031
        ],
        [
          0.015318,
          -0.997757,
          0.065164,
          1.550758
        ],
        [
          0.0,
          0.0,
          0.0,
          1.0
        ]
      ]
    },
    {
      "file_path": "/media/NFS/ttao/scannet/posed_images/scene0415_00/00235.jpg",
      "transform_matrix": [
        [
          -0.602224,
          -0.034749,
          -0.79757,
          1.729798
        ],
        [
          0.798244,
          -0.011755,
          -0.60222,
          2.107416
        ],
        [
          0.011552,
          -0.999327,
          0.034817,
          1.537782
        ],
        [
          0.0,
          0.0,
          0.0,
          1.0
        ]
      ]
    },
    {
      "file_path": "/media/NFS/ttao/scannet/posed_images/scene0415_00/00238.jpg",
      "transform_matrix": [
        [
          -0.606026,
          -0.014152,
          -0.795318,
          1.728247
        ],
        [
          0.795437,
          -0.006464,
          -0.606002,
          2.108584
        ],
        [
          0.003435,
          -0.999879,
          0.015174,
          1.517402
        ],
        [
          0.0,
          0.0,
          0.0,
          1.0
        ]
      ]
    },
    {
      "file_path": "/media/NFS/ttao/scannet/posed_images/scene0415_00/00245.jpg",
      "transform_matrix": [
        [
          -0.602194,
          0.085614,
          -0.793745,
          1.723367
        ],
        [
          0.798341,
          0.059922,
          -0.599218,
          2.099836
        ],
        [
          -0.003739,
          -0.994525,
          -0.104433,
          1.472489
        ],
        [
          0.0,
          0.0,
          0.0,
          1.0
        ]
      ]
    },
    {
      "file_path": "/media/NFS/ttao/scannet/posed_images/scene0415_00/00246.jpg",
      "transform_matrix": [
        [
          -0.602388,
          0.099297,
          -0.792003,
          1.722799
        ],
        [
          0.798185,
          0.068312,
          -0.598526,
          2.09821
        ],
        [
          -0.005329,
          -0.99271,
          -0.120408,
          1.465574
        ],
        [
          0.0,
          0.0,
          0.0,
          1.0
        ]
      ]
    },
    {
      "file_path": "/media/NFS/ttao/scannet/posed_images/scene0415_00/00252.jpg",
      "transform_matrix": [
        [
          -0.625099,
          0.166013,
          -0.762686,
          1.724794
        ],
        [
          0.780307,
          0.108777,
          -0.615864,
          2.08908
        ],
        [
          -0.019279,
          -0.980106,
          -0.197538,
          1.432917
        ],
        [
          0.0,
          0.0,
          0.0,
          1.0
        ]
      ]
    },
    {
      "file_path": "/media/NFS/ttao/scannet/posed_images/scene0415_00/00257.jpg",
      "transform_matrix": [
        [
          -0.63447,
          0.198512,
          -0.747021,
          1.735316
        ],
        [
          0.772296,
          0.123136,
          -0.623215,
          2.083284
        ],
        [
          -0.03173,
          -0.972332,
          -0.231437,
          1.41322
        ],
        [
          0.0,
          0.0,
          0.0,
          1.0
        ]
      ]
    },
    {
      "file_path": "/media/NFS/ttao/scannet/posed_images/scene0415_00/00260.jpg",
      "transform_matrix": [
        [
          -0.634323,
          0.215431,
          -0.742444,
          1.742436
        ],
        [
          0.772265,
          0.132833,
          -0.621258,
          2.080568
        ],
        [
          -0.035217,
          -0.967442,
          -0.250629,
          1.398675
        ],
        [
          0.0,
          0.0,
          0.0,
          1.0
        ]
      ]
    },
    {
      "file_path": "/media/NFS/ttao/scannet/posed_images/scene0415_00/00261.jpg",
      "transform_matrix": [
        [
          -0.632271,
          0.220987,
          -0.742562,
          1.744629
        ],
        [
          0.773899,
          0.135301,
          -0.618688,
          2.07873
        ],
        [
          -0.036253,
          -0.965846,
          -0.256568,
          1.39534
        ],
        [
          0.0,
          0.0,
          0.0,
          1.0
        ]
      ]
    },
    {
      "file_path": "/media/NFS/ttao/scannet/posed_images/scene0415_00/00265.jpg",
      "transform_matrix": [
        [
          -0.623772,
          0.249757,
          -0.740627,
          1.751371
        ],
        [
          0.78033,
          0.14488,
          -0.608354,
          2.073408
        ],
        [
          -0.044639,
          -0.957409,
          -0.285266,
          1.381187
        ],
        [
          0.0,
          0.0,
          0.0,
          1.0
        ]
      ]
    },
    {
      "file_path": "/media/NFS/ttao/scannet/posed_images/scene0415_00/00270.jpg",
      "transform_matrix": [
        [
          -0.619975,
          0.279858,
          -0.733014,
          1.763453
        ],
        [
          0.783635,
          0.174036,
          -0.596345,
          2.066159
        ],
        [
          -0.039322,
          -0.944135,
          -0.327205,
          1.356171
        ],
        [
          0.0,
          0.0,
          0.0,
          1.0
        ]
      ]
    },
    {
      "file_path": "/media/NFS/ttao/scannet/posed_images/scene0415_00/00273.jpg",
      "transform_matrix": [
        [
          -0.613935,
          0.304996,
          -0.728053,
          1.766841
        ],
        [
          0.788019,
          0.183145,
          -0.587779,
          2.068053
        ],
        [
          -0.045931,
          -0.934578,
          -0.352782,
          1.342692
        ],
        [
          0.0,
          0.0,
          0.0,
          1.0
        ]
      ]
    },
    {
      "file_path": "/media/NFS/ttao/scannet/posed_images/scene0415_00/00280.jpg",
      "transform_matrix": [
        [
          -0.596519,
          0.360381,
          -0.71714,
          1.766339
        ],
        [
          0.801983,
          0.232628,
          -0.550189,
          2.066681
        ],
        [
          -0.031452,
          -0.903333,
          -0.427786,
          1.313133
        ],
        [
          0.0,
          0.0,
          0.0,
          1.0
        ]
      ]
    },
    {
      "file_path": "/media/NFS/ttao/scannet/posed_images/scene0415_00/00281.jpg",
      "transform_matrix": [
        [
          -0.595932,
          0.360342,
          -0.717647,
          1.767837
        ],
        [
          0.802582,
          0.237265,
          -0.547327,
          2.067012
        ],
        [
          -0.026953,
          -0.902141,
          -0.430599,
          1.307141
        ],
        [
          0.0,
          0.0,
          0.0,
          1.0
        ]
      ]
    },
    {
      "file_path": "/media/NFS/ttao/scannet/posed_images/scene0415_00/00286.jpg",
      "transform_matrix": [
        [
          -0.583591,
          0.387324,
          -0.713724,
          1.768865
        ],
        [
          0.811919,
          0.262646,
          -0.521349,
          2.064307
        ],
        [
          -0.014474,
          -0.88374,
          -0.467754,
          1.283826
        ],
        [
          0.0,
          0.0,
          0.0,
          1.0
        ]
      ]
    },
    {
      "file_path": "/media/NFS/ttao/scannet/posed_images/scene0415_00/00292.jpg",
      "transform_matrix": [
        [
          -0.522399,
          0.446589,
          -0.7264,
          1.761168
        ],
        [
          0.852493,
          0.254706,
          -0.456488,
          2.061539
        ],
        [
          -0.018844,
          -0.85772,
          -0.513772,
          1.258223
        ],
        [
          0.0,
          0.0,
          0.0,
          1.0
        ]
      ]
    },
    {
      "file_path": "/media/NFS/ttao/scannet/posed_images/scene0415_00/00293.jpg",
      "transform_matrix": [
        [
          -0.51481,
          0.456318,
          -0.725771,
          1.75999
        ],
        [
          0.857074,
          0.254344,
          -0.448032,
          2.06118
        ],
        [
          -0.019849,
          -0.852692,
          -0.522037,
          1.254551
        ],
        [
          0.0,
          0.0,
          0.0,
          1.0
        ]
      ]
    },
    {
      "file_path": "/media/NFS/ttao/scannet/posed_images/scene0415_00/00296.jpg",
      "transform_matrix": [
        [
          -0.499892,
          0.480079,
          -0.720855,
          1.75884
        ],
        [
          0.865843,
          0.257212,
          -0.429137,
          2.060679
        ],
        [
          -0.020607,
          -0.838669,
