{
  "frames": [
    {
      "file_path": "/media/NFS/ttao/scannet/posed_images/scene0606_02/00000.jpg",
      "transform_matrix": [
        [
          -0.95707,
          0.171354,
          -0.233785,
          4.855336
        ],
        [
          0.260382,
          0.153883,
          -0.953164,
          2.834342
        ],
        [
          -0.127353,
          -0.973118,
          -0.191894,
          1.444332
        ],
        [
          0.0,
          0.0,
          0.0,
          1.0
        ]
      ]
    },
    {
      "file_path": "/media/NFS/ttao/scannet/posed_images/scene0606_02/00010.jpg",
      "transform_matrix": [
        [
          -0.948926,
          0.17773,
          -0.260673,
          4.856845
        ],
        [
          0.288181,
          0.151983,
          -0.945438,
          2.833231
        ],
        [
          -0.128415,
          -0.972272,
          -0.195439,
          1.441326
        ],
        [
          0.0,
          0.0,
          0.0,
          1.0
        ]
      ]
    },
    {
      "file_path": "/media/NFS/ttao/scannet/posed_images/scene0606_02/00015.jpg",
      "transform_matrix": [
        [
          -0.947765,
          0.184106,
          -0.260473,
          4.863015
        ],
        [
          0.292562,
          0.176415,
          -0.939833,
          2.830708
        ],
        [
          -0.127078,
          -0.966945,
          -0.221063,
          1.419492
        ],
        [
          0.0,
          0.0,
          0.0,
          1.0
        ]
      ]
    },
    {
      "file_path": "/media/NFS/ttao/scannet/posed_images/scene0606_02/00030.jpg",
      "transform_matrix": [
        [
          -0.92557,
          0.252357,
          -0.282199,
          4.86538
        ],
        [
          0.355603,
          0.323822,
          -0.876748,
          2.802659
        ],
        [
          -0.129871,
          -0.911842,
          -0.389458,
          1.368812
        ],
        [
          0.0,
          0.0,
          0.0,
          1.0
        ]
      ]
    },
    {
      "file_path": "/media/NFS/ttao/scannet/posed_images/scene0606_02/00035.jpg",
      "transform_matrix": [
        [
          -0.921575,
          0.274888,
          -0.274111,
          4.864028
        ],
        [
          0.362524,
          0.356869,
          -0.860942,
          2.796593
        ],
        [
          -0.138841,
          -0.892794,
          -0.428535,
          1.357847
        ],
        [
          0.0,
          0.0,
          0.0,
          1.0
        ]
      ]
    },
    {
      "file_path": "/media/NFS/ttao/scannet/posed_images/scene0606_02/00045.jpg",
      "transform_matrix": [
        [
          -0.908979,
          0.302931,
          -0.286339,
          4.86184
        ],
        [
          0.392796,
          0.392542,
          -0.831638,
          2.795983
        ],
        [
          -0.139529,
          -0.868415,
          -0.475802,
          1.358801
        ],
        [
          0.0,
          0.0,
          0.0,
          1.0
        ]
      ]
    },
    {
      "file_path": "/media/NFS/ttao/scannet/posed_images/scene0606_02/00048.jpg",
      "transform_matrix": [
        [
          -0.905752,
          0.311053,
          -0.287852,
          4.857284
        ],
        [
          0.399105,
          0.397534,
          -0.826246,
          2.793801
        ],
        [
          -0.142575,
          -0.863257,
          -0.48421,
          1.3617
        ],
        [
          0.0,
          0.0,
          0.0,
          1.0
        ]
      ]
    },
    {
      "file_path": "/media/NFS/ttao/scannet/posed_images/scene0606_02/00063.jpg",
      "transform_matrix": [
        [
          -0.89011,
          0.266934,
          -0.369391,
          4.820787
        ],
        [
          0.438374,
          0.279831,
          -0.854122,
          2.756667
        ],
        [
          -0.124627,
          -0.922194,
          -0.366097,
          1.44017
        ],
        [
          0.0,
          0.0,
          0.0,
          1.0
        ]
      ]
    },
    {
      "file_path": "/media/NFS/ttao/scannet/posed_images/scene0606_02/00068.jpg",
      "transform_matrix": [
        [
          -0.883566,
          0.244539,
          -0.399389,
          4.806057
        ],
        [
          0.453155,
          0.231273,
          -0.860909,
          2.754694
        ],
        [
          -0.118158,
          -0.941655,
          -0.315159,
          1.459869
        ],
        [
          0.0,
          0.0,
          0.0,
          1.0
        ]
      ]
    },
    {
      "file_path": "/media/NFS/ttao/scannet/posed_images/scene0606_02/00076.jpg",
      "transform_matrix": [
        [
          -0.895992,
          0.212297,
          -0.390037,
          4.780907
        ],
        [
          0.425773,
          0.161167,
          -0.890361,
          2.794719
        ],
        [
          -0.12616,
          -0.963823,
          -0.234795,
          1.463956
        ],
        [
          0.0,
          0.0,
          0.0,
          1.0
        ]
      ]
    },
    {
      "file_path": "/media/NFS/ttao/scannet/posed_images/scene0606_02/00086.jpg",
      "transform_matrix": [
        [
          -0.918826,
          0.168053,
          -0.357096,
          4.710768
        ],
        [
          0.375303,
          0.092142,
          -0.922311,
          2.861092
        ],
        [
          -0.122093,
          -0.981462,
          -0.147733,
          1.486366
        ],
        [
          0.0,
          0.0,
          0.0,
          1.0
        ]
      ]
    },
    {
      "file_path": "/media/NFS/ttao/scannet/posed_images/scene0606_02/00096.jpg",
      "transform_matrix": [
        [
          -0.936327,
          0.132763,
          -0.325062,
          4.654555
        ],
        [
          0.323237,
          -0.035683,
          -0.945645,
          2.913753
        ],
        [
          -0.137145,
          -0.990505,
          -0.009503,
          1.524197
        ],
        [
          0.0,
          0.0,
          0.0,
          1.0
        ]
      ]
    },
    {
      "file_path": "/media/NFS/ttao/scannet/posed_images/scene0606_02/00103.jpg",
      "transform_matrix": [
        [
          -0.942415,
          0.113566,
          -0.314575,
          4.627858
        ],
        [
          0.304928,
          -0.0946,
          -0.947665,
          2.936476
        ],
        [
          -0.137381,
          -0.989017,
          0.054523,
          1.547661
        ],
        [
          0.0,
          0.0,
          0.0,
          1.0
        ]
      ]
    },
    {
      "file_path": "/media/NFS/ttao/scannet/posed_images/scene0606_02/00111.jpg",
      "transform_matrix": [
        [
          -0.938059,
          0.101512,
          -0.33127,
          4.627347
        ],
        [
          0.317085,
          -0.133845,
          -0.938905,
          2.943171
        ],
        [
          -0.139649,
          -0.985789,
          0.093366,
          1.559837
        ],
        [
          0.0,
          0.0,
          0.0,
          1.0
        ]
      ]
    },
    {
      "file_path": "/media/NFS/ttao/scannet/posed_images/scene0606_02/00121.jpg",
      "transform_matrix": [
        [
          -0.943677,
          0.119911,
          -0.308376,
          4.619715
        ],
        [
          0.300129,
          -0.082092,
          -0.95036,
          2.928248
        ],
        [
          -0.139274,
          -0.989385,
          0.041479,
          1.530487
        ],
        [
          0.0,
          0.0,
          0.0,
          1.0
        ]
      ]
    },
    {
      "file_path": "/media/NFS/ttao/scannet/posed_images/scene0606_02/00126.jpg",
      "transform_matrix": [
        [
          -0.956158,
          0.103467,
          -0.273965,
          4.616999
        ],
        [
          0.266824,
          -0.07776,
          -0.960603,
          2.926748
        ],
        [
          -0.120694,
          -0.991589,
          0.046743,
          1.524301
        ],
        [
          0.0,
          0.0,
          0.0,
          1.0
        ]
      ]
    },
    {
      "file_path": "/media/NFS/ttao/scannet/posed_images/scene0606_02/00139.jpg",
      "transform_matrix": [
        [
          -0.973708,
          0.130908,
          -0.18643,
          4.631181
        ],
        [
          0.190022,
          0.015392,
          -0.981659,
          2.898304
        ],
        [
          -0.125637,
          -0.991275,
          -0.039863,
          1.497177
        ],
        [
          0.0,
          0.0,
          0.0,
          1.0
        ]
      ]
    },
    {
      "file_path": "/media/NFS/ttao/scannet/posed_images/scene0606_02/00146.jpg",
      "transform_matrix": [
        [
          -0.977443,
          0.132627,
          -0.164362,
          4.641684
        ],
        [
          0.175941,
          0.080826,
          -0.981077,
          2.876249
        ],
        [
          -0.116833,
          -0.987865,
          -0.102338,
          1.441279
        ],
        [
          0.0,
          0.0,
          0.0,
          1.0
        ]
      ]
    },
    {
      "file_path": "/media/NFS/ttao/scannet/posed_images/scene0606_02/00149.jpg",
      "transform_matrix": [
        [
          -0.97881,
          0.12209,
          -0.16439,
          4.649386
        ],
        [
          0.179275,
          0.123018,
          -0.976078,
          2.862666
        ],
        [
          -0.098946,
          -0.984866,
          -0.142299,
          1.43254
        ],
        [
          0.0,
          0.0,
          0.0,
          1.0
        ]
      ]
    },
    {
      "file_path": "/media/NFS/ttao/scannet/posed_images/scene0606_02/00164.jpg",
      "transform_matrix": [
        [
          -0.986868,
          0.103809,
          -0.123753,
          4.71274
        ],
        [
          0.146758,
          0.256185,
          -0.955422,
          2.822176
        ],
        [
          -0.067478,
          -0.961037,
          -0.268056,
          1.385875
        ],
        [
          0.0,
          0.0,
          0.0,
          1.0
        ]
      ]
    },
    {
      "file_path": "/media/NFS/ttao/scannet/posed_images/scene0606_02/00166.jpg",
      "transform_matrix": [
        [
          -0.986102,
          0.111052,
          -0.123573,
          4.717011
        ],
        [
          0.149194,
          0.264632,
          -0.952739,
          2.819266
        ],
        [
          -0.073102,
          -0.957934,
          -0.277523,
          1.38513
        ],
        [
          0.0,
          0.0,
          0.0,
          1.0
        ]
      ]
    },
    {
      "file_path": "/media/NFS/ttao/scannet/posed_images/scene0606_02/00174.jpg",
      "transform_matrix": [
        [
          -0.980868,
          0.137247,
          -0.138063,
          4.713937
        ],
        [
          0.172905,
          0.288307,
          -0.941798,
          2.810011
        ],
        [
          -0.089454,
          -0.947651,
          -0.306522,
          1.380984
        ],
        [
          0.0,
          0.0,
          0.0,
          1.0
        ]
      ]
    },
    {
      "file_path": "/media/NFS/ttao/scannet/posed_images/scene0606_02/00184.jpg",
      "transform_matrix": [
        [
          -0.986818,
          0.126168,
          -0.101349,
          4.62187
        ],
        [
          0.1292,
          0.237075,
          -0.962862,
          2.78493
        ],
        [
          -0.097455,
          -0.963264,
          -0.25025,
          1.39691
        ],
        [
          0.0,
          0.0,
          0.0,
          1.0
        ]
      ]
    },
    {
      "file_path": "/media/NFS/ttao/scannet/posed_images/scene0606_02/00197.jpg",
      "transform_matrix": [
        [
          -0.994712,
          0.08313,
          -0.060311,
          4.479102
        ],
        [
          0.077201,
          0.217919,
          -0.972909,
          2.728938
        ],
        [
          -0.067735,
          -0.97242,
          -0.223184,
          1.401523
        ],
        [
          0.0,
          0.0,
          0.0,
          1.0
        ]
      ]
    },
    {
      "file_path": "/media/NFS/ttao/scannet/posed_images/scene0606_02/00207.jpg",
      "transform_matrix": [
        [
          -0.996852,
          0.064885,
          -0.045563,
          4.424272
        ],
        [
          0.057932,
          0.203751,
          -0.977307,
          2.669282
        ],
        [
          -0.054129,
          -0.97687,
          -0.206869,
          1.41416
        ],
        [
          0.0,
          0.0,
          0.0,
          1.0
        ]
      ]
    },
    {
      "file_path": "/media/NFS/ttao/scannet/posed_images/scene0606_02/00209.jpg",
      "transform_matrix": [
        [
          -0.997044,
          0.057457,
          -0.051016,
          4.423518
        ],
        [
          0.061616,
          0.201191,
          -0.977612,
          2.65668
        ],
        [
          -0.045907,
          -0.977866,
          -0.204137,
          1.417949
        ],
        [
          0.0,
          0.0,
          0.0,
          1.0
        ]
      ]
    },
    {
      "file_path": "/media/NFS/ttao/scannet/posed_images/scene0606_02/00222.jpg",
      "transform_matrix": [
        [
          -0.997593,
          0.031269,
          0.061896,
          4.341086
        ],
        [
          -0.054875,
          0.189747,
          -0.980299,
          2.610807
        ],
        [
          -0.042398,
          -0.981335,
          -0.187574,
          1.424922
        ],
        [
          0.0,
          0.0,
          0.0,
          1.0
        ]
      ]
    },
    {
      "file_path": "/media/NFS/ttao/scannet/posed_images/scene0606_02/00224.jpg",
      "transform_matrix": [
        [
          -0.996386,
          0.027984,
          0.080197,
          4.3136
        ],
        [
          -0.07361,
          0.186646,
          -0.979666,
          2.612416
        ],
        [
          -0.042383,
          -0.982028,
          -0.183912,
          1.422655
        ],
        [
          0.0,
          0.0,
          0.0,
          1.0
        ]
      ]
    },
    {
      "file_path": "/media/NFS/ttao/scannet/posed_images/scene0606_02/00240.jpg",
      "transform_matrix": [
        [
          -0.930181,
          -0.022978,
          0.36638,
          4.098137
        ],
        [
          -0.365535,
          0.150017,
          -0.918629,
          2.639429
        ],
        [
          -0.033855,
          -0.988416,
          -0.147943,
          1.411261
        ],
        [
          0.0,
          0.0,
          0.0,
          1.0
        ]
      ]
    },
    {
      "file_path": "/media/NFS/ttao/scannet/posed_images/scene0606_02/00247.jpg",
      "transform_matrix": [
        [
          -0.914311,
          -0.043519,
          0.402668,
          4.064315
        ],
        [
          -0.403864,
          0.172823,
          -0.898346,
          2.624886
        ],
        [
          -0.030495,
          -0.983991,
          -0.175589,
          1.406607
        ],
        [
          0.0,
          0.0,
          0.0,
          1.0
        ]
      ]
    },
    {
      "file_path": "/media/NFS/ttao/scannet/posed_images/scene0606_02/00250.jpg",
      "transform_matrix": [
        [
          -0.916641,
          -0.049575,
          0.396624,
          4.058218
        ],
        [
          -0.398467,
          0.191527,
          -0.896962,
          2.621883
        ],
        [
          -0.031497,
          -0.980235,
          -0.195315,
          1.401186
        ],
        [
          0.0,
          0.0,
          0.0,
          1.0
        ]
      ]
    },
    {
      "file_path": "/media/NFS/ttao/scannet/posed_images/scene0606_02/00265.jpg",
      "transform_matrix": [
        [
          -0.917663,
          -0.099671,
          0.384657,
          4.056334
        ],
        [
          -0.396897,
          0.276686,
          -0.875168,
          2.616894
        ],
        [
          -0.0192,
          -0.955778,
          -0.293463,
          1.366958
        ],
        [
          0.0,
          0.0,
          0.0,
          1.0
        ]
      ]
    },
    {
      "file_path": "/media/NFS/ttao/scannet/posed_images/scene0606_02/00267.jpg",
      "transform_matrix": [
        [
          -0.914408,
          -0.108021,
          0.390115,
          4.059315
        ],
        [
          -0.404617,
          0.272418,
          -0.872968,
          2.618113
        ],
        [
          -0.011975,
          -0.956096,
          -0.292808,
          1.36584
        ],
        [
          0.0,
          0.0,
          0.0,
          1.0
        ]
      ]
    },
    {
      "file_path": "/media/NFS/ttao/scannet/posed_images/scene0606_02/00282.jpg",
      "transform_matrix": [
        [
          -0.86063,
          -0.188619,
          0.473011,
          4.12212
        ],
        [
          -0.508004,
          0.253548,
          -0.823192,
          2.658702
        ],
        [
          0.035339,
          -0.948755,
          -0.31403,
          1.36601
        ],
        [
          0.0,
          0.0,
          0.0,
          1.0
        ]
      ]
    },
    {
      "file_path": "/media/NFS/ttao/scannet/posed_images/scene0606_02/00288.jpg",
      "transform_matrix": [
        [
          -0.859654,
          -0.20332,
          0.468675,
          4.154578
        ],
        [
          -0.508171,
          0.246018,
          -0.825371,
          2.674026
        ],
        [
          0.052512,
          -0.947701,
          -0.314812,
          1.373005
        ],
        [
          0.0,
          0.0,
          0.0,
          1.0
        ]
      ]
    },
    {
      "file_path": "/media/NFS/ttao/scannet/posed_images/scene0606_02/00293.jpg",
      "transform_matrix": [
        [
          -0.871316,
          -0.208748,
          0.444109,
          4.189177
        ],
        [
          -0.487097,
          0.258108,
          -0.834336,
          2.687644
        ],
        [
          0.059538,
          -0.943295,
          -0.326574,
          1.366556
        ],
        [
          0.0,
          0.0,
          0.0,
          1.0
        ]
      ]
    },
    {
      "file_path": "/media/NFS/ttao/scannet/posed_images/scene0606_02/00303.jpg",
      "transform_matrix": [
        [
          -0.892448,
          -0.188298,
          0.409975,
          4.290963
        ],
        [
          -0.445606,
          0.225897,
          -0.86626,
          2.737351
        ],
        [
          0.070503,
          -0.95578,
          -0.285508,
          1.353927
        ],
        [
          0.0,
          0.0,
          0.0,
          1.0
        ]
      ]
    },
    {
      "file_path": "/media/NFS/ttao/scannet/posed_images/scene0606_02/00315.jpg",
      "transform_matrix": [
        [
          -0.894497,
          -0.209889,
          0.394744,
          4.431938
        ],
        [
          -0.442117,
          0.284162,
          -0.850755,
          2.783659
        ],
        [
          0.066393,
          -0.935521,
          -0.346977,
          1.328902
        ],
        [
          0.0,
          0.0,
          0.0,
          1.0
        ]
      ]
    },
    {
      "file_path": "/media/NFS/ttao/scannet/posed_images/scene0606_02/00323.jpg",
      "transform_matrix": [
        [
          -0.884895,
          -0.224211,
          0.408278,
          4.472556
        ],
        [
          -0.461818,
          0.30807,
          -0.831756,
          2.808192
        ],
        [
          0.060711,
          -0.924566,
          -0.376154,
          1.323215
        ],
        [
          0.0,
          0.0,
          0.0,
          1.0
        ]
      ]
    },
    {
      "file_path": "/media/NFS/ttao/scannet/posed_images/scene0606_02/00333.jpg",
      "transform_matrix": [
        [
          -0.882315,
          -0.183278,
          0.433507,
          4.45502
        ],
        [
          -0.469941,
          0.292226,
          -0.832922,
          2.806981
        ],
        [
          0.025974,
          -0.938623,
          -0.343966,
          1.325047
        ],
        [
          0.0,
          0.0,
          0.0,
          1.0
        ]
      ]
    },
    {
      "file_path": "/media/NFS/ttao/scannet/posed_images/scene0606_02/00340.jpg",
      "transform_matrix": [
        [
          -0.866124,
          -0.165609,
          0.471596,
          4.4233
        ],
        [
          -0.499694,
          0.308816,
          -0.809283,
          2.797636
        ],
        [
          -0.011612,
          -0.936593,
          -0.350227,
          1.321774
        ],
        [
          0.0,
          0.0,
          0.0,
          1.0
        ]
      ]
    },
    {
      "file_path": "/media/NFS/ttao/scannet/posed_images/scene0606_02/00343.jpg",
      "transform_matrix": [
        [
          -0.864915,
          -0.157935,
          0.476423,
          4.41517
        ],
        [
          -0.501499,
          0.310758,
          -0.807421,
          2.796912
        ],
        [
          -0.020532,
          -0.937276,
          -0.347983,
          1.321975
        ],
        [
          0.0,
          0.0,
          0.0,
          1.0
        ]
      ]
    },
    {
      "file_path": "/media/NFS/ttao/scannet/posed_images/scene0606_02/00351.jpg",
      "transform_matrix": [
        [
          -0.852211,
          -0.164063,
          0.496809,
          4.409996
        ],
        [
          -0.522524,
          0.31508,
          -0.792271,
          2.810245
        ],
        [
          -0.026552,
          -0.934777,
          -0.354242,
          1.305128
        ],
        [
          0.0,
          0.0,
          0.0,
          1.0
        ]
      ]
    },
    {
      "file_path": "/media/NFS/ttao/scannet/posed_images/scene0606_02/00366.jpg",
      "transform_matrix": [
        [
          -0.803551,
          -0.193354,
          0.562957,
          4.436869
        ],
        [
          -0.593844,
          0.325048,
          -0.735998,
          2.841007
        ],
        [
          -0.04068,
          -0.92572,
          -0.376015,
          1.307863
        ],
        [
          0.0,
          0.0,
          0.0,
          1.0
        ]
      ]
    },
    {
      "file_path": "/media/NFS/ttao/scannet/posed_images/scene0606_02/00373.jpg",
      "transform_matrix": [
        [
          -0.802115,
          -0.184345,
          0.568004,
          4.445512
        ],
        [
          -0.596431,
          0.29459,
          -0.74665,
          2.838888
        ],
        [
          -0.029687,
          -0.937675,
          -0.346244,
          1.334857
        ],
        [
          0.0,
          0.0,
          0.0,
          1.0
        ]
      ]
    },
    {
      "file_path": "/media/NFS/ttao/scannet/posed_images/scene0606_02/00376.jpg",
      "transform_matrix": [
        [
          -0.801998,
          -0.190183,
          0.566242,
          4.450144
        ],
        [
          -0.59687,
          0.292205,
          -0.747236,
          2.833808
        ],
        [
          -0.023347,
          -0.937255,
          -0.347862,
          1.351335
        ],
        [
          0.0,
          0.0,
          0.0,
          1.0
        ]
      ]
    },
    {
      "file_path": "/media/NFS/ttao/scannet/posed_images/scene0606_02/00391.jpg",
      "transform_matrix": [
        [
          -0.800939,
          -0.156682,
          0.577882,
          4.456281
        ],
        [
          -0.598716,
          0.199829,
          -0.775634,
          2.834529
        ],
        [
          0.006051,
          -0.967223,
          -0.253859,
          1.394136
        ],
        [
          0.0,
          0.0,
          0.0,
          1.0
        ]
      ]
    },
    {
      "file_path": "/media/NFS/ttao/scannet/posed_images/scene0606_02/00393.jpg",
      "transform_matrix": [
        [
          -0.799906,
          -0.158252,
          0.578884,
          4.457303
        ],
        [
          -0.600039,
          0.194566,
          -0.775949,
          2.836887
        ],
        [
          0.010164,
          -0.96804,
          -0.250592,
          1.396729
        ],
        [
          0.0,
          0.0,
          0.0,
          1.0
        ]
      ]
    },
    {
      "file_path": "/media/NFS/ttao/scannet/posed_images/scene0606_02/00401.jpg",
      "transform_matrix": [
        [
          -0.798651,
          -0.138153,
          0.585721,
          4.44831
        ],
        [
          -0.601791,
          0.180364,
          -0.778021,
          2.840513
        ],
        [
          0.001843,
          -0.973849,
          -0.227187,
          1.40896
        ],
        [
          0.0,
          0.0,
          0.0,
          1.0
        ]
      ]
    },
    {
      "file_path": "/media/NFS/ttao/scannet/posed_images/scene0606_02/00416.jpg",
      "transform_matrix": [
        [
          -0.814586,
          0.021284,
          0.579652,
          4.39325
        ],
        [
          -0.575363,
          0.097028,
          -0.812122,
          2.837221
        ],
        [
          -0.073528,
          -0.995054,
          -0.066792,
          1.474079
        ],
        [
          0.0,
          0.0,
          0.0,
          1.0
        ]
      ]
    },
    {
      "file_path": "/media/NFS/ttao/scannet/posed_images/scene0606_02/00419.jpg",
      "transform_matrix": [
        [
          -0.818079,
          0.032142,
          0.574206,
          4.38844
        ],
        [
          -0.570129,
          0.085742,
          -0.817069,
          2.839602
        ],
        [
          -0.075496,
          -0.995799,
          -0.051819,
          1.479457
        ],
        [
          0.0,
          0.0,
          0.0,
          1.0
        ]
      ]
    },
    {
      "file_path": "/media/NFS/ttao/scannet/posed_images/scene0606_02/00434.jpg",
      "transform_matrix": [
        [
          -0.824541,
          0.073483,
          0.56101,
          4.363577
        ],
        [
          -0.564399,
          -0.037024,
          -0.824672,
          2.863872
        ],
        [
          -0.039829,
          -0.996609,
          0.072001,
          1.486655
        ],
        [
          0.0,
          0.0,
          0.0,
          1.0
        ]
      ]
    },
    {
      "file_path": "/media/NFS/ttao/scannet/posed_images/scene0606_02/00441.jpg",
      "transform_matrix": [
        [
          -0.823508,
          0.083474,
          0.561129,
          4.351823
        ],
        [
          -0.566451,
          -0.066743,
          -0.821389,
          2.867471
        ],
        [
          -0.031113,
          -0.994272,
          0.102247,
          1.477408
        ],
        [
          0.0,
          0.0,
          0.0,
          1.0
        ]
      ]
    },
    {
      "file_path": "/media/NFS/ttao/scannet/posed_images/scene0606_02/00444.jpg",
      "transform_matrix": [
        [
          -0.825613,
          0.084648,
          0.557851,
          4.349921
        ],
        [
          -0.563343,
          -0.068027,
          -0.823418,
          2.866445
        ],
        [
          -0.031752,
          -0.994086,
          0.10385,
          1.478466
        ],
        [
          0.0,
          0.0,
          0.0,
          1.0
        ]
      ]
    },
    {
      "file_path": "/media/NFS/ttao/scannet/posed_images/scene0606_02/00451.jpg",
      "transform_matrix": [
        [
          -0.836447,
          0.087012,
          0.541096,
          4.345037
        ],
        [
          -0.546892,
          -0.06844,
          -0.834401,
          2.862138
        ],
        [
          -0.035571,
          -0.993854,
          0.104832,
          1.46079
        ],
        [
          0.0,
          0.0,
          0.0,
          1.0
        ]
      ]
    },
    {
      "file_path": "/media/NFS/ttao/scannet/posed_images/scene0606_02/00462.jpg",
      "transform_matrix": [
        [
          -0.857384,
          0.083359,
          0.507881,
          4.352259
        ],
        [
          -0.510591,
          -0.013665,
          -0.859715,
          2.847887
        ],
        [
          -0.064725,
          -0.996426,
          0.054279,
          1.448807
        ],
        [
          0.0,
          0.0,
          0.0,
          1.0
        ]
      ]
    },
    {
      "file_path": "/media/NFS/ttao/scannet/posed_images/scene0606_02/00469.jpg",
      "transform_matrix": [
        [
          -0.867588,
          0.071464,
          0.492122,
          4.35571
        ],
        [
          -0.492063,
          0.019652,
          -0.870338,
          2.840987
        ],
        [
          -0.071869,
          -0.99725,
          0.018115,
          1.420394
        ],
        [
          0.0,
          0.0,
          0.0,
          1.0
        ]
      ]
    },
    {
      "file_path": "/media/NFS/ttao/scannet/posed_images/scene0606_02/00482.jpg",
      "transform_matrix": [
        [
          -0.84662,
          -0.084686,
          0.525416,
          4.382933
        ],
        [
          -0.53172,
          0.176408,
          -0.828344,
          2.82113
        ],
        [
          -0.022539,
          -0.980667,
          -0.19438,
          1.373862
        ],
        [
          0.0,
          0.0,
          0.0,
          1.0
        ]
      ]
    },
    {
      "file_path": "/media/NFS/ttao/scannet/posed_images/scene0606_02/00487.jpg",
      "transform_matrix": [
        [
          -0.832656,
          -0.119655,
          0.540709,
          4.388927
        ],
        [
          -0.553497,
          0.21159,
          -0.805525,
          2.818454
        ],
        [
          -0.018024,
          -0.970006,
          -0.24241,
          1.3517
        ],
        [
          0.0,
          0.0,
          0.0,
          1.0
        ]
      ]
    },
    {
      "file_path": "/media/NFS/ttao/scannet/posed_images/scene0606_02/00497.jpg",
      "transform_matrix": [
        [
          -0.803091,
          -0.206269,
          0.559014,
          4.404031
        ],
        [
          -0.59582,
          0.267749,
          -0.757172,
          2.811235
        ],
        [
          0.006506,
          -0.94115,
          -0.337926,
          1.322348
        ],
        [
          0.0,
          0.0,
          0.0,
          1.0
        ]
      ]
    },
    {
      "file_path": "/media/NFS/ttao/scannet/posed_images/scene0606_02/00502.jpg",
      "transform_matrix": [
        [
          -0.796107,
          -0.223844,
          0.562234,
          4.411438
        ],
        [
          -0.6051,
          0.28186,
          -0.744586,
          2.81319
        ],
        [
          0.008199,
          -0.932979,
          -0.359839,
          1.306851
        ],
        [
          0.0,
          0.0,
          0.0,
          1.0
        ]
      ]
    },
    {
      "file_path": "/media/NFS/ttao/scannet/posed_images/scene0606_02/00514.jpg",
      "transform_matrix": [
        [
          -0.74695,
          -0.28518,
          0.600614,
          4.422513
        ],
        [
          -0.6647,
          0.299275,
          -0.68455,
          2.827931
        ],
        [
          0.015471,
          -0.910553,
          -0.413103,
          1.274534
        ],
        [
          0.0,
          0.0,
          0.0,
          1.0
        ]
      ]
    },
    {
      "file_path": "/media/NFS/ttao/scannet/posed_images/scene0606_02/00525.jpg",
      "transform_matrix": [
        [
          -0.686855,
          -0.30985,
          0.657437,
          4.439927
        ],
        [
          -0.72652,
          0.26787,
          -0.632783,
          2.850143
        ],
        [
          0.01996,
          -0.912271,
          -0.4091,
          1.268586
        ],
        [
          0.0,
          0.0,
          0.0,
          1.0
        ]
      ]
    },
    {
      "file_path": "/media/NFS/ttao/scannet/posed_images/scene0606_02/00535.jpg",
      "transform_matrix": [
        [
          -0.666026,
          -0.306527,
          0.680037,
          4.474605
        ],
        [
          -0.745642,
          0.248318,
          -0.618349,
          2.857594
        ],
        [
          0.020675,
          -0.918901,
          -0.393946,
          1.282497
        ],
        [
          0.0,
          0.0,
          0.0,
          1.0
        ]
      ]
    },
    {
      "file_path": "/media/NFS/ttao/scannet/posed_images/scene0606_02/00537.jpg",
      "transform_matrix": [
        [
          -0.669798,
          -0.307403,
          0.675925,
          4.484609
        ],
        [
          -0.742244,
          0.251335,
          -0.621212,
          2.85692
        ],
        [
          0.021079,
          -0.917788,
          -0.396512,
          1.284994
        ],
        [
          0.0,
          0.0,
          0.0,
          1.0
        ]
      ]
    },
    {
      "file_path": "/media/NFS/ttao/scannet/posed_images/scene0606_02/00547.jpg",
      "transform_matrix": [
        [
          -0.612264,
          -0.344655,
          0.71158,
          4.529577
        ],
        [
          -0.790122,
          0.233714,
          -0.566644,
          2.885437
        ],
        [
          0.02899,
          -0.90917,
          -0.415414,
          1.281589
        ],
        [
          0.0,
          0.0,
          0.0,
          1.0
        ]
      ]
    },
    {
      "file_path": "/media/NFS/ttao/scannet/posed_images/scene0606_02/00557.jpg",
      "transform_matrix": [
        [
          -0.55192,
          -0.339933,
          0.761465,
          4.550177
        ],
        [
          -0.832972,
          0.181733,
          -0.52262,
          2.927597
        ],
        [
          0.039272,
          -0.922724,
          -0.383457,
          1.295721
        ],
        [
          0.0,
          0.0,
          0.0,
          1.0
        ]
      ]
    },
    {
      "file_path": "/media/NFS/ttao/scannet/posed_images/scene0606_02/00567.jpg",
      "transform_matrix": [
        [
          -0.512228,
          -0.324888,
          0.795028,
          4.553643
        ],
        [
          -0.85813,
          0.155729,
          -0.489246,
          2.946984
        ],
        [
          0.035142,
          -0.932843,
          -0.358565,
          1.308339
        ],
        [
          0.0,
          0.0,
          0.0,
          1.0
        ]
      ]
    },
    {
      "file_path": "/media/NFS/ttao/scannet/posed_images/scene0606_02/00575.jpg",
      "transform_matrix": [
        [
          -0.479578,
          -0.334071,
          0.811419,
          4.557874
        ],
        [
          -0.877043,
          0.152648,
          -0.455517,
          2.958872
        ],
        [
          0.028314,
          -0.930105,
          -0.366201,
          1.31246
        ],
        [
          0.0,
          0.0,
          0.0,
          1.0
        ]
      ]
    },
    {
      "file_path": "/media/NFS/ttao/scannet/posed_images/scene0606_02/00583.jpg",
      "transform_matrix": [
        [
          -0.488284,
          -0.314845,
          0.813911,
          4.559866
        ],
        [
          -0.872342,
          0.149974,
          -0.465325,
          2.960685
        ],
        [
          0.02444,
          -0.93722,
          -0.347882,
          1.318137
        ],
        [
          0.0,
          0.0,
          0.0,
          1.0
        ]
      ]
    },
    {
      "file_path": "/media/NFS/ttao/scannet/posed_images/scene0606_02/00593.jpg",
      "transform_matrix": [
        [
          -0.468594,
          -0.297147,
          0.83194,
          4.564198
        ],
        [
          -0.882888,
          0.125039,
          -0.45263,
          2.973412
        ],
        [
          0.030473,
          -0.946609,
          -0.32094,
          1.336183
        ],
        [
          0.0,
          0.0,
          0.0,
          1.0
        ]
      ]
    },
    {
      "file_path": "/media/NFS/ttao/scannet/posed_images/scene0606_02/00595.jpg",
      "transform_matrix": [
        [
          -0.458456,
          -0.301495,
          0.836014,
          4.565897
        ],
        [
          -0.888109,
          0.120627,
          -0.443522,
          2.976653
        ],
        [
          0.032874,
          -0.945807,
          -0.323062,
          1.338601
        ],
        [
          0.0,
          0.0,
          0.0,
          1.0
        ]
      ]
    },
    {
      "file_path": "/media/NFS/ttao/scannet/posed_images/scene0606_02/00610.jpg",
      "transform_matrix": [
        [
          -0.388141,
          -0.277636,
          0.878786,
          4.567943
        ],
        [
          -0.921422,
          0.098159,
          -0.375961,
          2.998989
        ],
        [
          0.018119,
          -0.955658,
          -0.29392,
          1.367496
        ],
        [
          0.0,
          0.0,
          0.0,
          1.0
        ]
      ]
    },
    {
      "file_path": "/media/NFS/ttao/scannet/posed_images/scene0606_02/00615.jpg",
      "transform_matrix": [
        [
          -0.380262,
          -0.271939,
          0.883997,
          4.567005
        ],
        [
          -0.924496,
          0.084244,
          -0.371768,
          3.005648
        ],
        [
          0.026627,
          -0.95862,
          -0.283441,
          1.369343
        ],
        [
          0.0,
          0.0,
          0.0,
          1.0
        ]
      ]
    },
    {
      "file_path": "/media/NFS/ttao/scannet/posed_images/scene0606_02/00620.jpg",
      "transform_matrix": [
        [
          -0.383231,
          -0.268384,
          0.883801,
          4.566302
        ],
        [
          -0.922738,
          0.068677,
          -0.37926,
          3.012439
        ],
        [
          0.04109,
          -0.960861,
          -0.273967,
          1.366915
        ],
        [
          0.0,
          0.0,
          0.0,
          1.0
        ]
      ]
    },
    {
      "file_path": "/media/NFS/ttao/scannet/posed_images/scene0606_02/00636.jpg",
      "transform_matrix": [
        [
          -0.376579,
          -0.248203,
          0.892515,
          4.565933
        ],
        [
          -0.925638,
          0.062138,
          -0.373274,
          3.019886
        ],
        [
          0.037189,
          -0.966713,
          -0.253146,
          1.390944
        ],
        [
          0.0,
          0.0,
          0.0,
          1.0
        ]
      ]
    },
    {
      "file_path": "/media/NFS/ttao/scannet/posed_images/scene0606_02/00643.jpg",
      "transform_matrix": [
        [
          -0.37051,
          -0.231366,
          0.899551,
          4.565478
        ],
        [
          -0.928214,
          0.057012,
          -0.367652,
          3.02627
        ],
        [
          0.033777,
          -0.971195,
          -0.23588,
          1.396827
        ],
        [
          0.0,
          0.0,
          0.0,
          1.0
        ]
      ]
    },
    {
      "file_path": "/media/NFS/ttao/scannet/posed_images/scene0606_02/00651.jpg",
      "transform_matrix": [
        [
          -0.359268,
          -0.218017,
          0.907411,
          4.56765
        ],
        [
          -0.932622,
          0.048642,
          -0.357562,
          3.037045
        ],
        [
          0.033817,
