{
  "frames": [
    {
      "file_path": "/media/NFS/ttao/scannet/posed_images/scene0295_00/00000.jpg",
      "transform_matrix": [
        [
          -0.625165,
          -0.443708,
          0.6421,
          3.253518
        ],
        [
          -0.780358,
          0.370618,
          -0.50367,
          2.197187
        ],
        [
          -0.014491,
          -0.815945,
          -0.577948,
          1.360494
        ],
        [
          0.0,
          0.0,
          0.0,
          1.0
        ]
      ]
    },
    {
      "file_path": "/media/NFS/ttao/scannet/posed_images/scene0295_00/00006.jpg",
      "transform_matrix": [
        [
          -0.630833,
          -0.457743,
          0.626515,
          3.245073
        ],
        [
          -0.77581,
          0.385587,
          -0.499441,
          2.179975
        ],
        [
          -0.012961,
          -0.80112,
          -0.598363,
          1.356818
        ],
        [
          0.0,
          0.0,
          0.0,
          1.0
        ]
      ]
    },
    {
      "file_path": "/media/NFS/ttao/scannet/posed_images/scene0295_00/00009.jpg",
      "transform_matrix": [
        [
          -0.634588,
          -0.462289,
          0.619343,
          3.244697
        ],
        [
          -0.772781,
          0.390309,
          -0.500468,
          2.178697
        ],
        [
          -0.010374,
          -0.796208,
          -0.604934,
          1.354737
        ],
        [
          0.0,
          0.0,
          0.0,
          1.0
        ]
      ]
    },
    {
      "file_path": "/media/NFS/ttao/scannet/posed_images/scene0295_00/00012.jpg",
      "transform_matrix": [
        [
          -0.651347,
          -0.467617,
          0.597564,
          3.262516
        ],
        [
          -0.75878,
          0.401853,
          -0.512607,
          2.180685
        ],
        [
          -0.000429,
          -0.787305,
          -0.616564,
          1.361079
        ],
        [
          0.0,
          0.0,
          0.0,
          1.0
        ]
      ]
    },
    {
      "file_path": "/media/NFS/ttao/scannet/posed_images/scene0295_00/00014.jpg",
      "transform_matrix": [
        [
          -0.656929,
          -0.467139,
          0.591799,
          3.263179
        ],
        [
          -0.75395,
          0.405061,
          -0.517189,
          2.180485
        ],
        [
          0.001884,
          -0.785943,
          -0.618295,
          1.361135
        ],
        [
          0.0,
          0.0,
          0.0,
          1.0
        ]
      ]
    },
    {
      "file_path": "/media/NFS/ttao/scannet/posed_images/scene0295_00/00020.jpg",
      "transform_matrix": [
        [
          -0.667528,
          -0.467997,
          0.579125,
          3.264289
        ],
        [
          -0.74456,
          0.413165,
          -0.524334,
          2.177293
        ],
        [
          0.006113,
          -0.7812,
          -0.624251,
          1.361565
        ],
        [
          0.0,
          0.0,
          0.0,
          1.0
        ]
      ]
    },
    {
      "file_path": "/media/NFS/ttao/scannet/posed_images/scene0295_00/00023.jpg",
      "transform_matrix": [
        [
          -0.672077,
          -0.463133,
          0.577771,
          3.264901
        ],
        [
          -0.740473,
          0.416764,
          -0.527263,
          2.174933
        ],
        [
          0.003399,
          -0.782186,
          -0.623036,
          1.362892
        ],
        [
          0.0,
          0.0,
          0.0,
          1.0
        ]
      ]
    },
    {
      "file_path": "/media/NFS/ttao/scannet/posed_images/scene0295_00/00026.jpg",
      "transform_matrix": [
        [
          -0.680236,
          -0.459022,
          0.57147,
          3.264108
        ],
        [
          -0.732968,
          0.419498,
          -0.535518,
          2.17508
        ],
        [
          0.006083,
          -0.783148,
          -0.621806,
          1.360045
        ],
        [
          0.0,
          0.0,
          0.0,
          1.0
        ]
      ]
    },
    {
      "file_path": "/media/NFS/ttao/scannet/posed_images/scene0295_00/00031.jpg",
      "transform_matrix": [
        [
          -0.699042,
          -0.457026,
          0.549971,
          3.261348
        ],
        [
          -0.715033,
          0.437897,
          -0.544953,
          2.168402
        ],
        [
          0.008227,
          -0.774192,
          -0.632897,
          1.355382
        ],
        [
          0.0,
          0.0,
          0.0,
          1.0
        ]
      ]
    },
    {
      "file_path": "/media/NFS/ttao/scannet/posed_images/scene0295_00/00033.jpg",
      "transform_matrix": [
        [
          -0.706086,
          -0.454042,
          0.543405,
          3.261999
        ],
        [
          -0.708095,
          0.445487,
          -0.547853,
          2.164342
        ],
        [
          0.006669,
          -0.771614,
          -0.636057,
          1.354974
        ],
        [
          0.0,
          0.0,
          0.0,
          1.0
        ]
      ]
    },
    {
      "file_path": "/media/NFS/ttao/scannet/posed_images/scene0295_00/00039.jpg",
      "transform_matrix": [
        [
          -0.73799,
          -0.429328,
          0.520623,
          3.261127
        ],
        [
          -0.67481,
          0.468067,
          -0.570565,
          2.150247
        ],
        [
          0.001273,
          -0.772393,
          -0.635144,
          1.354502
        ],
        [
          0.0,
          0.0,
          0.0,
          1.0
        ]
      ]
    },
    {
      "file_path": "/media/NFS/ttao/scannet/posed_images/scene0295_00/00042.jpg",
      "transform_matrix": [
        [
          -0.758229,
          -0.419398,
          0.499193,
          3.260127
        ],
        [
          -0.65198,
          0.483889,
          -0.583758,
          2.140158
        ],
        [
          0.003272,
          -0.768086,
          -0.640338,
          1.35362
        ],
        [
          0.0,
          0.0,
          0.0,
          1.0
        ]
      ]
    },
    {
      "file_path": "/media/NFS/ttao/scannet/posed_images/scene0295_00/00045.jpg",
      "transform_matrix": [
        [
          -0.782817,
          -0.40226,
          0.474745,
          3.26003
        ],
        [
          -0.622232,
          0.499999,
          -0.602353,
          2.129358
        ],
        [
          0.004931,
          -0.766934,
          -0.641707,
          1.352297
        ],
        [
          0.0,
          0.0,
          0.0,
          1.0
        ]
      ]
    },
    {
      "file_path": "/media/NFS/ttao/scannet/posed_images/scene0295_00/00048.jpg",
      "transform_matrix": [
        [
          -0.809694,
          -0.379055,
          0.448011,
          3.261773
        ],
        [
          -0.586844,
          0.518762,
          -0.621692,
          2.118339
        ],
        [
          0.003244,
          -0.766292,
          -0.642484,
          1.351521
        ],
        [
          0.0,
          0.0,
          0.0,
          1.0
        ]
      ]
    },
    {
      "file_path": "/media/NFS/ttao/scannet/posed_images/scene0295_00/00051.jpg",
      "transform_matrix": [
        [
          -0.833416,
          -0.360608,
          0.418783,
          3.267546
        ],
        [
          -0.552643,
          0.54131,
          -0.633695,
          2.102348
        ],
        [
          0.001824,
          -0.759569,
          -0.650424,
          1.357733
        ],
        [
          0.0,
          0.0,
          0.0,
          1.0
        ]
      ]
    },
    {
      "file_path": "/media/NFS/ttao/scannet/posed_images/scene0295_00/00056.jpg",
      "transform_matrix": [
        [
          -0.869462,
          -0.327147,
          0.370148,
          3.271818
        ],
        [
          -0.493979,
          0.569019,
          -0.657421,
          2.085219
        ],
        [
          0.004452,
          -0.754448,
          -0.656345,
          1.357512
        ],
        [
          0.0,
          0.0,
          0.0,
          1.0
        ]
      ]
    },
    {
      "file_path": "/media/NFS/ttao/scannet/posed_images/scene0295_00/00059.jpg",
      "transform_matrix": [
        [
          -0.890865,
          -0.297271,
          0.343496,
          3.272477
        ],
        [
          -0.454265,
          0.585428,
          -0.671503,
          2.075299
        ],
        [
          -0.001474,
          -0.754257,
          -0.656577,
          1.357932
        ],
        [
          0.0,
          0.0,
          0.0,
          1.0
        ]
      ]
    },
    {
      "file_path": "/media/NFS/ttao/scannet/posed_images/scene0295_00/00062.jpg",
      "transform_matrix": [
        [
          -0.921937,
          -0.249691,
          0.296119,
          3.270025
        ],
        [
          -0.387272,
          0.608449,
          -0.692683,
          2.063988
        ],
        [
          -0.007216,
          -0.753289,
          -0.65765,
          1.357029
        ],
        [
          0.0,
          0.0,
          0.0,
          1.0
        ]
      ]
    },
    {
      "file_path": "/media/NFS/ttao/scannet/posed_images/scene0295_00/00069.jpg",
      "transform_matrix": [
        [
          -0.953521,
          -0.187369,
          0.235986,
          3.234834
        ],
        [
          -0.301023,
          0.627392,
          -0.718167,
          2.035794
        ],
        [
          -0.013493,
          -0.755825,
          -0.654635,
          1.360903
        ],
        [
          0.0,
          0.0,
          0.0,
          1.0
        ]
      ]
    },
    {
      "file_path": "/media/NFS/ttao/scannet/posed_images/scene0295_00/00070.jpg",
      "transform_matrix": [
        [
          -0.961736,
          -0.163606,
          0.219766,
          3.226315
        ],
        [
          -0.273161,
          0.634502,
          -0.723042,
          2.030947
        ],
        [
          -0.021147,
          -0.755407,
          -0.654915,
          1.363864
        ],
        [
          0.0,
          0.0,
          0.0,
          1.0
        ]
      ]
    },
    {
      "file_path": "/media/NFS/ttao/scannet/posed_images/scene0295_00/00076.jpg",
      "transform_matrix": [
        [
          -0.979551,
          -0.108383,
          0.169509,
          3.194697
        ],
        [
          -0.199433,
          0.634373,
          -0.746858,
          2.016614
        ],
        [
          -0.026585,
          -0.765391,
          -0.643016,
          1.372507
        ],
        [
          0.0,
          0.0,
          0.0,
          1.0
        ]
      ]
    },
    {
      "file_path": "/media/NFS/ttao/scannet/posed_images/scene0295_00/00080.jpg",
      "transform_matrix": [
        [
          -0.985516,
          -0.079752,
          0.149656,
          3.167599
        ],
        [
          -0.165959,
          0.634965,
          -0.754505,
          2.010027
        ],
        [
          -0.034853,
          -0.768414,
          -0.639004,
          1.376197
        ],
        [
          0.0,
          0.0,
          0.0,
          1.0
        ]
      ]
    },
    {
      "file_path": "/media/NFS/ttao/scannet/posed_images/scene0295_00/00083.jpg",
      "transform_matrix": [
        [
          -0.987461,
          -0.068537,
          0.142211,
          3.148894
        ],
        [
          -0.152947,
          0.638449,
          -0.754314,
          2.004225
        ],
        [
          -0.039096,
          -0.766607,
          -0.640926,
          1.381195
        ],
        [
          0.0,
          0.0,
          0.0,
          1.0
        ]
      ]
    },
    {
      "file_path": "/media/NFS/ttao/scannet/posed_images/scene0295_00/00085.jpg",
      "transform_matrix": [
        [
          -0.988973,
          -0.056264,
          0.136994,
          3.135421
        ],
        [
          -0.141271,
          0.636019,
          -0.758632,
          2.002945
        ],
        [
          -0.044447,
          -0.769619,
          -0.636954,
          1.381432
        ],
        [
          0.0,
          0.0,
          0.0,
          1.0
        ]
      ]
    },
    {
      "file_path": "/media/NFS/ttao/scannet/posed_images/scene0295_00/00088.jpg",
      "transform_matrix": [
        [
          -0.990243,
          -0.03296,
          0.135398,
          3.110969
        ],
        [
          -0.125087,
          0.638484,
          -0.759402,
          1.995214
        ],
        [
          -0.06142,
          -0.768929,
          -0.636377,
          1.384533
        ],
        [
          0.0,
          0.0,
          0.0,
          1.0
        ]
      ]
    },
    {
      "file_path": "/media/NFS/ttao/scannet/posed_images/scene0295_00/00095.jpg",
      "transform_matrix": [
        [
          -0.99277,
          -0.005233,
          0.119915,
          3.049226
        ],
        [
          -0.095984,
          0.634476,
          -0.76696,
          1.975495
        ],
        [
          -0.07207,
          -0.772925,
          -0.630391,
          1.382898
        ],
        [
          0.0,
          0.0,
          0.0,
          1.0
        ]
      ]
    },
    {
      "file_path": "/media/NFS/ttao/scannet/posed_images/scene0295_00/00096.jpg",
      "transform_matrix": [
        [
          -0.992941,
          -0.001202,
          0.1186,
          3.041109
        ],
        [
          -0.092623,
          0.632448,
          -0.769045,
          1.972147
        ],
        [
          -0.074084,
          -0.774602,
          -0.628095,
          1.383508
        ],
        [
          0.0,
          0.0,
          0.0,
          1.0
        ]
      ]
    },
    {
      "file_path": "/media/NFS/ttao/scannet/posed_images/scene0295_00/00100.jpg",
      "transform_matrix": [
        [
          -0.993194,
          0.016833,
          0.115251,
          3.014683
        ],
        [
          -0.079552,
          0.624709,
          -0.776795,
          1.961342
        ],
        [
          -0.085074,
          -0.780676,
          -0.619118,
          1.38762
        ],
        [
          0.0,
          0.0,
          0.0,
          1.0
        ]
      ]
    },
    {
      "file_path": "/media/NFS/ttao/scannet/posed_images/scene0295_00/00104.jpg",
      "transform_matrix": [
        [
          -0.993765,
          0.021101,
          0.109479,
          2.984701
        ],
        [
          -0.07211,
          0.627268,
          -0.775458,
          1.947701
        ],
        [
          -0.085036,
          -0.778517,
          -0.621835,
          1.390559
        ],
        [
          0.0,
          0.0,
          0.0,
          1.0
        ]
      ]
    },
    {
      "file_path": "/media/NFS/ttao/scannet/posed_images/scene0295_00/00109.jpg",
      "transform_matrix": [
        [
          -0.996023,
          0.015979,
          0.087656,
          2.946551
        ],
        [
          -0.0587,
          0.622439,
          -0.780464,
          1.931583
        ],
        [
          -0.067032,
          -0.782505,
          -0.619026,
          1.390705
        ],
        [
          0.0,
          0.0,
          0.0,
          1.0
        ]
      ]
    },
    {
      "file_path": "/media/NFS/ttao/scannet/posed_images/scene0295_00/00112.jpg",
      "transform_matrix": [
        [
          -0.995749,
          0.031986,
          0.086381,
          2.927939
        ],
        [
          -0.048193,
          0.618278,
          -0.784481,
          1.926387
        ],
        [
          -0.0785,
          -0.785309,
          -0.614108,
          1.389467
        ],
        [
          0.0,
          0.0,
          0.0,
          1.0
        ]
      ]
    },
    {
      "file_path": "/media/NFS/ttao/scannet/posed_images/scene0295_00/00115.jpg",
      "transform_matrix": [
        [
          -0.996748,
          0.049199,
          0.063823,
          2.905976
        ],
        [
          -0.01986,
          0.617598,
          -0.786243,
          1.909089
        ],
        [
          -0.078099,
          -0.784953,
          -0.614613,
          1.392882
        ],
        [
          0.0,
          0.0,
          0.0,
          1.0
        ]
      ]
    },
    {
      "file_path": "/media/NFS/ttao/scannet/posed_images/scene0295_00/00118.jpg",
      "transform_matrix": [
        [
          -0.998191,
          0.056129,
          0.021564,
          2.889884
        ],
        [
          0.016969,
          0.607023,
          -0.794503,
          1.891971
        ],
        [
          -0.057684,
          -0.7927,
          -0.606877,
          1.39224
        ],
        [
          0.0,
          0.0,
          0.0,
          1.0
        ]
      ]
    },
    {
      "file_path": "/media/NFS/ttao/scannet/posed_images/scene0295_00/00125.jpg",
      "transform_matrix": [
        [
          -0.992252,
          0.095053,
          -0.08,
          2.871749
        ],
        [
          0.120997,
          0.59325,
          -0.795873,
          1.844613
        ],
        [
          -0.02819,
          -0.799387,
          -0.600155,
          1.401267
        ],
        [
          0.0,
          0.0,
          0.0,
          1.0
        ]
      ]
    },
    {
      "file_path": "/media/NFS/ttao/scannet/posed_images/scene0295_00/00127.jpg",
      "transform_matrix": [
        [
          -0.98898,
          0.106817,
          -0.102515,
          2.872812
        ],
        [
          0.145883,
          0.585014,
          -0.797795,
          1.834434
        ],
        [
          -0.025246,
          -0.803958,
          -0.59415,
          1.405108
        ],
        [
          0.0,
          0.0,
          0.0,
          1.0
        ]
      ]
    },
    {
      "file_path": "/media/NFS/ttao/scannet/posed_images/scene0295_00/00129.jpg",
      "transform_matrix": [
        [
          -0.984903,
          0.119042,
          -0.125681,
          2.872271
        ],
        [
          0.171556,
          0.574156,
          -0.800571,
          1.823271
        ],
        [
          -0.023141,
          -0.810046,
          -0.58591,
          1.408545
        ],
        [
          0.0,
          0.0,
          0.0,
          1.0
        ]
      ]
    },
    {
      "file_path": "/media/NFS/ttao/scannet/posed_images/scene0295_00/00135.jpg",
      "transform_matrix": [
        [
          -0.953285,
          0.187117,
          -0.237138,
          2.889932
        ],
        [
          0.301612,
          0.546341,
          -0.781371,
          1.781983
        ],
        [
          -0.016649,
          -0.816394,
          -0.577256,
          1.42744
        ],
        [
          0.0,
          0.0,
          0.0,
          1.0
        ]
      ]
    },
    {
      "file_path": "/media/NFS/ttao/scannet/posed_images/scene0295_00/00137.jpg",
      "transform_matrix": [
        [
          -0.938692,
          0.207143,
          -0.275589,
          2.892142
        ],
        [
          0.344522,
          0.534074,
          -0.772055,
          1.768465
        ],
        [
          -0.012741,
          -0.819669,
          -0.572696,
          1.432607
        ],
        [
          0.0,
          0.0,
          0.0,
          1.0
        ]
      ]
    },
    {
      "file_path": "/media/NFS/ttao/scannet/posed_images/scene0295_00/00140.jpg",
      "transform_matrix": [
        [
          -0.913865,
          0.245824,
          -0.323144,
          2.900244
        ],
        [
          0.405507,
          0.512665,
          -0.756795,
          1.755622
        ],
        [
          -0.020374,
          -0.822645,
          -0.56819,
          1.437677
        ],
        [
          0.0,
          0.0,
          0.0,
          1.0
        ]
      ]
    },
    {
      "file_path": "/media/NFS/ttao/scannet/posed_images/scene0295_00/00146.jpg",
      "transform_matrix": [
        [
          -0.855861,
          0.319244,
          -0.406921,
          2.902697
        ],
        [
          0.515683,
          0.466402,
          -0.718708,
          1.724395
        ],
        [
          -0.039655,
          -0.824956,
          -0.563804,
          1.448825
        ],
        [
          0.0,
          0.0,
          0.0,
          1.0
        ]
      ]
    },
    {
      "file_path": "/media/NFS/ttao/scannet/posed_images/scene0295_00/00150.jpg",
      "transform_matrix": [
        [
          -0.817384,
          0.349213,
          -0.458184,
          2.903305
        ],
        [
          0.574959,
          0.444636,
          -0.686819,
          1.712435
        ],
        [
          -0.036121,
          -0.824833,
          -0.564222,
          1.452173
        ],
        [
          0.0,
          0.0,
          0.0,
          1.0
        ]
      ]
    },
    {
      "file_path": "/media/NFS/ttao/scannet/posed_images/scene0295_00/00154.jpg",
      "transform_matrix": [
        [
          -0.773847,
          0.388782,
          -0.500011,
          2.891549
        ],
        [
          0.632213,
          0.426373,
          -0.646926,
          1.697048
        ],
        [
          -0.038322,
          -0.816734,
          -0.57574,
          1.448651
        ],
        [
          0.0,
          0.0,
          0.0,
          1.0
        ]
      ]
    },
    {
      "file_path": "/media/NFS/ttao/scannet/posed_images/scene0295_00/00156.jpg",
      "transform_matrix": [
        [
          -0.742913,
          0.409657,
          -0.529397,
          2.87399
        ],
        [
          0.668436,
          0.41185,
          -0.619333,
          1.681031
        ],
        [
          -0.035682,
          -0.813979,
          -0.579798,
          1.447756
        ],
        [
          0.0,
          0.0,
          0.0,
          1.0
        ]
      ]
    },
    {
      "file_path": "/media/NFS/ttao/scannet/posed_images/scene0295_00/00160.jpg",
      "transform_matrix": [
        [
          -0.703705,
          0.429314,
          -0.566117,
          2.850262
        ],
        [
          0.709741,
          0.388136,
          -0.587893,
          1.646147
        ],
        [
          -0.032661,
          -0.8155,
          -0.577835,
          1.446708
        ],
        [
          0.0,
          0.0,
          0.0,
          1.0
        ]
      ]
    },
    {
      "file_path": "/media/NFS/ttao/scannet/posed_images/scene0295_00/00165.jpg",
      "transform_matrix": [
        [
          -0.666734,
          0.448788,
          -0.595026,
          2.80016
        ],
        [
          0.744089,
          0.3554,
          -0.565706,
          1.602947
        ],
        [
          -0.042409,
          -0.819927,
          -0.570895,
          1.441339
        ],
        [
          0.0,
          0.0,
          0.0,
          1.0
        ]
      ]
    },
    {
      "file_path": "/media/NFS/ttao/scannet/posed_images/scene0295_00/00166.jpg",
      "transform_matrix": [
        [
          -0.660928,
          0.456464,
          -0.595664,
          2.789025
        ],
        [
          0.749041,
          0.352652,
          -0.560869,
          1.591329
        ],
        [
          -0.045954,
          -0.816871,
          -0.574988,
          1.441418
        ],
        [
          0.0,
          0.0,
          0.0,
          1.0
        ]
      ]
    },
    {
      "file_path": "/media/NFS/ttao/scannet/posed_images/scene0295_00/00170.jpg",
      "transform_matrix": [
        [
          -0.62927,
          0.47838,
          -0.612513,
          2.739729
        ],
        [
          0.775786,
          0.339338,
          -0.531983,
          1.543164
        ],
        [
          -0.046641,
          -0.80994,
          -0.584656,
          1.442872
        ],
        [
          0.0,
          0.0,
          0.0,
          1.0
        ]
      ]
    },
    {
      "file_path": "/media/NFS/ttao/scannet/posed_images/scene0295_00/00176.jpg",
      "transform_matrix": [
        [
          -0.609145,
          0.49223,
          -0.621814,
          2.671878
        ],
        [
          0.792253,
          0.342358,
          -0.5051,
          1.502831
        ],
        [
          -0.035742,
          -0.800313,
          -0.598516,
          1.430467
        ],
        [
          0.0,
          0.0,
          0.0,
          1.0
        ]
      ]
    },
    {
      "file_path": "/media/NFS/ttao/scannet/posed_images/scene0295_00/00178.jpg",
      "transform_matrix": [
        [
          -0.600868,
          0.491845,
          -0.630115,
          2.651151
        ],
        [
          0.798776,
          0.339629,
          -0.496598,
          1.491049
        ],
        [
          -0.030244,
          -0.801711,
          -0.596947,
          1.430202
        ],
        [
          0.0,
          0.0,
          0.0,
          1.0
        ]
      ]
    },
    {
      "file_path": "/media/NFS/ttao/scannet/posed_images/scene0295_00/00181.jpg",
      "transform_matrix": [
        [
          -0.574208,
          0.504554,
          -0.644756,
          2.618512
        ],
        [
          0.818081,
          0.322749,
          -0.476001,
          1.476501
        ],
        [
          -0.032074,
          -0.800786,
          -0.598091,
          1.435594
        ],
        [
          0.0,
          0.0,
          0.0,
          1.0
        ]
      ]
    },
    {
      "file_path": "/media/NFS/ttao/scannet/posed_images/scene0295_00/00187.jpg",
      "transform_matrix": [
        [
          -0.530518,
          0.507831,
          -0.678718,
          2.573326
        ],
        [
          0.847172,
          0.290104,
          -0.445128,
          1.460096
        ],
        [
          -0.029151,
          -0.811139,
          -0.584126,
          1.447855
        ],
        [
          0.0,
          0.0,
          0.0,
          1.0
        ]
      ]
    },
    {
      "file_path": "/media/NFS/ttao/scannet/posed_images/scene0295_00/00190.jpg",
      "transform_matrix": [
        [
          -0.492493,
          0.506653,
          -0.707639,
          2.557868
        ],
        [
          0.869814,
          0.258914,
          -0.419985,
          1.458004
        ],
        [
          -0.029569,
          -0.822354,
          -0.568207,
          1.446751
        ],
        [
          0.0,
          0.0,
          0.0,
          1.0
        ]
      ]
    },
    {
      "file_path": "/media/NFS/ttao/scannet/posed_images/scene0295_00/00195.jpg",
      "transform_matrix": [
        [
          -0.429308,
          0.513952,
          -0.742663,
          2.545257
        ],
        [
          0.902231,
          0.206791,
          -0.378441,
          1.440956
        ],
        [
          -0.040924,
          -0.832521,
          -0.55248,
          1.467913
        ],
        [
          0.0,
          0.0,
          0.0,
          1.0
        ]
      ]
    },
    {
      "file_path": "/media/NFS/ttao/scannet/posed_images/scene0295_00/00198.jpg",
      "transform_matrix": [
        [
          -0.387641,
          0.52217,
          -0.759653,
          2.543908
        ],
        [
          0.9206,
          0.177085,
          -0.348046,
          1.423933
        ],
        [
          -0.047216,
          -0.834254,
          -0.549355,
          1.478956
        ],
        [
          0.0,
          0.0,
          0.0,
          1.0
        ]
      ]
    },
    {
      "file_path": "/media/NFS/ttao/scannet/posed_images/scene0295_00/00200.jpg",
      "transform_matrix": [
        [
          -0.36563,
          0.523026,
          -0.769908,
          2.546643
        ],
        [
          0.929632,
          0.164486,
          -0.329742,
          1.412752
        ],
        [
          -0.045825,
          -0.836295,
          -0.546362,
          1.48354
        ],
        [
          0.0,
          0.0,
          0.0,
          1.0
        ]
      ]
    },
    {
      "file_path": "/media/NFS/ttao/scannet/posed_images/scene0295_00/00204.jpg",
      "transform_matrix": [
        [
          -0.330517,
          0.523955,
          -0.785003,
          2.5569
        ],
        [
          0.94259,
          0.141146,
          -0.302658,
          1.386704
        ],
        [
          -0.047779,
          -0.83997,
          -0.540526,
          1.493073
        ],
        [
          0.0,
          0.0,
          0.0,
          1.0
        ]
      ]
    },
    {
      "file_path": "/media/NFS/ttao/scannet/posed_images/scene0295_00/00207.jpg",
      "transform_matrix": [
        [
          -0.301805,
          0.518886,
          -0.799794,
          2.567471
        ],
        [
          0.952718,
          0.133129,
          -0.273141,
          1.365729
        ],
        [
          -0.035254,
          -0.844413,
          -0.534531,
          1.496808
        ],
        [
          0.0,
          0.0,
          0.0,
          1.0
        ]
      ]
    },
    {
      "file_path": "/media/NFS/ttao/scannet/posed_images/scene0295_00/00210.jpg",
      "transform_matrix": [
        [
          -0.276949,
          0.522845,
          -0.806184,
          2.579495
        ],
        [
          0.960554,
          0.128639,
          -0.246551,
          1.34661
        ],
        [
          -0.025201,
          -0.842666,
          -0.537847,
          1.499231
        ],
        [
          0.0,
          0.0,
          0.0,
          1.0
        ]
      ]
    },
    {
      "file_path": "/media/NFS/ttao/scannet/posed_images/scene0295_00/00216.jpg",
      "transform_matrix": [
        [
          -0.223183,
          0.513638,
          -0.828471,
          2.598615
        ],
        [
          0.974771,
          0.120439,
          -0.187925,
          1.323688
        ],
        [
          0.003255,
          -0.849512,
          -0.52756,
          1.498854
        ],
        [
          0.0,
          0.0,
          0.0,
          1.0
        ]
      ]
    },
    {
      "file_path": "/media/NFS/ttao/scannet/posed_images/scene0295_00/00218.jpg",
      "transform_matrix": [
        [
          -0.207497,
          0.513694,
          -0.832505,
          2.60133
        ],
        [
          0.978148,
          0.120316,
          -0.169557,
          1.319853
        ],
        [
          0.013064,
          -0.849495,
          -0.527434,
          1.499858
        ],
        [
          0.0,
          0.0,
          0.0,
          1.0
        ]
      ]
    },
    {
      "file_path": "/media/NFS/ttao/scannet/posed_images/scene0295_00/00225.jpg",
      "transform_matrix": [
        [
          -0.132072,
          0.524312,
          -0.841222,
          2.590604
        ],
        [
          0.990442,
          0.103857,
          -0.090768,
          1.33648
        ],
        [
          0.039776,
          -0.845169,
          -0.533017,
          1.48656
        ],
        [
          0.0,
          0.0,
          0.0,
          1.0
        ]
      ]
    },
    {
      "file_path": "/media/NFS/ttao/scannet/posed_images/scene0295_00/00226.jpg",
      "transform_matrix": [
        [
          -0.124094,
          0.528723,
          -0.839674,
          2.587661
        ],
        [
          0.991544,
          0.09845,
          -0.084547,
          1.339857
        ],
        [
          0.037964,
          -0.843066,
          -0.536469,
          1.486543
        ],
        [
          0.0,
          0.0,
          0.0,
          1.0
        ]
      ]
    },
    {
      "file_path": "/media/NFS/ttao/scannet/posed_images/scene0295_00/00229.jpg",
      "transform_matrix": [
        [
          -0.097777,
          0.537757,
          -0.837411,
          2.575535
        ],
        [
          0.994517,
          0.084165,
          -0.062073,
          1.356842
        ],
        [
          0.037101,
          -0.838888,
          -0.543037,
          1.481392
        ],
        [
          0.0,
          0.0,
          0.0,
          1.0
        ]
      ]
    },
    {
      "file_path": "/media/NFS/ttao/scannet/posed_images/scene0295_00/00233.jpg",
      "transform_matrix": [
        [
          -0.06261,
          0.549018,
          -0.833462,
          2.558267
        ],
        [
          0.997595,
          0.059318,
          -0.035865,
          1.37919
        ],
        [
          0.029748,
          -0.833703,
          -0.551411,
          1.48086
        ],
        [
          0.0,
          0.0,
          0.0,
          1.0
        ]
      ]
    },
    {
      "file_path": "/media/NFS/ttao/scannet/posed_images/scene0295_00/00238.jpg",
      "transform_matrix": [
        [
          -0.026622,
          0.544278,
          -0.838482,
          2.533173
        ],
        [
          0.999525,
          0.02752,
          -0.013872,
          1.423801
        ],
        [
          0.015525,
          -0.838453,
          -0.544753,
          1.484078
        ],
        [
          0.0,
          0.0,
          0.0,
          1.0
        ]
      ]
    },
    {
      "file_path": "/media/NFS/ttao/scannet/posed_images/scene0295_00/00240.jpg",
      "transform_matrix": [
        [
          -0.01003,
          0.54123,
          -0.840815,
          2.523482
        ],
        [
          0.999894,
          0.014321,
          -0.002708,
          1.439049
        ],
        [
          0.010576,
          -0.840753,
          -0.541316,
          1.483634
        ],
        [
          0.0,
          0.0,
          0.0,
          1.0
        ]
      ]
    },
    {
      "file_path": "/media/NFS/ttao/scannet/posed_images/scene0295_00/00244.jpg",
      "transform_matrix": [
        [
          0.01609,
          0.53731,
          -0.843232,
          2.498972
        ],
        [
          0.999869,
          -0.00714,
          0.014529,
          1.48166
        ],
        [
          0.001787,
          -0.843355,
          -0.537354,
          1.48851
        ],
        [
          0.0,
          0.0,
          0.0,
          1.0
        ]
      ]
    },
    {
      "file_path": "/media/NFS/ttao/scannet/posed_images/scene0295_00/00250.jpg",
      "transform_matrix": [
        [
          0.050826,
          0.522199,
          -0.851308,
          2.467643
        ],
        [
          0.998694,
          -0.030986,
          0.040619,
          1.535285
        ],
        [
          -0.005168,
          -0.85226,
          -0.523092,
          1.494946
        ],
        [
          0.0,
          0.0,
          0.0,
          1.0
        ]
      ]
    },
    {
      "file_path": "/media/NFS/ttao/scannet/posed_images/scene0295_00/00254.jpg",
      "transform_matrix": [
        [
          0.076782,
          0.516062,
          -0.853103,
          2.445312
        ],
        [
          0.996969,
          -0.050472,
          0.059198,
          1.576713
        ],
        [
          -0.012508,
          -0.855063,
          -0.518373,
          1.499064
        ],
        [
          0.0,
          0.0,
          0.0,
          1.0
        ]
      ]
    },
    {
      "file_path": "/media/NFS/ttao/scannet/posed_images/scene0295_00/00256.jpg",
      "transform_matrix": [
        [
          0.091483,
          0.514716,
          -0.852466,
          2.433946
        ],
        [
          0.995661,
          -0.061926,
          0.069459,
          1.597589
        ],
        [
          -0.017038,
          -0.855121,
          -0.518148,
          1.499033
        ],
        [
          0.0,
          0.0,
          0.0,
          1.0
        ]
      ]
    },
    {
      "file_path": "/media/NFS/ttao/scannet/posed_images/scene0295_00/00260.jpg",
      "transform_matrix": [
        [
          0.119254,
          0.51212,
          -0.850594,
          2.413597
        ],
        [
          0.992665,
          -0.07862,
          0.091838,
          1.629137
        ],
        [
          -0.019842,
          -0.855308,
          -0.51774,
          1.500509
        ],
        [
          0.0,
          0.0,
          0.0,
          1.0
        ]
      ]
    },
    {
      "file_path": "/media/NFS/ttao/scannet/posed_images/scene0295_00/00264.jpg",
      "transform_matrix": [
        [
          0.147142,
          0.505472,
          -0.850204,
          2.394339
        ],
        [
          0.988884,
          -0.093778,
          0.115389,
          1.663181
        ],
        [
          -0.021404,
          -0.857732,
          -0.513652,
          1.49911
        ],
        [
          0.0,
          0.0,
          0.0,
          1.0
        ]
      ]
    },
    {
      "file_path": "/media/NFS/ttao/scannet/posed_images/scene0295_00/00269.jpg",
      "transform_matrix": [
        [
          0.170742,
          0.494818,
          -0.852058,
          2.371156
        ],
        [
          0.984974,
          -0.108476,
          0.134381,
          1.702069
        ],
        [
          -0.025934,
          -0.8622,
          -0.505904,
          1.501498
        ],
        [
          0.0,
          0.0,
          0.0,
          1.0
        ]
      ]
    },
    {
      "file_path": "/media/NFS/ttao/scannet/posed_images/scene0295_00/00273.jpg",
      "transform_matrix": [
        [
          0.184674,
          0.482497,
          -0.856208,
          2.356781
        ],
        [
          0.98233,
          -0.117547,
          0.145636,
          1.725536
        ],
        [
          -0.030375,
          -0.867975,
          -0.495679,
          1.503495
        ],
        [
          0.0,
          0.0,
          0.0,
          1.0
        ]
      ]
    },
    {
      "file_path": "/media/NFS/ttao/scannet/posed_images/scene0295_00/00276.jpg",
      "transform_matrix": [
        [
          0.188131,
          0.474887,
          -0.859703,
          2.3463
        ],
        [
          0.981652,
          -0.118604,
          0.149303,
          1.740105
        ],
        [
          -0.031062,
          -0.872018,
          -0.488487,
          1.506432
        ],
        [
          0.0,
          0.0,
          0.0,
          1.0
        ]
      ]
    },
    {
      "file_path": "/media/NFS/ttao/scannet/posed_images/scene0295_00/00277.jpg",
      "transform_matrix": [
        [
          0.188943,
          0.473677,
          -0.860192,
          2.342374
        ],
        [
          0.981448,
          -0.120117,
          0.149433,
          1.747366
        ],
        [
          -0.032541,
          -0.872469,
          -0.487585,
          1.50652
        ],
        [
          0.0,
          0.0,
          0.0,
          1.0
        ]
      ]
    },
    {
      "file_path": "/media/NFS/ttao/scannet/posed_images/scene0295_00/00282.jpg",
      "transform_matrix": [
        [
          0.205908,
          0.453992,
          -0.866887,
          2.323255
        ],
        [
          0.97799,
          -0.126013,
          0.166304,
          1.759491
        ],
        [
          -0.033739,
          -0.88205,
          -0.469947,
          1.511094
        ],
        [
          0.0,
          0.0,
          0.0,
          1.0
        ]
      ]
    },
    {
      "file_path": "/media/NFS/ttao/scannet/posed_images/scene0295_00/00287.jpg",
      "transform_matrix": [
        [
          0.213148,
          0.441611,
          -0.871521,
          2.296583
        ],
        [
          0.975601,
          -0.144266,
          0.165501,
          1.772266
        ],
        [
          -0.052644,
