{
  "frames": [
    {
      "file_path": "/media/NFS/ttao/scannet/posed_images/scene0122_00/00000.jpg",
      "transform_matrix": [
        [
          -0.40936,
          -0.486807,
          0.77165,
          1.412713
        ],
        [
          -0.912164,
          0.236459,
          -0.334729,
          1.214489
        ],
        [
          -0.019515,
          -0.840896,
          -0.540844,
          1.390939
        ],
        [
          0.0,
          0.0,
          0.0,
          1.0
        ]
      ]
    },
    {
      "file_path": "/media/NFS/ttao/scannet/posed_images/scene0122_00/00004.jpg",
      "transform_matrix": [
        [
          -0.429509,
          -0.487246,
          0.760337,
          1.408282
        ],
        [
          -0.903019,
          0.239935,
          -0.356353,
          1.210133
        ],
        [
          -0.0088,
          -0.839656,
          -0.543047,
          1.390728
        ],
        [
          0.0,
          0.0,
          0.0,
          1.0
        ]
      ]
    },
    {
      "file_path": "/media/NFS/ttao/scannet/posed_images/scene0122_00/00006.jpg",
      "transform_matrix": [
        [
          -0.432673,
          -0.48716,
          0.758597,
          1.404944
        ],
        [
          -0.901536,
          0.238706,
          -0.360906,
          1.20611
        ],
        [
          -0.005262,
          -0.840056,
          -0.542474,
          1.391297
        ],
        [
          0.0,
          0.0,
          0.0,
          1.0
        ]
      ]
    },
    {
      "file_path": "/media/NFS/ttao/scannet/posed_images/scene0122_00/00011.jpg",
      "transform_matrix": [
        [
          -0.446516,
          -0.484923,
          0.75198,
          1.393564
        ],
        [
          -0.894735,
          0.250009,
          -0.370061,
          1.207762
        ],
        [
          -0.008551,
          -0.838061,
          -0.54551,
          1.38337
        ],
        [
          0.0,
          0.0,
          0.0,
          1.0
        ]
      ]
    },
    {
      "file_path": "/media/NFS/ttao/scannet/posed_images/scene0122_00/00015.jpg",
      "transform_matrix": [
        [
          -0.443311,
          -0.4871,
          0.752469,
          1.389054
        ],
        [
          -0.896195,
          0.257363,
          -0.361385,
          1.205582
        ],
        [
          -0.017627,
          -0.834565,
          -0.550628,
          1.37896
        ],
        [
          0.0,
          0.0,
          0.0,
          1.0
        ]
      ]
    },
    {
      "file_path": "/media/NFS/ttao/scannet/posed_images/scene0122_00/00016.jpg",
      "transform_matrix": [
        [
          -0.442184,
          -0.48642,
          0.753571,
          1.38842
        ],
        [
          -0.896649,
          0.260545,
          -0.357962,
          1.203148
        ],
        [
          -0.02222,
          -0.833974,
          -0.551357,
          1.378514
        ],
        [
          0.0,
          0.0,
          0.0,
          1.0
        ]
      ]
    },
    {
      "file_path": "/media/NFS/ttao/scannet/posed_images/scene0122_00/00019.jpg",
      "transform_matrix": [
        [
          -0.429476,
          -0.472456,
          0.769633,
          1.382281
        ],
        [
          -0.90206,
          0.2649,
          -0.340758,
          1.198375
        ],
        [
          -0.042883,
          -0.840603,
          -0.539952,
          1.376613
        ],
        [
          0.0,
          0.0,
          0.0,
          1.0
        ]
      ]
    },
    {
      "file_path": "/media/NFS/ttao/scannet/posed_images/scene0122_00/00024.jpg",
      "transform_matrix": [
        [
          -0.426874,
          -0.492983,
          0.75812,
          1.37258
        ],
        [
          -0.903651,
          0.264572,
          -0.336775,
          1.180364
        ],
        [
          -0.034554,
          -0.828836,
          -0.558423,
          1.368037
        ],
        [
          0.0,
          0.0,
          0.0,
          1.0
        ]
      ]
    },
    {
      "file_path": "/media/NFS/ttao/scannet/posed_images/scene0122_00/00026.jpg",
      "transform_matrix": [
        [
          -0.420498,
          -0.496631,
          0.759301,
          1.369922
        ],
        [
          -0.906667,
          0.261114,
          -0.331323,
          1.176421
        ],
        [
          -0.033719,
          -0.827754,
          -0.560077,
          1.366768
        ],
        [
          0.0,
          0.0,
          0.0,
          1.0
        ]
      ]
    },
    {
      "file_path": "/media/NFS/ttao/scannet/posed_images/scene0122_00/00030.jpg",
      "transform_matrix": [
        [
          -0.401002,
          -0.507214,
          0.762844,
          1.364665
        ],
        [
          -0.91557,
          0.249602,
          -0.315326,
          1.173992
        ],
        [
          -0.030469,
          -0.824883,
          -0.564481,
          1.361517
        ],
        [
          0.0,
          0.0,
          0.0,
          1.0
        ]
      ]
    },
    {
      "file_path": "/media/NFS/ttao/scannet/posed_images/scene0122_00/00034.jpg",
      "transform_matrix": [
        [
          -0.369159,
          -0.512692,
          0.775157,
          1.364067
        ],
        [
          -0.928723,
          0.23453,
          -0.287174,
          1.164044
        ],
        [
          -0.034566,
          -0.825919,
          -0.562728,
          1.361205
        ],
        [
          0.0,
          0.0,
          0.0,
          1.0
        ]
      ]
    },
    {
      "file_path": "/media/NFS/ttao/scannet/posed_images/scene0122_00/00035.jpg",
      "transform_matrix": [
        [
          -0.362656,
          -0.514282,
          0.777171,
          1.364837
        ],
        [
          -0.931332,
          0.229714,
          -0.282583,
          1.161963
        ],
        [
          -0.033199,
          -0.826285,
          -0.562274,
          1.362102
        ],
        [
          0.0,
          0.0,
          0.0,
          1.0
        ]
      ]
    },
    {
      "file_path": "/media/NFS/ttao/scannet/posed_images/scene0122_00/00040.jpg",
      "transform_matrix": [
        [
          -0.320767,
          -0.509872,
          0.798209,
          1.368754
        ],
        [
          -0.946965,
          0.189665,
          -0.259393,
          1.150248
        ],
        [
          -0.019135,
          -0.839081,
          -0.54367,
          1.367125
        ],
        [
          0.0,
          0.0,
          0.0,
          1.0
        ]
      ]
    },
    {
      "file_path": "/media/NFS/ttao/scannet/posed_images/scene0122_00/00044.jpg",
      "transform_matrix": [
        [
          -0.27723,
          -0.511603,
          0.813268,
          1.379522
        ],
        [
          -0.960785,
          0.152879,
          -0.231345,
          1.151568
        ],
        [
          -0.005975,
          -0.845512,
          -0.533923,
          1.375477
        ],
        [
          0.0,
          0.0,
          0.0,
          1.0
        ]
      ]
    },
    {
      "file_path": "/media/NFS/ttao/scannet/posed_images/scene0122_00/00045.jpg",
      "transform_matrix": [
        [
          -0.268393,
          -0.512939,
          0.815389,
          1.382765
        ],
        [
          -0.963298,
          0.146992,
          -0.22461,
          1.149529
        ],
        [
          -0.004644,
          -0.845746,
          -0.533565,
          1.378148
        ],
        [
          0.0,
          0.0,
          0.0,
          1.0
        ]
      ]
    },
    {
      "file_path": "/media/NFS/ttao/scannet/posed_images/scene0122_00/00049.jpg",
      "transform_matrix": [
        [
          -0.229674,
          -0.514946,
          0.825881,
          1.408863
        ],
        [
          -0.97323,
          0.114088,
          -0.199516,
          1.156853
        ],
        [
          0.008517,
          -0.849597,
          -0.527364,
          1.390877
        ],
        [
          0.0,
          0.0,
          0.0,
          1.0
        ]
      ]
    },
    {
      "file_path": "/media/NFS/ttao/scannet/posed_images/scene0122_00/00054.jpg",
      "transform_matrix": [
        [
          -0.159613,
          -0.486878,
          0.858763,
          1.446269
        ],
        [
          -0.986647,
          0.050105,
          -0.154975,
          1.159003
        ],
        [
          0.032426,
          -0.872032,
          -0.488374,
          1.398867
        ],
        [
          0.0,
          0.0,
          0.0,
          1.0
        ]
      ]
    },
    {
      "file_path": "/media/NFS/ttao/scannet/posed_images/scene0122_00/00057.jpg",
      "transform_matrix": [
        [
          -0.134546,
          -0.468035,
          0.873407,
          1.473883
        ],
        [
          -0.989646,
          0.019013,
          -0.142263,
          1.169341
        ],
        [
          0.049978,
          -0.883505,
          -0.465747,
          1.406973
        ],
        [
          0.0,
          0.0,
          0.0,
          1.0
        ]
      ]
    },
    {
      "file_path": "/media/NFS/ttao/scannet/posed_images/scene0122_00/00058.jpg",
      "transform_matrix": [
        [
          -0.127721,
          -0.464259,
          0.876442,
          1.484569
        ],
        [
          -0.990284,
          0.010687,
          -0.13865,
          1.172326
        ],
        [
          0.055002,
          -0.885635,
          -0.461113,
          1.410574
        ],
        [
          0.0,
          0.0,
          0.0,
          1.0
        ]
      ]
    },
    {
      "file_path": "/media/NFS/ttao/scannet/posed_images/scene0122_00/00064.jpg",
      "transform_matrix": [
        [
          -0.105845,
          -0.431653,
          0.895808,
          1.556479
        ],
        [
          -0.992542,
          -0.00893,
          -0.121578,
          1.198584
        ],
        [
          0.060479,
          -0.901995,
          -0.427489,
          1.423037
        ],
        [
          0.0,
          0.0,
          0.0,
          1.0
        ]
      ]
    },
    {
      "file_path": "/media/NFS/ttao/scannet/posed_images/scene0122_00/00065.jpg",
      "transform_matrix": [
        [
          -0.103638,
          -0.429916,
          0.896901,
          1.567219
        ],
        [
          -0.992935,
          -0.007675,
          -0.118413,
          1.198862
        ],
        [
          0.057791,
          -0.902836,
          -0.426083,
          1.425559
        ],
        [
          0.0,
          0.0,
          0.0,
          1.0
        ]
      ]
    },
    {
      "file_path": "/media/NFS/ttao/scannet/posed_images/scene0122_00/00069.jpg",
      "transform_matrix": [
        [
          -0.082152,
          -0.422036,
          0.902849,
          1.599853
        ],
        [
          -0.99507,
          -0.015761,
          -0.097911,
          1.208859
        ],
        [
          0.055552,
          -0.906442,
          -0.418661,
          1.427835
        ],
        [
          0.0,
          0.0,
          0.0,
          1.0
        ]
      ]
    },
    {
      "file_path": "/media/NFS/ttao/scannet/posed_images/scene0122_00/00071.jpg",
      "transform_matrix": [
        [
          -0.079626,
          -0.43417,
          0.897305,
          1.617969
        ],
        [
          -0.99518,
          -0.017063,
          -0.096568,
          1.213625
        ],
        [
          0.057238,
          -0.900669,
          -0.430718,
          1.434602
        ],
        [
          0.0,
          0.0,
          0.0,
          1.0
        ]
      ]
    },
    {
      "file_path": "/media/NFS/ttao/scannet/posed_images/scene0122_00/00075.jpg",
      "transform_matrix": [
        [
          -0.083063,
          -0.475823,
          0.87561,
          1.640356
        ],
        [
          -0.994954,
          -0.010028,
          -0.099834,
          1.222579
        ],
        [
          0.056283,
          -0.879484,
          -0.472589,
          1.419978
        ],
        [
          0.0,
          0.0,
          0.0,
          1.0
        ]
      ]
    },
    {
      "file_path": "/media/NFS/ttao/scannet/posed_images/scene0122_00/00078.jpg",
      "transform_matrix": [
        [
          -0.072426,
          -0.479805,
          0.87438,
          1.654317
        ],
        [
          -0.996751,
          0.003852,
          -0.080448,
          1.222144
        ],
        [
          0.035231,
          -0.877366,
          -0.478526,
          1.409356
        ],
        [
          0.0,
          0.0,
          0.0,
          1.0
        ]
      ]
    },
    {
      "file_path": "/media/NFS/ttao/scannet/posed_images/scene0122_00/00083.jpg",
      "transform_matrix": [
        [
          -0.019314,
          -0.501362,
          0.865022,
          1.672382
        ],
        [
          -0.999683,
          -0.004298,
          -0.024811,
          1.210661
        ],
        [
          0.016158,
          -0.865227,
          -0.50112,
          1.395143
        ],
        [
          0.0,
          0.0,
          0.0,
          1.0
        ]
      ]
    },
    {
      "file_path": "/media/NFS/ttao/scannet/posed_images/scene0122_00/00086.jpg",
      "transform_matrix": [
        [
          0.012582,
          -0.51525,
          0.856947,
          1.679405
        ],
        [
          -0.999837,
          -0.017559,
          0.004123,
          1.201467
        ],
        [
          0.012922,
          -0.85686,
          -0.515387,
          1.386705
        ],
        [
          0.0,
          0.0,
          0.0,
          1.0
        ]
      ]
    },
    {
      "file_path": "/media/NFS/ttao/scannet/posed_images/scene0122_00/00087.jpg",
      "transform_matrix": [
        [
          0.021934,
          -0.52069,
          0.853464,
          1.681135
        ],
        [
          -0.999624,
          -0.02546,
          0.010158,
          1.197442
        ],
        [
          0.01644,
          -0.853366,
          -0.521053,
          1.383758
        ],
        [
          0.0,
          0.0,
          0.0,
          1.0
        ]
      ]
    },
    {
      "file_path": "/media/NFS/ttao/scannet/posed_images/scene0122_00/00093.jpg",
      "transform_matrix": [
        [
          0.11733,
          -0.53384,
          0.837406,
          1.690971
        ],
        [
          -0.993006,
          -0.074234,
          0.091807,
          1.160076
        ],
        [
          0.013153,
          -0.842321,
          -0.538816,
          1.382722
        ],
        [
          0.0,
          0.0,
          0.0,
          1.0
        ]
      ]
    },
    {
      "file_path": "/media/NFS/ttao/scannet/posed_images/scene0122_00/00094.jpg",
      "transform_matrix": [
        [
          0.133453,
          -0.53301,
          0.835518,
          1.692182
        ],
        [
          -0.990979,
          -0.082215,
          0.105836,
          1.150826
        ],
        [
          0.01228,
          -0.842105,
          -0.539174,
          1.382516
        ],
        [
          0.0,
          0.0,
          0.0,
          1.0
        ]
      ]
    },
    {
      "file_path": "/media/NFS/ttao/scannet/posed_images/scene0122_00/00099.jpg",
      "transform_matrix": [
        [
          0.221521,
          -0.510018,
          0.83115,
          1.69844
        ],
        [
          -0.975005,
          -0.130797,
          0.179601,
          1.11536
        ],
        [
          0.017113,
          -0.850161,
          -0.526245,
          1.390763
        ],
        [
          0.0,
          0.0,
          0.0,
          1.0
        ]
      ]
    },
    {
      "file_path": "/media/NFS/ttao/scannet/posed_images/scene0122_00/00100.jpg",
      "transform_matrix": [
        [
          0.240031,
          -0.501939,
          0.830928,
          1.700313
        ],
        [
          -0.970583,
          -0.140679,
          0.195393,
          1.10948
        ],
        [
          0.018819,
          -0.853386,
          -0.52094,
          1.39075
        ],
        [
          0.0,
          0.0,
          0.0,
          1.0
        ]
      ]
    },
    {
      "file_path": "/media/NFS/ttao/scannet/posed_images/scene0122_00/00106.jpg",
      "transform_matrix": [
        [
          0.34917,
          -0.443281,
          0.825579,
          1.703725
        ],
        [
          -0.936711,
          -0.189147,
          0.294613,
          1.073368
        ],
        [
          0.025559,
          -0.876199,
          -0.481271,
          1.398253
        ],
        [
          0.0,
          0.0,
          0.0,
          1.0
        ]
      ]
    },
    {
      "file_path": "/media/NFS/ttao/scannet/posed_images/scene0122_00/00108.jpg",
      "transform_matrix": [
        [
          0.377607,
          -0.438695,
          0.81545,
          1.707185
        ],
        [
          -0.92563,
          -0.202533,
          0.31967,
          1.068459
        ],
        [
          0.024918,
          -0.875516,
          -0.482547,
          1.399228
        ],
        [
          0.0,
          0.0,
          0.0,
          1.0
        ]
      ]
    },
    {
      "file_path": "/media/NFS/ttao/scannet/posed_images/scene0122_00/00110.jpg",
      "transform_matrix": [
        [
          0.400003,
          -0.434123,
          0.807177,
          1.706852
        ],
        [
          -0.916417,
          -0.202218,
          0.34538,
          1.067502
        ],
        [
          0.013288,
          -0.877864,
          -0.478725,
          1.396001
        ],
        [
          0.0,
          0.0,
          0.0,
          1.0
        ]
      ]
    },
    {
      "file_path": "/media/NFS/ttao/scannet/posed_images/scene0122_00/00116.jpg",
      "transform_matrix": [
        [
          0.459359,
          -0.407358,
          0.789334,
          1.737575
        ],
        [
          -0.88825,
          -0.211745,
          0.407647,
          1.064816
        ],
        [
          0.00108,
          -0.888383,
          -0.459103,
          1.398159
        ],
        [
          0.0,
          0.0,
          0.0,
          1.0
        ]
      ]
    },
    {
      "file_path": "/media/NFS/ttao/scannet/posed_images/scene0122_00/00118.jpg",
      "transform_matrix": [
        [
          0.473916,
          -0.400078,
          0.784436,
          1.75396
        ],
        [
          -0.88048,
          -0.228014,
          0.415649,
          1.07548
        ],
        [
          0.012571,
          -0.887664,
          -0.460321,
          1.396773
        ],
        [
          0.0,
          0.0,
          0.0,
          1.0
        ]
      ]
    },
    {
      "file_path": "/media/NFS/ttao/scannet/posed_images/scene0122_00/00120.jpg",
      "transform_matrix": [
        [
          0.491409,
          -0.384908,
          0.781257,
          1.767625
        ],
        [
          -0.870306,
          -0.250932,
          0.423792,
          1.089276
        ],
        [
          0.032922,
          -0.888189,
          -0.458298,
          1.393975
        ],
        [
          0.0,
          0.0,
          0.0,
          1.0
        ]
      ]
    },
    {
      "file_path": "/media/NFS/ttao/scannet/posed_images/scene0122_00/00125.jpg",
      "transform_matrix": [
        [
          0.54511,
          -0.33447,
          0.768755,
          1.820538
        ],
        [
          -0.834989,
          -0.298801,
          0.462073,
          1.124321
        ],
        [
          0.075155,
          -0.893783,
          -0.442158,
          1.391544
        ],
        [
          0.0,
          0.0,
          0.0,
          1.0
        ]
      ]
    },
    {
      "file_path": "/media/NFS/ttao/scannet/posed_images/scene0122_00/00129.jpg",
      "transform_matrix": [
        [
          0.5802,
          -0.320767,
          0.748649,
          1.863057
        ],
        [
          -0.810333,
          -0.319905,
          0.490939,
          1.154821
        ],
        [
          0.082019,
          -0.891498,
          -0.445537,
          1.386567
        ],
        [
          0.0,
          0.0,
          0.0,
          1.0
        ]
      ]
    },
    {
      "file_path": "/media/NFS/ttao/scannet/posed_images/scene0122_00/00132.jpg",
      "transform_matrix": [
        [
          0.605115,
          -0.308821,
          0.733801,
          1.890504
        ],
        [
          -0.791569,
          -0.331978,
          0.51304,
          1.175896
        ],
        [
          0.085168,
          -0.891303,
          -0.445338,
          1.383859
        ],
        [
          0.0,
          0.0,
          0.0,
          1.0
        ]
      ]
    },
    {
      "file_path": "/media/NFS/ttao/scannet/posed_images/scene0122_00/00133.jpg",
      "transform_matrix": [
        [
          0.6111,
          -0.307753,
          0.729276,
          1.899017
        ],
        [
          -0.787173,
          -0.333065,
          0.519063,
          1.181902
        ],
        [
          0.083153,
          -0.891267,
          -0.445791,
          1.381387
        ],
        [
          0.0,
          0.0,
          0.0,
          1.0
        ]
      ]
    },
    {
      "file_path": "/media/NFS/ttao/scannet/posed_images/scene0122_00/00136.jpg",
      "transform_matrix": [
        [
          0.629147,
          -0.308443,
          0.713468,
          1.935022
        ],
        [
          -0.77445,
          -0.327087,
          0.541517,
          1.179335
        ],
        [
          0.066339,
          -0.893239,
          -0.44466,
          1.381581
        ],
        [
          0.0,
          0.0,
          0.0,
          1.0
        ]
      ]
    },
    {
      "file_path": "/media/NFS/ttao/scannet/posed_images/scene0122_00/00140.jpg",
      "transform_matrix": [
        [
          0.663788,
          -0.301718,
          0.684362,
          1.960644
        ],
        [
          -0.744952,
          -0.348161,
          0.569061,
          1.180401
        ],
        [
          0.066572,
          -0.887553,
          -0.45587,
          1.378883
        ],
        [
          0.0,
          0.0,
          0.0,
          1.0
        ]
      ]
    },
    {
      "file_path": "/media/NFS/ttao/scannet/posed_images/scene0122_00/00145.jpg",
      "transform_matrix": [
        [
          0.698081,
          -0.280657,
          0.658722,
          1.980569
        ],
        [
          -0.714278,
          -0.337082,
          0.613338,
          1.166963
        ],
        [
          0.049906,
          -0.89867,
          -0.435777,
          1.385778
        ],
        [
          0.0,
          0.0,
          0.0,
          1.0
        ]
      ]
    },
    {
      "file_path": "/media/NFS/ttao/scannet/posed_images/scene0122_00/00148.jpg",
      "transform_matrix": [
        [
          0.717131,
          -0.287198,
          0.635011,
          1.983072
        ],
        [
          -0.695461,
          -0.35419,
          0.625207,
          1.147934
        ],
        [
          0.045357,
          -0.889981,
          -0.453736,
          1.382401
        ],
        [
          0.0,
          0.0,
          0.0,
          1.0
        ]
      ]
    },
    {
      "file_path": "/media/NFS/ttao/scannet/posed_images/scene0122_00/00150.jpg",
      "transform_matrix": [
        [
          0.731766,
          -0.287232,
          0.618075,
          1.983685
        ],
        [
          -0.680429,
          -0.360024,
          0.638279,
          1.131841
        ],
        [
          0.039188,
          -0.887626,
          -0.458894,
          1.38585
        ],
        [
          0.0,
          0.0,
          0.0,
          1.0
        ]
      ]
    },
    {
      "file_path": "/media/NFS/ttao/scannet/posed_images/scene0122_00/00153.jpg",
      "transform_matrix": [
        [
          0.7436,
          -0.281191,
          0.606623,
          1.980663
        ],
        [
          -0.667389,
          -0.367279,
          0.647841,
          1.107522
        ],
        [
          0.040632,
          -0.886588,
          -0.460772,
          1.384822
        ],
        [
          0.0,
          0.0,
          0.0,
          1.0
        ]
      ]
    },
    {
      "file_path": "/media/NFS/ttao/scannet/posed_images/scene0122_00/00156.jpg",
      "transform_matrix": [
        [
          0.755673,
          -0.279555,
          0.59229,
          1.977554
        ],
        [
          -0.653777,
          -0.376056,
          0.656626,
          1.078024
        ],
        [
          0.039171,
          -0.88342,
          -0.466942,
          1.378675
        ],
        [
          0.0,
          0.0,
          0.0,
          1.0
        ]
      ]
    },
    {
      "file_path": "/media/NFS/ttao/scannet/posed_images/scene0122_00/00159.jpg",
      "transform_matrix": [
        [
          0.771628,
          -0.278096,
          0.57206,
          1.973177
        ],
        [
          -0.635269,
          -0.382149,
          0.671115,
          1.053434
        ],
        [
          0.031978,
          -0.881263,
          -0.471543,
          1.373008
        ],
        [
          0.0,
          0.0,
          0.0,
          1.0
        ]
      ]
    },
    {
      "file_path": "/media/NFS/ttao/scannet/posed_images/scene0122_00/00164.jpg",
      "transform_matrix": [
        [
          0.807172,
          -0.282349,
          0.518413,
          1.96433
        ],
        [
          -0.589864,
          -0.420137,
          0.689598,
          1.022264
        ],
        [
          0.023097,
          -0.862418,
          -0.50567,
          1.373082
        ],
        [
          0.0,
          0.0,
          0.0,
          1.0
        ]
      ]
    },
    {
      "file_path": "/media/NFS/ttao/scannet/posed_images/scene0122_00/00165.jpg",
      "transform_matrix": [
        [
          0.815607,
          -0.279629,
          0.50655,
          1.962044
        ],
        [
          -0.578133,
          -0.429254,
          0.693904,
          1.018524
        ],
        [
          0.023403,
          -0.858806,
          -0.511766,
          1.372408
        ],
        [
          0.0,
          0.0,
          0.0,
          1.0
        ]
      ]
    },
    {
      "file_path": "/media/NFS/ttao/scannet/posed_images/scene0122_00/00171.jpg",
      "transform_matrix": [
        [
          0.886745,
          -0.232252,
          0.399677,
          1.952309
        ],
        [
          -0.462211,
          -0.457846,
          0.759433,
          0.997086
        ],
        [
          0.006611,
          -0.858158,
          -0.513343,
          1.369154
        ],
        [
          0.0,
          0.0,
          0.0,
          1.0
        ]
      ]
    },
    {
      "file_path": "/media/NFS/ttao/scannet/posed_images/scene0122_00/00174.jpg",
      "transform_matrix": [
        [
          0.910472,
          -0.216888,
          0.352137,
          1.952025
        ],
        [
          -0.413568,
          -0.473853,
          0.777448,
          0.992584
        ],
        [
          -0.001758,
          -0.853477,
          -0.521127,
          1.368146
        ],
        [
          0.0,
          0.0,
          0.0,
          1.0
        ]
      ]
    },
    {
      "file_path": "/media/NFS/ttao/scannet/posed_images/scene0122_00/00177.jpg",
      "transform_matrix": [
        [
          0.930839,
          -0.188114,
          0.31329,
          1.950322
        ],
        [
          -0.365304,
          -0.501378,
          0.78433,
          0.985331
        ],
        [
          0.009534,
          -0.844531,
          -0.535421,
          1.362024
        ],
        [
          0.0,
          0.0,
          0.0,
          1.0
        ]
      ]
    },
    {
      "file_path": "/media/NFS/ttao/scannet/posed_images/scene0122_00/00181.jpg",
      "transform_matrix": [
        [
          0.949406,
          -0.171531,
          0.263068,
          1.942461
        ],
        [
          -0.31405,
          -0.520585,
          0.793955,
          0.97545
        ],
        [
          0.000762,
          -0.836402,
          -0.548116,
          1.348055
        ],
        [
          0.0,
          0.0,
          0.0,
          1.0
        ]
      ]
    },
    {
      "file_path": "/media/NFS/ttao/scannet/posed_images/scene0122_00/00184.jpg",
      "transform_matrix": [
        [
          0.960059,
          -0.162346,
          0.227881,
          1.941895
        ],
        [
          -0.279646,
          -0.530011,
          0.800554,
          0.973713
        ],
        [
          -0.009188,
          -0.832306,
          -0.554241,
          1.341643
        ],
        [
          0.0,
          0.0,
          0.0,
          1.0
        ]
      ]
    },
    {
      "file_path": "/media/NFS/ttao/scannet/posed_images/scene0122_00/00187.jpg",
      "transform_matrix": [
        [
          0.96921,
          -0.151111,
          0.194413,
          1.943062
        ],
        [
          -0.245556,
          -0.534618,
          0.808632,
          0.974612
        ],
        [
          -0.018257,
          -0.831474,
          -0.555264,
          1.338245
        ],
        [
          0.0,
          0.0,
          0.0,
          1.0
        ]
      ]
    },
    {
      "file_path": "/media/NFS/ttao/scannet/posed_images/scene0122_00/00190.jpg",
      "transform_matrix": [
        [
          0.977911,
          -0.143452,
          0.152027,
          1.958146
        ],
        [
          -0.205986,
          -0.537848,
          0.81749,
          0.96815
        ],
        [
          -0.035503,
          -0.830747,
          -0.555516,
          1.334963
        ],
        [
          0.0,
          0.0,
          0.0,
          1.0
        ]
      ]
    },
    {
      "file_path": "/media/NFS/ttao/scannet/posed_images/scene0122_00/00194.jpg",
      "transform_matrix": [
        [
          0.985245,
          -0.13027,
          0.111006,
          1.963114
        ],
        [
          -0.164839,
          -0.547737,
          0.820252,
          0.979227
        ],
        [
          -0.046052,
          -0.826447,
          -0.561129,
          1.333297
        ],
        [
          0.0,
          0.0,
          0.0,
          1.0
        ]
      ]
    },
    {
      "file_path": "/media/NFS/ttao/scannet/posed_images/scene0122_00/00197.jpg",
      "transform_matrix": [
        [
          0.989388,
          -0.11466,
          0.089242,
          1.959989
        ],
        [
          -0.138176,
          -0.552582,
          0.821925,
          0.988253
        ],
        [
          -0.044929,
          -0.825534,
          -0.562561,
          1.333024
        ],
        [
          0.0,
          0.0,
          0.0,
          1.0
        ]
      ]
    },
    {
      "file_path": "/media/NFS/ttao/scannet/posed_images/scene0122_00/00200.jpg",
      "transform_matrix": [
        [
          0.991961,
          -0.102472,
          0.07425,
          1.957905
        ],
        [
          -0.118561,
          -0.547478,
          0.828379,
          0.988918
        ],
        [
          -0.044235,
          -0.830523,
          -0.555226,
          1.32299
        ],
        [
          0.0,
          0.0,
          0.0,
          1.0
        ]
      ]
    },
    {
      "file_path": "/media/NFS/ttao/scannet/posed_images/scene0122_00/00201.jpg",
      "transform_matrix": [
        [
          0.992472,
          -0.100637,
          0.069797,
          1.955327
        ],
        [
          -0.113919,
          -0.549325,
          0.827807,
          0.99435
        ],
        [
          -0.044966,
          -0.829527,
          -0.556654,
          1.326564
        ],
        [
          0.0,
          0.0,
          0.0,
          1.0
        ]
      ]
    },
    {
      "file_path": "/media/NFS/ttao/scannet/posed_images/scene0122_00/00207.jpg",
      "transform_matrix": [
        [
          0.996466,
          -0.07514,
          0.037526,
          1.951184
        ],
        [
          -0.072496,
          -0.543882,
          0.836024,
          1.014483
        ],
        [
          -0.042409,
          -0.835791,
          -0.547408,
          1.331521
        ],
        [
          0.0,
          0.0,
          0.0,
          1.0
        ]
      ]
    },
    {
      "file_path": "/media/NFS/ttao/scannet/posed_images/scene0122_00/00208.jpg",
      "transform_matrix": [
        [
          0.997333,
          -0.066105,
          0.03093,
          1.951388
        ],
        [
          -0.062058,
          -0.545087,
          0.836079,
          1.019705
        ],
        [
          -0.038409,
          -0.835769,
          -0.547736,
          1.33196
        ],
        [
          0.0,
          0.0,
          0.0,
          1.0
        ]
      ]
    },
    {
      "file_path": "/media/NFS/ttao/scannet/posed_images/scene0122_00/00213.jpg",
      "transform_matrix": [
        [
          0.999223,
          -0.039397,
          -0.000878,
          1.953712
        ],
        [
          -0.020203,
          -0.53127,
          0.846962,
          1.032712
        ],
        [
          -0.033834,
          -0.846286,
          -0.531653,
          1.326729
        ],
        [
          0.0,
          0.0,
          0.0,
          1.0
        ]
      ]
    },
    {
      "file_path": "/media/NFS/ttao/scannet/posed_images/scene0122_00/00215.jpg",
      "transform_matrix": [
        [
          0.999562,
          -0.028717,
          -0.007124,
          1.951089
        ],
        [
          -0.009044,
          -0.525819,
          0.850549,
          1.038016
        ],
        [
          -0.028171,
          -0.850112,
          -0.525848,
          1.328913
        ],
        [
          0.0,
          0.0,
          0.0,
          1.0
        ]
      ]
    },
    {
      "file_path": "/media/NFS/ttao/scannet/posed_images/scene0122_00/00218.jpg",
      "transform_matrix": [
        [
          0.999847,
          -0.017077,
          -0.00376,
          1.931453
        ],
        [
          -0.005522,
          -0.512355,
          0.858756,
          1.049288
        ],
        [
          -0.016591,
          -0.858604,
          -0.512371,
          1.333496
        ],
        [
          0.0,
          0.0,
          0.0,
          1.0
        ]
      ]
    },
    {
      "file_path": "/media/NFS/ttao/scannet/posed_images/scene0122_00/00222.jpg",
      "transform_matrix": [
        [
          0.999935,
          -0.002599,
          -0.011091,
          1.923506
        ],
        [
          0.008346,
          -0.495485,
          0.868577,
          1.06267
        ],
        [
          -0.007753,
          -0.868613,
          -0.495431,
          1.345806
        ],
        [
          0.0,
          0.0,
          0.0,
          1.0
        ]
      ]
    },
    {
      "file_path": "/media/NFS/ttao/scannet/posed_images/scene0122_00/00224.jpg",
      "transform_matrix": [
        [
          0.999945,
          -0.000622,
          -0.010409,
          1.921634
        ],
        [
          0.008726,
          -0.496594,
          0.867939,
          1.068758
        ],
        [
          -0.005709,
          -0.867983,
          -0.496562,
          1.349171
        ],
        [
          0.0,
          0.0,
          0.0,
          1.0
        ]
      ]
    },
    {
      "file_path": "/media/NFS/ttao/scannet/posed_images/scene0122_00/00227.jpg",
      "transform_matrix": [
        [
          0.999772,
          0.003637,
          -0.021018,
          1.917794
        ],
        [
          0.020057,
          -0.495595,
          0.868322,
          1.076914
        ],
        [
          -0.007259,
          -0.868546,
          -0.495555,
          1.3519
        ],
        [
          0.0,
          0.0,
          0.0,
          1.0
        ]
      ]
    },
    {
      "file_path": "/media/NFS/ttao/scannet/posed_images/scene0122_00/00233.jpg",
      "transform_matrix": [
        [
          0.995991,
          0.027101,
          -0.085251,
          1.90537
        ],
        [
          0.087833,
          -0.47695,
          0.874531,
          1.097273
        ],
        [
          -0.016959,
          -0.878513,
          -0.477418,
          1.358068
        ],
        [
          0.0,
          0.0,
          0.0,
          1.0
        ]
      ]
    },
    {
      "file_path": "/media/NFS/ttao/scannet/posed_images/scene0122_00/00235.jpg",
      "transform_matrix": [
        [
          0.994493,
          0.033397,
          -0.099335,
          1.898996
        ],
        [
          0.1033,
          -0.472091,
          0.875477,
          1.10281
        ],
        [
          -0.017657,
          -0.880917,
          -0.472941,
          1.357466
        ],
        [
          0.0,
          0.0,
          0.0,
          1.0
        ]
      ]
    },
    {
      "file_path": "/media/NFS/ttao/scannet/posed_images/scene0122_00/00237.jpg",
      "transform_matrix": [
        [
          0.993417,
          0.039682,
          -0.107455,
          1.89377
        ],
        [
          0.11325,
          -0.481096,
          0.869322,
          1.110497
        ],
        [
          -0.0172,
          -0.875769,
          -0.482423,
          1.357961
        ],
        [
          0.0,
          0.0,
          0.0,
          1.0
        ]
      ]
    },
    {
      "file_path": "/media/NFS/ttao/scannet/posed_images/scene0122_00/00241.jpg",
      "transform_matrix": [
        [
          0.989576,
          0.067032,
          -0.127461,
          1.877318
        ],
        [
          0.143926,
          -0.491002,
          0.859187,
          1.122548
        ],
        [
          -0.00499,
          -0.868576,
          -0.495532,
          1.344141
        ],
        [
          0.0,
          0.0,
          0.0,
          1.0
        ]
      ]
    },
    {
      "file_path": "/media/NFS/ttao/scannet/posed_images/scene0122_00/00246.jpg",
      "transform_matrix": [
        [
          0.977432,
          0.091823,
          -0.190248,
          1.85066
        ],
        [
          0.210874,
          -0.477663,
          0.85286,
          1.166084
        ],
        [
          -0.012562,
          -0.873731,
          -0.486247,
          1.3462
        ],
        [
          0.0,
          0.0,
          0.0,
          1.0
        ]
      ]
    },
    {
      "file_path": "/media/NFS/ttao/scannet/posed_images/scene0122_00/00247.jpg",
      "transform_matrix": [
        [
          0.97564,
          0.098237,
          -0.196152,
          1.845311
        ],
        [
          0.219148,
          -0.477259,
          0.850999,
          1.173051
        ],
        [
          -0.010015,
          -0.873255,
          -0.487161,
          1.345548
        ],
        [
          0.0,
          0.0,
          0.0,
          1.0
        ]
      ]
    },
    {
      "file_path": "/media/NFS/ttao/scannet/posed_images/scene0122_00/00251.jpg",
      "transform_matrix": [
        [
          0.966751,
          0.127642,
          -0.221585,
          1.825411
        ],
        [
          0.255704,
          -0.473233,
          0.84301,
          1.206148
        ],
        [
          0.002742,
          -0.871641,
