{
  "frames": [
    {
      "file_path": "/media/NFS/ttao/scannet/posed_images/scene0111_01/00000.jpg",
      "transform_matrix": [
        [
          0.957833,
          -0.282792,
          0.05085,
          1.219263
        ],
        [
          -0.266208,
          -0.806826,
          0.527413,
          3.242232
        ],
        [
          -0.108121,
          -0.51871,
          -0.848086,
          1.2709
        ],
        [
          0.0,
          0.0,
          0.0,
          1.0
        ]
      ]
    },
    {
      "file_path": "/media/NFS/ttao/scannet/posed_images/scene0111_01/00007.jpg",
      "transform_matrix": [
        [
          0.954328,
          -0.294102,
          0.052566,
          1.222741
        ],
        [
          -0.277541,
          -0.807583,
          0.520367,
          3.240808
        ],
        [
          -0.110589,
          -0.51119,
          -0.852324,
          1.268441
        ],
        [
          0.0,
          0.0,
          0.0,
          1.0
        ]
      ]
    },
    {
      "file_path": "/media/NFS/ttao/scannet/posed_images/scene0111_01/00013.jpg",
      "transform_matrix": [
        [
          0.948922,
          -0.311703,
          0.048862,
          1.239037
        ],
        [
          -0.291086,
          -0.805159,
          0.516708,
          3.233553
        ],
        [
          -0.121718,
          -0.504539,
          -0.854766,
          1.269303
        ],
        [
          0.0,
          0.0,
          0.0,
          1.0
        ]
      ]
    },
    {
      "file_path": "/media/NFS/ttao/scannet/posed_images/scene0111_01/00022.jpg",
      "transform_matrix": [
        [
          0.921192,
          -0.378776,
          0.089075,
          1.265529
        ],
        [
          -0.371757,
          -0.789141,
          0.488931,
          3.225577
        ],
        [
          -0.114902,
          -0.483513,
          -0.867763,
          1.264124
        ],
        [
          0.0,
          0.0,
          0.0,
          1.0
        ]
      ]
    },
    {
      "file_path": "/media/NFS/ttao/scannet/posed_images/scene0111_01/00033.jpg",
      "transform_matrix": [
        [
          0.82542,
          -0.536853,
          0.174558,
          1.321013
        ],
        [
          -0.555444,
          -0.717128,
          0.420963,
          3.21036
        ],
        [
          -0.100815,
          -0.444428,
          -0.890124,
          1.256004
        ],
        [
          0.0,
          0.0,
          0.0,
          1.0
        ]
      ]
    },
    {
      "file_path": "/media/NFS/ttao/scannet/posed_images/scene0111_01/00040.jpg",
      "transform_matrix": [
        [
          0.721438,
          -0.651139,
          0.23568,
          1.350969
        ],
        [
          -0.688299,
          -0.636937,
          0.34721,
          3.203086
        ],
        [
          -0.075969,
          -0.412709,
          -0.907689,
          1.251357
        ],
        [
          0.0,
          0.0,
          0.0,
          1.0
        ]
      ]
    },
    {
      "file_path": "/media/NFS/ttao/scannet/posed_images/scene0111_01/00042.jpg",
      "transform_matrix": [
        [
          0.691675,
          -0.67785,
          0.24921,
          1.358618
        ],
        [
          -0.718463,
          -0.610724,
          0.332906,
          3.198699
        ],
        [
          -0.073462,
          -0.409311,
          -0.909433,
          1.249985
        ],
        [
          0.0,
          0.0,
          0.0,
          1.0
        ]
      ]
    },
    {
      "file_path": "/media/NFS/ttao/scannet/posed_images/scene0111_01/00051.jpg",
      "transform_matrix": [
        [
          0.552924,
          -0.777147,
          0.300529,
          1.387403
        ],
        [
          -0.831456,
          -0.491072,
          0.259865,
          3.181904
        ],
        [
          -0.054372,
          -0.393562,
          -0.917689,
          1.244647
        ],
        [
          0.0,
          0.0,
          0.0,
          1.0
        ]
      ]
    },
    {
      "file_path": "/media/NFS/ttao/scannet/posed_images/scene0111_01/00062.jpg",
      "transform_matrix": [
        [
          0.391052,
          -0.842865,
          0.369672,
          1.421742
        ],
        [
          -0.919785,
          -0.343597,
          0.189568,
          3.153818
        ],
        [
          -0.032762,
          -0.41415,
          -0.909619,
          1.251163
        ],
        [
          0.0,
          0.0,
          0.0,
          1.0
        ]
      ]
    },
    {
      "file_path": "/media/NFS/ttao/scannet/posed_images/scene0111_01/00064.jpg",
      "transform_matrix": [
        [
          0.370953,
          -0.84551,
          0.384066,
          1.427128
        ],
        [
          -0.928209,
          -0.32482,
          0.181436,
          3.152438
        ],
        [
          -0.028654,
          -0.423799,
          -0.905303,
          1.255142
        ],
        [
          0.0,
          0.0,
          0.0,
          1.0
        ]
      ]
    },
    {
      "file_path": "/media/NFS/ttao/scannet/posed_images/scene0111_01/00077.jpg",
      "transform_matrix": [
        [
          0.306333,
          -0.800356,
          0.515355,
          1.448019
        ],
        [
          -0.950516,
          -0.227738,
          0.211316,
          3.141561
        ],
        [
          -0.051762,
          -0.554586,
          -0.830515,
          1.30072
        ],
        [
          0.0,
          0.0,
          0.0,
          1.0
        ]
      ]
    },
    {
      "file_path": "/media/NFS/ttao/scannet/posed_images/scene0111_01/00084.jpg",
      "transform_matrix": [
        [
          0.314853,
          -0.743209,
          0.590345,
          1.462284
        ],
        [
          -0.947928,
          -0.214801,
          0.235143,
          3.124124
        ],
        [
          -0.047953,
          -0.633641,
          -0.77214,
          1.332252
        ],
        [
          0.0,
          0.0,
          0.0,
          1.0
        ]
      ]
    },
    {
      "file_path": "/media/NFS/ttao/scannet/posed_images/scene0111_01/00091.jpg",
      "transform_matrix": [
        [
          0.322081,
          -0.683608,
          0.654938,
          1.46339
        ],
        [
          -0.945585,
          -0.198539,
          0.257783,
          3.118082
        ],
        [
          -0.046192,
          -0.702326,
          -0.710355,
          1.360252
        ],
        [
          0.0,
          0.0,
          0.0,
          1.0
        ]
      ]
    },
    {
      "file_path": "/media/NFS/ttao/scannet/posed_images/scene0111_01/00095.jpg",
      "transform_matrix": [
        [
          0.34342,
          -0.651632,
          0.676342,
          1.460253
        ],
        [
          -0.937917,
          -0.20059,
          0.282976,
          3.119631
        ],
        [
          -0.048729,
          -0.731532,
          -0.680063,
          1.372801
        ],
        [
          0.0,
          0.0,
          0.0,
          1.0
        ]
      ]
    },
    {
      "file_path": "/media/NFS/ttao/scannet/posed_images/scene0111_01/00106.jpg",
      "transform_matrix": [
        [
          0.454869,
          -0.550836,
          0.699767,
          1.465868
        ],
        [
          -0.888649,
          -0.229318,
          0.397135,
          3.128103
        ],
        [
          -0.058287,
          -0.802491,
          -0.59381,
          1.413941
        ],
        [
          0.0,
          0.0,
          0.0,
          1.0
        ]
      ]
    },
    {
      "file_path": "/media/NFS/ttao/scannet/posed_images/scene0111_01/00115.jpg",
      "transform_matrix": [
        [
          0.549814,
          -0.468991,
          0.691196,
          1.496539
        ],
        [
          -0.832001,
          -0.234165,
          0.502932,
          3.09692
        ],
        [
          -0.074017,
          -0.851595,
          -0.518948,
          1.448522
        ],
        [
          0.0,
          0.0,
          0.0,
          1.0
        ]
      ]
    },
    {
      "file_path": "/media/NFS/ttao/scannet/posed_images/scene0111_01/00119.jpg",
      "transform_matrix": [
        [
          0.572057,
          -0.434819,
          0.695474,
          1.498053
        ],
        [
          -0.816905,
          -0.225951,
          0.530672,
          3.097246
        ],
        [
          -0.073603,
          -0.87171,
          -0.484463,
          1.463225
        ],
        [
          0.0,
          0.0,
          0.0,
          1.0
        ]
      ]
    },
    {
      "file_path": "/media/NFS/ttao/scannet/posed_images/scene0111_01/00126.jpg",
      "transform_matrix": [
        [
          0.618623,
          -0.372273,
          0.691895,
          1.479354
        ],
        [
          -0.782482,
          -0.212447,
          0.58531,
          3.097215
        ],
        [
          -0.070904,
          -0.903482,
          -0.422721,
          1.466633
        ],
        [
          0.0,
          0.0,
          0.0,
          1.0
        ]
      ]
    },
    {
      "file_path": "/media/NFS/ttao/scannet/posed_images/scene0111_01/00130.jpg",
      "transform_matrix": [
        [
          0.645326,
          -0.347822,
          0.680128,
          1.465347
        ],
        [
          -0.76001,
          -0.20251,
          0.617555,
          3.099078
        ],
        [
          -0.077067,
          -0.915428,
          -0.395034,
          1.455197
        ],
        [
          0.0,
          0.0,
          0.0,
          1.0
        ]
      ]
    },
    {
      "file_path": "/media/NFS/ttao/scannet/posed_images/scene0111_01/00144.jpg",
      "transform_matrix": [
        [
          0.719819,
          -0.248216,
          0.648266,
          1.44626
        ],
        [
          -0.689622,
          -0.149076,
          0.708659,
          3.094325
        ],
        [
          -0.07926,
          -0.957165,
          -0.278483,
          1.492907
        ],
        [
          0.0,
          0.0,
          0.0,
          1.0
        ]
      ]
    },
    {
      "file_path": "/media/NFS/ttao/scannet/posed_images/scene0111_01/00148.jpg",
      "transform_matrix": [
        [
          0.726779,
          -0.195843,
          0.658361,
          1.437493
        ],
        [
          -0.683635,
          -0.113296,
          0.720977,
          3.089304
        ],
        [
          -0.066609,
          -0.974069,
          -0.216226,
          1.505316
        ],
        [
          0.0,
          0.0,
          0.0,
          1.0
        ]
      ]
    },
    {
      "file_path": "/media/NFS/ttao/scannet/posed_images/scene0111_01/00157.jpg",
      "transform_matrix": [
        [
          0.743526,
          -0.141659,
          0.65353,
          1.430053
        ],
        [
          -0.666272,
          -0.073613,
          0.742066,
          3.067184
        ],
        [
          -0.057012,
          -0.987175,
          -0.149117,
          1.526519
        ],
        [
          0.0,
          0.0,
          0.0,
          1.0
        ]
      ]
    },
    {
      "file_path": "/media/NFS/ttao/scannet/posed_images/scene0111_01/00166.jpg",
      "transform_matrix": [
        [
          0.734805,
          -0.111287,
          0.669086,
          1.432745
        ],
        [
          -0.676325,
          -0.045409,
          0.735202,
          3.057324
        ],
        [
          -0.051436,
          -0.99275,
          -0.108633,
          1.541313
        ],
        [
          0.0,
          0.0,
          0.0,
          1.0
        ]
      ]
    },
    {
      "file_path": "/media/NFS/ttao/scannet/posed_images/scene0111_01/00172.jpg",
      "transform_matrix": [
        [
          0.735567,
          -0.060446,
          0.674751,
          1.431664
        ],
        [
          -0.676729,
          -0.019536,
          0.735973,
          3.04782
        ],
        [
          -0.031305,
          -0.99798,
          -0.055276,
          1.54868
        ],
        [
          0.0,
          0.0,
          0.0,
          1.0
        ]
      ]
    },
    {
      "file_path": "/media/NFS/ttao/scannet/posed_images/scene0111_01/00175.jpg",
      "transform_matrix": [
        [
          0.735589,
          -0.051556,
          0.675464,
          1.431038
        ],
        [
          -0.676861,
          -0.01512,
          0.735956,
          3.047242
        ],
        [
          -0.02773,
          -0.998556,
          -0.046018,
          1.555824
        ],
        [
          0.0,
          0.0,
          0.0,
          1.0
        ]
      ]
    },
    {
      "file_path": "/media/NFS/ttao/scannet/posed_images/scene0111_01/00183.jpg",
      "transform_matrix": [
        [
          0.731151,
          -0.022663,
          0.681839,
          1.43061
        ],
        [
          -0.681674,
          0.015545,
          0.731491,
          3.037227
        ],
        [
          -0.027178,
          -0.999622,
          -0.004083,
          1.566244
        ],
        [
          0.0,
          0.0,
          0.0,
          1.0
        ]
      ]
    },
    {
      "file_path": "/media/NFS/ttao/scannet/posed_images/scene0111_01/00192.jpg",
      "transform_matrix": [
        [
          0.705362,
          0.006755,
          0.708815,
          1.423895
        ],
        [
          -0.708443,
          0.040496,
          0.704606,
          3.035045
        ],
        [
          -0.023945,
          -0.999157,
          0.03335,
          1.569945
        ],
        [
          0.0,
          0.0,
          0.0,
          1.0
        ]
      ]
    },
    {
      "file_path": "/media/NFS/ttao/scannet/posed_images/scene0111_01/00197.jpg",
      "transform_matrix": [
        [
          0.704651,
          0.010107,
          0.709482,
          1.425185
        ],
        [
          -0.709281,
          0.037769,
          0.703913,
          3.032026
        ],
        [
          -0.019682,
          -0.999235,
          0.033783,
          1.580897
        ],
        [
          0.0,
          0.0,
          0.0,
          1.0
        ]
      ]
    },
    {
      "file_path": "/media/NFS/ttao/scannet/posed_images/scene0111_01/00208.jpg",
      "transform_matrix": [
        [
          0.650479,
          0.0044,
          0.759511,
          1.422761
        ],
        [
          -0.758827,
          0.0466,
          0.649623,
          3.024202
        ],
        [
          -0.032535,
          -0.998904,
          0.033651,
          1.567003
        ],
        [
          0.0,
          0.0,
          0.0,
          1.0
        ]
      ]
    },
    {
      "file_path": "/media/NFS/ttao/scannet/posed_images/scene0111_01/00212.jpg",
      "transform_matrix": [
        [
          0.628002,
          0.007427,
          0.778176,
          1.427738
        ],
        [
          -0.77749,
          0.049046,
          0.62698,
          3.012239
        ],
        [
          -0.03351,
          -0.998769,
          0.036576,
          1.556101
        ],
        [
          0.0,
          0.0,
          0.0,
          1.0
        ]
      ]
    },
    {
      "file_path": "/media/NFS/ttao/scannet/posed_images/scene0111_01/00223.jpg",
      "transform_matrix": [
        [
          0.53533,
          0.00689,
          0.844615,
          1.429659
        ],
        [
          -0.844553,
          0.018939,
          0.535137,
          3.021545
        ],
        [
          -0.012309,
          -0.999797,
          0.015958,
          1.544497
        ],
        [
          0.0,
          0.0,
          0.0,
          1.0
        ]
      ]
    },
    {
      "file_path": "/media/NFS/ttao/scannet/posed_images/scene0111_01/00232.jpg",
      "transform_matrix": [
        [
          0.471516,
          -0.006436,
          0.881834,
          1.462081
        ],
        [
          -0.881838,
          0.003231,
          0.471541,
          3.004833
        ],
        [
          -0.005884,
          -0.999974,
          -0.004152,
          1.543983
        ],
        [
          0.0,
          0.0,
          0.0,
          1.0
        ]
      ]
    },
    {
      "file_path": "/media/NFS/ttao/scannet/posed_images/scene0111_01/00234.jpg",
      "transform_matrix": [
        [
          0.454056,
          -0.00772,
          0.89094,
          1.462976
        ],
        [
          -0.890947,
          0.003677,
          0.454092,
          3.008875
        ],
        [
          -0.006782,
          -0.999963,
          -0.005209,
          1.540685
        ],
        [
          0.0,
          0.0,
          0.0,
          1.0
        ]
      ]
    },
    {
      "file_path": "/media/NFS/ttao/scannet/posed_images/scene0111_01/00241.jpg",
      "transform_matrix": [
        [
          0.387265,
          -0.023376,
          0.921672,
          1.482822
        ],
        [
          -0.921944,
          -0.002573,
          0.387314,
          3.005678
        ],
        [
          -0.006683,
          -0.999724,
          -0.022547,
          1.534
        ],
        [
          0.0,
          0.0,
          0.0,
          1.0
        ]
      ]
    },
    {
      "file_path": "/media/NFS/ttao/scannet/posed_images/scene0111_01/00250.jpg",
      "transform_matrix": [
        [
          0.295827,
          -0.053707,
          0.953731,
          1.504358
        ],
        [
          -0.955239,
          -0.019047,
          0.295222,
          3.02316
        ],
        [
          0.002311,
          -0.998375,
          -0.056937,
          1.543258
        ],
        [
          0.0,
          0.0,
          0.0,
          1.0
        ]
      ]
    },
    {
      "file_path": "/media/NFS/ttao/scannet/posed_images/scene0111_01/00256.jpg",
      "transform_matrix": [
        [
          0.204715,
          -0.035916,
          0.978163,
          1.505639
        ],
        [
          -0.978776,
          -0.017201,
          0.204212,
          3.070224
        ],
        [
          0.00949,
          -0.999207,
          -0.038675,
          1.541737
        ],
        [
          0.0,
          0.0,
          0.0,
          1.0
        ]
      ]
    },
    {
      "file_path": "/media/NFS/ttao/scannet/posed_images/scene0111_01/00270.jpg",
      "transform_matrix": [
        [
          -0.014805,
          -0.039531,
          0.999109,
          1.528109
        ],
        [
          -0.999571,
          0.025835,
          -0.013789,
          3.081905
        ],
        [
          -0.025267,
          -0.998884,
          -0.039897,
          1.505132
        ],
        [
          0.0,
          0.0,
          0.0,
          1.0
        ]
      ]
    },
    {
      "file_path": "/media/NFS/ttao/scannet/posed_images/scene0111_01/00276.jpg",
      "transform_matrix": [
        [
          -0.086074,
          -0.036245,
          0.995629,
          1.528606
        ],
        [
          -0.996079,
          0.023651,
          -0.085252,
          3.110666
        ],
        [
          -0.020458,
          -0.999063,
          -0.038139,
          1.498163
        ],
        [
          0.0,
          0.0,
          0.0,
          1.0
        ]
      ]
    },
    {
      "file_path": "/media/NFS/ttao/scannet/posed_images/scene0111_01/00278.jpg",
      "transform_matrix": [
        [
          -0.112343,
          -0.036858,
          0.992986,
          1.530556
        ],
        [
          -0.993544,
          0.020071,
          -0.111661,
          3.12349
        ],
        [
          -0.015815,
          -0.999119,
          -0.038875,
          1.506926
        ],
        [
          0.0,
          0.0,
          0.0,
          1.0
        ]
      ]
    },
    {
      "file_path": "/media/NFS/ttao/scannet/posed_images/scene0111_01/00285.jpg",
      "transform_matrix": [
        [
          -0.178426,
          -0.050947,
          0.982634,
          1.537148
        ],
        [
          -0.983948,
          0.00601,
          -0.178353,
          3.08997
        ],
        [
          0.00318,
          -0.998683,
          -0.051201,
          1.540896
        ],
        [
          0.0,
          0.0,
          0.0,
          1.0
        ]
      ]
    },
    {
      "file_path": "/media/NFS/ttao/scannet/posed_images/scene0111_01/00294.jpg",
      "transform_matrix": [
        [
          -0.308194,
          -0.069373,
          0.948791,
          1.520836
        ],
        [
          -0.950956,
          -0.005266,
          -0.309282,
          3.058107
        ],
        [
          0.026452,
          -0.997577,
          -0.064347,
          1.581234
        ],
        [
          0.0,
          0.0,
          0.0,
          1.0
        ]
      ]
    },
    {
      "file_path": "/media/NFS/ttao/scannet/posed_images/scene0111_01/00305.jpg",
      "transform_matrix": [
        [
          -0.415926,
          -0.074125,
          0.906372,
          1.442325
        ],
        [
          -0.908316,
          -0.014746,
          -0.418024,
          2.994035
        ],
        [
          0.044351,
          -0.99714,
          -0.061196,
          1.542547
        ],
        [
          0.0,
          0.0,
          0.0,
          1.0
        ]
      ]
    },
    {
      "file_path": "/media/NFS/ttao/scannet/posed_images/scene0111_01/00314.jpg",
      "transform_matrix": [
        [
          -0.505855,
          -0.085052,
          0.858415,
          1.438699
        ],
        [
          -0.861512,
          -0.000586,
          -0.507738,
          3.041876
        ],
        [
          0.043687,
          -0.996376,
          -0.072977,
          1.59222
        ],
        [
          0.0,
          0.0,
          0.0,
          1.0
        ]
      ]
    },
    {
      "file_path": "/media/NFS/ttao/scannet/posed_images/scene0111_01/00316.jpg",
      "transform_matrix": [
        [
          -0.526574,
          -0.087244,
          0.845641,
          1.433652
        ],
        [
          -0.849011,
          0.002961,
          -0.528367,
          3.053687
        ],
        [
          0.043592,
          -0.996183,
          -0.07563,
          1.591538
        ],
        [
          0.0,
          0.0,
          0.0,
          1.0
        ]
      ]
    },
    {
      "file_path": "/media/NFS/ttao/scannet/posed_images/scene0111_01/00327.jpg",
      "transform_matrix": [
        [
          -0.631597,
          -0.069447,
          0.772181,
          1.420486
        ],
        [
          -0.773747,
          -0.006491,
          -0.633461,
          3.105617
        ],
        [
          0.049004,
          -0.997565,
          -0.049635,
          1.567786
        ],
        [
          0.0,
          0.0,
          0.0,
          1.0
        ]
      ]
    },
    {
      "file_path": "/media/NFS/ttao/scannet/posed_images/scene0111_01/00332.jpg",
      "transform_matrix": [
        [
          -0.66931,
          -0.068081,
          0.739857,
          1.427677
        ],
        [
          -0.740908,
          -0.013207,
          -0.671476,
          3.152343
        ],
        [
          0.055485,
          -0.997593,
          -0.041602,
          1.578244
        ],
        [
          0.0,
          0.0,
          0.0,
          1.0
        ]
      ]
    },
    {
      "file_path": "/media/NFS/ttao/scannet/posed_images/scene0111_01/00343.jpg",
      "transform_matrix": [
        [
          -0.715752,
          -0.050072,
          0.696557,
          1.377375
        ],
        [
          -0.696001,
          -0.030685,
          -0.717385,
          3.176717
        ],
        [
          0.057295,
          -0.998274,
          -0.012888,
          1.571762
        ],
        [
          0.0,
          0.0,
          0.0,
          1.0
        ]
      ]
    },
    {
      "file_path": "/media/NFS/ttao/scannet/posed_images/scene0111_01/00345.jpg",
      "transform_matrix": [
        [
          -0.724897,
          -0.047973,
          0.687184,
          1.370651
        ],
        [
          -0.686484,
          -0.032413,
          -0.726422,
          3.177731
        ],
        [
          0.057122,
          -0.998323,
          -0.009437,
          1.570304
        ],
        [
          0.0,
          0.0,
          0.0,
          1.0
        ]
      ]
    },
    {
      "file_path": "/media/NFS/ttao/scannet/posed_images/scene0111_01/00354.jpg",
      "transform_matrix": [
        [
          -0.766661,
          -0.033779,
          0.641163,
          1.338633
        ],
        [
          -0.639556,
          -0.047795,
          -0.767257,
          3.186475
        ],
        [
          0.056562,
          -0.998286,
          0.015039,
          1.561967
        ],
        [
          0.0,
          0.0,
          0.0,
          1.0
        ]
      ]
    },
    {
      "file_path": "/media/NFS/ttao/scannet/posed_images/scene0111_01/00360.jpg",
      "transform_matrix": [
        [
          -0.797175,
          -0.034151,
          0.602782,
          1.327433
        ],
        [
          -0.600298,
          -0.061746,
          -0.797389,
          3.190472
        ],
        [
          0.064451,
          -0.997507,
          0.028721,
          1.549841
        ],
        [
          0.0,
          0.0,
          0.0,
          1.0
        ]
      ]
    },
    {
      "file_path": "/media/NFS/ttao/scannet/posed_images/scene0111_01/00367.jpg",
      "transform_matrix": [
        [
          -0.837016,
          -0.022341,
          0.546722,
          1.316434
        ],
        [
          -0.544403,
          -0.066495,
          -0.836184,
          3.191118
        ],
        [
          0.055035,
          -0.997537,
          0.043494,
          1.552603
        ],
        [
          0.0,
          0.0,
          0.0,
          1.0
        ]
      ]
    },
    {
      "file_path": "/media/NFS/ttao/scannet/posed_images/scene0111_01/00380.jpg",
      "transform_matrix": [
        [
          -0.916009,
          -0.015096,
          0.400872,
          1.339043
        ],
        [
          -0.400338,
          -0.029406,
          -0.915896,
          3.200172
        ],
        [
          0.025615,
          -0.999454,
          0.020893,
          1.565628
        ],
        [
          0.0,
          0.0,
          0.0,
          1.0
        ]
      ]
    },
    {
      "file_path": "/media/NFS/ttao/scannet/posed_images/scene0111_01/00382.jpg",
      "transform_matrix": [
        [
          -0.923319,
          -0.010192,
          0.383899,
          1.342602
        ],
        [
          -0.383647,
          -0.020415,
          -0.923254,
          3.207494
        ],
        [
          0.017247,
          -0.99974,
          0.014939,
          1.56554
        ],
        [
          0.0,
          0.0,
          0.0,
          1.0
        ]
      ]
    },
    {
      "file_path": "/media/NFS/ttao/scannet/posed_images/scene0111_01/00389.jpg",
      "transform_matrix": [
        [
          -0.947715,
          -0.014847,
          0.318774,
          1.347891
        ],
        [
          -0.318768,
          -0.002813,
          -0.947829,
          3.22787
        ],
        [
          0.014969,
          -0.999886,
          -0.002067,
          1.553628
        ],
        [
          0.0,
          0.0,
          0.0,
          1.0
        ]
      ]
    },
    {
      "file_path": "/media/NFS/ttao/scannet/posed_images/scene0111_01/00400.jpg",
      "transform_matrix": [
        [
          -0.986918,
          -0.014904,
          0.160531,
          1.324043
        ],
        [
          -0.161026,
          0.042027,
          -0.986055,
          3.235426
        ],
        [
          0.007949,
          -0.999005,
          -0.043877,
          1.549845
        ],
        [
          0.0,
          0.0,
          0.0,
          1.0
        ]
      ]
    },
    {
      "file_path": "/media/NFS/ttao/scannet/posed_images/scene0111_01/00409.jpg",
      "transform_matrix": [
        [
          -0.993651,
          -0.008633,
          0.112176,
          1.279577
        ],
        [
          -0.112507,
          0.075268,
          -0.990796,
          3.244564
        ],
        [
          0.000111,
          -0.997126,
          -0.075762,
          1.544034
        ],
        [
          0.0,
          0.0,
          0.0,
          1.0
        ]
      ]
    },
    {
      "file_path": "/media/NFS/ttao/scannet/posed_images/scene0111_01/00411.jpg",
      "transform_matrix": [
        [
          -0.993678,
          -0.009556,
          0.11186,
          1.268893
        ],
        [
          -0.112268,
          0.085634,
          -0.989981,
          3.245182
        ],
        [
          -0.000119,
          -0.996281,
          -0.086166,
          1.536814
        ],
        [
          0.0,
          0.0,
          0.0,
          1.0
        ]
      ]
    },
    {
      "file_path": "/media/NFS/ttao/scannet/posed_images/scene0111_01/00422.jpg",
      "transform_matrix": [
        [
          -0.997239,
          -0.033738,
          0.066155,
          1.20871
        ],
        [
          -0.071796,
          0.210419,
          -0.974971,
          3.22557
        ],
        [
          0.018974,
          -0.977029,
          -0.21226,
          1.495126
        ],
        [
          0.0,
          0.0,
          0.0,
          1.0
        ]
      ]
    },
    {
      "file_path": "/media/NFS/ttao/scannet/posed_images/scene0111_01/00429.jpg",
      "transform_matrix": [
        [
          -0.99795,
          -0.029059,
          0.05701,
          1.18429
        ],
        [
          -0.063065,
          0.295842,
          -0.953153,
          3.210397
        ],
        [
          0.010832,
          -0.954795,
          -0.297068,
          1.466721
        ],
        [
          0.0,
          0.0,
          0.0,
          1.0
        ]
      ]
    },
    {
      "file_path": "/media/NFS/ttao/scannet/posed_images/scene0111_01/00438.jpg",
      "transform_matrix": [
        [
          -0.994116,
          -0.034454,
          0.102695,
          1.1803
        ],
        [
          -0.108208,
          0.359134,
          -0.926992,
          3.210351
        ],
        [
          -0.004943,
          -0.93265,
          -0.360749,
          1.434837
        ],
        [
          0.0,
          0.0,
          0.0,
          1.0
        ]
      ]
    },
    {
      "file_path": "/media/NFS/ttao/scannet/posed_images/scene0111_01/00446.jpg",
      "transform_matrix": [
        [
          -0.986382,
          -0.07693,
          0.145373,
          1.192857
        ],
        [
          -0.164373,
          0.430135,
          -0.887674,
          3.214541
        ],
        [
          0.005759,
          -0.899481,
          -0.436923,
          1.405737
        ],
        [
          0.0,
          0.0,
          0.0,
          1.0
        ]
      ]
    },
    {
      "file_path": "/media/NFS/ttao/scannet/posed_images/scene0111_01/00453.jpg",
      "transform_matrix": [
        [
          -0.978042,
          -0.103222,
          0.181049,
          1.204926
        ],
        [
          -0.208408,
          0.483626,
          -0.850102,
          3.221457
        ],
        [
          0.000189,
          -0.869167,
          -0.494519,
          1.385128
        ],
        [
          0.0,
          0.0,
          0.0,
          1.0
        ]
      ]
    },
    {
      "file_path": "/media/NFS/ttao/scannet/posed_images/scene0111_01/00460.jpg",
      "transform_matrix": [
        [
          -0.964303,
          -0.159389,
          0.211461,
          1.219777
        ],
        [
          -0.26408,
          0.51987,
          -0.812402,
          3.229862
        ],
        [
          0.019556,
          -0.839244,
          -0.543403,
          1.363646
        ],
        [
          0.0,
          0.0,
          0.0,
          1.0
        ]
      ]
    },
    {
      "file_path": "/media/NFS/ttao/scannet/posed_images/scene0111_01/00469.jpg",
      "transform_matrix": [
        [
          -0.939406,
          -0.230047,
          0.254156,
          1.239912
        ],
        [
          -0.34174,
          0.569994,
          -0.747209,
          3.239352
        ],
        [
          0.027026,
          -0.788787,
          -0.614072,
          1.326698
        ],
        [
          0.0,
          0.0,
          0.0,
          1.0
        ]
      ]
    },
    {
      "file_path": "/media/NFS/ttao/scannet/posed_images/scene0111_01/00471.jpg",
      "transform_matrix": [
        [
          -0.934229,
          -0.248059,
          0.256286,
          1.248546
        ],
        [
          -0.355304,
          0.584352,
          -0.729583,
          3.238153
        ],
        [
          0.031219,
          -0.772657,
          -0.634055,
          1.323712
        ],
        [
          0.0,
          0.0,
          0.0,
          1.0
        ]
      ]
    },
    {
      "file_path": "/media/NFS/ttao/scannet/posed_images/scene0111_01/00477.jpg",
      "transform_matrix": [
        [
          -0.912349,
          -0.303183,
          0.275133,
          1.26452
        ],
        [
          -0.407819,
          0.61377,
          -0.675995,
          3.243033
        ],
        [
          0.036081,
          -0.728948,
          -0.683617,
          1.297114
        ],
        [
          0.0,
          0.0,
          0.0,
          1.0
        ]
      ]
    },
    {
      "file_path": "/media/NFS/ttao/scannet/posed_images/scene0111_01/00484.jpg",
      "transform_matrix": [
        [
          -0.887548,
          -0.360804,
          0.286495,
          1.290338
        ],
        [
          -0.459651,
          0.651214,
          -0.603855,
          3.246036
        ],
        [
          0.031304,
          -0.667638,
          -0.743828,
          1.273849
        ],
        [
          0.0,
          0.0,
          0.0,
          1.0
        ]
      ]
    },
    {
      "file_path": "/media/NFS/ttao/scannet/posed_images/scene0111_01/00497.jpg",
      "transform_matrix": [
        [
          -0.799848,
          -0.478513,
          0.36231,
          1.333177
        ],
        [
          -0.600177,
          0.632071,
          -0.490177,
          3.266537
        ],
        [
          0.00555,
          -0.609517,
          -0.792754,
          1.253783
        ],
        [
          0.0,
          0.0,
          0.0,
          1.0
        ]
      ]
    },
    {
      "file_path": "/media/NFS/ttao/scannet/posed_images/scene0111_01/00504.jpg",
      "transform_matrix": [
        [
          -0.722384,
          -0.559142,
          0.406844,
          1.353755
        ],
        [
          -0.691347,
          0.596058,
          -0.408355,
          3.278209
        ],
        [
          -0.014174,
          -0.57626,
          -0.817144,
          1.249984
        ],
        [
          0.0,
          0.0,
          0.0,
          1.0
        ]
      ]
    },
    {
      "file_path": "/media/NFS/ttao/scannet/posed_images/scene0111_01/00513.jpg",
      "transform_matrix": [
        [
          -0.602339,
          -0.65761,
          0.452477,
          1.366385
        ],
        [
          -0.797836,
          0.513995,
          -0.315065,
          3.305985
        ],
        [
          -0.025381,
          -0.550779,
          -0.834265,
          1.242429
        ],
        [
          0.0,
          0.0,
          0.0,
          1.0
        ]
      ]
    },
    {
      "file_path": "/media/NFS/ttao/scannet/posed_images/scene0111_01/00517.jpg",
      "transform_matrix": [
        [
          -0.54889,
          -0.699791,
          0.457178,
          1.376404
        ],
        [
          -0.835778,
          0.468573,
          -0.286206,
          3.316969
        ],
        [
          -0.013937,
          -0.539196,
          -0.842065,
          1.240501
        ],
        [
          0.0,
          0.0,
          0.0,
          1.0
        ]
      ]
    },
    {
      "file_path": "/media/NFS/ttao/scannet/posed_images/scene0111_01/00524.jpg",
      "transform_matrix": [
        [
          -0.480473,
          -0.734938,
          0.478552,
          1.39679
        ],
        [
          -0.876916,
          0.410546,
          -0.249938,
          3.324445
        ],
        [
          -0.012779,
          -0.539739,
          -0.841736,
          1.243631
        ],
        [
          0.0,
          0.0,
          0.0,
          1.0
        ]
      ]
    },
    {
      "file_path": "/media/NFS/ttao/scannet/posed_images/scene0111_01/00528.jpg",
      "transform_matrix": [
        [
          -0.428673,
          -0.769657,
          0.473145,
          1.409533
        ],
        [
          -0.903403,
          0.371008,
          -0.214976,
          3.328153
        ],
        [
          -0.010083,
          -0.519596,
          -0.854353,
          1.238208
        ],
        [
          0.0,
          0.0,
          0.0,
          1.0
        ]
      ]
    },
    {
      "file_path": "/media/NFS/ttao/scannet/posed_images/scene0111_01/00541.jpg",
      "transform_matrix": [
        [
          -0.161168,
          -0.83888,
          0.519909,
          1.417493
        ],
        [
          -0.986833,
          0.144236,
          -0.073184,
          3.326639
        ],
        [
          -0.013597,
          -0.524858,
          -0.851081,
          1.243599
        ],
        [
          0.0,
          0.0,
          0.0,
          1.0
        ]
      ]
    },
    {
      "file_path": "/media/NFS/ttao/scannet/posed_images/scene0111_01/00544.jpg",
      "transform_matrix": [
        [
          -0.074383,
          -0.850406,
          0.520843,
          1.409098
        ],
        [
          -0.99723,
          0.06379,
          -0.038265,
          3.322798
        ],
        [
          -0.000683,
          -0.522246,
          -0.852795,
          1.241375
        ],
        [
          0.0,
          0.0,
          0.0,
          1.0
        ]
      ]
    },
    {
      "file_path": "/media/NFS/ttao/scannet/posed_images/scene0111_01/00555.jpg",
      "transform_matrix": [
        [
          0.264492,
          -0.838859,
          0.475771,
          1.3677
        ],
        [
          -0.964286,
          -0.222878,
          0.1431,
          3.317916
        ],
        [
          -0.014002,
          -0.496629,
          -0.86785,
          1.233456
        ],
        [
          0.0,
          0.0,
          0.0,
          1.0
        ]
      ]
    },
    {
      "file_path": "/media/NFS/ttao/scannet/posed_images/scene0111_01/00564.jpg",
      "transform_matrix": [
        [
          0.459283,
          -0.783819,
          0.417955,
          1.331519
        ],
        [
          -0.885473,
          -0.366545,
          0.285625,
          3.329319
        ],
        [
          -0.070679,
          -0.501271,
          -0.862399,
          1.250622
        ],
        [
          0.0,
          0.0,
          0.0,
          1.0
        ]
      ]
    },
    {
      "file_path": "/media/NFS/ttao/scannet/posed_images/scene0111_01/00570.jpg",
      "transform_matrix": [
        [
          0.517475,
          -0.752139,
          0.408051,
          1.315195
        ],
        [
          -0.851181,
          -0.403517,
          0.335655,
          3.335655
        ],
        [
