{
  "frames": [
    {
      "file_path": "/media/NFS/ttao/scannet/posed_images/scene0126_01/00001.jpg",
      "transform_matrix": [
        [
          0.712455,
          -0.173992,
          0.679805,
          3.213006
        ],
        [
          -0.70168,
          -0.186642,
          0.687612,
          1.358585
        ],
        [
          0.007241,
          -0.966898,
          -0.25506,
          1.621662
        ],
        [
          0.0,
          0.0,
          0.0,
          1.0
        ]
      ]
    },
    {
      "file_path": "/media/NFS/ttao/scannet/posed_images/scene0126_01/00005.jpg",
      "transform_matrix": [
        [
          0.709139,
          -0.165206,
          0.685441,
          3.212294
        ],
        [
          -0.704823,
          -0.191744,
          0.682978,
          1.365828
        ],
        [
          0.018597,
          -0.967441,
          -0.252414,
          1.621622
        ],
        [
          0.0,
          0.0,
          0.0,
          1.0
        ]
      ]
    },
    {
      "file_path": "/media/NFS/ttao/scannet/posed_images/scene0126_01/00007.jpg",
      "transform_matrix": [
        [
          0.709057,
          -0.163214,
          0.686003,
          3.209769
        ],
        [
          -0.704848,
          -0.192583,
          0.682716,
          1.36921
        ],
        [
          0.020683,
          -0.967612,
          -0.251593,
          1.623949
        ],
        [
          0.0,
          0.0,
          0.0,
          1.0
        ]
      ]
    },
    {
      "file_path": "/media/NFS/ttao/scannet/posed_images/scene0126_01/00011.jpg",
      "transform_matrix": [
        [
          0.713129,
          -0.164287,
          0.681511,
          3.208925
        ],
        [
          -0.700743,
          -0.195038,
          0.686236,
          1.371475
        ],
        [
          0.020181,
          -0.966939,
          -0.25421,
          1.634431
        ],
        [
          0.0,
          0.0,
          0.0,
          1.0
        ]
      ]
    },
    {
      "file_path": "/media/NFS/ttao/scannet/posed_images/scene0126_01/00018.jpg",
      "transform_matrix": [
        [
          0.720544,
          -0.138596,
          0.679417,
          3.203831
        ],
        [
          -0.693303,
          -0.161197,
          0.702387,
          1.373857
        ],
        [
          0.012172,
          -0.977142,
          -0.212238,
          1.650066
        ],
        [
          0.0,
          0.0,
          0.0,
          1.0
        ]
      ]
    },
    {
      "file_path": "/media/NFS/ttao/scannet/posed_images/scene0126_01/00022.jpg",
      "transform_matrix": [
        [
          0.727626,
          -0.120919,
          0.675233,
          3.200169
        ],
        [
          -0.685839,
          -0.147768,
          0.712593,
          1.371137
        ],
        [
          0.013611,
          -0.981603,
          -0.190451,
          1.655759
        ],
        [
          0.0,
          0.0,
          0.0,
          1.0
        ]
      ]
    },
    {
      "file_path": "/media/NFS/ttao/scannet/posed_images/scene0126_01/00023.jpg",
      "transform_matrix": [
        [
          0.728156,
          -0.118234,
          0.675137,
          3.195029
        ],
        [
          -0.685262,
          -0.146149,
          0.713482,
          1.374907
        ],
        [
          0.014313,
          -0.982172,
          -0.187441,
          1.662592
        ],
        [
          0.0,
          0.0,
          0.0,
          1.0
        ]
      ]
    },
    {
      "file_path": "/media/NFS/ttao/scannet/posed_images/scene0126_01/00030.jpg",
      "transform_matrix": [
        [
          0.749137,
          -0.085918,
          0.656819,
          3.199754
        ],
        [
          -0.662362,
          -0.109614,
          0.741121,
          1.363172
        ],
        [
          0.008321,
          -0.990254,
          -0.139025,
          1.674689
        ],
        [
          0.0,
          0.0,
          0.0,
          1.0
        ]
      ]
    },
    {
      "file_path": "/media/NFS/ttao/scannet/posed_images/scene0126_01/00032.jpg",
      "transform_matrix": [
        [
          0.75474,
          -0.074115,
          0.651825,
          3.204154
        ],
        [
          -0.655967,
          -0.098398,
          0.748348,
          1.353455
        ],
        [
          0.008674,
          -0.992384,
          -0.122882,
          1.682993
        ],
        [
          0.0,
          0.0,
          0.0,
          1.0
        ]
      ]
    },
    {
      "file_path": "/media/NFS/ttao/scannet/posed_images/scene0126_01/00038.jpg",
      "transform_matrix": [
        [
          0.768275,
          -0.050849,
          0.638097,
          3.188446
        ],
        [
          -0.640098,
          -0.069433,
          0.76515,
          1.351641
        ],
        [
          0.005398,
          -0.99629,
          -0.085892,
          1.701488
        ],
        [
          0.0,
          0.0,
          0.0,
          1.0
        ]
      ]
    },
    {
      "file_path": "/media/NFS/ttao/scannet/posed_images/scene0126_01/00043.jpg",
      "transform_matrix": [
        [
          0.792842,
          -0.02925,
          0.608725,
          3.187423
        ],
        [
          -0.60936,
          -0.05283,
          0.791131,
          1.345903
        ],
        [
          0.009018,
          -0.998175,
          -0.05971,
          1.683955
        ],
        [
          0.0,
          0.0,
          0.0,
          1.0
        ]
      ]
    },
    {
      "file_path": "/media/NFS/ttao/scannet/posed_images/scene0126_01/00044.jpg",
      "transform_matrix": [
        [
          0.796471,
          -0.025499,
          0.604139,
          3.178765
        ],
        [
          -0.604602,
          -0.049297,
          0.795,
          1.347813
        ],
        [
          0.009511,
          -0.998459,
          -0.05468,
          1.672437
        ],
        [
          0.0,
          0.0,
          0.0,
          1.0
        ]
      ]
    },
    {
      "file_path": "/media/NFS/ttao/scannet/posed_images/scene0126_01/00049.jpg",
      "transform_matrix": [
        [
          0.823394,
          -0.023881,
          0.566967,
          3.17265
        ],
        [
          -0.567311,
          -0.058272,
          0.821439,
          1.350993
        ],
        [
          0.013422,
          -0.998015,
          -0.061529,
          1.672555
        ],
        [
          0.0,
          0.0,
          0.0,
          1.0
        ]
      ]
    },
    {
      "file_path": "/media/NFS/ttao/scannet/posed_images/scene0126_01/00052.jpg",
      "transform_matrix": [
        [
          0.847461,
          -0.030566,
          0.529977,
          3.189515
        ],
        [
          -0.53067,
          -0.075323,
          0.844225,
          1.341255
        ],
        [
          0.014115,
          -0.996691,
          -0.080054,
          1.691761
        ],
        [
          0.0,
          0.0,
          0.0,
          1.0
        ]
      ]
    },
    {
      "file_path": "/media/NFS/ttao/scannet/posed_images/scene0126_01/00056.jpg",
      "transform_matrix": [
        [
          0.875936,
          -0.037478,
          0.480969,
          3.184296
        ],
        [
          -0.482086,
          -0.105487,
          0.86975,
          1.346349
        ],
        [
          0.018139,
          -0.993714,
          -0.110467,
          1.665671
        ],
        [
          0.0,
          0.0,
          0.0,
          1.0
        ]
      ]
    },
    {
      "file_path": "/media/NFS/ttao/scannet/posed_images/scene0126_01/00063.jpg",
      "transform_matrix": [
        [
          0.896061,
          -0.05658,
          0.44031,
          3.169892
        ],
        [
          -0.443251,
          -0.168901,
          0.880341,
          1.356642
        ],
        [
          0.024559,
          -0.984008,
          -0.176425,
          1.654082
        ],
        [
          0.0,
          0.0,
          0.0,
          1.0
        ]
      ]
    },
    {
      "file_path": "/media/NFS/ttao/scannet/posed_images/scene0126_01/00066.jpg",
      "transform_matrix": [
        [
          0.898648,
          -0.069262,
          0.433168,
          3.170927
        ],
        [
          -0.437982,
          -0.196967,
          0.877141,
          1.359085
        ],
        [
          0.024567,
          -0.977961,
          -0.207339,
          1.640013
        ],
        [
          0.0,
          0.0,
          0.0,
          1.0
        ]
      ]
    },
    {
      "file_path": "/media/NFS/ttao/scannet/posed_images/scene0126_01/00068.jpg",
      "transform_matrix": [
        [
          0.899311,
          -0.077487,
          0.43039,
          3.174665
        ],
        [
          -0.436596,
          -0.215313,
          0.873513,
          1.359621
        ],
        [
          0.024983,
          -0.973466,
          -0.227464,
          1.630059
        ],
        [
          0.0,
          0.0,
          0.0,
          1.0
        ]
      ]
    },
    {
      "file_path": "/media/NFS/ttao/scannet/posed_images/scene0126_01/00072.jpg",
      "transform_matrix": [
        [
          0.892528,
          -0.094294,
          0.441025,
          3.161707
        ],
        [
          -0.450273,
          -0.241543,
          0.8596,
          1.360021
        ],
        [
          0.025472,
          -0.965798,
          -0.258042,
          1.599335
        ],
        [
          0.0,
          0.0,
          0.0,
          1.0
        ]
      ]
    },
    {
      "file_path": "/media/NFS/ttao/scannet/posed_images/scene0126_01/00077.jpg",
      "transform_matrix": [
        [
          0.8852,
          -0.105308,
          0.453134,
          3.163904
        ],
        [
          -0.463928,
          -0.272086,
          0.843054,
          1.358631
        ],
        [
          0.034511,
          -0.956493,
          -0.289706,
          1.581741
        ],
        [
          0.0,
          0.0,
          0.0,
          1.0
        ]
      ]
    },
    {
      "file_path": "/media/NFS/ttao/scannet/posed_images/scene0126_01/00080.jpg",
      "transform_matrix": [
        [
          0.874276,
          -0.128664,
          0.468068,
          3.144503
        ],
        [
          -0.484774,
          -0.281551,
          0.828084,
          1.355079
        ],
        [
          0.02524,
          -0.950881,
          -0.308526,
          1.58076
        ],
        [
          0.0,
          0.0,
          0.0,
          1.0
        ]
      ]
    },
    {
      "file_path": "/media/NFS/ttao/scannet/posed_images/scene0126_01/00088.jpg",
      "transform_matrix": [
        [
          0.840874,
          -0.177046,
          0.511455,
          3.15636
        ],
        [
          -0.540921,
          -0.306906,
          0.783079,
          1.346416
        ],
        [
          0.018328,
          -0.935128,
          -0.353837,
          1.556377
        ],
        [
          0.0,
          0.0,
          0.0,
          1.0
        ]
      ]
    },
    {
      "file_path": "/media/NFS/ttao/scannet/posed_images/scene0126_01/00091.jpg",
      "transform_matrix": [
        [
          0.819866,
          -0.201473,
          0.535937,
          3.145779
        ],
        [
          -0.572478,
          -0.303859,
          0.761537,
          1.338556
        ],
        [
          0.00942,
          -0.931171,
          -0.364463,
          1.548253
        ],
        [
          0.0,
          0.0,
          0.0,
          1.0
        ]
      ]
    },
    {
      "file_path": "/media/NFS/ttao/scannet/posed_images/scene0126_01/00094.jpg",
      "transform_matrix": [
        [
          0.80017,
          -0.220757,
          0.557669,
          3.151784
        ],
        [
          -0.599728,
          -0.305954,
          0.739404,
          1.333011
        ],
        [
          0.007393,
          -0.926099,
          -0.37721,
          1.542296
        ],
        [
          0.0,
          0.0,
          0.0,
          1.0
        ]
      ]
    },
    {
      "file_path": "/media/NFS/ttao/scannet/posed_images/scene0126_01/00097.jpg",
      "transform_matrix": [
        [
          0.78055,
          -0.237968,
          0.578025,
          3.160176
        ],
        [
          -0.625073,
          -0.304684,
          0.718646,
          1.32722
        ],
        [
          0.0051,
          -0.922247,
          -0.386568,
          1.537444
        ],
        [
          0.0,
          0.0,
          0.0,
          1.0
        ]
      ]
    },
    {
      "file_path": "/media/NFS/ttao/scannet/posed_images/scene0126_01/00102.jpg",
      "transform_matrix": [
        [
          0.734702,
          -0.253271,
          0.629339,
          3.150932
        ],
        [
          -0.678385,
          -0.270409,
          0.683135,
          1.308289
        ],
        [
          -0.002839,
          -0.928834,
          -0.370485,
          1.52252
        ],
        [
          0.0,
          0.0,
          0.0,
          1.0
        ]
      ]
    },
    {
      "file_path": "/media/NFS/ttao/scannet/posed_images/scene0126_01/00107.jpg",
      "transform_matrix": [
        [
          0.688937,
          -0.273061,
          0.671419,
          3.158764
        ],
        [
          -0.72468,
          -0.277788,
          0.630613,
          1.298905
        ],
        [
          0.014317,
          -0.921017,
          -0.38926,
          1.505873
        ],
        [
          0.0,
          0.0,
          0.0,
          1.0
        ]
      ]
    },
    {
      "file_path": "/media/NFS/ttao/scannet/posed_images/scene0126_01/00108.jpg",
      "transform_matrix": [
        [
          0.67927,
          -0.275893,
          0.680055,
          3.161782
        ],
        [
          -0.733671,
          -0.277842,
          0.620105,
          1.298183
        ],
        [
          0.017865,
          -0.920156,
          -0.391145,
          1.504897
        ],
        [
          0.0,
          0.0,
          0.0,
          1.0
        ]
      ]
    },
    {
      "file_path": "/media/NFS/ttao/scannet/posed_images/scene0126_01/00116.jpg",
      "transform_matrix": [
        [
          0.591064,
          -0.326276,
          0.737691,
          3.173764
        ],
        [
          -0.806273,
          -0.265966,
          0.52838,
          1.289596
        ],
        [
          0.023803,
          -0.907087,
          -0.420271,
          1.485021
        ],
        [
          0.0,
          0.0,
          0.0,
          1.0
        ]
      ]
    },
    {
      "file_path": "/media/NFS/ttao/scannet/posed_images/scene0126_01/00119.jpg",
      "transform_matrix": [
        [
          0.560423,
          -0.340141,
          0.755136,
          3.17953
        ],
        [
          -0.827761,
          -0.259943,
          0.497233,
          1.281097
        ],
        [
          0.027163,
          -0.903733,
          -0.427234,
          1.478192
        ],
        [
          0.0,
          0.0,
          0.0,
          1.0
        ]
      ]
    },
    {
      "file_path": "/media/NFS/ttao/scannet/posed_images/scene0126_01/00124.jpg",
      "transform_matrix": [
        [
          0.510332,
          -0.360522,
          0.780759,
          3.192065
        ],
        [
          -0.859535,
          -0.242953,
          0.449637,
          1.259477
        ],
        [
          0.027584,
          -0.900554,
          -0.433868,
          1.4727
        ],
        [
          0.0,
          0.0,
          0.0,
          1.0
        ]
      ]
    },
    {
      "file_path": "/media/NFS/ttao/scannet/posed_images/scene0126_01/00128.jpg",
      "transform_matrix": [
        [
          0.468804,
          -0.374521,
          0.799973,
          3.196626
        ],
        [
          -0.882829,
          -0.228319,
          0.410468,
          1.251038
        ],
        [
          0.02892,
          -0.898668,
          -0.437675,
          1.469921
        ],
        [
          0.0,
          0.0,
          0.0,
          1.0
        ]
      ]
    },
    {
      "file_path": "/media/NFS/ttao/scannet/posed_images/scene0126_01/00129.jpg",
      "transform_matrix": [
        [
          0.459844,
          -0.377716,
          0.803663,
          3.20156
        ],
        [
          -0.887547,
          -0.224407,
          0.40237,
          1.245777
        ],
        [
          0.028366,
          -0.898316,
          -0.438433,
          1.468995
        ],
        [
          0.0,
          0.0,
          0.0,
          1.0
        ]
      ]
    },
    {
      "file_path": "/media/NFS/ttao/scannet/posed_images/scene0126_01/00135.jpg",
      "transform_matrix": [
        [
          0.409411,
          -0.378126,
          0.830303,
          3.211998
        ],
        [
          -0.91189,
          -0.198491,
          0.359247,
          1.232942
        ],
        [
          0.028967,
          -0.904225,
          -0.426073,
          1.473264
        ],
        [
          0.0,
          0.0,
          0.0,
          1.0
        ]
      ]
    },
    {
      "file_path": "/media/NFS/ttao/scannet/posed_images/scene0126_01/00138.jpg",
      "transform_matrix": [
        [
          0.389842,
          -0.368215,
          0.844062,
          3.217662
        ],
        [
          -0.920563,
          -0.179925,
          0.346684,
          1.226361
        ],
        [
          0.024213,
          -0.912165,
          -0.409108,
          1.482253
        ],
        [
          0.0,
          0.0,
          0.0,
          1.0
        ]
      ]
    },
    {
      "file_path": "/media/NFS/ttao/scannet/posed_images/scene0126_01/00141.jpg",
      "transform_matrix": [
        [
          0.37447,
          -0.3508,
          0.858319,
          3.224446
        ],
        [
          -0.9269,
          -0.166663,
          0.336274,
          1.21862
        ],
        [
          0.025085,
          -0.9215,
          -0.387567,
          1.495554
        ],
        [
          0.0,
          0.0,
          0.0,
          1.0
        ]
      ]
    },
    {
      "file_path": "/media/NFS/ttao/scannet/posed_images/scene0126_01/00149.jpg",
      "transform_matrix": [
        [
          0.347821,
          -0.276693,
          0.895802,
          3.231683
        ],
        [
          -0.937392,
          -0.120754,
          0.326671,
          1.211561
        ],
        [
          0.017785,
          -0.953341,
          -0.301371,
          1.541244
        ],
        [
          0.0,
          0.0,
          0.0,
          1.0
        ]
      ]
    },
    {
      "file_path": "/media/NFS/ttao/scannet/posed_images/scene0126_01/00152.jpg",
      "transform_matrix": [
        [
          0.345779,
          -0.253442,
          0.90344,
          3.235631
        ],
        [
          -0.938219,
          -0.107237,
          0.329007,
          1.206502
        ],
        [
          0.013498,
          -0.961389,
          -0.274864,
          1.554877
        ],
        [
          0.0,
          0.0,
          0.0,
          1.0
        ]
      ]
    },
    {
      "file_path": "/media/NFS/ttao/scannet/posed_images/scene0126_01/00156.jpg",
      "transform_matrix": [
        [
          0.342883,
          -0.224078,
          0.912261,
          3.237186
        ],
        [
          -0.939261,
          -0.097157,
          0.329166,
          1.205322
        ],
        [
          0.014874,
          -0.969716,
          -0.243781,
          1.578583
        ],
        [
          0.0,
          0.0,
          0.0,
          1.0
        ]
      ]
    },
    {
      "file_path": "/media/NFS/ttao/scannet/posed_images/scene0126_01/00157.jpg",
      "transform_matrix": [
        [
          0.343142,
          -0.21742,
          0.913774,
          3.238081
        ],
        [
          -0.939119,
          -0.09765,
          0.329425,
          1.204316
        ],
        [
          0.017606,
          -0.971181,
          -0.237691,
          1.586026
        ],
        [
          0.0,
          0.0,
          0.0,
          1.0
        ]
      ]
    },
    {
      "file_path": "/media/NFS/ttao/scannet/posed_images/scene0126_01/00164.jpg",
      "transform_matrix": [
        [
          0.334379,
          -0.15272,
          0.929982,
          3.241088
        ],
        [
          -0.942012,
          -0.083863,
          0.324932,
          1.198232
        ],
        [
          0.028367,
          -0.984705,
          -0.171906,
          1.601326
        ],
        [
          0.0,
          0.0,
          0.0,
          1.0
        ]
      ]
    },
    {
      "file_path": "/media/NFS/ttao/scannet/posed_images/scene0126_01/00168.jpg",
      "transform_matrix": [
        [
          0.327818,
          -0.123514,
          0.936632,
          3.242655
        ],
        [
          -0.944336,
          -0.071865,
          0.321038,
          1.195718
        ],
        [
          0.027659,
          -0.989738,
          -0.140197,
          1.627583
        ],
        [
          0.0,
          0.0,
          0.0,
          1.0
        ]
      ]
    },
    {
      "file_path": "/media/NFS/ttao/scannet/posed_images/scene0126_01/00172.jpg",
      "transform_matrix": [
        [
          0.328448,
          -0.096868,
          0.939542,
          3.243679
        ],
        [
          -0.943868,
          -0.070669,
          0.322674,
          1.190221
        ],
        [
          0.03514,
          -0.992786,
          -0.114642,
          1.63084
        ],
        [
          0.0,
          0.0,
          0.0,
          1.0
        ]
      ]
    },
    {
      "file_path": "/media/NFS/ttao/scannet/posed_images/scene0126_01/00174.jpg",
      "transform_matrix": [
        [
          0.328569,
          -0.087105,
          0.940455,
          3.244131
        ],
        [
          -0.943816,
          -0.067622,
          0.32348,
          1.189084
        ],
        [
          0.035418,
          -0.993902,
          -0.104429,
          1.635231
        ],
        [
          0.0,
          0.0,
          0.0,
          1.0
        ]
      ]
    },
    {
      "file_path": "/media/NFS/ttao/scannet/posed_images/scene0126_01/00178.jpg",
      "transform_matrix": [
        [
          0.341021,
          -0.068284,
          0.937572,
          3.244666
        ],
        [
          -0.939709,
          -0.051824,
          0.338024,
          1.188215
        ],
        [
          0.025507,
          -0.996319,
          -0.08184,
          1.651847
        ],
        [
          0.0,
          0.0,
          0.0,
          1.0
        ]
      ]
    },
    {
      "file_path": "/media/NFS/ttao/scannet/posed_images/scene0126_01/00181.jpg",
      "transform_matrix": [
        [
          0.35256,
          -0.047472,
          0.934584,
          3.239878
        ],
        [
          -0.935387,
          -0.047146,
          0.350468,
          1.187794
        ],
        [
          0.027425,
          -0.99776,
          -0.061027,
          1.649963
        ],
        [
          0.0,
          0.0,
          0.0,
          1.0
        ]
      ]
    },
    {
      "file_path": "/media/NFS/ttao/scannet/posed_images/scene0126_01/00189.jpg",
      "transform_matrix": [
        [
          0.417756,
          -0.030616,
          0.908044,
          3.228675
        ],
        [
          -0.908388,
          -0.033491,
          0.416785,
          1.203054
        ],
        [
          0.017651,
          -0.99897,
          -0.041803,
          1.675193
        ],
        [
          0.0,
          0.0,
          0.0,
          1.0
        ]
      ]
    },
    {
      "file_path": "/media/NFS/ttao/scannet/posed_images/scene0126_01/00192.jpg",
      "transform_matrix": [
        [
          0.449043,
          -0.027462,
          0.893088,
          3.223805
        ],
        [
          -0.893336,
          -0.033554,
          0.448135,
          1.214548
        ],
        [
          0.01766,
          -0.99906,
          -0.0396,
          1.686052
        ],
        [
          0.0,
          0.0,
          0.0,
          1.0
        ]
      ]
    },
    {
      "file_path": "/media/NFS/ttao/scannet/posed_images/scene0126_01/00194.jpg",
      "transform_matrix": [
        [
          0.467195,
          -0.026356,
          0.883762,
          3.217488
        ],
        [
          -0.884019,
          -0.031458,
          0.466392,
          1.225722
        ],
        [
          0.015509,
          -0.999158,
          -0.037996,
          1.684899
        ],
        [
          0.0,
          0.0,
          0.0,
          1.0
        ]
      ]
    },
    {
      "file_path": "/media/NFS/ttao/scannet/posed_images/scene0126_01/00201.jpg",
      "transform_matrix": [
        [
          0.56431,
          -0.010031,
          0.825502,
          3.206423
        ],
        [
          -0.825287,
          -0.032737,
          0.563764,
          1.230341
        ],
        [
          0.021369,
          -0.999414,
          -0.026752,
          1.670778
        ],
        [
          0.0,
          0.0,
          0.0,
          1.0
        ]
      ]
    },
    {
      "file_path": "/media/NFS/ttao/scannet/posed_images/scene0126_01/00202.jpg",
      "transform_matrix": [
        [
          0.576267,
          -0.01157,
          0.81718,
          3.200777
        ],
        [
          -0.817132,
          -0.025978,
          0.575865,
          1.239318
        ],
        [
          0.014566,
          -0.999596,
          -0.024424,
          1.670842
        ],
        [
          0.0,
          0.0,
          0.0,
          1.0
        ]
      ]
    },
    {
      "file_path": "/media/NFS/ttao/scannet/posed_images/scene0126_01/00209.jpg",
      "transform_matrix": [
        [
          0.684272,
          -0.03681,
          0.728297,
          3.168939
        ],
        [
          -0.729201,
          -0.042971,
          0.682949,
          1.277031
        ],
        [
          0.006156,
          -0.998398,
          -0.056245,
          1.661323
        ],
        [
          0.0,
          0.0,
          0.0,
          1.0
        ]
      ]
    },
    {
      "file_path": "/media/NFS/ttao/scannet/posed_images/scene0126_01/00211.jpg",
      "transform_matrix": [
        [
          0.718447,
          -0.033253,
          0.694787,
          3.198603
        ],
        [
          -0.695545,
          -0.044589,
          0.717097,
          1.277778
        ],
        [
          0.007134,
          -0.998452,
          -0.055163,
          1.639145
        ],
        [
          0.0,
          0.0,
          0.0,
          1.0
        ]
      ]
    },
    {
      "file_path": "/media/NFS/ttao/scannet/posed_images/scene0126_01/00217.jpg",
      "transform_matrix": [
        [
          0.776669,
          -0.035765,
          0.628893,
          3.166556
        ],
        [
          -0.629677,
          -0.071178,
          0.773589,
          1.312176
        ],
        [
          0.017096,
          -0.996822,
          -0.077802,
          1.622874
        ],
        [
          0.0,
          0.0,
          0.0,
          1.0
        ]
      ]
    },
    {
      "file_path": "/media/NFS/ttao/scannet/posed_images/scene0126_01/00219.jpg",
      "transform_matrix": [
        [
          0.795245,
          -0.037224,
          0.605144,
          3.157067
        ],
        [
          -0.606096,
          -0.073935,
          0.791948,
          1.319357
        ],
        [
          0.015262,
          -0.996568,
          -0.081358,
          1.612686
        ],
        [
          0.0,
          0.0,
          0.0,
          1.0
        ]
      ]
    },
    {
      "file_path": "/media/NFS/ttao/scannet/posed_images/scene0126_01/00224.jpg",
      "transform_matrix": [
        [
          0.83826,
          -0.037921,
          0.54395,
          3.162969
        ],
        [
          -0.544972,
          -0.091254,
          0.833473,
          1.333889
        ],
        [
          0.018031,
          -0.995106,
          -0.09716,
          1.612815
        ],
        [
          0.0,
          0.0,
          0.0,
          1.0
        ]
      ]
    },
    {
      "file_path": "/media/NFS/ttao/scannet/posed_images/scene0126_01/00227.jpg",
      "transform_matrix": [
        [
          0.858956,
          -0.034326,
          0.510898,
          3.157731
        ],
        [
          -0.511523,
          -0.102791,
          0.853099,
          1.338388
        ],
        [
          0.023232,
          -0.994111,
          -0.105852,
          1.607907
        ],
        [
          0.0,
          0.0,
          0.0,
          1.0
        ]
      ]
    },
    {
      "file_path": "/media/NFS/ttao/scannet/posed_images/scene0126_01/00233.jpg",
      "transform_matrix": [
        [
          0.893429,
          -0.030237,
          0.448187,
          3.169746
        ],
        [
          -0.448211,
          -0.126368,
          0.884951,
          1.346733
        ],
        [
          0.029878,
          -0.991523,
          -0.126453,
          1.610403
        ],
        [
          0.0,
          0.0,
          0.0,
          1.0
        ]
      ]
    },
    {
      "file_path": "/media/NFS/ttao/scannet/posed_images/scene0126_01/00235.jpg",
      "transform_matrix": [
        [
          0.901045,
          -0.029496,
          0.432722,
          3.164789
        ],
        [
          -0.432683,
          -0.130286,
          0.892083,
          1.348767
        ],
        [
          0.030064,
          -0.991038,
          -0.130156,
          1.610608
        ],
        [
          0.0,
          0.0,
          0.0,
          1.0
        ]
      ]
    },
    {
      "file_path": "/media/NFS/ttao/scannet/posed_images/scene0126_01/00239.jpg",
      "transform_matrix": [
        [
          0.91453,
          -0.02446,
          0.403777,
          3.160171
        ],
        [
          -0.403063,
          -0.139651,
          0.904454,
          1.353984
        ],
        [
          0.034265,
          -0.989899,
          -0.137574,
          1.605949
        ],
        [
          0.0,
          0.0,
          0.0,
          1.0
        ]
      ]
    },
    {
      "file_path": "/media/NFS/ttao/scannet/posed_images/scene0126_01/00242.jpg",
      "transform_matrix": [
        [
          0.925474,
          -0.017387,
          0.378412,
          3.17931
        ],
        [
          -0.376644,
          -0.148948,
          0.914305,
          1.34762
        ],
        [
          0.040467,
          -0.988692,
          -0.144397,
          1.593158
        ],
        [
          0.0,
          0.0,
          0.0,
          1.0
        ]
      ]
    },
    {
      "file_path": "/media/NFS/ttao/scannet/posed_images/scene0126_01/00250.jpg",
      "transform_matrix": [
        [
          0.94652,
          -0.019845,
          0.322033,
          3.187913
        ],
        [
          -0.320134,
          -0.182014,
          0.929723,
          1.350805
        ],
        [
          0.040164,
          -0.983096,
          -0.178633,
          1.582729
        ],
        [
          0.0,
          0.0,
          0.0,
          1.0
        ]
      ]
    },
    {
      "file_path": "/media/NFS/ttao/scannet/posed_images/scene0126_01/00253.jpg",
      "transform_matrix": [
        [
          0.952864,
          -0.015768,
          0.302986,
          3.184319
        ],
        [
          -0.3002,
          -0.193573,
          0.934028,
          1.354637
        ],
        [
          0.043922,
          -0.980959,
          -0.189183,
          1.578082
        ],
        [
          0.0,
          0.0,
          0.0,
          1.0
        ]
      ]
    },
    {
      "file_path": "/media/NFS/ttao/scannet/posed_images/scene0126_01/00255.jpg",
      "transform_matrix": [
        [
          0.957509,
          -0.014294,
          0.288048,
          3.18984
        ],
        [
          -0.285054,
          -0.198669,
          0.937697,
          1.356098
        ],
        [
          0.043823,
          -0.979963,
          -0.194302,
          1.570955
        ],
        [
          0.0,
          0.0,
          0.0,
          1.0
        ]
      ]
    },
    {
      "file_path": "/media/NFS/ttao/scannet/posed_images/scene0126_01/00262.jpg",
      "transform_matrix": [
        [
          0.972065,
          0.014329,
          0.234273,
          3.207742
        ],
        [
          -0.223742,
          -0.244986,
          0.943356,
          1.365233
        ],
        [
          0.070911,
          -0.969421,
          -0.234937,
          1.551894
        ],
        [
          0.0,
          0.0,
          0.0,
          1.0
        ]
      ]
    },
    {
      "file_path": "/media/NFS/ttao/scannet/posed_images/scene0126_01/00266.jpg",
      "transform_matrix": [
        [
          0.976618,
          0.009311,
          0.214781,
          3.223763
        ],
        [
          -0.205078,
          -0.25942,
          0.94374,
          1.379562
        ],
        [
          0.064506,
          -0.96572,
          -0.251445,
          1.546877
        ],
        [
          0.0,
          0.0,
          0.0,
          1.0
        ]
      ]
    },
    {
      "file_path": "/media/NFS/ttao/scannet/posed_images/scene0126_01/00267.jpg",
      "transform_matrix": [
        [
          0.977916,
          0.007267,
          0.20887,
          3.225852
        ],
        [
          -0.199829,
          -0.260228,
          0.944643,
          1.38448
        ],
        [
          0.061218,
          -0.96552,
          -0.253029,
          1.545769
        ],
        [
          0.0,
          0.0,
          0.0,
          1.0
        ]
      ]
    },
    {
      "file_path": "/media/NFS/ttao/scannet/posed_images/scene0126_01/00274.jpg",
      "transform_matrix": [
        [
          0.98824,
          -0.014058,
          0.152265,
          3.245426
        ],
        [
          -0.149414,
          -0.300579,
          0.941981,
          1.43468
        ],
        [
          0.032525,
          -0.953653,
          -0.299145,
          1.541119
        ],
        [
          0.0,
          0.0,
          0.0,
          1.0
        ]
      ]
    },
    {
      "file_path": "/media/NFS/ttao/scannet/posed_images/scene0126_01/00275.jpg",
      "transform_matrix": [
        [
          0.989851,
          -0.017341,
          0.141048,
          3.251238
        ],
        [
          -0.139609,
          -0.304048,
          0.942371,
          1.443252
        ],
        [
          0.026544,
          -0.952499,
          -0.303383,
          1.540099
        ],
        [
          0.0,
          0.0,
          0.0,
          1.0
        ]
      ]
    },
    {
      "file_path": "/media/NFS/ttao/scannet/posed_images/scene0126_01/00280.jpg",
      "transform_matrix": [
        [
          0.99587,
          -0.011653,
          0.09004,
          3.282852
        ],
        [
          -0.089441,
          -0.296315,
          0.950893,
          1.47927
        ],
        [
          0.015599,
          -0.955019,
          -0.296134,
          1.545466
        ],
        [
          0.0,
          0.0,
          0.0,
          1.0
        ]
      ]
    },
    {
      "file_path": "/media/NFS/ttao/scannet/posed_images/scene0126_01/00285.jpg",
      "transform_matrix": [
        [
          0.998427,
          0.007832,
          0.055516,
          3.309419
        ],
        [
          -0.050637,
          -0.299097,
          0.952878,
          1.510446
        ],
        [
          0.024068,
          -0.954191,
          -0.29823,
          1.55725
        ],
        [
          0.0,
          0.0,
          0.0,
          1.0
        ]
      ]
    },
    {
      "file_path": "/media/NFS/ttao/scannet/posed_images/scene0126_01/00287.jpg",
      "transform_matrix": [
        [
          0.998916,
          0.008046,
          0.045849,
          3.323002
        ],
        [
          -0.041404,
          -0.296545,
          0.954121,
          1.518587
        ],
        [
          0.021273,
          -0.954985,
          -0.29589,
          1.560904
        ],
        [
          0.0,
          0.0,
          0.0,
          1.0
        ]
      ]
    },
    {
      "file_path": "/media/NFS/ttao/scannet/posed_images/scene0126_01/00291.jpg",
      "transform_matrix": [
        [
          0.999626,
          0.00913,
          0.025777,
          3.368826
        ],
        [
          -0.02174,
          -0.306497,
          0.951623,
          1.530999
        ],
        [
          0.016588,
          -0.951828,
          -0.306184,
          1.560896
        ],
        [
          0.0,
          0.0,
          0.0,
          1.0
        ]
      ]
    },
    {
      "file_path": "/media/NFS/ttao/scannet/posed_images/scene0126_01/00296.jpg",
      "transform_matrix": [
        [
          0.999942,
          0.009702,
          -0.004737,
          3.434169
        ],
        [
          0.007522,
          -0.311245,
          0.9503,
          1.543818
        ],
        [
          0.007745,
          -0.95028,
          -0.3113,
          1.557599
        ],
        [
          0.0,
          0.0,
          0.0,
          1.0
        ]
      ]
    },
    {
      "file_path": "/media/NFS/ttao/scannet/posed_images/scene0126_01/00300.jpg",
      "transform_matrix": [
        [
          0.998373,
          0.026469,
          -0.050496,
          3.493053
        ],
        [
          0.056373,
          -0.325976,
          0.943696,
          1.549345
        ],
        [
          0.008518,
          -0.945007,
          -0.326938,
          1.551494
        ],
        [
          0.0,
          0.0,
          0.0,
          1.0
        ]
      ]
    },
    {
      "file_path": "/media/NFS/ttao/scannet/posed_images/scene0126_01/00306.jpg",
      "transform_matrix": [
        [
          0.989726,
          0.056591,
          -0.131298,
          3.592167
        ],
        [
          0.142488,
          -0.314748,
          0.938419,
          1.549224
        ],
        [
          0.01178,
          -0.947487,
          -0.319578,
          1.546012
        ],
        [
          0.0,
          0.0,
          0.0,
          1.0
        ]
      ]
    },
    {
      "file_path": "/media/NFS/ttao/scannet/posed_images/scene0126_01/00311.jpg",
      "transform_matrix": [
        [
          0.978378,
          0.080601,
          -0.190472,
          3.664615
        ],
        [
          0.206297,
          -0.314621,
          0.926529,
          1.553625
        ],
        [
          0.014753,
          -0.945789,
          -0.324446,
          1.543765
        ],
        [
          0.0,
          0.0,
          0.0,
          1.0
        ]
      ]
    },
    {
      "file_path": "/media/NFS/ttao/scannet/posed_images/scene0126_01/00314.jpg",
      "transform_matrix": [
        [
          0.971627,
          0.093084,
          -0.217431,
          3.699208
        ],
        [
          0.236019,
          -0.321894,
          0.916886,
          1.56114
        ],
        [
          0.015358,
          -0.942189,
          -0.33473,
          1.541981
        ],
        [
          0.0,
