{
  "frames": [
    {
      "file_path": "/media/NFS/ttao/scannet/posed_images/scene0233_00/00000.jpg",
      "transform_matrix": [
        [
          -0.91819,
          0.23944,
          -0.315587,
          2.906965
        ],
        [
          0.395322,
          0.502673,
          -0.768792,
          3.078026
        ],
        [
          -0.025443,
          -0.830656,
          -0.556205,
          1.374239
        ],
        [
          0.0,
          0.0,
          0.0,
          1.0
        ]
      ]
    },
    {
      "file_path": "/media/NFS/ttao/scannet/posed_images/scene0233_00/00023.jpg",
      "transform_matrix": [
        [
          -0.963748,
          0.186978,
          -0.19034,
          2.995643
        ],
        [
          0.263671,
          0.55823,
          -0.786675,
          3.029072
        ],
        [
          -0.040837,
          -0.808343,
          -0.587293,
          1.373354
        ],
        [
          0.0,
          0.0,
          0.0,
          1.0
        ]
      ]
    },
    {
      "file_path": "/media/NFS/ttao/scannet/posed_images/scene0233_00/00061.jpg",
      "transform_matrix": [
        [
          -0.911756,
          -0.152054,
          0.38155,
          2.87718
        ],
        [
          -0.404681,
          0.491433,
          -0.771186,
          2.965678
        ],
        [
          -0.070245,
          -0.85754,
          -0.5096,
          1.394307
        ],
        [
          0.0,
          0.0,
          0.0,
          1.0
        ]
      ]
    },
    {
      "file_path": "/media/NFS/ttao/scannet/posed_images/scene0233_00/00092.jpg",
      "transform_matrix": [
        [
          -0.651808,
          -0.455987,
          0.605989,
          2.976309
        ],
        [
          -0.758306,
          0.380374,
          -0.529423,
          2.824394
        ],
        [
          0.010908,
          -0.804606,
          -0.593708,
          1.356282
        ],
        [
          0.0,
          0.0,
          0.0,
          1.0
        ]
      ]
    },
    {
      "file_path": "/media/NFS/ttao/scannet/posed_images/scene0233_00/00107.jpg",
      "transform_matrix": [
        [
          -0.447812,
          -0.551027,
          0.704155,
          2.953263
        ],
        [
          -0.894125,
          0.277913,
          -0.351148,
          2.758816
        ],
        [
          -0.002201,
          -0.786851,
          -0.61714,
          1.344586
        ],
        [
          0.0,
          0.0,
          0.0,
          1.0
        ]
      ]
    },
    {
      "file_path": "/media/NFS/ttao/scannet/posed_images/scene0233_00/00122.jpg",
      "transform_matrix": [
        [
          -0.202611,
          -0.576429,
          0.79163,
          2.927212
        ],
        [
          -0.978023,
          0.159722,
          -0.134014,
          2.778048
        ],
        [
          -0.049192,
          -0.801386,
          -0.596122,
          1.337631
        ],
        [
          0.0,
          0.0,
          0.0,
          1.0
        ]
      ]
    },
    {
      "file_path": "/media/NFS/ttao/scannet/posed_images/scene0233_00/00161.jpg",
      "transform_matrix": [
        [
          0.389645,
          -0.547166,
          0.740801,
          2.926515
        ],
        [
          -0.920769,
          -0.214844,
          0.325617,
          2.7826
        ],
        [
          -0.01901,
          -0.808982,
          -0.587526,
          1.359401
        ],
        [
          0.0,
          0.0,
          0.0,
          1.0
        ]
      ]
    },
    {
      "file_path": "/media/NFS/ttao/scannet/posed_images/scene0233_00/00183.jpg",
      "transform_matrix": [
        [
          0.61603,
          -0.441018,
          0.652695,
          2.847926
        ],
        [
          -0.787562,
          -0.361547,
          0.499028,
          2.87849
        ],
        [
          0.0159,
          -0.821454,
          -0.570053,
          1.341518
        ],
        [
          0.0,
          0.0,
          0.0,
          1.0
        ]
      ]
    },
    {
      "file_path": "/media/NFS/ttao/scannet/posed_images/scene0233_00/00214.jpg",
      "transform_matrix": [
        [
          0.924038,
          -0.23296,
          0.303123,
          2.877229
        ],
        [
          -0.382092,
          -0.536556,
          0.752405,
          2.900201
        ],
        [
          -0.012638,
          -0.811072,
          -0.58481,
          1.364531
        ],
        [
          0.0,
          0.0,
          0.0,
          1.0
        ]
      ]
    },
    {
      "file_path": "/media/NFS/ttao/scannet/posed_images/scene0233_00/00222.jpg",
      "transform_matrix": [
        [
          0.969847,
          -0.160173,
          0.18369,
          2.879748
        ],
        [
          -0.242274,
          -0.551749,
          0.798046,
          2.876866
        ],
        [
          -0.026474,
          -0.818485,
          -0.573918,
          1.359466
        ],
        [
          0.0,
          0.0,
          0.0,
          1.0
        ]
      ]
    },
    {
      "file_path": "/media/NFS/ttao/scannet/posed_images/scene0233_00/00252.jpg",
      "transform_matrix": [
        [
          0.968567,
          0.136125,
          -0.208198,
          2.686813
        ],
        [
          0.248583,
          -0.560319,
          0.790094,
          2.860898
        ],
        [
          -0.009106,
          -0.817014,
          -0.576546,
          1.333138
        ],
        [
          0.0,
          0.0,
          0.0,
          1.0
        ]
      ]
    },
    {
      "file_path": "/media/NFS/ttao/scannet/posed_images/scene0233_00/00290.jpg",
      "transform_matrix": [
        [
          0.376285,
          0.559576,
          -0.738434,
          2.619989
        ],
        [
          0.926258,
          -0.245574,
          0.285902,
          2.915019
        ],
        [
          -0.021356,
          -0.791561,
          -0.610717,
          1.354945
        ],
        [
          0.0,
          0.0,
          0.0,
          1.0
        ]
      ]
    },
    {
      "file_path": "/media/NFS/ttao/scannet/posed_images/scene0233_00/00306.jpg",
      "transform_matrix": [
        [
          0.155154,
          0.588406,
          -0.793539,
          2.62799
        ],
        [
          0.987444,
          -0.116499,
          0.106683,
          2.871127
        ],
        [
          -0.029674,
          -0.800129,
          -0.599094,
          1.358214
        ],
        [
          0.0,
          0.0,
          0.0,
          1.0
        ]
      ]
    },
    {
      "file_path": "/media/NFS/ttao/scannet/posed_images/scene0233_00/00329.jpg",
      "transform_matrix": [
        [
          -0.10948,
          0.637043,
          -0.763014,
          2.622032
        ],
        [
          0.993857,
          0.057647,
          -0.094472,
          2.753129
        ],
        [
          -0.016197,
          -0.76867,
          -0.639441,
          1.3282
        ],
        [
          0.0,
          0.0,
          0.0,
          1.0
        ]
      ]
    },
    {
      "file_path": "/media/NFS/ttao/scannet/posed_images/scene0233_00/00367.jpg",
      "transform_matrix": [
        [
          -0.761486,
          0.395425,
          -0.513594,
          2.77313
        ],
        [
          0.647993,
          0.445288,
          -0.617919,
          2.771863
        ],
        [
          -0.015643,
          -0.803341,
          -0.595313,
          1.345562
        ],
        [
          0.0,
          0.0,
          0.0,
          1.0
        ]
      ]
    },
    {
      "file_path": "/media/NFS/ttao/scannet/posed_images/scene0233_00/00375.jpg",
      "transform_matrix": [
        [
          -0.824982,
          0.337557,
          -0.453278,
          2.830242
        ],
        [
          0.564964,
          0.47146,
          -0.677157,
          2.773462
        ],
        [
          -0.014876,
          -0.814728,
          -0.579653,
          1.354048
        ],
        [
          0.0,
          0.0,
          0.0,
          1.0
        ]
      ]
    },
    {
      "file_path": "/media/NFS/ttao/scannet/posed_images/scene0233_00/00405.jpg",
      "transform_matrix": [
        [
          -0.951507,
          0.190122,
          -0.241843,
          2.953599
        ],
        [
          0.307539,
          0.569079,
          -0.762606,
          2.774405
        ],
        [
          -0.00736,
          -0.800002,
          -0.599953,
          1.305869
        ],
        [
          0.0,
          0.0,
          0.0,
          1.0
        ]
      ]
    },
    {
      "file_path": "/media/NFS/ttao/scannet/posed_images/scene0233_00/00443.jpg",
      "transform_matrix": [
        [
          -0.999719,
          0.015732,
          -0.017735,
          3.039775
        ],
        [
          0.023432,
          0.54211,
          -0.839981,
          2.835754
        ],
        [
          -0.0036,
          -0.840161,
          -0.542326,
          0.734934
        ],
        [
          0.0,
          0.0,
          0.0,
          1.0
        ]
      ]
    },
    {
      "file_path": "/media/NFS/ttao/scannet/posed_images/scene0233_00/00451.jpg",
      "transform_matrix": [
        [
          -0.999485,
          0.02183,
          -0.023517,
          3.052075
        ],
        [
          0.031476,
          0.524583,
          -0.850777,
          2.865469
        ],
        [
          -0.006236,
          -0.851079,
          -0.525,
          0.742213
        ],
        [
          0.0,
          0.0,
          0.0,
          1.0
        ]
      ]
    },
    {
      "file_path": "/media/NFS/ttao/scannet/posed_images/scene0233_00/00489.jpg",
      "transform_matrix": [
        [
          -0.976179,
          -0.047094,
          0.211793,
          3.111543
        ],
        [
          -0.209857,
          0.452776,
          -0.866576,
          2.967194
        ],
        [
          -0.055084,
          -0.89038,
          -0.451874,
          0.744829
        ],
        [
          0.0,
          0.0,
          0.0,
          1.0
        ]
      ]
    },
    {
      "file_path": "/media/NFS/ttao/scannet/posed_images/scene0233_00/00504.jpg",
      "transform_matrix": [
        [
          -0.939147,
          -0.087285,
          0.332241,
          3.123263
        ],
        [
          -0.333545,
          0.46303,
          -0.821189,
          2.98103
        ],
        [
          -0.08216,
          -0.882034,
          -0.463967,
          0.75579
        ],
        [
          0.0,
          0.0,
          0.0,
          1.0
        ]
      ]
    },
    {
      "file_path": "/media/NFS/ttao/scannet/posed_images/scene0233_00/00550.jpg",
      "transform_matrix": [
        [
          -0.969669,
          -0.056388,
          0.237829,
          3.123679
        ],
        [
          -0.243527,
          0.3061,
          -0.920325,
          2.993433
        ],
        [
          -0.020905,
          -0.950328,
          -0.310548,
          0.789038
        ],
        [
          0.0,
          0.0,
          0.0,
          1.0
        ]
      ]
    },
    {
      "file_path": "/media/NFS/ttao/scannet/posed_images/scene0233_00/00573.jpg",
      "transform_matrix": [
        [
          -0.998317,
          0.030099,
          -0.049573,
          3.073225
        ],
        [
          0.05668,
          0.325342,
          -0.943896,
          2.968256
        ],
        [
          -0.012282,
          -0.945117,
          -0.326501,
          0.791019
        ],
        [
          0.0,
          0.0,
          0.0,
          1.0
        ]
      ]
    },
    {
      "file_path": "/media/NFS/ttao/scannet/posed_images/scene0233_00/00589.jpg",
      "transform_matrix": [
        [
          -0.964255,
          0.111108,
          -0.240555,
          3.036642
        ],
        [
          0.264534,
          0.351279,
          -0.898123,
          2.959336
        ],
        [
          -0.015287,
          -0.929655,
          -0.368114,
          0.780771
        ],
        [
          0.0,
          0.0,
          0.0,
          1.0
        ]
      ]
    },
    {
      "file_path": "/media/NFS/ttao/scannet/posed_images/scene0233_00/00619.jpg",
      "transform_matrix": [
        [
          -0.81074,
          0.225751,
          -0.540127,
          2.92281
        ],
        [
          0.585326,
          0.297317,
          -0.754318,
          2.979759
        ],
        [
          -0.009699,
          -0.927707,
          -0.373185,
          0.765143
        ],
        [
          0.0,
          0.0,
          0.0,
          1.0
        ]
      ]
    },
    {
      "file_path": "/media/NFS/ttao/scannet/posed_images/scene0233_00/00642.jpg",
      "transform_matrix": [
        [
          -0.609127,
          0.340704,
          -0.716161,
          2.802578
        ],
        [
          0.792806,
          0.238144,
          -0.561023,
          3.031672
        ],
        [
          -0.020594,
          -0.90951,
          -0.415171,
          0.762963
        ],
        [
          0.0,
          0.0,
          0.0,
          1.0
        ]
      ]
    },
    {
      "file_path": "/media/NFS/ttao/scannet/posed_images/scene0233_00/00673.jpg",
      "transform_matrix": [
        [
          -0.283681,
          0.402196,
          -0.870496,
          2.742261
        ],
        [
          0.958813,
          0.105483,
          -0.263726,
          3.053375
        ],
        [
          -0.014247,
          -0.909457,
          -0.415555,
          0.762801
        ],
        [
          0.0,
          0.0,
          0.0,
          1.0
        ]
      ]
    },
    {
      "file_path": "/media/NFS/ttao/scannet/posed_images/scene0233_00/00688.jpg",
      "transform_matrix": [
        [
          -0.185629,
          0.418158,
          -0.889205,
          2.742491
        ],
        [
          0.982336,
          0.100726,
          -0.157703,
          3.062949
        ],
        [
          0.023622,
          -0.902773,
          -0.42947,
          0.748003
        ],
        [
          0.0,
          0.0,
          0.0,
          1.0
        ]
      ]
    },
    {
      "file_path": "/media/NFS/ttao/scannet/posed_images/scene0233_00/00718.jpg",
      "transform_matrix": [
        [
          -0.202954,
          0.515324,
          -0.832616,
          2.65913
        ],
        [
          0.978809,
          0.130429,
          -0.157864,
          3.054611
        ],
        [
          0.027247,
          -0.847012,
          -0.530876,
          0.993945
        ],
        [
          0.0,
          0.0,
          0.0,
          1.0
        ]
      ]
    },
    {
      "file_path": "/media/NFS/ttao/scannet/posed_images/scene0233_00/00749.jpg",
      "transform_matrix": [
        [
          -0.189738,
          0.440399,
          -0.877524,
          2.593608
        ],
        [
          0.981036,
          0.048998,
          -0.187529,
          3.042765
        ],
        [
          -0.039591,
          -0.896464,
          -0.441344,
          1.440042
        ],
        [
          0.0,
          0.0,
          0.0,
          1.0
        ]
      ]
    },
    {
      "file_path": "/media/NFS/ttao/scannet/posed_images/scene0233_00/00757.jpg",
      "transform_matrix": [
        [
          -0.163934,
          0.402939,
          -0.900425,
          2.620116
        ],
        [
          0.98618,
          0.044767,
          -0.159514,
          2.994963
        ],
        [
          -0.023965,
          -0.914131,
          -0.40471,
          1.469616
        ],
        [
          0.0,
          0.0,
          0.0,
          1.0
        ]
      ]
    },
    {
      "file_path": "/media/NFS/ttao/scannet/posed_images/scene0233_00/00787.jpg",
      "transform_matrix": [
        [
          -0.360552,
          0.215696,
          -0.907457,
          2.765919
        ],
        [
          0.931617,
          0.035563,
          -0.361698,
          2.79887
        ],
        [
          -0.045745,
          -0.975813,
          -0.213768,
          1.540237
        ],
        [
          0.0,
          0.0,
          0.0,
          1.0
        ]
      ]
    },
    {
      "file_path": "/media/NFS/ttao/scannet/posed_images/scene0233_00/00810.jpg",
      "transform_matrix": [
        [
          -0.621725,
          0.118069,
          -0.774285,
          2.801826
        ],
        [
          0.783034,
          0.071307,
          -0.617877,
          2.789027
        ],
        [
          -0.01774,
          -0.990442,
          -0.136786,
          1.572927
        ],
        [
          0.0,
          0.0,
          0.0,
          1.0
        ]
      ]
    },
    {
      "file_path": "/media/NFS/ttao/scannet/posed_images/scene0233_00/00856.jpg",
      "transform_matrix": [
        [
          -0.790439,
          0.234495,
          -0.565879,
          2.832102
        ],
        [
          0.610676,
          0.229644,
          -0.757851,
          2.849132
        ],
        [
          -0.047762,
          -0.944604,
          -0.32472,
          1.486694
        ],
        [
          0.0,
          0.0,
          0.0,
          1.0
        ]
      ]
    },
    {
      "file_path": "/media/NFS/ttao/scannet/posed_images/scene0233_00/00864.jpg",
      "transform_matrix": [
        [
          -0.800283,
          0.277633,
          -0.531476,
          2.828366
        ],
        [
          0.597921,
          0.30277,
          -0.742173,
          2.836011
        ],
        [
          -0.045137,
          -0.911729,
          -0.408304,
          1.475988
        ],
        [
          0.0,
          0.0,
          0.0,
          1.0
        ]
      ]
    },
    {
      "file_path": "/media/NFS/ttao/scannet/posed_images/scene0233_00/00894.jpg",
      "transform_matrix": [
        [
          -0.958337,
          0.207897,
          -0.195883,
          2.88731
        ],
        [
          0.273434,
          0.469349,
          -0.839611,
          2.870066
        ],
        [
          -0.082615,
          -0.858191,
          -0.50664,
          1.447454
        ],
        [
          0.0,
          0.0,
          0.0,
          1.0
        ]
      ]
    },
    {
      "file_path": "/media/NFS/ttao/scannet/posed_images/scene0233_00/00917.jpg",
      "transform_matrix": [
        [
          -0.987737,
          0.133338,
          -0.081217,
          3.003809
        ],
        [
          0.149059,
          0.650652,
          -0.744603,
          2.82093
        ],
        [
          -0.04644,
          -0.747578,
          -0.662548,
          1.396692
        ],
        [
          0.0,
          0.0,
          0.0,
          1.0
        ]
      ]
    },
    {
      "file_path": "/media/NFS/ttao/scannet/posed_images/scene0233_00/00955.jpg",
      "transform_matrix": [
        [
          -0.99444,
          -0.021798,
          0.103027,
          2.899121
        ],
        [
          -0.099172,
          0.522916,
          -0.846596,
          3.007676
        ],
        [
          -0.03542,
          -0.852106,
          -0.52217,
          1.414562
        ],
        [
          0.0,
          0.0,
          0.0,
          1.0
        ]
      ]
    },
    {
      "file_path": "/media/NFS/ttao/scannet/posed_images/scene0233_00/00963.jpg",
      "transform_matrix": [
        [
          -0.99552,
          -0.001529,
          0.094542,
          2.881305
        ],
        [
          -0.084603,
          0.46089,
          -0.883416,
          3.009698
        ],
        [
          -0.042223,
          -0.887456,
          -0.458954,
          1.436401
        ],
        [
          0.0,
          0.0,
          0.0,
          1.0
        ]
      ]
    },
    {
      "file_path": "/media/NFS/ttao/scannet/posed_images/scene0233_00/01001.jpg",
      "transform_matrix": [
        [
          -0.999378,
          0.016333,
          -0.031249,
          2.934297
        ],
        [
          0.033044,
          0.124589,
          -0.991658,
          2.925031
        ],
        [
          -0.012303,
          -0.992074,
          -0.125051,
          1.534255
        ],
        [
          0.0,
          0.0,
          0.0,
          1.0
        ]
      ]
    },
    {
      "file_path": "/media/NFS/ttao/scannet/posed_images/scene0233_00/01032.jpg",
      "transform_matrix": [
        [
          -0.962105,
          -0.047953,
          0.268431,
          2.766556
        ],
        [
          -0.271596,
          0.256239,
          -0.927673,
          2.903419
        ],
        [
          -0.024297,
          -0.965423,
          -0.259553,
          1.482929
        ],
        [
          0.0,
          0.0,
          0.0,
          1.0
        ]
      ]
    },
    {
      "file_path": "/media/NFS/ttao/scannet/posed_images/scene0233_00/01039.jpg",
      "transform_matrix": [
        [
          -0.937062,
          -0.083244,
          0.339095,
          2.732337
        ],
        [
          -0.34795,
          0.303516,
          -0.887022,
          2.905735
        ],
        [
          -0.029081,
          -0.949183,
          -0.313378,
          1.471983
        ],
        [
          0.0,
          0.0,
          0.0,
          1.0
        ]
      ]
    },
    {
      "file_path": "/media/NFS/ttao/scannet/posed_images/scene0233_00/01062.jpg",
      "transform_matrix": [
        [
          -0.816322,
          -0.208446,
          0.538673,
          2.730104
        ],
        [
          -0.577091,
          0.333363,
          -0.745543,
          2.85916
        ],
        [
          -0.024168,
          -0.919467,
          -0.392424,
          1.435467
        ],
        [
          0.0,
          0.0,
          0.0,
          1.0
        ]
      ]
    },
    {
      "file_path": "/media/NFS/ttao/scannet/posed_images/scene0233_00/01093.jpg",
      "transform_matrix": [
        [
          -0.605781,
          -0.423511,
          0.673549,
          2.681838
        ],
        [
          -0.795631,
          0.32182,
          -0.513228,
          2.779692
        ],
        [
          0.000596,
          -0.8468,
          -0.531911,
          1.420668
        ],
        [
          0.0,
          0.0,
          0.0,
          1.0
        ]
      ]
    },
    {
      "file_path": "/media/NFS/ttao/scannet/posed_images/scene0233_00/01124.jpg",
      "transform_matrix": [
        [
          -0.490689,
          -0.504686,
          0.710294,
          2.577391
        ],
        [
          -0.871192,
          0.298962,
          -0.389419,
          2.799205
        ],
        [
          -0.015817,
          -0.809885,
          -0.586375,
          1.38591
        ],
        [
          0.0,
          0.0,
          0.0,
          1.0
        ]
      ]
    },
    {
      "file_path": "/media/NFS/ttao/scannet/posed_images/scene0233_00/01139.jpg",
      "transform_matrix": [
        [
          -0.417145,
          -0.526258,
          0.740974,
          2.607359
        ],
        [
          -0.907319,
          0.288289,
          -0.306042,
          2.838345
        ],
        [
          -0.052558,
          -0.799964,
          -0.597742,
          1.374655
        ],
        [
          0.0,
          0.0,
          0.0,
          1.0
        ]
      ]
    },
    {
      "file_path": "/media/NFS/ttao/scannet/posed_images/scene0233_00/01185.jpg",
      "transform_matrix": [
        [
          -0.10286,
          -0.71989,
          0.686424,
          2.707238
        ],
        [
          -0.99417,
          0.096853,
          -0.0474,
          2.986249
        ],
        [
          -0.03236,
          -0.687298,
          -0.725655,
          1.332151
        ],
        [
          0.0,
          0.0,
          0.0,
          1.0
        ]
      ]
    },
    {
      "file_path": "/media/NFS/ttao/scannet/posed_images/scene0233_00/01200.jpg",
      "transform_matrix": [
        [
          0.075899,
          -0.696875,
          0.713165,
          2.626489
        ],
        [
          -0.996985,
          -0.041458,
          0.065594,
          2.917909
        ],
        [
          -0.016145,
          -0.715994,
          -0.69792,
          1.318439
        ],
        [
          0.0,
          0.0,
          0.0,
          1.0
        ]
      ]
    },
    {
      "file_path": "/media/NFS/ttao/scannet/posed_images/scene0233_00/01223.jpg",
      "transform_matrix": [
        [
          0.200546,
          -0.611986,
          0.76502,
          2.458192
        ],
        [
          -0.979548,
          -0.112215,
          0.167016,
          2.837314
        ],
        [
          -0.016365,
          -0.782867,
          -0.621973,
          1.290469
        ],
        [
          0.0,
          0.0,
          0.0,
          1.0
        ]
      ]
    },
    {
      "file_path": "/media/NFS/ttao/scannet/posed_images/scene0233_00/01261.jpg",
      "transform_matrix": [
        [
          0.116356,
          -0.545315,
          0.830116,
          2.258085
        ],
        [
          -0.990108,
          -0.129665,
          0.053602,
          3.022212
        ],
        [
          0.078407,
          -0.828142,
          -0.555008,
          1.036061
        ],
        [
          0.0,
          0.0,
          0.0,
          1.0
        ]
      ]
    },
    {
      "file_path": "/media/NFS/ttao/scannet/posed_images/scene0233_00/01269.jpg",
      "transform_matrix": [
        [
          0.114379,
          -0.537238,
          0.835639,
          2.248407
        ],
        [
          -0.988176,
          -0.147987,
          0.040116,
          3.025578
        ],
        [
          0.102112,
          -0.830347,
          -0.547812,
          1.01855
        ],
        [
          0.0,
          0.0,
          0.0,
          1.0
        ]
      ]
    },
    {
      "file_path": "/media/NFS/ttao/scannet/posed_images/scene0233_00/01292.jpg",
      "transform_matrix": [
        [
          0.125756,
          -0.493682,
          0.860502,
          2.274442
        ],
        [
          -0.991788,
          -0.082916,
          0.097373,
          2.968832
        ],
        [
          0.023278,
          -0.865681,
          -0.500056,
          1.23747
        ],
        [
          0.0,
          0.0,
          0.0,
          1.0
        ]
      ]
    },
    {
      "file_path": "/media/NFS/ttao/scannet/posed_images/scene0233_00/01322.jpg",
      "transform_matrix": [
        [
          0.236278,
          -0.380323,
          0.894163,
          2.478764
        ],
        [
          -0.970751,
          -0.052052,
          0.234376,
          2.77026
        ],
        [
          -0.042596,
          -0.923388,
          -0.381498,
          1.399205
        ],
        [
          0.0,
          0.0,
          0.0,
          1.0
        ]
      ]
    },
    {
      "file_path": "/media/NFS/ttao/scannet/posed_images/scene0233_00/01345.jpg",
      "transform_matrix": [
        [
          0.195326,
          -0.328279,
          0.924165,
          2.710365
        ],
        [
          -0.980551,
          -0.04694,
          0.190569,
          2.697606
        ],
        [
          -0.019179,
          -0.943414,
          -0.331063,
          1.433592
        ],
        [
          0.0,
          0.0,
          0.0,
          1.0
        ]
      ]
    },
    {
      "file_path": "/media/NFS/ttao/scannet/posed_images/scene0233_00/01368.jpg",
      "transform_matrix": [
        [
          0.388075,
          -0.291601,
          0.874281,
          2.88955
        ],
        [
          -0.92148,
          -0.105797,
          0.37374,
          2.402012
        ],
        [
          -0.016487,
          -0.950671,
          -0.309761,
          1.456512
        ],
        [
          0.0,
          0.0,
          0.0,
          1.0
        ]
      ]
    },
    {
      "file_path": "/media/NFS/ttao/scannet/posed_images/scene0233_00/01406.jpg",
      "transform_matrix": [
        [
          0.504733,
          -0.290375,
          0.812974,
          3.104651
        ],
        [
          -0.861405,
          -0.107435,
          0.496427,
          2.141399
        ],
        [
          -0.056808,
          -0.950863,
          -0.304356,
          1.450785
        ],
        [
          0.0,
          0.0,
          0.0,
          1.0
        ]
      ]
    },
    {
      "file_path": "/media/NFS/ttao/scannet/posed_images/scene0233_00/01429.jpg",
      "transform_matrix": [
        [
          0.4026,
          -0.320586,
          0.857402,
          3.104164
        ],
        [
          -0.914668,
          -0.104043,
          0.390587,
          2.267242
        ],
        [
          -0.036011,
          -0.941488,
          -0.335118,
          1.427311
        ],
        [
          0.0,
          0.0,
          0.0,
          1.0
        ]
      ]
    },
    {
      "file_path": "/media/NFS/ttao/scannet/posed_images/scene0233_00/01445.jpg",
      "transform_matrix": [
        [
          0.317935,
          -0.337774,
          0.885904,
          3.091464
        ],
        [
          -0.946414,
          -0.057153,
          0.317859,
          2.522447
        ],
        [
          -0.056733,
          -0.939491,
          -0.337845,
          1.412918
        ],
        [
          0.0,
          0.0,
          0.0,
          1.0
        ]
      ]
    },
    {
      "file_path": "/media/NFS/ttao/scannet/posed_images/scene0233_00/01490.jpg",
      "transform_matrix": [
        [
          -0.06894,
          -0.274708,
          0.959053,
          3.465039
        ],
        [
          -0.99714,
          0.048817,
          -0.057695,
          2.925174
        ],
        [
          -0.030969,
          -0.960288,
          -0.277288,
          1.378054
        ],
        [
          0.0,
          0.0,
          0.0,
          1.0
        ]
      ]
    },
    {
      "file_path": "/media/NFS/ttao/scannet/posed_images/scene0233_00/01506.jpg",
      "transform_matrix": [
        [
          -0.091756,
          -0.333289,
          0.938349,
          3.535415
        ],
        [
          -0.995752,
          0.023421,
          -0.08905,
          2.975722
        ],
        [
          0.007702,
          -0.942534,
          -0.334022,
          1.364263
        ],
        [
          0.0,
          0.0,
          0.0,
          1.0
        ]
      ]
    },
    {
      "file_path": "/media/NFS/ttao/scannet/posed_images/scene0233_00/01521.jpg",
      "transform_matrix": [
        [
          -0.065825,
          -0.411483,
          0.909037,
          3.616783
        ],
        [
          -0.997799,
          0.019767,
          -0.063305,
          2.927444
        ],
        [
          0.00808,
          -0.911203,
          -0.411879,
          1.358923
        ],
        [
          0.0,
          0.0,
          0.0,
          1.0
        ]
      ]
    },
    {
      "file_path": "/media/NFS/ttao/scannet/posed_images/scene0233_00/01552.jpg",
      "transform_matrix": [
        [
          0.039294,
          -0.728431,
          0.683992,
          3.871845
        ],
        [
          -0.998914,
          -0.04578,
          0.008631,
          2.774217
        ],
        [
          0.025026,
          -0.683588,
          -0.729439,
          1.569252
        ],
        [
          0.0,
          0.0,
          0.0,
          1.0
        ]
      ]
    },
    {
      "file_path": "/media/NFS/ttao/scannet/posed_images/scene0233_00/01590.jpg",
      "transform_matrix": [
        [
          0.208618,
          -0.786678,
          0.581048,
          4.088559
        ],
        [
          -0.977995,
          -0.168997,
          0.122333,
          2.690541
        ],
        [
          0.001958,
          -0.593783,
          -0.804623,
          1.757321
        ],
        [
          0.0,
          0.0,
          0.0,
          1.0
        ]
      ]
    },
    {
      "file_path": "/media/NFS/ttao/scannet/posed_images/scene0233_00/01597.jpg",
      "transform_matrix": [
        [
          0.232486,
          -0.779504,
          0.581656,
          4.09115
        ],
        [
          -0.972516,
          -0.19416,
          0.128508,
          2.682719
        ],
        [
          0.012762,
          -0.595546,
          -0.80322,
          1.757591
        ],
        [
          0.0,
          0.0,
          0.0,
          1.0
        ]
      ]
    },
    {
      "file_path": "/media/NFS/ttao/scannet/posed_images/scene0233_00/01643.jpg",
      "transform_matrix": [
        [
          0.185182,
          -0.566781,
          0.802787,
          4.051501
        ],
        [
          -0.982632,
          -0.096871,
          0.158274,
          2.648838
        ],
        [
          -0.01194,
          -0.818154,
          -0.574876,
          1.861408
        ],
        [
          0.0,
          0.0,
          0.0,
          1.0
        ]
      ]
    },
    {
      "file_path": "/media/NFS/ttao/scannet/posed_images/scene0233_00/01651.jpg",
      "transform_matrix": [
        [
          0.180992,
          -0.585034,
          0.790555,
          4.064054
        ],
        [
          -0.982971,
          -0.081634,
          0.164632,
          2.615767
        ],
        [
          -0.031779,
          -0.80689,
          -0.589847,
          1.85475
        ],
        [
          0.0,
          0.0,
          0.0,
          1.0
        ]
      ]
    },
    {
      "file_path": "/media/NFS/ttao/scannet/posed_images/scene0233_00/01674.jpg",
      "transform_matrix": [
        [
          0.290346,
          -0.586951,
          0.755769,
          4.112431
        ],
        [
          -0.953518,
          -0.110901,
          0.280186,
          2.429074
        ],
        [
          -0.08064,
          -0.801991,
          -0.591869,
          1.86174
        ],
        [
          0.0,
          0.0,
          0.0,
          1.0
        ]
      ]
    },
    {
      "file_path": "/media/NFS/ttao/scannet/posed_images/scene0233_00/01704.jpg",
      "transform_matrix": [
        [
          0.445484,
          -0.57819,
          0.683549,
          4.128166
        ],
        [
          -0.879422,
          -0.139491,
          0.455148,
          2.316613
        ],
        [
          -0.167813,
          -0.803889,
          -0.570614,
          1.837926
        ],
        [
          0.0,
          0.0,
          0.0,
          1.0
        ]
      ]
    },
    {
      "file_path": "/media/NFS/ttao/scannet/posed_images/scene0233_00/01743.jpg",
      "transform_matrix": [
        [
          0.785832,
          -0.277981,
          0.552444,
          3.988001
        ],
        [
          -0.618188,
          -0.327593,
          0.714512,
          2.23992
        ],
        [
          -0.017644,
          -0.903001,
          -0.429277,
          1.719604
        ],
        [
          0.0,
          0.0,
          0.0,
          1.0
        ]
      ]
    },
    {
      "file_path": "/media/NFS/ttao/scannet/posed_images/scene0233_00/01773.jpg",
      "transform_matrix": [
        [
          0.846046,
          -0.040815,
          0.531546,
          3.925426
        ],
        [
          -0.528326,
          -0.197476,
          0.825757,
          2.246027
        ],
        [
          0.071264,
          -0.979458,
          -0.188638,
          1.718282
        ],
        [
          0.0,
          0.0,
          0.0,
          1.0
        ]
      ]
    },
    {
      "file_path": "/media/NFS/ttao/scannet/posed_images/scene0233_00/01781.jpg",
      "transform_matrix": [
        [
          0.837573,
          -0.026631,
          0.545676,
          3.897977
        ],
        [
          -0.540049,
          -0.191324,
          0.819599,
          2.264943
        ],
        [
          0.082574,
          -0.981166,
          -0.17463,
          1.709967
        ],
        [
          0.0,
          0.0,
          0.0,
          1.0
        ]
      ]
    },
    {
      "file_path": "/media/NFS/ttao/scannet/posed_images/scene0233_00/01804.jpg",
      "transform_matrix": [
        [
          0.800007,
          0.001461,
          0.59999,
          3.710152
        ],
        [
          -0.592801,
          -0.152429,
          0.790793,
          2.407133
        ],
        [
          0.092611,
          -0.988314,
          -0.121078,
          1.662479
        ],
        [
          0.0,
          0.0,
          0.0,
          1.0
        ]
      ]
    },
    {
      "file_path": "/media/NFS/ttao/scannet/posed_images/scene0233_00/01827.jpg",
      "transform_matrix": [
        [
          0.661019,
          -0.020402,
          0.750092,
          3.533525
        ],
        [
          -0.747404,
          -0.106677,
          0.655749,
          2.641418
        ],
        [
          0.066639,
          -0.994084,
          -0.085765,
          1.589227
        ],
        [
          0.0,
          0.0,
          0.0,
          1.0
        ]
      ]
    },
    {
      "file_path": "/media/NFS/ttao/scannet/posed_images/scene0233_00/01857.jpg",
      "transform_matrix": [
        [
          0.253755,
          -0.097041,
          0.962388,
          3.30127
        ],
        [
          -0.96693,
          -0.051775,
          0.249732,
          3.000539
        ],
        [
          0.025594,
          -0.993933,
          -0.10697,
          1.568996
        ],
        [
          0.0,
          0.0,
          0.0,
          1.0
        ]
      ]
    },
    {
      "file_path": "/media/NFS/ttao/scannet/posed_images/scene0233_00/01888.jpg",
      "transform_matrix": [
        [
          -0.001904,
          -0.127069,
          0.991892,
          3.243279
        ],
        [
          -0.999943,
          -0.010231,
          -0.00323,
          3.464991
        ],
        [
          0.010559,
          -0.991841,
          -0.127043,
          1.563183
        ],
        [
          0.0,
          0.0,
          0.0,
          1.0
        ]
      ]
    },
    {
      "file_path": "/media/NFS/ttao/scannet/posed_images/scene0233_00/01926.jpg",
      "transform_matrix": [
        [
          -0.284127,
          -0.143609,
          0.94797,
          3.485826
        ],
        [
          -0.95858,
          0.063055,
          -0.277755,
          3.874771
        ],
        [
          -0.019886,
          -0.987624,
          -0.155577,
          1.578366
        ],
        [
          0.0,
          0.0,
          0.0,
          1.0
        ]
      ]
    },
    {
      "file_path": "/media/NFS/ttao/scannet/posed_images/scene0233_00/01949.jpg",
      "transform_matrix": [
        [
          -0.484072,
          -0.179688,
          0.85638,
          3.618081
        ],
        [
          -0.875028,
          0.099794,
          -0.473674,
          4.043464
        ],
        [
          -0.000349,
          -0.978649,
          -0.205539,
          1.591634
        ],
        [
          0.0,
          0.0,
          0.0,
          1.0
        ]
      ]
    },
    {
      "file_path": "/media/NFS/ttao/scannet/posed_images/scene0233_00/01972.jpg",
      "transform_matrix": [
        [
          -0.549514,
          -0.217255,
          0.806743,
          3.695085
        ],
        [
          -0.835449,
          0.151886,
          -0.528163,
          4.154489
        ],
        [
          -0.007787,
