{
  "frames": [
    {
      "file_path": "/media/NFS/ttao/scannet/posed_images/scene0672_01/00000.jpg",
      "transform_matrix": [
        [
          -0.301476,
          -0.510488,
          0.805304,
          4.564252
        ],
        [
          -0.949112,
          0.241364,
          -0.202311,
          5.504622
        ],
        [
          -0.091094,
          -0.825315,
          -0.557276,
          1.410548
        ],
        [
          0.0,
          0.0,
          0.0,
          1.0
        ]
      ]
    },
    {
      "file_path": "/media/NFS/ttao/scannet/posed_images/scene0672_01/00011.jpg",
      "transform_matrix": [
        [
          -0.273779,
          -0.53958,
          0.796178,
          4.568821
        ],
        [
          -0.959186,
          0.21408,
          -0.184748,
          5.471848
        ],
        [
          -0.07076,
          -0.814263,
          -0.576168,
          1.400897
        ],
        [
          0.0,
          0.0,
          0.0,
          1.0
        ]
      ]
    },
    {
      "file_path": "/media/NFS/ttao/scannet/posed_images/scene0672_01/00021.jpg",
      "transform_matrix": [
        [
          -0.24591,
          -0.545291,
          0.801365,
          4.57052
        ],
        [
          -0.966604,
          0.199496,
          -0.160868,
          5.47603
        ],
        [
          -0.07215,
          -0.814162,
          -0.576138,
          1.404418
        ],
        [
          0.0,
          0.0,
          0.0,
          1.0
        ]
      ]
    },
    {
      "file_path": "/media/NFS/ttao/scannet/posed_images/scene0672_01/00032.jpg",
      "transform_matrix": [
        [
          -0.184356,
          -0.537938,
          0.822579,
          4.557306
        ],
        [
          -0.980272,
          0.161327,
          -0.114196,
          5.480328
        ],
        [
          -0.071274,
          -0.827404,
          -0.557067,
          1.403888
        ],
        [
          0.0,
          0.0,
          0.0,
          1.0
        ]
      ]
    },
    {
      "file_path": "/media/NFS/ttao/scannet/posed_images/scene0672_01/00047.jpg",
      "transform_matrix": [
        [
          -0.03884,
          -0.542906,
          0.838895,
          4.55467
        ],
        [
          -0.990176,
          0.133761,
          0.040722,
          5.490124
        ],
        [
          -0.13432,
          -0.829072,
          -0.542768,
          1.394171
        ],
        [
          0.0,
          0.0,
          0.0,
          1.0
        ]
      ]
    },
    {
      "file_path": "/media/NFS/ttao/scannet/posed_images/scene0672_01/00061.jpg",
      "transform_matrix": [
        [
          0.1512,
          -0.366064,
          0.918224,
          4.508331
        ],
        [
          -0.98008,
          0.06549,
          0.187494,
          5.452281
        ],
        [
          -0.128769,
          -0.928282,
          -0.34887,
          1.480733
        ],
        [
          0.0,
          0.0,
          0.0,
          1.0
        ]
      ]
    },
    {
      "file_path": "/media/NFS/ttao/scannet/posed_images/scene0672_01/00068.jpg",
      "transform_matrix": [
        [
          0.237938,
          -0.276844,
          0.93099,
          4.493202
        ],
        [
          -0.962635,
          0.060388,
          0.263983,
          5.428479
        ],
        [
          -0.129302,
          -0.959016,
          -0.252131,
          1.519188
        ],
        [
          0.0,
          0.0,
          0.0,
          1.0
        ]
      ]
    },
    {
      "file_path": "/media/NFS/ttao/scannet/posed_images/scene0672_01/00086.jpg",
      "transform_matrix": [
        [
          0.431582,
          -0.01796,
          0.901895,
          4.452378
        ],
        [
          -0.900168,
          0.056383,
          0.431878,
          5.294621
        ],
        [
          -0.058608,
          -0.998248,
          0.008167,
          1.55908
        ],
        [
          0.0,
          0.0,
          0.0,
          1.0
        ]
      ]
    },
    {
      "file_path": "/media/NFS/ttao/scannet/posed_images/scene0672_01/00100.jpg",
      "transform_matrix": [
        [
          0.476667,
          0.116118,
          0.871381,
          4.446208
        ],
        [
          -0.878982,
          0.047882,
          0.474445,
          5.244103
        ],
        [
          0.013368,
          -0.992081,
          0.12489,
          1.629647
        ],
        [
          0.0,
          0.0,
          0.0,
          1.0
        ]
      ]
    },
    {
      "file_path": "/media/NFS/ttao/scannet/posed_images/scene0672_01/00104.jpg",
      "transform_matrix": [
        [
          0.468215,
          0.150036,
          0.870784,
          4.440854
        ],
        [
          -0.883338,
          0.054801,
          0.465523,
          5.236361
        ],
        [
          0.022125,
          -0.987161,
          0.158191,
          1.647183
        ],
        [
          0.0,
          0.0,
          0.0,
          1.0
        ]
      ]
    },
    {
      "file_path": "/media/NFS/ttao/scannet/posed_images/scene0672_01/00125.jpg",
      "transform_matrix": [
        [
          0.330139,
          0.201077,
          0.922267,
          4.393676
        ],
        [
          -0.941816,
          0.004788,
          0.336094,
          5.209074
        ],
        [
          0.063165,
          -0.979564,
          0.190958,
          1.670587
        ],
        [
          0.0,
          0.0,
          0.0,
          1.0
        ]
      ]
    },
    {
      "file_path": "/media/NFS/ttao/scannet/posed_images/scene0672_01/00136.jpg",
      "transform_matrix": [
        [
          0.211268,
          0.184327,
          0.95989,
          4.365272
        ],
        [
          -0.976416,
          -0.004879,
          0.215842,
          5.203165
        ],
        [
          0.044469,
          -0.982853,
          0.178949,
          1.660487
        ],
        [
          0.0,
          0.0,
          0.0,
          1.0
        ]
      ]
    },
    {
      "file_path": "/media/NFS/ttao/scannet/posed_images/scene0672_01/00143.jpg",
      "transform_matrix": [
        [
          0.120351,
          0.136984,
          0.983235,
          4.341806
        ],
        [
          -0.992625,
          0.002135,
          0.121203,
          5.225941
        ],
        [
          0.014504,
          -0.990571,
          0.136231,
          1.651958
        ],
        [
          0.0,
          0.0,
          0.0,
          1.0
        ]
      ]
    },
    {
      "file_path": "/media/NFS/ttao/scannet/posed_images/scene0672_01/00154.jpg",
      "transform_matrix": [
        [
          0.010286,
          -0.003386,
          0.999941,
          4.330396
        ],
        [
          -0.999271,
          0.036728,
          0.010404,
          5.258569
        ],
        [
          -0.036761,
          -0.999319,
          -0.003006,
          1.626878
        ],
        [
          0.0,
          0.0,
          0.0,
          1.0
        ]
      ]
    },
    {
      "file_path": "/media/NFS/ttao/scannet/posed_images/scene0672_01/00168.jpg",
      "transform_matrix": [
        [
          -0.10301,
          -0.251734,
          0.962299,
          4.348828
        ],
        [
          -0.990224,
          0.117429,
          -0.07528,
          5.284098
        ],
        [
          -0.094051,
          -0.960646,
          -0.26137,
          1.534167
        ],
        [
          0.0,
          0.0,
          0.0,
          1.0
        ]
      ]
    },
    {
      "file_path": "/media/NFS/ttao/scannet/posed_images/scene0672_01/00179.jpg",
      "transform_matrix": [
        [
          -0.162615,
          -0.385885,
          0.908102,
          4.373891
        ],
        [
          -0.977024,
          0.191479,
          -0.093591,
          5.301547
        ],
        [
          -0.137767,
          -0.902457,
          -0.408157,
          1.463709
        ],
        [
          0.0,
          0.0,
          0.0,
          1.0
        ]
      ]
    },
    {
      "file_path": "/media/NFS/ttao/scannet/posed_images/scene0672_01/00197.jpg",
      "transform_matrix": [
        [
          -0.209453,
          -0.536538,
          0.81747,
          4.395658
        ],
        [
          -0.960993,
          0.267372,
          -0.07074,
          5.354002
        ],
        [
          -0.180613,
          -0.8004,
          -0.571611,
          1.38082
        ],
        [
          0.0,
          0.0,
          0.0,
          1.0
        ]
      ]
    },
    {
      "file_path": "/media/NFS/ttao/scannet/posed_images/scene0672_01/00200.jpg",
      "transform_matrix": [
        [
          -0.224675,
          -0.561266,
          0.796556,
          4.404644
        ],
        [
          -0.958239,
          0.275674,
          -0.076035,
          5.358584
        ],
        [
          -0.176914,
          -0.780374,
          -0.599764,
          1.375052
        ],
        [
          0.0,
          0.0,
          0.0,
          1.0
        ]
      ]
    },
    {
      "file_path": "/media/NFS/ttao/scannet/posed_images/scene0672_01/00215.jpg",
      "transform_matrix": [
        [
          -0.356179,
          -0.60322,
          0.713626,
          4.421576
        ],
        [
          -0.924831,
          0.336693,
          -0.176991,
          5.351172
        ],
        [
          -0.133508,
          -0.723024,
          -0.677799,
          1.351162
        ],
        [
          0.0,
          0.0,
          0.0,
          1.0
        ]
      ]
    },
    {
      "file_path": "/media/NFS/ttao/scannet/posed_images/scene0672_01/00233.jpg",
      "transform_matrix": [
        [
          -0.523248,
          -0.468725,
          0.711694,
          4.531999
        ],
        [
          -0.84926,
          0.3559,
          -0.389992,
          5.267141
        ],
        [
          -0.070493,
          -0.808475,
          -0.584293,
          1.418398
        ],
        [
          0.0,
          0.0,
          0.0,
          1.0
        ]
      ]
    },
    {
      "file_path": "/media/NFS/ttao/scannet/posed_images/scene0672_01/00243.jpg",
      "transform_matrix": [
        [
          -0.503726,
          -0.339318,
          0.794433,
          4.555729
        ],
        [
          -0.861986,
          0.258024,
          -0.436352,
          5.241645
        ],
        [
          -0.05692,
          -0.904592,
          -0.422461,
          1.481601
        ],
        [
          0.0,
          0.0,
          0.0,
          1.0
        ]
      ]
    },
    {
      "file_path": "/media/NFS/ttao/scannet/posed_images/scene0672_01/00254.jpg",
      "transform_matrix": [
        [
          -0.453911,
          -0.195369,
          0.869365,
          4.542577
        ],
        [
          -0.889962,
          0.147545,
          -0.431508,
          5.215007
        ],
        [
          -0.043968,
          -0.969567,
          -0.240844,
          1.542446
        ],
        [
          0.0,
          0.0,
          0.0,
          1.0
        ]
      ]
    },
    {
      "file_path": "/media/NFS/ttao/scannet/posed_images/scene0672_01/00268.jpg",
      "transform_matrix": [
        [
          -0.350924,
          -0.102968,
          0.930725,
          4.497484
        ],
        [
          -0.936007,
          0.009622,
          -0.35185,
          5.140527
        ],
        [
          0.027274,
          -0.994638,
          -0.099755,
          1.62215
        ],
        [
          0.0,
          0.0,
          0.0,
          1.0
        ]
      ]
    },
    {
      "file_path": "/media/NFS/ttao/scannet/posed_images/scene0672_01/00276.jpg",
      "transform_matrix": [
        [
          -0.354168,
          -0.053866,
          0.933629,
          4.502811
        ],
        [
          -0.93168,
          -0.065995,
          -0.357236,
          5.149999
        ],
        [
          0.080858,
          -0.996365,
          -0.026812,
          1.683318
        ],
        [
          0.0,
          0.0,
          0.0,
          1.0
        ]
      ]
    },
    {
      "file_path": "/media/NFS/ttao/scannet/posed_images/scene0672_01/00290.jpg",
      "transform_matrix": [
        [
          -0.389437,
          -0.01402,
          0.920946,
          4.477978
        ],
        [
          -0.914707,
          -0.111289,
          -0.388493,
          5.144706
        ],
        [
          0.107937,
          -0.993689,
          0.030516,
          1.685007
        ],
        [
          0.0,
          0.0,
          0.0,
          1.0
        ]
      ]
    },
    {
      "file_path": "/media/NFS/ttao/scannet/posed_images/scene0672_01/00297.jpg",
      "transform_matrix": [
        [
          -0.408756,
          -0.055799,
          0.910936,
          4.466485
        ],
        [
          -0.908812,
          -0.066486,
          -0.411875,
          5.120486
        ],
        [
          0.083547,
          -0.996226,
          -0.023534,
          1.674828
        ],
        [
          0.0,
          0.0,
          0.0,
          1.0
        ]
      ]
    },
    {
      "file_path": "/media/NFS/ttao/scannet/posed_images/scene0672_01/00308.jpg",
      "transform_matrix": [
        [
          -0.540006,
          -0.118103,
          0.833334,
          4.472701
        ],
        [
          -0.840765,
          0.030028,
          -0.540566,
          5.137818
        ],
        [
          0.038819,
          -0.992547,
          -0.115512,
          1.629222
        ],
        [
          0.0,
          0.0,
          0.0,
          1.0
        ]
      ]
    },
    {
      "file_path": "/media/NFS/ttao/scannet/posed_images/scene0672_01/00322.jpg",
      "transform_matrix": [
        [
          -0.629694,
          -0.238092,
          0.739458,
          4.517328
        ],
        [
          -0.775776,
          0.242609,
          -0.582505,
          5.135448
        ],
        [
          -0.040709,
          -0.940454,
          -0.337475,
          1.518473
        ],
        [
          0.0,
          0.0,
          0.0,
          1.0
        ]
      ]
    },
    {
      "file_path": "/media/NFS/ttao/scannet/posed_images/scene0672_01/00340.jpg",
      "transform_matrix": [
        [
          -0.623601,
          -0.331726,
          0.70787,
          4.645863
        ],
        [
          -0.778506,
          0.345838,
          -0.52376,
          5.133566
        ],
        [
          -0.071063,
          -0.877698,
          -0.473915,
          1.459288
        ],
        [
          0.0,
          0.0,
          0.0,
          1.0
        ]
      ]
    },
    {
      "file_path": "/media/NFS/ttao/scannet/posed_images/scene0672_01/00344.jpg",
      "transform_matrix": [
        [
          -0.608163,
          -0.327346,
          0.723175,
          4.673553
        ],
        [
          -0.788042,
          0.358605,
          -0.500391,
          5.117651
        ],
        [
          -0.095533,
          -0.874212,
          -0.476053,
          1.457765
        ],
        [
          0.0,
          0.0,
          0.0,
          1.0
        ]
      ]
    },
    {
      "file_path": "/media/NFS/ttao/scannet/posed_images/scene0672_01/00362.jpg",
      "transform_matrix": [
        [
          -0.651976,
          -0.269801,
          0.708615,
          4.763447
        ],
        [
          -0.752069,
          0.349093,
          -0.559041,
          4.909236
        ],
        [
          -0.096543,
          -0.897408,
          -0.430509,
          1.452687
        ],
        [
          0.0,
          0.0,
          0.0,
          1.0
        ]
      ]
    },
    {
      "file_path": "/media/NFS/ttao/scannet/posed_images/scene0672_01/00369.jpg",
      "transform_matrix": [
        [
          -0.67713,
          -0.254753,
          0.690359,
          4.819388
        ],
        [
          -0.73109,
          0.339579,
          -0.591771,
          4.799057
        ],
        [
          -0.083676,
          -0.905421,
          -0.416187,
          1.48812
        ],
        [
          0.0,
          0.0,
          0.0,
          1.0
        ]
      ]
    },
    {
      "file_path": "/media/NFS/ttao/scannet/posed_images/scene0672_01/00379.jpg",
      "transform_matrix": [
        [
          -0.740968,
          -0.235721,
          0.62881,
          4.885352
        ],
        [
          -0.669404,
          0.333891,
          -0.663638,
          4.66387
        ],
        [
          -0.053521,
          -0.912663,
          -0.405195,
          1.476947
        ],
        [
          0.0,
          0.0,
          0.0,
          1.0
        ]
      ]
    },
    {
      "file_path": "/media/NFS/ttao/scannet/posed_images/scene0672_01/00401.jpg",
      "transform_matrix": [
        [
          -0.889921,
          -0.206238,
          0.406824,
          4.956513
        ],
        [
          -0.456061,
          0.388755,
          -0.800548,
          4.258826
        ],
        [
          0.006949,
          -0.897962,
          -0.440019,
          1.421636
        ],
        [
          0.0,
          0.0,
          0.0,
          1.0
        ]
      ]
    },
    {
      "file_path": "/media/NFS/ttao/scannet/posed_images/scene0672_01/00405.jpg",
      "transform_matrix": [
        [
          -0.883434,
          -0.204558,
          0.421544,
          4.938776
        ],
        [
          -0.468463,
          0.403357,
          -0.786031,
          4.183386
        ],
        [
          -0.009244,
          -0.891885,
          -0.452168,
          1.427018
        ],
        [
          0.0,
          0.0,
          0.0,
          1.0
        ]
      ]
    },
    {
      "file_path": "/media/NFS/ttao/scannet/posed_images/scene0672_01/00422.jpg",
      "transform_matrix": [
        [
          -0.788407,
          -0.220308,
          0.574351,
          4.865965
        ],
        [
          -0.60921,
          0.409105,
          -0.679335,
          3.956987
        ],
        [
          -0.085307,
          -0.885493,
          -0.456755,
          1.43092
        ],
        [
          0.0,
          0.0,
          0.0,
          1.0
        ]
      ]
    },
    {
      "file_path": "/media/NFS/ttao/scannet/posed_images/scene0672_01/00426.jpg",
      "transform_matrix": [
        [
          -0.787761,
          -0.221463,
          0.574793,
          4.856091
        ],
        [
          -0.610658,
          0.403184,
          -0.681571,
          3.907502
        ],
        [
          -0.080805,
          -0.887917,
          -0.45285,
          1.431782
        ],
        [
          0.0,
          0.0,
          0.0,
          1.0
        ]
      ]
    },
    {
      "file_path": "/media/NFS/ttao/scannet/posed_images/scene0672_01/00448.jpg",
      "transform_matrix": [
        [
          -0.87721,
          -0.199522,
          0.436684,
          4.855952
        ],
        [
          -0.47902,
          0.302573,
          -0.824008,
          3.550807
        ],
        [
          0.032279,
          -0.932009,
          -0.360996,
          1.457983
        ],
        [
          0.0,
          0.0,
          0.0,
          1.0
        ]
      ]
    },
    {
      "file_path": "/media/NFS/ttao/scannet/posed_images/scene0672_01/00458.jpg",
      "transform_matrix": [
        [
          -0.845048,
          -0.176835,
          0.504603,
          4.790626
        ],
        [
          -0.534189,
          0.238319,
          -0.811077,
          3.416596
        ],
        [
          0.02317,
          -0.954952,
          -0.295854,
          1.493766
        ],
        [
          0.0,
          0.0,
          0.0,
          1.0
        ]
      ]
    },
    {
      "file_path": "/media/NFS/ttao/scannet/posed_images/scene0672_01/00473.jpg",
      "transform_matrix": [
        [
          -0.722705,
          -0.206636,
          0.659544,
          4.746071
        ],
        [
          -0.6908,
          0.185323,
          -0.698893,
          3.259468
        ],
        [
          0.022188,
          -0.960707,
          -0.276678,
          1.546965
        ],
        [
          0.0,
          0.0,
          0.0,
          1.0
        ]
      ]
    },
    {
      "file_path": "/media/NFS/ttao/scannet/posed_images/scene0672_01/00476.jpg",
      "transform_matrix": [
        [
          -0.717426,
          -0.19294,
          0.669383,
          4.745618
        ],
        [
          -0.695655,
          0.1475,
          -0.70307,
          3.233705
        ],
        [
          0.036916,
          -0.970061,
          -0.24004,
          1.559454
        ],
        [
          0.0,
          0.0,
          0.0,
          1.0
        ]
      ]
    },
    {
      "file_path": "/media/NFS/ttao/scannet/posed_images/scene0672_01/00487.jpg",
      "transform_matrix": [
        [
          -0.752038,
          -0.170414,
          0.636709,
          4.783246
        ],
        [
          -0.648421,
          0.017933,
          -0.761071,
          3.161667
        ],
        [
          0.118279,
          -0.985209,
          -0.123986,
          1.619882
        ],
        [
          0.0,
          0.0,
          0.0,
          1.0
        ]
      ]
    },
    {
      "file_path": "/media/NFS/ttao/scannet/posed_images/scene0672_01/00505.jpg",
      "transform_matrix": [
        [
          -0.860752,
          -0.108521,
          0.497322,
          4.847169
        ],
        [
          -0.496982,
          -0.032092,
          -0.867167,
          3.07829
        ],
        [
          0.110065,
          -0.993576,
          -0.026309,
          1.601903
        ],
        [
          0.0,
          0.0,
          0.0,
          1.0
        ]
      ]
    },
    {
      "file_path": "/media/NFS/ttao/scannet/posed_images/scene0672_01/00519.jpg",
      "transform_matrix": [
        [
          -0.936942,
          -0.125955,
          0.325999,
          4.860753
        ],
        [
          -0.332856,
          0.037296,
          -0.94224,
          3.180836
        ],
        [
          0.106521,
          -0.991335,
          -0.07687,
          1.632067
        ],
        [
          0.0,
          0.0,
          0.0,
          1.0
        ]
      ]
    },
    {
      "file_path": "/media/NFS/ttao/scannet/posed_images/scene0672_01/00526.jpg",
      "transform_matrix": [
        [
          -0.955287,
          -0.112577,
          0.27341,
          4.88694
        ],
        [
          -0.284052,
          0.092644,
          -0.954322,
          3.305015
        ],
        [
          0.082105,
          -0.989315,
          -0.12048,
          1.58044
        ],
        [
          0.0,
          0.0,
          0.0,
          1.0
        ]
      ]
    },
    {
      "file_path": "/media/NFS/ttao/scannet/posed_images/scene0672_01/00544.jpg",
      "transform_matrix": [
        [
          -0.996084,
          -0.071062,
          0.052604,
          4.886347
        ],
        [
          -0.073087,
          0.327009,
          -0.942191,
          3.545275
        ],
        [
          0.049752,
          -0.942346,
          -0.330922,
          1.48795
        ],
        [
          0.0,
          0.0,
          0.0,
          1.0
        ]
      ]
    },
    {
      "file_path": "/media/NFS/ttao/scannet/posed_images/scene0672_01/00551.jpg",
      "transform_matrix": [
        [
          -0.99948,
          -0.031304,
          0.007769,
          4.911945
        ],
        [
          -0.018633,
          0.363794,
          -0.931293,
          3.626447
        ],
        [
          0.026327,
          -0.930953,
          -0.364188,
          1.460411
        ],
        [
          0.0,
          0.0,
          0.0,
          1.0
        ]
      ]
    },
    {
      "file_path": "/media/NFS/ttao/scannet/posed_images/scene0672_01/00562.jpg",
      "transform_matrix": [
        [
          -0.998135,
          0.03213,
          -0.051897,
          4.939806
        ],
        [
          0.061018,
          0.50328,
          -0.861967,
          3.758843
        ],
        [
          -0.001576,
          -0.863526,
          -0.504302,
          1.387828
        ],
        [
          0.0,
          0.0,
          0.0,
          1.0
        ]
      ]
    },
    {
      "file_path": "/media/NFS/ttao/scannet/posed_images/scene0672_01/00576.jpg",
      "transform_matrix": [
        [
          -0.998111,
          0.054581,
          -0.028189,
          4.893909
        ],
        [
          0.055706,
          0.610745,
          -0.789866,
          3.951694
        ],
        [
          -0.025895,
          -0.789944,
          -0.612632,
          1.36168
        ],
        [
          0.0,
          0.0,
          0.0,
          1.0
        ]
      ]
    },
    {
      "file_path": "/media/NFS/ttao/scannet/posed_images/scene0672_01/00584.jpg",
      "transform_matrix": [
        [
          -0.992431,
          0.090978,
          -0.082489,
          4.851218
        ],
        [
          0.121488,
          0.62916,
          -0.767723,
          4.054604
        ],
        [
          -0.017947,
          -0.771933,
          -0.635451,
          1.352592
        ],
        [
          0.0,
          0.0,
          0.0,
          1.0
        ]
      ]
    },
    {
      "file_path": "/media/NFS/ttao/scannet/posed_images/scene0672_01/00598.jpg",
      "transform_matrix": [
        [
          -0.924095,
          0.229355,
          -0.305686,
          4.834019
        ],
        [
          0.381286,
          0.607462,
          -0.696858,
          4.095855
        ],
        [
          0.025865,
          -0.760517,
          -0.648803,
          1.364811
        ],
        [
          0.0,
          0.0,
          0.0,
          1.0
        ]
      ]
    },
    {
      "file_path": "/media/NFS/ttao/scannet/posed_images/scene0672_01/00605.jpg",
      "transform_matrix": [
        [
          -0.881518,
          0.290345,
          -0.372324,
          4.84622
        ],
        [
          0.472061,
          0.557265,
          -0.683091,
          4.068836
        ],
        [
          0.009151,
          -0.777918,
          -0.6283,
          1.37355
        ],
        [
          0.0,
          0.0,
          0.0,
          1.0
        ]
      ]
    },
    {
      "file_path": "/media/NFS/ttao/scannet/posed_images/scene0672_01/00619.jpg",
      "transform_matrix": [
        [
          -0.905243,
          0.25938,
          -0.336537,
          4.939058
        ],
        [
          0.424511,
          0.518457,
          -0.742289,
          3.973035
        ],
        [
          -0.018055,
          -0.814816,
          -0.579439,
          1.407798
        ],
        [
          0.0,
          0.0,
          0.0,
          1.0
        ]
      ]
    },
    {
      "file_path": "/media/NFS/ttao/scannet/posed_images/scene0672_01/00637.jpg",
      "transform_matrix": [
        [
          -0.996306,
          0.04305,
          -0.074302,
          5.046184
        ],
        [
          0.085021,
          0.372978,
          -0.923937,
          3.964386
        ],
        [
          -0.012062,
          -0.926841,
          -0.37526,
          1.49846
        ],
        [
          0.0,
          0.0,
          0.0,
          1.0
        ]
      ]
    },
    {
      "file_path": "/media/NFS/ttao/scannet/posed_images/scene0672_01/00652.jpg",
      "transform_matrix": [
        [
          -0.970704,
          -0.087266,
          0.223869,
          5.059937
        ],
        [
          -0.238979,
          0.253934,
          -0.937233,
          4.127317
        ],
        [
          0.024941,
          -0.963277,
          -0.26735,
          1.553753
        ],
        [
          0.0,
          0.0,
          0.0,
          1.0
        ]
      ]
    },
    {
      "file_path": "/media/NFS/ttao/scannet/posed_images/scene0672_01/00659.jpg",
      "transform_matrix": [
        [
          -0.943308,
          -0.12513,
          0.307427,
          5.028486
        ],
        [
          -0.329255,
          0.235683,
          -0.914355,
          4.240266
        ],
        [
          0.041958,
          -0.963741,
          -0.263522,
          1.591506
        ],
        [
          0.0,
          0.0,
          0.0,
          1.0
        ]
      ]
    },
    {
      "file_path": "/media/NFS/ttao/scannet/posed_images/scene0672_01/00669.jpg",
      "transform_matrix": [
        [
          -0.910131,
          -0.099792,
          0.402122,
          5.008767
        ],
        [
          -0.413887,
          0.263328,
          -0.87141,
          4.393132
        ],
        [
          -0.01893,
          -0.959531,
          -0.280966,
          1.584303
        ],
        [
          0.0,
          0.0,
          0.0,
          1.0
        ]
      ]
    },
    {
      "file_path": "/media/NFS/ttao/scannet/posed_images/scene0672_01/00677.jpg",
      "transform_matrix": [
        [
          -0.906592,
          -0.087211,
          0.412898,
          5.034883
        ],
        [
          -0.416839,
          0.337722,
          -0.843913,
          4.546334
        ],
        [
          -0.065846,
          -0.937197,
          -0.342529,
          1.544832
        ],
        [
          0.0,
          0.0,
          0.0,
          1.0
        ]
      ]
    },
    {
      "file_path": "/media/NFS/ttao/scannet/posed_images/scene0672_01/00698.jpg",
      "transform_matrix": [
        [
          -0.848933,
          -0.177106,
          0.497942,
          4.952545
        ],
        [
          -0.520777,
          0.440809,
          -0.73108,
          4.850313
        ],
        [
          -0.090019,
          -0.879955,
          -0.46645,
          1.474874
        ],
        [
          0.0,
          0.0,
          0.0,
          1.0
        ]
      ]
    },
    {
      "file_path": "/media/NFS/ttao/scannet/posed_images/scene0672_01/00705.jpg",
      "transform_matrix": [
        [
          -0.852646,
          -0.213967,
          0.476668,
          4.963683
        ],
        [
          -0.513606,
          0.510742,
          -0.689458,
          4.924588
        ],
        [
          -0.095933,
          -0.832683,
          -0.545377,
          1.462951
        ],
        [
          0.0,
          0.0,
          0.0,
          1.0
        ]
      ]
    },
    {
      "file_path": "/media/NFS/ttao/scannet/posed_images/scene0672_01/00723.jpg",
      "transform_matrix": [
        [
          -0.94204,
          -0.189484,
          0.276868,
          5.112985
        ],
        [
          -0.332675,
          0.634439,
          -0.697721,
          5.027436
        ],
        [
          -0.043449,
          -0.749389,
          -0.660704,
          1.418091
        ],
        [
          0.0,
          0.0,
          0.0,
          1.0
        ]
      ]
    },
    {
      "file_path": "/media/NFS/ttao/scannet/posed_images/scene0672_01/00730.jpg",
      "transform_matrix": [
        [
          -0.976694,
          -0.088245,
          0.195657,
          5.180445
        ],
        [
          -0.203573,
          0.669748,
          -0.71414,
          5.035104
        ],
        [
          -0.068022,
          -0.737327,
          -0.672103,
          1.425356
        ],
        [
          0.0,
          0.0,
          0.0,
          1.0
        ]
      ]
    },
    {
      "file_path": "/media/NFS/ttao/scannet/posed_images/scene0672_01/00745.jpg",
      "transform_matrix": [
        [
          -0.99675,
          0.058602,
          -0.055277,
          5.169244
        ],
        [
          0.079382,
          0.597617,
          -0.797842,
          5.120605
        ],
        [
          -0.01372,
          -0.799637,
          -0.600327,
          1.469974
        ],
        [
          0.0,
          0.0,
          0.0,
          1.0
        ]
      ]
    },
    {
      "file_path": "/media/NFS/ttao/scannet/posed_images/scene0672_01/00755.jpg",
      "transform_matrix": [
        [
          -0.964846,
          0.145763,
          -0.218687,
          5.167478
        ],
        [
          0.262673,
          0.562013,
          -0.784311,
          5.244331
        ],
        [
          0.008582,
          -0.814183,
          -0.580545,
          1.474943
        ],
        [
          0.0,
          0.0,
          0.0,
          1.0
        ]
      ]
    },
    {
      "file_path": "/media/NFS/ttao/scannet/posed_images/scene0672_01/00763.jpg",
      "transform_matrix": [
        [
          -0.891747,
          0.264493,
          -0.367193,
          5.168452
        ],
        [
          0.452526,
          0.526085,
          -0.720038,
          5.299378
        ],
        [
          0.00273,
          -0.808256,
          -0.588825,
          1.473171
        ],
        [
          0.0,
          0.0,
          0.0,
          1.0
        ]
      ]
    },
    {
      "file_path": "/media/NFS/ttao/scannet/posed_images/scene0672_01/00773.jpg",
      "transform_matrix": [
        [
          -0.772863,
          0.33492,
          -0.538991,
          5.191223
        ],
        [
          0.63445,
          0.4246,
          -0.645901,
          5.303866
        ],
        [
          0.01253,
          -0.841156,
          -0.540647,
          1.462491
        ],
        [
          0.0,
          0.0,
          0.0,
          1.0
        ]
      ]
    },
    {
      "file_path": "/media/NFS/ttao/scannet/posed_images/scene0672_01/00788.jpg",
      "transform_matrix": [
        [
          -0.572952,
          0.38238,
          -0.724922,
          5.213033
        ],
        [
          0.819311,
          0.290262,
          -0.494447,
          5.286377
        ],
        [
          0.02135,
          -0.877231,
          -0.479594,
          1.485349
        ],
        [
          0.0,
          0.0,
          0.0,
          1.0
        ]
      ]
    },
    {
      "file_path": "/media/NFS/ttao/scannet/posed_images/scene0672_01/00806.jpg",
      "transform_matrix": [
        [
          -0.321003,
          0.437852,
          -0.839787,
          5.230814
        ],
        [
          0.945856,
          0.193242,
          -0.260794,
          5.268029
        ],
        [
          0.048093,
          -0.878034,
          -0.476176,
          1.465744
        ],
        [
          0.0,
          0.0,
          0.0,
          1.0
        ]
      ]
    },
    {
      "file_path": "/media/NFS/ttao/scannet/posed_images/scene0672_01/00816.jpg",
      "transform_matrix": [
        [
          -0.245937,
          0.411582,
          -0.877562,
          5.18822
        ],
        [
          0.967027,
          0.16596,
          -0.193174,
          5.250589
        ],
        [
          0.066133,
          -0.896135,
          -0.438827,
          1.484715
        ],
        [
          0.0,
          0.0,
          0.0,
          1.0
        ]
      ]
    },
    {
      "file_path": "/media/NFS/ttao/scannet/posed_images/scene0672_01/00820.jpg",
      "transform_matrix": [
        [
          -0.222279,
          0.393781,
          -0.891924,
          5.152656
        ],
        [
          0.971853,
          0.162731,
          -0.170353,
          5.229207
        ],
        [
          0.078062,
          -0.904685,
          -0.418869,
          1.477978
        ],
        [
          0.0,
          0.0,
          0.0,
          1.0
        ]
      ]
    },
    {
      "file_path": "/media/NFS/ttao/scannet/posed_images/scene0672_01/00841.jpg",
      "transform_matrix": [
        [
          -0.221243,
          0.368906,
          -0.902751,
          4.859882
        ],
        [
          0.974873,
          0.108301,
          -0.194662,
          5.069622
        ],
        [
          0.025957,
          -0.923135,
          -0.383598,
          1.528368
        ],
        [
          0.0,
          0.0,
          0.0,
          1.0
        ]
      ]
    },
    {
      "file_path": "/media/NFS/ttao/scannet/posed_images/scene0672_01/00848.jpg",
      "transform_matrix": [
        [
          -0.172784,
          0.343405,
          -0.923157,
          4.800687
        ],
        [
          0.98304,
          0.118614,
          -0.139869,
          4.958608
        ],
        [
          0.061467,
          -0.931667,
          -0.358075,
          1.528927
        ],
        [
          0.0,
          0.0,
          0.0,
          1.0
        ]
      ]
    },
    {
      "file_path": "/media/NFS/ttao/scannet/posed_images/scene0672_01/00863.jpg",
      "transform_matrix": [
        [
          0.017363,
          0.364066,
          -0.931211,
          4.684897
        ],
        [
          0.999533,
          0.017123,
          0.025331,
          4.655378
        ],
        [
          0.025167,
          -0.931216,
          -0.363598,
          1.542843
        ],
        [
          0.0,
          0.0,
          0.0,
          1.0
        ]
      ]
    },
    {
      "file_path": "/media/NFS/ttao/scannet/posed_images/scene0672_01/00870.jpg",
      "transform_matrix": [
        [
          0.073864,
          0.34601,
          -0.935319,
          4.630532
        ],
        [
          0.996783,
          0.003647,
          0.080067,
          4.564361
        ],
        [
          0.031115,
          -0.938224,
          -0.344627,
          1.534515
        ],
        [
          0.0,
          0.0,
          0.0,
          1.0
        ]
      ]
    },
    {
      "file_path": "/media/NFS/ttao/scannet/posed_images/scene0672_01/00881.jpg",
      "transform_matrix": [
        [
          0.134033,
          0.364712,
          -0.921423,
          4.496789
        ],
        [
          0.990802,
          -0.031862,
          0.131513,
          4.417414
        ],
        [
          0.018606,
          -0.930575,
          -0.365629,
          1.488066
        ],
        [
          0.0,
          0.0,
          0.0,
          1.0
        ]
      ]
    },
    {
      "file_path": "/media/NFS/ttao/scannet/posed_images/scene0672_01/00895.jpg",
      "transform_matrix": [
        [
          0.311772,
          0.295019,
          -0.903195,
          4.33531
        ],
        [
          0.948887,
          -0.047545,
          0.312014,
          4.306741
        ],
        [
          0.049107,
          -0.954308,
          -0.294763,
          1.537244
        ],
        [
          0.0,
          0.0,
          0.0,
          1.0
        ]
      ]
    },
    {
      "file_path": "/media/NFS/ttao/scannet/posed_images/scene0672_01/00906.jpg",
      "transform_matrix": [
        [
          0.604128,
          0.231396,
          -0.762552,
          4.246726
        ],
        [
          0.795054,
          -0.110146,
          0.596454,
          4.227009
        ],
        [
          0.054026,
          -0.966604,
          -0.250515,
          1.577827
        ],
        [
          0.0,
          0.0,
          0.0,
          1.0
        ]
      ]
    },
    {
      "file_path": "/media/NFS/ttao/scannet/posed_images/scene0672_01/00924.jpg",
      "transform_matrix": [
        [
          0.792696,
          0.071808,
          -0.605374,
          4.267532
        ],
        [
          0.607649,
          -0.013324,
          0.794094,
          4.059778
        ],
        [
          0.048956,
          -0.99733,
