{
  "frames": [
    {
      "file_path": "/media/NFS/ttao/scannet/posed_images/scene0297_01/00000.jpg",
      "transform_matrix": [
        [
          0.891856,
          0.18544,
          -0.412559,
          3.794204
        ],
        [
          0.451853,
          -0.406643,
          0.794022,
          1.381842
        ],
        [
          -0.020521,
          -0.894569,
          -0.446458,
          1.530673
        ],
        [
          0.0,
          0.0,
          0.0,
          1.0
        ]
      ]
    },
    {
      "file_path": "/media/NFS/ttao/scannet/posed_images/scene0297_01/00005.jpg",
      "transform_matrix": [
        [
          0.901688,
          0.177777,
          -0.394151,
          3.830904
        ],
        [
          0.43159,
          -0.425413,
          0.795458,
          1.436166
        ],
        [
          -0.026263,
          -0.887366,
          -0.460317,
          1.524345
        ],
        [
          0.0,
          0.0,
          0.0,
          1.0
        ]
      ]
    },
    {
      "file_path": "/media/NFS/ttao/scannet/posed_images/scene0297_01/00011.jpg",
      "transform_matrix": [
        [
          0.917292,
          0.159531,
          -0.364864,
          3.82038
        ],
        [
          0.396985,
          -0.43834,
          0.806388,
          1.505201
        ],
        [
          -0.031291,
          -0.884538,
          -0.465417,
          1.513646
        ],
        [
          0.0,
          0.0,
          0.0,
          1.0
        ]
      ]
    },
    {
      "file_path": "/media/NFS/ttao/scannet/posed_images/scene0297_01/00015.jpg",
      "transform_matrix": [
        [
          0.923406,
          0.151313,
          -0.352741,
          3.85031
        ],
        [
          0.382316,
          -0.444031,
          0.810353,
          1.568932
        ],
        [
          -0.034011,
          -0.883143,
          -0.46787,
          1.516238
        ],
        [
          0.0,
          0.0,
          0.0,
          1.0
        ]
      ]
    },
    {
      "file_path": "/media/NFS/ttao/scannet/posed_images/scene0297_01/00024.jpg",
      "transform_matrix": [
        [
          0.935655,
          0.138123,
          -0.324763,
          3.914006
        ],
        [
          0.351365,
          -0.450752,
          0.820589,
          1.696728
        ],
        [
          -0.033045,
          -0.881899,
          -0.47028,
          1.504671
        ],
        [
          0.0,
          0.0,
          0.0,
          1.0
        ]
      ]
    },
    {
      "file_path": "/media/NFS/ttao/scannet/posed_images/scene0297_01/00029.jpg",
      "transform_matrix": [
        [
          0.941851,
          0.131038,
          -0.309429,
          3.935722
        ],
        [
          0.3342,
          -0.461314,
          0.821888,
          1.761937
        ],
        [
          -0.035045,
          -0.877507,
          -0.478282,
          1.499656
        ],
        [
          0.0,
          0.0,
          0.0,
          1.0
        ]
      ]
    },
    {
      "file_path": "/media/NFS/ttao/scannet/posed_images/scene0297_01/00034.jpg",
      "transform_matrix": [
        [
          0.956387,
          0.118857,
          -0.266827,
          3.937283
        ],
        [
          0.290426,
          -0.48464,
          0.825092,
          1.836698
        ],
        [
          -0.031248,
          -0.866601,
          -0.498023,
          1.507735
        ],
        [
          0.0,
          0.0,
          0.0,
          1.0
        ]
      ]
    },
    {
      "file_path": "/media/NFS/ttao/scannet/posed_images/scene0297_01/00037.jpg",
      "transform_matrix": [
        [
          0.965901,
          0.100991,
          -0.238404,
          3.937583
        ],
        [
          0.25674,
          -0.492612,
          0.831516,
          1.887296
        ],
        [
          -0.033465,
          -0.86437,
          -0.501742,
          1.499731
        ],
        [
          0.0,
          0.0,
          0.0,
          1.0
        ]
      ]
    },
    {
      "file_path": "/media/NFS/ttao/scannet/posed_images/scene0297_01/00042.jpg",
      "transform_matrix": [
        [
          0.977112,
          0.076474,
          -0.198507,
          3.919563
        ],
        [
          0.209764,
          -0.501592,
          0.839288,
          1.996111
        ],
        [
          -0.035386,
          -0.861717,
          -0.506153,
          1.502231
        ],
        [
          0.0,
          0.0,
          0.0,
          1.0
        ]
      ]
    },
    {
      "file_path": "/media/NFS/ttao/scannet/posed_images/scene0297_01/00052.jpg",
      "transform_matrix": [
        [
          0.991175,
          0.043187,
          -0.125331,
          3.94412
        ],
        [
          0.130828,
          -0.471159,
          0.872292,
          2.210203
        ],
        [
          -0.02138,
          -0.88099,
          -0.472651,
          1.504555
        ],
        [
          0.0,
          0.0,
          0.0,
          1.0
        ]
      ]
    },
    {
      "file_path": "/media/NFS/ttao/scannet/posed_images/scene0297_01/00055.jpg",
      "transform_matrix": [
        [
          0.995802,
          0.031369,
          -0.085991,
          3.956012
        ],
        [
          0.090404,
          -0.484196,
          0.870277,
          2.274907
        ],
        [
          -0.014337,
          -0.874397,
          -0.484999,
          1.498752
        ],
        [
          0.0,
          0.0,
          0.0,
          1.0
        ]
      ]
    },
    {
      "file_path": "/media/NFS/ttao/scannet/posed_images/scene0297_01/00061.jpg",
      "transform_matrix": [
        [
          0.998958,
          0.009572,
          -0.044631,
          4.012308
        ],
        [
          0.043427,
          -0.500484,
          0.864656,
          2.413117
        ],
        [
          -0.01406,
          -0.865693,
          -0.500378,
          1.496103
        ],
        [
          0.0,
          0.0,
          0.0,
          1.0
        ]
      ]
    },
    {
      "file_path": "/media/NFS/ttao/scannet/posed_images/scene0297_01/00066.jpg",
      "transform_matrix": [
        [
          0.999384,
          0.009424,
          -0.033813,
          4.057154
        ],
        [
          0.034196,
          -0.478779,
          0.877269,
          2.515382
        ],
        [
          -0.007921,
          -0.877885,
          -0.478806,
          1.4842
        ],
        [
          0.0,
          0.0,
          0.0,
          1.0
        ]
      ]
    },
    {
      "file_path": "/media/NFS/ttao/scannet/posed_images/scene0297_01/00069.jpg",
      "transform_matrix": [
        [
          0.999292,
          0.015152,
          -0.034451,
          4.083045
        ],
        [
          0.037488,
          -0.481704,
          0.875532,
          2.577259
        ],
        [
          -0.003329,
          -0.876203,
          -0.481931,
          1.491655
        ],
        [
          0.0,
          0.0,
          0.0,
          1.0
        ]
      ]
    },
    {
      "file_path": "/media/NFS/ttao/scannet/posed_images/scene0297_01/00074.jpg",
      "transform_matrix": [
        [
          0.998551,
          0.016951,
          -0.051072,
          4.132521
        ],
        [
          0.053088,
          -0.465505,
          0.883451,
          2.655766
        ],
        [
          -0.008799,
          -0.884883,
          -0.465731,
          1.497209
        ],
        [
          0.0,
          0.0,
          0.0,
          1.0
        ]
      ]
    },
    {
      "file_path": "/media/NFS/ttao/scannet/posed_images/scene0297_01/00079.jpg",
      "transform_matrix": [
        [
          0.998116,
          0.035107,
          -0.050319,
          4.161467
        ],
        [
          0.060901,
          -0.467272,
          0.882014,
          2.731203
        ],
        [
          0.007452,
          -0.883416,
          -0.46853,
          1.496851
        ],
        [
          0.0,
          0.0,
          0.0,
          1.0
        ]
      ]
    },
    {
      "file_path": "/media/NFS/ttao/scannet/posed_images/scene0297_01/00086.jpg",
      "transform_matrix": [
        [
          0.997577,
          0.05118,
          -0.047125,
          4.174047
        ],
        [
          0.065535,
          -0.463912,
          0.883454,
          2.839365
        ],
        [
          0.023354,
          -0.884402,
          -0.466142,
          1.500855
        ],
        [
          0.0,
          0.0,
          0.0,
          1.0
        ]
      ]
    },
    {
      "file_path": "/media/NFS/ttao/scannet/posed_images/scene0297_01/00092.jpg",
      "transform_matrix": [
        [
          0.995848,
          0.061155,
          -0.067427,
          4.149046
        ],
        [
          0.08774,
          -0.447545,
          0.889947,
          2.947279
        ],
        [
          0.024248,
          -0.892168,
          -0.451053,
          1.522178
        ],
        [
          0.0,
          0.0,
          0.0,
          1.0
        ]
      ]
    },
    {
      "file_path": "/media/NFS/ttao/scannet/posed_images/scene0297_01/00100.jpg",
      "transform_matrix": [
        [
          0.98365,
          0.105653,
          -0.145841,
          4.07512
        ],
        [
          0.177092,
          -0.420341,
          0.889917,
          3.043262
        ],
        [
          0.03272,
          -0.901194,
          -0.432179,
          1.499787
        ],
        [
          0.0,
          0.0,
          0.0,
          1.0
        ]
      ]
    },
    {
      "file_path": "/media/NFS/ttao/scannet/posed_images/scene0297_01/00103.jpg",
      "transform_matrix": [
        [
          0.97754,
          0.119093,
          -0.173878,
          4.056052
        ],
        [
          0.20833,
          -0.421328,
          0.882656,
          3.071275
        ],
        [
          0.031858,
          -0.899055,
          -0.436675,
          1.487044
        ],
        [
          0.0,
          0.0,
          0.0,
          1.0
        ]
      ]
    },
    {
      "file_path": "/media/NFS/ttao/scannet/posed_images/scene0297_01/00107.jpg",
      "transform_matrix": [
        [
          0.966098,
          0.13317,
          -0.22118,
          4.034177
        ],
        [
          0.257241,
          -0.423662,
          0.868526,
          3.114386
        ],
        [
          0.021956,
          -0.895978,
          -0.443556,
          1.487044
        ],
        [
          0.0,
          0.0,
          0.0,
          1.0
        ]
      ]
    },
    {
      "file_path": "/media/NFS/ttao/scannet/posed_images/scene0297_01/00111.jpg",
      "transform_matrix": [
        [
          0.948743,
          0.155663,
          -0.275058,
          4.016006
        ],
        [
          0.315626,
          -0.42161,
          0.850074,
          3.166354
        ],
        [
          0.016358,
          -0.893317,
          -0.44913,
          1.505821
        ],
        [
          0.0,
          0.0,
          0.0,
          1.0
        ]
      ]
    },
    {
      "file_path": "/media/NFS/ttao/scannet/posed_images/scene0297_01/00118.jpg",
      "transform_matrix": [
        [
          0.899755,
          0.207314,
          -0.384007,
          3.98347
        ],
        [
          0.435901,
          -0.385104,
          0.813441,
          3.237271
        ],
        [
          0.020755,
          -0.899286,
          -0.436867,
          1.508189
        ],
        [
          0.0,
          0.0,
          0.0,
          1.0
        ]
      ]
    },
    {
      "file_path": "/media/NFS/ttao/scannet/posed_images/scene0297_01/00126.jpg",
      "transform_matrix": [
        [
          0.809345,
          0.2741,
          -0.519452,
          3.9854
        ],
        [
          0.586596,
          -0.332901,
          0.738297,
          3.301983
        ],
        [
          0.029441,
          -0.902245,
          -0.430218,
          1.496176
        ],
        [
          0.0,
          0.0,
          0.0,
          1.0
        ]
      ]
    },
    {
      "file_path": "/media/NFS/ttao/scannet/posed_images/scene0297_01/00129.jpg",
      "transform_matrix": [
        [
          0.771747,
          0.297264,
          -0.562175,
          3.985393
        ],
        [
          0.635091,
          -0.314895,
          0.705337,
          3.331304
        ],
        [
          0.032646,
          -0.901374,
          -0.431809,
          1.499783
        ],
        [
          0.0,
          0.0,
          0.0,
          1.0
        ]
      ]
    },
    {
      "file_path": "/media/NFS/ttao/scannet/posed_images/scene0297_01/00137.jpg",
      "transform_matrix": [
        [
          0.694091,
          0.34529,
          -0.631674,
          3.969205
        ],
        [
          0.718784,
          -0.283842,
          0.634653,
          3.398593
        ],
        [
          0.039844,
          -0.894544,
          -0.445201,
          1.509752
        ],
        [
          0.0,
          0.0,
          0.0,
          1.0
        ]
      ]
    },
    {
      "file_path": "/media/NFS/ttao/scannet/posed_images/scene0297_01/00142.jpg",
      "transform_matrix": [
        [
          0.658313,
          0.361934,
          -0.660021,
          3.946501
        ],
        [
          0.752009,
          -0.277467,
          0.597909,
          3.449873
        ],
        [
          0.033269,
          -0.889953,
          -0.454838,
          1.512532
        ],
        [
          0.0,
          0.0,
          0.0,
          1.0
        ]
      ]
    },
    {
      "file_path": "/media/NFS/ttao/scannet/posed_images/scene0297_01/00144.jpg",
      "transform_matrix": [
        [
          0.646586,
          0.364496,
          -0.670127,
          3.935196
        ],
        [
          0.7622,
          -0.272667,
          0.587115,
          3.468927
        ],
        [
          0.031279,
          -0.890391,
          -0.454121,
          1.50743
        ],
        [
          0.0,
          0.0,
          0.0,
          1.0
        ]
      ]
    },
    {
      "file_path": "/media/NFS/ttao/scannet/posed_images/scene0297_01/00152.jpg",
      "transform_matrix": [
        [
          0.586786,
          0.389351,
          -0.709991,
          3.870493
        ],
        [
          0.807803,
          -0.220837,
          0.546521,
          3.561865
        ],
        [
          0.055996,
          -0.894225,
          -0.444103,
          1.498664
        ],
        [
          0.0,
          0.0,
          0.0,
          1.0
        ]
      ]
    },
    {
      "file_path": "/media/NFS/ttao/scannet/posed_images/scene0297_01/00155.jpg",
      "transform_matrix": [
        [
          0.5643,
          0.409104,
          -0.717077,
          3.834548
        ],
        [
          0.822825,
          -0.20794,
          0.528885,
          3.592135
        ],
        [
          0.067261,
          -0.888479,
          -0.453962,
          1.504097
        ],
        [
          0.0,
          0.0,
          0.0,
          1.0
        ]
      ]
    },
    {
      "file_path": "/media/NFS/ttao/scannet/posed_images/scene0297_01/00165.jpg",
      "transform_matrix": [
        [
          0.467741,
          0.433566,
          -0.77022,
          3.758204
        ],
        [
          0.881976,
          -0.172009,
          0.438783,
          3.680286
        ],
        [
          0.057757,
          -0.884553,
          -0.46285,
          1.505584
        ],
        [
          0.0,
          0.0,
          0.0,
          1.0
        ]
      ]
    },
    {
      "file_path": "/media/NFS/ttao/scannet/posed_images/scene0297_01/00166.jpg",
      "transform_matrix": [
        [
          0.457283,
          0.438364,
          -0.773775,
          3.75122
        ],
        [
          0.887393,
          -0.167659,
          0.429446,
          3.689996
        ],
        [
          0.058524,
          -0.883022,
          -0.465669,
          1.506379
        ],
        [
          0.0,
          0.0,
          0.0,
          1.0
        ]
      ]
    },
    {
      "file_path": "/media/NFS/ttao/scannet/posed_images/scene0297_01/00174.jpg",
      "transform_matrix": [
        [
          0.329818,
          0.469568,
          -0.818979,
          3.706632
        ],
        [
          0.943365,
          -0.131031,
          0.304783,
          3.778867
        ],
        [
          0.035805,
          -0.873119,
          -0.48619,
          1.510161
        ],
        [
          0.0,
          0.0,
          0.0,
          1.0
        ]
      ]
    },
    {
      "file_path": "/media/NFS/ttao/scannet/posed_images/scene0297_01/00179.jpg",
      "transform_matrix": [
        [
          0.239535,
          0.46817,
          -0.850553,
          3.68252
        ],
        [
          0.969794,
          -0.0738,
          0.232494,
          3.826761
        ],
        [
          0.046076,
          -0.880551,
          -0.471706,
          1.515787
        ],
        [
          0.0,
          0.0,
          0.0,
          1.0
        ]
      ]
    },
    {
      "file_path": "/media/NFS/ttao/scannet/posed_images/scene0297_01/00184.jpg",
      "transform_matrix": [
        [
          0.152765,
          0.464485,
          -0.872305,
          3.641667
        ],
        [
          0.986661,
          -0.021447,
          0.161372,
          3.88205
        ],
        [
          0.056247,
          -0.885321,
          -0.461565,
          1.532986
        ],
        [
          0.0,
          0.0,
          0.0,
          1.0
        ]
      ]
    },
    {
      "file_path": "/media/NFS/ttao/scannet/posed_images/scene0297_01/00190.jpg",
      "transform_matrix": [
        [
          0.096344,
          0.452769,
          -0.886408,
          3.602249
        ],
        [
          0.994154,
          -0.000154,
          0.107976,
          3.928611
        ],
        [
          0.048752,
          -0.891628,
          -0.450136,
          1.554027
        ],
        [
          0.0,
          0.0,
          0.0,
          1.0
        ]
      ]
    },
    {
      "file_path": "/media/NFS/ttao/scannet/posed_images/scene0297_01/00197.jpg",
      "transform_matrix": [
        [
          0.073442,
          0.426231,
          -0.901628,
          3.540227
        ],
        [
          0.996314,
          0.008827,
          0.085328,
          3.962117
        ],
        [
          0.044328,
          -0.904571,
          -0.424011,
          1.568713
        ],
        [
          0.0,
          0.0,
          0.0,
          1.0
        ]
      ]
    },
    {
      "file_path": "/media/NFS/ttao/scannet/posed_images/scene0297_01/00200.jpg",
      "transform_matrix": [
        [
          0.072212,
          0.409516,
          -0.909441,
          3.504397
        ],
        [
          0.996395,
          0.011083,
          0.084106,
          3.974768
        ],
        [
          0.044522,
          -0.912236,
          -0.407239,
          1.578296
        ],
        [
          0.0,
          0.0,
          0.0,
          1.0
        ]
      ]
    },
    {
      "file_path": "/media/NFS/ttao/scannet/posed_images/scene0297_01/00207.jpg",
      "transform_matrix": [
        [
          0.060023,
          0.35142,
          -0.934292,
          3.421437
        ],
        [
          0.996207,
          0.037986,
          0.078289,
          3.978068
        ],
        [
          0.063002,
          -0.935447,
          -0.347807,
          1.592219
        ],
        [
          0.0,
          0.0,
          0.0,
          1.0
        ]
      ]
    },
    {
      "file_path": "/media/NFS/ttao/scannet/posed_images/scene0297_01/00208.jpg",
      "transform_matrix": [
        [
          0.055732,
          0.345338,
          -0.936822,
          3.410334
        ],
        [
          0.996395,
          0.040869,
          0.074342,
          3.979235
        ],
        [
          0.06396,
          -0.937588,
          -0.341815,
          1.597935
        ],
        [
          0.0,
          0.0,
          0.0,
          1.0
        ]
      ]
    },
    {
      "file_path": "/media/NFS/ttao/scannet/posed_images/scene0297_01/00218.jpg",
      "transform_matrix": [
        [
          0.009181,
          0.291084,
          -0.956654,
          3.32005
        ],
        [
          0.998393,
          0.050836,
          0.025049,
          3.968591
        ],
        [
          0.055924,
          -0.955346,
          -0.290149,
          1.618024
        ],
        [
          0.0,
          0.0,
          0.0,
          1.0
        ]
      ]
    },
    {
      "file_path": "/media/NFS/ttao/scannet/posed_images/scene0297_01/00223.jpg",
      "transform_matrix": [
        [
          -0.006016,
          0.283307,
          -0.95901,
          3.284261
        ],
        [
          0.998745,
          0.049385,
          0.008324,
          3.942178
        ],
        [
          0.049719,
          -0.957757,
          -0.283249,
          1.643571
        ],
        [
          0.0,
          0.0,
          0.0,
          1.0
        ]
      ]
    },
    {
      "file_path": "/media/NFS/ttao/scannet/posed_images/scene0297_01/00224.jpg",
      "transform_matrix": [
        [
          -0.016128,
          0.28603,
          -0.958085,
          3.2784
        ],
        [
          0.998885,
          0.047129,
          -0.002745,
          3.94664
        ],
        [
          0.044368,
          -0.957061,
          -0.286471,
          1.65643
        ],
        [
          0.0,
          0.0,
          0.0,
          1.0
        ]
      ]
    },
    {
      "file_path": "/media/NFS/ttao/scannet/posed_images/scene0297_01/00232.jpg",
      "transform_matrix": [
        [
          -0.112824,
          0.264151,
          -0.95786,
          3.247384
        ],
        [
          0.992916,
          0.066128,
          -0.098717,
          3.927652
        ],
        [
          0.037265,
          -0.962212,
          -0.269741,
          1.634363
        ],
        [
          0.0,
          0.0,
          0.0,
          1.0
        ]
      ]
    },
    {
      "file_path": "/media/NFS/ttao/scannet/posed_images/scene0297_01/00237.jpg",
      "transform_matrix": [
        [
          -0.21016,
          0.247271,
          -0.945881,
          3.234873
        ],
        [
          0.976597,
          0.098352,
          -0.191274,
          3.965191
        ],
        [
          0.045733,
          -0.963942,
          -0.262153,
          1.626446
        ],
        [
          0.0,
          0.0,
          0.0,
          1.0
        ]
      ]
    },
    {
      "file_path": "/media/NFS/ttao/scannet/posed_images/scene0297_01/00245.jpg",
      "transform_matrix": [
        [
          -0.34254,
          0.231089,
          -0.910639,
          3.215084
        ],
        [
          0.938477,
          0.129457,
          -0.32016,
          4.030371
        ],
        [
          0.043903,
          -0.964282,
          -0.261216,
          1.59755
        ],
        [
          0.0,
          0.0,
          0.0,
          1.0
        ]
      ]
    },
    {
      "file_path": "/media/NFS/ttao/scannet/posed_images/scene0297_01/00250.jpg",
      "transform_matrix": [
        [
          -0.403486,
          0.252881,
          -0.879347,
          3.194294
        ],
        [
          0.914418,
          0.145301,
          -0.377793,
          4.034084
        ],
        [
          0.032233,
          -0.956524,
          -0.289866,
          1.601684
        ],
        [
          0.0,
          0.0,
          0.0,
          1.0
        ]
      ]
    },
    {
      "file_path": "/media/NFS/ttao/scannet/posed_images/scene0297_01/00255.jpg",
      "transform_matrix": [
        [
          -0.476027,
          0.262288,
          -0.839407,
          3.152207
        ],
        [
          0.879346,
          0.155255,
          -0.450164,
          4.045661
        ],
        [
          0.012249,
          -0.952418,
          -0.304547,
          1.586931
        ],
        [
          0.0,
          0.0,
          0.0,
          1.0
        ]
      ]
    },
    {
      "file_path": "/media/NFS/ttao/scannet/posed_images/scene0297_01/00258.jpg",
      "transform_matrix": [
        [
          -0.502236,
          0.2672,
          -0.822413,
          3.116837
        ],
        [
          0.864683,
          0.165191,
          -0.474379,
          4.036926
        ],
        [
          0.009102,
          -0.949377,
          -0.314009,
          1.577511
        ],
        [
          0.0,
          0.0,
          0.0,
          1.0
        ]
      ]
    },
    {
      "file_path": "/media/NFS/ttao/scannet/posed_images/scene0297_01/00266.jpg",
      "transform_matrix": [
        [
          -0.579849,
          0.265126,
          -0.770379,
          3.000488
        ],
        [
          0.814631,
          0.203016,
          -0.543288,
          3.998249
        ],
        [
          0.01236,
          -0.942599,
          -0.333698,
          1.566316
        ],
        [
          0.0,
          0.0,
          0.0,
          1.0
        ]
      ]
    },
    {
      "file_path": "/media/NFS/ttao/scannet/posed_images/scene0297_01/00268.jpg",
      "transform_matrix": [
        [
          -0.598255,
          0.25745,
          -0.758822,
          2.961808
        ],
        [
          0.801118,
          0.212665,
          -0.559449,
          3.986355
        ],
        [
          0.017345,
          -0.942599,
          -0.333476,
          1.571435
        ],
        [
          0.0,
          0.0,
          0.0,
          1.0
        ]
      ]
    },
    {
      "file_path": "/media/NFS/ttao/scannet/posed_images/scene0297_01/00274.jpg",
      "transform_matrix": [
        [
          -0.632183,
          0.228011,
          -0.74051,
          2.870557
        ],
        [
          0.774449,
          0.215489,
          -0.594806,
          3.968293
        ],
        [
          0.02395,
          -0.949513,
          -0.312811,
          1.567426
        ],
        [
          0.0,
          0.0,
          0.0,
          1.0
        ]
      ]
    },
    {
      "file_path": "/media/NFS/ttao/scannet/posed_images/scene0297_01/00281.jpg",
      "transform_matrix": [
        [
          -0.671516,
          0.220098,
          -0.707547,
          2.780566
        ],
        [
          0.740506,
          0.23385,
          -0.630052,
          3.954979
        ],
        [
          0.026787,
          -0.947033,
          -0.320018,
          1.566056
        ],
        [
          0.0,
          0.0,
          0.0,
          1.0
        ]
      ]
    },
    {
      "file_path": "/media/NFS/ttao/scannet/posed_images/scene0297_01/00284.jpg",
      "transform_matrix": [
        [
          -0.694689,
          0.222752,
          -0.683951,
          2.750327
        ],
        [
          0.719072,
          0.239539,
          -0.652347,
          3.952936
        ],
        [
          0.018522,
          -0.944988,
          -0.32658,
          1.567848
        ],
        [
          0.0,
          0.0,
          0.0,
          1.0
        ]
      ]
    },
    {
      "file_path": "/media/NFS/ttao/scannet/posed_images/scene0297_01/00291.jpg",
      "transform_matrix": [
        [
          -0.773868,
          0.175207,
          -0.608631,
          2.646196
        ],
        [
          0.632976,
          0.246867,
          -0.733756,
          3.984645
        ],
        [
          0.021692,
          -0.953079,
          -0.301944,
          1.561675
        ],
        [
          0.0,
          0.0,
          0.0,
          1.0
        ]
      ]
    },
    {
      "file_path": "/media/NFS/ttao/scannet/posed_images/scene0297_01/00297.jpg",
      "transform_matrix": [
        [
          -0.832491,
          0.149188,
          -0.533574,
          2.58039
        ],
        [
          0.55351,
          0.266003,
          -0.789221,
          4.001979
        ],
        [
          0.02419,
          -0.952358,
          -0.304022,
          1.567757
        ],
        [
          0.0,
          0.0,
          0.0,
          1.0
        ]
      ]
    },
    {
      "file_path": "/media/NFS/ttao/scannet/posed_images/scene0297_01/00303.jpg",
      "transform_matrix": [
        [
          -0.868699,
          0.135273,
          -0.476511,
          2.501268
        ],
        [
          0.494562,
          0.290736,
          -0.819073,
          4.011161
        ],
        [
          0.027741,
          -0.947193,
          -0.319463,
          1.579339
        ],
        [
          0.0,
          0.0,
          0.0,
          1.0
        ]
      ]
    },
    {
      "file_path": "/media/NFS/ttao/scannet/posed_images/scene0297_01/00310.jpg",
      "transform_matrix": [
        [
          -0.889233,
          0.140233,
          -0.435431,
          2.419994
        ],
        [
          0.45732,
          0.295655,
          -0.838718,
          4.011635
        ],
        [
          0.011121,
          -0.944946,
          -0.327037,
          1.56617
        ],
        [
          0.0,
          0.0,
          0.0,
          1.0
        ]
      ]
    },
    {
      "file_path": "/media/NFS/ttao/scannet/posed_images/scene0297_01/00312.jpg",
      "transform_matrix": [
        [
          -0.894982,
          0.140626,
          -0.423358,
          2.39739
        ],
        [
          0.446102,
          0.283484,
          -0.8489,
          4.022479
        ],
        [
          0.000637,
          -0.94861,
          -0.316446,
          1.535806
        ],
        [
          0.0,
          0.0,
          0.0,
          1.0
        ]
      ]
    },
    {
      "file_path": "/media/NFS/ttao/scannet/posed_images/scene0297_01/00318.jpg",
      "transform_matrix": [
        [
          -0.908666,
          0.161963,
          -0.384829,
          2.303469
        ],
        [
          0.417335,
          0.324689,
          -0.848769,
          3.99159
        ],
        [
          -0.01252,
          -0.93185,
          -0.362627,
          1.516681
        ],
        [
          0.0,
          0.0,
          0.0,
          1.0
        ]
      ]
    },
    {
      "file_path": "/media/NFS/ttao/scannet/posed_images/scene0297_01/00326.jpg",
      "transform_matrix": [
        [
          -0.933539,
          0.117151,
          -0.338793,
          2.176946
        ],
        [
          0.358021,
          0.352314,
          -0.864694,
          3.939996
        ],
        [
          0.018061,
          -0.928521,
          -0.370841,
          1.512194
        ],
        [
          0.0,
          0.0,
          0.0,
          1.0
        ]
      ]
    },
    {
      "file_path": "/media/NFS/ttao/scannet/posed_images/scene0297_01/00328.jpg",
      "transform_matrix": [
        [
          -0.932243,
          0.108345,
          -0.345229,
          2.146843
        ],
        [
          0.360634,
          0.355769,
          -0.86219,
          3.920956
        ],
        [
          0.029408,
          -0.928273,
          -0.370736,
          1.50494
        ],
        [
          0.0,
          0.0,
          0.0,
          1.0
        ]
      ]
    },
    {
      "file_path": "/media/NFS/ttao/scannet/posed_images/scene0297_01/00332.jpg",
      "transform_matrix": [
        [
          -0.939421,
          0.106484,
          -0.325804,
          2.098814
        ],
        [
          0.342084,
          0.351117,
          -0.871605,
          3.912022
        ],
        [
          0.021583,
          -0.930257,
          -0.366274,
          1.485384
        ],
        [
          0.0,
          0.0,
          0.0,
          1.0
        ]
      ]
    },
    {
      "file_path": "/media/NFS/ttao/scannet/posed_images/scene0297_01/00342.jpg",
      "transform_matrix": [
        [
          -0.967538,
          0.105477,
          -0.229663,
          1.959507
        ],
        [
          0.252533,
          0.367924,
          -0.894908,
          3.901234
        ],
        [
          -0.009894,
          -0.923854,
          -0.382616,
          1.489145
        ],
        [
          0.0,
          0.0,
          0.0,
          1.0
        ]
      ]
    },
    {
      "file_path": "/media/NFS/ttao/scannet/posed_images/scene0297_01/00347.jpg",
      "transform_matrix": [
        [
          -0.984986,
          0.053615,
          -0.164099,
          1.874415
        ],
        [
          0.172251,
          0.36868,
          -0.913458,
          3.924452
        ],
        [
          0.011525,
          -0.928009,
          -0.37238,
          1.483617
        ],
        [
          0.0,
          0.0,
          0.0,
          1.0
        ]
      ]
    },
    {
      "file_path": "/media/NFS/ttao/scannet/posed_images/scene0297_01/00352.jpg",
      "transform_matrix": [
        [
          -0.994403,
          0.007577,
          -0.105383,
          1.790451
        ],
        [
          0.099903,
          0.392046,
          -0.914505,
          3.950959
        ],
        [
          0.034386,
          -0.919914,
          -0.390609,
          1.470169
        ],
        [
          0.0,
          0.0,
          0.0,
          1.0
        ]
      ]
    },
    {
      "file_path": "/media/NFS/ttao/scannet/posed_images/scene0297_01/00353.jpg",
      "transform_matrix": [
        [
          -0.995581,
          -0.002522,
          -0.093872,
          1.77331
        ],
        [
          0.085362,
          0.392298,
          -0.915869,
          3.958901
        ],
        [
          0.039135,
          -0.919835,
          -0.39035,
          1.462224
        ],
        [
          0.0,
          0.0,
          0.0,
          1.0
        ]
      ]
    },
    {
      "file_path": "/media/NFS/ttao/scannet/posed_images/scene0297_01/00363.jpg",
      "transform_matrix": [
        [
          -0.999878,
          -0.015547,
          -0.000989,
          1.612772
        ],
        [
          -0.005988,
          0.442131,
          -0.89693,
          3.958449
        ],
        [
          0.014382,
          -0.896816,
          -0.442171,
          1.441619
        ],
        [
          0.0,
          0.0,
          0.0,
          1.0
        ]
      ]
    },
    {
      "file_path": "/media/NFS/ttao/scannet/posed_images/scene0297_01/00366.jpg",
      "transform_matrix": [
        [
          -0.999665,
          -0.022961,
          0.011945,
          1.572802
        ],
        [
          -0.021034,
          0.451811,
          -0.891866,
          3.934679
        ],
        [
          0.015081,
          -0.891818,
          -0.452142,
          1.433749
        ],
        [
          0.0,
          0.0,
          0.0,
          1.0
        ]
      ]
    },
    {
      "file_path": "/media/NFS/ttao/scannet/posed_images/scene0297_01/00370.jpg",
      "transform_matrix": [
        [
          -0.999396,
          -0.025439,
          0.023683,
          1.49755
        ],
        [
          -0.032636,
          0.452488,
          -0.891173,
          3.889308
        ],
        [
          0.011954,
          -0.891408,
          -0.453044,
          1.424886
        ],
        [
          0.0,
          0.0,
          0.0,
          1.0
        ]
      ]
    },
    {
      "file_path": "/media/NFS/ttao/scannet/posed_images/scene0297_01/00376.jpg",
      "transform_matrix": [
        [
          -0.998975,
          -0.044355,
          0.009066,
          1.419968
        ],
        [
          -0.02763,
          0.438691,
          -0.898213,
          3.800106
        ],
        [
          0.035863,
          -0.897543,
          -0.439466,
          1.407322
        ],
        [
          0.0,
          0.0,
          0.0,
          1.0
        ]
      ]
    },
    {
      "file_path": "/media/NFS/ttao/scannet/posed_images/scene0297_01/00381.jpg",
      "transform_matrix": [
        [
          -0.996162,
          -0.078225,
          0.039258,
          1.352673
        ],
        [
          -0.069791,
          0.439278,
          -0.895636,
          3.722459
        ],
        [
          0.052816,
          -0.894939,
          -0.443051,
          1.417293
        ],
        [
          0.0,
          0.0,
          0.0,
          1.0
        ]
      ]
    },
    {
      "file_path": "/media/NFS/ttao/scannet/posed_images/scene0297_01/00389.jpg",
      "transform_matrix": [
        [
          -0.991486,
          -0.109908,
          0.069831,
          1.28798
        ],
        [
          -0.110276,
          0.423521,
          -0.899149,
          3.631113
        ],
        [
          0.069249,
          -0.899194,
          -0.432035,
          1.430748
        ],
        [
          0.0,
          0.0,
          0.0,
          1.0
        ]
      ]
    },
    {
      "file_path": "/media/NFS/ttao/scannet/posed_images/scene0297_01/00395.jpg",
      "transform_matrix": [
        [
          -0.981198,
          -0.123574,
          0.148259,
          1.267823
        ],
        [
          -0.186656,
          0.412136,
          -0.891798,
          3.577855
        ],
        [
          0.0491,
          -0.902703,
          -0.427453,
          1.438136
        ],
        [
          0.0,
          0.0,
          0.0,
          1.0
        ]
      ]
    },
    {
      "file_path": "/media/NFS/ttao/scannet/posed_images/scene0297_01/00400.jpg",
      "transform_matrix": [
        [
          -0.952975,
          -0.171846,
          0.249615,
          1.231357
        ],
        [
          -0.299878,
          0.415877,
          -0.858557,
          3.547691
        ],
        [
          0.043731,
          -0.893037,
          -0.447853,
          1.43413
        ],
        [
          0.0,
          0.0,
          0.0,
          1.0
        ]
      ]
    },
    {
      "file_path": "/media/NFS/ttao/scannet/posed_images/scene0297_01/00407.jpg",
      "transform_matrix": [
        [
          -0.896339,
          -0.241338,
          0.371932,
          1.17702
        ],
        [
          -0.440481,
          0.389115,
          -0.809053,
          3.495845
        ],
        [
          0.050531,
          -0.889014,
          -0.455083,
          1.446261
        ],
        [
          0.0,
          0.0,
          0.0,
          1.0
        ]
      ]
    },
    {
      "file_path": "/media/NFS/ttao/scannet/posed_images/scene0297_01/00412.jpg",
      "transform_matrix": [
        [
          -0.851478,
          -0.275285,
          0.446322,
          1.146308
        ],
        [
          -0.522297,
          0.36924,
          -0.768679,
          3.474621
        ],
        [
          0.046806,
          -0.887626,
          -0.45818,
          1.443968
        ],
        [
          0.0,
          0.0,
          0.0,
          1.0
        ]
      ]
    },
    {
      "file_path": "/media/NFS/ttao/scannet/posed_images/scene0297_01/00413.jpg",
      "transform_matrix": [
        [
          -0.843488,
          -0.281224,
          0.457648,
          1.145501
        ],
        [
          -0.535138,
          0.366309,
          -0.761213,
          3.471552
        ],
        [
          0.046431,
          -0.886979,
          -0.459471,
          1.447903
        ],
        [
          0.0,
