{
  "frames": [
    {
      "file_path": "/media/NFS/ttao/scannet/posed_images/scene0211_00/00000.jpg",
      "transform_matrix": [
        [
          0.625565,
          -0.364138,
          0.68998,
          1.840036
        ],
        [
          -0.779727,
          -0.26195,
          0.568689,
          1.79075
        ],
        [
          -0.026341,
          -0.893748,
          -0.447795,
          1.425096
        ],
        [
          0.0,
          0.0,
          0.0,
          1.0
        ]
      ]
    },
    {
      "file_path": "/media/NFS/ttao/scannet/posed_images/scene0211_00/00007.jpg",
      "transform_matrix": [
        [
          0.627278,
          -0.367083,
          0.686857,
          1.837229
        ],
        [
          -0.777908,
          -0.253216,
          0.575102,
          1.799033
        ],
        [
          -0.037187,
          -0.89506,
          -0.444393,
          1.430289
        ],
        [
          0.0,
          0.0,
          0.0,
          1.0
        ]
      ]
    },
    {
      "file_path": "/media/NFS/ttao/scannet/posed_images/scene0211_00/00014.jpg",
      "transform_matrix": [
        [
          0.647852,
          -0.37691,
          0.661987,
          1.831372
        ],
        [
          -0.760131,
          -0.262956,
          0.594184,
          1.794111
        ],
        [
          -0.049881,
          -0.88814,
          -0.456858,
          1.405384
        ],
        [
          0.0,
          0.0,
          0.0,
          1.0
        ]
      ]
    },
    {
      "file_path": "/media/NFS/ttao/scannet/posed_images/scene0211_00/00021.jpg",
      "transform_matrix": [
        [
          0.66615,
          -0.407078,
          0.624926,
          1.828854
        ],
        [
          -0.74366,
          -0.298837,
          0.598053,
          1.779861
        ],
        [
          -0.056703,
          -0.863125,
          -0.501797,
          1.363997
        ],
        [
          0.0,
          0.0,
          0.0,
          1.0
        ]
      ]
    },
    {
      "file_path": "/media/NFS/ttao/scannet/posed_images/scene0211_00/00030.jpg",
      "transform_matrix": [
        [
          0.680392,
          -0.419552,
          0.600868,
          1.81516
        ],
        [
          -0.731523,
          -0.339535,
          0.591262,
          1.737829
        ],
        [
          -0.04405,
          -0.841838,
          -0.537929,
          1.335267
        ],
        [
          0.0,
          0.0,
          0.0,
          1.0
        ]
      ]
    },
    {
      "file_path": "/media/NFS/ttao/scannet/posed_images/scene0211_00/00039.jpg",
      "transform_matrix": [
        [
          0.728931,
          -0.41087,
          0.547581,
          1.792723
        ],
        [
          -0.68323,
          -0.386284,
          0.619662,
          1.696729
        ],
        [
          -0.043079,
          -0.825815,
          -0.562294,
          1.303891
        ],
        [
          0.0,
          0.0,
          0.0,
          1.0
        ]
      ]
    },
    {
      "file_path": "/media/NFS/ttao/scannet/posed_images/scene0211_00/00044.jpg",
      "transform_matrix": [
        [
          0.745914,
          -0.419455,
          0.517369,
          1.774735
        ],
        [
          -0.66384,
          -0.405082,
          0.628669,
          1.686995
        ],
        [
          -0.054122,
          -0.812383,
          -0.580607,
          1.293209
        ],
        [
          0.0,
          0.0,
          0.0,
          1.0
        ]
      ]
    },
    {
      "file_path": "/media/NFS/ttao/scannet/posed_images/scene0211_00/00058.jpg",
      "transform_matrix": [
        [
          0.764432,
          -0.374257,
          0.524954,
          1.653204
        ],
        [
          -0.644601,
          -0.458335,
          0.611898,
          1.779295
        ],
        [
          0.011597,
          -0.80614,
          -0.591611,
          1.289329
        ],
        [
          0.0,
          0.0,
          0.0,
          1.0
        ]
      ]
    },
    {
      "file_path": "/media/NFS/ttao/scannet/posed_images/scene0211_00/00060.jpg",
      "transform_matrix": [
        [
          0.770385,
          -0.364001,
          0.52346,
          1.632856
        ],
        [
          -0.637137,
          -0.470056,
          0.610821,
          1.79373
        ],
        [
          0.023716,
          -0.804084,
          -0.594043,
          1.287546
        ],
        [
          0.0,
          0.0,
          0.0,
          1.0
        ]
      ]
    },
    {
      "file_path": "/media/NFS/ttao/scannet/posed_images/scene0211_00/00074.jpg",
      "transform_matrix": [
        [
          0.799784,
          -0.344962,
          0.491271,
          1.527445
        ],
        [
          -0.597836,
          -0.531628,
          0.59997,
          1.85643
        ],
        [
          0.054207,
          -0.773546,
          -0.631418,
          1.265157
        ],
        [
          0.0,
          0.0,
          0.0,
          1.0
        ]
      ]
    },
    {
      "file_path": "/media/NFS/ttao/scannet/posed_images/scene0211_00/00077.jpg",
      "transform_matrix": [
        [
          0.787921,
          -0.352537,
          0.504874,
          1.536664
        ],
        [
          -0.613604,
          -0.518299,
          0.595698,
          1.850951
        ],
        [
          0.05167,
          -0.779156,
          -0.624697,
          1.27098
        ],
        [
          0.0,
          0.0,
          0.0,
          1.0
        ]
      ]
    },
    {
      "file_path": "/media/NFS/ttao/scannet/posed_images/scene0211_00/00088.jpg",
      "transform_matrix": [
        [
          0.656814,
          -0.422276,
          0.624723,
          1.629225
        ],
        [
          -0.75402,
          -0.375534,
          0.538914,
          1.802827
        ],
        [
          0.007034,
          -0.82502,
          -0.56506,
          1.318788
        ],
        [
          0.0,
          0.0,
          0.0,
          1.0
        ]
      ]
    },
    {
      "file_path": "/media/NFS/ttao/scannet/posed_images/scene0211_00/00091.jpg",
      "transform_matrix": [
        [
          0.631915,
          -0.439845,
          0.638138,
          1.661388
        ],
        [
          -0.774944,
          -0.345809,
          0.529034,
          1.764028
        ],
        [
          -0.012019,
          -0.828826,
          -0.559377,
          1.316574
        ],
        [
          0.0,
          0.0,
          0.0,
          1.0
        ]
      ]
    },
    {
      "file_path": "/media/NFS/ttao/scannet/posed_images/scene0211_00/00100.jpg",
      "transform_matrix": [
        [
          0.567451,
          -0.476319,
          0.671654,
          1.755764
        ],
        [
          -0.822435,
          -0.288242,
          0.490426,
          1.69455
        ],
        [
          -0.04,
          -0.830685,
          -0.555305,
          1.358098
        ],
        [
          0.0,
          0.0,
          0.0,
          1.0
        ]
      ]
    },
    {
      "file_path": "/media/NFS/ttao/scannet/posed_images/scene0211_00/00111.jpg",
      "transform_matrix": [
        [
          0.612584,
          -0.39707,
          0.68343,
          1.827333
        ],
        [
          -0.785923,
          -0.214036,
          0.580098,
          1.632832
        ],
        [
          -0.084061,
          -0.892482,
          -0.443182,
          1.426648
        ],
        [
          0.0,
          0.0,
          0.0,
          1.0
        ]
      ]
    },
    {
      "file_path": "/media/NFS/ttao/scannet/posed_images/scene0211_00/00121.jpg",
      "transform_matrix": [
        [
          0.664584,
          -0.35712,
          0.656349,
          1.860763
        ],
        [
          -0.740135,
          -0.193992,
          0.64387,
          1.621863
        ],
        [
          -0.102613,
          -0.913692,
          -0.39324,
          1.451055
        ],
        [
          0.0,
          0.0,
          0.0,
          1.0
        ]
      ]
    },
    {
      "file_path": "/media/NFS/ttao/scannet/posed_images/scene0211_00/00128.jpg",
      "transform_matrix": [
        [
          0.708111,
          -0.321347,
          0.628741,
          1.895958
        ],
        [
          -0.701403,
          -0.21757,
          0.678747,
          1.601793
        ],
        [
          -0.081318,
          -0.921629,
          -0.379457,
          1.443231
        ],
        [
          0.0,
          0.0,
          0.0,
          1.0
        ]
      ]
    },
    {
      "file_path": "/media/NFS/ttao/scannet/posed_images/scene0211_00/00132.jpg",
      "transform_matrix": [
        [
          0.739643,
          -0.307244,
          0.598773,
          1.921591
        ],
        [
          -0.66788,
          -0.225567,
          0.709264,
          1.585824
        ],
        [
          -0.082854,
          -0.924511,
          -0.372041,
          1.429547
        ],
        [
          0.0,
          0.0,
          0.0,
          1.0
        ]
      ]
    },
    {
      "file_path": "/media/NFS/ttao/scannet/posed_images/scene0211_00/00142.jpg",
      "transform_matrix": [
        [
          0.758384,
          -0.315044,
          0.570615,
          2.020087
        ],
        [
          -0.645453,
          -0.241036,
          0.72477,
          1.570102
        ],
        [
          -0.090796,
          -0.917959,
          -0.386144,
          1.399081
        ],
        [
          0.0,
          0.0,
          0.0,
          1.0
        ]
      ]
    },
    {
      "file_path": "/media/NFS/ttao/scannet/posed_images/scene0211_00/00151.jpg",
      "transform_matrix": [
        [
          0.798796,
          -0.239909,
          0.551696,
          2.185854
        ],
        [
          -0.599738,
          -0.245433,
          0.761628,
          1.574925
        ],
        [
          -0.047318,
          -0.939258,
          -0.339933,
          1.373445
        ],
        [
          0.0,
          0.0,
          0.0,
          1.0
        ]
      ]
    },
    {
      "file_path": "/media/NFS/ttao/scannet/posed_images/scene0211_00/00158.jpg",
      "transform_matrix": [
        [
          0.820585,
          -0.266409,
          0.505634,
          2.282862
        ],
        [
          -0.566967,
          -0.267958,
          0.77894,
          1.582788
        ],
        [
          -0.072028,
          -0.925864,
          -0.370927,
          1.36171
        ],
        [
          0.0,
          0.0,
          0.0,
          1.0
        ]
      ]
    },
    {
      "file_path": "/media/NFS/ttao/scannet/posed_images/scene0211_00/00160.jpg",
      "transform_matrix": [
        [
          0.828605,
          -0.269878,
          0.490489,
          2.307272
        ],
        [
          -0.553785,
          -0.266686,
          0.788797,
          1.579443
        ],
        [
          -0.082072,
          -0.925227,
          -0.370432,
          1.361883
        ],
        [
          0.0,
          0.0,
          0.0,
          1.0
        ]
      ]
    },
    {
      "file_path": "/media/NFS/ttao/scannet/posed_images/scene0211_00/00172.jpg",
      "transform_matrix": [
        [
          0.893833,
          -0.262077,
          0.363839,
          2.471029
        ],
        [
          -0.436446,
          -0.322379,
          0.839992,
          1.494489
        ],
        [
          -0.102849,
          -0.909609,
          -0.402535,
          1.359886
        ],
        [
          0.0,
          0.0,
          0.0,
          1.0
        ]
      ]
    },
    {
      "file_path": "/media/NFS/ttao/scannet/posed_images/scene0211_00/00181.jpg",
      "transform_matrix": [
        [
          0.922237,
          -0.232329,
          0.309034,
          2.585841
        ],
        [
          -0.374466,
          -0.337875,
          0.863491,
          1.40847
        ],
        [
          -0.096199,
          -0.912066,
          -0.3986,
          1.378744
        ],
        [
          0.0,
          0.0,
          0.0,
          1.0
        ]
      ]
    },
    {
      "file_path": "/media/NFS/ttao/scannet/posed_images/scene0211_00/00183.jpg",
      "transform_matrix": [
        [
          0.926292,
          -0.228854,
          0.29935,
          2.603174
        ],
        [
          -0.363981,
          -0.337909,
          0.867949,
          1.398533
        ],
        [
          -0.097481,
          -0.912931,
          -0.396301,
          1.379213
        ],
        [
          0.0,
          0.0,
          0.0,
          1.0
        ]
      ]
    },
    {
      "file_path": "/media/NFS/ttao/scannet/posed_images/scene0211_00/00193.jpg",
      "transform_matrix": [
        [
          0.924314,
          -0.23056,
          0.304116,
          2.666675
        ],
        [
          -0.37005,
          -0.346614,
          0.861929,
          1.37299
        ],
        [
          -0.093316,
          -0.909231,
          -0.405698,
          1.375059
        ],
        [
          0.0,
          0.0,
          0.0,
          1.0
        ]
      ]
    },
    {
      "file_path": "/media/NFS/ttao/scannet/posed_images/scene0211_00/00200.jpg",
      "transform_matrix": [
        [
          0.893249,
          -0.251141,
          0.372873,
          2.662418
        ],
        [
          -0.444433,
          -0.368371,
          0.816567,
          1.379065
        ],
        [
          -0.067718,
          -0.895115,
          -0.440662,
          1.37597
        ],
        [
          0.0,
          0.0,
          0.0,
          1.0
        ]
      ]
    },
    {
      "file_path": "/media/NFS/ttao/scannet/posed_images/scene0211_00/00214.jpg",
      "transform_matrix": [
        [
          0.744635,
          -0.276289,
          0.607604,
          2.454612
        ],
        [
          -0.667264,
          -0.330861,
          0.667301,
          1.468526
        ],
        [
          0.016664,
          -0.902328,
          -0.430728,
          1.396237
        ],
        [
          0.0,
          0.0,
          0.0,
          1.0
        ]
      ]
    },
    {
      "file_path": "/media/NFS/ttao/scannet/posed_images/scene0211_00/00220.jpg",
      "transform_matrix": [
        [
          0.65943,
          -0.319142,
          0.680662,
          2.345842
        ],
        [
          -0.751675,
          -0.293969,
          0.590395,
          1.53596
        ],
        [
          0.011673,
          -0.900961,
          -0.433743,
          1.411976
        ],
        [
          0.0,
          0.0,
          0.0,
          1.0
        ]
      ]
    },
    {
      "file_path": "/media/NFS/ttao/scannet/posed_images/scene0211_00/00225.jpg",
      "transform_matrix": [
        [
          0.605808,
          -0.334576,
          0.721842,
          2.279529
        ],
        [
          -0.794376,
          -0.304895,
          0.525362,
          1.592908
        ],
        [
          0.044313,
          -0.891683,
          -0.450487,
          1.425228
        ],
        [
          0.0,
          0.0,
          0.0,
          1.0
        ]
      ]
    },
    {
      "file_path": "/media/NFS/ttao/scannet/posed_images/scene0211_00/00232.jpg",
      "transform_matrix": [
        [
          0.5087,
          -0.326533,
          0.796618,
          2.208343
        ],
        [
          -0.859122,
          -0.252686,
          0.445038,
          1.696862
        ],
        [
          0.055974,
          -0.910783,
          -0.409073,
          1.43592
        ],
        [
          0.0,
          0.0,
          0.0,
          1.0
        ]
      ]
    },
    {
      "file_path": "/media/NFS/ttao/scannet/posed_images/scene0211_00/00244.jpg",
      "transform_matrix": [
        [
          0.447842,
          -0.404503,
          0.79738,
          2.107234
        ],
        [
          -0.892679,
          -0.151798,
          0.424361,
          1.909774
        ],
        [
          -0.050615,
          -0.901851,
          -0.429073,
          1.441508
        ],
        [
          0.0,
          0.0,
          0.0,
          1.0
        ]
      ]
    },
    {
      "file_path": "/media/NFS/ttao/scannet/posed_images/scene0211_00/00246.jpg",
      "transform_matrix": [
        [
          0.428482,
          -0.405777,
          0.807309,
          2.094805
        ],
        [
          -0.902459,
          -0.148296,
          0.404445,
          1.930287
        ],
        [
          -0.044394,
          -0.901861,
          -0.429739,
          1.440024
        ],
        [
          0.0,
          0.0,
          0.0,
          1.0
        ]
      ]
    },
    {
      "file_path": "/media/NFS/ttao/scannet/posed_images/scene0211_00/00255.jpg",
      "transform_matrix": [
        [
          0.257739,
          -0.424892,
          0.867777,
          2.010622
        ],
        [
          -0.966189,
          -0.106741,
          0.234705,
          2.026777
        ],
        [
          -0.007097,
          -0.898929,
          -0.438037,
          1.435019
        ],
        [
          0.0,
          0.0,
          0.0,
          1.0
        ]
      ]
    },
    {
      "file_path": "/media/NFS/ttao/scannet/posed_images/scene0211_00/00265.jpg",
      "transform_matrix": [
        [
          0.154954,
          -0.46364,
          0.872369,
          1.869881
        ],
        [
          -0.98698,
          -0.034117,
          0.15718,
          2.171922
        ],
        [
          -0.043112,
          -0.885366,
          -0.462891,
          1.429187
        ],
        [
          0.0,
          0.0,
          0.0,
          1.0
        ]
      ]
    },
    {
      "file_path": "/media/NFS/ttao/scannet/posed_images/scene0211_00/00269.jpg",
      "transform_matrix": [
        [
          0.137668,
          -0.445243,
          0.884763,
          1.826651
        ],
        [
          -0.990201,
          -0.040709,
          0.133588,
          2.205508
        ],
        [
          -0.023462,
          -0.894484,
          -0.446484,
          1.428094
        ],
        [
          0.0,
          0.0,
          0.0,
          1.0
        ]
      ]
    },
    {
      "file_path": "/media/NFS/ttao/scannet/posed_images/scene0211_00/00279.jpg",
      "transform_matrix": [
        [
          0.018873,
          -0.453216,
          0.891201,
          1.752255
        ],
        [
          -0.999822,
          -0.00915,
          0.01652,
          2.236352
        ],
        [
          0.000667,
          -0.891354,
          -0.453308,
          1.412326
        ],
        [
          0.0,
          0.0,
          0.0,
          1.0
        ]
      ]
    },
    {
      "file_path": "/media/NFS/ttao/scannet/posed_images/scene0211_00/00288.jpg",
      "transform_matrix": [
        [
          -0.049691,
          -0.485596,
          0.87277,
          1.686776
        ],
        [
          -0.997989,
          0.058569,
          -0.024233,
          2.252068
        ],
        [
          -0.03935,
          -0.872219,
          -0.48753,
          1.411579
        ],
        [
          0.0,
          0.0,
          0.0,
          1.0
        ]
      ]
    },
    {
      "file_path": "/media/NFS/ttao/scannet/posed_images/scene0211_00/00297.jpg",
      "transform_matrix": [
        [
          -0.154459,
          -0.492535,
          0.856476,
          1.678329
        ],
        [
          -0.987411,
          0.106852,
          -0.116624,
          2.301565
        ],
        [
          -0.034074,
          -0.863708,
          -0.502839,
          1.413333
        ],
        [
          0.0,
          0.0,
          0.0,
          1.0
        ]
      ]
    },
    {
      "file_path": "/media/NFS/ttao/scannet/posed_images/scene0211_00/00302.jpg",
      "transform_matrix": [
        [
          -0.230907,
          -0.463341,
          0.855568,
          1.708514
        ],
        [
          -0.972643,
          0.132917,
          -0.190522,
          2.362685
        ],
        [
          -0.025443,
          -0.876156,
          -0.481356,
          1.412953
        ],
        [
          0.0,
          0.0,
          0.0,
          1.0
        ]
      ]
    },
    {
      "file_path": "/media/NFS/ttao/scannet/posed_images/scene0211_00/00313.jpg",
      "transform_matrix": [
        [
          -0.292622,
          -0.444135,
          0.846828,
          1.762546
        ],
        [
          -0.956154,
          0.146916,
          -0.253347,
          2.443
        ],
        [
          -0.011893,
          -0.883833,
          -0.467653,
          1.418504
        ],
        [
          0.0,
          0.0,
          0.0,
          1.0
        ]
      ]
    },
    {
      "file_path": "/media/NFS/ttao/scannet/posed_images/scene0211_00/00320.jpg",
      "transform_matrix": [
        [
          -0.325384,
          -0.416287,
          0.849017,
          1.779786
        ],
        [
          -0.945445,
          0.158502,
          -0.284624,
          2.454371
        ],
        [
          -0.016085,
          -0.895311,
          -0.445151,
          1.425678
        ],
        [
          0.0,
          0.0,
          0.0,
          1.0
        ]
      ]
    },
    {
      "file_path": "/media/NFS/ttao/scannet/posed_images/scene0211_00/00323.jpg",
      "transform_matrix": [
        [
          -0.311142,
          -0.426517,
          0.849279,
          1.787435
        ],
        [
          -0.950279,
          0.151574,
          -0.272022,
          2.454409
        ],
        [
          -0.012706,
          -0.891689,
          -0.452471,
          1.428653
        ],
        [
          0.0,
          0.0,
          0.0,
          1.0
        ]
      ]
    },
    {
      "file_path": "/media/NFS/ttao/scannet/posed_images/scene0211_00/00332.jpg",
      "transform_matrix": [
        [
          -0.269045,
          -0.386095,
          0.882352,
          1.777771
        ],
        [
          -0.963,
          0.122733,
          -0.239931,
          2.439618
        ],
        [
          -0.015657,
          -0.914258,
          -0.404831,
          1.452333
        ],
        [
          0.0,
          0.0,
          0.0,
          1.0
        ]
      ]
    },
    {
      "file_path": "/media/NFS/ttao/scannet/posed_images/scene0211_00/00339.jpg",
      "transform_matrix": [
        [
          -0.299077,
          -0.376302,
          0.876898,
          1.765715
        ],
        [
          -0.954116,
          0.132045,
          -0.26875,
          2.419731
        ],
        [
          -0.014659,
          -0.91704,
          -0.398527,
          1.456489
        ],
        [
          0.0,
          0.0,
          0.0,
          1.0
        ]
      ]
    },
    {
      "file_path": "/media/NFS/ttao/scannet/posed_images/scene0211_00/00346.jpg",
      "transform_matrix": [
        [
          -0.349218,
          -0.338334,
          0.873829,
          1.745512
        ],
        [
          -0.936752,
          0.149219,
          -0.316589,
          2.386749
        ],
        [
          -0.023279,
          -0.92912,
          -0.369045,
          1.467574
        ],
        [
          0.0,
          0.0,
          0.0,
          1.0
        ]
      ]
    },
    {
      "file_path": "/media/NFS/ttao/scannet/posed_images/scene0211_00/00355.jpg",
      "transform_matrix": [
        [
          -0.422721,
          -0.336039,
          0.841656,
          1.712668
        ],
        [
          -0.905388,
          0.197316,
          -0.37595,
          2.330928
        ],
        [
          -0.039739,
          -0.920947,
          -0.387656,
          1.444646
        ],
        [
          0.0,
          0.0,
          0.0,
          1.0
        ]
      ]
    },
    {
      "file_path": "/media/NFS/ttao/scannet/posed_images/scene0211_00/00362.jpg",
      "transform_matrix": [
        [
          -0.464908,
          -0.353413,
          0.811763,
          1.696188
        ],
        [
          -0.884495,
          0.225894,
          -0.408216,
          2.274094
        ],
        [
          -0.039104,
          -0.907784,
          -0.417612,
          1.442763
        ],
        [
          0.0,
          0.0,
          0.0,
          1.0
        ]
      ]
    },
    {
      "file_path": "/media/NFS/ttao/scannet/posed_images/scene0211_00/00369.jpg",
      "transform_matrix": [
        [
          -0.475069,
          -0.347104,
          0.808597,
          1.676437
        ],
        [
          -0.878315,
          0.243021,
          -0.411708,
          2.242387
        ],
        [
          -0.053601,
          -0.905792,
          -0.420319,
          1.43833
        ],
        [
          0.0,
          0.0,
          0.0,
          1.0
        ]
      ]
    },
    {
      "file_path": "/media/NFS/ttao/scannet/posed_images/scene0211_00/00381.jpg",
      "transform_matrix": [
        [
          -0.420898,
          -0.270113,
          0.865958,
          1.654211
        ],
        [
          -0.905296,
          0.185395,
          -0.382189,
          2.229405
        ],
        [
          -0.05731,
          -0.944811,
          -0.322565,
          1.513443
        ],
        [
          0.0,
          0.0,
          0.0,
          1.0
        ]
      ]
    },
    {
      "file_path": "/media/NFS/ttao/scannet/posed_images/scene0211_00/00390.jpg",
      "transform_matrix": [
        [
          -0.431104,
          -0.195686,
          0.880827,
          1.626831
        ],
        [
          -0.900076,
          0.161804,
          -0.404578,
          2.238608
        ],
        [
          -0.063351,
          -0.967226,
          -0.245886,
          1.520063
        ],
        [
          0.0,
          0.0,
          0.0,
          1.0
        ]
      ]
    },
    {
      "file_path": "/media/NFS/ttao/scannet/posed_images/scene0211_00/00399.jpg",
      "transform_matrix": [
        [
          -0.429249,
          -0.168541,
          0.887321,
          1.622331
        ],
        [
          -0.900774,
          0.151644,
          -0.406953,
          2.249318
        ],
        [
          -0.065969,
          -0.97396,
          -0.21691,
          1.552782
        ],
        [
          0.0,
          0.0,
          0.0,
          1.0
        ]
      ]
    },
    {
      "file_path": "/media/NFS/ttao/scannet/posed_images/scene0211_00/00406.jpg",
      "transform_matrix": [
        [
          -0.424451,
          -0.14618,
          0.893573,
          1.615585
        ],
        [
          -0.903212,
          0.137715,
          -0.406501,
          2.252322
        ],
        [
          -0.063636,
          -0.979626,
          -0.190484,
          1.562966
        ],
        [
          0.0,
          0.0,
          0.0,
          1.0
        ]
      ]
    },
    {
      "file_path": "/media/NFS/ttao/scannet/posed_images/scene0211_00/00408.jpg",
      "transform_matrix": [
        [
          -0.428122,
          -0.145202,
          0.89198,
          1.610189
        ],
        [
          -0.901542,
          0.137123,
          -0.41039,
          2.24888
        ],
        [
          -0.062721,
          -0.979854,
          -0.189611,
          1.557236
        ],
        [
          0.0,
          0.0,
          0.0,
          1.0
        ]
      ]
    },
    {
      "file_path": "/media/NFS/ttao/scannet/posed_images/scene0211_00/00415.jpg",
      "transform_matrix": [
        [
          -0.463431,
          -0.158036,
          0.871927,
          1.596543
        ],
        [
          -0.88339,
          0.159752,
          -0.440569,
          2.238896
        ],
        [
          -0.069667,
          -0.974425,
          -0.213641,
          1.482139
        ],
        [
          0.0,
          0.0,
          0.0,
          1.0
        ]
      ]
    },
    {
      "file_path": "/media/NFS/ttao/scannet/posed_images/scene0211_00/00425.jpg",
      "transform_matrix": [
        [
          -0.53438,
          -0.232206,
          0.812723,
          1.592627
        ],
        [
          -0.839768,
          0.255135,
          -0.479266,
          2.197939
        ],
        [
          -0.096066,
          -0.938609,
          -0.331338,
          1.437093
        ],
        [
          0.0,
          0.0,
          0.0,
          1.0
        ]
      ]
    },
    {
      "file_path": "/media/NFS/ttao/scannet/posed_images/scene0211_00/00432.jpg",
      "transform_matrix": [
        [
          -0.57132,
          -0.287367,
          0.768774,
          1.584676
        ],
        [
          -0.812459,
          0.33065,
          -0.480188,
          2.144519
        ],
        [
          -0.116205,
          -0.898939,
          -0.422381,
          1.394968
        ],
        [
          0.0,
          0.0,
          0.0,
          1.0
        ]
      ]
    },
    {
      "file_path": "/media/NFS/ttao/scannet/posed_images/scene0211_00/00446.jpg",
      "transform_matrix": [
        [
          -0.612072,
          -0.326721,
          0.720154,
          1.605163
        ],
        [
          -0.78428,
          0.36751,
          -0.499841,
          2.075079
        ],
        [
          -0.101355,
          -0.870741,
          -0.481183,
          1.403702
        ],
        [
          0.0,
          0.0,
          0.0,
          1.0
        ]
      ]
    },
    {
      "file_path": "/media/NFS/ttao/scannet/posed_images/scene0211_00/00450.jpg",
      "transform_matrix": [
        [
          -0.617138,
          -0.321572,
          0.718146,
          1.609058
        ],
        [
          -0.781486,
          0.356929,
          -0.511743,
          2.075185
        ],
        [
          -0.091765,
          -0.877037,
          -0.471578,
          1.387733
        ],
        [
          0.0,
          0.0,
          0.0,
          1.0
        ]
      ]
    },
    {
      "file_path": "/media/NFS/ttao/scannet/posed_images/scene0211_00/00455.jpg",
      "transform_matrix": [
        [
          -0.625463,
          -0.348515,
          0.698092,
          1.632841
        ],
        [
          -0.778859,
          0.332338,
          -0.531911,
          2.067515
        ],
        [
          -0.046623,
          -0.876407,
          -0.47931,
          1.391333
        ],
        [
          0.0,
          0.0,
          0.0,
          1.0
        ]
      ]
    },
    {
      "file_path": "/media/NFS/ttao/scannet/posed_images/scene0211_00/00464.jpg",
      "transform_matrix": [
        [
          -0.716573,
          -0.288746,
          0.63494,
          1.720377
        ],
        [
          -0.697326,
          0.317576,
          -0.642559,
          2.073206
        ],
        [
          -0.016106,
          -0.903201,
          -0.428917,
          1.445263
        ],
        [
          0.0,
          0.0,
          0.0,
          1.0
        ]
      ]
    },
    {
      "file_path": "/media/NFS/ttao/scannet/posed_images/scene0211_00/00473.jpg",
      "transform_matrix": [
        [
          -0.775909,
          -0.203159,
          0.597237,
          1.800055
        ],
        [
          -0.630827,
          0.256948,
          -0.732144,
          2.100182
        ],
        [
          -0.004717,
          -0.94483,
          -0.327527,
          1.438981
        ],
        [
          0.0,
          0.0,
          0.0,
          1.0
        ]
      ]
    },
    {
      "file_path": "/media/NFS/ttao/scannet/posed_images/scene0211_00/00483.jpg",
      "transform_matrix": [
        [
          -0.834992,
          -0.163825,
          0.525309,
          1.836492
        ],
        [
          -0.549914,
          0.214478,
          -0.807214,
          2.086104
        ],
        [
          0.019575,
          -0.962892,
          -0.269177,
          1.460322
        ],
        [
          0.0,
          0.0,
          0.0,
          1.0
        ]
      ]
    },
    {
      "file_path": "/media/NFS/ttao/scannet/posed_images/scene0211_00/00490.jpg",
      "transform_matrix": [
        [
          -0.831525,
          -0.134046,
          0.539071,
          1.844629
        ],
        [
          -0.555132,
          0.165796,
          -0.815071,
          2.077005
        ],
        [
          0.019882,
          -0.977007,
          -0.212277,
          1.472861
        ],
        [
          0.0,
          0.0,
          0.0,
          1.0
        ]
      ]
    },
    {
      "file_path": "/media/NFS/ttao/scannet/posed_images/scene0211_00/00494.jpg",
      "transform_matrix": [
        [
          -0.835996,
          -0.120772,
          0.535281,
          1.844803
        ],
        [
          -0.548535,
          0.157506,
          -0.821159,
          2.057818
        ],
        [
          0.014863,
          -0.980105,
          -0.197922,
          1.513086
        ],
        [
          0.0,
          0.0,
          0.0,
          1.0
        ]
      ]
    },
    {
      "file_path": "/media/NFS/ttao/scannet/posed_images/scene0211_00/00504.jpg",
      "transform_matrix": [
        [
          -0.857986,
          -0.072737,
          0.508498,
          1.873754
        ],
        [
          -0.512817,
          0.064153,
          -0.856097,
          2.064481
        ],
        [
          0.029649,
          -0.995286,
          -0.092344,
          1.525938
        ],
        [
          0.0,
          0.0,
          0.0,
          1.0
        ]
      ]
    },
    {
      "file_path": "/media/NFS/ttao/scannet/posed_images/scene0211_00/00513.jpg",
      "transform_matrix": [
        [
          -0.906101,
          -0.040409,
          0.421128,
          1.961146
        ],
        [
          -0.422696,
          0.045066,
          -0.90515,
          2.106501
        ],
        [
          0.017597,
          -0.998166,
          -0.057915,
          1.521538
        ],
        [
          0.0,
          0.0,
          0.0,
          1.0
        ]
      ]
    },
    {
      "file_path": "/media/NFS/ttao/scannet/posed_images/scene0211_00/00520.jpg",
      "transform_matrix": [
        [
          -0.922488,
          -0.051764,
          0.382539,
          2.015416
        ],
        [
          -0.384715,
          0.041691,
          -0.922094,
          2.130196
        ],
        [
          0.031783,
          -0.997789,
          -0.058374,
          1.525773
        ],
        [
          0.0,
          0.0,
          0.0,
          1.0
        ]
      ]
    },
    {
      "file_path": "/media/NFS/ttao/scannet/posed_images/scene0211_00/00529.jpg",
      "transform_matrix": [
        [
          -0.924966,
          -0.096869,
          0.367498,
          2.031964
        ],
        [
          -0.374111,
          0.061778,
          -0.925324,
          2.147807
        ],
        [
          0.066932,
          -0.993378,
          -0.093382,
          1.497103
        ],
        [
          0.0,
          0.0,
          0.0,
          1.0
        ]
      ]
    },
    {
      "file_path": "/media/NFS/ttao/scannet/posed_images/scene0211_00/00532.jpg",
      "transform_matrix": [
        [
          -0.922851,
          -0.09023,
          0.374439,
          2.033087
        ],
        [
          -0.381516,
          0.080792,
          -0.920825,
          2.148972
        ],
        [
          0.052834,
          -0.992639,
          -0.108983,
          1.501638
        ],
        [
          0.0,
          0.0,
          0.0,
          1.0
        ]
      ]
    },
    {
      "file_path": "/media/NFS/ttao/scannet/posed_images/scene0211_00/00545.jpg",
      "transform_matrix": [
        [
          -0.906988,
          -0.12181,
          0.403156,
          2.053722
        ],
        [
          -0.421155,
          0.26054,
          -0.868762,
          2.172785
        ],
        [
          0.000786,
          -0.957748,
          -0.287607,
          1.394442
        ],
        [
          0.0,
          0.0,
          0.0,
          1.0
        ]
      ]
    },
    {
      "file_path": "/media/NFS/ttao/scannet/posed_images/scene0211_00/00548.jpg",
      "transform_matrix": [
        [
          -0.909408,
          -0.129322,
          0.395287,
          2.065934
        ],
        [
          -0.415901,
          0.286413,
          -0.86313,
          2.171054
        ],
        [
          -0.001593,
          -0.949338,
          -0.314252,
          1.380216
        ],
        [
          0.0,
          0.0,
          0.0,
          1.0
        ]
      ]
    },
    {
      "file_path": "/media/NFS/ttao/scannet/posed_images/scene0211_00/00562.jpg",
      "transform_matrix": [
        [
          -0.958889,
          -0.081555,
          0.271811,
          2.173622
        ],
        [
          -0.28378,
          0.279238,
          -0.917331,
          2.141355
        ],
        [
          -0.001087,
          -0.956752,
          -0.290902,
          1.436401
        ],
        [
          0.0,
          0.0,
          0.0,
          1.0
        ]
      ]
    },
    {
      "file_path": "/media/NFS/ttao/scannet/posed_images/scene0211_00/00566.jpg",
      "transform_matrix": [
        [
          -0.966658,
          -0.066504,
          0.247283,
          2.210554
        ],
        [
          -0.256067,
          0.255426,
          -0.932302,
          2.136042
        ],
        [
          -0.001161,
          -0.964539,
          -0.263939,
          1.455543
        ],
        [
          0.0,
          0.0,
          0.0,
          1.0
        ]
      ]
    },
    {
      "file_path": "/media/NFS/ttao/scannet/posed_images/scene0211_00/00576.jpg",
      "transform_matrix": [
        [
          -0.976843,
          -0.03536,
          0.211017,
          2.252116
        ],
        [
          -0.213883,
          0.135184,
          -0.96746,
          2.143258
        ],
        [
          0.005683,
          -0.990189,
          -0.139616,
          1.501156
        ],
        [
          0.0,
          0.0,
          0.0,
          1.0
        ]
      ]
    },
    {
      "file_path": "/media/NFS/ttao/scannet/posed_images/scene0211_00/00585.jpg",
      "transform_matrix": [
        [
          -0.978029,
          -0.025745,
          0.206871,
          2.23845
        ],
        [
          -0.207737,
          0.037365,
          -0.977471,
          2.154903
        ],
        [
          0.017435,
          -0.99897,
          -0.041892,
          1.524874
        ],
        [
          0.0,
          0.0,
          0.0,
          1.0
        ]
      ]
    },
    {
      "file_path": "/media/NFS/ttao/scannet/posed_images/scene0211_00/00587.jpg",
      "transform_matrix": [
        [
          -0.976555,
          -0.024354,
          0.213888,
          2.240499
        ],
        [
          -0.214597,
          0.03164,
          -0.97619,
          2.159861
        ],
        [
          0.017007,
          -0.999203,
          -0.036124,
          1.518923
        ],
        [
          0.0,
          0.0,
          0.0,
          1.0
        ]
      ]
    },
    {
      "file_path": "/media/NFS/ttao/scannet/posed_images/scene0211_00/00596.jpg",
      "transform_matrix": [
        [
          -0.971355,
          -0.005924,
          0.23756,
          2.229901
        ],
        [
          -0.237565,
          0.048339,
          -0.970168,
          2.16767
        ],
        [
