{
  "frames": [
    {
      "file_path": "/media/NFS/ttao/scannet/posed_images/scene0062_00/00001.jpg",
      "transform_matrix": [
        [
          -0.942639,
          -0.173012,
          0.285478,
          2.737266
        ],
        [
          -0.332909,
          0.550136,
          -0.765848,
          1.663808
        ],
        [
          -0.024551,
          -0.816957,
          -0.576177,
          1.300966
        ],
        [
          0.0,
          0.0,
          0.0,
          1.0
        ]
      ]
    },
    {
      "file_path": "/media/NFS/ttao/scannet/posed_images/scene0062_00/00002.jpg",
      "transform_matrix": [
        [
          -0.942483,
          -0.17354,
          0.285674,
          2.733535
        ],
        [
          -0.333358,
          0.550552,
          -0.765353,
          1.660706
        ],
        [
          -0.024459,
          -0.816564,
          -0.576737,
          1.301168
        ],
        [
          0.0,
          0.0,
          0.0,
          1.0
        ]
      ]
    },
    {
      "file_path": "/media/NFS/ttao/scannet/posed_images/scene0062_00/00004.jpg",
      "transform_matrix": [
        [
          -0.942586,
          -0.174069,
          0.285013,
          2.726519
        ],
        [
          -0.333135,
          0.550225,
          -0.765686,
          1.654368
        ],
        [
          -0.023539,
          -0.816672,
          -0.576622,
          1.301906
        ],
        [
          0.0,
          0.0,
          0.0,
          1.0
        ]
      ]
    },
    {
      "file_path": "/media/NFS/ttao/scannet/posed_images/scene0062_00/00007.jpg",
      "transform_matrix": [
        [
          -0.942225,
          -0.170355,
          0.28843,
          2.717981
        ],
        [
          -0.333907,
          0.546545,
          -0.767981,
          1.647753
        ],
        [
          -0.026811,
          -0.819919,
          -0.571851,
          1.302776
        ],
        [
          0.0,
          0.0,
          0.0,
          1.0
        ]
      ]
    },
    {
      "file_path": "/media/NFS/ttao/scannet/posed_images/scene0062_00/00010.jpg",
      "transform_matrix": [
        [
          -0.943309,
          -0.162755,
          0.289275,
          2.711548
        ],
        [
          -0.330587,
          0.53864,
          -0.77497,
          1.647738
        ],
        [
          -0.029685,
          -0.826666,
          -0.561909,
          1.296345
        ],
        [
          0.0,
          0.0,
          0.0,
          1.0
        ]
      ]
    },
    {
      "file_path": "/media/NFS/ttao/scannet/posed_images/scene0062_00/00012.jpg",
      "transform_matrix": [
        [
          -0.943086,
          -0.158828,
          0.292171,
          2.708212
        ],
        [
          -0.330726,
          0.539856,
          -0.774065,
          1.649467
        ],
        [
          -0.034787,
          -0.826638,
          -0.561658,
          1.288561
        ],
        [
          0.0,
          0.0,
          0.0,
          1.0
        ]
      ]
    },
    {
      "file_path": "/media/NFS/ttao/scannet/posed_images/scene0062_00/00014.jpg",
      "transform_matrix": [
        [
          -0.94122,
          -0.157655,
          0.298749,
          2.705239
        ],
        [
          -0.335096,
          0.547373,
          -0.766873,
          1.649282
        ],
        [
          -0.042626,
          -0.821905,
          -0.568027,
          1.283616
        ],
        [
          0.0,
          0.0,
          0.0,
          1.0
        ]
      ]
    },
    {
      "file_path": "/media/NFS/ttao/scannet/posed_images/scene0062_00/00017.jpg",
      "transform_matrix": [
        [
          -0.937119,
          -0.162059,
          0.309104,
          2.706472
        ],
        [
          -0.345444,
          0.556993,
          -0.755266,
          1.64793
        ],
        [
          -0.049771,
          -0.814552,
          -0.577951,
          1.282869
        ],
        [
          0.0,
          0.0,
          0.0,
          1.0
        ]
      ]
    },
    {
      "file_path": "/media/NFS/ttao/scannet/posed_images/scene0062_00/00019.jpg",
      "transform_matrix": [
        [
          -0.934646,
          -0.165995,
          0.314456,
          2.707097
        ],
        [
          -0.352533,
          0.548095,
          -0.758493,
          1.646105
        ],
        [
          -0.046446,
          -0.819779,
          -0.570794,
          1.2854
        ],
        [
          0.0,
          0.0,
          0.0,
          1.0
        ]
      ]
    },
    {
      "file_path": "/media/NFS/ttao/scannet/posed_images/scene0062_00/00021.jpg",
      "transform_matrix": [
        [
          -0.930881,
          -0.172474,
          0.322046,
          2.707091
        ],
        [
          -0.362543,
          0.544694,
          -0.756222,
          1.634611
        ],
        [
          -0.044988,
          -0.820708,
          -0.569574,
          1.302573
        ],
        [
          0.0,
          0.0,
          0.0,
          1.0
        ]
      ]
    },
    {
      "file_path": "/media/NFS/ttao/scannet/posed_images/scene0062_00/00025.jpg",
      "transform_matrix": [
        [
          -0.927555,
          -0.160759,
          0.337341,
          2.713753
        ],
        [
          -0.370659,
          0.510485,
          -0.775898,
          1.633401
        ],
        [
          -0.047475,
          -0.844726,
          -0.533089,
          1.32217
        ],
        [
          0.0,
          0.0,
          0.0,
          1.0
        ]
      ]
    },
    {
      "file_path": "/media/NFS/ttao/scannet/posed_images/scene0062_00/00028.jpg",
      "transform_matrix": [
        [
          -0.935171,
          -0.146489,
          0.322486,
          2.716446
        ],
        [
          -0.351105,
          0.503458,
          -0.789466,
          1.631856
        ],
        [
          -0.04671,
          -0.851511,
          -0.522252,
          1.334179
        ],
        [
          0.0,
          0.0,
          0.0,
          1.0
        ]
      ]
    },
    {
      "file_path": "/media/NFS/ttao/scannet/posed_images/scene0062_00/00030.jpg",
      "transform_matrix": [
        [
          -0.942819,
          -0.130201,
          0.306823,
          2.710893
        ],
        [
          -0.329978,
          0.494388,
          -0.804174,
          1.638849
        ],
        [
          -0.046985,
          -0.859435,
          -0.509081,
          1.327596
        ],
        [
          0.0,
          0.0,
          0.0,
          1.0
        ]
      ]
    },
    {
      "file_path": "/media/NFS/ttao/scannet/posed_images/scene0062_00/00033.jpg",
      "transform_matrix": [
        [
          -0.955771,
          -0.11249,
          0.27175,
          2.70592
        ],
        [
          -0.2911,
          0.493712,
          -0.819457,
          1.644735
        ],
        [
          -0.041986,
          -0.86232,
          -0.504621,
          1.325733
        ],
        [
          0.0,
          0.0,
          0.0,
          1.0
        ]
      ]
    },
    {
      "file_path": "/media/NFS/ttao/scannet/posed_images/scene0062_00/00034.jpg",
      "transform_matrix": [
        [
          -0.960538,
          -0.106562,
          0.256927,
          2.705362
        ],
        [
          -0.275242,
          0.497347,
          -0.822732,
          1.648194
        ],
        [
          -0.04011,
          -0.860982,
          -0.507051,
          1.323099
        ],
        [
          0.0,
          0.0,
          0.0,
          1.0
        ]
      ]
    },
    {
      "file_path": "/media/NFS/ttao/scannet/posed_images/scene0062_00/00036.jpg",
      "transform_matrix": [
        [
          -0.969532,
          -0.095421,
          0.225618,
          2.705484
        ],
        [
          -0.242321,
          0.508565,
          -0.826222,
          1.655059
        ],
        [
          -0.035903,
          -0.85572,
          -0.516193,
          1.317172
        ],
        [
          0.0,
          0.0,
          0.0,
          1.0
        ]
      ]
    },
    {
      "file_path": "/media/NFS/ttao/scannet/posed_images/scene0062_00/00040.jpg",
      "transform_matrix": [
        [
          -0.982385,
          -0.05564,
          0.178395,
          2.727628
        ],
        [
          -0.179553,
          0.545584,
          -0.818596,
          1.676466
        ],
        [
          -0.051782,
          -0.836207,
          -0.545963,
          1.304337
        ],
        [
          0.0,
          0.0,
          0.0,
          1.0
        ]
      ]
    },
    {
      "file_path": "/media/NFS/ttao/scannet/posed_images/scene0062_00/00041.jpg",
      "transform_matrix": [
        [
          -0.983771,
          -0.043944,
          0.173964,
          2.732622
        ],
        [
          -0.169734,
          0.542299,
          -0.822863,
          1.691041
        ],
        [
          -0.05818,
          -0.839036,
          -0.540956,
          1.287537
        ],
        [
          0.0,
          0.0,
          0.0,
          1.0
        ]
      ]
    },
    {
      "file_path": "/media/NFS/ttao/scannet/posed_images/scene0062_00/00043.jpg",
      "transform_matrix": [
        [
          -0.986561,
          -0.024595,
          0.161534,
          2.745159
        ],
        [
          -0.14815,
          0.551629,
          -0.820827,
          1.704283
        ],
        [
          -0.068919,
          -0.833727,
          -0.54786,
          1.276537
        ],
        [
          0.0,
          0.0,
          0.0,
          1.0
        ]
      ]
    },
    {
      "file_path": "/media/NFS/ttao/scannet/posed_images/scene0062_00/00047.jpg",
      "transform_matrix": [
        [
          -0.990856,
          -0.008791,
          0.134636,
          2.772553
        ],
        [
          -0.115046,
          0.576372,
          -0.809049,
          1.72414
        ],
        [
          -0.070488,
          -0.81714,
          -0.572113,
          1.25144
        ],
        [
          0.0,
          0.0,
          0.0,
          1.0
        ]
      ]
    },
    {
      "file_path": "/media/NFS/ttao/scannet/posed_images/scene0062_00/00050.jpg",
      "transform_matrix": [
        [
          -0.992734,
          -0.014498,
          0.119455,
          2.794107
        ],
        [
          -0.103626,
          0.607619,
          -0.78744,
          1.725122
        ],
        [
          -0.061167,
          -0.794097,
          -0.604706,
          1.250491
        ],
        [
          0.0,
          0.0,
          0.0,
          1.0
        ]
      ]
    },
    {
      "file_path": "/media/NFS/ttao/scannet/posed_images/scene0062_00/00052.jpg",
      "transform_matrix": [
        [
          -0.992754,
          -0.017725,
          0.118851,
          2.801095
        ],
        [
          -0.105006,
          0.608857,
          -0.7863,
          1.737286
        ],
        [
          -0.058427,
          -0.793082,
          -0.606306,
          1.235545
        ],
        [
          0.0,
          0.0,
          0.0,
          1.0
        ]
      ]
    },
    {
      "file_path": "/media/NFS/ttao/scannet/posed_images/scene0062_00/00053.jpg",
      "transform_matrix": [
        [
          -0.992939,
          -0.019716,
          0.116975,
          2.805744
        ],
        [
          -0.104495,
          0.612122,
          -0.783829,
          1.736652
        ],
        [
          -0.056149,
          -0.790518,
          -0.60986,
          1.234623
        ],
        [
          0.0,
          0.0,
          0.0,
          1.0
        ]
      ]
    },
    {
      "file_path": "/media/NFS/ttao/scannet/posed_images/scene0062_00/00056.jpg",
      "transform_matrix": [
        [
          -0.994019,
          -0.022018,
          0.106968,
          2.818653
        ],
        [
          -0.097508,
          0.62006,
          -0.778471,
          1.73314
        ],
        [
          -0.049186,
          -0.784245,
          -0.618498,
          1.229599
        ],
        [
          0.0,
          0.0,
          0.0,
          1.0
        ]
      ]
    },
    {
      "file_path": "/media/NFS/ttao/scannet/posed_images/scene0062_00/00058.jpg",
      "transform_matrix": [
        [
          -0.994603,
          -0.023611,
          0.101032,
          2.826323
        ],
        [
          -0.093833,
          0.620254,
          -0.778769,
          1.725269
        ],
        [
          -0.044278,
          -0.784046,
          -0.619122,
          1.229508
        ],
        [
          0.0,
          0.0,
          0.0,
          1.0
        ]
      ]
    },
    {
      "file_path": "/media/NFS/ttao/scannet/posed_images/scene0062_00/00061.jpg",
      "transform_matrix": [
        [
          -0.994279,
          -0.030006,
          0.102517,
          2.835906
        ],
        [
          -0.099196,
          0.6154,
          -0.781949,
          1.699527
        ],
        [
          -0.039625,
          -0.787644,
          -0.614855,
          1.241028
        ],
        [
          0.0,
          0.0,
          0.0,
          1.0
        ]
      ]
    },
    {
      "file_path": "/media/NFS/ttao/scannet/posed_images/scene0062_00/00063.jpg",
      "transform_matrix": [
        [
          -0.993483,
          -0.02544,
          0.111102,
          2.862707
        ],
        [
          -0.104446,
          0.593429,
          -0.798081,
          1.656336
        ],
        [
          -0.045628,
          -0.804484,
          -0.592219,
          1.24501
        ],
        [
          0.0,
          0.0,
          0.0,
          1.0
        ]
      ]
    },
    {
      "file_path": "/media/NFS/ttao/scannet/posed_images/scene0062_00/00067.jpg",
      "transform_matrix": [
        [
          -0.994377,
          -0.000234,
          0.105896,
          2.878
        ],
        [
          -0.086708,
          0.575881,
          -0.812922,
          1.6133
        ],
        [
          -0.060793,
          -0.817533,
          -0.572663,
          1.254744
        ],
        [
          0.0,
          0.0,
          0.0,
          1.0
        ]
      ]
    },
    {
      "file_path": "/media/NFS/ttao/scannet/posed_images/scene0062_00/00069.jpg",
      "transform_matrix": [
        [
          -0.99379,
          0.015891,
          0.110131,
          2.885791
        ],
        [
          -0.080414,
          0.581531,
          -0.80954,
          1.593071
        ],
        [
          -0.076909,
          -0.813369,
          -0.576642,
          1.261683
        ],
        [
          0.0,
          0.0,
          0.0,
          1.0
        ]
      ]
    },
    {
      "file_path": "/media/NFS/ttao/scannet/posed_images/scene0062_00/00071.jpg",
      "transform_matrix": [
        [
          -0.99398,
          0.024776,
          0.106721,
          2.897328
        ],
        [
          -0.073019,
          0.576401,
          -0.813898,
          1.587089
        ],
        [
          -0.08168,
          -0.816791,
          -0.571122,
          1.254612
        ],
        [
          0.0,
          0.0,
          0.0,
          1.0
        ]
      ]
    },
    {
      "file_path": "/media/NFS/ttao/scannet/posed_images/scene0062_00/00074.jpg",
      "transform_matrix": [
        [
          -0.996288,
          0.032545,
          0.079692,
          2.897984
        ],
        [
          -0.045404,
          0.587847,
          -0.807697,
          1.565137
        ],
        [
          -0.073133,
          -0.808317,
          -0.584188,
          1.257487
        ],
        [
          0.0,
          0.0,
          0.0,
          1.0
        ]
      ]
    },
    {
      "file_path": "/media/NFS/ttao/scannet/posed_images/scene0062_00/00076.jpg",
      "transform_matrix": [
        [
          -0.99795,
          0.041861,
          0.048414,
          2.894728
        ],
        [
          -0.014377,
          0.590498,
          -0.806911,
          1.55591
        ],
        [
          -0.062366,
          -0.805953,
          -0.588685,
          1.252439
        ],
        [
          0.0,
          0.0,
          0.0,
          1.0
        ]
      ]
    },
    {
      "file_path": "/media/NFS/ttao/scannet/posed_images/scene0062_00/00079.jpg",
      "transform_matrix": [
        [
          -0.997748,
          0.066731,
          -0.006804,
          2.888966
        ],
        [
          0.045093,
          0.592195,
          -0.804532,
          1.542617
        ],
        [
          -0.049658,
          -0.803027,
          -0.59387,
          1.253818
        ],
        [
          0.0,
          0.0,
          0.0,
          1.0
        ]
      ]
    },
    {
      "file_path": "/media/NFS/ttao/scannet/posed_images/scene0062_00/00081.jpg",
      "transform_matrix": [
        [
          -0.994457,
          0.097853,
          -0.038479,
          2.887251
        ],
        [
          0.088966,
          0.587998,
          -0.803955,
          1.541523
        ],
        [
          -0.056044,
          -0.802921,
          -0.593444,
          1.252444
        ],
        [
          0.0,
          0.0,
          0.0,
          1.0
        ]
      ]
    },
    {
      "file_path": "/media/NFS/ttao/scannet/posed_images/scene0062_00/00084.jpg",
      "transform_matrix": [
        [
          -0.988044,
          0.124173,
          -0.091384,
          2.902055
        ],
        [
          0.147159,
          0.582783,
          -0.799193,
          1.540376
        ],
        [
          -0.045981,
          -0.803085,
          -0.594088,
          1.252548
        ],
        [
          0.0,
          0.0,
          0.0,
          1.0
        ]
      ]
    },
    {
      "file_path": "/media/NFS/ttao/scannet/posed_images/scene0062_00/00086.jpg",
      "transform_matrix": [
        [
          -0.982357,
          0.144417,
          -0.118825,
          2.918344
        ],
        [
          0.180975,
          0.573867,
          -0.798702,
          1.542252
        ],
        [
          -0.047156,
          -0.806114,
          -0.589878,
          1.251805
        ],
        [
          0.0,
          0.0,
          0.0,
          1.0
        ]
      ]
    },
    {
      "file_path": "/media/NFS/ttao/scannet/posed_images/scene0062_00/00088.jpg",
      "transform_matrix": [
        [
          -0.975293,
          0.162674,
          -0.149468,
          2.945014
        ],
        [
          0.2164,
          0.5674,
          -0.794499,
          1.544688
        ],
        [
          -0.044437,
          -0.807214,
          -0.588584,
          1.25167
        ],
        [
          0.0,
          0.0,
          0.0,
          1.0
        ]
      ]
    },
    {
      "file_path": "/media/NFS/ttao/scannet/posed_images/scene0062_00/00089.jpg",
      "transform_matrix": [
        [
          -0.970708,
          0.172681,
          -0.167056,
          2.959185
        ],
        [
          0.236294,
          0.560266,
          -0.793894,
          1.548098
        ],
        [
          -0.043495,
          -0.810113,
          -0.584657,
          1.249984
        ],
        [
          0.0,
          0.0,
          0.0,
          1.0
        ]
      ]
    },
    {
      "file_path": "/media/NFS/ttao/scannet/posed_images/scene0062_00/00092.jpg",
      "transform_matrix": [
        [
          -0.949824,
          0.207582,
          -0.233974,
          3.018681
        ],
        [
          0.310661,
          0.53905,
          -0.782889,
          1.55615
        ],
        [
          -0.03639,
          -0.816293,
          -0.576491,
          1.24552
        ],
        [
          0.0,
          0.0,
          0.0,
          1.0
        ]
      ]
    },
    {
      "file_path": "/media/NFS/ttao/scannet/posed_images/scene0062_00/00096.jpg",
      "transform_matrix": [
        [
          -0.916011,
          0.278167,
          -0.289045,
          3.080669
        ],
        [
          0.39827,
          0.544394,
          -0.738252,
          1.565275
        ],
        [
          -0.048003,
          -0.791365,
          -0.609456,
          1.248926
        ],
        [
          0.0,
          0.0,
          0.0,
          1.0
        ]
      ]
    },
    {
      "file_path": "/media/NFS/ttao/scannet/posed_images/scene0062_00/00097.jpg",
      "transform_matrix": [
        [
          -0.908487,
          0.290659,
          -0.30028,
          3.094944
        ],
        [
          0.415129,
          0.544862,
          -0.728556,
          1.569614
        ],
        [
          -0.048151,
          -0.786538,
          -0.615661,
          1.248536
        ],
        [
          0.0,
          0.0,
          0.0,
          1.0
        ]
      ]
    },
    {
      "file_path": "/media/NFS/ttao/scannet/posed_images/scene0062_00/00100.jpg",
      "transform_matrix": [
        [
          -0.881698,
          0.32139,
          -0.345424,
          3.137093
        ],
        [
          0.470124,
          0.536516,
          -0.70081,
          1.573202
        ],
        [
          -0.039908,
          -0.780294,
          -0.624138,
          1.264747
        ],
        [
          0.0,
          0.0,
          0.0,
          1.0
        ]
      ]
    },
    {
      "file_path": "/media/NFS/ttao/scannet/posed_images/scene0062_00/00103.jpg",
      "transform_matrix": [
        [
          -0.857954,
          0.338147,
          -0.386745,
          3.155587
        ],
        [
          0.512891,
          0.520876,
          -0.682372,
          1.577665
        ],
        [
          -0.029296,
          -0.783801,
          -0.62032,
          1.275687
        ],
        [
          0.0,
          0.0,
          0.0,
          1.0
        ]
      ]
    },
    {
      "file_path": "/media/NFS/ttao/scannet/posed_images/scene0062_00/00105.jpg",
      "transform_matrix": [
        [
          -0.845467,
          0.348076,
          -0.405004,
          3.161724
        ],
        [
          0.533249,
          0.509326,
          -0.67545,
          1.582594
        ],
        [
          -0.028829,
          -0.787039,
          -0.616229,
          1.2782
        ],
        [
          0.0,
          0.0,
          0.0,
          1.0
        ]
      ]
    },
    {
      "file_path": "/media/NFS/ttao/scannet/posed_images/scene0062_00/00106.jpg",
      "transform_matrix": [
        [
          -0.839158,
          0.353466,
          -0.413372,
          3.164424
        ],
        [
          0.54311,
          0.503924,
          -0.671634,
          1.582905
        ],
        [
          -0.029091,
          -0.788113,
          -0.614843,
          1.281534
        ],
        [
          0.0,
          0.0,
          0.0,
          1.0
        ]
      ]
    },
    {
      "file_path": "/media/NFS/ttao/scannet/posed_images/scene0062_00/00110.jpg",
      "transform_matrix": [
        [
          -0.81898,
          0.360674,
          -0.446302,
          3.174753
        ],
        [
          0.573325,
          0.481974,
          -0.662571,
          1.582939
        ],
        [
          -0.023866,
          -0.798509,
          -0.60151,
          1.286242
        ],
        [
          0.0,
          0.0,
          0.0,
          1.0
        ]
      ]
    },
    {
      "file_path": "/media/NFS/ttao/scannet/posed_images/scene0062_00/00112.jpg",
      "transform_matrix": [
        [
          -0.809294,
          0.369885,
          -0.456321,
          3.173344
        ],
        [
          0.58686,
          0.47569,
          -0.655221,
          1.57566
        ],
        [
          -0.02529,
          -0.798063,
          -0.602043,
          1.29359
        ],
        [
          0.0,
          0.0,
          0.0,
          1.0
        ]
      ]
    },
    {
      "file_path": "/media/NFS/ttao/scannet/posed_images/scene0062_00/00115.jpg",
      "transform_matrix": [
        [
          -0.80361,
          0.372544,
          -0.464136,
          3.169157
        ],
        [
          0.594388,
          0.46277,
          -0.657683,
          1.569285
        ],
        [
          -0.030228,
          -0.804397,
          -0.593322,
          1.29726
        ],
        [
          0.0,
          0.0,
          0.0,
          1.0
        ]
      ]
    },
    {
      "file_path": "/media/NFS/ttao/scannet/posed_images/scene0062_00/00116.jpg",
      "transform_matrix": [
        [
          -0.802194,
          0.372105,
          -0.466928,
          3.168095
        ],
        [
          0.596354,
          0.461246,
          -0.656973,
          1.564695
        ],
        [
          -0.029094,
          -0.805475,
          -0.591916,
          1.298996
        ],
        [
          0.0,
          0.0,
          0.0,
          1.0
        ]
      ]
    },
    {
      "file_path": "/media/NFS/ttao/scannet/posed_images/scene0062_00/00120.jpg",
      "transform_matrix": [
        [
          -0.799384,
          0.368224,
          -0.474759,
          3.157417
        ],
        [
          0.599589,
          0.438351,
          -0.669584,
          1.554482
        ],
        [
          -0.038446,
          -0.819915,
          -0.571194,
          1.301873
        ],
        [
          0.0,
          0.0,
          0.0,
          1.0
        ]
      ]
    },
    {
      "file_path": "/media/NFS/ttao/scannet/posed_images/scene0062_00/00122.jpg",
      "transform_matrix": [
        [
          -0.798429,
          0.364959,
          -0.47887,
          3.145454
        ],
        [
          0.600898,
          0.433005,
          -0.671884,
          1.539623
        ],
        [
          -0.037857,
          -0.824204,
          -0.565026,
          1.317522
        ],
        [
          0.0,
          0.0,
          0.0,
          1.0
        ]
      ]
    },
    {
      "file_path": "/media/NFS/ttao/scannet/posed_images/scene0062_00/00124.jpg",
      "transform_matrix": [
        [
          -0.794253,
          0.363722,
          -0.486692,
          3.13355
        ],
        [
          0.606224,
          0.420757,
          -0.674875,
          1.532044
        ],
        [
          -0.040688,
          -0.831066,
          -0.554684,
          1.31927
        ],
        [
          0.0,
          0.0,
          0.0,
          1.0
        ]
      ]
    },
    {
      "file_path": "/media/NFS/ttao/scannet/posed_images/scene0062_00/00127.jpg",
      "transform_matrix": [
        [
          -0.786803,
          0.368549,
          -0.495089,
          3.113636
        ],
        [
          0.615161,
          0.403049,
          -0.67759,
          1.520737
        ],
        [
          -0.05018,
          -0.83769,
          -0.543837,
          1.323242
        ],
        [
          0.0,
          0.0,
          0.0,
          1.0
        ]
      ]
    },
    {
      "file_path": "/media/NFS/ttao/scannet/posed_images/scene0062_00/00130.jpg",
      "transform_matrix": [
        [
          -0.777216,
          0.375243,
          -0.505101,
          3.096738
        ],
        [
          0.626926,
          0.393116,
          -0.672624,
          1.515144
        ],
        [
          -0.053834,
          -0.839436,
          -0.540786,
          1.315815
        ],
        [
          0.0,
          0.0,
          0.0,
          1.0
        ]
      ]
    },
    {
      "file_path": "/media/NFS/ttao/scannet/posed_images/scene0062_00/00132.jpg",
      "transform_matrix": [
        [
          -0.7661,
          0.381178,
          -0.517488,
          3.086011
        ],
        [
          0.640767,
          0.390228,
          -0.661166,
          1.507884
        ],
        [
          -0.050084,
          -0.838108,
          -0.5432,
          1.315985
        ],
        [
          0.0,
          0.0,
          0.0,
          1.0
        ]
      ]
    },
    {
      "file_path": "/media/NFS/ttao/scannet/posed_images/scene0062_00/00135.jpg",
      "transform_matrix": [
        [
          -0.747075,
          0.390052,
          -0.538273,
          3.070269
        ],
        [
          0.663074,
          0.379975,
          -0.644944,
          1.49712
        ],
        [
          -0.047031,
          -0.838736,
          -0.542503,
          1.319611
        ],
        [
          0.0,
          0.0,
          0.0,
          1.0
        ]
      ]
    },
    {
      "file_path": "/media/NFS/ttao/scannet/posed_images/scene0062_00/00136.jpg",
      "transform_matrix": [
        [
          -0.74112,
          0.392451,
          -0.544724,
          3.067031
        ],
        [
          0.669763,
          0.376024,
          -0.640331,
          1.492797
        ],
        [
          -0.046469,
          -0.839398,
          -0.541527,
          1.321777
        ],
        [
          0.0,
          0.0,
          0.0,
          1.0
        ]
      ]
    },
    {
      "file_path": "/media/NFS/ttao/scannet/posed_images/scene0062_00/00139.jpg",
      "transform_matrix": [
        [
          -0.722033,
          0.3953,
          -0.567809,
          3.058824
        ],
        [
          0.690725,
          0.364905,
          -0.624294,
          1.475004
        ],
        [
          -0.039587,
          -0.84296,
          -0.536517,
          1.328852
        ],
        [
          0.0,
          0.0,
          0.0,
          1.0
        ]
      ]
    },
    {
      "file_path": "/media/NFS/ttao/scannet/posed_images/scene0062_00/00140.jpg",
      "transform_matrix": [
        [
          -0.71251,
          0.396933,
          -0.578597,
          3.066153
        ],
        [
          0.700716,
          0.359718,
          -0.616117,
          1.464275
        ],
        [
          -0.036425,
          -0.844421,
          -0.53444,
          1.330331
        ],
        [
          0.0,
          0.0,
          0.0,
          1.0
        ]
      ]
    },
    {
      "file_path": "/media/NFS/ttao/scannet/posed_images/scene0062_00/00143.jpg",
      "transform_matrix": [
        [
          -0.689813,
          0.402384,
          -0.601867,
          3.066343
        ],
        [
          0.723018,
          0.339873,
          -0.601441,
          1.439824
        ],
        [
          -0.037452,
          -0.850043,
          -0.52538,
          1.34251
        ],
        [
          0.0,
          0.0,
          0.0,
          1.0
        ]
      ]
    },
    {
      "file_path": "/media/NFS/ttao/scannet/posed_images/scene0062_00/00147.jpg",
      "transform_matrix": [
        [
          -0.647517,
          0.413151,
          -0.640334,
          3.074354
        ],
        [
          0.760571,
          0.298041,
          -0.576804,
          1.40676
        ],
        [
          -0.047461,
          -0.86051,
          -0.507218,
          1.356708
        ],
        [
          0.0,
          0.0,
          0.0,
          1.0
        ]
      ]
    },
    {
      "file_path": "/media/NFS/ttao/scannet/posed_images/scene0062_00/00149.jpg",
      "transform_matrix": [
        [
          -0.624282,
          0.419554,
          -0.658974,
          3.080285
        ],
        [
          0.779813,
          0.284464,
          -0.557648,
          1.388024
        ],
        [
          -0.046509,
          -0.862006,
          -0.504759,
          1.363982
        ],
        [
          0.0,
          0.0,
          0.0,
          1.0
        ]
      ]
    },
    {
      "file_path": "/media/NFS/ttao/scannet/posed_images/scene0062_00/00152.jpg",
      "transform_matrix": [
        [
          -0.585492,
          0.424786,
          -0.690476,
          3.096723
        ],
        [
          0.809684,
          0.264246,
          -0.524009,
          1.361747
        ],
        [
          -0.040136,
          -0.86587,
          -0.498656,
          1.36321
        ],
        [
          0.0,
          0.0,
          0.0,
          1.0
        ]
      ]
    },
    {
      "file_path": "/media/NFS/ttao/scannet/posed_images/scene0062_00/00154.jpg",
      "transform_matrix": [
        [
          -0.557582,
          0.429179,
          -0.710568,
          3.100712
        ],
        [
          0.829427,
          0.25303,
          -0.498022,
          1.346427
        ],
        [
          -0.033945,
          -0.867053,
          -0.497058,
          1.368494
        ],
        [
          0.0,
          0.0,
          0.0,
          1.0
        ]
      ]
    },
    {
      "file_path": "/media/NFS/ttao/scannet/posed_images/scene0062_00/00155.jpg",
      "transform_matrix": [
        [
          -0.543242,
          0.431272,
          -0.720342,
          3.101123
        ],
        [
          0.838967,
          0.246185,
          -0.485311,
          1.341448
        ],
        [
          -0.031964,
          -0.867985,
          -0.495561,
          1.368895
        ],
        [
          0.0,
          0.0,
          0.0,
          1.0
        ]
      ]
    },
    {
      "file_path": "/media/NFS/ttao/scannet/posed_images/scene0062_00/00158.jpg",
      "transform_matrix": [
        [
          -0.499953,
          0.440664,
          -0.745561,
          3.099461
        ],
        [
          0.865561,
          0.225248,
          -0.447289,
          1.326734
        ],
        [
          -0.029168,
          -0.868953,
          -0.494035,
          1.372487
        ],
        [
          0.0,
          0.0,
          0.0,
          1.0
        ]
      ]
    },
    {
      "file_path": "/media/NFS/ttao/scannet/posed_images/scene0062_00/00160.jpg",
      "transform_matrix": [
        [
          -0.471152,
          0.443253,
          -0.76259,
          3.102047
        ],
        [
          0.881696,
          0.212112,
          -0.421451,
          1.312774
        ],
        [
          -0.025055,
          -0.87094,
          -0.490751,
          1.371238
        ],
        [
          0.0,
          0.0,
          0.0,
          1.0
        ]
      ]
    },
    {
      "file_path": "/media/NFS/ttao/scannet/posed_images/scene0062_00/00163.jpg",
      "transform_matrix": [
        [
          -0.433895,
          0.438973,
          -0.78679,
          3.085262
        ],
        [
          0.900856,
          0.197853,
          -0.386411,
          1.302687
        ],
        [
          -0.013955,
          -0.876446,
          -0.481298,
          1.381702
        ],
        [
          0.0,
          0.0,
          0.0,
          1.0
        ]
      ]
    },
    {
      "file_path": "/media/NFS/ttao/scannet/posed_images/scene0062_00/00166.jpg",
      "transform_matrix": [
        [
          -0.39962,
          0.434661,
          -0.807078,
          3.066298
        ],
        [
          0.916562,
          0.175281,
          -0.359431,
          1.295302
        ],
        [
          -0.014765,
          -0.883372,
          -0.468439,
          1.385767
        ],
        [
          0.0,
          0.0,
          0.0,
          1.0
        ]
      ]
    },
    {
      "file_path": "/media/NFS/ttao/scannet/posed_images/scene0062_00/00169.jpg",
      "transform_matrix": [
        [
          -0.383868,
          0.429727,
          -0.8173,
          3.043621
        ],
        [
          0.922994,
          0.152731,
          -0.353207,
          1.287014
        ],
        [
          -0.026956,
          -0.889948,
          -0.455264,
          1.38567
        ],
        [
          0.0,
          0.0,
          0.0,
          1.0
        ]
      ]
    },
    {
      "file_path": "/media/NFS/ttao/scannet/posed_images/scene0062_00/00171.jpg",
      "transform_matrix": [
        [
          -0.375712,
          0.424359,
          -0.823869,
          3.027189
        ],
        [
          0.925985,
          0.136101,
          -0.352178,
          1.278126
        ],
        [
          -0.03732,
          -0.895208,
          -0.444084,
          1.381718
        ],
        [
          0.0,
          0.0,
          0.0,
          1.0
        ]
      ]
    },
    {
      "file_path": "/media/NFS/ttao/scannet/posed_images/scene0062_00/00172.jpg",
      "transform_matrix": [
        [
          -0.371282,
          0.422597,
          -0.826778,
          3.018011
        ],
        [
          0.927449,
          0.126022,
          -0.352076,
          1.274238
        ],
        [
          -0.044594,
          -0.897513,
          -0.438727,
          1.381351
        ],
        [
          0.0,
          0.0,
          0.0,
          1.0
        ]
      ]
    },
    {
      "file_path": "/media/NFS/ttao/scannet/posed_images/scene0062_00/00174.jpg",
      "transform_matrix": [
        [
          -0.365087,
          0.419689,
          -0.831007,
          2.995893
        ],
        [
          0.929467,
          0.11356,
          -0.350992,
          1.269247
        ],
        [
          -0.052938,
          -0.900536,
          -0.431546,
          1.381372
        ],
        [
          0.0,
          0.0,
          0.0,
          1.0
        ]
      ]
    },
    {
      "file_path": "/media/NFS/ttao/scannet/posed_images/scene0062_00/00178.jpg",
      "transform_matrix": [
        [
          -0.342248,
          0.415307,
          -0.842844,
          2.951236
        ],
        [
          0.937512,
          0.09102,
          -0.335839,
          1.263646
        ],
        [
          -0.06276,
          -0.905116,
          -0.420507,
          1.38349
        ],
        [
          0.0,
          0.0,
          0.0,
          1.0
        ]
      ]
    },
    {
      "file_path": "/media/NFS/ttao/scannet/posed_images/scene0062_00/00180.jpg",
      "transform_matrix": [
        [
          -0.339121,
          0.40471,
          -0.849239,
          2.932349
        ],
        [
          0.938566,
          0.084177,
          -0.334677,
          1.262134
        ],
        [
          -0.063961,
          -0.910562,
          -0.408393,
          1.385385
        ],
        [
          0.0,
          0.0,
          0.0,
          1.0
        ]
      ]
    },
    {
      "file_path": "/media/NFS/ttao/scannet/posed_images/scene0062_00/00183.jpg",
      "transform_matrix": [
        [
          -0.322913,
          0.392806,
          -0.861064,
          2.902668
        ],
        [
          0.944705,
          0.078892,
          -0.318291,
          1.262174
        ],
        [
          -0.057096,
          -0.916231,
          -0.396561,
          1.397545
        ],
        [
          0.0,
          0.0,
          0.0,
          1.0
        ]
      ]
    },
    {
      "file_path": "/media/NFS/ttao/scannet/posed_images/scene0062_00/00185.jpg",
      "transform_matrix": [
        [
          -0.302554,
          0.391493,
          -0.869019,
          2.887909
        ],
        [
          0.951541,
          0.071406,
          -0.299116,
          1.260401
        ],
        [
          -0.055049,
          -0.917406,
          -0.394126,
          1.400175
        ],
        [
          0.0,
          0.0,
          0.0,
          1.0
        ]
      ]
    },
    {
      "file_path": "/media/NFS/ttao/scannet/posed_images/scene0062_00/00187.jpg",
      "transform_matrix": [
        [
          -0.281527,
          0.394821,
          -0.874562,
          2.873936
        ],
        [
          0.957924,
          0.062543,
          -0.280127,
          1.258988
        ],
        [
