{
  "frames": [
    {
      "file_path": "/media/NFS/ttao/scannet/posed_images/scene0587_01/00000.jpg",
      "transform_matrix": [
        [
          -0.837872,
          0.331245,
          -0.433875,
          4.703815
        ],
        [
          0.54562,
          0.484299,
          -0.683925,
          5.17266
        ],
        [
          -0.016422,
          -0.809772,
          -0.586515,
          1.320087
        ],
        [
          0.0,
          0.0,
          0.0,
          1.0
        ]
      ]
    },
    {
      "file_path": "/media/NFS/ttao/scannet/posed_images/scene0587_01/00002.jpg",
      "transform_matrix": [
        [
          -0.826121,
          0.353508,
          -0.438813,
          4.707728
        ],
        [
          0.563264,
          0.495869,
          -0.660944,
          5.170791
        ],
        [
          -0.016055,
          -0.793187,
          -0.608766,
          1.317693
        ],
        [
          0.0,
          0.0,
          0.0,
          1.0
        ]
      ]
    },
    {
      "file_path": "/media/NFS/ttao/scannet/posed_images/scene0587_01/00003.jpg",
      "transform_matrix": [
        [
          -0.822105,
          0.357557,
          -0.443054,
          4.710482
        ],
        [
          0.56907,
          0.492254,
          -0.65867,
          5.17011
        ],
        [
          -0.017417,
          -0.793624,
          -0.608159,
          1.317672
        ],
        [
          0.0,
          0.0,
          0.0,
          1.0
        ]
      ]
    },
    {
      "file_path": "/media/NFS/ttao/scannet/posed_images/scene0587_01/00005.jpg",
      "transform_matrix": [
        [
          -0.81453,
          0.366811,
          -0.449433,
          4.710269
        ],
        [
          0.57965,
          0.483398,
          -0.655997,
          5.169495
        ],
        [
          -0.023372,
          -0.794843,
          -0.606364,
          1.320119
        ],
        [
          0.0,
          0.0,
          0.0,
          1.0
        ]
      ]
    },
    {
      "file_path": "/media/NFS/ttao/scannet/posed_images/scene0587_01/00006.jpg",
      "transform_matrix": [
        [
          -0.810715,
          0.370693,
          -0.453132,
          4.71252
        ],
        [
          0.584855,
          0.478175,
          -0.655205,
          5.169849
        ],
        [
          -0.026204,
          -0.796201,
          -0.604465,
          1.318587
        ],
        [
          0.0,
          0.0,
          0.0,
          1.0
        ]
      ]
    },
    {
      "file_path": "/media/NFS/ttao/scannet/posed_images/scene0587_01/00008.jpg",
      "transform_matrix": [
        [
          -0.804457,
          0.378755,
          -0.457595,
          4.712191
        ],
        [
          0.593281,
          0.474125,
          -0.650556,
          5.173407
        ],
        [
          -0.029444,
          -0.794827,
          -0.606122,
          1.317086
        ],
        [
          0.0,
          0.0,
          0.0,
          1.0
        ]
      ]
    },
    {
      "file_path": "/media/NFS/ttao/scannet/posed_images/scene0587_01/00010.jpg",
      "transform_matrix": [
        [
          -0.783774,
          0.393333,
          -0.480611,
          4.731529
        ],
        [
          0.620599,
          0.466686,
          -0.630128,
          5.142556
        ],
        [
          -0.023555,
          -0.792145,
          -0.609878,
          1.312752
        ],
        [
          0.0,
          0.0,
          0.0,
          1.0
        ]
      ]
    },
    {
      "file_path": "/media/NFS/ttao/scannet/posed_images/scene0587_01/00011.jpg",
      "transform_matrix": [
        [
          -0.778173,
          0.400583,
          -0.483714,
          4.730542
        ],
        [
          0.627604,
          0.466979,
          -0.622932,
          5.142118
        ],
        [
          -0.023652,
          -0.788329,
          -0.614799,
          1.313666
        ],
        [
          0.0,
          0.0,
          0.0,
          1.0
        ]
      ]
    },
    {
      "file_path": "/media/NFS/ttao/scannet/posed_images/scene0587_01/00013.jpg",
      "transform_matrix": [
        [
          -0.763032,
          0.418416,
          -0.492657,
          4.727606
        ],
        [
          0.645744,
          0.460176,
          -0.609305,
          5.144586
        ],
        [
          -0.028234,
          -0.783049,
          -0.621319,
          1.311382
        ],
        [
          0.0,
          0.0,
          0.0,
          1.0
        ]
      ]
    },
    {
      "file_path": "/media/NFS/ttao/scannet/posed_images/scene0587_01/00015.jpg",
      "transform_matrix": [
        [
          -0.746192,
          0.437268,
          -0.501991,
          4.724905
        ],
        [
          0.665044,
          0.455358,
          -0.591917,
          5.150249
        ],
        [
          -0.030241,
          -0.775529,
          -0.630587,
          1.308138
        ],
        [
          0.0,
          0.0,
          0.0,
          1.0
        ]
      ]
    },
    {
      "file_path": "/media/NFS/ttao/scannet/posed_images/scene0587_01/00016.jpg",
      "transform_matrix": [
        [
          -0.739576,
          0.445596,
          -0.504452,
          4.721806
        ],
        [
          0.672388,
          0.4553,
          -0.583607,
          5.151861
        ],
        [
          -0.030375,
          -0.770809,
          -0.636342,
          1.306487
        ],
        [
          0.0,
          0.0,
          0.0,
          1.0
        ]
      ]
    },
    {
      "file_path": "/media/NFS/ttao/scannet/posed_images/scene0587_01/00019.jpg",
      "transform_matrix": [
        [
          -0.715709,
          0.480531,
          -0.506804,
          4.700861
        ],
        [
          0.697589,
          0.456934,
          -0.551888,
          5.161822
        ],
        [
          -0.033623,
          -0.748532,
          -0.662245,
          1.305981
        ],
        [
          0.0,
          0.0,
          0.0,
          1.0
        ]
      ]
    },
    {
      "file_path": "/media/NFS/ttao/scannet/posed_images/scene0587_01/00020.jpg",
      "transform_matrix": [
        [
          -0.712001,
          0.48459,
          -0.508161,
          4.693303
        ],
        [
          0.701272,
          0.453966,
          -0.549666,
          5.166204
        ],
        [
          -0.035675,
          -0.747721,
          -0.663053,
          1.306388
        ],
        [
          0.0,
          0.0,
          0.0,
          1.0
        ]
      ]
    },
    {
      "file_path": "/media/NFS/ttao/scannet/posed_images/scene0587_01/00021.jpg",
      "transform_matrix": [
        [
          -0.706865,
          0.487652,
          -0.512385,
          4.68948
        ],
        [
          0.706325,
          0.447652,
          -0.548373,
          5.173785
        ],
        [
          -0.038045,
          -0.749536,
          -0.660869,
          1.302373
        ],
        [
          0.0,
          0.0,
          0.0,
          1.0
        ]
      ]
    },
    {
      "file_path": "/media/NFS/ttao/scannet/posed_images/scene0587_01/00023.jpg",
      "transform_matrix": [
        [
          -0.700002,
          0.49647,
          -0.513337,
          4.677371
        ],
        [
          0.713062,
          0.446415,
          -0.540608,
          5.184425
        ],
        [
          -0.039234,
          -0.744467,
          -0.666505,
          1.297665
        ],
        [
          0.0,
          0.0,
          0.0,
          1.0
        ]
      ]
    },
    {
      "file_path": "/media/NFS/ttao/scannet/posed_images/scene0587_01/00025.jpg",
      "transform_matrix": [
        [
          -0.702172,
          0.506189,
          -0.500726,
          4.653811
        ],
        [
          0.710804,
          0.457488,
          -0.534287,
          5.192723
        ],
        [
          -0.041374,
          -0.731079,
          -0.681037,
          1.301675
        ],
        [
          0.0,
          0.0,
          0.0,
          1.0
        ]
      ]
    },
    {
      "file_path": "/media/NFS/ttao/scannet/posed_images/scene0587_01/00026.jpg",
      "transform_matrix": [
        [
          -0.704015,
          0.505509,
          -0.498822,
          4.643144
        ],
        [
          0.708945,
          0.458759,
          -0.535665,
          5.199118
        ],
        [
          -0.041945,
          -0.730753,
          -0.681352,
          1.301756
        ],
        [
          0.0,
          0.0,
          0.0,
          1.0
        ]
      ]
    },
    {
      "file_path": "/media/NFS/ttao/scannet/posed_images/scene0587_01/00028.jpg",
      "transform_matrix": [
        [
          -0.695177,
          0.511582,
          -0.504989,
          4.623803
        ],
        [
          0.717786,
          0.456006,
          -0.526157,
          5.211962
        ],
        [
          -0.038895,
          -0.728246,
          -0.684211,
          1.299701
        ],
        [
          0.0,
          0.0,
          0.0,
          1.0
        ]
      ]
    },
    {
      "file_path": "/media/NFS/ttao/scannet/posed_images/scene0587_01/00030.jpg",
      "transform_matrix": [
        [
          -0.672784,
          0.524815,
          -0.52147,
          4.610314
        ],
        [
          0.738974,
          0.442611,
          -0.50795,
          5.212323
        ],
        [
          -0.035771,
          -0.727093,
          -0.685606,
          1.300712
        ],
        [
          0.0,
          0.0,
          0.0,
          1.0
        ]
      ]
    },
    {
      "file_path": "/media/NFS/ttao/scannet/posed_images/scene0587_01/00031.jpg",
      "transform_matrix": [
        [
          -0.666394,
          0.528262,
          -0.526172,
          4.598073
        ],
        [
          0.744759,
          0.438116,
          -0.503377,
          5.217772
        ],
        [
          -0.035391,
          -0.727319,
          -0.685386,
          1.303059
        ],
        [
          0.0,
          0.0,
          0.0,
          1.0
        ]
      ]
    },
    {
      "file_path": "/media/NFS/ttao/scannet/posed_images/scene0587_01/00034.jpg",
      "transform_matrix": [
        [
          -0.651701,
          0.533754,
          -0.53888,
          4.563864
        ],
        [
          0.75755,
          0.422969,
          -0.497207,
          5.241611
        ],
        [
          -0.037457,
          -0.732259,
          -0.679995,
          1.305901
        ],
        [
          0.0,
          0.0,
          0.0,
          1.0
        ]
      ]
    },
    {
      "file_path": "/media/NFS/ttao/scannet/posed_images/scene0587_01/00035.jpg",
      "transform_matrix": [
        [
          -0.65041,
          0.53147,
          -0.542685,
          4.55554
        ],
        [
          0.75867,
          0.419496,
          -0.498441,
          5.255256
        ],
        [
          -0.037252,
          -0.73591,
          -0.676054,
          1.302718
        ],
        [
          0.0,
          0.0,
          0.0,
          1.0
        ]
      ]
    },
    {
      "file_path": "/media/NFS/ttao/scannet/posed_images/scene0587_01/00037.jpg",
      "transform_matrix": [
        [
          -0.648053,
          0.537896,
          -0.539161,
          4.533541
        ],
        [
          0.760785,
          0.424571,
          -0.490862,
          5.272698
        ],
        [
          -0.03512,
          -0.72829,
          -0.684368,
          1.302549
        ],
        [
          0.0,
          0.0,
          0.0,
          1.0
        ]
      ]
    },
    {
      "file_path": "/media/NFS/ttao/scannet/posed_images/scene0587_01/00038.jpg",
      "transform_matrix": [
        [
          -0.649163,
          0.537102,
          -0.538618,
          4.523005
        ],
        [
          0.760035,
          0.429551,
          -0.487682,
          5.282905
        ],
        [
          -0.030571,
          -0.725953,
          -0.687064,
          1.302559
        ],
        [
          0.0,
          0.0,
          0.0,
          1.0
        ]
      ]
    },
    {
      "file_path": "/media/NFS/ttao/scannet/posed_images/scene0587_01/00041.jpg",
      "transform_matrix": [
        [
          -0.645613,
          0.550939,
          -0.52882,
          4.488381
        ],
        [
          0.762965,
          0.435695,
          -0.47755,
          5.307107
        ],
        [
          -0.032696,
          -0.711784,
          -0.701637,
          1.305357
        ],
        [
          0.0,
          0.0,
          0.0,
          1.0
        ]
      ]
    },
    {
      "file_path": "/media/NFS/ttao/scannet/posed_images/scene0587_01/00042.jpg",
      "transform_matrix": [
        [
          -0.643453,
          0.55498,
          -0.527225,
          4.476493
        ],
        [
          0.764623,
          0.433282,
          -0.477094,
          5.31622
        ],
        [
          -0.036341,
          -0.710115,
          -0.703147,
          1.306262
        ],
        [
          0.0,
          0.0,
          0.0,
          1.0
        ]
      ]
    },
    {
      "file_path": "/media/NFS/ttao/scannet/posed_images/scene0587_01/00043.jpg",
      "transform_matrix": [
        [
          -0.640743,
          0.560809,
          -0.524349,
          4.463574
        ],
        [
          0.766535,
          0.428799,
          -0.478074,
          5.320531
        ],
        [
          -0.043268,
          -0.708254,
          -0.70463,
          1.309772
        ],
        [
          0.0,
          0.0,
          0.0,
          1.0
        ]
      ]
    },
    {
      "file_path": "/media/NFS/ttao/scannet/posed_images/scene0587_01/00046.jpg",
      "transform_matrix": [
        [
          -0.650682,
          0.556666,
          -0.516465,
          4.425336
        ],
        [
          0.756329,
          0.414488,
          -0.506129,
          5.343175
        ],
        [
          -0.067676,
          -0.719946,
          -0.690722,
          1.318323
        ],
        [
          0.0,
          0.0,
          0.0,
          1.0
        ]
      ]
    },
    {
      "file_path": "/media/NFS/ttao/scannet/posed_images/scene0587_01/00047.jpg",
      "transform_matrix": [
        [
          -0.651979,
          0.551831,
          -0.520006,
          4.416014
        ],
        [
          0.754855,
          0.407675,
          -0.513805,
          5.351521
        ],
        [
          -0.07154,
          -0.727518,
          -0.682348,
          1.318426
        ],
        [
          0.0,
          0.0,
          0.0,
          1.0
        ]
      ]
    },
    {
      "file_path": "/media/NFS/ttao/scannet/posed_images/scene0587_01/00048.jpg",
      "transform_matrix": [
        [
          -0.64945,
          0.549996,
          -0.525089,
          4.406023
        ],
        [
          0.756876,
          0.401126,
          -0.515981,
          5.360731
        ],
        [
          -0.07316,
          -0.732531,
          -0.67679,
          1.316766
        ],
        [
          0.0,
          0.0,
          0.0,
          1.0
        ]
      ]
    },
    {
      "file_path": "/media/NFS/ttao/scannet/posed_images/scene0587_01/00050.jpg",
      "transform_matrix": [
        [
          -0.641576,
          0.551839,
          -0.532779,
          4.378682
        ],
        [
          0.7633,
          0.390626,
          -0.514572,
          5.384844
        ],
        [
          -0.075843,
          -0.736808,
          -0.671835,
          1.317519
        ],
        [
          0.0,
          0.0,
          0.0,
          1.0
        ]
      ]
    },
    {
      "file_path": "/media/NFS/ttao/scannet/posed_images/scene0587_01/00052.jpg",
      "transform_matrix": [
        [
          -0.634186,
          0.552647,
          -0.540731,
          4.347806
        ],
        [
          0.769499,
          0.382969,
          -0.511083,
          5.400168
        ],
        [
          -0.075365,
          -0.740214,
          -0.668135,
          1.32303
        ],
        [
          0.0,
          0.0,
          0.0,
          1.0
        ]
      ]
    },
    {
      "file_path": "/media/NFS/ttao/scannet/posed_images/scene0587_01/00053.jpg",
      "transform_matrix": [
        [
          -0.630425,
          0.551008,
          -0.546767,
          4.335505
        ],
        [
          0.772379,
          0.375012,
          -0.512637,
          5.407033
        ],
        [
          -0.077423,
          -0.745491,
          -0.662004,
          1.323547
        ],
        [
          0.0,
          0.0,
          0.0,
          1.0
        ]
      ]
    },
    {
      "file_path": "/media/NFS/ttao/scannet/posed_images/scene0587_01/00055.jpg",
      "transform_matrix": [
        [
          -0.61779,
          0.556652,
          -0.555405,
          4.307404
        ],
        [
          0.781737,
          0.358432,
          -0.510308,
          5.425336
        ],
        [
          -0.084989,
          -0.749443,
          -0.656591,
          1.32171
        ],
        [
          0.0,
          0.0,
          0.0,
          1.0
        ]
      ]
    },
    {
      "file_path": "/media/NFS/ttao/scannet/posed_images/scene0587_01/00057.jpg",
      "transform_matrix": [
        [
          -0.603369,
          0.56369,
          -0.564092,
          4.277009
        ],
        [
          0.793474,
          0.353703,
          -0.495272,
          5.438241
        ],
        [
          -0.079659,
          -0.746423,
          -0.660687,
          1.320576
        ],
        [
          0.0,
          0.0,
          0.0,
          1.0
        ]
      ]
    },
    {
      "file_path": "/media/NFS/ttao/scannet/posed_images/scene0587_01/00059.jpg",
      "transform_matrix": [
        [
          -0.596075,
          0.566879,
          -0.568632,
          4.242968
        ],
        [
          0.799529,
          0.353951,
          -0.485255,
          5.45145
        ],
        [
          -0.073813,
          -0.743886,
          -0.664218,
          1.319407
        ],
        [
          0.0,
          0.0,
          0.0,
          1.0
        ]
      ]
    },
    {
      "file_path": "/media/NFS/ttao/scannet/posed_images/scene0587_01/00060.jpg",
      "transform_matrix": [
        [
          -0.598389,
          0.568553,
          -0.564516,
          4.222829
        ],
        [
          0.797371,
          0.353741,
          -0.488945,
          5.459785
        ],
        [
          -0.078298,
          -0.742707,
          -0.665023,
          1.318158
        ],
        [
          0.0,
          0.0,
          0.0,
          1.0
        ]
      ]
    },
    {
      "file_path": "/media/NFS/ttao/scannet/posed_images/scene0587_01/00062.jpg",
      "transform_matrix": [
        [
          -0.60678,
          0.566905,
          -0.557168,
          4.182678
        ],
        [
          0.789803,
          0.350981,
          -0.503015,
          5.470169
        ],
        [
          -0.089606,
          -0.745272,
          -0.660712,
          1.323608
        ],
        [
          0.0,
          0.0,
          0.0,
          1.0
        ]
      ]
    },
    {
      "file_path": "/media/NFS/ttao/scannet/posed_images/scene0587_01/00064.jpg",
      "transform_matrix": [
        [
          -0.633142,
          0.532573,
          -0.561692,
          4.145291
        ],
        [
          0.767402,
          0.337098,
          -0.545398,
          5.486995
        ],
        [
          -0.101119,
          -0.776358,
          -0.622128,
          1.323993
        ],
        [
          0.0,
          0.0,
          0.0,
          1.0
        ]
      ]
    },
    {
      "file_path": "/media/NFS/ttao/scannet/posed_images/scene0587_01/00065.jpg",
      "transform_matrix": [
        [
          -0.647961,
          0.522842,
          -0.553879,
          4.129169
        ],
        [
          0.755022,
          0.34501,
          -0.557593,
          5.496218
        ],
        [
          -0.100439,
          -0.77949,
          -0.618311,
          1.321412
        ],
        [
          0.0,
          0.0,
          0.0,
          1.0
        ]
      ]
    },
    {
      "file_path": "/media/NFS/ttao/scannet/posed_images/scene0587_01/00067.jpg",
      "transform_matrix": [
        [
          -0.666679,
          0.514659,
          -0.539134,
          4.087917
        ],
        [
          0.739495,
          0.366277,
          -0.564791,
          5.509235
        ],
        [
          -0.093202,
          -0.775221,
          -0.624777,
          1.319877
        ],
        [
          0.0,
          0.0,
          0.0,
          1.0
        ]
      ]
    },
    {
      "file_path": "/media/NFS/ttao/scannet/posed_images/scene0587_01/00069.jpg",
      "transform_matrix": [
        [
          -0.679435,
          0.509372,
          -0.528118,
          4.045989
        ],
        [
          0.729304,
          0.389835,
          -0.562268,
          5.518127
        ],
        [
          -0.080524,
          -0.767183,
          -0.636354,
          1.319785
        ],
        [
          0.0,
          0.0,
          0.0,
          1.0
        ]
      ]
    },
    {
      "file_path": "/media/NFS/ttao/scannet/posed_images/scene0587_01/00071.jpg",
      "transform_matrix": [
        [
          -0.692499,
          0.497769,
          -0.522179,
          4.004374
        ],
        [
          0.718135,
          0.406656,
          -0.564724,
          5.527398
        ],
        [
          -0.068755,
          -0.766066,
          -0.639074,
          1.319576
        ],
        [
          0.0,
          0.0,
          0.0,
          1.0
        ]
      ]
    },
    {
      "file_path": "/media/NFS/ttao/scannet/posed_images/scene0587_01/00072.jpg",
      "transform_matrix": [
        [
          -0.697704,
          0.48727,
          -0.525144,
          3.979855
        ],
        [
          0.713523,
          0.407205,
          -0.570148,
          5.532086
        ],
        [
          -0.063975,
          -0.772497,
          -0.631788,
          1.321246
        ],
        [
          0.0,
          0.0,
          0.0,
          1.0
        ]
      ]
    },
    {
      "file_path": "/media/NFS/ttao/scannet/posed_images/scene0587_01/00074.jpg",
      "transform_matrix": [
        [
          -0.701779,
          0.476308,
          -0.529752,
          3.948086
        ],
        [
          0.71006,
          0.407513,
          -0.574236,
          5.545713
        ],
        [
          -0.057632,
          -0.779143,
          -0.624191,
          1.316211
        ],
        [
          0.0,
          0.0,
          0.0,
          1.0
        ]
      ]
    },
    {
      "file_path": "/media/NFS/ttao/scannet/posed_images/scene0587_01/00076.jpg",
      "transform_matrix": [
        [
          -0.710875,
          0.472725,
          -0.520756,
          3.908349
        ],
        [
          0.700928,
          0.415184,
          -0.579933,
          5.557491
        ],
        [
          -0.057939,
          -0.777273,
          -0.62649,
          1.317803
        ],
        [
          0.0,
          0.0,
          0.0,
          1.0
        ]
      ]
    },
    {
      "file_path": "/media/NFS/ttao/scannet/posed_images/scene0587_01/00077.jpg",
      "transform_matrix": [
        [
          -0.716344,
          0.46964,
          -0.516032,
          3.891326
        ],
        [
          0.695179,
          0.416988,
          -0.585531,
          5.565311
        ],
        [
          -0.05981,
          -0.778177,
          -0.625191,
          1.316761
        ],
        [
          0.0,
          0.0,
          0.0,
          1.0
        ]
      ]
    },
    {
      "file_path": "/media/NFS/ttao/scannet/posed_images/scene0587_01/00079.jpg",
      "transform_matrix": [
        [
          -0.731207,
          0.458521,
          -0.505069,
          3.849972
        ],
        [
          0.679394,
          0.422953,
          -0.599612,
          5.582483
        ],
        [
          -0.061314,
          -0.781581,
          -0.620783,
          1.317577
        ],
        [
          0.0,
          0.0,
          0.0,
          1.0
        ]
      ]
    },
    {
      "file_path": "/media/NFS/ttao/scannet/posed_images/scene0587_01/00080.jpg",
      "transform_matrix": [
        [
          -0.736188,
          0.451427,
          -0.504223,
          3.839826
        ],
        [
          0.674091,
          0.422796,
          -0.605677,
          5.593873
        ],
        [
          -0.060235,
          -0.785784,
          -0.61556,
          1.315386
        ],
        [
          0.0,
          0.0,
          0.0,
          1.0
        ]
      ]
    },
    {
      "file_path": "/media/NFS/ttao/scannet/posed_images/scene0587_01/00083.jpg",
      "transform_matrix": [
        [
          -0.759447,
          0.415751,
          -0.50039,
          3.786943
        ],
        [
          0.649601,
          0.44267,
          -0.618112,
          5.621641
        ],
        [
          -0.035473,
          -0.794477,
          -0.606257,
          1.313829
        ],
        [
          0.0,
          0.0,
          0.0,
          1.0
        ]
      ]
    },
    {
      "file_path": "/media/NFS/ttao/scannet/posed_images/scene0587_01/00084.jpg",
      "transform_matrix": [
        [
          -0.770092,
          0.404334,
          -0.493429,
          3.771784
        ],
        [
          0.637264,
          0.452184,
          -0.624039,
          5.629823
        ],
        [
          -0.029199,
          -0.795012,
          -0.605891,
          1.315544
        ],
        [
          0.0,
          0.0,
          0.0,
          1.0
        ]
      ]
    },
    {
      "file_path": "/media/NFS/ttao/scannet/posed_images/scene0587_01/00086.jpg",
      "transform_matrix": [
        [
          -0.789573,
          0.38344,
          -0.479113,
          3.737573
        ],
        [
          0.613289,
          0.466013,
          -0.637737,
          5.649209
        ],
        [
          -0.021261,
          -0.797374,
          -0.603111,
          1.319361
        ],
        [
          0.0,
          0.0,
          0.0,
          1.0
        ]
      ]
    },
    {
      "file_path": "/media/NFS/ttao/scannet/posed_images/scene0587_01/00088.jpg",
      "transform_matrix": [
        [
          -0.798076,
          0.373606,
          -0.472751,
          3.708255
        ],
        [
          0.602343,
          0.473778,
          -0.642431,
          5.666259
        ],
        [
          -0.016037,
          -0.797467,
          -0.60315,
          1.322966
        ],
        [
          0.0,
          0.0,
          0.0,
          1.0
        ]
      ]
    },
    {
      "file_path": "/media/NFS/ttao/scannet/posed_images/scene0587_01/00089.jpg",
      "transform_matrix": [
        [
          -0.802468,
          0.372857,
          -0.465856,
          3.693
        ],
        [
          0.596443,
          0.478566,
          -0.644383,
          5.671868
        ],
        [
          -0.01732,
          -0.794954,
          -0.606423,
          1.326605
        ],
        [
          0.0,
          0.0,
          0.0,
          1.0
        ]
      ]
    },
    {
      "file_path": "/media/NFS/ttao/scannet/posed_images/scene0587_01/00091.jpg",
      "transform_matrix": [
        [
          -0.816798,
          0.353302,
          -0.456091,
          3.660615
        ],
        [
          0.576708,
          0.47839,
          -0.662232,
          5.685304
        ],
        [
          -0.015779,
          -0.80394,
          -0.5945,
          1.330498
        ],
        [
          0.0,
          0.0,
          0.0,
          1.0
        ]
      ]
    },
    {
      "file_path": "/media/NFS/ttao/scannet/posed_images/scene0587_01/00092.jpg",
      "transform_matrix": [
        [
          -0.82489,
          0.345922,
          -0.447096,
          3.648164
        ],
        [
          0.565071,
          0.482412,
          -0.669308,
          5.692002
        ],
        [
          -0.015844,
          -0.804746,
          -0.593407,
          1.33008
        ],
        [
          0.0,
          0.0,
          0.0,
          1.0
        ]
      ]
    },
    {
      "file_path": "/media/NFS/ttao/scannet/posed_images/scene0587_01/00094.jpg",
      "transform_matrix": [
        [
          -0.842085,
          0.339703,
          -0.418921,
          3.620266
        ],
        [
          0.538942,
          0.499959,
          -0.677925,
          5.702927
        ],
        [
          -0.020849,
          -0.796645,
          -0.604088,
          1.329958
        ],
        [
          0.0,
          0.0,
          0.0,
          1.0
        ]
      ]
    },
    {
      "file_path": "/media/NFS/ttao/scannet/posed_images/scene0587_01/00096.jpg",
      "transform_matrix": [
        [
          -0.85523,
          0.333545,
          -0.396648,
          3.586391
        ],
        [
          0.51774,
          0.515988,
          -0.682423,
          5.705614
        ],
        [
          -0.022953,
          -0.788989,
          -0.613978,
          1.3357
        ],
        [
          0.0,
          0.0,
          0.0,
          1.0
        ]
      ]
    },
    {
      "file_path": "/media/NFS/ttao/scannet/posed_images/scene0587_01/00098.jpg",
      "transform_matrix": [
        [
          -0.859861,
          0.32549,
          -0.393313,
          3.555611
        ],
        [
          0.509978,
          0.511861,
          -0.691319,
          5.712388
        ],
        [
          -0.023696,
          -0.795019,
          -0.606122,
          1.33576
        ],
        [
          0.0,
          0.0,
          0.0,
          1.0
        ]
      ]
    },
    {
      "file_path": "/media/NFS/ttao/scannet/posed_images/scene0587_01/00099.jpg",
      "transform_matrix": [
        [
          -0.863891,
          0.320172,
          -0.388822,
          3.537318
        ],
        [
          0.503156,
          0.513392,
          -0.695171,
          5.714056
        ],
        [
          -0.022956,
          -0.79619,
          -0.604611,
          1.33544
        ],
        [
          0.0,
          0.0,
          0.0,
          1.0
        ]
      ]
    },
    {
      "file_path": "/media/NFS/ttao/scannet/posed_images/scene0587_01/00101.jpg",
      "transform_matrix": [
        [
          -0.871666,
          0.30486,
          -0.383744,
          3.499922
        ],
        [
          0.489794,
          0.514146,
          -0.7041,
          5.718168
        ],
        [
          -0.017352,
          -0.801695,
          -0.597482,
          1.333783
        ],
        [
          0.0,
          0.0,
          0.0,
          1.0
        ]
      ]
    },
    {
      "file_path": "/media/NFS/ttao/scannet/posed_images/scene0587_01/00102.jpg",
      "transform_matrix": [
        [
          -0.874527,
          0.298685,
          -0.382087,
          3.481191
        ],
        [
          0.484821,
          0.51841,
          -0.704415,
          5.71937
        ],
        [
          -0.01232,
          -0.801273,
          -0.598171,
          1.331459
        ],
        [
          0.0,
          0.0,
          0.0,
          1.0
        ]
      ]
    },
    {
      "file_path": "/media/NFS/ttao/scannet/posed_images/scene0587_01/00105.jpg",
      "transform_matrix": [
        [
          -0.881597,
          0.281801,
          -0.378648,
          3.421078
        ],
        [
          0.471991,
          0.531782,
          -0.703159,
          5.713604
        ],
        [
          0.003207,
          -0.798621,
          -0.601825,
          1.329726
        ],
        [
          0.0,
          0.0,
          0.0,
          1.0
        ]
      ]
    },
    {
      "file_path": "/media/NFS/ttao/scannet/posed_images/scene0587_01/00106.jpg",
      "transform_matrix": [
        [
          -0.884029,
          0.277183,
          -0.376382,
          3.3989
        ],
        [
          0.467409,
          0.5324,
          -0.705747,
          5.711079
        ],
        [
          0.004764,
          -0.799825,
          -0.600215,
          1.330136
        ],
        [
          0.0,
          0.0,
          0.0,
          1.0
        ]
      ]
    },
    {
      "file_path": "/media/NFS/ttao/scannet/posed_images/scene0587_01/00107.jpg",
      "transform_matrix": [
        [
          -0.885265,
          0.274471,
          -0.375463,
          3.376934
        ],
        [
          0.46507,
          0.529463,
          -0.709492,
          5.710516
        ],
        [
          0.004058,
          -0.802705,
          -0.596363,
          1.330192
        ],
        [
          0.0,
          0.0,
          0.0,
          1.0
        ]
      ]
    },
    {
      "file_path": "/media/NFS/ttao/scannet/posed_images/scene0587_01/00109.jpg",
      "transform_matrix": [
        [
          -0.888096,
          0.28124,
          -0.36358,
          3.334987
        ],
        [
          0.459658,
          0.541709,
          -0.703752,
          5.704639
        ],
        [
          -0.000968,
          -0.792121,
          -0.610364,
          1.330349
        ],
        [
          0.0,
          0.0,
          0.0,
          1.0
        ]
      ]
    },
    {
      "file_path": "/media/NFS/ttao/scannet/posed_images/scene0587_01/00111.jpg",
      "transform_matrix": [
        [
          -0.891301,
          0.262679,
          -0.36957,
          3.292922
        ],
        [
          0.453298,
          0.534463,
          -0.713352,
          5.695415
        ],
        [
          0.010139,
          -0.803337,
          -0.595439,
          1.33516
        ],
        [
          0.0,
          0.0,
          0.0,
          1.0
        ]
      ]
    },
    {
      "file_path": "/media/NFS/ttao/scannet/posed_images/scene0587_01/00113.jpg",
      "transform_matrix": [
        [
          -0.896401,
          0.247463,
          -0.367733,
          3.261138
        ],
        [
          0.442799,
          0.53715,
          -0.717913,
          5.691483
        ],
        [
          0.019871,
          -0.806369,
          -0.591078,
          1.333716
        ],
        [
          0.0,
          0.0,
          0.0,
          1.0
        ]
      ]
    },
    {
      "file_path": "/media/NFS/ttao/scannet/posed_images/scene0587_01/00114.jpg",
      "transform_matrix": [
        [
          -0.901596,
          0.242971,
          -0.357896,
          3.241296
        ],
        [
          0.432162,
          0.542241,
          -0.720563,
          5.687298
        ],
        [
          0.01899,
          -0.804326,
          -0.593885,
          1.336016
        ],
        [
          0.0,
          0.0,
          0.0,
          1.0
        ]
      ]
    },
    {
      "file_path": "/media/NFS/ttao/scannet/posed_images/scene0587_01/00116.jpg",
      "transform_matrix": [
        [
          -0.910684,
          0.239731,
          -0.336428,
          3.200068
        ],
        [
          0.413056,
          0.540801,
          -0.732747,
          5.680366
        ],
        [
          0.006278,
          -0.806265,
          -0.591521,
          1.342571
        ],
        [
          0.0,
          0.0,
          0.0,
          1.0
        ]
      ]
    },
    {
      "file_path": "/media/NFS/ttao/scannet/posed_images/scene0587_01/00118.jpg",
      "transform_matrix": [
        [
          -0.913767,
          0.235771,
          -0.330821,
          3.163846
        ],
        [
          0.406228,
          0.53641,
          -0.739759,
          5.681171
        ],
        [
          0.003042,
          -0.810355,
          -0.585931,
          1.338861
        ],
        [
          0.0,
          0.0,
          0.0,
          1.0
        ]
      ]
    },
    {
      "file_path": "/media/NFS/ttao/scannet/posed_images/scene0587_01/00120.jpg",
      "transform_matrix": [
        [
          -0.921806,
          0.215411,
          -0.322291,
          3.116632
        ],
        [
          0.387313,
          0.54651,
          -0.742506,
          5.676078
        ],
        [
          0.016192,
          -0.809274,
          -0.587207,
          1.331995
        ],
        [
          0.0,
          0.0,
          0.0,
          1.0
        ]
      ]
    },
    {
      "file_path": "/media/NFS/ttao/scannet/posed_images/scene0587_01/00121.jpg",
      "transform_matrix": [
        [
          -0.926662,
          0.20517,
          -0.314966,
          3.099124
        ],
        [
          0.375341,
          0.550595,
          -0.745631,
          5.674087
        ],
        [
          0.020437,
          -0.809167,
          -0.587224,
          1.32972
        ],
        [
          0.0,
          0.0,
          0.0,
          1.0
        ]
      ]
    },
    {
      "file_path": "/media/NFS/ttao/scannet/posed_images/scene0587_01/00123.jpg",
      "transform_matrix": [
        [
          -0.941411,
          0.183413,
          -0.283026,
          3.066229
        ],
        [
          0.336599,
          0.563471,
          -0.754454,
          5.671469
        ],
        [
          0.0211,
          -0.805518,
          -0.592195,
          1.329583
        ],
        [
          0.0,
          0.0,
          0.0,
          1.0
        ]
      ]
    },
    {
      "file_path": "/media/NFS/ttao/scannet/posed_images/scene0587_01/00125.jpg",
      "transform_matrix": [
        [
          -0.953658,
          0.162286,
          -0.253378,
          3.027687
        ],
        [
          0.300245,
          0.568522,
          -0.765921,
          5.670723
        ],
        [
          0.019752,
          -0.806502,
          -0.590901,
          1.333571
        ],
        [
          0.0,
          0.0,
          0.0,
          1.0
        ]
      ]
    },
    {
      "file_path": "/media/NFS/ttao/scannet/posed_images/scene0587_01/00126.jpg",
      "transform_matrix": [
        [
          -0.956776,
          0.154736,
          -0.246244,
          3.010474
        ],
        [
          0.289953,
          0.573076,
          -0.766493,
          5.671885
        ],
        [
          0.022513,
          -0.804761,
          -0.593171,
          1.333316
        ],
        [
          0.0,
          0.0,
          0.0,
          1.0
        ]
      ]
    },
    {
      "file_path": "/media/NFS/ttao/scannet/posed_images/scene0587_01/00128.jpg",
      "transform_matrix": [
        [
          -0.962457,
          0.147214,
          -0.228046,
          2.979417
        ],
        [
          0.27006,
          0.603808,
          -0.749989,
          5.665541
        ],
        [
          0.027287,
          -0.783418,
          -0.620896,
          1.332375
        ],
        [
          0.0,
          0.0,
          0.0,
          1.0
        ]
      ]
    },
    {
      "file_path": "/media/NFS/ttao/scannet/posed_images/scene0587_01/00130.jpg",
      "transform_matrix": [
        [
          -0.977276,
          0.103241,
          -0.185128,
          2.932694
        ],
        [
          0.209771,
          0.596487,
          -0.774725,
          5.652895
        ],
        [
          0.030443,
