{
  "frames": [
    {
      "file_path": "/media/NFS/ttao/scannet/posed_images/scene0692_00/00001.jpg",
      "transform_matrix": [
        [
          -0.239695,
          0.079629,
          0.967577,
          5.358839
        ],
        [
          -0.970647,
          0.000657,
          -0.240509,
          2.927112
        ],
        [
          -0.019788,
          -0.996824,
          0.077134,
          1.527237
        ],
        [
          0.0,
          0.0,
          0.0,
          1.0
        ]
      ]
    },
    {
      "file_path": "/media/NFS/ttao/scannet/posed_images/scene0692_00/00004.jpg",
      "transform_matrix": [
        [
          -0.237153,
          0.057987,
          0.96974,
          5.359818
        ],
        [
          -0.97136,
          0.001046,
          -0.237611,
          2.9292
        ],
        [
          -0.014792,
          -0.998317,
          0.056078,
          1.524095
        ],
        [
          0.0,
          0.0,
          0.0,
          1.0
        ]
      ]
    },
    {
      "file_path": "/media/NFS/ttao/scannet/posed_images/scene0692_00/00008.jpg",
      "transform_matrix": [
        [
          -0.250377,
          0.026073,
          0.967797,
          5.361459
        ],
        [
          -0.968079,
          -0.018708,
          -0.249946,
          2.927549
        ],
        [
          0.011588,
          -0.999485,
          0.029925,
          1.522916
        ],
        [
          0.0,
          0.0,
          0.0,
          1.0
        ]
      ]
    },
    {
      "file_path": "/media/NFS/ttao/scannet/posed_images/scene0692_00/00016.jpg",
      "transform_matrix": [
        [
          -0.284823,
          -0.059558,
          0.956728,
          5.370751
        ],
        [
          -0.955388,
          -0.063755,
          -0.288392,
          2.936169
        ],
        [
          0.078172,
          -0.996187,
          -0.038742,
          1.507141
        ],
        [
          0.0,
          0.0,
          0.0,
          1.0
        ]
      ]
    },
    {
      "file_path": "/media/NFS/ttao/scannet/posed_images/scene0692_00/00018.jpg",
      "transform_matrix": [
        [
          -0.281324,
          -0.051399,
          0.958235,
          5.370499
        ],
        [
          -0.956755,
          -0.061986,
          -0.284214,
          2.937625
        ],
        [
          0.074006,
          -0.996753,
          -0.031738,
          1.513109
        ],
        [
          0.0,
          0.0,
          0.0,
          1.0
        ]
      ]
    },
    {
      "file_path": "/media/NFS/ttao/scannet/posed_images/scene0692_00/00024.jpg",
      "transform_matrix": [
        [
          -0.248476,
          0.012383,
          0.968559,
          5.355935
        ],
        [
          -0.967793,
          -0.044936,
          -0.247705,
          2.927801
        ],
        [
          0.040456,
          -0.998913,
          0.023149,
          1.540144
        ],
        [
          0.0,
          0.0,
          0.0,
          1.0
        ]
      ]
    },
    {
      "file_path": "/media/NFS/ttao/scannet/posed_images/scene0692_00/00028.jpg",
      "transform_matrix": [
        [
          -0.238096,
          0.055095,
          0.969678,
          5.350071
        ],
        [
          -0.970386,
          -0.055391,
          -0.235123,
          2.927221
        ],
        [
          0.040757,
          -0.996944,
          0.066652,
          1.560924
        ],
        [
          0.0,
          0.0,
          0.0,
          1.0
        ]
      ]
    },
    {
      "file_path": "/media/NFS/ttao/scannet/posed_images/scene0692_00/00030.jpg",
      "transform_matrix": [
        [
          -0.239539,
          0.091852,
          0.966532,
          5.346492
        ],
        [
          -0.970458,
          -0.052245,
          -0.235547,
          2.932443
        ],
        [
          0.028861,
          -0.994401,
          0.101653,
          1.570835
        ],
        [
          0.0,
          0.0,
          0.0,
          1.0
        ]
      ]
    },
    {
      "file_path": "/media/NFS/ttao/scannet/posed_images/scene0692_00/00034.jpg",
      "transform_matrix": [
        [
          -0.246307,
          0.163645,
          0.955277,
          5.337332
        ],
        [
          -0.969032,
          -0.05951,
          -0.239659,
          2.937745
        ],
        [
          0.017629,
          -0.984723,
          0.173235,
          1.591244
        ],
        [
          0.0,
          0.0,
          0.0,
          1.0
        ]
      ]
    },
    {
      "file_path": "/media/NFS/ttao/scannet/posed_images/scene0692_00/00042.jpg",
      "transform_matrix": [
        [
          -0.279122,
          0.246396,
          0.928106,
          5.326147
        ],
        [
          -0.960236,
          -0.06536,
          -0.271433,
          2.937092
        ],
        [
          -0.006219,
          -0.966963,
          0.254842,
          1.602687
        ],
        [
          0.0,
          0.0,
          0.0,
          1.0
        ]
      ]
    },
    {
      "file_path": "/media/NFS/ttao/scannet/posed_images/scene0692_00/00046.jpg",
      "transform_matrix": [
        [
          -0.291601,
          0.222604,
          0.930278,
          5.336925
        ],
        [
          -0.956511,
          -0.060208,
          -0.285416,
          2.932739
        ],
        [
          -0.007525,
          -0.973048,
          0.23048,
          1.583674
        ],
        [
          0.0,
          0.0,
          0.0,
          1.0
        ]
      ]
    },
    {
      "file_path": "/media/NFS/ttao/scannet/posed_images/scene0692_00/00047.jpg",
      "transform_matrix": [
        [
          -0.292188,
          0.209235,
          0.933192,
          5.341207
        ],
        [
          -0.956342,
          -0.057817,
          -0.286473,
          2.931451
        ],
        [
          -0.005986,
          -0.976155,
          0.216993,
          1.578821
        ],
        [
          0.0,
          0.0,
          0.0,
          1.0
        ]
      ]
    },
    {
      "file_path": "/media/NFS/ttao/scannet/posed_images/scene0692_00/00055.jpg",
      "transform_matrix": [
        [
          -0.322923,
          0.062167,
          0.944381,
          5.379129
        ],
        [
          -0.946333,
          -0.035141,
          -0.321277,
          2.92431
        ],
        [
          0.013214,
          -0.997447,
          0.070178,
          1.558324
        ],
        [
          0.0,
          0.0,
          0.0,
          1.0
        ]
      ]
    },
    {
      "file_path": "/media/NFS/ttao/scannet/posed_images/scene0692_00/00059.jpg",
      "transform_matrix": [
        [
          -0.33741,
          -0.011213,
          0.941291,
          5.401117
        ],
        [
          -0.941146,
          -0.017188,
          -0.337563,
          2.921937
        ],
        [
          0.019964,
          -0.999789,
          -0.004754,
          1.536241
        ],
        [
          0.0,
          0.0,
          0.0,
          1.0
        ]
      ]
    },
    {
      "file_path": "/media/NFS/ttao/scannet/posed_images/scene0692_00/00061.jpg",
      "transform_matrix": [
        [
          -0.345029,
          -0.06074,
          0.936625,
          5.412671
        ],
        [
          -0.938182,
          -0.007172,
          -0.346068,
          2.919932
        ],
        [
          0.027737,
          -0.998128,
          -0.054511,
          1.515658
        ],
        [
          0.0,
          0.0,
          0.0,
          1.0
        ]
      ]
    },
    {
      "file_path": "/media/NFS/ttao/scannet/posed_images/scene0692_00/00065.jpg",
      "transform_matrix": [
        [
          -0.360819,
          -0.163369,
          0.918216,
          5.438132
        ],
        [
          -0.931631,
          0.017446,
          -0.362987,
          2.91642
        ],
        [
          0.043281,
          -0.986411,
          -0.158494,
          1.476878
        ],
        [
          0.0,
          0.0,
          0.0,
          1.0
        ]
      ]
    },
    {
      "file_path": "/media/NFS/ttao/scannet/posed_images/scene0692_00/00071.jpg",
      "transform_matrix": [
        [
          -0.332853,
          -0.314827,
          0.888872,
          5.479041
        ],
        [
          -0.941285,
          0.054457,
          -0.333192,
          2.917233
        ],
        [
          0.056493,
          -0.947586,
          -0.314468,
          1.432872
        ],
        [
          0.0,
          0.0,
          0.0,
          1.0
        ]
      ]
    },
    {
      "file_path": "/media/NFS/ttao/scannet/posed_images/scene0692_00/00076.jpg",
      "transform_matrix": [
        [
          -0.318393,
          -0.401433,
          0.858765,
          5.50282
        ],
        [
          -0.946735,
          0.088637,
          -0.309574,
          2.93015
        ],
        [
          0.048155,
          -0.911589,
          -0.408273,
          1.379551
        ],
        [
          0.0,
          0.0,
          0.0,
          1.0
        ]
      ]
    },
    {
      "file_path": "/media/NFS/ttao/scannet/posed_images/scene0692_00/00080.jpg",
      "transform_matrix": [
        [
          -0.318882,
          -0.482406,
          0.815843,
          5.529306
        ],
        [
          -0.946172,
          0.111677,
          -0.303788,
          2.948232
        ],
        [
          0.055438,
          -0.8688,
          -0.49205,
          1.326694
        ],
        [
          0.0,
          0.0,
          0.0,
          1.0
        ]
      ]
    },
    {
      "file_path": "/media/NFS/ttao/scannet/posed_images/scene0692_00/00083.jpg",
      "transform_matrix": [
        [
          -0.321054,
          -0.538517,
          0.779053,
          5.548979
        ],
        [
          -0.944513,
          0.121758,
          -0.305076,
          2.96675
        ],
        [
          0.069433,
          -0.833771,
          -0.547726,
          1.2806
        ],
        [
          0.0,
          0.0,
          0.0,
          1.0
        ]
      ]
    },
    {
      "file_path": "/media/NFS/ttao/scannet/posed_images/scene0692_00/00087.jpg",
      "transform_matrix": [
        [
          -0.312126,
          -0.609424,
          0.728821,
          5.582541
        ],
        [
          -0.946823,
          0.136462,
          -0.291382,
          2.976356
        ],
        [
          0.078119,
          -0.781012,
          -0.61961,
          1.230005
        ],
        [
          0.0,
          0.0,
          0.0,
          1.0
        ]
      ]
    },
    {
      "file_path": "/media/NFS/ttao/scannet/posed_images/scene0692_00/00095.jpg",
      "transform_matrix": [
        [
          -0.283733,
          -0.707106,
          0.647685,
          5.668263
        ],
        [
          -0.958172,
          0.182697,
          -0.22029,
          2.986411
        ],
        [
          0.037438,
          -0.683098,
          -0.729367,
          1.120744
        ],
        [
          0.0,
          0.0,
          0.0,
          1.0
        ]
      ]
    },
    {
      "file_path": "/media/NFS/ttao/scannet/posed_images/scene0692_00/00097.jpg",
      "transform_matrix": [
        [
          -0.287788,
          -0.718242,
          0.633487,
          5.701589
        ],
        [
          -0.957239,
          0.195336,
          -0.213395,
          2.98765
        ],
        [
          0.029526,
          -0.667811,
          -0.743745,
          1.11442
        ],
        [
          0.0,
          0.0,
          0.0,
          1.0
        ]
      ]
    },
    {
      "file_path": "/media/NFS/ttao/scannet/posed_images/scene0692_00/00100.jpg",
      "transform_matrix": [
        [
          -0.294694,
          -0.746357,
          0.596747,
          5.754018
        ],
        [
          -0.955287,
          0.214325,
          -0.203694,
          2.990601
        ],
        [
          0.02413,
          -0.630092,
          -0.776146,
          1.127231
        ],
        [
          0.0,
          0.0,
          0.0,
          1.0
        ]
      ]
    },
    {
      "file_path": "/media/NFS/ttao/scannet/posed_images/scene0692_00/00104.jpg",
      "transform_matrix": [
        [
          -0.321276,
          -0.72037,
          0.614693,
          5.818582
        ],
        [
          -0.945936,
          0.21357,
          -0.244117,
          2.984117
        ],
        [
          0.044575,
          -0.659889,
          -0.750039,
          1.16368
        ],
        [
          0.0,
          0.0,
          0.0,
          1.0
        ]
      ]
    },
    {
      "file_path": "/media/NFS/ttao/scannet/posed_images/scene0692_00/00112.jpg",
      "transform_matrix": [
        [
          -0.473034,
          -0.583103,
          0.660477,
          5.930962
        ],
        [
          -0.880933,
          0.301108,
          -0.365091,
          2.960862
        ],
        [
          0.014011,
          -0.754536,
          -0.656109,
          1.267623
        ],
        [
          0.0,
          0.0,
          0.0,
          1.0
        ]
      ]
    },
    {
      "file_path": "/media/NFS/ttao/scannet/posed_images/scene0692_00/00115.jpg",
      "transform_matrix": [
        [
          -0.548779,
          -0.496811,
          0.672324,
          5.97215
        ],
        [
          -0.83591,
          0.335494,
          -0.434394,
          2.969172
        ],
        [
          -0.009749,
          -0.800389,
          -0.599402,
          1.309745
        ],
        [
          0.0,
          0.0,
          0.0,
          1.0
        ]
      ]
    },
    {
      "file_path": "/media/NFS/ttao/scannet/posed_images/scene0692_00/00119.jpg",
      "transform_matrix": [
        [
          -0.641073,
          -0.409794,
          0.648918,
          6.016372
        ],
        [
          -0.766613,
          0.382099,
          -0.516047,
          2.987499
        ],
        [
          -0.036478,
          -0.828293,
          -0.559107,
          1.349162
        ],
        [
          0.0,
          0.0,
          0.0,
          1.0
        ]
      ]
    },
    {
      "file_path": "/media/NFS/ttao/scannet/posed_images/scene0692_00/00125.jpg",
      "transform_matrix": [
        [
          -0.753917,
          -0.289891,
          0.589553,
          6.04731
        ],
        [
          -0.65556,
          0.390708,
          -0.646211,
          3.024054
        ],
        [
          -0.043012,
          -0.873676,
          -0.484602,
          1.385014
        ],
        [
          0.0,
          0.0,
          0.0,
          1.0
        ]
      ]
    },
    {
      "file_path": "/media/NFS/ttao/scannet/posed_images/scene0692_00/00126.jpg",
      "transform_matrix": [
        [
          -0.772636,
          -0.273284,
          0.573017,
          6.04919
        ],
        [
          -0.633304,
          0.39471,
          -0.66568,
          3.022882
        ],
        [
          -0.044256,
          -0.877223,
          -0.478039,
          1.391459
        ],
        [
          0.0,
          0.0,
          0.0,
          1.0
        ]
      ]
    },
    {
      "file_path": "/media/NFS/ttao/scannet/posed_images/scene0692_00/00130.jpg",
      "transform_matrix": [
        [
          -0.827955,
          -0.218943,
          0.516289,
          6.053056
        ],
        [
          -0.559166,
          0.39243,
          -0.730296,
          3.007799
        ],
        [
          -0.042714,
          -0.893344,
          -0.447339,
          1.424157
        ],
        [
          0.0,
          0.0,
          0.0,
          1.0
        ]
      ]
    },
    {
      "file_path": "/media/NFS/ttao/scannet/posed_images/scene0692_00/00136.jpg",
      "transform_matrix": [
        [
          -0.873976,
          -0.143796,
          0.464209,
          6.059825
        ],
        [
          -0.483818,
          0.347246,
          -0.80333,
          3.000164
        ],
        [
          -0.045679,
          -0.926684,
          -0.373056,
          1.458996
        ],
        [
          0.0,
          0.0,
          0.0,
          1.0
        ]
      ]
    },
    {
      "file_path": "/media/NFS/ttao/scannet/posed_images/scene0692_00/00142.jpg",
      "transform_matrix": [
        [
          -0.905035,
          -0.084875,
          0.416783,
          6.074284
        ],
        [
          -0.422833,
          0.285707,
          -0.859991,
          3.010715
        ],
        [
          -0.046086,
          -0.954551,
          -0.294462,
          1.478109
        ],
        [
          0.0,
          0.0,
          0.0,
          1.0
        ]
      ]
    },
    {
      "file_path": "/media/NFS/ttao/scannet/posed_images/scene0692_00/00148.jpg",
      "transform_matrix": [
        [
          -0.963838,
          -0.033385,
          0.264391,
          6.10048
        ],
        [
          -0.264497,
          0.240965,
          -0.933797,
          3.04139
        ],
        [
          -0.032534,
          -0.969959,
          -0.241081,
          1.482691
        ],
        [
          0.0,
          0.0,
          0.0,
          1.0
        ]
      ]
    },
    {
      "file_path": "/media/NFS/ttao/scannet/posed_images/scene0692_00/00149.jpg",
      "transform_matrix": [
        [
          -0.971441,
          -0.021581,
          0.236297,
          6.104863
        ],
        [
          -0.234458,
          0.240451,
          -0.94192,
          3.047778
        ],
        [
          -0.03649,
          -0.970421,
          -0.238644,
          1.481297
        ],
        [
          0.0,
          0.0,
          0.0,
          1.0
        ]
      ]
    },
    {
      "file_path": "/media/NFS/ttao/scannet/posed_images/scene0692_00/00155.jpg",
      "transform_matrix": [
        [
          -0.990865,
          0.075892,
          0.111474,
          6.122289
        ],
        [
          -0.092355,
          0.220467,
          -0.971012,
          3.09899
        ],
        [
          -0.098268,
          -0.972438,
          -0.211444,
          1.480011
        ],
        [
          0.0,
          0.0,
          0.0,
          1.0
        ]
      ]
    },
    {
      "file_path": "/media/NFS/ttao/scannet/posed_images/scene0692_00/00157.jpg",
      "transform_matrix": [
        [
          -0.99258,
          0.092446,
          0.078981,
          6.131208
        ],
        [
          -0.057351,
          0.216813,
          -0.974527,
          3.118848
        ],
        [
          -0.107215,
          -0.971826,
          -0.209902,
          1.47813
        ],
        [
          0.0,
          0.0,
          0.0,
          1.0
        ]
      ]
    },
    {
      "file_path": "/media/NFS/ttao/scannet/posed_images/scene0692_00/00162.jpg",
      "transform_matrix": [
        [
          -0.996185,
          0.087115,
          -0.005235,
          6.151098
        ],
        [
          0.028973,
          0.273539,
          -0.961425,
          3.151033
        ],
        [
          -0.082323,
          -0.957908,
          -0.27502,
          1.462556
        ],
        [
          0.0,
          0.0,
          0.0,
          1.0
        ]
      ]
    },
    {
      "file_path": "/media/NFS/ttao/scannet/posed_images/scene0692_00/00166.jpg",
      "transform_matrix": [
        [
          -0.993831,
          0.091487,
          -0.062689,
          6.152131
        ],
        [
          0.090537,
          0.342807,
          -0.935033,
          3.169912
        ],
        [
          -0.064053,
          -0.93494,
          -0.348976,
          1.427639
        ],
        [
          0.0,
          0.0,
          0.0,
          1.0
        ]
      ]
    },
    {
      "file_path": "/media/NFS/ttao/scannet/posed_images/scene0692_00/00173.jpg",
      "transform_matrix": [
        [
          -0.989461,
          0.106162,
          -0.098475,
          6.124104
        ],
        [
          0.134697,
          0.425202,
          -0.89502,
          3.196427
        ],
        [
          -0.053146,
          -0.898851,
          -0.43502,
          1.359314
        ],
        [
          0.0,
          0.0,
          0.0,
          1.0
        ]
      ]
    },
    {
      "file_path": "/media/NFS/ttao/scannet/posed_images/scene0692_00/00178.jpg",
      "transform_matrix": [
        [
          -0.985835,
          0.118994,
          -0.118197,
          6.114159
        ],
        [
          0.162183,
          0.49676,
          -0.8526,
          3.217647
        ],
        [
          -0.042739,
          -0.859692,
          -0.509022,
          1.313179
        ],
        [
          0.0,
          0.0,
          0.0,
          1.0
        ]
      ]
    },
    {
      "file_path": "/media/NFS/ttao/scannet/posed_images/scene0692_00/00180.jpg",
      "transform_matrix": [
        [
          -0.988286,
          0.118084,
          -0.096687,
          6.093502
        ],
        [
          0.145045,
          0.52964,
          -0.83573,
          3.232608
        ],
        [
          -0.047476,
          -0.839963,
          -0.540563,
          1.296034
        ],
        [
          0.0,
          0.0,
          0.0,
          1.0
        ]
      ]
    },
    {
      "file_path": "/media/NFS/ttao/scannet/posed_images/scene0692_00/00186.jpg",
      "transform_matrix": [
        [
          -0.985283,
          0.146634,
          -0.087838,
          6.090724
        ],
        [
          0.159741,
          0.607041,
          -0.77845,
          3.26897
        ],
        [
          -0.060826,
          -0.781025,
          -0.621531,
          1.227941
        ],
        [
          0.0,
          0.0,
          0.0,
          1.0
        ]
      ]
    },
    {
      "file_path": "/media/NFS/ttao/scannet/posed_images/scene0692_00/00188.jpg",
      "transform_matrix": [
        [
          -0.982428,
          0.165766,
          -0.085775,
          6.09357
        ],
        [
          0.172514,
          0.631081,
          -0.756291,
          3.275292
        ],
        [
          -0.071236,
          -0.757798,
          -0.648588,
          1.21019
        ],
        [
          0.0,
          0.0,
          0.0,
          1.0
        ]
      ]
    },
    {
      "file_path": "/media/NFS/ttao/scannet/posed_images/scene0692_00/00195.jpg",
      "transform_matrix": [
        [
          -0.968316,
          0.234148,
          -0.086821,
          6.088127
        ],
        [
          0.229579,
          0.697857,
          -0.678446,
          3.285702
        ],
        [
          -0.098268,
          -0.676883,
          -0.729502,
          1.160887
        ],
        [
          0.0,
          0.0,
          0.0,
          1.0
        ]
      ]
    },
    {
      "file_path": "/media/NFS/ttao/scannet/posed_images/scene0692_00/00200.jpg",
      "transform_matrix": [
        [
          -0.957341,
          0.25212,
          -0.141186,
          6.099662
        ],
        [
          0.276762,
          0.659563,
          -0.698841,
          3.270533
        ],
        [
          -0.083071,
          -0.708105,
          -0.701204,
          1.200223
        ],
        [
          0.0,
          0.0,
          0.0,
          1.0
        ]
      ]
    },
    {
      "file_path": "/media/NFS/ttao/scannet/posed_images/scene0692_00/00203.jpg",
      "transform_matrix": [
        [
          -0.942353,
          0.273989,
          -0.192096,
          6.101657
        ],
        [
          0.323671,
          0.600703,
          -0.731022,
          3.253661
        ],
        [
          -0.0849,
          -0.751057,
          -0.654756,
          1.237805
        ],
        [
          0.0,
          0.0,
          0.0,
          1.0
        ]
      ]
    },
    {
      "file_path": "/media/NFS/ttao/scannet/posed_images/scene0692_00/00205.jpg",
      "transform_matrix": [
        [
          -0.931996,
          0.280607,
          -0.229442,
          6.108379
        ],
        [
          0.353104,
          0.559909,
          -0.749546,
          3.245959
        ],
        [
          -0.081861,
          -0.779591,
          -0.620916,
          1.256087
        ],
        [
          0.0,
          0.0,
          0.0,
          1.0
        ]
      ]
    },
    {
      "file_path": "/media/NFS/ttao/scannet/posed_images/scene0692_00/00212.jpg",
      "transform_matrix": [
        [
          -0.881296,
          0.322836,
          -0.345099,
          6.115245
        ],
        [
          0.466271,
          0.475268,
          -0.746131,
          3.220889
        ],
        [
          -0.076863,
          -0.818473,
          -0.569381,
          1.307244
        ],
        [
          0.0,
          0.0,
          0.0,
          1.0
        ]
      ]
    },
    {
      "file_path": "/media/NFS/ttao/scannet/posed_images/scene0692_00/00217.jpg",
      "transform_matrix": [
        [
          -0.828929,
          0.3643,
          -0.424455,
          6.115167
        ],
        [
          0.553589,
          0.425649,
          -0.715795,
          3.207211
        ],
        [
          -0.080095,
          -0.828317,
          -0.554505,
          1.328307
        ],
        [
          0.0,
          0.0,
          0.0,
          1.0
        ]
      ]
    },
    {
      "file_path": "/media/NFS/ttao/scannet/posed_images/scene0692_00/00221.jpg",
      "transform_matrix": [
        [
          -0.780602,
          0.38303,
          -0.493912,
          6.109277
        ],
        [
          0.62096,
          0.385238,
          -0.682642,
          3.20605
        ],
        [
          -0.071198,
          -0.839571,
          -0.538564,
          1.332464
        ],
        [
          0.0,
          0.0,
          0.0,
          1.0
        ]
      ]
    },
    {
      "file_path": "/media/NFS/ttao/scannet/posed_images/scene0692_00/00223.jpg",
      "transform_matrix": [
        [
          -0.766414,
          0.381911,
          -0.516483,
          6.105358
        ],
        [
          0.639267,
          0.374834,
          -0.671444,
          3.203572
        ],
        [
          -0.062837,
          -0.844774,
          -0.531421,
          1.332381
        ],
        [
          0.0,
          0.0,
          0.0,
          1.0
        ]
      ]
    },
    {
      "file_path": "/media/NFS/ttao/scannet/posed_images/scene0692_00/00229.jpg",
      "transform_matrix": [
        [
          -0.736161,
          0.362953,
          -0.571256,
          6.080581
        ],
        [
          0.67402,
          0.316632,
          -0.667415,
          3.192805
        ],
        [
          -0.061362,
          -0.876362,
          -0.477729,
          1.34191
        ],
        [
          0.0,
          0.0,
          0.0,
          1.0
        ]
      ]
    },
    {
      "file_path": "/media/NFS/ttao/scannet/posed_images/scene0692_00/00233.jpg",
      "transform_matrix": [
        [
          -0.702699,
          0.357695,
          -0.615035,
          6.042857
        ],
        [
          0.709325,
          0.284864,
          -0.644756,
          3.191616
        ],
        [
          -0.055425,
          -0.889329,
          -0.453896,
          1.346345
        ],
        [
          0.0,
          0.0,
          0.0,
          1.0
        ]
      ]
    },
    {
      "file_path": "/media/NFS/ttao/scannet/posed_images/scene0692_00/00238.jpg",
      "transform_matrix": [
        [
          -0.653817,
          0.391985,
          -0.647202,
          6.013794
        ],
        [
          0.753957,
          0.26536,
          -0.600944,
          3.176902
        ],
        [
          -0.06382,
          -0.88087,
          -0.469037,
          1.333043
        ],
        [
          0.0,
          0.0,
          0.0,
          1.0
        ]
      ]
    },
    {
      "file_path": "/media/NFS/ttao/scannet/posed_images/scene0692_00/00241.jpg",
      "transform_matrix": [
        [
          -0.625608,
          0.411922,
          -0.662522,
          5.995955
        ],
        [
          0.777786,
          0.263457,
          -0.570647,
          3.169737
        ],
        [
          -0.060516,
          -0.872302,
          -0.485208,
          1.313828
        ],
        [
          0.0,
          0.0,
          0.0,
          1.0
        ]
      ]
    },
    {
      "file_path": "/media/NFS/ttao/scannet/posed_images/scene0692_00/00245.jpg",
      "transform_matrix": [
        [
          -0.578345,
          0.46102,
          -0.673036,
          5.980376
        ],
        [
          0.814249,
          0.275496,
          -0.51098,
          3.148457
        ],
        [
          -0.050153,
          -0.843542,
          -0.534716,
          1.297687
        ],
        [
          0.0,
          0.0,
          0.0,
          1.0
        ]
      ]
    },
    {
      "file_path": "/media/NFS/ttao/scannet/posed_images/scene0692_00/00252.jpg",
      "transform_matrix": [
        [
          -0.467073,
          0.526599,
          -0.710307,
          5.978279
        ],
        [
          0.883984,
          0.25959,
          -0.388825,
          3.091879
        ],
        [
          -0.020366,
          -0.80951,
          -0.586753,
          1.265438
        ],
        [
          0.0,
          0.0,
          0.0,
          1.0
        ]
      ]
    },
    {
      "file_path": "/media/NFS/ttao/scannet/posed_images/scene0692_00/00257.jpg",
      "transform_matrix": [
        [
          -0.397184,
          0.585141,
          -0.707004,
          5.976633
        ],
        [
          0.917711,
          0.247219,
          -0.310949,
          3.042652
        ],
        [
          -0.007163,
          -0.77233,
          -0.635182,
          1.234642
        ],
        [
          0.0,
          0.0,
          0.0,
          1.0
        ]
      ]
    },
    {
      "file_path": "/media/NFS/ttao/scannet/posed_images/scene0692_00/00259.jpg",
      "transform_matrix": [
        [
          -0.369657,
          0.604536,
          -0.705614,
          5.973365
        ],
        [
          0.929141,
          0.234639,
          -0.285731,
          3.021824
        ],
        [
          -0.00717,
          -0.761237,
          -0.648435,
          1.231809
        ],
        [
          0.0,
          0.0,
          0.0,
          1.0
        ]
      ]
    },
    {
      "file_path": "/media/NFS/ttao/scannet/posed_images/scene0692_00/00263.jpg",
      "transform_matrix": [
        [
          -0.335826,
          0.633292,
          -0.697253,
          5.974095
        ],
        [
          0.941805,
          0.213968,
          -0.259273,
          2.992448
        ],
        [
          -0.015006,
          -0.743747,
          -0.668293,
          1.234113
        ],
        [
          0.0,
          0.0,
          0.0,
          1.0
        ]
      ]
    },
    {
      "file_path": "/media/NFS/ttao/scannet/posed_images/scene0692_00/00267.jpg",
      "transform_matrix": [
        [
          -0.327017,
          0.631787,
          -0.702784,
          5.966831
        ],
        [
          0.944681,
          0.198669,
          -0.260976,
          2.962736
        ],
        [
          -0.02526,
          -0.74925,
          -0.661805,
          1.250867
        ],
        [
          0.0,
          0.0,
          0.0,
          1.0
        ]
      ]
    },
    {
      "file_path": "/media/NFS/ttao/scannet/posed_images/scene0692_00/00273.jpg",
      "transform_matrix": [
        [
          -0.330061,
          0.598666,
          -0.729835,
          5.94005
        ],
        [
          0.942966,
          0.173632,
          -0.284021,
          2.927567
        ],
        [
          -0.043311,
          -0.781954,
          -0.62183,
          1.280672
        ],
        [
          0.0,
          0.0,
          0.0,
          1.0
        ]
      ]
    },
    {
      "file_path": "/media/NFS/ttao/scannet/posed_images/scene0692_00/00279.jpg",
      "transform_matrix": [
        [
          -0.328428,
          0.54855,
          -0.768914,
          5.893219
        ],
        [
          0.941514,
          0.125134,
          -0.312879,
          2.898811
        ],
        [
          -0.075413,
          -0.826701,
          -0.557565,
          1.313248
        ],
        [
          0.0,
          0.0,
          0.0,
          1.0
        ]
      ]
    },
    {
      "file_path": "/media/NFS/ttao/scannet/posed_images/scene0692_00/00281.jpg",
      "transform_matrix": [
        [
          -0.327729,
          0.530706,
          -0.781629,
          5.886897
        ],
        [
          0.941306,
          0.112622,
          -0.318213,
          2.892622
        ],
        [
          -0.080849,
          -0.84004,
          -0.536466,
          1.319601
        ],
        [
          0.0,
          0.0,
          0.0,
          1.0
        ]
      ]
    },
    {
      "file_path": "/media/NFS/ttao/scannet/posed_images/scene0692_00/00286.jpg",
      "transform_matrix": [
        [
          -0.317726,
          0.488282,
          -0.812792,
          5.851238
        ],
        [
          0.946105,
          0.10655,
          -0.30583,
          2.869273
        ],
        [
          -0.062728,
          -0.866157,
          -0.49582,
          1.338491
        ],
        [
          0.0,
          0.0,
          0.0,
          1.0
        ]
      ]
    },
    {
      "file_path": "/media/NFS/ttao/scannet/posed_images/scene0692_00/00290.jpg",
      "transform_matrix": [
        [
          -0.299253,
          0.463929,
          -0.833797,
          5.822853
        ],
        [
          0.95288,
          0.0998,
          -0.286462,
          2.858114
        ],
        [
          -0.049685,
          -0.880233,
          -0.471934,
          1.34338
        ],
        [
          0.0,
          0.0,
          0.0,
          1.0
        ]
      ]
    },
    {
      "file_path": "/media/NFS/ttao/scannet/posed_images/scene0692_00/00296.jpg",
      "transform_matrix": [
        [
          -0.238418,
          0.476644,
          -0.846149,
          5.78773
        ],
        [
          0.971003,
          0.101197,
          -0.216593,
          2.85709
        ],
        [
          -0.01761,
          -0.873253,
          -0.486949,
          1.344114
        ],
        [
          0.0,
          0.0,
          0.0,
          1.0
        ]
      ]
    },
    {
      "file_path": "/media/NFS/ttao/scannet/posed_images/scene0692_00/00300.jpg",
      "transform_matrix": [
        [
          -0.167986,
          0.480895,
          -0.860535,
          5.766309
        ],
        [
          0.985756,
          0.089084,
          -0.142648,
          2.828094
        ],
        [
          0.008062,
          -0.872241,
          -0.48901,
          1.338313
        ],
        [
          0.0,
          0.0,
          0.0,
          1.0
        ]
      ]
    },
    {
      "file_path": "/media/NFS/ttao/scannet/posed_images/scene0692_00/00306.jpg",
      "transform_matrix": [
        [
          -0.066925,
          0.492436,
          -0.867771,
          5.731446
        ],
        [
          0.997711,
          0.041454,
          -0.053422,
          2.811387
        ],
        [
          0.009666,
          -0.869361,
          -0.494084,
          1.353728
        ],
        [
          0.0,
          0.0,
          0.0,
          1.0
        ]
      ]
    },
    {
      "file_path": "/media/NFS/ttao/scannet/posed_images/scene0692_00/00309.jpg",
      "transform_matrix": [
        [
          -0.010721,
          0.482707,
          -0.875716,
          5.714916
        ],
        [
          0.999787,
          0.020616,
          -0.000876,
          2.784581
        ],
        [
          0.017631,
          -0.875539,
          -0.482825,
          1.361405
        ],
        [
          0.0,
          0.0,
          0.0,
          1.0
        ]
      ]
    },
    {
      "file_path": "/media/NFS/ttao/scannet/posed_images/scene0692_00/00313.jpg",
      "transform_matrix": [
        [
          0.031697,
          0.471897,
          -0.881084,
          5.711926
        ],
        [
          0.999183,
          0.007174,
          0.039788,
          2.762628
        ],
        [
          0.025097,
          -0.881624,
          -0.471284,
          1.358312
        ],
        [
          0.0,
          0.0,
          0.0,
          1.0
        ]
      ]
    },
    {
      "file_path": "/media/NFS/ttao/scannet/posed_images/scene0692_00/00315.jpg",
      "transform_matrix": [
        [
          0.054768,
          0.46986,
          -0.88104,
          5.708453
        ],
        [
          0.998088,
          -0.000441,
          0.061809,
          2.755016
        ],
        [
          0.028653,
          -0.882741,
          -0.468986,
          1.363166
        ],
        [
          0.0,
          0.0,
          0.0,
          1.0
        ]
      ]
    },
    {
      "file_path": "/media/NFS/ttao/scannet/posed_images/scene0692_00/00320.jpg",
      "transform_matrix": [
        [
          0.131703,
          0.467208,
          -0.874283,
          5.703563
        ],
        [
          0.990538,
          -0.027687,
          0.13442,
          2.736522
        ],
        [
          0.038595,
          -0.883714,
          -0.466434,
          1.34526
        ],
        [
          0.0,
          0.0,
          0.0,
          1.0
        ]
      ]
    },
    {
      "file_path": "/media/NFS/ttao/scannet/posed_images/scene0692_00/00327.jpg",
      "transform_matrix": [
        [
          0.238611,
          0.560885,
          -0.792763,
          5.689006
        ],
        [
          0.968577,
          -0.078466,
          0.236014,
          2.720309
        ],
        [
          0.070172,
          -0.824167,
          -0.561983,
          1.266072
        ],
        [
          0.0,
          0.0,
          0.0,
          1.0
        ]
      ]
    },
    {
      "file_path": "/media/NFS/ttao/scannet/posed_images/scene0692_00/00329.jpg",
      "transform_matrix": [
        [
          0.259989,
          0.577856,
          -0.773621,
          5.694778
        ],
        [
          0.962148,
          -0.087224,
          0.258195,
          2.726136
        ],
        [
          0.081721,
          -0.811465,
          -0.578659,
          1.247878
        ],
        [
          0.0,
          0.0,
          0.0,
          1.0
        ]
      ]
    },
    {
      "file_path": "/media/NFS/ttao/scannet/posed_images/scene0692_00/00336.jpg",
      "transform_matrix": [
        [
          0.304223,
          0.648485,
          -0.697793,
          5.726651
        ],
        [
          0.949809,
          -0.150461,
          0.274268,
          2.765754
        ],
        [
          0.072868,
          -0.74621,
          -0.661711,
          1.202429
        ],
        [
          0.0,
          0.0,
          0.0,
          1.0
        ]
      ]
    },
    {
      "file_path": "/media/NFS/ttao/scannet/posed_images/scene0692_00/00340.jpg",
      "transform_matrix": [
        [
          0.314211,
          0.689613,
          -0.652461,
          5.75866
        ],
        [
          0.947107,
          -0.180447,
          0.265384,
          2.792995
        ],
        [
          0.065278,
