{
  "frames": [
    {
      "file_path": "/media/NFS/ttao/scannet/posed_images/scene0611_00/00000.jpg",
      "transform_matrix": [
        [
          0.650815,
          -0.50249,
          0.569161,
          1.337184
        ],
        [
          -0.756456,
          -0.365055,
          0.542687,
          3.523211
        ],
        [
          -0.064919,
          -0.783734,
          -0.617695,
          1.362912
        ],
        [
          0.0,
          0.0,
          0.0,
          1.0
        ]
      ]
    },
    {
      "file_path": "/media/NFS/ttao/scannet/posed_images/scene0611_00/00006.jpg",
      "transform_matrix": [
        [
          0.636101,
          -0.498464,
          0.58899,
          1.348398
        ],
        [
          -0.768985,
          -0.346668,
          0.537107,
          3.519277
        ],
        [
          -0.063545,
          -0.794579,
          -0.603827,
          1.37272
        ],
        [
          0.0,
          0.0,
          0.0,
          1.0
        ]
      ]
    },
    {
      "file_path": "/media/NFS/ttao/scannet/posed_images/scene0611_00/00009.jpg",
      "transform_matrix": [
        [
          0.630894,
          -0.494916,
          0.597521,
          1.354219
        ],
        [
          -0.773697,
          -0.343721,
          0.532212,
          3.516556
        ],
        [
          -0.05802,
          -0.798069,
          -0.599766,
          1.373149
        ],
        [
          0.0,
          0.0,
          0.0,
          1.0
        ]
      ]
    },
    {
      "file_path": "/media/NFS/ttao/scannet/posed_images/scene0611_00/00013.jpg",
      "transform_matrix": [
        [
          0.597519,
          -0.502625,
          0.624771,
          1.347369
        ],
        [
          -0.800374,
          -0.326525,
          0.502774,
          3.519964
        ],
        [
          -0.048703,
          -0.800468,
          -0.597393,
          1.364481
        ],
        [
          0.0,
          0.0,
          0.0,
          1.0
        ]
      ]
    },
    {
      "file_path": "/media/NFS/ttao/scannet/posed_images/scene0611_00/00015.jpg",
      "transform_matrix": [
        [
          0.595428,
          -0.505427,
          0.624507,
          1.362969
        ],
        [
          -0.801534,
          -0.320646,
          0.504706,
          3.522209
        ],
        [
          -0.054846,
          -0.80108,
          -0.596039,
          1.369582
        ],
        [
          0.0,
          0.0,
          0.0,
          1.0
        ]
      ]
    },
    {
      "file_path": "/media/NFS/ttao/scannet/posed_images/scene0611_00/00021.jpg",
      "transform_matrix": [
        [
          0.60005,
          -0.481608,
          0.638744,
          1.384931
        ],
        [
          -0.798061,
          -0.305382,
          0.519461,
          3.523008
        ],
        [
          -0.055116,
          -0.821459,
          -0.567598,
          1.379498
        ],
        [
          0.0,
          0.0,
          0.0,
          1.0
        ]
      ]
    },
    {
      "file_path": "/media/NFS/ttao/scannet/posed_images/scene0611_00/00025.jpg",
      "transform_matrix": [
        [
          0.613675,
          -0.456749,
          0.644037,
          1.406242
        ],
        [
          -0.788265,
          -0.307747,
          0.532852,
          3.5223
        ],
        [
          -0.045179,
          -0.834669,
          -0.548896,
          1.381106
        ],
        [
          0.0,
          0.0,
          0.0,
          1.0
        ]
      ]
    },
    {
      "file_path": "/media/NFS/ttao/scannet/posed_images/scene0611_00/00030.jpg",
      "transform_matrix": [
        [
          0.632576,
          -0.433916,
          0.641533,
          1.436877
        ],
        [
          -0.773686,
          -0.316114,
          0.549074,
          3.532877
        ],
        [
          -0.035455,
          -0.843676,
          -0.535681,
          1.382601
        ],
        [
          0.0,
          0.0,
          0.0,
          1.0
        ]
      ]
    },
    {
      "file_path": "/media/NFS/ttao/scannet/posed_images/scene0611_00/00033.jpg",
      "transform_matrix": [
        [
          0.637062,
          -0.42594,
          0.642439,
          1.450615
        ],
        [
          -0.770299,
          -0.321352,
          0.550793,
          3.541447
        ],
        [
          -0.028156,
          -0.845759,
          -0.532822,
          1.380586
        ],
        [
          0.0,
          0.0,
          0.0,
          1.0
        ]
      ]
    },
    {
      "file_path": "/media/NFS/ttao/scannet/posed_images/scene0611_00/00036.jpg",
      "transform_matrix": [
        [
          0.643529,
          -0.430694,
          0.63275,
          1.468298
        ],
        [
          -0.765134,
          -0.339312,
          0.547208,
          3.569417
        ],
        [
          -0.02098,
          -0.836283,
          -0.547896,
          1.379139
        ],
        [
          0.0,
          0.0,
          0.0,
          1.0
        ]
      ]
    },
    {
      "file_path": "/media/NFS/ttao/scannet/posed_images/scene0611_00/00039.jpg",
      "transform_matrix": [
        [
          0.639088,
          -0.424877,
          0.641129,
          1.483102
        ],
        [
          -0.769023,
          -0.338855,
          0.542016,
          3.602261
        ],
        [
          -0.013041,
          -0.839439,
          -0.543298,
          1.378966
        ],
        [
          0.0,
          0.0,
          0.0,
          1.0
        ]
      ]
    },
    {
      "file_path": "/media/NFS/ttao/scannet/posed_images/scene0611_00/00043.jpg",
      "transform_matrix": [
        [
          0.613182,
          -0.417081,
          0.670859,
          1.496169
        ],
        [
          -0.789916,
          -0.330509,
          0.516523,
          3.662155
        ],
        [
          0.006293,
          -0.846645,
          -0.532121,
          1.379723
        ],
        [
          0.0,
          0.0,
          0.0,
          1.0
        ]
      ]
    },
    {
      "file_path": "/media/NFS/ttao/scannet/posed_images/scene0611_00/00050.jpg",
      "transform_matrix": [
        [
          0.514253,
          -0.42198,
          0.746643,
          1.504771
        ],
        [
          -0.857636,
          -0.251049,
          0.448815,
          3.779287
        ],
        [
          -0.001947,
          -0.871153,
          -0.491008,
          1.380075
        ],
        [
          0.0,
          0.0,
          0.0,
          1.0
        ]
      ]
    },
    {
      "file_path": "/media/NFS/ttao/scannet/posed_images/scene0611_00/00053.jpg",
      "transform_matrix": [
        [
          0.46978,
          -0.44612,
          0.761764,
          1.521549
        ],
        [
          -0.882477,
          -0.214601,
          0.418545,
          3.827905
        ],
        [
          -0.023245,
          -0.868863,
          -0.494506,
          1.384974
        ],
        [
          0.0,
          0.0,
          0.0,
          1.0
        ]
      ]
    },
    {
      "file_path": "/media/NFS/ttao/scannet/posed_images/scene0611_00/00057.jpg",
      "transform_matrix": [
        [
          0.423477,
          -0.4723,
          0.773046,
          1.541215
        ],
        [
          -0.904836,
          -0.179027,
          0.386293,
          3.883895
        ],
        [
          -0.04405,
          -0.863066,
          -0.503167,
          1.387276
        ],
        [
          0.0,
          0.0,
          0.0,
          1.0
        ]
      ]
    },
    {
      "file_path": "/media/NFS/ttao/scannet/posed_images/scene0611_00/00058.jpg",
      "transform_matrix": [
        [
          0.413944,
          -0.475491,
          0.776246,
          1.550634
        ],
        [
          -0.909415,
          -0.178376,
          0.375695,
          3.899259
        ],
        [
          -0.040176,
          -0.861447,
          -0.506256,
          1.387575
        ],
        [
          0.0,
          0.0,
          0.0,
          1.0
        ]
      ]
    },
    {
      "file_path": "/media/NFS/ttao/scannet/posed_images/scene0611_00/00065.jpg",
      "transform_matrix": [
        [
          0.357351,
          -0.461527,
          0.811968,
          1.638325
        ],
        [
          -0.933885,
          -0.164856,
          0.317303,
          4.006508
        ],
        [
          -0.012586,
          -0.871674,
          -0.489925,
          1.386256
        ],
        [
          0.0,
          0.0,
          0.0,
          1.0
        ]
      ]
    },
    {
      "file_path": "/media/NFS/ttao/scannet/posed_images/scene0611_00/00069.jpg",
      "transform_matrix": [
        [
          0.343064,
          -0.456798,
          0.820757,
          1.711688
        ],
        [
          -0.938926,
          -0.141732,
          0.313575,
          4.064115
        ],
        [
          -0.026913,
          -0.878207,
          -0.477523,
          1.391986
        ],
        [
          0.0,
          0.0,
          0.0,
          1.0
        ]
      ]
    },
    {
      "file_path": "/media/NFS/ttao/scannet/posed_images/scene0611_00/00070.jpg",
      "transform_matrix": [
        [
          0.340849,
          -0.457697,
          0.821179,
          1.727346
        ],
        [
          -0.939727,
          -0.140678,
          0.311646,
          4.084138
        ],
        [
          -0.027118,
          -0.877909,
          -0.47806,
          1.39012
        ],
        [
          0.0,
          0.0,
          0.0,
          1.0
        ]
      ]
    },
    {
      "file_path": "/media/NFS/ttao/scannet/posed_images/scene0611_00/00077.jpg",
      "transform_matrix": [
        [
          0.33417,
          -0.425277,
          0.841112,
          1.851627
        ],
        [
          -0.942252,
          -0.129759,
          0.308745,
          4.183303
        ],
        [
          -0.02216,
          -0.895713,
          -0.44408,
          1.388097
        ],
        [
          0.0,
          0.0,
          0.0,
          1.0
        ]
      ]
    },
    {
      "file_path": "/media/NFS/ttao/scannet/posed_images/scene0611_00/00078.jpg",
      "transform_matrix": [
        [
          0.330118,
          -0.432732,
          0.838907,
          1.873462
        ],
        [
          -0.943556,
          -0.125926,
          0.306342,
          4.195361
        ],
        [
          -0.026924,
          -0.892685,
          -0.449878,
          1.393162
        ],
        [
          0.0,
          0.0,
          0.0,
          1.0
        ]
      ]
    },
    {
      "file_path": "/media/NFS/ttao/scannet/posed_images/scene0611_00/00083.jpg",
      "transform_matrix": [
        [
          0.272659,
          -0.409047,
          0.870826,
          1.964947
        ],
        [
          -0.962065,
          -0.107089,
          0.250925,
          4.274829
        ],
        [
          -0.009384,
          -0.906208,
          -0.422728,
          1.392821
        ],
        [
          0.0,
          0.0,
          0.0,
          1.0
        ]
      ]
    },
    {
      "file_path": "/media/NFS/ttao/scannet/posed_images/scene0611_00/00089.jpg",
      "transform_matrix": [
        [
          0.26183,
          -0.446748,
          0.855489,
          2.07032
        ],
        [
          -0.963752,
          -0.073959,
          0.256343,
          4.369556
        ],
        [
          -0.05125,
          -0.891597,
          -0.449919,
          1.390227
        ],
        [
          0.0,
          0.0,
          0.0,
          1.0
        ]
      ]
    },
    {
      "file_path": "/media/NFS/ttao/scannet/posed_images/scene0611_00/00093.jpg",
      "transform_matrix": [
        [
          0.240511,
          -0.461056,
          0.854155,
          2.152502
        ],
        [
          -0.967312,
          -0.040975,
          0.250256,
          4.434995
        ],
        [
          -0.080383,
          -0.886424,
          -0.45584,
          1.397399
        ],
        [
          0.0,
          0.0,
          0.0,
          1.0
        ]
      ]
    },
    {
      "file_path": "/media/NFS/ttao/scannet/posed_images/scene0611_00/00094.jpg",
      "transform_matrix": [
        [
          0.22433,
          -0.46016,
          0.859028,
          2.168453
        ],
        [
          -0.972186,
          -0.044785,
          0.22989,
          4.462185
        ],
        [
          -0.067314,
          -0.886706,
          -0.457407,
          1.38924
        ],
        [
          0.0,
          0.0,
          0.0,
          1.0
        ]
      ]
    },
    {
      "file_path": "/media/NFS/ttao/scannet/posed_images/scene0611_00/00098.jpg",
      "transform_matrix": [
        [
          0.17316,
          -0.430391,
          0.885878,
          2.232548
        ],
        [
          -0.983303,
          -0.024448,
          0.180326,
          4.539299
        ],
        [
          -0.055953,
          -0.902312,
          -0.427438,
          1.394654
        ],
        [
          0.0,
          0.0,
          0.0,
          1.0
        ]
      ]
    },
    {
      "file_path": "/media/NFS/ttao/scannet/posed_images/scene0611_00/00104.jpg",
      "transform_matrix": [
        [
          0.122116,
          -0.464005,
          0.877375,
          2.347867
        ],
        [
          -0.991834,
          -0.024282,
          0.125205,
          4.653244
        ],
        [
          -0.036792,
          -0.8855,
          -0.463181,
          1.390576
        ],
        [
          0.0,
          0.0,
          0.0,
          1.0
        ]
      ]
    },
    {
      "file_path": "/media/NFS/ttao/scannet/posed_images/scene0611_00/00106.jpg",
      "transform_matrix": [
        [
          0.115629,
          -0.469761,
          0.875188,
          2.386766
        ],
        [
          -0.992502,
          -0.019507,
          0.120658,
          4.680198
        ],
        [
          -0.039609,
          -0.882578,
          -0.468495,
          1.386991
        ],
        [
          0.0,
          0.0,
          0.0,
          1.0
        ]
      ]
    },
    {
      "file_path": "/media/NFS/ttao/scannet/posed_images/scene0611_00/00113.jpg",
      "transform_matrix": [
        [
          0.112324,
          -0.464021,
          0.878674,
          2.531356
        ],
        [
          -0.99211,
          -0.002822,
          0.125335,
          4.76298
        ],
        [
          -0.055679,
          -0.88582,
          -0.460677,
          1.379056
        ],
        [
          0.0,
          0.0,
          0.0,
          1.0
        ]
      ]
    },
    {
      "file_path": "/media/NFS/ttao/scannet/posed_images/scene0611_00/00115.jpg",
      "transform_matrix": [
        [
          0.11786,
          -0.495245,
          0.860721,
          2.57445
        ],
        [
          -0.991674,
          -0.013419,
          0.128071,
          4.7919
        ],
        [
          -0.051877,
          -0.86865,
          -0.492703,
          1.380541
        ],
        [
          0.0,
          0.0,
          0.0,
          1.0
        ]
      ]
    },
    {
      "file_path": "/media/NFS/ttao/scannet/posed_images/scene0611_00/00120.jpg",
      "transform_matrix": [
        [
          0.118503,
          -0.513977,
          0.849579,
          2.668061
        ],
        [
          -0.991152,
          -0.009714,
          0.132373,
          4.870551
        ],
        [
          -0.059784,
          -0.857749,
          -0.510581,
          1.396967
        ],
        [
          0.0,
          0.0,
          0.0,
          1.0
        ]
      ]
    },
    {
      "file_path": "/media/NFS/ttao/scannet/posed_images/scene0611_00/00122.jpg",
      "transform_matrix": [
        [
          0.115774,
          -0.528121,
          0.84124,
          2.705827
        ],
        [
          -0.990982,
          -0.003892,
          0.133939,
          4.899694
        ],
        [
          -0.067462,
          -0.84916,
          -0.523809,
          1.405441
        ],
        [
          0.0,
          0.0,
          0.0,
          1.0
        ]
      ]
    },
    {
      "file_path": "/media/NFS/ttao/scannet/posed_images/scene0611_00/00126.jpg",
      "transform_matrix": [
        [
          0.109109,
          -0.52824,
          0.842056,
          2.769348
        ],
        [
          -0.991135,
          0.00679,
          0.132686,
          4.966032
        ],
        [
          -0.075808,
          -0.849068,
          -0.522816,
          1.414986
        ],
        [
          0.0,
          0.0,
          0.0,
          1.0
        ]
      ]
    },
    {
      "file_path": "/media/NFS/ttao/scannet/posed_images/scene0611_00/00133.jpg",
      "transform_matrix": [
        [
          0.061311,
          -0.498687,
          0.864611,
          2.879832
        ],
        [
          -0.994056,
          0.047573,
          0.097929,
          5.059481
        ],
        [
          -0.089968,
          -0.865476,
          -0.492806,
          1.43416
        ],
        [
          0.0,
          0.0,
          0.0,
          1.0
        ]
      ]
    },
    {
      "file_path": "/media/NFS/ttao/scannet/posed_images/scene0611_00/00134.jpg",
      "transform_matrix": [
        [
          0.049213,
          -0.497945,
          0.865811,
          2.895028
        ],
        [
          -0.995157,
          0.049406,
          0.08498,
          5.072937
        ],
        [
          -0.085092,
          -0.8658,
          -0.493102,
          1.431729
        ],
        [
          0.0,
          0.0,
          0.0,
          1.0
        ]
      ]
    },
    {
      "file_path": "/media/NFS/ttao/scannet/posed_images/scene0611_00/00140.jpg",
      "transform_matrix": [
        [
          -0.052153,
          -0.471174,
          0.880497,
          2.99518
        ],
        [
          -0.993936,
          0.109962,
          -2.9e-05,
          5.147881
        ],
        [
          -0.096808,
          -0.875159,
          -0.474051,
          1.454323
        ],
        [
          0.0,
          0.0,
          0.0,
          1.0
        ]
      ]
    },
    {
      "file_path": "/media/NFS/ttao/scannet/posed_images/scene0611_00/00142.jpg",
      "transform_matrix": [
        [
          -0.073289,
          -0.473576,
          0.877698,
          3.026104
        ],
        [
          -0.993431,
          0.112212,
          -0.022407,
          5.160978
        ],
        [
          -0.087877,
          -0.873575,
          -0.47869,
          1.461795
        ],
        [
          0.0,
          0.0,
          0.0,
          1.0
        ]
      ]
    },
    {
      "file_path": "/media/NFS/ttao/scannet/posed_images/scene0611_00/00148.jpg",
      "transform_matrix": [
        [
          -0.138499,
          -0.460503,
          0.876786,
          3.112978
        ],
        [
          -0.985601,
          0.150802,
          -0.076484,
          5.213847
        ],
        [
          -0.097,
          -0.874754,
          -0.474759,
          1.460603
        ],
        [
          0.0,
          0.0,
          0.0,
          1.0
        ]
      ]
    },
    {
      "file_path": "/media/NFS/ttao/scannet/posed_images/scene0611_00/00152.jpg",
      "transform_matrix": [
        [
          -0.173359,
          -0.454345,
          0.873795,
          3.173286
        ],
        [
          -0.978421,
          0.180729,
          -0.100143,
          5.24002
        ],
        [
          -0.112421,
          -0.8723,
          -0.475872,
          1.446787
        ],
        [
          0.0,
          0.0,
          0.0,
          1.0
        ]
      ]
    },
    {
      "file_path": "/media/NFS/ttao/scannet/posed_images/scene0611_00/00153.jpg",
      "transform_matrix": [
        [
          -0.184211,
          -0.45681,
          0.870282,
          3.192344
        ],
        [
          -0.976418,
          0.186465,
          -0.108801,
          5.245618
        ],
        [
          -0.112576,
          -0.869802,
          -0.480386,
          1.445118
        ],
        [
          0.0,
          0.0,
          0.0,
          1.0
        ]
      ]
    },
    {
      "file_path": "/media/NFS/ttao/scannet/posed_images/scene0611_00/00160.jpg",
      "transform_matrix": [
        [
          -0.277086,
          -0.440279,
          0.854036,
          3.337601
        ],
        [
          -0.955325,
          0.221372,
          -0.195825,
          5.256512
        ],
        [
          -0.102843,
          -0.870143,
          -0.481949,
          1.440915
        ],
        [
          0.0,
          0.0,
          0.0,
          1.0
        ]
      ]
    },
    {
      "file_path": "/media/NFS/ttao/scannet/posed_images/scene0611_00/00164.jpg",
      "transform_matrix": [
        [
          -0.332425,
          -0.400952,
          0.853657,
          3.416647
        ],
        [
          -0.937955,
          0.23523,
          -0.254767,
          5.256413
        ],
        [
          -0.098657,
          -0.885383,
          -0.454272,
          1.443718
        ],
        [
          0.0,
          0.0,
          0.0,
          1.0
        ]
      ]
    },
    {
      "file_path": "/media/NFS/ttao/scannet/posed_images/scene0611_00/00165.jpg",
      "transform_matrix": [
        [
          -0.337216,
          -0.39842,
          0.852963,
          3.433155
        ],
        [
          -0.935354,
          0.244541,
          -0.255563,
          5.2541
        ],
        [
          -0.106763,
          -0.884003,
          -0.455127,
          1.44495
        ],
        [
          0.0,
          0.0,
          0.0,
          1.0
        ]
      ]
    },
    {
      "file_path": "/media/NFS/ttao/scannet/posed_images/scene0611_00/00170.jpg",
      "transform_matrix": [
        [
          -0.376307,
          -0.418101,
          0.826791,
          3.510422
        ],
        [
          -0.921281,
          0.263405,
          -0.286111,
          5.24022
        ],
        [
          -0.098157,
          -0.869373,
          -0.48431,
          1.428806
        ],
        [
          0.0,
          0.0,
          0.0,
          1.0
        ]
      ]
    },
    {
      "file_path": "/media/NFS/ttao/scannet/posed_images/scene0611_00/00176.jpg",
      "transform_matrix": [
        [
          -0.437256,
          -0.447276,
          0.780225,
          3.606259
        ],
        [
          -0.893495,
          0.314776,
          -0.320284,
          5.225047
        ],
        [
          -0.102341,
          -0.837174,
          -0.537277,
          1.407543
        ],
        [
          0.0,
          0.0,
          0.0,
          1.0
        ]
      ]
    },
    {
      "file_path": "/media/NFS/ttao/scannet/posed_images/scene0611_00/00179.jpg",
      "transform_matrix": [
        [
          -0.489966,
          -0.438875,
          0.753208,
          3.65754
        ],
        [
          -0.865799,
          0.345706,
          -0.361772,
          5.219641
        ],
        [
          -0.101616,
          -0.829383,
          -0.549362,
          1.398903
        ],
        [
          0.0,
          0.0,
          0.0,
          1.0
        ]
      ]
    },
    {
      "file_path": "/media/NFS/ttao/scannet/posed_images/scene0611_00/00181.jpg",
      "transform_matrix": [
        [
          -0.509027,
          -0.428457,
          0.746536,
          3.683759
        ],
        [
          -0.854153,
          0.358615,
          -0.376587,
          5.208333
        ],
        [
          -0.106367,
          -0.829349,
          -0.548512,
          1.400022
        ],
        [
          0.0,
          0.0,
          0.0,
          1.0
        ]
      ]
    },
    {
      "file_path": "/media/NFS/ttao/scannet/posed_images/scene0611_00/00187.jpg",
      "transform_matrix": [
        [
          -0.586493,
          -0.368351,
          0.721349,
          3.756058
        ],
        [
          -0.801563,
          0.391827,
          -0.451628,
          5.20087
        ],
        [
          -0.116287,
          -0.843083,
          -0.52506,
          1.412039
        ],
        [
          0.0,
          0.0,
          0.0,
          1.0
        ]
      ]
    },
    {
      "file_path": "/media/NFS/ttao/scannet/posed_images/scene0611_00/00192.jpg",
      "transform_matrix": [
        [
          -0.629941,
          -0.368294,
          0.683764,
          3.790938
        ],
        [
          -0.768439,
          0.423198,
          -0.480005,
          5.161155
        ],
        [
          -0.112585,
          -0.827806,
          -0.549602,
          1.401803
        ],
        [
          0.0,
          0.0,
          0.0,
          1.0
        ]
      ]
    },
    {
      "file_path": "/media/NFS/ttao/scannet/posed_images/scene0611_00/00193.jpg",
      "transform_matrix": [
        [
          -0.642555,
          -0.36412,
          0.674196,
          3.801702
        ],
        [
          -0.75826,
          0.428818,
          -0.491078,
          5.155129
        ],
        [
          -0.110296,
          -0.82676,
          -0.551637,
          1.400154
        ],
        [
          0.0,
          0.0,
          0.0,
          1.0
        ]
      ]
    },
    {
      "file_path": "/media/NFS/ttao/scannet/posed_images/scene0611_00/00198.jpg",
      "transform_matrix": [
        [
          -0.718415,
          -0.325297,
          0.614866,
          3.860003
        ],
        [
          -0.687421,
          0.467268,
          -0.555979,
          5.112699
        ],
        [
          -0.106449,
          -0.822096,
          -0.559309,
          1.39535
        ],
        [
          0.0,
          0.0,
          0.0,
          1.0
        ]
      ]
    },
    {
      "file_path": "/media/NFS/ttao/scannet/posed_images/scene0611_00/00200.jpg",
      "transform_matrix": [
        [
          -0.735989,
          -0.320223,
          0.596472,
          3.886968
        ],
        [
          -0.670021,
          0.47067,
          -0.574057,
          5.078951
        ],
        [
          -0.096915,
          -0.822148,
          -0.560964,
          1.400369
        ],
        [
          0.0,
          0.0,
          0.0,
          1.0
        ]
      ]
    },
    {
      "file_path": "/media/NFS/ttao/scannet/posed_images/scene0611_00/00208.jpg",
      "transform_matrix": [
        [
          -0.806346,
          -0.228349,
          0.545585,
          3.998687
        ],
        [
          -0.578864,
          0.493949,
          -0.648792,
          4.979226
        ],
        [
          -0.121341,
          -0.83897,
          -0.530477,
          1.407345
        ],
        [
          0.0,
          0.0,
          0.0,
          1.0
        ]
      ]
    },
    {
      "file_path": "/media/NFS/ttao/scannet/posed_images/scene0611_00/00209.jpg",
      "transform_matrix": [
        [
          -0.818164,
          -0.217989,
          0.53206,
          4.01273
        ],
        [
          -0.562962,
          0.491939,
          -0.664131,
          4.967998
        ],
        [
          -0.116968,
          -0.842898,
          -0.525207,
          1.406681
        ],
        [
          0.0,
          0.0,
          0.0,
          1.0
        ]
      ]
    },
    {
      "file_path": "/media/NFS/ttao/scannet/posed_images/scene0611_00/00213.jpg",
      "transform_matrix": [
        [
          -0.855967,
          -0.197393,
          0.477867,
          4.066551
        ],
        [
          -0.509664,
          0.477598,
          -0.715642,
          4.924587
        ],
        [
          -0.086966,
          -0.856117,
          -0.509412,
          1.411705
        ],
        [
          0.0,
          0.0,
          0.0,
          1.0
        ]
      ]
    },
    {
      "file_path": "/media/NFS/ttao/scannet/posed_images/scene0611_00/00219.jpg",
      "transform_matrix": [
        [
          -0.901485,
          -0.163638,
          0.400685,
          4.124658
        ],
        [
          -0.42546,
          0.504946,
          -0.751008,
          4.857708
        ],
        [
          -0.079431,
          -0.847498,
          -0.524822,
          1.410254
        ],
        [
          0.0,
          0.0,
          0.0,
          1.0
        ]
      ]
    },
    {
      "file_path": "/media/NFS/ttao/scannet/posed_images/scene0611_00/00222.jpg",
      "transform_matrix": [
        [
          -0.917633,
          -0.139268,
          0.372229,
          4.145365
        ],
        [
          -0.387889,
          0.517816,
          -0.762501,
          4.813206
        ],
        [
          -0.086554,
          -0.84408,
          -0.529186,
          1.417498
        ],
        [
          0.0,
          0.0,
          0.0,
          1.0
        ]
      ]
    },
    {
      "file_path": "/media/NFS/ttao/scannet/posed_images/scene0611_00/00224.jpg",
      "transform_matrix": [
        [
          -0.934582,
          -0.11505,
          0.33663,
          4.167198
        ],
        [
          -0.345025,
          0.523714,
          -0.778898,
          4.790844
        ],
        [
          -0.086685,
          -0.84409,
          -0.529149,
          1.415942
        ],
        [
          0.0,
          0.0,
          0.0,
          1.0
        ]
      ]
    },
    {
      "file_path": "/media/NFS/ttao/scannet/posed_images/scene0611_00/00231.jpg",
      "transform_matrix": [
        [
          -0.968093,
          -0.045767,
          0.246377,
          4.210375
        ],
        [
          -0.234098,
          0.515971,
          -0.823997,
          4.707495
        ],
        [
          -0.089412,
          -0.855382,
          -0.510222,
          1.441509
        ],
        [
          0.0,
          0.0,
          0.0,
          1.0
        ]
      ]
    },
    {
      "file_path": "/media/NFS/ttao/scannet/posed_images/scene0611_00/00235.jpg",
      "transform_matrix": [
        [
          -0.980438,
          0.011986,
          0.19646,
          4.241113
        ],
        [
          -0.165793,
          0.487666,
          -0.857143,
          4.673004
        ],
        [
          -0.106081,
          -0.872948,
          -0.476139,
          1.453294
        ],
        [
          0.0,
          0.0,
          0.0,
          1.0
        ]
      ]
    },
    {
      "file_path": "/media/NFS/ttao/scannet/posed_images/scene0611_00/00236.jpg",
      "transform_matrix": [
        [
          -0.982423,
          0.020463,
          0.185543,
          4.247108
        ],
        [
          -0.152151,
          0.488064,
          -0.859444,
          4.663662
        ],
        [
          -0.108143,
          -0.872568,
          -0.476372,
          1.453298
        ],
        [
          0.0,
          0.0,
          0.0,
          1.0
        ]
      ]
    },
    {
      "file_path": "/media/NFS/ttao/scannet/posed_images/scene0611_00/00241.jpg",
      "transform_matrix": [
        [
          -0.99263,
          0.070233,
          0.098751,
          4.265267
        ],
        [
          -0.0524,
          0.486023,
          -0.872374,
          4.595182
        ],
        [
          -0.109265,
          -0.87112,
          -0.478761,
          1.461756
        ],
        [
          0.0,
          0.0,
          0.0,
          1.0
        ]
      ]
    },
    {
      "file_path": "/media/NFS/ttao/scannet/posed_images/scene0611_00/00244.jpg",
      "transform_matrix": [
        [
          -0.994427,
          0.090359,
          0.05432,
          4.269826
        ],
        [
          -0.004047,
          0.482134,
          -0.876088,
          4.553554
        ],
        [
          -0.105352,
          -0.871425,
          -0.479082,
          1.457328
        ],
        [
          0.0,
          0.0,
          0.0,
          1.0
        ]
      ]
    },
    {
      "file_path": "/media/NFS/ttao/scannet/posed_images/scene0611_00/00249.jpg",
      "transform_matrix": [
        [
          -0.988273,
          0.15235,
          -0.010257,
          4.267565
        ],
        [
          0.0826,
          0.476905,
          -0.875065,
          4.464216
        ],
        [
          -0.128425,
          -0.865651,
          -0.483897,
          1.454532
        ],
        [
          0.0,
          0.0,
          0.0,
          1.0
        ]
      ]
    },
    {
      "file_path": "/media/NFS/ttao/scannet/posed_images/scene0611_00/00254.jpg",
      "transform_matrix": [
        [
          -0.980015,
          0.183056,
          -0.077854,
          4.268899
        ],
        [
          0.155507,
          0.460941,
          -0.873699,
          4.372524
        ],
        [
          -0.12405,
          -0.868345,
          -0.480196,
          1.460458
        ],
        [
          0.0,
          0.0,
          0.0,
          1.0
        ]
      ]
    },
    {
      "file_path": "/media/NFS/ttao/scannet/posed_images/scene0611_00/00259.jpg",
      "transform_matrix": [
        [
          -0.973459,
          0.187135,
          -0.13175,
          4.262053
        ],
        [
          0.202502,
          0.436081,
          -0.876827,
          4.292821
        ],
        [
          -0.106632,
          -0.880235,
          -0.462402,
          1.46161
        ],
        [
          0.0,
          0.0,
          0.0,
          1.0
        ]
      ]
    },
    {
      "file_path": "/media/NFS/ttao/scannet/posed_images/scene0611_00/00260.jpg",
      "transform_matrix": [
        [
          -0.970975,
          0.189132,
          -0.146415,
          4.265749
        ],
        [
          0.216579,
          0.435463,
          -0.873765,
          4.275686
        ],
        [
          -0.101499,
          -0.880114,
          -0.463785,
          1.460973
        ],
        [
          0.0,
          0.0,
          0.0,
          1.0
        ]
      ]
    },
    {
      "file_path": "/media/NFS/ttao/scannet/posed_images/scene0611_00/00266.jpg",
      "transform_matrix": [
        [
          -0.956711,
          0.204663,
          -0.206925,
          4.261667
        ],
        [
          0.279983,
          0.453084,
          -0.84636,
          4.18948
        ],
        [
          -0.079464,
          -0.867657,
          -0.490772,
          1.449614
        ],
        [
          0.0,
          0.0,
          0.0,
          1.0
        ]
      ]
    },
    {
      "file_path": "/media/NFS/ttao/scannet/posed_images/scene0611_00/00269.jpg",
      "transform_matrix": [
        [
          -0.944328,
          0.220964,
          -0.243761,
          4.257987
        ],
        [
          0.319889,
          0.443441,
          -0.837276,
          4.144903
        ],
        [
          -0.076915,
          -0.86864,
          -0.489438,
          1.449432
        ],
        [
          0.0,
          0.0,
          0.0,
          1.0
        ]
      ]
    },
    {
      "file_path": "/media/NFS/ttao/scannet/posed_images/scene0611_00/00275.jpg",
      "transform_matrix": [
        [
          -0.905459,
          0.245248,
          -0.346405,
          4.252605
        ],
        [
          0.419122,
          0.387945,
          -0.820874,
          4.058728
        ],
        [
          -0.066932,
          -0.888455,
          -0.454058,
          1.457181
        ],
        [
          0.0,
          0.0,
          0.0,
          1.0
        ]
      ]
    },
    {
      "file_path": "/media/NFS/ttao/scannet/posed_images/scene0611_00/00276.jpg",
      "transform_matrix": [
        [
          -0.896766,
          0.250255,
          -0.364943,
          4.250467
        ],
        [
          0.438039,
          0.38516,
          -0.812265,
          4.04402
        ],
        [
          -0.062712,
          -0.88827,
          -0.45502,
          1.457891
        ],
        [
          0.0,
          0.0,
          0.0,
          1.0
        ]
      ]
    },
    {
      "file_path": "/media/NFS/ttao/scannet/posed_images/scene0611_00/00281.jpg",
      "transform_matrix": [
        [
          -0.8391,
          0.288027,
          -0.461467,
          4.252917
        ],
        [
          0.540162,
          0.340879,
          -0.769433,
          3.977346
        ],
        [
          -0.064314,
          -0.894898,
          -0.441612,
          1.469505
        ],
        [
          0.0,
          0.0,
          0.0,
          1.0
        ]
      ]
    },
    {
      "file_path": "/media/NFS/ttao/scannet/posed_images/scene0611_00/00283.jpg",
      "transform_matrix": [
        [
          -0.818037,
          0.301712,
          -0.489679,
          4.251705
        ],
        [
          0.570408,
          0.316278,
          -0.758026,
          3.960571
        ],
        [
          -0.073831,
          -0.89941,
          -0.430826,
          1.471113
        ],
        [
          0.0,
          0.0,
          0.0,
          1.0
        ]
      ]
    },
    {
      "file_path": "/media/NFS/ttao/scannet/posed_images/scene0611_00/00291.jpg",
      "transform_matrix": [
        [
          -0.724045,
          0.347972,
          -0.595546,
          4.23938
        ],
        [
          0.685481,
          0.267066,
          -0.677342,
          3.910775
        ],
        [
          -0.076646,
          -0.898661,
          -0.431896,
          1.470487
        ],
        [
          0.0,
          0.0,
          0.0,
          1.0
        ]
      ]
    },
    {
      "file_path": "/media/NFS/ttao/scannet/posed_images/scene0611_00/00292.jpg",
      "transform_matrix": [
        [
          -0.712,
          0.354645,
          -0.606039,
          4.240045
        ],
        [
          0.697444,
          0.257108,
          -0.668931,
          3.908778
        ],
        [
          -0.081416,
          -0.898956,
          -0.430406,
          1.467191
        ],
        [
          0.0,
          0.0,
          0.0,
          1.0
        ]
      ]
    },
    {
      "file_path": "/media/NFS/ttao/scannet/posed_images/scene0611_00/00299.jpg",
      "transform_matrix": [
        [
          -0.648081,
          0.374145,
          -0.66333,
          4.23535
        ],
        [
          0.757215,
          0.223539,
          -0.613723,
          3.887669
        ],
        [
          -0.081342,
          -0.900025,
          -0.42818,
          1.474951
        ],
        [
          0.0,
          0.0,
          0.0,
          1.0
        ]
      ]
    },
    {
      "file_path": "/media/NFS/ttao/scannet/posed_images/scene0611_00/00300.jpg",
      "transform_matrix": [
        [
          -0.644031,
          0.37558,
          -0.666456,
          4.224761
        ],
        [
          0.760073,
          0.215446,
          -0.613083,
          3.886548
        ],
        [
          -0.086677,
          -0.9014,
          -0.424223,
          1.473075
        ],
        [
          0.0,
          0.0,
          0.0,
          1.0
        ]
      ]
    },
    {
      "file_path": "/media/NFS/ttao/scannet/posed_images/scene0611_00/00306.jpg",
      "transform_matrix": [
        [
          -0.593614,
          0.380463,
          -0.709133,
          4.211854
        ],
        [
          0.800604,
          0.189873,
          -0.568315,
          3.881238
        ],
        [
