{
  "frames": [
    {
      "file_path": "/media/NFS/ttao/scannet/posed_images/scene0408_01/00000.jpg",
      "transform_matrix": [
        [
          -0.973211,
          -0.143822,
          -0.179374,
          1.987563
        ],
        [
          0.216959,
          -0.316315,
          -0.923512,
          3.380057
        ],
        [
          0.076083,
          -0.937689,
          0.339045,
          1.86674
        ],
        [
          0.0,
          0.0,
          0.0,
          1.0
        ]
      ]
    },
    {
      "file_path": "/media/NFS/ttao/scannet/posed_images/scene0408_01/00006.jpg",
      "transform_matrix": [
        [
          -0.968493,
          -0.147045,
          -0.200996,
          1.974334
        ],
        [
          0.235468,
          -0.277859,
          -0.931316,
          3.37009
        ],
        [
          0.081097,
          -0.949301,
          0.303729,
          1.857586
        ],
        [
          0.0,
          0.0,
          0.0,
          1.0
        ]
      ]
    },
    {
      "file_path": "/media/NFS/ttao/scannet/posed_images/scene0408_01/00007.jpg",
      "transform_matrix": [
        [
          -0.969054,
          -0.142765,
          -0.201378,
          1.971723
        ],
        [
          0.233965,
          -0.271063,
          -0.933694,
          3.36771
        ],
        [
          0.078712,
          -0.951916,
          0.296077,
          1.855865
        ],
        [
          0.0,
          0.0,
          0.0,
          1.0
        ]
      ]
    },
    {
      "file_path": "/media/NFS/ttao/scannet/posed_images/scene0408_01/00014.jpg",
      "transform_matrix": [
        [
          -0.97597,
          -0.118054,
          -0.183154,
          1.950563
        ],
        [
          0.204164,
          -0.201677,
          -0.957937,
          3.347805
        ],
        [
          0.07615,
          -0.972312,
          0.220934,
          1.831093
        ],
        [
          0.0,
          0.0,
          0.0,
          1.0
        ]
      ]
    },
    {
      "file_path": "/media/NFS/ttao/scannet/posed_images/scene0408_01/00015.jpg",
      "transform_matrix": [
        [
          -0.97676,
          -0.112181,
          -0.182634,
          1.947624
        ],
        [
          0.201642,
          -0.192076,
          -0.960441,
          3.343722
        ],
        [
          0.072664,
          -0.974947,
          0.210232,
          1.824641
        ],
        [
          0.0,
          0.0,
          0.0,
          1.0
        ]
      ]
    },
    {
      "file_path": "/media/NFS/ttao/scannet/posed_images/scene0408_01/00021.jpg",
      "transform_matrix": [
        [
          -0.985125,
          -0.067275,
          -0.158121,
          1.928087
        ],
        [
          0.16452,
          -0.103572,
          -0.980921,
          3.318436
        ],
        [
          0.049615,
          -0.992344,
          0.1131,
          1.772121
        ],
        [
          0.0,
          0.0,
          0.0,
          1.0
        ]
      ]
    },
    {
      "file_path": "/media/NFS/ttao/scannet/posed_images/scene0408_01/00025.jpg",
      "transform_matrix": [
        [
          -0.988455,
          -0.040426,
          -0.146021,
          1.908606
        ],
        [
          0.147649,
          -0.040726,
          -0.988201,
          3.299139
        ],
        [
          0.034002,
          -0.998352,
          0.046225,
          1.718624
        ],
        [
          0.0,
          0.0,
          0.0,
          1.0
        ]
      ]
    },
    {
      "file_path": "/media/NFS/ttao/scannet/posed_images/scene0408_01/00028.jpg",
      "transform_matrix": [
        [
          -0.987995,
          -0.03619,
          -0.15019,
          1.896662
        ],
        [
          0.149564,
          0.019448,
          -0.988561,
          3.287281
        ],
        [
          0.038697,
          -0.999156,
          -0.013802,
          1.681169
        ],
        [
          0.0,
          0.0,
          0.0,
          1.0
        ]
      ]
    },
    {
      "file_path": "/media/NFS/ttao/scannet/posed_images/scene0408_01/00031.jpg",
      "transform_matrix": [
        [
          -0.988064,
          -0.039608,
          -0.148864,
          1.875448
        ],
        [
          0.144596,
          0.094744,
          -0.984944,
          3.28083
        ],
        [
          0.053116,
          -0.994713,
          -0.087886,
          1.641781
        ],
        [
          0.0,
          0.0,
          0.0,
          1.0
        ]
      ]
    },
    {
      "file_path": "/media/NFS/ttao/scannet/posed_images/scene0408_01/00035.jpg",
      "transform_matrix": [
        [
          -0.987526,
          -0.033579,
          -0.153833,
          1.86425
        ],
        [
          0.145666,
          0.176083,
          -0.973538,
          3.271807
        ],
        [
          0.059778,
          -0.983802,
          -0.168995,
          1.587647
        ],
        [
          0.0,
          0.0,
          0.0,
          1.0
        ]
      ]
    },
    {
      "file_path": "/media/NFS/ttao/scannet/posed_images/scene0408_01/00038.jpg",
      "transform_matrix": [
        [
          -0.986237,
          -0.030984,
          -0.162409,
          1.859317
        ],
        [
          0.149254,
          0.25577,
          -0.955146,
          3.263353
        ],
        [
          0.071134,
          -0.966241,
          -0.247625,
          1.54753
        ],
        [
          0.0,
          0.0,
          0.0,
          1.0
        ]
      ]
    },
    {
      "file_path": "/media/NFS/ttao/scannet/posed_images/scene0408_01/00042.jpg",
      "transform_matrix": [
        [
          -0.987342,
          -0.00684,
          -0.158457,
          1.849026
        ],
        [
          0.144715,
          0.370007,
          -0.917688,
          3.247154
        ],
        [
          0.064907,
          -0.929004,
          -0.364334,
          1.506647
        ],
        [
          0.0,
          0.0,
          0.0,
          1.0
        ]
      ]
    },
    {
      "file_path": "/media/NFS/ttao/scannet/posed_images/scene0408_01/00045.jpg",
      "transform_matrix": [
        [
          -0.989902,
          0.01007,
          -0.141394,
          1.843238
        ],
        [
          0.133213,
          0.40705,
          -0.903639,
          3.245746
        ],
        [
          0.048455,
          -0.91335,
          -0.404281,
          1.478454
        ],
        [
          0.0,
          0.0,
          0.0,
          1.0
        ]
      ]
    },
    {
      "file_path": "/media/NFS/ttao/scannet/posed_images/scene0408_01/00051.jpg",
      "transform_matrix": [
        [
          -0.99499,
          0.02729,
          -0.096174,
          1.847731
        ],
        [
          0.097768,
          0.46643,
          -0.879138,
          3.245367
        ],
        [
          0.020867,
          -0.884137,
          -0.466762,
          1.4491
        ],
        [
          0.0,
          0.0,
          0.0,
          1.0
        ]
      ]
    },
    {
      "file_path": "/media/NFS/ttao/scannet/posed_images/scene0408_01/00056.jpg",
      "transform_matrix": [
        [
          -0.999318,
          0.008377,
          -0.035952,
          1.861294
        ],
        [
          0.035516,
          0.483775,
          -0.874471,
          3.248143
        ],
        [
          0.010067,
          -0.875152,
          -0.483743,
          1.444922
        ],
        [
          0.0,
          0.0,
          0.0,
          1.0
        ]
      ]
    },
    {
      "file_path": "/media/NFS/ttao/scannet/posed_images/scene0408_01/00057.jpg",
      "transform_matrix": [
        [
          -0.999792,
          -0.001502,
          -0.020362,
          1.866381
        ],
        [
          0.017108,
          0.482673,
          -0.875633,
          3.249146
        ],
        [
          0.011143,
          -0.8758,
          -0.482547,
          1.447803
        ],
        [
          0.0,
          0.0,
          0.0,
          1.0
        ]
      ]
    },
    {
      "file_path": "/media/NFS/ttao/scannet/posed_images/scene0408_01/00064.jpg",
      "transform_matrix": [
        [
          -0.992905,
          -0.069659,
          0.096373,
          1.920009
        ],
        [
          -0.118073,
          0.481441,
          -0.868489,
          3.265232
        ],
        [
          0.0141,
          -0.873706,
          -0.48625,
          1.45721
        ],
        [
          0.0,
          0.0,
          0.0,
          1.0
        ]
      ]
    },
    {
      "file_path": "/media/NFS/ttao/scannet/posed_images/scene0408_01/00065.jpg",
      "transform_matrix": [
        [
          -0.990898,
          -0.078517,
          0.109341,
          1.929713
        ],
        [
          -0.133619,
          0.475251,
          -0.869645,
          3.268179
        ],
        [
          0.016318,
          -0.87634,
          -0.481417,
          1.458309
        ],
        [
          0.0,
          0.0,
          0.0,
          1.0
        ]
      ]
    },
    {
      "file_path": "/media/NFS/ttao/scannet/posed_images/scene0408_01/00072.jpg",
      "transform_matrix": [
        [
          -0.984489,
          -0.097295,
          0.145999,
          2.000249
        ],
        [
          -0.172578,
          0.387118,
          -0.905735,
          3.284618
        ],
        [
          0.031605,
          -0.916883,
          -0.397904,
          1.490297
        ],
        [
          0.0,
          0.0,
          0.0,
          1.0
        ]
      ]
    },
    {
      "file_path": "/media/NFS/ttao/scannet/posed_images/scene0408_01/00075.jpg",
      "transform_matrix": [
        [
          -0.984707,
          -0.09622,
          0.145237,
          2.023952
        ],
        [
          -0.169538,
          0.337307,
          -0.926003,
          3.288205
        ],
        [
          0.04011,
          -0.936464,
          -0.348462,
          1.507478
        ],
        [
          0.0,
          0.0,
          0.0,
          1.0
        ]
      ]
    },
    {
      "file_path": "/media/NFS/ttao/scannet/posed_images/scene0408_01/00079.jpg",
      "transform_matrix": [
        [
          -0.988735,
          -0.087211,
          0.121647,
          2.058307
        ],
        [
          -0.140938,
          0.26878,
          -0.952834,
          3.28757
        ],
        [
          0.050401,
          -0.959245,
          -0.278044,
          1.537701
        ],
        [
          0.0,
          0.0,
          0.0,
          1.0
        ]
      ]
    },
    {
      "file_path": "/media/NFS/ttao/scannet/posed_images/scene0408_01/00080.jpg",
      "transform_matrix": [
        [
          -0.989844,
          -0.079387,
          0.117927,
          2.062311
        ],
        [
          -0.134301,
          0.250228,
          -0.958827,
          3.28721
        ],
        [
          0.04661,
          -0.964927,
          -0.258348,
          1.546394
        ],
        [
          0.0,
          0.0,
          0.0,
          1.0
        ]
      ]
    },
    {
      "file_path": "/media/NFS/ttao/scannet/posed_images/scene0408_01/00086.jpg",
      "transform_matrix": [
        [
          -0.995312,
          -0.069785,
          0.066967,
          2.098059
        ],
        [
          -0.076646,
          0.146795,
          -0.986193,
          3.282175
        ],
        [
          0.058991,
          -0.986702,
          -0.151455,
          1.608851
        ],
        [
          0.0,
          0.0,
          0.0,
          1.0
        ]
      ]
    },
    {
      "file_path": "/media/NFS/ttao/scannet/posed_images/scene0408_01/00090.jpg",
      "transform_matrix": [
        [
          -0.996603,
          -0.073856,
          0.036446,
          2.111786
        ],
        [
          -0.042837,
          0.086881,
          -0.995297,
          3.280718
        ],
        [
          0.070343,
          -0.993477,
          -0.08975,
          1.655514
        ],
        [
          0.0,
          0.0,
          0.0,
          1.0
        ]
      ]
    },
    {
      "file_path": "/media/NFS/ttao/scannet/posed_images/scene0408_01/00093.jpg",
      "transform_matrix": [
        [
          -0.99685,
          -0.075192,
          0.025206,
          2.123475
        ],
        [
          -0.028936,
          0.048941,
          -0.998382,
          3.280857
        ],
        [
          0.073837,
          -0.995967,
          -0.050963,
          1.688278
        ],
        [
          0.0,
          0.0,
          0.0,
          1.0
        ]
      ]
    },
    {
      "file_path": "/media/NFS/ttao/scannet/posed_images/scene0408_01/00096.jpg",
      "transform_matrix": [
        [
          -0.996881,
          -0.076541,
          0.019203,
          2.132462
        ],
        [
          -0.018427,
          -0.010825,
          -0.999772,
          3.282858
        ],
        [
          0.076732,
          -0.997008,
          0.009381,
          1.719666
        ],
        [
          0.0,
          0.0,
          0.0,
          1.0
        ]
      ]
    },
    {
      "file_path": "/media/NFS/ttao/scannet/posed_images/scene0408_01/00100.jpg",
      "transform_matrix": [
        [
          -0.997161,
          -0.069949,
          0.027885,
          2.142613
        ],
        [
          -0.023438,
          -0.06361,
          -0.997699,
          3.283199
        ],
        [
          0.071562,
          -0.99552,
          0.06179,
          1.752742
        ],
        [
          0.0,
          0.0,
          0.0,
          1.0
        ]
      ]
    },
    {
      "file_path": "/media/NFS/ttao/scannet/posed_images/scene0408_01/00103.jpg",
      "transform_matrix": [
        [
          -0.997348,
          -0.057058,
          0.045183,
          2.145507
        ],
        [
          -0.038342,
          -0.115765,
          -0.992536,
          3.282727
        ],
        [
          0.061862,
          -0.991636,
          0.113271,
          1.77303
        ],
        [
          0.0,
          0.0,
          0.0,
          1.0
        ]
      ]
    },
    {
      "file_path": "/media/NFS/ttao/scannet/posed_images/scene0408_01/00109.jpg",
      "transform_matrix": [
        [
          -0.993093,
          -0.03468,
          0.112091,
          2.139214
        ],
        [
          -0.102868,
          -0.202186,
          -0.973929,
          3.267209
        ],
        [
          0.056439,
          -0.978733,
          0.197222,
          1.797359
        ],
        [
          0.0,
          0.0,
          0.0,
          1.0
        ]
      ]
    },
    {
      "file_path": "/media/NFS/ttao/scannet/posed_images/scene0408_01/00113.jpg",
      "transform_matrix": [
        [
          -0.988739,
          -0.02277,
          0.147908,
          2.141479
        ],
        [
          -0.138849,
          -0.229097,
          -0.96345,
          3.24969
        ],
        [
          0.055823,
          -0.973137,
          0.223356,
          1.818566
        ],
        [
          0.0,
          0.0,
          0.0,
          1.0
        ]
      ]
    },
    {
      "file_path": "/media/NFS/ttao/scannet/posed_images/scene0408_01/00118.jpg",
      "transform_matrix": [
        [
          -0.975965,
          -0.031667,
          0.215615,
          2.142689
        ],
        [
          -0.201208,
          -0.249119,
          -0.947341,
          3.228535
        ],
        [
          0.083714,
          -0.967955,
          0.23676,
          1.822949
        ],
        [
          0.0,
          0.0,
          0.0,
          1.0
        ]
      ]
    },
    {
      "file_path": "/media/NFS/ttao/scannet/posed_images/scene0408_01/00119.jpg",
      "transform_matrix": [
        [
          -0.97272,
          -0.035102,
          0.229312,
          2.142398
        ],
        [
          -0.213601,
          -0.250111,
          -0.944362,
          3.224294
        ],
        [
          0.090502,
          -0.967581,
          0.23579,
          1.820972
        ],
        [
          0.0,
          0.0,
          0.0,
          1.0
        ]
      ]
    },
    {
      "file_path": "/media/NFS/ttao/scannet/posed_images/scene0408_01/00123.jpg",
      "transform_matrix": [
        [
          -0.958263,
          -0.036219,
          0.283585,
          2.145777
        ],
        [
          -0.26778,
          -0.233717,
          -0.934703,
          3.208406
        ],
        [
          0.100133,
          -0.97163,
          0.214263,
          1.81487
        ],
        [
          0.0,
          0.0,
          0.0,
          1.0
        ]
      ]
    },
    {
      "file_path": "/media/NFS/ttao/scannet/posed_images/scene0408_01/00126.jpg",
      "transform_matrix": [
        [
          -0.947296,
          -0.028188,
          0.319118,
          2.144885
        ],
        [
          -0.305651,
          -0.218853,
          -0.92665,
          3.196242
        ],
        [
          0.09596,
          -0.975351,
          0.198703,
          1.804155
        ],
        [
          0.0,
          0.0,
          0.0,
          1.0
        ]
      ]
    },
    {
      "file_path": "/media/NFS/ttao/scannet/posed_images/scene0408_01/00133.jpg",
      "transform_matrix": [
        [
          -0.916763,
          -0.050939,
          0.39617,
          2.150567
        ],
        [
          -0.387452,
          -0.127671,
          -0.913006,
          3.161291
        ],
        [
          0.097087,
          -0.990508,
          0.097307,
          1.761293
        ],
        [
          0.0,
          0.0,
          0.0,
          1.0
        ]
      ]
    },
    {
      "file_path": "/media/NFS/ttao/scannet/posed_images/scene0408_01/00134.jpg",
      "transform_matrix": [
        [
          -0.91399,
          -0.053159,
          0.402239,
          2.149996
        ],
        [
          -0.394745,
          -0.112684,
          -0.911854,
          3.157045
        ],
        [
          0.093799,
          -0.992208,
          0.082008,
          1.757215
        ],
        [
          0.0,
          0.0,
          0.0,
          1.0
        ]
      ]
    },
    {
      "file_path": "/media/NFS/ttao/scannet/posed_images/scene0408_01/00141.jpg",
      "transform_matrix": [
        [
          -0.89098,
          -0.099913,
          0.442914,
          2.143356
        ],
        [
          -0.444445,
          -0.007598,
          -0.895774,
          3.128453
        ],
        [
          0.092864,
          -0.994967,
          -0.037636,
          1.7006
        ],
        [
          0.0,
          0.0,
          0.0,
          1.0
        ]
      ]
    },
    {
      "file_path": "/media/NFS/ttao/scannet/posed_images/scene0408_01/00142.jpg",
      "transform_matrix": [
        [
          -0.890632,
          -0.105035,
          0.442427,
          2.143144
        ],
        [
          -0.445098,
          0.002236,
          -0.895479,
          3.124973
        ],
        [
          0.093067,
          -0.994466,
          -0.048743,
          1.690242
        ],
        [
          0.0,
          0.0,
          0.0,
          1.0
        ]
      ]
    },
    {
      "file_path": "/media/NFS/ttao/scannet/posed_images/scene0408_01/00146.jpg",
      "transform_matrix": [
        [
          -0.888905,
          -0.122531,
          0.4414,
          2.139108
        ],
        [
          -0.450165,
          0.055188,
          -0.891238,
          3.11096
        ],
        [
          0.084844,
          -0.990929,
          -0.104216,
          1.64803
        ],
        [
          0.0,
          0.0,
          0.0,
          1.0
        ]
      ]
    },
    {
      "file_path": "/media/NFS/ttao/scannet/posed_images/scene0408_01/00152.jpg",
      "transform_matrix": [
        [
          -0.895242,
          -0.167925,
          0.412726,
          2.13684
        ],
        [
          -0.438587,
          0.168638,
          -0.882724,
          3.093322
        ],
        [
          0.078629,
          -0.971268,
          -0.224622,
          1.578087
        ],
        [
          0.0,
          0.0,
          0.0,
          1.0
        ]
      ]
    },
    {
      "file_path": "/media/NFS/ttao/scannet/posed_images/scene0408_01/00156.jpg",
      "transform_matrix": [
        [
          -0.89078,
          -0.18412,
          0.415464,
          2.13366
        ],
        [
          -0.44941,
          0.221341,
          -0.86547,
          3.089411
        ],
        [
          0.067391,
          -0.957657,
          -0.279912,
          1.544383
        ],
        [
          0.0,
          0.0,
          0.0,
          1.0
        ]
      ]
    },
    {
      "file_path": "/media/NFS/ttao/scannet/posed_images/scene0408_01/00157.jpg",
      "transform_matrix": [
        [
          -0.890683,
          -0.188113,
          0.413881,
          2.132062
        ],
        [
          -0.449922,
          0.23413,
          -0.861831,
          3.088917
        ],
        [
          0.06522,
          -0.953833,
          -0.293171,
          1.534708
        ],
        [
          0.0,
          0.0,
          0.0,
          1.0
        ]
      ]
    },
    {
      "file_path": "/media/NFS/ttao/scannet/posed_images/scene0408_01/00164.jpg",
      "transform_matrix": [
        [
          -0.882376,
          -0.237497,
          0.406212,
          2.134667
        ],
        [
          -0.465713,
          0.317374,
          -0.826066,
          3.07011
        ],
        [
          0.067267,
          -0.918079,
          -0.390649,
          1.472413
        ],
        [
          0.0,
          0.0,
          0.0,
          1.0
        ]
      ]
    },
    {
      "file_path": "/media/NFS/ttao/scannet/posed_images/scene0408_01/00167.jpg",
      "transform_matrix": [
        [
          -0.878709,
          -0.249846,
          0.406753,
          2.135995
        ],
        [
          -0.473139,
          0.342799,
          -0.811559,
          3.051198
        ],
        [
          0.06333,
          -0.905575,
          -0.419432,
          1.453032
        ],
        [
          0.0,
          0.0,
          0.0,
          1.0
        ]
      ]
    },
    {
      "file_path": "/media/NFS/ttao/scannet/posed_images/scene0408_01/00169.jpg",
      "transform_matrix": [
        [
          -0.875674,
          -0.247774,
          0.414492,
          2.137273
        ],
        [
          -0.479785,
          0.349012,
          -0.804983,
          3.03573
        ],
        [
          0.054791,
          -0.903769,
          -0.424499,
          1.443228
        ],
        [
          0.0,
          0.0,
          0.0,
          1.0
        ]
      ]
    },
    {
      "file_path": "/media/NFS/ttao/scannet/posed_images/scene0408_01/00175.jpg",
      "transform_matrix": [
        [
          -0.838212,
          -0.299638,
          0.455651,
          2.142901
        ],
        [
          -0.542754,
          0.377017,
          -0.750517,
          2.988607
        ],
        [
          0.053095,
          -0.876399,
          -0.47865,
          1.414783
        ],
        [
          0.0,
          0.0,
          0.0,
          1.0
        ]
      ]
    },
    {
      "file_path": "/media/NFS/ttao/scannet/posed_images/scene0408_01/00178.jpg",
      "transform_matrix": [
        [
          -0.818305,
          -0.314674,
          0.480996,
          2.143874
        ],
        [
          -0.572414,
          0.370225,
          -0.731625,
          2.970823
        ],
        [
          0.052147,
          -0.874022,
          -0.48308,
          1.401499
        ],
        [
          0.0,
          0.0,
          0.0,
          1.0
        ]
      ]
    },
    {
      "file_path": "/media/NFS/ttao/scannet/posed_images/scene0408_01/00180.jpg",
      "transform_matrix": [
        [
          -0.80203,
          -0.330942,
          0.497218,
          2.153395
        ],
        [
          -0.59496,
          0.36929,
          -0.713896,
          2.956244
        ],
        [
          0.05264,
          -0.868391,
          -0.493079,
          1.399994
        ],
        [
          0.0,
          0.0,
          0.0,
          1.0
        ]
      ]
    },
    {
      "file_path": "/media/NFS/ttao/scannet/posed_images/scene0408_01/00187.jpg",
      "transform_matrix": [
        [
          -0.762223,
          -0.358364,
          0.539065,
          2.197215
        ],
        [
          -0.644471,
          0.342162,
          -0.683799,
          2.9329
        ],
        [
          0.060601,
          -0.86862,
          -0.491759,
          1.403301
        ],
        [
          0.0,
          0.0,
          0.0,
          1.0
        ]
      ]
    },
    {
      "file_path": "/media/NFS/ttao/scannet/posed_images/scene0408_01/00189.jpg",
      "transform_matrix": [
        [
          -0.75971,
          -0.350052,
          0.548,
          2.21197
        ],
        [
          -0.647856,
          0.335026,
          -0.684135,
          2.924902
        ],
        [
          0.055889,
          -0.874769,
          -0.481306,
          1.411357
        ],
        [
          0.0,
          0.0,
          0.0,
          1.0
        ]
      ]
    },
    {
      "file_path": "/media/NFS/ttao/scannet/posed_images/scene0408_01/00194.jpg",
      "transform_matrix": [
        [
          -0.758126,
          -0.309486,
          0.573989,
          2.252008
        ],
        [
          -0.650108,
          0.289818,
          -0.702399,
          2.914274
        ],
        [
          0.05103,
          -0.905662,
          -0.420918,
          1.43348
        ],
        [
          0.0,
          0.0,
          0.0,
          1.0
        ]
      ]
    },
    {
      "file_path": "/media/NFS/ttao/scannet/posed_images/scene0408_01/00199.jpg",
      "transform_matrix": [
        [
          -0.772208,
          -0.275827,
          0.572377,
          2.315761
        ],
        [
          -0.632552,
          0.248991,
          -0.733404,
          2.9154
        ],
        [
          0.059776,
          -0.928398,
          -0.366747,
          1.463743
        ],
        [
          0.0,
          0.0,
          0.0,
          1.0
        ]
      ]
    },
    {
      "file_path": "/media/NFS/ttao/scannet/posed_images/scene0408_01/00200.jpg",
      "transform_matrix": [
        [
          -0.776274,
          -0.268315,
          0.570444,
          2.327577
        ],
        [
          -0.62738,
          0.240416,
          -0.740671,
          2.914515
        ],
        [
          0.06159,
          -0.932849,
          -0.354964,
          1.472006
        ],
        [
          0.0,
          0.0,
          0.0,
          1.0
        ]
      ]
    },
    {
      "file_path": "/media/NFS/ttao/scannet/posed_images/scene0408_01/00206.jpg",
      "transform_matrix": [
        [
          -0.783487,
          -0.213721,
          0.583499,
          2.394425
        ],
        [
          -0.619359,
          0.192382,
          -0.761172,
          2.920319
        ],
        [
          0.050423,
          -0.957764,
          -0.283099,
          1.519883
        ],
        [
          0.0,
          0.0,
          0.0,
          1.0
        ]
      ]
    },
    {
      "file_path": "/media/NFS/ttao/scannet/posed_images/scene0408_01/00211.jpg",
      "transform_matrix": [
        [
          -0.790567,
          -0.192347,
          0.581383,
          2.437945
        ],
        [
          -0.609417,
          0.153905,
          -0.777769,
          2.925072
        ],
        [
          0.060124,
          -0.969183,
          -0.238891,
          1.549552
        ],
        [
          0.0,
          0.0,
          0.0,
          1.0
        ]
      ]
    },
    {
      "file_path": "/media/NFS/ttao/scannet/posed_images/scene0408_01/00214.jpg",
      "transform_matrix": [
        [
          -0.795087,
          -0.183866,
          0.577953,
          2.462798
        ],
        [
          -0.602659,
          0.132496,
          -0.786923,
          2.919859
        ],
        [
          0.068112,
          -0.973981,
          -0.216154,
          1.569017
        ],
        [
          0.0,
          0.0,
          0.0,
          1.0
        ]
      ]
    },
    {
      "file_path": "/media/NFS/ttao/scannet/posed_images/scene0408_01/00215.jpg",
      "transform_matrix": [
        [
          -0.796931,
          -0.181345,
          0.576208,
          2.471098
        ],
        [
          -0.599958,
          0.126498,
          -0.789967,
          2.917287
        ],
        [
          0.070367,
          -0.97525,
          -0.20961,
          1.576876
        ],
        [
          0.0,
          0.0,
          0.0,
          1.0
        ]
      ]
    },
    {
      "file_path": "/media/NFS/ttao/scannet/posed_images/scene0408_01/00222.jpg",
      "transform_matrix": [
        [
          -0.790171,
          -0.151155,
          0.593955,
          2.514494
        ],
        [
          -0.606551,
          0.053879,
          -0.793217,
          2.888566
        ],
        [
          0.087897,
          -0.987041,
          -0.134257,
          1.619696
        ],
        [
          0.0,
          0.0,
          0.0,
          1.0
        ]
      ]
    },
    {
      "file_path": "/media/NFS/ttao/scannet/posed_images/scene0408_01/00226.jpg",
      "transform_matrix": [
        [
          -0.793071,
          -0.120662,
          0.597058,
          2.541438
        ],
        [
          -0.602973,
          0.016509,
          -0.797591,
          2.863081
        ],
        [
          0.086381,
          -0.992557,
          -0.085849,
          1.650263
        ],
        [
          0.0,
          0.0,
          0.0,
          1.0
        ]
      ]
    },
    {
      "file_path": "/media/NFS/ttao/scannet/posed_images/scene0408_01/00227.jpg",
      "transform_matrix": [
        [
          -0.793673,
          -0.11352,
          0.597659,
          2.546792
        ],
        [
          -0.60219,
          0.007217,
          -0.79832,
          2.856087
        ],
        [
          0.086312,
          -0.99351,
          -0.074089,
          1.658355
        ],
        [
          0.0,
          0.0,
          0.0,
          1.0
        ]
      ]
    },
    {
      "file_path": "/media/NFS/ttao/scannet/posed_images/scene0408_01/00234.jpg",
      "transform_matrix": [
        [
          -0.777493,
          -0.018542,
          0.628618,
          2.572919
        ],
        [
          -0.625253,
          -0.084584,
          -0.775825,
          2.813871
        ],
        [
          0.067556,
          -0.996244,
          0.05417,
          1.706699
        ],
        [
          0.0,
          0.0,
          0.0,
          1.0
        ]
      ]
    },
    {
      "file_path": "/media/NFS/ttao/scannet/posed_images/scene0408_01/00237.jpg",
      "transform_matrix": [
        [
          -0.772442,
          0.018086,
          0.634828,
          2.582083
        ],
        [
          -0.631924,
          -0.121507,
          -0.765446,
          2.798555
        ],
        [
          0.063292,
          -0.992426,
          0.105286,
          1.727232
        ],
        [
          0.0,
          0.0,
          0.0,
          1.0
        ]
      ]
    },
    {
      "file_path": "/media/NFS/ttao/scannet/posed_images/scene0408_01/00239.jpg",
      "transform_matrix": [
        [
          -0.771861,
          0.034211,
          0.634871,
          2.58962
        ],
        [
          -0.632888,
          -0.136665,
          -0.762086,
          2.787779
        ],
        [
          0.060693,
          -0.990027,
          0.127138,
          1.738555
        ],
        [
          0.0,
          0.0,
          0.0,
          1.0
        ]
      ]
    },
    {
      "file_path": "/media/NFS/ttao/scannet/posed_images/scene0408_01/00242.jpg",
      "transform_matrix": [
        [
          -0.777264,
          0.041508,
          0.627804,
          2.603367
        ],
        [
          -0.625884,
          -0.152924,
          -0.764776,
          2.770903
        ],
        [
          0.064262,
          -0.987366,
          0.144841,
          1.76195
        ],
        [
          0.0,
          0.0,
          0.0,
          1.0
        ]
      ]
    },
    {
      "file_path": "/media/NFS/ttao/scannet/posed_images/scene0408_01/00249.jpg",
      "transform_matrix": [
        [
          -0.769487,
          0.039348,
          0.637449,
          2.669624
        ],
        [
          -0.633237,
          -0.176823,
          -0.753488,
          2.740316
        ],
        [
          0.083067,
          -0.983456,
          0.16098,
          1.782519
        ],
        [
          0.0,
          0.0,
          0.0,
          1.0
        ]
      ]
    },
    {
      "file_path": "/media/NFS/ttao/scannet/posed_images/scene0408_01/00252.jpg",
      "transform_matrix": [
        [
          -0.768081,
          0.029957,
          0.639651,
          2.706832
        ],
        [
          -0.634173,
          -0.174026,
          -0.753352,
          2.726863
        ],
        [
          0.088747,
          -0.984285,
          0.152664,
          1.783079
        ],
        [
          0.0,
          0.0,
          0.0,
          1.0
        ]
      ]
    },
    {
      "file_path": "/media/NFS/ttao/scannet/posed_images/scene0408_01/00256.jpg",
      "transform_matrix": [
        [
          -0.775253,
          0.023754,
          0.631204,
          2.757211
        ],
        [
          -0.625573,
          -0.167166,
          -0.762046,
          2.713706
        ],
        [
          0.087414,
          -0.985643,
          0.144456,
          1.784719
        ],
        [
          0.0,
          0.0,
          0.0,
          1.0
        ]
      ]
    },
    {
      "file_path": "/media/NFS/ttao/scannet/posed_images/scene0408_01/00258.jpg",
      "transform_matrix": [
        [
          -0.781214,
          0.02927,
          0.623576,
          2.78129
        ],
        [
          -0.618816,
          -0.167974,
          -0.767366,
          2.707992
        ],
        [
          0.082284,
          -0.985357,
          0.149337,
          1.783177
        ],
        [
          0.0,
          0.0,
          0.0,
          1.0
        ]
      ]
    },
    {
      "file_path": "/media/NFS/ttao/scannet/posed_images/scene0408_01/00263.jpg",
      "transform_matrix": [
        [
          -0.800674,
          0.012876,
          0.598962,
          2.845938
        ],
        [
          -0.593997,
          -0.147271,
          -0.790872,
          2.689535
        ],
        [
          0.078026,
          -0.989012,
          0.125565,
          1.772487
        ],
        [
          0.0,
          0.0,
          0.0,
          1.0
        ]
      ]
    },
    {
      "file_path": "/media/NFS/ttao/scannet/posed_images/scene0408_01/00265.jpg",
      "transform_matrix": [
        [
          -0.802987,
          0.01176,
          0.59588,
          2.866493
        ],
        [
          -0.591713,
          -0.135379,
          -0.7947,
          2.681025
        ],
        [
          0.071324,
          -0.990724,
          0.115666,
          1.769918
        ],
        [
          0.0,
          0.0,
          0.0,
          1.0
        ]
      ]
    },
    {
      "file_path": "/media/NFS/ttao/scannet/posed_images/scene0408_01/00271.jpg",
      "transform_matrix": [
        [
          -0.78476,
          -0.015571,
          0.619605,
          2.926357
        ],
        [
          -0.615789,
          -0.093952,
          -0.782289,
          2.644388
        ],
        [
          0.070394,
          -0.995455,
          0.064141,
          1.744209
        ],
        [
          0.0,
          0.0,
          0.0,
          1.0
        ]
      ]
    },
    {
      "file_path": "/media/NFS/ttao/scannet/posed_images/scene0408_01/00273.jpg",
      "transform_matrix": [
        [
          -0.780582,
          -0.026093,
          0.624509,
          2.946812
        ],
        [
          -0.621533,
          -0.073493,
          -0.779933,
          2.626971
        ],
        [
          0.066247,
          -0.996955,
          0.04115,
          1.735657
        ],
        [
          0.0,
          0.0,
          0.0,
          1.0
        ]
      ]
    },
    {
      "file_path": "/media/NFS/ttao/scannet/posed_images/scene0408_01/00280.jpg",
      "transform_matrix": [
        [
          -0.74925,
          -0.05848,
          0.6597,
          3.009256
        ],
        [
          -0.660593,
          -0.0052,
          -0.750726,
          2.537219
        ],
        [
          0.047333,
          -0.998275,
          -0.034735,
          1.689614
        ],
        [
          0.0,
          0.0,
          0.0,
          1.0
        ]
      ]
    },
    {
      "file_path": "/media/NFS/ttao/scannet/posed_images/scene0408_01/00281.jpg",
      "transform_matrix": [
        [
          -0.745481,
          -0.061681,
          0.663667,
          3.01709
        ],
        [
          -0.665088,
          0.003452,
          -0.746757,
          2.523182
        ],
        [
          0.043769,
          -0.99809,
          -0.043597,
          1.682615
        ],
        [
          0.0,
          0.0,
          0.0,
          1.0
        ]
      ]
    },
    {
      "file_path": "/media/NFS/ttao/scannet/posed_images/scene0408_01/00286.jpg",
      "transform_matrix": [
        [
          -0.722835,
          -0.087509,
          0.685457,
          3.04981
        ],
        [
          -0.690563,
          0.055419,
          -0.721145,
          2.456527
        ],
        [
          0.025119,
          -0.994621,
          -0.100489,
          1.648265
        ],
        [
          0.0,
          0.0,
          0.0,
          1.0
        ]
      ]
    },
    {
      "file_path": "/media/NFS/ttao/scannet/posed_images/scene0408_01/00289.jpg",
      "transform_matrix": [
        [
          -0.707749,
          -0.105826,
          0.698492,
          3.064777
        ],
        [
          -0.706111,
          0.074736,
          -0.704146,
          2.421317
        ],
        [
          0.022314,
          -0.991572,
          -0.127619,
          1.623777
        ],
        [
          0.0,
          0.0,
          0.0,
          1.0
        ]
      ]
    },
    {
      "file_path": "/media/NFS/ttao/scannet/posed_images/scene0408_01/00295.jpg",
      "transform_matrix": [
        [
          -0.683155,
          -0.174796,
          0.709046,
          3.089554
        ],
        [
          -0.728765,
          0.100788,
          -0.677306,
          2.36368
        ],
        [
          0.046927,
          -0.979433,
          -0.196239,
          1.567452
        ],
        [
          0.0,
          0.0,
          0.0,
          1.0
        ]
      ]
    },
    {
      "file_path": "/media/NFS/ttao/scannet/posed_images/scene0408_01/00297.jpg",
      "transform_matrix": [
        [
          -0.680454,
          -0.204183,
          0.703769,
          3.097408
        ],
        [
          -0.730676,
          0.116143,
          -0.672773,
          2.346896
        ],
        [
          0.055631,
          -0.972019,
