{
  "frames": [
    {
      "file_path": "/media/NFS/ttao/scannet/posed_images/scene0168_00/00000.jpg",
      "transform_matrix": [
        [
          0.725417,
          0.297171,
          -0.620854,
          3.434752
        ],
        [
          0.687848,
          -0.279954,
          0.669695,
          3.057745
        ],
        [
          0.025203,
          -0.912861,
          -0.407492,
          1.556519
        ],
        [
          0.0,
          0.0,
          0.0,
          1.0
        ]
      ]
    },
    {
      "file_path": "/media/NFS/ttao/scannet/posed_images/scene0168_00/00004.jpg",
      "transform_matrix": [
        [
          0.715824,
          0.307759,
          -0.626802,
          3.42786
        ],
        [
          0.697706,
          -0.278807,
          0.659904,
          3.050569
        ],
        [
          0.028335,
          -0.909698,
          -0.414302,
          1.552797
        ],
        [
          0.0,
          0.0,
          0.0,
          1.0
        ]
      ]
    },
    {
      "file_path": "/media/NFS/ttao/scannet/posed_images/scene0168_00/00008.jpg",
      "transform_matrix": [
        [
          0.701566,
          0.307979,
          -0.642616,
          3.424388
        ],
        [
          0.71193,
          -0.263685,
          0.650865,
          3.044163
        ],
        [
          0.031005,
          -0.914122,
          -0.404252,
          1.555927
        ],
        [
          0.0,
          0.0,
          0.0,
          1.0
        ]
      ]
    },
    {
      "file_path": "/media/NFS/ttao/scannet/posed_images/scene0168_00/00013.jpg",
      "transform_matrix": [
        [
          0.670774,
          0.306927,
          -0.675172,
          3.401354
        ],
        [
          0.740846,
          -0.234611,
          0.629369,
          3.028923
        ],
        [
          0.034767,
          -0.922363,
          -0.384756,
          1.582609
        ],
        [
          0.0,
          0.0,
          0.0,
          1.0
        ]
      ]
    },
    {
      "file_path": "/media/NFS/ttao/scannet/posed_images/scene0168_00/00016.jpg",
      "transform_matrix": [
        [
          0.653891,
          0.294821,
          -0.696783,
          3.388375
        ],
        [
          0.755579,
          -0.206909,
          0.621521,
          3.01729
        ],
        [
          0.039067,
          -0.932882,
          -0.358057,
          1.594547
        ],
        [
          0.0,
          0.0,
          0.0,
          1.0
        ]
      ]
    },
    {
      "file_path": "/media/NFS/ttao/scannet/posed_images/scene0168_00/00019.jpg",
      "transform_matrix": [
        [
          0.638452,
          0.264734,
          -0.7227,
          3.373589
        ],
        [
          0.768881,
          -0.177102,
          0.614375,
          3.007671
        ],
        [
          0.034654,
          -0.947919,
          -0.31662,
          1.619331
        ],
        [
          0.0,
          0.0,
          0.0,
          1.0
        ]
      ]
    },
    {
      "file_path": "/media/NFS/ttao/scannet/posed_images/scene0168_00/00024.jpg",
      "transform_matrix": [
        [
          0.611723,
          0.197016,
          -0.766146,
          3.368159
        ],
        [
          0.790513,
          -0.115847,
          0.601389,
          2.99163
        ],
        [
          0.029728,
          -0.973532,
          -0.22661,
          1.638933
        ],
        [
          0.0,
          0.0,
          0.0,
          1.0
        ]
      ]
    },
    {
      "file_path": "/media/NFS/ttao/scannet/posed_images/scene0168_00/00030.jpg",
      "transform_matrix": [
        [
          0.575845,
          0.116897,
          -0.809159,
          3.367241
        ],
        [
          0.817323,
          -0.058561,
          0.573196,
          2.941545
        ],
        [
          0.01962,
          -0.991416,
          -0.129265,
          1.681492
        ],
        [
          0.0,
          0.0,
          0.0,
          1.0
        ]
      ]
    },
    {
      "file_path": "/media/NFS/ttao/scannet/posed_images/scene0168_00/00034.jpg",
      "transform_matrix": [
        [
          0.555199,
          0.080888,
          -0.827775,
          3.374429
        ],
        [
          0.831597,
          -0.037044,
          0.554143,
          2.933381
        ],
        [
          0.01416,
          -0.996035,
          -0.087833,
          1.719002
        ],
        [
          0.0,
          0.0,
          0.0,
          1.0
        ]
      ]
    },
    {
      "file_path": "/media/NFS/ttao/scannet/posed_images/scene0168_00/00039.jpg",
      "transform_matrix": [
        [
          0.537597,
          0.042814,
          -0.842115,
          3.384625
        ],
        [
          0.843147,
          -0.015868,
          0.537449,
          2.926824
        ],
        [
          0.009648,
          -0.998957,
          -0.044629,
          1.742671
        ],
        [
          0.0,
          0.0,
          0.0,
          1.0
        ]
      ]
    },
    {
      "file_path": "/media/NFS/ttao/scannet/posed_images/scene0168_00/00042.jpg",
      "transform_matrix": [
        [
          0.532984,
          0.022234,
          -0.845833,
          3.388408
        ],
        [
          0.846077,
          -0.003336,
          0.53305,
          2.907602
        ],
        [
          0.00903,
          -0.999747,
          -0.02059,
          1.735409
        ],
        [
          0.0,
          0.0,
          0.0,
          1.0
        ]
      ]
    },
    {
      "file_path": "/media/NFS/ttao/scannet/posed_images/scene0168_00/00044.jpg",
      "transform_matrix": [
        [
          0.527427,
          0.008764,
          -0.849555,
          3.391851
        ],
        [
          0.849546,
          0.005887,
          0.527482,
          2.901759
        ],
        [
          0.009624,
          -0.999944,
          -0.00434,
          1.741332
        ],
        [
          0.0,
          0.0,
          0.0,
          1.0
        ]
      ]
    },
    {
      "file_path": "/media/NFS/ttao/scannet/posed_images/scene0168_00/00048.jpg",
      "transform_matrix": [
        [
          0.515005,
          -0.004777,
          -0.857174,
          3.397145
        ],
        [
          0.857133,
          0.014117,
          0.514902,
          2.889158
        ],
        [
          0.009642,
          -0.999889,
          0.011365,
          1.741637
        ],
        [
          0.0,
          0.0,
          0.0,
          1.0
        ]
      ]
    },
    {
      "file_path": "/media/NFS/ttao/scannet/posed_images/scene0168_00/00052.jpg",
      "transform_matrix": [
        [
          0.487194,
          -0.003833,
          -0.873285,
          3.403464
        ],
        [
          0.873277,
          0.008315,
          0.487153,
          2.873616
        ],
        [
          0.005394,
          -0.999958,
          0.007398,
          1.732403
        ],
        [
          0.0,
          0.0,
          0.0,
          1.0
        ]
      ]
    },
    {
      "file_path": "/media/NFS/ttao/scannet/posed_images/scene0168_00/00056.jpg",
      "transform_matrix": [
        [
          0.440625,
          0.022019,
          -0.897421,
          3.398782
        ],
        [
          0.897684,
          -0.006843,
          0.440587,
          2.857325
        ],
        [
          0.00356,
          -0.999734,
          -0.022782,
          1.719052
        ],
        [
          0.0,
          0.0,
          0.0,
          1.0
        ]
      ]
    },
    {
      "file_path": "/media/NFS/ttao/scannet/posed_images/scene0168_00/00063.jpg",
      "transform_matrix": [
        [
          0.359789,
          0.098016,
          -0.927871,
          3.378289
        ],
        [
          0.932718,
          -0.063668,
          0.354943,
          2.835791
        ],
        [
          -0.024285,
          -0.993146,
          -0.114328,
          1.682607
        ],
        [
          0.0,
          0.0,
          0.0,
          1.0
        ]
      ]
    },
    {
      "file_path": "/media/NFS/ttao/scannet/posed_images/scene0168_00/00067.jpg",
      "transform_matrix": [
        [
          0.325204,
          0.150368,
          -0.933612,
          3.356116
        ],
        [
          0.945054,
          -0.086551,
          0.31525,
          2.819177
        ],
        [
          -0.033401,
          -0.984834,
          -0.170253,
          1.648145
        ],
        [
          0.0,
          0.0,
          0.0,
          1.0
        ]
      ]
    },
    {
      "file_path": "/media/NFS/ttao/scannet/posed_images/scene0168_00/00070.jpg",
      "transform_matrix": [
        [
          0.30834,
          0.202752,
          -0.929418,
          3.34073
        ],
        [
          0.950829,
          -0.095644,
          0.294578,
          2.804566
        ],
        [
          -0.029167,
          -0.974548,
          -0.222273,
          1.658804
        ],
        [
          0.0,
          0.0,
          0.0,
          1.0
        ]
      ]
    },
    {
      "file_path": "/media/NFS/ttao/scannet/posed_images/scene0168_00/00073.jpg",
      "transform_matrix": [
        [
          0.304709,
          0.233131,
          -0.923473,
          3.329401
        ],
        [
          0.952242,
          -0.094591,
          0.290322,
          2.781759
        ],
        [
          -0.019669,
          -0.967834,
          -0.25082,
          1.629412
        ],
        [
          0.0,
          0.0,
          0.0,
          1.0
        ]
      ]
    },
    {
      "file_path": "/media/NFS/ttao/scannet/posed_images/scene0168_00/00077.jpg",
      "transform_matrix": [
        [
          0.300048,
          0.291016,
          -0.90845,
          3.311409
        ],
        [
          0.95392,
          -0.094365,
          0.284837,
          2.76209
        ],
        [
          -0.002834,
          -0.952053,
          -0.30592,
          1.598035
        ],
        [
          0.0,
          0.0,
          0.0,
          1.0
        ]
      ]
    },
    {
      "file_path": "/media/NFS/ttao/scannet/posed_images/scene0168_00/00080.jpg",
      "transform_matrix": [
        [
          0.310719,
          0.341512,
          -0.887031,
          3.294272
        ],
        [
          0.95033,
          -0.09389,
          0.296744,
          2.749562
        ],
        [
          0.018059,
          -0.935176,
          -0.353722,
          1.592662
        ],
        [
          0.0,
          0.0,
          0.0,
          1.0
        ]
      ]
    },
    {
      "file_path": "/media/NFS/ttao/scannet/posed_images/scene0168_00/00087.jpg",
      "transform_matrix": [
        [
          0.390339,
          0.409254,
          -0.82471,
          3.25032
        ],
        [
          0.919571,
          -0.129525,
          0.370962,
          2.702628
        ],
        [
          0.044997,
          -0.90318,
          -0.426896,
          1.543093
        ],
        [
          0.0,
          0.0,
          0.0,
          1.0
        ]
      ]
    },
    {
      "file_path": "/media/NFS/ttao/scannet/posed_images/scene0168_00/00091.jpg",
      "transform_matrix": [
        [
          0.449657,
          0.414392,
          -0.791257,
          3.220464
        ],
        [
          0.892381,
          -0.170449,
          0.417857,
          2.668847
        ],
        [
          0.038288,
          -0.893995,
          -0.446439,
          1.52813
        ],
        [
          0.0,
          0.0,
          0.0,
          1.0
        ]
      ]
    },
    {
      "file_path": "/media/NFS/ttao/scannet/posed_images/scene0168_00/00094.jpg",
      "transform_matrix": [
        [
          0.500745,
          0.431056,
          -0.75063,
          3.197745
        ],
        [
          0.864271,
          -0.201045,
          0.461103,
          2.633638
        ],
        [
          0.04785,
          -0.879643,
          -0.473222,
          1.509116
        ],
        [
          0.0,
          0.0,
          0.0,
          1.0
        ]
      ]
    },
    {
      "file_path": "/media/NFS/ttao/scannet/posed_images/scene0168_00/00096.jpg",
      "transform_matrix": [
        [
          0.521805,
          0.436559,
          -0.732896,
          3.186905
        ],
        [
          0.851205,
          -0.209744,
          0.481101,
          2.616182
        ],
        [
          0.056308,
          -0.874885,
          -0.481047,
          1.503028
        ],
        [
          0.0,
          0.0,
          0.0,
          1.0
        ]
      ]
    },
    {
      "file_path": "/media/NFS/ttao/scannet/posed_images/scene0168_00/00103.jpg",
      "transform_matrix": [
        [
          0.603897,
          0.437854,
          -0.666027,
          3.169796
        ],
        [
          0.795813,
          -0.284447,
          0.534577,
          2.578129
        ],
        [
          0.044617,
          -0.852862,
          -0.520226,
          1.464422
        ],
        [
          0.0,
          0.0,
          0.0,
          1.0
        ]
      ]
    },
    {
      "file_path": "/media/NFS/ttao/scannet/posed_images/scene0168_00/00106.jpg",
      "transform_matrix": [
        [
          0.644867,
          0.432442,
          -0.630191,
          3.159861
        ],
        [
          0.763193,
          -0.32007,
          0.56133,
          2.575349
        ],
        [
          0.041037,
          -0.842941,
          -0.536439,
          1.456806
        ],
        [
          0.0,
          0.0,
          0.0,
          1.0
        ]
      ]
    },
    {
      "file_path": "/media/NFS/ttao/scannet/posed_images/scene0168_00/00111.jpg",
      "transform_matrix": [
        [
          0.689558,
          0.42905,
          -0.583461,
          3.150407
        ],
        [
          0.722072,
          -0.345132,
          0.59958,
          2.594723
        ],
        [
          0.055879,
          -0.834745,
          -0.547793,
          1.445272
        ],
        [
          0.0,
          0.0,
          0.0,
          1.0
        ]
      ]
    },
    {
      "file_path": "/media/NFS/ttao/scannet/posed_images/scene0168_00/00113.jpg",
      "transform_matrix": [
        [
          0.709243,
          0.419672,
          -0.566436,
          3.149003
        ],
        [
          0.702846,
          -0.358708,
          0.614277,
          2.603593
        ],
        [
          0.05461,
          -0.833789,
          -0.549376,
          1.438369
        ],
        [
          0.0,
          0.0,
          0.0,
          1.0
        ]
      ]
    },
    {
      "file_path": "/media/NFS/ttao/scannet/posed_images/scene0168_00/00116.jpg",
      "transform_matrix": [
        [
          0.744473,
          0.39958,
          -0.53488,
          3.144963
        ],
        [
          0.666033,
          -0.388698,
          0.636643,
          2.630599
        ],
        [
          0.046482,
          -0.830211,
          -0.555508,
          1.434241
        ],
        [
          0.0,
          0.0,
          0.0,
          1.0
        ]
      ]
    },
    {
      "file_path": "/media/NFS/ttao/scannet/posed_images/scene0168_00/00122.jpg",
      "transform_matrix": [
        [
          0.840963,
          0.314319,
          -0.440438,
          3.138064
        ],
        [
          0.540051,
          -0.437076,
          0.719242,
          2.715393
        ],
        [
          0.033567,
          -0.842715,
          -0.537313,
          1.428519
        ],
        [
          0.0,
          0.0,
          0.0,
          1.0
        ]
      ]
    },
    {
      "file_path": "/media/NFS/ttao/scannet/posed_images/scene0168_00/00125.jpg",
      "transform_matrix": [
        [
          0.879092,
          0.260756,
          -0.399004,
          3.136387
        ],
        [
          0.476268,
          -0.446897,
          0.757266,
          2.744417
        ],
        [
          0.019148,
          -0.855739,
          -0.517053,
          1.430259
        ],
        [
          0.0,
          0.0,
          0.0,
          1.0
        ]
      ]
    },
    {
      "file_path": "/media/NFS/ttao/scannet/posed_images/scene0168_00/00131.jpg",
      "transform_matrix": [
        [
          0.945171,
          0.186178,
          -0.26831,
          3.1382
        ],
        [
          0.325472,
          -0.469463,
          0.820776,
          2.797438
        ],
        [
          0.026849,
          -0.8631,
          -0.504318,
          1.441724
        ],
        [
          0.0,
          0.0,
          0.0,
          1.0
        ]
      ]
    },
    {
      "file_path": "/media/NFS/ttao/scannet/posed_images/scene0168_00/00136.jpg",
      "transform_matrix": [
        [
          0.983568,
          0.121997,
          -0.133078,
          3.132571
        ],
        [
          0.175318,
          -0.46949,
          0.865357,
          2.821053
        ],
        [
          0.043093,
          -0.874469,
          -0.483164,
          1.442028
        ],
        [
          0.0,
          0.0,
          0.0,
          1.0
        ]
      ]
    },
    {
      "file_path": "/media/NFS/ttao/scannet/posed_images/scene0168_00/00139.jpg",
      "transform_matrix": [
        [
          0.99683,
          0.070631,
          -0.03661,
          3.135735
        ],
        [
          0.06635,
          -0.484203,
          0.872436,
          2.833453
        ],
        [
          0.043894,
          -0.8721,
          -0.487355,
          1.447783
        ],
        [
          0.0,
          0.0,
          0.0,
          1.0
        ]
      ]
    },
    {
      "file_path": "/media/NFS/ttao/scannet/posed_images/scene0168_00/00140.jpg",
      "transform_matrix": [
        [
          0.997986,
          0.062163,
          -0.012662,
          3.125076
        ],
        [
          0.041181,
          -0.482971,
          0.874668,
          2.830707
        ],
        [
          0.048257,
          -0.873427,
          -0.484558,
          1.447537
        ],
        [
          0.0,
          0.0,
          0.0,
          1.0
        ]
      ]
    },
    {
      "file_path": "/media/NFS/ttao/scannet/posed_images/scene0168_00/00144.jpg",
      "transform_matrix": [
        [
          0.998124,
          0.014658,
          0.059441,
          3.130599
        ],
        [
          -0.044306,
          -0.497096,
          0.866564,
          2.835461
        ],
        [
          0.04225,
          -0.867572,
          -0.495514,
          1.45116
        ],
        [
          0.0,
          0.0,
          0.0,
          1.0
        ]
      ]
    },
    {
      "file_path": "/media/NFS/ttao/scannet/posed_images/scene0168_00/00151.jpg",
      "transform_matrix": [
        [
          0.982619,
          -0.053044,
          0.177893,
          3.156282
        ],
        [
          -0.179998,
          -0.50659,
          0.843189,
          2.836309
        ],
        [
          0.045392,
          -0.860554,
          -0.507333,
          1.454382
        ],
        [
          0.0,
          0.0,
          0.0,
          1.0
        ]
      ]
    },
    {
      "file_path": "/media/NFS/ttao/scannet/posed_images/scene0168_00/00152.jpg",
      "transform_matrix": [
        [
          0.979274,
          -0.058492,
          0.19391,
          3.162528
        ],
        [
          -0.196605,
          -0.504574,
          0.840685,
          2.835334
        ],
        [
          0.048668,
          -0.861385,
          -0.505616,
          1.454836
        ],
        [
          0.0,
          0.0,
          0.0,
          1.0
        ]
      ]
    },
    {
      "file_path": "/media/NFS/ttao/scannet/posed_images/scene0168_00/00159.jpg",
      "transform_matrix": [
        [
          0.959758,
          -0.093955,
          0.264645,
          3.213398
        ],
        [
          -0.27795,
          -0.452371,
          0.84741,
          2.821591
        ],
        [
          0.040099,
          -0.886867,
          -0.460282,
          1.475109
        ],
        [
          0.0,
          0.0,
          0.0,
          1.0
        ]
      ]
    },
    {
      "file_path": "/media/NFS/ttao/scannet/posed_images/scene0168_00/00161.jpg",
      "transform_matrix": [
        [
          0.952992,
          -0.096466,
          0.287229,
          3.231561
        ],
        [
          -0.299167,
          -0.449793,
          0.841538,
          2.818234
        ],
        [
          0.048014,
          -0.887908,
          -0.457509,
          1.475968
        ],
        [
          0.0,
          0.0,
          0.0,
          1.0
        ]
      ]
    },
    {
      "file_path": "/media/NFS/ttao/scannet/posed_images/scene0168_00/00167.jpg",
      "transform_matrix": [
        [
          0.923974,
          -0.119359,
          0.363352,
          3.311
        ],
        [
          -0.37894,
          -0.414215,
          0.827545,
          2.79042
        ],
        [
          0.051731,
          -0.902319,
          -0.427954,
          1.50545
        ],
        [
          0.0,
          0.0,
          0.0,
          1.0
        ]
      ]
    },
    {
      "file_path": "/media/NFS/ttao/scannet/posed_images/scene0168_00/00168.jpg",
      "transform_matrix": [
        [
          0.919445,
          -0.122777,
          0.373561,
          3.326596
        ],
        [
          -0.390088,
          -0.404458,
          0.827191,
          2.783347
        ],
        [
          0.049529,
          -0.906278,
          -0.41977,
          1.505809
        ],
        [
          0.0,
          0.0,
          0.0,
          1.0
        ]
      ]
    },
    {
      "file_path": "/media/NFS/ttao/scannet/posed_images/scene0168_00/00175.jpg",
      "transform_matrix": [
        [
          0.88623,
          -0.149257,
          0.438542,
          3.425187
        ],
        [
          -0.462049,
          -0.352803,
          0.813659,
          2.735315
        ],
        [
          0.033274,
          -0.923717,
          -0.381629,
          1.548615
        ],
        [
          0.0,
          0.0,
          0.0,
          1.0
        ]
      ]
    },
    {
      "file_path": "/media/NFS/ttao/scannet/posed_images/scene0168_00/00179.jpg",
      "transform_matrix": [
        [
          0.859246,
          -0.154597,
          0.487644,
          3.488875
        ],
        [
          -0.51046,
          -0.321662,
          0.797474,
          2.694834
        ],
        [
          0.033569,
          -0.934149,
          -0.355302,
          1.559754
        ],
        [
          0.0,
          0.0,
          0.0,
          1.0
        ]
      ]
    },
    {
      "file_path": "/media/NFS/ttao/scannet/posed_images/scene0168_00/00184.jpg",
      "transform_matrix": [
        [
          0.836968,
          -0.162406,
          0.522598,
          3.519919
        ],
        [
          -0.546348,
          -0.302829,
          0.780896,
          2.656724
        ],
        [
          0.031435,
          -0.939105,
          -0.342188,
          1.549956
        ],
        [
          0.0,
          0.0,
          0.0,
          1.0
        ]
      ]
    },
    {
      "file_path": "/media/NFS/ttao/scannet/posed_images/scene0168_00/00188.jpg",
      "transform_matrix": [
        [
          0.816535,
          -0.174682,
          0.550233,
          3.537849
        ],
        [
          -0.576432,
          -0.298798,
          0.760556,
          2.633069
        ],
        [
          0.031553,
          -0.938193,
          -0.344671,
          1.546115
        ],
        [
          0.0,
          0.0,
          0.0,
          1.0
        ]
      ]
    },
    {
      "file_path": "/media/NFS/ttao/scannet/posed_images/scene0168_00/00189.jpg",
      "transform_matrix": [
        [
          0.812124,
          -0.178175,
          0.555615,
          3.542246
        ],
        [
          -0.582723,
          -0.296315,
          0.756724,
          2.624909
        ],
        [
          0.029808,
          -0.938324,
          -0.344471,
          1.542437
        ],
        [
          0.0,
          0.0,
          0.0,
          1.0
        ]
      ]
    },
    {
      "file_path": "/media/NFS/ttao/scannet/posed_images/scene0168_00/00196.jpg",
      "transform_matrix": [
        [
          0.779834,
          -0.223375,
          0.584776,
          3.542966
        ],
        [
          -0.625712,
          -0.305811,
          0.71761,
          2.590654
        ],
        [
          0.018535,
          -0.925518,
          -0.37825,
          1.498854
        ],
        [
          0.0,
          0.0,
          0.0,
          1.0
        ]
      ]
    },
    {
      "file_path": "/media/NFS/ttao/scannet/posed_images/scene0168_00/00200.jpg",
      "transform_matrix": [
        [
          0.778842,
          -0.254108,
          0.573441,
          3.541493
        ],
        [
          -0.627009,
          -0.339146,
          0.701313,
          2.573014
        ],
        [
          0.016271,
          -0.905764,
          -0.423469,
          1.477078
        ],
        [
          0.0,
          0.0,
          0.0,
          1.0
        ]
      ]
    },
    {
      "file_path": "/media/NFS/ttao/scannet/posed_images/scene0168_00/00201.jpg",
      "transform_matrix": [
        [
          0.77937,
          -0.257568,
          0.571176,
          3.534017
        ],
        [
          -0.626282,
          -0.347598,
          0.697816,
          2.567526
        ],
        [
          0.018805,
          -0.901574,
          -0.432217,
          1.463588
        ],
        [
          0.0,
          0.0,
          0.0,
          1.0
        ]
      ]
    },
    {
      "file_path": "/media/NFS/ttao/scannet/posed_images/scene0168_00/00204.jpg",
      "transform_matrix": [
        [
          0.785578,
          -0.281365,
          0.551091,
          3.527758
        ],
        [
          -0.618659,
          -0.373421,
          0.691244,
          2.555857
        ],
        [
          0.011297,
          -0.883963,
          -0.46742,
          1.442601
        ],
        [
          0.0,
          0.0,
          0.0,
          1.0
        ]
      ]
    },
    {
      "file_path": "/media/NFS/ttao/scannet/posed_images/scene0168_00/00209.jpg",
      "transform_matrix": [
        [
          0.800518,
          -0.320152,
          0.506629,
          3.504191
        ],
        [
          -0.599299,
          -0.422905,
          0.6797,
          2.535167
        ],
        [
          -0.003351,
          -0.847735,
          -0.53041,
          1.409486
        ],
        [
          0.0,
          0.0,
          0.0,
          1.0
        ]
      ]
    },
    {
      "file_path": "/media/NFS/ttao/scannet/posed_images/scene0168_00/00213.jpg",
      "transform_matrix": [
        [
          0.810467,
          -0.334218,
          0.481084,
          3.484952
        ],
        [
          -0.585575,
          -0.440291,
          0.680622,
          2.524936
        ],
        [
          -0.015659,
          -0.833332,
          -0.552551,
          1.3986
        ],
        [
          0.0,
          0.0,
          0.0,
          1.0
        ]
      ]
    },
    {
      "file_path": "/media/NFS/ttao/scannet/posed_images/scene0168_00/00219.jpg",
      "transform_matrix": [
        [
          0.843379,
          -0.325909,
          0.427196,
          3.448707
        ],
        [
          -0.537101,
          -0.488674,
          0.687546,
          2.513251
        ],
        [
          -0.015318,
          -0.809309,
          -0.587183,
          1.372918
        ],
        [
          0.0,
          0.0,
          0.0,
          1.0
        ]
      ]
    },
    {
      "file_path": "/media/NFS/ttao/scannet/posed_images/scene0168_00/00221.jpg",
      "transform_matrix": [
        [
          0.861002,
          -0.317812,
          0.397079,
          3.426626
        ],
        [
          -0.508476,
          -0.520508,
          0.685947,
          2.508007
        ],
        [
          -0.011319,
          -0.792507,
          -0.609758,
          1.363241
        ],
        [
          0.0,
          0.0,
          0.0,
          1.0
        ]
      ]
    },
    {
      "file_path": "/media/NFS/ttao/scannet/posed_images/scene0168_00/00227.jpg",
      "transform_matrix": [
        [
          0.888456,
          -0.309944,
          0.338499,
          3.398091
        ],
        [
          -0.45853,
          -0.567392,
          0.683972,
          2.497259
        ],
        [
          -0.019932,
          -0.76289,
          -0.646221,
          1.345716
        ],
        [
          0.0,
          0.0,
          0.0,
          1.0
        ]
      ]
    },
    {
      "file_path": "/media/NFS/ttao/scannet/posed_images/scene0168_00/00230.jpg",
      "transform_matrix": [
        [
          0.899484,
          -0.310004,
          0.307939,
          3.382658
        ],
        [
          -0.436058,
          -0.591741,
          0.678009,
          2.493892
        ],
        [
          -0.027966,
          -0.744137,
          -0.667441,
          1.338023
        ],
        [
          0.0,
          0.0,
          0.0,
          1.0
        ]
      ]
    },
    {
      "file_path": "/media/NFS/ttao/scannet/posed_images/scene0168_00/00234.jpg",
      "transform_matrix": [
        [
          0.905982,
          -0.318829,
          0.27847,
          3.373376
        ],
        [
          -0.421469,
          -0.617982,
          0.663674,
          2.488185
        ],
        [
          -0.039509,
          -0.718642,
          -0.694256,
          1.326746
        ],
        [
          0.0,
          0.0,
          0.0,
          1.0
        ]
      ]
    },
    {
      "file_path": "/media/NFS/ttao/scannet/posed_images/scene0168_00/00237.jpg",
      "transform_matrix": [
        [
          0.905108,
          -0.32757,
          0.271067,
          3.374073
        ],
        [
          -0.422997,
          -0.62919,
          0.652069,
          2.481956
        ],
        [
          -0.043046,
          -0.704853,
          -0.708046,
          1.318552
        ],
        [
          0.0,
          0.0,
          0.0,
          1.0
        ]
      ]
    },
    {
      "file_path": "/media/NFS/ttao/scannet/posed_images/scene0168_00/00244.jpg",
      "transform_matrix": [
        [
          0.884173,
          -0.362748,
          0.294367,
          3.395809
        ],
        [
          -0.466175,
          -0.64423,
          0.60634,
          2.46542
        ],
        [
          -0.030308,
          -0.673337,
          -0.738715,
          1.306996
        ],
        [
          0.0,
          0.0,
          0.0,
          1.0
        ]
      ]
    },
    {
      "file_path": "/media/NFS/ttao/scannet/posed_images/scene0168_00/00248.jpg",
      "transform_matrix": [
        [
          0.849783,
          -0.404913,
          0.337512,
          3.426053
        ],
        [
          -0.526535,
          -0.621535,
          0.580048,
          2.448983
        ],
        [
          -0.025094,
          -0.670627,
          -0.74137,
          1.30595
        ],
        [
          0.0,
          0.0,
          0.0,
          1.0
        ]
      ]
    },
    {
      "file_path": "/media/NFS/ttao/scannet/posed_images/scene0168_00/00249.jpg",
      "transform_matrix": [
        [
          0.840852,
          -0.416298,
          0.345925,
          3.436709
        ],
        [
          -0.540571,
          -0.613547,
          0.575624,
          2.445889
        ],
        [
          -0.027389,
          -0.671011,
          -0.740941,
          1.306103
        ],
        [
          0.0,
          0.0,
          0.0,
          1.0
        ]
      ]
    },
    {
      "file_path": "/media/NFS/ttao/scannet/posed_images/scene0168_00/00257.jpg",
      "transform_matrix": [
        [
          0.736999,
          -0.49596,
          0.459191,
          3.515712
        ],
        [
          -0.675783,
          -0.52837,
          0.513949,
          2.404079
        ],
        [
          -0.012275,
          -0.689092,
          -0.724569,
          1.306179
        ],
        [
          0.0,
          0.0,
          0.0,
          1.0
        ]
      ]
    },
    {
      "file_path": "/media/NFS/ttao/scannet/posed_images/scene0168_00/00260.jpg",
      "transform_matrix": [
        [
          0.684983,
          -0.527209,
          0.502841,
          3.543393
        ],
        [
          -0.728538,
          -0.490321,
          0.47835,
          2.385864
        ],
        [
          -0.005637,
          -0.694,
          -0.719953,
          1.304855
        ],
        [
          0.0,
          0.0,
          0.0,
          1.0
        ]
      ]
    },
    {
      "file_path": "/media/NFS/ttao/scannet/posed_images/scene0168_00/00263.jpg",
      "transform_matrix": [
        [
          0.625894,
          -0.562904,
          0.539811,
          3.57262
        ],
        [
          -0.779898,
          -0.448191,
          0.436902,
          2.365053
        ],
        [
          -0.003996,
          -0.694452,
          -0.719528,
          1.302451
        ],
        [
          0.0,
          0.0,
          0.0,
          1.0
        ]
      ]
    },
    {
      "file_path": "/media/NFS/ttao/scannet/posed_images/scene0168_00/00266.jpg",
      "transform_matrix": [
        [
          0.547065,
          -0.606881,
          0.576555,
          3.607657
        ],
        [
          -0.837084,
          -0.393884,
          0.379666,
          2.340358
        ],
        [
          -0.003317,
          -0.690326,
          -0.72349,
          1.298845
        ],
        [
          0.0,
          0.0,
          0.0,
          1.0
        ]
      ]
    },
    {
      "file_path": "/media/NFS/ttao/scannet/posed_images/scene0168_00/00270.jpg",
      "transform_matrix": [
        [
          0.481782,
          -0.630326,
          0.608749,
          3.631428
        ],
        [
          -0.876287,
          -0.348805,
          0.332351,
          2.311835
        ],
        [
          0.002845,
          -0.69356,
          -0.720394,
          1.295339
        ],
        [
          0.0,
          0.0,
          0.0,
          1.0
        ]
      ]
    },
    {
      "file_path": "/media/NFS/ttao/scannet/posed_images/scene0168_00/00276.jpg",
      "transform_matrix": [
        [
          0.372362,
          -0.666082,
          0.646283,
          3.672029
        ],
        [
          -0.928073,
          -0.271084,
          0.255331,
          2.272987
        ],
        [
          0.005126,
          -0.694873,
          -0.719114,
          1.294667
        ],
        [
          0.0,
          0.0,
          0.0,
          1.0
        ]
      ]
    },
    {
      "file_path": "/media/NFS/ttao/scannet/posed_images/scene0168_00/00281.jpg",
      "transform_matrix": [
        [
          0.28129,
          -0.67855,
          0.678561,
          3.698565
        ],
        [
          -0.959606,
          -0.203133,
          0.194665,
          2.234391
        ],
        [
          0.005749,
          -0.705908,
          -0.70828,
          1.295998
        ],
        [
          0.0,
          0.0,
          0.0,
          1.0
        ]
      ]
    },
    {
      "file_path": "/media/NFS/ttao/scannet/posed_images/scene0168_00/00282.jpg",
      "transform_matrix": [
        [
          0.260699,
          -0.68304,
          0.68227,
          3.705477
        ],
        [
          -0.965399,
          -0.189111,
          0.17956,
          2.227625
        ],
        [
          0.006378,
          -0.705474,
          -0.708707,
          1.297323
        ],
        [
          0.0,
          0.0,
          0.0,
          1.0
        ]
      ]
    },
    {
      "file_path": "/media/NFS/ttao/scannet/posed_images/scene0168_00/00288.jpg",
      "transform_matrix": [
        [
          0.120237,
          -0.698004,
          0.705927,
          3.738601
        ],
        [
          -0.992691,
          -0.09201,
          0.078103,
          2.181257
        ],
        [
          0.010436,
          -0.710158,
          -0.703965,
          1.298696
        ],
        [
          0.0,
          0.0,
          0.0,
          1.0
        ]
      ]
    },
    {
      "file_path": "/media/NFS/ttao/scannet/posed_images/scene0168_00/00289.jpg",
      "transform_matrix": [
        [
          0.102285,
          -0.698809,
          0.707958,
          3.743719
        ],
        [
          -0.994709,
          -0.078718,
          0.066014,
          2.174068
        ],
        [
          0.009597,
          -0.710964,
          -0.703163,
          1.300096
        ],
        [
          0.0,
          0.0,
          0.0,
          1.0
        ]
      ]
    },
    {
      "file_path": "/media/NFS/ttao/scannet/posed_images/scene0168_00/00294.jpg",
      "transform_matrix": [
        [
          0.030602,
          -0.678946,
          0.73355,
          3.765936
        ],
        [
          -0.999481,
          -0.028169,
          0.015624,
          2.140929
        ],
        [
          0.010055,
          -0.733648,
          -0.679456,
          1.32009
        ],
        [
          0.0,
          0.0,
          0.0,
          1.0
        ]
      ]
    },
    {
      "file_path": "/media/NFS/ttao/scannet/posed_images/scene0168_00/00300.jpg",
      "transform_matrix": [
        [
          -0.001977,
          -0.626872,
          0.779119,
          3.780301
        ],
        [
          -0.999917,
          -0.008654,
          -0.009501,
          2.129246
        ],
        [
          0.012698,
          -0.779074,
          -0.626803,
          1.359998
        ],
        [
          0.0,
          0.0,
          0.0,
          1.0
        ]
      ]
    },
    {
      "file_path": "/media/NFS/ttao/scannet/posed_images/scene0168_00/00305.jpg",
      "transform_matrix": [
        [
          -0.008721,
          -0.564114,
          0.825651,
          3.790912
        ],
        [
          -0.999834,
          -0.008278,
          -0.016216,
          2.131462
        ],
        [
          0.015983,
          -0.825656,
          -0.563948,
          1.406392
        ],
        [
          0.0,
          0.0,
          0.0,
          1.0
        ]
      ]
    },
    {
      "file_path": "/media/NFS/ttao/scannet/posed_images/scene0168_00/00309.jpg",
      "transform_matrix": [
        [
          -0.003518,
          -0.526102,
          0.850414,
          3.793669
        ],
        [
          -0.999731,
          -0.017656,
          -0.015058,
          2.136977
        ],
        [
          0.022937,
          -0.850238,
          -0.525899,
          1.429558
        ],
        [
          0.0,
          0.0,
          0.0,
          1.0
        ]
      ]
    },
    {
      "file_path": "/media/NFS/ttao/scannet/posed_images/scene0168_00/00312.jpg",
      "transform_matrix": [
        [
          0.007103,
          -0.483896,
          0.875096,
          3.795921
        ],
        [
          -0.999586,
          -0.027839,
          -0.007281,
          2.130247
        ],
        [
          0.027885,
          -0.874682,
          -0.483894,
          1.450917
        ],
        [
