{
  "frames": [
    {
      "file_path": "/media/NFS/ttao/scannet/posed_images/scene0523_00/00001.jpg",
      "transform_matrix": [
        [
          0.962838,
          0.160853,
          -0.216953,
          1.519289
        ],
        [
          0.266267,
          -0.699838,
          0.662819,
          1.272025
        ],
        [
          -0.045215,
          -0.695955,
          -0.71666,
          1.211227
        ],
        [
          0.0,
          0.0,
          0.0,
          1.0
        ]
      ]
    },
    {
      "file_path": "/media/NFS/ttao/scannet/posed_images/scene0523_00/00004.jpg",
      "transform_matrix": [
        [
          0.961459,
          0.160982,
          -0.222892,
          1.518035
        ],
        [
          0.270547,
          -0.698374,
          0.66263,
          1.272388
        ],
        [
          -0.04899,
          -0.697395,
          -0.715011,
          1.211535
        ],
        [
          0.0,
          0.0,
          0.0,
          1.0
        ]
      ]
    },
    {
      "file_path": "/media/NFS/ttao/scannet/posed_images/scene0523_00/00009.jpg",
      "transform_matrix": [
        [
          0.958163,
          0.173723,
          -0.227474,
          1.516495
        ],
        [
          0.282257,
          -0.70535,
          0.65024,
          1.272487
        ],
        [
          -0.047487,
          -0.687242,
          -0.724874,
          1.207246
        ],
        [
          0.0,
          0.0,
          0.0,
          1.0
        ]
      ]
    },
    {
      "file_path": "/media/NFS/ttao/scannet/posed_images/scene0523_00/00016.jpg",
      "transform_matrix": [
        [
          0.954011,
          0.186609,
          -0.234605,
          1.516821
        ],
        [
          0.297752,
          -0.680545,
          0.669479,
          1.270048
        ],
        [
          -0.034728,
          -0.708545,
          -0.704811,
          1.210442
        ],
        [
          0.0,
          0.0,
          0.0,
          1.0
        ]
      ]
    },
    {
      "file_path": "/media/NFS/ttao/scannet/posed_images/scene0523_00/00020.jpg",
      "transform_matrix": [
        [
          0.953504,
          0.198176,
          -0.22706,
          1.51472
        ],
        [
          0.300808,
          -0.672179,
          0.676528,
          1.266433
        ],
        [
          -0.018553,
          -0.713374,
          -0.700538,
          1.209047
        ],
        [
          0.0,
          0.0,
          0.0,
          1.0
        ]
      ]
    },
    {
      "file_path": "/media/NFS/ttao/scannet/posed_images/scene0523_00/00021.jpg",
      "transform_matrix": [
        [
          0.953049,
          0.20205,
          -0.225552,
          1.51397
        ],
        [
          0.3024,
          -0.674078,
          0.673924,
          1.265613
        ],
        [
          -0.015873,
          -0.710489,
          -0.703529,
          1.208187
        ],
        [
          0.0,
          0.0,
          0.0,
          1.0
        ]
      ]
    },
    {
      "file_path": "/media/NFS/ttao/scannet/posed_images/scene0523_00/00030.jpg",
      "transform_matrix": [
        [
          0.944221,
          0.23002,
          -0.235663,
          1.524525
        ],
        [
          0.329182,
          -0.679369,
          0.655818,
          1.253031
        ],
        [
          -0.009251,
          -0.696813,
          -0.717193,
          1.193556
        ],
        [
          0.0,
          0.0,
          0.0,
          1.0
        ]
      ]
    },
    {
      "file_path": "/media/NFS/ttao/scannet/posed_images/scene0523_00/00034.jpg",
      "transform_matrix": [
        [
          0.942884,
          0.226047,
          -0.244688,
          1.527585
        ],
        [
          0.332888,
          -0.666868,
          0.666688,
          1.245905
        ],
        [
          -0.012472,
          -0.710063,
          -0.704028,
          1.188634
        ],
        [
          0.0,
          0.0,
          0.0,
          1.0
        ]
      ]
    },
    {
      "file_path": "/media/NFS/ttao/scannet/posed_images/scene0523_00/00038.jpg",
      "transform_matrix": [
        [
          0.941321,
          0.21414,
          -0.260883,
          1.533946
        ],
        [
          0.336346,
          -0.659407,
          0.67235,
          1.238265
        ],
        [
          -0.028051,
          -0.720644,
          -0.692738,
          1.177104
        ],
        [
          0.0,
          0.0,
          0.0,
          1.0
        ]
      ]
    },
    {
      "file_path": "/media/NFS/ttao/scannet/posed_images/scene0523_00/00039.jpg",
      "transform_matrix": [
        [
          0.940684,
          0.214156,
          -0.263156,
          1.534013
        ],
        [
          0.338069,
          -0.65723,
          0.673616,
          1.236686
        ],
        [
          -0.028695,
          -0.722625,
          -0.690645,
          1.175293
        ],
        [
          0.0,
          0.0,
          0.0,
          1.0
        ]
      ]
    },
    {
      "file_path": "/media/NFS/ttao/scannet/posed_images/scene0523_00/00047.jpg",
      "transform_matrix": [
        [
          0.919218,
          0.220534,
          -0.326195,
          1.554538
        ],
        [
          0.39005,
          -0.623298,
          0.677762,
          1.220703
        ],
        [
          -0.053847,
          -0.750243,
          -0.658966,
          1.147645
        ],
        [
          0.0,
          0.0,
          0.0,
          1.0
        ]
      ]
    },
    {
      "file_path": "/media/NFS/ttao/scannet/posed_images/scene0523_00/00048.jpg",
      "transform_matrix": [
        [
          0.919398,
          0.217027,
          -0.328035,
          1.558117
        ],
        [
          0.38928,
          -0.621428,
          0.679917,
          1.21953
        ],
        [
          -0.05629,
          -0.752812,
          -0.655824,
          1.143451
        ],
        [
          0.0,
          0.0,
          0.0,
          1.0
        ]
      ]
    },
    {
      "file_path": "/media/NFS/ttao/scannet/posed_images/scene0523_00/00056.jpg",
      "transform_matrix": [
        [
          0.939019,
          0.182998,
          -0.291127,
          1.582789
        ],
        [
          0.336681,
          -0.661442,
          0.670179,
          1.2131
        ],
        [
          -0.069922,
          -0.727328,
          -0.682719,
          1.104555
        ],
        [
          0.0,
          0.0,
          0.0,
          1.0
        ]
      ]
    },
    {
      "file_path": "/media/NFS/ttao/scannet/posed_images/scene0523_00/00059.jpg",
      "transform_matrix": [
        [
          0.947224,
          0.170641,
          -0.271381,
          1.585257
        ],
        [
          0.314641,
          -0.656964,
          0.685127,
          1.210739
        ],
        [
          -0.061377,
          -0.734357,
          -0.675983,
          1.094255
        ],
        [
          0.0,
          0.0,
          0.0,
          1.0
        ]
      ]
    },
    {
      "file_path": "/media/NFS/ttao/scannet/posed_images/scene0523_00/00064.jpg",
      "transform_matrix": [
        [
          0.951844,
          0.163195,
          -0.25954,
          1.595573
        ],
        [
          0.302301,
          -0.640602,
          0.705863,
          1.204936
        ],
        [
          -0.051069,
          -0.750331,
          -0.659087,
          1.076344
        ],
        [
          0.0,
          0.0,
          0.0,
          1.0
        ]
      ]
    },
    {
      "file_path": "/media/NFS/ttao/scannet/posed_images/scene0523_00/00070.jpg",
      "transform_matrix": [
        [
          0.94958,
          0.16751,
          -0.265024,
          1.598569
        ],
        [
          0.308553,
          -0.649237,
          0.695189,
          1.204558
        ],
        [
          -0.055613,
          -0.741911,
          -0.668188,
          1.066085
        ],
        [
          0.0,
          0.0,
          0.0,
          1.0
        ]
      ]
    },
    {
      "file_path": "/media/NFS/ttao/scannet/posed_images/scene0523_00/00072.jpg",
      "transform_matrix": [
        [
          0.949201,
          0.16453,
          -0.268231,
          1.599591
        ],
        [
          0.309227,
          -0.645593,
          0.698276,
          1.204009
        ],
        [
          -0.058281,
          -0.745748,
          -0.663674,
          1.065006
        ],
        [
          0.0,
          0.0,
          0.0,
          1.0
        ]
      ]
    },
    {
      "file_path": "/media/NFS/ttao/scannet/posed_images/scene0523_00/00075.jpg",
      "transform_matrix": [
        [
          0.948557,
          0.165615,
          -0.269836,
          1.600442
        ],
        [
          0.310458,
          -0.653701,
          0.690138,
          1.206843
        ],
        [
          -0.062095,
          -0.738408,
          -0.671489,
          1.067393
        ],
        [
          0.0,
          0.0,
          0.0,
          1.0
        ]
      ]
    },
    {
      "file_path": "/media/NFS/ttao/scannet/posed_images/scene0523_00/00082.jpg",
      "transform_matrix": [
        [
          0.951315,
          0.129524,
          -0.279683,
          1.598497
        ],
        [
          0.295406,
          -0.642075,
          0.707443,
          1.214715
        ],
        [
          -0.087946,
          -0.755621,
          -0.649078,
          1.116675
        ],
        [
          0.0,
          0.0,
          0.0,
          1.0
        ]
      ]
    },
    {
      "file_path": "/media/NFS/ttao/scannet/posed_images/scene0523_00/00085.jpg",
      "transform_matrix": [
        [
          0.958833,
          0.116867,
          -0.258806,
          1.593292
        ],
        [
          0.270714,
          -0.651392,
          0.708804,
          1.22286
        ],
        [
          -0.085748,
          -0.749687,
          -0.656214,
          1.137557
        ],
        [
          0.0,
          0.0,
          0.0,
          1.0
        ]
      ]
    },
    {
      "file_path": "/media/NFS/ttao/scannet/posed_images/scene0523_00/00090.jpg",
      "transform_matrix": [
        [
          0.964566,
          0.094979,
          -0.246152,
          1.586077
        ],
        [
          0.246962,
          -0.653346,
          0.715645,
          1.226532
        ],
        [
          -0.092851,
          -0.751078,
          -0.653652,
          1.165222
        ],
        [
          0.0,
          0.0,
          0.0,
          1.0
        ]
      ]
    },
    {
      "file_path": "/media/NFS/ttao/scannet/posed_images/scene0523_00/00097.jpg",
      "transform_matrix": [
        [
          0.96479,
          0.107905,
          -0.239866,
          1.563669
        ],
        [
          0.251845,
          -0.64199,
          0.72417,
          1.228616
        ],
        [
          -0.07585,
          -0.759082,
          -0.646561,
          1.207781
        ],
        [
          0.0,
          0.0,
          0.0,
          1.0
        ]
      ]
    },
    {
      "file_path": "/media/NFS/ttao/scannet/posed_images/scene0523_00/00098.jpg",
      "transform_matrix": [
        [
          0.964983,
          0.111128,
          -0.237608,
          1.56076
        ],
        [
          0.252506,
          -0.638886,
          0.726681,
          1.228961
        ],
        [
          -0.07105,
          -0.761232,
          -0.644575,
          1.213679
        ],
        [
          0.0,
          0.0,
          0.0,
          1.0
        ]
      ]
    },
    {
      "file_path": "/media/NFS/ttao/scannet/posed_images/scene0523_00/00103.jpg",
      "transform_matrix": [
        [
          0.963737,
          0.123326,
          -0.236645,
          1.548375
        ],
        [
          0.26247,
          -0.598132,
          0.757197,
          1.226986
        ],
        [
          -0.048163,
          -0.791852,
          -0.608811,
          1.237242
        ],
        [
          0.0,
          0.0,
          0.0,
          1.0
        ]
      ]
    },
    {
      "file_path": "/media/NFS/ttao/scannet/posed_images/scene0523_00/00110.jpg",
      "transform_matrix": [
        [
          0.956804,
          0.124667,
          -0.262648,
          1.541876
        ],
        [
          0.287886,
          -0.532379,
          0.79605,
          1.219961
        ],
        [
          -0.040587,
          -0.837276,
          -0.545272,
          1.26094
        ],
        [
          0.0,
          0.0,
          0.0,
          1.0
        ]
      ]
    },
    {
      "file_path": "/media/NFS/ttao/scannet/posed_images/scene0523_00/00114.jpg",
      "transform_matrix": [
        [
          0.955949,
          0.117823,
          -0.268847,
          1.538652
        ],
        [
          0.291057,
          -0.499182,
          0.816151,
          1.222297
        ],
        [
          -0.038042,
          -0.858449,
          -0.511486,
          1.282889
        ],
        [
          0.0,
          0.0,
          0.0,
          1.0
        ]
      ]
    },
    {
      "file_path": "/media/NFS/ttao/scannet/posed_images/scene0523_00/00118.jpg",
      "transform_matrix": [
        [
          0.957722,
          0.106437,
          -0.267283,
          1.538548
        ],
        [
          0.285314,
          -0.470716,
          0.834879,
          1.22809
        ],
        [
          -0.036953,
          -0.875841,
          -0.481183,
          1.302489
        ],
        [
          0.0,
          0.0,
          0.0,
          1.0
        ]
      ]
    },
    {
      "file_path": "/media/NFS/ttao/scannet/posed_images/scene0523_00/00119.jpg",
      "transform_matrix": [
        [
          0.958455,
          0.103342,
          -0.265866,
          1.53773
        ],
        [
          0.282859,
          -0.464623,
          0.839117,
          1.229053
        ],
        [
          -0.036812,
          -0.879458,
          -0.474551,
          1.305007
        ],
        [
          0.0,
          0.0,
          0.0,
          1.0
        ]
      ]
    },
    {
      "file_path": "/media/NFS/ttao/scannet/posed_images/scene0523_00/00125.jpg",
      "transform_matrix": [
        [
          0.966386,
          0.086247,
          -0.242196,
          1.540365
        ],
        [
          0.254987,
          -0.441902,
          0.860061,
          1.241909
        ],
        [
          -0.03285,
          -0.892908,
          -0.449039,
          1.32528
        ],
        [
          0.0,
          0.0,
          0.0,
          1.0
        ]
      ]
    },
    {
      "file_path": "/media/NFS/ttao/scannet/posed_images/scene0523_00/00132.jpg",
      "transform_matrix": [
        [
          0.976344,
          0.050831,
          -0.210162,
          1.544668
        ],
        [
          0.213253,
          -0.386888,
          0.897129,
          1.253449
        ],
        [
          -0.035707,
          -0.920725,
          -0.388576,
          1.352275
        ],
        [
          0.0,
          0.0,
          0.0,
          1.0
        ]
      ]
    },
    {
      "file_path": "/media/NFS/ttao/scannet/posed_images/scene0523_00/00133.jpg",
      "transform_matrix": [
        [
          0.976385,
          0.04691,
          -0.210885,
          1.545668
        ],
        [
          0.212796,
          -0.377339,
          0.901295,
          1.253716
        ],
        [
          -0.037295,
          -0.924886,
          -0.37841,
          1.352513
        ],
        [
          0.0,
          0.0,
          0.0,
          1.0
        ]
      ]
    },
    {
      "file_path": "/media/NFS/ttao/scannet/posed_images/scene0523_00/00138.jpg",
      "transform_matrix": [
        [
          0.977594,
          0.036938,
          -0.207234,
          1.548881
        ],
        [
          0.207325,
          -0.339322,
          0.917538,
          1.257347
        ],
        [
          -0.036427,
          -0.939945,
          -0.339378,
          1.364805
        ],
        [
          0.0,
          0.0,
          0.0,
          1.0
        ]
      ]
    },
    {
      "file_path": "/media/NFS/ttao/scannet/posed_images/scene0523_00/00144.jpg",
      "transform_matrix": [
        [
          0.982211,
          0.044122,
          -0.182523,
          1.555755
        ],
        [
          0.186581,
          -0.338973,
          0.922109,
          1.266959
        ],
        [
          -0.021186,
          -0.939761,
          -0.341175,
          1.382317
        ],
        [
          0.0,
          0.0,
          0.0,
          1.0
        ]
      ]
    },
    {
      "file_path": "/media/NFS/ttao/scannet/posed_images/scene0523_00/00146.jpg",
      "transform_matrix": [
        [
          0.982554,
          0.044536,
          -0.180566,
          1.55741
        ],
        [
          0.18506,
          -0.330467,
          0.925497,
          1.266669
        ],
        [
          -0.018454,
          -0.942766,
          -0.332944,
          1.38545
        ],
        [
          0.0,
          0.0,
          0.0,
          1.0
        ]
      ]
    },
    {
      "file_path": "/media/NFS/ttao/scannet/posed_images/scene0523_00/00153.jpg",
      "transform_matrix": [
        [
          0.985418,
          0.048427,
          -0.163113,
          1.568769
        ],
        [
          0.170127,
          -0.264673,
          0.949213,
          1.268646
        ],
        [
          0.002796,
          -0.963121,
          -0.269053,
          1.411076
        ],
        [
          0.0,
          0.0,
          0.0,
          1.0
        ]
      ]
    },
    {
      "file_path": "/media/NFS/ttao/scannet/posed_images/scene0523_00/00158.jpg",
      "transform_matrix": [
        [
          0.982507,
          0.035367,
          -0.182834,
          1.574828
        ],
        [
          0.186188,
          -0.205514,
          0.96078,
          1.266114
        ],
        [
          -0.003595,
          -0.978015,
          -0.208504,
          1.438345
        ],
        [
          0.0,
          0.0,
          0.0,
          1.0
        ]
      ]
    },
    {
      "file_path": "/media/NFS/ttao/scannet/posed_images/scene0523_00/00162.jpg",
      "transform_matrix": [
        [
          0.979075,
          0.042502,
          -0.199011,
          1.57927
        ],
        [
          0.203458,
          -0.184972,
          0.961452,
          1.26074
        ],
        [
          0.004052,
          -0.981824,
          -0.189748,
          1.456075
        ],
        [
          0.0,
          0.0,
          0.0,
          1.0
        ]
      ]
    },
    {
      "file_path": "/media/NFS/ttao/scannet/posed_images/scene0523_00/00165.jpg",
      "transform_matrix": [
        [
          0.976006,
          0.036292,
          -0.214697,
          1.58073
        ],
        [
          0.217737,
          -0.169824,
          0.96112,
          1.258926
        ],
        [
          -0.001579,
          -0.984806,
          -0.173652,
          1.463212
        ],
        [
          0.0,
          0.0,
          0.0,
          1.0
        ]
      ]
    },
    {
      "file_path": "/media/NFS/ttao/scannet/posed_images/scene0523_00/00172.jpg",
      "transform_matrix": [
        [
          0.962305,
          0.02406,
          -0.270908,
          1.59823
        ],
        [
          0.271829,
          -0.117664,
          0.955125,
          1.258025
        ],
        [
          -0.008896,
          -0.992762,
          -0.119769,
          1.496576
        ],
        [
          0.0,
          0.0,
          0.0,
          1.0
        ]
      ]
    },
    {
      "file_path": "/media/NFS/ttao/scannet/posed_images/scene0523_00/00177.jpg",
      "transform_matrix": [
        [
          0.958476,
          0.018422,
          -0.284576,
          1.590201
        ],
        [
          0.285065,
          -0.089165,
          0.954352,
          1.254166
        ],
        [
          -0.007793,
          -0.995846,
          -0.090714,
          1.517489
        ],
        [
          0.0,
          0.0,
          0.0,
          1.0
        ]
      ]
    },
    {
      "file_path": "/media/NFS/ttao/scannet/posed_images/scene0523_00/00178.jpg",
      "transform_matrix": [
        [
          0.958148,
          0.018807,
          -0.285655,
          1.588149
        ],
        [
          0.286173,
          -0.089412,
          0.953997,
          1.254113
        ],
        [
          -0.007599,
          -0.995817,
          -0.091052,
          1.519125
        ],
        [
          0.0,
          0.0,
          0.0,
          1.0
        ]
      ]
    },
    {
      "file_path": "/media/NFS/ttao/scannet/posed_images/scene0523_00/00183.jpg",
      "transform_matrix": [
        [
          0.951373,
          0.007166,
          -0.307959,
          1.580456
        ],
        [
          0.307504,
          -0.081182,
          0.948078,
          1.2539
        ],
        [
          -0.018207,
          -0.996673,
          -0.079438,
          1.524807
        ],
        [
          0.0,
          0.0,
          0.0,
          1.0
        ]
      ]
    },
    {
      "file_path": "/media/NFS/ttao/scannet/posed_images/scene0523_00/00191.jpg",
      "transform_matrix": [
        [
          0.940304,
          -0.028277,
          -0.339159,
          1.560894
        ],
        [
          0.337871,
          -0.042178,
          0.940247,
          1.244908
        ],
        [
          -0.040892,
          -0.99871,
          -0.030106,
          1.544069
        ],
        [
          0.0,
          0.0,
          0.0,
          1.0
        ]
      ]
    },
    {
      "file_path": "/media/NFS/ttao/scannet/posed_images/scene0523_00/00192.jpg",
      "transform_matrix": [
        [
          0.938464,
          -0.036094,
          -0.343487,
          1.561015
        ],
        [
          0.34204,
          -0.040813,
          0.938799,
          1.243721
        ],
        [
          -0.047904,
          -0.998515,
          -0.025956,
          1.547557
        ],
        [
          0.0,
          0.0,
          0.0,
          1.0
        ]
      ]
    },
    {
      "file_path": "/media/NFS/ttao/scannet/posed_images/scene0523_00/00199.jpg",
      "transform_matrix": [
        [
          0.918448,
          -0.047087,
          -0.392729,
          1.558244
        ],
        [
          0.392376,
          -0.016903,
          0.919649,
          1.234768
        ],
        [
          -0.049942,
          -0.998747,
          0.002951,
          1.563028
        ],
        [
          0.0,
          0.0,
          0.0,
          1.0
        ]
      ]
    },
    {
      "file_path": "/media/NFS/ttao/scannet/posed_images/scene0523_00/00200.jpg",
      "transform_matrix": [
        [
          0.924028,
          -0.046003,
          -0.379548,
          1.529564
        ],
        [
          0.379384,
          -0.012594,
          0.925154,
          1.230893
        ],
        [
          -0.04734,
          -0.998862,
          0.005816,
          1.556346
        ],
        [
          0.0,
          0.0,
          0.0,
          1.0
        ]
      ]
    },
    {
      "file_path": "/media/NFS/ttao/scannet/posed_images/scene0523_00/00208.jpg",
      "transform_matrix": [
        [
          0.8775,
          -0.066651,
          -0.474922,
          1.56194
        ],
        [
          0.476281,
          0.005227,
          0.879277,
          1.222641
        ],
        [
          -0.056122,
          -0.997763,
          0.036332,
          1.568014
        ],
        [
          0.0,
          0.0,
          0.0,
          1.0
        ]
      ]
    },
    {
      "file_path": "/media/NFS/ttao/scannet/posed_images/scene0523_00/00211.jpg",
      "transform_matrix": [
        [
          0.858901,
          -0.060747,
          -0.508527,
          1.576636
        ],
        [
          0.510254,
          0.016312,
          0.859869,
          1.225762
        ],
        [
          -0.043939,
          -0.99802,
          0.045007,
          1.556966
        ],
        [
          0.0,
          0.0,
          0.0,
          1.0
        ]
      ]
    },
    {
      "file_path": "/media/NFS/ttao/scannet/posed_images/scene0523_00/00217.jpg",
      "transform_matrix": [
        [
          0.829546,
          -0.025515,
          -0.557855,
          1.609689
        ],
        [
          0.557899,
          -0.006021,
          0.829887,
          1.253779
        ],
        [
          -0.024534,
          -0.999656,
          0.00924,
          1.533038
        ],
        [
          0.0,
          0.0,
          0.0,
          1.0
        ]
      ]
    },
    {
      "file_path": "/media/NFS/ttao/scannet/posed_images/scene0523_00/00220.jpg",
      "transform_matrix": [
        [
          0.820219,
          -0.023332,
          -0.571573,
          1.624178
        ],
        [
          0.571326,
          -0.016832,
          0.820551,
          1.268972
        ],
        [
          -0.028766,
          -0.999586,
          -0.000476,
          1.527031
        ],
        [
          0.0,
          0.0,
          0.0,
          1.0
        ]
      ]
    },
    {
      "file_path": "/media/NFS/ttao/scannet/posed_images/scene0523_00/00223.jpg",
      "transform_matrix": [
        [
          0.816005,
          -0.023022,
          -0.577587,
          1.631799
        ],
        [
          0.576892,
          -0.030646,
          0.816245,
          1.278299
        ],
        [
          -0.036492,
          -0.999265,
          -0.011726,
          1.528133
        ],
        [
          0.0,
          0.0,
          0.0,
          1.0
        ]
      ]
    },
    {
      "file_path": "/media/NFS/ttao/scannet/posed_images/scene0523_00/00227.jpg",
      "transform_matrix": [
        [
          0.812113,
          -0.015647,
          -0.58329,
          1.634575
        ],
        [
          0.581698,
          -0.056787,
          0.81142,
          1.286149
        ],
        [
          -0.045819,
          -0.998264,
          -0.037016,
          1.518034
        ],
        [
          0.0,
          0.0,
          0.0,
          1.0
        ]
      ]
    },
    {
      "file_path": "/media/NFS/ttao/scannet/posed_images/scene0523_00/00235.jpg",
      "transform_matrix": [
        [
          0.812699,
          0.015698,
          -0.582472,
          1.618489
        ],
        [
          0.58114,
          -0.094562,
          0.808291,
          1.277509
        ],
        [
          -0.042391,
          -0.995395,
          -0.085973,
          1.506915
        ],
        [
          0.0,
          0.0,
          0.0,
          1.0
        ]
      ]
    },
    {
      "file_path": "/media/NFS/ttao/scannet/posed_images/scene0523_00/00236.jpg",
      "transform_matrix": [
        [
          0.814218,
          0.019971,
          -0.580216,
          1.615293
        ],
        [
          0.579227,
          -0.095613,
          0.809539,
          1.27458
        ],
        [
          -0.039308,
          -0.995218,
          -0.089418,
          1.506326
        ],
        [
          0.0,
          0.0,
          0.0,
          1.0
        ]
      ]
    },
    {
      "file_path": "/media/NFS/ttao/scannet/posed_images/scene0523_00/00244.jpg",
      "transform_matrix": [
        [
          0.807172,
          0.053041,
          -0.587929,
          1.594402
        ],
        [
          0.589692,
          -0.118275,
          0.798921,
          1.254985
        ],
        [
          -0.027161,
          -0.991563,
          -0.126746,
          1.494391
        ],
        [
          0.0,
          0.0,
          0.0,
          1.0
        ]
      ]
    },
    {
      "file_path": "/media/NFS/ttao/scannet/posed_images/scene0523_00/00247.jpg",
      "transform_matrix": [
        [
          0.810243,
          0.060862,
          -0.582925,
          1.59055
        ],
        [
          0.585073,
          -0.142691,
          0.798329,
          1.251904
        ],
        [
          -0.03459,
          -0.987894,
          -0.151224,
          1.485727
        ],
        [
          0.0,
          0.0,
          0.0,
          1.0
        ]
      ]
    },
    {
      "file_path": "/media/NFS/ttao/scannet/posed_images/scene0523_00/00252.jpg",
      "transform_matrix": [
        [
          0.809416,
          0.071037,
          -0.582923,
          1.586141
        ],
        [
          0.586066,
          -0.160353,
          0.794238,
          1.245802
        ],
        [
          -0.037053,
          -0.9845,
          -0.171424,
          1.477813
        ],
        [
          0.0,
          0.0,
          0.0,
          1.0
        ]
      ]
    },
    {
      "file_path": "/media/NFS/ttao/scannet/posed_images/scene0523_00/00254.jpg",
      "transform_matrix": [
        [
          0.810762,
          0.071,
          -0.581054,
          1.586426
        ],
        [
          0.584113,
          -0.163305,
          0.795075,
          1.24386
        ],
        [
          -0.038439,
          -0.984017,
          -0.173874,
          1.473093
        ],
        [
          0.0,
          0.0,
          0.0,
          1.0
        ]
      ]
    },
    {
      "file_path": "/media/NFS/ttao/scannet/posed_images/scene0523_00/00259.jpg",
      "transform_matrix": [
        [
          0.822905,
          0.073266,
          -0.563435,
          1.587297
        ],
        [
          0.567083,
          -0.167485,
          0.806453,
          1.237549
        ],
        [
          -0.035282,
          -0.983148,
          -0.179372,
          1.466849
        ],
        [
          0.0,
          0.0,
          0.0,
          1.0
        ]
      ]
    },
    {
      "file_path": "/media/NFS/ttao/scannet/posed_images/scene0523_00/00264.jpg",
      "transform_matrix": [
        [
          0.823813,
          0.086891,
          -0.560162,
          1.587687
        ],
        [
          0.566395,
          -0.166243,
          0.807193,
          1.230223
        ],
        [
          -0.022985,
          -0.982249,
          -0.186167,
          1.45842
        ],
        [
          0.0,
          0.0,
          0.0,
          1.0
        ]
      ]
    },
    {
      "file_path": "/media/NFS/ttao/scannet/posed_images/scene0523_00/00267.jpg",
      "transform_matrix": [
        [
          0.823024,
          0.098967,
          -0.559318,
          1.586369
        ],
        [
          0.567639,
          -0.178743,
          0.80364,
          1.22804
        ],
        [
          -0.02044,
          -0.978906,
          -0.203287,
          1.455959
        ],
        [
          0.0,
          0.0,
          0.0,
          1.0
        ]
      ]
    },
    {
      "file_path": "/media/NFS/ttao/scannet/posed_images/scene0523_00/00275.jpg",
      "transform_matrix": [
        [
          0.809128,
          0.150621,
          -0.568001,
          1.581313
        ],
        [
          0.587611,
          -0.215774,
          0.779843,
          1.225093
        ],
        [
          -0.0051,
          -0.964756,
          -0.263095,
          1.426433
        ],
        [
          0.0,
          0.0,
          0.0,
          1.0
        ]
      ]
    },
    {
      "file_path": "/media/NFS/ttao/scannet/posed_images/scene0523_00/00276.jpg",
      "transform_matrix": [
        [
          0.809512,
          0.160058,
          -0.564864,
          1.580527
        ],
        [
          0.587102,
          -0.22221,
          0.778418,
          1.225651
        ],
        [
          -0.000927,
          -0.961771,
          -0.273852,
          1.422629
        ],
        [
          0.0,
          0.0,
          0.0,
          1.0
        ]
      ]
    },
    {
      "file_path": "/media/NFS/ttao/scannet/posed_images/scene0523_00/00285.jpg",
      "transform_matrix": [
        [
          0.810759,
          0.210227,
          -0.546328,
          1.568311
        ],
        [
          0.58538,
          -0.291824,
          0.756418,
          1.233937
        ],
        [
          -0.000412,
          -0.933083,
          -0.359662,
          1.395378
        ],
        [
          0.0,
          0.0,
          0.0,
          1.0
        ]
      ]
    },
    {
      "file_path": "/media/NFS/ttao/scannet/posed_images/scene0523_00/00289.jpg",
      "transform_matrix": [
        [
          0.811283,
          0.21164,
          -0.545004,
          1.571487
        ],
        [
          0.584599,
          -0.306487,
          0.751206,
          1.234673
        ],
        [
          -0.008051,
          -0.928048,
          -0.372372,
          1.383993
        ],
        [
          0.0,
          0.0,
          0.0,
          1.0
        ]
      ]
    },
    {
      "file_path": "/media/NFS/ttao/scannet/posed_images/scene0523_00/00293.jpg",
      "transform_matrix": [
        [
          0.821652,
          0.213798,
          -0.528374,
          1.56842
        ],
        [
          0.56992,
          -0.322709,
          0.755679,
          1.243575
        ],
        [
          -0.008948,
          -0.922035,
          -0.387002,
          1.374645
        ],
        [
          0.0,
          0.0,
          0.0,
          1.0
        ]
      ]
    },
    {
      "file_path": "/media/NFS/ttao/scannet/posed_images/scene0523_00/00295.jpg",
      "transform_matrix": [
        [
          0.824067,
          0.212152,
          -0.525267,
          1.567306
        ],
        [
          0.566405,
          -0.324897,
          0.757382,
          1.245661
        ],
        [
          -0.009977,
          -0.921647,
          -0.387901,
          1.373906
        ],
        [
          0.0,
          0.0,
          0.0,
          1.0
        ]
      ]
    },
    {
      "file_path": "/media/NFS/ttao/scannet/posed_images/scene0523_00/00299.jpg",
      "transform_matrix": [
        [
          0.825999,
          0.211644,
          -0.522429,
          1.566807
        ],
        [
          0.563637,
          -0.320275,
          0.761405,
          1.245543
        ],
        [
          -0.006175,
          -0.92338,
          -0.383838,
          1.369733
        ],
        [
          0.0,
          0.0,
          0.0,
          1.0
        ]
      ]
    },
    {
      "file_path": "/media/NFS/ttao/scannet/posed_images/scene0523_00/00303.jpg",
      "transform_matrix": [
        [
          0.816689,
          0.228642,
          -0.52985,
          1.565681
        ],
        [
          0.576975,
          -0.340853,
          0.74224,
          1.246525
        ],
        [
          -0.010893,
          -0.911889,
          -0.410291,
          1.36459
        ],
        [
          0.0,
          0.0,
          0.0,
          1.0
        ]
      ]
    },
    {
      "file_path": "/media/NFS/ttao/scannet/posed_images/scene0523_00/00307.jpg",
      "transform_matrix": [
        [
          0.785751,
          0.234728,
          -0.572274,
          1.568851
        ],
        [
          0.617137,
          -0.359845,
          0.699753,
          1.241477
        ],
        [
          -0.041678,
          -0.903003,
          -0.427608,
          1.35813
        ],
        [
          0.0,
          0.0,
          0.0,
          1.0
        ]
      ]
    },
    {
      "file_path": "/media/NFS/ttao/scannet/posed_images/scene0523_00/00314.jpg",
      "transform_matrix": [
        [
          0.769308,
          0.261808,
          -0.582771,
          1.577436
        ],
        [
          0.636647,
          -0.390336,
          0.665071,
          1.227961
        ],
        [
          -0.053356,
          -0.882663,
          -0.466967,
          1.330894
        ],
        [
          0.0,
          0.0,
          0.0,
          1.0
        ]
      ]
    },
    {
      "file_path": "/media/NFS/ttao/scannet/posed_images/scene0523_00/00319.jpg",
      "transform_matrix": [
        [
          0.773093,
          0.29013,
          -0.564049,
          1.579346
        ],
        [
          0.632874,
          -0.412252,
          0.655377,
          1.217801
        ],
        [
          -0.042386,
          -0.863639,
          -0.502325,
          1.312367
        ],
        [
          0.0,
          0.0,
          0.0,
          1.0
        ]
      ]
    },
    {
      "file_path": "/media/NFS/ttao/scannet/posed_images/scene0523_00/00321.jpg",
      "transform_matrix": [
        [
          0.773383,
          0.30084,
          -0.558008,
          1.579021
        ],
        [
          0.632497,
          -0.42552,
          0.64721,
          1.214654
        ],
        [
          -0.042737,
          -0.85348,
          -0.51937,
          1.304395
        ],
        [
          0.0,
          0.0,
          0.0,
          1.0
        ]
      ]
    },
    {
      "file_path": "/media/NFS/ttao/scannet/posed_images/scene0523_00/00326.jpg",
      "transform_matrix": [
        [
          0.770796,
          0.32828,
          -0.54599,
          1.574823
        ],
        [
          0.63566,
          -0.453527,
          0.6247,
          1.200647
        ],
        [
          -0.042545,
          -0.82858,
          -0.558251,
          1.280863
        ],
        [
          0.0,
          0.0,
          0.0,
          1.0
        ]
      ]
    },
    {
      "file_path": "/media/NFS/ttao/scannet/posed_images/scene0523_00/00333.jpg",
      "transform_matrix": [
        [
          0.789013,
          0.364112,
          -0.494855,
          1.5545
        ],
        [
          0.613321,
          -0.513998,
          0.599702,
          1.19332
        ],
        [
          -0.035996,
          -0.776678,
          -0.628868,
          1.256187
        ],
        [
          0.0,
          0.0,
          0.0,
          1.0
        ]
      ]
    },
    {
      "file_path": "/media/NFS/ttao/scannet/posed_images/scene0523_00/00338.jpg",
      "transform_matrix": [
        [
          0.787787,
          0.378921,
          -0.485602,
          1.550321
        ],
        [
          0.615081,
          -0.525747,
          0.587592,
          1.190507
        ],
        [
          -0.032653,
          -0.761583,
          -0.647245,
          1.243611
        ],
        [
          0.0,
          0.0,
          0.0,
          1.0
        ]
      ]
    },
    {
      "file_path": "/media/NFS/ttao/scannet/posed_images/scene0523_00/00342.jpg",
      "transform_matrix": [
        [
          0.769643,
          0.385829,
          -0.50871,
          1.558361
        ],
        [
          0.636635,
          -0.524202,
          0.565604,
          1.188891
        ],
        [
          -0.048441,
          -0.759176,
          -0.649081,
          1.231076
        ],
        [
          0.0,
          0.0,
          0.0,
          1.0
        ]
      ]
    },
    {
      "file_path": "/media/NFS/ttao/scannet/posed_images/scene0523_00/00345.jpg",
      "transform_matrix": [
        [
          0.761005,
          0.399484,
          -0.511159,
          1.558797
        ],
        [
          0.647227,
          -0.521402,
          0.556091,
          1.189263
        ],
        [
          -0.044369,
          -0.754024,
          -0.655346,
          1.22541
        ],
        [
