{
  "frames": [
    {
      "file_path": "/media/NFS/ttao/scannet/posed_images/scene0229_02/00000.jpg",
      "transform_matrix": [
        [
          0.98208,
          0.139417,
          -0.126813,
          3.555982
        ],
        [
          0.183941,
          -0.562534,
          0.806053,
          1.907577
        ],
        [
          0.041041,
          -0.814935,
          -0.578098,
          1.409916
        ],
        [
          0.0,
          0.0,
          0.0,
          1.0
        ]
      ]
    },
    {
      "file_path": "/media/NFS/ttao/scannet/posed_images/scene0229_02/00002.jpg",
      "transform_matrix": [
        [
          0.984015,
          0.14436,
          -0.104279,
          3.552027
        ],
        [
          0.167498,
          -0.55138,
          0.817267,
          1.902595
        ],
        [
          0.060484,
          -0.821669,
          -0.566746,
          1.410952
        ],
        [
          0.0,
          0.0,
          0.0,
          1.0
        ]
      ]
    },
    {
      "file_path": "/media/NFS/ttao/scannet/posed_images/scene0229_02/00005.jpg",
      "transform_matrix": [
        [
          0.986207,
          0.140459,
          -0.087556,
          3.554648
        ],
        [
          0.151448,
          -0.552386,
          0.819715,
          1.901157
        ],
        [
          0.066772,
          -0.82167,
          -0.566039,
          1.409143
        ],
        [
          0.0,
          0.0,
          0.0,
          1.0
        ]
      ]
    },
    {
      "file_path": "/media/NFS/ttao/scannet/posed_images/scene0229_02/00009.jpg",
      "transform_matrix": [
        [
          0.990379,
          0.122879,
          -0.063635,
          3.563469
        ],
        [
          0.121269,
          -0.549218,
          0.826834,
          1.899429
        ],
        [
          0.066652,
          -0.826596,
          -0.558835,
          1.409135
        ],
        [
          0.0,
          0.0,
          0.0,
          1.0
        ]
      ]
    },
    {
      "file_path": "/media/NFS/ttao/scannet/posed_images/scene0229_02/00010.jpg",
      "transform_matrix": [
        [
          0.990659,
          0.120033,
          -0.06471,
          3.573045
        ],
        [
          0.120408,
          -0.547225,
          0.82828,
          1.899487
        ],
        [
          0.06401,
          -0.828334,
          -0.556566,
          1.408128
        ],
        [
          0.0,
          0.0,
          0.0,
          1.0
        ]
      ]
    },
    {
      "file_path": "/media/NFS/ttao/scannet/posed_images/scene0229_02/00015.jpg",
      "transform_matrix": [
        [
          0.992326,
          0.123526,
          0.005455,
          3.583508
        ],
        [
          0.06962,
          -0.594649,
          0.800966,
          1.90027
        ],
        [
          0.102184,
          -0.794439,
          -0.598686,
          1.376198
        ],
        [
          0.0,
          0.0,
          0.0,
          1.0
        ]
      ]
    },
    {
      "file_path": "/media/NFS/ttao/scannet/posed_images/scene0229_02/00018.jpg",
      "transform_matrix": [
        [
          0.993313,
          0.111243,
          0.03088,
          3.590471
        ],
        [
          0.046817,
          -0.632632,
          0.773036,
          1.901468
        ],
        [
          0.105531,
          -0.766421,
          -0.63361,
          1.360293
        ],
        [
          0.0,
          0.0,
          0.0,
          1.0
        ]
      ]
    },
    {
      "file_path": "/media/NFS/ttao/scannet/posed_images/scene0229_02/00019.jpg",
      "transform_matrix": [
        [
          0.993417,
          0.108977,
          0.03532,
          3.594958
        ],
        [
          0.042522,
          -0.637074,
          0.769629,
          1.899966
        ],
        [
          0.106373,
          -0.76306,
          -0.637514,
          1.356263
        ],
        [
          0.0,
          0.0,
          0.0,
          1.0
        ]
      ]
    },
    {
      "file_path": "/media/NFS/ttao/scannet/posed_images/scene0229_02/00022.jpg",
      "transform_matrix": [
        [
          0.994347,
          0.099353,
          0.037462,
          3.651139
        ],
        [
          0.040654,
          -0.682155,
          0.730077,
          1.887922
        ],
        [
          0.09809,
          -0.724427,
          -0.682337,
          1.337321
        ],
        [
          0.0,
          0.0,
          0.0,
          1.0
        ]
      ]
    },
    {
      "file_path": "/media/NFS/ttao/scannet/posed_images/scene0229_02/00026.jpg",
      "transform_matrix": [
        [
          0.994074,
          0.090952,
          0.059541,
          3.688985
        ],
        [
          0.025581,
          -0.728053,
          0.685044,
          1.869661
        ],
        [
          0.105655,
          -0.679461,
          -0.726065,
          1.325622
        ],
        [
          0.0,
          0.0,
          0.0,
          1.0
        ]
      ]
    },
    {
      "file_path": "/media/NFS/ttao/scannet/posed_images/scene0229_02/00028.jpg",
      "transform_matrix": [
        [
          0.995178,
          0.085392,
          0.048265,
          3.71425
        ],
        [
          0.030593,
          -0.737728,
          0.674404,
          1.857894
        ],
        [
          0.093195,
          -0.669676,
          -0.736783,
          1.323369
        ],
        [
          0.0,
          0.0,
          0.0,
          1.0
        ]
      ]
    },
    {
      "file_path": "/media/NFS/ttao/scannet/posed_images/scene0229_02/00031.jpg",
      "transform_matrix": [
        [
          0.996879,
          0.076568,
          0.019226,
          3.778987
        ],
        [
          0.04548,
          -0.756071,
          0.652907,
          1.826758
        ],
        [
          0.064528,
          -0.649995,
          -0.757194,
          1.314015
        ],
        [
          0.0,
          0.0,
          0.0,
          1.0
        ]
      ]
    },
    {
      "file_path": "/media/NFS/ttao/scannet/posed_images/scene0229_02/00032.jpg",
      "transform_matrix": [
        [
          0.996952,
          0.076606,
          0.014743,
          3.791344
        ],
        [
          0.048903,
          -0.760943,
          0.646973,
          1.816355
        ],
        [
          0.060781,
          -0.64428,
          -0.762371,
          1.309769
        ],
        [
          0.0,
          0.0,
          0.0,
          1.0
        ]
      ]
    },
    {
      "file_path": "/media/NFS/ttao/scannet/posed_images/scene0229_02/00036.jpg",
      "transform_matrix": [
        [
          0.997202,
          0.073134,
          -0.01548,
          3.857228
        ],
        [
          0.067323,
          -0.788605,
          0.611204,
          1.779617
        ],
        [
          0.032492,
          -0.610536,
          -0.791322,
          1.301731
        ],
        [
          0.0,
          0.0,
          0.0,
          1.0
        ]
      ]
    },
    {
      "file_path": "/media/NFS/ttao/scannet/posed_images/scene0229_02/00039.jpg",
      "transform_matrix": [
        [
          0.997158,
          0.069151,
          -0.029897,
          3.89979
        ],
        [
          0.073207,
          -0.795689,
          0.601265,
          1.757441
        ],
        [
          0.017789,
          -0.601745,
          -0.79849,
          1.300131
        ],
        [
          0.0,
          0.0,
          0.0,
          1.0
        ]
      ]
    },
    {
      "file_path": "/media/NFS/ttao/scannet/posed_images/scene0229_02/00042.jpg",
      "transform_matrix": [
        [
          0.996615,
          0.065403,
          -0.049803,
          3.959358
        ],
        [
          0.08217,
          -0.810687,
          0.579685,
          1.731916
        ],
        [
          -0.002462,
          -0.581815,
          -0.813317,
          1.298647
        ],
        [
          0.0,
          0.0,
          0.0,
          1.0
        ]
      ]
    },
    {
      "file_path": "/media/NFS/ttao/scannet/posed_images/scene0229_02/00045.jpg",
      "transform_matrix": [
        [
          0.996733,
          0.053728,
          -0.060311,
          3.981666
        ],
        [
          0.078411,
          -0.822833,
          0.562847,
          1.714055
        ],
        [
          -0.019385,
          -0.565737,
          -0.824358,
          1.291619
        ],
        [
          0.0,
          0.0,
          0.0,
          1.0
        ]
      ]
    },
    {
      "file_path": "/media/NFS/ttao/scannet/posed_images/scene0229_02/00047.jpg",
      "transform_matrix": [
        [
          0.995269,
          0.048426,
          -0.084225,
          3.99353
        ],
        [
          0.086783,
          -0.832862,
          0.546635,
          1.70624
        ],
        [
          -0.043677,
          -0.551358,
          -0.833124,
          1.287338
        ],
        [
          0.0,
          0.0,
          0.0,
          1.0
        ]
      ]
    },
    {
      "file_path": "/media/NFS/ttao/scannet/posed_images/scene0229_02/00049.jpg",
      "transform_matrix": [
        [
          0.993976,
          0.052842,
          -0.096018,
          3.994769
        ],
        [
          0.096369,
          -0.838655,
          0.53607,
          1.702913
        ],
        [
          -0.052199,
          -0.542093,
          -0.838695,
          1.283357
        ],
        [
          0.0,
          0.0,
          0.0,
          1.0
        ]
      ]
    },
    {
      "file_path": "/media/NFS/ttao/scannet/posed_images/scene0229_02/00052.jpg",
      "transform_matrix": [
        [
          0.985637,
          0.073512,
          -0.152038,
          3.994731
        ],
        [
          0.142806,
          -0.843374,
          0.518003,
          1.718392
        ],
        [
          -0.090145,
          -0.532275,
          -0.841758,
          1.297202
        ],
        [
          0.0,
          0.0,
          0.0,
          1.0
        ]
      ]
    },
    {
      "file_path": "/media/NFS/ttao/scannet/posed_images/scene0229_02/00056.jpg",
      "transform_matrix": [
        [
          0.971677,
          0.127086,
          -0.199228,
          3.97461
        ],
        [
          0.217799,
          -0.808728,
          0.546372,
          1.735721
        ],
        [
          -0.091685,
          -0.574289,
          -0.813502,
          1.314899
        ],
        [
          0.0,
          0.0,
          0.0,
          1.0
        ]
      ]
    },
    {
      "file_path": "/media/NFS/ttao/scannet/posed_images/scene0229_02/00057.jpg",
      "transform_matrix": [
        [
          0.967532,
          0.138707,
          -0.211287,
          3.970835
        ],
        [
          0.235228,
          -0.799988,
          0.551984,
          1.738663
        ],
        [
          -0.092463,
          -0.583763,
          -0.806642,
          1.317814
        ],
        [
          0.0,
          0.0,
          0.0,
          1.0
        ]
      ]
    },
    {
      "file_path": "/media/NFS/ttao/scannet/posed_images/scene0229_02/00062.jpg",
      "transform_matrix": [
        [
          0.94455,
          0.189826,
          -0.267938,
          3.952122
        ],
        [
          0.317113,
          -0.739112,
          0.594267,
          1.766593
        ],
        [
          -0.085228,
          -0.646281,
          -0.758325,
          1.340239
        ],
        [
          0.0,
          0.0,
          0.0,
          1.0
        ]
      ]
    },
    {
      "file_path": "/media/NFS/ttao/scannet/posed_images/scene0229_02/00063.jpg",
      "transform_matrix": [
        [
          0.941501,
          0.198168,
          -0.27259,
          3.948094
        ],
        [
          0.327447,
          -0.729227,
          0.600839,
          1.775089
        ],
        [
          -0.079713,
          -0.654949,
          -0.751457,
          1.346178
        ],
        [
          0.0,
          0.0,
          0.0,
          1.0
        ]
      ]
    },
    {
      "file_path": "/media/NFS/ttao/scannet/posed_images/scene0229_02/00066.jpg",
      "transform_matrix": [
        [
          0.920914,
          0.226553,
          -0.317163,
          3.935179
        ],
        [
          0.383806,
          -0.668866,
          0.63664,
          1.820266
        ],
        [
          -0.067907,
          -0.708019,
          -0.70292,
          1.367393
        ],
        [
          0.0,
          0.0,
          0.0,
          1.0
        ]
      ]
    },
    {
      "file_path": "/media/NFS/ttao/scannet/posed_images/scene0229_02/00070.jpg",
      "transform_matrix": [
        [
          0.901459,
          0.25089,
          -0.352742,
          3.926623
        ],
        [
          0.430579,
          -0.603364,
          0.671233,
          1.859435
        ],
        [
          -0.044426,
          -0.756972,
          -0.651935,
          1.383887
        ],
        [
          0.0,
          0.0,
          0.0,
          1.0
        ]
      ]
    },
    {
      "file_path": "/media/NFS/ttao/scannet/posed_images/scene0229_02/00072.jpg",
      "transform_matrix": [
        [
          0.893279,
          0.260881,
          -0.366052,
          3.924824
        ],
        [
          0.449086,
          -0.553017,
          0.701779,
          1.897741
        ],
        [
          -0.019352,
          -0.791273,
          -0.611157,
          1.394962
        ],
        [
          0.0,
          0.0,
          0.0,
          1.0
        ]
      ]
    },
    {
      "file_path": "/media/NFS/ttao/scannet/posed_images/scene0229_02/00074.jpg",
      "transform_matrix": [
        [
          0.888253,
          0.264255,
          -0.375733,
          3.929427
        ],
        [
          0.459318,
          -0.521159,
          0.719319,
          1.929209
        ],
        [
          -0.005733,
          -0.811519,
          -0.584298,
          1.408087
        ],
        [
          0.0,
          0.0,
          0.0,
          1.0
        ]
      ]
    },
    {
      "file_path": "/media/NFS/ttao/scannet/posed_images/scene0229_02/00077.jpg",
      "transform_matrix": [
        [
          0.888912,
          0.250586,
          -0.38346,
          3.940658
        ],
        [
          0.457866,
          -0.460633,
          0.760379,
          1.983348
        ],
        [
          0.013906,
          -0.851484,
          -0.524197,
          1.432449
        ],
        [
          0.0,
          0.0,
          0.0,
          1.0
        ]
      ]
    },
    {
      "file_path": "/media/NFS/ttao/scannet/posed_images/scene0229_02/00081.jpg",
      "transform_matrix": [
        [
          0.893788,
          0.227382,
          -0.386576,
          3.957872
        ],
        [
          0.447819,
          -0.405325,
          0.796976,
          2.033692
        ],
        [
          0.024529,
          -0.885443,
          -0.4641,
          1.462642
        ],
        [
          0.0,
          0.0,
          0.0,
          1.0
        ]
      ]
    },
    {
      "file_path": "/media/NFS/ttao/scannet/posed_images/scene0229_02/00083.jpg",
      "transform_matrix": [
        [
          0.890697,
          0.213003,
          -0.401606,
          3.972622
        ],
        [
          0.454314,
          -0.385966,
          0.802888,
          2.047854
        ],
        [
          0.016011,
          -0.897586,
          -0.440549,
          1.472392
        ],
        [
          0.0,
          0.0,
          0.0,
          1.0
        ]
      ]
    },
    {
      "file_path": "/media/NFS/ttao/scannet/posed_images/scene0229_02/00085.jpg",
      "transform_matrix": [
        [
          0.88749,
          0.200273,
          -0.415032,
          3.987488
        ],
        [
          0.460695,
          -0.36412,
          0.809429,
          2.063216
        ],
        [
          0.010985,
          -0.909564,
          -0.415418,
          1.485309
        ],
        [
          0.0,
          0.0,
          0.0,
          1.0
        ]
      ]
    },
    {
      "file_path": "/media/NFS/ttao/scannet/posed_images/scene0229_02/00087.jpg",
      "transform_matrix": [
        [
          0.875271,
          0.17966,
          -0.449024,
          4.01842
        ],
        [
          0.483631,
          -0.327848,
          0.811552,
          2.078686
        ],
        [
          -0.001408,
          -0.92749,
          -0.373845,
          1.503107
        ],
        [
          0.0,
          0.0,
          0.0,
          1.0
        ]
      ]
    },
    {
      "file_path": "/media/NFS/ttao/scannet/posed_images/scene0229_02/00092.jpg",
      "transform_matrix": [
        [
          0.797533,
          0.179709,
          -0.575887,
          4.104036
        ],
        [
          0.602973,
          -0.207212,
          0.770381,
          2.094732
        ],
        [
          0.019114,
          -0.961648,
          -0.273618,
          1.535908
        ],
        [
          0.0,
          0.0,
          0.0,
          1.0
        ]
      ]
    },
    {
      "file_path": "/media/NFS/ttao/scannet/posed_images/scene0229_02/00095.jpg",
      "transform_matrix": [
        [
          0.76,
          0.187502,
          -0.622289,
          4.142671
        ],
        [
          0.648109,
          -0.147157,
          0.747194,
          2.095752
        ],
        [
          0.048526,
          -0.971178,
          -0.233361,
          1.557012
        ],
        [
          0.0,
          0.0,
          0.0,
          1.0
        ]
      ]
    },
    {
      "file_path": "/media/NFS/ttao/scannet/posed_images/scene0229_02/00097.jpg",
      "transform_matrix": [
        [
          0.736622,
          0.186586,
          -0.650056,
          4.181437
        ],
        [
          0.672955,
          -0.106671,
          0.731952,
          2.106406
        ],
        [
          0.067229,
          -0.97663,
          -0.20414,
          1.57617
        ],
        [
          0.0,
          0.0,
          0.0,
          1.0
        ]
      ]
    },
    {
      "file_path": "/media/NFS/ttao/scannet/posed_images/scene0229_02/00100.jpg",
      "transform_matrix": [
        [
          0.747683,
          0.182116,
          -0.638595,
          4.194508
        ],
        [
          0.658767,
          -0.082281,
          0.747835,
          2.074219
        ],
        [
          0.083648,
          -0.979828,
          -0.181492,
          1.553035
        ],
        [
          0.0,
          0.0,
          0.0,
          1.0
        ]
      ]
    },
    {
      "file_path": "/media/NFS/ttao/scannet/posed_images/scene0229_02/00101.jpg",
      "transform_matrix": [
        [
          0.750426,
          0.182122,
          -0.635368,
          4.207219
        ],
        [
          0.655272,
          -0.079209,
          0.751229,
          2.077193
        ],
        [
          0.086489,
          -0.98008,
          -0.17878,
          1.572871
        ],
        [
          0.0,
          0.0,
          0.0,
          1.0
        ]
      ]
    },
    {
      "file_path": "/media/NFS/ttao/scannet/posed_images/scene0229_02/00105.jpg",
      "transform_matrix": [
        [
          0.733453,
          0.161191,
          -0.660351,
          4.234579
        ],
        [
          0.67393,
          -0.045693,
          0.737381,
          2.09063
        ],
        [
          0.088686,
          -0.985865,
          -0.142144,
          1.57855
        ],
        [
          0.0,
          0.0,
          0.0,
          1.0
        ]
      ]
    },
    {
      "file_path": "/media/NFS/ttao/scannet/posed_images/scene0229_02/00107.jpg",
      "transform_matrix": [
        [
          0.724705,
          0.136318,
          -0.67544,
          4.250142
        ],
        [
          0.684895,
          -0.034897,
          0.727806,
          2.107524
        ],
        [
          0.075642,
          -0.99005,
          -0.118654,
          1.597944
        ],
        [
          0.0,
          0.0,
          0.0,
          1.0
        ]
      ]
    },
    {
      "file_path": "/media/NFS/ttao/scannet/posed_images/scene0229_02/00110.jpg",
      "transform_matrix": [
        [
          0.70673,
          0.084256,
          -0.702448,
          4.275738
        ],
        [
          0.705112,
          -0.002656,
          0.709091,
          2.119727
        ],
        [
          0.057879,
          -0.99644,
          -0.061287,
          1.583108
        ],
        [
          0.0,
          0.0,
          0.0,
          1.0
        ]
      ]
    },
    {
      "file_path": "/media/NFS/ttao/scannet/posed_images/scene0229_02/00114.jpg",
      "transform_matrix": [
        [
          0.670969,
          0.020072,
          -0.741214,
          4.295322
        ],
        [
          0.74086,
          0.022907,
          0.671269,
          2.159199
        ],
        [
          0.030452,
          -0.999536,
          0.000499,
          1.604705
        ],
        [
          0.0,
          0.0,
          0.0,
          1.0
        ]
      ]
    },
    {
      "file_path": "/media/NFS/ttao/scannet/posed_images/scene0229_02/00116.jpg",
      "transform_matrix": [
        [
          0.658322,
          0.002003,
          -0.752734,
          4.303223
        ],
        [
          0.752396,
          0.028331,
          0.658102,
          2.179421
        ],
        [
          0.022644,
          -0.999597,
          0.017143,
          1.636636
        ],
        [
          0.0,
          0.0,
          0.0,
          1.0
        ]
      ]
    },
    {
      "file_path": "/media/NFS/ttao/scannet/posed_images/scene0229_02/00118.jpg",
      "transform_matrix": [
        [
          0.641358,
          -0.014426,
          -0.767105,
          4.315732
        ],
        [
          0.767166,
          0.026099,
          0.640918,
          2.198483
        ],
        [
          0.010775,
          -0.999555,
          0.027806,
          1.661797
        ],
        [
          0.0,
          0.0,
          0.0,
          1.0
        ]
      ]
    },
    {
      "file_path": "/media/NFS/ttao/scannet/posed_images/scene0229_02/00121.jpg",
      "transform_matrix": [
        [
          0.620198,
          -0.020058,
          -0.784189,
          4.336852
        ],
        [
          0.784372,
          0.002182,
          0.620287,
          2.207145
        ],
        [
          -0.01073,
          -0.999796,
          0.017086,
          1.593449
        ],
        [
          0.0,
          0.0,
          0.0,
          1.0
        ]
      ]
    },
    {
      "file_path": "/media/NFS/ttao/scannet/posed_images/scene0229_02/00124.jpg",
      "transform_matrix": [
        [
          0.592945,
          -0.032127,
          -0.804601,
          4.351451
        ],
        [
          0.805006,
          -0.000545,
          0.593266,
          2.2144
        ],
        [
          -0.019498,
          -0.999484,
          0.025539,
          1.592312
        ],
        [
          0.0,
          0.0,
          0.0,
          1.0
        ]
      ]
    },
    {
      "file_path": "/media/NFS/ttao/scannet/posed_images/scene0229_02/00127.jpg",
      "transform_matrix": [
        [
          0.530936,
          -0.026226,
          -0.847006,
          4.388189
        ],
        [
          0.84709,
          -0.011125,
          0.531333,
          2.247192
        ],
        [
          -0.023358,
          -0.999594,
          0.016309,
          1.599672
        ],
        [
          0.0,
          0.0,
          0.0,
          1.0
        ]
      ]
    },
    {
      "file_path": "/media/NFS/ttao/scannet/posed_images/scene0229_02/00130.jpg",
      "transform_matrix": [
        [
          0.464544,
          -0.014146,
          -0.885437,
          4.415206
        ],
        [
          0.885167,
          -0.021977,
          0.464754,
          2.274483
        ],
        [
          -0.026033,
          -0.999658,
          0.002313,
          1.624208
        ],
        [
          0.0,
          0.0,
          0.0,
          1.0
        ]
      ]
    },
    {
      "file_path": "/media/NFS/ttao/scannet/posed_images/scene0229_02/00131.jpg",
      "transform_matrix": [
        [
          0.403205,
          -0.024954,
          -0.914769,
          4.440702
        ],
        [
          0.914658,
          -0.020423,
          0.403713,
          2.305875
        ],
        [
          -0.028756,
          -0.99948,
          0.01459,
          1.601524
        ],
        [
          0.0,
          0.0,
          0.0,
          1.0
        ]
      ]
    },
    {
      "file_path": "/media/NFS/ttao/scannet/posed_images/scene0229_02/00134.jpg",
      "transform_matrix": [
        [
          0.302907,
          -0.005926,
          -0.953002,
          4.478715
        ],
        [
          0.952856,
          -0.01665,
          0.302964,
          2.36801
        ],
        [
          -0.017663,
          -0.999844,
          0.000604,
          1.622689
        ],
        [
          0.0,
          0.0,
          0.0,
          1.0
        ]
      ]
    },
    {
      "file_path": "/media/NFS/ttao/scannet/posed_images/scene0229_02/00137.jpg",
      "transform_matrix": [
        [
          0.196471,
          0.00553,
          -0.980494,
          4.518056
        ],
        [
          0.980495,
          -0.006523,
          0.196435,
          2.423765
        ],
        [
          -0.005309,
          -0.999963,
          -0.006704,
          1.619384
        ],
        [
          0.0,
          0.0,
          0.0,
          1.0
        ]
      ]
    },
    {
      "file_path": "/media/NFS/ttao/scannet/posed_images/scene0229_02/00140.jpg",
      "transform_matrix": [
        [
          0.177959,
          0.023909,
          -0.983747,
          4.490826
        ],
        [
          0.983983,
          -0.014936,
          0.177639,
          2.342305
        ],
        [
          -0.010446,
          -0.999603,
          -0.026184,
          1.620237
        ],
        [
          0.0,
          0.0,
          0.0,
          1.0
        ]
      ]
    },
    {
      "file_path": "/media/NFS/ttao/scannet/posed_images/scene0229_02/00142.jpg",
      "transform_matrix": [
        [
          0.10191,
          0.031446,
          -0.994296,
          4.513934
        ],
        [
          0.994504,
          -0.027351,
          0.101066,
          2.391067
        ],
        [
          -0.024017,
          -0.999131,
          -0.034061,
          1.611769
        ],
        [
          0.0,
          0.0,
          0.0,
          1.0
        ]
      ]
    },
    {
      "file_path": "/media/NFS/ttao/scannet/posed_images/scene0229_02/00147.jpg",
      "transform_matrix": [
        [
          -0.010972,
          0.048172,
          -0.998779,
          4.53624
        ],
        [
          0.999777,
          -0.017475,
          -0.011826,
          2.429404
        ],
        [
          -0.018023,
          -0.998686,
          -0.04797,
          1.588274
        ],
        [
          0.0,
          0.0,
          0.0,
          1.0
        ]
      ]
    },
    {
      "file_path": "/media/NFS/ttao/scannet/posed_images/scene0229_02/00149.jpg",
      "transform_matrix": [
        [
          -0.029659,
          0.043169,
          -0.998627,
          4.548173
        ],
        [
          0.999556,
          -0.00143,
          -0.029748,
          2.414234
        ],
        [
          -0.002713,
          -0.999067,
          -0.043107,
          1.577106
        ],
        [
          0.0,
          0.0,
          0.0,
          1.0
        ]
      ]
    },
    {
      "file_path": "/media/NFS/ttao/scannet/posed_images/scene0229_02/00152.jpg",
      "transform_matrix": [
        [
          -0.031487,
          0.022061,
          -0.999261,
          4.530146
        ],
        [
          0.999491,
          -0.004475,
          -0.031593,
          2.247863
        ],
        [
          -0.005169,
          -0.999747,
          -0.021908,
          1.536015
        ],
        [
          0.0,
          0.0,
          0.0,
          1.0
        ]
      ]
    },
    {
      "file_path": "/media/NFS/ttao/scannet/posed_images/scene0229_02/00153.jpg",
      "transform_matrix": [
        [
          -0.050251,
          0.023039,
          -0.998471,
          4.530949
        ],
        [
          0.998721,
          -0.00453,
          -0.050368,
          2.250059
        ],
        [
          -0.005684,
          -0.999724,
          -0.022781,
          1.540952
        ],
        [
          0.0,
          0.0,
          0.0,
          1.0
        ]
      ]
    },
    {
      "file_path": "/media/NFS/ttao/scannet/posed_images/scene0229_02/00156.jpg",
      "transform_matrix": [
        [
          -0.133334,
          0.031044,
          -0.990585,
          4.54201
        ],
        [
          0.991071,
          0.004598,
          -0.133255,
          2.265401
        ],
        [
          0.000418,
          -0.999507,
          -0.03138,
          1.521572
        ],
        [
          0.0,
          0.0,
          0.0,
          1.0
        ]
      ]
    },
    {
      "file_path": "/media/NFS/ttao/scannet/posed_images/scene0229_02/00161.jpg",
      "transform_matrix": [
        [
          -0.166731,
          0.070698,
          -0.983465,
          4.54476
        ],
        [
          0.985208,
          -0.028087,
          -0.169046,
          2.092305
        ],
        [
          -0.039574,
          -0.997102,
          -0.064969,
          1.594833
        ],
        [
          0.0,
          0.0,
          0.0,
          1.0
        ]
      ]
    },
    {
      "file_path": "/media/NFS/ttao/scannet/posed_images/scene0229_02/00162.jpg",
      "transform_matrix": [
        [
          -0.183301,
          0.067965,
          -0.980705,
          4.544788
        ],
        [
          0.982134,
          -0.030567,
          -0.185686,
          2.091568
        ],
        [
          -0.042597,
          -0.997219,
          -0.061148,
          1.597405
        ],
        [
          0.0,
          0.0,
          0.0,
          1.0
        ]
      ]
    },
    {
      "file_path": "/media/NFS/ttao/scannet/posed_images/scene0229_02/00166.jpg",
      "transform_matrix": [
        [
          -0.268654,
          0.037182,
          -0.962519,
          4.552036
        ],
        [
          0.962702,
          -0.022932,
          -0.269591,
          2.083132
        ],
        [
          -0.032097,
          -0.999045,
          -0.029634,
          1.58558
        ],
        [
          0.0,
          0.0,
          0.0,
          1.0
        ]
      ]
    },
    {
      "file_path": "/media/NFS/ttao/scannet/posed_images/scene0229_02/00168.jpg",
      "transform_matrix": [
        [
          -0.290822,
          0.032764,
          -0.956216,
          4.554794
        ],
        [
          0.95647,
          -0.015365,
          -0.291426,
          2.073609
        ],
        [
          -0.024241,
          -0.999345,
          -0.02687,
          1.584892
        ],
        [
          0.0,
          0.0,
          0.0,
          1.0
        ]
      ]
    },
    {
      "file_path": "/media/NFS/ttao/scannet/posed_images/scene0229_02/00171.jpg",
      "transform_matrix": [
        [
          -0.328063,
          0.037102,
          -0.943927,
          4.559266
        ],
        [
          0.944431,
          -0.008914,
          -0.328589,
          2.052811
        ],
        [
          -0.020606,
          -0.999272,
          -0.032115,
          1.605229
        ],
        [
          0.0,
          0.0,
          0.0,
          1.0
        ]
      ]
    },
    {
      "file_path": "/media/NFS/ttao/scannet/posed_images/scene0229_02/00174.jpg",
      "transform_matrix": [
        [
          -0.352167,
          0.026355,
          -0.935566,
          4.562069
        ],
        [
          0.935827,
          -0.005395,
          -0.352417,
          2.037716
        ],
        [
          -0.014336,
          -0.999638,
          -0.022764,
          1.60397
        ],
        [
          0.0,
          0.0,
          0.0,
          1.0
        ]
      ]
    },
    {
      "file_path": "/media/NFS/ttao/scannet/posed_images/scene0229_02/00177.jpg",
      "transform_matrix": [
        [
          -0.377382,
          0.031053,
          -0.925536,
          4.564541
        ],
        [
          0.925932,
          -0.003782,
          -0.377671,
          2.016586
        ],
        [
          -0.015228,
          -0.999511,
          -0.027325,
          1.592903
        ],
        [
          0.0,
          0.0,
          0.0,
          1.0
        ]
      ]
    },
    {
      "file_path": "/media/NFS/ttao/scannet/posed_images/scene0229_02/00178.jpg",
      "transform_matrix": [
        [
          -0.378238,
          0.035131,
          -0.925041,
          4.565845
        ],
        [
          0.925582,
          -0.002167,
          -0.378541,
          2.008554
        ],
        [
          -0.015303,
          -0.99938,
          -0.031697,
          1.590017
        ],
        [
          0.0,
          0.0,
          0.0,
          1.0
        ]
      ]
    },
    {
      "file_path": "/media/NFS/ttao/scannet/posed_images/scene0229_02/00183.jpg",
      "transform_matrix": [
        [
          -0.391105,
          0.113273,
          -0.913349,
          4.595753
        ],
        [
          0.919925,
          0.018107,
          -0.391676,
          1.954813
        ],
        [
          -0.027828,
          -0.993399,
          -0.111284,
          1.59244
        ],
        [
          0.0,
          0.0,
          0.0,
          1.0
        ]
      ]
    },
    {
      "file_path": "/media/NFS/ttao/scannet/posed_images/scene0229_02/00184.jpg",
      "transform_matrix": [
        [
          -0.388995,
          0.126474,
          -0.912517,
          4.598806
        ],
        [
          0.920763,
          0.021495,
          -0.38953,
          1.947037
        ],
        [
          -0.029651,
          -0.991737,
          -0.124814,
          1.595354
        ],
        [
          0.0,
          0.0,
          0.0,
          1.0
        ]
      ]
    },
    {
      "file_path": "/media/NFS/ttao/scannet/posed_images/scene0229_02/00188.jpg",
      "transform_matrix": [
        [
          -0.388852,
          0.209665,
          -0.897126,
          4.61067
        ],
        [
          0.920322,
          0.043537,
          -0.388731,
          1.909585
        ],
        [
          -0.042445,
          -0.976803,
          -0.209889,
          1.576605
        ],
        [
          0.0,
          0.0,
          0.0,
          1.0
        ]
      ]
    },
    {
      "file_path": "/media/NFS/ttao/scannet/posed_images/scene0229_02/00191.jpg",
      "transform_matrix": [
        [
          -0.361346,
          0.295061,
          -0.884516,
          4.604639
        ],
        [
          0.929171,
          0.034678,
          -0.368021,
          1.890637
        ],
        [
          -0.077915,
          -0.954849,
          -0.286693,
          1.57095
        ],
        [
          0.0,
          0.0,
          0.0,
          1.0
        ]
      ]
    },
    {
      "file_path": "/media/NFS/ttao/scannet/posed_images/scene0229_02/00193.jpg",
      "transform_matrix": [
        [
          -0.348889,
          0.324456,
          -0.879207,
          4.608707
        ],
        [
          0.933545,
          0.037953,
          -0.356446,
          1.880562
        ],
        [
          -0.082282,
          -0.945139,
          -0.316135,
          1.560712
        ],
        [
          0.0,
          0.0,
          0.0,
          1.0
        ]
      ]
    },
    {
      "file_path": "/media/NFS/ttao/scannet/posed_images/scene0229_02/00196.jpg",
      "transform_matrix": [
        [
          -0.332003,
          0.391222,
          -0.858323,
          4.620173
        ],
        [
          0.939064,
          0.05116,
          -0.339915,
          1.865066
        ],
        [
          -0.08907,
          -0.918873,
          -0.384368,
          1.532685
        ],
        [
          0.0,
          0.0,
          0.0,
          1.0
        ]
      ]
    },
    {
      "file_path": "/media/NFS/ttao/scannet/posed_images/scene0229_02/00197.jpg",
      "transform_matrix": [
        [
          -0.328972,
          0.408953,
          -0.851196,
          4.619046
        ],
        [
          0.939972,
          0.055215,
          -0.336755,
          1.861994
        ],
        [
          -0.090718,
          -0.910884,
          -0.402568,
          1.528208
        ],
        [
          0.0,
          0.0,
          0.0,
          1.0
        ]
      ]
    },
    {
      "file_path": "/media/NFS/ttao/scannet/posed_images/scene0229_02/00200.jpg",
      "transform_matrix": [
        [
          -0.303478,
          0.444199,
          -0.842964,
          4.657537
        ],
        [
          0.946381,
          0.037697,
          -0.320845,
          1.834242
        ],
        [
          -0.110742,
          -0.895135,
          -0.431822,
          1.455959
        ],
        [
          0.0,
          0.0,
          0.0,
          1.0
        ]
      ]
    },
    {
      "file_path": "/media/NFS/ttao/scannet/posed_images/scene0229_02/00203.jpg",
      "transform_matrix": [
        [
          -0.28671,
          0.509697,
          -0.811176,
          4.663904
        ],
        [
          0.951183,
          0.050492,
          -0.304469,
          1.831302
        ],
        [
          -0.11423,
          -0.858871,
          -0.499292,
          1.434109
        ],
        [
          0.0,
          0.0,
          0.0,
          1.0
        ]
      ]
    },
    {
      "file_path": "/media/NFS/ttao/scannet/posed_images/scene0229_02/00207.jpg",
      "transform_matrix": [
        [
          -0.259914,
          0.580225,
          -0.77187,
          4.675827
        ],
        [
          0.957757,
          0.053025,
          -0.282648,
          1.84193
        ],
        [
          -0.123072,
          -0.812728,
          -0.569497,
          1.409108
        ],
        [
          0.0,
          0.0,
          0.0,
          1.0
        ]
      ]
    },
    {
      "file_path": "/media/NFS/ttao/scannet/posed_images/scene0229_02/00208.jpg",
      "transform_matrix": [
        [
          -0.255068,
          0.589378,
          -0.766534,
          4.677712
        ],
        [
          0.958452,
          0.049399,
          -0.280947,
          1.847705
        ],
        [
          -0.127718,
          -0.806345,
          -0.57749,
          1.40707
        ],
        [
          0.0,
          0.0,
          0.0,
          1.0
        ]
      ]
    },
    {
      "file_path": "/media/NFS/ttao/scannet/posed_images/scene0229_02/00212.jpg",
      "transform_matrix": [
        [
          -0.198686,
          0.646457,
          -0.736626,
          4.711871
        ],
        [
          0.973446,
          0.042977,
          -0.224845,
          1.855933
        ],
        [
          -0.113695,
          -0.761739,
          -0.63783,
          1.362457
        ],
