{
  "frames": [
    {
      "file_path": "/media/NFS/ttao/scannet/posed_images/scene0261_00/00005.jpg",
      "transform_matrix": [
        [
          0.704044,
          0.286996,
          -0.649581,
          2.153857
        ],
        [
          0.71015,
          -0.288419,
          0.642263,
          1.60356
        ],
        [
          -0.003025,
          -0.913481,
          -0.40687,
          1.312479
        ],
        [
          0.0,
          0.0,
          0.0,
          1.0
        ]
      ]
    },
    {
      "file_path": "/media/NFS/ttao/scannet/posed_images/scene0261_00/00014.jpg",
      "transform_matrix": [
        [
          0.701122,
          0.312408,
          -0.640959,
          2.150099
        ],
        [
          0.71291,
          -0.324327,
          0.621748,
          1.600922
        ],
        [
          -0.013641,
          -0.892868,
          -0.450113,
          1.284013
        ],
        [
          0.0,
          0.0,
          0.0,
          1.0
        ]
      ]
    },
    {
      "file_path": "/media/NFS/ttao/scannet/posed_images/scene0261_00/00037.jpg",
      "transform_matrix": [
        [
          0.753038,
          0.350785,
          -0.556671,
          2.164465
        ],
        [
          0.657961,
          -0.407363,
          0.633359,
          1.537796
        ],
        [
          -0.004594,
          -0.843211,
          -0.537563,
          1.220954
        ],
        [
          0.0,
          0.0,
          0.0,
          1.0
        ]
      ]
    },
    {
      "file_path": "/media/NFS/ttao/scannet/posed_images/scene0261_00/00047.jpg",
      "transform_matrix": [
        [
          0.736461,
          0.306048,
          -0.603291,
          2.264671
        ],
        [
          0.676478,
          -0.331006,
          0.657885,
          1.523993
        ],
        [
          0.001651,
          -0.892619,
          -0.450808,
          1.274399
        ],
        [
          0.0,
          0.0,
          0.0,
          1.0
        ]
      ]
    },
    {
      "file_path": "/media/NFS/ttao/scannet/posed_images/scene0261_00/00061.jpg",
      "transform_matrix": [
        [
          0.781672,
          0.232295,
          -0.578816,
          2.396101
        ],
        [
          0.623682,
          -0.295729,
          0.723578,
          1.52147
        ],
        [
          -0.003089,
          -0.926598,
          -0.376041,
          1.339769
        ],
        [
          0.0,
          0.0,
          0.0,
          1.0
        ]
      ]
    },
    {
      "file_path": "/media/NFS/ttao/scannet/posed_images/scene0261_00/00079.jpg",
      "transform_matrix": [
        [
          0.834876,
          0.110128,
          -0.539309,
          2.408855
        ],
        [
          0.550038,
          -0.204313,
          0.809762,
          1.506711
        ],
        [
          -0.02101,
          -0.972691,
          -0.231151,
          1.423181
        ],
        [
          0.0,
          0.0,
          0.0,
          1.0
        ]
      ]
    },
    {
      "file_path": "/media/NFS/ttao/scannet/posed_images/scene0261_00/00093.jpg",
      "transform_matrix": [
        [
          0.881472,
          0.078563,
          -0.465655,
          2.381019
        ],
        [
          0.472217,
          -0.137897,
          0.870629,
          1.480638
        ],
        [
          0.004187,
          -0.987326,
          -0.158651,
          1.454446
        ],
        [
          0.0,
          0.0,
          0.0,
          1.0
        ]
      ]
    },
    {
      "file_path": "/media/NFS/ttao/scannet/posed_images/scene0261_00/00117.jpg",
      "transform_matrix": [
        [
          0.882313,
          0.045469,
          -0.468461,
          2.376358
        ],
        [
          0.469555,
          -0.016796,
          0.882743,
          1.442198
        ],
        [
          0.032269,
          -0.998824,
          -0.036169,
          1.509013
        ],
        [
          0.0,
          0.0,
          0.0,
          1.0
        ]
      ]
    },
    {
      "file_path": "/media/NFS/ttao/scannet/posed_images/scene0261_00/00131.jpg",
      "transform_matrix": [
        [
          0.894783,
          0.030957,
          -0.445426,
          2.38418
        ],
        [
          0.444264,
          0.038003,
          0.895089,
          1.43689
        ],
        [
          0.044637,
          -0.998798,
          0.020251,
          1.547268
        ],
        [
          0.0,
          0.0,
          0.0,
          1.0
        ]
      ]
    },
    {
      "file_path": "/media/NFS/ttao/scannet/posed_images/scene0261_00/00140.jpg",
      "transform_matrix": [
        [
          0.887648,
          0.013737,
          -0.460317,
          2.386705
        ],
        [
          0.458067,
          0.076727,
          0.8856,
          1.435136
        ],
        [
          0.047484,
          -0.996957,
          0.061814,
          1.560095
        ],
        [
          0.0,
          0.0,
          0.0,
          1.0
        ]
      ]
    },
    {
      "file_path": "/media/NFS/ttao/scannet/posed_images/scene0261_00/00154.jpg",
      "transform_matrix": [
        [
          0.916075,
          0.020702,
          -0.400472,
          2.402778
        ],
        [
          0.398209,
          0.070797,
          0.914558,
          1.457193
        ],
        [
          0.047285,
          -0.997276,
          0.056612,
          1.55676
        ],
        [
          0.0,
          0.0,
          0.0,
          1.0
        ]
      ]
    },
    {
      "file_path": "/media/NFS/ttao/scannet/posed_images/scene0261_00/00177.jpg",
      "transform_matrix": [
        [
          0.930169,
          0.103108,
          -0.352354,
          2.39105
        ],
        [
          0.36596,
          -0.183817,
          0.912296,
          1.500292
        ],
        [
          0.029296,
          -0.977538,
          -0.208714,
          1.439706
        ],
        [
          0.0,
          0.0,
          0.0,
          1.0
        ]
      ]
    },
    {
      "file_path": "/media/NFS/ttao/scannet/posed_images/scene0261_00/00192.jpg",
      "transform_matrix": [
        [
          0.933562,
          0.147919,
          -0.326468,
          2.383658
        ],
        [
          0.356526,
          -0.289858,
          0.888184,
          1.474347
        ],
        [
          0.03675,
          -0.94557,
          -0.323338,
          1.361279
        ],
        [
          0.0,
          0.0,
          0.0,
          1.0
        ]
      ]
    },
    {
      "file_path": "/media/NFS/ttao/scannet/posed_images/scene0261_00/00201.jpg",
      "transform_matrix": [
        [
          0.932217,
          0.166779,
          -0.321178,
          2.388104
        ],
        [
          0.360694,
          -0.355825,
          0.862142,
          1.444771
        ],
        [
          0.029504,
          -0.919551,
          -0.391862,
          1.305196
        ],
        [
          0.0,
          0.0,
          0.0,
          1.0
        ]
      ]
    },
    {
      "file_path": "/media/NFS/ttao/scannet/posed_images/scene0261_00/00224.jpg",
      "transform_matrix": [
        [
          0.864218,
          0.216452,
          -0.454175,
          2.368615
        ],
        [
          0.502924,
          -0.396647,
          0.767944,
          1.386971
        ],
        [
          -0.013924,
          -0.892087,
          -0.451649,
          1.287414
        ],
        [
          0.0,
          0.0,
          0.0,
          1.0
        ]
      ]
    },
    {
      "file_path": "/media/NFS/ttao/scannet/posed_images/scene0261_00/00234.jpg",
      "transform_matrix": [
        [
          0.770137,
          0.243797,
          -0.589451,
          2.371964
        ],
        [
          0.637878,
          -0.293522,
          0.712009,
          1.377288
        ],
        [
          0.000569,
          -0.924342,
          -0.381565,
          1.308619
        ],
        [
          0.0,
          0.0,
          0.0,
          1.0
        ]
      ]
    },
    {
      "file_path": "/media/NFS/ttao/scannet/posed_images/scene0261_00/00248.jpg",
      "transform_matrix": [
        [
          0.683364,
          0.237005,
          -0.690537,
          2.406106
        ],
        [
          0.730032,
          -0.211238,
          0.649948,
          1.422157
        ],
        [
          0.008173,
          -0.948265,
          -0.317374,
          1.333701
        ],
        [
          0.0,
          0.0,
          0.0,
          1.0
        ]
      ]
    },
    {
      "file_path": "/media/NFS/ttao/scannet/posed_images/scene0261_00/00266.jpg",
      "transform_matrix": [
        [
          0.527412,
          0.336054,
          -0.780323,
          2.405355
        ],
        [
          0.849563,
          -0.218214,
          0.480234,
          1.423844
        ],
        [
          -0.008892,
          -0.916215,
          -0.400588,
          1.289928
        ],
        [
          0.0,
          0.0,
          0.0,
          1.0
        ]
      ]
    },
    {
      "file_path": "/media/NFS/ttao/scannet/posed_images/scene0261_00/00285.jpg",
      "transform_matrix": [
        [
          0.510213,
          0.402325,
          -0.760143,
          2.25114
        ],
        [
          0.859396,
          -0.272897,
          0.432395,
          1.374301
        ],
        [
          -0.033477,
          -0.873877,
          -0.484992,
          1.21943
        ],
        [
          0.0,
          0.0,
          0.0,
          1.0
        ]
      ]
    },
    {
      "file_path": "/media/NFS/ttao/scannet/posed_images/scene0261_00/00304.jpg",
      "transform_matrix": [
        [
          0.629571,
          0.230244,
          -0.742043,
          1.997449
        ],
        [
          0.776224,
          -0.227458,
          0.587995,
          1.316178
        ],
        [
          -0.033401,
          -0.946177,
          -0.321923,
          1.325227
        ],
        [
          0.0,
          0.0,
          0.0,
          1.0
        ]
      ]
    },
    {
      "file_path": "/media/NFS/ttao/scannet/posed_images/scene0261_00/00318.jpg",
      "transform_matrix": [
        [
          0.692549,
          0.15998,
          -0.703407,
          1.923195
        ],
        [
          0.721131,
          -0.178637,
          0.669372,
          1.328404
        ],
        [
          -0.018568,
          -0.970822,
          -0.239082,
          1.378356
        ],
        [
          0.0,
          0.0,
          0.0,
          1.0
        ]
      ]
    },
    {
      "file_path": "/media/NFS/ttao/scannet/posed_images/scene0261_00/00336.jpg",
      "transform_matrix": [
        [
          0.706577,
          0.040814,
          -0.706458,
          1.936604
        ],
        [
          0.707582,
          -0.053142,
          0.704631,
          1.414025
        ],
        [
          -0.008784,
          -0.997752,
          -0.066428,
          1.51295
        ],
        [
          0.0,
          0.0,
          0.0,
          1.0
        ]
      ]
    },
    {
      "file_path": "/media/NFS/ttao/scannet/posed_images/scene0261_00/00341.jpg",
      "transform_matrix": [
        [
          0.699008,
          0.00654,
          -0.715084,
          1.94689
        ],
        [
          0.715113,
          -0.005578,
          0.698986,
          1.441901
        ],
        [
          0.000583,
          -0.999963,
          -0.008576,
          1.537067
        ],
        [
          0.0,
          0.0,
          0.0,
          1.0
        ]
      ]
    },
    {
      "file_path": "/media/NFS/ttao/scannet/posed_images/scene0261_00/00364.jpg",
      "transform_matrix": [
        [
          0.648933,
          -0.100512,
          -0.754177,
          1.999662
        ],
        [
          0.760845,
          0.084623,
          0.643392,
          1.48934
        ],
        [
          -0.000848,
          -0.991331,
          0.131389,
          1.612184
        ],
        [
          0.0,
          0.0,
          0.0,
          1.0
        ]
      ]
    },
    {
      "file_path": "/media/NFS/ttao/scannet/posed_images/scene0261_00/00383.jpg",
      "transform_matrix": [
        [
          0.565073,
          -0.016465,
          -0.824876,
          1.965173
        ],
        [
          0.825031,
          0.016167,
          0.564856,
          1.498933
        ],
        [
          0.004035,
          -0.999734,
          0.02272,
          1.514182
        ],
        [
          0.0,
          0.0,
          0.0,
          1.0
        ]
      ]
    },
    {
      "file_path": "/media/NFS/ttao/scannet/posed_images/scene0261_00/00397.jpg",
      "transform_matrix": [
        [
          0.57009,
          0.118396,
          -0.813006,
          1.917831
        ],
        [
          0.821559,
          -0.074767,
          0.565199,
          1.525386
        ],
        [
          0.006131,
          -0.990148,
          -0.139893,
          1.43529
        ],
        [
          0.0,
          0.0,
          0.0,
          1.0
        ]
      ]
    },
    {
      "file_path": "/media/NFS/ttao/scannet/posed_images/scene0261_00/00402.jpg",
      "transform_matrix": [
        [
          0.550664,
          0.185223,
          -0.813917,
          1.900874
        ],
        [
          0.834465,
          -0.097735,
          0.542325,
          1.529346
        ],
        [
          0.020903,
          -0.977824,
          -0.208381,
          1.402635
        ],
        [
          0.0,
          0.0,
          0.0,
          1.0
        ]
      ]
    },
    {
      "file_path": "/media/NFS/ttao/scannet/posed_images/scene0261_00/00425.jpg",
      "transform_matrix": [
        [
          0.33145,
          0.377538,
          -0.864642,
          1.8586
        ],
        [
          0.943332,
          -0.116813,
          0.310609,
          1.487578
        ],
        [
          0.016265,
          -0.918597,
          -0.394862,
          1.303909
        ],
        [
          0.0,
          0.0,
          0.0,
          1.0
        ]
      ]
    },
    {
      "file_path": "/media/NFS/ttao/scannet/posed_images/scene0261_00/00434.jpg",
      "transform_matrix": [
        [
          0.236629,
          0.393965,
          -0.888143,
          1.864773
        ],
        [
          0.971542,
          -0.085983,
          0.220709,
          1.443452
        ],
        [
          0.010586,
          -0.915095,
          -0.4031,
          1.293756
        ],
        [
          0.0,
          0.0,
          0.0,
          1.0
        ]
      ]
    },
    {
      "file_path": "/media/NFS/ttao/scannet/posed_images/scene0261_00/00458.jpg",
      "transform_matrix": [
        [
          0.122464,
          0.497103,
          -0.859006,
          1.996811
        ],
        [
          0.991662,
          -0.026314,
          0.126148,
          1.3463
        ],
        [
          0.040105,
          -0.867293,
          -0.496181,
          1.254541
        ],
        [
          0.0,
          0.0,
          0.0,
          1.0
        ]
      ]
    },
    {
      "file_path": "/media/NFS/ttao/scannet/posed_images/scene0261_00/00462.jpg",
      "transform_matrix": [
        [
          0.149876,
          0.483066,
          -0.862661,
          2.036391
        ],
        [
          0.987846,
          -0.036814,
          0.151011,
          1.343494
        ],
        [
          0.041191,
          -0.87481,
          -0.482713,
          1.258737
        ],
        [
          0.0,
          0.0,
          0.0,
          1.0
        ]
      ]
    },
    {
      "file_path": "/media/NFS/ttao/scannet/posed_images/scene0261_00/00486.jpg",
      "transform_matrix": [
        [
          0.233668,
          0.312645,
          -0.92068,
          2.182143
        ],
        [
          0.970336,
          -0.014578,
          0.24132,
          1.578524
        ],
        [
          0.062026,
          -0.949758,
          -0.306777,
          1.356507
        ],
        [
          0.0,
          0.0,
          0.0,
          1.0
        ]
      ]
    },
    {
      "file_path": "/media/NFS/ttao/scannet/posed_images/scene0261_00/00500.jpg",
      "transform_matrix": [
        [
          0.265316,
          0.208667,
          -0.941311,
          2.193314
        ],
        [
          0.963384,
          -0.018178,
          0.267508,
          1.684967
        ],
        [
          0.038709,
          -0.977818,
          -0.205849,
          1.384176
        ],
        [
          0.0,
          0.0,
          0.0,
          1.0
        ]
      ]
    },
    {
      "file_path": "/media/NFS/ttao/scannet/posed_images/scene0261_00/00509.jpg",
      "transform_matrix": [
        [
          0.169168,
          0.239533,
          -0.956036,
          2.153027
        ],
        [
          0.984293,
          0.008624,
          0.176328,
          1.683273
        ],
        [
          0.050482,
          -0.97085,
          -0.234312,
          1.362482
        ],
        [
          0.0,
          0.0,
          0.0,
          1.0
        ]
      ]
    },
    {
      "file_path": "/media/NFS/ttao/scannet/posed_images/scene0261_00/00532.jpg",
      "transform_matrix": [
        [
          -0.26094,
          0.29853,
          -0.918036,
          2.040898
        ],
        [
          0.964817,
          0.1124,
          -0.237687,
          1.749771
        ],
        [
          0.032231,
          -0.947758,
          -0.317357,
          1.330915
        ],
        [
          0.0,
          0.0,
          0.0,
          1.0
        ]
      ]
    },
    {
      "file_path": "/media/NFS/ttao/scannet/posed_images/scene0261_00/00551.jpg",
      "transform_matrix": [
        [
          -0.506815,
          0.280812,
          -0.815036,
          1.903194
        ],
        [
          0.862053,
          0.166856,
          -0.478563,
          1.858942
        ],
        [
          0.001608,
          -0.945147,
          -0.32664,
          1.333649
        ],
        [
          0.0,
          0.0,
          0.0,
          1.0
        ]
      ]
    },
    {
      "file_path": "/media/NFS/ttao/scannet/posed_images/scene0261_00/00556.jpg",
      "transform_matrix": [
        [
          -0.508784,
          0.272281,
          -0.816702,
          1.8419
        ],
        [
          0.860731,
          0.179374,
          -0.476411,
          1.840679
        ],
        [
          0.016778,
          -0.945351,
          -0.325623,
          1.322174
        ],
        [
          0.0,
          0.0,
          0.0,
          1.0
        ]
      ]
    },
    {
      "file_path": "/media/NFS/ttao/scannet/posed_images/scene0261_00/00579.jpg",
      "transform_matrix": [
        [
          -0.529996,
          0.285083,
          -0.798643,
          1.641231
        ],
        [
          0.847886,
          0.193568,
          -0.493579,
          1.785931
        ],
        [
          0.013881,
          -0.938754,
          -0.344308,
          1.316952
        ],
        [
          0.0,
          0.0,
          0.0,
          1.0
        ]
      ]
    },
    {
      "file_path": "/media/NFS/ttao/scannet/posed_images/scene0261_00/00598.jpg",
      "transform_matrix": [
        [
          -0.481624,
          0.353244,
          -0.802033,
          1.431522
        ],
        [
          0.876291,
          0.181205,
          -0.446407,
          1.838369
        ],
        [
          -0.012358,
          -0.917814,
          -0.396817,
          1.33981
        ],
        [
          0.0,
          0.0,
          0.0,
          1.0
        ]
      ]
    },
    {
      "file_path": "/media/NFS/ttao/scannet/posed_images/scene0261_00/00603.jpg",
      "transform_matrix": [
        [
          -0.463185,
          0.368845,
          -0.805862,
          1.400146
        ],
        [
          0.886228,
          0.184896,
          -0.42475,
          1.828782
        ],
        [
          -0.007667,
          -0.910915,
          -0.412522,
          1.34144
        ],
        [
          0.0,
          0.0,
          0.0,
          1.0
        ]
      ]
    },
    {
      "file_path": "/media/NFS/ttao/scannet/posed_images/scene0261_00/00631.jpg",
      "transform_matrix": [
        [
          -0.422618,
          0.345434,
          -0.837896,
          1.19332
        ],
        [
          0.906295,
          0.165994,
          -0.388684,
          1.657061
        ],
        [
          0.004821,
          -0.923646,
          -0.383218,
          1.331562
        ],
        [
          0.0,
          0.0,
          0.0,
          1.0
        ]
      ]
    },
    {
      "file_path": "/media/NFS/ttao/scannet/posed_images/scene0261_00/00635.jpg",
      "transform_matrix": [
        [
          -0.419089,
          0.356609,
          -0.834981,
          1.179824
        ],
        [
          0.907945,
          0.165217,
          -0.385149,
          1.642184
        ],
        [
          0.000606,
          -0.919529,
          -0.393022,
          1.327134
        ],
        [
          0.0,
          0.0,
          0.0,
          1.0
        ]
      ]
    },
    {
      "file_path": "/media/NFS/ttao/scannet/posed_images/scene0261_00/00649.jpg",
      "transform_matrix": [
        [
          -0.410118,
          0.404975,
          -0.817189,
          1.146081
        ],
        [
          0.91198,
          0.191728,
          -0.362676,
          1.605395
        ],
        [
          0.009803,
          -0.894,
          -0.44796,
          1.314116
        ],
        [
          0.0,
          0.0,
          0.0,
          1.0
        ]
      ]
    },
    {
      "file_path": "/media/NFS/ttao/scannet/posed_images/scene0261_00/00673.jpg",
      "transform_matrix": [
        [
          -0.480343,
          0.304085,
          -0.82268,
          1.221262
        ],
        [
          0.87707,
          0.171191,
          -0.448823,
          1.625223
        ],
        [
          0.004355,
          -0.937137,
          -0.348934,
          1.36549
        ],
        [
          0.0,
          0.0,
          0.0,
          1.0
        ]
      ]
    },
    {
      "file_path": "/media/NFS/ttao/scannet/posed_images/scene0261_00/00682.jpg",
      "transform_matrix": [
        [
          -0.55541,
          0.241737,
          -0.795665,
          1.314342
        ],
        [
          0.831446,
          0.178378,
          -0.526193,
          1.678283
        ],
        [
          0.014729,
          -0.953805,
          -0.300064,
          1.382255
        ],
        [
          0.0,
          0.0,
          0.0,
          1.0
        ]
      ]
    },
    {
      "file_path": "/media/NFS/ttao/scannet/posed_images/scene0261_00/00705.jpg",
      "transform_matrix": [
        [
          -0.726498,
          0.186819,
          -0.661286,
          1.467415
        ],
        [
          0.685882,
          0.255986,
          -0.681202,
          1.78869
        ],
        [
          0.042019,
          -0.948457,
          -0.314109,
          1.3677
        ],
        [
          0.0,
          0.0,
          0.0,
          1.0
        ]
      ]
    },
    {
      "file_path": "/media/NFS/ttao/scannet/posed_images/scene0261_00/00724.jpg",
      "transform_matrix": [
        [
          -0.756308,
          0.221693,
          -0.615508,
          1.429514
        ],
        [
          0.654145,
          0.24244,
          -0.716461,
          1.769831
        ],
        [
          -0.009611,
          -0.944497,
          -0.328378,
          1.349248
        ],
        [
          0.0,
          0.0,
          0.0,
          1.0
        ]
      ]
    },
    {
      "file_path": "/media/NFS/ttao/scannet/posed_images/scene0261_00/00733.jpg",
      "transform_matrix": [
        [
          -0.795734,
          0.208589,
          -0.568593,
          1.360657
        ],
        [
          0.604806,
          0.224245,
          -0.764149,
          1.794817
        ],
        [
          -0.031889,
          -0.951948,
          -0.304595,
          1.347625
        ],
        [
          0.0,
          0.0,
          0.0,
          1.0
        ]
      ]
    },
    {
      "file_path": "/media/NFS/ttao/scannet/posed_images/scene0261_00/00757.jpg",
      "transform_matrix": [
        [
          -0.967622,
          0.056651,
          -0.245964,
          1.059816
        ],
        [
          0.250139,
          0.345463,
          -0.904481,
          1.918125
        ],
        [
          0.033731,
          -0.936721,
          -0.348448,
          1.350637
        ],
        [
          0.0,
          0.0,
          0.0,
          1.0
        ]
      ]
    },
    {
      "file_path": "/media/NFS/ttao/scannet/posed_images/scene0261_00/00771.jpg",
      "transform_matrix": [
        [
          -0.988902,
          0.056585,
          -0.137374,
          0.96698
        ],
        [
          0.148402,
          0.420296,
          -0.895169,
          1.926001
        ],
        [
          0.007085,
          -0.905621,
          -0.424029,
          1.322542
        ],
        [
          0.0,
          0.0,
          0.0,
          1.0
        ]
      ]
    },
    {
      "file_path": "/media/NFS/ttao/scannet/posed_images/scene0261_00/00785.jpg",
      "transform_matrix": [
        [
          -0.995799,
          0.027317,
          -0.087392,
          0.955777
        ],
        [
          0.090687,
          0.425857,
          -0.900234,
          1.936649
        ],
        [
          0.012625,
          -0.904378,
          -0.426545,
          1.315125
        ],
        [
          0.0,
          0.0,
          0.0,
          1.0
        ]
      ]
    },
    {
      "file_path": "/media/NFS/ttao/scannet/posed_images/scene0261_00/00789.jpg",
      "transform_matrix": [
        [
          -0.995315,
          0.027571,
          -0.092666,
          0.963889
        ],
        [
          0.095462,
          0.43194,
          -0.896836,
          1.944626
        ],
        [
          0.0153,
          -0.901481,
          -0.432549,
          1.31041
        ],
        [
          0.0,
          0.0,
          0.0,
          1.0
        ]
      ]
    },
    {
      "file_path": "/media/NFS/ttao/scannet/posed_images/scene0261_00/00817.jpg",
      "transform_matrix": [
        [
          -0.966741,
          0.076511,
          -0.244045,
          1.170675
        ],
        [
          0.240204,
          0.599296,
          -0.76364,
          1.945631
        ],
        [
          0.087828,
          -0.796863,
          -0.597742,
          1.252444
        ],
        [
          0.0,
          0.0,
          0.0,
          1.0
        ]
      ]
    },
    {
      "file_path": "/media/NFS/ttao/scannet/posed_images/scene0261_00/00827.jpg",
      "transform_matrix": [
        [
          -0.850564,
          0.226316,
          -0.47468,
          1.319534
        ],
        [
          0.519166,
          0.505062,
          -0.689477,
          1.897582
        ],
        [
          0.083703,
          -0.832883,
          -0.547083,
          1.246235
        ],
        [
          0.0,
          0.0,
          0.0,
          1.0
        ]
      ]
    },
    {
      "file_path": "/media/NFS/ttao/scannet/posed_images/scene0261_00/00836.jpg",
      "transform_matrix": [
        [
          -0.74644,
          0.373114,
          -0.551011,
          1.442435
        ],
        [
          0.665096,
          0.445426,
          -0.59937,
          1.86419
        ],
        [
          0.021801,
          -0.813869,
          -0.58064,
          1.253181
        ],
        [
          0.0,
          0.0,
          0.0,
          1.0
        ]
      ]
    },
    {
      "file_path": "/media/NFS/ttao/scannet/posed_images/scene0261_00/00855.jpg",
      "transform_matrix": [
        [
          -0.741095,
          0.360501,
          -0.566408,
          1.626978
        ],
        [
          0.671376,
          0.390616,
          -0.629821,
          1.896276
        ],
        [
          -0.005803,
          -0.847029,
          -0.531515,
          1.274608
        ],
        [
          0.0,
          0.0,
          0.0,
          1.0
        ]
      ]
    },
    {
      "file_path": "/media/NFS/ttao/scannet/posed_images/scene0261_00/00869.jpg",
      "transform_matrix": [
        [
          -0.638571,
          0.278988,
          -0.717211,
          1.727129
        ],
        [
          0.769418,
          0.249508,
          -0.587998,
          1.840172
        ],
        [
          0.014905,
          -0.927314,
          -0.373987,
          1.358642
        ],
        [
          0.0,
          0.0,
          0.0,
          1.0
        ]
      ]
    },
    {
      "file_path": "/media/NFS/ttao/scannet/posed_images/scene0261_00/00883.jpg",
      "transform_matrix": [
        [
          -0.623578,
          0.221819,
          -0.749631,
          1.808968
        ],
        [
          0.781631,
          0.159419,
          -0.603024,
          1.790318
        ],
        [
          -0.014256,
          -0.961968,
          -0.272791,
          1.401941
        ],
        [
          0.0,
          0.0,
          0.0,
          1.0
        ]
      ]
    },
    {
      "file_path": "/media/NFS/ttao/scannet/posed_images/scene0261_00/00902.jpg",
      "transform_matrix": [
        [
          -0.670775,
          0.139356,
          -0.728451,
          1.784344
        ],
        [
          0.741262,
          0.093736,
          -0.664639,
          1.810752
        ],
        [
          -0.024339,
          -0.985796,
          -0.166174,
          1.457332
        ],
        [
          0.0,
          0.0,
          0.0,
          1.0
        ]
      ]
    },
    {
      "file_path": "/media/NFS/ttao/scannet/posed_images/scene0261_00/00920.jpg",
      "transform_matrix": [
        [
          -0.742216,
          0.025182,
          -0.669687,
          1.707744
        ],
        [
          0.670114,
          0.039646,
          -0.741198,
          1.849457
        ],
        [
          0.007885,
          -0.998896,
          -0.046301,
          1.507997
        ],
        [
          0.0,
          0.0,
          0.0,
          1.0
        ]
      ]
    },
    {
      "file_path": "/media/NFS/ttao/scannet/posed_images/scene0261_00/00944.jpg",
      "transform_matrix": [
        [
          -0.757919,
          -0.057473,
          -0.649812,
          1.734514
        ],
        [
          0.652089,
          -0.094867,
          -0.752184,
          1.887084
        ],
        [
          -0.018415,
          -0.99383,
          0.109379,
          1.570831
        ],
        [
          0.0,
          0.0,
          0.0,
          1.0
        ]
      ]
    },
    {
      "file_path": "/media/NFS/ttao/scannet/posed_images/scene0261_00/00958.jpg",
      "transform_matrix": [
        [
          -0.697852,
          -0.062269,
          -0.71353,
          1.797925
        ],
        [
          0.716201,
          -0.04995,
          -0.696105,
          1.895766
        ],
        [
          0.007705,
          -0.996809,
          0.079455,
          1.560593
        ],
        [
          0.0,
          0.0,
          0.0,
          1.0
        ]
      ]
    },
    {
      "file_path": "/media/NFS/ttao/scannet/posed_images/scene0261_00/00967.jpg",
      "transform_matrix": [
        [
          -0.701107,
          -0.073277,
          -0.70928,
          1.927697
        ],
        [
          0.712864,
          -0.095083,
          -0.694827,
          1.944068
        ],
        [
          -0.016525,
          -0.992769,
          0.1189,
          1.543548
        ],
        [
          0.0,
          0.0,
          0.0,
          1.0
        ]
      ]
    },
    {
      "file_path": "/media/NFS/ttao/scannet/posed_images/scene0261_00/00981.jpg",
      "transform_matrix": [
        [
          -0.719796,
          -0.098936,
          -0.687099,
          2.046715
        ],
        [
          0.693804,
          -0.135354,
          -0.70733,
          2.014323
        ],
        [
          -0.023021,
          -0.985845,
          0.16607,
          1.564769
        ],
        [
          0.0,
          0.0,
          0.0,
          1.0
        ]
      ]
    },
    {
      "file_path": "/media/NFS/ttao/scannet/posed_images/scene0261_00/01000.jpg",
      "transform_matrix": [
        [
          -0.80899,
          -0.030063,
          -0.587054,
          1.988175
        ],
        [
          0.58714,
          -0.08944,
          -0.804529,
          2.049251
        ],
        [
          -0.028319,
          -0.995538,
          0.090007,
          1.530332
        ],
        [
          0.0,
          0.0,
          0.0,
          1.0
        ]
      ]
    },
    {
      "file_path": "/media/NFS/ttao/scannet/posed_images/scene0261_00/01018.jpg",
      "transform_matrix": [
        [
          -0.830791,
          0.075529,
          -0.551436,
          1.892498
        ],
        [
          0.550576,
          -0.033656,
          -0.834106,
          2.03447
        ],
        [
          -0.081559,
          -0.996575,
          -0.013623,
          1.490553
        ],
        [
          0.0,
          0.0,
          0.0,
          1.0
        ]
      ]
    },
    {
      "file_path": "/media/NFS/ttao/scannet/posed_images/scene0261_00/01028.jpg",
      "transform_matrix": [
        [
          -0.836561,
          0.077945,
          -0.542302,
          1.876249
        ],
        [
          0.544019,
          0.000958,
          -0.839072,
          2.01743
        ],
        [
          -0.064882,
          -0.996957,
          -0.043204,
          1.479589
        ],
        [
          0.0,
          0.0,
          0.0,
          1.0
        ]
      ]
    },
    {
      "file_path": "/media/NFS/ttao/scannet/posed_images/scene0261_00/01051.jpg",
      "transform_matrix": [
        [
          -0.895409,
          -0.012492,
          -0.445068,
          1.887893
        ],
        [
          0.44428,
          -0.090774,
          -0.891277,
          2.05376
        ],
        [
          -0.029267,
          -0.995793,
          0.08683,
          1.511872
        ],
        [
          0.0,
          0.0,
          0.0,
          1.0
        ]
      ]
    },
    {
      "file_path": "/media/NFS/ttao/scannet/posed_images/scene0261_00/01060.jpg",
      "transform_matrix": [
        [
          -0.890517,
          -0.043535,
          -0.452861,
          1.905164
        ],
        [
          0.454469,
          -0.130843,
          -0.881101,
          2.092328
        ],
        [
          -0.020895,
          -0.990447,
          0.136303,
          1.529774
        ],
        [
          0.0,
          0.0,
          0.0,
          1.0
        ]
      ]
    },
    {
      "file_path": "/media/NFS/ttao/scannet/posed_images/scene0261_00/01074.jpg",
      "transform_matrix": [
        [
          -0.895398,
          -0.067748,
          -0.440083,
          1.988781
        ],
        [
          0.445153,
          -0.158618,
          -0.881294,
          2.139101
        ],
        [
          -0.010099,
          -0.985013,
          0.172184,
          1.552474
        ],
        [
          0.0,
          0.0,
          0.0,
          1.0
        ]
      ]
    },
    {
      "file_path": "/media/NFS/ttao/scannet/posed_images/scene0261_00/01098.jpg",
      "transform_matrix": [
        [
          -0.94117,
          -0.028497,
          -0.33673,
          2.133256
        ],
        [
          0.33653,
          -0.169745,
          -0.926247,
          2.189672
        ],
        [
          -0.030762,
          -0.985076,
          0.169349,
          1.496138
        ],
        [
          0.0,
          0.0,
          0.0,
          1.0
        ]
      ]
    },
    {
      "file_path": "/media/NFS/ttao/scannet/posed_images/scene0261_00/01107.jpg",
      "transform_matrix": [
        [
          -0.951291,
          -0.018346,
          -0.307746,
          2.170176
        ],
        [
          0.306596,
          -0.160884,
          -0.938145,
          2.208787
        ],
        [
          -0.0323,
          -0.986803,
          0.158672,
          1.489587
        ],
        [
          0.0,
          0.0,
          0.0,
          1.0
        ]
      ]
    },
    {
      "file_path": "/media/NFS/ttao/scannet/posed_images/scene0261_00/01130.jpg",
      "transform_matrix": [
        [
          -0.936608,
          0.061913,
          -0.344864,
          2.189541
        ],
        [
          0.346599,
          0.019561,
          -0.937809,
          2.126937
        ],
        [
          -0.051317,
          -0.99789,
          -0.03978,
          1.477013
        ],
        [
          0.0,
          0.0,
          0.0,
          1.0
        ]
      ]
    },
    {
      "file_path": "/media/NFS/ttao/scannet/posed_images/scene0261_00/01135.jpg",
      "transform_matrix": [
        [
          -0.933537,
          0.076244,
          -0.350278,
          2.182063
        ],
        [
          0.35396,
          0.04138,
          -0.934345,
          2.114483
        ],
        [
          -0.056744,
          -0.99623,
          -0.065617,
          1.456975
        ],
        [
          0.0,
          0.0,
          0.0,
          1.0
        ]
      ]
    },
    {
      "file_path": "/media/NFS/ttao/scannet/posed_images/scene0261_00/01149.jpg",
      "transform_matrix": [
        [
          -0.924669,
          0.106055,
          -0.365705,
          2.148348
        ],
        [
          0.378246,
          0.145375,
          -0.914219,
          2.067798
        ],
        [
          -0.043794,
          -0.983676,
          -0.174538,
          1.400742
        ],
        [
          0.0,
          0.0,
          0.0,
          1.0
        ]
      ]
    },
    {
      "file_path": "/media/NFS/ttao/scannet/posed_images/scene0261_00/01177.jpg",
      "transform_matrix": [
        [
          -0.852329,
          0.201692,
          -0.482551,
          2.169702
        ],
        [
          0.522964,
          0.316931,
          -0.791242,
          2.125335
        ],
        [
          -0.006652,
          -0.926755,
          -0.375607,
          1.336009
        ],
        [
          0.0,
          0.0,
          0.0,
          1.0
        ]
      ]
    },
    {
      "file_path": "/media/NFS/ttao/scannet/posed_images/scene0261_00/01182.jpg",
      "transform_matrix": [
        [
          -0.834776,
          0.217596,
          -0.505768,
          2.156239
        ],
        [
          0.550506,
          0.313782,
          -0.773618,
          2.141582
        ],
        [
          -0.009635,
          -0.924226,
          -0.381725,
          1.328744
        ],
        [
          0.0,
          0.0,
          0.0,
          1.0
        ]
      ]
    },
    {
      "file_path": "/media/NFS/ttao/scannet/posed_images/scene0261_00/01196.jpg",
      "transform_matrix": [
        [
          -0.765419,
          0.252979,
          -0.591723,
          2.046341
        ],
        [
          0.642897,
          0.259722,
          -0.720575,
          2.176345
        ],
        [
          -0.028607,
          -0.931958,
          -0.361435,
          1.345775
        ],
