{
  "frames": [
    {
      "file_path": "/media/NFS/ttao/scannet/posed_images/scene0155_02/00002.jpg",
      "transform_matrix": [
        [
          0.991493,
          -0.049471,
          0.120398,
          4.181568
        ],
        [
          -0.130165,
          -0.379834,
          0.915851,
          4.331556
        ],
        [
          0.000424,
          -0.923731,
          -0.383042,
          1.379797
        ],
        [
          0.0,
          0.0,
          0.0,
          1.0
        ]
      ]
    },
    {
      "file_path": "/media/NFS/ttao/scannet/posed_images/scene0155_02/00009.jpg",
      "transform_matrix": [
        [
          0.993473,
          -0.040612,
          0.1066,
          4.169651
        ],
        [
          -0.114039,
          -0.376538,
          0.919355,
          4.335116
        ],
        [
          0.002802,
          -0.925511,
          -0.378711,
          1.37695
        ],
        [
          0.0,
          0.0,
          0.0,
          1.0
        ]
      ]
    },
    {
      "file_path": "/media/NFS/ttao/scannet/posed_images/scene0155_02/00011.jpg",
      "transform_matrix": [
        [
          0.994066,
          -0.037122,
          0.10225,
          4.16938
        ],
        [
          -0.108727,
          -0.368442,
          0.923271,
          4.328143
        ],
        [
          0.003399,
          -0.928909,
          -0.370292,
          1.365415
        ],
        [
          0.0,
          0.0,
          0.0,
          1.0
        ]
      ]
    },
    {
      "file_path": "/media/NFS/ttao/scannet/posed_images/scene0155_02/00017.jpg",
      "transform_matrix": [
        [
          0.995994,
          -0.037249,
          0.081293,
          4.15907
        ],
        [
          -0.089317,
          -0.37067,
          0.92446,
          4.325799
        ],
        [
          -0.004303,
          -0.928017,
          -0.372512,
          1.360413
        ],
        [
          0.0,
          0.0,
          0.0,
          1.0
        ]
      ]
    },
    {
      "file_path": "/media/NFS/ttao/scannet/posed_images/scene0155_02/00028.jpg",
      "transform_matrix": [
        [
          0.998383,
          -0.051647,
          0.02375,
          4.156272
        ],
        [
          -0.044883,
          -0.459769,
          0.886904,
          4.322089
        ],
        [
          -0.034886,
          -0.886535,
          -0.461344,
          1.322853
        ],
        [
          0.0,
          0.0,
          0.0,
          1.0
        ]
      ]
    },
    {
      "file_path": "/media/NFS/ttao/scannet/posed_images/scene0155_02/00030.jpg",
      "transform_matrix": [
        [
          0.998653,
          -0.051286,
          0.007885,
          4.148345
        ],
        [
          -0.030797,
          -0.463519,
          0.885552,
          4.310036
        ],
        [
          -0.041762,
          -0.884601,
          -0.464474,
          1.324645
        ],
        [
          0.0,
          0.0,
          0.0,
          1.0
        ]
      ]
    },
    {
      "file_path": "/media/NFS/ttao/scannet/posed_images/scene0155_02/00041.jpg",
      "transform_matrix": [
        [
          0.993402,
          0.018679,
          -0.113155,
          4.158563
        ],
        [
          0.109486,
          -0.448189,
          0.887209,
          4.163545
        ],
        [
          -0.034143,
          -0.893744,
          -0.447277,
          1.321671
        ],
        [
          0.0,
          0.0,
          0.0,
          1.0
        ]
      ]
    },
    {
      "file_path": "/media/NFS/ttao/scannet/posed_images/scene0155_02/00047.jpg",
      "transform_matrix": [
        [
          0.98995,
          0.057415,
          -0.129236,
          4.192839
        ],
        [
          0.141352,
          -0.429071,
          0.892142,
          4.05057
        ],
        [
          -0.004229,
          -0.901444,
          -0.432875,
          1.313831
        ],
        [
          0.0,
          0.0,
          0.0,
          1.0
        ]
      ]
    },
    {
      "file_path": "/media/NFS/ttao/scannet/posed_images/scene0155_02/00051.jpg",
      "transform_matrix": [
        [
          0.989438,
          0.072407,
          -0.125579,
          4.212394
        ],
        [
          0.144476,
          -0.422008,
          0.895006,
          3.987131
        ],
        [
          0.011809,
          -0.903696,
          -0.428012,
          1.311652
        ],
        [
          0.0,
          0.0,
          0.0,
          1.0
        ]
      ]
    },
    {
      "file_path": "/media/NFS/ttao/scannet/posed_images/scene0155_02/00058.jpg",
      "transform_matrix": [
        [
          0.973743,
          0.093349,
          -0.207633,
          4.242642
        ],
        [
          0.227649,
          -0.39445,
          0.890272,
          3.896286
        ],
        [
          0.001205,
          -0.914164,
          -0.405344,
          1.316172
        ],
        [
          0.0,
          0.0,
          0.0,
          1.0
        ]
      ]
    },
    {
      "file_path": "/media/NFS/ttao/scannet/posed_images/scene0155_02/00064.jpg",
      "transform_matrix": [
        [
          0.947317,
          0.11489,
          -0.298983,
          4.268279
        ],
        [
          0.319879,
          -0.387054,
          0.864793,
          3.846348
        ],
        [
          -0.016366,
          -0.914872,
          -0.403413,
          1.32152
        ],
        [
          0.0,
          0.0,
          0.0,
          1.0
        ]
      ]
    },
    {
      "file_path": "/media/NFS/ttao/scannet/posed_images/scene0155_02/00072.jpg",
      "transform_matrix": [
        [
          0.9187,
          0.124902,
          -0.374688,
          4.297107
        ],
        [
          0.393828,
          -0.361396,
          0.845158,
          3.770579
        ],
        [
          -0.029849,
          -0.924009,
          -0.381204,
          1.337115
        ],
        [
          0.0,
          0.0,
          0.0,
          1.0
        ]
      ]
    },
    {
      "file_path": "/media/NFS/ttao/scannet/posed_images/scene0155_02/00073.jpg",
      "transform_matrix": [
        [
          0.917985,
          0.126055,
          -0.376051,
          4.302505
        ],
        [
          0.395635,
          -0.357668,
          0.8459,
          3.760382
        ],
        [
          -0.027872,
          -0.925302,
          -0.378205,
          1.335761
        ],
        [
          0.0,
          0.0,
          0.0,
          1.0
        ]
      ]
    },
    {
      "file_path": "/media/NFS/ttao/scannet/posed_images/scene0155_02/00083.jpg",
      "transform_matrix": [
        [
          0.926441,
          0.121077,
          -0.356438,
          4.371968
        ],
        [
          0.375872,
          -0.349598,
          0.858197,
          3.666744
        ],
        [
          -0.020702,
          -0.929043,
          -0.369391,
          1.332664
        ],
        [
          0.0,
          0.0,
          0.0,
          1.0
        ]
      ]
    },
    {
      "file_path": "/media/NFS/ttao/scannet/posed_images/scene0155_02/00090.jpg",
      "transform_matrix": [
        [
          0.944935,
          0.087971,
          -0.315212,
          4.426904
        ],
        [
          0.324843,
          -0.368923,
          0.870846,
          3.622245
        ],
        [
          -0.03968,
          -0.925287,
          -0.377185,
          1.33543
        ],
        [
          0.0,
          0.0,
          0.0,
          1.0
        ]
      ]
    },
    {
      "file_path": "/media/NFS/ttao/scannet/posed_images/scene0155_02/00092.jpg",
      "transform_matrix": [
        [
          0.945618,
          0.080175,
          -0.315244,
          4.443317
        ],
        [
          0.32152,
          -0.377291,
          0.868491,
          3.613407
        ],
        [
          -0.049307,
          -0.922618,
          -0.382551,
          1.334952
        ],
        [
          0.0,
          0.0,
          0.0,
          1.0
        ]
      ]
    },
    {
      "file_path": "/media/NFS/ttao/scannet/posed_images/scene0155_02/00100.jpg",
      "transform_matrix": [
        [
          0.949526,
          0.051317,
          -0.309462,
          4.493265
        ],
        [
          0.301068,
          -0.426093,
          0.853114,
          3.580551
        ],
        [
          -0.08808,
          -0.903223,
          -0.420036,
          1.317093
        ],
        [
          0.0,
          0.0,
          0.0,
          1.0
        ]
      ]
    },
    {
      "file_path": "/media/NFS/ttao/scannet/posed_images/scene0155_02/00106.jpg",
      "transform_matrix": [
        [
          0.958036,
          0.02597,
          -0.285471,
          4.498639
        ],
        [
          0.265336,
          -0.457176,
          0.848874,
          3.553396
        ],
        [
          -0.108465,
          -0.888997,
          -0.444881,
          1.32002
        ],
        [
          0.0,
          0.0,
          0.0,
          1.0
        ]
      ]
    },
    {
      "file_path": "/media/NFS/ttao/scannet/posed_images/scene0155_02/00111.jpg",
      "transform_matrix": [
        [
          0.975233,
          0.011384,
          -0.220889,
          4.482419
        ],
        [
          0.199457,
          -0.476893,
          0.856032,
          3.530295
        ],
        [
          -0.095595,
          -0.878888,
          -0.467352,
          1.321346
        ],
        [
          0.0,
          0.0,
          0.0,
          1.0
        ]
      ]
    },
    {
      "file_path": "/media/NFS/ttao/scannet/posed_images/scene0155_02/00121.jpg",
      "transform_matrix": [
        [
          0.999591,
          -0.028584,
          0.000982,
          4.374301
        ],
        [
          -0.013096,
          -0.426915,
          0.904197,
          3.486668
        ],
        [
          -0.025427,
          -0.90384,
          -0.427115,
          1.344081
        ],
        [
          0.0,
          0.0,
          0.0,
          1.0
        ]
      ]
    },
    {
      "file_path": "/media/NFS/ttao/scannet/posed_images/scene0155_02/00124.jpg",
      "transform_matrix": [
        [
          0.99865,
          -0.041548,
          0.031174,
          4.357186
        ],
        [
          -0.04584,
          -0.422691,
          0.905114,
          3.472507
        ],
        [
          -0.024429,
          -0.905321,
          -0.424025,
          1.350142
        ],
        [
          0.0,
          0.0,
          0.0,
          1.0
        ]
      ]
    },
    {
      "file_path": "/media/NFS/ttao/scannet/posed_images/scene0155_02/00136.jpg",
      "transform_matrix": [
        [
          0.988314,
          -0.077992,
          0.130972,
          4.352143
        ],
        [
          -0.15085,
          -0.376815,
          0.913923,
          3.445449
        ],
        [
          -0.021926,
          -0.923,
          -0.384176,
          1.381568
        ],
        [
          0.0,
          0.0,
          0.0,
          1.0
        ]
      ]
    },
    {
      "file_path": "/media/NFS/ttao/scannet/posed_images/scene0155_02/00141.jpg",
      "transform_matrix": [
        [
          0.981048,
          -0.10082,
          0.165468,
          4.382136
        ],
        [
          -0.190926,
          -0.357362,
          0.914243,
          3.410717
        ],
        [
          -0.033042,
          -0.928508,
          -0.369838,
          1.382252
        ],
        [
          0.0,
          0.0,
          0.0,
          1.0
        ]
      ]
    },
    {
      "file_path": "/media/NFS/ttao/scannet/posed_images/scene0155_02/00143.jpg",
      "transform_matrix": [
        [
          0.977549,
          -0.111147,
          0.179009,
          4.391196
        ],
        [
          -0.207391,
          -0.35736,
          0.91065,
          3.398441
        ],
        [
          -0.037246,
          -0.927329,
          -0.372388,
          1.381022
        ],
        [
          0.0,
          0.0,
          0.0,
          1.0
        ]
      ]
    },
    {
      "file_path": "/media/NFS/ttao/scannet/posed_images/scene0155_02/00149.jpg",
      "transform_matrix": [
        [
          0.963208,
          -0.142284,
          0.228006,
          4.42275
        ],
        [
          -0.265278,
          -0.367222,
          0.891502,
          3.359202
        ],
        [
          -0.043117,
          -0.919186,
          -0.391455,
          1.37258
        ],
        [
          0.0,
          0.0,
          0.0,
          1.0
        ]
      ]
    },
    {
      "file_path": "/media/NFS/ttao/scannet/posed_images/scene0155_02/00158.jpg",
      "transform_matrix": [
        [
          0.93597,
          -0.176549,
          0.304617,
          4.452164
        ],
        [
          -0.350914,
          -0.397373,
          0.847912,
          3.313877
        ],
        [
          -0.028652,
          -0.900514,
          -0.433882,
          1.351274
        ],
        [
          0.0,
          0.0,
          0.0,
          1.0
        ]
      ]
    },
    {
      "file_path": "/media/NFS/ttao/scannet/posed_images/scene0155_02/00166.jpg",
      "transform_matrix": [
        [
          0.930326,
          -0.181301,
          0.318784,
          4.474373
        ],
        [
          -0.366538,
          -0.431364,
          0.824363,
          3.288046
        ],
        [
          -0.011946,
          -0.883773,
          -0.467763,
          1.334958
        ],
        [
          0.0,
          0.0,
          0.0,
          1.0
        ]
      ]
    },
    {
      "file_path": "/media/NFS/ttao/scannet/posed_images/scene0155_02/00171.jpg",
      "transform_matrix": [
        [
          0.93321,
          -0.182376,
          0.309609,
          4.468695
        ],
        [
          -0.359197,
          -0.449922,
          0.817648,
          3.278318
        ],
        [
          -0.00982,
          -0.874248,
          -0.48538,
          1.330199
        ],
        [
          0.0,
          0.0,
          0.0,
          1.0
        ]
      ]
    },
    {
      "file_path": "/media/NFS/ttao/scannet/posed_images/scene0155_02/00175.jpg",
      "transform_matrix": [
        [
          0.936749,
          -0.178453,
          0.301091,
          4.464849
        ],
        [
          -0.349869,
          -0.453744,
          0.819578,
          3.266027
        ],
        [
          -0.009638,
          -0.873081,
          -0.487479,
          1.326282
        ],
        [
          0.0,
          0.0,
          0.0,
          1.0
        ]
      ]
    },
    {
      "file_path": "/media/NFS/ttao/scannet/posed_images/scene0155_02/00181.jpg",
      "transform_matrix": [
        [
          0.931893,
          -0.175599,
          0.317396,
          4.464467
        ],
        [
          -0.362732,
          -0.449859,
          0.81612,
          3.25176
        ],
        [
          -0.000526,
          -0.875667,
          -0.482916,
          1.329722
        ],
        [
          0.0,
          0.0,
          0.0,
          1.0
        ]
      ]
    },
    {
      "file_path": "/media/NFS/ttao/scannet/posed_images/scene0155_02/00192.jpg",
      "transform_matrix": [
        [
          0.912769,
          -0.177008,
          0.368131,
          4.477189
        ],
        [
          -0.408475,
          -0.396979,
          0.821922,
          3.233104
        ],
        [
          0.000653,
          -0.900597,
          -0.434653,
          1.34711
        ],
        [
          0.0,
          0.0,
          0.0,
          1.0
        ]
      ]
    },
    {
      "file_path": "/media/NFS/ttao/scannet/posed_images/scene0155_02/00194.jpg",
      "transform_matrix": [
        [
          0.905746,
          -0.181614,
          0.382936,
          4.478771
        ],
        [
          -0.42382,
          -0.387677,
          0.818586,
          3.235492
        ],
        [
          -0.000211,
          -0.903727,
          -0.428108,
          1.351282
        ],
        [
          0.0,
          0.0,
          0.0,
          1.0
        ]
      ]
    },
    {
      "file_path": "/media/NFS/ttao/scannet/posed_images/scene0155_02/00200.jpg",
      "transform_matrix": [
        [
          0.876206,
          -0.187986,
          0.443761,
          4.483521
        ],
        [
          -0.48189,
          -0.354498,
          0.801319,
          3.245693
        ],
        [
          0.006676,
          -0.915965,
          -0.401202,
          1.366094
        ],
        [
          0.0,
          0.0,
          0.0,
          1.0
        ]
      ]
    },
    {
      "file_path": "/media/NFS/ttao/scannet/posed_images/scene0155_02/00209.jpg",
      "transform_matrix": [
        [
          0.839184,
          -0.163493,
          0.518692,
          4.473191
        ],
        [
          -0.543271,
          -0.295949,
          0.785666,
          3.264512
        ],
        [
          0.025056,
          -0.941108,
          -0.337176,
          1.384761
        ],
        [
          0.0,
          0.0,
          0.0,
          1.0
        ]
      ]
    },
    {
      "file_path": "/media/NFS/ttao/scannet/posed_images/scene0155_02/00217.jpg",
      "transform_matrix": [
        [
          0.7918,
          -0.20141,
          0.576616,
          4.463946
        ],
        [
          -0.609793,
          -0.314336,
          0.727561,
          3.263803
        ],
        [
          0.034713,
          -0.9277,
          -0.37171,
          1.359878
        ],
        [
          0.0,
          0.0,
          0.0,
          1.0
        ]
      ]
    },
    {
      "file_path": "/media/NFS/ttao/scannet/posed_images/scene0155_02/00219.jpg",
      "transform_matrix": [
        [
          0.778683,
          -0.214607,
          0.589574,
          4.462845
        ],
        [
          -0.626459,
          -0.317865,
          0.711695,
          3.259579
        ],
        [
          0.03467,
          -0.923529,
          -0.381959,
          1.352755
        ],
        [
          0.0,
          0.0,
          0.0,
          1.0
        ]
      ]
    },
    {
      "file_path": "/media/NFS/ttao/scannet/posed_images/scene0155_02/00224.jpg",
      "transform_matrix": [
        [
          0.74925,
          -0.246497,
          0.614706,
          4.456435
        ],
        [
          -0.661131,
          -0.333194,
          0.672226,
          3.250726
        ],
        [
          0.039114,
          -0.910066,
          -0.412612,
          1.340183
        ],
        [
          0.0,
          0.0,
          0.0,
          1.0
        ]
      ]
    },
    {
      "file_path": "/media/NFS/ttao/scannet/posed_images/scene0155_02/00236.jpg",
      "transform_matrix": [
        [
          0.687076,
          -0.332136,
          0.646229,
          4.433463
        ],
        [
          -0.725649,
          -0.358803,
          0.587106,
          3.18897
        ],
        [
          0.03687,
          -0.872322,
          -0.487539,
          1.30884
        ],
        [
          0.0,
          0.0,
          0.0,
          1.0
        ]
      ]
    },
    {
      "file_path": "/media/NFS/ttao/scannet/posed_images/scene0155_02/00237.jpg",
      "transform_matrix": [
        [
          0.684346,
          -0.339778,
          0.645152,
          4.432507
        ],
        [
          -0.728431,
          -0.358066,
          0.584104,
          3.183079
        ],
        [
          0.032541,
          -0.869678,
          -0.492546,
          1.311147
        ],
        [
          0.0,
          0.0,
          0.0,
          1.0
        ]
      ]
    },
    {
      "file_path": "/media/NFS/ttao/scannet/posed_images/scene0155_02/00245.jpg",
      "transform_matrix": [
        [
          0.66969,
          -0.373322,
          0.641986,
          4.439951
        ],
        [
          -0.742627,
          -0.331464,
          0.581924,
          3.083512
        ],
        [
          -0.00445,
          -0.866465,
          -0.499217,
          1.315815
        ],
        [
          0.0,
          0.0,
          0.0,
          1.0
        ]
      ]
    },
    {
      "file_path": "/media/NFS/ttao/scannet/posed_images/scene0155_02/00251.jpg",
      "transform_matrix": [
        [
          0.653624,
          -0.389929,
          0.648637,
          4.447075
        ],
        [
          -0.756701,
          -0.321567,
          0.569208,
          3.002945
        ],
        [
          -0.01337,
          -0.862873,
          -0.505244,
          1.317311
        ],
        [
          0.0,
          0.0,
          0.0,
          1.0
        ]
      ]
    },
    {
      "file_path": "/media/NFS/ttao/scannet/posed_images/scene0155_02/00256.jpg",
      "transform_matrix": [
        [
          0.616269,
          -0.400721,
          0.677963,
          4.448041
        ],
        [
          -0.787456,
          -0.301324,
          0.537696,
          2.958986
        ],
        [
          -0.01118,
          -0.865232,
          -0.501247,
          1.315324
        ],
        [
          0.0,
          0.0,
          0.0,
          1.0
        ]
      ]
    },
    {
      "file_path": "/media/NFS/ttao/scannet/posed_images/scene0155_02/00264.jpg",
      "transform_matrix": [
        [
          0.536433,
          -0.411014,
          0.737094,
          4.465294
        ],
        [
          -0.843927,
          -0.255922,
          0.471477,
          2.908899
        ],
        [
          -0.005145,
          -0.874969,
          -0.484151,
          1.322147
        ],
        [
          0.0,
          0.0,
          0.0,
          1.0
        ]
      ]
    },
    {
      "file_path": "/media/NFS/ttao/scannet/posed_images/scene0155_02/00271.jpg",
      "transform_matrix": [
        [
          0.443934,
          -0.427996,
          0.787237,
          4.485418
        ],
        [
          -0.895992,
          -0.201227,
          0.395862,
          2.888367
        ],
        [
          -0.011014,
          -0.881094,
          -0.472812,
          1.327464
        ],
        [
          0.0,
          0.0,
          0.0,
          1.0
        ]
      ]
    },
    {
      "file_path": "/media/NFS/ttao/scannet/posed_images/scene0155_02/00279.jpg",
      "transform_matrix": [
        [
          0.398307,
          -0.435068,
          0.807507,
          4.497176
        ],
        [
          -0.917064,
          -0.171067,
          0.360179,
          2.895529
        ],
        [
          -0.018564,
          -0.883998,
          -0.467122,
          1.330846
        ],
        [
          0.0,
          0.0,
          0.0,
          1.0
        ]
      ]
    },
    {
      "file_path": "/media/NFS/ttao/scannet/posed_images/scene0155_02/00281.jpg",
      "transform_matrix": [
        [
          0.398962,
          -0.434077,
          0.807717,
          4.501173
        ],
        [
          -0.916825,
          -0.173331,
          0.359704,
          2.897602
        ],
        [
          -0.016137,
          -0.884044,
          -0.467125,
          1.330523
        ],
        [
          0.0,
          0.0,
          0.0,
          1.0
        ]
      ]
    },
    {
      "file_path": "/media/NFS/ttao/scannet/posed_images/scene0155_02/00288.jpg",
      "transform_matrix": [
        [
          0.338742,
          -0.453085,
          0.824602,
          4.519976
        ],
        [
          -0.940861,
          -0.157632,
          0.299888,
          2.913875
        ],
        [
          -0.005891,
          -0.87742,
          -0.479687,
          1.322818
        ],
        [
          0.0,
          0.0,
          0.0,
          1.0
        ]
      ]
    },
    {
      "file_path": "/media/NFS/ttao/scannet/posed_images/scene0155_02/00298.jpg",
      "transform_matrix": [
        [
          0.140639,
          -0.511489,
          0.847703,
          4.541614
        ],
        [
          -0.988613,
          -0.118838,
          0.092312,
          2.97456
        ],
        [
          0.053522,
          -0.851032,
          -0.522378,
          1.30528
        ],
        [
          0.0,
          0.0,
          0.0,
          1.0
        ]
      ]
    },
    {
      "file_path": "/media/NFS/ttao/scannet/posed_images/scene0155_02/00305.jpg",
      "transform_matrix": [
        [
          0.004973,
          -0.501595,
          0.865088,
          4.555957
        ],
        [
          -0.997317,
          -0.065669,
          -0.032343,
          3.032466
        ],
        [
          0.073033,
          -0.862607,
          -0.500576,
          1.310175
        ],
        [
          0.0,
          0.0,
          0.0,
          1.0
        ]
      ]
    },
    {
      "file_path": "/media/NFS/ttao/scannet/posed_images/scene0155_02/00309.jpg",
      "transform_matrix": [
        [
          -0.050422,
          -0.518139,
          0.853809,
          4.564243
        ],
        [
          -0.994522,
          -0.052328,
          -0.090488,
          3.072058
        ],
        [
          0.091563,
          -0.853694,
          -0.512662,
          1.302618
        ],
        [
          0.0,
          0.0,
          0.0,
          1.0
        ]
      ]
    },
    {
      "file_path": "/media/NFS/ttao/scannet/posed_images/scene0155_02/00317.jpg",
      "transform_matrix": [
        [
          -0.156068,
          -0.560018,
          0.813648,
          4.598019
        ],
        [
          -0.974121,
          -0.049087,
          -0.220634,
          3.122108
        ],
        [
          0.163498,
          -0.827025,
          -0.537864,
          1.290727
        ],
        [
          0.0,
          0.0,
          0.0,
          1.0
        ]
      ]
    },
    {
      "file_path": "/media/NFS/ttao/scannet/posed_images/scene0155_02/00324.jpg",
      "transform_matrix": [
        [
          -0.230808,
          -0.597057,
          0.768278,
          4.645127
        ],
        [
          -0.945056,
          -0.050308,
          -0.323013,
          3.171698
        ],
        [
          0.231508,
          -0.80062,
          -0.552641,
          1.281519
        ],
        [
          0.0,
          0.0,
          0.0,
          1.0
        ]
      ]
    },
    {
      "file_path": "/media/NFS/ttao/scannet/posed_images/scene0155_02/00328.jpg",
      "transform_matrix": [
        [
          -0.265446,
          -0.575859,
          0.773256,
          4.674571
        ],
        [
          -0.939467,
          -0.025738,
          -0.341671,
          3.21421
        ],
        [
          0.216657,
          -0.817144,
          -0.534169,
          1.278355
        ],
        [
          0.0,
          0.0,
          0.0,
          1.0
        ]
      ]
    },
    {
      "file_path": "/media/NFS/ttao/scannet/posed_images/scene0155_02/00335.jpg",
      "transform_matrix": [
        [
          -0.378256,
          -0.526762,
          0.761212,
          4.725374
        ],
        [
          -0.911233,
          0.067063,
          -0.406396,
          3.299509
        ],
        [
          0.163025,
          -0.847363,
          -0.50537,
          1.301048
        ],
        [
          0.0,
          0.0,
          0.0,
          1.0
        ]
      ]
    },
    {
      "file_path": "/media/NFS/ttao/scannet/posed_images/scene0155_02/00341.jpg",
      "transform_matrix": [
        [
          -0.505016,
          -0.502189,
          0.701972,
          4.752917
        ],
        [
          -0.847265,
          0.133316,
          -0.514169,
          3.390778
        ],
        [
          0.164626,
          -0.85442,
          -0.492814,
          1.306151
        ],
        [
          0.0,
          0.0,
          0.0,
          1.0
        ]
      ]
    },
    {
      "file_path": "/media/NFS/ttao/scannet/posed_images/scene0155_02/00347.jpg",
      "transform_matrix": [
        [
          -0.611505,
          -0.442311,
          0.656066,
          4.761967
        ],
        [
          -0.77839,
          0.187458,
          -0.599139,
          3.49849
        ],
        [
          0.142021,
          -0.877052,
          -0.458923,
          1.308797
        ],
        [
          0.0,
          0.0,
          0.0,
          1.0
        ]
      ]
    },
    {
      "file_path": "/media/NFS/ttao/scannet/posed_images/scene0155_02/00354.jpg",
      "transform_matrix": [
        [
          -0.676355,
          -0.391784,
          0.623739,
          4.748985
        ],
        [
          -0.728938,
          0.234386,
          -0.643205,
          3.674415
        ],
        [
          0.105801,
          -0.889702,
          -0.444114,
          1.317151
        ],
        [
          0.0,
          0.0,
          0.0,
          1.0
        ]
      ]
    },
    {
      "file_path": "/media/NFS/ttao/scannet/posed_images/scene0155_02/00356.jpg",
      "transform_matrix": [
        [
          -0.69181,
          -0.379403,
          0.614372,
          4.743299
        ],
        [
          -0.715712,
          0.247546,
          -0.653052,
          3.716223
        ],
        [
          0.095684,
          -0.891501,
          -0.442798,
          1.320375
        ],
        [
          0.0,
          0.0,
          0.0,
          1.0
        ]
      ]
    },
    {
      "file_path": "/media/NFS/ttao/scannet/posed_images/scene0155_02/00365.jpg",
      "transform_matrix": [
        [
          -0.769462,
          -0.321799,
          0.551701,
          4.689955
        ],
        [
          -0.632921,
          0.268322,
          -0.726233,
          3.862822
        ],
        [
          0.085668,
          -0.907992,
          -0.410137,
          1.321304
        ],
        [
          0.0,
          0.0,
          0.0,
          1.0
        ]
      ]
    },
    {
      "file_path": "/media/NFS/ttao/scannet/posed_images/scene0155_02/00369.jpg",
      "transform_matrix": [
        [
          -0.807622,
          -0.285948,
          0.515732,
          4.657085
        ],
        [
          -0.585972,
          0.290962,
          -0.756292,
          3.920246
        ],
        [
          0.066201,
          -0.913003,
          -0.402545,
          1.31483
        ],
        [
          0.0,
          0.0,
          0.0,
          1.0
        ]
      ]
    },
    {
      "file_path": "/media/NFS/ttao/scannet/posed_images/scene0155_02/00379.jpg",
      "transform_matrix": [
        [
          -0.882324,
          -0.20976,
          0.421313,
          4.597068
        ],
        [
          -0.470393,
          0.363972,
          -0.803899,
          4.059337
        ],
        [
          0.01528,
          -0.907483,
          -0.419811,
          1.327972
        ],
        [
          0.0,
          0.0,
          0.0,
          1.0
        ]
      ]
    },
    {
      "file_path": "/media/NFS/ttao/scannet/posed_images/scene0155_02/00382.jpg",
      "transform_matrix": [
        [
          -0.892673,
          -0.19783,
          0.404967,
          4.603919
        ],
        [
          -0.450344,
          0.355559,
          -0.819004,
          4.115396
        ],
        [
          0.018034,
          -0.913477,
          -0.40649,
          1.335418
        ],
        [
          0.0,
          0.0,
          0.0,
          1.0
        ]
      ]
    },
    {
      "file_path": "/media/NFS/ttao/scannet/posed_images/scene0155_02/00388.jpg",
      "transform_matrix": [
        [
          -0.923539,
          -0.181333,
          0.337926,
          4.625121
        ],
        [
          -0.381342,
          0.340777,
          -0.859331,
          4.213323
        ],
        [
          0.040667,
          -0.922491,
          -0.383871,
          1.325095
        ],
        [
          0.0,
          0.0,
          0.0,
          1.0
        ]
      ]
    },
    {
      "file_path": "/media/NFS/ttao/scannet/posed_images/scene0155_02/00399.jpg",
      "transform_matrix": [
        [
          -0.951576,
          -0.163287,
          0.260464,
          4.680003
        ],
        [
          -0.303822,
          0.370377,
          -0.877788,
          4.360982
        ],
        [
          0.046862,
          -0.914417,
          -0.402052,
          1.328148
        ],
        [
          0.0,
          0.0,
          0.0,
          1.0
        ]
      ]
    },
    {
      "file_path": "/media/NFS/ttao/scannet/posed_images/scene0155_02/00403.jpg",
      "transform_matrix": [
        [
          -0.962558,
          -0.152731,
          0.223956,
          4.672275
        ],
        [
          -0.265454,
          0.363666,
          -0.892906,
          4.407173
        ],
        [
          0.054929,
          -0.918923,
          -0.390592,
          1.331268
        ],
        [
          0.0,
          0.0,
          0.0,
          1.0
        ]
      ]
    },
    {
      "file_path": "/media/NFS/ttao/scannet/posed_images/scene0155_02/00411.jpg",
      "transform_matrix": [
        [
          -0.979538,
          -0.134287,
          0.149911,
          4.640577
        ],
        [
          -0.187083,
          0.332904,
          -0.924216,
          4.505157
        ],
        [
          0.074205,
          -0.93335,
          -0.351214,
          1.33486
        ],
        [
          0.0,
          0.0,
          0.0,
          1.0
        ]
      ]
    },
    {
      "file_path": "/media/NFS/ttao/scannet/posed_images/scene0155_02/00418.jpg",
      "transform_matrix": [
        [
          -0.986825,
          -0.114608,
          0.114204,
          4.585624
        ],
        [
          -0.144793,
          0.310597,
          -0.939449,
          4.609334
        ],
        [
          0.072197,
          -0.943607,
          -0.323099,
          1.327245
        ],
        [
          0.0,
          0.0,
          0.0,
          1.0
        ]
      ]
    },
    {
      "file_path": "/media/NFS/ttao/scannet/posed_images/scene0155_02/00422.jpg",
      "transform_matrix": [
        [
          -0.989649,
          -0.101254,
          0.101701,
          4.560139
        ],
        [
          -0.128658,
          0.312014,
          -0.941326,
          4.653837
        ],
        [
          0.063581,
          -0.944667,
          -0.321811,
          1.336673
        ],
        [
          0.0,
          0.0,
          0.0,
          1.0
        ]
      ]
    },
    {
      "file_path": "/media/NFS/ttao/scannet/posed_images/scene0155_02/00430.jpg",
      "transform_matrix": [
        [
          -0.992995,
          -0.087966,
          0.078893,
          4.51808
        ],
        [
          -0.103408,
          0.323872,
          -0.940433,
          4.731858
        ],
        [
          0.057175,
          -0.942002,
          -0.3307,
          1.345898
        ],
        [
          0.0,
          0.0,
          0.0,
          1.0
        ]
      ]
    },
    {
      "file_path": "/media/NFS/ttao/scannet/posed_images/scene0155_02/00431.jpg",
      "transform_matrix": [
        [
          -0.993216,
          -0.087427,
          0.076679,
          4.514523
        ],
        [
          -0.100971,
          0.321249,
          -0.941596,
          4.740077
        ],
        [
          0.057688,
          -0.94295,
          -0.327897,
          1.34525
        ],
        [
          0.0,
          0.0,
          0.0,
          1.0
        ]
      ]
    },
    {
      "file_path": "/media/NFS/ttao/scannet/posed_images/scene0155_02/00439.jpg",
      "transform_matrix": [
        [
          -0.996779,
          -0.077916,
          0.018992,
          4.523104
        ],
        [
          -0.042711,
          0.315312,
          -0.948026,
          4.785638
        ],
        [
          0.067878,
          -0.945784,
          -0.317624,
          1.347135
        ],
        [
          0.0,
          0.0,
          0.0,
          1.0
        ]
      ]
    },
    {
      "file_path": "/media/NFS/ttao/scannet/posed_images/scene0155_02/00448.jpg",
      "transform_matrix": [
        [
          -0.995484,
          -0.06596,
          -0.068276,
          4.558929
        ],
        [
          0.045617,
          0.298374,
          -0.953359,
          4.833724
        ],
        [
          0.083255,
          -0.952167,
          -0.294017,
          1.341273
        ],
        [
          0.0,
          0.0,
          0.0,
          1.0
        ]
      ]
    },
    {
      "file_path": "/media/NFS/ttao/scannet/posed_images/scene0155_02/00450.jpg",
      "transform_matrix": [
        [
          -0.995356,
          -0.06295,
          -0.072836,
          4.558413
        ],
        [
          0.050618,
          0.301342,
          -0.952172,
          4.837595
        ],
        [
          0.081888,
          -0.951436,
          -0.296756,
          1.344785
        ],
        [
          0.0,
          0.0,
          0.0,
          1.0
        ]
      ]
    },
    {
      "file_path": "/media/NFS/ttao/scannet/posed_images/scene0155_02/00458.jpg",
      "transform_matrix": [
        [
          -0.990506,
          -0.025094,
          -0.135166,
          4.570495
        ],
        [
          0.122495,
          0.285217,
          -0.950603,
          4.85286
        ],
        [
          0.062406,
          -0.958134,
          -0.279435,
          1.34829
        ],
        [
          0.0,
          0.0,
          0.0,
          1.0
        ]
      ]
    },
    {
      "file_path": "/media/NFS/ttao/scannet/posed_images/scene0155_02/00465.jpg",
      "transform_matrix": [
        [
          -0.983586,
          -0.018953,
          -0.179444,
          4.570838
        ],
        [
          0.164292,
          0.317156,
          -0.934035,
          4.852116
        ],
        [
          0.074614,
          -0.948184,
          -0.308836,
          1.34489
        ],
        [
          0.0,
          0.0,
          0.0,
          1.0
        ]
      ]
    },
    {
      "file_path": "/media/NFS/ttao/scannet/posed_images/scene0155_02/00469.jpg",
      "transform_matrix": [
        [
          -0.978759,
          -0.008653,
          -0.204835,
          4.564996
        ],
        [
          0.190805,
          0.327071,
          -0.925537,
          4.856463
        ],
        [
          0.075004,
          -0.94496,
          -0.318473,
          1.340104
        ],
        [
          0.0,
          0.0,
          0.0,
          1.0
        ]
      ]
    },
    {
      "file_path": "/media/NFS/ttao/scannet/posed_images/scene0155_02/00477.jpg",
      "transform_matrix": [
        [
          -0.969206,
          0.026711,
          -0.244801,
          4.533659
        ],
        [
          0.239604,
          0.331752,
          -0.912431,
          4.889981
        ],
        [
          0.056841,
          -0.942988,
          -0.327936,
          1.3372
        ],
        [
          0.0,
          0.0,
          0.0,
          1.0
        ]
      ]
    },
    {
      "file_path": "/media/NFS/ttao/scannet/posed_images/scene0155_02/00486.jpg",
      "transform_matrix": [
        [
          -0.950449,
          0.064174,
          -0.304183,
          4.475395
        ],
        [
          0.306222,
          0.361984,
          -0.880452,
          4.977447
        ],
        [
          0.053607,
