{
  "frames": [
    {
      "file_path": "/media/NFS/ttao/scannet/posed_images/scene0029_00/00002.jpg",
      "transform_matrix": [
        [
          0.994117,
          -0.083714,
          0.068724,
          1.309119
        ],
        [
          -0.108266,
          -0.785982,
          0.608696,
          0.507232
        ],
        [
          0.003059,
          -0.612556,
          -0.790421,
          1.184932
        ],
        [
          0.0,
          0.0,
          0.0,
          1.0
        ]
      ]
    },
    {
      "file_path": "/media/NFS/ttao/scannet/posed_images/scene0029_00/00006.jpg",
      "transform_matrix": [
        [
          0.993768,
          -0.092477,
          0.062233,
          1.313933
        ],
        [
          -0.111298,
          -0.792451,
          0.599695,
          0.503751
        ],
        [
          -0.006141,
          -0.602884,
          -0.797805,
          1.189432
        ],
        [
          0.0,
          0.0,
          0.0,
          1.0
        ]
      ]
    },
    {
      "file_path": "/media/NFS/ttao/scannet/posed_images/scene0029_00/00013.jpg",
      "transform_matrix": [
        [
          0.992269,
          -0.076439,
          0.097771,
          1.320982
        ],
        [
          -0.120628,
          -0.779218,
          0.615036,
          0.497165
        ],
        [
          0.029172,
          -0.622075,
          -0.782414,
          1.202656
        ],
        [
          0.0,
          0.0,
          0.0,
          1.0
        ]
      ]
    },
    {
      "file_path": "/media/NFS/ttao/scannet/posed_images/scene0029_00/00019.jpg",
      "transform_matrix": [
        [
          0.991826,
          -0.065971,
          0.109224,
          1.32589
        ],
        [
          -0.121789,
          -0.744827,
          0.656049,
          0.497761
        ],
        [
          0.038073,
          -0.663989,
          -0.746773,
          1.22743
        ],
        [
          0.0,
          0.0,
          0.0,
          1.0
        ]
      ]
    },
    {
      "file_path": "/media/NFS/ttao/scannet/posed_images/scene0029_00/00027.jpg",
      "transform_matrix": [
        [
          0.994034,
          -0.038015,
          0.102228,
          1.32691
        ],
        [
          -0.101519,
          -0.665115,
          0.739808,
          0.509365
        ],
        [
          0.03987,
          -0.745773,
          -0.665007,
          1.273676
        ],
        [
          0.0,
          0.0,
          0.0,
          1.0
        ]
      ]
    },
    {
      "file_path": "/media/NFS/ttao/scannet/posed_images/scene0029_00/00031.jpg",
      "transform_matrix": [
        [
          0.995429,
          -0.037845,
          0.087689,
          1.325922
        ],
        [
          -0.092258,
          -0.618481,
          0.780365,
          0.509914
        ],
        [
          0.024701,
          -0.784888,
          -0.619146,
          1.292893
        ],
        [
          0.0,
          0.0,
          0.0,
          1.0
        ]
      ]
    },
    {
      "file_path": "/media/NFS/ttao/scannet/posed_images/scene0029_00/00040.jpg",
      "transform_matrix": [
        [
          0.994269,
          -0.037373,
          0.100159,
          1.326476
        ],
        [
          -0.104253,
          -0.546338,
          0.831051,
          0.514128
        ],
        [
          0.023662,
          -0.836731,
          -0.547103,
          1.328408
        ],
        [
          0.0,
          0.0,
          0.0,
          1.0
        ]
      ]
    },
    {
      "file_path": "/media/NFS/ttao/scannet/posed_images/scene0029_00/00048.jpg",
      "transform_matrix": [
        [
          0.993641,
          -0.028114,
          0.109027,
          1.327516
        ],
        [
          -0.108795,
          -0.489137,
          0.865395,
          0.510334
        ],
        [
          0.029,
          -0.871754,
          -0.489086,
          1.351773
        ],
        [
          0.0,
          0.0,
          0.0,
          1.0
        ]
      ]
    },
    {
      "file_path": "/media/NFS/ttao/scannet/posed_images/scene0029_00/00054.jpg",
      "transform_matrix": [
        [
          0.993944,
          -0.029248,
          0.105924,
          1.329211
        ],
        [
          -0.107336,
          -0.464938,
          0.878813,
          0.506985
        ],
        [
          0.023544,
          -0.88486,
          -0.465262,
          1.364657
        ],
        [
          0.0,
          0.0,
          0.0,
          1.0
        ]
      ]
    },
    {
      "file_path": "/media/NFS/ttao/scannet/posed_images/scene0029_00/00059.jpg",
      "transform_matrix": [
        [
          0.994371,
          -0.031425,
          0.101185,
          1.328784
        ],
        [
          -0.104455,
          -0.450763,
          0.886511,
          0.505476
        ],
        [
          0.017751,
          -0.89209,
          -0.451508,
          1.36923
        ],
        [
          0.0,
          0.0,
          0.0,
          1.0
        ]
      ]
    },
    {
      "file_path": "/media/NFS/ttao/scannet/posed_images/scene0029_00/00065.jpg",
      "transform_matrix": [
        [
          0.993129,
          -0.026384,
          0.114009,
          1.329115
        ],
        [
          -0.113879,
          -0.442202,
          0.889657,
          0.505874
        ],
        [
          0.026942,
          -0.896527,
          -0.442168,
          1.360696
        ],
        [
          0.0,
          0.0,
          0.0,
          1.0
        ]
      ]
    },
    {
      "file_path": "/media/NFS/ttao/scannet/posed_images/scene0029_00/00073.jpg",
      "transform_matrix": [
        [
          0.991477,
          -0.029206,
          0.12697,
          1.328215
        ],
        [
          -0.127893,
          -0.404097,
          0.905731,
          0.502592
        ],
        [
          0.024856,
          -0.91425,
          -0.404388,
          1.363269
        ],
        [
          0.0,
          0.0,
          0.0,
          1.0
        ]
      ]
    },
    {
      "file_path": "/media/NFS/ttao/scannet/posed_images/scene0029_00/00077.jpg",
      "transform_matrix": [
        [
          0.992701,
          -0.017425,
          0.119337,
          1.325814
        ],
        [
          -0.116478,
          -0.395055,
          0.911243,
          0.500509
        ],
        [
          0.031266,
          -0.918492,
          -0.394202,
          1.365377
        ],
        [
          0.0,
          0.0,
          0.0,
          1.0
        ]
      ]
    },
    {
      "file_path": "/media/NFS/ttao/scannet/posed_images/scene0029_00/00084.jpg",
      "transform_matrix": [
        [
          0.993925,
          0.003594,
          0.110002,
          1.322491
        ],
        [
          -0.101706,
          -0.351982,
          0.930465,
          0.498745
        ],
        [
          0.042063,
          -0.936,
          -0.349478,
          1.385599
        ],
        [
          0.0,
          0.0,
          0.0,
          1.0
        ]
      ]
    },
    {
      "file_path": "/media/NFS/ttao/scannet/posed_images/scene0029_00/00088.jpg",
      "transform_matrix": [
        [
          0.992367,
          0.006305,
          0.123158,
          1.324409
        ],
        [
          -0.113996,
          -0.334039,
          0.93564,
          0.501378
        ],
        [
          0.047039,
          -0.942538,
          -0.330771,
          1.401565
        ],
        [
          0.0,
          0.0,
          0.0,
          1.0
        ]
      ]
    },
    {
      "file_path": "/media/NFS/ttao/scannet/posed_images/scene0029_00/00100.jpg",
      "transform_matrix": [
        [
          0.993001,
          0.005516,
          0.117977,
          1.332661
        ],
        [
          -0.112487,
          -0.26027,
          0.958961,
          0.499906
        ],
        [
          0.035996,
          -0.96552,
          -0.257828,
          1.458423
        ],
        [
          0.0,
          0.0,
          0.0,
          1.0
        ]
      ]
    },
    {
      "file_path": "/media/NFS/ttao/scannet/posed_images/scene0029_00/00101.jpg",
      "transform_matrix": [
        [
          0.992952,
          0.00486,
          0.118415,
          1.332944
        ],
        [
          -0.113228,
          -0.256189,
          0.959972,
          0.499446
        ],
        [
          0.035002,
          -0.966614,
          -0.253833,
          1.461708
        ],
        [
          0.0,
          0.0,
          0.0,
          1.0
        ]
      ]
    },
    {
      "file_path": "/media/NFS/ttao/scannet/posed_images/scene0029_00/00109.jpg",
      "transform_matrix": [
        [
          0.995144,
          -0.00216,
          0.098404,
          1.337284
        ],
        [
          -0.096918,
          -0.195926,
          0.975817,
          0.49177
        ],
        [
          0.017172,
          -0.980616,
          -0.195184,
          1.491342
        ],
        [
          0.0,
          0.0,
          0.0,
          1.0
        ]
      ]
    },
    {
      "file_path": "/media/NFS/ttao/scannet/posed_images/scene0029_00/00119.jpg",
      "transform_matrix": [
        [
          0.994356,
          -0.00545,
          0.105958,
          1.340105
        ],
        [
          -0.105679,
          -0.139556,
          0.984559,
          0.486022
        ],
        [
          0.009421,
          -0.990199,
          -0.139344,
          1.517609
        ],
        [
          0.0,
          0.0,
          0.0,
          1.0
        ]
      ]
    },
    {
      "file_path": "/media/NFS/ttao/scannet/posed_images/scene0029_00/00121.jpg",
      "transform_matrix": [
        [
          0.994196,
          -0.004065,
          0.107507,
          1.339938
        ],
        [
          -0.107114,
          -0.130614,
          0.98563,
          0.484629
        ],
        [
          0.010036,
          -0.991425,
          -0.130291,
          1.522195
        ],
        [
          0.0,
          0.0,
          0.0,
          1.0
        ]
      ]
    },
    {
      "file_path": "/media/NFS/ttao/scannet/posed_images/scene0029_00/00128.jpg",
      "transform_matrix": [
        [
          0.993909,
          0.007601,
          0.109944,
          1.337603
        ],
        [
          -0.109101,
          -0.073108,
          0.991338,
          0.474037
        ],
        [
          0.015573,
          -0.997295,
          -0.071833,
          1.539345
        ],
        [
          0.0,
          0.0,
          0.0,
          1.0
        ]
      ]
    },
    {
      "file_path": "/media/NFS/ttao/scannet/posed_images/scene0029_00/00138.jpg",
      "transform_matrix": [
        [
          0.995395,
          0.005516,
          0.0957,
          1.342653
        ],
        [
          -0.095549,
          -0.023175,
          0.995155,
          0.46349
        ],
        [
          0.007707,
          -0.999716,
          -0.022541,
          1.570286
        ],
        [
          0.0,
          0.0,
          0.0,
          1.0
        ]
      ]
    },
    {
      "file_path": "/media/NFS/ttao/scannet/posed_images/scene0029_00/00142.jpg",
      "transform_matrix": [
        [
          0.994761,
          0.013375,
          0.101353,
          1.341981
        ],
        [
          -0.10111,
          -0.017764,
          0.994717,
          0.46317
        ],
        [
          0.015104,
          -0.999753,
          -0.016319,
          1.582224
        ],
        [
          0.0,
          0.0,
          0.0,
          1.0
        ]
      ]
    },
    {
      "file_path": "/media/NFS/ttao/scannet/posed_images/scene0029_00/00149.jpg",
      "transform_matrix": [
        [
          0.996041,
          0.001605,
          0.088878,
          1.343425
        ],
        [
          -0.088888,
          0.007285,
          0.996015,
          0.457054
        ],
        [
          0.000951,
          -0.999972,
          0.007399,
          1.59985
        ],
        [
          0.0,
          0.0,
          0.0,
          1.0
        ]
      ]
    },
    {
      "file_path": "/media/NFS/ttao/scannet/posed_images/scene0029_00/00157.jpg",
      "transform_matrix": [
        [
          0.996338,
          -0.004297,
          0.085398,
          1.346505
        ],
        [
          -0.085442,
          -0.088629,
          0.992393,
          0.467449
        ],
        [
          0.003304,
          -0.996055,
          -0.088671,
          1.544494
        ],
        [
          0.0,
          0.0,
          0.0,
          1.0
        ]
      ]
    },
    {
      "file_path": "/media/NFS/ttao/scannet/posed_images/scene0029_00/00159.jpg",
      "transform_matrix": [
        [
          0.995958,
          -0.008189,
          0.089448,
          1.347275
        ],
        [
          -0.089822,
          -0.094443,
          0.99147,
          0.466931
        ],
        [
          0.000329,
          -0.995496,
          -0.094797,
          1.532459
        ],
        [
          0.0,
          0.0,
          0.0,
          1.0
        ]
      ]
    },
    {
      "file_path": "/media/NFS/ttao/scannet/posed_images/scene0029_00/00165.jpg",
      "transform_matrix": [
        [
          0.996113,
          -0.026924,
          0.083869,
          1.350197
        ],
        [
          -0.087039,
          -0.154611,
          0.984134,
          0.460593
        ],
        [
          -0.01353,
          -0.987608,
          -0.156353,
          1.503573
        ],
        [
          0.0,
          0.0,
          0.0,
          1.0
        ]
      ]
    },
    {
      "file_path": "/media/NFS/ttao/scannet/posed_images/scene0029_00/00172.jpg",
      "transform_matrix": [
        [
          0.994358,
          -0.056545,
          0.089746,
          1.354515
        ],
        [
          -0.100434,
          -0.229666,
          0.968074,
          0.448101
        ],
        [
          -0.034128,
          -0.971625,
          -0.234049,
          1.456663
        ],
        [
          0.0,
          0.0,
          0.0,
          1.0
        ]
      ]
    },
    {
      "file_path": "/media/NFS/ttao/scannet/posed_images/scene0029_00/00182.jpg",
      "transform_matrix": [
        [
          0.995356,
          -0.03817,
          0.088368,
          1.349321
        ],
        [
          -0.096251,
          -0.406953,
          0.908364,
          0.450067
        ],
        [
          0.001289,
          -0.912651,
          -0.408737,
          1.379612
        ],
        [
          0.0,
          0.0,
          0.0,
          1.0
        ]
      ]
    },
    {
      "file_path": "/media/NFS/ttao/scannet/posed_images/scene0029_00/00188.jpg",
      "transform_matrix": [
        [
          0.996453,
          -0.035357,
          0.076368,
          1.349914
        ],
        [
          -0.084078,
          -0.457134,
          0.885415,
          0.436035
        ],
        [
          0.003604,
          -0.888695,
          -0.458485,
          1.34007
        ],
        [
          0.0,
          0.0,
          0.0,
          1.0
        ]
      ]
    },
    {
      "file_path": "/media/NFS/ttao/scannet/posed_images/scene0029_00/00190.jpg",
      "transform_matrix": [
        [
          0.995885,
          -0.03944,
          0.081598,
          1.349354
        ],
        [
          -0.090581,
          -0.46264,
          0.881907,
          0.433119
        ],
        [
          0.002968,
          -0.885669,
          -0.464308,
          1.330547
        ],
        [
          0.0,
          0.0,
          0.0,
          1.0
        ]
      ]
    },
    {
      "file_path": "/media/NFS/ttao/scannet/posed_images/scene0029_00/00201.jpg",
      "transform_matrix": [
        [
          0.992255,
          -0.054575,
          0.111588,
          1.357221
        ],
        [
          -0.123173,
          -0.548606,
          0.826958,
          0.412767
        ],
        [
          0.016086,
          -0.834298,
          -0.551079,
          1.282244
        ],
        [
          0.0,
          0.0,
          0.0,
          1.0
        ]
      ]
    },
    {
      "file_path": "/media/NFS/ttao/scannet/posed_images/scene0029_00/00203.jpg",
      "transform_matrix": [
        [
          0.991141,
          -0.049154,
          0.123383,
          1.3554
        ],
        [
          -0.129771,
          -0.556125,
          0.820905,
          0.414661
        ],
        [
          0.028265,
          -0.829644,
          -0.557577,
          1.273101
        ],
        [
          0.0,
          0.0,
          0.0,
          1.0
        ]
      ]
    },
    {
      "file_path": "/media/NFS/ttao/scannet/posed_images/scene0029_00/00209.jpg",
      "transform_matrix": [
        [
          0.988639,
          -0.051561,
          0.141187,
          1.343403
        ],
        [
          -0.144219,
          -0.590039,
          0.794389,
          0.427373
        ],
        [
          0.042346,
          -0.805726,
          -0.590772,
          1.249902
        ],
        [
          0.0,
          0.0,
          0.0,
          1.0
        ]
      ]
    },
    {
      "file_path": "/media/NFS/ttao/scannet/posed_images/scene0029_00/00216.jpg",
      "transform_matrix": [
        [
          0.991507,
          -0.033442,
          0.125681,
          1.325503
        ],
        [
          -0.120272,
          -0.603482,
          0.788254,
          0.432908
        ],
        [
          0.049486,
          -0.796675,
          -0.602379,
          1.24583
        ],
        [
          0.0,
          0.0,
          0.0,
          1.0
        ]
      ]
    },
    {
      "file_path": "/media/NFS/ttao/scannet/posed_images/scene0029_00/00224.jpg",
      "transform_matrix": [
        [
          0.987158,
          -0.03007,
          0.156894,
          1.307737
        ],
        [
          -0.141611,
          -0.619262,
          0.772309,
          0.42873
        ],
        [
          0.073935,
          -0.784608,
          -0.615567,
          1.23636
        ],
        [
          0.0,
          0.0,
          0.0,
          1.0
        ]
      ]
    },
    {
      "file_path": "/media/NFS/ttao/scannet/posed_images/scene0029_00/00232.jpg",
      "transform_matrix": [
        [
          0.989517,
          -0.042888,
          0.137904,
          1.256871
        ],
        [
          -0.135388,
          -0.607859,
          0.782417,
          0.438398
        ],
        [
          0.05027,
          -0.792885,
          -0.607294,
          1.239936
        ],
        [
          0.0,
          0.0,
          0.0,
          1.0
        ]
      ]
    },
    {
      "file_path": "/media/NFS/ttao/scannet/posed_images/scene0029_00/00239.jpg",
      "transform_matrix": [
        [
          0.956975,
          -0.180671,
          0.227062,
          1.223584
        ],
        [
          -0.290106,
          -0.579081,
          0.761908,
          0.463309
        ],
        [
          -0.006167,
          -0.794998,
          -0.60658,
          1.245359
        ],
        [
          0.0,
          0.0,
          0.0,
          1.0
        ]
      ]
    },
    {
      "file_path": "/media/NFS/ttao/scannet/posed_images/scene0029_00/00245.jpg",
      "transform_matrix": [
        [
          0.910403,
          -0.299769,
          0.285141,
          1.227188
        ],
        [
          -0.410319,
          -0.565988,
          0.71505,
          0.47341
        ],
        [
          -0.052963,
          -0.767982,
          -0.638278,
          1.239801
        ],
        [
          0.0,
          0.0,
          0.0,
          1.0
        ]
      ]
    },
    {
      "file_path": "/media/NFS/ttao/scannet/posed_images/scene0029_00/00247.jpg",
      "transform_matrix": [
        [
          0.896803,
          -0.331769,
          0.292699,
          1.229427
        ],
        [
          -0.436732,
          -0.558013,
          0.70561,
          0.472909
        ],
        [
          -0.07077,
          -0.760625,
          -0.645323,
          1.23517
        ],
        [
          0.0,
          0.0,
          0.0,
          1.0
        ]
      ]
    },
    {
      "file_path": "/media/NFS/ttao/scannet/posed_images/scene0029_00/00257.jpg",
      "transform_matrix": [
        [
          0.849634,
          -0.406952,
          0.335428,
          1.242285
        ],
        [
          -0.521287,
          -0.551719,
          0.651049,
          0.480398
        ],
        [
          -0.079883,
          -0.728008,
          -0.680899,
          1.216344
        ],
        [
          0.0,
          0.0,
          0.0,
          1.0
        ]
      ]
    },
    {
      "file_path": "/media/NFS/ttao/scannet/posed_images/scene0029_00/00264.jpg",
      "transform_matrix": [
        [
          0.810418,
          -0.428919,
          0.399063,
          1.226681
        ],
        [
          -0.583805,
          -0.534363,
          0.611251,
          0.498566
        ],
        [
          -0.048933,
          -0.728344,
          -0.683462,
          1.211829
        ],
        [
          0.0,
          0.0,
          0.0,
          1.0
        ]
      ]
    },
    {
      "file_path": "/media/NFS/ttao/scannet/posed_images/scene0029_00/00272.jpg",
      "transform_matrix": [
        [
          0.705151,
          -0.512337,
          0.490177,
          1.182891
        ],
        [
          -0.706633,
          -0.450648,
          0.545515,
          0.534939
        ],
        [
          -0.05859,
          -0.731045,
          -0.679809,
          1.218712
        ],
        [
          0.0,
          0.0,
          0.0,
          1.0
        ]
      ]
    },
    {
      "file_path": "/media/NFS/ttao/scannet/posed_images/scene0029_00/00276.jpg",
      "transform_matrix": [
        [
          0.663316,
          -0.547591,
          0.510054,
          1.158878
        ],
        [
          -0.744971,
          -0.4186,
          0.519414,
          0.546034
        ],
        [
          -0.070918,
          -0.724512,
          -0.685604,
          1.2205
        ],
        [
          0.0,
          0.0,
          0.0,
          1.0
        ]
      ]
    },
    {
      "file_path": "/media/NFS/ttao/scannet/posed_images/scene0029_00/00283.jpg",
      "transform_matrix": [
        [
          0.603391,
          -0.584745,
          0.542211,
          1.129437
        ],
        [
          -0.79481,
          -0.385755,
          0.468476,
          0.553696
        ],
        [
          -0.064779,
          -0.713629,
          -0.697522,
          1.220378
        ],
        [
          0.0,
          0.0,
          0.0,
          1.0
        ]
      ]
    },
    {
      "file_path": "/media/NFS/ttao/scannet/posed_images/scene0029_00/00285.jpg",
      "transform_matrix": [
        [
          0.594157,
          -0.589953,
          0.546748,
          1.125412
        ],
        [
          -0.801822,
          -0.380572,
          0.460703,
          0.549624
        ],
        [
          -0.063716,
          -0.712124,
          -0.699156,
          1.218092
        ],
        [
          0.0,
          0.0,
          0.0,
          1.0
        ]
      ]
    },
    {
      "file_path": "/media/NFS/ttao/scannet/posed_images/scene0029_00/00297.jpg",
      "transform_matrix": [
        [
          0.561317,
          -0.622582,
          0.545266,
          1.123654
        ],
        [
          -0.822056,
          -0.343297,
          0.45428,
          0.519874
        ],
        [
          -0.095639,
          -0.703234,
          -0.704496,
          1.2004
        ],
        [
          0.0,
          0.0,
          0.0,
          1.0
        ]
      ]
    },
    {
      "file_path": "/media/NFS/ttao/scannet/posed_images/scene0029_00/00299.jpg",
      "transform_matrix": [
        [
          0.561305,
          -0.62405,
          0.543598,
          1.121238
        ],
        [
          -0.821853,
          -0.342973,
          0.454892,
          0.515089
        ],
        [
          -0.097436,
          -0.702091,
          -0.70539,
          1.198482
        ],
        [
          0.0,
          0.0,
          0.0,
          1.0
        ]
      ]
    },
    {
      "file_path": "/media/NFS/ttao/scannet/posed_images/scene0029_00/00304.jpg",
      "transform_matrix": [
        [
          0.549676,
          -0.623442,
          0.556037,
          1.112291
        ],
        [
          -0.831315,
          -0.34266,
          0.437607,
          0.508209
        ],
        [
          -0.082291,
          -0.702784,
          -0.706628,
          1.19376
        ],
        [
          0.0,
          0.0,
          0.0,
          1.0
        ]
      ]
    },
    {
      "file_path": "/media/NFS/ttao/scannet/posed_images/scene0029_00/00316.jpg",
      "transform_matrix": [
        [
          0.501188,
          -0.64164,
          0.58061,
          1.080995
        ],
        [
          -0.864986,
          -0.352327,
          0.357302,
          0.522661
        ],
        [
          -0.024695,
          -0.681295,
          -0.731592,
          1.172201
        ],
        [
          0.0,
          0.0,
          0.0,
          1.0
        ]
      ]
    },
    {
      "file_path": "/media/NFS/ttao/scannet/posed_images/scene0029_00/00320.jpg",
      "transform_matrix": [
        [
          0.487199,
          -0.648492,
          0.584889,
          1.062693
        ],
        [
          -0.873164,
          -0.350312,
          0.338919,
          0.534904
        ],
        [
          -0.014892,
          -0.675825,
          -0.736912,
          1.161172
        ],
        [
          0.0,
          0.0,
          0.0,
          1.0
        ]
      ]
    },
    {
      "file_path": "/media/NFS/ttao/scannet/posed_images/scene0029_00/00326.jpg",
      "transform_matrix": [
        [
          0.467081,
          -0.640304,
          0.609792,
          1.042332
        ],
        [
          -0.884175,
          -0.331702,
          0.328951,
          0.551986
        ],
        [
          -0.00836,
          -0.692809,
          -0.721072,
          1.153036
        ],
        [
          0.0,
          0.0,
          0.0,
          1.0
        ]
      ]
    },
    {
      "file_path": "/media/NFS/ttao/scannet/posed_images/scene0029_00/00335.jpg",
      "transform_matrix": [
        [
          0.437198,
          -0.658247,
          0.612836,
          1.018449
        ],
        [
          -0.899115,
          -0.335974,
          0.28056,
          0.57578
        ],
        [
          0.021219,
          -0.67367,
          -0.738727,
          1.131751
        ],
        [
          0.0,
          0.0,
          0.0,
          1.0
        ]
      ]
    },
    {
      "file_path": "/media/NFS/ttao/scannet/posed_images/scene0029_00/00339.jpg",
      "transform_matrix": [
        [
          0.425809,
          -0.655405,
          0.623803,
          1.011777
        ],
        [
          -0.9046,
          -0.323333,
          0.277768,
          0.577628
        ],
        [
          0.019645,
          -0.682568,
          -0.730558,
          1.132268
        ],
        [
          0.0,
          0.0,
          0.0,
          1.0
        ]
      ]
    },
    {
      "file_path": "/media/NFS/ttao/scannet/posed_images/scene0029_00/00343.jpg",
      "transform_matrix": [
        [
          0.411575,
          -0.651512,
          0.63729,
          1.00753
        ],
        [
          -0.911063,
          -0.312448,
          0.268961,
          0.58052
        ],
        [
          0.023889,
          -0.691309,
          -0.722165,
          1.137091
        ],
        [
          0.0,
          0.0,
          0.0,
          1.0
        ]
      ]
    },
    {
      "file_path": "/media/NFS/ttao/scannet/posed_images/scene0029_00/00352.jpg",
      "transform_matrix": [
        [
          0.363945,
          -0.635445,
          0.680995,
          1.013579
        ],
        [
          -0.929575,
          -0.293806,
          0.22264,
          0.582197
        ],
        [
          0.058605,
          -0.714064,
          -0.697623,
          1.157637
        ],
        [
          0.0,
          0.0,
          0.0,
          1.0
        ]
      ]
    },
    {
      "file_path": "/media/NFS/ttao/scannet/posed_images/scene0029_00/00360.jpg",
      "transform_matrix": [
        [
          0.367582,
          -0.624406,
          0.689202,
          1.023506
        ],
        [
          -0.928927,
          -0.281954,
          0.239992,
          0.597928
        ],
        [
          0.044471,
          -0.728436,
          -0.68367,
          1.169445
        ],
        [
          0.0,
          0.0,
          0.0,
          1.0
        ]
      ]
    },
    {
      "file_path": "/media/NFS/ttao/scannet/posed_images/scene0029_00/00364.jpg",
      "transform_matrix": [
        [
          0.367936,
          -0.64461,
          0.67015,
          1.040464
        ],
        [
          -0.929241,
          -0.281015,
          0.23988,
          0.609094
        ],
        [
          0.033693,
          -0.710991,
          -0.702394,
          1.164455
        ],
        [
          0.0,
          0.0,
          0.0,
          1.0
        ]
      ]
    },
    {
      "file_path": "/media/NFS/ttao/scannet/posed_images/scene0029_00/00373.jpg",
      "transform_matrix": [
        [
          0.431295,
          -0.650773,
          0.624883,
          1.085282
        ],
        [
          -0.901341,
          -0.28039,
          0.3301,
          0.645581
        ],
        [
          -0.039609,
          -0.705603,
          -0.707499,
          1.176152
        ],
        [
          0.0,
          0.0,
          0.0,
          1.0
        ]
      ]
    },
    {
      "file_path": "/media/NFS/ttao/scannet/posed_images/scene0029_00/00379.jpg",
      "transform_matrix": [
        [
          0.370037,
          -0.672575,
          0.640871,
          1.127432
        ],
        [
          -0.928834,
          -0.254168,
          0.269565,
          0.667477
        ],
        [
          -0.018414,
          -0.695012,
          -0.718762,
          1.186495
        ],
        [
          0.0,
          0.0,
          0.0,
          1.0
        ]
      ]
    },
    {
      "file_path": "/media/NFS/ttao/scannet/posed_images/scene0029_00/00383.jpg",
      "transform_matrix": [
        [
          0.350319,
          -0.681529,
          0.642492,
          1.145908
        ],
        [
          -0.936596,
          -0.249007,
          0.246543,
          0.678918
        ],
        [
          -0.008041,
          -0.688124,
          -0.725549,
          1.184933
        ],
        [
          0.0,
          0.0,
          0.0,
          1.0
        ]
      ]
    },
    {
      "file_path": "/media/NFS/ttao/scannet/posed_images/scene0029_00/00391.jpg",
      "transform_matrix": [
        [
          0.29533,
          -0.72621,
          0.620805,
          1.167255
        ],
        [
          -0.955029,
          -0.206418,
          0.212862,
          0.712842
        ],
        [
          -0.026437,
          -0.655752,
          -0.754514,
          1.172056
        ],
        [
          0.0,
          0.0,
          0.0,
          1.0
        ]
      ]
    },
    {
      "file_path": "/media/NFS/ttao/scannet/posed_images/scene0029_00/00394.jpg",
      "transform_matrix": [
        [
          0.253001,
          -0.729383,
          0.635603,
          1.168095
        ],
        [
          -0.967301,
          -0.178584,
          0.180099,
          0.728322
        ],
        [
          -0.017853,
          -0.660385,
          -0.750715,
          1.170776
        ],
        [
          0.0,
          0.0,
          0.0,
          1.0
        ]
      ]
    },
    {
      "file_path": "/media/NFS/ttao/scannet/posed_images/scene0029_00/00400.jpg",
      "transform_matrix": [
        [
          0.127473,
          -0.723316,
          0.678649,
          1.165562
        ],
        [
          -0.991839,
          -0.09112,
          0.089182,
          0.784617
        ],
        [
          -0.002668,
          -0.684479,
          -0.729028,
          1.178639
        ],
        [
          0.0,
          0.0,
          0.0,
          1.0
        ]
      ]
    },
    {
      "file_path": "/media/NFS/ttao/scannet/posed_images/scene0029_00/00410.jpg",
      "transform_matrix": [
        [
          0.021448,
          -0.734695,
          0.678059,
          1.122833
        ],
        [
          -0.999509,
          -0.031253,
          -0.002248,
          0.889578
        ],
        [
          0.022843,
          -0.677677,
          -0.735005,
          1.192716
        ],
        [
          0.0,
          0.0,
          0.0,
          1.0
        ]
      ]
    },
    {
      "file_path": "/media/NFS/ttao/scannet/posed_images/scene0029_00/00416.jpg",
      "transform_matrix": [
        [
          -0.070795,
          -0.714046,
          0.69651,
          1.098707
        ],
        [
          -0.997192,
          0.033571,
          -0.066941,
          0.907881
        ],
        [
          0.024416,
          -0.699293,
          -0.714418,
          1.206207
        ],
        [
          0.0,
          0.0,
          0.0,
          1.0
        ]
      ]
    },
    {
      "file_path": "/media/NFS/ttao/scannet/posed_images/scene0029_00/00425.jpg",
      "transform_matrix": [
        [
          -0.186973,
          -0.673666,
          0.714993,
          1.07074
        ],
        [
          -0.982323,
          0.121496,
          -0.142407,
          0.903974
        ],
        [
          0.009066,
          -0.72898,
          -0.684474,
          1.218565
        ],
        [
          0.0,
          0.0,
          0.0,
          1.0
        ]
      ]
    },
    {
      "file_path": "/media/NFS/ttao/scannet/posed_images/scene0029_00/00431.jpg",
      "transform_matrix": [
        [
          -0.214304,
          -0.650403,
          0.728732,
          1.059126
        ],
        [
          -0.976752,
          0.146814,
          -0.156208,
          0.893543
        ],
        [
          -0.00539,
          -0.745266,
          -0.666745,
          1.225196
        ],
        [
          0.0,
          0.0,
          0.0,
          1.0
        ]
      ]
    },
    {
      "file_path": "/media/NFS/ttao/scannet/posed_images/scene0029_00/00435.jpg",
      "transform_matrix": [
        [
          -0.232277,
          -0.635914,
          0.735976,
          1.052248
        ],
        [
          -0.972551,
          0.162653,
          -0.166401,
          0.883314
        ],
        [
          -0.013892,
          -0.754425,
          -0.656239,
          1.226501
        ],
        [
          0.0,
          0.0,
          0.0,
          1.0
        ]
      ]
    },
    {
      "file_path": "/media/NFS/ttao/scannet/posed_images/scene0029_00/00444.jpg",
      "transform_matrix": [
        [
          -0.304921,
          -0.590693,
          0.747064,
          1.044936
        ],
        [
          -0.952305,
          0.198752,
          -0.231542,
          0.856762
        ],
        [
          -0.01171,
          -0.782036,
          -0.623124,
          1.238198
        ],
        [
          0.0,
          0.0,
          0.0,
          1.0
        ]
      ]
    },
    {
      "file_path": "/media/NFS/ttao/scannet/posed_images/scene0029_00/00448.jpg",
      "transform_matrix": [
        [
          -0.322316,
          -0.578648,
          0.749185,
          1.043303
        ],
        [
          -0.946619,
          0.201104,
          -0.25193,
          0.848787
        ],
        [
          -0.004886,
          -0.790395,
          -0.612579,
          1.238229
        ],
        [
          0.0,
          0.0,
          0.0,
          1.0
        ]
      ]
    },
    {
      "file_path": "/media/NFS/ttao/scannet/posed_images/scene0029_00/00454.jpg",
      "transform_matrix": [
        [
          -0.35541,
          -0.579461,
          0.733423,
          1.042659
        ],
        [
          -0.934704,
          0.217369,
          -0.28121,
          0.846005
        ],
        [
          0.003527,
          -0.785478,
          -0.618879,
          1.236926
        ],
        [
          0.0,
          0.0,
          0.0,
          1.0
        ]
      ]
    },
    {
      "file_path": "/media/NFS/ttao/scannet/posed_images/scene0029_00/00462.jpg",
      "transform_matrix": [
        [
          -0.409221,
          -0.553515,
          0.725368,
          1.044101
        ],
        [
          -0.912435,
          0.248994,
          -0.324753,
          0.84701
        ],
        [
          -0.000856,
          -0.794748,
          -0.60694,
          1.240127
        ],
        [
          0.0,
          0.0,
          0.0,
          1.0
        ]
      ]
    },
    {
      "file_path": "/media/NFS/ttao/scannet/posed_images/scene0029_00/00469.jpg",
      "transform_matrix": [
        [
          -0.431239,
          -0.584229,
          0.687539,
          1.051752
        ],
        [
          -0.902233,
          0.281775,
          -0.326464,
          0.868087
        ],
        [
          -0.003001,
          -0.761104,
          -0.648623,
          1.227751
        ],
        [
          0.0,
          0.0,
          0.0,
          1.0
        ]
      ]
    },
    {
      "file_path": "/media/NFS/ttao/scannet/posed_images/scene0029_00/00473.jpg",
      "transform_matrix": [
        [
          -0.456264,
          -0.590965,
          0.66527,
          1.05265
        ],
        [
          -0.889774,
          0.312435,
          -0.332697,
          0.882057
        ],
        [
          -0.011241,
          -0.743737,
          -0.668378,
          1.220052
        ],
        [
          0.0,
          0.0,
          0.0,
          1.0
        ]
      ]
    },
    {
      "file_path": "/media/NFS/ttao/scannet/posed_images/scene0029_00/00477.jpg",
      "transform_matrix": [
        [
          -0.493233,
          -0.589353,
          0.639831,
          1.053042
        ],
        [
          -0.869849,
          0.341934,
          -0.355591,
          0.894802
        ],
        [
          -0.009211,
          -0.731945,
          -0.681301,
          1.21625
        ],
        [
          0.0,
          0.0,
          0.0,
          1.0
        ]
      ]
    },
    {
      "file_path": "/media/NFS/ttao/scannet/posed_images/scene0029_00/00486.jpg",
      "transform_matrix": [
        [
          -0.593686,
          -0.55642,
          0.581321,
          1.047602
        ],
        [
          -0.804696,
          0.411281,
          -0.428149,
          0.914346
        ],
        [
          -0.000856,
          -0.721973,
          -0.69192,
          1.211538
        ],
        [
          0.0,
          0.0,
          0.0,
          1.0
        ]
      ]
    },
    {
      "file_path": "/media/NFS/ttao/scannet/posed_images/scene0029_00/00490.jpg",
      "transform_matrix": [
        [
          -0.610749,
          -0.543805,
          0.575553,
          1.045713
        ],
        [
          -0.791668,
          0.40495,
          -0.457467,
          0.923921
        ],
        [
          0.015702,
          -0.735045,
          -0.677836,
