{
  "frames": [
    {
      "file_path": "/media/NFS/ttao/scannet/posed_images/scene0369_00/00002.jpg",
      "transform_matrix": [
        [
          -0.233142,
          0.460237,
          -0.856637,
          3.965149
        ],
        [
          0.972267,
          0.127085,
          -0.196333,
          3.355734
        ],
        [
          0.018506,
          -0.878653,
          -0.477102,
          1.518799
        ],
        [
          0.0,
          0.0,
          0.0,
          1.0
        ]
      ]
    },
    {
      "file_path": "/media/NFS/ttao/scannet/posed_images/scene0369_00/00006.jpg",
      "transform_matrix": [
        [
          -0.237518,
          0.464916,
          -0.8529,
          3.965861
        ],
        [
          0.971072,
          0.135876,
          -0.196361,
          3.355537
        ],
        [
          0.024597,
          -0.874866,
          -0.483739,
          1.512027
        ],
        [
          0.0,
          0.0,
          0.0,
          1.0
        ]
      ]
    },
    {
      "file_path": "/media/NFS/ttao/scannet/posed_images/scene0369_00/00007.jpg",
      "transform_matrix": [
        [
          -0.238255,
          0.466233,
          -0.851975,
          3.965662
        ],
        [
          0.97086,
          0.13764,
          -0.19618,
          3.353485
        ],
        [
          0.0258,
          -0.873889,
          -0.48544,
          1.511828
        ],
        [
          0.0,
          0.0,
          0.0,
          1.0
        ]
      ]
    },
    {
      "file_path": "/media/NFS/ttao/scannet/posed_images/scene0369_00/00013.jpg",
      "transform_matrix": [
        [
          -0.251099,
          0.476465,
          -0.842574,
          3.963489
        ],
        [
          0.967814,
          0.138785,
          -0.209941,
          3.359264
        ],
        [
          0.016907,
          -0.868171,
          -0.495978,
          1.508123
        ],
        [
          0.0,
          0.0,
          0.0,
          1.0
        ]
      ]
    },
    {
      "file_path": "/media/NFS/ttao/scannet/posed_images/scene0369_00/00016.jpg",
      "transform_matrix": [
        [
          -0.257139,
          0.479881,
          -0.838805,
          3.962292
        ],
        [
          0.966276,
          0.140095,
          -0.216067,
          3.358801
        ],
        [
          0.013827,
          -0.866076,
          -0.499721,
          1.508137
        ],
        [
          0.0,
          0.0,
          0.0,
          1.0
        ]
      ]
    },
    {
      "file_path": "/media/NFS/ttao/scannet/posed_images/scene0369_00/00019.jpg",
      "transform_matrix": [
        [
          -0.259988,
          0.478781,
          -0.838555,
          3.962272
        ],
        [
          0.965524,
          0.140643,
          -0.219052,
          3.358562
        ],
        [
          0.013059,
          -0.866596,
          -0.49884,
          1.510607
        ],
        [
          0.0,
          0.0,
          0.0,
          1.0
        ]
      ]
    },
    {
      "file_path": "/media/NFS/ttao/scannet/posed_images/scene0369_00/00026.jpg",
      "transform_matrix": [
        [
          -0.232588,
          0.452323,
          -0.860992,
          3.960099
        ],
        [
          0.972097,
          0.135875,
          -0.19122,
          3.375736
        ],
        [
          0.030494,
          -0.881443,
          -0.471304,
          1.522674
        ],
        [
          0.0,
          0.0,
          0.0,
          1.0
        ]
      ]
    },
    {
      "file_path": "/media/NFS/ttao/scannet/posed_images/scene0369_00/00027.jpg",
      "transform_matrix": [
        [
          -0.220697,
          0.447185,
          -0.866786,
          3.960722
        ],
        [
          0.974698,
          0.133407,
          -0.179347,
          3.377038
        ],
        [
          0.035434,
          -0.884437,
          -0.465313,
          1.52431
        ],
        [
          0.0,
          0.0,
          0.0,
          1.0
        ]
      ]
    },
    {
      "file_path": "/media/NFS/ttao/scannet/posed_images/scene0369_00/00032.jpg",
      "transform_matrix": [
        [
          -0.157392,
          0.426052,
          -0.890902,
          3.964153
        ],
        [
          0.986282,
          0.113266,
          -0.120076,
          3.404654
        ],
        [
          0.04975,
          -0.89758,
          -0.438035,
          1.527703
        ],
        [
          0.0,
          0.0,
          0.0,
          1.0
        ]
      ]
    },
    {
      "file_path": "/media/NFS/ttao/scannet/posed_images/scene0369_00/00035.jpg",
      "transform_matrix": [
        [
          -0.118345,
          0.415067,
          -0.902061,
          3.967536
        ],
        [
          0.991486,
          0.099087,
          -0.084484,
          3.418221
        ],
        [
          0.054316,
          -0.904379,
          -0.423259,
          1.530092
        ],
        [
          0.0,
          0.0,
          0.0,
          1.0
        ]
      ]
    },
    {
      "file_path": "/media/NFS/ttao/scannet/posed_images/scene0369_00/00039.jpg",
      "transform_matrix": [
        [
          -0.070189,
          0.406909,
          -0.910768,
          3.971592
        ],
        [
          0.996324,
          0.07354,
          -0.043927,
          3.43626
        ],
        [
          0.049104,
          -0.910504,
          -0.410575,
          1.533286
        ],
        [
          0.0,
          0.0,
          0.0,
          1.0
        ]
      ]
    },
    {
      "file_path": "/media/NFS/ttao/scannet/posed_images/scene0369_00/00045.jpg",
      "transform_matrix": [
        [
          -0.010971,
          0.396135,
          -0.918127,
          3.980153
        ],
        [
          0.998786,
          0.048439,
          0.008964,
          3.450903
        ],
        [
          0.048024,
          -0.916914,
          -0.396185,
          1.540178
        ],
        [
          0.0,
          0.0,
          0.0,
          1.0
        ]
      ]
    },
    {
      "file_path": "/media/NFS/ttao/scannet/posed_images/scene0369_00/00047.jpg",
      "transform_matrix": [
        [
          0.003845,
          0.390051,
          -0.920785,
          3.984502
        ],
        [
          0.998868,
          0.042166,
          0.022033,
          3.457955
        ],
        [
          0.04742,
          -0.919827,
          -0.389447,
          1.540325
        ],
        [
          0.0,
          0.0,
          0.0,
          1.0
        ]
      ]
    },
    {
      "file_path": "/media/NFS/ttao/scannet/posed_images/scene0369_00/00051.jpg",
      "transform_matrix": [
        [
          0.035462,
          0.380239,
          -0.924208,
          3.98879
        ],
        [
          0.998235,
          0.030609,
          0.050896,
          3.462032
        ],
        [
          0.047642,
          -0.924381,
          -0.378483,
          1.548648
        ],
        [
          0.0,
          0.0,
          0.0,
          1.0
        ]
      ]
    },
    {
      "file_path": "/media/NFS/ttao/scannet/posed_images/scene0369_00/00056.jpg",
      "transform_matrix": [
        [
          0.057696,
          0.359415,
          -0.931392,
          3.994662
        ],
        [
          0.997209,
          0.023538,
          0.070856,
          3.465368
        ],
        [
          0.04739,
          -0.932881,
          -0.357054,
          1.558604
        ],
        [
          0.0,
          0.0,
          0.0,
          1.0
        ]
      ]
    },
    {
      "file_path": "/media/NFS/ttao/scannet/posed_images/scene0369_00/00058.jpg",
      "transform_matrix": [
        [
          0.058454,
          0.347172,
          -0.935978,
          3.997227
        ],
        [
          0.997148,
          0.024528,
          0.071373,
          3.464531
        ],
        [
          0.047737,
          -0.93748,
          -0.344748,
          1.562
        ],
        [
          0.0,
          0.0,
          0.0,
          1.0
        ]
      ]
    },
    {
      "file_path": "/media/NFS/ttao/scannet/posed_images/scene0369_00/00062.jpg",
      "transform_matrix": [
        [
          0.04089,
          0.321699,
          -0.945959,
          3.999705
        ],
        [
          0.998303,
          0.026131,
          0.052039,
          3.462573
        ],
        [
          0.04146,
          -0.946481,
          -0.320085,
          1.570855
        ],
        [
          0.0,
          0.0,
          0.0,
          1.0
        ]
      ]
    },
    {
      "file_path": "/media/NFS/ttao/scannet/posed_images/scene0369_00/00067.jpg",
      "transform_matrix": [
        [
          0.003098,
          0.280184,
          -0.959941,
          3.995364
        ],
        [
          0.999401,
          0.032224,
          0.012631,
          3.446492
        ],
        [
          0.034472,
          -0.959405,
          -0.279916,
          1.587931
        ],
        [
          0.0,
          0.0,
          0.0,
          1.0
        ]
      ]
    },
    {
      "file_path": "/media/NFS/ttao/scannet/posed_images/scene0369_00/00073.jpg",
      "transform_matrix": [
        [
          -0.081024,
          0.239491,
          -0.967512,
          3.995729
        ],
        [
          0.996392,
          0.044071,
          -0.072534,
          3.450631
        ],
        [
          0.025268,
          -0.969898,
          -0.242197,
          1.604363
        ],
        [
          0.0,
          0.0,
          0.0,
          1.0
        ]
      ]
    },
    {
      "file_path": "/media/NFS/ttao/scannet/posed_images/scene0369_00/00076.jpg",
      "transform_matrix": [
        [
          -0.118505,
          0.225156,
          -0.967089,
          3.99649
        ],
        [
          0.992787,
          0.044687,
          -0.11125,
          3.44047
        ],
        [
          0.018167,
          -0.973297,
          -0.228828,
          1.606788
        ],
        [
          0.0,
          0.0,
          0.0,
          1.0
        ]
      ]
    },
    {
      "file_path": "/media/NFS/ttao/scannet/posed_images/scene0369_00/00078.jpg",
      "transform_matrix": [
        [
          -0.143921,
          0.219449,
          -0.96495,
          3.993515
        ],
        [
          0.98946,
          0.047667,
          -0.136736,
          3.438915
        ],
        [
          0.015989,
          -0.974459,
          -0.223996,
          1.610571
        ],
        [
          0.0,
          0.0,
          0.0,
          1.0
        ]
      ]
    },
    {
      "file_path": "/media/NFS/ttao/scannet/posed_images/scene0369_00/00081.jpg",
      "transform_matrix": [
        [
          -0.175612,
          0.213339,
          -0.961065,
          3.98912
        ],
        [
          0.984191,
          0.060839,
          -0.166333,
          3.431736
        ],
        [
          0.022985,
          -0.975082,
          -0.220651,
          1.625836
        ],
        [
          0.0,
          0.0,
          0.0,
          1.0
        ]
      ]
    },
    {
      "file_path": "/media/NFS/ttao/scannet/posed_images/scene0369_00/00086.jpg",
      "transform_matrix": [
        [
          -0.227931,
          0.188189,
          -0.955318,
          3.99461
        ],
        [
          0.973519,
          0.061729,
          -0.220114,
          3.418695
        ],
        [
          0.017548,
          -0.980191,
          -0.197275,
          1.626561
        ],
        [
          0.0,
          0.0,
          0.0,
          1.0
        ]
      ]
    },
    {
      "file_path": "/media/NFS/ttao/scannet/posed_images/scene0369_00/00091.jpg",
      "transform_matrix": [
        [
          -0.287068,
          0.165132,
          -0.94357,
          3.989993
        ],
        [
          0.957566,
          0.075873,
          -0.278048,
          3.410495
        ],
        [
          0.025677,
          -0.983349,
          -0.179905,
          1.641608
        ],
        [
          0.0,
          0.0,
          0.0,
          1.0
        ]
      ]
    },
    {
      "file_path": "/media/NFS/ttao/scannet/posed_images/scene0369_00/00093.jpg",
      "transform_matrix": [
        [
          -0.307871,
          0.159093,
          -0.938032,
          3.988551
        ],
        [
          0.95099,
          0.081354,
          -0.298326,
          3.407527
        ],
        [
          0.028851,
          -0.983906,
          -0.176343,
          1.647151
        ],
        [
          0.0,
          0.0,
          0.0,
          1.0
        ]
      ]
    },
    {
      "file_path": "/media/NFS/ttao/scannet/posed_images/scene0369_00/00100.jpg",
      "transform_matrix": [
        [
          -0.373747,
          0.148615,
          -0.915547,
          3.988889
        ],
        [
          0.927211,
          0.085758,
          -0.364588,
          3.404085
        ],
        [
          0.024332,
          -0.985169,
          -0.16985,
          1.658608
        ],
        [
          0.0,
          0.0,
          0.0,
          1.0
        ]
      ]
    },
    {
      "file_path": "/media/NFS/ttao/scannet/posed_images/scene0369_00/00101.jpg",
      "transform_matrix": [
        [
          -0.382401,
          0.147266,
          -0.912186,
          3.991879
        ],
        [
          0.923672,
          0.087096,
          -0.373155,
          3.400331
        ],
        [
          0.024494,
          -0.985255,
          -0.169331,
          1.655359
        ],
        [
          0.0,
          0.0,
          0.0,
          1.0
        ]
      ]
    },
    {
      "file_path": "/media/NFS/ttao/scannet/posed_images/scene0369_00/00105.jpg",
      "transform_matrix": [
        [
          -0.423461,
          0.146093,
          -0.894056,
          3.994288
        ],
        [
          0.905576,
          0.095219,
          -0.413359,
          3.390628
        ],
        [
          0.024742,
          -0.984678,
          -0.17262,
          1.651987
        ],
        [
          0.0,
          0.0,
          0.0,
          1.0
        ]
      ]
    },
    {
      "file_path": "/media/NFS/ttao/scannet/posed_images/scene0369_00/00112.jpg",
      "transform_matrix": [
        [
          -0.491091,
          0.141533,
          -0.859534,
          4.01246
        ],
        [
          0.870692,
          0.110249,
          -0.479313,
          3.368399
        ],
        [
          0.026924,
          -0.983775,
          -0.177374,
          1.635938
        ],
        [
          0.0,
          0.0,
          0.0,
          1.0
        ]
      ]
    },
    {
      "file_path": "/media/NFS/ttao/scannet/posed_images/scene0369_00/00114.jpg",
      "transform_matrix": [
        [
          -0.50889,
          0.141927,
          -0.849051,
          4.012183
        ],
        [
          0.860336,
          0.11733,
          -0.496041,
          3.36454
        ],
        [
          0.029218,
          -0.982899,
          -0.181813,
          1.632195
        ],
        [
          0.0,
          0.0,
          0.0,
          1.0
        ]
      ]
    },
    {
      "file_path": "/media/NFS/ttao/scannet/posed_images/scene0369_00/00120.jpg",
      "transform_matrix": [
        [
          -0.558688,
          0.159655,
          -0.813866,
          4.01745
        ],
        [
          0.829123,
          0.131858,
          -0.543294,
          3.349944
        ],
        [
          0.020575,
          -0.978327,
          -0.206042,
          1.63501
        ],
        [
          0.0,
          0.0,
          0.0,
          1.0
        ]
      ]
    },
    {
      "file_path": "/media/NFS/ttao/scannet/posed_images/scene0369_00/00123.jpg",
      "transform_matrix": [
        [
          -0.578745,
          0.166244,
          -0.798384,
          4.021614
        ],
        [
          0.815246,
          0.142807,
          -0.561231,
          3.342417
        ],
        [
          0.020713,
          -0.975689,
          -0.218178,
          1.624123
        ],
        [
          0.0,
          0.0,
          0.0,
          1.0
        ]
      ]
    },
    {
      "file_path": "/media/NFS/ttao/scannet/posed_images/scene0369_00/00126.jpg",
      "transform_matrix": [
        [
          -0.600415,
          0.17641,
          -0.779988,
          4.023988
        ],
        [
          0.799403,
          0.158482,
          -0.579516,
          3.331764
        ],
        [
          0.021382,
          -0.971475,
          -0.236177,
          1.613199
        ],
        [
          0.0,
          0.0,
          0.0,
          1.0
        ]
      ]
    },
    {
      "file_path": "/media/NFS/ttao/scannet/posed_images/scene0369_00/00132.jpg",
      "transform_matrix": [
        [
          -0.641736,
          0.196689,
          -0.741275,
          4.036178
        ],
        [
          0.766483,
          0.197315,
          -0.611204,
          3.313429
        ],
        [
          0.026047,
          -0.960406,
          -0.277383,
          1.594301
        ],
        [
          0.0,
          0.0,
          0.0,
          1.0
        ]
      ]
    },
    {
      "file_path": "/media/NFS/ttao/scannet/posed_images/scene0369_00/00135.jpg",
      "transform_matrix": [
        [
          -0.663285,
          0.206357,
          -0.719354,
          4.03639
        ],
        [
          0.747969,
          0.214114,
          -0.628249,
          3.302655
        ],
        [
          0.02438,
          -0.954763,
          -0.296367,
          1.585689
        ],
        [
          0.0,
          0.0,
          0.0,
          1.0
        ]
      ]
    },
    {
      "file_path": "/media/NFS/ttao/scannet/posed_images/scene0369_00/00136.jpg",
      "transform_matrix": [
        [
          -0.670969,
          0.209518,
          -0.711269,
          4.034348
        ],
        [
          0.74114,
          0.218784,
          -0.634701,
          3.301738
        ],
        [
          0.022633,
          -0.953014,
          -0.302079,
          1.583359
        ],
        [
          0.0,
          0.0,
          0.0,
          1.0
        ]
      ]
    },
    {
      "file_path": "/media/NFS/ttao/scannet/posed_images/scene0369_00/00142.jpg",
      "transform_matrix": [
        [
          -0.706997,
          0.221655,
          -0.671584,
          4.032869
        ],
        [
          0.70693,
          0.248567,
          -0.662167,
          3.293243
        ],
        [
          0.020161,
          -0.942912,
          -0.33243,
          1.565273
        ],
        [
          0.0,
          0.0,
          0.0,
          1.0
        ]
      ]
    },
    {
      "file_path": "/media/NFS/ttao/scannet/posed_images/scene0369_00/00145.jpg",
      "transform_matrix": [
        [
          -0.720577,
          0.228153,
          -0.654763,
          4.031112
        ],
        [
          0.6931,
          0.263591,
          -0.670919,
          3.291822
        ],
        [
          0.019517,
          -0.937265,
          -0.348071,
          1.55311
        ],
        [
          0.0,
          0.0,
          0.0,
          1.0
        ]
      ]
    },
    {
      "file_path": "/media/NFS/ttao/scannet/posed_images/scene0369_00/00151.jpg",
      "transform_matrix": [
        [
          -0.748385,
          0.244796,
          -0.616436,
          4.028405
        ],
        [
          0.663154,
          0.29307,
          -0.688721,
          3.284675
        ],
        [
          0.012063,
          -0.924221,
          -0.381668,
          1.5314
        ],
        [
          0.0,
          0.0,
          0.0,
          1.0
        ]
      ]
    },
    {
      "file_path": "/media/NFS/ttao/scannet/posed_images/scene0369_00/00154.jpg",
      "transform_matrix": [
        [
          -0.758396,
          0.253936,
          -0.600294,
          4.027797
        ],
        [
          0.651728,
          0.308592,
          -0.692836,
          3.281497
        ],
        [
          0.00931,
          -0.916672,
          -0.399532,
          1.517784
        ],
        [
          0.0,
          0.0,
          0.0,
          1.0
        ]
      ]
    },
    {
      "file_path": "/media/NFS/ttao/scannet/posed_images/scene0369_00/00158.jpg",
      "transform_matrix": [
        [
          -0.775306,
          0.265326,
          -0.573152,
          4.026997
        ],
        [
          0.631557,
          0.334378,
          -0.69952,
          3.279921
        ],
        [
          0.006049,
          -0.904319,
          -0.426813,
          1.496553
        ],
        [
          0.0,
          0.0,
          0.0,
          1.0
        ]
      ]
    },
    {
      "file_path": "/media/NFS/ttao/scannet/posed_images/scene0369_00/00160.jpg",
      "transform_matrix": [
        [
          -0.781457,
          0.271659,
          -0.561718,
          4.033195
        ],
        [
          0.623937,
          0.34783,
          -0.699797,
          3.276497
        ],
        [
          0.005276,
          -0.897338,
          -0.441313,
          1.487296
        ],
        [
          0.0,
          0.0,
          0.0,
          1.0
        ]
      ]
    },
    {
      "file_path": "/media/NFS/ttao/scannet/posed_images/scene0369_00/00166.jpg",
      "transform_matrix": [
        [
          -0.802163,
          0.27884,
          -0.527998,
          4.021312
        ],
        [
          0.596936,
          0.395529,
          -0.698015,
          3.273534
        ],
        [
          0.014204,
          -0.875103,
          -0.483728,
          1.460053
        ],
        [
          0.0,
          0.0,
          0.0,
          1.0
        ]
      ]
    },
    {
      "file_path": "/media/NFS/ttao/scannet/posed_images/scene0369_00/00171.jpg",
      "transform_matrix": [
        [
          -0.807068,
          0.290547,
          -0.514027,
          4.023942
        ],
        [
          0.590259,
          0.419659,
          -0.689551,
          3.271029
        ],
        [
          0.015369,
          -0.859924,
          -0.510191,
          1.434322
        ],
        [
          0.0,
          0.0,
          0.0,
          1.0
        ]
      ]
    },
    {
      "file_path": "/media/NFS/ttao/scannet/posed_images/scene0369_00/00172.jpg",
      "transform_matrix": [
        [
          -0.809767,
          0.293032,
          -0.50834,
          4.022456
        ],
        [
          0.586598,
          0.424097,
          -0.689959,
          3.272291
        ],
        [
          0.013406,
          -0.856898,
          -0.515312,
          1.428975
        ],
        [
          0.0,
          0.0,
          0.0,
          1.0
        ]
      ]
    },
    {
      "file_path": "/media/NFS/ttao/scannet/posed_images/scene0369_00/00178.jpg",
      "transform_matrix": [
        [
          -0.828062,
          0.29775,
          -0.475034,
          4.013215
        ],
        [
          0.56055,
          0.454511,
          -0.692245,
          3.275158
        ],
        [
          0.009792,
          -0.839503,
          -0.543267,
          1.40598
        ],
        [
          0.0,
          0.0,
          0.0,
          1.0
        ]
      ]
    },
    {
      "file_path": "/media/NFS/ttao/scannet/posed_images/scene0369_00/00182.jpg",
      "transform_matrix": [
        [
          -0.829528,
          0.308107,
          -0.465783,
          4.005469
        ],
        [
          0.558407,
          0.469649,
          -0.683821,
          3.277769
        ],
        [
          0.008064,
          -0.827345,
          -0.561636,
          1.390646
        ],
        [
          0.0,
          0.0,
          0.0,
          1.0
        ]
      ]
    },
    {
      "file_path": "/media/NFS/ttao/scannet/posed_images/scene0369_00/00186.jpg",
      "transform_matrix": [
        [
          -0.832359,
          0.309537,
          -0.459744,
          3.997091
        ],
        [
          0.554146,
          0.479736,
          -0.680276,
          3.275431
        ],
        [
          0.009985,
          -0.821,
          -0.570841,
          1.380732
        ],
        [
          0.0,
          0.0,
          0.0,
          1.0
        ]
      ]
    },
    {
      "file_path": "/media/NFS/ttao/scannet/posed_images/scene0369_00/00188.jpg",
      "transform_matrix": [
        [
          -0.836471,
          0.302095,
          -0.457225,
          3.992472
        ],
        [
          0.547752,
          0.486532,
          -0.680627,
          3.270317
        ],
        [
          0.016841,
          -0.819771,
          -0.572443,
          1.378344
        ],
        [
          0.0,
          0.0,
          0.0,
          1.0
        ]
      ]
    },
    {
      "file_path": "/media/NFS/ttao/scannet/posed_images/scene0369_00/00192.jpg",
      "transform_matrix": [
        [
          -0.845334,
          0.283923,
          -0.452547,
          3.983413
        ],
        [
          0.533058,
          0.504554,
          -0.679172,
          3.25697
        ],
        [
          0.035502,
          -0.815361,
          -0.577863,
          1.370382
        ],
        [
          0.0,
          0.0,
          0.0,
          1.0
        ]
      ]
    },
    {
      "file_path": "/media/NFS/ttao/scannet/posed_images/scene0369_00/00195.jpg",
      "transform_matrix": [
        [
          -0.858927,
          0.273925,
          -0.432678,
          3.970471
        ],
        [
          0.510845,
          0.517388,
          -0.686547,
          3.242166
        ],
        [
          0.0358,
          -0.810725,
          -0.584331,
          1.367489
        ],
        [
          0.0,
          0.0,
          0.0,
          1.0
        ]
      ]
    },
    {
      "file_path": "/media/NFS/ttao/scannet/posed_images/scene0369_00/00200.jpg",
      "transform_matrix": [
        [
          -0.880428,
          0.242203,
          -0.407656,
          3.945676
        ],
        [
          0.472305,
          0.524293,
          -0.708551,
          3.208826
        ],
        [
          0.042118,
          -0.816366,
          -0.575996,
          1.372013
        ],
        [
          0.0,
          0.0,
          0.0,
          1.0
        ]
      ]
    },
    {
      "file_path": "/media/NFS/ttao/scannet/posed_images/scene0369_00/00203.jpg",
      "transform_matrix": [
        [
          -0.899595,
          0.217857,
          -0.378508,
          3.936256
        ],
        [
          0.434918,
          0.525672,
          -0.731105,
          3.191457
        ],
        [
          0.039695,
          -0.822318,
          -0.567642,
          1.369736
        ],
        [
          0.0,
          0.0,
          0.0,
          1.0
        ]
      ]
    },
    {
      "file_path": "/media/NFS/ttao/scannet/posed_images/scene0369_00/00209.jpg",
      "transform_matrix": [
        [
          -0.93384,
          0.16854,
          -0.315494,
          3.916699
        ],
        [
          0.355947,
          0.524853,
          -0.773195,
          3.15201
        ],
        [
          0.035274,
          -0.83434,
          -0.55012,
          1.37509
        ],
        [
          0.0,
          0.0,
          0.0,
          1.0
        ]
      ]
    },
    {
      "file_path": "/media/NFS/ttao/scannet/posed_images/scene0369_00/00211.jpg",
      "transform_matrix": [
        [
          -0.939856,
          0.157089,
          -0.303304,
          3.912007
        ],
        [
          0.339468,
          0.527938,
          -0.778487,
          3.141172
        ],
        [
          0.037834,
          -0.834628,
          -0.549513,
          1.377091
        ],
        [
          0.0,
          0.0,
          0.0,
          1.0
        ]
      ]
    },
    {
      "file_path": "/media/NFS/ttao/scannet/posed_images/scene0369_00/00216.jpg",
      "transform_matrix": [
        [
          -0.95056,
          0.133734,
          -0.280269,
          3.898689
        ],
        [
          0.308252,
          0.51571,
          -0.79939,
          3.128368
        ],
        [
          0.037632,
          -0.846262,
          -0.531437,
          1.378048
        ],
        [
          0.0,
          0.0,
          0.0,
          1.0
        ]
      ]
    },
    {
      "file_path": "/media/NFS/ttao/scannet/posed_images/scene0369_00/00221.jpg",
      "transform_matrix": [
        [
          -0.960945,
          0.113231,
          -0.252516,
          3.873363
        ],
        [
          0.274039,
          0.51653,
          -0.811234,
          3.125292
        ],
        [
          0.038575,
          -0.84875,
          -0.527386,
          1.392192
        ],
        [
          0.0,
          0.0,
          0.0,
          1.0
        ]
      ]
    },
    {
      "file_path": "/media/NFS/ttao/scannet/posed_images/scene0369_00/00222.jpg",
      "transform_matrix": [
        [
          -0.962605,
          0.109166,
          -0.24794,
          3.872765
        ],
        [
          0.268016,
          0.517135,
          -0.812858,
          3.125684
        ],
        [
          0.039482,
          -0.848914,
          -0.527055,
          1.394173
        ],
        [
          0.0,
          0.0,
          0.0,
          1.0
        ]
      ]
    },
    {
      "file_path": "/media/NFS/ttao/scannet/posed_images/scene0369_00/00229.jpg",
      "transform_matrix": [
        [
          -0.97984,
          0.074294,
          -0.185458,
          3.858407
        ],
        [
          0.19791,
          0.48785,
          -0.850197,
          3.133082
        ],
        [
          0.027312,
          -0.86976,
          -0.492718,
          1.423855
        ],
        [
          0.0,
          0.0,
          0.0,
          1.0
        ]
      ]
    },
    {
      "file_path": "/media/NFS/ttao/scannet/posed_images/scene0369_00/00232.jpg",
      "transform_matrix": [
        [
          -0.987339,
          0.04975,
          -0.150621,
          3.847439
        ],
        [
          0.155893,
          0.47977,
          -0.863434,
          3.145612
        ],
        [
          0.029307,
          -0.875982,
          -0.481452,
          1.430652
        ],
        [
          0.0,
          0.0,
          0.0,
          1.0
        ]
      ]
    },
    {
      "file_path": "/media/NFS/ttao/scannet/posed_images/scene0369_00/00238.jpg",
      "transform_matrix": [
        [
          -0.996883,
          0.017692,
          -0.076886,
          3.845328
        ],
        [
          0.07652,
          0.45414,
          -0.887638,
          3.155154
        ],
        [
          0.019213,
          -0.890754,
          -0.454079,
          1.455217
        ],
        [
          0.0,
          0.0,
          0.0,
          1.0
        ]
      ]
    },
    {
      "file_path": "/media/NFS/ttao/scannet/posed_images/scene0369_00/00239.jpg",
      "transform_matrix": [
        [
          -0.997768,
          0.009096,
          -0.066149,
          3.844615
        ],
        [
          0.063125,
          0.451397,
          -0.890088,
          3.158043
        ],
        [
          0.021763,
          -0.892277,
          -0.450963,
          1.456045
        ],
        [
          0.0,
          0.0,
          0.0,
          1.0
        ]
      ]
    },
    {
      "file_path": "/media/NFS/ttao/scannet/posed_images/scene0369_00/00242.jpg",
      "transform_matrix": [
        [
          -0.999431,
          -0.003559,
          -0.033537,
          3.846313
        ],
        [
          0.028489,
          0.443092,
          -0.896023,
          3.154733
        ],
        [
          0.018049,
          -0.896469,
          -0.442739,
          1.472714
        ],
        [
          0.0,
          0.0,
          0.0,
          1.0
        ]
      ]
    },
    {
      "file_path": "/media/NFS/ttao/scannet/posed_images/scene0369_00/00246.jpg",
      "transform_matrix": [
        [
          -0.999722,
          -0.020603,
          0.011485,
          3.849719
        ],
        [
          -0.019143,
          0.424176,
          -0.905377,
          3.155319
        ],
        [
          0.013782,
          -0.905345,
          -0.424453,
          1.480339
        ],
        [
          0.0,
          0.0,
          0.0,
          1.0
        ]
      ]
    },
    {
      "file_path": "/media/NFS/ttao/scannet/posed_images/scene0369_00/00253.jpg",
      "transform_matrix": [
        [
          -0.995771,
          -0.049294,
          0.077523,
          3.865538
        ],
        [
          -0.090665,
          0.39119,
          -0.915833,
          3.153942
        ],
        [
          0.014819,
          -0.918989,
          -0.394005,
          1.493059
        ],
        [
          0.0,
          0.0,
          0.0,
          1.0
        ]
      ]
    },
    {
      "file_path": "/media/NFS/ttao/scannet/posed_images/scene0369_00/00255.jpg",
      "transform_matrix": [
        [
          -0.993774,
          -0.056704,
          0.095905,
          3.872215
        ],
        [
          -0.110329,
          0.381018,
          -0.917961,
          3.155217
        ],
        [
          0.01551,
          -0.922827,
          -0.384902,
          1.495689
        ],
        [
          0.0,
          0.0,
          0.0,
          1.0
        ]
      ]
    },
    {
      "file_path": "/media/NFS/ttao/scannet/posed_images/scene0369_00/00260.jpg",
      "transform_matrix": [
        [
          -0.986989,
          -0.074585,
          0.142445,
          3.876825
        ],
        [
          -0.159847,
          0.359339,
          -0.919415,
          3.148015
        ],
        [
          0.017388,
          -0.930222,
          -0.366586,
          1.509063
        ],
        [
          0.0,
          0.0,
          0.0,
          1.0
        ]
      ]
    },
    {
      "file_path": "/media/NFS/ttao/scannet/posed_images/scene0369_00/00263.jpg",
      "transform_matrix": [
        [
          -0.983394,
          -0.086454,
          0.159568,
          3.893432
        ],
        [
          -0.179829,
          0.345744,
          -0.920936,
          3.147669
        ],
        [
          0.024449,
          -0.934338,
          -0.35555,
          1.517168
        ],
        [
          0.0,
          0.0,
          0.0,
          1.0
        ]
      ]
    },
    {
      "file_path": "/media/NFS/ttao/scannet/posed_images/scene0369_00/00268.jpg",
      "transform_matrix": [
        [
          -0.976359,
          -0.093272,
          0.194995,
          3.909236
        ],
        [
          -0.214881,
          0.321065,
          -0.922357,
          3.141643
        ],
        [
          0.023424,
          -0.942453,
          -0.333517,
          1.529127
        ],
        [
          0.0,
          0.0,
          0.0,
          1.0
        ]
      ]
    },
    {
      "file_path": "/media/NFS/ttao/scannet/posed_images/scene0369_00/00273.jpg",
      "transform_matrix": [
        [
          -0.968547,
          -0.106499,
          0.224888,
          3.916629
        ],
        [
          -0.247164,
          0.30732,
          -0.918948,
          3.140025
        ],
        [
          0.028754,
          -0.945628,
          -0.323976,
          1.518724
        ],
        [
          0.0,
          0.0,
          0.0,
          1.0
        ]
      ]
    },
    {
      "file_path": "/media/NFS/ttao/scannet/posed_images/scene0369_00/00274.jpg",
      "transform_matrix": [
        [
          -0.966968,
          -0.110052,
          0.229915,
          3.918026
        ],
        [
          -0.253103,
          0.307723,
          -0.917194,
          3.137929
        ],
        [
          0.030189,
          -0.94509,
          -0.325413,
          1.519153
        ],
        [
          0.0,
          0.0,
          0.0,
          1.0
        ]
      ]
    },
    {
      "file_path": "/media/NFS/ttao/scannet/posed_images/scene0369_00/00278.jpg",
      "transform_matrix": [
        [
          -0.959713,
          -0.11749,
          0.255238,
          3.927588
        ],
        [
          -0.279551,
          0.307737,
          -0.909477,
          3.134104
        ],
        [
          0.028308,
          -0.944189,
          -0.328184,
          1.52082
        ],
        [
          0.0,
          0.0,
          0.0,
          1.0
        ]
      ]
    },
    {
      "file_path": "/media/NFS/ttao/scannet/posed_images/scene0369_00/00281.jpg",
      "transform_matrix": [
        [
          -0.951691,
          -0.124537,
          0.28067,
          3.925158
        ],
        [
          -0.306015,
          0.309383,
          -0.900354,
          3.130538
        ],
        [
          0.025293,
          -0.942747,
          -0.332547,
          1.520694
        ],
        [
          0.0,
          0.0,
          0.0,
          1.0
        ]
      ]
    },
    {
      "file_path": "/media/NFS/ttao/scannet/posed_images/scene0369_00/00288.jpg",
      "transform_matrix": [
        [
          -0.914818,
          -0.159634,
          0.370978,
          3.947093
        ],
        [
          -0.403611,
          0.328744,
          -0.85383,
          3.1361
        ],
        [
          0.014343,
          -0.93083,
          -0.365171,
          1.509283
        ],
        [
          0.0,
          0.0,
          0.0,
          1.0
        ]
      ]
    },
    {
      "file_path": "/media/NFS/ttao/scannet/posed_images/scene0369_00/00289.jpg",
      "transform_matrix": [
        [
          -0.905042,
          -0.170845,
          0.3895,
          3.951441
        ],
        [
          -0.425092,
          0.333284,
          -0.841557,
          3.139208
        ],
        [
          0.013962,
          -0.927218,
          -0.374261,
          1.505091
        ],
        [
          0.0,
          0.0,
          0.0,
          1.0
        ]
      ]
    },
    {
      "file_path": "/media/NFS/ttao/scannet/posed_images/scene0369_00/00293.jpg",
      "transform_matrix": [
        [
          -0.871918,
          -0.207664,
          0.443435,
          3.970045
        ],
        [
          -0.489151,
          0.328483,
          -0.807979,
          3.148426
        ],
        [
          0.022127,
          -0.921398,
          -0.387989,
          1.491523
        ],
        [
          0.0,
          0.0,
          0.0,
          1.0
        ]
      ]
    },
    {
      "file_path": "/media/NFS/ttao/scannet/posed_images/scene0369_00/00300.jpg",
      "transform_matrix": [
        [
          -0.843482,
          -0.238774,
          0.48117,
          3.99385
        ],
        [
          -0.535989,
          0.315071,
          -0.783228,
          3.161146
        ],
        [
          0.035412,
          -0.918541,
          -0.393737,
          1.485153
        ],
        [
          0.0,
          0.0,
          0.0,
          1.0
        ]
      ]
    },
    {
      "file_path": "/media/NFS/ttao/scannet/posed_images/scene0369_00/00301.jpg",
      "transform_matrix": [
        [
          -0.840281,
          -0.241049,
          0.485616,
          3.99913
        ],
        [
          -0.540691,
          0.306916,
          -0.783234,
          3.170289
        ],
        [
          0.039755,
          -0.920705,
          -0.388229,
          1.465218
        ],
