{
  "frames": [
    {
      "file_path": "/media/NFS/ttao/scannet/posed_images/scene0460_00/00000.jpg",
      "transform_matrix": [
        [
          -0.879168,
          0.311926,
          -0.360229,
          3.076852
        ],
        [
          0.474875,
          0.636128,
          -0.608141,
          1.983931
        ],
        [
          0.039457,
          -0.705722,
          -0.707389,
          1.764055
        ],
        [
          0.0,
          0.0,
          0.0,
          1.0
        ]
      ]
    },
    {
      "file_path": "/media/NFS/ttao/scannet/posed_images/scene0460_00/00003.jpg",
      "transform_matrix": [
        [
          -0.883177,
          0.302456,
          -0.358495,
          3.065149
        ],
        [
          0.466988,
          0.638435,
          -0.611819,
          1.995863
        ],
        [
          0.043828,
          -0.707758,
          -0.705095,
          1.767077
        ],
        [
          0.0,
          0.0,
          0.0,
          1.0
        ]
      ]
    },
    {
      "file_path": "/media/NFS/ttao/scannet/posed_images/scene0460_00/00008.jpg",
      "transform_matrix": [
        [
          -0.879057,
          0.297997,
          -0.372097,
          3.053136
        ],
        [
          0.47351,
          0.636183,
          -0.609146,
          2.000626
        ],
        [
          0.055198,
          -0.711666,
          -0.700346,
          1.771015
        ],
        [
          0.0,
          0.0,
          0.0,
          1.0
        ]
      ]
    },
    {
      "file_path": "/media/NFS/ttao/scannet/posed_images/scene0460_00/00010.jpg",
      "transform_matrix": [
        [
          -0.880642,
          0.291758,
          -0.373292,
          3.050754
        ],
        [
          0.470381,
          0.632664,
          -0.615206,
          2.007209
        ],
        [
          0.056677,
          -0.717366,
          -0.694388,
          1.764701
        ],
        [
          0.0,
          0.0,
          0.0,
          1.0
        ]
      ]
    },
    {
      "file_path": "/media/NFS/ttao/scannet/posed_images/scene0460_00/00013.jpg",
      "transform_matrix": [
        [
          -0.881948,
          0.29513,
          -0.367514,
          3.045423
        ],
        [
          0.469129,
          0.62519,
          -0.623744,
          2.001085
        ],
        [
          0.04568,
          -0.722521,
          -0.689839,
          1.771586
        ],
        [
          0.0,
          0.0,
          0.0,
          1.0
        ]
      ]
    },
    {
      "file_path": "/media/NFS/ttao/scannet/posed_images/scene0460_00/00018.jpg",
      "transform_matrix": [
        [
          -0.910596,
          0.237923,
          -0.337947,
          3.046182
        ],
        [
          0.412517,
          0.573474,
          -0.707783,
          1.991072
        ],
        [
          0.025406,
          -0.783913,
          -0.62035,
          1.801693
        ],
        [
          0.0,
          0.0,
          0.0,
          1.0
        ]
      ]
    },
    {
      "file_path": "/media/NFS/ttao/scannet/posed_images/scene0460_00/00020.jpg",
      "transform_matrix": [
        [
          -0.930273,
          0.213151,
          -0.298593,
          3.04819
        ],
        [
          0.366804,
          0.555537,
          -0.746213,
          1.989965
        ],
        [
          0.006823,
          -0.803708,
          -0.594985,
          1.818394
        ],
        [
          0.0,
          0.0,
          0.0,
          1.0
        ]
      ]
    },
    {
      "file_path": "/media/NFS/ttao/scannet/posed_images/scene0460_00/00025.jpg",
      "transform_matrix": [
        [
          -0.964066,
          0.148896,
          -0.220016,
          3.066827
        ],
        [
          0.265356,
          0.499849,
          -0.824461,
          1.990009
        ],
        [
          -0.012784,
          -0.853218,
          -0.521398,
          1.844535
        ],
        [
          0.0,
          0.0,
          0.0,
          1.0
        ]
      ]
    },
    {
      "file_path": "/media/NFS/ttao/scannet/posed_images/scene0460_00/00026.jpg",
      "transform_matrix": [
        [
          -0.967788,
          0.135249,
          -0.212353,
          3.069232
        ],
        [
          0.251644,
          0.493372,
          -0.832622,
          1.990596
        ],
        [
          -0.007843,
          -0.859239,
          -0.511514,
          1.84785
        ],
        [
          0.0,
          0.0,
          0.0,
          1.0
        ]
      ]
    },
    {
      "file_path": "/media/NFS/ttao/scannet/posed_images/scene0460_00/00032.jpg",
      "transform_matrix": [
        [
          -0.979109,
          0.087123,
          -0.183723,
          3.076545
        ],
        [
          0.202956,
          0.473778,
          -0.856938,
          1.995588
        ],
        [
          0.012385,
          -0.876324,
          -0.481563,
          1.858493
        ],
        [
          0.0,
          0.0,
          0.0,
          1.0
        ]
      ]
    },
    {
      "file_path": "/media/NFS/ttao/scannet/posed_images/scene0460_00/00035.jpg",
      "transform_matrix": [
        [
          -0.980972,
          0.082852,
          -0.175584,
          3.080174
        ],
        [
          0.19324,
          0.504083,
          -0.841759,
          2.000357
        ],
        [
          0.018768,
          -0.859672,
          -0.510502,
          1.860061
        ],
        [
          0.0,
          0.0,
          0.0,
          1.0
        ]
      ]
    },
    {
      "file_path": "/media/NFS/ttao/scannet/posed_images/scene0460_00/00036.jpg",
      "transform_matrix": [
        [
          -0.981256,
          0.082431,
          -0.174187,
          3.078301
        ],
        [
          0.191497,
          0.518207,
          -0.833541,
          2.004302
        ],
        [
          0.021556,
          -0.851274,
          -0.524279,
          1.858817
        ],
        [
          0.0,
          0.0,
          0.0,
          1.0
        ]
      ]
    },
    {
      "file_path": "/media/NFS/ttao/scannet/posed_images/scene0460_00/00041.jpg",
      "transform_matrix": [
        [
          -0.975722,
          0.097309,
          -0.196209,
          3.08205
        ],
        [
          0.215346,
          0.589542,
          -0.778503,
          2.010729
        ],
        [
          0.039918,
          -0.801855,
          -0.596184,
          1.820848
        ],
        [
          0.0,
          0.0,
          0.0,
          1.0
        ]
      ]
    },
    {
      "file_path": "/media/NFS/ttao/scannet/posed_images/scene0460_00/00044.jpg",
      "transform_matrix": [
        [
          -0.97398,
          0.107276,
          -0.199638,
          3.085092
        ],
        [
          0.222871,
          0.613238,
          -0.757805,
          2.012162
        ],
        [
          0.041131,
          -0.78258,
          -0.62119,
          1.807485
        ],
        [
          0.0,
          0.0,
          0.0,
          1.0
        ]
      ]
    },
    {
      "file_path": "/media/NFS/ttao/scannet/posed_images/scene0460_00/00047.jpg",
      "transform_matrix": [
        [
          -0.969003,
          0.109471,
          -0.221472,
          3.097345
        ],
        [
          0.23923,
          0.639554,
          -0.730575,
          2.009514
        ],
        [
          0.061666,
          -0.760911,
          -0.645919,
          1.793525
        ],
        [
          0.0,
          0.0,
          0.0,
          1.0
        ]
      ]
    },
    {
      "file_path": "/media/NFS/ttao/scannet/posed_images/scene0460_00/00051.jpg",
      "transform_matrix": [
        [
          -0.958945,
          0.128854,
          -0.252627,
          3.120372
        ],
        [
          0.272841,
          0.662134,
          -0.697952,
          2.003675
        ],
        [
          0.077339,
          -0.738225,
          -0.670107,
          1.777354
        ],
        [
          0.0,
          0.0,
          0.0,
          1.0
        ]
      ]
    },
    {
      "file_path": "/media/NFS/ttao/scannet/posed_images/scene0460_00/00055.jpg",
      "transform_matrix": [
        [
          -0.9468,
          0.165606,
          -0.275942,
          3.164093
        ],
        [
          0.311179,
          0.689779,
          -0.653737,
          1.990052
        ],
        [
          0.082076,
          -0.704826,
          -0.704616,
          1.762415
        ],
        [
          0.0,
          0.0,
          0.0,
          1.0
        ]
      ]
    },
    {
      "file_path": "/media/NFS/ttao/scannet/posed_images/scene0460_00/00058.jpg",
      "transform_matrix": [
        [
          -0.935855,
          0.199687,
          -0.290347,
          3.209468
        ],
        [
          0.345095,
          0.68609,
          -0.640461,
          1.984501
        ],
        [
          0.071313,
          -0.699575,
          -0.710991,
          1.753178
        ],
        [
          0.0,
          0.0,
          0.0,
          1.0
        ]
      ]
    },
    {
      "file_path": "/media/NFS/ttao/scannet/posed_images/scene0460_00/00061.jpg",
      "transform_matrix": [
        [
          -0.919479,
          0.238512,
          -0.312522,
          3.256889
        ],
        [
          0.385748,
          0.700763,
          -0.600107,
          1.968584
        ],
        [
          0.075871,
          -0.672341,
          -0.736343,
          1.746763
        ],
        [
          0.0,
          0.0,
          0.0,
          1.0
        ]
      ]
    },
    {
      "file_path": "/media/NFS/ttao/scannet/posed_images/scene0460_00/00064.jpg",
      "transform_matrix": [
        [
          -0.90131,
          0.277624,
          -0.332513,
          3.300616
        ],
        [
          0.4262,
          0.705542,
          -0.566183,
          1.955253
        ],
        [
          0.077415,
          -0.652024,
          -0.754236,
          1.747031
        ],
        [
          0.0,
          0.0,
          0.0,
          1.0
        ]
      ]
    },
    {
      "file_path": "/media/NFS/ttao/scannet/posed_images/scene0460_00/00066.jpg",
      "transform_matrix": [
        [
          -0.892435,
          0.294861,
          -0.341492,
          3.324735
        ],
        [
          0.444695,
          0.702691,
          -0.555402,
          1.950324
        ],
        [
          0.076197,
          -0.64752,
          -0.758229,
          1.747274
        ],
        [
          0.0,
          0.0,
          0.0,
          1.0
        ]
      ]
    },
    {
      "file_path": "/media/NFS/ttao/scannet/posed_images/scene0460_00/00070.jpg",
      "transform_matrix": [
        [
          -0.883999,
          0.298054,
          -0.360153,
          3.362528
        ],
        [
          0.461579,
          0.678597,
          -0.571359,
          1.948475
        ],
        [
          0.074102,
          -0.67132,
          -0.737454,
          1.755464
        ],
        [
          0.0,
          0.0,
          0.0,
          1.0
        ]
      ]
    },
    {
      "file_path": "/media/NFS/ttao/scannet/posed_images/scene0460_00/00074.jpg",
      "transform_matrix": [
        [
          -0.892677,
          0.270502,
          -0.360494,
          3.389697
        ],
        [
          0.446335,
          0.641591,
          -0.623815,
          1.946416
        ],
        [
          0.062547,
          -0.717767,
          -0.693468,
          1.779319
        ],
        [
          0.0,
          0.0,
          0.0,
          1.0
        ]
      ]
    },
    {
      "file_path": "/media/NFS/ttao/scannet/posed_images/scene0460_00/00075.jpg",
      "transform_matrix": [
        [
          -0.894437,
          0.264712,
          -0.360429,
          3.395244
        ],
        [
          0.443054,
          0.633966,
          -0.63387,
          1.948565
        ],
        [
          0.060707,
          -0.726646,
          -0.684324,
          1.784491
        ],
        [
          0.0,
          0.0,
          0.0,
          1.0
        ]
      ]
    },
    {
      "file_path": "/media/NFS/ttao/scannet/posed_images/scene0460_00/00081.jpg",
      "transform_matrix": [
        [
          -0.885458,
          0.22293,
          -0.407757,
          3.417873
        ],
        [
          0.457508,
          0.572144,
          -0.680689,
          1.974785
        ],
        [
          0.08155,
          -0.789274,
          -0.608602,
          1.816903
        ],
        [
          0.0,
          0.0,
          0.0,
          1.0
        ]
      ]
    },
    {
      "file_path": "/media/NFS/ttao/scannet/posed_images/scene0460_00/00083.jpg",
      "transform_matrix": [
        [
          -0.881642,
          0.223298,
          -0.415746,
          3.419296
        ],
        [
          0.464803,
          0.563284,
          -0.683132,
          1.983713
        ],
        [
          0.081641,
          -0.795518,
          -0.600404,
          1.827955
        ],
        [
          0.0,
          0.0,
          0.0,
          1.0
        ]
      ]
    },
    {
      "file_path": "/media/NFS/ttao/scannet/posed_images/scene0460_00/00087.jpg",
      "transform_matrix": [
        [
          -0.874191,
          0.225193,
          -0.430208,
          3.431051
        ],
        [
          0.477385,
          0.560678,
          -0.676567,
          2.003942
        ],
        [
          0.08885,
          -0.796824,
          -0.597643,
          1.842931
        ],
        [
          0.0,
          0.0,
          0.0,
          1.0
        ]
      ]
    },
    {
      "file_path": "/media/NFS/ttao/scannet/posed_images/scene0460_00/00089.jpg",
      "transform_matrix": [
        [
          -0.867699,
          0.236375,
          -0.437293,
          3.439574
        ],
        [
          0.489621,
          0.558326,
          -0.669733,
          2.013372
        ],
        [
          0.085844,
          -0.795235,
          -0.600193,
          1.846457
        ],
        [
          0.0,
          0.0,
          0.0,
          1.0
        ]
      ]
    },
    {
      "file_path": "/media/NFS/ttao/scannet/posed_images/scene0460_00/00092.jpg",
      "transform_matrix": [
        [
          -0.862198,
          0.23752,
          -0.447437,
          3.457077
        ],
        [
          0.499978,
          0.541058,
          -0.676224,
          2.027203
        ],
        [
          0.081473,
          -0.806747,
          -0.585253,
          1.850363
        ],
        [
          0.0,
          0.0,
          0.0,
          1.0
        ]
      ]
    },
    {
      "file_path": "/media/NFS/ttao/scannet/posed_images/scene0460_00/00095.jpg",
      "transform_matrix": [
        [
          -0.858123,
          0.234459,
          -0.456786,
          3.480151
        ],
        [
          0.507321,
          0.524162,
          -0.684017,
          2.036101
        ],
        [
          0.079056,
          -0.818708,
          -0.568742,
          1.852493
        ],
        [
          0.0,
          0.0,
          0.0,
          1.0
        ]
      ]
    },
    {
      "file_path": "/media/NFS/ttao/scannet/posed_images/scene0460_00/00100.jpg",
      "transform_matrix": [
        [
          -0.877743,
          0.23531,
          -0.417368,
          3.528654
        ],
        [
          0.477681,
          0.497499,
          -0.724096,
          2.040423
        ],
        [
          0.037254,
          -0.834939,
          -0.54908,
          1.860117
        ],
        [
          0.0,
          0.0,
          0.0,
          1.0
        ]
      ]
    },
    {
      "file_path": "/media/NFS/ttao/scannet/posed_images/scene0460_00/00104.jpg",
      "transform_matrix": [
        [
          -0.910164,
          0.205033,
          -0.359949,
          3.567232
        ],
        [
          0.413893,
          0.486122,
          -0.769661,
          2.04193
        ],
        [
          0.017173,
          -0.849498,
          -0.527312,
          1.861567
        ],
        [
          0.0,
          0.0,
          0.0,
          1.0
        ]
      ]
    },
    {
      "file_path": "/media/NFS/ttao/scannet/posed_images/scene0460_00/00105.jpg",
      "transform_matrix": [
        [
          -0.916139,
          0.196045,
          -0.34965,
          3.578318
        ],
        [
          0.400481,
          0.485599,
          -0.777051,
          2.039284
        ],
        [
          0.017453,
          -0.851915,
          -0.523389,
          1.863513
        ],
        [
          0.0,
          0.0,
          0.0,
          1.0
        ]
      ]
    },
    {
      "file_path": "/media/NFS/ttao/scannet/posed_images/scene0460_00/00111.jpg",
      "transform_matrix": [
        [
          -0.942628,
          0.140507,
          -0.302838,
          3.62645
        ],
        [
          0.333125,
          0.455456,
          -0.825583,
          2.032574
        ],
        [
          0.021929,
          -0.879101,
          -0.476132,
          1.877267
        ],
        [
          0.0,
          0.0,
          0.0,
          1.0
        ]
      ]
    },
    {
      "file_path": "/media/NFS/ttao/scannet/posed_images/scene0460_00/00114.jpg",
      "transform_matrix": [
        [
          -0.950977,
          0.126581,
          -0.28217,
          3.63686
        ],
        [
          0.308844,
          0.436126,
          -0.845227,
          2.031183
        ],
        [
          0.016072,
          -0.890938,
          -0.45384,
          1.884079
        ],
        [
          0.0,
          0.0,
          0.0,
          1.0
        ]
      ]
    },
    {
      "file_path": "/media/NFS/ttao/scannet/posed_images/scene0460_00/00115.jpg",
      "transform_matrix": [
        [
          -0.95415,
          0.124925,
          -0.272012,
          3.634576
        ],
        [
          0.299125,
          0.431375,
          -0.85114,
          2.033182
        ],
        [
          0.011011,
          -0.893481,
          -0.448965,
          1.885812
        ],
        [
          0.0,
          0.0,
          0.0,
          1.0
        ]
      ]
    },
    {
      "file_path": "/media/NFS/ttao/scannet/posed_images/scene0460_00/00120.jpg",
      "transform_matrix": [
        [
          -0.964505,
          0.115374,
          -0.237526,
          3.627122
        ],
        [
          0.26406,
          0.416755,
          -0.86982,
          2.040859
        ],
        [
          -0.001364,
          -0.901667,
          -0.432428,
          1.890414
        ],
        [
          0.0,
          0.0,
          0.0,
          1.0
        ]
      ]
    },
    {
      "file_path": "/media/NFS/ttao/scannet/posed_images/scene0460_00/00124.jpg",
      "transform_matrix": [
        [
          -0.974187,
          0.105858,
          -0.199385,
          3.617505
        ],
        [
          0.225414,
          0.408391,
          -0.884537,
          2.04207
        ],
        [
          -0.012208,
          -0.906648,
          -0.421711,
          1.889574
        ],
        [
          0.0,
          0.0,
          0.0,
          1.0
        ]
      ]
    },
    {
      "file_path": "/media/NFS/ttao/scannet/posed_images/scene0460_00/00125.jpg",
      "transform_matrix": [
        [
          -0.977149,
          0.101514,
          -0.186748,
          3.613267
        ],
        [
          0.212095,
          0.407855,
          -0.888071,
          2.042286
        ],
        [
          -0.013986,
          -0.907386,
          -0.420066,
          1.890856
        ],
        [
          0.0,
          0.0,
          0.0,
          1.0
        ]
      ]
    },
    {
      "file_path": "/media/NFS/ttao/scannet/posed_images/scene0460_00/00129.jpg",
      "transform_matrix": [
        [
          -0.987839,
          0.089275,
          -0.127298,
          3.596051
        ],
        [
          0.152593,
          0.39955,
          -0.903922,
          2.04099
        ],
        [
          -0.029835,
          -0.912354,
          -0.408314,
          1.885061
        ],
        [
          0.0,
          0.0,
          0.0,
          1.0
        ]
      ]
    },
    {
      "file_path": "/media/NFS/ttao/scannet/posed_images/scene0460_00/00133.jpg",
      "transform_matrix": [
        [
          -0.997202,
          0.061638,
          -0.042293,
          3.571361
        ],
        [
          0.063205,
          0.393157,
          -0.917296,
          2.041071
        ],
        [
          -0.039913,
          -0.917403,
          -0.395953,
          1.897258
        ],
        [
          0.0,
          0.0,
          0.0,
          1.0
        ]
      ]
    },
    {
      "file_path": "/media/NFS/ttao/scannet/posed_images/scene0460_00/00136.jpg",
      "transform_matrix": [
        [
          -0.999293,
          0.035763,
          -0.011569,
          3.555121
        ],
        [
          0.024384,
          0.38253,
          -0.923621,
          2.036909
        ],
        [
          -0.028606,
          -0.923251,
          -0.383132,
          1.900162
        ],
        [
          0.0,
          0.0,
          0.0,
          1.0
        ]
      ]
    },
    {
      "file_path": "/media/NFS/ttao/scannet/posed_images/scene0460_00/00139.jpg",
      "transform_matrix": [
        [
          -0.999624,
          0.026523,
          0.006934,
          3.53816
        ],
        [
          0.003744,
          0.382626,
          -0.923895,
          2.035398
        ],
        [
          -0.027157,
          -0.923522,
          -0.382582,
          1.89968
        ],
        [
          0.0,
          0.0,
          0.0,
          1.0
        ]
      ]
    },
    {
      "file_path": "/media/NFS/ttao/scannet/posed_images/scene0460_00/00142.jpg",
      "transform_matrix": [
        [
          -0.999079,
          0.027755,
          0.03272,
          3.510067
        ],
        [
          -0.019406,
          0.387841,
          -0.921522,
          2.04431
        ],
        [
          -0.038267,
          -0.921308,
          -0.386945,
          1.900267
        ],
        [
          0.0,
          0.0,
          0.0,
          1.0
        ]
      ]
    },
    {
      "file_path": "/media/NFS/ttao/scannet/posed_images/scene0460_00/00147.jpg",
      "transform_matrix": [
        [
          -0.997147,
          0.031045,
          0.068798,
          3.489242
        ],
        [
          -0.048816,
          0.429938,
          -0.901538,
          2.039033
        ],
        [
          -0.057567,
          -0.902324,
          -0.427196,
          1.873518
        ],
        [
          0.0,
          0.0,
          0.0,
          1.0
        ]
      ]
    },
    {
      "file_path": "/media/NFS/ttao/scannet/posed_images/scene0460_00/00148.jpg",
      "transform_matrix": [
        [
          -0.99675,
          0.029264,
          0.075048,
          3.482384
        ],
        [
          -0.054493,
          0.441155,
          -0.895775,
          2.036741
        ],
        [
          -0.059321,
          -0.896954,
          -0.438127,
          1.865999
        ],
        [
          0.0,
          0.0,
          0.0,
          1.0
        ]
      ]
    },
    {
      "file_path": "/media/NFS/ttao/scannet/posed_images/scene0460_00/00151.jpg",
      "transform_matrix": [
        [
          -0.996833,
          0.022479,
          0.076276,
          3.473638
        ],
        [
          -0.056191,
          0.4796,
          -0.875686,
          2.012112
        ],
        [
          -0.056266,
          -0.877199,
          -0.476819,
          1.85409
        ],
        [
          0.0,
          0.0,
          0.0,
          1.0
        ]
      ]
    },
    {
      "file_path": "/media/NFS/ttao/scannet/posed_images/scene0460_00/00157.jpg",
      "transform_matrix": [
        [
          -0.999471,
          0.000496,
          0.032528,
          3.462792
        ],
        [
          -0.027401,
          0.52611,
          -0.849975,
          1.99013
        ],
        [
          -0.017535,
          -0.850417,
          -0.525818,
          1.809006
        ],
        [
          0.0,
          0.0,
          0.0,
          1.0
        ]
      ]
    },
    {
      "file_path": "/media/NFS/ttao/scannet/posed_images/scene0460_00/00160.jpg",
      "transform_matrix": [
        [
          -0.99996,
          -0.00841,
          -0.002965,
          3.459527
        ],
        [
          -0.002215,
          0.556347,
          -0.830947,
          1.94661
        ],
        [
          0.008638,
          -0.830907,
          -0.556344,
          1.812974
        ],
        [
          0.0,
          0.0,
          0.0,
          1.0
        ]
      ]
    },
    {
      "file_path": "/media/NFS/ttao/scannet/posed_images/scene0460_00/00161.jpg",
      "transform_matrix": [
        [
          -0.999857,
          -0.008096,
          -0.014857,
          3.45661
        ],
        [
          0.007769,
          0.56038,
          -0.828199,
          1.94056
        ],
        [
          0.015031,
          -0.828196,
          -0.560237,
          1.809444
        ],
        [
          0.0,
          0.0,
          0.0,
          1.0
        ]
      ]
    },
    {
      "file_path": "/media/NFS/ttao/scannet/posed_images/scene0460_00/00167.jpg",
      "transform_matrix": [
        [
          -0.996432,
          -0.00762,
          -0.08405,
          3.432414
        ],
        [
          0.064795,
          0.569045,
          -0.819749,
          1.901205
        ],
        [
          0.054075,
          -0.822271,
          -0.566521,
          1.796955
        ],
        [
          0.0,
          0.0,
          0.0,
          1.0
        ]
      ]
    },
    {
      "file_path": "/media/NFS/ttao/scannet/posed_images/scene0460_00/00168.jpg",
      "transform_matrix": [
        [
          -0.996369,
          -0.005866,
          -0.084942,
          3.422997
        ],
        [
          0.066508,
          0.569272,
          -0.819454,
          1.896734
        ],
        [
          0.053162,
          -0.822128,
          -0.566815,
          1.795491
        ],
        [
          0.0,
          0.0,
          0.0,
          1.0
        ]
      ]
    },
    {
      "file_path": "/media/NFS/ttao/scannet/posed_images/scene0460_00/00171.jpg",
      "transform_matrix": [
        [
          -0.997739,
          -0.018053,
          -0.064732,
          3.407151
        ],
        [
          0.043492,
          0.560848,
          -0.826776,
          1.878779
        ],
        [
          0.051231,
          -0.827722,
          -0.558795,
          1.794612
        ],
        [
          0.0,
          0.0,
          0.0,
          1.0
        ]
      ]
    },
    {
      "file_path": "/media/NFS/ttao/scannet/posed_images/scene0460_00/00176.jpg",
      "transform_matrix": [
        [
          -0.999093,
          -0.040387,
          0.013474,
          3.381115
        ],
        [
          -0.032941,
          0.532766,
          -0.845621,
          1.861019
        ],
        [
          0.026974,
          -0.845298,
          -0.533613,
          1.810359
        ],
        [
          0.0,
          0.0,
          0.0,
          1.0
        ]
      ]
    },
    {
      "file_path": "/media/NFS/ttao/scannet/posed_images/scene0460_00/00178.jpg",
      "transform_matrix": [
        [
          -0.996803,
          -0.061907,
          0.050502,
          3.363896
        ],
        [
          -0.075755,
          0.531585,
          -0.84361,
          1.859843
        ],
        [
          0.02538,
          -0.84474,
          -0.534575,
          1.811571
        ],
        [
          0.0,
          0.0,
          0.0,
          1.0
        ]
      ]
    },
    {
      "file_path": "/media/NFS/ttao/scannet/posed_images/scene0460_00/00181.jpg",
      "transform_matrix": [
        [
          -0.987826,
          -0.098455,
          0.12044,
          3.327165
        ],
        [
          -0.15438,
          0.525239,
          -0.836834,
          1.872
        ],
        [
          0.019131,
          -0.84524,
          -0.534045,
          1.800091
        ],
        [
          0.0,
          0.0,
          0.0,
          1.0
        ]
      ]
    },
    {
      "file_path": "/media/NFS/ttao/scannet/posed_images/scene0460_00/00186.jpg",
      "transform_matrix": [
        [
          -0.961046,
          -0.18838,
          0.202247,
          3.255636
        ],
        [
          -0.271824,
          0.511761,
          -0.814992,
          1.893789
        ],
        [
          0.050026,
          -0.83822,
          -0.543032,
          1.778435
        ],
        [
          0.0,
          0.0,
          0.0,
          1.0
        ]
      ]
    },
    {
      "file_path": "/media/NFS/ttao/scannet/posed_images/scene0460_00/00189.jpg",
      "transform_matrix": [
        [
          -0.952294,
          -0.225413,
          0.205729,
          3.20858
        ],
        [
          -0.295303,
          0.51049,
          -0.807587,
          1.898128
        ],
        [
          0.077018,
          -0.829813,
          -0.552702,
          1.774451
        ],
        [
          0.0,
          0.0,
          0.0,
          1.0
        ]
      ]
    },
    {
      "file_path": "/media/NFS/ttao/scannet/posed_images/scene0460_00/00193.jpg",
      "transform_matrix": [
        [
          -0.940058,
          -0.242263,
          0.239998,
          3.159247
        ],
        [
          -0.335772,
          0.534662,
          -0.775495,
          1.891648
        ],
        [
          0.059556,
          -0.809596,
          -0.583959,
          1.790037
        ],
        [
          0.0,
          0.0,
          0.0,
          1.0
        ]
      ]
    },
    {
      "file_path": "/media/NFS/ttao/scannet/posed_images/scene0460_00/00195.jpg",
      "transform_matrix": [
        [
          -0.930209,
          -0.238389,
          0.279074,
          3.141138
        ],
        [
          -0.365515,
          0.532645,
          -0.76334,
          1.902027
        ],
        [
          0.033325,
          -0.812071,
          -0.582606,
          1.792031
        ],
        [
          0.0,
          0.0,
          0.0,
          1.0
        ]
      ]
    },
    {
      "file_path": "/media/NFS/ttao/scannet/posed_images/scene0460_00/00200.jpg",
      "transform_matrix": [
        [
          -0.901656,
          -0.224001,
          0.369919,
          3.105943
        ],
        [
          -0.431776,
          0.514203,
          -0.741056,
          1.918593
        ],
        [
          -0.024217,
          -0.8279,
          -0.560353,
          1.807852
        ],
        [
          0.0,
          0.0,
          0.0,
          1.0
        ]
      ]
    },
    {
      "file_path": "/media/NFS/ttao/scannet/posed_images/scene0460_00/00202.jpg",
      "transform_matrix": [
        [
          -0.892529,
          -0.22277,
          0.392128,
          3.097424
        ],
        [
          -0.449594,
          0.507854,
          -0.734813,
          1.926189
        ],
        [
          -0.03545,
          -0.83214,
          -0.553431,
          1.811929
        ],
        [
          0.0,
          0.0,
          0.0,
          1.0
        ]
      ]
    },
    {
      "file_path": "/media/NFS/ttao/scannet/posed_images/scene0460_00/00204.jpg",
      "transform_matrix": [
        [
          -0.880363,
          -0.221528,
          0.419389,
          3.088501
        ],
        [
          -0.471978,
          0.496573,
          -0.728458,
          1.934372
        ],
        [
          -0.046883,
          -0.83925,
          -0.541721,
          1.818608
        ],
        [
          0.0,
          0.0,
          0.0,
          1.0
        ]
      ]
    },
    {
      "file_path": "/media/NFS/ttao/scannet/posed_images/scene0460_00/00209.jpg",
      "transform_matrix": [
        [
          -0.851286,
          -0.202212,
          0.484172,
          3.076444
        ],
        [
          -0.518927,
          0.460992,
          -0.719862,
          1.959264
        ],
        [
          -0.077635,
          -0.864058,
          -0.497369,
          1.843
        ],
        [
          0.0,
          0.0,
          0.0,
          1.0
        ]
      ]
    },
    {
      "file_path": "/media/NFS/ttao/scannet/posed_images/scene0460_00/00211.jpg",
      "transform_matrix": [
        [
          -0.834274,
          -0.198529,
          0.514366,
          3.062193
        ],
        [
          -0.544573,
          0.442533,
          -0.712464,
          1.969185
        ],
        [
          -0.086179,
          -0.8745,
          -0.477307,
          1.851446
        ],
        [
          0.0,
          0.0,
          0.0,
          1.0
        ]
      ]
    },
    {
      "file_path": "/media/NFS/ttao/scannet/posed_images/scene0460_00/00214.jpg",
      "transform_matrix": [
        [
          -0.81259,
          -0.185005,
          0.552694,
          3.05789
        ],
        [
          -0.573802,
          0.420253,
          -0.70295,
          1.992929
        ],
        [
          -0.102222,
          -0.888347,
          -0.44765,
          1.861469
        ],
        [
          0.0,
          0.0,
          0.0,
          1.0
        ]
      ]
    },
    {
      "file_path": "/media/NFS/ttao/scannet/posed_images/scene0460_00/00220.jpg",
      "transform_matrix": [
        [
          -0.763939,
          -0.147362,
          0.628237,
          3.02757
        ],
        [
          -0.629381,
          0.384998,
          -0.675023,
          2.020648
        ],
        [
          -0.142398,
          -0.911077,
          -0.386862,
          1.874651
        ],
        [
          0.0,
          0.0,
          0.0,
          1.0
        ]
      ]
    },
    {
      "file_path": "/media/NFS/ttao/scannet/posed_images/scene0460_00/00223.jpg",
      "transform_matrix": [
        [
          -0.752916,
          -0.135781,
          0.643957,
          3.025207
        ],
        [
          -0.640657,
          0.375107,
          -0.669965,
          2.043814
        ],
        [
          -0.150584,
          -0.916983,
          -0.369413,
          1.885974
        ],
        [
          0.0,
          0.0,
          0.0,
          1.0
        ]
      ]
    },
    {
      "file_path": "/media/NFS/ttao/scannet/posed_images/scene0460_00/00226.jpg",
      "transform_matrix": [
        [
          -0.743037,
          -0.13738,
          0.654998,
          3.024718
        ],
        [
          -0.65301,
          0.363118,
          -0.664622,
          2.067245
        ],
        [
          -0.146536,
          -0.92156,
          -0.359521,
          1.893372
        ],
        [
          0.0,
          0.0,
          0.0,
          1.0
        ]
      ]
    },
    {
      "file_path": "/media/NFS/ttao/scannet/posed_images/scene0460_00/00230.jpg",
      "transform_matrix": [
        [
          -0.726668,
          -0.150553,
          0.670289,
          3.022035
        ],
        [
          -0.674428,
          0.34206,
          -0.654326,
          2.082969
        ],
        [
          -0.130768,
          -0.927539,
          -0.350101,
          1.891177
        ],
        [
          0.0,
          0.0,
          0.0,
          1.0
        ]
      ]
    },
    {
      "file_path": "/media/NFS/ttao/scannet/posed_images/scene0460_00/00232.jpg",
      "transform_matrix": [
        [
          -0.725981,
          -0.153037,
          0.670471,
          3.021716
        ],
        [
          -0.677129,
          0.329462,
          -0.65799,
          2.093879
        ],
        [
          -0.120198,
          -0.931684,
          -0.34281,
          1.889542
        ],
        [
          0.0,
          0.0,
          0.0,
          1.0
        ]
      ]
    },
    {
      "file_path": "/media/NFS/ttao/scannet/posed_images/scene0460_00/00235.jpg",
      "transform_matrix": [
        [
          -0.737632,
          -0.154762,
          0.657227,
          3.02057
        ],
        [
          -0.666567,
          0.322083,
          -0.672273,
          2.094965
        ],
        [
          -0.107639,
          -0.933976,
          -0.340738,
          1.898234
        ],
        [
          0.0,
          0.0,
          0.0,
          1.0
        ]
      ]
    },
    {
      "file_path": "/media/NFS/ttao/scannet/posed_images/scene0460_00/00238.jpg",
      "transform_matrix": [
        [
          -0.745872,
          -0.148608,
          0.6493,
          3.016492
        ],
        [
          -0.658023,
          0.315636,
          -0.683652,
          2.091301
        ],
        [
          -0.103346,
          -0.937171,
          -0.333211,
          1.89949
        ],
        [
          0.0,
          0.0,
          0.0,
          1.0
        ]
      ]
    },
    {
      "file_path": "/media/NFS/ttao/scannet/posed_images/scene0460_00/00243.jpg",
      "transform_matrix": [
        [
          -0.765223,
          -0.162996,
          0.622789,
          3.020185
        ],
        [
          -0.636342,
          0.338006,
          -0.693412,
          2.100938
        ],
        [
          -0.097483,
          -0.926922,
          -0.362371,
          1.874654
        ],
        [
          0.0,
          0.0,
          0.0,
          1.0
        ]
      ]
    },
    {
      "file_path": "/media/NFS/ttao/scannet/posed_images/scene0460_00/00244.jpg",
      "transform_matrix": [
        [
          -0.767815,
          -0.166932,
          0.618541,
          3.021128
        ],
        [
          -0.633218,
          0.344572,
          -0.69304,
          2.102684
        ],
        [
          -0.097441,
          -0.923799,
          -0.370272,
          1.86455
        ],
        [
          0.0,
          0.0,
          0.0,
          1.0
        ]
      ]
    },
    {
      "file_path": "/media/NFS/ttao/scannet/posed_images/scene0460_00/00247.jpg",
      "transform_matrix": [
        [
          -0.775739,
          -0.18274,
          0.604016,
          3.027295
        ],
        [
          -0.622722,
          0.376699,
          -0.685795,
          2.097049
        ],
        [
          -0.10221,
          -0.908132,
          -0.406017,
          1.861267
        ],
        [
          0.0,
          0.0,
          0.0,
          1.0
        ]
      ]
    },
    {
      "file_path": "/media/NFS/ttao/scannet/posed_images/scene0460_00/00253.jpg",
      "transform_matrix": [
        [
          -0.79006,
          -0.233134,
          0.566968,
          3.050557
        ],
        [
          -0.605037,
          0.445397,
          -0.659964,
          2.069794
        ],
        [
          -0.098666,
          -0.864448,
          -0.492945,
          1.842408
        ],
        [
          0.0,
          0.0,
          0.0,
          1.0
        ]
      ]
    },
    {
      "file_path": "/media/NFS/ttao/scannet/posed_images/scene0460_00/00255.jpg",
      "transform_matrix": [
        [
          -0.794806,
          -0.240813,
          0.557039,
          3.052104
        ],
        [
          -0.599605,
          0.453168,
          -0.659631,
          2.063579
        ],
        [
          -0.093585,
          -0.858282,
