{
  "frames": [
    {
      "file_path": "/media/NFS/ttao/scannet/posed_images/scene0108_00/00000.jpg",
      "transform_matrix": [
        [
          -0.934582,
          -0.143102,
          0.325696,
          2.694367
        ],
        [
          -0.355737,
          0.383069,
          -0.852473,
          2.483235
        ],
        [
          -0.002774,
          -0.912568,
          -0.408916,
          1.465763
        ],
        [
          0.0,
          0.0,
          0.0,
          1.0
        ]
      ]
    },
    {
      "file_path": "/media/NFS/ttao/scannet/posed_images/scene0108_00/00001.jpg",
      "transform_matrix": [
        [
          -0.935747,
          -0.141154,
          0.323191,
          2.694351
        ],
        [
          -0.352667,
          0.379116,
          -0.85551,
          2.483417
        ],
        [
          -0.001768,
          -0.91452,
          -0.404537,
          1.465522
        ],
        [
          0.0,
          0.0,
          0.0,
          1.0
        ]
      ]
    },
    {
      "file_path": "/media/NFS/ttao/scannet/posed_images/scene0108_00/00003.jpg",
      "transform_matrix": [
        [
          -0.937153,
          -0.143335,
          0.318118,
          2.695696
        ],
        [
          -0.348912,
          0.379164,
          -0.857027,
          2.482015
        ],
        [
          0.002223,
          -0.914161,
          -0.405346,
          1.468683
        ],
        [
          0.0,
          0.0,
          0.0,
          1.0
        ]
      ]
    },
    {
      "file_path": "/media/NFS/ttao/scannet/posed_images/scene0108_00/00006.jpg",
      "transform_matrix": [
        [
          -0.9393,
          -0.144746,
          0.311069,
          2.698529
        ],
        [
          -0.34299,
          0.373593,
          -0.86185,
          2.480577
        ],
        [
          0.008536,
          -0.91623,
          -0.400563,
          1.470996
        ],
        [
          0.0,
          0.0,
          0.0,
          1.0
        ]
      ]
    },
    {
      "file_path": "/media/NFS/ttao/scannet/posed_images/scene0108_00/00007.jpg",
      "transform_matrix": [
        [
          -0.94008,
          -0.146063,
          0.308083,
          2.70085
        ],
        [
          -0.34078,
          0.373643,
          -0.862705,
          2.480284
        ],
        [
          0.010897,
          -0.916,
          -0.401029,
          1.471304
        ],
        [
          0.0,
          0.0,
          0.0,
          1.0
        ]
      ]
    },
    {
      "file_path": "/media/NFS/ttao/scannet/posed_images/scene0108_00/00009.jpg",
      "transform_matrix": [
        [
          -0.94215,
          -0.147808,
          0.300842,
          2.702719
        ],
        [
          -0.33486,
          0.375166,
          -0.864361,
          2.477868
        ],
        [
          0.014894,
          -0.915098,
          -0.402958,
          1.47257
        ],
        [
          0.0,
          0.0,
          0.0,
          1.0
        ]
      ]
    },
    {
      "file_path": "/media/NFS/ttao/scannet/posed_images/scene0108_00/00011.jpg",
      "transform_matrix": [
        [
          -0.945967,
          -0.142065,
          0.291487,
          2.703636
        ],
        [
          -0.324025,
          0.379625,
          -0.866541,
          2.471594
        ],
        [
          0.012449,
          -0.914168,
          -0.405145,
          1.473791
        ],
        [
          0.0,
          0.0,
          0.0,
          1.0
        ]
      ]
    },
    {
      "file_path": "/media/NFS/ttao/scannet/posed_images/scene0108_00/00013.jpg",
      "transform_matrix": [
        [
          -0.951873,
          -0.130524,
          0.27731,
          2.704805
        ],
        [
          -0.306434,
          0.387642,
          -0.869386,
          2.466299
        ],
        [
          0.005979,
          -0.912522,
          -0.408983,
          1.475512
        ],
        [
          0.0,
          0.0,
          0.0,
          1.0
        ]
      ]
    },
    {
      "file_path": "/media/NFS/ttao/scannet/posed_images/scene0108_00/00014.jpg",
      "transform_matrix": [
        [
          -0.954178,
          -0.12477,
          0.271987,
          2.706213
        ],
        [
          -0.29923,
          0.390512,
          -0.87061,
          2.467228
        ],
        [
          0.002412,
          -0.912103,
          -0.409953,
          1.473742
        ],
        [
          0.0,
          0.0,
          0.0,
          1.0
        ]
      ]
    },
    {
      "file_path": "/media/NFS/ttao/scannet/posed_images/scene0108_00/00016.jpg",
      "transform_matrix": [
        [
          -0.958766,
          -0.118611,
          0.258261,
          2.707288
        ],
        [
          -0.284196,
          0.399935,
          -0.871369,
          2.465115
        ],
        [
          6.7e-05,
          -0.908836,
          -0.417153,
          1.475546
        ],
        [
          0.0,
          0.0,
          0.0,
          1.0
        ]
      ]
    },
    {
      "file_path": "/media/NFS/ttao/scannet/posed_images/scene0108_00/00018.jpg",
      "transform_matrix": [
        [
          -0.964381,
          -0.110257,
          0.240444,
          2.704955
        ],
        [
          -0.264513,
          0.407899,
          -0.873872,
          2.459886
        ],
        [
          -0.001727,
          -0.906345,
          -0.422534,
          1.474899
        ],
        [
          0.0,
          0.0,
          0.0,
          1.0
        ]
      ]
    },
    {
      "file_path": "/media/NFS/ttao/scannet/posed_images/scene0108_00/00020.jpg",
      "transform_matrix": [
        [
          -0.972053,
          -0.097458,
          0.213576,
          2.71096
        ],
        [
          -0.234749,
          0.412475,
          -0.880203,
          2.465862
        ],
        [
          -0.002312,
          -0.905741,
          -0.423826,
          1.469665
        ],
        [
          0.0,
          0.0,
          0.0,
          1.0
        ]
      ]
    },
    {
      "file_path": "/media/NFS/ttao/scannet/posed_images/scene0108_00/00022.jpg",
      "transform_matrix": [
        [
          -0.978285,
          -0.082917,
          0.189953,
          2.705557
        ],
        [
          -0.207141,
          0.422364,
          -0.882441,
          2.458444
        ],
        [
          -0.00706,
          -0.902626,
          -0.430368,
          1.47163
        ],
        [
          0.0,
          0.0,
          0.0,
          1.0
        ]
      ]
    },
    {
      "file_path": "/media/NFS/ttao/scannet/posed_images/scene0108_00/00025.jpg",
      "transform_matrix": [
        [
          -0.98795,
          -0.06116,
          0.142173,
          2.701039
        ],
        [
          -0.154589,
          0.434363,
          -0.887373,
          2.455669
        ],
        [
          -0.007483,
          -0.898659,
          -0.438584,
          1.459433
        ],
        [
          0.0,
          0.0,
          0.0,
          1.0
        ]
      ]
    },
    {
      "file_path": "/media/NFS/ttao/scannet/posed_images/scene0108_00/00026.jpg",
      "transform_matrix": [
        [
          -0.990806,
          -0.055229,
          0.1235,
          2.698025
        ],
        [
          -0.135162,
          0.443354,
          -0.886097,
          2.453607
        ],
        [
          -0.005816,
          -0.894644,
          -0.446743,
          1.457829
        ],
        [
          0.0,
          0.0,
          0.0,
          1.0
        ]
      ]
    },
    {
      "file_path": "/media/NFS/ttao/scannet/posed_images/scene0108_00/00028.jpg",
      "transform_matrix": [
        [
          -0.995072,
          -0.04162,
          0.089996,
          2.685564
        ],
        [
          -0.099027,
          0.462929,
          -0.880846,
          2.441153
        ],
        [
          -0.005001,
          -0.885418,
          -0.46477,
          1.454599
        ],
        [
          0.0,
          0.0,
          0.0,
          1.0
        ]
      ]
    },
    {
      "file_path": "/media/NFS/ttao/scannet/posed_images/scene0108_00/00030.jpg",
      "transform_matrix": [
        [
          -0.998325,
          -0.031334,
          0.048632,
          2.697648
        ],
        [
          -0.05769,
          0.476209,
          -0.877438,
          2.441711
        ],
        [
          0.004335,
          -0.878774,
          -0.477219,
          1.438124
        ],
        [
          0.0,
          0.0,
          0.0,
          1.0
        ]
      ]
    },
    {
      "file_path": "/media/NFS/ttao/scannet/posed_images/scene0108_00/00031.jpg",
      "transform_matrix": [
        [
          -0.998838,
          -0.027575,
          0.039511,
          2.685786
        ],
        [
          -0.047918,
          0.48282,
          -0.874407,
          2.434797
        ],
        [
          0.005035,
          -0.875285,
          -0.483581,
          1.435591
        ],
        [
          0.0,
          0.0,
          0.0,
          1.0
        ]
      ]
    },
    {
      "file_path": "/media/NFS/ttao/scannet/posed_images/scene0108_00/00033.jpg",
      "transform_matrix": [
        [
          -0.999767,
          -0.014099,
          0.016314,
          2.680228
        ],
        [
          -0.021145,
          0.492979,
          -0.869784,
          2.422971
        ],
        [
          0.004221,
          -0.869927,
          -0.493163,
          1.431413
        ],
        [
          0.0,
          0.0,
          0.0,
          1.0
        ]
      ]
    },
    {
      "file_path": "/media/NFS/ttao/scannet/posed_images/scene0108_00/00036.jpg",
      "transform_matrix": [
        [
          -0.999916,
          0.008917,
          -0.009409,
          2.664071
        ],
        [
          0.012612,
          0.501366,
          -0.865143,
          2.402109
        ],
        [
          -0.002997,
          -0.865189,
          -0.501436,
          1.426847
        ],
        [
          0.0,
          0.0,
          0.0,
          1.0
        ]
      ]
    },
    {
      "file_path": "/media/NFS/ttao/scannet/posed_images/scene0108_00/00037.jpg",
      "transform_matrix": [
        [
          -0.999463,
          0.024068,
          -0.022222,
          2.652924
        ],
        [
          0.031371,
          0.507944,
          -0.860818,
          2.388698
        ],
        [
          -0.00943,
          -0.861054,
          -0.508427,
          1.421089
        ],
        [
          0.0,
          0.0,
          0.0,
          1.0
        ]
      ]
    },
    {
      "file_path": "/media/NFS/ttao/scannet/posed_images/scene0108_00/00039.jpg",
      "transform_matrix": [
        [
          -0.998502,
          0.037877,
          -0.039484,
          2.647512
        ],
        [
          0.053409,
          0.518075,
          -0.853666,
          2.368103
        ],
        [
          -0.011879,
          -0.854496,
          -0.519322,
          1.422609
        ],
        [
          0.0,
          0.0,
          0.0,
          1.0
        ]
      ]
    },
    {
      "file_path": "/media/NFS/ttao/scannet/posed_images/scene0108_00/00041.jpg",
      "transform_matrix": [
        [
          -0.9965,
          0.054996,
          -0.062952,
          2.648905
        ],
        [
          0.082341,
          0.51605,
          -0.852592,
          2.350363
        ],
        [
          -0.014403,
          -0.854792,
          -0.518772,
          1.420673
        ],
        [
          0.0,
          0.0,
          0.0,
          1.0
        ]
      ]
    },
    {
      "file_path": "/media/NFS/ttao/scannet/posed_images/scene0108_00/00043.jpg",
      "transform_matrix": [
        [
          -0.993717,
          0.072636,
          -0.085144,
          2.647879
        ],
        [
          0.11051,
          0.516574,
          -0.849081,
          2.330612
        ],
        [
          -0.017691,
          -0.853156,
          -0.521356,
          1.417614
        ],
        [
          0.0,
          0.0,
          0.0,
          1.0
        ]
      ]
    },
    {
      "file_path": "/media/NFS/ttao/scannet/posed_images/scene0108_00/00044.jpg",
      "transform_matrix": [
        [
          -0.992773,
          0.077246,
          -0.091844,
          2.641972
        ],
        [
          0.118623,
          0.51565,
          -0.848548,
          2.324065
        ],
        [
          -0.018187,
          -0.85331,
          -0.521086,
          1.414636
        ],
        [
          0.0,
          0.0,
          0.0,
          1.0
        ]
      ]
    },
    {
      "file_path": "/media/NFS/ttao/scannet/posed_images/scene0108_00/00046.jpg",
      "transform_matrix": [
        [
          -0.990237,
          0.088921,
          -0.107342,
          2.636598
        ],
        [
          0.138013,
          0.517532,
          -0.84446,
          2.308081
        ],
        [
          -0.019538,
          -0.851031,
          -0.524752,
          1.410499
        ],
        [
          0.0,
          0.0,
          0.0,
          1.0
        ]
      ]
    },
    {
      "file_path": "/media/NFS/ttao/scannet/posed_images/scene0108_00/00048.jpg",
      "transform_matrix": [
        [
          -0.987946,
          0.098649,
          -0.119291,
          2.623669
        ],
        [
          0.153428,
          0.521775,
          -0.839173,
          2.293413
        ],
        [
          -0.02054,
          -0.84736,
          -0.530621,
          1.407004
        ],
        [
          0.0,
          0.0,
          0.0,
          1.0
        ]
      ]
    },
    {
      "file_path": "/media/NFS/ttao/scannet/posed_images/scene0108_00/00051.jpg",
      "transform_matrix": [
        [
          -0.982304,
          0.118276,
          -0.145224,
          2.626567
        ],
        [
          0.186329,
          0.538514,
          -0.821757,
          2.269591
        ],
        [
          -0.018989,
          -0.834275,
          -0.551022,
          1.398874
        ],
        [
          0.0,
          0.0,
          0.0,
          1.0
        ]
      ]
    },
    {
      "file_path": "/media/NFS/ttao/scannet/posed_images/scene0108_00/00052.jpg",
      "transform_matrix": [
        [
          -0.980234,
          0.123632,
          -0.154453,
          2.622476
        ],
        [
          0.197146,
          0.545067,
          -0.814884,
          2.258164
        ],
        [
          -0.016559,
          -0.829227,
          -0.558667,
          1.39993
        ],
        [
          0.0,
          0.0,
          0.0,
          1.0
        ]
      ]
    },
    {
      "file_path": "/media/NFS/ttao/scannet/posed_images/scene0108_00/00055.jpg",
      "transform_matrix": [
        [
          -0.971553,
          0.136668,
          -0.193405,
          2.61146
        ],
        [
          0.236815,
          0.555488,
          -0.79709,
          2.24048
        ],
        [
          -0.001503,
          -0.820217,
          -0.572051,
          1.394374
        ],
        [
          0.0,
          0.0,
          0.0,
          1.0
        ]
      ]
    },
    {
      "file_path": "/media/NFS/ttao/scannet/posed_images/scene0108_00/00056.jpg",
      "transform_matrix": [
        [
          -0.96682,
          0.139971,
          -0.213699,
          2.610583
        ],
        [
          0.25533,
          0.555995,
          -0.790997,
          2.23065
        ],
        [
          0.008099,
          -0.819316,
          -0.573285,
          1.392143
        ],
        [
          0.0,
          0.0,
          0.0,
          1.0
        ]
      ]
    },
    {
      "file_path": "/media/NFS/ttao/scannet/posed_images/scene0108_00/00057.jpg",
      "transform_matrix": [
        [
          -0.962893,
          0.139938,
          -0.230768,
          2.604603
        ],
        [
          0.269261,
          0.556114,
          -0.78628,
          2.225834
        ],
        [
          0.018302,
          -0.81924,
          -0.573158,
          1.387706
        ],
        [
          0.0,
          0.0,
          0.0,
          1.0
        ]
      ]
    },
    {
      "file_path": "/media/NFS/ttao/scannet/posed_images/scene0108_00/00059.jpg",
      "transform_matrix": [
        [
          -0.948701,
          0.156602,
          -0.274667,
          2.607379
        ],
        [
          0.314525,
          0.556052,
          -0.769337,
          2.208708
        ],
        [
          0.03225,
          -0.816261,
          -0.576783,
          1.379761
        ],
        [
          0.0,
          0.0,
          0.0,
          1.0
        ]
      ]
    },
    {
      "file_path": "/media/NFS/ttao/scannet/posed_images/scene0108_00/00061.jpg",
      "transform_matrix": [
        [
          -0.933399,
          0.184604,
          -0.307713,
          2.612961
        ],
        [
          0.357374,
          0.55564,
          -0.750699,
          2.187792
        ],
        [
          0.032395,
          -0.81067,
          -0.584606,
          1.374908
        ],
        [
          0.0,
          0.0,
          0.0,
          1.0
        ]
      ]
    },
    {
      "file_path": "/media/NFS/ttao/scannet/posed_images/scene0108_00/00063.jpg",
      "transform_matrix": [
        [
          -0.91787,
          0.206195,
          -0.339114,
          2.607793
        ],
        [
          0.395164,
          0.554214,
          -0.732593,
          2.169468
        ],
        [
          0.036885,
          -0.806431,
          -0.590177,
          1.379617
        ],
        [
          0.0,
          0.0,
          0.0,
          1.0
        ]
      ]
    },
    {
      "file_path": "/media/NFS/ttao/scannet/posed_images/scene0108_00/00066.jpg",
      "transform_matrix": [
        [
          -0.884532,
          0.24636,
          -0.396117,
          2.621169
        ],
        [
          0.465249,
          0.527527,
          -0.710815,
          2.141513
        ],
        [
          0.033846,
          -0.813032,
          -0.581234,
          1.382699
        ],
        [
          0.0,
          0.0,
          0.0,
          1.0
        ]
      ]
    },
    {
      "file_path": "/media/NFS/ttao/scannet/posed_images/scene0108_00/00068.jpg",
      "transform_matrix": [
        [
          -0.860816,
          0.276076,
          -0.427525,
          2.628573
        ],
        [
          0.508397,
          0.504427,
          -0.697915,
          2.127325
        ],
        [
          0.022978,
          -0.81813,
          -0.574575,
          1.385308
        ],
        [
          0.0,
          0.0,
          0.0,
          1.0
        ]
      ]
    },
    {
      "file_path": "/media/NFS/ttao/scannet/posed_images/scene0108_00/00069.jpg",
      "transform_matrix": [
        [
          -0.850999,
          0.287534,
          -0.439459,
          2.631436
        ],
        [
          0.524809,
          0.496492,
          -0.691427,
          2.119236
        ],
        [
          0.019379,
          -0.819036,
          -0.573415,
          1.387652
        ],
        [
          0.0,
          0.0,
          0.0,
          1.0
        ]
      ]
    },
    {
      "file_path": "/media/NFS/ttao/scannet/posed_images/scene0108_00/00070.jpg",
      "transform_matrix": [
        [
          -0.834577,
          0.299984,
          -0.462051,
          2.652311
        ],
        [
          0.550512,
          0.485263,
          -0.679306,
          2.100258
        ],
        [
          0.020435,
          -0.821298,
          -0.570134,
          1.390632
        ],
        [
          0.0,
          0.0,
          0.0,
          1.0
        ]
      ]
    },
    {
      "file_path": "/media/NFS/ttao/scannet/posed_images/scene0108_00/00072.jpg",
      "transform_matrix": [
        [
          -0.814403,
          0.314726,
          -0.487541,
          2.655127
        ],
        [
          0.580099,
          0.463674,
          -0.669696,
          2.089304
        ],
        [
          0.015289,
          -0.828224,
          -0.560189,
          1.397729
        ],
        [
          0.0,
          0.0,
          0.0,
          1.0
        ]
      ]
    },
    {
      "file_path": "/media/NFS/ttao/scannet/posed_images/scene0108_00/00075.jpg",
      "transform_matrix": [
        [
          -0.784955,
          0.332779,
          -0.522594,
          2.67088
        ],
        [
          0.619548,
          0.424996,
          -0.659954,
          2.071835
        ],
        [
          0.002481,
          -0.841806,
          -0.539775,
          1.40327
        ],
        [
          0.0,
          0.0,
          0.0,
          1.0
        ]
      ]
    },
    {
      "file_path": "/media/NFS/ttao/scannet/posed_images/scene0108_00/00076.jpg",
      "transform_matrix": [
        [
          -0.775095,
          0.341945,
          -0.53132,
          2.675535
        ],
        [
          0.631833,
          0.414272,
          -0.655108,
          2.066872
        ],
        [
          -0.0039,
          -0.843476,
          -0.537153,
          1.405284
        ],
        [
          0.0,
          0.0,
          0.0,
          1.0
        ]
      ]
    },
    {
      "file_path": "/media/NFS/ttao/scannet/posed_images/scene0108_00/00078.jpg",
      "transform_matrix": [
        [
          -0.747149,
          0.35801,
          -0.559997,
          2.680756
        ],
        [
          0.664527,
          0.385778,
          -0.639983,
          2.057398
        ],
        [
          -0.013086,
          -0.850296,
          -0.526141,
          1.416546
        ],
        [
          0.0,
          0.0,
          0.0,
          1.0
        ]
      ]
    },
    {
      "file_path": "/media/NFS/ttao/scannet/posed_images/scene0108_00/00080.jpg",
      "transform_matrix": [
        [
          -0.723478,
          0.358249,
          -0.590116,
          2.698109
        ],
        [
          0.690287,
          0.364165,
          -0.62521,
          2.040201
        ],
        [
          -0.009082,
          -0.859676,
          -0.51076,
          1.416176
        ],
        [
          0.0,
          0.0,
          0.0,
          1.0
        ]
      ]
    },
    {
      "file_path": "/media/NFS/ttao/scannet/posed_images/scene0108_00/00083.jpg",
      "transform_matrix": [
        [
          -0.703651,
          0.365681,
          -0.609223,
          2.690009
        ],
        [
          0.710414,
          0.345555,
          -0.61311,
          2.03595
        ],
        [
          -0.013683,
          -0.864216,
          -0.502935,
          1.428693
        ],
        [
          0.0,
          0.0,
          0.0,
          1.0
        ]
      ]
    },
    {
      "file_path": "/media/NFS/ttao/scannet/posed_images/scene0108_00/00084.jpg",
      "transform_matrix": [
        [
          -0.694911,
          0.363861,
          -0.620245,
          2.689081
        ],
        [
          0.719023,
          0.339329,
          -0.606516,
          2.032059
        ],
        [
          -0.01022,
          -0.867445,
          -0.497428,
          1.430702
        ],
        [
          0.0,
          0.0,
          0.0,
          1.0
        ]
      ]
    },
    {
      "file_path": "/media/NFS/ttao/scannet/posed_images/scene0108_00/00086.jpg",
      "transform_matrix": [
        [
          -0.676397,
          0.361064,
          -0.641965,
          2.684574
        ],
        [
          0.736531,
          0.327981,
          -0.591567,
          2.026749
        ],
        [
          -0.003041,
          -0.872961,
          -0.48778,
          1.430471
        ],
        [
          0.0,
          0.0,
          0.0,
          1.0
        ]
      ]
    },
    {
      "file_path": "/media/NFS/ttao/scannet/posed_images/scene0108_00/00087.jpg",
      "transform_matrix": [
        [
          -0.66648,
          0.363163,
          -0.651089,
          2.677838
        ],
        [
          0.745522,
          0.323209,
          -0.582866,
          2.02181
        ],
        [
          -0.001238,
          -0.87387,
          -0.486158,
          1.433984
        ],
        [
          0.0,
          0.0,
          0.0,
          1.0
        ]
      ]
    },
    {
      "file_path": "/media/NFS/ttao/scannet/posed_images/scene0108_00/00090.jpg",
      "transform_matrix": [
        [
          -0.634883,
          0.358314,
          -0.684495,
          2.667584
        ],
        [
          0.772562,
          0.304115,
          -0.557371,
          2.002162
        ],
        [
          0.008451,
          -0.882681,
          -0.469897,
          1.435563
        ],
        [
          0.0,
          0.0,
          0.0,
          1.0
        ]
      ]
    },
    {
      "file_path": "/media/NFS/ttao/scannet/posed_images/scene0108_00/00092.jpg",
      "transform_matrix": [
        [
          -0.614485,
          0.350436,
          -0.706825,
          2.653948
        ],
        [
          0.788842,
          0.286161,
          -0.543912,
          1.996133
        ],
        [
          0.011659,
          -0.8918,
          -0.45228,
          1.432377
        ],
        [
          0.0,
          0.0,
          0.0,
          1.0
        ]
      ]
    },
    {
      "file_path": "/media/NFS/ttao/scannet/posed_images/scene0108_00/00094.jpg",
      "transform_matrix": [
        [
          -0.58487,
          0.347405,
          -0.732964,
          2.626045
        ],
        [
          0.810947,
          0.269475,
          -0.519373,
          1.983148
        ],
        [
          0.017082,
          -0.898161,
          -0.439335,
          1.433945
        ],
        [
          0.0,
          0.0,
          0.0,
          1.0
        ]
      ]
    },
    {
      "file_path": "/media/NFS/ttao/scannet/posed_images/scene0108_00/00095.jpg",
      "transform_matrix": [
        [
          -0.570083,
          0.348058,
          -0.744218,
          2.615525
        ],
        [
          0.821392,
          0.261178,
          -0.507051,
          1.975293
        ],
        [
          0.017891,
          -0.900356,
          -0.434786,
          1.435789
        ],
        [
          0.0,
          0.0,
          0.0,
          1.0
        ]
      ]
    },
    {
      "file_path": "/media/NFS/ttao/scannet/posed_images/scene0108_00/00097.jpg",
      "transform_matrix": [
        [
          -0.54484,
          0.34652,
          -0.763592,
          2.593404
        ],
        [
          0.838405,
          0.241459,
          -0.488646,
          1.963459
        ],
        [
          0.015051,
          -0.906433,
          -0.422081,
          1.440033
        ],
        [
          0.0,
          0.0,
          0.0,
          1.0
        ]
      ]
    },
    {
      "file_path": "/media/NFS/ttao/scannet/posed_images/scene0108_00/00099.jpg",
      "transform_matrix": [
        [
          -0.521704,
          0.351675,
          -0.77727,
          2.571918
        ],
        [
          0.8531,
          0.222263,
          -0.472038,
          1.952369
        ],
        [
          0.006755,
          -0.909353,
          -0.41597,
          1.444407
        ],
        [
          0.0,
          0.0,
          0.0,
          1.0
        ]
      ]
    },
    {
      "file_path": "/media/NFS/ttao/scannet/posed_images/scene0108_00/00100.jpg",
      "transform_matrix": [
        [
          -0.508909,
          0.35505,
          -0.784189,
          2.562337
        ],
        [
          0.860807,
          0.215006,
          -0.461285,
          1.936934
        ],
        [
          0.004826,
          -0.909787,
          -0.415048,
          1.450031
        ],
        [
          0.0,
          0.0,
          0.0,
          1.0
        ]
      ]
    },
    {
      "file_path": "/media/NFS/ttao/scannet/posed_images/scene0108_00/00103.jpg",
      "transform_matrix": [
        [
          -0.486594,
          0.352283,
          -0.799451,
          2.529525
        ],
        [
          0.8736,
          0.188908,
          -0.448483,
          1.928234
        ],
        [
          -0.006971,
          -0.91663,
          -0.399676,
          1.456662
        ],
        [
          0.0,
          0.0,
          0.0,
          1.0
        ]
      ]
    },
    {
      "file_path": "/media/NFS/ttao/scannet/posed_images/scene0108_00/00105.jpg",
      "transform_matrix": [
        [
          -0.470799,
          0.356185,
          -0.807143,
          2.507499
        ],
        [
          0.882107,
          0.174148,
          -0.437675,
          1.919541
        ],
        [
          -0.015331,
          -0.918044,
          -0.396182,
          1.463949
        ],
        [
          0.0,
          0.0,
          0.0,
          1.0
        ]
      ]
    },
    {
      "file_path": "/media/NFS/ttao/scannet/posed_images/scene0108_00/00106.jpg",
      "transform_matrix": [
        [
          -0.462643,
          0.360012,
          -0.810156,
          2.497735
        ],
        [
          0.886332,
          0.167797,
          -0.431578,
          1.91542
        ],
        [
          -0.019431,
          -0.917734,
          -0.39672,
          1.466572
        ],
        [
          0.0,
          0.0,
          0.0,
          1.0
        ]
      ]
    },
    {
      "file_path": "/media/NFS/ttao/scannet/posed_images/scene0108_00/00109.jpg",
      "transform_matrix": [
        [
          -0.433323,
          0.360768,
          -0.82588,
          2.469458
        ],
        [
          0.90092,
          0.149026,
          -0.407596,
          1.898769
        ],
        [
          -0.02397,
          -0.920672,
          -0.3896,
          1.476208
        ],
        [
          0.0,
          0.0,
          0.0,
          1.0
        ]
      ]
    },
    {
      "file_path": "/media/NFS/ttao/scannet/posed_images/scene0108_00/00111.jpg",
      "transform_matrix": [
        [
          -0.402626,
          0.35608,
          -0.843267,
          2.452243
        ],
        [
          0.915182,
          0.138212,
          -0.378601,
          1.877777
        ],
        [
          -0.018263,
          -0.924178,
          -0.381526,
          1.476255
        ],
        [
          0.0,
          0.0,
          0.0,
          1.0
        ]
      ]
    },
    {
      "file_path": "/media/NFS/ttao/scannet/posed_images/scene0108_00/00112.jpg",
      "transform_matrix": [
        [
          -0.392337,
          0.356226,
          -0.848042,
          2.447413
        ],
        [
          0.919664,
          0.134846,
          -0.368829,
          1.873033
        ],
        [
          -0.017031,
          -0.924619,
          -0.380513,
          1.476557
        ],
        [
          0.0,
          0.0,
          0.0,
          1.0
        ]
      ]
    },
    {
      "file_path": "/media/NFS/ttao/scannet/posed_images/scene0108_00/00113.jpg",
      "transform_matrix": [
        [
          -0.381712,
          0.355159,
          -0.853321,
          2.442752
        ],
        [
          0.924159,
          0.131641,
          -0.35861,
          1.867097
        ],
        [
          -0.015031,
          -0.92549,
          -0.378473,
          1.476995
        ],
        [
          0.0,
          0.0,
          0.0,
          1.0
        ]
      ]
    },
    {
      "file_path": "/media/NFS/ttao/scannet/posed_images/scene0108_00/00115.jpg",
      "transform_matrix": [
        [
          -0.36075,
          0.351484,
          -0.863897,
          2.432321
        ],
        [
          0.932605,
          0.125664,
          -0.338315,
          1.857975
        ],
        [
          -0.010352,
          -0.927722,
          -0.373129,
          1.479578
        ],
        [
          0.0,
          0.0,
          0.0,
          1.0
        ]
      ]
    },
    {
      "file_path": "/media/NFS/ttao/scannet/posed_images/scene0108_00/00118.jpg",
      "transform_matrix": [
        [
          -0.329742,
          0.346868,
          -0.878039,
          2.425263
        ],
        [
          0.944068,
          0.11883,
          -0.307596,
          1.841539
        ],
        [
          -0.002358,
          -0.930356,
          -0.36665,
          1.478074
        ],
        [
          0.0,
          0.0,
          0.0,
          1.0
        ]
      ]
    },
    {
      "file_path": "/media/NFS/ttao/scannet/posed_images/scene0108_00/00119.jpg",
      "transform_matrix": [
        [
          -0.318768,
          0.350649,
          -0.880586,
          2.41907
        ],
        [
          0.947833,
          0.117741,
          -0.296227,
          1.836352
        ],
        [
          -0.000191,
          -0.929076,
          -0.369889,
          1.483604
        ],
        [
          0.0,
          0.0,
          0.0,
          1.0
        ]
      ]
    },
    {
      "file_path": "/media/NFS/ttao/scannet/posed_images/scene0108_00/00122.jpg",
      "transform_matrix": [
        [
          -0.282119,
          0.357223,
          -0.890393,
          2.420194
        ],
        [
          0.959377,
          0.102941,
          -0.262677,
          1.824382
        ],
        [
          -0.002176,
          -0.928329,
          -0.371754,
          1.474666
        ],
        [
          0.0,
          0.0,
          0.0,
          1.0
        ]
      ]
    },
    {
      "file_path": "/media/NFS/ttao/scannet/posed_images/scene0108_00/00123.jpg",
      "transform_matrix": [
        [
          -0.265933,
          0.358966,
          -0.894664,
          2.417208
        ],
        [
          0.963987,
          0.096129,
          -0.247969,
          1.816207
        ],
        [
          -0.003009,
          -0.928387,
          -0.371602,
          1.477538
        ],
        [
          0.0,
          0.0,
          0.0,
          1.0
        ]
      ]
    },
    {
      "file_path": "/media/NFS/ttao/scannet/posed_images/scene0108_00/00125.jpg",
      "transform_matrix": [
        [
          -0.235987,
          0.364282,
          -0.900893,
          2.416785
        ],
        [
          0.971744,
          0.083878,
          -0.22063,
          1.807943
        ],
        [
          -0.004806,
          -0.927504,
          -0.373783,
          1.476002
        ],
        [
          0.0,
          0.0,
          0.0,
          1.0
        ]
      ]
    },
    {
      "file_path": "/media/NFS/ttao/scannet/posed_images/scene0108_00/00126.jpg",
      "transform_matrix": [
        [
          -0.219787,
          0.37173,
          -0.901948,
          2.417355
        ],
        [
          0.975528,
          0.077819,
          -0.205644,
          1.802173
        ],
        [
          -0.006256,
          -0.925074,
          -0.379736,
          1.475548
        ],
        [
          0.0,
          0.0,
          0.0,
          1.0
        ]
      ]
    },
    {
      "file_path": "/media/NFS/ttao/scannet/posed_images/scene0108_00/00128.jpg",
      "transform_matrix": [
        [
          -0.187517,
          0.383785,
          -0.904183,
          2.416029
        ],
        [
          0.982213,
          0.064113,
          -0.176487,
          1.792764
        ],
        [
          -0.009763,
          -0.921194,
          -0.388981,
          1.476339
        ],
        [
          0.0,
          0.0,
          0.0,
          1.0
        ]
      ]
    },
    {
      "file_path": "/media/NFS/ttao/scannet/posed_images/scene0108_00/00130.jpg",
      "transform_matrix": [
        [
          -0.147432,
          0.393572,
          -0.907395,
          2.419581
        ],
        [
          0.988916,
          0.042322,
          -0.142321,
          1.767898
        ],
        [
          -0.017611,
          -0.918319,
          -0.395449,
          1.474169
        ],
        [
          0.0,
          0.0,
          0.0,
          1.0
        ]
      ]
    },
    {
      "file_path": "/media/NFS/ttao/scannet/posed_images/scene0108_00/00132.jpg",
      "transform_matrix": [
        [
          -0.110028,
          0.402777,
          -0.908661,
          2.421386
        ],
        [
          0.993613,
          0.021535,
          -0.110769,
          1.774401
        ],
        [
          -0.025047,
          -0.915045,
          -0.402574,
          1.46487
        ],
        [
          0.0,
          0.0,
          0.0,
          1.0
        ]
      ]
    },
    {
      "file_path": "/media/NFS/ttao/scannet/posed_images/scene0108_00/00134.jpg",
      "transform_matrix": [
        [
          -0.077588,
          0.405619,
          -0.910743,
          2.420156
        ],
        [
          0.996643,
          0.00762,
          -0.081513,
          1.769872
        ],
        [
          -0.026123,
          -0.914011,
          -0.404848,
          1.464763
        ],
        [
          0.0,
          0.0,
          0.0,
          1.0
        ]
      ]
    },
    {
      "file_path": "/media/NFS/ttao/scannet/posed_images/scene0108_00/00137.jpg",
      "transform_matrix": [
        [
          -0.032143,
          0.416268,
          -0.908674,
          2.418485
        ],
        [
          0.998892,
          -0.01789,
          -0.04353,
          1.769979
        ],
        [
          -0.034376,
          -0.909066,
          -0.415232,
          1.461901
        ],
        [
          0.0,
          0.0,
          0.0,
          1.0
        ]
      ]
    },
    {
      "file_path": "/media/NFS/ttao/scannet/posed_images/scene0108_00/00139.jpg",
      "transform_matrix": [
        [
          -0.00602,
          0.418347,
          -0.908267,
          2.417717
        ],
        [
          0.999363,
          -0.029428,
          -0.020178,
          1.773535
        ],
        [
          -0.03517,
          -0.90781,
          -0.417904,
          1.459932
        ],
        [
          0.0,
          0.0,
          0.0,
          1.0
        ]
      ]
    },
    {
      "file_path": "/media/NFS/ttao/scannet/posed_images/scene0108_00/00140.jpg",
      "transform_matrix": [
        [
          0.012359,
          0.419157,
          -0.90783,
          2.417023
        ],
        [
          0.999289,
          -0.037522,
          -0.003721,
          1.762664
        ],
        [
          -0.035623,
          -0.907138,
          -0.419322,
          1.463131
        ],
        [
          0.0,
          0.0,
          0.0,
          1.0
        ]
      ]
    },
    {
      "file_path": "/media/NFS/ttao/scannet/posed_images/scene0108_00/00142.jpg",
      "transform_matrix": [
        [
          0.032697,
          0.424145,
          -0.905004,
          2.415668
        ],
        [
          0.99875,
          -0.048119,
          0.013533,
          1.764806
        ],
        [
          -0.037808,
          -0.904315,
          -0.425188,
          1.460606
        ],
        [
          0.0,
          0.0,
          0.0,
          1.0
        ]
      ]
    },
    {
      "file_path": "/media/NFS/ttao/scannet/posed_images/scene0108_00/00144.jpg",
      "transform_matrix": [
        [
          0.04835,
          0.428571,
          -0.902214,
          2.414061
        ],
        [
          0.998261,
          -0.051242,
          0.029156,
          1.769315
        ],
        [
          -0.033736,
          -0.902054,
