{
  "frames": [
    {
      "file_path": "/media/NFS/ttao/scannet/posed_images/scene0474_03/00006.jpg",
      "transform_matrix": [
        [
          -0.782974,
          0.205036,
          -0.587293,
          3.738607
        ],
        [
          0.621908,
          0.27851,
          -0.73189,
          1.782938
        ],
        [
          0.013503,
          -0.938293,
          -0.345579,
          1.58741
        ],
        [
          0.0,
          0.0,
          0.0,
          1.0
        ]
      ]
    },
    {
      "file_path": "/media/NFS/ttao/scannet/posed_images/scene0474_03/00015.jpg",
      "transform_matrix": [
        [
          -0.77346,
          0.201998,
          -0.600797,
          3.740482
        ],
        [
          0.633359,
          0.283457,
          -0.720076,
          1.774963
        ],
        [
          0.024847,
          -0.937469,
          -0.34718,
          1.584043
        ],
        [
          0.0,
          0.0,
          0.0,
          1.0
        ]
      ]
    },
    {
      "file_path": "/media/NFS/ttao/scannet/posed_images/scene0474_03/00021.jpg",
      "transform_matrix": [
        [
          -0.773704,
          0.202227,
          -0.600406,
          3.739799
        ],
        [
          0.633165,
          0.279759,
          -0.72169,
          1.773544
        ],
        [
          0.022024,
          -0.93853,
          -0.344494,
          1.585261
        ],
        [
          0.0,
          0.0,
          0.0,
          1.0
        ]
      ]
    },
    {
      "file_path": "/media/NFS/ttao/scannet/posed_images/scene0474_03/00037.jpg",
      "transform_matrix": [
        [
          -0.774019,
          0.20331,
          -0.599633,
          3.741486
        ],
        [
          0.632845,
          0.278409,
          -0.722493,
          1.77009
        ],
        [
          0.020053,
          -0.938698,
          -0.344157,
          1.582512
        ],
        [
          0.0,
          0.0,
          0.0,
          1.0
        ]
      ]
    },
    {
      "file_path": "/media/NFS/ttao/scannet/posed_images/scene0474_03/00043.jpg",
      "transform_matrix": [
        [
          -0.773658,
          0.203029,
          -0.600194,
          3.738961
        ],
        [
          0.633334,
          0.275439,
          -0.723202,
          1.770645
        ],
        [
          0.018486,
          -0.939634,
          -0.34168,
          1.584327
        ],
        [
          0.0,
          0.0,
          0.0,
          1.0
        ]
      ]
    },
    {
      "file_path": "/media/NFS/ttao/scannet/posed_images/scene0474_03/00049.jpg",
      "transform_matrix": [
        [
          -0.773192,
          0.208894,
          -0.59878,
          3.73837
        ],
        [
          0.633998,
          0.276705,
          -0.722136,
          1.770834
        ],
        [
          0.014836,
          -0.937975,
          -0.346385,
          1.583627
        ],
        [
          0.0,
          0.0,
          0.0,
          1.0
        ]
      ]
    },
    {
      "file_path": "/media/NFS/ttao/scannet/posed_images/scene0474_03/00067.jpg",
      "transform_matrix": [
        [
          -0.763162,
          0.201741,
          -0.613909,
          3.737844
        ],
        [
          0.645939,
          0.265515,
          -0.715726,
          1.77064
        ],
        [
          0.01861,
          -0.942763,
          -0.332943,
          1.591444
        ],
        [
          0.0,
          0.0,
          0.0,
          1.0
        ]
      ]
    },
    {
      "file_path": "/media/NFS/ttao/scannet/posed_images/scene0474_03/00073.jpg",
      "transform_matrix": [
        [
          -0.761117,
          0.194392,
          -0.618799,
          3.741749
        ],
        [
          0.648283,
          0.258477,
          -0.716183,
          1.769231
        ],
        [
          0.020725,
          -0.946257,
          -0.322752,
          1.589836
        ],
        [
          0.0,
          0.0,
          0.0,
          1.0
        ]
      ]
    },
    {
      "file_path": "/media/NFS/ttao/scannet/posed_images/scene0474_03/00083.jpg",
      "transform_matrix": [
        [
          -0.746623,
          0.189916,
          -0.637563,
          3.738007
        ],
        [
          0.664797,
          0.248283,
          -0.704557,
          1.773285
        ],
        [
          0.024489,
          -0.949888,
          -0.311629,
          1.59429
        ],
        [
          0.0,
          0.0,
          0.0,
          1.0
        ]
      ]
    },
    {
      "file_path": "/media/NFS/ttao/scannet/posed_images/scene0474_03/00095.jpg",
      "transform_matrix": [
        [
          -0.729834,
          0.194124,
          -0.655483,
          3.737131
        ],
        [
          0.682821,
          0.253477,
          -0.685205,
          1.769796
        ],
        [
          0.033135,
          -0.947663,
          -0.317548,
          1.59196
        ],
        [
          0.0,
          0.0,
          0.0,
          1.0
        ]
      ]
    },
    {
      "file_path": "/media/NFS/ttao/scannet/posed_images/scene0474_03/00101.jpg",
      "transform_matrix": [
        [
          -0.718063,
          0.202861,
          -0.665757,
          3.732646
        ],
        [
          0.695094,
          0.257239,
          -0.671322,
          1.763645
        ],
        [
          0.035074,
          -0.944815,
          -0.325722,
          1.594528
        ],
        [
          0.0,
          0.0,
          0.0,
          1.0
        ]
      ]
    },
    {
      "file_path": "/media/NFS/ttao/scannet/posed_images/scene0474_03/00116.jpg",
      "transform_matrix": [
        [
          -0.687353,
          0.200017,
          -0.69824,
          3.72042
        ],
        [
          0.725466,
          0.235754,
          -0.646621,
          1.765435
        ],
        [
          0.035278,
          -0.951007,
          -0.307152,
          1.603561
        ],
        [
          0.0,
          0.0,
          0.0,
          1.0
        ]
      ]
    },
    {
      "file_path": "/media/NFS/ttao/scannet/posed_images/scene0474_03/00122.jpg",
      "transform_matrix": [
        [
          -0.68325,
          0.193512,
          -0.704076,
          3.717834
        ],
        [
          0.729514,
          0.222215,
          -0.646861,
          1.769899
        ],
        [
          0.031281,
          -0.955601,
          -0.292999,
          1.605794
        ],
        [
          0.0,
          0.0,
          0.0,
          1.0
        ]
      ]
    },
    {
      "file_path": "/media/NFS/ttao/scannet/posed_images/scene0474_03/00131.jpg",
      "transform_matrix": [
        [
          -0.696903,
          0.177869,
          -0.694758,
          3.720372
        ],
        [
          0.71645,
          0.215918,
          -0.663384,
          1.772286
        ],
        [
          0.032015,
          -0.960074,
          -0.277909,
          1.609129
        ],
        [
          0.0,
          0.0,
          0.0,
          1.0
        ]
      ]
    },
    {
      "file_path": "/media/NFS/ttao/scannet/posed_images/scene0474_03/00144.jpg",
      "transform_matrix": [
        [
          -0.726611,
          0.151431,
          -0.670153,
          3.732225
        ],
        [
          0.686595,
          0.195527,
          -0.700255,
          1.775678
        ],
        [
          0.024992,
          -0.968937,
          -0.246044,
          1.612035
        ],
        [
          0.0,
          0.0,
          0.0,
          1.0
        ]
      ]
    },
    {
      "file_path": "/media/NFS/ttao/scannet/posed_images/scene0474_03/00153.jpg",
      "transform_matrix": [
        [
          -0.7487,
          0.139777,
          -0.648005,
          3.733582
        ],
        [
          0.662844,
          0.171474,
          -0.728858,
          1.77995
        ],
        [
          0.009238,
          -0.975223,
          -0.221033,
          1.617242
        ],
        [
          0.0,
          0.0,
          0.0,
          1.0
        ]
      ]
    },
    {
      "file_path": "/media/NFS/ttao/scannet/posed_images/scene0474_03/00165.jpg",
      "transform_matrix": [
        [
          -0.786353,
          0.131787,
          -0.603557,
          3.739398
        ],
        [
          0.617767,
          0.162325,
          -0.769424,
          1.787165
        ],
        [
          -0.003428,
          -0.977897,
          -0.209059,
          1.625764
        ],
        [
          0.0,
          0.0,
          0.0,
          1.0
        ]
      ]
    },
    {
      "file_path": "/media/NFS/ttao/scannet/posed_images/scene0474_03/00174.jpg",
      "transform_matrix": [
        [
          -0.827122,
          0.123689,
          -0.548243,
          3.749503
        ],
        [
          0.561837,
          0.156844,
          -0.812243,
          1.78986
        ],
        [
          -0.014477,
          -0.979847,
          -0.199222,
          1.625523
        ],
        [
          0.0,
          0.0,
          0.0,
          1.0
        ]
      ]
    },
    {
      "file_path": "/media/NFS/ttao/scannet/posed_images/scene0474_03/00180.jpg",
      "transform_matrix": [
        [
          -0.843339,
          0.118668,
          -0.524116,
          3.761609
        ],
        [
          0.537233,
          0.163198,
          -0.827494,
          1.786837
        ],
        [
          -0.012662,
          -0.979431,
          -0.201383,
          1.626267
        ],
        [
          0.0,
          0.0,
          0.0,
          1.0
        ]
      ]
    },
    {
      "file_path": "/media/NFS/ttao/scannet/posed_images/scene0474_03/00193.jpg",
      "transform_matrix": [
        [
          -0.883877,
          0.107826,
          -0.455122,
          3.788118
        ],
        [
          0.467544,
          0.176988,
          -0.86607,
          1.778269
        ],
        [
          -0.012833,
          -0.978289,
          -0.206849,
          1.625788
        ],
        [
          0.0,
          0.0,
          0.0,
          1.0
        ]
      ]
    },
    {
      "file_path": "/media/NFS/ttao/scannet/posed_images/scene0474_03/00205.jpg",
      "transform_matrix": [
        [
          -0.910785,
          0.101022,
          -0.40033,
          3.810652
        ],
        [
          0.412576,
          0.185479,
          -0.89184,
          1.771463
        ],
        [
          -0.015843,
          -0.977442,
          -0.21061,
          1.615573
        ],
        [
          0.0,
          0.0,
          0.0,
          1.0
        ]
      ]
    },
    {
      "file_path": "/media/NFS/ttao/scannet/posed_images/scene0474_03/00214.jpg",
      "transform_matrix": [
        [
          -0.926065,
          0.099031,
          -0.364138,
          3.819461
        ],
        [
          0.376797,
          0.189801,
          -0.906642,
          1.771247
        ],
        [
          -0.020672,
          -0.976816,
          -0.213083,
          1.615336
        ],
        [
          0.0,
          0.0,
          0.0,
          1.0
        ]
      ]
    },
    {
      "file_path": "/media/NFS/ttao/scannet/posed_images/scene0474_03/00223.jpg",
      "transform_matrix": [
        [
          -0.938779,
          0.093982,
          -0.331455,
          3.83359
        ],
        [
          0.343789,
          0.192838,
          -0.919034,
          1.770233
        ],
        [
          -0.022455,
          -0.976719,
          -0.213342,
          1.612611
        ],
        [
          0.0,
          0.0,
          0.0,
          1.0
        ]
      ]
    },
    {
      "file_path": "/media/NFS/ttao/scannet/posed_images/scene0474_03/00238.jpg",
      "transform_matrix": [
        [
          -0.96155,
          0.081613,
          -0.262221,
          3.856548
        ],
        [
          0.273489,
          0.19769,
          -0.941341,
          1.776229
        ],
        [
          -0.024987,
          -0.976861,
          -0.212409,
          1.609119
        ],
        [
          0.0,
          0.0,
          0.0,
          1.0
        ]
      ]
    },
    {
      "file_path": "/media/NFS/ttao/scannet/posed_images/scene0474_03/00242.jpg",
      "transform_matrix": [
        [
          -0.965033,
          0.080452,
          -0.249477,
          3.862375
        ],
        [
          0.260689,
          0.194981,
          -0.945528,
          1.777779
        ],
        [
          -0.027427,
          -0.977502,
          -0.209136,
          1.606675
        ],
        [
          0.0,
          0.0,
          0.0,
          1.0
        ]
      ]
    },
    {
      "file_path": "/media/NFS/ttao/scannet/posed_images/scene0474_03/00257.jpg",
      "transform_matrix": [
        [
          -0.981268,
          0.067116,
          -0.180579,
          3.88759
        ],
        [
          0.190484,
          0.197919,
          -0.961532,
          1.78425
        ],
        [
          -0.028794,
          -0.977918,
          -0.206996,
          1.605154
        ],
        [
          0.0,
          0.0,
          0.0,
          1.0
        ]
      ]
    },
    {
      "file_path": "/media/NFS/ttao/scannet/posed_images/scene0474_03/00269.jpg",
      "transform_matrix": [
        [
          -0.99008,
          0.05856,
          -0.12772,
          3.913307
        ],
        [
          0.136963,
          0.199438,
          -0.970292,
          1.789037
        ],
        [
          -0.031348,
          -0.978159,
          -0.20548,
          1.604137
        ],
        [
          0.0,
          0.0,
          0.0,
          1.0
        ]
      ]
    },
    {
      "file_path": "/media/NFS/ttao/scannet/posed_images/scene0474_03/00275.jpg",
      "transform_matrix": [
        [
          -0.99209,
          0.056541,
          -0.112077,
          3.927124
        ],
        [
          0.121332,
          0.202931,
          -0.971647,
          1.790876
        ],
        [
          -0.032194,
          -0.977559,
          -0.208186,
          1.608696
        ],
        [
          0.0,
          0.0,
          0.0,
          1.0
        ]
      ]
    },
    {
      "file_path": "/media/NFS/ttao/scannet/posed_images/scene0474_03/00284.jpg",
      "transform_matrix": [
        [
          -0.994242,
          0.052037,
          -0.093681,
          3.948511
        ],
        [
          0.102333,
          0.201539,
          -0.97412,
          1.794535
        ],
        [
          -0.03181,
          -0.978097,
          -0.205703,
          1.604134
        ],
        [
          0.0,
          0.0,
          0.0,
          1.0
        ]
      ]
    },
    {
      "file_path": "/media/NFS/ttao/scannet/posed_images/scene0474_03/00300.jpg",
      "transform_matrix": [
        [
          -0.998477,
          0.044308,
          -0.03287,
          3.97616
        ],
        [
          0.040844,
          0.193171,
          -0.980315,
          1.798597
        ],
        [
          -0.037086,
          -0.980164,
          -0.194686,
          1.596824
        ],
        [
          0.0,
          0.0,
          0.0,
          1.0
        ]
      ]
    },
    {
      "file_path": "/media/NFS/ttao/scannet/posed_images/scene0474_03/00309.jpg",
      "transform_matrix": [
        [
          -0.999092,
          0.039033,
          -0.01707,
          3.984985
        ],
        [
          0.024087,
          0.187056,
          -0.982054,
          1.794893
        ],
        [
          -0.03514,
          -0.981574,
          -0.187826,
          1.598294
        ],
        [
          0.0,
          0.0,
          0.0,
          1.0
        ]
      ]
    },
    {
      "file_path": "/media/NFS/ttao/scannet/posed_images/scene0474_03/00321.jpg",
      "transform_matrix": [
        [
          -0.998423,
          0.036711,
          -0.042458,
          3.97209
        ],
        [
          0.049051,
          0.202992,
          -0.977951,
          1.785371
        ],
        [
          -0.027283,
          -0.978492,
          -0.204473,
          1.595216
        ],
        [
          0.0,
          0.0,
          0.0,
          1.0
        ]
      ]
    },
    {
      "file_path": "/media/NFS/ttao/scannet/posed_images/scene0474_03/00324.jpg",
      "transform_matrix": [
        [
          -0.998376,
          0.037075,
          -0.043242,
          3.969863
        ],
        [
          0.049863,
          0.201898,
          -0.978136,
          1.785125
        ],
        [
          -0.027534,
          -0.978705,
          -0.203419,
          1.598441
        ],
        [
          0.0,
          0.0,
          0.0,
          1.0
        ]
      ]
    },
    {
      "file_path": "/media/NFS/ttao/scannet/posed_images/scene0474_03/00333.jpg",
      "transform_matrix": [
        [
          -0.998156,
          0.036401,
          -0.048581,
          3.969736
        ],
        [
          0.055195,
          0.211048,
          -0.975916,
          1.78562
        ],
        [
          -0.025271,
          -0.976798,
          -0.212668,
          1.588963
        ],
        [
          0.0,
          0.0,
          0.0,
          1.0
        ]
      ]
    },
    {
      "file_path": "/media/NFS/ttao/scannet/posed_images/scene0474_03/00352.jpg",
      "transform_matrix": [
        [
          -0.997717,
          0.029134,
          -0.060923,
          3.978647
        ],
        [
          0.066291,
          0.250517,
          -0.96584,
          1.781187
        ],
        [
          -0.012877,
          -0.967674,
          -0.251876,
          1.561656
        ],
        [
          0.0,
          0.0,
          0.0,
          1.0
        ]
      ]
    },
    {
      "file_path": "/media/NFS/ttao/scannet/posed_images/scene0474_03/00355.jpg",
      "transform_matrix": [
        [
          -0.997561,
          0.030433,
          -0.062821,
          3.9805
        ],
        [
          0.068509,
          0.254213,
          -0.964719,
          1.781973
        ],
        [
          -0.013389,
          -0.966669,
          -0.255678,
          1.546067
        ],
        [
          0.0,
          0.0,
          0.0,
          1.0
        ]
      ]
    },
    {
      "file_path": "/media/NFS/ttao/scannet/posed_images/scene0474_03/00370.jpg",
      "transform_matrix": [
        [
          -0.997461,
          0.031022,
          -0.064097,
          3.99314
        ],
        [
          0.071075,
          0.378363,
          -0.922925,
          1.765741
        ],
        [
          -0.004379,
          -0.925138,
          -0.379607,
          1.479545
        ],
        [
          0.0,
          0.0,
          0.0,
          1.0
        ]
      ]
    },
    {
      "file_path": "/media/NFS/ttao/scannet/posed_images/scene0474_03/00379.jpg",
      "transform_matrix": [
        [
          -0.996723,
          0.040922,
          -0.069771,
          4.000656
        ],
        [
          0.080748,
          0.452971,
          -0.887861,
          1.763339
        ],
        [
          -0.004728,
          -0.890586,
          -0.454791,
          1.440326
        ],
        [
          0.0,
          0.0,
          0.0,
          1.0
        ]
      ]
    },
    {
      "file_path": "/media/NFS/ttao/scannet/posed_images/scene0474_03/00391.jpg",
      "transform_matrix": [
        [
          -0.997486,
          0.040157,
          -0.058382,
          3.999428
        ],
        [
          0.070754,
          0.519516,
          -0.851526,
          1.760808
        ],
        [
          -0.003864,
          -0.853517,
          -0.521051,
          1.407731
        ],
        [
          0.0,
          0.0,
          0.0,
          1.0
        ]
      ]
    },
    {
      "file_path": "/media/NFS/ttao/scannet/posed_images/scene0474_03/00400.jpg",
      "transform_matrix": [
        [
          -0.997596,
          0.044783,
          -0.052879,
          4.003912
        ],
        [
          0.068827,
          0.551904,
          -0.831063,
          1.768431
        ],
        [
          -0.008033,
          -0.832705,
          -0.553659,
          1.38278
        ],
        [
          0.0,
          0.0,
          0.0,
          1.0
        ]
      ]
    },
    {
      "file_path": "/media/NFS/ttao/scannet/posed_images/scene0474_03/00413.jpg",
      "transform_matrix": [
        [
          -0.997954,
          0.046267,
          -0.044122,
          4.007072
        ],
        [
          0.06317,
          0.607287,
          -0.791967,
          1.775726
        ],
        [
          -0.009847,
          -0.793135,
          -0.608967,
          1.350675
        ],
        [
          0.0,
          0.0,
          0.0,
          1.0
        ]
      ]
    },
    {
      "file_path": "/media/NFS/ttao/scannet/posed_images/scene0474_03/00422.jpg",
      "transform_matrix": [
        [
          -0.997524,
          0.053033,
          -0.046195,
          4.000591
        ],
        [
          0.06898,
          0.609618,
          -0.789688,
          1.770629
        ],
        [
          -0.013719,
          -0.79092,
          -0.611767,
          1.354834
        ],
        [
          0.0,
          0.0,
          0.0,
          1.0
        ]
      ]
    },
    {
      "file_path": "/media/NFS/ttao/scannet/posed_images/scene0474_03/00425.jpg",
      "transform_matrix": [
        [
          -0.996411,
          0.060063,
          -0.05964,
          4.00078
        ],
        [
          0.083896,
          0.607438,
          -0.789925,
          1.767817
        ],
        [
          -0.011218,
          -0.792093,
          -0.610297,
          1.354242
        ],
        [
          0.0,
          0.0,
          0.0,
          1.0
        ]
      ]
    },
    {
      "file_path": "/media/NFS/ttao/scannet/posed_images/scene0474_03/00443.jpg",
      "transform_matrix": [
        [
          -0.968034,
          0.151264,
          -0.200073,
          3.950236
        ],
        [
          0.250812,
          0.578147,
          -0.776427,
          1.750597
        ],
        [
          -0.001774,
          -0.801789,
          -0.597605,
          1.371273
        ],
        [
          0.0,
          0.0,
          0.0,
          1.0
        ]
      ]
    },
    {
      "file_path": "/media/NFS/ttao/scannet/posed_images/scene0474_03/00452.jpg",
      "transform_matrix": [
        [
          -0.945733,
          0.180956,
          -0.269897,
          3.920297
        ],
        [
          0.324638,
          0.56227,
          -0.760567,
          1.744969
        ],
        [
          0.014126,
          -0.806913,
          -0.590502,
          1.379356
        ],
        [
          0.0,
          0.0,
          0.0,
          1.0
        ]
      ]
    },
    {
      "file_path": "/media/NFS/ttao/scannet/posed_images/scene0474_03/00465.jpg",
      "transform_matrix": [
        [
          -0.905203,
          0.221922,
          -0.362432,
          3.871439
        ],
        [
          0.423786,
          0.535212,
          -0.730721,
          1.749258
        ],
        [
          0.031815,
          -0.815045,
          -0.578523,
          1.389164
        ],
        [
          0.0,
          0.0,
          0.0,
          1.0
        ]
      ]
    },
    {
      "file_path": "/media/NFS/ttao/scannet/posed_images/scene0474_03/00468.jpg",
      "transform_matrix": [
        [
          -0.89388,
          0.23492,
          -0.381826,
          3.864393
        ],
        [
          0.447258,
          0.52552,
          -0.723732,
          1.751465
        ],
        [
          0.030637,
          -0.817705,
          -0.574822,
          1.391914
        ],
        [
          0.0,
          0.0,
          0.0,
          1.0
        ]
      ]
    },
    {
      "file_path": "/media/NFS/ttao/scannet/posed_images/scene0474_03/00480.jpg",
      "transform_matrix": [
        [
          -0.843014,
          0.279022,
          -0.459864,
          3.821805
        ],
        [
          0.536412,
          0.499486,
          -0.680276,
          1.762403
        ],
        [
          0.039884,
          -0.820159,
          -0.570744,
          1.403368
        ],
        [
          0.0,
          0.0,
          0.0,
          1.0
        ]
      ]
    },
    {
      "file_path": "/media/NFS/ttao/scannet/posed_images/scene0474_03/00492.jpg",
      "transform_matrix": [
        [
          -0.788988,
          0.321298,
          -0.523704,
          3.79458
        ],
        [
          0.612897,
          0.471338,
          -0.634191,
          1.776581
        ],
        [
          0.043077,
          -0.821346,
          -0.568802,
          1.406013
        ],
        [
          0.0,
          0.0,
          0.0,
          1.0
        ]
      ]
    },
    {
      "file_path": "/media/NFS/ttao/scannet/posed_images/scene0474_03/00504.jpg",
      "transform_matrix": [
        [
          -0.73397,
          0.345955,
          -0.584469,
          3.769662
        ],
        [
          0.676782,
          0.44483,
          -0.586594,
          1.786913
        ],
        [
          0.057054,
          -0.8261,
          -0.560628,
          1.412248
        ],
        [
          0.0,
          0.0,
          0.0,
          1.0
        ]
      ]
    },
    {
      "file_path": "/media/NFS/ttao/scannet/posed_images/scene0474_03/00511.jpg",
      "transform_matrix": [
        [
          -0.701369,
          0.363858,
          -0.612935,
          3.757807
        ],
        [
          0.709924,
          0.433729,
          -0.554876,
          1.785131
        ],
        [
          0.063951,
          -0.82431,
          -0.562516,
          1.413713
        ],
        [
          0.0,
          0.0,
          0.0,
          1.0
        ]
      ]
    },
    {
      "file_path": "/media/NFS/ttao/scannet/posed_images/scene0474_03/00523.jpg",
      "transform_matrix": [
        [
          -0.647203,
          0.386295,
          -0.657194,
          3.741744
        ],
        [
          0.758485,
          0.412653,
          -0.504399,
          1.790991
        ],
        [
          0.076346,
          -0.82492,
          -0.560069,
          1.410792
        ],
        [
          0.0,
          0.0,
          0.0,
          1.0
        ]
      ]
    },
    {
      "file_path": "/media/NFS/ttao/scannet/posed_images/scene0474_03/00532.jpg",
      "transform_matrix": [
        [
          -0.62735,
          0.396156,
          -0.670442,
          3.732997
        ],
        [
          0.774645,
          0.405617,
          -0.485181,
          1.790988
        ],
        [
          0.079735,
          -0.823733,
          -0.561343,
          1.411991
        ],
        [
          0.0,
          0.0,
          0.0,
          1.0
        ]
      ]
    },
    {
      "file_path": "/media/NFS/ttao/scannet/posed_images/scene0474_03/00538.jpg",
      "transform_matrix": [
        [
          -0.644123,
          0.389171,
          -0.658522,
          3.737813
        ],
        [
          0.76117,
          0.411266,
          -0.501478,
          1.786813
        ],
        [
          0.075668,
          -0.824261,
          -0.561131,
          1.413924
        ],
        [
          0.0,
          0.0,
          0.0,
          1.0
        ]
      ]
    },
    {
      "file_path": "/media/NFS/ttao/scannet/posed_images/scene0474_03/00547.jpg",
      "transform_matrix": [
        [
          -0.697397,
          0.363268,
          -0.617797,
          3.75083
        ],
        [
          0.71386,
          0.428563,
          -0.553839,
          1.788267
        ],
        [
          0.063573,
          -0.827266,
          -0.558202,
          1.408489
        ],
        [
          0.0,
          0.0,
          0.0,
          1.0
        ]
      ]
    },
    {
      "file_path": "/media/NFS/ttao/scannet/posed_images/scene0474_03/00566.jpg",
      "transform_matrix": [
        [
          -0.852763,
          0.29776,
          -0.429108,
          3.815936
        ],
        [
          0.522283,
          0.492284,
          -0.696331,
          1.78171
        ],
        [
          0.003903,
          -0.817921,
          -0.575317,
          1.389681
        ],
        [
          0.0,
          0.0,
          0.0,
          1.0
        ]
      ]
    },
    {
      "file_path": "/media/NFS/ttao/scannet/posed_images/scene0474_03/00575.jpg",
      "transform_matrix": [
        [
          -0.911251,
          0.243343,
          -0.332274,
          3.871586
        ],
        [
          0.411833,
          0.545966,
          -0.729599,
          1.777132
        ],
        [
          0.003868,
          -0.80169,
          -0.597728,
          1.372735
        ],
        [
          0.0,
          0.0,
          0.0,
          1.0
        ]
      ]
    },
    {
      "file_path": "/media/NFS/ttao/scannet/posed_images/scene0474_03/00587.jpg",
      "transform_matrix": [
        [
          -0.971685,
          0.145663,
          -0.186042,
          3.952914
        ],
        [
          0.236262,
          0.588554,
          -0.773165,
          1.775067
        ],
        [
          -0.003125,
          -0.795228,
          -0.606303,
          1.366522
        ],
        [
          0.0,
          0.0,
          0.0,
          1.0
        ]
      ]
    },
    {
      "file_path": "/media/NFS/ttao/scannet/posed_images/scene0474_03/00590.jpg",
      "transform_matrix": [
        [
          -0.979273,
          0.122922,
          -0.160977,
          3.973994
        ],
        [
          0.202521,
          0.582758,
          -0.787005,
          1.77879
        ],
        [
          -0.00293,
          -0.803295,
          -0.595574,
          1.361633
        ],
        [
          0.0,
          0.0,
          0.0,
          1.0
        ]
      ]
    },
    {
      "file_path": "/media/NFS/ttao/scannet/posed_images/scene0474_03/00605.jpg",
      "transform_matrix": [
        [
          -0.998435,
          0.052101,
          -0.020302,
          4.026794
        ],
        [
          0.047083,
          0.587482,
          -0.807866,
          1.787986
        ],
        [
          -0.030164,
          -0.807558,
          -0.589016,
          1.365543
        ],
        [
          0.0,
          0.0,
          0.0,
          1.0
        ]
      ]
    },
    {
      "file_path": "/media/NFS/ttao/scannet/posed_images/scene0474_03/00608.jpg",
      "transform_matrix": [
        [
          -0.999202,
          0.0389,
          -0.009009,
          4.033418
        ],
        [
          0.030105,
          0.585716,
          -0.809957,
          1.786655
        ],
        [
          -0.02623,
          -0.809583,
          -0.58642,
          1.365778
        ],
        [
          0.0,
          0.0,
          0.0,
          1.0
        ]
      ]
    },
    {
      "file_path": "/media/NFS/ttao/scannet/posed_images/scene0474_03/00627.jpg",
      "transform_matrix": [
        [
          -0.996188,
          -0.039857,
          0.077589,
          4.020467
        ],
        [
          -0.086821,
          0.538871,
          -0.837902,
          1.778572
        ],
        [
          -0.008414,
          -0.841445,
          -0.540277,
          1.388398
        ],
        [
          0.0,
          0.0,
          0.0,
          1.0
        ]
      ]
    },
    {
      "file_path": "/media/NFS/ttao/scannet/posed_images/scene0474_03/00636.jpg",
      "transform_matrix": [
        [
          -0.993558,
          -0.028438,
          0.109699,
          4.004363
        ],
        [
          -0.108909,
          0.507192,
          -0.854924,
          1.773593
        ],
        [
          -0.031326,
          -0.861364,
          -0.507022,
          1.405732
        ],
        [
          0.0,
          0.0,
          0.0,
          1.0
        ]
      ]
    },
    {
      "file_path": "/media/NFS/ttao/scannet/posed_images/scene0474_03/00642.jpg",
      "transform_matrix": [
        [
          -0.993016,
          -0.020225,
          0.116238,
          4.007706
        ],
        [
          -0.111742,
          0.477424,
          -0.871539,
          1.771623
        ],
        [
          -0.037868,
          -0.878441,
          -0.476349,
          1.416704
        ],
        [
          0.0,
          0.0,
          0.0,
          1.0
        ]
      ]
    },
    {
      "file_path": "/media/NFS/ttao/scannet/posed_images/scene0474_03/00651.jpg",
      "transform_matrix": [
        [
          -0.992234,
          -0.009557,
          0.124018,
          4.017461
        ],
        [
          -0.115751,
          0.435941,
          -0.8925,
          1.77408
        ],
        [
          -0.045535,
          -0.899925,
          -0.433662,
          1.43578
        ],
        [
          0.0,
          0.0,
          0.0,
          1.0
        ]
      ]
    },
    {
      "file_path": "/media/NFS/ttao/scannet/posed_images/scene0474_03/00663.jpg",
      "transform_matrix": [
        [
          -0.993326,
          -0.012668,
          0.114641,
          4.048083
        ],
        [
          -0.111311,
          0.365668,
          -0.924065,
          1.788885
        ],
        [
          -0.030214,
          -0.930659,
          -0.364638,
          1.460681
        ],
        [
          0.0,
          0.0,
          0.0,
          1.0
        ]
      ]
    },
    {
      "file_path": "/media/NFS/ttao/scannet/posed_images/scene0474_03/00679.jpg",
      "transform_matrix": [
        [
          -0.993058,
          0.002593,
          0.1176,
          4.06026
        ],
        [
          -0.11216,
          0.280419,
          -0.953302,
          1.80081
        ],
        [
          -0.035449,
          -0.959874,
          -0.278181,
          1.518517
        ],
        [
          0.0,
          0.0,
          0.0,
          1.0
        ]
      ]
    },
    {
      "file_path": "/media/NFS/ttao/scannet/posed_images/scene0474_03/00682.jpg",
      "transform_matrix": [
        [
          -0.992074,
          0.005679,
          0.125526,
          4.06139
        ],
        [
          -0.120006,
          0.253326,
          -0.959909,
          1.804436
        ],
        [
          -0.03725,
          -0.967365,
          -0.250637,
          1.520151
        ],
        [
          0.0,
          0.0,
          0.0,
          1.0
        ]
      ]
    },
    {
      "file_path": "/media/NFS/ttao/scannet/posed_images/scene0474_03/00694.jpg",
      "transform_matrix": [
        [
          -0.988184,
          -0.000287,
          0.15327,
          4.08829
        ],
        [
          -0.150759,
          0.18211,
          -0.971652,
          1.813183
        ],
        [
          -0.027633,
          -0.983278,
          -0.180001,
          1.547998
        ],
        [
          0.0,
          0.0,
          0.0,
          1.0
        ]
      ]
    },
    {
      "file_path": "/media/NFS/ttao/scannet/posed_images/scene0474_03/00700.jpg",
      "transform_matrix": [
        [
          -0.987939,
          0.008289,
          0.154623,
          4.100012
        ],
        [
          -0.152185,
          0.132295,
          -0.979458,
          1.81633
        ],
        [
          -0.028574,
          -0.991176,
          -0.129438,
          1.55621
        ],
        [
          0.0,
          0.0,
          0.0,
          1.0
        ]
      ]
    },
    {
      "file_path": "/media/NFS/ttao/scannet/posed_images/scene0474_03/00718.jpg",
      "transform_matrix": [
        [
          -0.983276,
          0.021618,
          0.180832,
          4.134833
        ],
        [
          -0.180387,
          0.021034,
          -0.983371,
          1.823938
        ],
        [
          -0.025062,
          -0.999545,
          -0.016783,
          1.603026
        ],
        [
          0.0,
          0.0,
          0.0,
          1.0
        ]
      ]
    },
    {
      "file_path": "/media/NFS/ttao/scannet/posed_images/scene0474_03/00721.jpg",
      "transform_matrix": [
        [
          -0.982509,
          0.02341,
          0.184737,
          4.14105
        ],
        [
          -0.18444,
          0.014273,
          -0.98274,
          1.823721
        ],
        [
          -0.025643,
          -0.999624,
          -0.009706,
          1.605211
        ],
        [
          0.0,
          0.0,
          0.0,
          1.0
        ]
      ]
    },
    {
      "file_path": "/media/NFS/ttao/scannet/posed_images/scene0474_03/00731.jpg",
      "transform_matrix": [
        [
          -0.978672,
          0.032522,
          0.20284,
          4.150641
        ],
        [
          -0.202971,
          -0.000773,
          -0.979184,
          1.825222
        ],
        [
          -0.031688,
          -0.999471,
          0.007358,
          1.614789
        ],
        [
          0.0,
          0.0,
          0.0,
          1.0
        ]
      ]
    },
    {
      "file_path": "/media/NFS/ttao/scannet/posed_images/scene0474_03/00749.jpg",
      "transform_matrix": [
        [
          -0.98015,
          0.01408,
          0.197754,
          4.197642
        ],
        [
          -0.19573,
          0.089951,
          -0.976524,
          1.814438
        ],
        [
          -0.031538,
          -0.995847,
          -0.08541,
          1.568235
        ],
        [
          0.0,
          0.0,
          0.0,
          1.0
        ]
      ]
    },
    {
      "file_path": "/media/NFS/ttao/scannet/posed_images/scene0474_03/00758.jpg",
      "transform_matrix": [
        [
          -0.981835,
          0.009624,
          0.18949,
          4.219117
        ],
        [
          -0.185593,
          0.158813,
          -0.969708,
          1.814353
        ],
        [
          -0.039426,
          -0.987262,
          -0.154142,
          1.533084
        ],
        [
          0.0,
          0.0,
          0.0,
          1.0
        ]
      ]
    },
    {
      "file_path": "/media/NFS/ttao/scannet/posed_images/scene0474_03/00761.jpg",
      "transform_matrix": [
        [
          -0.981531,
          0.008416,
          0.191118,
          4.235971
        ],
        [
          -0.186448,
          0.181568,
          -0.965541,
          1.819532
        ],
        [
          -0.042826,
          -0.983343,
          -0.176645,
          1.513027
        ],
        [
          0.0,
          0.0,
          0.0,
          1.0
        ]
      ]
    },
    {
      "file_path": "/media/NFS/ttao/scannet/posed_images/scene0474_03/00773.jpg",
      "transform_matrix": [
        [
          -0.983814,
          -0.032968,
          0.176134,
          4.290111
        ],
        [
          -0.177991,
          0.293425,
          -0.939266,
          1.828848
        ],
        [
          -0.020716,
          -0.955414,
          -0.294544,
          1.461136
        ],
        [
          0.0,
          0.0,
          0.0,
          1.0
        ]
      ]
    },
    {
      "file_path": "/media/NFS/ttao/scannet/posed_images/scene0474_03/00783.jpg",
      "transform_matrix": [
        [
          -0.987208,
          -0.031509,
          0.156293,
          4.324022
        ],
        [
          -0.156621,
          0.375087,
          -0.913663,
          1.831426
        ],
        [
          -0.029835,
          -0.926454,
