{
  "frames": [
    {
      "file_path": "/media/NFS/ttao/scannet/posed_images/scene0654_00/00002.jpg",
      "transform_matrix": [
        [
          0.407893,
          -0.38468,
          0.828037,
          2.469874
        ],
        [
          -0.912711,
          -0.147826,
          0.380928,
          1.605254
        ],
        [
          -0.02413,
          -0.911136,
          -0.411399,
          1.342943
        ],
        [
          0.0,
          0.0,
          0.0,
          1.0
        ]
      ]
    },
    {
      "file_path": "/media/NFS/ttao/scannet/posed_images/scene0654_00/00005.jpg",
      "transform_matrix": [
        [
          0.406416,
          -0.381628,
          0.830172,
          2.472308
        ],
        [
          -0.913426,
          -0.147929,
          0.37917,
          1.601904
        ],
        [
          -0.021896,
          -0.912402,
          -0.40871,
          1.3457
        ],
        [
          0.0,
          0.0,
          0.0,
          1.0
        ]
      ]
    },
    {
      "file_path": "/media/NFS/ttao/scannet/posed_images/scene0654_00/00010.jpg",
      "transform_matrix": [
        [
          0.408627,
          -0.371765,
          0.833556,
          2.477207
        ],
        [
          -0.912398,
          -0.142806,
          0.383585,
          1.601283
        ],
        [
          -0.023567,
          -0.917277,
          -0.397552,
          1.359376
        ],
        [
          0.0,
          0.0,
          0.0,
          1.0
        ]
      ]
    },
    {
      "file_path": "/media/NFS/ttao/scannet/posed_images/scene0654_00/00016.jpg",
      "transform_matrix": [
        [
          0.416754,
          -0.335799,
          0.844722,
          2.483061
        ],
        [
          -0.908581,
          -0.125028,
          0.398558,
          1.596249
        ],
        [
          -0.028222,
          -0.933599,
          -0.357207,
          1.38312
        ],
        [
          0.0,
          0.0,
          0.0,
          1.0
        ]
      ]
    },
    {
      "file_path": "/media/NFS/ttao/scannet/posed_images/scene0654_00/00024.jpg",
      "transform_matrix": [
        [
          0.410574,
          -0.284001,
          0.866471,
          2.482266
        ],
        [
          -0.911267,
          -0.094477,
          0.400834,
          1.584044
        ],
        [
          -0.031975,
          -0.954158,
          -0.29759,
          1.412122
        ],
        [
          0.0,
          0.0,
          0.0,
          1.0
        ]
      ]
    },
    {
      "file_path": "/media/NFS/ttao/scannet/posed_images/scene0654_00/00026.jpg",
      "transform_matrix": [
        [
          0.41039,
          -0.26847,
          0.871495,
          2.482553
        ],
        [
          -0.911395,
          -0.088618,
          0.401879,
          1.57957
        ],
        [
          -0.030663,
          -0.959203,
          -0.28105,
          1.420366
        ],
        [
          0.0,
          0.0,
          0.0,
          1.0
        ]
      ]
    },
    {
      "file_path": "/media/NFS/ttao/scannet/posed_images/scene0654_00/00036.jpg",
      "transform_matrix": [
        [
          0.404407,
          -0.212288,
          0.8896,
          2.471796
        ],
        [
          -0.9144,
          -0.074613,
          0.397876,
          1.565946
        ],
        [
          -0.018089,
          -0.974355,
          -0.22429,
          1.44122
        ],
        [
          0.0,
          0.0,
          0.0,
          1.0
        ]
      ]
    },
    {
      "file_path": "/media/NFS/ttao/scannet/posed_images/scene0654_00/00041.jpg",
      "transform_matrix": [
        [
          0.402277,
          -0.195252,
          0.894455,
          2.458639
        ],
        [
          -0.915484,
          -0.077397,
          0.39484,
          1.571436
        ],
        [
          -0.007865,
          -0.977694,
          -0.209885,
          1.436398
        ],
        [
          0.0,
          0.0,
          0.0,
          1.0
        ]
      ]
    },
    {
      "file_path": "/media/NFS/ttao/scannet/posed_images/scene0654_00/00045.jpg",
      "transform_matrix": [
        [
          0.398867,
          -0.184459,
          0.898265,
          2.449821
        ],
        [
          -0.916993,
          -0.074498,
          0.391884,
          1.574076
        ],
        [
          -0.005368,
          -0.980013,
          -0.198863,
          1.436497
        ],
        [
          0.0,
          0.0,
          0.0,
          1.0
        ]
      ]
    },
    {
      "file_path": "/media/NFS/ttao/scannet/posed_images/scene0654_00/00050.jpg",
      "transform_matrix": [
        [
          0.376398,
          -0.163318,
          0.91195,
          2.424032
        ],
        [
          -0.926148,
          -0.091793,
          0.365819,
          1.579782
        ],
        [
          0.023966,
          -0.982294,
          -0.185807,
          1.43453
        ],
        [
          0.0,
          0.0,
          0.0,
          1.0
        ]
      ]
    },
    {
      "file_path": "/media/NFS/ttao/scannet/posed_images/scene0654_00/00054.jpg",
      "transform_matrix": [
        [
          0.365337,
          -0.152136,
          0.918359,
          2.397483
        ],
        [
          -0.930332,
          -0.093364,
          0.354634,
          1.594484
        ],
        [
          0.03179,
          -0.98394,
          -0.175646,
          1.455981
        ],
        [
          0.0,
          0.0,
          0.0,
          1.0
        ]
      ]
    },
    {
      "file_path": "/media/NFS/ttao/scannet/posed_images/scene0654_00/00060.jpg",
      "transform_matrix": [
        [
          0.36395,
          -0.120264,
          0.923622,
          2.337528
        ],
        [
          -0.931276,
          -0.064348,
          0.358588,
          1.601664
        ],
        [
          0.016308,
          -0.990654,
          -0.135419,
          1.480767
        ],
        [
          0.0,
          0.0,
          0.0,
          1.0
        ]
      ]
    },
    {
      "file_path": "/media/NFS/ttao/scannet/posed_images/scene0654_00/00065.jpg",
      "transform_matrix": [
        [
          0.383396,
          -0.098331,
          0.918334,
          2.283226
        ],
        [
          -0.923581,
          -0.04331,
          0.380949,
          1.600018
        ],
        [
          0.002314,
          -0.994211,
          -0.107422,
          1.507806
        ],
        [
          0.0,
          0.0,
          0.0,
          1.0
        ]
      ]
    },
    {
      "file_path": "/media/NFS/ttao/scannet/posed_images/scene0654_00/00070.jpg",
      "transform_matrix": [
        [
          0.420629,
          -0.071665,
          0.904398,
          2.230657
        ],
        [
          -0.907223,
          -0.02868,
          0.41967,
          1.597299
        ],
        [
          -0.004137,
          -0.997016,
          -0.07708,
          1.525615
        ],
        [
          0.0,
          0.0,
          0.0,
          1.0
        ]
      ]
    },
    {
      "file_path": "/media/NFS/ttao/scannet/posed_images/scene0654_00/00075.jpg",
      "transform_matrix": [
        [
          0.454735,
          -0.027647,
          0.890198,
          2.186277
        ],
        [
          -0.890627,
          -0.014995,
          0.454488,
          1.586173
        ],
        [
          0.000783,
          -0.999505,
          -0.031442,
          1.521678
        ],
        [
          0.0,
          0.0,
          0.0,
          1.0
        ]
      ]
    },
    {
      "file_path": "/media/NFS/ttao/scannet/posed_images/scene0654_00/00084.jpg",
      "transform_matrix": [
        [
          0.493995,
          0.004988,
          0.869451,
          2.149664
        ],
        [
          -0.869412,
          0.013898,
          0.493893,
          1.581672
        ],
        [
          -0.00962,
          -0.999891,
          0.011202,
          1.539155
        ],
        [
          0.0,
          0.0,
          0.0,
          1.0
        ]
      ]
    },
    {
      "file_path": "/media/NFS/ttao/scannet/posed_images/scene0654_00/00089.jpg",
      "transform_matrix": [
        [
          0.495637,
          0.009363,
          0.868479,
          2.146895
        ],
        [
          -0.868281,
          0.029272,
          0.495208,
          1.576549
        ],
        [
          -0.020786,
          -0.999528,
          0.022638,
          1.550255
        ],
        [
          0.0,
          0.0,
          0.0,
          1.0
        ]
      ]
    },
    {
      "file_path": "/media/NFS/ttao/scannet/posed_images/scene0654_00/00091.jpg",
      "transform_matrix": [
        [
          0.497195,
          0.010399,
          0.867577,
          2.144916
        ],
        [
          -0.867308,
          0.033587,
          0.496638,
          1.575903
        ],
        [
          -0.023975,
          -0.999382,
          0.025718,
          1.549706
        ],
        [
          0.0,
          0.0,
          0.0,
          1.0
        ]
      ]
    },
    {
      "file_path": "/media/NFS/ttao/scannet/posed_images/scene0654_00/00099.jpg",
      "transform_matrix": [
        [
          0.536386,
          0.030306,
          0.843429,
          2.14283
        ],
        [
          -0.843323,
          0.058468,
          0.534217,
          1.556688
        ],
        [
          -0.033123,
          -0.997829,
          0.056919,
          1.548005
        ],
        [
          0.0,
          0.0,
          0.0,
          1.0
        ]
      ]
    },
    {
      "file_path": "/media/NFS/ttao/scannet/posed_images/scene0654_00/00102.jpg",
      "transform_matrix": [
        [
          0.547268,
          0.017136,
          0.836782,
          2.150371
        ],
        [
          -0.835625,
          0.067589,
          0.545126,
          1.548243
        ],
        [
          -0.047215,
          -0.997566,
          0.051309,
          1.5343
        ],
        [
          0.0,
          0.0,
          0.0,
          1.0
        ]
      ]
    },
    {
      "file_path": "/media/NFS/ttao/scannet/posed_images/scene0654_00/00110.jpg",
      "transform_matrix": [
        [
          0.57797,
          -0.061174,
          0.813762,
          2.16553
        ],
        [
          -0.813151,
          0.040918,
          0.580612,
          1.546788
        ],
        [
          -0.068816,
          -0.997288,
          -0.026094,
          1.515422
        ],
        [
          0.0,
          0.0,
          0.0,
          1.0
        ]
      ]
    },
    {
      "file_path": "/media/NFS/ttao/scannet/posed_images/scene0654_00/00115.jpg",
      "transform_matrix": [
        [
          0.57243,
          -0.098586,
          0.814005,
          2.169666
        ],
        [
          -0.817737,
          0.004318,
          0.575576,
          1.535712
        ],
        [
          -0.060258,
          -0.995119,
          -0.078146,
          1.484358
        ],
        [
          0.0,
          0.0,
          0.0,
          1.0
        ]
      ]
    },
    {
      "file_path": "/media/NFS/ttao/scannet/posed_images/scene0654_00/00122.jpg",
      "transform_matrix": [
        [
          0.593497,
          -0.134408,
          0.793534,
          2.168141
        ],
        [
          -0.804569,
          -0.073698,
          0.589268,
          1.524802
        ],
        [
          -0.020721,
          -0.988182,
          -0.151879,
          1.44896
        ],
        [
          0.0,
          0.0,
          0.0,
          1.0
        ]
      ]
    },
    {
      "file_path": "/media/NFS/ttao/scannet/posed_images/scene0654_00/00127.jpg",
      "transform_matrix": [
        [
          0.611768,
          -0.158777,
          0.774939,
          2.16197
        ],
        [
          -0.790864,
          -0.102256,
          0.603388,
          1.512166
        ],
        [
          -0.016562,
          -0.982005,
          -0.188129,
          1.430002
        ],
        [
          0.0,
          0.0,
          0.0,
          1.0
        ]
      ]
    },
    {
      "file_path": "/media/NFS/ttao/scannet/posed_images/scene0654_00/00132.jpg",
      "transform_matrix": [
        [
          0.622388,
          -0.1895,
          0.759423,
          2.154873
        ],
        [
          -0.781961,
          -0.108136,
          0.613876,
          1.504777
        ],
        [
          -0.034208,
          -0.975908,
          -0.215484,
          1.413954
        ],
        [
          0.0,
          0.0,
          0.0,
          1.0
        ]
      ]
    },
    {
      "file_path": "/media/NFS/ttao/scannet/posed_images/scene0654_00/00138.jpg",
      "transform_matrix": [
        [
          0.618388,
          -0.202463,
          0.759345,
          2.156504
        ],
        [
          -0.785194,
          -0.119029,
          0.607703,
          1.49096
        ],
        [
          -0.032653,
          -0.972029,
          -0.232578,
          1.407929
        ],
        [
          0.0,
          0.0,
          0.0,
          1.0
        ]
      ]
    },
    {
      "file_path": "/media/NFS/ttao/scannet/posed_images/scene0654_00/00140.jpg",
      "transform_matrix": [
        [
          0.620849,
          -0.203589,
          0.757032,
          2.161123
        ],
        [
          -0.783204,
          -0.119542,
          0.610165,
          1.480318
        ],
        [
          -0.033726,
          -0.971731,
          -0.233669,
          1.405271
        ],
        [
          0.0,
          0.0,
          0.0,
          1.0
        ]
      ]
    },
    {
      "file_path": "/media/NFS/ttao/scannet/posed_images/scene0654_00/00148.jpg",
      "transform_matrix": [
        [
          0.614991,
          -0.205363,
          0.761323,
          2.17025
        ],
        [
          -0.78768,
          -0.115047,
          0.605248,
          1.456481
        ],
        [
          -0.036708,
          -0.9719,
          -0.232513,
          1.399083
        ],
        [
          0.0,
          0.0,
          0.0,
          1.0
        ]
      ]
    },
    {
      "file_path": "/media/NFS/ttao/scannet/posed_images/scene0654_00/00153.jpg",
      "transform_matrix": [
        [
          0.599893,
          -0.204047,
          0.773623,
          2.171628
        ],
        [
          -0.79938,
          -0.11241,
          0.590217,
          1.453621
        ],
        [
          -0.033469,
          -0.972486,
          -0.230545,
          1.392837
        ],
        [
          0.0,
          0.0,
          0.0,
          1.0
        ]
      ]
    },
    {
      "file_path": "/media/NFS/ttao/scannet/posed_images/scene0654_00/00156.jpg",
      "transform_matrix": [
        [
          0.58939,
          -0.200299,
          0.782623,
          2.175202
        ],
        [
          -0.807299,
          -0.110323,
          0.579738,
          1.447433
        ],
        [
          -0.029779,
          -0.973504,
          -0.226724,
          1.392036
        ],
        [
          0.0,
          0.0,
          0.0,
          1.0
        ]
      ]
    },
    {
      "file_path": "/media/NFS/ttao/scannet/posed_images/scene0654_00/00166.jpg",
      "transform_matrix": [
        [
          0.563705,
          -0.243931,
          0.789135,
          2.175332
        ],
        [
          -0.825741,
          -0.143656,
          0.545448,
          1.456047
        ],
        [
          -0.019688,
          -0.959094,
          -0.282403,
          1.381428
        ],
        [
          0.0,
          0.0,
          0.0,
          1.0
        ]
      ]
    },
    {
      "file_path": "/media/NFS/ttao/scannet/posed_images/scene0654_00/00167.jpg",
      "transform_matrix": [
        [
          0.56359,
          -0.247291,
          0.788171,
          2.174549
        ],
        [
          -0.82582,
          -0.145903,
          0.544733,
          1.455122
        ],
        [
          -0.019711,
          -0.957893,
          -0.286447,
          1.377667
        ],
        [
          0.0,
          0.0,
          0.0,
          1.0
        ]
      ]
    },
    {
      "file_path": "/media/NFS/ttao/scannet/posed_images/scene0654_00/00172.jpg",
      "transform_matrix": [
        [
          0.567167,
          -0.275316,
          0.776223,
          2.174185
        ],
        [
          -0.823181,
          -0.159328,
          0.544966,
          1.462111
        ],
        [
          -0.026364,
          -0.948059,
          -0.317001,
          1.366258
        ],
        [
          0.0,
          0.0,
          0.0,
          1.0
        ]
      ]
    },
    {
      "file_path": "/media/NFS/ttao/scannet/posed_images/scene0654_00/00179.jpg",
      "transform_matrix": [
        [
          0.582439,
          -0.305909,
          0.753116,
          2.168584
        ],
        [
          -0.812438,
          -0.188726,
          0.551659,
          1.4632
        ],
        [
          -0.026625,
          -0.933168,
          -0.358454,
          1.345232
        ],
        [
          0.0,
          0.0,
          0.0,
          1.0
        ]
      ]
    },
    {
      "file_path": "/media/NFS/ttao/scannet/posed_images/scene0654_00/00184.jpg",
      "transform_matrix": [
        [
          0.594627,
          -0.331722,
          0.732379,
          2.164016
        ],
        [
          -0.803095,
          -0.201815,
          0.560632,
          1.457888
        ],
        [
          -0.038168,
          -0.921537,
          -0.386409,
          1.32816
        ],
        [
          0.0,
          0.0,
          0.0,
          1.0
        ]
      ]
    },
    {
      "file_path": "/media/NFS/ttao/scannet/posed_images/scene0654_00/00192.jpg",
      "transform_matrix": [
        [
          0.562591,
          -0.381565,
          0.733416,
          2.138504
        ],
        [
          -0.825564,
          -0.212064,
          0.522947,
          1.462026
        ],
        [
          -0.044008,
          -0.899687,
          -0.434312,
          1.308649
        ],
        [
          0.0,
          0.0,
          0.0,
          1.0
        ]
      ]
    },
    {
      "file_path": "/media/NFS/ttao/scannet/posed_images/scene0654_00/00198.jpg",
      "transform_matrix": [
        [
          0.525635,
          -0.393556,
          0.754202,
          2.118032
        ],
        [
          -0.850105,
          -0.209567,
          0.483118,
          1.447352
        ],
        [
          -0.032078,
          -0.895095,
          -0.44472,
          1.306894
        ],
        [
          0.0,
          0.0,
          0.0,
          1.0
        ]
      ]
    },
    {
      "file_path": "/media/NFS/ttao/scannet/posed_images/scene0654_00/00200.jpg",
      "transform_matrix": [
        [
          0.507008,
          -0.401622,
          0.762655,
          2.106681
        ],
        [
          -0.861436,
          -0.205825,
          0.464288,
          1.456879
        ],
        [
          -0.029495,
          -0.892377,
          -0.450327,
          1.312659
        ],
        [
          0.0,
          0.0,
          0.0,
          1.0
        ]
      ]
    },
    {
      "file_path": "/media/NFS/ttao/scannet/posed_images/scene0654_00/00205.jpg",
      "transform_matrix": [
        [
          0.477252,
          -0.415562,
          0.7743,
          2.069865
        ],
        [
          -0.878537,
          -0.205471,
          0.431225,
          1.437597
        ],
        [
          -0.020104,
          -0.886053,
          -0.463147,
          1.312385
        ],
        [
          0.0,
          0.0,
          0.0,
          1.0
        ]
      ]
    },
    {
      "file_path": "/media/NFS/ttao/scannet/posed_images/scene0654_00/00213.jpg",
      "transform_matrix": [
        [
          0.372389,
          -0.424481,
          0.825313,
          2.001524
        ],
        [
          -0.927827,
          -0.149668,
          0.341666,
          1.412411
        ],
        [
          -0.021508,
          -0.892981,
          -0.44958,
          1.330404
        ],
        [
          0.0,
          0.0,
          0.0,
          1.0
        ]
      ]
    },
    {
      "file_path": "/media/NFS/ttao/scannet/posed_images/scene0654_00/00216.jpg",
      "transform_matrix": [
        [
          0.328423,
          -0.429231,
          0.841367,
          1.987071
        ],
        [
          -0.944091,
          -0.122003,
          0.30628,
          1.397031
        ],
        [
          -0.028815,
          -0.894916,
          -0.445302,
          1.332558
        ],
        [
          0.0,
          0.0,
          0.0,
          1.0
        ]
      ]
    },
    {
      "file_path": "/media/NFS/ttao/scannet/posed_images/scene0654_00/00221.jpg",
      "transform_matrix": [
        [
          0.25154,
          -0.432629,
          0.865771,
          1.966488
        ],
        [
          -0.967564,
          -0.090773,
          0.235755,
          1.406615
        ],
        [
          -0.023406,
          -0.896991,
          -0.441429,
          1.361604
        ],
        [
          0.0,
          0.0,
          0.0,
          1.0
        ]
      ]
    },
    {
      "file_path": "/media/NFS/ttao/scannet/posed_images/scene0654_00/00231.jpg",
      "transform_matrix": [
        [
          0.147779,
          -0.363996,
          0.919602,
          1.940634
        ],
        [
          -0.986694,
          0.009475,
          0.162311,
          1.403126
        ],
        [
          -0.067794,
          -0.931352,
          -0.357752,
          1.398153
        ],
        [
          0.0,
          0.0,
          0.0,
          1.0
        ]
      ]
    },
    {
      "file_path": "/media/NFS/ttao/scannet/posed_images/scene0654_00/00235.jpg",
      "transform_matrix": [
        [
          0.089077,
          -0.354841,
          0.930673,
          1.939151
        ],
        [
          -0.99161,
          0.056284,
          0.116369,
          1.410193
        ],
        [
          -0.093674,
          -0.933231,
          -0.34685,
          1.402623
        ],
        [
          0.0,
          0.0,
          0.0,
          1.0
        ]
      ]
    },
    {
      "file_path": "/media/NFS/ttao/scannet/posed_images/scene0654_00/00237.jpg",
      "transform_matrix": [
        [
          0.044292,
          -0.35471,
          0.933927,
          1.937086
        ],
        [
          -0.995411,
          0.063709,
          0.071404,
          1.420464
        ],
        [
          -0.084827,
          -0.932803,
          -0.350261,
          1.399711
        ],
        [
          0.0,
          0.0,
          0.0,
          1.0
        ]
      ]
    },
    {
      "file_path": "/media/NFS/ttao/scannet/posed_images/scene0654_00/00247.jpg",
      "transform_matrix": [
        [
          -0.104057,
          -0.345239,
          0.932728,
          1.935303
        ],
        [
          -0.994364,
          0.055241,
          -0.090486,
          1.483585
        ],
        [
          -0.020285,
          -0.936888,
          -0.349041,
          1.438024
        ],
        [
          0.0,
          0.0,
          0.0,
          1.0
        ]
      ]
    },
    {
      "file_path": "/media/NFS/ttao/scannet/posed_images/scene0654_00/00248.jpg",
      "transform_matrix": [
        [
          -0.110293,
          -0.340374,
          0.933799,
          1.930426
        ],
        [
          -0.99381,
          0.05036,
          -0.099024,
          1.491553
        ],
        [
          -0.013321,
          -0.938941,
          -0.343821,
          1.433486
        ],
        [
          0.0,
          0.0,
          0.0,
          1.0
        ]
      ]
    },
    {
      "file_path": "/media/NFS/ttao/scannet/posed_images/scene0654_00/00257.jpg",
      "transform_matrix": [
        [
          -0.162201,
          -0.274734,
          0.947741,
          1.959047
        ],
        [
          -0.986745,
          0.04028,
          -0.157199,
          1.58111
        ],
        [
          0.005013,
          -0.960676,
          -0.277626,
          1.476146
        ],
        [
          0.0,
          0.0,
          0.0,
          1.0
        ]
      ]
    },
    {
      "file_path": "/media/NFS/ttao/scannet/posed_images/scene0654_00/00260.jpg",
      "transform_matrix": [
        [
          -0.169589,
          -0.251022,
          0.95301,
          1.970269
        ],
        [
          -0.985502,
          0.048093,
          -0.162703,
          1.606244
        ],
        [
          -0.004991,
          -0.966786,
          -0.255539,
          1.476093
        ],
        [
          0.0,
          0.0,
          0.0,
          1.0
        ]
      ]
    },
    {
      "file_path": "/media/NFS/ttao/scannet/posed_images/scene0654_00/00268.jpg",
      "transform_matrix": [
        [
          -0.181741,
          -0.208728,
          0.960938,
          2.002251
        ],
        [
          -0.98293,
          0.067002,
          -0.171346,
          1.65722
        ],
        [
          -0.02862,
          -0.975676,
          -0.217342,
          1.505525
        ],
        [
          0.0,
          0.0,
          0.0,
          1.0
        ]
      ]
    },
    {
      "file_path": "/media/NFS/ttao/scannet/posed_images/scene0654_00/00273.jpg",
      "transform_matrix": [
        [
          -0.175547,
          -0.190162,
          0.96593,
          2.001735
        ],
        [
          -0.984251,
          0.054648,
          -0.168118,
          1.665628
        ],
        [
          -0.020816,
          -0.980231,
          -0.19676,
          1.510459
        ],
        [
          0.0,
          0.0,
          0.0,
          1.0
        ]
      ]
    },
    {
      "file_path": "/media/NFS/ttao/scannet/posed_images/scene0654_00/00274.jpg",
      "transform_matrix": [
        [
          -0.178553,
          -0.185281,
          0.966328,
          2.000092
        ],
        [
          -0.983787,
          0.050381,
          -0.172119,
          1.668273
        ],
        [
          -0.016795,
          -0.981393,
          -0.191273,
          1.506959
        ],
        [
          0.0,
          0.0,
          0.0,
          1.0
        ]
      ]
    },
    {
      "file_path": "/media/NFS/ttao/scannet/posed_images/scene0654_00/00284.jpg",
      "transform_matrix": [
        [
          -0.225189,
          -0.12986,
          0.965622,
          1.983028
        ],
        [
          -0.974201,
          0.014877,
          -0.22519,
          1.674811
        ],
        [
          0.014878,
          -0.991421,
          -0.12986,
          1.522638
        ],
        [
          0.0,
          0.0,
          0.0,
          1.0
        ]
      ]
    },
    {
      "file_path": "/media/NFS/ttao/scannet/posed_images/scene0654_00/00289.jpg",
      "transform_matrix": [
        [
          -0.265358,
          -0.122948,
          0.956279,
          1.97035
        ],
        [
          -0.963992,
          0.015902,
          -0.265454,
          1.668225
        ],
        [
          0.017431,
          -0.992286,
          -0.12274,
          1.527217
        ],
        [
          0.0,
          0.0,
          0.0,
          1.0
        ]
      ]
    },
    {
      "file_path": "/media/NFS/ttao/scannet/posed_images/scene0654_00/00292.jpg",
      "transform_matrix": [
        [
          -0.294112,
          -0.108588,
          0.949582,
          1.96023
        ],
        [
          -0.955581,
          0.013593,
          -0.294416,
          1.675503
        ],
        [
          0.019062,
          -0.993994,
          -0.107763,
          1.519829
        ],
        [
          0.0,
          0.0,
          0.0,
          1.0
        ]
      ]
    },
    {
      "file_path": "/media/NFS/ttao/scannet/posed_images/scene0654_00/00300.jpg",
      "transform_matrix": [
        [
          -0.335318,
          -0.078196,
          0.938854,
          1.936241
        ],
        [
          -0.941924,
          0.008317,
          -0.335722,
          1.671591
        ],
        [
          0.018444,
          -0.996903,
          -0.076443,
          1.559374
        ],
        [
          0.0,
          0.0,
          0.0,
          1.0
        ]
      ]
    },
    {
      "file_path": "/media/NFS/ttao/scannet/posed_images/scene0654_00/00305.jpg",
      "transform_matrix": [
        [
          -0.345934,
          -0.067487,
          0.935829,
          1.912805
        ],
        [
          -0.937823,
          -0.005543,
          -0.34707,
          1.659245
        ],
        [
          0.02861,
          -0.997705,
          -0.061373,
          1.588222
        ],
        [
          0.0,
          0.0,
          0.0,
          1.0
        ]
      ]
    },
    {
      "file_path": "/media/NFS/ttao/scannet/posed_images/scene0654_00/00307.jpg",
      "transform_matrix": [
        [
          -0.350621,
          -0.062525,
          0.934428,
          1.902282
        ],
        [
          -0.936093,
          -0.006648,
          -0.35169,
          1.656255
        ],
        [
          0.028202,
          -0.998021,
          -0.056198,
          1.590521
        ],
        [
          0.0,
          0.0,
          0.0,
          1.0
        ]
      ]
    },
    {
      "file_path": "/media/NFS/ttao/scannet/posed_images/scene0654_00/00317.jpg",
      "transform_matrix": [
        [
          -0.402803,
          -0.070244,
          0.912587,
          1.832758
        ],
        [
          -0.914889,
          0.001528,
          -0.403701,
          1.608285
        ],
        [
          0.026963,
          -0.997529,
          -0.064882,
          1.578265
        ],
        [
          0.0,
          0.0,
          0.0,
          1.0
        ]
      ]
    },
    {
      "file_path": "/media/NFS/ttao/scannet/posed_images/scene0654_00/00318.jpg",
      "transform_matrix": [
        [
          -0.411988,
          -0.070471,
          0.90846,
          1.829626
        ],
        [
          -0.910761,
          0.001296,
          -0.412931,
          1.607468
        ],
        [
          0.027922,
          -0.997513,
          -0.064716,
          1.579509
        ],
        [
          0.0,
          0.0,
          0.0,
          1.0
        ]
      ]
    },
    {
      "file_path": "/media/NFS/ttao/scannet/posed_images/scene0654_00/00325.jpg",
      "transform_matrix": [
        [
          -0.440682,
          -0.055466,
          0.895948,
          1.779359
        ],
        [
          -0.89749,
          0.007642,
          -0.440968,
          1.57208
        ],
        [
          0.017612,
          -0.998431,
          -0.053148,
          1.576191
        ],
        [
          0.0,
          0.0,
          0.0,
          1.0
        ]
      ]
    },
    {
      "file_path": "/media/NFS/ttao/scannet/posed_images/scene0654_00/00330.jpg",
      "transform_matrix": [
        [
          -0.456357,
          -0.068751,
          0.887137,
          1.767964
        ],
        [
          -0.889711,
          0.02144,
          -0.45602,
          1.581243
        ],
        [
          0.012331,
          -0.997403,
          -0.070953,
          1.558561
        ],
        [
          0.0,
          0.0,
          0.0,
          1.0
        ]
      ]
    },
    {
      "file_path": "/media/NFS/ttao/scannet/posed_images/scene0654_00/00335.jpg",
      "transform_matrix": [
        [
          -0.468044,
          -0.118134,
          0.875773,
          1.7664
        ],
        [
          -0.883702,
          0.060177,
          -0.464165,
          1.578438
        ],
        [
          0.002132,
          -0.991173,
          -0.132561,
          1.513402
        ],
        [
          0.0,
          0.0,
          0.0,
          1.0
        ]
      ]
    },
    {
      "file_path": "/media/NFS/ttao/scannet/posed_images/scene0654_00/00341.jpg",
      "transform_matrix": [
        [
          -0.494509,
          -0.182525,
          0.849791,
          1.781569
        ],
        [
          -0.869129,
          0.113567,
          -0.48137,
          1.574185
        ],
        [
          -0.008646,
          -0.97662,
          -0.214797,
          1.466697
        ],
        [
          0.0,
          0.0,
          0.0,
          1.0
        ]
      ]
    },
    {
      "file_path": "/media/NFS/ttao/scannet/posed_images/scene0654_00/00348.jpg",
      "transform_matrix": [
        [
          -0.502978,
          -0.246614,
          0.828369,
          1.805481
        ],
        [
          -0.864298,
          0.144839,
          -0.481674,
          1.582187
        ],
        [
          -0.001192,
          -0.958229,
          -0.285999,
          1.417885
        ],
        [
          0.0,
          0.0,
          0.0,
          1.0
        ]
      ]
    },
    {
      "file_path": "/media/NFS/ttao/scannet/posed_images/scene0654_00/00354.jpg",
      "transform_matrix": [
        [
          -0.529688,
          -0.287095,
          0.798127,
          1.845104
        ],
        [
          -0.848065,
          0.162969,
          -0.504208,
          1.594945
        ],
        [
          0.014685,
          -0.943937,
          -0.329798,
          1.393827
        ],
        [
          0.0,
          0.0,
          0.0,
          1.0
        ]
      ]
    },
    {
      "file_path": "/media/NFS/ttao/scannet/posed_images/scene0654_00/00359.jpg",
      "transform_matrix": [
        [
          -0.546147,
          -0.299724,
          0.782233,
          1.880695
        ],
        [
          -0.837577,
          0.180125,
          -0.51577,
          1.608762
        ],
        [
          0.013689,
          -0.936867,
          -0.349417,
          1.374916
        ],
        [
          0.0,
          0.0,
          0.0,
          1.0
        ]
      ]
    },
    {
      "file_path": "/media/NFS/ttao/scannet/posed_images/scene0654_00/00362.jpg",
      "transform_matrix": [
        [
          -0.562556,
          -0.304642,
          0.768586,
          1.899424
        ],
        [
          -0.826631,
          0.190877,
          -0.529384,
          1.62073
        ],
        [
          0.014567,
          -0.933145,
          -0.359205,
          1.357021
        ],
        [
          0.0,
          0.0,
          0.0,
          1.0
        ]
      ]
    },
    {
      "file_path": "/media/NFS/ttao/scannet/posed_images/scene0654_00/00367.jpg",
      "transform_matrix": [
        [
          -0.596086,
          -0.322492,
          0.735309,
          1.939158
        ],
        [
          -0.802877,
          0.229925,
          -0.550021,
          1.638921
        ],
        [
          0.008311,
          -0.918223,
          -0.395977,
          1.339182
        ],
        [
          0.0,
          0.0,
          0.0,
          1.0
        ]
      ]
    },
    {
      "file_path": "/media/NFS/ttao/scannet/posed_images/scene0654_00/00374.jpg",
      "transform_matrix": [
        [
          -0.649484,
          -0.337077,
          0.681579,
          1.984035
        ],
        [
          -0.760276,
          0.273407,
          -0.589261,
          1.6637
        ],
        [
          0.012278,
          -0.900904,
          -0.433845,
          1.314396
        ],
        [
          0.0,
          0.0,
          0.0,
          1.0
        ]
      ]
    },
    {
      "file_path": "/media/NFS/ttao/scannet/posed_images/scene0654_00/00380.jpg",
      "transform_matrix": [
        [
          -0.697172,
          -0.324193,
          0.639414,
          2.021694
        ],
        [
          -0.716803,
          0.330169,
          -0.614151,
          1.688331
        ],
        [
          -0.012011,
          -0.886503,
          -0.462567,
          1.302334
        ],
        [
          0.0,
          0.0,
          0.0,
          1.0
        ]
      ]
    },
    {
      "file_path": "/media/NFS/ttao/scannet/posed_images/scene0654_00/00383.jpg",
      "transform_matrix": [
        [
          -0.718542,
          -0.321127,
          0.616908,
          2.040477
        ],
        [
          -0.695424,
          0.343351,
          -0.631265,
          1.705193
        ],
        [
          -0.0091,
          -0.882603,
          -0.470032,
          1.29098
        ],
        [
          0.0,
          0.0,
          0.0,
          1.0
        ]
      ]
    },
    {
      "file_path": "/media/NFS/ttao/scannet/posed_images/scene0654_00/00390.jpg",
      "transform_matrix": [
        [
          -0.719817,
          -0.356765,
          0.595468,
          2.071357
        ],
        [
          -0.694112,
          0.359432,
          -0.623713,
          1.734297
        ],
        [
          0.008489,
          -0.86228,
          -0.50636,
          1.281433
        ],
        [
          0.0,
          0.0,
          0.0,
          1.0
        ]
      ]
    },
    {
      "file_path": "/media/NFS/ttao/scannet/posed_images/scene0654_00/00396.jpg",
      "transform_matrix": [
        [
          -0.694028,
          -0.386741,
          0.607253,
          2.079589
        ],
        [
          -0.71978,
          0.354539,
          -0.59684,
          1.753329
        ],
        [
          0.015528,
          -0.851313,
          -0.524429,
          1.270799
        ],
        [
          0.0,
          0.0,
          0.0,
          1.0
        ]
      ]
    },
    {
      "file_path": "/media/NFS/ttao/scannet/posed_images/scene0654_00/00400.jpg",
      "transform_matrix": [
        [
          -0.707777,
          -0.358047,
          0.608979,
          2.074535
        ],
        [
          -0.706396,
          0.349452,
          -0.615539,
          1.745423
        ],
        [
          0.007583,
          -0.865844,
          -0.500256,
          1.284236
        ],
        [
          0.0,
          0.0,
          0.0,
          1.0
        ]
      ]
    },
    {
      "file_path": "/media/NFS/ttao/scannet/posed_images/scene0654_00/00408.jpg",
      "transform_matrix": [
        [
          -0.761221,
          -0.297321,
          0.576318,
          2.052307
        ],
        [
          -0.64848,
          0.354632,
          -0.67358,
          1.708048
        ],
        [
          -0.004111,
          -0.886474,
          -0.46276,
          1.318296
        ],
        [
          0.0,
          0.0,
          0.0,
          1.0
        ]
      ]
    },
    {
      "file_path": "/media/NFS/ttao/scannet/posed_images/scene0654_00/00414.jpg",
      "transform_matrix": [
        [
          -0.79155,
          -0.261189,
          0.552475,
          2.022158
        ],
        [
          -0.610949,
          0.358609,
          -0.70579,
          1.681446
        ],
        [
          -0.013778,
          -0.896203,
          -0.443431,
          1.334019
        ],
        [
          0.0,
          0.0,
          0.0,
          1.0
        ]
      ]
    },
    {
      "file_path": "/media/NFS/ttao/scannet/posed_images/scene0654_00/00416.jpg",
      "transform_matrix": [
        [
          -0.798233,
          -0.252636,
          0.546808,
          2.011441
        ],
        [
          -0.601999,
          0.365544,
          -0.709912,
          1.673339
        ],
        [
          -0.020533,
