{
  "frames": [
    {
      "file_path": "/media/NFS/ttao/scannet/posed_images/scene0061_00/00000.jpg",
      "transform_matrix": [
        [
          0.133825,
          -0.39571,
          0.908573,
          4.990516
        ],
        [
          -0.990975,
          -0.046263,
          0.125813,
          4.227292
        ],
        [
          -0.007752,
          -0.91721,
          -0.398329,
          1.32289
        ],
        [
          0.0,
          0.0,
          0.0,
          1.0
        ]
      ]
    },
    {
      "file_path": "/media/NFS/ttao/scannet/posed_images/scene0061_00/00008.jpg",
      "transform_matrix": [
        [
          0.230209,
          -0.367371,
          0.901134,
          4.988078
        ],
        [
          -0.973126,
          -0.081712,
          0.215288,
          4.105284
        ],
        [
          -0.005457,
          -0.926478,
          -0.376309,
          1.327561
        ],
        [
          0.0,
          0.0,
          0.0,
          1.0
        ]
      ]
    },
    {
      "file_path": "/media/NFS/ttao/scannet/posed_images/scene0061_00/00015.jpg",
      "transform_matrix": [
        [
          0.222615,
          -0.366504,
          0.903392,
          4.991001
        ],
        [
          -0.974881,
          -0.090415,
          0.203551,
          4.073502
        ],
        [
          0.007078,
          -0.926013,
          -0.377425,
          1.349912
        ],
        [
          0.0,
          0.0,
          0.0,
          1.0
        ]
      ]
    },
    {
      "file_path": "/media/NFS/ttao/scannet/posed_images/scene0061_00/00023.jpg",
      "transform_matrix": [
        [
          0.234054,
          -0.324103,
          0.916611,
          4.991231
        ],
        [
          -0.97191,
          -0.10195,
          0.212126,
          4.04236
        ],
        [
          0.024698,
          -0.940513,
          -0.33886,
          1.355679
        ],
        [
          0.0,
          0.0,
          0.0,
          1.0
        ]
      ]
    },
    {
      "file_path": "/media/NFS/ttao/scannet/posed_images/scene0061_00/00027.jpg",
      "transform_matrix": [
        [
          0.227161,
          -0.330562,
          0.916039,
          4.998777
        ],
        [
          -0.97315,
          -0.112904,
          0.20058,
          4.043725
        ],
        [
          0.037121,
          -0.937007,
          -0.347334,
          1.352749
        ],
        [
          0.0,
          0.0,
          0.0,
          1.0
        ]
      ]
    },
    {
      "file_path": "/media/NFS/ttao/scannet/posed_images/scene0061_00/00031.jpg",
      "transform_matrix": [
        [
          0.252419,
          -0.327538,
          0.910496,
          5.004706
        ],
        [
          -0.967432,
          -0.10388,
          0.230834,
          4.028282
        ],
        [
          0.018975,
          -0.93911,
          -0.343092,
          1.357069
        ],
        [
          0.0,
          0.0,
          0.0,
          1.0
        ]
      ]
    },
    {
      "file_path": "/media/NFS/ttao/scannet/posed_images/scene0061_00/00038.jpg",
      "transform_matrix": [
        [
          0.333371,
          -0.339737,
          0.879456,
          5.019167
        ],
        [
          -0.942785,
          -0.124611,
          0.309239,
          3.966776
        ],
        [
          0.00453,
          -0.932229,
          -0.361841,
          1.339489
        ],
        [
          0.0,
          0.0,
          0.0,
          1.0
        ]
      ]
    },
    {
      "file_path": "/media/NFS/ttao/scannet/posed_images/scene0061_00/00046.jpg",
      "transform_matrix": [
        [
          0.435182,
          -0.316174,
          0.843001,
          5.047779
        ],
        [
          -0.898659,
          -0.209761,
          0.385242,
          3.833631
        ],
        [
          0.055025,
          -0.925221,
          -0.375417,
          1.312868
        ],
        [
          0.0,
          0.0,
          0.0,
          1.0
        ]
      ]
    },
    {
      "file_path": "/media/NFS/ttao/scannet/posed_images/scene0061_00/00054.jpg",
      "transform_matrix": [
        [
          0.477373,
          -0.324049,
          0.816767,
          5.083829
        ],
        [
          -0.875806,
          -0.250861,
          0.412351,
          3.721834
        ],
        [
          0.071273,
          -0.912174,
          -0.403558,
          1.322666
        ],
        [
          0.0,
          0.0,
          0.0,
          1.0
        ]
      ]
    },
    {
      "file_path": "/media/NFS/ttao/scannet/posed_images/scene0061_00/00060.jpg",
      "transform_matrix": [
        [
          0.531264,
          -0.331556,
          0.779634,
          5.122071
        ],
        [
          -0.846685,
          -0.240047,
          0.47487,
          3.668331
        ],
        [
          0.029703,
          -0.912386,
          -0.408252,
          1.321778
        ],
        [
          0.0,
          0.0,
          0.0,
          1.0
        ]
      ]
    },
    {
      "file_path": "/media/NFS/ttao/scannet/posed_images/scene0061_00/00065.jpg",
      "transform_matrix": [
        [
          0.533953,
          -0.349181,
          0.770043,
          5.170265
        ],
        [
          -0.844902,
          -0.254984,
          0.470237,
          3.647448
        ],
        [
          0.03215,
          -0.901696,
          -0.431174,
          1.295687
        ],
        [
          0.0,
          0.0,
          0.0,
          1.0
        ]
      ]
    },
    {
      "file_path": "/media/NFS/ttao/scannet/posed_images/scene0061_00/00069.jpg",
      "transform_matrix": [
        [
          0.5433,
          -0.354624,
          0.760964,
          5.21339
        ],
        [
          -0.838494,
          -0.274393,
          0.470782,
          3.636831
        ],
        [
          0.041853,
          -0.89384,
          -0.446428,
          1.284279
        ],
        [
          0.0,
          0.0,
          0.0,
          1.0
        ]
      ]
    },
    {
      "file_path": "/media/NFS/ttao/scannet/posed_images/scene0061_00/00077.jpg",
      "transform_matrix": [
        [
          0.55055,
          -0.365221,
          0.750672,
          5.255161
        ],
        [
          -0.832424,
          -0.307994,
          0.460662,
          3.613539
        ],
        [
          0.062959,
          -0.878495,
          -0.473585,
          1.271962
        ],
        [
          0.0,
          0.0,
          0.0,
          1.0
        ]
      ]
    },
    {
      "file_path": "/media/NFS/ttao/scannet/posed_images/scene0061_00/00087.jpg",
      "transform_matrix": [
        [
          0.579695,
          -0.377655,
          0.722032,
          5.224276
        ],
        [
          -0.814198,
          -0.303441,
          0.49498,
          3.587318
        ],
        [
          0.032162,
          -0.874814,
          -0.48339,
          1.289198
        ],
        [
          0.0,
          0.0,
          0.0,
          1.0
        ]
      ]
    },
    {
      "file_path": "/media/NFS/ttao/scannet/posed_images/scene0061_00/00090.jpg",
      "transform_matrix": [
        [
          0.578517,
          -0.385294,
          0.718934,
          5.200351
        ],
        [
          -0.814995,
          -0.308896,
          0.490271,
          3.586033
        ],
        [
          0.033177,
          -0.869558,
          -0.492715,
          1.285645
        ],
        [
          0.0,
          0.0,
          0.0,
          1.0
        ]
      ]
    },
    {
      "file_path": "/media/NFS/ttao/scannet/posed_images/scene0061_00/00100.jpg",
      "transform_matrix": [
        [
          0.486011,
          -0.373494,
          0.790124,
          5.125545
        ],
        [
          -0.87096,
          -0.281745,
          0.402552,
          3.629153
        ],
        [
          0.072263,
          -0.883811,
          -0.46223,
          1.292979
        ],
        [
          0.0,
          0.0,
          0.0,
          1.0
        ]
      ]
    },
    {
      "file_path": "/media/NFS/ttao/scannet/posed_images/scene0061_00/00106.jpg",
      "transform_matrix": [
        [
          0.379874,
          -0.369048,
          0.848233,
          5.07482
        ],
        [
          -0.918703,
          -0.257649,
          0.299335,
          3.715535
        ],
        [
          0.108077,
          -0.892984,
          -0.43692,
          1.269972
        ],
        [
          0.0,
          0.0,
          0.0,
          1.0
        ]
      ]
    },
    {
      "file_path": "/media/NFS/ttao/scannet/posed_images/scene0061_00/00108.jpg",
      "transform_matrix": [
        [
          0.327322,
          -0.376571,
          0.866634,
          5.058112
        ],
        [
          -0.938084,
          -0.23957,
          0.25021,
          3.757254
        ],
        [
          0.113398,
          -0.894874,
          -0.431672,
          1.260772
        ],
        [
          0.0,
          0.0,
          0.0,
          1.0
        ]
      ]
    },
    {
      "file_path": "/media/NFS/ttao/scannet/posed_images/scene0061_00/00117.jpg",
      "transform_matrix": [
        [
          0.177115,
          -0.419635,
          0.890245,
          4.990658
        ],
        [
          -0.98112,
          -0.146673,
          0.126058,
          3.902448
        ],
        [
          0.077677,
          -0.895764,
          -0.43769,
          1.273522
        ],
        [
          0.0,
          0.0,
          0.0,
          1.0
        ]
      ]
    },
    {
      "file_path": "/media/NFS/ttao/scannet/posed_images/scene0061_00/00121.jpg",
      "transform_matrix": [
        [
          0.112248,
          -0.414713,
          0.903002,
          4.955391
        ],
        [
          -0.989885,
          -0.126018,
          0.065172,
          3.946312
        ],
        [
          0.086767,
          -0.901184,
          -0.424664,
          1.271075
        ],
        [
          0.0,
          0.0,
          0.0,
          1.0
        ]
      ]
    },
    {
      "file_path": "/media/NFS/ttao/scannet/posed_images/scene0061_00/00131.jpg",
      "transform_matrix": [
        [
          -0.048933,
          -0.410715,
          0.910449,
          4.840361
        ],
        [
          -0.99812,
          -0.013586,
          -0.059774,
          4.059082
        ],
        [
          0.03692,
          -0.911662,
          -0.409278,
          1.252877
        ],
        [
          0.0,
          0.0,
          0.0,
          1.0
        ]
      ]
    },
    {
      "file_path": "/media/NFS/ttao/scannet/posed_images/scene0061_00/00138.jpg",
      "transform_matrix": [
        [
          -0.141959,
          -0.436996,
          0.888191,
          4.796603
        ],
        [
          -0.989404,
          0.035046,
          -0.140893,
          4.16327
        ],
        [
          0.030442,
          -0.898781,
          -0.43734,
          1.269667
        ],
        [
          0.0,
          0.0,
          0.0,
          1.0
        ]
      ]
    },
    {
      "file_path": "/media/NFS/ttao/scannet/posed_images/scene0061_00/00140.jpg",
      "transform_matrix": [
        [
          -0.158708,
          -0.439393,
          0.884164,
          4.792063
        ],
        [
          -0.986775,
          0.040695,
          -0.156903,
          4.179969
        ],
        [
          0.032961,
          -0.897373,
          -0.44004,
          1.282314
        ],
        [
          0.0,
          0.0,
          0.0,
          1.0
        ]
      ]
    },
    {
      "file_path": "/media/NFS/ttao/scannet/posed_images/scene0061_00/00146.jpg",
      "transform_matrix": [
        [
          -0.249581,
          -0.417228,
          0.873859,
          4.773213
        ],
        [
          -0.966252,
          0.047885,
          -0.253106,
          4.296599
        ],
        [
          0.063758,
          -0.907539,
          -0.415099,
          1.277348
        ],
        [
          0.0,
          0.0,
          0.0,
          1.0
        ]
      ]
    },
    {
      "file_path": "/media/NFS/ttao/scannet/posed_images/scene0061_00/00158.jpg",
      "transform_matrix": [
        [
          -0.38168,
          -0.383766,
          0.840859,
          4.790031
        ],
        [
          -0.923818,
          0.129192,
          -0.360374,
          4.594389
        ],
        [
          0.029667,
          -0.914349,
          -0.40384,
          1.278116
        ],
        [
          0.0,
          0.0,
          0.0,
          1.0
        ]
      ]
    },
    {
      "file_path": "/media/NFS/ttao/scannet/posed_images/scene0061_00/00162.jpg",
      "transform_matrix": [
        [
          -0.406017,
          -0.368463,
          0.836292,
          4.808625
        ],
        [
          -0.913339,
          0.13257,
          -0.385015,
          4.65344
        ],
        [
          0.030997,
          -0.920142,
          -0.390357,
          1.269064
        ],
        [
          0.0,
          0.0,
          0.0,
          1.0
        ]
      ]
    },
    {
      "file_path": "/media/NFS/ttao/scannet/posed_images/scene0061_00/00169.jpg",
      "transform_matrix": [
        [
          -0.441574,
          -0.373288,
          0.815885,
          4.869091
        ],
        [
          -0.896135,
          0.138697,
          -0.42155,
          4.738543
        ],
        [
          0.044199,
          -0.917289,
          -0.395762,
          1.252936
        ],
        [
          0.0,
          0.0,
          0.0,
          1.0
        ]
      ]
    },
    {
      "file_path": "/media/NFS/ttao/scannet/posed_images/scene0061_00/00171.jpg",
      "transform_matrix": [
        [
          -0.467002,
          -0.363193,
          0.806226,
          4.90088
        ],
        [
          -0.883519,
          0.154428,
          -0.442206,
          4.77442
        ],
        [
          0.036102,
          -0.918827,
          -0.393006,
          1.25152
        ],
        [
          0.0,
          0.0,
          0.0,
          1.0
        ]
      ]
    },
    {
      "file_path": "/media/NFS/ttao/scannet/posed_images/scene0061_00/00183.jpg",
      "transform_matrix": [
        [
          -0.51338,
          -0.372962,
          0.772878,
          5.047911
        ],
        [
          -0.857819,
          0.197601,
          -0.474447,
          4.902757
        ],
        [
          0.024229,
          -0.906561,
          -0.421378,
          1.234671
        ],
        [
          0.0,
          0.0,
          0.0,
          1.0
        ]
      ]
    },
    {
      "file_path": "/media/NFS/ttao/scannet/posed_images/scene0061_00/00185.jpg",
      "transform_matrix": [
        [
          -0.518123,
          -0.375905,
          0.768274,
          5.072581
        ],
        [
          -0.854904,
          0.200073,
          -0.478653,
          4.920098
        ],
        [
          0.026217,
          -0.904802,
          -0.425025,
          1.236172
        ],
        [
          0.0,
          0.0,
          0.0,
          1.0
        ]
      ]
    },
    {
      "file_path": "/media/NFS/ttao/scannet/posed_images/scene0061_00/00190.jpg",
      "transform_matrix": [
        [
          -0.547669,
          -0.372866,
          0.749019,
          5.141367
        ],
        [
          -0.836252,
          0.214822,
          -0.504513,
          4.978683
        ],
        [
          0.027211,
          -0.902675,
          -0.429462,
          1.24033
        ],
        [
          0.0,
          0.0,
          0.0,
          1.0
        ]
      ]
    },
    {
      "file_path": "/media/NFS/ttao/scannet/posed_images/scene0061_00/00200.jpg",
      "transform_matrix": [
        [
          -0.623388,
          -0.379473,
          0.683658,
          5.257303
        ],
        [
          -0.779136,
          0.227837,
          -0.583985,
          5.136831
        ],
        [
          0.065844,
          -0.896711,
          -0.437691,
          1.230809
        ],
        [
          0.0,
          0.0,
          0.0,
          1.0
        ]
      ]
    },
    {
      "file_path": "/media/NFS/ttao/scannet/posed_images/scene0061_00/00204.jpg",
      "transform_matrix": [
        [
          -0.630465,
          -0.379174,
          0.677304,
          5.284657
        ],
        [
          -0.772775,
          0.224522,
          -0.59364,
          5.178905
        ],
        [
          0.073023,
          -0.897673,
          -0.43457,
          1.231754
        ],
        [
          0.0,
          0.0,
          0.0,
          1.0
        ]
      ]
    },
    {
      "file_path": "/media/NFS/ttao/scannet/posed_images/scene0061_00/00215.jpg",
      "transform_matrix": [
        [
          -0.616189,
          -0.414794,
          0.66952,
          5.310108
        ],
        [
          -0.783563,
          0.236923,
          -0.574365,
          5.219239
        ],
        [
          0.079619,
          -0.878529,
          -0.471007,
          1.214653
        ],
        [
          0.0,
          0.0,
          0.0,
          1.0
        ]
      ]
    },
    {
      "file_path": "/media/NFS/ttao/scannet/posed_images/scene0061_00/00221.jpg",
      "transform_matrix": [
        [
          -0.606402,
          -0.42191,
          0.673994,
          5.308275
        ],
        [
          -0.790666,
          0.229974,
          -0.567414,
          5.222548
        ],
        [
          0.084397,
          -0.876986,
          -0.473047,
          1.215573
        ],
        [
          0.0,
          0.0,
          0.0,
          1.0
        ]
      ]
    },
    {
      "file_path": "/media/NFS/ttao/scannet/posed_images/scene0061_00/00223.jpg",
      "transform_matrix": [
        [
          -0.606974,
          -0.417097,
          0.67647,
          5.307179
        ],
        [
          -0.790794,
          0.23247,
          -0.566217,
          5.220459
        ],
        [
          0.078909,
          -0.878628,
          -0.470941,
          1.222075
        ],
        [
          0.0,
          0.0,
          0.0,
          1.0
        ]
      ]
    },
    {
      "file_path": "/media/NFS/ttao/scannet/posed_images/scene0061_00/00233.jpg",
      "transform_matrix": [
        [
          -0.625432,
          -0.372434,
          0.685659,
          5.295991
        ],
        [
          -0.778957,
          0.2469,
          -0.576425,
          5.193633
        ],
        [
          0.045391,
          -0.894614,
          -0.444529,
          1.253929
        ],
        [
          0.0,
          0.0,
          0.0,
          1.0
        ]
      ]
    },
    {
      "file_path": "/media/NFS/ttao/scannet/posed_images/scene0061_00/00240.jpg",
      "transform_matrix": [
        [
          -0.636059,
          -0.342003,
          0.69171,
          5.292694
        ],
        [
          -0.771535,
          0.267071,
          -0.577414,
          5.163251
        ],
        [
          0.012741,
          -0.900948,
          -0.43374,
          1.28247
        ],
        [
          0.0,
          0.0,
          0.0,
          1.0
        ]
      ]
    },
    {
      "file_path": "/media/NFS/ttao/scannet/posed_images/scene0061_00/00244.jpg",
      "transform_matrix": [
        [
          -0.61106,
          -0.351703,
          0.709162,
          5.288735
        ],
        [
          -0.791552,
          0.263401,
          -0.551421,
          5.132073
        ],
        [
          0.007143,
          -0.89829,
          -0.439345,
          1.300271
        ],
        [
          0.0,
          0.0,
          0.0,
          1.0
        ]
      ]
    },
    {
      "file_path": "/media/NFS/ttao/scannet/posed_images/scene0061_00/00250.jpg",
      "transform_matrix": [
        [
          -0.575761,
          -0.371229,
          0.728483,
          5.289463
        ],
        [
          -0.817591,
          0.254261,
          -0.516619,
          5.077845
        ],
        [
          0.00656,
          -0.893051,
          -0.449907,
          1.320282
        ],
        [
          0.0,
          0.0,
          0.0,
          1.0
        ]
      ]
    },
    {
      "file_path": "/media/NFS/ttao/scannet/posed_images/scene0061_00/00256.jpg",
      "transform_matrix": [
        [
          -0.593657,
          -0.355063,
          0.722151,
          5.302735
        ],
        [
          -0.804716,
          0.259839,
          -0.533775,
          5.016647
        ],
        [
          0.001881,
          -0.898006,
          -0.43998,
          1.338152
        ],
        [
          0.0,
          0.0,
          0.0,
          1.0
        ]
      ]
    },
    {
      "file_path": "/media/NFS/ttao/scannet/posed_images/scene0061_00/00262.jpg",
      "transform_matrix": [
        [
          -0.595768,
          -0.324192,
          0.73482,
          5.313478
        ],
        [
          -0.803156,
          0.240752,
          -0.544957,
          4.948751
        ],
        [
          -0.000239,
          -0.914843,
          -0.403809,
          1.36041
        ],
        [
          0.0,
          0.0,
          0.0,
          1.0
        ]
      ]
    },
    {
      "file_path": "/media/NFS/ttao/scannet/posed_images/scene0061_00/00269.jpg",
      "transform_matrix": [
        [
          -0.604824,
          -0.305667,
          0.735361,
          5.317862
        ],
        [
          -0.796347,
          0.227063,
          -0.560601,
          4.849195
        ],
        [
          0.004384,
          -0.924668,
          -0.38075,
          1.365821
        ],
        [
          0.0,
          0.0,
          0.0,
          1.0
        ]
      ]
    },
    {
      "file_path": "/media/NFS/ttao/scannet/posed_images/scene0061_00/00277.jpg",
      "transform_matrix": [
        [
          -0.677561,
          -0.293565,
          0.674337,
          5.322803
        ],
        [
          -0.735461,
          0.273795,
          -0.619785,
          4.763528
        ],
        [
          -0.002683,
          -0.915891,
          -0.401418,
          1.363057
        ],
        [
          0.0,
          0.0,
          0.0,
          1.0
        ]
      ]
    },
    {
      "file_path": "/media/NFS/ttao/scannet/posed_images/scene0061_00/00283.jpg",
      "transform_matrix": [
        [
          -0.719518,
          -0.27934,
          0.635817,
          5.303888
        ],
        [
          -0.694441,
          0.298288,
          -0.65481,
          4.703207
        ],
        [
          -0.006742,
          -0.912685,
          -0.408609,
          1.351602
        ],
        [
          0.0,
          0.0,
          0.0,
          1.0
        ]
      ]
    },
    {
      "file_path": "/media/NFS/ttao/scannet/posed_images/scene0061_00/00292.jpg",
      "transform_matrix": [
        [
          -0.785505,
          -0.25323,
          0.564674,
          5.31861
        ],
        [
          -0.618784,
          0.33523,
          -0.710442,
          4.671853
        ],
        [
          -0.00939,
          -0.907467,
          -0.420019,
          1.373609
        ],
        [
          0.0,
          0.0,
          0.0,
          1.0
        ]
      ]
    },
    {
      "file_path": "/media/NFS/ttao/scannet/posed_images/scene0061_00/00294.jpg",
      "transform_matrix": [
        [
          -0.797038,
          -0.248671,
          0.550357,
          5.323068
        ],
        [
          -0.603851,
          0.342774,
          -0.719632,
          4.672049
        ],
        [
          -0.009697,
          -0.905908,
          -0.423364,
          1.372428
        ],
        [
          0.0,
          0.0,
          0.0,
          1.0
        ]
      ]
    },
    {
      "file_path": "/media/NFS/ttao/scannet/posed_images/scene0061_00/00300.jpg",
      "transform_matrix": [
        [
          -0.84457,
          -0.253399,
          0.471688,
          5.383285
        ],
        [
          -0.535061,
          0.366081,
          -0.761376,
          4.692871
        ],
        [
          0.020255,
          -0.895418,
          -0.444765,
          1.361974
        ],
        [
          0.0,
          0.0,
          0.0,
          1.0
        ]
      ]
    },
    {
      "file_path": "/media/NFS/ttao/scannet/posed_images/scene0061_00/00308.jpg",
      "transform_matrix": [
        [
          -0.892187,
          -0.235148,
          0.385625,
          5.422679
        ],
        [
          -0.450343,
          0.397874,
          -0.799304,
          4.724081
        ],
        [
          0.034525,
          -0.886793,
          -0.460876,
          1.350562
        ],
        [
          0.0,
          0.0,
          0.0,
          1.0
        ]
      ]
    },
    {
      "file_path": "/media/NFS/ttao/scannet/posed_images/scene0061_00/00317.jpg",
      "transform_matrix": [
        [
          -0.952041,
          -0.211158,
          0.221428,
          5.573504
        ],
        [
          -0.295878,
          0.451015,
          -0.842046,
          4.829957
        ],
        [
          0.077937,
          -0.867178,
          -0.491862,
          1.298357
        ],
        [
          0.0,
          0.0,
          0.0,
          1.0
        ]
      ]
    },
    {
      "file_path": "/media/NFS/ttao/scannet/posed_images/scene0061_00/00321.jpg",
      "transform_matrix": [
        [
          -0.951019,
          -0.211601,
          0.225362,
          5.55021
        ],
        [
          -0.299081,
          0.445412,
          -0.843895,
          4.876039
        ],
        [
          0.07819,
          -0.869962,
          -0.486881,
          1.278463
        ],
        [
          0.0,
          0.0,
          0.0,
          1.0
        ]
      ]
    },
    {
      "file_path": "/media/NFS/ttao/scannet/posed_images/scene0061_00/00325.jpg",
      "transform_matrix": [
        [
          -0.952075,
          -0.203431,
          0.228406,
          5.515452
        ],
        [
          -0.297485,
          0.442272,
          -0.846108,
          4.904019
        ],
        [
          0.071107,
          -0.873506,
          -0.481593,
          1.279779
        ],
        [
          0.0,
          0.0,
          0.0,
          1.0
        ]
      ]
    },
    {
      "file_path": "/media/NFS/ttao/scannet/posed_images/scene0061_00/00333.jpg",
      "transform_matrix": [
        [
          -0.953158,
          -0.191359,
          0.234245,
          5.387818
        ],
        [
          -0.295889,
          0.429201,
          -0.853368,
          4.957203
        ],
        [
          0.062761,
          -0.882705,
          -0.465717,
          1.26515
        ],
        [
          0.0,
          0.0,
          0.0,
          1.0
        ]
      ]
    },
    {
      "file_path": "/media/NFS/ttao/scannet/posed_images/scene0061_00/00340.jpg",
      "transform_matrix": [
        [
          -0.951631,
          -0.187546,
          0.24336,
          5.249152
        ],
        [
          -0.30195,
          0.424518,
          -0.853587,
          5.001784
        ],
        [
          0.056776,
          -0.885783,
          -0.460614,
          1.264448
        ],
        [
          0.0,
          0.0,
          0.0,
          1.0
        ]
      ]
    },
    {
      "file_path": "/media/NFS/ttao/scannet/posed_images/scene0061_00/00344.jpg",
      "transform_matrix": [
        [
          -0.95046,
          -0.174523,
          0.257229,
          5.207846
        ],
        [
          -0.308922,
          0.438395,
          -0.844024,
          5.021962
        ],
        [
          0.034534,
          -0.881676,
          -0.470591,
          1.270366
        ],
        [
          0.0,
          0.0,
          0.0,
          1.0
        ]
      ]
    },
    {
      "file_path": "/media/NFS/ttao/scannet/posed_images/scene0061_00/00354.jpg",
      "transform_matrix": [
        [
          -0.967801,
          -0.173283,
          0.182577,
          5.18394
        ],
        [
          -0.244123,
          0.46933,
          -0.848607,
          5.05022
        ],
        [
          0.06136,
          -0.865854,
          -0.49652,
          1.245708
        ],
        [
          0.0,
          0.0,
          0.0,
          1.0
        ]
      ]
    },
    {
      "file_path": "/media/NFS/ttao/scannet/posed_images/scene0061_00/00360.jpg",
      "transform_matrix": [
        [
          -0.978403,
          -0.155942,
          0.135679,
          5.189426
        ],
        [
          -0.19625,
          0.494699,
          -0.846616,
          5.063902
        ],
        [
          0.064903,
          -0.854959,
          -0.514619,
          1.235233
        ],
        [
          0.0,
          0.0,
          0.0,
          1.0
        ]
      ]
    },
    {
      "file_path": "/media/NFS/ttao/scannet/posed_images/scene0061_00/00363.jpg",
      "transform_matrix": [
        [
          -0.979195,
          -0.149672,
          0.137023,
          5.186844
        ],
        [
          -0.194989,
          0.507063,
          -0.839563,
          5.069859
        ],
        [
          0.05618,
          -0.848814,
          -0.525698,
          1.224075
        ],
        [
          0.0,
          0.0,
          0.0,
          1.0
        ]
      ]
    },
    {
      "file_path": "/media/NFS/ttao/scannet/posed_images/scene0061_00/00371.jpg",
      "transform_matrix": [
        [
          -0.969954,
          -0.164297,
          0.179433,
          5.142924
        ],
        [
          -0.240622,
          0.538952,
          -0.807237,
          5.077026
        ],
        [
          0.035921,
          -0.826158,
          -0.562292,
          1.203616
        ],
        [
          0.0,
          0.0,
          0.0,
          1.0
        ]
      ]
    },
    {
      "file_path": "/media/NFS/ttao/scannet/posed_images/scene0061_00/00379.jpg",
      "transform_matrix": [
        [
          -0.958561,
          -0.197467,
          0.205345,
          5.048255
        ],
        [
          -0.281791,
          0.551251,
          -0.785313,
          5.074087
        ],
        [
          0.041877,
          -0.810635,
          -0.584052,
          1.188906
        ],
        [
          0.0,
          0.0,
          0.0,
          1.0
        ]
      ]
    },
    {
      "file_path": "/media/NFS/ttao/scannet/posed_images/scene0061_00/00388.jpg",
      "transform_matrix": [
        [
          -0.948687,
          -0.219284,
          0.227833,
          4.899953
        ],
        [
          -0.312641,
          0.542376,
          -0.779798,
          5.050728
        ],
        [
          0.047426,
          -0.811014,
          -0.583102,
          1.197939
        ],
        [
          0.0,
          0.0,
          0.0,
          1.0
        ]
      ]
    },
    {
      "file_path": "/media/NFS/ttao/scannet/posed_images/scene0061_00/00394.jpg",
      "transform_matrix": [
        [
          -0.933033,
          -0.215041,
          0.288455,
          4.81186
        ],
        [
          -0.35962,
          0.53273,
          -0.766075,
          5.011496
        ],
        [
          0.011069,
          -0.818508,
          -0.574388,
          1.218484
        ],
        [
          0.0,
          0.0,
          0.0,
          1.0
        ]
      ]
    },
    {
      "file_path": "/media/NFS/ttao/scannet/posed_images/scene0061_00/00400.jpg",
      "transform_matrix": [
        [
          -0.898091,
          -0.263397,
          0.352212,
          4.762526
        ],
        [
          -0.438702,
          0.479751,
          -0.759855,
          4.969098
        ],
        [
          0.031169,
          -0.836936,
          -0.546413,
          1.217442
        ],
        [
          0.0,
          0.0,
          0.0,
          1.0
        ]
      ]
    },
    {
      "file_path": "/media/NFS/ttao/scannet/posed_images/scene0061_00/00404.jpg",
      "transform_matrix": [
        [
          -0.876816,
          -0.312222,
          0.365666,
          4.736439
        ],
        [
          -0.474588,
          0.439866,
          -0.76242,
          4.934809
        ],
        [
          0.0772,
          -0.842042,
          -0.533858,
          1.20265
        ],
        [
          0.0,
          0.0,
          0.0,
          1.0
        ]
      ]
    },
    {
      "file_path": "/media/NFS/ttao/scannet/posed_images/scene0061_00/00413.jpg",
      "transform_matrix": [
        [
          -0.862476,
          -0.331038,
          0.382817,
          4.633896
        ],
        [
          -0.496076,
          0.403188,
          -0.768992,
          4.812017
        ],
        [
          0.100218,
          -0.853144,
          -0.51196,
          1.231449
        ],
        [
          0.0,
          0.0,
          0.0,
          1.0
        ]
      ]
    },
    {
      "file_path": "/media/NFS/ttao/scannet/posed_images/scene0061_00/00417.jpg",
      "transform_matrix": [
        [
          -0.85588,
          -0.326002,
          0.401487,
          4.59718
        ],
        [
          -0.508016,
          0.384505,
          -0.770763,
          4.777202
        ],
        [
          0.096897,
          -0.863643,
          -0.494704,
          1.235036
        ],
        [
          0.0,
          0.0,
          0.0,
          1.0
        ]
      ]
    },
    {
      "file_path": "/media/NFS/ttao/scannet/posed_images/scene0061_00/00425.jpg",
      "transform_matrix": [
        [
          -0.79792,
          -0.343004,
          0.495652,
          4.494923
        ],
        [
          -0.597752,
          0.344477,
          -0.723898,
          4.705753
        ],
        [
          0.077559,
          -0.87389,
          -0.479897,
          1.238088
        ],
        [
          0.0,
          0.0,
          0.0,
          1.0
        ]
      ]
    },
    {
      "file_path": "/media/NFS/ttao/scannet/posed_images/scene0061_00/00433.jpg",
      "transform_matrix": [
        [
          -0.73225,
          -0.400545,
          0.550793,
          4.377793
        ],
        [
          -0.676729,
          0.337134,
          -0.654507,
          4.611889
        ],
        [
          0.076469,
          -0.852,
          -0.517927,
          1.237992
        ],
        [
          0.0,
          0.0,
          0.0,
          1.0
        ]
      ]
    },
    {
      "file_path": "/media/NFS/ttao/scannet/posed_images/scene0061_00/00435.jpg",
      "transform_matrix": [
        [
          -0.724185,
          -0.404233,
          0.558705,
          4.356257
        ],
        [
          -0.685903,
          0.338385,
          -0.64423,
          4.589592
        ],
        [
          0.071362,
          -0.84976,
          -0.522318,
          1.240364
        ],
        [
          0.0,
          0.0,
          0.0,
          1.0
        ]
      ]
    },
    {
      "file_path": "/media/NFS/ttao/scannet/posed_images/scene0061_00/00446.jpg",
      "transform_matrix": [
        [
          -0.75432,
          -0.377014,
          0.537459,
          4.275074
        ],
        [
          -0.655722,
          0.392656,
          -0.644864,
          4.49415
        ],
        [
          0.032086,
          -0.838858,
          -0.543405,
          1.243013
        ],
        [
          0.0,
          0.0,
          0.0,
          1.0
        ]
      ]
    },
    {
      "file_path": "/media/NFS/ttao/scannet/posed_images/scene0061_00/00450.jpg",
      "transform_matrix": [
        [
          -0.759654,
          -0.36127,
          0.540749,
          4.267728
        ],
        [
          -0.650073,
          0.398612,
          -0.646926,
          4.485198
        ],
        [
          0.018165,
          -0.842966,
          -0.537659,
          1.249489
        ],
        [
          0.0,
          0.0,
          0.0,
          1.0
        ]
      ]
    },
    {
      "file_path": "/media/NFS/ttao/scannet/posed_images/scene0061_00/00454.jpg",
      "transform_matrix": [
        [
          -0.769871,
          -0.34868,
          0.534528,
          4.258108
        ],
        [
          -0.638129,
          0.408181,
          -0.652824,
          4.470376
        ],
        [
          0.009443,
          -0.843689,
          -0.536749,
          1.25399
        ],
        [
          0.0,
          0.0,
          0.0,
          1.0
        ]
      ]
    },
    {
      "file_path": "/media/NFS/ttao/scannet/posed_images/scene0061_00/00462.jpg",
      "transform_matrix": [
        [
          -0.802678,
          -0.326547,
          0.499075,
          4.234685
        ],
        [
          -0.596118,
          0.412956,
          -0.688557,
          4.439259
        ],
        [
          0.01875,
          -0.850197,
          -0.526131,
          1.265534
        ],
        [
          0.0,
          0.0,
          0.0,
          1.0
        ]
      ]
    },
    {
      "file_path": "/media/NFS/ttao/scannet/posed_images/scene0061_00/00467.jpg",
      "transform_matrix": [
        [
          -0.830153,
          -0.290445,
          0.475907,
          4.203706
        ],
        [
          -0.557331,
          0.409168,
          -0.722471,
          4.415734
        ],
        [
          0.015112,
          -0.864999,
          -0.501546,
          1.265881
        ],
        [
          0.0,
          0.0,
          0.0,
          1.0
        ]
      ]
    },
    {
      "file_path": "/media/NFS/ttao/scannet/posed_images/scene0061_00/00473.jpg",
      "transform_matrix": [
        [
          -0.848605,
          -0.299354,
          0.436183,
          4.184072
        ],
        [
          -0.528075,
          0.429898,
          -0.732342,
          4.384131
        ],
        [
          0.031715,
          -0.851807,
          -0.522895,
          1.2608
        ],
        [
          0.0,
          0.0,
          0.0,
          1.0
        ]
      ]
    },
    {
      "file_path": "/media/NFS/ttao/scannet/posed_images/scene0061_00/00483.jpg",
      "transform_matrix": [
        [
          -0.893012,
          -0.25302,
          0.372169,
          4.164743
        ],
        [
          -0.449996,
          0.491533,
          -0.745587,
          4.336063
        ],
        [
          0.005715,
          -0.833292,
          -0.552803,
          1.247077
        ],
        [
          0.0,
          0.0,
          0.0,
          1.0
        ]
      ]
    },
    {
      "file_path": "/media/NFS/ttao/scannet/posed_images/scene0061_00/00490.jpg",
      "transform_matrix": [
        [
          -0.876111,
          -0.246399,
          0.414388,
          4.166106
        ],
        [
          -0.48209,
          0.440004,
          -0.757618,
          4.331278
        ],
        [
          0.004344,
          -0.86353,
          -0.504279,
          1.28103
        ],
        [
          0.0,
          0.0,
          0.0,
          1.0
        ]
      ]
    },
    {
      "file_path": "/media/NFS/ttao/scannet/posed_images/scene0061_00/00492.jpg",
      "transform_matrix": [
        [
          -0.868422,
          -0.25544,
          0.424963,
          4.180285
        ],
        [
          -0.495428,
          0.412704,
          -0.764347,
          4.341146
        ],
        [
          0.019861,
          -0.874315,
