{
  "frames": [
    {
      "file_path": "/media/NFS/ttao/scannet/posed_images/scene0317_01/00000.jpg",
      "transform_matrix": [
        [
          -0.54144,
          -0.38642,
          0.746674,
          2.399938
        ],
        [
          -0.837841,
          0.321672,
          -0.441077,
          6.802958
        ],
        [
          -0.069743,
          -0.864411,
          -0.497925,
          1.881848
        ],
        [
          0.0,
          0.0,
          0.0,
          1.0
        ]
      ]
    },
    {
      "file_path": "/media/NFS/ttao/scannet/posed_images/scene0317_01/00004.jpg",
      "transform_matrix": [
        [
          -0.517695,
          -0.396858,
          0.757955,
          2.400049
        ],
        [
          -0.852426,
          0.315079,
          -0.417249,
          6.800574
        ],
        [
          -0.073227,
          -0.862107,
          -0.501406,
          1.879391
        ],
        [
          0.0,
          0.0,
          0.0,
          1.0
        ]
      ]
    },
    {
      "file_path": "/media/NFS/ttao/scannet/posed_images/scene0317_01/00010.jpg",
      "transform_matrix": [
        [
          -0.474319,
          -0.429627,
          0.768402,
          2.430304
        ],
        [
          -0.88019,
          0.248225,
          -0.404537,
          6.851494
        ],
        [
          -0.016937,
          -0.868219,
          -0.495891,
          1.865955
        ],
        [
          0.0,
          0.0,
          0.0,
          1.0
        ]
      ]
    },
    {
      "file_path": "/media/NFS/ttao/scannet/posed_images/scene0317_01/00014.jpg",
      "transform_matrix": [
        [
          -0.448285,
          -0.433833,
          0.781556,
          2.441977
        ],
        [
          -0.893774,
          0.23165,
          -0.384064,
          6.862982
        ],
        [
          -0.014428,
          -0.870705,
          -0.491594,
          1.865374
        ],
        [
          0.0,
          0.0,
          0.0,
          1.0
        ]
      ]
    },
    {
      "file_path": "/media/NFS/ttao/scannet/posed_images/scene0317_01/00019.jpg",
      "transform_matrix": [
        [
          -0.416344,
          -0.438924,
          0.796243,
          2.4704
        ],
        [
          -0.909137,
          0.211855,
          -0.358591,
          6.883079
        ],
        [
          -0.011293,
          -0.873191,
          -0.487247,
          1.86575
        ],
        [
          0.0,
          0.0,
          0.0,
          1.0
        ]
      ]
    },
    {
      "file_path": "/media/NFS/ttao/scannet/posed_images/scene0317_01/00022.jpg",
      "transform_matrix": [
        [
          -0.403785,
          -0.440957,
          0.80157,
          2.490793
        ],
        [
          -0.914854,
          0.194054,
          -0.354098,
          6.914432
        ],
        [
          0.000594,
          -0.876299,
          -0.481768,
          1.859659
        ],
        [
          0.0,
          0.0,
          0.0,
          1.0
        ]
      ]
    },
    {
      "file_path": "/media/NFS/ttao/scannet/posed_images/scene0317_01/00025.jpg",
      "transform_matrix": [
        [
          -0.385622,
          -0.440548,
          0.810687,
          2.51664
        ],
        [
          -0.922655,
          0.185901,
          -0.337859,
          6.9331
        ],
        [
          -0.001865,
          -0.87827,
          -0.478162,
          1.861668
        ],
        [
          0.0,
          0.0,
          0.0,
          1.0
        ]
      ]
    },
    {
      "file_path": "/media/NFS/ttao/scannet/posed_images/scene0317_01/00031.jpg",
      "transform_matrix": [
        [
          -0.341831,
          -0.431607,
          0.834786,
          2.591066
        ],
        [
          -0.939549,
          0.175859,
          -0.293806,
          6.99241
        ],
        [
          -0.019996,
          -0.884754,
          -0.46563,
          1.874336
        ],
        [
          0.0,
          0.0,
          0.0,
          1.0
        ]
      ]
    },
    {
      "file_path": "/media/NFS/ttao/scannet/posed_images/scene0317_01/00036.jpg",
      "transform_matrix": [
        [
          -0.304026,
          -0.413594,
          0.8582,
          2.661242
        ],
        [
          -0.951553,
          0.175327,
          -0.252601,
          7.048228
        ],
        [
          -0.045991,
          -0.893421,
          -0.446861,
          1.887595
        ],
        [
          0.0,
          0.0,
          0.0,
          1.0
        ]
      ]
    },
    {
      "file_path": "/media/NFS/ttao/scannet/posed_images/scene0317_01/00041.jpg",
      "transform_matrix": [
        [
          -0.513996,
          -0.371515,
          0.773165,
          2.978502
        ],
        [
          -0.85768,
          0.237174,
          -0.456217,
          7.579303
        ],
        [
          -0.013884,
          -0.897622,
          -0.440547,
          1.885849
        ],
        [
          0.0,
          0.0,
          0.0,
          1.0
        ]
      ]
    },
    {
      "file_path": "/media/NFS/ttao/scannet/posed_images/scene0317_01/00043.jpg",
      "transform_matrix": [
        [
          -0.513113,
          -0.378183,
          0.770515,
          3.014355
        ],
        [
          -0.858257,
          0.237069,
          -0.455185,
          7.584555
        ],
        [
          -0.010522,
          -0.894861,
          -0.446221,
          1.874281
        ],
        [
          0.0,
          0.0,
          0.0,
          1.0
        ]
      ]
    },
    {
      "file_path": "/media/NFS/ttao/scannet/posed_images/scene0317_01/00047.jpg",
      "transform_matrix": [
        [
          -0.521147,
          -0.386428,
          0.760973,
          3.107308
        ],
        [
          -0.853417,
          0.245646,
          -0.459715,
          7.588623
        ],
        [
          -0.009283,
          -0.889006,
          -0.457802,
          1.859259
        ],
        [
          0.0,
          0.0,
          0.0,
          1.0
        ]
      ]
    },
    {
      "file_path": "/media/NFS/ttao/scannet/posed_images/scene0317_01/00050.jpg",
      "transform_matrix": [
        [
          -0.511869,
          -0.395116,
          0.762806,
          3.180513
        ],
        [
          -0.859029,
          0.243337,
          -0.450395,
          7.587445
        ],
        [
          -0.00766,
          -0.885816,
          -0.463973,
          1.863682
        ],
        [
          0.0,
          0.0,
          0.0,
          1.0
        ]
      ]
    },
    {
      "file_path": "/media/NFS/ttao/scannet/posed_images/scene0317_01/00056.jpg",
      "transform_matrix": [
        [
          -0.462625,
          -0.395574,
          0.79341,
          3.314852
        ],
        [
          -0.886398,
          0.223155,
          -0.405586,
          7.590063
        ],
        [
          -0.016614,
          -0.890911,
          -0.453873,
          1.848785
        ],
        [
          0.0,
          0.0,
          0.0,
          1.0
        ]
      ]
    },
    {
      "file_path": "/media/NFS/ttao/scannet/posed_images/scene0317_01/00062.jpg",
      "transform_matrix": [
        [
          -0.424605,
          -0.429976,
          0.796763,
          3.440301
        ],
        [
          -0.905359,
          0.207421,
          -0.370542,
          7.579158
        ],
        [
          -0.005941,
          -0.87869,
          -0.477355,
          1.843519
        ],
        [
          0.0,
          0.0,
          0.0,
          1.0
        ]
      ]
    },
    {
      "file_path": "/media/NFS/ttao/scannet/posed_images/scene0317_01/00063.jpg",
      "transform_matrix": [
        [
          -0.423185,
          -0.430582,
          0.797191,
          3.463976
        ],
        [
          -0.906039,
          0.203721,
          -0.370932,
          7.581666
        ],
        [
          -0.002688,
          -0.879259,
          -0.476336,
          1.839351
        ],
        [
          0.0,
          0.0,
          0.0,
          1.0
        ]
      ]
    },
    {
      "file_path": "/media/NFS/ttao/scannet/posed_images/scene0317_01/00070.jpg",
      "transform_matrix": [
        [
          -0.461338,
          -0.428079,
          0.77712,
          3.644447
        ],
        [
          -0.887158,
          0.211886,
          -0.409945,
          7.60235
        ],
        [
          0.010828,
          -0.878552,
          -0.477525,
          1.823003
        ],
        [
          0.0,
          0.0,
          0.0,
          1.0
        ]
      ]
    },
    {
      "file_path": "/media/NFS/ttao/scannet/posed_images/scene0317_01/00072.jpg",
      "transform_matrix": [
        [
          -0.483371,
          -0.424754,
          0.765464,
          3.699188
        ],
        [
          -0.875375,
          0.226127,
          -0.4273,
          7.609865
        ],
        [
          0.008406,
          -0.876613,
          -0.481122,
          1.817113
        ],
        [
          0.0,
          0.0,
          0.0,
          1.0
        ]
      ]
    },
    {
      "file_path": "/media/NFS/ttao/scannet/posed_images/scene0317_01/00078.jpg",
      "transform_matrix": [
        [
          -0.52866,
          -0.419636,
          0.73785,
          3.875892
        ],
        [
          -0.848417,
          0.288445,
          -0.443833,
          7.640903
        ],
        [
          -0.026581,
          -0.860642,
          -0.508516,
          1.821721
        ],
        [
          0.0,
          0.0,
          0.0,
          1.0
        ]
      ]
    },
    {
      "file_path": "/media/NFS/ttao/scannet/posed_images/scene0317_01/00084.jpg",
      "transform_matrix": [
        [
          -0.535704,
          -0.409659,
          0.738377,
          4.026285
        ],
        [
          -0.842687,
          0.315119,
          -0.436553,
          7.675637
        ],
        [
          -0.053839,
          -0.856084,
          -0.514025,
          1.818725
        ],
        [
          0.0,
          0.0,
          0.0,
          1.0
        ]
      ]
    },
    {
      "file_path": "/media/NFS/ttao/scannet/posed_images/scene0317_01/00088.jpg",
      "transform_matrix": [
        [
          -0.535472,
          -0.387975,
          0.750163,
          4.123012
        ],
        [
          -0.842009,
          0.314134,
          -0.438566,
          7.685658
        ],
        [
          -0.065499,
          -0.866484,
          -0.494889,
          1.807069
        ],
        [
          0.0,
          0.0,
          0.0,
          1.0
        ]
      ]
    },
    {
      "file_path": "/media/NFS/ttao/scannet/posed_images/scene0317_01/00089.jpg",
      "transform_matrix": [
        [
          -0.536848,
          -0.386452,
          0.749966,
          4.149729
        ],
        [
          -0.841004,
          0.31586,
          -0.439255,
          7.686419
        ],
        [
          -0.067134,
          -0.866538,
          -0.494576,
          1.804216
        ],
        [
          0.0,
          0.0,
          0.0,
          1.0
        ]
      ]
    },
    {
      "file_path": "/media/NFS/ttao/scannet/posed_images/scene0317_01/00096.jpg",
      "transform_matrix": [
        [
          -0.54183,
          -0.373116,
          0.75313,
          4.37155
        ],
        [
          -0.838005,
          0.30865,
          -0.449982,
          7.678896
        ],
        [
          -0.064558,
          -0.87494,
          -0.479909,
          1.779908
        ],
        [
          0.0,
          0.0,
          0.0,
          1.0
        ]
      ]
    },
    {
      "file_path": "/media/NFS/ttao/scannet/posed_images/scene0317_01/00099.jpg",
      "transform_matrix": [
        [
          -0.539713,
          -0.390336,
          0.745887,
          4.467574
        ],
        [
          -0.839161,
          0.320197,
          -0.43964,
          7.658611
        ],
        [
          -0.067224,
          -0.863198,
          -0.500369,
          1.782336
        ],
        [
          0.0,
          0.0,
          0.0,
          1.0
        ]
      ]
    },
    {
      "file_path": "/media/NFS/ttao/scannet/posed_images/scene0317_01/00103.jpg",
      "transform_matrix": [
        [
          -0.544187,
          -0.397595,
          0.738768,
          4.579445
        ],
        [
          -0.836555,
          0.323837,
          -0.441934,
          7.620719
        ],
        [
          -0.06353,
          -0.858515,
          -0.508838,
          1.779765
        ],
        [
          0.0,
          0.0,
          0.0,
          1.0
        ]
      ]
    },
    {
      "file_path": "/media/NFS/ttao/scannet/posed_images/scene0317_01/00107.jpg",
      "transform_matrix": [
        [
          -0.568407,
          -0.382207,
          0.728581,
          4.70033
        ],
        [
          -0.821184,
          0.318124,
          -0.473767,
          7.613929
        ],
        [
          -0.050702,
          -0.867591,
          -0.494686,
          1.77366
        ],
        [
          0.0,
          0.0,
          0.0,
          1.0
        ]
      ]
    },
    {
      "file_path": "/media/NFS/ttao/scannet/posed_images/scene0317_01/00112.jpg",
      "transform_matrix": [
        [
          -0.618275,
          -0.343153,
          0.707094,
          4.856386
        ],
        [
          -0.784195,
          0.329614,
          -0.52573,
          7.604424
        ],
        [
          -0.052662,
          -0.879545,
          -0.472892,
          1.752989
        ],
        [
          0.0,
          0.0,
          0.0,
          1.0
        ]
      ]
    },
    {
      "file_path": "/media/NFS/ttao/scannet/posed_images/scene0317_01/00115.jpg",
      "transform_matrix": [
        [
          -0.651703,
          -0.314362,
          0.690261,
          4.950432
        ],
        [
          -0.755973,
          0.343064,
          -0.557505,
          7.594991
        ],
        [
          -0.061545,
          -0.885146,
          -0.461225,
          1.743991
        ],
        [
          0.0,
          0.0,
          0.0,
          1.0
        ]
      ]
    },
    {
      "file_path": "/media/NFS/ttao/scannet/posed_images/scene0317_01/00121.jpg",
      "transform_matrix": [
        [
          -0.723427,
          -0.305272,
          0.619243,
          5.130932
        ],
        [
          -0.687476,
          0.400993,
          -0.60546,
          7.560124
        ],
        [
          -0.063482,
          -0.863721,
          -0.499957,
          1.736404
        ],
        [
          0.0,
          0.0,
          0.0,
          1.0
        ]
      ]
    },
    {
      "file_path": "/media/NFS/ttao/scannet/posed_images/scene0317_01/00125.jpg",
      "transform_matrix": [
        [
          -0.775702,
          -0.27933,
          0.565917,
          5.240368
        ],
        [
          -0.628778,
          0.418909,
          -0.655097,
          7.515828
        ],
        [
          -0.05408,
          -0.863996,
          -0.500585,
          1.728833
        ],
        [
          0.0,
          0.0,
          0.0,
          1.0
        ]
      ]
    },
    {
      "file_path": "/media/NFS/ttao/scannet/posed_images/scene0317_01/00128.jpg",
      "transform_matrix": [
        [
          -0.820514,
          -0.257815,
          0.510184,
          5.323077
        ],
        [
          -0.569968,
          0.436922,
          -0.69587,
          7.476458
        ],
        [
          -0.043504,
          -0.86176,
          -0.505447,
          1.713912
        ],
        [
          0.0,
          0.0,
          0.0,
          1.0
        ]
      ]
    },
    {
      "file_path": "/media/NFS/ttao/scannet/posed_images/scene0317_01/00136.jpg",
      "transform_matrix": [
        [
          -0.892129,
          -0.208716,
          0.400679,
          5.509758
        ],
        [
          -0.451763,
          0.420028,
          -0.787075,
          7.358449
        ],
        [
          -0.004021,
          -0.883184,
          -0.469009,
          1.662014
        ],
        [
          0.0,
          0.0,
          0.0,
          1.0
        ]
      ]
    },
    {
      "file_path": "/media/NFS/ttao/scannet/posed_images/scene0317_01/00140.jpg",
      "transform_matrix": [
        [
          -0.904049,
          -0.230251,
          0.360111,
          5.57925
        ],
        [
          -0.42611,
          0.419346,
          -0.801611,
          7.275796
        ],
        [
          0.03356,
          -0.878142,
          -0.477221,
          1.644953
        ],
        [
          0.0,
          0.0,
          0.0,
          1.0
        ]
      ]
    },
    {
      "file_path": "/media/NFS/ttao/scannet/posed_images/scene0317_01/00142.jpg",
      "transform_matrix": [
        [
          -0.907539,
          -0.235174,
          0.347947,
          5.615448
        ],
        [
          -0.417795,
          0.421384,
          -0.804912,
          7.233987
        ],
        [
          0.042675,
          -0.875859,
          -0.480676,
          1.644199
        ],
        [
          0.0,
          0.0,
          0.0,
          1.0
        ]
      ]
    },
    {
      "file_path": "/media/NFS/ttao/scannet/posed_images/scene0317_01/00146.jpg",
      "transform_matrix": [
        [
          -0.921383,
          -0.226533,
          0.315809,
          5.6962
        ],
        [
          -0.385325,
          0.426305,
          -0.818406,
          7.155968
        ],
        [
          0.050765,
          -0.875755,
          -0.48008,
          1.639081
        ],
        [
          0.0,
          0.0,
          0.0,
          1.0
        ]
      ]
    },
    {
      "file_path": "/media/NFS/ttao/scannet/posed_images/scene0317_01/00150.jpg",
      "transform_matrix": [
        [
          -0.93995,
          -0.216089,
          0.264195,
          5.773999
        ],
        [
          -0.333685,
          0.41908,
          -0.844409,
          7.069537
        ],
        [
          0.071748,
          -0.88186,
          -0.46602,
          1.610592
        ],
        [
          0.0,
          0.0,
          0.0,
          1.0
        ]
      ]
    },
    {
      "file_path": "/media/NFS/ttao/scannet/posed_images/scene0317_01/00155.jpg",
      "transform_matrix": [
        [
          -0.972984,
          -0.177973,
          0.147064,
          5.868353
        ],
        [
          -0.213876,
          0.45494,
          -0.864457,
          6.939417
        ],
        [
          0.086945,
          -0.872557,
          -0.480713,
          1.592809
        ],
        [
          0.0,
          0.0,
          0.0,
          1.0
        ]
      ]
    },
    {
      "file_path": "/media/NFS/ttao/scannet/posed_images/scene0317_01/00159.jpg",
      "transform_matrix": [
        [
          -0.990296,
          -0.121449,
          0.067561,
          5.93271
        ],
        [
          -0.118181,
          0.480118,
          -0.869207,
          6.838166
        ],
        [
          0.073127,
          -0.868756,
          -0.489812,
          1.591941
        ],
        [
          0.0,
          0.0,
          0.0,
          1.0
        ]
      ]
    },
    {
      "file_path": "/media/NFS/ttao/scannet/posed_images/scene0317_01/00165.jpg",
      "transform_matrix": [
        [
          -0.996991,
          -0.064152,
          -0.043502,
          6.007213
        ],
        [
          0.00505,
          0.50628,
          -0.862354,
          6.691291
        ],
        [
          0.077346,
          -0.859979,
          -0.504433,
          1.580526
        ],
        [
          0.0,
          0.0,
          0.0,
          1.0
        ]
      ]
    },
    {
      "file_path": "/media/NFS/ttao/scannet/posed_images/scene0317_01/00167.jpg",
      "transform_matrix": [
        [
          -0.995885,
          -0.040139,
          -0.081244,
          6.026631
        ],
        [
          0.049399,
          0.511158,
          -0.858066,
          6.635074
        ],
        [
          0.075971,
          -0.858549,
          -0.507072,
          1.574897
        ],
        [
          0.0,
          0.0,
          0.0,
          1.0
        ]
      ]
    },
    {
      "file_path": "/media/NFS/ttao/scannet/posed_images/scene0317_01/00172.jpg",
      "transform_matrix": [
        [
          -0.982579,
          0.028861,
          -0.183587,
          6.050877
        ],
        [
          0.173601,
          0.49513,
          -0.851298,
          6.480633
        ],
        [
          0.06633,
          -0.868339,
          -0.491515,
          1.578304
        ],
        [
          0.0,
          0.0,
          0.0,
          1.0
        ]
      ]
    },
    {
      "file_path": "/media/NFS/ttao/scannet/posed_images/scene0317_01/00177.jpg",
      "transform_matrix": [
        [
          -0.955464,
          0.069751,
          -0.286745,
          6.085763
        ],
        [
          0.285064,
          0.469471,
          -0.835665,
          6.340007
        ],
        [
          0.07633,
          -0.880189,
          -0.468446,
          1.57934
        ],
        [
          0.0,
          0.0,
          0.0,
          1.0
        ]
      ]
    },
    {
      "file_path": "/media/NFS/ttao/scannet/posed_images/scene0317_01/00180.jpg",
      "transform_matrix": [
        [
          -0.942175,
          0.118929,
          -0.313308,
          6.075585
        ],
        [
          0.33052,
          0.484156,
          -0.810154,
          6.260923
        ],
        [
          0.055339,
          -0.866862,
          -0.495468,
          1.606491
        ],
        [
          0.0,
          0.0,
          0.0,
          1.0
        ]
      ]
    },
    {
      "file_path": "/media/NFS/ttao/scannet/posed_images/scene0317_01/00185.jpg",
      "transform_matrix": [
        [
          -0.899862,
          0.158521,
          -0.406348,
          6.095357
        ],
        [
          0.430425,
          0.473494,
          -0.768465,
          6.129824
        ],
        [
          0.070586,
          -0.866414,
          -0.494311,
          1.607419
        ],
        [
          0.0,
          0.0,
          0.0,
          1.0
        ]
      ]
    },
    {
      "file_path": "/media/NFS/ttao/scannet/posed_images/scene0317_01/00189.jpg",
      "transform_matrix": [
        [
          -0.853517,
          0.195553,
          -0.482978,
          6.112988
        ],
        [
          0.516741,
          0.436816,
          -0.736322,
          6.025915
        ],
        [
          0.066982,
          -0.878038,
          -0.47388,
          1.601374
        ],
        [
          0.0,
          0.0,
          0.0,
          1.0
        ]
      ]
    },
    {
      "file_path": "/media/NFS/ttao/scannet/posed_images/scene0317_01/00193.jpg",
      "transform_matrix": [
        [
          -0.806127,
          0.257681,
          -0.532691,
          6.108542
        ],
        [
          0.590407,
          0.410693,
          -0.694803,
          5.939552
        ],
        [
          0.039735,
          -0.874604,
          -0.483207,
          1.622211
        ],
        [
          0.0,
          0.0,
          0.0,
          1.0
        ]
      ]
    },
    {
      "file_path": "/media/NFS/ttao/scannet/posed_images/scene0317_01/00200.jpg",
      "transform_matrix": [
        [
          -0.721302,
          0.322383,
          -0.613019,
          6.127068
        ],
        [
          0.692116,
          0.369253,
          -0.620183,
          5.79085
        ],
        [
          0.026422,
          -0.87162,
          -0.48947,
          1.636146
        ],
        [
          0.0,
          0.0,
          0.0,
          1.0
        ]
      ]
    },
    {
      "file_path": "/media/NFS/ttao/scannet/posed_images/scene0317_01/00204.jpg",
      "transform_matrix": [
        [
          -0.699651,
          0.337176,
          -0.629921,
          6.130761
        ],
        [
          0.714468,
          0.336217,
          -0.613591,
          5.698129
        ],
        [
          0.004902,
          -0.879358,
          -0.476136,
          1.648985
        ],
        [
          0.0,
          0.0,
          0.0,
          1.0
        ]
      ]
    },
    {
      "file_path": "/media/NFS/ttao/scannet/posed_images/scene0317_01/00205.jpg",
      "transform_matrix": [
        [
          -0.697195,
          0.335372,
          -0.633597,
          6.126484
        ],
        [
          0.716872,
          0.330714,
          -0.613778,
          5.680789
        ],
        [
          0.003695,
          -0.88213,
          -0.470991,
          1.648463
        ],
        [
          0.0,
          0.0,
          0.0,
          1.0
        ]
      ]
    },
    {
      "file_path": "/media/NFS/ttao/scannet/posed_images/scene0317_01/00212.jpg",
      "transform_matrix": [
        [
          -0.679716,
          0.306026,
          -0.666584,
          6.065639
        ],
        [
          0.733391,
          0.269777,
          -0.623986,
          5.536938
        ],
        [
          -0.011127,
          -0.913,
          -0.407809,
          1.65743
        ],
        [
          0.0,
          0.0,
          0.0,
          1.0
        ]
      ]
    },
    {
      "file_path": "/media/NFS/ttao/scannet/posed_images/scene0317_01/00214.jpg",
      "transform_matrix": [
        [
          -0.67619,
          0.301717,
          -0.672111,
          6.052947
        ],
        [
          0.736679,
          0.266495,
          -0.621518,
          5.483164
        ],
        [
          -0.008408,
          -0.915395,
          -0.40247,
          1.659291
        ],
        [
          0.0,
          0.0,
          0.0,
          1.0
        ]
      ]
    },
    {
      "file_path": "/media/NFS/ttao/scannet/posed_images/scene0317_01/00218.jpg",
      "transform_matrix": [
        [
          -0.669636,
          0.293246,
          -0.682345,
          6.019763
        ],
        [
          0.742687,
          0.26648,
          -0.614332,
          5.382398
        ],
        [
          0.001681,
          -0.918148,
          -0.396234,
          1.670513
        ],
        [
          0.0,
          0.0,
          0.0,
          1.0
        ]
      ]
    },
    {
      "file_path": "/media/NFS/ttao/scannet/posed_images/scene0317_01/00224.jpg",
      "transform_matrix": [
        [
          -0.637534,
          0.281077,
          -0.717318,
          5.964578
        ],
        [
          0.769846,
          0.268399,
          -0.57905,
          5.227839
        ],
        [
          0.02977,
          -0.921389,
          -0.387499,
          1.664359
        ],
        [
          0.0,
          0.0,
          0.0,
          1.0
        ]
      ]
    },
    {
      "file_path": "/media/NFS/ttao/scannet/posed_images/scene0317_01/00227.jpg",
      "transform_matrix": [
        [
          -0.599402,
          0.279586,
          -0.750033,
          5.934965
        ],
        [
          0.799389,
          0.257278,
          -0.542941,
          5.145328
        ],
        [
          0.041169,
          -0.925008,
          -0.377711,
          1.650313
        ],
        [
          0.0,
          0.0,
          0.0,
          1.0
        ]
      ]
    },
    {
      "file_path": "/media/NFS/ttao/scannet/posed_images/scene0317_01/00231.jpg",
      "transform_matrix": [
        [
          -0.523649,
          0.306859,
          -0.794751,
          5.873584
        ],
        [
          0.851497,
          0.218401,
          -0.476712,
          5.045272
        ],
        [
          0.027291,
          -0.926358,
          -0.375655,
          1.651873
        ],
        [
          0.0,
          0.0,
          0.0,
          1.0
        ]
      ]
    },
    {
      "file_path": "/media/NFS/ttao/scannet/posed_images/scene0317_01/00239.jpg",
      "transform_matrix": [
        [
          -0.318927,
          0.384456,
          -0.866302,
          5.745145
        ],
        [
          0.947566,
          0.148709,
          -0.282849,
          4.861177
        ],
        [
          0.020084,
          -0.911087,
          -0.411725,
          1.658717
        ],
        [
          0.0,
          0.0,
          0.0,
          1.0
        ]
      ]
    },
    {
      "file_path": "/media/NFS/ttao/scannet/posed_images/scene0317_01/00242.jpg",
      "transform_matrix": [
        [
          -0.265722,
          0.40396,
          -0.875333,
          5.665875
        ],
        [
          0.964044,
          0.114394,
          -0.23986,
          4.843946
        ],
        [
          0.003239,
          -0.907596,
          -0.419832,
          1.684421
        ],
        [
          0.0,
          0.0,
          0.0,
          1.0
        ]
      ]
    },
    {
      "file_path": "/media/NFS/ttao/scannet/posed_images/scene0317_01/00247.jpg",
      "transform_matrix": [
        [
          -0.16248,
          0.402098,
          -0.901064,
          5.546899
        ],
        [
          0.986707,
          0.069101,
          -0.147087,
          4.736137
        ],
        [
          0.003121,
          -0.912985,
          -0.407981,
          1.674012
        ],
        [
          0.0,
          0.0,
          0.0,
          1.0
        ]
      ]
    },
    {
      "file_path": "/media/NFS/ttao/scannet/posed_images/scene0317_01/00251.jpg",
      "transform_matrix": [
        [
          -0.113856,
          0.400244,
          -0.909308,
          5.461191
        ],
        [
          0.993476,
          0.039816,
          -0.106869,
          4.671853
        ],
        [
          -0.006568,
          -0.915543,
          -0.402166,
          1.678563
        ],
        [
          0.0,
          0.0,
          0.0,
          1.0
        ]
      ]
    },
    {
      "file_path": "/media/NFS/ttao/scannet/posed_images/scene0317_01/00255.jpg",
      "transform_matrix": [
        [
          -0.071779,
          0.410209,
          -0.909162,
          5.374218
        ],
        [
          0.99741,
          0.025341,
          -0.067313,
          4.609576
        ],
        [
          -0.004573,
          -0.91164,
          -0.410965,
          1.689273
        ],
        [
          0.0,
          0.0,
          0.0,
          1.0
        ]
      ]
    },
    {
      "file_path": "/media/NFS/ttao/scannet/posed_images/scene0317_01/00257.jpg",
      "transform_matrix": [
        [
          -0.046868,
          0.418212,
          -0.907139,
          5.327909
        ],
        [
          0.998895,
          0.022832,
          -0.041083,
          4.578386
        ],
        [
          0.003531,
          -0.908063,
          -0.41882,
          1.69463
        ],
        [
          0.0,
          0.0,
          0.0,
          1.0
        ]
      ]
    },
    {
      "file_path": "/media/NFS/ttao/scannet/posed_images/scene0317_01/00264.jpg",
      "transform_matrix": [
        [
          0.088264,
          0.385508,
          -0.918473,
          5.169705
        ],
        [
          0.996093,
          -0.036846,
          0.080257,
          4.461689
        ],
        [
          -0.002902,
          -0.921968,
          -0.387254,
          1.684575
        ],
        [
          0.0,
          0.0,
          0.0,
          1.0
        ]
      ]
    },
    {
      "file_path": "/media/NFS/ttao/scannet/posed_images/scene0317_01/00266.jpg",
      "transform_matrix": [
        [
          0.120331,
          0.389142,
          -0.913284,
          5.117831
        ],
        [
          0.992665,
          -0.057953,
          0.106097,
          4.427565
        ],
        [
          -0.011641,
          -0.919353,
          -0.393261,
          1.686147
        ],
        [
          0.0,
          0.0,
          0.0,
          1.0
        ]
      ]
    },
    {
      "file_path": "/media/NFS/ttao/scannet/posed_images/scene0317_01/00274.jpg",
      "transform_matrix": [
        [
          0.265495,
          0.391409,
          -0.881085,
          4.933658
        ],
        [
          0.963124,
          -0.149039,
          0.224007,
          4.305017
        ],
        [
          -0.043638,
          -0.908067,
          -0.416544,
          1.675758
        ],
        [
          0.0,
          0.0,
          0.0,
          1.0
        ]
      ]
    },
    {
      "file_path": "/media/NFS/ttao/scannet/posed_images/scene0317_01/00275.jpg",
      "transform_matrix": [
        [
          0.279484,
          0.395093,
          -0.875094,
          4.906765
        ],
        [
          0.958893,
          -0.161486,
          0.233338,
          4.293786
        ],
        [
          -0.049125,
          -0.904336,
          -0.423984,
          1.682177
        ],
        [
          0.0,
          0.0,
          0.0,
          1.0
        ]
      ]
    },
    {
      "file_path": "/media/NFS/ttao/scannet/posed_images/scene0317_01/00279.jpg",
      "transform_matrix": [
        [
          0.330323,
          0.370457,
          -0.868129,
          4.808725
        ],
        [
          0.94229,
          -0.18259,
          0.280624,
          4.247394
        ],
        [
          -0.054552,
          -0.910726,
          -0.409392,
          1.691704
        ],
        [
          0.0,
          0.0,
          0.0,
          1.0
        ]
      ]
    },
    {
      "file_path": "/media/NFS/ttao/scannet/posed_images/scene0317_01/00287.jpg",
      "transform_matrix": [
        [
          0.433916,
          0.314556,
          -0.844257,
          4.606845
        ],
        [
          0.899309,
          -0.207804,
          0.384786,
          4.195617
        ],
        [
          -0.054403,
          -0.926214,
          -0.373053,
          1.692864
        ],
        [
          0.0,
          0.0,
          0.0,
          1.0
        ]
      ]
    },
    {
      "file_path": "/media/NFS/ttao/scannet/posed_images/scene0317_01/00289.jpg",
      "transform_matrix": [
        [
          0.461793,
          0.314614,
          -0.829316,
          4.559126
        ],
        [
          0.885036,
          -0.225427,
          0.407301,
          4.190755
        ],
        [
          -0.058807,
          -0.922063,
          -0.382545,
          1.705939
        ],
        [
          0.0,
          0.0,
          0.0,
          1.0
        ]
      ]
    },
    {
      "file_path": "/media/NFS/ttao/scannet/posed_images/scene0317_01/00295.jpg",
      "transform_matrix": [
        [
          0.56092,
          0.308358,
          -0.768299,
          4.424482
        ],
        [
          0.827002,
          -0.251175,
          0.502969,
          4.196421
        ],
        [
          -0.037882,
          -0.917511,
          -0.395902,
          1.71398
        ],
        [
          0.0,
          0.0,
          0.0,
          1.0
        ]
      ]
    },
    {
      "file_path": "/media/NFS/ttao/scannet/posed_images/scene0317_01/00300.jpg",
      "transform_matrix": [
        [
          0.659025,
          0.272983,
          -0.700832,
          4.307125
        ],
        [
          0.751315,
          -0.282055,
          0.596633,
          4.209637
        ],
        [
          -0.034803,
          -0.919742,
          -0.390978,
          1.708186
        ],
        [
          0.0,
          0.0,
          0.0,
          1.0
        ]
      ]
    },
    {
      "file_path": "/media/NFS/ttao/scannet/posed_images/scene0317_01/00301.jpg",
      "transform_matrix": [
        [
          0.680722,
          0.266847,
          -0.682209,
          4.276902
        ],
        [
          0.731686,
          -0.29266,
          0.615618,
          4.209314
        ],
        [
          -0.035379,
          -0.918228,
          -0.394469,
          1.709663
        ],
        [
          0.0,
          0.0,
          0.0,
          1.0
        ]
      ]
    },
    {
      "file_path": "/media/NFS/ttao/scannet/posed_images/scene0317_01/00307.jpg",
      "transform_matrix": [
        [
          0.78971,
          0.22242,
          -0.57174,
          4.113822
        ],
        [
          0.61064,
          -0.374558,
          0.697728,
          4.212434
        ],
        [
          -0.058961,
          -0.900131,
          -0.431611,
          1.727627
        ],
        [
          0.0,
          0.0,
          0.0,
          1.0
        ]
      ]
    },
    {
      "file_path": "/media/NFS/ttao/scannet/posed_images/scene0317_01/00310.jpg",
      "transform_matrix": [
        [
          0.822443,
          0.199242,
          -0.532813,
          4.057903
        ],
        [
          0.5647,
          -0.398858,
          0.722513,
          4.220125
        ],
        [
          -0.068562,
          -0.895106,
          -0.44055,
          1.732069
        ],
        [
          0.0,
          0.0,
          0.0,
          1.0
        ]
      ]
    },
    {
      "file_path": "/media/NFS/ttao/scannet/posed_images/scene0317_01/00317.jpg",
      "transform_matrix": [
        [
          0.880321,
          0.161096,
          -0.446187,
          3.881871
        ],
        [
          0.46922,
          -0.434034,
          0.769056,
          4.249183
        ],
        [
          -0.069768,
          -0.886376,
          -0.457679,
          1.740596
        ],
        [
          0.0,
          0.0,
          0.0,
          1.0
        ]
      ]
    },
    {
      "file_path": "/media/NFS/ttao/scannet/posed_images/scene0317_01/00320.jpg",
      "transform_matrix": [
        [
          0.895606,
          0.137433,
          -0.423087,
          3.810747
        ],
        [
          0.438082,
          -0.437739,
          0.785156,
          4.272592
        ],
        [
          -0.077295,
          -0.888536,
          -0.452248,
          1.733902
        ],
        [
          0.0,
          0.0,
          0.0,
          1.0
        ]
      ]
    },
    {
      "file_path": "/media/NFS/ttao/scannet/posed_images/scene0317_01/00322.jpg",
      "transform_matrix": [
        [
          0.899999,
          0.12823,
          -0.416605,
          3.765417
        ],
        [
          0.428086,
          -0.440097,
          0.78934,
          4.289863
        ],
        [
          -0.082129,
          -0.888748,
          -0.45098,
          1.732635
        ],
        [
          0.0,
          0.0,
          0.0,
          1.0
        ]
      ]
    },
    {
      "file_path": "/media/NFS/ttao/scannet/posed_images/scene0317_01/00328.jpg",
      "transform_matrix": [
        [
          0.915292,
          0.117377,
          -0.385308,
          3.612101
        ],
        [
          0.393798,
          -0.461773,
          0.794789,
          4.340157
        ],
        [
          -0.084635,
          -0.879198,
          -0.46888,
          1.748646
        ],
        [
          0.0,
          0.0,
          0.0,
          1.0
        ]
      ]
    },
    {
      "file_path": "/media/NFS/ttao/scannet/posed_images/scene0317_01/00331.jpg",
      "transform_matrix": [
        [
          0.927446,
          0.11692,
          -0.355209,
          3.532814
        ],
        [
          0.366382,
          -0.474318,
          0.800492,
          4.359899
        ],
        [
          -0.074888,
