{
  "frames": [
    {
      "file_path": "/media/NFS/ttao/scannet/posed_images/scene0243_00/00000.jpg",
      "transform_matrix": [
        [
          0.904593,
          -0.198127,
          0.377436,
          1.098968
        ],
        [
          -0.417624,
          -0.234403,
          0.877865,
          0.720692
        ],
        [
          -0.085456,
          -0.951736,
          -0.294781,
          1.491315
        ],
        [
          0.0,
          0.0,
          0.0,
          1.0
        ]
      ]
    },
    {
      "file_path": "/media/NFS/ttao/scannet/posed_images/scene0243_00/00009.jpg",
      "transform_matrix": [
        [
          0.90396,
          -0.187337,
          0.384397,
          1.0938
        ],
        [
          -0.422534,
          -0.253123,
          0.870284,
          0.732252
        ],
        [
          -0.065737,
          -0.949122,
          -0.30797,
          1.486639
        ],
        [
          0.0,
          0.0,
          0.0,
          1.0
        ]
      ]
    },
    {
      "file_path": "/media/NFS/ttao/scannet/posed_images/scene0243_00/00012.jpg",
      "transform_matrix": [
        [
          0.906713,
          -0.183514,
          0.37973,
          1.096195
        ],
        [
          -0.416794,
          -0.252288,
          0.873289,
          0.730252
        ],
        [
          -0.064459,
          -0.950091,
          -0.305241,
          1.475472
        ],
        [
          0.0,
          0.0,
          0.0,
          1.0
        ]
      ]
    },
    {
      "file_path": "/media/NFS/ttao/scannet/posed_images/scene0243_00/00016.jpg",
      "transform_matrix": [
        [
          0.906562,
          -0.180833,
          0.381372,
          1.093537
        ],
        [
          -0.418307,
          -0.264514,
          0.868938,
          0.741017
        ],
        [
          -0.056254,
          -0.947276,
          -0.315442,
          1.470091
        ],
        [
          0.0,
          0.0,
          0.0,
          1.0
        ]
      ]
    },
    {
      "file_path": "/media/NFS/ttao/scannet/posed_images/scene0243_00/00026.jpg",
      "transform_matrix": [
        [
          0.862458,
          -0.203211,
          0.463543,
          1.086094
        ],
        [
          -0.502174,
          -0.229291,
          0.833815,
          0.803505
        ],
        [
          -0.063154,
          -0.951909,
          -0.299801,
          1.482531
        ],
        [
          0.0,
          0.0,
          0.0,
          1.0
        ]
      ]
    },
    {
      "file_path": "/media/NFS/ttao/scannet/posed_images/scene0243_00/00031.jpg",
      "transform_matrix": [
        [
          0.825432,
          -0.222048,
          0.518996,
          1.060062
        ],
        [
          -0.560244,
          -0.209531,
          0.801389,
          0.867663
        ],
        [
          -0.069201,
          -0.952256,
          -0.297355,
          1.492854
        ],
        [
          0.0,
          0.0,
          0.0,
          1.0
        ]
      ]
    },
    {
      "file_path": "/media/NFS/ttao/scannet/posed_images/scene0243_00/00033.jpg",
      "transform_matrix": [
        [
          0.812783,
          -0.223249,
          0.538093,
          1.049012
        ],
        [
          -0.579149,
          -0.209742,
          0.787779,
          0.888303
        ],
        [
          -0.06301,
          -0.951929,
          -0.299769,
          1.493643
        ],
        [
          0.0,
          0.0,
          0.0,
          1.0
        ]
      ]
    },
    {
      "file_path": "/media/NFS/ttao/scannet/posed_images/scene0243_00/00040.jpg",
      "transform_matrix": [
        [
          0.758673,
          -0.254524,
          0.599694,
          1.011466
        ],
        [
          -0.648873,
          -0.213089,
          0.73045,
          0.954001
        ],
        [
          -0.058128,
          -0.943298,
          -0.326819,
          1.494074
        ],
        [
          0.0,
          0.0,
          0.0,
          1.0
        ]
      ]
    },
    {
      "file_path": "/media/NFS/ttao/scannet/posed_images/scene0243_00/00045.jpg",
      "transform_matrix": [
        [
          0.720395,
          -0.256804,
          0.644269,
          0.986533
        ],
        [
          -0.691184,
          -0.188938,
          0.697544,
          0.988512
        ],
        [
          -0.057405,
          -0.947815,
          -0.313609,
          1.502289
        ],
        [
          0.0,
          0.0,
          0.0,
          1.0
        ]
      ]
    },
    {
      "file_path": "/media/NFS/ttao/scannet/posed_images/scene0243_00/00055.jpg",
      "transform_matrix": [
        [
          0.648875,
          -0.234632,
          0.723815,
          0.967491
        ],
        [
          -0.758731,
          -0.127829,
          0.638738,
          1.010805
        ],
        [
          -0.057344,
          -0.963643,
          -0.260968,
          1.519434
        ],
        [
          0.0,
          0.0,
          0.0,
          1.0
        ]
      ]
    },
    {
      "file_path": "/media/NFS/ttao/scannet/posed_images/scene0243_00/00057.jpg",
      "transform_matrix": [
        [
          0.641056,
          -0.226368,
          0.733352,
          0.963069
        ],
        [
          -0.765922,
          -0.12756,
          0.630153,
          1.008307
        ],
        [
          -0.0491,
          -0.965653,
          -0.255153,
          1.520412
        ],
        [
          0.0,
          0.0,
          0.0,
          1.0
        ]
      ]
    },
    {
      "file_path": "/media/NFS/ttao/scannet/posed_images/scene0243_00/00064.jpg",
      "transform_matrix": [
        [
          0.582366,
          -0.226474,
          0.780743,
          0.962726
        ],
        [
          -0.812516,
          -0.131628,
          0.567884,
          0.963625
        ],
        [
          -0.025843,
          -0.965082,
          -0.260669,
          1.513626
        ],
        [
          0.0,
          0.0,
          0.0,
          1.0
        ]
      ]
    },
    {
      "file_path": "/media/NFS/ttao/scannet/posed_images/scene0243_00/00072.jpg",
      "transform_matrix": [
        [
          0.490257,
          -0.253977,
          0.833753,
          0.937509
        ],
        [
          -0.871427,
          -0.125044,
          0.474319,
          0.885436
        ],
        [
          -0.01621,
          -0.959093,
          -0.282626,
          1.501815
        ],
        [
          0.0,
          0.0,
          0.0,
          1.0
        ]
      ]
    },
    {
      "file_path": "/media/NFS/ttao/scannet/posed_images/scene0243_00/00078.jpg",
      "transform_matrix": [
        [
          0.422792,
          -0.267706,
          0.865783,
          0.926228
        ],
        [
          -0.905957,
          -0.101559,
          0.411008,
          0.831945
        ],
        [
          -0.022102,
          -0.958133,
          -0.285468,
          1.495431
        ],
        [
          0.0,
          0.0,
          0.0,
          1.0
        ]
      ]
    },
    {
      "file_path": "/media/NFS/ttao/scannet/posed_images/scene0243_00/00081.jpg",
      "transform_matrix": [
        [
          0.399993,
          -0.264369,
          0.877562,
          0.903708
        ],
        [
          -0.916405,
          -0.100288,
          0.387485,
          0.82657
        ],
        [
          -0.01443,
          -0.959193,
          -0.282384,
          1.494647
        ],
        [
          0.0,
          0.0,
          0.0,
          1.0
        ]
      ]
    },
    {
      "file_path": "/media/NFS/ttao/scannet/posed_images/scene0243_00/00085.jpg",
      "transform_matrix": [
        [
          0.370536,
          -0.26721,
          0.889551,
          0.897704
        ],
        [
          -0.928445,
          -0.079417,
          0.362881,
          0.797669
        ],
        [
          -0.02632,
          -0.96036,
          -0.277517,
          1.499405
        ],
        [
          0.0,
          0.0,
          0.0,
          1.0
        ]
      ]
    },
    {
      "file_path": "/media/NFS/ttao/scannet/posed_images/scene0243_00/00095.jpg",
      "transform_matrix": [
        [
          0.247523,
          -0.255971,
          0.934458,
          0.839963
        ],
        [
          -0.968412,
          -0.035337,
          0.246838,
          0.770334
        ],
        [
          -0.030163,
          -0.966038,
          -0.256632,
          1.507622
        ],
        [
          0.0,
          0.0,
          0.0,
          1.0
        ]
      ]
    },
    {
      "file_path": "/media/NFS/ttao/scannet/posed_images/scene0243_00/00097.jpg",
      "transform_matrix": [
        [
          0.228052,
          -0.254941,
          0.939679,
          0.828179
        ],
        [
          -0.973132,
          -0.028234,
          0.228511,
          0.770561
        ],
        [
          -0.031726,
          -0.966544,
          -0.25453,
          1.505988
        ],
        [
          0.0,
          0.0,
          0.0,
          1.0
        ]
      ]
    },
    {
      "file_path": "/media/NFS/ttao/scannet/posed_images/scene0243_00/00102.jpg",
      "transform_matrix": [
        [
          0.169318,
          -0.268941,
          0.948157,
          0.787916
        ],
        [
          -0.985404,
          -0.029002,
          0.167743,
          0.783774
        ],
        [
          -0.017614,
          -0.96272,
          -0.269926,
          1.49836
        ],
        [
          0.0,
          0.0,
          0.0,
          1.0
        ]
      ]
    },
    {
      "file_path": "/media/NFS/ttao/scannet/posed_images/scene0243_00/00109.jpg",
      "transform_matrix": [
        [
          0.111943,
          -0.323671,
          0.939524,
          0.738618
        ],
        [
          -0.993715,
          -0.035746,
          0.106085,
          0.807665
        ],
        [
          -0.000752,
          -0.945494,
          -0.325638,
          1.48189
        ],
        [
          0.0,
          0.0,
          0.0,
          1.0
        ]
      ]
    },
    {
      "file_path": "/media/NFS/ttao/scannet/posed_images/scene0243_00/00116.jpg",
      "transform_matrix": [
        [
          0.138809,
          -0.410922,
          0.901041,
          0.693719
        ],
        [
          -0.990301,
          -0.063201,
          0.123737,
          0.823416
        ],
        [
          0.006101,
          -0.909477,
          -0.41571,
          1.465158
        ],
        [
          0.0,
          0.0,
          0.0,
          1.0
        ]
      ]
    },
    {
      "file_path": "/media/NFS/ttao/scannet/posed_images/scene0243_00/00119.jpg",
      "transform_matrix": [
        [
          0.125908,
          -0.426625,
          0.895622,
          0.677287
        ],
        [
          -0.99198,
          -0.06425,
          0.10885,
          0.825198
        ],
        [
          0.011106,
          -0.902144,
          -0.431293,
          1.463123
        ],
        [
          0.0,
          0.0,
          0.0,
          1.0
        ]
      ]
    },
    {
      "file_path": "/media/NFS/ttao/scannet/posed_images/scene0243_00/00129.jpg",
      "transform_matrix": [
        [
          0.12976,
          -0.526806,
          0.840022,
          0.654267
        ],
        [
          -0.991438,
          -0.081408,
          0.102096,
          0.817817
        ],
        [
          0.014599,
          -0.846078,
          -0.532859,
          1.440093
        ],
        [
          0.0,
          0.0,
          0.0,
          1.0
        ]
      ]
    },
    {
      "file_path": "/media/NFS/ttao/scannet/posed_images/scene0243_00/00133.jpg",
      "transform_matrix": [
        [
          0.125489,
          -0.554394,
          0.822739,
          0.656111
        ],
        [
          -0.992065,
          -0.076627,
          0.099682,
          0.805586
        ],
        [
          0.007781,
          -0.82872,
          -0.55961,
          1.436911
        ],
        [
          0.0,
          0.0,
          0.0,
          1.0
        ]
      ]
    },
    {
      "file_path": "/media/NFS/ttao/scannet/posed_images/scene0243_00/00136.jpg",
      "transform_matrix": [
        [
          0.152281,
          -0.570768,
          0.806867,
          0.647419
        ],
        [
          -0.988292,
          -0.080099,
          0.129861,
          0.783121
        ],
        [
          -0.009491,
          -0.817196,
          -0.576282,
          1.425471
        ],
        [
          0.0,
          0.0,
          0.0,
          1.0
        ]
      ]
    },
    {
      "file_path": "/media/NFS/ttao/scannet/posed_images/scene0243_00/00143.jpg",
      "transform_matrix": [
        [
          0.161619,
          -0.630547,
          0.759138,
          0.631881
        ],
        [
          -0.986047,
          -0.072091,
          0.150048,
          0.732668
        ],
        [
          -0.039885,
          -0.772796,
          -0.6334,
          1.408795
        ],
        [
          0.0,
          0.0,
          0.0,
          1.0
        ]
      ]
    },
    {
      "file_path": "/media/NFS/ttao/scannet/posed_images/scene0243_00/00152.jpg",
      "transform_matrix": [
        [
          0.226773,
          -0.685812,
          0.691546,
          0.598141
        ],
        [
          -0.971431,
          -0.108255,
          0.211196,
          0.681212
        ],
        [
          -0.069978,
          -0.719682,
          -0.690768,
          1.384064
        ],
        [
          0.0,
          0.0,
          0.0,
          1.0
        ]
      ]
    },
    {
      "file_path": "/media/NFS/ttao/scannet/posed_images/scene0243_00/00154.jpg",
      "transform_matrix": [
        [
          0.230049,
          -0.693289,
          0.682955,
          0.591751
        ],
        [
          -0.970492,
          -0.111322,
          0.213898,
          0.67446
        ],
        [
          -0.072265,
          -0.71201,
          -0.698441,
          1.381507
        ],
        [
          0.0,
          0.0,
          0.0,
          1.0
        ]
      ]
    },
    {
      "file_path": "/media/NFS/ttao/scannet/posed_images/scene0243_00/00164.jpg",
      "transform_matrix": [
        [
          0.089295,
          -0.710657,
          0.697849,
          0.574489
        ],
        [
          -0.993938,
          -0.018455,
          0.108389,
          0.64004
        ],
        [
          -0.064148,
          -0.703297,
          -0.707996,
          1.363454
        ],
        [
          0.0,
          0.0,
          0.0,
          1.0
        ]
      ]
    },
    {
      "file_path": "/media/NFS/ttao/scannet/posed_images/scene0243_00/00169.jpg",
      "transform_matrix": [
        [
          0.023966,
          -0.702386,
          0.711393,
          0.573592
        ],
        [
          -0.996952,
          0.036057,
          0.069187,
          0.627947
        ],
        [
          -0.074246,
          -0.710883,
          -0.699381,
          1.36247
        ],
        [
          0.0,
          0.0,
          0.0,
          1.0
        ]
      ]
    },
    {
      "file_path": "/media/NFS/ttao/scannet/posed_images/scene0243_00/00176.jpg",
      "transform_matrix": [
        [
          -0.046871,
          -0.65999,
          0.74981,
          0.581405
        ],
        [
          -0.996256,
          0.085479,
          0.012963,
          0.612397
        ],
        [
          -0.072649,
          -0.746395,
          -0.661526,
          1.375044
        ],
        [
          0.0,
          0.0,
          0.0,
          1.0
        ]
      ]
    },
    {
      "file_path": "/media/NFS/ttao/scannet/posed_images/scene0243_00/00181.jpg",
      "transform_matrix": [
        [
          -0.091781,
          -0.621086,
          0.77835,
          0.584257
        ],
        [
          -0.993106,
          0.114333,
          -0.025872,
          0.604483
        ],
        [
          -0.072922,
          -0.775358,
          -0.627298,
          1.38798
        ],
        [
          0.0,
          0.0,
          0.0,
          1.0
        ]
      ]
    },
    {
      "file_path": "/media/NFS/ttao/scannet/posed_images/scene0243_00/00186.jpg",
      "transform_matrix": [
        [
          -0.122568,
          -0.602615,
          0.788563,
          0.587683
        ],
        [
          -0.990734,
          0.121139,
          -0.061418,
          0.603808
        ],
        [
          -0.058514,
          -0.788784,
          -0.611879,
          1.392743
        ],
        [
          0.0,
          0.0,
          0.0,
          1.0
        ]
      ]
    },
    {
      "file_path": "/media/NFS/ttao/scannet/posed_images/scene0243_00/00193.jpg",
      "transform_matrix": [
        [
          -0.106176,
          -0.553591,
          0.825993,
          0.597862
        ],
        [
          -0.992964,
          0.102831,
          -0.05872,
          0.622074
        ],
        [
          -0.052431,
          -0.826416,
          -0.560614,
          1.412455
        ],
        [
          0.0,
          0.0,
          0.0,
          1.0
        ]
      ]
    },
    {
      "file_path": "/media/NFS/ttao/scannet/posed_images/scene0243_00/00197.jpg",
      "transform_matrix": [
        [
          -0.089584,
          -0.529493,
          0.843571,
          0.602695
        ],
        [
          -0.995571,
          0.071879,
          -0.060608,
          0.639318
        ],
        [
          -0.028544,
          -0.845264,
          -0.533587,
          1.420001
        ],
        [
          0.0,
          0.0,
          0.0,
          1.0
        ]
      ]
    },
    {
      "file_path": "/media/NFS/ttao/scannet/posed_images/scene0243_00/00200.jpg",
      "transform_matrix": [
        [
          -0.080182,
          -0.51661,
          0.852458,
          0.614984
        ],
        [
          -0.996756,
          0.047585,
          -0.064916,
          0.649264
        ],
        [
          -0.007028,
          -0.854897,
          -0.518749,
          1.4288
        ],
        [
          0.0,
          0.0,
          0.0,
          1.0
        ]
      ]
    },
    {
      "file_path": "/media/NFS/ttao/scannet/posed_images/scene0243_00/00209.jpg",
      "transform_matrix": [
        [
          0.022241,
          -0.465306,
          0.88487,
          0.661926
        ],
        [
          -0.999499,
          0.009607,
          0.030174,
          0.649832
        ],
        [
          -0.022541,
          -0.885098,
          -0.464859,
          1.437314
        ],
        [
          0.0,
          0.0,
          0.0,
          1.0
        ]
      ]
    },
    {
      "file_path": "/media/NFS/ttao/scannet/posed_images/scene0243_00/00216.jpg",
      "transform_matrix": [
        [
          0.182254,
          -0.375922,
          0.908552,
          0.701808
        ],
        [
          -0.983248,
          -0.067156,
          0.169452,
          0.589499
        ],
        [
          -0.002686,
          -0.924215,
          -0.381864,
          1.446951
        ],
        [
          0.0,
          0.0,
          0.0,
          1.0
        ]
      ]
    },
    {
      "file_path": "/media/NFS/ttao/scannet/posed_images/scene0243_00/00221.jpg",
      "transform_matrix": [
        [
          0.256934,
          -0.365361,
          0.894705,
          0.723435
        ],
        [
          -0.966177,
          -0.118245,
          0.229173,
          0.56229
        ],
        [
          0.022064,
          -0.923325,
          -0.383384,
          1.452887
        ],
        [
          0.0,
          0.0,
          0.0,
          1.0
        ]
      ]
    },
    {
      "file_path": "/media/NFS/ttao/scannet/posed_images/scene0243_00/00223.jpg",
      "transform_matrix": [
        [
          0.280982,
          -0.365657,
          0.887324,
          0.729716
        ],
        [
          -0.959254,
          -0.135601,
          0.24788,
          0.553092
        ],
        [
          0.029683,
          -0.920819,
          -0.388859,
          1.455348
        ],
        [
          0.0,
          0.0,
          0.0,
          1.0
        ]
      ]
    },
    {
      "file_path": "/media/NFS/ttao/scannet/posed_images/scene0243_00/00231.jpg",
      "transform_matrix": [
        [
          0.372515,
          -0.328351,
          0.867997,
          0.719899
        ],
        [
          -0.928009,
          -0.125997,
          0.350607,
          0.544898
        ],
        [
          -0.005757,
          -0.936115,
          -0.351648,
          1.477731
        ],
        [
          0.0,
          0.0,
          0.0,
          1.0
        ]
      ]
    },
    {
      "file_path": "/media/NFS/ttao/scannet/posed_images/scene0243_00/00236.jpg",
      "transform_matrix": [
        [
          0.474127,
          -0.302693,
          0.826789,
          0.690594
        ],
        [
          -0.880032,
          -0.133756,
          0.45569,
          0.552078
        ],
        [
          -0.027346,
          -0.943656,
          -0.329797,
          1.497264
        ],
        [
          0.0,
          0.0,
          0.0,
          1.0
        ]
      ]
    },
    {
      "file_path": "/media/NFS/ttao/scannet/posed_images/scene0243_00/00243.jpg",
      "transform_matrix": [
        [
          0.635585,
          -0.309474,
          0.707288,
          0.687617
        ],
        [
          -0.759898,
          -0.088996,
          0.643922,
          0.566623
        ],
        [
          -0.136331,
          -0.946734,
          -0.291733,
          1.544258
        ],
        [
          0.0,
          0.0,
          0.0,
          1.0
        ]
      ]
    },
    {
      "file_path": "/media/NFS/ttao/scannet/posed_images/scene0243_00/00249.jpg",
      "transform_matrix": [
        [
          0.71482,
          -0.27172,
          0.644361,
          0.668136
        ],
        [
          -0.681184,
          -0.06213,
          0.729471,
          0.573859
        ],
        [
          -0.158178,
          -0.960369,
          -0.229503,
          1.577989
        ],
        [
          0.0,
          0.0,
          0.0,
          1.0
        ]
      ]
    },
    {
      "file_path": "/media/NFS/ttao/scannet/posed_images/scene0243_00/00252.jpg",
      "transform_matrix": [
        [
          0.783073,
          -0.261895,
          0.564099,
          0.753389
        ],
        [
          -0.597431,
          -0.0647,
          0.799306,
          0.529872
        ],
        [
          -0.172837,
          -0.962925,
          -0.207129,
          1.5859
        ],
        [
          0.0,
          0.0,
          0.0,
          1.0
        ]
      ]
    },
    {
      "file_path": "/media/NFS/ttao/scannet/posed_images/scene0243_00/00257.jpg",
      "transform_matrix": [
        [
          0.861377,
          -0.253484,
          0.4402,
          0.762765
        ],
        [
          -0.472192,
          -0.080111,
          0.877848,
          0.534286
        ],
        [
          -0.187256,
          -0.964017,
          -0.188699,
          1.605384
        ],
        [
          0.0,
          0.0,
          0.0,
          1.0
        ]
      ]
    },
    {
      "file_path": "/media/NFS/ttao/scannet/posed_images/scene0243_00/00266.jpg",
      "transform_matrix": [
        [
          0.959626,
          -0.17708,
          0.218544,
          0.779711
        ],
        [
          -0.230791,
          -0.051546,
          0.971637,
          0.537404
        ],
        [
          -0.160792,
          -0.982846,
          -0.090333,
          1.665687
        ],
        [
          0.0,
          0.0,
          0.0,
          1.0
        ]
      ]
    },
    {
      "file_path": "/media/NFS/ttao/scannet/posed_images/scene0243_00/00269.jpg",
      "transform_matrix": [
        [
          0.976691,
          -0.162063,
          0.140752,
          0.782442
        ],
        [
          -0.146149,
          -0.021816,
          0.989022,
          0.530219
        ],
        [
          -0.157213,
          -0.986539,
          -0.044993,
          1.686953
        ],
        [
          0.0,
          0.0,
          0.0,
          1.0
        ]
      ]
    },
    {
      "file_path": "/media/NFS/ttao/scannet/posed_images/scene0243_00/00276.jpg",
      "transform_matrix": [
        [
          0.988807,
          -0.145473,
          0.033131,
          0.765374
        ],
        [
          -0.031802,
          0.011453,
          0.999429,
          0.512432
        ],
        [
          -0.14577,
          -0.989296,
          0.006698,
          1.698627
        ],
        [
          0.0,
          0.0,
          0.0,
          1.0
        ]
      ]
    },
    {
      "file_path": "/media/NFS/ttao/scannet/posed_images/scene0243_00/00285.jpg",
      "transform_matrix": [
        [
          0.992273,
          -0.09867,
          -0.075226,
          0.765429
        ],
        [
          0.076526,
          0.009445,
          0.997023,
          0.491101
        ],
        [
          -0.097666,
          -0.995075,
          0.016923,
          1.713181
        ],
        [
          0.0,
          0.0,
          0.0,
          1.0
        ]
      ]
    },
    {
      "file_path": "/media/NFS/ttao/scannet/posed_images/scene0243_00/00287.jpg",
      "transform_matrix": [
        [
          0.993044,
          -0.08869,
          -0.077445,
          0.762228
        ],
        [
          0.077374,
          -0.004251,
          0.996993,
          0.488981
        ],
        [
          -0.088753,
          -0.99605,
          0.002641,
          1.71129
        ],
        [
          0.0,
          0.0,
          0.0,
          1.0
        ]
      ]
    },
    {
      "file_path": "/media/NFS/ttao/scannet/posed_images/scene0243_00/00297.jpg",
      "transform_matrix": [
        [
          0.989318,
          -0.084124,
          -0.119049,
          0.751084
        ],
        [
          0.109024,
          -0.11511,
          0.987352,
          0.498429
        ],
        [
          -0.096763,
          -0.989784,
          -0.104709,
          1.67454
        ],
        [
          0.0,
          0.0,
          0.0,
          1.0
        ]
      ]
    },
    {
      "file_path": "/media/NFS/ttao/scannet/posed_images/scene0243_00/00300.jpg",
      "transform_matrix": [
        [
          0.991844,
          -0.06945,
          -0.106874,
          0.738057
        ],
        [
          0.095097,
          -0.155063,
          0.983317,
          0.511544
        ],
        [
          -0.084863,
          -0.985461,
          -0.147194,
          1.62066
        ],
        [
          0.0,
          0.0,
          0.0,
          1.0
        ]
      ]
    },
    {
      "file_path": "/media/NFS/ttao/scannet/posed_images/scene0243_00/00304.jpg",
      "transform_matrix": [
        [
          0.992697,
          -0.076277,
          -0.093463,
          0.738611
        ],
        [
          0.073707,
          -0.229827,
          0.970437,
          0.527932
        ],
        [
          -0.095502,
          -0.970238,
          -0.222527,
          1.589799
        ],
        [
          0.0,
          0.0,
          0.0,
          1.0
        ]
      ]
    },
    {
      "file_path": "/media/NFS/ttao/scannet/posed_images/scene0243_00/00311.jpg",
      "transform_matrix": [
        [
          0.991775,
          -0.081237,
          -0.098905,
          0.726
        ],
        [
          0.067368,
          -0.325711,
          0.943067,
          0.531816
        ],
        [
          -0.108826,
          -0.941973,
          -0.317559,
          1.524086
        ],
        [
          0.0,
          0.0,
          0.0,
          1.0
        ]
      ]
    },
    {
      "file_path": "/media/NFS/ttao/scannet/posed_images/scene0243_00/00316.jpg",
      "transform_matrix": [
        [
          0.992975,
          -0.089999,
          -0.07681,
          0.729791
        ],
        [
          0.035209,
          -0.395014,
          0.918,
          0.524046
        ],
        [
          -0.11296,
          -0.914256,
          -0.389071,
          1.49655
        ],
        [
          0.0,
          0.0,
          0.0,
          1.0
        ]
      ]
    },
    {
      "file_path": "/media/NFS/ttao/scannet/posed_images/scene0243_00/00324.jpg",
      "transform_matrix": [
        [
          0.991636,
          -0.066967,
          -0.110336,
          0.728887
        ],
        [
          0.061314,
          -0.507826,
          0.859275,
          0.514773
        ],
        [
          -0.113575,
          -0.858853,
          -0.499472,
          1.432123
        ],
        [
          0.0,
          0.0,
          0.0,
          1.0
        ]
      ]
    },
    {
      "file_path": "/media/NFS/ttao/scannet/posed_images/scene0243_00/00326.jpg",
      "transform_matrix": [
        [
          0.992185,
          -0.060499,
          -0.10913,
          0.729394
        ],
        [
          0.05997,
          -0.535752,
          0.842244,
          0.515857
        ],
        [
          -0.109422,
          -0.842206,
          -0.527936,
          1.421267
        ],
        [
          0.0,
          0.0,
          0.0,
          1.0
        ]
      ]
    },
    {
      "file_path": "/media/NFS/ttao/scannet/posed_images/scene0243_00/00333.jpg",
      "transform_matrix": [
        [
          0.989962,
          -0.055454,
          -0.129997,
          0.733925
        ],
        [
          0.070127,
          -0.605853,
          0.79248,
          0.521471
        ],
        [
          -0.122705,
          -0.793642,
          -0.595883,
          1.385856
        ],
        [
          0.0,
          0.0,
          0.0,
          1.0
        ]
      ]
    },
    {
      "file_path": "/media/NFS/ttao/scannet/posed_images/scene0243_00/00340.jpg",
      "transform_matrix": [
        [
          0.98932,
          -0.071328,
          -0.127119,
          0.758296
        ],
        [
          0.051323,
          -0.645792,
          0.761786,
          0.530394
        ],
        [
          -0.136429,
          -0.760174,
          -0.635234,
          1.373677
        ],
        [
          0.0,
          0.0,
          0.0,
          1.0
        ]
      ]
    },
    {
      "file_path": "/media/NFS/ttao/scannet/posed_images/scene0243_00/00347.jpg",
      "transform_matrix": [
        [
          0.979367,
          -0.05447,
          -0.194612,
          0.76071
        ],
        [
          0.105572,
          -0.683247,
          0.722515,
          0.533263
        ],
        [
          -0.172323,
          -0.728153,
          -0.663399,
          1.351571
        ],
        [
          0.0,
          0.0,
          0.0,
          1.0
        ]
      ]
    },
    {
      "file_path": "/media/NFS/ttao/scannet/posed_images/scene0243_00/00350.jpg",
      "transform_matrix": [
        [
          0.971415,
          -0.045273,
          -0.233032,
          0.768695
        ],
        [
          0.137263,
          -0.693787,
          0.706979,
          0.538314
        ],
        [
          -0.193682,
          -0.718756,
          -0.66774,
          1.347989
        ],
        [
          0.0,
          0.0,
          0.0,
          1.0
        ]
      ]
    },
    {
      "file_path": "/media/NFS/ttao/scannet/posed_images/scene0243_00/00359.jpg",
      "transform_matrix": [
        [
          0.94674,
          0.028664,
          -0.32072,
          0.753123
        ],
        [
          0.247098,
          -0.703311,
          0.666556,
          0.535972
        ],
        [
          -0.20646,
          -0.710305,
          -0.672935,
          1.334492
        ],
        [
          0.0,
          0.0,
          0.0,
          1.0
        ]
      ]
    },
    {
      "file_path": "/media/NFS/ttao/scannet/posed_images/scene0243_00/00364.jpg",
      "transform_matrix": [
        [
          0.93509,
          0.06703,
          -0.348013,
          0.751403
        ],
        [
          0.293864,
          -0.695559,
          0.655623,
          0.534672
        ],
        [
          -0.198118,
          -0.715335,
          -0.670108,
          1.328494
        ],
        [
          0.0,
          0.0,
          0.0,
          1.0
        ]
      ]
    },
    {
      "file_path": "/media/NFS/ttao/scannet/posed_images/scene0243_00/00368.jpg",
      "transform_matrix": [
        [
          0.935439,
          0.087589,
          -0.342465,
          0.757195
        ],
        [
          0.301674,
          -0.702781,
          0.644276,
          0.537411
        ],
        [
          -0.184247,
          -0.705993,
          -0.683832,
          1.323216
        ],
        [
          0.0,
          0.0,
          0.0,
          1.0
        ]
      ]
    },
    {
      "file_path": "/media/NFS/ttao/scannet/posed_images/scene0243_00/00373.jpg",
      "transform_matrix": [
        [
          0.953879,
          0.094096,
          -0.285063,
          0.776723
        ],
        [
          0.263931,
          -0.715307,
          0.647052,
          0.544317
        ],
        [
          -0.143022,
          -0.692446,
          -0.707151,
          1.312845
        ],
        [
          0.0,
          0.0,
          0.0,
          1.0
        ]
      ]
    },
    {
      "file_path": "/media/NFS/ttao/scannet/posed_images/scene0243_00/00383.jpg",
      "transform_matrix": [
        [
          0.982058,
          -0.010904,
          -0.188262,
          0.832462
        ],
        [
          0.117972,
          -0.743325,
          0.658446,
          0.581118
        ],
        [
          -0.14712,
          -0.668842,
          -0.728702,
          1.302757
        ],
        [
          0.0,
          0.0,
          0.0,
          1.0
        ]
      ]
    },
    {
      "file_path": "/media/NFS/ttao/scannet/posed_images/scene0243_00/00385.jpg",
      "transform_matrix": [
        [
          0.98443,
          -0.041489,
          -0.170811,
          0.836799
        ],
        [
          0.083363,
          -0.745321,
          0.661474,
          0.594649
        ],
        [
          -0.154753,
          -0.665414,
          -0.730258,
          1.302699
        ],
        [
          0.0,
          0.0,
          0.0,
          1.0
        ]
      ]
    },
    {
      "file_path": "/media/NFS/ttao/scannet/posed_images/scene0243_00/00394.jpg",
      "transform_matrix": [
        [
          0.986062,
          -0.14817,
          -0.07568,
          0.818554
        ],
        [
          -0.048952,
          -0.693103,
          0.719174,
          0.680691
        ],
        [
          -0.159015,
          -0.705445,
          -0.690696,
          1.300556
        ],
        [
          0.0,
          0.0,
          0.0,
          1.0
        ]
      ]
    },
    {
      "file_path": "/media/NFS/ttao/scannet/posed_images/scene0243_00/00400.jpg",
      "transform_matrix": [
        [
          0.978798,
          -0.201944,
          0.034259,
          0.796304
        ],
        [
          -0.163877,
          -0.671735,
          0.722439,
          0.749612
        ],
        [
          -0.122879,
          -0.712735,
          -0.690586,
          1.324013
        ],
        [
          0.0,
          0.0,
          0.0,
          1.0
        ]
      ]
    },
    {
      "file_path": "/media/NFS/ttao/scannet/posed_images/scene0243_00/00406.jpg",
      "transform_matrix": [
        [
          0.951979,
          -0.279126,
          0.125798,
          0.809787
        ],
        [
          -0.280223,
          -0.62885,
          0.725275,
          0.812292
        ],
        [
          -0.123336,
          -0.725698,
          -0.676869,
          1.3353
        ],
        [
          0.0,
          0.0,
          0.0,
          1.0
        ]
      ]
    },
    {
      "file_path": "/media/NFS/ttao/scannet/posed_images/scene0243_00/00411.jpg",
      "transform_matrix": [
        [
          0.939143,
          -0.299271,
          0.168664,
          0.846083
        ],
        [
          -0.32387,
          -0.607642,
          0.725176,
          0.870304
        ],
        [
          -0.114537,
          -0.735669,
          -0.667587,
          1.356797
        ],
        [
          0.0,
          0.0,
          0.0,
          1.0
        ]
      ]
    },
    {
      "file_path": "/media/NFS/ttao/scannet/posed_images/scene0243_00/00418.jpg",
      "transform_matrix": [
        [
          0.930361,
          -0.297954,
          0.213663,
          0.927942
        ],
        [
          -0.35425,
          -0.580257,
          0.733355,
          0.956345
        ],
        [
          -0.094526,
          -0.757975,
          -0.645398,
          1.360576
        ],
        [
          0.0,
          0.0,
          0.0,
          1.0
        ]
      ]
    },
    {
      "file_path": "/media/NFS/ttao/scannet/posed_images/scene0243_00/00423.jpg",
      "transform_matrix": [
        [
          0.932651,
          -0.283274,
          0.223425,
          0.976162
        ],
        [
          -0.354572,
          -0.605288,
          0.712675,
          1.010519
        ],
        [
          -0.066646,
          -0.743897,
          -0.664963,
          1.356128
        ],
        [
          0.0,
          0.0,
          0.0,
          1.0
        ]
      ]
    },
    {
      "file_path": "/media/NFS/ttao/scannet/posed_images/scene0243_00/00428.jpg",
      "transform_matrix": [
        [
          0.952571,
          -0.248438,
          0.175746,
          1.002673
        ],
        [
          -0.301645,
          -0.694483,
          0.653226,
          1.063937
        ],
        [
          -0.040233,
          -0.675257,
          -0.736485,
          1.33244
        ],
        [
          0.0,
          0.0,
          0.0,
          1.0
        ]
      ]
    },
    {
      "file_path": "/media/NFS/ttao/scannet/posed_images/scene0243_00/00433.jpg",
      "transform_matrix": [
        [
          0.950408,
          -0.266291,
          0.16067,
          1.027355
        ],
        [
          -0.306698,
          -0.71678,
          0.62623,
          1.118733
        ],
        [
          -0.051594,
          -0.64445,
          -0.762904,
          1.322623
        ],
        [
          0.0,
          0.0,
          0.0,
          1.0
        ]
      ]
    },
    {
      "file_path": "/media/NFS/ttao/scannet/posed_images/scene0243_00/00440.jpg",
      "transform_matrix": [
        [
          0.929498,
          -0.287815,
          0.230643,
          1.040859
        ],
        [
          -0.368546,
          -0.700341,
          0.611307,
          1.203074
        ],
        [
          -0.014414,
          -0.653211,
          -0.757039,
          1.329062
        ],
        [
          0.0,
          0.0,
          0.0,
          1.0
        ]
      ]
    },
    {
      "file_path": "/media/NFS/ttao/scannet/posed_images/scene0243_00/00445.jpg",
      "transform_matrix": [
        [
          0.906905,
          -0.311654,
          0.283541,
          1.047639
        ],
        [
          -0.421333,
          -0.668584,
          0.612759,
          1.25764
        ],
        [
          -0.001398,
