{
  "frames": [
    {
      "file_path": "/media/NFS/ttao/scannet/posed_images/scene0032_00/00000.jpg",
      "transform_matrix": [
        [
          -0.156961,
          0.257294,
          -0.953501,
          1.838324
        ],
        [
          0.986843,
          0.002956,
          -0.161652,
          1.205476
        ],
        [
          -0.038773,
          -0.966329,
          -0.254373,
          1.480452
        ],
        [
          0.0,
          0.0,
          0.0,
          1.0
        ]
      ]
    },
    {
      "file_path": "/media/NFS/ttao/scannet/posed_images/scene0032_00/00003.jpg",
      "transform_matrix": [
        [
          -0.151778,
          0.257722,
          -0.954224,
          1.842306
        ],
        [
          0.987593,
          0.000186,
          -0.157036,
          1.202322
        ],
        [
          -0.040294,
          -0.966219,
          -0.254553,
          1.472604
        ],
        [
          0.0,
          0.0,
          0.0,
          1.0
        ]
      ]
    },
    {
      "file_path": "/media/NFS/ttao/scannet/posed_images/scene0032_00/00005.jpg",
      "transform_matrix": [
        [
          -0.147325,
          0.256787,
          -0.955173,
          1.845109
        ],
        [
          0.988066,
          -0.005679,
          -0.153925,
          1.198621
        ],
        [
          -0.044951,
          -0.966451,
          -0.252886,
          1.471683
        ],
        [
          0.0,
          0.0,
          0.0,
          1.0
        ]
      ]
    },
    {
      "file_path": "/media/NFS/ttao/scannet/posed_images/scene0032_00/00009.jpg",
      "transform_matrix": [
        [
          -0.143517,
          0.25546,
          -0.956108,
          1.851541
        ],
        [
          0.988424,
          -0.011031,
          -0.151315,
          1.18465
        ],
        [
          -0.049202,
          -0.966757,
          -0.25092,
          1.4701
        ],
        [
          0.0,
          0.0,
          0.0,
          1.0
        ]
      ]
    },
    {
      "file_path": "/media/NFS/ttao/scannet/posed_images/scene0032_00/00011.jpg",
      "transform_matrix": [
        [
          -0.127795,
          0.261903,
          -0.956596,
          1.856133
        ],
        [
          0.990841,
          -0.008696,
          -0.13475,
          1.154371
        ],
        [
          -0.04361,
          -0.965055,
          -0.258393,
          1.477833
        ],
        [
          0.0,
          0.0,
          0.0,
          1.0
        ]
      ]
    },
    {
      "file_path": "/media/NFS/ttao/scannet/posed_images/scene0032_00/00014.jpg",
      "transform_matrix": [
        [
          -0.120534,
          0.264745,
          -0.956756,
          1.860088
        ],
        [
          0.991995,
          -0.004424,
          -0.126197,
          1.138419
        ],
        [
          -0.037643,
          -0.964309,
          -0.262092,
          1.466285
        ],
        [
          0.0,
          0.0,
          0.0,
          1.0
        ]
      ]
    },
    {
      "file_path": "/media/NFS/ttao/scannet/posed_images/scene0032_00/00018.jpg",
      "transform_matrix": [
        [
          -0.11633,
          0.301493,
          -0.946345,
          1.857974
        ],
        [
          0.992827,
          0.008824,
          -0.119233,
          1.118119
        ],
        [
          -0.027597,
          -0.953428,
          -0.300357,
          1.452014
        ],
        [
          0.0,
          0.0,
          0.0,
          1.0
        ]
      ]
    },
    {
      "file_path": "/media/NFS/ttao/scannet/posed_images/scene0032_00/00019.jpg",
      "transform_matrix": [
        [
          -0.113698,
          0.310792,
          -0.943653,
          1.85671
        ],
        [
          0.993005,
          0.005104,
          -0.117963,
          1.115821
        ],
        [
          -0.031846,
          -0.950464,
          -0.309198,
          1.4472
        ],
        [
          0.0,
          0.0,
          0.0,
          1.0
        ]
      ]
    },
    {
      "file_path": "/media/NFS/ttao/scannet/posed_images/scene0032_00/00023.jpg",
      "transform_matrix": [
        [
          -0.098112,
          0.348708,
          -0.932082,
          1.844856
        ],
        [
          0.994759,
          0.007288,
          -0.101983,
          1.089287
        ],
        [
          -0.02877,
          -0.937203,
          -0.347596,
          1.437627
        ],
        [
          0.0,
          0.0,
          0.0,
          1.0
        ]
      ]
    },
    {
      "file_path": "/media/NFS/ttao/scannet/posed_images/scene0032_00/00024.jpg",
      "transform_matrix": [
        [
          -0.093129,
          0.350293,
          -0.931999,
          1.841748
        ],
        [
          0.99544,
          0.013368,
          -0.094444,
          1.082533
        ],
        [
          -0.020624,
          -0.936545,
          -0.349941,
          1.433028
        ],
        [
          0.0,
          0.0,
          0.0,
          1.0
        ]
      ]
    },
    {
      "file_path": "/media/NFS/ttao/scannet/posed_images/scene0032_00/00029.jpg",
      "transform_matrix": [
        [
          -0.104548,
          0.399951,
          -0.910554,
          1.830544
        ],
        [
          0.994508,
          0.03765,
          -0.097651,
          1.043242
        ],
        [
          -0.004773,
          -0.915763,
          -0.401691,
          1.401916
        ],
        [
          0.0,
          0.0,
          0.0,
          1.0
        ]
      ]
    },
    {
      "file_path": "/media/NFS/ttao/scannet/posed_images/scene0032_00/00030.jpg",
      "transform_matrix": [
        [
          -0.110713,
          0.409961,
          -0.905359,
          1.821635
        ],
        [
          0.993852,
          0.046307,
          -0.100565,
          1.03379
        ],
        [
          0.000697,
          -0.910927,
          -0.412567,
          1.404896
        ],
        [
          0.0,
          0.0,
          0.0,
          1.0
        ]
      ]
    },
    {
      "file_path": "/media/NFS/ttao/scannet/posed_images/scene0032_00/00035.jpg",
      "transform_matrix": [
        [
          -0.130053,
          0.436562,
          -0.890225,
          1.800153
        ],
        [
          0.991507,
          0.056519,
          -0.117132,
          0.976084
        ],
        [
          -0.000821,
          -0.897897,
          -0.440204,
          1.37758
        ],
        [
          0.0,
          0.0,
          0.0,
          1.0
        ]
      ]
    },
    {
      "file_path": "/media/NFS/ttao/scannet/posed_images/scene0032_00/00036.jpg",
      "transform_matrix": [
        [
          -0.125508,
          0.437103,
          -0.890611,
          1.792372
        ],
        [
          0.992081,
          0.059571,
          -0.11057,
          0.967106
        ],
        [
          0.004724,
          -0.897436,
          -0.441119,
          1.373419
        ],
        [
          0.0,
          0.0,
          0.0,
          1.0
        ]
      ]
    },
    {
      "file_path": "/media/NFS/ttao/scannet/posed_images/scene0032_00/00038.jpg",
      "transform_matrix": [
        [
          -0.114816,
          0.440059,
          -0.890598,
          1.778246
        ],
        [
          0.993168,
          0.069643,
          -0.093628,
          0.946894
        ],
        [
          0.020822,
          -0.895264,
          -0.445049,
          1.361861
        ],
        [
          0.0,
          0.0,
          0.0,
          1.0
        ]
      ]
    },
    {
      "file_path": "/media/NFS/ttao/scannet/posed_images/scene0032_00/00042.jpg",
      "transform_matrix": [
        [
          -0.089932,
          0.438801,
          -0.894073,
          1.744588
        ],
        [
          0.9955,
          0.066524,
          -0.067486,
          0.902706
        ],
        [
          0.029864,
          -0.896119,
          -0.442809,
          1.353901
        ],
        [
          0.0,
          0.0,
          0.0,
          1.0
        ]
      ]
    },
    {
      "file_path": "/media/NFS/ttao/scannet/posed_images/scene0032_00/00046.jpg",
      "transform_matrix": [
        [
          -0.08764,
          0.465887,
          -0.880494,
          1.719104
        ],
        [
          0.995996,
          0.056657,
          -0.069158,
          0.866497
        ],
        [
          0.017667,
          -0.883029,
          -0.468987,
          1.337707
        ],
        [
          0.0,
          0.0,
          0.0,
          1.0
        ]
      ]
    },
    {
      "file_path": "/media/NFS/ttao/scannet/posed_images/scene0032_00/00048.jpg",
      "transform_matrix": [
        [
          -0.069461,
          0.479357,
          -0.874867,
          1.698756
        ],
        [
          0.997264,
          0.055606,
          -0.048711,
          0.850059
        ],
        [
          0.025298,
          -0.875857,
          -0.481907,
          1.334511
        ],
        [
          0.0,
          0.0,
          0.0,
          1.0
        ]
      ]
    },
    {
      "file_path": "/media/NFS/ttao/scannet/posed_images/scene0032_00/00050.jpg",
      "transform_matrix": [
        [
          -0.039399,
          0.483405,
          -0.87451,
          1.68398
        ],
        [
          0.998821,
          0.043876,
          -0.020746,
          0.833004
        ],
        [
          0.028342,
          -0.874296,
          -0.484564,
          1.334169
        ],
        [
          0.0,
          0.0,
          0.0,
          1.0
        ]
      ]
    },
    {
      "file_path": "/media/NFS/ttao/scannet/posed_images/scene0032_00/00052.jpg",
      "transform_matrix": [
        [
          -0.015013,
          0.497645,
          -0.867251,
          1.673365
        ],
        [
          0.999532,
          0.030588,
          0.000249,
          0.82111
        ],
        [
          0.026651,
          -0.866841,
          -0.497871,
          1.330971
        ],
        [
          0.0,
          0.0,
          0.0,
          1.0
        ]
      ]
    },
    {
      "file_path": "/media/NFS/ttao/scannet/posed_images/scene0032_00/00056.jpg",
      "transform_matrix": [
        [
          0.070714,
          0.493425,
          -0.866909,
          1.658586
        ],
        [
          0.997104,
          -0.010585,
          0.075309,
          0.797606
        ],
        [
          0.027984,
          -0.869724,
          -0.492744,
          1.341498
        ],
        [
          0.0,
          0.0,
          0.0,
          1.0
        ]
      ]
    },
    {
      "file_path": "/media/NFS/ttao/scannet/posed_images/scene0032_00/00059.jpg",
      "transform_matrix": [
        [
          0.103398,
          0.506446,
          -0.85605,
          1.666668
        ],
        [
          0.99455,
          -0.064244,
          0.08212,
          0.781369
        ],
        [
          -0.013406,
          -0.859875,
          -0.510329,
          1.347549
        ],
        [
          0.0,
          0.0,
          0.0,
          1.0
        ]
      ]
    },
    {
      "file_path": "/media/NFS/ttao/scannet/posed_images/scene0032_00/00062.jpg",
      "transform_matrix": [
        [
          0.173118,
          0.504162,
          -0.84608,
          1.684178
        ],
        [
          0.984261,
          -0.119525,
          0.130169,
          0.751079
        ],
        [
          -0.035501,
          -0.855298,
          -0.516919,
          1.354753
        ],
        [
          0.0,
          0.0,
          0.0,
          1.0
        ]
      ]
    },
    {
      "file_path": "/media/NFS/ttao/scannet/posed_images/scene0032_00/00064.jpg",
      "transform_matrix": [
        [
          0.206639,
          0.49432,
          -0.844363,
          1.697762
        ],
        [
          0.977475,
          -0.142168,
          0.155985,
          0.735906
        ],
        [
          -0.042935,
          -0.857576,
          -0.512562,
          1.362432
        ],
        [
          0.0,
          0.0,
          0.0,
          1.0
        ]
      ]
    },
    {
      "file_path": "/media/NFS/ttao/scannet/posed_images/scene0032_00/00068.jpg",
      "transform_matrix": [
        [
          0.224128,
          0.453289,
          -0.862726,
          1.750103
        ],
        [
          0.972694,
          -0.1588,
          0.169261,
          0.700145
        ],
        [
          -0.060277,
          -0.877104,
          -0.476503,
          1.366483
        ],
        [
          0.0,
          0.0,
          0.0,
          1.0
        ]
      ]
    },
    {
      "file_path": "/media/NFS/ttao/scannet/posed_images/scene0032_00/00069.jpg",
      "transform_matrix": [
        [
          0.226447,
          0.450193,
          -0.863741,
          1.762469
        ],
        [
          0.971839,
          -0.163789,
          0.169418,
          0.692603
        ],
        [
          -0.0652,
          -0.877781,
          -0.474605,
          1.366287
        ],
        [
          0.0,
          0.0,
          0.0,
          1.0
        ]
      ]
    },
    {
      "file_path": "/media/NFS/ttao/scannet/posed_images/scene0032_00/00073.jpg",
      "transform_matrix": [
        [
          0.230482,
          0.460876,
          -0.857013,
          1.802842
        ],
        [
          0.970137,
          -0.177236,
          0.165594,
          0.667445
        ],
        [
          -0.075575,
          -0.869587,
          -0.487962,
          1.362215
        ],
        [
          0.0,
          0.0,
          0.0,
          1.0
        ]
      ]
    },
    {
      "file_path": "/media/NFS/ttao/scannet/posed_images/scene0032_00/00075.jpg",
      "transform_matrix": [
        [
          0.228557,
          0.459358,
          -0.858342,
          1.819369
        ],
        [
          0.970695,
          -0.174771,
          0.164943,
          0.656383
        ],
        [
          -0.074245,
          -0.870888,
          -0.485842,
          1.359707
        ],
        [
          0.0,
          0.0,
          0.0,
          1.0
        ]
      ]
    },
    {
      "file_path": "/media/NFS/ttao/scannet/posed_images/scene0032_00/00078.jpg",
      "transform_matrix": [
        [
          0.223788,
          0.447366,
          -0.8659,
          1.841406
        ],
        [
          0.972399,
          -0.16267,
          0.167268,
          0.653272
        ],
        [
          -0.066026,
          -0.879433,
          -0.471421,
          1.36029
        ],
        [
          0.0,
          0.0,
          0.0,
          1.0
        ]
      ]
    },
    {
      "file_path": "/media/NFS/ttao/scannet/posed_images/scene0032_00/00082.jpg",
      "transform_matrix": [
        [
          0.243685,
          0.418097,
          -0.875107,
          1.859394
        ],
        [
          0.968486,
          -0.152816,
          0.196677,
          0.647352
        ],
        [
          -0.051501,
          -0.895456,
          -0.44216,
          1.381169
        ],
        [
          0.0,
          0.0,
          0.0,
          1.0
        ]
      ]
    },
    {
      "file_path": "/media/NFS/ttao/scannet/posed_images/scene0032_00/00084.jpg",
      "transform_matrix": [
        [
          0.251145,
          0.399824,
          -0.881514,
          1.863746
        ],
        [
          0.96665,
          -0.150762,
          0.207021,
          0.656945
        ],
        [
          -0.050127,
          -0.904108,
          -0.424354,
          1.391695
        ],
        [
          0.0,
          0.0,
          0.0,
          1.0
        ]
      ]
    },
    {
      "file_path": "/media/NFS/ttao/scannet/posed_images/scene0032_00/00086.jpg",
      "transform_matrix": [
        [
          0.260866,
          0.378161,
          -0.888224,
          1.869896
        ],
        [
          0.963963,
          -0.151773,
          0.218493,
          0.665699
        ],
        [
          -0.052183,
          -0.913214,
          -0.404126,
          1.401272
        ],
        [
          0.0,
          0.0,
          0.0,
          1.0
        ]
      ]
    },
    {
      "file_path": "/media/NFS/ttao/scannet/posed_images/scene0032_00/00088.jpg",
      "transform_matrix": [
        [
          0.26689,
          0.359443,
          -0.894187,
          1.871786
        ],
        [
          0.962542,
          -0.145413,
          0.228839,
          0.672785
        ],
        [
          -0.047772,
          -0.921768,
          -0.384789,
          1.413126
        ],
        [
          0.0,
          0.0,
          0.0,
          1.0
        ]
      ]
    },
    {
      "file_path": "/media/NFS/ttao/scannet/posed_images/scene0032_00/00091.jpg",
      "transform_matrix": [
        [
          0.280789,
          0.316772,
          -0.905987,
          1.876182
        ],
        [
          0.958631,
          -0.138516,
          0.248674,
          0.679194
        ],
        [
          -0.046721,
          -0.938333,
          -0.342561,
          1.433569
        ],
        [
          0.0,
          0.0,
          0.0,
          1.0
        ]
      ]
    },
    {
      "file_path": "/media/NFS/ttao/scannet/posed_images/scene0032_00/00095.jpg",
      "transform_matrix": [
        [
          0.283676,
          0.264854,
          -0.921618,
          1.87629
        ],
        [
          0.957159,
          -0.13643,
          0.255409,
          0.699502
        ],
        [
          -0.058091,
          -0.954589,
          -0.292209,
          1.461836
        ],
        [
          0.0,
          0.0,
          0.0,
          1.0
        ]
      ]
    },
    {
      "file_path": "/media/NFS/ttao/scannet/posed_images/scene0032_00/00098.jpg",
      "transform_matrix": [
        [
          0.297245,
          0.222636,
          -0.928482,
          1.878838
        ],
        [
          0.952571,
          -0.13557,
          0.272449,
          0.70987
        ],
        [
          -0.065218,
          -0.96543,
          -0.252374,
          1.475548
        ],
        [
          0.0,
          0.0,
          0.0,
          1.0
        ]
      ]
    },
    {
      "file_path": "/media/NFS/ttao/scannet/posed_images/scene0032_00/00100.jpg",
      "transform_matrix": [
        [
          0.305747,
          0.210783,
          -0.928488,
          1.879371
        ],
        [
          0.949666,
          -0.137381,
          0.281533,
          0.72032
        ],
        [
          -0.068214,
          -0.967831,
          -0.242178,
          1.480461
        ],
        [
          0.0,
          0.0,
          0.0,
          1.0
        ]
      ]
    },
    {
      "file_path": "/media/NFS/ttao/scannet/posed_images/scene0032_00/00104.jpg",
      "transform_matrix": [
        [
          0.337129,
          0.201839,
          -0.919568,
          1.876168
        ],
        [
          0.938899,
          -0.144049,
          0.312599,
          0.749995
        ],
        [
          -0.069369,
          -0.968768,
          -0.23807,
          1.490404
        ],
        [
          0.0,
          0.0,
          0.0,
          1.0
        ]
      ]
    },
    {
      "file_path": "/media/NFS/ttao/scannet/posed_images/scene0032_00/00105.jpg",
      "transform_matrix": [
        [
          0.344285,
          0.200196,
          -0.917273,
          1.878739
        ],
        [
          0.936225,
          -0.146428,
          0.31944,
          0.761843
        ],
        [
          -0.070364,
          -0.968752,
          -0.237842,
          1.493265
        ],
        [
          0.0,
          0.0,
          0.0,
          1.0
        ]
      ]
    },
    {
      "file_path": "/media/NFS/ttao/scannet/posed_images/scene0032_00/00110.jpg",
      "transform_matrix": [
        [
          0.395189,
          0.183506,
          -0.900084,
          1.873528
        ],
        [
          0.915318,
          -0.161419,
          0.368968,
          0.794284
        ],
        [
          -0.077583,
          -0.969675,
          -0.231757,
          1.503244
        ],
        [
          0.0,
          0.0,
          0.0,
          1.0
        ]
      ]
    },
    {
      "file_path": "/media/NFS/ttao/scannet/posed_images/scene0032_00/00112.jpg",
      "transform_matrix": [
        [
          0.412177,
          0.175478,
          -0.894046,
          1.877741
        ],
        [
          0.907314,
          -0.168464,
          0.385229,
          0.812721
        ],
        [
          -0.083015,
          -0.969963,
          -0.22865,
          1.502947
        ],
        [
          0.0,
          0.0,
          0.0,
          1.0
        ]
      ]
    },
    {
      "file_path": "/media/NFS/ttao/scannet/posed_images/scene0032_00/00115.jpg",
      "transform_matrix": [
        [
          0.438737,
          0.170559,
          -0.882281,
          1.880692
        ],
        [
          0.893826,
          -0.184061,
          0.408896,
          0.836365
        ],
        [
          -0.092653,
          -0.968004,
          -0.233204,
          1.507216
        ],
        [
          0.0,
          0.0,
          0.0,
          1.0
        ]
      ]
    },
    {
      "file_path": "/media/NFS/ttao/scannet/posed_images/scene0032_00/00118.jpg",
      "transform_matrix": [
        [
          0.462375,
          0.168711,
          -0.870486,
          1.885776
        ],
        [
          0.881293,
          -0.195537,
          0.430218,
          0.856337
        ],
        [
          -0.09763,
          -0.966076,
          -0.239095,
          1.502224
        ],
        [
          0.0,
          0.0,
          0.0,
          1.0
        ]
      ]
    },
    {
      "file_path": "/media/NFS/ttao/scannet/posed_images/scene0032_00/00121.jpg",
      "transform_matrix": [
        [
          0.49082,
          0.176337,
          -0.85323,
          1.886089
        ],
        [
          0.866138,
          -0.204799,
          0.455919,
          0.870994
        ],
        [
          -0.094345,
          -0.962789,
          -0.253252,
          1.503212
        ],
        [
          0.0,
          0.0,
          0.0,
          1.0
        ]
      ]
    },
    {
      "file_path": "/media/NFS/ttao/scannet/posed_images/scene0032_00/00123.jpg",
      "transform_matrix": [
        [
          0.509418,
          0.179821,
          -0.841521,
          1.886199
        ],
        [
          0.85593,
          -0.206739,
          0.473964,
          0.881877
        ],
        [
          -0.088746,
          -0.961729,
          -0.259231,
          1.499129
        ],
        [
          0.0,
          0.0,
          0.0,
          1.0
        ]
      ]
    },
    {
      "file_path": "/media/NFS/ttao/scannet/posed_images/scene0032_00/00126.jpg",
      "transform_matrix": [
        [
          0.533655,
          0.188325,
          -0.824467,
          1.887951
        ],
        [
          0.841773,
          -0.212149,
          0.496398,
          0.899773
        ],
        [
          -0.081426,
          -0.958919,
          -0.271741,
          1.498448
        ],
        [
          0.0,
          0.0,
          0.0,
          1.0
        ]
      ]
    },
    {
      "file_path": "/media/NFS/ttao/scannet/posed_images/scene0032_00/00129.jpg",
      "transform_matrix": [
        [
          0.551136,
          0.189614,
          -0.812586,
          1.888928
        ],
        [
          0.830344,
          -0.220716,
          0.511677,
          0.914745
        ],
        [
          -0.08233,
          -0.956729,
          -0.27909,
          1.493574
        ],
        [
          0.0,
          0.0,
          0.0,
          1.0
        ]
      ]
    },
    {
      "file_path": "/media/NFS/ttao/scannet/posed_images/scene0032_00/00130.jpg",
      "transform_matrix": [
        [
          0.56422,
          0.190095,
          -0.803442,
          1.889196
        ],
        [
          0.821322,
          -0.228446,
          0.522726,
          0.923941
        ],
        [
          -0.084175,
          -0.954818,
          -0.285023,
          1.493797
        ],
        [
          0.0,
          0.0,
          0.0,
          1.0
        ]
      ]
    },
    {
      "file_path": "/media/NFS/ttao/scannet/posed_images/scene0032_00/00134.jpg",
      "transform_matrix": [
        [
          0.58625,
          0.191477,
          -0.787177,
          1.887537
        ],
        [
          0.805051,
          -0.246325,
          0.539645,
          0.9465
        ],
        [
          -0.090572,
          -0.950085,
          -0.298557,
          1.487086
        ],
        [
          0.0,
          0.0,
          0.0,
          1.0
        ]
      ]
    },
    {
      "file_path": "/media/NFS/ttao/scannet/posed_images/scene0032_00/00137.jpg",
      "transform_matrix": [
        [
          0.604064,
          0.19567,
          -0.772541,
          1.886235
        ],
        [
          0.791622,
          -0.259081,
          0.553364,
          0.96593
        ],
        [
          -0.091874,
          -0.945828,
          -0.311399,
          1.478836
        ],
        [
          0.0,
          0.0,
          0.0,
          1.0
        ]
      ]
    },
    {
      "file_path": "/media/NFS/ttao/scannet/posed_images/scene0032_00/00138.jpg",
      "transform_matrix": [
        [
          0.608613,
          0.200592,
          -0.767693,
          1.883273
        ],
        [
          0.788308,
          -0.263005,
          0.556235,
          0.970941
        ],
        [
          -0.090331,
          -0.943712,
          -0.318197,
          1.47549
        ],
        [
          0.0,
          0.0,
          0.0,
          1.0
        ]
      ]
    },
    {
      "file_path": "/media/NFS/ttao/scannet/posed_images/scene0032_00/00141.jpg",
      "transform_matrix": [
        [
          0.617284,
          0.217083,
          -0.756198,
          1.878577
        ],
        [
          0.78218,
          -0.272673,
          0.560217,
          0.989355
        ],
        [
          -0.084581,
          -0.937296,
          -0.338115,
          1.459188
        ],
        [
          0.0,
          0.0,
          0.0,
          1.0
        ]
      ]
    },
    {
      "file_path": "/media/NFS/ttao/scannet/posed_images/scene0032_00/00146.jpg",
      "transform_matrix": [
        [
          0.657852,
          0.219152,
          -0.720557,
          1.865117
        ],
        [
          0.749426,
          -0.285459,
          0.597388,
          1.026395
        ],
        [
          -0.074771,
          -0.932998,
          -0.352029,
          1.44011
        ],
        [
          0.0,
          0.0,
          0.0,
          1.0
        ]
      ]
    },
    {
      "file_path": "/media/NFS/ttao/scannet/posed_images/scene0032_00/00148.jpg",
      "transform_matrix": [
        [
          0.680153,
          0.211966,
          -0.701757,
          1.860142
        ],
        [
          0.730698,
          -0.272976,
          0.62575,
          1.036021
        ],
        [
          -0.058925,
          -0.938379,
          -0.340549,
          1.429453
        ],
        [
          0.0,
          0.0,
          0.0,
          1.0
        ]
      ]
    },
    {
      "file_path": "/media/NFS/ttao/scannet/posed_images/scene0032_00/00150.jpg",
      "transform_matrix": [
        [
          0.710576,
          0.212583,
          -0.670738,
          1.845814
        ],
        [
          0.701489,
          -0.288175,
          0.651819,
          1.052081
        ],
        [
          -0.054724,
          -0.933683,
          -0.353895,
          1.423242
        ],
        [
          0.0,
          0.0,
          0.0,
          1.0
        ]
      ]
    },
    {
      "file_path": "/media/NFS/ttao/scannet/posed_images/scene0032_00/00153.jpg",
      "transform_matrix": [
        [
          0.73825,
          0.204495,
          -0.642782,
          1.833496
        ],
        [
          0.672596,
          -0.295233,
          0.678566,
          1.062865
        ],
        [
          -0.051007,
          -0.933284,
          -0.355498,
          1.417582
        ],
        [
          0.0,
          0.0,
          0.0,
          1.0
        ]
      ]
    },
    {
      "file_path": "/media/NFS/ttao/scannet/posed_images/scene0032_00/00155.jpg",
      "transform_matrix": [
        [
          0.755641,
          0.195771,
          -0.625044,
          1.824373
        ],
        [
          0.652308,
          -0.311136,
          0.69115,
          1.071443
        ],
        [
          -0.059166,
          -0.929983,
          -0.362811,
          1.419417
        ],
        [
          0.0,
          0.0,
          0.0,
          1.0
        ]
      ]
    },
    {
      "file_path": "/media/NFS/ttao/scannet/posed_images/scene0032_00/00160.jpg",
      "transform_matrix": [
        [
          0.797883,
          0.160543,
          -0.581042,
          1.800321
        ],
        [
          0.598877,
          -0.321077,
          0.73366,
          1.077886
        ],
        [
          -0.068775,
          -0.933347,
          -0.352327,
          1.423557
        ],
        [
          0.0,
          0.0,
          0.0,
          1.0
        ]
      ]
    },
    {
      "file_path": "/media/NFS/ttao/scannet/posed_images/scene0032_00/00162.jpg",
      "transform_matrix": [
        [
          0.830039,
          0.141815,
          -0.539374,
          1.7784
        ],
        [
          0.554236,
          -0.317461,
          0.769442,
          1.077901
        ],
        [
          -0.062111,
          -0.937607,
          -0.342104,
          1.430532
        ],
        [
          0.0,
          0.0,
          0.0,
          1.0
        ]
      ]
    },
    {
      "file_path": "/media/NFS/ttao/scannet/posed_images/scene0032_00/00165.jpg",
      "transform_matrix": [
        [
          0.852472,
          0.12238,
          -0.508246,
          1.756616
        ],
        [
          0.517672,
          -0.333091,
          0.788077,
          1.068845
        ],
        [
          -0.072847,
          -0.934919,
          -0.347304,
          1.434758
        ],
        [
          0.0,
          0.0,
          0.0,
          1.0
        ]
      ]
    },
    {
      "file_path": "/media/NFS/ttao/scannet/posed_images/scene0032_00/00166.jpg",
      "transform_matrix": [
        [
          0.858983,
          0.115797,
          -0.498737,
          1.750243
        ],
        [
          0.506149,
          -0.338933,
          0.793056,
          1.067353
        ],
        [
          -0.077205,
          -0.933657,
          -0.349749,
          1.437584
        ],
        [
          0.0,
          0.0,
          0.0,
          1.0
        ]
      ]
    },
    {
      "file_path": "/media/NFS/ttao/scannet/posed_images/scene0032_00/00171.jpg",
      "transform_matrix": [
        [
          0.90211,
          0.06347,
          -0.426813,
          1.711878
        ],
        [
          0.422052,
          -0.335705,
          0.842125,
          1.041266
        ],
        [
          -0.089834,
          -0.939827,
          -0.32963,
          1.447076
        ],
        [
          0.0,
          0.0,
          0.0,
          1.0
        ]
      ]
    },
    {
      "file_path": "/media/NFS/ttao/scannet/posed_images/scene0032_00/00172.jpg",
      "transform_matrix": [
        [
          0.906745,
          0.060967,
          -0.417249,
          1.708638
        ],
        [
          0.412419,
          -0.334449,
          0.847381,
          1.03841
        ],
        [
          -0.087886,
          -0.94044,
          -0.328404,
          1.446994
        ],
        [
          0.0,
          0.0,
          0.0,
          1.0
        ]
      ]
    },
    {
      "file_path": "/media/NFS/ttao/scannet/posed_images/scene0032_00/00174.jpg",
      "transform_matrix": [
        [
          0.916863,
          0.057388,
          -0.395054,
          1.69845
        ],
        [
          0.391073,
          -0.327794,
          0.860007,
          1.02989
        ],
        [
          -0.080143,
          -0.943005,
          -0.322985,
          1.447023
        ],
        [
          0.0,
          0.0,
          0.0,
          1.0
        ]
      ]
    },
    {
      "file_path": "/media/NFS/ttao/scannet/posed_images/scene0032_00/00178.jpg",
      "transform_matrix": [
        [
          0.933466,
          0.041496,
          -0.356258,
          1.684255
        ],
        [
          0.349098,
          -0.333015,
          0.875917,
          1.018877
        ],
        [
          -0.082292,
          -0.942008,
          -0.325344,
          1.447499
        ],
        [
          0.0,
          0.0,
          0.0,
          1.0
        ]
      ]
    },
    {
      "file_path": "/media/NFS/ttao/scannet/posed_images/scene0032_00/00180.jpg",
      "transform_matrix": [
        [
          0.941234,
          0.038191,
          -0.33559,
          1.676423
        ],
        [
          0.327604,
          -0.345008,
          0.879571,
          1.015293
        ],
        [
          -0.08219,
          -0.937823,
          -0.337244,
          1.446857
        ],
        [
          0.0,
          0.0,
          0.0,
          1.0
        ]
      ]
    },
    {
      "file_path": "/media/NFS/ttao/scannet/posed_images/scene0032_00/00185.jpg",
      "transform_matrix": [
        [
          0.962111,
          0.024225,
          -0.271581,
          1.672063
        ],
        [
          0.262585,
          -0.35057,
          0.898971,
          1.020948
        ],
        [
          -0.07343,
          -0.936223,
          -0.343648,
          1.444983
        ],
        [
          0.0,
          0.0,
          0.0,
          1.0
        ]
      ]
    },
    {
      "file_path": "/media/NFS/ttao/scannet/posed_images/scene0032_00/00187.jpg",
      "transform_matrix": [
        [
          0.972811,
          0.022385,
          -0.230517,
          1.667568
        ],
        [
          0.224232,
          -0.340116,
          0.913258,
          1.029163
        ],
        [
          -0.057959,
          -0.940117,
          -0.335888,
          1.441562
        ],
        [
          0.0,
          0.0,
          0.0,
          1.0
        ]
      ]
    },
    {
      "file_path": "/media/NFS/ttao/scannet/posed_images/scene0032_00/00190.jpg",
      "transform_matrix": [
        [
          0.980456,
          0.018089,
          -0.195904,
          1.655021
        ],
        [
          0.190264,
          -0.340514,
          0.920788,
          1.045148
        ],
        [
          -0.050052,
          -0.940065,
          -0.337301,
          1.443121
        ],
        [
          0.0,
          0.0,
          0.0,
          1.0
        ]
      ]
    },
    {
      "file_path": "/media/NFS/ttao/scannet/posed_images/scene0032_00/00193.jpg",
      "transform_matrix": [
        [
          0.983367,
          0.01266,
          -0.181189,
          1.647255
        ],
        [
          0.175131,
          -0.330564,
          0.927392,
          1.066874
        ],
        [
          -0.048154,
          -0.943699,
          -0.327283,
          1.443315
        ],
        [
          0.0,
          0.0,
          0.0,
          1.0
        ]
      ]
    },
    {
      "file_path": "/media/NFS/ttao/scannet/posed_images/scene0032_00/00194.jpg",
      "transform_matrix": [
        [
          0.983668,
          0.009922,
          -0.179721,
          1.645977
        ],
        [
          0.172987,
          -0.328004,
          0.928703,
          1.075312
        ],
        [
          -0.049735,
          -0.944624,
          -0.324364,
          1.44383
        ],
        [
          0.0,
          0.0,
          0.0,
          1.0
        ]
      ]
    },
    {
      "file_path": "/media/NFS/ttao/scannet/posed_images/scene0032_00/00197.jpg",
      "transform_matrix": [
        [
          0.986945,
          -0.005368,
          -0.16097,
          1.639378
        ],
        [
          0.149798,
          -0.336562,
          0.92967,
          1.109939
        ],
        [
          -0.059167,
          -0.941646,
          -0.331364,
          1.446261
        ],
        [
          0.0,
          0.0,
          0.0,
          1.0
        ]
      ]
    },
    {
      "file_path": "/media/NFS/ttao/scannet/posed_images/scene0032_00/00200.jpg",
      "transform_matrix": [
        [
          0.990205,
          -0.022682,
          -0.137764,
          1.630289
        ],
        [
          0.121756,
          -0.342611,
          0.931554,
          1.144651
        ],
        [
          -0.068329,
          -0.939204,
          -0.336493,
          1.444769
        ],
        [
          0.0,
          0.0,
          0.0,
          1.0
        ]
      ]
    },
    {
      "file_path": "/media/NFS/ttao/scannet/posed_images/scene0032_00/00202.jpg",
      "transform_matrix": [
        [
          0.991722,
          -0.029373,
          -0.124998,
          1.625752
        ],
        [
          0.107742,
          -0.339204,
          0.934523,
          1.165641
        ],
        [
          -0.069849,
          -0.940254,
          -0.333231,
          1.440554
        ],
        [
          0.0,
          0.0,
          0.0,
          1.0
        ]
      ]
    },
    {
      "file_path": "/media/NFS/ttao/scannet/posed_images/scene0032_00/00205.jpg",
      "transform_matrix": [
        [
          0.992598,
          -0.043105,
          -0.113538,
          1.618387
        ],
        [
          0.090612,
          -0.359605,
          0.928694,
          1.197616
        ],
        [
          -0.080861,
          -0.932109,
          -0.353038,
          1.434332
        ],
        [
          0.0,
          0.0,
          0.0,
          1.0
        ]
      ]
    },
    {
      "file_path": "/media/NFS/ttao/scannet/posed_images/scene0032_00/00210.jpg",
      "transform_matrix": [
        [
          0.995218,
          -0.062001,
          -0.075482,
          1.602531
        ],
        [
          0.047574,
          -0.367242,
          0.928908,
          1.233278
        ],
        [
          -0.085314,
          -0.928057,
          -0.362536,
          1.431778
        ],
        [
          0.0,
          0.0,
          0.0,
          1.0
        ]
      ]
    },
    {
      "file_path": "/media/NFS/ttao/scannet/posed_images/scene0032_00/00212.jpg",
      "transform_matrix": [
        [
          0.995147,
          -0.062097,
          -0.076327,
          1.596175
        ],
        [
          0.046212,
          -0.389886,
          0.919703,
          1.244199
        ],
        [
          -0.08687,
          -0.918767,
          -0.385124,
          1.436751
        ],
        [
          0.0,
          0.0,
          0.0,
          1.0
        ]
      ]
    },
    {
      "file_path": "/media/NFS/ttao/scannet/posed_images/scene0032_00/00214.jpg",
      "transform_matrix": [
        [
          -Infinity,
          -Infinity,
          -Infinity,
          -Infinity
        ],
        [
          -Infinity,
          -Infinity,
          -Infinity,
          -Infinity
        ],
        [
          -Infinity,
          -Infinity,
