{
  "frames": [
    {
      "file_path": "/media/NFS/ttao/scannet/posed_images/scene0570_00/00000.jpg",
      "transform_matrix": [
        [
          -0.834899,
          0.393932,
          -0.384397,
          3.849026
        ],
        [
          0.549403,
          0.554388,
          -0.625148,
          2.887923
        ],
        [
          -0.033161,
          -0.733124,
          -0.679286,
          1.475935
        ],
        [
          0.0,
          0.0,
          0.0,
          1.0
        ]
      ]
    },
    {
      "file_path": "/media/NFS/ttao/scannet/posed_images/scene0570_00/00001.jpg",
      "transform_matrix": [
        [
          -0.834345,
          0.393306,
          -0.386238,
          3.848826
        ],
        [
          0.550466,
          0.557252,
          -0.621658,
          2.885514
        ],
        [
          -0.02927,
          -0.731287,
          -0.681441,
          1.47333
        ],
        [
          0.0,
          0.0,
          0.0,
          1.0
        ]
      ]
    },
    {
      "file_path": "/media/NFS/ttao/scannet/posed_images/scene0570_00/00003.jpg",
      "transform_matrix": [
        [
          -0.833427,
          0.393677,
          -0.387838,
          3.845957
        ],
        [
          0.55193,
          0.55766,
          -0.619991,
          2.885869
        ],
        [
          -0.027795,
          -0.730776,
          -0.682051,
          1.474052
        ],
        [
          0.0,
          0.0,
          0.0,
          1.0
        ]
      ]
    },
    {
      "file_path": "/media/NFS/ttao/scannet/posed_images/scene0570_00/00005.jpg",
      "transform_matrix": [
        [
          -0.833379,
          0.393662,
          -0.387956,
          3.844977
        ],
        [
          0.552018,
          0.55792,
          -0.619679,
          2.884531
        ],
        [
          -0.027496,
          -0.730586,
          -0.682267,
          1.47516
        ],
        [
          0.0,
          0.0,
          0.0,
          1.0
        ]
      ]
    },
    {
      "file_path": "/media/NFS/ttao/scannet/posed_images/scene0570_00/00007.jpg",
      "transform_matrix": [
        [
          -0.834069,
          0.392073,
          -0.388083,
          3.843536
        ],
        [
          0.551004,
          0.557776,
          -0.62071,
          2.883854
        ],
        [
          -0.0269,
          -0.73155,
          -0.681257,
          1.475922
        ],
        [
          0.0,
          0.0,
          0.0,
          1.0
        ]
      ]
    },
    {
      "file_path": "/media/NFS/ttao/scannet/posed_images/scene0570_00/00009.jpg",
      "transform_matrix": [
        [
          -0.833922,
          0.391481,
          -0.388994,
          3.843801
        ],
        [
          0.551307,
          0.558746,
          -0.619568,
          2.881637
        ],
        [
          -0.0252,
          -0.731126,
          -0.681777,
          1.476128
        ],
        [
          0.0,
          0.0,
          0.0,
          1.0
        ]
      ]
    },
    {
      "file_path": "/media/NFS/ttao/scannet/posed_images/scene0570_00/00012.jpg",
      "transform_matrix": [
        [
          -0.835123,
          0.389396,
          -0.388511,
          3.843653
        ],
        [
          0.549561,
          0.560456,
          -0.619574,
          2.878618
        ],
        [
          -0.023516,
          -0.730931,
          -0.682046,
          1.477053
        ],
        [
          0.0,
          0.0,
          0.0,
          1.0
        ]
      ]
    },
    {
      "file_path": "/media/NFS/ttao/scannet/posed_images/scene0570_00/00013.jpg",
      "transform_matrix": [
        [
          -0.835663,
          0.387597,
          -0.389148,
          3.843872
        ],
        [
          0.548777,
          0.560027,
          -0.620656,
          2.878484
        ],
        [
          -0.022631,
          -0.732215,
          -0.680698,
          1.477006
        ],
        [
          0.0,
          0.0,
          0.0,
          1.0
        ]
      ]
    },
    {
      "file_path": "/media/NFS/ttao/scannet/posed_images/scene0570_00/00015.jpg",
      "transform_matrix": [
        [
          -0.83564,
          0.386355,
          -0.39043,
          3.846237
        ],
        [
          0.548869,
          0.559906,
          -0.620684,
          2.877603
        ],
        [
          -0.0212,
          -0.732963,
          -0.679938,
          1.476605
        ],
        [
          0.0,
          0.0,
          0.0,
          1.0
        ]
      ]
    },
    {
      "file_path": "/media/NFS/ttao/scannet/posed_images/scene0570_00/00016.jpg",
      "transform_matrix": [
        [
          -0.835539,
          0.386924,
          -0.390083,
          3.847127
        ],
        [
          0.549016,
          0.56033,
          -0.620171,
          2.876566
        ],
        [
          -0.021384,
          -0.732339,
          -0.680605,
          1.47696
        ],
        [
          0.0,
          0.0,
          0.0,
          1.0
        ]
      ]
    },
    {
      "file_path": "/media/NFS/ttao/scannet/posed_images/scene0570_00/00019.jpg",
      "transform_matrix": [
        [
          -0.834369,
          0.389433,
          -0.390089,
          3.852585
        ],
        [
          0.550889,
          0.565155,
          -0.614102,
          2.873309
        ],
        [
          -0.018691,
          -0.727284,
          -0.686083,
          1.473503
        ],
        [
          0.0,
          0.0,
          0.0,
          1.0
        ]
      ]
    },
    {
      "file_path": "/media/NFS/ttao/scannet/posed_images/scene0570_00/00020.jpg",
      "transform_matrix": [
        [
          -0.832929,
          0.391627,
          -0.390969,
          3.854042
        ],
        [
          0.553105,
          0.566907,
          -0.610485,
          2.871392
        ],
        [
          -0.017439,
          -0.724737,
          -0.688805,
          1.473644
        ],
        [
          0.0,
          0.0,
          0.0,
          1.0
        ]
      ]
    },
    {
      "file_path": "/media/NFS/ttao/scannet/posed_images/scene0570_00/00022.jpg",
      "transform_matrix": [
        [
          -0.829991,
          0.394744,
          -0.394072,
          3.856859
        ],
        [
          0.557656,
          0.572537,
          -0.601017,
          2.869132
        ],
        [
          -0.011627,
          -0.718595,
          -0.695332,
          1.472296
        ],
        [
          0.0,
          0.0,
          0.0,
          1.0
        ]
      ]
    },
    {
      "file_path": "/media/NFS/ttao/scannet/posed_images/scene0570_00/00025.jpg",
      "transform_matrix": [
        [
          -0.820059,
          0.405958,
          -0.403363,
          3.859431
        ],
        [
          0.572274,
          0.578542,
          -0.581198,
          2.868402
        ],
        [
          -0.00258,
          -0.707451,
          -0.706758,
          1.468923
        ],
        [
          0.0,
          0.0,
          0.0,
          1.0
        ]
      ]
    },
    {
      "file_path": "/media/NFS/ttao/scannet/posed_images/scene0570_00/00027.jpg",
      "transform_matrix": [
        [
          -0.811486,
          0.41707,
          -0.409319,
          3.858021
        ],
        [
          0.584362,
          0.583188,
          -0.564281,
          2.870028
        ],
        [
          0.003365,
          -0.697097,
          -0.716969,
          1.467931
        ],
        [
          0.0,
          0.0,
          0.0,
          1.0
        ]
      ]
    },
    {
      "file_path": "/media/NFS/ttao/scannet/posed_images/scene0570_00/00028.jpg",
      "transform_matrix": [
        [
          -0.806487,
          0.421114,
          -0.41502,
          3.859624
        ],
        [
          0.591208,
          0.58289,
          -0.557416,
          2.869613
        ],
        [
          0.007175,
          -0.694911,
          -0.71906,
          1.4663
        ],
        [
          0.0,
          0.0,
          0.0,
          1.0
        ]
      ]
    },
    {
      "file_path": "/media/NFS/ttao/scannet/posed_images/scene0570_00/00030.jpg",
      "transform_matrix": [
        [
          -0.797612,
          0.431195,
          -0.421766,
          3.860165
        ],
        [
          0.603074,
          0.582656,
          -0.544807,
          2.874029
        ],
        [
          0.010826,
          -0.6889,
          -0.724775,
          1.462777
        ],
        [
          0.0,
          0.0,
          0.0,
          1.0
        ]
      ]
    },
    {
      "file_path": "/media/NFS/ttao/scannet/posed_images/scene0570_00/00032.jpg",
      "transform_matrix": [
        [
          -0.788722,
          0.440001,
          -0.429321,
          3.861314
        ],
        [
          0.614591,
          0.580251,
          -0.534403,
          2.87925
        ],
        [
          0.013976,
          -0.685353,
          -0.728077,
          1.459742
        ],
        [
          0.0,
          0.0,
          0.0,
          1.0
        ]
      ]
    },
    {
      "file_path": "/media/NFS/ttao/scannet/posed_images/scene0570_00/00034.jpg",
      "transform_matrix": [
        [
          -0.778961,
          0.450596,
          -0.4361,
          3.859092
        ],
        [
          0.626792,
          0.580262,
          -0.520026,
          2.882698
        ],
        [
          0.018731,
          -0.678424,
          -0.734432,
          1.459895
        ],
        [
          0.0,
          0.0,
          0.0,
          1.0
        ]
      ]
    },
    {
      "file_path": "/media/NFS/ttao/scannet/posed_images/scene0570_00/00036.jpg",
      "transform_matrix": [
        [
          -0.768927,
          0.457333,
          -0.446764,
          3.862081
        ],
        [
          0.638785,
          0.578588,
          -0.507138,
          2.886078
        ],
        [
          0.026561,
          -0.675338,
          -0.73703,
          1.457915
        ],
        [
          0.0,
          0.0,
          0.0,
          1.0
        ]
      ]
    },
    {
      "file_path": "/media/NFS/ttao/scannet/posed_images/scene0570_00/00037.jpg",
      "transform_matrix": [
        [
          -0.764049,
          0.461648,
          -0.450677,
          3.861048
        ],
        [
          0.644605,
          0.575171,
          -0.503649,
          2.892834
        ],
        [
          0.026708,
          -0.675322,
          -0.73704,
          1.456739
        ],
        [
          0.0,
          0.0,
          0.0,
          1.0
        ]
      ]
    },
    {
      "file_path": "/media/NFS/ttao/scannet/posed_images/scene0570_00/00040.jpg",
      "transform_matrix": [
        [
          -0.746871,
          0.473494,
          -0.466892,
          3.859595
        ],
        [
          0.663832,
          0.571941,
          -0.481881,
          2.900906
        ],
        [
          0.038867,
          -0.669841,
          -0.741487,
          1.458257
        ],
        [
          0.0,
          0.0,
          0.0,
          1.0
        ]
      ]
    },
    {
      "file_path": "/media/NFS/ttao/scannet/posed_images/scene0570_00/00041.jpg",
      "transform_matrix": [
        [
          -0.742298,
          0.476241,
          -0.471369,
          3.855618
        ],
        [
          0.668674,
          0.571872,
          -0.475224,
          2.90366
        ],
        [
          0.043242,
          -0.667949,
          -0.742949,
          1.461981
        ],
        [
          0.0,
          0.0,
          0.0,
          1.0
        ]
      ]
    },
    {
      "file_path": "/media/NFS/ttao/scannet/posed_images/scene0570_00/00043.jpg",
      "transform_matrix": [
        [
          -0.728258,
          0.482177,
          -0.486976,
          3.857735
        ],
        [
          0.683053,
          0.568253,
          -0.458832,
          2.906162
        ],
        [
          0.055487,
          -0.666778,
          -0.743187,
          1.461516
        ],
        [
          0.0,
          0.0,
          0.0,
          1.0
        ]
      ]
    },
    {
      "file_path": "/media/NFS/ttao/scannet/posed_images/scene0570_00/00044.jpg",
      "transform_matrix": [
        [
          -0.723714,
          0.486442,
          -0.489502,
          3.855523
        ],
        [
          0.687521,
          0.569489,
          -0.450551,
          2.909058
        ],
        [
          0.059599,
          -0.662613,
          -0.746587,
          1.46228
        ],
        [
          0.0,
          0.0,
          0.0,
          1.0
        ]
      ]
    },
    {
      "file_path": "/media/NFS/ttao/scannet/posed_images/scene0570_00/00046.jpg",
      "transform_matrix": [
        [
          -0.71385,
          0.49232,
          -0.498035,
          3.852545
        ],
        [
          0.696892,
          0.569463,
          -0.435951,
          2.909408
        ],
        [
          0.068985,
          -0.65828,
          -0.749605,
          1.464669
        ],
        [
          0.0,
          0.0,
          0.0,
          1.0
        ]
      ]
    },
    {
      "file_path": "/media/NFS/ttao/scannet/posed_images/scene0570_00/00049.jpg",
      "transform_matrix": [
        [
          -0.701619,
          0.492113,
          -0.515321,
          3.849141
        ],
        [
          0.708079,
          0.562431,
          -0.42696,
          2.918724
        ],
        [
          0.07972,
          -0.664452,
          -0.743067,
          1.467684
        ],
        [
          0.0,
          0.0,
          0.0,
          1.0
        ]
      ]
    },
    {
      "file_path": "/media/NFS/ttao/scannet/posed_images/scene0570_00/00050.jpg",
      "transform_matrix": [
        [
          -0.698566,
          0.487947,
          -0.523368,
          3.852278
        ],
        [
          0.710686,
          0.558232,
          -0.428138,
          2.927835
        ],
        [
          0.083252,
          -0.671033,
          -0.736739,
          1.461094
        ],
        [
          0.0,
          0.0,
          0.0,
          1.0
        ]
      ]
    },
    {
      "file_path": "/media/NFS/ttao/scannet/posed_images/scene0570_00/00053.jpg",
      "transform_matrix": [
        [
          -0.69225,
          0.480923,
          -0.538055,
          3.846763
        ],
        [
          0.715737,
          0.552852,
          -0.426703,
          2.931023
        ],
        [
          0.092253,
          -0.680491,
          -0.726926,
          1.469694
        ],
        [
          0.0,
          0.0,
          0.0,
          1.0
        ]
      ]
    },
    {
      "file_path": "/media/NFS/ttao/scannet/posed_images/scene0570_00/00055.jpg",
      "transform_matrix": [
        [
          -0.68823,
          0.47568,
          -0.547785,
          3.845541
        ],
        [
          0.719183,
          0.54669,
          -0.428843,
          2.931681
        ],
        [
          0.095476,
          -0.6891,
          -0.718349,
          1.47338
        ],
        [
          0.0,
          0.0,
          0.0,
          1.0
        ]
      ]
    },
    {
      "file_path": "/media/NFS/ttao/scannet/posed_images/scene0570_00/00056.jpg",
      "transform_matrix": [
        [
          -0.688071,
          0.471847,
          -0.551289,
          3.844471
        ],
        [
          0.719202,
          0.544448,
          -0.431654,
          2.931372
        ],
        [
          0.096474,
          -0.693496,
          -0.713972,
          1.476388
        ],
        [
          0.0,
          0.0,
          0.0,
          1.0
        ]
      ]
    },
    {
      "file_path": "/media/NFS/ttao/scannet/posed_images/scene0570_00/00057.jpg",
      "transform_matrix": [
        [
          -0.68776,
          0.468756,
          -0.554305,
          3.84426
        ],
        [
          0.719953,
          0.538286,
          -0.438082,
          2.931814
        ],
        [
          0.093021,
          -0.700369,
          -0.707694,
          1.478338
        ],
        [
          0.0,
          0.0,
          0.0,
          1.0
        ]
      ]
    },
    {
      "file_path": "/media/NFS/ttao/scannet/posed_images/scene0570_00/00059.jpg",
      "transform_matrix": [
        [
          -0.692296,
          0.458499,
          -0.557229,
          3.844483
        ],
        [
          0.716106,
          0.531731,
          -0.452165,
          2.932506
        ],
        [
          0.088979,
          -0.712067,
          -0.69645,
          1.483727
        ],
        [
          0.0,
          0.0,
          0.0,
          1.0
        ]
      ]
    },
    {
      "file_path": "/media/NFS/ttao/scannet/posed_images/scene0570_00/00062.jpg",
      "transform_matrix": [
        [
          -0.702338,
          0.447289,
          -0.553764,
          3.846752
        ],
        [
          0.707094,
          0.528091,
          -0.470254,
          2.923976
        ],
        [
          0.082098,
          -0.72184,
          -0.687173,
          1.496064
        ],
        [
          0.0,
          0.0,
          0.0,
          1.0
        ]
      ]
    },
    {
      "file_path": "/media/NFS/ttao/scannet/posed_images/scene0570_00/00063.jpg",
      "transform_matrix": [
        [
          -0.708453,
          0.442472,
          -0.549829,
          3.845751
        ],
        [
          0.701555,
          0.526406,
          -0.480329,
          2.922719
        ],
        [
          0.076901,
          -0.726027,
          -0.683353,
          1.499104
        ],
        [
          0.0,
          0.0,
          0.0,
          1.0
        ]
      ]
    },
    {
      "file_path": "/media/NFS/ttao/scannet/posed_images/scene0570_00/00065.jpg",
      "transform_matrix": [
        [
          -0.721092,
          0.429627,
          -0.543551,
          3.847184
        ],
        [
          0.689143,
          0.525692,
          -0.498727,
          2.917793
        ],
        [
          0.071474,
          -0.734213,
          -0.675147,
          1.505827
        ],
        [
          0.0,
          0.0,
          0.0,
          1.0
        ]
      ]
    },
    {
      "file_path": "/media/NFS/ttao/scannet/posed_images/scene0570_00/00068.jpg",
      "transform_matrix": [
        [
          -0.739586,
          0.408879,
          -0.534631,
          3.852671
        ],
        [
          0.669279,
          0.530865,
          -0.519853,
          2.909255
        ],
        [
          0.07126,
          -0.742294,
          -0.666275,
          1.509076
        ],
        [
          0.0,
          0.0,
          0.0,
          1.0
        ]
      ]
    },
    {
      "file_path": "/media/NFS/ttao/scannet/posed_images/scene0570_00/00069.jpg",
      "transform_matrix": [
        [
          -0.746771,
          0.403444,
          -0.52874,
          3.85288
        ],
        [
          0.661466,
          0.53331,
          -0.527297,
          2.907692
        ],
        [
          0.069248,
          -0.743514,
          -0.665125,
          1.5111
        ],
        [
          0.0,
          0.0,
          0.0,
          1.0
        ]
      ]
    },
    {
      "file_path": "/media/NFS/ttao/scannet/posed_images/scene0570_00/00071.jpg",
      "transform_matrix": [
        [
          -0.762073,
          0.390409,
          -0.516552,
          3.85524
        ],
        [
          0.644748,
          0.53091,
          -0.54994,
          2.911283
        ],
        [
          0.059541,
          -0.75214,
          -0.656308,
          1.510715
        ],
        [
          0.0,
          0.0,
          0.0,
          1.0
        ]
      ]
    },
    {
      "file_path": "/media/NFS/ttao/scannet/posed_images/scene0570_00/00073.jpg",
      "transform_matrix": [
        [
          -0.778342,
          0.377652,
          -0.50156,
          3.859086
        ],
        [
          0.625657,
          0.533119,
          -0.569506,
          2.907228
        ],
        [
          0.052315,
          -0.757075,
          -0.65123,
          1.512553
        ],
        [
          0.0,
          0.0,
          0.0,
          1.0
        ]
      ]
    },
    {
      "file_path": "/media/NFS/ttao/scannet/posed_images/scene0570_00/00074.jpg",
      "transform_matrix": [
        [
          -0.787274,
          0.371803,
          -0.491896,
          3.859578
        ],
        [
          0.614636,
          0.536873,
          -0.577919,
          2.90473
        ],
        [
          0.049214,
          -0.757318,
          -0.651189,
          1.514505
        ],
        [
          0.0,
          0.0,
          0.0,
          1.0
        ]
      ]
    },
    {
      "file_path": "/media/NFS/ttao/scannet/posed_images/scene0570_00/00076.jpg",
      "transform_matrix": [
        [
          -0.802085,
          0.359296,
          -0.47704,
          3.863072
        ],
        [
          0.595379,
          0.543588,
          -0.591639,
          2.899465
        ],
        [
          0.04674,
          -0.758563,
          -0.649921,
          1.514419
        ],
        [
          0.0,
          0.0,
          0.0,
          1.0
        ]
      ]
    },
    {
      "file_path": "/media/NFS/ttao/scannet/posed_images/scene0570_00/00078.jpg",
      "transform_matrix": [
        [
          -0.816611,
          0.344049,
          -0.463441,
          3.862513
        ],
        [
          0.575588,
          0.545166,
          -0.609501,
          2.900692
        ],
        [
          0.042954,
          -0.764476,
          -0.643219,
          1.516397
        ],
        [
          0.0,
          0.0,
          0.0,
          1.0
        ]
      ]
    },
    {
      "file_path": "/media/NFS/ttao/scannet/posed_images/scene0570_00/00081.jpg",
      "transform_matrix": [
        [
          -0.831519,
          0.325782,
          -0.449936,
          3.863541
        ],
        [
          0.554026,
          0.545266,
          -0.629079,
          2.898533
        ],
        [
          0.040392,
          -0.772367,
          -0.633891,
          1.516709
        ],
        [
          0.0,
          0.0,
          0.0,
          1.0
        ]
      ]
    },
    {
      "file_path": "/media/NFS/ttao/scannet/posed_images/scene0570_00/00082.jpg",
      "transform_matrix": [
        [
          -0.835665,
          0.320524,
          -0.446014,
          3.862605
        ],
        [
          0.54777,
          0.545736,
          -0.63413,
          2.897969
        ],
        [
          0.040152,
          -0.774233,
          -0.631626,
          1.516461
        ],
        [
          0.0,
          0.0,
          0.0,
          1.0
        ]
      ]
    },
    {
      "file_path": "/media/NFS/ttao/scannet/posed_images/scene0570_00/00084.jpg",
      "transform_matrix": [
        [
          -0.841414,
          0.311273,
          -0.441737,
          3.860623
        ],
        [
          0.538873,
          0.544527,
          -0.642733,
          2.896622
        ],
        [
          0.040472,
          -0.778845,
          -0.62591,
          1.51993
        ],
        [
          0.0,
          0.0,
          0.0,
          1.0
        ]
      ]
    },
    {
      "file_path": "/media/NFS/ttao/scannet/posed_images/scene0570_00/00086.jpg",
      "transform_matrix": [
        [
          -0.844163,
          0.30047,
          -0.443967,
          3.857914
        ],
        [
          0.534416,
          0.536996,
          -0.652713,
          2.89661
        ],
        [
          0.042288,
          -0.788259,
          -0.613888,
          1.524699
        ],
        [
          0.0,
          0.0,
          0.0,
          1.0
        ]
      ]
    },
    {
      "file_path": "/media/NFS/ttao/scannet/posed_images/scene0570_00/00088.jpg",
      "transform_matrix": [
        [
          -0.846078,
          0.289482,
          -0.447607,
          3.853642
        ],
        [
          0.531313,
          0.525864,
          -0.664209,
          2.898271
        ],
        [
          0.043104,
          -0.799792,
          -0.598728,
          1.533267
        ],
        [
          0.0,
          0.0,
          0.0,
          1.0
        ]
      ]
    },
    {
      "file_path": "/media/NFS/ttao/scannet/posed_images/scene0570_00/00090.jpg",
      "transform_matrix": [
        [
          -0.850299,
          0.272405,
          -0.450318,
          3.852296
        ],
        [
          0.52418,
          0.515037,
          -0.678212,
          2.900373
        ],
        [
          0.047182,
          -0.812731,
          -0.580725,
          1.544472
        ],
        [
          0.0,
          0.0,
          0.0,
          1.0
        ]
      ]
    },
    {
      "file_path": "/media/NFS/ttao/scannet/posed_images/scene0570_00/00092.jpg",
      "transform_matrix": [
        [
          -0.855162,
          0.261165,
          -0.447763,
          3.848669
        ],
        [
          0.516458,
          0.503229,
          -0.692843,
          2.906182
        ],
        [
          0.04438,
          -0.823743,
          -0.565223,
          1.554042
        ],
        [
          0.0,
          0.0,
          0.0,
          1.0
        ]
      ]
    },
    {
      "file_path": "/media/NFS/ttao/scannet/posed_images/scene0570_00/00094.jpg",
      "transform_matrix": [
        [
          -0.859801,
          0.251519,
          -0.444387,
          3.850742
        ],
        [
          0.508869,
          0.494253,
          -0.704817,
          2.910488
        ],
        [
          0.042365,
          -0.832137,
          -0.55295,
          1.560482
        ],
        [
          0.0,
          0.0,
          0.0,
          1.0
        ]
      ]
    },
    {
      "file_path": "/media/NFS/ttao/scannet/posed_images/scene0570_00/00096.jpg",
      "transform_matrix": [
        [
          -0.864916,
          0.241278,
          -0.44012,
          3.853581
        ],
        [
          0.500315,
          0.484445,
          -0.717633,
          2.915585
        ],
        [
          0.040065,
          -0.840891,
          -0.53972,
          1.563288
        ],
        [
          0.0,
          0.0,
          0.0,
          1.0
        ]
      ]
    },
    {
      "file_path": "/media/NFS/ttao/scannet/posed_images/scene0570_00/00097.jpg",
      "transform_matrix": [
        [
          -0.865969,
          0.238865,
          -0.439365,
          3.857774
        ],
        [
          0.498614,
          0.480027,
          -0.721774,
          2.914892
        ],
        [
          0.0385,
          -0.844107,
          -0.53479,
          1.564609
        ],
        [
          0.0,
          0.0,
          0.0,
          1.0
        ]
      ]
    },
    {
      "file_path": "/media/NFS/ttao/scannet/posed_images/scene0570_00/00099.jpg",
      "transform_matrix": [
        [
          -0.871931,
          0.236249,
          -0.428862,
          3.860137
        ],
        [
          0.488779,
          0.471569,
          -0.733974,
          2.92051
        ],
        [
          0.028837,
          -0.849593,
          -0.526649,
          1.570321
        ],
        [
          0.0,
          0.0,
          0.0,
          1.0
        ]
      ]
    },
    {
      "file_path": "/media/NFS/ttao/scannet/posed_images/scene0570_00/00100.jpg",
      "transform_matrix": [
        [
          -0.87327,
          0.237582,
          -0.425388,
          3.864226
        ],
        [
          0.486654,
          0.468009,
          -0.737656,
          2.916789
        ],
        [
          0.023831,
          -0.851189,
          -0.524318,
          1.575368
        ],
        [
          0.0,
          0.0,
          0.0,
          1.0
        ]
      ]
    },
    {
      "file_path": "/media/NFS/ttao/scannet/posed_images/scene0570_00/00102.jpg",
      "transform_matrix": [
        [
          -0.878959,
          0.232769,
          -0.416234,
          3.867906
        ],
        [
          0.476661,
          0.456321,
          -0.751375,
          2.921453
        ],
        [
          0.015039,
          -0.85883,
          -0.512039,
          1.578257
        ],
        [
          0.0,
          0.0,
          0.0,
          1.0
        ]
      ]
    },
    {
      "file_path": "/media/NFS/ttao/scannet/posed_images/scene0570_00/00105.jpg",
      "transform_matrix": [
        [
          -0.885641,
          0.221644,
          -0.40806,
          3.872233
        ],
        [
          0.464106,
          0.452087,
          -0.761724,
          2.923865
        ],
        [
          0.015647,
          -0.863997,
          -0.503253,
          1.585487
        ],
        [
          0.0,
          0.0,
          0.0,
          1.0
        ]
      ]
    },
    {
      "file_path": "/media/NFS/ttao/scannet/posed_images/scene0570_00/00107.jpg",
      "transform_matrix": [
        [
          -0.888012,
          0.207991,
          -0.41009,
          3.877182
        ],
        [
          0.459334,
          0.442245,
          -0.770345,
          2.92707
        ],
        [
          0.021136,
          -0.872444,
          -0.488256,
          1.587905
        ],
        [
          0.0,
          0.0,
          0.0,
          1.0
        ]
      ]
    },
    {
      "file_path": "/media/NFS/ttao/scannet/posed_images/scene0570_00/00109.jpg",
      "transform_matrix": [
        [
          -0.889218,
          0.200108,
          -0.411398,
          3.880122
        ],
        [
          0.456807,
          0.437282,
          -0.774669,
          2.925974
        ],
        [
          0.02488,
          -0.876779,
          -0.480249,
          1.590899
        ],
        [
          0.0,
          0.0,
          0.0,
          1.0
        ]
      ]
    },
    {
      "file_path": "/media/NFS/ttao/scannet/posed_images/scene0570_00/00110.jpg",
      "transform_matrix": [
        [
          -0.89019,
          0.194617,
          -0.411929,
          3.883874
        ],
        [
          0.454754,
          0.434274,
          -0.777563,
          2.925349
        ],
        [
          0.027563,
          -0.879506,
          -0.475089,
          1.591459
        ],
        [
          0.0,
          0.0,
          0.0,
          1.0
        ]
      ]
    },
    {
      "file_path": "/media/NFS/ttao/scannet/posed_images/scene0570_00/00113.jpg",
      "transform_matrix": [
        [
          -0.897045,
          0.184329,
          -0.401663,
          3.884527
        ],
        [
          0.441263,
          0.423858,
          -0.790968,
          2.928351
        ],
        [
          0.02445,
          -0.886773,
          -0.461558,
          1.597371
        ],
        [
          0.0,
          0.0,
          0.0,
          1.0
        ]
      ]
    },
    {
      "file_path": "/media/NFS/ttao/scannet/posed_images/scene0570_00/00114.jpg",
      "transform_matrix": [
        [
          -0.899444,
          0.182871,
          -0.396937,
          3.88433
        ],
        [
          0.436536,
          0.419399,
          -0.795953,
          2.928015
        ],
        [
          0.020918,
          -0.889192,
          -0.457056,
          1.598824
        ],
        [
          0.0,
          0.0,
          0.0,
          1.0
        ]
      ]
    },
    {
      "file_path": "/media/NFS/ttao/scannet/posed_images/scene0570_00/00116.jpg",
      "transform_matrix": [
        [
          -0.905254,
          0.175249,
          -0.387044,
          3.889278
        ],
        [
          0.424449,
          0.413586,
          -0.805475,
          2.929814
        ],
        [
          0.018917,
          -0.893439,
          -0.448785,
          1.599526
        ],
        [
          0.0,
          0.0,
          0.0,
          1.0
        ]
      ]
    },
    {
      "file_path": "/media/NFS/ttao/scannet/posed_images/scene0570_00/00118.jpg",
      "transform_matrix": [
        [
          -0.911064,
          0.168712,
          -0.376162,
          3.891544
        ],
        [
          0.411961,
          0.407574,
          -0.814967,
          2.928757
        ],
        [
          0.015819,
          -0.897451,
          -0.440829,
          1.600518
        ],
        [
          0.0,
          0.0,
          0.0,
          1.0
        ]
      ]
    },
    {
      "file_path": "/media/NFS/ttao/scannet/posed_images/scene0570_00/00119.jpg",
      "transform_matrix": [
        [
          -0.914051,
          0.165854,
          -0.37014,
          3.892758
        ],
        [
          0.40531,
          0.407968,
          -0.818099,
          2.928124
        ],
        [
          0.01532,
          -0.897805,
          -0.440126,
          1.6022
        ],
        [
          0.0,
          0.0,
          0.0,
          1.0
        ]
      ]
    },
    {
      "file_path": "/media/NFS/ttao/scannet/posed_images/scene0570_00/00121.jpg",
      "transform_matrix": [
        [
          -0.921495,
          0.159278,
          -0.354227,
          3.89144
        ],
        [
          0.38817,
          0.408338,
          -0.826186,
          2.929556
        ],
        [
          0.013051,
          -0.898827,
          -0.438109,
          1.603625
        ],
        [
          0.0,
          0.0,
          0.0,
          1.0
        ]
      ]
    },
    {
      "file_path": "/media/NFS/ttao/scannet/posed_images/scene0570_00/00123.jpg",
      "transform_matrix": [
        [
          -0.929172,
          0.154189,
          -0.335954,
          3.892577
        ],
        [
          0.369554,
          0.407994,
          -0.834848,
          2.929003
        ],
        [
          0.008343,
          -0.89987,
          -0.436078,
          1.60177
        ],
        [
          0.0,
          0.0,
          0.0,
          1.0
        ]
      ]
    },
    {
      "file_path": "/media/NFS/ttao/scannet/posed_images/scene0570_00/00126.jpg",
      "transform_matrix": [
        [
          -0.940451,
          0.138985,
          -0.310218,
          3.897266
        ],
        [
          0.339836,
          0.405832,
          -0.848417,
          2.926955
        ],
        [
          0.007979,
          -0.903318,
          -0.428898,
          1.596082
        ],
        [
          0.0,
          0.0,
          0.0,
          1.0
        ]
      ]
    },
    {
      "file_path": "/media/NFS/ttao/scannet/posed_images/scene0570_00/00128.jpg",
      "transform_matrix": [
        [
          -0.945421,
          0.133809,
          -0.297109,
          3.901382
        ],
        [
          0.325738,
          0.412048,
          -0.850947,
          2.922886
        ],
        [
          0.008559,
          -0.901283,
          -0.433146,
          1.592525
        ],
        [
          0.0,
          0.0,
          0.0,
          1.0
        ]
      ]
    },
    {
      "file_path": "/media/NFS/ttao/scannet/posed_images/scene0570_00/00129.jpg",
      "transform_matrix": [
        [
          -0.948503,
          0.132407,
          -0.287768,
          3.899256
        ],
        [
          0.316704,
          0.414625,
          -0.853103,
          2.922987
        ],
        [
          0.006359,
          -0.900308,
          -0.435207,
          1.591951
        ],
        [
          0.0,
          0.0,
          0.0,
          1.0
        ]
      ]
    },
    {
      "file_path": "/media/NFS/ttao/scannet/posed_images/scene0570_00/00131.jpg",
      "transform_matrix": [
        [
          -0.952754,
          0.130116,
          -0.274463,
          3.898764
        ],
        [
          0.303725,
          0.418101,
          -0.85612,
          2.916274
        ],
        [
          0.003359,
          -0.899033,
          -0.437867,
          1.591646
        ],
        [
          0.0,
          0.0,
          0.0,
          1.0
        ]
      ]
    },
    {
      "file_path": "/media/NFS/ttao/scannet/posed_images/scene0570_00/00133.jpg",
      "transform_matrix": [
        [
          -0.956393,
          0.126872,
          -0.263088,
          3.900116
        ],
        [
          0.292081,
          0.413778,
          -0.862251,
          2.913829
        ],
        [
          -0.000535,
          -0.901494,
          -0.432791,
          1.592391
        ],
        [
          0.0,
          0.0,
          0.0,
          1.0
        ]
      ]
    },
    {
      "file_path": "/media/NFS/ttao/scannet/posed_images/scene0570_00/00134.jpg",
      "transform_matrix": [
        [
          -0.958434,
          0.122639,
          -0.25761,
          3.898986
        ],
        [
          0.285311,
          0.408278,
          -0.867126,
          2.914548
        ],
        [
          -0.001167,
          -0.904582,
          -0.426298,
          1.590031
        ],
        [
          0.0,
          0.0,
          0.0,
          1.0
        ]
      ]
    },
    {
      "file_path": "/media/NFS/ttao/scannet/posed_images/scene0570_00/00137.jpg",
      "transform_matrix": [
        [
          -0.962867,
          0.112594,
          -0.245376,
          3.895393
        ],
        [
          0.269971,
          0.395893,
          -0.877716,
          2.910047
        ],
        [
          -0.001683,
          -0.911368,
          -0.411589,
          1.599162
        ],
        [
          0.0,
          0.0,
          0.0,
          1.0
        ]
      ]
    },
    {
      "file_path": "/media/NFS/ttao/scannet/posed_images/scene0570_00/00139.jpg",
      "transform_matrix": [
        [
          -0.966217,
          0.101854,
          -0.23675,
          3.893551
        ],
        [
          0.257729,
          0.383947,
          -0.886657,
          2.909515
        ],
        [
          0.00059,
          -0.91772,
          -0.397227,
          1.605677
        ],
        [
          0.0,
          0.0,
          0.0,
          1.0
        ]
      ]
    },
    {
      "file_path": "/media/NFS/ttao/scannet/posed_images/scene0570_00/00140.jpg",
      "transform_matrix": [
        [
          -0.967569,
          0.090066,
          -0.236005,
          3.895753
        ],
        [
          0.25245,
          0.377782,
          -0.890814,
          2.910303
        ],
        [
          0.008926,
          -0.921503,
          -0.388268,
          1.602815
        ],
        [
          0.0,
          0.0,
          0.0,
          1.0
        ]
      ]
    },
    {
      "file_path": "/media/NFS/ttao/scannet/posed_images/scene0570_00/00142.jpg",
      "transform_matrix": [
        [
          -0.970596,
          0.081162,
          -0.226617,
          3.890293
        ],
        [
          0.240457,
          0.370329,
          -0.897239,
          2.910374
        ],
        [
          0.011101,
          -0.925348,
          -0.378955,
          1.606381
        ],
        [
          0.0,
          0.0,
          0.0,
          1.0
        ]
      ]
    },
    {
      "file_path": "/media/NFS/ttao/scannet/posed_images/scene0570_00/00144.jpg",
      "transform_matrix": [
        [
          -0.973873,
          0.078536,
          -0.213081,
          3.88495
        ],
        [
          0.227,
          0.363641,
          -0.903458,
          2.909087
        ],
        [
          0.006531,
          -0.928223,
          -0.371967,
          1.611903
