{
  "frames": [
    {
      "file_path": "/media/NFS/ttao/scannet/posed_images/scene0204_00/00000.jpg",
      "transform_matrix": [
        [
          0.930569,
          0.012675,
          -0.365897,
          2.545998
        ],
        [
          0.353015,
          -0.296025,
          0.887553,
          1.414218
        ],
        [
          -0.097064,
          -0.955096,
          -0.279946,
          1.519004
        ],
        [
          0.0,
          0.0,
          0.0,
          1.0
        ]
      ]
    },
    {
      "file_path": "/media/NFS/ttao/scannet/posed_images/scene0204_00/00003.jpg",
      "transform_matrix": [
        [
          0.929224,
          0.009617,
          -0.369393,
          2.541949
        ],
        [
          0.354803,
          -0.302512,
          0.884647,
          1.418258
        ],
        [
          -0.103238,
          -0.953097,
          -0.284514,
          1.507614
        ],
        [
          0.0,
          0.0,
          0.0,
          1.0
        ]
      ]
    },
    {
      "file_path": "/media/NFS/ttao/scannet/posed_images/scene0204_00/00007.jpg",
      "transform_matrix": [
        [
          0.92607,
          0.033589,
          -0.375854,
          2.515027
        ],
        [
          0.364691,
          -0.335508,
          0.868582,
          1.449943
        ],
        [
          -0.096927,
          -0.941438,
          -0.322954,
          1.501726
        ],
        [
          0.0,
          0.0,
          0.0,
          1.0
        ]
      ]
    },
    {
      "file_path": "/media/NFS/ttao/scannet/posed_images/scene0204_00/00009.jpg",
      "transform_matrix": [
        [
          0.925313,
          0.03959,
          -0.377132,
          2.496725
        ],
        [
          0.367476,
          -0.339055,
          0.866027,
          1.465036
        ],
        [
          -0.093583,
          -0.939933,
          -0.328281,
          1.496296
        ],
        [
          0.0,
          0.0,
          0.0,
          1.0
        ]
      ]
    },
    {
      "file_path": "/media/NFS/ttao/scannet/posed_images/scene0204_00/00014.jpg",
      "transform_matrix": [
        [
          0.922937,
          0.073889,
          -0.377794,
          2.438768
        ],
        [
          0.376588,
          -0.376767,
          0.846303,
          1.538906
        ],
        [
          -0.079808,
          -0.923357,
          -0.375557,
          1.543554
        ],
        [
          0.0,
          0.0,
          0.0,
          1.0
        ]
      ]
    },
    {
      "file_path": "/media/NFS/ttao/scannet/posed_images/scene0204_00/00015.jpg",
      "transform_matrix": [
        [
          0.923405,
          0.069989,
          -0.377392,
          2.424843
        ],
        [
          0.374595,
          -0.378675,
          0.846335,
          1.551852
        ],
        [
          -0.083675,
          -0.92288,
          -0.375888,
          1.542486
        ],
        [
          0.0,
          0.0,
          0.0,
          1.0
        ]
      ]
    },
    {
      "file_path": "/media/NFS/ttao/scannet/posed_images/scene0204_00/00020.jpg",
      "transform_matrix": [
        [
          0.926058,
          0.065644,
          -0.371628,
          2.352084
        ],
        [
          0.366611,
          -0.390067,
          0.844656,
          1.662158
        ],
        [
          -0.089513,
          -0.918444,
          -0.385291,
          1.553039
        ],
        [
          0.0,
          0.0,
          0.0,
          1.0
        ]
      ]
    },
    {
      "file_path": "/media/NFS/ttao/scannet/posed_images/scene0204_00/00024.jpg",
      "transform_matrix": [
        [
          0.925578,
          0.089093,
          -0.367925,
          2.31361
        ],
        [
          0.367897,
          -0.440733,
          0.818783,
          1.748328
        ],
        [
          -0.089209,
          -0.893206,
          -0.44071,
          1.561544
        ],
        [
          0.0,
          0.0,
          0.0,
          1.0
        ]
      ]
    },
    {
      "file_path": "/media/NFS/ttao/scannet/posed_images/scene0204_00/00026.jpg",
      "transform_matrix": [
        [
          0.922874,
          0.088801,
          -0.374724,
          2.299788
        ],
        [
          0.372866,
          -0.449384,
          0.811804,
          1.785986
        ],
        [
          -0.096306,
          -0.888914,
          -0.447836,
          1.567809
        ],
        [
          0.0,
          0.0,
          0.0,
          1.0
        ]
      ]
    },
    {
      "file_path": "/media/NFS/ttao/scannet/posed_images/scene0204_00/00030.jpg",
      "transform_matrix": [
        [
          0.904326,
          0.078709,
          -0.419522,
          2.289187
        ],
        [
          0.409149,
          -0.43988,
          0.799439,
          1.858621
        ],
        [
          -0.121617,
          -0.894601,
          -0.429999,
          1.565686
        ],
        [
          0.0,
          0.0,
          0.0,
          1.0
        ]
      ]
    },
    {
      "file_path": "/media/NFS/ttao/scannet/posed_images/scene0204_00/00033.jpg",
      "transform_matrix": [
        [
          0.880806,
          0.083056,
          -0.466136,
          2.289733
        ],
        [
          0.453395,
          -0.431639,
          0.779821,
          1.923831
        ],
        [
          -0.136434,
          -0.898214,
          -0.417848,
          1.550323
        ],
        [
          0.0,
          0.0,
          0.0,
          1.0
        ]
      ]
    },
    {
      "file_path": "/media/NFS/ttao/scannet/posed_images/scene0204_00/00036.jpg",
      "transform_matrix": [
        [
          0.846776,
          0.116037,
          -0.51914,
          2.292786
        ],
        [
          0.513916,
          -0.430413,
          0.742048,
          2.002081
        ],
        [
          -0.13734,
          -0.895142,
          -0.424097,
          1.542653
        ],
        [
          0.0,
          0.0,
          0.0,
          1.0
        ]
      ]
    },
    {
      "file_path": "/media/NFS/ttao/scannet/posed_images/scene0204_00/00040.jpg",
      "transform_matrix": [
        [
          0.786942,
          0.185591,
          -0.588454,
          2.335468
        ],
        [
          0.604866,
          -0.420444,
          0.676287,
          2.104331
        ],
        [
          -0.121899,
          -0.888135,
          -0.443123,
          1.505302
        ],
        [
          0.0,
          0.0,
          0.0,
          1.0
        ]
      ]
    },
    {
      "file_path": "/media/NFS/ttao/scannet/posed_images/scene0204_00/00041.jpg",
      "transform_matrix": [
        [
          0.774253,
          0.20291,
          -0.599466,
          2.339081
        ],
        [
          0.622674,
          -0.413629,
          0.66422,
          2.126129
        ],
        [
          -0.113179,
          -0.887547,
          -0.4466,
          1.499022
        ],
        [
          0.0,
          0.0,
          0.0,
          1.0
        ]
      ]
    },
    {
      "file_path": "/media/NFS/ttao/scannet/posed_images/scene0204_00/00046.jpg",
      "transform_matrix": [
        [
          0.726252,
          0.291428,
          -0.622597,
          2.339048
        ],
        [
          0.682703,
          -0.411781,
          0.603616,
          2.241062
        ],
        [
          -0.080463,
          -0.863427,
          -0.498016,
          1.497969
        ],
        [
          0.0,
          0.0,
          0.0,
          1.0
        ]
      ]
    },
    {
      "file_path": "/media/NFS/ttao/scannet/posed_images/scene0204_00/00047.jpg",
      "transform_matrix": [
        [
          0.720256,
          0.303375,
          -0.623855,
          2.336238
        ],
        [
          0.689848,
          -0.407974,
          0.598053,
          2.258034
        ],
        [
          -0.073082,
          -0.861116,
          -0.503128,
          1.497344
        ],
        [
          0.0,
          0.0,
          0.0,
          1.0
        ]
      ]
    },
    {
      "file_path": "/media/NFS/ttao/scannet/posed_images/scene0204_00/00051.jpg",
      "transform_matrix": [
        [
          0.677688,
          0.336998,
          -0.653584,
          2.326767
        ],
        [
          0.731374,
          -0.401192,
          0.551486,
          2.320485
        ],
        [
          -0.076363,
          -0.85175,
          -0.518354,
          1.493483
        ],
        [
          0.0,
          0.0,
          0.0,
          1.0
        ]
      ]
    },
    {
      "file_path": "/media/NFS/ttao/scannet/posed_images/scene0204_00/00054.jpg",
      "transform_matrix": [
        [
          0.63012,
          0.367387,
          -0.684087,
          2.318211
        ],
        [
          0.771883,
          -0.392263,
          0.500326,
          2.363535
        ],
        [
          -0.084529,
          -0.843301,
          -0.530752,
          1.49117
        ],
        [
          0.0,
          0.0,
          0.0,
          1.0
        ]
      ]
    },
    {
      "file_path": "/media/NFS/ttao/scannet/posed_images/scene0204_00/00058.jpg",
      "transform_matrix": [
        [
          0.559141,
          0.407213,
          -0.722177,
          2.31736
        ],
        [
          0.823833,
          -0.370676,
          0.428834,
          2.413797
        ],
        [
          -0.093067,
          -0.834731,
          -0.542736,
          1.46761
        ],
        [
          0.0,
          0.0,
          0.0,
          1.0
        ]
      ]
    },
    {
      "file_path": "/media/NFS/ttao/scannet/posed_images/scene0204_00/00062.jpg",
      "transform_matrix": [
        [
          0.478345,
          0.451806,
          -0.753032,
          2.329944
        ],
        [
          0.872992,
          -0.337646,
          0.351965,
          2.487351
        ],
        [
          -0.095239,
          -0.825752,
          -0.555934,
          1.455683
        ],
        [
          0.0,
          0.0,
          0.0,
          1.0
        ]
      ]
    },
    {
      "file_path": "/media/NFS/ttao/scannet/posed_images/scene0204_00/00065.jpg",
      "transform_matrix": [
        [
          0.447511,
          0.462713,
          -0.765265,
          2.339079
        ],
        [
          0.888702,
          -0.325522,
          0.322869,
          2.534704
        ],
        [
          -0.099715,
          -0.82458,
          -0.556889,
          1.456604
        ],
        [
          0.0,
          0.0,
          0.0,
          1.0
        ]
      ]
    },
    {
      "file_path": "/media/NFS/ttao/scannet/posed_images/scene0204_00/00067.jpg",
      "transform_matrix": [
        [
          0.426685,
          0.477704,
          -0.767944,
          2.350172
        ],
        [
          0.897813,
          -0.326029,
          0.296034,
          2.571971
        ],
        [
          -0.108955,
          -0.815784,
          -0.568001,
          1.458888
        ],
        [
          0.0,
          0.0,
          0.0,
          1.0
        ]
      ]
    },
    {
      "file_path": "/media/NFS/ttao/scannet/posed_images/scene0204_00/00070.jpg",
      "transform_matrix": [
        [
          0.408565,
          0.482512,
          -0.774763,
          2.371718
        ],
        [
          0.905818,
          -0.318613,
          0.279248,
          2.637849
        ],
        [
          -0.112109,
          -0.815885,
          -0.567242,
          1.480182
        ],
        [
          0.0,
          0.0,
          0.0,
          1.0
        ]
      ]
    },
    {
      "file_path": "/media/NFS/ttao/scannet/posed_images/scene0204_00/00074.jpg",
      "transform_matrix": [
        [
          0.391043,
          0.424643,
          -0.816556,
          2.42341
        ],
        [
          0.914325,
          -0.280771,
          0.291851,
          2.704035
        ],
        [
          -0.105333,
          -0.860724,
          -0.498055,
          1.496214
        ],
        [
          0.0,
          0.0,
          0.0,
          1.0
        ]
      ]
    },
    {
      "file_path": "/media/NFS/ttao/scannet/posed_images/scene0204_00/00077.jpg",
      "transform_matrix": [
        [
          0.379065,
          0.37741,
          -0.844909,
          2.470037
        ],
        [
          0.921732,
          -0.234877,
          0.308614,
          2.744369
        ],
        [
          -0.081976,
          -0.895765,
          -0.436905,
          1.500943
        ],
        [
          0.0,
          0.0,
          0.0,
          1.0
        ]
      ]
    },
    {
      "file_path": "/media/NFS/ttao/scannet/posed_images/scene0204_00/00081.jpg",
      "transform_matrix": [
        [
          0.371646,
          0.313105,
          -0.873982,
          2.543975
        ],
        [
          0.926704,
          -0.181575,
          0.329015,
          2.800972
        ],
        [
          -0.055677,
          -0.9322,
          -0.357637,
          1.499552
        ],
        [
          0.0,
          0.0,
          0.0,
          1.0
        ]
      ]
    },
    {
      "file_path": "/media/NFS/ttao/scannet/posed_images/scene0204_00/00085.jpg",
      "transform_matrix": [
        [
          0.391983,
          0.269728,
          -0.879543,
          2.594053
        ],
        [
          0.918764,
          -0.163768,
          0.35924,
          2.840032
        ],
        [
          -0.047144,
          -0.948908,
          -0.31201,
          1.516719
        ],
        [
          0.0,
          0.0,
          0.0,
          1.0
        ]
      ]
    },
    {
      "file_path": "/media/NFS/ttao/scannet/posed_images/scene0204_00/00086.jpg",
      "transform_matrix": [
        [
          0.401743,
          0.25939,
          -0.878248,
          2.604818
        ],
        [
          0.91436,
          -0.166489,
          0.36909,
          2.848608
        ],
        [
          -0.050481,
          -0.951314,
          -0.304062,
          1.52038
        ],
        [
          0.0,
          0.0,
          0.0,
          1.0
        ]
      ]
    },
    {
      "file_path": "/media/NFS/ttao/scannet/posed_images/scene0204_00/00089.jpg",
      "transform_matrix": [
        [
          0.444828,
          0.22728,
          -0.866298,
          2.622034
        ],
        [
          0.893451,
          -0.17982,
          0.411594,
          2.860874
        ],
        [
          -0.062231,
          -0.957083,
          -0.283053,
          1.538761
        ],
        [
          0.0,
          0.0,
          0.0,
          1.0
        ]
      ]
    },
    {
      "file_path": "/media/NFS/ttao/scannet/posed_images/scene0204_00/00093.jpg",
      "transform_matrix": [
        [
          0.51931,
          0.172867,
          -0.836919,
          2.637317
        ],
        [
          0.850788,
          -0.196803,
          0.487265,
          2.885762
        ],
        [
          -0.080476,
          -0.965083,
          -0.249275,
          1.546204
        ],
        [
          0.0,
          0.0,
          0.0,
          1.0
        ]
      ]
    },
    {
      "file_path": "/media/NFS/ttao/scannet/posed_images/scene0204_00/00097.jpg",
      "transform_matrix": [
        [
          0.619322,
          0.155668,
          -0.76955,
          2.610946
        ],
        [
          0.780373,
          -0.229866,
          0.581533,
          2.877948
        ],
        [
          -0.086367,
          -0.960692,
          -0.26384,
          1.554827
        ],
        [
          0.0,
          0.0,
          0.0,
          1.0
        ]
      ]
    },
    {
      "file_path": "/media/NFS/ttao/scannet/posed_images/scene0204_00/00100.jpg",
      "transform_matrix": [
        [
          0.686094,
          0.154942,
          -0.710822,
          2.586241
        ],
        [
          0.722545,
          -0.259106,
          0.640931,
          2.882094
        ],
        [
          -0.084871,
          -0.95334,
          -0.289724,
          1.551186
        ],
        [
          0.0,
          0.0,
          0.0,
          1.0
        ]
      ]
    },
    {
      "file_path": "/media/NFS/ttao/scannet/posed_images/scene0204_00/00104.jpg",
      "transform_matrix": [
        [
          0.764616,
          0.148396,
          -0.627169,
          2.527814
        ],
        [
          0.639438,
          -0.296234,
          0.709482,
          2.856114
        ],
        [
          -0.080505,
          -0.943517,
          -0.321395,
          1.532753
        ],
        [
          0.0,
          0.0,
          0.0,
          1.0
        ]
      ]
    },
    {
      "file_path": "/media/NFS/ttao/scannet/posed_images/scene0204_00/00105.jpg",
      "transform_matrix": [
        [
          0.779308,
          0.146023,
          -0.60939,
          2.512603
        ],
        [
          0.621161,
          -0.308346,
          0.720473,
          2.850493
        ],
        [
          -0.082697,
          -0.94,
          -0.331,
          1.526117
        ],
        [
          0.0,
          0.0,
          0.0,
          1.0
        ]
      ]
    },
    {
      "file_path": "/media/NFS/ttao/scannet/posed_images/scene0204_00/00108.jpg",
      "transform_matrix": [
        [
          0.817851,
          0.138199,
          -0.558587,
          2.458765
        ],
        [
          0.568018,
          -0.349192,
          0.745266,
          2.831745
        ],
        [
          -0.092059,
          -0.926804,
          -0.364087,
          1.514201
        ],
        [
          0.0,
          0.0,
          0.0,
          1.0
        ]
      ]
    },
    {
      "file_path": "/media/NFS/ttao/scannet/posed_images/scene0204_00/00111.jpg",
      "transform_matrix": [
        [
          0.858964,
          0.127576,
          -0.495888,
          2.377528
        ],
        [
          0.503757,
          -0.384002,
          0.773803,
          2.802239
        ],
        [
          -0.091703,
          -0.914476,
          -0.394112,
          1.532683
        ],
        [
          0.0,
          0.0,
          0.0,
          1.0
        ]
      ]
    },
    {
      "file_path": "/media/NFS/ttao/scannet/posed_images/scene0204_00/00116.jpg",
      "transform_matrix": [
        [
          0.919524,
          0.071777,
          -0.386425,
          2.272941
        ],
        [
          0.373274,
          -0.467308,
          0.801429,
          2.770377
        ],
        [
          -0.123056,
          -0.881176,
          -0.456494,
          1.517154
        ],
        [
          0.0,
          0.0,
          0.0,
          1.0
        ]
      ]
    },
    {
      "file_path": "/media/NFS/ttao/scannet/posed_images/scene0204_00/00119.jpg",
      "transform_matrix": [
        [
          0.945672,
          0.030729,
          -0.323668,
          2.214349
        ],
        [
          0.292899,
          -0.512637,
          0.807102,
          2.758088
        ],
        [
          -0.141122,
          -0.858056,
          -0.493787,
          1.508914
        ],
        [
          0.0,
          0.0,
          0.0,
          1.0
        ]
      ]
    },
    {
      "file_path": "/media/NFS/ttao/scannet/posed_images/scene0204_00/00121.jpg",
      "transform_matrix": [
        [
          0.963075,
          -0.01367,
          -0.268887,
          2.147701
        ],
        [
          0.219243,
          -0.539848,
          0.812709,
          2.755026
        ],
        [
          -0.156267,
          -0.841651,
          -0.516918,
          1.519591
        ],
        [
          0.0,
          0.0,
          0.0,
          1.0
        ]
      ]
    },
    {
      "file_path": "/media/NFS/ttao/scannet/posed_images/scene0204_00/00124.jpg",
      "transform_matrix": [
        [
          0.978564,
          -0.049306,
          -0.199952,
          2.100613
        ],
        [
          0.140384,
          -0.55068,
          0.822827,
          2.755251
        ],
        [
          -0.15068,
          -0.833259,
          -0.531954,
          1.508404
        ],
        [
          0.0,
          0.0,
          0.0,
          1.0
        ]
      ]
    },
    {
      "file_path": "/media/NFS/ttao/scannet/posed_images/scene0204_00/00129.jpg",
      "transform_matrix": [
        [
          0.988186,
          -0.122756,
          -0.091762,
          2.023282
        ],
        [
          0.00649,
          -0.564672,
          0.82529,
          2.783259
        ],
        [
          -0.153124,
          -0.816135,
          -0.557204,
          1.480415
        ],
        [
          0.0,
          0.0,
          0.0,
          1.0
        ]
      ]
    },
    {
      "file_path": "/media/NFS/ttao/scannet/posed_images/scene0204_00/00130.jpg",
      "transform_matrix": [
        [
          0.989403,
          -0.129656,
          -0.065359,
          1.990836
        ],
        [
          -0.02009,
          -0.568048,
          0.82275,
          2.809456
        ],
        [
          -0.143802,
          -0.812718,
          -0.564633,
          1.475156
        ],
        [
          0.0,
          0.0,
          0.0,
          1.0
        ]
      ]
    },
    {
      "file_path": "/media/NFS/ttao/scannet/posed_images/scene0204_00/00136.jpg",
      "transform_matrix": [
        [
          0.980573,
          -0.194071,
          0.028505,
          1.908062
        ],
        [
          -0.137325,
          -0.575437,
          0.806235,
          2.876516
        ],
        [
          -0.140064,
          -0.794486,
          -0.590909,
          1.441975
        ],
        [
          0.0,
          0.0,
          0.0,
          1.0
        ]
      ]
    },
    {
      "file_path": "/media/NFS/ttao/scannet/posed_images/scene0204_00/00139.jpg",
      "transform_matrix": [
        [
          0.973713,
          -0.218299,
          0.065028,
          1.858892
        ],
        [
          -0.184334,
          -0.587491,
          0.787956,
          2.921265
        ],
        [
          -0.133807,
          -0.77923,
          -0.612288,
          1.444351
        ],
        [
          0.0,
          0.0,
          0.0,
          1.0
        ]
      ]
    },
    {
      "file_path": "/media/NFS/ttao/scannet/posed_images/scene0204_00/00140.jpg",
      "transform_matrix": [
        [
          0.967403,
          -0.235793,
          0.092375,
          1.803864
        ],
        [
          -0.21671,
          -0.58208,
          0.783721,
          2.927428
        ],
        [
          -0.131026,
          -0.778193,
          -0.614205,
          1.444836
        ],
        [
          0.0,
          0.0,
          0.0,
          1.0
        ]
      ]
    },
    {
      "file_path": "/media/NFS/ttao/scannet/posed_images/scene0204_00/00144.jpg",
      "transform_matrix": [
        [
          0.958293,
          -0.245892,
          0.145643,
          1.747078
        ],
        [
          -0.263186,
          -0.560681,
          0.785092,
          2.977807
        ],
        [
          -0.111389,
          -0.790679,
          -0.602012,
          1.468202
        ],
        [
          0.0,
          0.0,
          0.0,
          1.0
        ]
      ]
    },
    {
      "file_path": "/media/NFS/ttao/scannet/posed_images/scene0204_00/00149.jpg",
      "transform_matrix": [
        [
          0.939282,
          -0.273053,
          0.207826,
          1.657716
        ],
        [
          -0.325551,
          -0.517643,
          0.791241,
          3.041605
        ],
        [
          -0.108471,
          -0.810856,
          -0.575106,
          1.488505
        ],
        [
          0.0,
          0.0,
          0.0,
          1.0
        ]
      ]
    },
    {
      "file_path": "/media/NFS/ttao/scannet/posed_images/scene0204_00/00152.jpg",
      "transform_matrix": [
        [
          0.923677,
          -0.294682,
          0.244914,
          1.577555
        ],
        [
          -0.366187,
          -0.490682,
          0.790657,
          3.084301
        ],
        [
          -0.112818,
          -0.819996,
          -0.56114,
          1.500126
        ],
        [
          0.0,
          0.0,
          0.0,
          1.0
        ]
      ]
    },
    {
      "file_path": "/media/NFS/ttao/scannet/posed_images/scene0204_00/00154.jpg",
      "transform_matrix": [
        [
          0.912895,
          -0.315033,
          0.259572,
          1.539964
        ],
        [
          -0.386991,
          -0.465663,
          0.795861,
          3.102896
        ],
        [
          -0.12985,
          -0.82699,
          -0.547016,
          1.503103
        ],
        [
          0.0,
          0.0,
          0.0,
          1.0
        ]
      ]
    },
    {
      "file_path": "/media/NFS/ttao/scannet/posed_images/scene0204_00/00156.jpg",
      "transform_matrix": [
        [
          0.898545,
          -0.347417,
          0.268176,
          1.512604
        ],
        [
          -0.413639,
          -0.466138,
          0.78206,
          3.119989
        ],
        [
          -0.146694,
          -0.813645,
          -0.562551,
          1.499386
        ],
        [
          0.0,
          0.0,
          0.0,
          1.0
        ]
      ]
    },
    {
      "file_path": "/media/NFS/ttao/scannet/posed_images/scene0204_00/00159.jpg",
      "transform_matrix": [
        [
          0.861602,
          -0.406009,
          0.304628,
          1.485971
        ],
        [
          -0.47785,
          -0.446418,
          0.756551,
          3.155456
        ],
        [
          -0.171175,
          -0.797413,
          -0.578646,
          1.50869
        ],
        [
          0.0,
          0.0,
          0.0,
          1.0
        ]
      ]
    },
    {
      "file_path": "/media/NFS/ttao/scannet/posed_images/scene0204_00/00163.jpg",
      "transform_matrix": [
        [
          0.803484,
          -0.449238,
          0.390638,
          1.452582
        ],
        [
          -0.575973,
          -0.420661,
          0.700927,
          3.192832
        ],
        [
          -0.150557,
          -0.788181,
          -0.596743,
          1.489192
        ],
        [
          0.0,
          0.0,
          0.0,
          1.0
        ]
      ]
    },
    {
      "file_path": "/media/NFS/ttao/scannet/posed_images/scene0204_00/00168.jpg",
      "transform_matrix": [
        [
          0.741481,
          -0.466699,
          0.482077,
          1.437405
        ],
        [
          -0.66164,
          -0.389143,
          0.640937,
          3.231326
        ],
        [
          -0.111528,
          -0.794204,
          -0.597329,
          1.455899
        ],
        [
          0.0,
          0.0,
          0.0,
          1.0
        ]
      ]
    },
    {
      "file_path": "/media/NFS/ttao/scannet/posed_images/scene0204_00/00171.jpg",
      "transform_matrix": [
        [
          0.716287,
          -0.477073,
          0.50925,
          1.447078
        ],
        [
          -0.68977,
          -0.373628,
          0.620177,
          3.243633
        ],
        [
          -0.1056,
          -0.79549,
          -0.596695,
          1.433192
        ],
        [
          0.0,
          0.0,
          0.0,
          1.0
        ]
      ]
    },
    {
      "file_path": "/media/NFS/ttao/scannet/posed_images/scene0204_00/00172.jpg",
      "transform_matrix": [
        [
          0.707103,
          -0.483502,
          0.515976,
          1.453567
        ],
        [
          -0.698998,
          -0.367728,
          0.613334,
          3.243515
        ],
        [
          -0.106809,
          -0.794356,
          -0.597988,
          1.426491
        ],
        [
          0.0,
          0.0,
          0.0,
          1.0
        ]
      ]
    },
    {
      "file_path": "/media/NFS/ttao/scannet/posed_images/scene0204_00/00176.jpg",
      "transform_matrix": [
        [
          0.655462,
          -0.509724,
          0.55727,
          1.481437
        ],
        [
          -0.75008,
          -0.353364,
          0.55903,
          3.234513
        ],
        [
          -0.088032,
          -0.78442,
          -0.613951,
          1.407867
        ],
        [
          0.0,
          0.0,
          0.0,
          1.0
        ]
      ]
    },
    {
      "file_path": "/media/NFS/ttao/scannet/posed_images/scene0204_00/00179.jpg",
      "transform_matrix": [
        [
          0.588889,
          -0.522819,
          0.616335,
          1.501572
        ],
        [
          -0.805794,
          -0.320845,
          0.497748,
          3.232836
        ],
        [
          -0.062484,
          -0.789758,
          -0.610227,
          1.399536
        ],
        [
          0.0,
          0.0,
          0.0,
          1.0
        ]
      ]
    },
    {
      "file_path": "/media/NFS/ttao/scannet/posed_images/scene0204_00/00182.jpg",
      "transform_matrix": [
        [
          0.502645,
          -0.548617,
          0.668107,
          1.529559
        ],
        [
          -0.862857,
          -0.270861,
          0.426746,
          3.264267
        ],
        [
          -0.053157,
          -0.790983,
          -0.609525,
          1.395712
        ],
        [
          0.0,
          0.0,
          0.0,
          1.0
        ]
      ]
    },
    {
      "file_path": "/media/NFS/ttao/scannet/posed_images/scene0204_00/00187.jpg",
      "transform_matrix": [
        [
          0.416559,
          -0.540038,
          0.731326,
          1.627907
        ],
        [
          -0.908694,
          -0.223045,
          0.352883,
          3.222754
        ],
        [
          -0.027451,
          -0.811548,
          -0.58364,
          1.389171
        ],
        [
          0.0,
          0.0,
          0.0,
          1.0
        ]
      ]
    },
    {
      "file_path": "/media/NFS/ttao/scannet/posed_images/scene0204_00/00190.jpg",
      "transform_matrix": [
        [
          0.411904,
          -0.528828,
          0.742076,
          1.652877
        ],
        [
          -0.911226,
          -0.240611,
          0.334326,
          3.204234
        ],
        [
          0.001751,
          -0.813909,
          -0.58099,
          1.378541
        ],
        [
          0.0,
          0.0,
          0.0,
          1.0
        ]
      ]
    },
    {
      "file_path": "/media/NFS/ttao/scannet/posed_images/scene0204_00/00192.jpg",
      "transform_matrix": [
        [
          0.409421,
          -0.517983,
          0.751045,
          1.691601
        ],
        [
          -0.911813,
          -0.260424,
          0.317452,
          3.198775
        ],
        [
          0.031156,
          -0.814784,
          -0.578927,
          1.376425
        ],
        [
          0.0,
          0.0,
          0.0,
          1.0
        ]
      ]
    },
    {
      "file_path": "/media/NFS/ttao/scannet/posed_images/scene0204_00/00195.jpg",
      "transform_matrix": [
        [
          0.421756,
          -0.488568,
          0.763822,
          1.753989
        ],
        [
          -0.904448,
          -0.286155,
          0.31637,
          3.207374
        ],
        [
          0.064003,
          -0.824268,
          -0.562572,
          1.382646
        ],
        [
          0.0,
          0.0,
          0.0,
          1.0
        ]
      ]
    },
    {
      "file_path": "/media/NFS/ttao/scannet/posed_images/scene0204_00/00200.jpg",
      "transform_matrix": [
        [
          0.447109,
          -0.445937,
          0.775393,
          1.791791
        ],
        [
          -0.89139,
          -0.294121,
          0.344844,
          3.253315
        ],
        [
          0.074281,
          -0.84536,
          -0.529008,
          1.413417
        ],
        [
          0.0,
          0.0,
          0.0,
          1.0
        ]
      ]
    },
    {
      "file_path": "/media/NFS/ttao/scannet/posed_images/scene0204_00/00203.jpg",
      "transform_matrix": [
        [
          0.459178,
          -0.429817,
          0.77744,
          1.815313
        ],
        [
          -0.886724,
          -0.274595,
          0.371911,
          3.274293
        ],
        [
          0.053628,
          -0.860148,
          -0.507218,
          1.430878
        ],
        [
          0.0,
          0.0,
          0.0,
          1.0
        ]
      ]
    },
    {
      "file_path": "/media/NFS/ttao/scannet/posed_images/scene0204_00/00204.jpg",
      "transform_matrix": [
        [
          0.46304,
          -0.425528,
          0.777509,
          1.818901
        ],
        [
          -0.885207,
          -0.266308,
          0.381429,
          3.284742
        ],
        [
          0.044749,
          -0.864874,
          -0.499991,
          1.434534
        ],
        [
          0.0,
          0.0,
          0.0,
          1.0
        ]
      ]
    },
    {
      "file_path": "/media/NFS/ttao/scannet/posed_images/scene0204_00/00209.jpg",
      "transform_matrix": [
        [
          0.530594,
          -0.407975,
          0.742985,
          1.837526
        ],
        [
          -0.847226,
          -0.282199,
          0.45008,
          3.327094
        ],
        [
          0.026048,
          -0.868286,
          -0.49538,
          1.442049
        ],
        [
          0.0,
          0.0,
          0.0,
          1.0
        ]
      ]
    },
    {
      "file_path": "/media/NFS/ttao/scannet/posed_images/scene0204_00/00210.jpg",
      "transform_matrix": [
        [
          0.539117,
          -0.404265,
          0.738866,
          1.820371
        ],
        [
          -0.841737,
          -0.288665,
          0.456236,
          3.347107
        ],
        [
          0.028845,
          -0.867895,
          -0.495909,
          1.439937
        ],
        [
          0.0,
          0.0,
          0.0,
          1.0
        ]
      ]
    },
    {
      "file_path": "/media/NFS/ttao/scannet/posed_images/scene0204_00/00216.jpg",
      "transform_matrix": [
        [
          0.735986,
          -0.350574,
          0.579157,
          1.894374
        ],
        [
          -0.676675,
          -0.407324,
          0.61335,
          3.313547
        ],
        [
          0.02088,
          -0.843318,
          -0.537009,
          1.42798
        ],
        [
          0.0,
          0.0,
          0.0,
          1.0
        ]
      ]
    },
    {
      "file_path": "/media/NFS/ttao/scannet/posed_images/scene0204_00/00218.jpg",
      "transform_matrix": [
        [
          0.788499,
          -0.327269,
          0.520734,
          1.903444
        ],
        [
          -0.614915,
          -0.436271,
          0.656922,
          3.326641
        ],
        [
          0.012191,
          -0.83819,
          -0.545243,
          1.430095
        ],
        [
          0.0,
          0.0,
          0.0,
          1.0
        ]
      ]
    },
    {
      "file_path": "/media/NFS/ttao/scannet/posed_images/scene0204_00/00222.jpg",
      "transform_matrix": [
        [
          0.836474,
          -0.316906,
          0.447082,
          1.76625
        ],
        [
          -0.547841,
          -0.463535,
          0.696423,
          3.477949
        ],
        [
          -0.013462,
          -0.82747,
          -0.561349,
          1.439406
        ],
        [
          0.0,
          0.0,
          0.0,
          1.0
        ]
      ]
    },
    {
      "file_path": "/media/NFS/ttao/scannet/posed_images/scene0204_00/00225.jpg",
      "transform_matrix": [
        [
          0.876011,
          -0.291432,
          0.384281,
          1.750591
        ],
        [
          -0.481334,
          -0.478138,
          0.734644,
          3.531283
        ],
        [
          -0.030359,
          -0.828524,
          -0.55913,
          1.443733
        ],
        [
          0.0,
          0.0,
          0.0,
          1.0
        ]
      ]
    },
    {
      "file_path": "/media/NFS/ttao/scannet/posed_images/scene0204_00/00226.jpg",
      "transform_matrix": [
        [
          0.885593,
          -0.288391,
          0.364082,
          1.748271
        ],
        [
          -0.463192,
          -0.490449,
          0.738182,
          3.552729
        ],
        [
          -0.034322,
          -0.822369,
          -0.567918,
          1.445434
        ],
        [
          0.0,
          0.0,
          0.0,
          1.0
        ]
      ]
    },
    {
      "file_path": "/media/NFS/ttao/scannet/posed_images/scene0204_00/00229.jpg",
      "transform_matrix": [
        [
          0.905952,
          -0.284971,
          0.313118,
          1.736918
        ],
        [
          -0.419869,
          -0.509668,
          0.750965,
          3.616856
        ],
        [
          -0.054417,
          -0.811807,
          -0.581385,
          1.454614
        ],
        [
          0.0,
          0.0,
          0.0,
          1.0
        ]
      ]
    },
    {
      "file_path": "/media/NFS/ttao/scannet/posed_images/scene0204_00/00235.jpg",
      "transform_matrix": [
        [
          0.928733,
          -0.265072,
          0.259214,
          1.723254
        ],
        [
          -0.364277,
          -0.522349,
          0.771008,
          3.740964
        ],
        [
          -0.068972,
          -0.810487,
          -0.581682,
          1.45218
        ],
        [
          0.0,
          0.0,
          0.0,
          1.0
        ]
      ]
    },
    {
      "file_path": "/media/NFS/ttao/scannet/posed_images/scene0204_00/00236.jpg",
      "transform_matrix": [
        [
          0.928004,
          -0.263632,
          0.263261,
          1.716242
        ],
        [
          -0.3664,
          -0.517718,
          0.773123,
          3.771034
        ],
        [
          -0.067525,
          -0.81392,
          -0.577039,
          1.451954
        ],
        [
          0.0,
          0.0,
          0.0,
          1.0
        ]
      ]
    },
    {
      "file_path": "/media/NFS/ttao/scannet/posed_images/scene0204_00/00240.jpg",
      "transform_matrix": [
        [
          0.921628,
          -0.269769,
          0.278973,
          1.707449
        ],
        [
          -0.379888,
          -0.480287,
          0.790576,
          3.888169
        ],
        [
          -0.079285,
          -0.834595,
          -0.545128,
          1.449445
        ],
        [
          0.0,
          0.0,
          0.0,
          1.0
        ]
      ]
    },
    {
      "file_path": "/media/NFS/ttao/scannet/posed_images/scene0204_00/00244.jpg",
      "transform_matrix": [
        [
          0.917767,
          -0.28104,
          0.280571,
          1.703314
        ],
        [
          -0.385903,
          -0.464433,
          0.797108,
          4.006975
        ],
        [
          -0.093713,
          -0.839832,
          -0.534696,
          1.469607
        ],
        [
          0.0,
          0.0,
          0.0,
          1.0
        ]
      ]
    },
    {
      "file_path": "/media/NFS/ttao/scannet/posed_images/scene0204_00/00245.jpg",
      "transform_matrix": [
        [
          0.916204,
          -0.283048,
          0.283645,
          1.703155
        ],
        [
          -0.389955,
          -0.466881,
          0.793698,
          4.035501
        ],
        [
          -0.092226,
          -0.837798,
