{
  "frames": [
    {
      "file_path": "/media/NFS/ttao/scannet/posed_images/scene0547_00/00004.jpg",
      "transform_matrix": [
        [
          0.345835,
          -0.159422,
          0.924653,
          3.1573
        ],
        [
          -0.938194,
          -0.044256,
          0.343269,
          4.581079
        ],
        [
          -0.013804,
          -0.986218,
          -0.164874,
          1.429724
        ],
        [
          0.0,
          0.0,
          0.0,
          1.0
        ]
      ]
    },
    {
      "file_path": "/media/NFS/ttao/scannet/posed_images/scene0547_00/00006.jpg",
      "transform_matrix": [
        [
          0.348189,
          -0.158843,
          0.923869,
          3.158172
        ],
        [
          -0.937271,
          -0.041168,
          0.346162,
          4.577777
        ],
        [
          -0.016952,
          -0.986445,
          -0.163214,
          1.433413
        ],
        [
          0.0,
          0.0,
          0.0,
          1.0
        ]
      ]
    },
    {
      "file_path": "/media/NFS/ttao/scannet/posed_images/scene0547_00/00012.jpg",
      "transform_matrix": [
        [
          0.330209,
          -0.170247,
          0.928428,
          3.146595
        ],
        [
          -0.943633,
          -0.0358,
          0.329052,
          4.568744
        ],
        [
          -0.022782,
          -0.984751,
          -0.172472,
          1.432604
        ],
        [
          0.0,
          0.0,
          0.0,
          1.0
        ]
      ]
    },
    {
      "file_path": "/media/NFS/ttao/scannet/posed_images/scene0547_00/00022.jpg",
      "transform_matrix": [
        [
          0.23471,
          -0.168055,
          0.957428,
          3.106397
        ],
        [
          -0.971834,
          -0.019066,
          0.234895,
          4.545418
        ],
        [
          -0.021221,
          -0.985593,
          -0.167797,
          1.426786
        ],
        [
          0.0,
          0.0,
          0.0,
          1.0
        ]
      ]
    },
    {
      "file_path": "/media/NFS/ttao/scannet/posed_images/scene0547_00/00031.jpg",
      "transform_matrix": [
        [
          0.134915,
          -0.167022,
          0.976679,
          3.058892
        ],
        [
          -0.990851,
          -0.026155,
          0.1324,
          4.552014
        ],
        [
          0.003431,
          -0.985606,
          -0.169023,
          1.415409
        ],
        [
          0.0,
          0.0,
          0.0,
          1.0
        ]
      ]
    },
    {
      "file_path": "/media/NFS/ttao/scannet/posed_images/scene0547_00/00035.jpg",
      "transform_matrix": [
        [
          0.121642,
          -0.174984,
          0.977028,
          3.03675
        ],
        [
          -0.992508,
          -0.010063,
          0.121767,
          4.555517
        ],
        [
          -0.011475,
          -0.98452,
          -0.174897,
          1.416471
        ],
        [
          0.0,
          0.0,
          0.0,
          1.0
        ]
      ]
    },
    {
      "file_path": "/media/NFS/ttao/scannet/posed_images/scene0547_00/00043.jpg",
      "transform_matrix": [
        [
          0.13897,
          -0.218268,
          0.965943,
          3.013405
        ],
        [
          -0.989809,
          7e-06,
          0.142405,
          4.557797
        ],
        [
          -0.031089,
          -0.975889,
          -0.216043,
          1.390046
        ],
        [
          0.0,
          0.0,
          0.0,
          1.0
        ]
      ]
    },
    {
      "file_path": "/media/NFS/ttao/scannet/posed_images/scene0547_00/00049.jpg",
      "transform_matrix": [
        [
          0.143721,
          -0.26497,
          0.953486,
          3.001828
        ],
        [
          -0.989075,
          -0.006547,
          0.147266,
          4.562802
        ],
        [
          -0.032778,
          -0.964235,
          -0.263016,
          1.365777
        ],
        [
          0.0,
          0.0,
          0.0,
          1.0
        ]
      ]
    },
    {
      "file_path": "/media/NFS/ttao/scannet/posed_images/scene0547_00/00057.jpg",
      "transform_matrix": [
        [
          0.136315,
          -0.310534,
          0.940737,
          2.983923
        ],
        [
          -0.990401,
          -0.020791,
          0.136649,
          4.589752
        ],
        [
          -0.022875,
          -0.950335,
          -0.310387,
          1.322741
        ],
        [
          0.0,
          0.0,
          0.0,
          1.0
        ]
      ]
    },
    {
      "file_path": "/media/NFS/ttao/scannet/posed_images/scene0547_00/00059.jpg",
      "transform_matrix": [
        [
          0.141921,
          -0.316281,
          0.93799,
          2.981897
        ],
        [
          -0.989659,
          -0.025407,
          0.141172,
          4.590612
        ],
        [
          -0.020819,
          -0.948325,
          -0.316617,
          1.323745
        ],
        [
          0.0,
          0.0,
          0.0,
          1.0
        ]
      ]
    },
    {
      "file_path": "/media/NFS/ttao/scannet/posed_images/scene0547_00/00071.jpg",
      "transform_matrix": [
        [
          0.277575,
          -0.300415,
          0.912526,
          2.986408
        ],
        [
          -0.960601,
          -0.072902,
          0.268199,
          4.581512
        ],
        [
          -0.014046,
          -0.951018,
          -0.308815,
          1.32806
        ],
        [
          0.0,
          0.0,
          0.0,
          1.0
        ]
      ]
    },
    {
      "file_path": "/media/NFS/ttao/scannet/posed_images/scene0547_00/00073.jpg",
      "transform_matrix": [
        [
          0.305865,
          -0.300005,
          0.903573,
          2.992306
        ],
        [
          -0.951838,
          -0.075182,
          0.297241,
          4.576396
        ],
        [
          -0.021242,
          -0.950971,
          -0.308551,
          1.326552
        ],
        [
          0.0,
          0.0,
          0.0,
          1.0
        ]
      ]
    },
    {
      "file_path": "/media/NFS/ttao/scannet/posed_images/scene0547_00/00086.jpg",
      "transform_matrix": [
        [
          0.496866,
          -0.247813,
          0.831693,
          3.057399
        ],
        [
          -0.867318,
          -0.108967,
          0.485681,
          4.510467
        ],
        [
          -0.029731,
          -0.96266,
          -0.269075,
          1.359111
        ],
        [
          0.0,
          0.0,
          0.0,
          1.0
        ]
      ]
    },
    {
      "file_path": "/media/NFS/ttao/scannet/posed_images/scene0547_00/00088.jpg",
      "transform_matrix": [
        [
          0.518994,
          -0.232315,
          0.822602,
          3.06881
        ],
        [
          -0.854148,
          -0.104018,
          0.509521,
          4.491554
        ],
        [
          -0.032804,
          -0.967063,
          -0.252416,
          1.360894
        ],
        [
          0.0,
          0.0,
          0.0,
          1.0
        ]
      ]
    },
    {
      "file_path": "/media/NFS/ttao/scannet/posed_images/scene0547_00/00096.jpg",
      "transform_matrix": [
        [
          0.597312,
          -0.171047,
          0.783557,
          3.124929
        ],
        [
          -0.800555,
          -0.068358,
          0.595348,
          4.417675
        ],
        [
          -0.04827,
          -0.982889,
          -0.177763,
          1.412017
        ],
        [
          0.0,
          0.0,
          0.0,
          1.0
        ]
      ]
    },
    {
      "file_path": "/media/NFS/ttao/scannet/posed_images/scene0547_00/00100.jpg",
      "transform_matrix": [
        [
          0.622237,
          -0.134205,
          0.77124,
          3.135106
        ],
        [
          -0.781395,
          -0.046877,
          0.622273,
          4.391068
        ],
        [
          -0.047359,
          -0.989844,
          -0.134036,
          1.429104
        ],
        [
          0.0,
          0.0,
          0.0,
          1.0
        ]
      ]
    },
    {
      "file_path": "/media/NFS/ttao/scannet/posed_images/scene0547_00/00110.jpg",
      "transform_matrix": [
        [
          0.67716,
          -0.038657,
          0.73482,
          3.171377
        ],
        [
          -0.734653,
          0.021082,
          0.678115,
          4.362872
        ],
        [
          -0.041706,
          -0.99903,
          -0.014124,
          1.470713
        ],
        [
          0.0,
          0.0,
          0.0,
          1.0
        ]
      ]
    },
    {
      "file_path": "/media/NFS/ttao/scannet/posed_images/scene0547_00/00114.jpg",
      "transform_matrix": [
        [
          0.67584,
          0.004626,
          0.737034,
          3.184527
        ],
        [
          -0.736163,
          0.05325,
          0.674706,
          4.360506
        ],
        [
          -0.036126,
          -0.998571,
          0.039394,
          1.489213
        ],
        [
          0.0,
          0.0,
          0.0,
          1.0
        ]
      ]
    },
    {
      "file_path": "/media/NFS/ttao/scannet/posed_images/scene0547_00/00126.jpg",
      "transform_matrix": [
        [
          0.724738,
          0.070212,
          0.685438,
          3.177845
        ],
        [
          -0.688852,
          0.096068,
          0.718508,
          4.419761
        ],
        [
          -0.015401,
          -0.992895,
          0.11799,
          1.473782
        ],
        [
          0.0,
          0.0,
          0.0,
          1.0
        ]
      ]
    },
    {
      "file_path": "/media/NFS/ttao/scannet/posed_images/scene0547_00/00129.jpg",
      "transform_matrix": [
        [
          0.739819,
          0.069667,
          0.669189,
          3.182442
        ],
        [
          -0.67262,
          0.099959,
          0.733206,
          4.427369
        ],
        [
          -0.015812,
          -0.99255,
          0.120811,
          1.472731
        ],
        [
          0.0,
          0.0,
          0.0,
          1.0
        ]
      ]
    },
    {
      "file_path": "/media/NFS/ttao/scannet/posed_images/scene0547_00/00139.jpg",
      "transform_matrix": [
        [
          0.80259,
          0.019244,
          0.59622,
          3.237435
        ],
        [
          -0.596484,
          0.038471,
          0.801703,
          4.410827
        ],
        [
          -0.007509,
          -0.999074,
          0.042355,
          1.45434
        ],
        [
          0.0,
          0.0,
          0.0,
          1.0
        ]
      ]
    },
    {
      "file_path": "/media/NFS/ttao/scannet/posed_images/scene0547_00/00147.jpg",
      "transform_matrix": [
        [
          0.842571,
          -0.03619,
          0.537368,
          3.30655
        ],
        [
          -0.538507,
          -0.073661,
          0.839395,
          4.333191
        ],
        [
          0.009206,
          -0.996627,
          -0.081553,
          1.392849
        ],
        [
          0.0,
          0.0,
          0.0,
          1.0
        ]
      ]
    },
    {
      "file_path": "/media/NFS/ttao/scannet/posed_images/scene0547_00/00153.jpg",
      "transform_matrix": [
        [
          0.841657,
          -0.129901,
          0.524155,
          3.33111
        ],
        [
          -0.538962,
          -0.141554,
          0.830351,
          4.309961
        ],
        [
          -0.033667,
          -0.981371,
          -0.189152,
          1.37621
        ],
        [
          0.0,
          0.0,
          0.0,
          1.0
        ]
      ]
    },
    {
      "file_path": "/media/NFS/ttao/scannet/posed_images/scene0547_00/00155.jpg",
      "transform_matrix": [
        [
          0.845531,
          -0.147515,
          0.513144,
          3.344908
        ],
        [
          -0.532792,
          -0.170481,
          0.828897,
          4.298718
        ],
        [
          -0.034794,
          -0.974257,
          -0.222741,
          1.366879
        ],
        [
          0.0,
          0.0,
          0.0,
          1.0
        ]
      ]
    },
    {
      "file_path": "/media/NFS/ttao/scannet/posed_images/scene0547_00/00163.jpg",
      "transform_matrix": [
        [
          0.841627,
          -0.216388,
          0.494813,
          3.344463
        ],
        [
          -0.53605,
          -0.223282,
          0.814122,
          4.284743
        ],
        [
          -0.065683,
          -0.950432,
          -0.303915,
          1.333953
        ],
        [
          0.0,
          0.0,
          0.0,
          1.0
        ]
      ]
    },
    {
      "file_path": "/media/NFS/ttao/scannet/posed_images/scene0547_00/00169.jpg",
      "transform_matrix": [
        [
          0.836936,
          -0.228806,
          0.497177,
          3.336418
        ],
        [
          -0.544817,
          -0.261873,
          0.796616,
          4.272183
        ],
        [
          -0.052073,
          -0.937587,
          -0.343829,
          1.311223
        ],
        [
          0.0,
          0.0,
          0.0,
          1.0
        ]
      ]
    },
    {
      "file_path": "/media/NFS/ttao/scannet/posed_images/scene0547_00/00175.jpg",
      "transform_matrix": [
        [
          0.82956,
          -0.241051,
          0.50371,
          3.306166
        ],
        [
          -0.557859,
          -0.317407,
          0.766842,
          4.276238
        ],
        [
          -0.024967,
          -0.917141,
          -0.39778,
          1.293564
        ],
        [
          0.0,
          0.0,
          0.0,
          1.0
        ]
      ]
    },
    {
      "file_path": "/media/NFS/ttao/scannet/posed_images/scene0547_00/00182.jpg",
      "transform_matrix": [
        [
          0.839563,
          -0.263655,
          0.474995,
          3.274256
        ],
        [
          -0.54293,
          -0.376612,
          0.750593,
          4.275125
        ],
        [
          -0.019009,
          -0.888059,
          -0.459336,
          1.267034
        ],
        [
          0.0,
          0.0,
          0.0,
          1.0
        ]
      ]
    },
    {
      "file_path": "/media/NFS/ttao/scannet/posed_images/scene0547_00/00192.jpg",
      "transform_matrix": [
        [
          0.862812,
          -0.281293,
          0.420035,
          3.224436
        ],
        [
          -0.505383,
          -0.460239,
          0.72991,
          4.25393
        ],
        [
          -0.012002,
          -0.842053,
          -0.539261,
          1.240783
        ],
        [
          0.0,
          0.0,
          0.0,
          1.0
        ]
      ]
    },
    {
      "file_path": "/media/NFS/ttao/scannet/posed_images/scene0547_00/00200.jpg",
      "transform_matrix": [
        [
          0.883535,
          -0.266303,
          0.385289,
          3.179125
        ],
        [
          -0.468334,
          -0.492946,
          0.733258,
          4.235534
        ],
        [
          -0.005343,
          -0.828304,
          -0.560254,
          1.249148
        ],
        [
          0.0,
          0.0,
          0.0,
          1.0
        ]
      ]
    },
    {
      "file_path": "/media/NFS/ttao/scannet/posed_images/scene0547_00/00202.jpg",
      "transform_matrix": [
        [
          0.892447,
          -0.244053,
          0.379442,
          3.158223
        ],
        [
          -0.451151,
          -0.481461,
          0.751437,
          4.24018
        ],
        [
          -0.000704,
          -0.841803,
          -0.539784,
          1.261868
        ],
        [
          0.0,
          0.0,
          0.0,
          1.0
        ]
      ]
    },
    {
      "file_path": "/media/NFS/ttao/scannet/posed_images/scene0547_00/00214.jpg",
      "transform_matrix": [
        [
          0.967178,
          -0.083853,
          0.239865,
          3.129426
        ],
        [
          -0.253064,
          -0.402993,
          0.87952,
          4.251604
        ],
        [
          0.022914,
          -0.911354,
          -0.410986,
          1.321288
        ],
        [
          0.0,
          0.0,
          0.0,
          1.0
        ]
      ]
    },
    {
      "file_path": "/media/NFS/ttao/scannet/posed_images/scene0547_00/00220.jpg",
      "transform_matrix": [
        [
          0.985989,
          -0.029996,
          0.164091,
          3.171578
        ],
        [
          -0.162776,
          -0.388033,
          0.907157,
          4.253889
        ],
        [
          0.036462,
          -0.921157,
          -0.387479,
          1.318522
        ],
        [
          0.0,
          0.0,
          0.0,
          1.0
        ]
      ]
    },
    {
      "file_path": "/media/NFS/ttao/scannet/posed_images/scene0547_00/00222.jpg",
      "transform_matrix": [
        [
          0.989808,
          -0.014107,
          0.141706,
          3.195706
        ],
        [
          -0.13593,
          -0.390282,
          0.910606,
          4.25811
        ],
        [
          0.04246,
          -0.920587,
          -0.388222,
          1.321103
        ],
        [
          0.0,
          0.0,
          0.0,
          1.0
        ]
      ]
    },
    {
      "file_path": "/media/NFS/ttao/scannet/posed_images/scene0547_00/00233.jpg",
      "transform_matrix": [
        [
          0.998387,
          0.050635,
          -0.025664,
          3.306893
        ],
        [
          0.041692,
          -0.347227,
          0.936854,
          4.255098
        ],
        [
          0.038527,
          -0.936413,
          -0.348778,
          1.351728
        ],
        [
          0.0,
          0.0,
          0.0,
          1.0
        ]
      ]
    },
    {
      "file_path": "/media/NFS/ttao/scannet/posed_images/scene0547_00/00239.jpg",
      "transform_matrix": [
        [
          0.991508,
          0.066115,
          -0.111981,
          3.322263
        ],
        [
          0.127982,
          -0.343449,
          0.93041,
          4.253767
        ],
        [
          0.023054,
          -0.936842,
          -0.348994,
          1.362826
        ],
        [
          0.0,
          0.0,
          0.0,
          1.0
        ]
      ]
    },
    {
      "file_path": "/media/NFS/ttao/scannet/posed_images/scene0547_00/00245.jpg",
      "transform_matrix": [
        [
          0.988209,
          0.067002,
          -0.137672,
          3.306978
        ],
        [
          0.152591,
          -0.356943,
          0.921579,
          4.238033
        ],
        [
          0.012606,
          -0.93172,
          -0.362958,
          1.343643
        ],
        [
          0.0,
          0.0,
          0.0,
          1.0
        ]
      ]
    },
    {
      "file_path": "/media/NFS/ttao/scannet/posed_images/scene0547_00/00251.jpg",
      "transform_matrix": [
        [
          0.995438,
          0.059351,
          -0.074713,
          3.305621
        ],
        [
          0.092349,
          -0.402251,
          0.91086,
          4.234385
        ],
        [
          0.024007,
          -0.913604,
          -0.405896,
          1.331558
        ],
        [
          0.0,
          0.0,
          0.0,
          1.0
        ]
      ]
    },
    {
      "file_path": "/media/NFS/ttao/scannet/posed_images/scene0547_00/00261.jpg",
      "transform_matrix": [
        [
          0.992858,
          -0.021996,
          0.117257,
          3.335805
        ],
        [
          -0.112734,
          -0.494604,
          0.861776,
          4.190709
        ],
        [
          0.03904,
          -0.86884,
          -0.493551,
          1.280204
        ],
        [
          0.0,
          0.0,
          0.0,
          1.0
        ]
      ]
    },
    {
      "file_path": "/media/NFS/ttao/scannet/posed_images/scene0547_00/00269.jpg",
      "transform_matrix": [
        [
          0.966931,
          -0.105076,
          0.232386,
          3.343907
        ],
        [
          -0.250923,
          -0.554961,
          0.79313,
          4.154854
        ],
        [
          0.045626,
          -0.825213,
          -0.562975,
          1.246539
        ],
        [
          0.0,
          0.0,
          0.0,
          1.0
        ]
      ]
    },
    {
      "file_path": "/media/NFS/ttao/scannet/posed_images/scene0547_00/00271.jpg",
      "transform_matrix": [
        [
          0.960904,
          -0.129919,
          0.244508,
          3.351582
        ],
        [
          -0.274389,
          -0.565025,
          0.778111,
          4.149776
        ],
        [
          0.037062,
          -0.814781,
          -0.578583,
          1.243593
        ],
        [
          0.0,
          0.0,
          0.0,
          1.0
        ]
      ]
    },
    {
      "file_path": "/media/NFS/ttao/scannet/posed_images/scene0547_00/00282.jpg",
      "transform_matrix": [
        [
          0.936495,
          -0.223545,
          0.270193,
          3.375171
        ],
        [
          -0.350311,
          -0.631717,
          0.691531,
          4.120933
        ],
        [
          0.016097,
          -0.742267,
          -0.66991,
          1.203984
        ],
        [
          0.0,
          0.0,
          0.0,
          1.0
        ]
      ]
    },
    {
      "file_path": "/media/NFS/ttao/scannet/posed_images/scene0547_00/00290.jpg",
      "transform_matrix": [
        [
          0.92471,
          -0.272664,
          0.265642,
          3.386662
        ],
        [
          -0.380653,
          -0.655153,
          0.652593,
          4.114079
        ],
        [
          -0.003903,
          -0.704577,
          -0.709617,
          1.191514
        ],
        [
          0.0,
          0.0,
          0.0,
          1.0
        ]
      ]
    },
    {
      "file_path": "/media/NFS/ttao/scannet/posed_images/scene0547_00/00296.jpg",
      "transform_matrix": [
        [
          0.923097,
          -0.282621,
          0.260803,
          3.391547
        ],
        [
          -0.38435,
          -0.65518,
          0.650395,
          4.113751
        ],
        [
          -0.012943,
          -0.700617,
          -0.71342,
          1.193093
        ],
        [
          0.0,
          0.0,
          0.0,
          1.0
        ]
      ]
    },
    {
      "file_path": "/media/NFS/ttao/scannet/posed_images/scene0547_00/00298.jpg",
      "transform_matrix": [
        [
          0.924935,
          -0.273605,
          0.263886,
          3.388545
        ],
        [
          -0.380082,
          -0.655204,
          0.652874,
          4.11099
        ],
        [
          -0.00573,
          -0.704165,
          -0.710013,
          1.191875
        ],
        [
          0.0,
          0.0,
          0.0,
          1.0
        ]
      ]
    },
    {
      "file_path": "/media/NFS/ttao/scannet/posed_images/scene0547_00/00306.jpg",
      "transform_matrix": [
        [
          0.925414,
          -0.254445,
          0.280831,
          3.370574
        ],
        [
          -0.377937,
          -0.674034,
          0.634699,
          4.103304
        ],
        [
          0.027793,
          -0.693496,
          -0.719924,
          1.186565
        ],
        [
          0.0,
          0.0,
          0.0,
          1.0
        ]
      ]
    },
    {
      "file_path": "/media/NFS/ttao/scannet/posed_images/scene0547_00/00316.jpg",
      "transform_matrix": [
        [
          0.927323,
          -0.180744,
          0.327724,
          3.301373
        ],
        [
          -0.357097,
          -0.689439,
          0.630203,
          4.098294
        ],
        [
          0.11204,
          -0.701431,
          -0.703876,
          1.166983
        ],
        [
          0.0,
          0.0,
          0.0,
          1.0
        ]
      ]
    },
    {
      "file_path": "/media/NFS/ttao/scannet/posed_images/scene0547_00/00318.jpg",
      "transform_matrix": [
        [
          0.932967,
          -0.158028,
          0.323418,
          3.290946
        ],
        [
          -0.336805,
          -0.700293,
          0.629406,
          4.099426
        ],
        [
          0.127024,
          -0.696144,
          -0.706575,
          1.16415
        ],
        [
          0.0,
          0.0,
          0.0,
          1.0
        ]
      ]
    },
    {
      "file_path": "/media/NFS/ttao/scannet/posed_images/scene0547_00/00324.jpg",
      "transform_matrix": [
        [
          0.943976,
          -0.131498,
          0.302685,
          3.276864
        ],
        [
          -0.304042,
          -0.703188,
          0.642717,
          4.101119
        ],
        [
          0.128328,
          -0.698738,
          -0.703774,
          1.166924
        ],
        [
          0.0,
          0.0,
          0.0,
          1.0
        ]
      ]
    },
    {
      "file_path": "/media/NFS/ttao/scannet/posed_images/scene0547_00/00333.jpg",
      "transform_matrix": [
        [
          0.964396,
          -0.093887,
          0.247236,
          3.269547
        ],
        [
          -0.243952,
          -0.676791,
          0.69458,
          4.137594
        ],
        [
          0.102115,
          -0.730164,
          -0.675599,
          1.19079
        ],
        [
          0.0,
          0.0,
          0.0,
          1.0
        ]
      ]
    },
    {
      "file_path": "/media/NFS/ttao/scannet/posed_images/scene0547_00/00343.jpg",
      "transform_matrix": [
        [
          0.99108,
          0.00359,
          0.133223,
          3.312018
        ],
        [
          -0.097899,
          -0.65866,
          0.746045,
          4.191118
        ],
        [
          0.090427,
          -0.752432,
          -0.652433,
          1.202536
        ],
        [
          0.0,
          0.0,
          0.0,
          1.0
        ]
      ]
    },
    {
      "file_path": "/media/NFS/ttao/scannet/posed_images/scene0547_00/00345.jpg",
      "transform_matrix": [
        [
          0.99395,
          0.02626,
          0.106648,
          3.330478
        ],
        [
          -0.064554,
          -0.645909,
          0.760681,
          4.202595
        ],
        [
          0.08886,
          -0.762963,
          -0.640306,
          1.204803
        ],
        [
          0.0,
          0.0,
          0.0,
          1.0
        ]
      ]
    },
    {
      "file_path": "/media/NFS/ttao/scannet/posed_images/scene0547_00/00355.jpg",
      "transform_matrix": [
        [
          0.995389,
          0.091138,
          0.029926,
          3.461925
        ],
        [
          0.032014,
          -0.609701,
          0.791985,
          4.273564
        ],
        [
          0.090426,
          -0.787375,
          -0.609807,
          1.238918
        ],
        [
          0.0,
          0.0,
          0.0,
          1.0
        ]
      ]
    },
    {
      "file_path": "/media/NFS/ttao/scannet/posed_images/scene0547_00/00359.jpg",
      "transform_matrix": [
        [
          0.994515,
          0.101118,
          -0.026748,
          3.495911
        ],
        [
          0.081985,
          -0.594807,
          0.799677,
          4.297448
        ],
        [
          0.064952,
          -0.797483,
          -0.599835,
          1.262603
        ],
        [
          0.0,
          0.0,
          0.0,
          1.0
        ]
      ]
    },
    {
      "file_path": "/media/NFS/ttao/scannet/posed_images/scene0547_00/00367.jpg",
      "transform_matrix": [
        [
          0.984327,
          0.119144,
          -0.130019,
          3.516235
        ],
        [
          0.174067,
          -0.538091,
          0.824717,
          4.333206
        ],
        [
          0.028298,
          -0.834424,
          -0.550397,
          1.299753
        ],
        [
          0.0,
          0.0,
          0.0,
          1.0
        ]
      ]
    },
    {
      "file_path": "/media/NFS/ttao/scannet/posed_images/scene0547_00/00377.jpg",
      "transform_matrix": [
        [
          0.967616,
          0.177367,
          -0.179611,
          3.495665
        ],
        [
          0.239837,
          -0.424078,
          0.873291,
          4.348765
        ],
        [
          0.078724,
          -0.888087,
          -0.452883,
          1.337439
        ],
        [
          0.0,
          0.0,
          0.0,
          1.0
        ]
      ]
    },
    {
      "file_path": "/media/NFS/ttao/scannet/posed_images/scene0547_00/00381.jpg",
      "transform_matrix": [
        [
          0.956274,
          0.186793,
          -0.225053,
          3.49831
        ],
        [
          0.282546,
          -0.391247,
          0.875839,
          4.343457
        ],
        [
          0.075549,
          -0.90113,
          -0.426917,
          1.344367
        ],
        [
          0.0,
          0.0,
          0.0,
          1.0
        ]
      ]
    },
    {
      "file_path": "/media/NFS/ttao/scannet/posed_images/scene0547_00/00388.jpg",
      "transform_matrix": [
        [
          0.918827,
          0.20742,
          -0.33576,
          3.538451
        ],
        [
          0.389547,
          -0.340118,
          0.855905,
          4.338093
        ],
        [
          0.063333,
          -0.917222,
          -0.393309,
          1.353394
        ],
        [
          0.0,
          0.0,
          0.0,
          1.0
        ]
      ]
    },
    {
      "file_path": "/media/NFS/ttao/scannet/posed_images/scene0547_00/00398.jpg",
      "transform_matrix": [
        [
          0.84077,
          0.28248,
          -0.461856,
          3.643291
        ],
        [
          0.536781,
          -0.323832,
          0.779102,
          4.336035
        ],
        [
          0.070517,
          -0.902961,
          -0.423898,
          1.35143
        ],
        [
          0.0,
          0.0,
          0.0,
          1.0
        ]
      ]
    },
    {
      "file_path": "/media/NFS/ttao/scannet/posed_images/scene0547_00/00400.jpg",
      "transform_matrix": [
        [
          0.84047,
          0.278559,
          -0.464774,
          3.657867
        ],
        [
          0.537285,
          -0.317213,
          0.781474,
          4.33839
        ],
        [
          0.070254,
          -0.906521,
          -0.416273,
          1.364678
        ],
        [
          0.0,
          0.0,
          0.0,
          1.0
        ]
      ]
    },
    {
      "file_path": "/media/NFS/ttao/scannet/posed_images/scene0547_00/00412.jpg",
      "transform_matrix": [
        [
          0.894427,
          0.202877,
          -0.398549,
          3.714671
        ],
        [
          0.436634,
          -0.203453,
          0.876332,
          4.311986
        ],
        [
          0.096702,
          -0.957835,
          -0.270557,
          1.420605
        ],
        [
          0.0,
          0.0,
          0.0,
          1.0
        ]
      ]
    },
    {
      "file_path": "/media/NFS/ttao/scannet/posed_images/scene0547_00/00414.jpg",
      "transform_matrix": [
        [
          0.902005,
          0.195984,
          -0.384679,
          3.707549
        ],
        [
          0.421364,
          -0.20559,
          0.883281,
          4.305263
        ],
        [
          0.094022,
          -0.958813,
          -0.268024,
          1.425314
        ],
        [
          0.0,
          0.0,
          0.0,
          1.0
        ]
      ]
    },
    {
      "file_path": "/media/NFS/ttao/scannet/posed_images/scene0547_00/00420.jpg",
      "transform_matrix": [
        [
          0.901126,
          0.182896,
          -0.393092,
          3.688137
        ],
        [
          0.423907,
          -0.181446,
          0.887344,
          4.277781
        ],
        [
          0.090966,
          -0.966244,
          -0.241037,
          1.42972
        ],
        [
          0.0,
          0.0,
          0.0,
          1.0
        ]
      ]
    },
    {
      "file_path": "/media/NFS/ttao/scannet/posed_images/scene0547_00/00428.jpg",
      "transform_matrix": [
        [
          0.907475,
          0.116874,
          -0.403523,
          3.680618
        ],
        [
          0.416551,
          -0.125604,
          0.900394,
          4.252485
        ],
        [
          0.054549,
          -0.985172,
          -0.162666,
          1.472764
        ],
        [
          0.0,
          0.0,
          0.0,
          1.0
        ]
      ]
    },
    {
      "file_path": "/media/NFS/ttao/scannet/posed_images/scene0547_00/00435.jpg",
      "transform_matrix": [
        [
          0.915548,
          0.040746,
          -0.40014,
          3.712478
        ],
        [
          0.401871,
          -0.051881,
          0.914225,
          4.228196
        ],
        [
          0.016491,
          -0.997822,
          -0.063874,
          1.507544
        ],
        [
          0.0,
          0.0,
          0.0,
          1.0
        ]
      ]
    },
    {
      "file_path": "/media/NFS/ttao/scannet/posed_images/scene0547_00/00445.jpg",
      "transform_matrix": [
        [
          0.902021,
          -0.011657,
          -0.431535,
          3.723145
        ],
        [
          0.431686,
          0.029983,
          0.901526,
          4.197192
        ],
        [
          0.00243,
          -0.999482,
          0.032078,
          1.529943
        ],
        [
          0.0,
          0.0,
          0.0,
          1.0
        ]
      ]
    },
    {
      "file_path": "/media/NFS/ttao/scannet/posed_images/scene0547_00/00447.jpg",
      "transform_matrix": [
        [
          0.902365,
          -0.013769,
          -0.430753,
          3.724085
        ],
        [
          0.430963,
          0.035563,
          0.901669,
          4.196457
        ],
        [
          0.002903,
          -0.999273,
          0.038025,
          1.534698
        ],
        [
          0.0,
          0.0,
          0.0,
          1.0
        ]
      ]
    },
    {
      "file_path": "/media/NFS/ttao/scannet/posed_images/scene0547_00/00455.jpg",
      "transform_matrix": [
        [
          0.892879,
          -0.010033,
          -0.450186,
          3.728017
        ],
        [
          0.450166,
          0.04402,
          0.891859,
          4.201585
        ],
        [
          0.010869,
          -0.99898,
          0.043821,
          1.539695
        ],
        [
          0.0,
          0.0,
          0.0,
          1.0
        ]
      ]
    },
    {
      "file_path": "/media/NFS/ttao/scannet/posed_images/scene0547_00/00461.jpg",
      "transform_matrix": [
        [
          0.881339,
          -0.026091,
          -0.471763,
          3.739851
        ],
        [
          0.472324,
          0.074705,
          0.878254,
          4.214396
        ],
        [
          0.012328,
          -0.996864,
          0.078164,
          1.550453
        ],
        [
          0.0,
          0.0,
          0.0,
          1.0
        ]
      ]
    },
    {
      "file_path": "/media/NFS/ttao/scannet/posed_images/scene0547_00/00473.jpg",
      "transform_matrix": [
        [
          0.764855,
          -0.012408,
          -0.644083,
          3.840917
        ],
        [
          0.643742,
          0.052516,
          0.763438,
          4.299926
        ],
        [
          0.024352,
          -0.998543,
          0.048155,
          1.544076
        ],
        [
          0.0,
          0.0,
          0.0,
          1.0
        ]
      ]
    },
    {
      "file_path": "/media/NFS/ttao/scannet/posed_images/scene0547_00/00475.jpg",
      "transform_matrix": [
        [
          0.74207,
          -0.013453,
          -0.670187,
          3.860414
        ],
        [
          0.669854,
          0.052264,
          0.740651,
          4.314404
        ],
        [
          0.025063,
          -0.998543,
          0.047795,
          1.544731
        ],
        [
          0.0,
          0.0,
          0.0,
          1.0
        ]
      ]
    },
    {
      "file_path": "/media/NFS/ttao/scannet/posed_images/scene0547_00/00486.jpg",
      "transform_matrix": [
        [
          0.6185,
          0.018584,
          -0.785565,
          3.91742
        ],
        [
          0.785571,
          -0.037966,
          0.617607,
          4.387973
        ],
        [
          -0.018347,
          -0.999106,
          -0.038081,
          1.51635
        ],
        [
          0.0,
          0.0,
          0.0,
          1.0
        ]
      ]
    },
    {
      "file_path": "/media/NFS/ttao/scannet/posed_images/scene0547_00/00492.jpg",
      "transform_matrix": [
        [
          0.605725,
          0.055011,
          -0.79377,
          3.894554
        ],
        [
          0.795483,
          -0.063748,
          0.602614,
          4.375178
        ],
        [
          -0.017451,
          -0.996449,
          -0.082374,
          1.467894
        ],
        [
          0.0,
          0.0,
          0.0,
          1.0
        ]
      ]
    },
    {
      "file_path": "/media/NFS/ttao/scannet/posed_images/scene0547_00/00500.jpg",
      "transform_matrix": [
        [
          0.617195,
          0.194521,
          -0.762385,
          3.826745
        ],
        [
          0.786655,
          -0.133328,
          0.602825,
          4.348455
        ],
        [
          0.015615,
          -0.971795,
          -0.23531,
          1.430372
        ],
        [
          0.0,
          0.0,
          0.0,
          1.0
        ]
      ]
    },
    {
      "file_path": "/media/NFS/ttao/scannet/posed_images/scene0547_00/00506.jpg",
      "transform_matrix": [
        [
          0.598338,
          0.253849,
          -0.759968,
          3.781895
        ],
        [
          0.800841,
          -0.159409,
          0.577271,
          4.332005
        ],
        [
          0.025394,
          -0.954017,
          -0.298674,
          1.417015
        ],
        [
          0.0,
          0.0,
          0.0,
          1.0
        ]
      ]
    },
    {
      "file_path": "/media/NFS/ttao/scannet/posed_images/scene0547_00/00510.jpg",
      "transform_matrix": [
        [
          0.589485,
          0.271885,
          -0.760648,
          3.751009
        ],
        [
          0.807063,
          -0.158588,
          0.568769,
          4.309738
        ],
        [
          0.03401,
          -0.949172,
          -0.312914,
          1.412893
        ],
        [
          0.0,
          0.0,
          0.0,
          1.0
        ]
      ]
    },
    {
      "file_path": "/media/NFS/ttao/scannet/posed_images/scene0547_00/00520.jpg",
      "transform_matrix": [
        [
          0.55875,
          0.324068,
          -0.7634,
          3.710921
        ],
        [
          0.827777,
          -0.161497,
          0.537313,
          4.279425
        ],
        [
          0.050839,
          -0.932148,
          -0.358492,
          1.393898
        ],
        [
          0.0,
          0.0,
          0.0,
          1.0
        ]
      ]
    },
    {
      "file_path": "/media/NFS/ttao/scannet/posed_images/scene0547_00/00522.jpg",
      "transform_matrix": [
        [
          0.549052,
          0.321892,
          -0.771316,
          3.713625
        ],
        [
          0.834191,
          -0.154015,
          0.529533,
          4.279606
        ],
        [
          0.051658,
          -0.934165,
          -0.353082,
          1.392271
        ],
        [
