{
  "frames": [
    {
      "file_path": "/media/NFS/ttao/scannet/posed_images/scene0005_00/00000.jpg",
      "transform_matrix": [
        [
          -0.857694,
          0.203115,
          -0.472341,
          3.161674
        ],
        [
          0.513544,
          0.293426,
          -0.806333,
          3.662206
        ],
        [
          -0.025181,
          -0.934155,
          -0.355978,
          1.335287
        ],
        [
          0.0,
          0.0,
          0.0,
          1.0
        ]
      ]
    },
    {
      "file_path": "/media/NFS/ttao/scannet/posed_images/scene0005_00/00003.jpg",
      "transform_matrix": [
        [
          -0.857583,
          0.210228,
          -0.469422,
          3.164042
        ],
        [
          0.513576,
          0.300052,
          -0.803871,
          3.653142
        ],
        [
          -0.028145,
          -0.930469,
          -0.365287,
          1.337743
        ],
        [
          0.0,
          0.0,
          0.0,
          1.0
        ]
      ]
    },
    {
      "file_path": "/media/NFS/ttao/scannet/posed_images/scene0005_00/00009.jpg",
      "transform_matrix": [
        [
          -0.851543,
          0.201203,
          -0.48414,
          3.169208
        ],
        [
          0.523447,
          0.274112,
          -0.806762,
          3.645592
        ],
        [
          -0.029614,
          -0.940415,
          -0.338738,
          1.345035
        ],
        [
          0.0,
          0.0,
          0.0,
          1.0
        ]
      ]
    },
    {
      "file_path": "/media/NFS/ttao/scannet/posed_images/scene0005_00/00012.jpg",
      "transform_matrix": [
        [
          -0.855733,
          0.20082,
          -0.476857,
          3.126489
        ],
        [
          0.516542,
          0.277976,
          -0.809885,
          3.671177
        ],
        [
          -0.030087,
          -0.939362,
          -0.341605,
          1.352195
        ],
        [
          0.0,
          0.0,
          0.0,
          1.0
        ]
      ]
    },
    {
      "file_path": "/media/NFS/ttao/scannet/posed_images/scene0005_00/00015.jpg",
      "transform_matrix": [
        [
          -0.852312,
          0.196201,
          -0.484841,
          3.127902
        ],
        [
          0.522433,
          0.27488,
          -0.807159,
          3.667705
        ],
        [
          -0.025092,
          -0.941247,
          -0.336785,
          1.354847
        ],
        [
          0.0,
          0.0,
          0.0,
          1.0
        ]
      ]
    },
    {
      "file_path": "/media/NFS/ttao/scannet/posed_images/scene0005_00/00021.jpg",
      "transform_matrix": [
        [
          -0.848445,
          0.185436,
          -0.495737,
          3.134599
        ],
        [
          0.528826,
          0.258056,
          -0.808548,
          3.662765
        ],
        [
          -0.022006,
          -0.948167,
          -0.317009,
          1.367262
        ],
        [
          0.0,
          0.0,
          0.0,
          1.0
        ]
      ]
    },
    {
      "file_path": "/media/NFS/ttao/scannet/posed_images/scene0005_00/00025.jpg",
      "transform_matrix": [
        [
          -0.846287,
          0.18003,
          -0.501386,
          3.139246
        ],
        [
          0.532291,
          0.247699,
          -0.809513,
          3.661963
        ],
        [
          -0.021544,
          -0.951964,
          -0.305452,
          1.369258
        ],
        [
          0.0,
          0.0,
          0.0,
          1.0
        ]
      ]
    },
    {
      "file_path": "/media/NFS/ttao/scannet/posed_images/scene0005_00/00027.jpg",
      "transform_matrix": [
        [
          -0.845041,
          0.178676,
          -0.503965,
          3.139187
        ],
        [
          0.534329,
          0.247016,
          -0.808378,
          3.665231
        ],
        [
          -0.01995,
          -0.952396,
          -0.30421,
          1.36621
        ],
        [
          0.0,
          0.0,
          0.0,
          1.0
        ]
      ]
    },
    {
      "file_path": "/media/NFS/ttao/scannet/posed_images/scene0005_00/00032.jpg",
      "transform_matrix": [
        [
          -0.833661,
          0.186826,
          -0.519717,
          3.144861
        ],
        [
          0.552082,
          0.256877,
          -0.793234,
          3.662215
        ],
        [
          -0.014694,
          -0.948214,
          -0.317291,
          1.352693
        ],
        [
          0.0,
          0.0,
          0.0,
          1.0
        ]
      ]
    },
    {
      "file_path": "/media/NFS/ttao/scannet/posed_images/scene0005_00/00037.jpg",
      "transform_matrix": [
        [
          -0.82546,
          0.201759,
          -0.527171,
          3.147737
        ],
        [
          0.564173,
          0.265119,
          -0.781934,
          3.65412
        ],
        [
          -0.017999,
          -0.942871,
          -0.332672,
          1.347831
        ],
        [
          0.0,
          0.0,
          0.0,
          1.0
        ]
      ]
    },
    {
      "file_path": "/media/NFS/ttao/scannet/posed_images/scene0005_00/00038.jpg",
      "transform_matrix": [
        [
          -0.823621,
          0.204548,
          -0.528969,
          3.151024
        ],
        [
          0.566823,
          0.265698,
          -0.779818,
          3.651003
        ],
        [
          -0.018965,
          -0.942106,
          -0.334777,
          1.347603
        ],
        [
          0.0,
          0.0,
          0.0,
          1.0
        ]
      ]
    },
    {
      "file_path": "/media/NFS/ttao/scannet/posed_images/scene0005_00/00042.jpg",
      "transform_matrix": [
        [
          -0.807447,
          0.221234,
          -0.546886,
          3.168204
        ],
        [
          0.5896,
          0.271176,
          -0.760812,
          3.629187
        ],
        [
          -0.020015,
          -0.93676,
          -0.349401,
          1.340508
        ],
        [
          0.0,
          0.0,
          0.0,
          1.0
        ]
      ]
    },
    {
      "file_path": "/media/NFS/ttao/scannet/posed_images/scene0005_00/00045.jpg",
      "transform_matrix": [
        [
          -0.788109,
          0.231088,
          -0.57051,
          3.179824
        ],
        [
          0.615433,
          0.278975,
          -0.737166,
          3.612175
        ],
        [
          -0.011192,
          -0.932079,
          -0.362082,
          1.328038
        ],
        [
          0.0,
          0.0,
          0.0,
          1.0
        ]
      ]
    },
    {
      "file_path": "/media/NFS/ttao/scannet/posed_images/scene0005_00/00052.jpg",
      "transform_matrix": [
        [
          -0.727331,
          0.281381,
          -0.625951,
          3.213298
        ],
        [
          0.686236,
          0.287,
          -0.668365,
          3.546754
        ],
        [
          -0.008417,
          -0.915672,
          -0.401838,
          1.301571
        ],
        [
          0.0,
          0.0,
          0.0,
          1.0
        ]
      ]
    },
    {
      "file_path": "/media/NFS/ttao/scannet/posed_images/scene0005_00/00053.jpg",
      "transform_matrix": [
        [
          -0.725962,
          0.284525,
          -0.626119,
          3.209737
        ],
        [
          0.687686,
          0.289434,
          -0.66582,
          3.542435
        ],
        [
          -0.008222,
          -0.913933,
          -0.405782,
          1.302364
        ],
        [
          0.0,
          0.0,
          0.0,
          1.0
        ]
      ]
    },
    {
      "file_path": "/media/NFS/ttao/scannet/posed_images/scene0005_00/00059.jpg",
      "transform_matrix": [
        [
          -0.725632,
          0.275037,
          -0.630724,
          3.185838
        ],
        [
          0.687783,
          0.262854,
          -0.676655,
          3.516622
        ],
        [
          -0.020317,
          -0.924804,
          -0.379901,
          1.307341
        ],
        [
          0.0,
          0.0,
          0.0,
          1.0
        ]
      ]
    },
    {
      "file_path": "/media/NFS/ttao/scannet/posed_images/scene0005_00/00061.jpg",
      "transform_matrix": [
        [
          -0.725931,
          0.280814,
          -0.627828,
          3.169797
        ],
        [
          0.68736,
          0.264788,
          -0.676331,
          3.512286
        ],
        [
          -0.023682,
          -0.922514,
          -0.385238,
          1.306032
        ],
        [
          0.0,
          0.0,
          0.0,
          1.0
        ]
      ]
    },
    {
      "file_path": "/media/NFS/ttao/scannet/posed_images/scene0005_00/00065.jpg",
      "transform_matrix": [
        [
          -0.707874,
          0.292331,
          -0.643007,
          3.150202
        ],
        [
          0.70593,
          0.261791,
          -0.658126,
          3.500684
        ],
        [
          -0.024057,
          -0.919787,
          -0.39168,
          1.303615
        ],
        [
          0.0,
          0.0,
          0.0,
          1.0
        ]
      ]
    },
    {
      "file_path": "/media/NFS/ttao/scannet/posed_images/scene0005_00/00072.jpg",
      "transform_matrix": [
        [
          -0.645029,
          0.329941,
          -0.689258,
          3.123684
        ],
        [
          0.76411,
          0.268389,
          -0.586603,
          3.441219
        ],
        [
          -0.008555,
          -0.905045,
          -0.425229,
          1.290748
        ],
        [
          0.0,
          0.0,
          0.0,
          1.0
        ]
      ]
    },
    {
      "file_path": "/media/NFS/ttao/scannet/posed_images/scene0005_00/00073.jpg",
      "transform_matrix": [
        [
          -0.635863,
          0.331652,
          -0.696911,
          3.118518
        ],
        [
          0.771783,
          0.266882,
          -0.57717,
          3.434093
        ],
        [
          -0.005427,
          -0.904865,
          -0.425664,
          1.28874
        ],
        [
          0.0,
          0.0,
          0.0,
          1.0
        ]
      ]
    },
    {
      "file_path": "/media/NFS/ttao/scannet/posed_images/scene0005_00/00078.jpg",
      "transform_matrix": [
        [
          -0.55751,
          0.350155,
          -0.752711,
          3.092719
        ],
        [
          0.830142,
          0.242628,
          -0.501992,
          3.367465
        ],
        [
          0.006854,
          -0.904723,
          -0.425946,
          1.275762
        ],
        [
          0.0,
          0.0,
          0.0,
          1.0
        ]
      ]
    },
    {
      "file_path": "/media/NFS/ttao/scannet/posed_images/scene0005_00/00082.jpg",
      "transform_matrix": [
        [
          -0.50589,
          0.377036,
          -0.775835,
          3.083733
        ],
        [
          0.862598,
          0.220284,
          -0.455412,
          3.298739
        ],
        [
          -0.000802,
          -0.899622,
          -0.43667,
          1.263151
        ],
        [
          0.0,
          0.0,
          0.0,
          1.0
        ]
      ]
    },
    {
      "file_path": "/media/NFS/ttao/scannet/posed_images/scene0005_00/00085.jpg",
      "transform_matrix": [
        [
          -0.467531,
          0.394845,
          -0.790893,
          3.062902
        ],
        [
          0.883873,
          0.19512,
          -0.425084,
          3.253495
        ],
        [
          -0.013524,
          -0.89779,
          -0.440217,
          1.271146
        ],
        [
          0.0,
          0.0,
          0.0,
          1.0
        ]
      ]
    },
    {
      "file_path": "/media/NFS/ttao/scannet/posed_images/scene0005_00/00089.jpg",
      "transform_matrix": [
        [
          -0.401461,
          0.39362,
          -0.826978,
          3.046797
        ],
        [
          0.915819,
          0.162467,
          -0.367259,
          3.207773
        ],
        [
          -0.010203,
          -0.904803,
          -0.425709,
          1.270788
        ],
        [
          0.0,
          0.0,
          0.0,
          1.0
        ]
      ]
    },
    {
      "file_path": "/media/NFS/ttao/scannet/posed_images/scene0005_00/00092.jpg",
      "transform_matrix": [
        [
          -0.357177,
          0.397394,
          -0.845282,
          3.038208
        ],
        [
          0.934022,
          0.157088,
          -0.320823,
          3.170484
        ],
        [
          0.00529,
          -0.904103,
          -0.427283,
          1.262891
        ],
        [
          0.0,
          0.0,
          0.0,
          1.0
        ]
      ]
    },
    {
      "file_path": "/media/NFS/ttao/scannet/posed_images/scene0005_00/00099.jpg",
      "transform_matrix": [
        [
          -0.294388,
          0.375037,
          -0.879024,
          2.977192
        ],
        [
          0.955683,
          0.117789,
          -0.269806,
          3.122041
        ],
        [
          0.002352,
          -0.919496,
          -0.393093,
          1.269417
        ],
        [
          0.0,
          0.0,
          0.0,
          1.0
        ]
      ]
    },
    {
      "file_path": "/media/NFS/ttao/scannet/posed_images/scene0005_00/00100.jpg",
      "transform_matrix": [
        [
          -0.297284,
          0.369579,
          -0.88036,
          2.970729
        ],
        [
          0.954784,
          0.118001,
          -0.272878,
          3.121793
        ],
        [
          0.003034,
          -0.921676,
          -0.387948,
          1.271404
        ],
        [
          0.0,
          0.0,
          0.0,
          1.0
        ]
      ]
    },
    {
      "file_path": "/media/NFS/ttao/scannet/posed_images/scene0005_00/00107.jpg",
      "transform_matrix": [
        [
          -0.264834,
          0.309815,
          -0.913169,
          2.884264
        ],
        [
          0.964212,
          0.072734,
          -0.254961,
          3.064662
        ],
        [
          -0.012572,
          -0.948011,
          -0.317989,
          1.27811
        ],
        [
          0.0,
          0.0,
          0.0,
          1.0
        ]
      ]
    },
    {
      "file_path": "/media/NFS/ttao/scannet/posed_images/scene0005_00/00108.jpg",
      "transform_matrix": [
        [
          -0.26437,
          0.3099,
          -0.913275,
          2.871724
        ],
        [
          0.96425,
          0.067099,
          -0.256358,
          3.05387
        ],
        [
          -0.018165,
          -0.948399,
          -0.31656,
          1.274843
        ],
        [
          0.0,
          0.0,
          0.0,
          1.0
        ]
      ]
    },
    {
      "file_path": "/media/NFS/ttao/scannet/posed_images/scene0005_00/00114.jpg",
      "transform_matrix": [
        [
          -0.247252,
          0.306655,
          -0.919146,
          2.791504
        ],
        [
          0.968526,
          0.050125,
          -0.243812,
          3.002615
        ],
        [
          -0.028694,
          -0.9505,
          -0.309397,
          1.297507
        ],
        [
          0.0,
          0.0,
          0.0,
          1.0
        ]
      ]
    },
    {
      "file_path": "/media/NFS/ttao/scannet/posed_images/scene0005_00/00115.jpg",
      "transform_matrix": [
        [
          -0.243487,
          0.310891,
          -0.918728,
          2.779226
        ],
        [
          0.969678,
          0.057594,
          -0.237501,
          2.993246
        ],
        [
          -0.020924,
          -0.948699,
          -0.315487,
          1.303663
        ],
        [
          0.0,
          0.0,
          0.0,
          1.0
        ]
      ]
    },
    {
      "file_path": "/media/NFS/ttao/scannet/posed_images/scene0005_00/00119.jpg",
      "transform_matrix": [
        [
          -0.194748,
          0.30478,
          -0.932299,
          2.74122
        ],
        [
          0.980846,
          0.056787,
          -0.186325,
          2.943503
        ],
        [
          -0.003846,
          -0.950728,
          -0.310001,
          1.31584
        ],
        [
          0.0,
          0.0,
          0.0,
          1.0
        ]
      ]
    },
    {
      "file_path": "/media/NFS/ttao/scannet/posed_images/scene0005_00/00123.jpg",
      "transform_matrix": [
        [
          -0.145436,
          0.281966,
          -0.948337,
          2.707976
        ],
        [
          0.989344,
          0.034808,
          -0.141375,
          2.893308
        ],
        [
          -0.006853,
          -0.958793,
          -0.284024,
          1.312081
        ],
        [
          0.0,
          0.0,
          0.0,
          1.0
        ]
      ]
    },
    {
      "file_path": "/media/NFS/ttao/scannet/posed_images/scene0005_00/00130.jpg",
      "transform_matrix": [
        [
          -0.061668,
          0.238578,
          -0.969163,
          2.668746
        ],
        [
          0.997437,
          -0.020554,
          -0.068526,
          2.76749
        ],
        [
          -0.036269,
          -0.970906,
          -0.236699,
          1.328415
        ],
        [
          0.0,
          0.0,
          0.0,
          1.0
        ]
      ]
    },
    {
      "file_path": "/media/NFS/ttao/scannet/posed_images/scene0005_00/00131.jpg",
      "transform_matrix": [
        [
          -0.053826,
          0.236053,
          -0.970248,
          2.662604
        ],
        [
          0.997612,
          -0.0294,
          -0.062497,
          2.754196
        ],
        [
          -0.043278,
          -0.971295,
          -0.233907,
          1.325542
        ],
        [
          0.0,
          0.0,
          0.0,
          1.0
        ]
      ]
    },
    {
      "file_path": "/media/NFS/ttao/scannet/posed_images/scene0005_00/00136.jpg",
      "transform_matrix": [
        [
          0.01542,
          0.232754,
          -0.972413,
          2.630596
        ],
        [
          0.998596,
          -0.052866,
          0.003181,
          2.690411
        ],
        [
          -0.050667,
          -0.971098,
          -0.233242,
          1.33445
        ],
        [
          0.0,
          0.0,
          0.0,
          1.0
        ]
      ]
    },
    {
      "file_path": "/media/NFS/ttao/scannet/posed_images/scene0005_00/00138.jpg",
      "transform_matrix": [
        [
          0.04774,
          0.228504,
          -0.972372,
          2.613894
        ],
        [
          0.997582,
          -0.060136,
          0.034846,
          2.670862
        ],
        [
          -0.050512,
          -0.971684,
          -0.230822,
          1.339664
        ],
        [
          0.0,
          0.0,
          0.0,
          1.0
        ]
      ]
    },
    {
      "file_path": "/media/NFS/ttao/scannet/posed_images/scene0005_00/00145.jpg",
      "transform_matrix": [
        [
          0.135764,
          0.139691,
          -0.980844,
          2.54854
        ],
        [
          0.988624,
          -0.083785,
          0.124908,
          2.620178
        ],
        [
          -0.064732,
          -0.986644,
          -0.149477,
          1.350642
        ],
        [
          0.0,
          0.0,
          0.0,
          1.0
        ]
      ]
    },
    {
      "file_path": "/media/NFS/ttao/scannet/posed_images/scene0005_00/00148.jpg",
      "transform_matrix": [
        [
          0.1422,
          0.117231,
          -0.982871,
          2.519904
        ],
        [
          0.986732,
          -0.095388,
          0.131382,
          2.607889
        ],
        [
          -0.078352,
          -0.988513,
          -0.12924,
          1.357251
        ],
        [
          0.0,
          0.0,
          0.0,
          1.0
        ]
      ]
    },
    {
      "file_path": "/media/NFS/ttao/scannet/posed_images/scene0005_00/00152.jpg",
      "transform_matrix": [
        [
          0.165789,
          0.083838,
          -0.982591,
          2.485914
        ],
        [
          0.984941,
          -0.063625,
          0.160757,
          2.588678
        ],
        [
          -0.049039,
          -0.994446,
          -0.093124,
          1.361449
        ],
        [
          0.0,
          0.0,
          0.0,
          1.0
        ]
      ]
    },
    {
      "file_path": "/media/NFS/ttao/scannet/posed_images/scene0005_00/00154.jpg",
      "transform_matrix": [
        [
          0.191717,
          0.091534,
          -0.977173,
          2.470877
        ],
        [
          0.980873,
          -0.052,
          0.187572,
          2.57278
        ],
        [
          -0.033644,
          -0.994443,
          -0.099753,
          1.366465
        ],
        [
          0.0,
          0.0,
          0.0,
          1.0
        ]
      ]
    },
    {
      "file_path": "/media/NFS/ttao/scannet/posed_images/scene0005_00/00158.jpg",
      "transform_matrix": [
        [
          0.278165,
          0.068248,
          -0.958106,
          2.440302
        ],
        [
          0.960287,
          -0.042359,
          0.275781,
          2.525804
        ],
        [
          -0.021763,
          -0.996769,
          -0.077321,
          1.368116
        ],
        [
          0.0,
          0.0,
          0.0,
          1.0
        ]
      ]
    },
    {
      "file_path": "/media/NFS/ttao/scannet/posed_images/scene0005_00/00163.jpg",
      "transform_matrix": [
        [
          0.382189,
          0.029776,
          -0.923604,
          2.422788
        ],
        [
          0.923429,
          -0.049926,
          0.380507,
          2.477992
        ],
        [
          -0.034782,
          -0.998309,
          -0.046577,
          1.407492
        ],
        [
          0.0,
          0.0,
          0.0,
          1.0
        ]
      ]
    },
    {
      "file_path": "/media/NFS/ttao/scannet/posed_images/scene0005_00/00168.jpg",
      "transform_matrix": [
        [
          0.462453,
          -0.00062,
          -0.886644,
          2.406292
        ],
        [
          0.88506,
          -0.059421,
          0.461668,
          2.414998
        ],
        [
          -0.052972,
          -0.998233,
          -0.02693,
          1.423617
        ],
        [
          0.0,
          0.0,
          0.0,
          1.0
        ]
      ]
    },
    {
      "file_path": "/media/NFS/ttao/scannet/posed_images/scene0005_00/00169.jpg",
      "transform_matrix": [
        [
          0.472762,
          -0.001479,
          -0.881189,
          2.404356
        ],
        [
          0.87954,
          -0.060378,
          0.471979,
          2.403304
        ],
        [
          -0.053903,
          -0.998175,
          -0.027244,
          1.424438
        ],
        [
          0.0,
          0.0,
          0.0,
          1.0
        ]
      ]
    },
    {
      "file_path": "/media/NFS/ttao/scannet/posed_images/scene0005_00/00176.jpg",
      "transform_matrix": [
        [
          0.534288,
          0.001163,
          -0.845302,
          2.416361
        ],
        [
          0.843135,
          -0.072304,
          0.532818,
          2.364819
        ],
        [
          -0.060499,
          -0.997382,
          -0.039612,
          1.44013
        ],
        [
          0.0,
          0.0,
          0.0,
          1.0
        ]
      ]
    },
    {
      "file_path": "/media/NFS/ttao/scannet/posed_images/scene0005_00/00177.jpg",
      "transform_matrix": [
        [
          0.53902,
          3.1e-05,
          -0.842293,
          2.420175
        ],
        [
          0.840284,
          -0.06905,
          0.537732,
          2.362303
        ],
        [
          -0.058143,
          -0.997613,
          -0.037246,
          1.44026
        ],
        [
          0.0,
          0.0,
          0.0,
          1.0
        ]
      ]
    },
    {
      "file_path": "/media/NFS/ttao/scannet/posed_images/scene0005_00/00182.jpg",
      "transform_matrix": [
        [
          0.556642,
          -0.021442,
          -0.830476,
          2.443762
        ],
        [
          0.828861,
          -0.053091,
          0.55693,
          2.356381
        ],
        [
          -0.056032,
          -0.99836,
          -0.01178,
          1.448677
        ],
        [
          0.0,
          0.0,
          0.0,
          1.0
        ]
      ]
    },
    {
      "file_path": "/media/NFS/ttao/scannet/posed_images/scene0005_00/00188.jpg",
      "transform_matrix": [
        [
          0.605816,
          -0.051609,
          -0.793929,
          2.470447
        ],
        [
          0.793508,
          -0.033215,
          0.607653,
          2.323615
        ],
        [
          -0.057731,
          -0.998115,
          0.02083,
          1.455139
        ],
        [
          0.0,
          0.0,
          0.0,
          1.0
        ]
      ]
    },
    {
      "file_path": "/media/NFS/ttao/scannet/posed_images/scene0005_00/00190.jpg",
      "transform_matrix": [
        [
          0.62027,
          -0.054496,
          -0.782493,
          2.484362
        ],
        [
          0.782204,
          -0.031417,
          0.622229,
          2.327374
        ],
        [
          -0.058492,
          -0.99802,
          0.02314,
          1.455575
        ],
        [
          0.0,
          0.0,
          0.0,
          1.0
        ]
      ]
    },
    {
      "file_path": "/media/NFS/ttao/scannet/posed_images/scene0005_00/00192.jpg",
      "transform_matrix": [
        [
          0.635198,
          -0.055899,
          -0.770324,
          2.493907
        ],
        [
          0.769927,
          -0.033099,
          0.637273,
          2.316926
        ],
        [
          -0.06112,
          -0.997888,
          0.022014,
          1.45023
        ],
        [
          0.0,
          0.0,
          0.0,
          1.0
        ]
      ]
    },
    {
      "file_path": "/media/NFS/ttao/scannet/posed_images/scene0005_00/00196.jpg",
      "transform_matrix": [
        [
          0.650422,
          -0.049425,
          -0.757963,
          2.517725
        ],
        [
          0.755804,
          -0.05717,
          0.652297,
          2.298201
        ],
        [
          -0.075573,
          -0.99714,
          0.000171,
          1.437957
        ],
        [
          0.0,
          0.0,
          0.0,
          1.0
        ]
      ]
    },
    {
      "file_path": "/media/NFS/ttao/scannet/posed_images/scene0005_00/00202.jpg",
      "transform_matrix": [
        [
          0.664962,
          0.011799,
          -0.746784,
          2.544164
        ],
        [
          0.740597,
          -0.139806,
          0.657244,
          2.276524
        ],
        [
          -0.09665,
          -0.990109,
          -0.101704,
          1.428088
        ],
        [
          0.0,
          0.0,
          0.0,
          1.0
        ]
      ]
    },
    {
      "file_path": "/media/NFS/ttao/scannet/posed_images/scene0005_00/00206.jpg",
      "transform_matrix": [
        [
          0.677184,
          0.023387,
          -0.735442,
          2.563563
        ],
        [
          0.72659,
          -0.17902,
          0.66334,
          2.255785
        ],
        [
          -0.116145,
          -0.983567,
          -0.138222,
          1.414256
        ],
        [
          0.0,
          0.0,
          0.0,
          1.0
        ]
      ]
    },
    {
      "file_path": "/media/NFS/ttao/scannet/posed_images/scene0005_00/00207.jpg",
      "transform_matrix": [
        [
          0.679066,
          0.027313,
          -0.733569,
          2.569844
        ],
        [
          0.72427,
          -0.187728,
          0.663469,
          2.251243
        ],
        [
          -0.11959,
          -0.981841,
          -0.147262,
          1.411761
        ],
        [
          0.0,
          0.0,
          0.0,
          1.0
        ]
      ]
    },
    {
      "file_path": "/media/NFS/ttao/scannet/posed_images/scene0005_00/00214.jpg",
      "transform_matrix": [
        [
          0.712696,
          0.099464,
          -0.694385,
          2.574604
        ],
        [
          0.69313,
          -0.252064,
          0.675303,
          2.213697
        ],
        [
          -0.107861,
          -0.962585,
          -0.248587,
          1.374572
        ],
        [
          0.0,
          0.0,
          0.0,
          1.0
        ]
      ]
    },
    {
      "file_path": "/media/NFS/ttao/scannet/posed_images/scene0005_00/00216.jpg",
      "transform_matrix": [
        [
          0.715009,
          0.115168,
          -0.689564,
          2.578696
        ],
        [
          0.690058,
          -0.27451,
          0.669674,
          2.208123
        ],
        [
          -0.112167,
          -0.954663,
          -0.27575,
          1.366837
        ],
        [
          0.0,
          0.0,
          0.0,
          1.0
        ]
      ]
    },
    {
      "file_path": "/media/NFS/ttao/scannet/posed_images/scene0005_00/00223.jpg",
      "transform_matrix": [
        [
          0.73403,
          0.163862,
          -0.659052,
          2.573874
        ],
        [
          0.671215,
          -0.322661,
          0.667353,
          2.187315
        ],
        [
          -0.103296,
          -0.932223,
          -0.346829,
          1.337609
        ],
        [
          0.0,
          0.0,
          0.0,
          1.0
        ]
      ]
    },
    {
      "file_path": "/media/NFS/ttao/scannet/posed_images/scene0005_00/00225.jpg",
      "transform_matrix": [
        [
          0.745361,
          0.170455,
          -0.644501,
          2.570203
        ],
        [
          0.659542,
          -0.329447,
          0.675625,
          2.178883
        ],
        [
          -0.097165,
          -0.92866,
          -0.35798,
          1.331706
        ],
        [
          0.0,
          0.0,
          0.0,
          1.0
        ]
      ]
    },
    {
      "file_path": "/media/NFS/ttao/scannet/posed_images/scene0005_00/00227.jpg",
      "transform_matrix": [
        [
          0.7602,
          0.174215,
          -0.625896,
          2.563796
        ],
        [
          0.64347,
          -0.334874,
          0.688335,
          2.166889
        ],
        [
          -0.089678,
          -0.926018,
          -0.366673,
          1.325239
        ],
        [
          0.0,
          0.0,
          0.0,
          1.0
        ]
      ]
    },
    {
      "file_path": "/media/NFS/ttao/scannet/posed_images/scene0005_00/00233.jpg",
      "transform_matrix": [
        [
          0.797511,
          0.175527,
          -0.577205,
          2.535373
        ],
        [
          0.596435,
          -0.373352,
          0.710545,
          2.123948
        ],
        [
          -0.09078,
          -0.910933,
          -0.402443,
          1.303341
        ],
        [
          0.0,
          0.0,
          0.0,
          1.0
        ]
      ]
    },
    {
      "file_path": "/media/NFS/ttao/scannet/posed_images/scene0005_00/00238.jpg",
      "transform_matrix": [
        [
          0.822413,
          0.185379,
          -0.537839,
          2.507595
        ],
        [
          0.561828,
          -0.413178,
          0.716683,
          2.07695
        ],
        [
          -0.089365,
          -0.891582,
          -0.443954,
          1.284557
        ],
        [
          0.0,
          0.0,
          0.0,
          1.0
        ]
      ]
    },
    {
      "file_path": "/media/NFS/ttao/scannet/posed_images/scene0005_00/00241.jpg",
      "transform_matrix": [
        [
          0.839052,
          0.187437,
          -0.510744,
          2.488898
        ],
        [
          0.538049,
          -0.424944,
          0.72796,
          2.054949
        ],
        [
          -0.080591,
          -0.885601,
          -0.457401,
          1.278705
        ],
        [
          0.0,
          0.0,
          0.0,
          1.0
        ]
      ]
    },
    {
      "file_path": "/media/NFS/ttao/scannet/posed_images/scene0005_00/00242.jpg",
      "transform_matrix": [
        [
          0.843721,
          0.186796,
          -0.503232,
          2.485411
        ],
        [
          0.531142,
          -0.426064,
          0.732364,
          2.04802
        ],
        [
          -0.077606,
          -0.885199,
          -0.458695,
          1.275002
        ],
        [
          0.0,
          0.0,
          0.0,
          1.0
        ]
      ]
    },
    {
      "file_path": "/media/NFS/ttao/scannet/posed_images/scene0005_00/00249.jpg",
      "transform_matrix": [
        [
          0.874044,
          0.160626,
          -0.458525,
          2.469184
        ],
        [
          0.477676,
          -0.456454,
          0.75065,
          2.009521
        ],
        [
          -0.088722,
          -0.875128,
          -0.475688,
          1.257616
        ],
        [
          0.0,
          0.0,
          0.0,
          1.0
        ]
      ]
    },
    {
      "file_path": "/media/NFS/ttao/scannet/posed_images/scene0005_00/00252.jpg",
      "transform_matrix": [
        [
          0.88396,
          0.150612,
          -0.442642,
          2.457922
        ],
        [
          0.458656,
          -0.463226,
          0.758325,
          1.998683
        ],
        [
          -0.090831,
          -0.873349,
          -0.478552,
          1.258367
        ],
        [
          0.0,
          0.0,
          0.0,
          1.0
        ]
      ]
    },
    {
      "file_path": "/media/NFS/ttao/scannet/posed_images/scene0005_00/00254.jpg",
      "transform_matrix": [
        [
          0.888214,
          0.143707,
          -0.436377,
          2.459291
        ],
        [
          0.450369,
          -0.46006,
          0.765188,
          1.996694
        ],
        [
          -0.090797,
          -0.876181,
          -0.473353,
          1.262501
        ],
        [
          0.0,
          0.0,
          0.0,
          1.0
        ]
      ]
    },
    {
      "file_path": "/media/NFS/ttao/scannet/posed_images/scene0005_00/00261.jpg",
      "transform_matrix": [
        [
          0.914584,
          0.115652,
          -0.387506,
          2.467134
        ],
        [
          0.397135,
          -0.43763,
          0.806699,
          1.99908
        ],
        [
          -0.076288,
          -0.891686,
          -0.446179,
          1.275528
        ],
        [
          0.0,
          0.0,
          0.0,
          1.0
        ]
      ]
    },
    {
      "file_path": "/media/NFS/ttao/scannet/posed_images/scene0005_00/00264.jpg",
      "transform_matrix": [
        [
          0.927236,
          0.102343,
          -0.360221,
          2.474766
        ],
        [
          0.367895,
          -0.428516,
          0.825244,
          2.003839
        ],
        [
          -0.069902,
          -0.897719,
          -0.434987,
          1.277477
        ],
        [
          0.0,
          0.0,
          0.0,
          1.0
        ]
      ]
    },
    {
      "file_path": "/media/NFS/ttao/scannet/posed_images/scene0005_00/00267.jpg",
      "transform_matrix": [
        [
          0.940441,
          0.090467,
          -0.3277,
          2.484334
        ],
        [
          0.334191,
          -0.422814,
          0.842345,
          2.013082
        ],
        [
          -0.062351,
          -0.90169,
          -0.427865,
          1.279874
        ],
        [
          0.0,
          0.0,
          0.0,
          1.0
        ]
      ]
    },
    {
      "file_path": "/media/NFS/ttao/scannet/posed_images/scene0005_00/00272.jpg",
      "transform_matrix": [
        [
          0.956149,
          0.072084,
          -0.283871,
          2.497928
        ],
        [
          0.287679,
          -0.412996,
          0.864104,
          2.03092
        ],
        [
          -0.054949,
          -0.907876,
          -0.415623,
          1.284357
        ],
        [
          0.0,
          0.0,
          0.0,
          1.0
        ]
      ]
    },
    {
      "file_path": "/media/NFS/ttao/scannet/posed_images/scene0005_00/00274.jpg",
      "transform_matrix": [
        [
          0.958785,
          0.066139,
          -0.276327,
          2.506551
        ],
        [
          0.278552,
          -0.41059,
          0.868231,
          2.039963
        ],
        [
          -0.056033,
          -0.909418,
          -0.41209,
          1.28772
        ],
        [
          0.0,
          0.0,
          0.0,
          1.0
        ]
      ]
    },
    {
      "file_path": "/media/NFS/ttao/scannet/posed_images/scene0005_00/00278.jpg",
      "transform_matrix": [
        [
          0.958574,
          0.054727,
          -0.279538,
          2.527166
        ],
        [
          0.277911,
          -0.394897,
          0.875683,
          2.058085
        ],
        [
          -0.062466,
          -0.917094,
          -0.393748,
          1.292077
        ],
        [
          0.0,
          0.0,
          0.0,
          1.0
        ]
      ]
    },
    {
      "file_path": "/media/NFS/ttao/scannet/posed_images/scene0005_00/00282.jpg",
      "transform_matrix": [
        [
          0.95368,
          0.045123,
          -0.297421,
          2.55816
        ],
        [
          0.29107,
          -0.388142,
          0.874428,
          2.078844
        ],
        [
          -0.075985,
          -0.920494,
          -0.383297,
          1.298146
        ],
        [
          0.0,
          0.0,
          0.0,
          1.0
        ]
      ]
    },
    {
      "file_path": "/media/NFS/ttao/scannet/posed_images/scene0005_00/00285.jpg",
      "transform_matrix": [
        [
          0.950505,
          0.052493,
          -0.306242,
          2.574736
        ],
        [
          0.303018,
          -0.374534,
          0.876301,
          2.097877
        ],
        [
          -0.068698,
          -0.925726,
          -0.371903,
          1.307255
        ],
        [
          0.0,
          0.0,
          0.0,
          1.0
        ]
      ]
    },
    {
      "file_path": "/media/NFS/ttao/scannet/posed_images/scene0005_00/00292.jpg",
      "transform_matrix": [
        [
          0.942096,
          0.056286,
          -0.330587,
          2.601986
        ],
        [
          0.330389,
          -0.324629,
          0.886261,
          2.125531
        ],
        [
          -0.057434,
          -0.944165,
          -0.324428,
          1.312872
        ],
        [
          0.0,
          0.0,
          0.0,
          1.0
        ]
      ]
    },
    {
      "file_path": "/media/NFS/ttao/scannet/posed_images/scene0005_00/00293.jpg",
      "transform_matrix": [
        [
          0.941492,
          0.057681,
          -0.332063,
          2.602388
        ],
        [
          0.332213,
          -0.324906,
          0.885478,
          2.131367
        ],
        [
          -0.056814,
          -0.943986,
          -0.325059,
          1.313613
        ],
        [
          0.0,
          0.0,
          0.0,
          1.0
        ]
      ]
    },
    {
      "file_path": "/media/NFS/ttao/scannet/posed_images/scene0005_00/00297.jpg",
      "transform_matrix": [
        [
          0.941987,
          0.059449,
          -0.330344,
          2.594949
        ],
        [
          0.331508,
          -0.318933,
          0.88791,
          2.155864
        ],
        [
          -0.052573,
          -0.945911,
          -0.320138,
