{
  "frames": [
    {
      "file_path": "/media/NFS/ttao/scannet/posed_images/scene0547_02/00000.jpg",
      "transform_matrix": [
        [
          0.998316,
          0.01413,
          0.05627,
          2.903067
        ],
        [
          -0.056596,
          0.023869,
          0.998112,
          3.1781
        ],
        [
          0.01276,
          -0.999615,
          0.024628,
          1.550315
        ],
        [
          0.0,
          0.0,
          0.0,
          1.0
        ]
      ]
    },
    {
      "file_path": "/media/NFS/ttao/scannet/posed_images/scene0547_02/00011.jpg",
      "transform_matrix": [
        [
          0.99526,
          0.031619,
          0.091963,
          2.865722
        ],
        [
          -0.093146,
          0.038232,
          0.994918,
          3.174422
        ],
        [
          0.027942,
          -0.998769,
          0.040996,
          1.547793
        ],
        [
          0.0,
          0.0,
          0.0,
          1.0
        ]
      ]
    },
    {
      "file_path": "/media/NFS/ttao/scannet/posed_images/scene0547_02/00014.jpg",
      "transform_matrix": [
        [
          0.995174,
          0.022362,
          0.095548,
          2.863963
        ],
        [
          -0.096518,
          0.047337,
          0.994205,
          3.171253
        ],
        [
          0.017709,
          -0.998629,
          0.049267,
          1.554428
        ],
        [
          0.0,
          0.0,
          0.0,
          1.0
        ]
      ]
    },
    {
      "file_path": "/media/NFS/ttao/scannet/posed_images/scene0547_02/00020.jpg",
      "transform_matrix": [
        [
          0.99299,
          0.020051,
          0.116484,
          2.847349
        ],
        [
          -0.117639,
          0.071985,
          0.990444,
          3.161653
        ],
        [
          0.011474,
          -0.997204,
          0.07384,
          1.565034
        ],
        [
          0.0,
          0.0,
          0.0,
          1.0
        ]
      ]
    },
    {
      "file_path": "/media/NFS/ttao/scannet/posed_images/scene0547_02/00032.jpg",
      "transform_matrix": [
        [
          0.993852,
          0.033787,
          0.105435,
          2.837088
        ],
        [
          -0.1095,
          0.159239,
          0.981149,
          3.134108
        ],
        [
          0.016361,
          -0.986662,
          0.16196,
          1.560237
        ],
        [
          0.0,
          0.0,
          0.0,
          1.0
        ]
      ]
    },
    {
      "file_path": "/media/NFS/ttao/scannet/posed_images/scene0547_02/00038.jpg",
      "transform_matrix": [
        [
          0.995238,
          0.026197,
          0.093892,
          2.841015
        ],
        [
          -0.097117,
          0.183672,
          0.978178,
          3.12545
        ],
        [
          0.00838,
          -0.982638,
          0.185341,
          1.560232
        ],
        [
          0.0,
          0.0,
          0.0,
          1.0
        ]
      ]
    },
    {
      "file_path": "/media/NFS/ttao/scannet/posed_images/scene0547_02/00050.jpg",
      "transform_matrix": [
        [
          0.998154,
          -0.003363,
          0.06065,
          2.861248
        ],
        [
          -0.0603,
          0.065536,
          0.996027,
          3.143986
        ],
        [
          -0.007324,
          -0.997845,
          0.065212,
          1.52805
        ],
        [
          0.0,
          0.0,
          0.0,
          1.0
        ]
      ]
    },
    {
      "file_path": "/media/NFS/ttao/scannet/posed_images/scene0547_02/00054.jpg",
      "transform_matrix": [
        [
          0.997839,
          0.000626,
          0.065707,
          2.854322
        ],
        [
          -0.06571,
          0.006548,
          0.997817,
          3.152945
        ],
        [
          0.000194,
          -0.999978,
          0.006575,
          1.506492
        ],
        [
          0.0,
          0.0,
          0.0,
          1.0
        ]
      ]
    },
    {
      "file_path": "/media/NFS/ttao/scannet/posed_images/scene0547_02/00059.jpg",
      "transform_matrix": [
        [
          0.998608,
          -0.008063,
          0.052134,
          2.862721
        ],
        [
          -0.052496,
          -0.054204,
          0.997149,
          3.163079
        ],
        [
          -0.005214,
          -0.998497,
          -0.054552,
          1.482813
        ],
        [
          0.0,
          0.0,
          0.0,
          1.0
        ]
      ]
    },
    {
      "file_path": "/media/NFS/ttao/scannet/posed_images/scene0547_02/00065.jpg",
      "transform_matrix": [
        [
          0.997648,
          -0.0117,
          0.067534,
          2.862675
        ],
        [
          -0.068481,
          -0.129291,
          0.989239,
          3.178886
        ],
        [
          -0.002843,
          -0.991538,
          -0.129788,
          1.4645
        ],
        [
          0.0,
          0.0,
          0.0,
          1.0
        ]
      ]
    },
    {
      "file_path": "/media/NFS/ttao/scannet/posed_images/scene0547_02/00074.jpg",
      "transform_matrix": [
        [
          0.997998,
          -0.004578,
          0.063075,
          2.871929
        ],
        [
          -0.062322,
          -0.240562,
          0.968631,
          3.189631
        ],
        [
          0.010739,
          -0.970623,
          -0.240366,
          1.392631
        ],
        [
          0.0,
          0.0,
          0.0,
          1.0
        ]
      ]
    },
    {
      "file_path": "/media/NFS/ttao/scannet/posed_images/scene0547_02/00083.jpg",
      "transform_matrix": [
        [
          0.998645,
          -0.007675,
          0.051476,
          2.891496
        ],
        [
          -0.050736,
          -0.363957,
          0.930033,
          3.20333
        ],
        [
          0.011597,
          -0.931384,
          -0.363853,
          1.343626
        ],
        [
          0.0,
          0.0,
          0.0,
          1.0
        ]
      ]
    },
    {
      "file_path": "/media/NFS/ttao/scannet/posed_images/scene0547_02/00090.jpg",
      "transform_matrix": [
        [
          0.99931,
          -0.014904,
          0.034018,
          2.894508
        ],
        [
          -0.037138,
          -0.410047,
          0.911308,
          3.199994
        ],
        [
          0.000367,
          -0.911942,
          -0.410318,
          1.319772
        ],
        [
          0.0,
          0.0,
          0.0,
          1.0
        ]
      ]
    },
    {
      "file_path": "/media/NFS/ttao/scannet/posed_images/scene0547_02/00097.jpg",
      "transform_matrix": [
        [
          0.999823,
          0.008191,
          0.016956,
          2.894027
        ],
        [
          -0.011727,
          -0.433695,
          0.900984,
          3.191156
        ],
        [
          0.014734,
          -0.901023,
          -0.433522,
          1.303463
        ],
        [
          0.0,
          0.0,
          0.0,
          1.0
        ]
      ]
    },
    {
      "file_path": "/media/NFS/ttao/scannet/posed_images/scene0547_02/00104.jpg",
      "transform_matrix": [
        [
          0.998578,
          0.028194,
          -0.045244,
          2.901818
        ],
        [
          0.05295,
          -0.426085,
          0.903132,
          3.16047
        ],
        [
          0.006185,
          -0.904244,
          -0.426972,
          1.313251
        ],
        [
          0.0,
          0.0,
          0.0,
          1.0
        ]
      ]
    },
    {
      "file_path": "/media/NFS/ttao/scannet/posed_images/scene0547_02/00113.jpg",
      "transform_matrix": [
        [
          0.988548,
          0.062959,
          -0.137144,
          2.932634
        ],
        [
          0.150629,
          -0.356814,
          0.921951,
          3.120046
        ],
        [
          0.00911,
          -0.932051,
          -0.362212,
          1.351108
        ],
        [
          0.0,
          0.0,
          0.0,
          1.0
        ]
      ]
    },
    {
      "file_path": "/media/NFS/ttao/scannet/posed_images/scene0547_02/00124.jpg",
      "transform_matrix": [
        [
          0.984925,
          0.02294,
          -0.171456,
          2.963923
        ],
        [
          0.171898,
          -0.240697,
          0.955257,
          3.098318
        ],
        [
          -0.019355,
          -0.970329,
          -0.241012,
          1.433481
        ],
        [
          0.0,
          0.0,
          0.0,
          1.0
        ]
      ]
    },
    {
      "file_path": "/media/NFS/ttao/scannet/posed_images/scene0547_02/00131.jpg",
      "transform_matrix": [
        [
          0.980447,
          0.014439,
          -0.196255,
          2.959996
        ],
        [
          0.196472,
          -0.128136,
          0.972101,
          3.071712
        ],
        [
          -0.011112,
          -0.991651,
          -0.128467,
          1.48587
        ],
        [
          0.0,
          0.0,
          0.0,
          1.0
        ]
      ]
    },
    {
      "file_path": "/media/NFS/ttao/scannet/posed_images/scene0547_02/00135.jpg",
      "transform_matrix": [
        [
          0.981614,
          0.015608,
          -0.190237,
          2.95668
        ],
        [
          0.190876,
          -0.078747,
          0.97845,
          3.064796
        ],
        [
          0.000291,
          -0.996772,
          -0.080279,
          1.503538
        ],
        [
          0.0,
          0.0,
          0.0,
          1.0
        ]
      ]
    },
    {
      "file_path": "/media/NFS/ttao/scannet/posed_images/scene0547_02/00144.jpg",
      "transform_matrix": [
        [
          0.976327,
          -0.002413,
          -0.216288,
          2.971937
        ],
        [
          0.216298,
          0.016508,
          0.976188,
          3.047782
        ],
        [
          0.001215,
          -0.999861,
          0.016639,
          1.540031
        ],
        [
          0.0,
          0.0,
          0.0,
          1.0
        ]
      ]
    },
    {
      "file_path": "/media/NFS/ttao/scannet/posed_images/scene0547_02/00153.jpg",
      "transform_matrix": [
        [
          0.965113,
          -0.037316,
          -0.259161,
          2.984578
        ],
        [
          0.26135,
          0.077142,
          0.962157,
          3.037621
        ],
        [
          -0.015912,
          -0.996322,
          0.084203,
          1.555026
        ],
        [
          0.0,
          0.0,
          0.0,
          1.0
        ]
      ]
    },
    {
      "file_path": "/media/NFS/ttao/scannet/posed_images/scene0547_02/00160.jpg",
      "transform_matrix": [
        [
          0.956095,
          -0.052564,
          -0.288304,
          2.988271
        ],
        [
          0.292555,
          0.113686,
          0.949467,
          3.022938
        ],
        [
          -0.017131,
          -0.992125,
          0.124072,
          1.571881
        ],
        [
          0.0,
          0.0,
          0.0,
          1.0
        ]
      ]
    },
    {
      "file_path": "/media/NFS/ttao/scannet/posed_images/scene0547_02/00169.jpg",
      "transform_matrix": [
        [
          0.929281,
          -0.083117,
          -0.359902,
          3.003386
        ],
        [
          0.368767,
          0.152877,
          0.916864,
          3.019681
        ],
        [
          -0.021186,
          -0.984744,
          0.172716,
          1.55843
        ],
        [
          0.0,
          0.0,
          0.0,
          1.0
        ]
      ]
    },
    {
      "file_path": "/media/NFS/ttao/scannet/posed_images/scene0547_02/00171.jpg",
      "transform_matrix": [
        [
          0.922879,
          -0.081661,
          -0.376332,
          2.99767
        ],
        [
          0.38452,
          0.142254,
          0.91209,
          3.01446
        ],
        [
          -0.020947,
          -0.986456,
          0.162684,
          1.57906
        ],
        [
          0.0,
          0.0,
          0.0,
          1.0
        ]
      ]
    },
    {
      "file_path": "/media/NFS/ttao/scannet/posed_images/scene0547_02/00178.jpg",
      "transform_matrix": [
        [
          0.91302,
          -0.068195,
          -0.402174,
          2.994946
        ],
        [
          0.407471,
          0.106505,
          0.906986,
          3.018515
        ],
        [
          -0.019018,
          -0.991971,
          0.125029,
          1.561418
        ],
        [
          0.0,
          0.0,
          0.0,
          1.0
        ]
      ]
    },
    {
      "file_path": "/media/NFS/ttao/scannet/posed_images/scene0547_02/00192.jpg",
      "transform_matrix": [
        [
          0.893924,
          -0.03623,
          -0.446753,
          2.977229
        ],
        [
          0.445138,
          -0.044906,
          0.894335,
          3.039684
        ],
        [
          -0.052464,
          -0.998334,
          -0.024015,
          1.500668
        ],
        [
          0.0,
          0.0,
          0.0,
          1.0
        ]
      ]
    },
    {
      "file_path": "/media/NFS/ttao/scannet/posed_images/scene0547_02/00194.jpg",
      "transform_matrix": [
        [
          0.890276,
          -0.036579,
          -0.45395,
          2.979846
        ],
        [
          0.451867,
          -0.053351,
          0.890489,
          3.043985
        ],
        [
          -0.056792,
          -0.997906,
          -0.030968,
          1.500548
        ],
        [
          0.0,
          0.0,
          0.0,
          1.0
        ]
      ]
    },
    {
      "file_path": "/media/NFS/ttao/scannet/posed_images/scene0547_02/00201.jpg",
      "transform_matrix": [
        [
          0.883978,
          0.013441,
          -0.467336,
          2.968325
        ],
        [
          0.46534,
          -0.121923,
          0.876695,
          3.046891
        ],
        [
          -0.045195,
          -0.992448,
          -0.114032,
          1.454088
        ],
        [
          0.0,
          0.0,
          0.0,
          1.0
        ]
      ]
    },
    {
      "file_path": "/media/NFS/ttao/scannet/posed_images/scene0547_02/00212.jpg",
      "transform_matrix": [
        [
          0.887876,
          0.081033,
          -0.45289,
          2.959555
        ],
        [
          0.457462,
          -0.260395,
          0.850248,
          3.065567
        ],
        [
          -0.049032,
          -0.962096,
          -0.268268,
          1.384032
        ],
        [
          0.0,
          0.0,
          0.0,
          1.0
        ]
      ]
    },
    {
      "file_path": "/media/NFS/ttao/scannet/posed_images/scene0547_02/00216.jpg",
      "transform_matrix": [
        [
          0.889452,
          0.109981,
          -0.443599,
          2.960345
        ],
        [
          0.455727,
          -0.28665,
          0.842701,
          3.065418
        ],
        [
          -0.034477,
          -0.951701,
          -0.305083,
          1.360832
        ],
        [
          0.0,
          0.0,
          0.0,
          1.0
        ]
      ]
    },
    {
      "file_path": "/media/NFS/ttao/scannet/posed_images/scene0547_02/00225.jpg",
      "transform_matrix": [
        [
          0.881837,
          0.164696,
          -0.441859,
          2.954304
        ],
        [
          0.470691,
          -0.364133,
          0.803652,
          3.076195
        ],
        [
          -0.028538,
          -0.916669,
          -0.398627,
          1.328806
        ],
        [
          0.0,
          0.0,
          0.0,
          1.0
        ]
      ]
    },
    {
      "file_path": "/media/NFS/ttao/scannet/posed_images/scene0547_02/00234.jpg",
      "transform_matrix": [
        [
          0.897171,
          0.197429,
          -0.395102,
          2.943526
        ],
        [
          0.441251,
          -0.440179,
          0.78201,
          3.097127
        ],
        [
          -0.019524,
          -0.875936,
          -0.482032,
          1.281974
        ],
        [
          0.0,
          0.0,
          0.0,
          1.0
        ]
      ]
    },
    {
      "file_path": "/media/NFS/ttao/scannet/posed_images/scene0547_02/00241.jpg",
      "transform_matrix": [
        [
          0.879416,
          0.248973,
          -0.405758,
          2.941994
        ],
        [
          0.476002,
          -0.447362,
          0.757158,
          3.124486
        ],
        [
          0.006991,
          -0.858999,
          -0.511929,
          1.243116
        ],
        [
          0.0,
          0.0,
          0.0,
          1.0
        ]
      ]
    },
    {
      "file_path": "/media/NFS/ttao/scannet/posed_images/scene0547_02/00246.jpg",
      "transform_matrix": [
        [
          0.853,
          0.294218,
          -0.431076,
          2.940845
        ],
        [
          0.521644,
          -0.454223,
          0.722197,
          3.173848
        ],
        [
          0.016679,
          -0.840902,
          -0.540929,
          1.236038
        ],
        [
          0.0,
          0.0,
          0.0,
          1.0
        ]
      ]
    },
    {
      "file_path": "/media/NFS/ttao/scannet/posed_images/scene0547_02/00255.jpg",
      "transform_matrix": [
        [
          0.851741,
          0.327239,
          -0.409208,
          2.96529
        ],
        [
          0.520579,
          -0.439907,
          0.731765,
          3.24193
        ],
        [
          0.059449,
          -0.836299,
          -0.545041,
          1.243949
        ],
        [
          0.0,
          0.0,
          0.0,
          1.0
        ]
      ]
    },
    {
      "file_path": "/media/NFS/ttao/scannet/posed_images/scene0547_02/00264.jpg",
      "transform_matrix": [
        [
          0.846883,
          0.33688,
          -0.411463,
          3.008737
        ],
        [
          0.531501,
          -0.511148,
          0.675452,
          3.21566
        ],
        [
          0.017227,
          -0.790721,
          -0.611934,
          1.226986
        ],
        [
          0.0,
          0.0,
          0.0,
          1.0
        ]
      ]
    },
    {
      "file_path": "/media/NFS/ttao/scannet/posed_images/scene0547_02/00268.jpg",
      "transform_matrix": [
        [
          0.817046,
          0.364929,
          -0.446389,
          3.030366
        ],
        [
          0.576534,
          -0.508176,
          0.639816,
          3.183794
        ],
        [
          0.006643,
          -0.780118,
          -0.625597,
          1.225234
        ],
        [
          0.0,
          0.0,
          0.0,
          1.0
        ]
      ]
    },
    {
      "file_path": "/media/NFS/ttao/scannet/posed_images/scene0547_02/00279.jpg",
      "transform_matrix": [
        [
          0.913251,
          0.262385,
          -0.311653,
          3.014891
        ],
        [
          0.407398,
          -0.588172,
          0.698628,
          3.101738
        ],
        [
          4e-06,
          -0.764989,
          -0.644043,
          1.218122
        ],
        [
          0.0,
          0.0,
          0.0,
          1.0
        ]
      ]
    },
    {
      "file_path": "/media/NFS/ttao/scannet/posed_images/scene0547_02/00289.jpg",
      "transform_matrix": [
        [
          0.969342,
          0.173412,
          -0.174081,
          2.991859
        ],
        [
          0.245674,
          -0.671075,
          0.699501,
          3.034534
        ],
        [
          0.00448,
          -0.720823,
          -0.693104,
          1.204939
        ],
        [
          0.0,
          0.0,
          0.0,
          1.0
        ]
      ]
    },
    {
      "file_path": "/media/NFS/ttao/scannet/posed_images/scene0547_02/00295.jpg",
      "transform_matrix": [
        [
          0.984305,
          0.12954,
          -0.119846,
          2.996874
        ],
        [
          0.175889,
          -0.664792,
          0.726027,
          3.007822
        ],
        [
          0.014377,
          -0.735711,
          -0.677142,
          1.211556
        ],
        [
          0.0,
          0.0,
          0.0,
          1.0
        ]
      ]
    },
    {
      "file_path": "/media/NFS/ttao/scannet/posed_images/scene0547_02/00304.jpg",
      "transform_matrix": [
        [
          0.996407,
          0.074826,
          -0.039672,
          3.023258
        ],
        [
          0.079265,
          -0.658917,
          0.748027,
          2.994018
        ],
        [
          0.029831,
          -0.748484,
          -0.662481,
          1.204021
        ],
        [
          0.0,
          0.0,
          0.0,
          1.0
        ]
      ]
    },
    {
      "file_path": "/media/NFS/ttao/scannet/posed_images/scene0547_02/00309.jpg",
      "transform_matrix": [
        [
          0.999304,
          0.032278,
          -0.018678,
          3.028091
        ],
        [
          0.035191,
          -0.650441,
          0.758741,
          2.991076
        ],
        [
          0.012342,
          -0.75887,
          -0.651125,
          1.20092
        ],
        [
          0.0,
          0.0,
          0.0,
          1.0
        ]
      ]
    },
    {
      "file_path": "/media/NFS/ttao/scannet/posed_images/scene0547_02/00313.jpg",
      "transform_matrix": [
        [
          0.998816,
          0.041764,
          -0.024963,
          3.027073
        ],
        [
          0.045946,
          -0.64075,
          0.766373,
          2.992503
        ],
        [
          0.016012,
          -0.766612,
          -0.64191,
          1.1985
        ],
        [
          0.0,
          0.0,
          0.0,
          1.0
        ]
      ]
    },
    {
      "file_path": "/media/NFS/ttao/scannet/posed_images/scene0547_02/00322.jpg",
      "transform_matrix": [
        [
          0.988753,
          0.119968,
          -0.089307,
          3.011304
        ],
        [
          0.145455,
          -0.632414,
          0.760852,
          3.007138
        ],
        [
          0.034798,
          -0.765284,
          -0.642751,
          1.203239
        ],
        [
          0.0,
          0.0,
          0.0,
          1.0
        ]
      ]
    },
    {
      "file_path": "/media/NFS/ttao/scannet/posed_images/scene0547_02/00334.jpg",
      "transform_matrix": [
        [
          0.941113,
          0.183831,
          -0.283748,
          2.962336
        ],
        [
          0.338081,
          -0.518622,
          0.785323,
          2.995249
        ],
        [
          -0.002791,
          -0.835007,
          -0.550232,
          1.27018
        ],
        [
          0.0,
          0.0,
          0.0,
          1.0
        ]
      ]
    },
    {
      "file_path": "/media/NFS/ttao/scannet/posed_images/scene0547_02/00336.jpg",
      "transform_matrix": [
        [
          0.932092,
          0.190814,
          -0.307888,
          2.954722
        ],
        [
          0.362204,
          -0.499445,
          0.786996,
          2.994241
        ],
        [
          -0.003603,
          -0.845071,
          -0.534642,
          1.282487
        ],
        [
          0.0,
          0.0,
          0.0,
          1.0
        ]
      ]
    },
    {
      "file_path": "/media/NFS/ttao/scannet/posed_images/scene0547_02/00347.jpg",
      "transform_matrix": [
        [
          0.856274,
          0.213707,
          -0.470239,
          2.948285
        ],
        [
          0.516445,
          -0.338424,
          0.786609,
          2.993338
        ],
        [
          0.008963,
          -0.916405,
          -0.400152,
          1.346205
        ],
        [
          0.0,
          0.0,
          0.0,
          1.0
        ]
      ]
    },
    {
      "file_path": "/media/NFS/ttao/scannet/posed_images/scene0547_02/00356.jpg",
      "transform_matrix": [
        [
          0.780147,
          0.200959,
          -0.59244,
          2.994226
        ],
        [
          0.625509,
          -0.234834,
          0.744037,
          3.038433
        ],
        [
          0.010396,
          -0.951035,
          -0.308907,
          1.377596
        ],
        [
          0.0,
          0.0,
          0.0,
          1.0
        ]
      ]
    },
    {
      "file_path": "/media/NFS/ttao/scannet/posed_images/scene0547_02/00361.jpg",
      "transform_matrix": [
        [
          0.760193,
          0.202029,
          -0.617488,
          3.031439
        ],
        [
          0.64921,
          -0.19938,
          0.734012,
          3.080687
        ],
        [
          0.025177,
          -0.95887,
          -0.282727,
          1.389967
        ],
        [
          0.0,
          0.0,
          0.0,
          1.0
        ]
      ]
    },
    {
      "file_path": "/media/NFS/ttao/scannet/posed_images/scene0547_02/00370.jpg",
      "transform_matrix": [
        [
          0.684293,
          0.097825,
          -0.722615,
          3.136155
        ],
        [
          0.72898,
          -0.06708,
          0.68124,
          3.148991
        ],
        [
          0.018169,
          -0.99294,
          -0.117215,
          1.440156
        ],
        [
          0.0,
          0.0,
          0.0,
          1.0
        ]
      ]
    },
    {
      "file_path": "/media/NFS/ttao/scannet/posed_images/scene0547_02/00379.jpg",
      "transform_matrix": [
        [
          0.705471,
          -0.028617,
          -0.708161,
          3.167296
        ],
        [
          0.708238,
          -0.009116,
          0.705915,
          3.178042
        ],
        [
          -0.026657,
          -0.999549,
          0.013837,
          1.492048
        ],
        [
          0.0,
          0.0,
          0.0,
          1.0
        ]
      ]
    },
    {
      "file_path": "/media/NFS/ttao/scannet/posed_images/scene0547_02/00381.jpg",
      "transform_matrix": [
        [
          0.699557,
          -0.040947,
          -0.713403,
          3.172458
        ],
        [
          0.71425,
          0.009884,
          0.699821,
          3.181507
        ],
        [
          -0.021605,
          -0.999113,
          0.036161,
          1.516228
        ],
        [
          0.0,
          0.0,
          0.0,
          1.0
        ]
      ]
    },
    {
      "file_path": "/media/NFS/ttao/scannet/posed_images/scene0547_02/00392.jpg",
      "transform_matrix": [
        [
          0.612029,
          -0.137567,
          -0.778779,
          3.174045
        ],
        [
          0.789981,
          0.06058,
          0.610131,
          3.199687
        ],
        [
          -0.036755,
          -0.988638,
          0.145752,
          1.528171
        ],
        [
          0.0,
          0.0,
          0.0,
          1.0
        ]
      ]
    },
    {
      "file_path": "/media/NFS/ttao/scannet/posed_images/scene0547_02/00397.jpg",
      "transform_matrix": [
        [
          0.515861,
          -0.145158,
          -0.844285,
          3.183825
        ],
        [
          0.856627,
          0.077263,
          0.510118,
          3.232337
        ],
        [
          -0.008816,
          -0.986387,
          0.164204,
          1.525541
        ],
        [
          0.0,
          0.0,
          0.0,
          1.0
        ]
      ]
    },
    {
      "file_path": "/media/NFS/ttao/scannet/posed_images/scene0547_02/00403.jpg",
      "transform_matrix": [
        [
          0.399832,
          -0.163549,
          -0.901879,
          3.199264
        ],
        [
          0.916588,
          0.071998,
          0.393296,
          3.266423
        ],
        [
          0.000611,
          -0.983904,
          0.178694,
          1.53747
        ],
        [
          0.0,
          0.0,
          0.0,
          1.0
        ]
      ]
    },
    {
      "file_path": "/media/NFS/ttao/scannet/posed_images/scene0547_02/00417.jpg",
      "transform_matrix": [
        [
          0.112365,
          -0.039442,
          -0.992884,
          3.254797
        ],
        [
          0.993619,
          0.014319,
          0.111879,
          3.459288
        ],
        [
          0.009805,
          -0.999119,
          0.0408,
          1.504761
        ],
        [
          0.0,
          0.0,
          0.0,
          1.0
        ]
      ]
    },
    {
      "file_path": "/media/NFS/ttao/scannet/posed_images/scene0547_02/00421.jpg",
      "transform_matrix": [
        [
          0.107872,
          0.018841,
          -0.993986,
          3.257055
        ],
        [
          0.994129,
          -0.010526,
          0.107688,
          3.458084
        ],
        [
          -0.008434,
          -0.999767,
          -0.019866,
          1.457268
        ],
        [
          0.0,
          0.0,
          0.0,
          1.0
        ]
      ]
    },
    {
      "file_path": "/media/NFS/ttao/scannet/posed_images/scene0547_02/00433.jpg",
      "transform_matrix": [
        [
          0.199855,
          0.21897,
          -0.955045,
          3.267583
        ],
        [
          0.979811,
          -0.05005,
          0.193562,
          3.422892
        ],
        [
          -0.005415,
          -0.974447,
          -0.224552,
          1.371645
        ],
        [
          0.0,
          0.0,
          0.0,
          1.0
        ]
      ]
    },
    {
      "file_path": "/media/NFS/ttao/scannet/posed_images/scene0547_02/00435.jpg",
      "transform_matrix": [
        [
          0.203069,
          0.239478,
          -0.949428,
          3.270734
        ],
        [
          0.979162,
          -0.051947,
          0.196326,
          3.420803
        ],
        [
          -0.002304,
          -0.969511,
          -0.245037,
          1.356247
        ],
        [
          0.0,
          0.0,
          0.0,
          1.0
        ]
      ]
    },
    {
      "file_path": "/media/NFS/ttao/scannet/posed_images/scene0547_02/00446.jpg",
      "transform_matrix": [
        [
          0.101902,
          0.366259,
          -0.924917,
          3.287515
        ],
        [
          0.994787,
          -0.034012,
          0.096131,
          3.442185
        ],
        [
          0.00375,
          -0.929891,
          -0.367816,
          1.32598
        ],
        [
          0.0,
          0.0,
          0.0,
          1.0
        ]
      ]
    },
    {
      "file_path": "/media/NFS/ttao/scannet/posed_images/scene0547_02/00451.jpg",
      "transform_matrix": [
        [
          0.018512,
          0.401953,
          -0.915473,
          3.293539
        ],
        [
          0.999451,
          0.017722,
          0.027991,
          3.48232
        ],
        [
          0.027475,
          -0.915489,
          -0.401404,
          1.325314
        ],
        [
          0.0,
          0.0,
          0.0,
          1.0
        ]
      ]
    },
    {
      "file_path": "/media/NFS/ttao/scannet/posed_images/scene0547_02/00462.jpg",
      "transform_matrix": [
        [
          -0.189421,
          0.393832,
          -0.899453,
          3.315666
        ],
        [
          0.981633,
          0.097167,
          -0.164182,
          3.535858
        ],
        [
          0.022738,
          -0.914032,
          -0.405004,
          1.33858
        ],
        [
          0.0,
          0.0,
          0.0,
          1.0
        ]
      ]
    },
    {
      "file_path": "/media/NFS/ttao/scannet/posed_images/scene0547_02/00467.jpg",
      "transform_matrix": [
        [
          -0.223797,
          0.341598,
          -0.912812,
          3.324099
        ],
        [
          0.973728,
          0.118778,
          -0.194282,
          3.530526
        ],
        [
          0.042055,
          -0.93231,
          -0.359206,
          1.334853
        ],
        [
          0.0,
          0.0,
          0.0,
          1.0
        ]
      ]
    },
    {
      "file_path": "/media/NFS/ttao/scannet/posed_images/scene0547_02/00471.jpg",
      "transform_matrix": [
        [
          -0.237152,
          0.33907,
          -0.910379,
          3.323274
        ],
        [
          0.970097,
          0.132516,
          -0.203352,
          3.513108
        ],
        [
          0.051689,
          -0.931381,
          -0.360357,
          1.322463
        ],
        [
          0.0,
          0.0,
          0.0,
          1.0
        ]
      ]
    },
    {
      "file_path": "/media/NFS/ttao/scannet/posed_images/scene0547_02/00485.jpg",
      "transform_matrix": [
        [
          -0.309325,
          0.285189,
          -0.907185,
          3.275448
        ],
        [
          0.950405,
          0.125175,
          -0.284711,
          3.446421
        ],
        [
          0.032361,
          -0.950262,
          -0.309765,
          1.346662
        ],
        [
          0.0,
          0.0,
          0.0,
          1.0
        ]
      ]
    },
    {
      "file_path": "/media/NFS/ttao/scannet/posed_images/scene0547_02/00489.jpg",
      "transform_matrix": [
        [
          -0.312422,
          0.256273,
          -0.914722,
          3.266128
        ],
        [
          0.949421,
          0.116152,
          -0.291732,
          3.434531
        ],
        [
          0.031484,
          -0.959601,
          -0.279599,
          1.358263
        ],
        [
          0.0,
          0.0,
          0.0,
          1.0
        ]
      ]
    },
    {
      "file_path": "/media/NFS/ttao/scannet/posed_images/scene0547_02/00498.jpg",
      "transform_matrix": [
        [
          -0.320117,
          0.196477,
          -0.92678,
          3.265335
        ],
        [
          0.946966,
          0.095197,
          -0.306907,
          3.444971
        ],
        [
          0.027927,
          -0.975876,
          -0.216531,
          1.387641
        ],
        [
          0.0,
          0.0,
          0.0,
          1.0
        ]
      ]
    },
    {
      "file_path": "/media/NFS/ttao/scannet/posed_images/scene0547_02/00503.jpg",
      "transform_matrix": [
        [
          -0.323914,
          0.158272,
          -0.932754,
          3.267523
        ],
        [
          0.945896,
          0.073942,
          -0.315931,
          3.465016
        ],
        [
          0.018967,
          -0.984623,
          -0.173659,
          1.411618
        ],
        [
          0.0,
          0.0,
          0.0,
          1.0
        ]
      ]
    },
    {
      "file_path": "/media/NFS/ttao/scannet/posed_images/scene0547_02/00514.jpg",
      "transform_matrix": [
        [
          -0.410007,
          0.074751,
          -0.909014,
          3.316478
        ],
        [
          0.911419,
          -0.004432,
          -0.411456,
          3.634856
        ],
        [
          -0.034786,
          -0.997192,
          -0.066312,
          1.466294
        ],
        [
          0.0,
          0.0,
          0.0,
          1.0
        ]
      ]
    },
    {
      "file_path": "/media/NFS/ttao/scannet/posed_images/scene0547_02/00521.jpg",
      "transform_matrix": [
        [
          -0.457935,
          0.057339,
          -0.887134,
          3.351665
        ],
        [
          0.887385,
          -0.030365,
          -0.460027,
          3.743147
        ],
        [
          -0.053315,
          -0.997893,
          -0.036977,
          1.502777
        ],
        [
          0.0,
          0.0,
          0.0,
          1.0
        ]
      ]
    },
    {
      "file_path": "/media/NFS/ttao/scannet/posed_images/scene0547_02/00527.jpg",
      "transform_matrix": [
        [
          -0.517037,
          0.047522,
          -0.854643,
          3.365633
        ],
        [
          0.851566,
          -0.072521,
          -0.519208,
          3.815972
        ],
        [
          -0.086653,
          -0.996234,
          -0.002972,
          1.522379
        ],
        [
          0.0,
          0.0,
          0.0,
          1.0
        ]
      ]
    },
    {
      "file_path": "/media/NFS/ttao/scannet/posed_images/scene0547_02/00536.jpg",
      "transform_matrix": [
        [
          -0.455189,
          -0.019118,
          -0.89019,
          3.408981
        ],
        [
          0.888228,
          -0.079462,
          -0.452479,
          3.83762
        ],
        [
          -0.062086,
          -0.996655,
          0.053151,
          1.5509
        ],
        [
          0.0,
          0.0,
          0.0,
          1.0
        ]
      ]
    },
    {
      "file_path": "/media/NFS/ttao/scannet/posed_images/scene0547_02/00541.jpg",
      "transform_matrix": [
        [
          -0.427412,
          -0.051077,
          -0.902613,
          3.423798
        ],
        [
          0.903342,
          -0.063847,
          -0.424144,
          3.856832
        ],
        [
          -0.035965,
          -0.996652,
          0.073429,
          1.551273
        ],
        [
          0.0,
          0.0,
          0.0,
          1.0
        ]
      ]
    },
    {
      "file_path": "/media/NFS/ttao/scannet/posed_images/scene0547_02/00552.jpg",
      "transform_matrix": [
        [
          -0.504128,
          -0.078474,
          -0.860056,
          3.449784
        ],
        [
          0.863324,
          -0.072224,
          -0.499454,
          3.845978
        ],
        [
          -0.022922,
          -0.994296,
          0.104159,
          1.558465
        ],
        [
          0.0,
          0.0,
          0.0,
          1.0
        ]
      ]
    },
    {
      "file_path": "/media/NFS/ttao/scannet/posed_images/scene0547_02/00554.jpg",
      "transform_matrix": [
        [
          -0.524148,
          -0.071689,
          -0.848604,
          3.451661
        ],
        [
          0.85118,
          -0.076359,
          -0.519289,
          3.850768
        ],
        [
          -0.027571,
          -0.9945,
          0.101043,
          1.557781
        ],
        [
          0.0,
          0.0,
          0.0,
          1.0
        ]
      ]
    },
    {
      "file_path": "/media/NFS/ttao/scannet/posed_images/scene0547_02/00568.jpg",
      "transform_matrix": [
        [
          -0.68082,
          -0.032378,
          -0.731735,
          3.459817
        ],
        [
          0.730875,
          -0.095528,
          -0.675793,
          3.92837
        ],
        [
          -0.04802,
          -0.9949,
          0.088701,
          1.531248
        ],
        [
          0.0,
          0.0,
          0.0,
          1.0
        ]
      ]
    },
    {
      "file_path": "/media/NFS/ttao/scannet/posed_images/scene0547_02/00570.jpg",
      "transform_matrix": [
        [
          -0.702443,
          -0.02681,
          -0.711235,
          3.465195
        ],
        [
          0.710008,
          -0.09608,
          -0.697608,
          3.94541
        ],
        [
          -0.049632,
          -0.995013,
          0.086526,
          1.533245
        ],
        [
          0.0,
          0.0,
          0.0,
          1.0
        ]
      ]
    },
    {
      "file_path": "/media/NFS/ttao/scannet/posed_images/scene0547_02/00579.jpg",
      "transform_matrix": [
        [
          -0.801404,
          -0.056234,
          -0.595473,
          3.450523
        ],
        [
          0.597997,
          -0.095733,
          -0.79576,
          4.074228
        ],
        [
          -0.012257,
          -0.993817,
          0.110349,
          1.53158
        ],
        [
          0.0,
          0.0,
