{
  "frames": [
    {
      "file_path": "/media/NFS/ttao/scannet/posed_images/scene0028_00/00000.jpg",
      "transform_matrix": [
        [
          0.987126,
          0.106622,
          -0.119219,
          4.64166
        ],
        [
          0.159938,
          -0.652529,
          0.740693,
          4.052867
        ],
        [
          0.00118,
          -0.750225,
          -0.661181,
          1.404314
        ],
        [
          0.0,
          0.0,
          0.0,
          1.0
        ]
      ]
    },
    {
      "file_path": "/media/NFS/ttao/scannet/posed_images/scene0028_00/00003.jpg",
      "transform_matrix": [
        [
          0.987787,
          0.108072,
          -0.112241,
          4.649458
        ],
        [
          0.155697,
          -0.656841,
          0.73778,
          4.057209
        ],
        [
          0.006009,
          -0.746244,
          -0.665645,
          1.404581
        ],
        [
          0.0,
          0.0,
          0.0,
          1.0
        ]
      ]
    },
    {
      "file_path": "/media/NFS/ttao/scannet/posed_images/scene0028_00/00009.jpg",
      "transform_matrix": [
        [
          0.98973,
          0.078153,
          -0.119695,
          4.654046
        ],
        [
          0.141622,
          -0.649931,
          0.746681,
          4.058671
        ],
        [
          -0.019438,
          -0.755964,
          -0.654324,
          1.412681
        ],
        [
          0.0,
          0.0,
          0.0,
          1.0
        ]
      ]
    },
    {
      "file_path": "/media/NFS/ttao/scannet/posed_images/scene0028_00/00010.jpg",
      "transform_matrix": [
        [
          0.99014,
          0.069445,
          -0.121658,
          4.658099
        ],
        [
          0.137409,
          -0.650363,
          0.747092,
          4.061071
        ],
        [
          -0.02724,
          -0.756442,
          -0.653493,
          1.41448
        ],
        [
          0.0,
          0.0,
          0.0,
          1.0
        ]
      ]
    },
    {
      "file_path": "/media/NFS/ttao/scannet/posed_images/scene0028_00/00014.jpg",
      "transform_matrix": [
        [
          0.990007,
          0.061503,
          -0.1269,
          4.651262
        ],
        [
          0.136814,
          -0.637003,
          0.758623,
          4.071022
        ],
        [
          -0.034178,
          -0.768404,
          -0.639052,
          1.438759
        ],
        [
          0.0,
          0.0,
          0.0,
          1.0
        ]
      ]
    },
    {
      "file_path": "/media/NFS/ttao/scannet/posed_images/scene0028_00/00017.jpg",
      "transform_matrix": [
        [
          0.98897,
          0.062769,
          -0.134162,
          4.652173
        ],
        [
          0.14391,
          -0.6216,
          0.770002,
          4.068443
        ],
        [
          -0.035063,
          -0.780816,
          -0.623777,
          1.445796
        ],
        [
          0.0,
          0.0,
          0.0,
          1.0
        ]
      ]
    },
    {
      "file_path": "/media/NFS/ttao/scannet/posed_images/scene0028_00/00024.jpg",
      "transform_matrix": [
        [
          0.989492,
          0.060885,
          -0.131146,
          4.651971
        ],
        [
          0.142522,
          -0.563548,
          0.813696,
          4.06188
        ],
        [
          -0.024365,
          -0.823837,
          -0.566303,
          1.461239
        ],
        [
          0.0,
          0.0,
          0.0,
          1.0
        ]
      ]
    },
    {
      "file_path": "/media/NFS/ttao/scannet/posed_images/scene0028_00/00027.jpg",
      "transform_matrix": [
        [
          0.989926,
          0.052383,
          -0.131539,
          4.648508
        ],
        [
          0.138711,
          -0.545078,
          0.826831,
          4.058833
        ],
        [
          -0.028387,
          -0.836748,
          -0.546853,
          1.470601
        ],
        [
          0.0,
          0.0,
          0.0,
          1.0
        ]
      ]
    },
    {
      "file_path": "/media/NFS/ttao/scannet/posed_images/scene0028_00/00029.jpg",
      "transform_matrix": [
        [
          0.989758,
          0.047383,
          -0.134663,
          4.651544
        ],
        [
          0.138901,
          -0.537373,
          0.831827,
          4.05767
        ],
        [
          -0.03295,
          -0.842012,
          -0.538451,
          1.473275
        ],
        [
          0.0,
          0.0,
          0.0,
          1.0
        ]
      ]
    },
    {
      "file_path": "/media/NFS/ttao/scannet/posed_images/scene0028_00/00031.jpg",
      "transform_matrix": [
        [
          0.990632,
          0.040273,
          -0.130484,
          4.657154
        ],
        [
          0.132017,
          -0.526786,
          0.839684,
          4.052781
        ],
        [
          -0.034921,
          -0.849044,
          -0.527167,
          1.471163
        ],
        [
          0.0,
          0.0,
          0.0,
          1.0
        ]
      ]
    },
    {
      "file_path": "/media/NFS/ttao/scannet/posed_images/scene0028_00/00038.jpg",
      "transform_matrix": [
        [
          0.99753,
          0.00593,
          -0.069998,
          4.670506
        ],
        [
          0.063459,
          -0.50343,
          0.861702,
          4.058938
        ],
        [
          -0.030129,
          -0.864015,
          -0.502563,
          1.478127
        ],
        [
          0.0,
          0.0,
          0.0,
          1.0
        ]
      ]
    },
    {
      "file_path": "/media/NFS/ttao/scannet/posed_images/scene0028_00/00041.jpg",
      "transform_matrix": [
        [
          0.998631,
          -0.009431,
          -0.05146,
          4.66897
        ],
        [
          0.039955,
          -0.497498,
          0.866545,
          4.063437
        ],
        [
          -0.033774,
          -0.867414,
          -0.49644,
          1.486665
        ],
        [
          0.0,
          0.0,
          0.0,
          1.0
        ]
      ]
    },
    {
      "file_path": "/media/NFS/ttao/scannet/posed_images/scene0028_00/00042.jpg",
      "transform_matrix": [
        [
          0.998896,
          -0.014796,
          -0.044592,
          4.673231
        ],
        [
          0.031499,
          -0.493301,
          0.869288,
          4.06099
        ],
        [
          -0.034859,
          -0.869733,
          -0.49229,
          1.487364
        ],
        [
          0.0,
          0.0,
          0.0,
          1.0
        ]
      ]
    },
    {
      "file_path": "/media/NFS/ttao/scannet/posed_images/scene0028_00/00046.jpg",
      "transform_matrix": [
        [
          0.999278,
          -0.037996,
          -0.000573,
          4.690958
        ],
        [
          -0.017659,
          -0.477676,
          0.878359,
          4.072012
        ],
        [
          -0.033648,
          -0.877714,
          -0.478002,
          1.493464
        ],
        [
          0.0,
          0.0,
          0.0,
          1.0
        ]
      ]
    },
    {
      "file_path": "/media/NFS/ttao/scannet/posed_images/scene0028_00/00049.jpg",
      "transform_matrix": [
        [
          0.99766,
          -0.050181,
          0.046445,
          4.702323
        ],
        [
          -0.064371,
          -0.46023,
          0.885463,
          4.071866
        ],
        [
          -0.023058,
          -0.88638,
          -0.462383,
          1.494427
        ],
        [
          0.0,
          0.0,
          0.0,
          1.0
        ]
      ]
    },
    {
      "file_path": "/media/NFS/ttao/scannet/posed_images/scene0028_00/00053.jpg",
      "transform_matrix": [
        [
          0.989988,
          -0.075593,
          0.1192,
          4.714696
        ],
        [
          -0.140257,
          -0.432057,
          0.890873,
          4.075764
        ],
        [
          -0.015843,
          -0.898672,
          -0.438334,
          1.488472
        ],
        [
          0.0,
          0.0,
          0.0,
          1.0
        ]
      ]
    },
    {
      "file_path": "/media/NFS/ttao/scannet/posed_images/scene0028_00/00059.jpg",
      "transform_matrix": [
        [
          0.970395,
          -0.11184,
          0.214067,
          4.734277
        ],
        [
          -0.241179,
          -0.401464,
          0.883549,
          4.075986
        ],
        [
          -0.012875,
          -0.90902,
          -0.416552,
          1.482795
        ],
        [
          0.0,
          0.0,
          0.0,
          1.0
        ]
      ]
    },
    {
      "file_path": "/media/NFS/ttao/scannet/posed_images/scene0028_00/00062.jpg",
      "transform_matrix": [
        [
          0.962157,
          -0.124892,
          0.24219,
          4.739771
        ],
        [
          -0.272053,
          -0.38964,
          0.879868,
          4.078363
        ],
        [
          -0.015522,
          -0.91246,
          -0.408872,
          1.49584
        ],
        [
          0.0,
          0.0,
          0.0,
          1.0
        ]
      ]
    },
    {
      "file_path": "/media/NFS/ttao/scannet/posed_images/scene0028_00/00067.jpg",
      "transform_matrix": [
        [
          0.951514,
          -0.128949,
          0.279273,
          4.742168
        ],
        [
          -0.307359,
          -0.362238,
          0.879951,
          4.085052
        ],
        [
          -0.012306,
          -0.923123,
          -0.384308,
          1.498435
        ],
        [
          0.0,
          0.0,
          0.0,
          1.0
        ]
      ]
    },
    {
      "file_path": "/media/NFS/ttao/scannet/posed_images/scene0028_00/00068.jpg",
      "transform_matrix": [
        [
          0.951306,
          -0.125907,
          0.281362,
          4.736907
        ],
        [
          -0.308075,
          -0.357716,
          0.881549,
          4.086276
        ],
        [
          -0.010346,
          -0.925303,
          -0.379086,
          1.501038
        ],
        [
          0.0,
          0.0,
          0.0,
          1.0
        ]
      ]
    },
    {
      "file_path": "/media/NFS/ttao/scannet/posed_images/scene0028_00/00071.jpg",
      "transform_matrix": [
        [
          0.955699,
          -0.113625,
          0.271531,
          4.728482
        ],
        [
          -0.294186,
          -0.338273,
          0.893883,
          4.091143
        ],
        [
          -0.009716,
          -0.934163,
          -0.356713,
          1.51032
        ],
        [
          0.0,
          0.0,
          0.0,
          1.0
        ]
      ]
    },
    {
      "file_path": "/media/NFS/ttao/scannet/posed_images/scene0028_00/00076.jpg",
      "transform_matrix": [
        [
          0.968662,
          -0.091763,
          0.230811,
          4.709531
        ],
        [
          -0.247834,
          -0.295288,
          0.922704,
          4.090079
        ],
        [
          -0.016515,
          -0.950991,
          -0.308776,
          1.527625
        ],
        [
          0.0,
          0.0,
          0.0,
          1.0
        ]
      ]
    },
    {
      "file_path": "/media/NFS/ttao/scannet/posed_images/scene0028_00/00081.jpg",
      "transform_matrix": [
        [
          0.981708,
          -0.068202,
          0.177757,
          4.693848
        ],
        [
          -0.189569,
          -0.263432,
          0.945868,
          4.070597
        ],
        [
          -0.017683,
          -0.962264,
          -0.271543,
          1.540895
        ],
        [
          0.0,
          0.0,
          0.0,
          1.0
        ]
      ]
    },
    {
      "file_path": "/media/NFS/ttao/scannet/posed_images/scene0028_00/00082.jpg",
      "transform_matrix": [
        [
          0.984006,
          -0.066244,
          0.165361,
          4.690352
        ],
        [
          -0.176998,
          -0.258827,
          0.949569,
          4.071344
        ],
        [
          -0.020104,
          -0.963649,
          -0.266412,
          1.536858
        ],
        [
          0.0,
          0.0,
          0.0,
          1.0
        ]
      ]
    },
    {
      "file_path": "/media/NFS/ttao/scannet/posed_images/scene0028_00/00086.jpg",
      "transform_matrix": [
        [
          0.993035,
          -0.056602,
          0.103334,
          4.673383
        ],
        [
          -0.115576,
          -0.297623,
          0.947662,
          4.07403
        ],
        [
          -0.022885,
          -0.953004,
          -0.302092,
          1.52683
        ],
        [
          0.0,
          0.0,
          0.0,
          1.0
        ]
      ]
    },
    {
      "file_path": "/media/NFS/ttao/scannet/posed_images/scene0028_00/00091.jpg",
      "transform_matrix": [
        [
          0.999858,
          -0.012993,
          -0.010751,
          4.665547
        ],
        [
          0.005647,
          -0.342741,
          0.939413,
          4.042608
        ],
        [
          -0.015891,
          -0.93934,
          -0.342619,
          1.514711
        ],
        [
          0.0,
          0.0,
          0.0,
          1.0
        ]
      ]
    },
    {
      "file_path": "/media/NFS/ttao/scannet/posed_images/scene0028_00/00093.jpg",
      "transform_matrix": [
        [
          0.998452,
          0.005722,
          -0.055327,
          4.654495
        ],
        [
          0.053711,
          -0.357628,
          0.932318,
          4.029452
        ],
        [
          -0.014452,
          -0.933846,
          -0.357382,
          1.505158
        ],
        [
          0.0,
          0.0,
          0.0,
          1.0
        ]
      ]
    },
    {
      "file_path": "/media/NFS/ttao/scannet/posed_images/scene0028_00/00099.jpg",
      "transform_matrix": [
        [
          0.978494,
          0.069519,
          -0.194207,
          4.608469
        ],
        [
          0.205226,
          -0.422904,
          0.882629,
          4.000287
        ],
        [
          -0.020771,
          -0.903504,
          -0.428076,
          1.498166
        ],
        [
          0.0,
          0.0,
          0.0,
          1.0
        ]
      ]
    },
    {
      "file_path": "/media/NFS/ttao/scannet/posed_images/scene0028_00/00102.jpg",
      "transform_matrix": [
        [
          0.956189,
          0.090831,
          -0.278302,
          4.620452
        ],
        [
          0.290259,
          -0.417899,
          0.860878,
          3.968049
        ],
        [
          -0.038108,
          -0.903941,
          -0.425955,
          1.493211
        ],
        [
          0.0,
          0.0,
          0.0,
          1.0
        ]
      ]
    },
    {
      "file_path": "/media/NFS/ttao/scannet/posed_images/scene0028_00/00104.jpg",
      "transform_matrix": [
        [
          0.944328,
          0.103398,
          -0.312335,
          4.592188
        ],
        [
          0.326357,
          -0.414577,
          0.849481,
          3.951575
        ],
        [
          -0.041652,
          -0.904121,
          -0.425241,
          1.483231
        ],
        [
          0.0,
          0.0,
          0.0,
          1.0
        ]
      ]
    },
    {
      "file_path": "/media/NFS/ttao/scannet/posed_images/scene0028_00/00110.jpg",
      "transform_matrix": [
        [
          0.88326,
          0.209032,
          -0.419711,
          4.56256
        ],
        [
          0.468516,
          -0.428883,
          0.772368,
          3.928766
        ],
        [
          -0.018557,
          -0.878843,
          -0.47675,
          1.473957
        ],
        [
          0.0,
          0.0,
          0.0,
          1.0
        ]
      ]
    },
    {
      "file_path": "/media/NFS/ttao/scannet/posed_images/scene0028_00/00113.jpg",
      "transform_matrix": [
        [
          0.850627,
          0.259476,
          -0.457281,
          4.549924
        ],
        [
          0.525744,
          -0.411325,
          0.744583,
          3.918136
        ],
        [
          0.00511,
          -0.873775,
          -0.486302,
          1.458877
        ],
        [
          0.0,
          0.0,
          0.0,
          1.0
        ]
      ]
    },
    {
      "file_path": "/media/NFS/ttao/scannet/posed_images/scene0028_00/00116.jpg",
      "transform_matrix": [
        [
          0.816171,
          0.303846,
          -0.49147,
          4.534588
        ],
        [
          0.577392,
          -0.396505,
          0.713724,
          3.914897
        ],
        [
          0.021991,
          -0.866291,
          -0.499054,
          1.455003
        ],
        [
          0.0,
          0.0,
          0.0,
          1.0
        ]
      ]
    },
    {
      "file_path": "/media/NFS/ttao/scannet/posed_images/scene0028_00/00120.jpg",
      "transform_matrix": [
        [
          0.761945,
          0.357446,
          -0.540067,
          4.521303
        ],
        [
          0.646447,
          -0.369136,
          0.667715,
          3.915702
        ],
        [
          0.039314,
          -0.857887,
          -0.512332,
          1.453769
        ],
        [
          0.0,
          0.0,
          0.0,
          1.0
        ]
      ]
    },
    {
      "file_path": "/media/NFS/ttao/scannet/posed_images/scene0028_00/00122.jpg",
      "transform_matrix": [
        [
          0.732173,
          0.382046,
          -0.563882,
          4.508752
        ],
        [
          0.678958,
          -0.343489,
          0.648869,
          3.910331
        ],
        [
          0.054211,
          -0.857937,
          -0.510887,
          1.452186
        ],
        [
          0.0,
          0.0,
          0.0,
          1.0
        ]
      ]
    },
    {
      "file_path": "/media/NFS/ttao/scannet/posed_images/scene0028_00/00125.jpg",
      "transform_matrix": [
        [
          0.68151,
          0.399504,
          -0.61314,
          4.500746
        ],
        [
          0.729809,
          -0.309134,
          0.609767,
          3.907473
        ],
        [
          0.054062,
          -0.863037,
          -0.502239,
          1.448807
        ],
        [
          0.0,
          0.0,
          0.0,
          1.0
        ]
      ]
    },
    {
      "file_path": "/media/NFS/ttao/scannet/posed_images/scene0028_00/00130.jpg",
      "transform_matrix": [
        [
          0.597775,
          0.427412,
          -0.678221,
          4.512874
        ],
        [
          0.801095,
          -0.286605,
          0.525457,
          3.917813
        ],
        [
          0.030205,
          -0.857424,
          -0.513723,
          1.437124
        ],
        [
          0.0,
          0.0,
          0.0,
          1.0
        ]
      ]
    },
    {
      "file_path": "/media/NFS/ttao/scannet/posed_images/scene0028_00/00132.jpg",
      "transform_matrix": [
        [
          0.56483,
          0.429369,
          -0.704705,
          4.51292
        ],
        [
          0.8249,
          -0.270479,
          0.496368,
          3.912428
        ],
        [
          0.022517,
          -0.861675,
          -0.506962,
          1.434519
        ],
        [
          0.0,
          0.0,
          0.0,
          1.0
        ]
      ]
    },
    {
      "file_path": "/media/NFS/ttao/scannet/posed_images/scene0028_00/00135.jpg",
      "transform_matrix": [
        [
          0.515742,
          0.441226,
          -0.734391,
          4.512427
        ],
        [
          0.856356,
          -0.239685,
          0.45739,
          3.904573
        ],
        [
          0.02579,
          -0.864795,
          -0.501462,
          1.432109
        ],
        [
          0.0,
          0.0,
          0.0,
          1.0
        ]
      ]
    },
    {
      "file_path": "/media/NFS/ttao/scannet/posed_images/scene0028_00/00142.jpg",
      "transform_matrix": [
        [
          0.367418,
          0.456329,
          -0.810412,
          4.508109
        ],
        [
          0.928934,
          -0.137279,
          0.343853,
          3.854034
        ],
        [
          0.045658,
          -0.879158,
          -0.474339,
          1.430589
        ],
        [
          0.0,
          0.0,
          0.0,
          1.0
        ]
      ]
    },
    {
      "file_path": "/media/NFS/ttao/scannet/posed_images/scene0028_00/00145.jpg",
      "transform_matrix": [
        [
          0.267041,
          0.468785,
          -0.841979,
          4.507463
        ],
        [
          0.962482,
          -0.0861,
          0.257322,
          3.829806
        ],
        [
          0.048134,
          -0.879106,
          -0.47419,
          1.434703
        ],
        [
          0.0,
          0.0,
          0.0,
          1.0
        ]
      ]
    },
    {
      "file_path": "/media/NFS/ttao/scannet/posed_images/scene0028_00/00146.jpg",
      "transform_matrix": [
        [
          0.238448,
          0.469179,
          -0.850302,
          4.508065
        ],
        [
          0.970248,
          -0.077261,
          0.229453,
          3.819434
        ],
        [
          0.041959,
          -0.879717,
          -0.473643,
          1.434528
        ],
        [
          0.0,
          0.0,
          0.0,
          1.0
        ]
      ]
    },
    {
      "file_path": "/media/NFS/ttao/scannet/posed_images/scene0028_00/00151.jpg",
      "transform_matrix": [
        [
          0.131544,
          0.486077,
          -0.863959,
          4.498971
        ],
        [
          0.991221,
          -0.052814,
          0.121206,
          3.798716
        ],
        [
          0.013286,
          -0.872319,
          -0.488757,
          1.436986
        ],
        [
          0.0,
          0.0,
          0.0,
          1.0
        ]
      ]
    },
    {
      "file_path": "/media/NFS/ttao/scannet/posed_images/scene0028_00/00156.jpg",
      "transform_matrix": [
        [
          0.071763,
          0.458223,
          -0.885935,
          4.493675
        ],
        [
          0.997374,
          -0.02429,
          0.068226,
          3.763208
        ],
        [
          0.009743,
          -0.888505,
          -0.458763,
          1.444684
        ],
        [
          0.0,
          0.0,
          0.0,
          1.0
        ]
      ]
    },
    {
      "file_path": "/media/NFS/ttao/scannet/posed_images/scene0028_00/00158.jpg",
      "transform_matrix": [
        [
          0.040238,
          0.447026,
          -0.893616,
          4.492068
        ],
        [
          0.99919,
          -0.018351,
          0.035811,
          3.753402
        ],
        [
          -0.00039,
          -0.894333,
          -0.447402,
          1.447801
        ],
        [
          0.0,
          0.0,
          0.0,
          1.0
        ]
      ]
    },
    {
      "file_path": "/media/NFS/ttao/scannet/posed_images/scene0028_00/00163.jpg",
      "transform_matrix": [
        [
          -0.027826,
          0.450583,
          -0.892301,
          4.476971
        ],
        [
          0.999439,
          -0.004095,
          -0.033235,
          3.727819
        ],
        [
          -0.018629,
          -0.892725,
          -0.450216,
          1.451246
        ],
        [
          0.0,
          0.0,
          0.0,
          1.0
        ]
      ]
    },
    {
      "file_path": "/media/NFS/ttao/scannet/posed_images/scene0028_00/00165.jpg",
      "transform_matrix": [
        [
          -0.033275,
          0.448729,
          -0.893048,
          4.471992
        ],
        [
          0.999329,
          0.001235,
          -0.036614,
          3.716655
        ],
        [
          -0.015327,
          -0.893667,
          -0.448469,
          1.450004
        ],
        [
          0.0,
          0.0,
          0.0,
          1.0
        ]
      ]
    },
    {
      "file_path": "/media/NFS/ttao/scannet/posed_images/scene0028_00/00168.jpg",
      "transform_matrix": [
        [
          -0.040258,
          0.451649,
          -0.891287,
          4.465098
        ],
        [
          0.999071,
          0.004476,
          -0.042858,
          3.698145
        ],
        [
          -0.015367,
          -0.892185,
          -0.451409,
          1.448249
        ],
        [
          0.0,
          0.0,
          0.0,
          1.0
        ]
      ]
    },
    {
      "file_path": "/media/NFS/ttao/scannet/posed_images/scene0028_00/00174.jpg",
      "transform_matrix": [
        [
          -0.120158,
          0.468289,
          -0.875367,
          4.459199
        ],
        [
          0.992471,
          0.035577,
          -0.1172,
          3.684437
        ],
        [
          -0.02374,
          -0.882859,
          -0.469038,
          1.446399
        ],
        [
          0.0,
          0.0,
          0.0,
          1.0
        ]
      ]
    },
    {
      "file_path": "/media/NFS/ttao/scannet/posed_images/scene0028_00/00175.jpg",
      "transform_matrix": [
        [
          -0.136375,
          0.466728,
          -0.873823,
          4.459861
        ],
        [
          0.990401,
          0.044163,
          -0.130981,
          3.6826
        ],
        [
          -0.022542,
          -0.883297,
          -0.468271,
          1.442936
        ],
        [
          0.0,
          0.0,
          0.0,
          1.0
        ]
      ]
    },
    {
      "file_path": "/media/NFS/ttao/scannet/posed_images/scene0028_00/00179.jpg",
      "transform_matrix": [
        [
          -0.210193,
          0.473191,
          -0.855517,
          4.462265
        ],
        [
          0.977395,
          0.081334,
          -0.195151,
          3.692894
        ],
        [
          -0.022761,
          -0.877197,
          -0.47959,
          1.435893
        ],
        [
          0.0,
          0.0,
          0.0,
          1.0
        ]
      ]
    },
    {
      "file_path": "/media/NFS/ttao/scannet/posed_images/scene0028_00/00184.jpg",
      "transform_matrix": [
        [
          -0.284524,
          0.441835,
          -0.850781,
          4.47266
        ],
        [
          0.95864,
          0.124166,
          -0.256112,
          3.697015
        ],
        [
          -0.007521,
          -0.888462,
          -0.458888,
          1.432016
        ],
        [
          0.0,
          0.0,
          0.0,
          1.0
        ]
      ]
    },
    {
      "file_path": "/media/NFS/ttao/scannet/posed_images/scene0028_00/00188.jpg",
      "transform_matrix": [
        [
          -0.392044,
          0.421417,
          -0.817747,
          4.489646
        ],
        [
          0.919845,
          0.192774,
          -0.341649,
          3.703667
        ],
        [
          0.013664,
          -0.886141,
          -0.463214,
          1.429335
        ],
        [
          0.0,
          0.0,
          0.0,
          1.0
        ]
      ]
    },
    {
      "file_path": "/media/NFS/ttao/scannet/posed_images/scene0028_00/00189.jpg",
      "transform_matrix": [
        [
          -0.417858,
          0.411606,
          -0.809923,
          4.490433
        ],
        [
          0.908276,
          0.209587,
          -0.362088,
          3.708246
        ],
        [
          0.020711,
          -0.886935,
          -0.46143,
          1.431514
        ],
        [
          0.0,
          0.0,
          0.0,
          1.0
        ]
      ]
    },
    {
      "file_path": "/media/NFS/ttao/scannet/posed_images/scene0028_00/00195.jpg",
      "transform_matrix": [
        [
          -0.550907,
          0.375425,
          -0.745358,
          4.52464
        ],
        [
          0.834549,
          0.25361,
          -0.48909,
          3.69929
        ],
        [
          0.005414,
          -0.891481,
          -0.453026,
          1.433137
        ],
        [
          0.0,
          0.0,
          0.0,
          1.0
        ]
      ]
    },
    {
      "file_path": "/media/NFS/ttao/scannet/posed_images/scene0028_00/00197.jpg",
      "transform_matrix": [
        [
          -0.589712,
          0.368166,
          -0.718814,
          4.53856
        ],
        [
          0.807613,
          0.269536,
          -0.52451,
          3.694571
        ],
        [
          0.000639,
          -0.889834,
          -0.456285,
          1.435545
        ],
        [
          0.0,
          0.0,
          0.0,
          1.0
        ]
      ]
    },
    {
      "file_path": "/media/NFS/ttao/scannet/posed_images/scene0028_00/00200.jpg",
      "transform_matrix": [
        [
          -0.651531,
          0.351333,
          -0.672363,
          4.561093
        ],
        [
          0.758618,
          0.299023,
          -0.578864,
          3.690612
        ],
        [
          -0.002322,
          -0.887215,
          -0.46135,
          1.432238
        ],
        [
          0.0,
          0.0,
          0.0,
          1.0
        ]
      ]
    },
    {
      "file_path": "/media/NFS/ttao/scannet/posed_images/scene0028_00/00204.jpg",
      "transform_matrix": [
        [
          -0.736841,
          0.331574,
          -0.589173,
          4.575742
        ],
        [
          0.675383,
          0.321825,
          -0.663541,
          3.696521
        ],
        [
          -0.030403,
          -0.886841,
          -0.461073,
          1.436756
        ],
        [
          0.0,
          0.0,
          0.0,
          1.0
        ]
      ]
    },
    {
      "file_path": "/media/NFS/ttao/scannet/posed_images/scene0028_00/00209.jpg",
      "transform_matrix": [
        [
          -0.770559,
          0.328755,
          -0.546039,
          4.59415
        ],
        [
          0.636716,
          0.358299,
          -0.682799,
          3.693251
        ],
        [
          -0.028828,
          -0.873809,
          -0.485414,
          1.447301
        ],
        [
          0.0,
          0.0,
          0.0,
          1.0
        ]
      ]
    },
    {
      "file_path": "/media/NFS/ttao/scannet/posed_images/scene0028_00/00213.jpg",
      "transform_matrix": [
        [
          -0.782999,
          0.308215,
          -0.540293,
          4.625177
        ],
        [
          0.621825,
          0.365893,
          -0.692428,
          3.675695
        ],
        [
          -0.015727,
          -0.878138,
          -0.478149,
          1.453677
        ],
        [
          0.0,
          0.0,
          0.0,
          1.0
        ]
      ]
    },
    {
      "file_path": "/media/NFS/ttao/scannet/posed_images/scene0028_00/00214.jpg",
      "transform_matrix": [
        [
          -0.788357,
          0.306857,
          -0.533229,
          4.628369
        ],
        [
          0.614974,
          0.368624,
          -0.697082,
          3.674778
        ],
        [
          -0.017344,
          -0.877471,
          -0.479316,
          1.453034
        ],
        [
          0.0,
          0.0,
          0.0,
          1.0
        ]
      ]
    },
    {
      "file_path": "/media/NFS/ttao/scannet/posed_images/scene0028_00/00218.jpg",
      "transform_matrix": [
        [
          -0.802814,
          0.297905,
          -0.51647,
          4.629788
        ],
        [
          0.596121,
          0.384548,
          -0.704814,
          3.657641
        ],
        [
          -0.01136,
          -0.873714,
          -0.486308,
          1.475838
        ],
        [
          0.0,
          0.0,
          0.0,
          1.0
        ]
      ]
    },
    {
      "file_path": "/media/NFS/ttao/scannet/posed_images/scene0028_00/00223.jpg",
      "transform_matrix": [
        [
          -0.811864,
          0.262063,
          -0.521729,
          4.628196
        ],
        [
          0.583828,
          0.357157,
          -0.729098,
          3.648936
        ],
        [
          -0.00473,
          -0.896528,
          -0.442963,
          1.501977
        ],
        [
          0.0,
          0.0,
          0.0,
          1.0
        ]
      ]
    },
    {
      "file_path": "/media/NFS/ttao/scannet/posed_images/scene0028_00/00224.jpg",
      "transform_matrix": [
        [
          -0.811824,
          0.257379,
          -0.524116,
          4.624559
        ],
        [
          0.58389,
          0.352103,
          -0.731503,
          3.65056
        ],
        [
          -0.003731,
          -0.899878,
          -0.436127,
          1.505042
        ],
        [
          0.0,
          0.0,
          0.0,
          1.0
        ]
      ]
    },
    {
      "file_path": "/media/NFS/ttao/scannet/posed_images/scene0028_00/00230.jpg",
      "transform_matrix": [
        [
          -0.776856,
          0.221961,
          -0.58926,
          4.631369
        ],
        [
          0.629623,
          0.286108,
          -0.722299,
          3.631043
        ],
        [
          0.00827,
          -0.932135,
          -0.362017,
          1.561724
        ],
        [
          0.0,
          0.0,
          0.0,
          1.0
        ]
      ]
    },
    {
      "file_path": "/media/NFS/ttao/scannet/posed_images/scene0028_00/00232.jpg",
      "transform_matrix": [
        [
          -0.77476,
          0.200653,
          -0.599571,
          4.631071
        ],
        [
          0.632231,
          0.254113,
          -0.731922,
          3.635818
        ],
        [
          0.005496,
          -0.946132,
          -0.323736,
          1.572216
        ],
        [
          0.0,
          0.0,
          0.0,
          1.0
        ]
      ]
    },
    {
      "file_path": "/media/NFS/ttao/scannet/posed_images/scene0028_00/00238.jpg",
      "transform_matrix": [
        [
          -0.77865,
          0.167429,
          -0.604708,
          4.635199
        ],
        [
          0.627219,
          0.181055,
          -0.757506,
          3.63441
        ],
        [
          -0.017343,
          -0.969116,
          -0.245993,
          1.58876
        ],
        [
          0.0,
          0.0,
          0.0,
          1.0
        ]
      ]
    },
    {
      "file_path": "/media/NFS/ttao/scannet/posed_images/scene0028_00/00242.jpg",
      "transform_matrix": [
        [
          -0.773951,
          0.15805,
          -0.613205,
          4.637465
        ],
        [
          0.633061,
          0.169699,
          -0.755273,
          3.618775
        ],
        [
          -0.01531,
          -0.97274,
          -0.231393,
          1.596252
        ],
        [
          0.0,
          0.0,
          0.0,
          1.0
        ]
      ]
    },
    {
      "file_path": "/media/NFS/ttao/scannet/posed_images/scene0028_00/00243.jpg",
      "transform_matrix": [
        [
          -0.774378,
          0.156701,
          -0.613012,
          4.632048
        ],
        [
          0.632533,
          0.167961,
          -0.756103,
          3.618687
        ],
        [
          -0.01552,
          -0.97326,
          -0.229183,
          1.593958
        ],
        [
          0.0,
          0.0,
          0.0,
          1.0
        ]
      ]
    },
    {
      "file_path": "/media/NFS/ttao/scannet/posed_images/scene0028_00/00248.jpg",
      "transform_matrix": [
        [
          -0.763306,
          0.173973,
          -0.622171,
          4.621806
        ],
        [
          0.645769,
          0.177722,
          -0.742561,
          3.604433
        ],
        [
          -0.018612,
          -0.96858,
          -0.248003,
          1.580594
        ],
        [
          0.0,
          0.0,
          0.0,
          1.0
        ]
      ]
    },
    {
      "file_path": "/media/NFS/ttao/scannet/posed_images/scene0028_00/00250.jpg",
      "transform_matrix": [
        [
          -0.762627,
          0.188468,
          -0.618773,
          4.618858
        ],
        [
          0.64641,
          0.187227,
          -0.739663,
          3.593701
        ],
        [
          -0.023552,
          -0.964067,
          -0.264612,
          1.57134
        ],
        [
          0.0,
          0.0,
          0.0,
          1.0
        ]
      ]
    },
    {
      "file_path": "/media/NFS/ttao/scannet/posed_images/scene0028_00/00255.jpg",
      "transform_matrix": [
        [
          -0.759279,
          0.22056,
          -0.612249,
          4.610529
        ],
        [
          0.650089,
          0.214184,
          -0.729047,
          3.553946
        ],
        [
          -0.029665,
          -0.951566,
          -0.306009,
          1.555124
        ],
        [
          0.0,
          0.0,
          0.0,
          1.0
        ]
      ]
    },
    {
      "file_path": "/media/NFS/ttao/scannet/posed_images/scene0028_00/00258.jpg",
      "transform_matrix": [
        [
          -0.762449,
          0.231548,
          -0.6042,
          4.603175
        ],
        [
          0.646305,
          0.227783,
          -0.728289,
          3.533101
        ],
        [
          -0.031007,
          -0.94578,
          -0.323323,
          1.544965
        ],
        [
          0.0,
          0.0,
          0.0,
          1.0
        ]
      ]
    },
    {
      "file_path": "/media/NFS/ttao/scannet/posed_images/scene0028_00/00262.jpg",
      "transform_matrix": [
        [
          -0.738817,
          0.244001,
          -0.628182,
          4.595003
        ],
        [
          0.673826,
          0.253102,
          -0.694189,
          3.495417
        ],
        [
          -0.010389,
          -0.936164,
          -0.351411,
          1.530439
        ],
        [
          0.0,
          0.0,
          0.0,
          1.0
        ]
      ]
    },
    {
      "file_path": "/media/NFS/ttao/scannet/posed_images/scene0028_00/00266.jpg",
      "transform_matrix": [
        [
          -0.712416,
          0.255837,
          -0.653461,
          4.581042
        ],
        [
          0.701756,
          0.257534,
          -0.66424,
          3.455877
        ],
        [
          -0.001649,
          -0.931785,
          -0.363006,
          1.521188
        ],
        [
          0.0,
          0.0,
          0.0,
          1.0
        ]
      ]
    },
    {
      "file_path": "/media/NFS/ttao/scannet/posed_images/scene0028_00/00270.jpg",
      "transform_matrix": [
        [
          -0.665872,
          0.301079,
          -0.682616,
          4.552701
        ],
        [
          0.745867,
          0.247577,
          -0.618374,
          3.438099
        ],
        [
          -0.017179,
          -0.9209,
          -0.38942,
          1.494063
        ],
        [
          0.0,
          0.0,
          0.0,
          1.0
        ]
      ]
    },
    {
      "file_path": "/media/NFS/ttao/scannet/posed_images/scene0028_00/00274.jpg",
      "transform_matrix": [
        [
          -0.604634,
          0.341306,
          -0.719672,
          4.537722
        ],
        [
          0.796414,
          0.245513,
          -0.552674,
          3.431049
        ],
        [
          -0.011942,
          -0.907322,
          -0.420266,
          1.460925
        ],
        [
          0.0,
          0.0,
          0.0,
          1.0
        ]
      ]
    },
    {
      "file_path": "/media/NFS/ttao/scannet/posed_images/scene0028_00/00277.jpg",
      "transform_matrix": [
        [
          -0.558562,
          0.374048,
          -0.740335,
          4.532533
        ],
        [
          0.829458,
          0.249086,
          -0.499955,
          3.447508
        ],
        [
          -0.0026,
          -0.893333,
          -0.449388,
