{
  "frames": [
    {
      "file_path": "/media/NFS/ttao/scannet/posed_images/scene0510_00/00002.jpg",
      "transform_matrix": [
        [
          -0.777349,
          0.289442,
          -0.558526,
          4.006295
        ],
        [
          0.628776,
          0.330397,
          -0.703903,
          1.600277
        ],
        [
          -0.019203,
          -0.898366,
          -0.438828,
          1.371908
        ],
        [
          0.0,
          0.0,
          0.0,
          1.0
        ]
      ]
    },
    {
      "file_path": "/media/NFS/ttao/scannet/posed_images/scene0510_00/00008.jpg",
      "transform_matrix": [
        [
          -0.765448,
          0.298616,
          -0.570016,
          3.967292
        ],
        [
          0.642504,
          0.305435,
          -0.702779,
          1.540219
        ],
        [
          -0.035759,
          -0.904178,
          -0.425657,
          1.390034
        ],
        [
          0.0,
          0.0,
          0.0,
          1.0
        ]
      ]
    },
    {
      "file_path": "/media/NFS/ttao/scannet/posed_images/scene0510_00/00013.jpg",
      "transform_matrix": [
        [
          -0.758537,
          0.309054,
          -0.573679,
          3.93915
        ],
        [
          0.649005,
          0.279352,
          -0.707641,
          1.495407
        ],
        [
          -0.058441,
          -0.909092,
          -0.412477,
          1.415603
        ],
        [
          0.0,
          0.0,
          0.0,
          1.0
        ]
      ]
    },
    {
      "file_path": "/media/NFS/ttao/scannet/posed_images/scene0510_00/00020.jpg",
      "transform_matrix": [
        [
          -0.744882,
          0.302181,
          -0.594842,
          3.923809
        ],
        [
          0.663826,
          0.24617,
          -0.706212,
          1.45272
        ],
        [
          -0.066971,
          -0.920916,
          -0.383964,
          1.430564
        ],
        [
          0.0,
          0.0,
          0.0,
          1.0
        ]
      ]
    },
    {
      "file_path": "/media/NFS/ttao/scannet/posed_images/scene0510_00/00025.jpg",
      "transform_matrix": [
        [
          -0.743987,
          0.28519,
          -0.604276,
          3.92614
        ],
        [
          0.666258,
          0.247828,
          -0.703336,
          1.436771
        ],
        [
          -0.050828,
          -0.925877,
          -0.374391,
          1.440378
        ],
        [
          0.0,
          0.0,
          0.0,
          1.0
        ]
      ]
    },
    {
      "file_path": "/media/NFS/ttao/scannet/posed_images/scene0510_00/00027.jpg",
      "transform_matrix": [
        [
          -0.743968,
          0.27621,
          -0.608457,
          3.931844
        ],
        [
          0.666875,
          0.249257,
          -0.702246,
          1.435153
        ],
        [
          -0.042305,
          -0.928213,
          -0.369636,
          1.444359
        ],
        [
          0.0,
          0.0,
          0.0,
          1.0
        ]
      ]
    },
    {
      "file_path": "/media/NFS/ttao/scannet/posed_images/scene0510_00/00033.jpg",
      "transform_matrix": [
        [
          -0.713056,
          0.248006,
          -0.655777,
          3.968267
        ],
        [
          0.700684,
          0.219602,
          -0.678835,
          1.442791
        ],
        [
          -0.024345,
          -0.94354,
          -0.330362,
          1.470359
        ],
        [
          0.0,
          0.0,
          0.0,
          1.0
        ]
      ]
    },
    {
      "file_path": "/media/NFS/ttao/scannet/posed_images/scene0510_00/00038.jpg",
      "transform_matrix": [
        [
          -0.705163,
          0.261183,
          -0.659187,
          4.018147
        ],
        [
          0.708729,
          0.231895,
          -0.666279,
          1.450103
        ],
        [
          -0.021158,
          -0.937021,
          -0.348632,
          1.441975
        ],
        [
          0.0,
          0.0,
          0.0,
          1.0
        ]
      ]
    },
    {
      "file_path": "/media/NFS/ttao/scannet/posed_images/scene0510_00/00047.jpg",
      "transform_matrix": [
        [
          -0.709777,
          0.35571,
          -0.608019,
          4.121183
        ],
        [
          0.70438,
          0.348429,
          -0.618422,
          1.458848
        ],
        [
          -0.008128,
          -0.867218,
          -0.497862,
          1.360319
        ],
        [
          0.0,
          0.0,
          0.0,
          1.0
        ]
      ]
    },
    {
      "file_path": "/media/NFS/ttao/scannet/posed_images/scene0510_00/00053.jpg",
      "transform_matrix": [
        [
          -0.728112,
          0.372023,
          -0.575719,
          4.181873
        ],
        [
          0.685427,
          0.387118,
          -0.616709,
          1.480713
        ],
        [
          -0.006559,
          -0.843646,
          -0.53686,
          1.329986
        ],
        [
          0.0,
          0.0,
          0.0,
          1.0
        ]
      ]
    },
    {
      "file_path": "/media/NFS/ttao/scannet/posed_images/scene0510_00/00058.jpg",
      "transform_matrix": [
        [
          -0.709338,
          0.388447,
          -0.588174,
          4.197362
        ],
        [
          0.704861,
          0.394681,
          -0.589405,
          1.499715
        ],
        [
          0.003188,
          -0.832668,
          -0.553763,
          1.316378
        ],
        [
          0.0,
          0.0,
          0.0,
          1.0
        ]
      ]
    },
    {
      "file_path": "/media/NFS/ttao/scannet/posed_images/scene0510_00/00063.jpg",
      "transform_matrix": [
        [
          -0.674763,
          0.421855,
          -0.605585,
          4.20363
        ],
        [
          0.737966,
          0.396811,
          -0.545845,
          1.540479
        ],
        [
          0.010036,
          -0.815217,
          -0.579068,
          1.29451
        ],
        [
          0.0,
          0.0,
          0.0,
          1.0
        ]
      ]
    },
    {
      "file_path": "/media/NFS/ttao/scannet/posed_images/scene0510_00/00065.jpg",
      "transform_matrix": [
        [
          -0.665421,
          0.427356,
          -0.612031,
          4.203557
        ],
        [
          0.746378,
          0.393636,
          -0.536628,
          1.550447
        ],
        [
          0.011586,
          -0.81389,
          -0.580903,
          1.292657
        ],
        [
          0.0,
          0.0,
          0.0,
          1.0
        ]
      ]
    },
    {
      "file_path": "/media/NFS/ttao/scannet/posed_images/scene0510_00/00071.jpg",
      "transform_matrix": [
        [
          -0.63977,
          0.439593,
          -0.630438,
          4.195315
        ],
        [
          0.768531,
          0.373732,
          -0.519312,
          1.585456
        ],
        [
          0.007329,
          -0.816751,
          -0.576943,
          1.298634
        ],
        [
          0.0,
          0.0,
          0.0,
          1.0
        ]
      ]
    },
    {
      "file_path": "/media/NFS/ttao/scannet/posed_images/scene0510_00/00076.jpg",
      "transform_matrix": [
        [
          -0.606768,
          0.454656,
          -0.652012,
          4.180677
        ],
        [
          0.794864,
          0.342074,
          -0.501175,
          1.623763
        ],
        [
          -0.004826,
          -0.822358,
          -0.56895,
          1.303831
        ],
        [
          0.0,
          0.0,
          0.0,
          1.0
        ]
      ]
    },
    {
      "file_path": "/media/NFS/ttao/scannet/posed_images/scene0510_00/00081.jpg",
      "transform_matrix": [
        [
          -0.569221,
          0.475653,
          -0.670628,
          4.161263
        ],
        [
          0.821995,
          0.311733,
          -0.476598,
          1.67236
        ],
        [
          -0.017638,
          -0.822543,
          -0.56843,
          1.300625
        ],
        [
          0.0,
          0.0,
          0.0,
          1.0
        ]
      ]
    },
    {
      "file_path": "/media/NFS/ttao/scannet/posed_images/scene0510_00/00091.jpg",
      "transform_matrix": [
        [
          -0.524356,
          0.515931,
          -0.677396,
          4.147947
        ],
        [
          0.851377,
          0.304189,
          -0.427348,
          1.788805
        ],
        [
          -0.014426,
          -0.800802,
          -0.598755,
          1.277961
        ],
        [
          0.0,
          0.0,
          0.0,
          1.0
        ]
      ]
    },
    {
      "file_path": "/media/NFS/ttao/scannet/posed_images/scene0510_00/00093.jpg",
      "transform_matrix": [
        [
          -0.51615,
          0.525601,
          -0.676264,
          4.145061
        ],
        [
          0.856262,
          0.298117,
          -0.421831,
          1.812084
        ],
        [
          -0.020108,
          -0.796787,
          -0.603925,
          1.274202
        ],
        [
          0.0,
          0.0,
          0.0,
          1.0
        ]
      ]
    },
    {
      "file_path": "/media/NFS/ttao/scannet/posed_images/scene0510_00/00100.jpg",
      "transform_matrix": [
        [
          -0.478153,
          0.565867,
          -0.671688,
          4.143373
        ],
        [
          0.877613,
          0.2781,
          -0.390457,
          1.876087
        ],
        [
          -0.03415,
          -0.77618,
          -0.629586,
          1.267243
        ],
        [
          0.0,
          0.0,
          0.0,
          1.0
        ]
      ]
    },
    {
      "file_path": "/media/NFS/ttao/scannet/posed_images/scene0510_00/00108.jpg",
      "transform_matrix": [
        [
          -0.406353,
          0.544064,
          -0.734079,
          4.133967
        ],
        [
          0.913383,
          0.220168,
          -0.34243,
          1.950998
        ],
        [
          -0.024684,
          -0.809642,
          -0.586405,
          1.2795
        ],
        [
          0.0,
          0.0,
          0.0,
          1.0
        ]
      ]
    },
    {
      "file_path": "/media/NFS/ttao/scannet/posed_images/scene0510_00/00111.jpg",
      "transform_matrix": [
        [
          -0.367672,
          0.534625,
          -0.760916,
          4.130612
        ],
        [
          0.929452,
          0.184345,
          -0.319586,
          1.962818
        ],
        [
          -0.030587,
          -0.824738,
          -0.564687,
          1.293797
        ],
        [
          0.0,
          0.0,
          0.0,
          1.0
        ]
      ]
    },
    {
      "file_path": "/media/NFS/ttao/scannet/posed_images/scene0510_00/00118.jpg",
      "transform_matrix": [
        [
          -0.294124,
          0.540772,
          -0.788071,
          4.102704
        ],
        [
          0.954115,
          0.117666,
          -0.275353,
          2.003066
        ],
        [
          -0.056174,
          -0.832898,
          -0.550568,
          1.313266
        ],
        [
          0.0,
          0.0,
          0.0,
          1.0
        ]
      ]
    },
    {
      "file_path": "/media/NFS/ttao/scannet/posed_images/scene0510_00/00125.jpg",
      "transform_matrix": [
        [
          -0.249162,
          0.564378,
          -0.787017,
          4.085566
        ],
        [
          0.966465,
          0.092738,
          -0.23947,
          2.013756
        ],
        [
          -0.062165,
          -0.820291,
          -0.568558,
          1.307608
        ],
        [
          0.0,
          0.0,
          0.0,
          1.0
        ]
      ]
    },
    {
      "file_path": "/media/NFS/ttao/scannet/posed_images/scene0510_00/00130.jpg",
      "transform_matrix": [
        [
          -0.206751,
          0.580793,
          -0.787358,
          4.070555
        ],
        [
          0.976523,
          0.072756,
          -0.202756,
          2.006142
        ],
        [
          -0.060474,
          -0.810793,
          -0.5822,
          1.306869
        ],
        [
          0.0,
          0.0,
          0.0,
          1.0
        ]
      ]
    },
    {
      "file_path": "/media/NFS/ttao/scannet/posed_images/scene0510_00/00131.jpg",
      "transform_matrix": [
        [
          -0.199272,
          0.581507,
          -0.788759,
          4.067661
        ],
        [
          0.978138,
          0.069188,
          -0.196109,
          2.0053
        ],
        [
          -0.059466,
          -0.810594,
          -0.582581,
          1.307292
        ],
        [
          0.0,
          0.0,
          0.0,
          1.0
        ]
      ]
    },
    {
      "file_path": "/media/NFS/ttao/scannet/posed_images/scene0510_00/00140.jpg",
      "transform_matrix": [
        [
          -0.091176,
          0.573176,
          -0.814344,
          4.047192
        ],
        [
          0.99534,
          0.026681,
          -0.092662,
          1.976178
        ],
        [
          -0.031384,
          -0.818998,
          -0.572938,
          1.314647
        ],
        [
          0.0,
          0.0,
          0.0,
          1.0
        ]
      ]
    },
    {
      "file_path": "/media/NFS/ttao/scannet/posed_images/scene0510_00/00145.jpg",
      "transform_matrix": [
        [
          -0.00757,
          0.560953,
          -0.827813,
          4.042762
        ],
        [
          0.999035,
          -0.031579,
          -0.030534,
          1.931719
        ],
        [
          -0.043269,
          -0.827245,
          -0.560172,
          1.319421
        ],
        [
          0.0,
          0.0,
          0.0,
          1.0
        ]
      ]
    },
    {
      "file_path": "/media/NFS/ttao/scannet/posed_images/scene0510_00/00153.jpg",
      "transform_matrix": [
        [
          0.174614,
          0.578311,
          -0.796911,
          4.041612
        ],
        [
          0.98037,
          -0.177381,
          0.086088,
          1.833747
        ],
        [
          -0.091571,
          -0.796299,
          -0.597932,
          1.32664
        ],
        [
          0.0,
          0.0,
          0.0,
          1.0
        ]
      ]
    },
    {
      "file_path": "/media/NFS/ttao/scannet/posed_images/scene0510_00/00154.jpg",
      "transform_matrix": [
        [
          0.192463,
          0.578749,
          -0.79247,
          4.041643
        ],
        [
          0.976653,
          -0.191508,
          0.097335,
          1.821865
        ],
        [
          -0.095431,
          -0.792701,
          -0.602095,
          1.3256
        ],
        [
          0.0,
          0.0,
          0.0,
          1.0
        ]
      ]
    },
    {
      "file_path": "/media/NFS/ttao/scannet/posed_images/scene0510_00/00161.jpg",
      "transform_matrix": [
        [
          0.309952,
          0.565448,
          -0.764328,
          4.018969
        ],
        [
          0.948892,
          -0.234251,
          0.211498,
          1.742186
        ],
        [
          -0.059454,
          -0.790819,
          -0.609156,
          1.325144
        ],
        [
          0.0,
          0.0,
          0.0,
          1.0
        ]
      ]
    },
    {
      "file_path": "/media/NFS/ttao/scannet/posed_images/scene0510_00/00164.jpg",
      "transform_matrix": [
        [
          0.335409,
          0.546646,
          -0.767254,
          4.00071
        ],
        [
          0.94092,
          -0.234664,
          0.244137,
          1.712314
        ],
        [
          -0.04659,
          -0.80381,
          -0.593059,
          1.329577
        ],
        [
          0.0,
          0.0,
          0.0,
          1.0
        ]
      ]
    },
    {
      "file_path": "/media/NFS/ttao/scannet/posed_images/scene0510_00/00174.jpg",
      "transform_matrix": [
        [
          0.429824,
          0.502153,
          -0.750395,
          3.892363
        ],
        [
          0.902493,
          -0.264272,
          0.340099,
          1.616339
        ],
        [
          -0.027527,
          -0.823409,
          -0.56678,
          1.343751
        ],
        [
          0.0,
          0.0,
          0.0,
          1.0
        ]
      ]
    },
    {
      "file_path": "/media/NFS/ttao/scannet/posed_images/scene0510_00/00179.jpg",
      "transform_matrix": [
        [
          0.488817,
          0.47889,
          -0.729192,
          3.838862
        ],
        [
          0.872386,
          -0.267519,
          0.409117,
          1.582543
        ],
        [
          0.000849,
          -0.836121,
          -0.548545,
          1.35905
        ],
        [
          0.0,
          0.0,
          0.0,
          1.0
        ]
      ]
    },
    {
      "file_path": "/media/NFS/ttao/scannet/posed_images/scene0510_00/00186.jpg",
      "transform_matrix": [
        [
          0.552434,
          0.423631,
          -0.717881,
          3.769742
        ],
        [
          0.832875,
          -0.2457,
          0.495935,
          1.5312
        ],
        [
          0.03371,
          -0.871876,
          -0.488565,
          1.383483
        ],
        [
          0.0,
          0.0,
          0.0,
          1.0
        ]
      ]
    },
    {
      "file_path": "/media/NFS/ttao/scannet/posed_images/scene0510_00/00188.jpg",
      "transform_matrix": [
        [
          0.565072,
          0.414556,
          -0.713328,
          3.749143
        ],
        [
          0.82415,
          -0.243436,
          0.511386,
          1.516448
        ],
        [
          0.038349,
          -0.876859,
          -0.479215,
          1.387237
        ],
        [
          0.0,
          0.0,
          0.0,
          1.0
        ]
      ]
    },
    {
      "file_path": "/media/NFS/ttao/scannet/posed_images/scene0510_00/00194.jpg",
      "transform_matrix": [
        [
          0.611376,
          0.368261,
          -0.70043,
          3.679092
        ],
        [
          0.791039,
          -0.259987,
          0.553772,
          1.465728
        ],
        [
          0.02183,
          -0.892631,
          -0.450259,
          1.414443
        ],
        [
          0.0,
          0.0,
          0.0,
          1.0
        ]
      ]
    },
    {
      "file_path": "/media/NFS/ttao/scannet/posed_images/scene0510_00/00199.jpg",
      "transform_matrix": [
        [
          0.656987,
          0.343871,
          -0.67091,
          3.636211
        ],
        [
          0.753866,
          -0.290921,
          0.589111,
          1.442793
        ],
        [
          0.007396,
          -0.892814,
          -0.450364,
          1.425613
        ],
        [
          0.0,
          0.0,
          0.0,
          1.0
        ]
      ]
    },
    {
      "file_path": "/media/NFS/ttao/scannet/posed_images/scene0510_00/00204.jpg",
      "transform_matrix": [
        [
          0.697731,
          0.335759,
          -0.632801,
          3.600441
        ],
        [
          0.716358,
          -0.328923,
          0.615338,
          1.432746
        ],
        [
          -0.001537,
          -0.882653,
          -0.470023,
          1.418874
        ],
        [
          0.0,
          0.0,
          0.0,
          1.0
        ]
      ]
    },
    {
      "file_path": "/media/NFS/ttao/scannet/posed_images/scene0510_00/00213.jpg",
      "transform_matrix": [
        [
          0.767798,
          0.317717,
          -0.556366,
          3.582749
        ],
        [
          0.640425,
          -0.405688,
          0.65213,
          1.443417
        ],
        [
          -0.018518,
          -0.857014,
          -0.51496,
          1.388111
        ],
        [
          0.0,
          0.0,
          0.0,
          1.0
        ]
      ]
    },
    {
      "file_path": "/media/NFS/ttao/scannet/posed_images/scene0510_00/00216.jpg",
      "transform_matrix": [
        [
          0.784315,
          0.292454,
          -0.547102,
          3.597288
        ],
        [
          0.61975,
          -0.408558,
          0.670068,
          1.454634
        ],
        [
          -0.027559,
          -0.86461,
          -0.501687,
          1.391175
        ],
        [
          0.0,
          0.0,
          0.0,
          1.0
        ]
      ]
    },
    {
      "file_path": "/media/NFS/ttao/scannet/posed_images/scene0510_00/00224.jpg",
      "transform_matrix": [
        [
          0.820732,
          0.267016,
          -0.505075,
          3.669823
        ],
        [
          0.570782,
          -0.421331,
          0.704761,
          1.488896
        ],
        [
          -0.024622,
          -0.866708,
          -0.498208,
          1.391041
        ],
        [
          0.0,
          0.0,
          0.0,
          1.0
        ]
      ]
    },
    {
      "file_path": "/media/NFS/ttao/scannet/posed_images/scene0510_00/00228.jpg",
      "transform_matrix": [
        [
          0.832805,
          0.263582,
          -0.486786,
          3.721476
        ],
        [
          0.553234,
          -0.426789,
          0.71539,
          1.507562
        ],
        [
          -0.019191,
          -0.865087,
          -0.501255,
          1.387853
        ],
        [
          0.0,
          0.0,
          0.0,
          1.0
        ]
      ]
    },
    {
      "file_path": "/media/NFS/ttao/scannet/posed_images/scene0510_00/00234.jpg",
      "transform_matrix": [
        [
          0.828862,
          0.272844,
          -0.48841,
          3.809834
        ],
        [
          0.559107,
          -0.43471,
          0.705993,
          1.542508
        ],
        [
          -0.01969,
          -0.858244,
          -0.512864,
          1.38032
        ],
        [
          0.0,
          0.0,
          0.0,
          1.0
        ]
      ]
    },
    {
      "file_path": "/media/NFS/ttao/scannet/posed_images/scene0510_00/00238.jpg",
      "transform_matrix": [
        [
          0.827896,
          0.275415,
          -0.488604,
          3.850494
        ],
        [
          0.56061,
          -0.433407,
          0.705602,
          1.56848
        ],
        [
          -0.017431,
          -0.858082,
          -0.513217,
          1.377927
        ],
        [
          0.0,
          0.0,
          0.0,
          1.0
        ]
      ]
    },
    {
      "file_path": "/media/NFS/ttao/scannet/posed_images/scene0510_00/00246.jpg",
      "transform_matrix": [
        [
          0.849241,
          0.273717,
          -0.451518,
          3.891952
        ],
        [
          0.527617,
          -0.472728,
          0.705797,
          1.635074
        ],
        [
          -0.020256,
          -0.83762,
          -0.545877,
          1.355307
        ],
        [
          0.0,
          0.0,
          0.0,
          1.0
        ]
      ]
    },
    {
      "file_path": "/media/NFS/ttao/scannet/posed_images/scene0510_00/00252.jpg",
      "transform_matrix": [
        [
          0.860953,
          0.2795,
          -0.425019,
          3.901747
        ],
        [
          0.508597,
          -0.488606,
          0.708939,
          1.703886
        ],
        [
          -0.009519,
          -0.826525,
          -0.562819,
          1.33317
        ],
        [
          0.0,
          0.0,
          0.0,
          1.0
        ]
      ]
    },
    {
      "file_path": "/media/NFS/ttao/scannet/posed_images/scene0510_00/00254.jpg",
      "transform_matrix": [
        [
          0.862024,
          0.287792,
          -0.417242,
          3.903789
        ],
        [
          0.506862,
          -0.485315,
          0.712433,
          1.736667
        ],
        [
          0.002539,
          -0.825618,
          -0.564223,
          1.331131
        ],
        [
          0.0,
          0.0,
          0.0,
          1.0
        ]
      ]
    },
    {
      "file_path": "/media/NFS/ttao/scannet/posed_images/scene0510_00/00262.jpg",
      "transform_matrix": [
        [
          0.85323,
          0.325651,
          -0.407369,
          3.911728
        ],
        [
          0.519648,
          -0.464467,
          0.717103,
          1.88097
        ],
        [
          0.044316,
          -0.823543,
          -0.565521,
          1.333013
        ],
        [
          0.0,
          0.0,
          0.0,
          1.0
        ]
      ]
    },
    {
      "file_path": "/media/NFS/ttao/scannet/posed_images/scene0510_00/00269.jpg",
      "transform_matrix": [
        [
          0.860065,
          0.294576,
          -0.416548,
          3.94049
        ],
        [
          0.509902,
          -0.469196,
          0.72101,
          2.006318
        ],
        [
          0.01695,
          -0.832515,
          -0.553744,
          1.351877
        ],
        [
          0.0,
          0.0,
          0.0,
          1.0
        ]
      ]
    },
    {
      "file_path": "/media/NFS/ttao/scannet/posed_images/scene0510_00/00274.jpg",
      "transform_matrix": [
        [
          0.851563,
          0.288295,
          -0.437867,
          3.974168
        ],
        [
          0.524229,
          -0.460275,
          0.716471,
          2.060948
        ],
        [
          0.005015,
          -0.839662,
          -0.543086,
          1.359167
        ],
        [
          0.0,
          0.0,
          0.0,
          1.0
        ]
      ]
    },
    {
      "file_path": "/media/NFS/ttao/scannet/posed_images/scene0510_00/00276.jpg",
      "transform_matrix": [
        [
          0.845554,
          0.286517,
          -0.450496,
          3.993684
        ],
        [
          0.53389,
          -0.453143,
          0.713879,
          2.079586
        ],
        [
          0.000399,
          -0.844138,
          -0.536125,
          1.359662
        ],
        [
          0.0,
          0.0,
          0.0,
          1.0
        ]
      ]
    },
    {
      "file_path": "/media/NFS/ttao/scannet/posed_images/scene0510_00/00286.jpg",
      "transform_matrix": [
        [
          0.779732,
          0.322862,
          -0.536449,
          4.118334
        ],
        [
          0.625896,
          -0.424464,
          0.654281,
          2.166269
        ],
        [
          -0.016461,
          -0.845926,
          -0.533047,
          1.357387
        ],
        [
          0.0,
          0.0,
          0.0,
          1.0
        ]
      ]
    },
    {
      "file_path": "/media/NFS/ttao/scannet/posed_images/scene0510_00/00289.jpg",
      "transform_matrix": [
        [
          0.739868,
          0.341427,
          -0.579674,
          4.15357
        ],
        [
          0.672347,
          -0.405121,
          0.619537,
          2.188942
        ],
        [
          -0.023311,
          -0.848118,
          -0.529294,
          1.354376
        ],
        [
          0.0,
          0.0,
          0.0,
          1.0
        ]
      ]
    },
    {
      "file_path": "/media/NFS/ttao/scannet/posed_images/scene0510_00/00294.jpg",
      "transform_matrix": [
        [
          0.721519,
          0.358151,
          -0.592569,
          4.193185
        ],
        [
          0.691708,
          -0.410964,
          0.593843,
          2.230459
        ],
        [
          -0.030839,
          -0.838354,
          -0.544254,
          1.348543
        ],
        [
          0.0,
          0.0,
          0.0,
          1.0
        ]
      ]
    },
    {
      "file_path": "/media/NFS/ttao/scannet/posed_images/scene0510_00/00302.jpg",
      "transform_matrix": [
        [
          0.71047,
          0.360493,
          -0.604381,
          4.20928
        ],
        [
          0.703706,
          -0.370603,
          0.606178,
          2.24844
        ],
        [
          -0.005462,
          -0.855978,
          -0.516983,
          1.347914
        ],
        [
          0.0,
          0.0,
          0.0,
          1.0
        ]
      ]
    },
    {
      "file_path": "/media/NFS/ttao/scannet/posed_images/scene0510_00/00307.jpg",
      "transform_matrix": [
        [
          0.694882,
          0.377739,
          -0.611925,
          4.212539
        ],
        [
          0.719109,
          -0.370465,
          0.58791,
          2.257936
        ],
        [
          -0.00462,
          -0.848569,
          -0.529065,
          1.347729
        ],
        [
          0.0,
          0.0,
          0.0,
          1.0
        ]
      ]
    },
    {
      "file_path": "/media/NFS/ttao/scannet/posed_images/scene0510_00/00312.jpg",
      "transform_matrix": [
        [
          0.688058,
          0.388206,
          -0.613084,
          4.214944
        ],
        [
          0.725644,
          -0.363193,
          0.584408,
          2.27228
        ],
        [
          0.004203,
          -0.846987,
          -0.531597,
          1.353046
        ],
        [
          0.0,
          0.0,
          0.0,
          1.0
        ]
      ]
    },
    {
      "file_path": "/media/NFS/ttao/scannet/posed_images/scene0510_00/00319.jpg",
      "transform_matrix": [
        [
          0.687713,
          0.37666,
          -0.620628,
          4.21124
        ],
        [
          0.725829,
          -0.339114,
          0.598476,
          2.293122
        ],
        [
          0.014959,
          -0.862049,
          -0.506604,
          1.368257
        ],
        [
          0.0,
          0.0,
          0.0,
          1.0
        ]
      ]
    },
    {
      "file_path": "/media/NFS/ttao/scannet/posed_images/scene0510_00/00324.jpg",
      "transform_matrix": [
        [
          0.679598,
          0.367174,
          -0.635083,
          4.200358
        ],
        [
          0.733226,
          -0.312926,
          0.603703,
          2.309104
        ],
        [
          0.02293,
          -0.875934,
          -0.481885,
          1.381896
        ],
        [
          0.0,
          0.0,
          0.0,
          1.0
        ]
      ]
    },
    {
      "file_path": "/media/NFS/ttao/scannet/posed_images/scene0510_00/00327.jpg",
      "transform_matrix": [
        [
          0.668855,
          0.374923,
          -0.641924,
          4.187787
        ],
        [
          0.742464,
          -0.293746,
          0.602048,
          2.327834
        ],
        [
          0.037159,
          -0.879288,
          -0.47484,
          1.385819
        ],
        [
          0.0,
          0.0,
          0.0,
          1.0
        ]
      ]
    },
    {
      "file_path": "/media/NFS/ttao/scannet/posed_images/scene0510_00/00331.jpg",
      "transform_matrix": [
        [
          0.676069,
          0.376432,
          -0.633427,
          4.170975
        ],
        [
          0.735403,
          -0.291075,
          0.61193,
          2.353475
        ],
        [
          0.045975,
          -0.879531,
          -0.473616,
          1.38704
        ],
        [
          0.0,
          0.0,
          0.0,
          1.0
        ]
      ]
    },
    {
      "file_path": "/media/NFS/ttao/scannet/posed_images/scene0510_00/00341.jpg",
      "transform_matrix": [
        [
          0.67371,
          0.342021,
          -0.655085,
          4.117526
        ],
        [
          0.736819,
          -0.242888,
          0.630955,
          2.438547
        ],
        [
          0.056687,
          -0.90776,
          -0.415643,
          1.405469
        ],
        [
          0.0,
          0.0,
          0.0,
          1.0
        ]
      ]
    },
    {
      "file_path": "/media/NFS/ttao/scannet/posed_images/scene0510_00/00342.jpg",
      "transform_matrix": [
        [
          0.675196,
          0.335062,
          -0.657149,
          4.11166
        ],
        [
          0.735369,
          -0.235919,
          0.635275,
          2.450248
        ],
        [
          0.057822,
          -0.912182,
          -0.405686,
          1.41261
        ],
        [
          0.0,
          0.0,
          0.0,
          1.0
        ]
      ]
    },
    {
      "file_path": "/media/NFS/ttao/scannet/posed_images/scene0510_00/00352.jpg",
      "transform_matrix": [
        [
          0.682229,
          0.257721,
          -0.68421,
          4.095828
        ],
        [
          0.730523,
          -0.201854,
          0.652374,
          2.559441
        ],
        [
          0.03002,
          -0.944899,
          -0.325982,
          1.424215
        ],
        [
          0.0,
          0.0,
          0.0,
          1.0
        ]
      ]
    },
    {
      "file_path": "/media/NFS/ttao/scannet/posed_images/scene0510_00/00354.jpg",
      "transform_matrix": [
        [
          0.669508,
          0.26124,
          -0.695351,
          4.09648
        ],
        [
          0.742249,
          -0.19907,
          0.639874,
          2.583539
        ],
        [
          0.028738,
          -0.944524,
          -0.327184,
          1.421499
        ],
        [
          0.0,
          0.0,
          0.0,
          1.0
        ]
      ]
    },
    {
      "file_path": "/media/NFS/ttao/scannet/posed_images/scene0510_00/00359.jpg",
      "transform_matrix": [
        [
          0.60434,
          0.294985,
          -0.740106,
          4.107373
        ],
        [
          0.795967,
          -0.182975,
          0.577024,
          2.672108
        ],
        [
          0.034793,
          -0.937819,
          -0.345378,
          1.442306
        ],
        [
          0.0,
          0.0,
          0.0,
          1.0
        ]
      ]
    },
    {
      "file_path": "/media/NFS/ttao/scannet/posed_images/scene0510_00/00365.jpg",
      "transform_matrix": [
        [
          0.565797,
          0.285155,
          -0.773667,
          4.134335
        ],
        [
          0.823162,
          -0.141017,
          0.550017,
          2.771442
        ],
        [
          0.04774,
          -0.948051,
          -0.314516,
          1.475022
        ],
        [
          0.0,
          0.0,
          0.0,
          1.0
        ]
      ]
    },
    {
      "file_path": "/media/NFS/ttao/scannet/posed_images/scene0510_00/00372.jpg",
      "transform_matrix": [
        [
          0.543682,
          0.269065,
          -0.794993,
          4.143824
        ],
        [
          0.836139,
          -0.091615,
          0.540813,
          2.825763
        ],
        [
          0.072681,
          -0.958755,
          -0.274785,
          1.484914
        ],
        [
          0.0,
          0.0,
          0.0,
          1.0
        ]
      ]
    },
    {
      "file_path": "/media/NFS/ttao/scannet/posed_images/scene0510_00/00379.jpg",
      "transform_matrix": [
        [
          0.516269,
          0.229542,
          -0.825092,
          4.140119
        ],
        [
          0.853242,
          -0.054856,
          0.518622,
          2.848172
        ],
        [
          0.073785,
          -0.971752,
          -0.224175,
          1.511868
        ],
        [
          0.0,
          0.0,
          0.0,
          1.0
        ]
      ]
    },
    {
      "file_path": "/media/NFS/ttao/scannet/posed_images/scene0510_00/00385.jpg",
      "transform_matrix": [
        [
          0.498067,
          0.209658,
          -0.841411,
          4.137232
        ],
        [
          0.864522,
          -0.044736,
          0.5006,
          2.842376
        ],
        [
          0.067313,
          -0.976751,
          -0.203535,
          1.529606
        ],
        [
          0.0,
          0.0,
          0.0,
          1.0
        ]
      ]
    },
    {
      "file_path": "/media/NFS/ttao/scannet/posed_images/scene0510_00/00387.jpg",
      "transform_matrix": [
        [
          0.491307,
          0.207763,
          -0.845844,
          4.138075
        ],
        [
          0.869816,
          -0.066711,
          0.488845,
          2.838509
        ],
        [
          0.045137,
          -0.975902,
          -0.213491,
          1.519191
        ],
        [
          0.0,
          0.0,
          0.0,
          1.0
        ]
      ]
    },
    {
      "file_path": "/media/NFS/ttao/scannet/posed_images/scene0510_00/00392.jpg",
      "transform_matrix": [
        [
          0.473652,
          0.253809,
          -0.843347,
          4.13503
        ],
        [
          0.880434,
          -0.112374,
          0.460661,
          2.840428
        ],
        [
          0.02215,
          -0.960705,
          -0.276688,
          1.49658
        ],
        [
          0.0,
          0.0,
          0.0,
          1.0
        ]
      ]
    },
    {
      "file_path": "/media/NFS/ttao/scannet/posed_images/scene0510_00/00400.jpg",
      "transform_matrix": [
        [
          0.50972,
          0.350766,
          -0.785588,
          4.133885
        ],
        [
          0.860335,
          -0.21086,
          0.46407,
          2.870549
        ],
        [
          -0.002869,
          -0.912415,
          -0.409256,
          1.42042
        ],
        [
          0.0,
          0.0,
          0.0,
          1.0
        ]
      ]
    },
    {
      "file_path": "/media/NFS/ttao/scannet/posed_images/scene0510_00/00404.jpg",
      "transform_matrix": [
        [
          0.5051,
          0.396476,
          -0.766603,
          4.143277
        ],
        [
          0.86306,
          -0.233387,
          0.447949,
          2.886695
        ],
        [
          -0.001314,
          -0.887883,
          -0.460066,
          1.372365
        ],
        [
          0.0,
          0.0,
          0.0,
          1.0
        ]
      ]
    },
    {
      "file_path": "/media/NFS/ttao/scannet/posed_images/scene0510_00/00412.jpg",
      "transform_matrix": [
        [
          0.527148,
          0.447855,
          -0.722178,
          4.16061
        ],
        [
          0.849451,
          -0.301118,
          0.433314,
          2.905229
        ],
        [
          -0.023399,
          -0.841875,
          -0.539165,
          1.330936
        ],
        [
          0.0,
          0.0,
          0.0,
          1.0
        ]
      ]
    },
    {
      "file_path": "/media/NFS/ttao/scannet/posed_images/scene0510_00/00414.jpg",
      "transform_matrix": [
        [
          0.529838,
          0.442728,
          -0.72337,
          4.164178
        ],
        [
          0.84759,
          -0.305957,
          0.433568,
          2.911939
        ],
        [
          -0.029367,
          -0.842842,
          -0.537359,
          1.332993
        ],
        [
          0.0,
          0.0,
          0.0,
          1.0
        ]
      ]
    },
    {
      "file_path": "/media/NFS/ttao/scannet/posed_images/scene0510_00/00422.jpg",
      "transform_matrix": [
        [
          0.55238,
          0.384948,
          -0.739386,
          4.179328
        ],
        [
          0.831933,
          -0.310519,
          0.459854,
          2.946272
        ],
        [
          -0.052573,
          -0.869134,
          -0.491775,
          1.351591
        ],
        [
          0.0,
          0.0,
          0.0,
          1.0
        ]
      ]
    },
    {
      "file_path": "/media/NFS/ttao/scannet/posed_images/scene0510_00/00427.jpg",
      "transform_matrix": [
        [
          0.579649,
          0.374194,
          -0.723868,
          4.182162
        ],
        [
          0.814258,
          -0.300287,
          0.496801,
          2.975486
        ],
        [
          -0.031469,
          -0.877386,
          -0.478752,
          1.358252
        ],
        [
