{
  "frames": [
    {
      "file_path": "/media/NFS/ttao/scannet/posed_images/scene0523_02/00000.jpg",
      "transform_matrix": [
        [
          -0.014582,
          0.708918,
          -0.70514,
          1.274929
        ],
        [
          0.998427,
          -0.027866,
          -0.048662,
          1.349891
        ],
        [
          -0.054147,
          -0.70474,
          -0.707396,
          1.178164
        ],
        [
          0.0,
          0.0,
          0.0,
          1.0
        ]
      ]
    },
    {
      "file_path": "/media/NFS/ttao/scannet/posed_images/scene0523_02/00009.jpg",
      "transform_matrix": [
        [
          -0.192828,
          0.669847,
          -0.717023,
          1.229867
        ],
        [
          0.980086,
          0.096165,
          -0.173735,
          1.445171
        ],
        [
          -0.047424,
          -0.736245,
          -0.675051,
          1.190636
        ],
        [
          0.0,
          0.0,
          0.0,
          1.0
        ]
      ]
    },
    {
      "file_path": "/media/NFS/ttao/scannet/posed_images/scene0523_02/00015.jpg",
      "transform_matrix": [
        [
          -0.30856,
          0.629278,
          -0.713302,
          1.209379
        ],
        [
          0.951139,
          0.212948,
          -0.223579,
          1.501563
        ],
        [
          0.011203,
          -0.747437,
          -0.664238,
          1.196926
        ],
        [
          0.0,
          0.0,
          0.0,
          1.0
        ]
      ]
    },
    {
      "file_path": "/media/NFS/ttao/scannet/posed_images/scene0523_02/00020.jpg",
      "transform_matrix": [
        [
          -0.350578,
          0.636878,
          -0.686645,
          1.191934
        ],
        [
          0.935401,
          0.202075,
          -0.290156,
          1.537992
        ],
        [
          -0.04604,
          -0.744011,
          -0.666579,
          1.201467
        ],
        [
          0.0,
          0.0,
          0.0,
          1.0
        ]
      ]
    },
    {
      "file_path": "/media/NFS/ttao/scannet/posed_images/scene0523_02/00033.jpg",
      "transform_matrix": [
        [
          -0.458866,
          0.638763,
          -0.617595,
          1.18085
        ],
        [
          0.879113,
          0.2256,
          -0.419839,
          1.590311
        ],
        [
          -0.128848,
          -0.735586,
          -0.665065,
          1.185282
        ],
        [
          0.0,
          0.0,
          0.0,
          1.0
        ]
      ]
    },
    {
      "file_path": "/media/NFS/ttao/scannet/posed_images/scene0523_02/00040.jpg",
      "transform_matrix": [
        [
          -0.487997,
          0.623697,
          -0.610623,
          1.179571
        ],
        [
          0.862358,
          0.236395,
          -0.447722,
          1.616472
        ],
        [
          -0.134895,
          -0.745063,
          -0.65321,
          1.17763
        ],
        [
          0.0,
          0.0,
          0.0,
          1.0
        ]
      ]
    },
    {
      "file_path": "/media/NFS/ttao/scannet/posed_images/scene0523_02/00042.jpg",
      "transform_matrix": [
        [
          -0.488931,
          0.622164,
          -0.611439,
          1.179501
        ],
        [
          0.861832,
          0.236144,
          -0.448868,
          1.622745
        ],
        [
          -0.134882,
          -0.746423,
          -0.651659,
          1.175214
        ],
        [
          0.0,
          0.0,
          0.0,
          1.0
        ]
      ]
    },
    {
      "file_path": "/media/NFS/ttao/scannet/posed_images/scene0523_02/00055.jpg",
      "transform_matrix": [
        [
          -0.450722,
          0.647717,
          -0.614258,
          1.17504
        ],
        [
          0.882436,
          0.219425,
          -0.416124,
          1.643644
        ],
        [
          -0.134747,
          -0.729599,
          -0.670469,
          1.150756
        ],
        [
          0.0,
          0.0,
          0.0,
          1.0
        ]
      ]
    },
    {
      "file_path": "/media/NFS/ttao/scannet/posed_images/scene0523_02/00060.jpg",
      "transform_matrix": [
        [
          -0.44607,
          0.652915,
          -0.612146,
          1.173071
        ],
        [
          0.884432,
          0.216787,
          -0.41326,
          1.646449
        ],
        [
          -0.137118,
          -0.725745,
          -0.674161,
          1.146486
        ],
        [
          0.0,
          0.0,
          0.0,
          1.0
        ]
      ]
    },
    {
      "file_path": "/media/NFS/ttao/scannet/posed_images/scene0523_02/00064.jpg",
      "transform_matrix": [
        [
          -0.440702,
          0.655089,
          -0.613711,
          1.172059
        ],
        [
          0.887033,
          0.212951,
          -0.409665,
          1.647403
        ],
        [
          -0.137677,
          -0.724921,
          -0.674933,
          1.145474
        ],
        [
          0.0,
          0.0,
          0.0,
          1.0
        ]
      ]
    },
    {
      "file_path": "/media/NFS/ttao/scannet/posed_images/scene0523_02/00073.jpg",
      "transform_matrix": [
        [
          -0.354606,
          0.67045,
          -0.65173,
          1.166857
        ],
        [
          0.92529,
          0.151351,
          -0.347752,
          1.63525
        ],
        [
          -0.134511,
          -0.726354,
          -0.67403,
          1.178309
        ],
        [
          0.0,
          0.0,
          0.0,
          1.0
        ]
      ]
    },
    {
      "file_path": "/media/NFS/ttao/scannet/posed_images/scene0523_02/00082.jpg",
      "transform_matrix": [
        [
          -0.290285,
          0.655502,
          -0.697174,
          1.164069
        ],
        [
          0.955696,
          0.16145,
          -0.246128,
          1.605154
        ],
        [
          -0.048778,
          -0.737734,
          -0.673327,
          1.213924
        ],
        [
          0.0,
          0.0,
          0.0,
          1.0
        ]
      ]
    },
    {
      "file_path": "/media/NFS/ttao/scannet/posed_images/scene0523_02/00086.jpg",
      "transform_matrix": [
        [
          -0.29001,
          0.637756,
          -0.713555,
          1.169051
        ],
        [
          0.957023,
          0.192604,
          -0.216819,
          1.578281
        ],
        [
          -0.000844,
          -0.745769,
          -0.666204,
          1.224766
        ],
        [
          0.0,
          0.0,
          0.0,
          1.0
        ]
      ]
    },
    {
      "file_path": "/media/NFS/ttao/scannet/posed_images/scene0523_02/00100.jpg",
      "transform_matrix": [
        [
          -0.202566,
          0.626729,
          -0.752448,
          1.202267
        ],
        [
          0.978533,
          0.159319,
          -0.13073,
          1.430818
        ],
        [
          0.037948,
          -0.762776,
          -0.645548,
          1.2578
        ],
        [
          0.0,
          0.0,
          0.0,
          1.0
        ]
      ]
    },
    {
      "file_path": "/media/NFS/ttao/scannet/posed_images/scene0523_02/00106.jpg",
      "transform_matrix": [
        [
          -0.144241,
          0.639487,
          -0.75515,
          1.208386
        ],
        [
          0.988897,
          0.120713,
          -0.086665,
          1.36842
        ],
        [
          0.035735,
          -0.759266,
          -0.649798,
          1.257864
        ],
        [
          0.0,
          0.0,
          0.0,
          1.0
        ]
      ]
    },
    {
      "file_path": "/media/NFS/ttao/scannet/posed_images/scene0523_02/00115.jpg",
      "transform_matrix": [
        [
          -0.065001,
          0.633893,
          -0.770684,
          1.214128
        ],
        [
          0.997031,
          0.073199,
          -0.023885,
          1.288756
        ],
        [
          0.041273,
          -0.769949,
          -0.636769,
          1.257219
        ],
        [
          0.0,
          0.0,
          0.0,
          1.0
        ]
      ]
    },
    {
      "file_path": "/media/NFS/ttao/scannet/posed_images/scene0523_02/00117.jpg",
      "transform_matrix": [
        [
          -0.058507,
          0.62897,
          -0.775225,
          1.21836
        ],
        [
          0.997346,
          0.07053,
          -0.018047,
          1.274763
        ],
        [
          0.043326,
          -0.774224,
          -0.631427,
          1.255706
        ],
        [
          0.0,
          0.0,
          0.0,
          1.0
        ]
      ]
    },
    {
      "file_path": "/media/NFS/ttao/scannet/posed_images/scene0523_02/00128.jpg",
      "transform_matrix": [
        [
          0.005828,
          0.607157,
          -0.79456,
          1.233271
        ],
        [
          0.997786,
          0.049113,
          0.044848,
          1.216242
        ],
        [
          0.066253,
          -0.793062,
          -0.605527,
          1.247836
        ],
        [
          0.0,
          0.0,
          0.0,
          1.0
        ]
      ]
    },
    {
      "file_path": "/media/NFS/ttao/scannet/posed_images/scene0523_02/00135.jpg",
      "transform_matrix": [
        [
          0.096235,
          0.624808,
          -0.774825,
          1.223325
        ],
        [
          0.991543,
          0.007921,
          0.129539,
          1.174507
        ],
        [
          0.087074,
          -0.780739,
          -0.618761,
          1.231845
        ],
        [
          0.0,
          0.0,
          0.0,
          1.0
        ]
      ]
    },
    {
      "file_path": "/media/NFS/ttao/scannet/posed_images/scene0523_02/00144.jpg",
      "transform_matrix": [
        [
          0.160557,
          0.592152,
          -0.789669,
          1.21498
        ],
        [
          0.982933,
          -0.023132,
          0.182505,
          1.092683
        ],
        [
          0.089804,
          -0.805494,
          -0.58576,
          1.219786
        ],
        [
          0.0,
          0.0,
          0.0,
          1.0
        ]
      ]
    },
    {
      "file_path": "/media/NFS/ttao/scannet/posed_images/scene0523_02/00146.jpg",
      "transform_matrix": [
        [
          0.178859,
          0.58977,
          -0.787516,
          1.213354
        ],
        [
          0.977839,
          -0.018032,
          0.208581,
          1.074221
        ],
        [
          0.108814,
          -0.80737,
          -0.579925,
          1.211597
        ],
        [
          0.0,
          0.0,
          0.0,
          1.0
        ]
      ]
    },
    {
      "file_path": "/media/NFS/ttao/scannet/posed_images/scene0523_02/00155.jpg",
      "transform_matrix": [
        [
          0.252122,
          0.551499,
          -0.795162,
          1.203771
        ],
        [
          0.956889,
          -0.019621,
          0.289792,
          1.00485
        ],
        [
          0.144218,
          -0.833944,
          -0.53267,
          1.189643
        ],
        [
          0.0,
          0.0,
          0.0,
          1.0
        ]
      ]
    },
    {
      "file_path": "/media/NFS/ttao/scannet/posed_images/scene0523_02/00164.jpg",
      "transform_matrix": [
        [
          0.224931,
          0.552559,
          -0.802549,
          1.211061
        ],
        [
          0.957238,
          0.028485,
          0.287897,
          0.968657
        ],
        [
          0.18194,
          -0.832987,
          -0.522523,
          1.149552
        ],
        [
          0.0,
          0.0,
          0.0,
          1.0
        ]
      ]
    },
    {
      "file_path": "/media/NFS/ttao/scannet/posed_images/scene0523_02/00168.jpg",
      "transform_matrix": [
        [
          0.21113,
          0.555018,
          -0.804598,
          1.218596
        ],
        [
          0.954853,
          0.058894,
          0.291183,
          0.960914
        ],
        [
          0.208998,
          -0.82975,
          -0.517527,
          1.128726
        ],
        [
          0.0,
          0.0,
          0.0,
          1.0
        ]
      ]
    },
    {
      "file_path": "/media/NFS/ttao/scannet/posed_images/scene0523_02/00182.jpg",
      "transform_matrix": [
        [
          0.182456,
          0.606624,
          -0.773768,
          1.243043
        ],
        [
          0.946238,
          0.105454,
          0.3058,
          0.962519
        ],
        [
          0.267102,
          -0.787964,
          -0.55477,
          1.085306
        ],
        [
          0.0,
          0.0,
          0.0,
          1.0
        ]
      ]
    },
    {
      "file_path": "/media/NFS/ttao/scannet/posed_images/scene0523_02/00188.jpg",
      "transform_matrix": [
        [
          0.171535,
          0.608495,
          -0.774797,
          1.250177
        ],
        [
          0.948001,
          0.112059,
          0.297888,
          0.967107
        ],
        [
          0.268086,
          -0.785606,
          -0.557631,
          1.088439
        ],
        [
          0.0,
          0.0,
          0.0,
          1.0
        ]
      ]
    },
    {
      "file_path": "/media/NFS/ttao/scannet/posed_images/scene0523_02/00190.jpg",
      "transform_matrix": [
        [
          0.169428,
          0.60233,
          -0.78006,
          1.25513
        ],
        [
          0.950973,
          0.107879,
          0.28985,
          0.973332
        ],
        [
          0.258738,
          -0.790924,
          -0.554522,
          1.086959
        ],
        [
          0.0,
          0.0,
          0.0,
          1.0
        ]
      ]
    },
    {
      "file_path": "/media/NFS/ttao/scannet/posed_images/scene0523_02/00197.jpg",
      "transform_matrix": [
        [
          0.181487,
          0.600531,
          -0.778733,
          1.250391
        ],
        [
          0.961267,
          0.0587,
          0.269295,
          0.995986
        ],
        [
          0.207431,
          -0.797444,
          -0.566617,
          1.123406
        ],
        [
          0.0,
          0.0,
          0.0,
          1.0
        ]
      ]
    },
    {
      "file_path": "/media/NFS/ttao/scannet/posed_images/scene0523_02/00208.jpg",
      "transform_matrix": [
        [
          0.012267,
          0.587554,
          -0.809092,
          1.257515
        ],
        [
          0.98316,
          0.140459,
          0.116906,
          1.05744
        ],
        [
          0.182333,
          -0.796901,
          -0.575937,
          1.161216
        ],
        [
          0.0,
          0.0,
          0.0,
          1.0
        ]
      ]
    },
    {
      "file_path": "/media/NFS/ttao/scannet/posed_images/scene0523_02/00217.jpg",
      "transform_matrix": [
        [
          -0.101337,
          0.589407,
          -0.801455,
          1.244716
        ],
        [
          0.985037,
          0.172327,
          0.002183,
          1.151759
        ],
        [
          0.139399,
          -0.789242,
          -0.598051,
          1.201064
        ],
        [
          0.0,
          0.0,
          0.0,
          1.0
        ]
      ]
    },
    {
      "file_path": "/media/NFS/ttao/scannet/posed_images/scene0523_02/00219.jpg",
      "transform_matrix": [
        [
          -0.108588,
          0.592327,
          -0.798346,
          1.237433
        ],
        [
          0.987336,
          0.1577,
          -0.01729,
          1.180197
        ],
        [
          0.115658,
          -0.790113,
          -0.60195,
          1.217887
        ],
        [
          0.0,
          0.0,
          0.0,
          1.0
        ]
      ]
    },
    {
      "file_path": "/media/NFS/ttao/scannet/posed_images/scene0523_02/00228.jpg",
      "transform_matrix": [
        [
          -0.092429,
          0.537309,
          -0.838306,
          1.217705
        ],
        [
          0.995413,
          0.070737,
          -0.064413,
          1.28848
        ],
        [
          0.02469,
          -0.840414,
          -0.541382,
          1.286476
        ],
        [
          0.0,
          0.0,
          0.0,
          1.0
        ]
      ]
    },
    {
      "file_path": "/media/NFS/ttao/scannet/posed_images/scene0523_02/00237.jpg",
      "transform_matrix": [
        [
          -0.026272,
          0.472497,
          -0.880941,
          1.214713
        ],
        [
          0.999211,
          -0.013861,
          -0.037234,
          1.332022
        ],
        [
          -0.029803,
          -0.881223,
          -0.47176,
          1.334257
        ],
        [
          0.0,
          0.0,
          0.0,
          1.0
        ]
      ]
    },
    {
      "file_path": "/media/NFS/ttao/scannet/posed_images/scene0523_02/00241.jpg",
      "transform_matrix": [
        [
          0.010431,
          0.481886,
          -0.876172,
          1.21193
        ],
        [
          0.999833,
          -0.018179,
          0.001905,
          1.336038
        ],
        [
          -0.01501,
          -0.876045,
          -0.481995,
          1.337305
        ],
        [
          0.0,
          0.0,
          0.0,
          1.0
        ]
      ]
    },
    {
      "file_path": "/media/NFS/ttao/scannet/posed_images/scene0523_02/00250.jpg",
      "transform_matrix": [
        [
          0.084662,
          0.433354,
          -0.897239,
          1.222104
        ],
        [
          0.996408,
          -0.038529,
          0.07541,
          1.326804
        ],
        [
          -0.00189,
          -0.9004,
          -0.435059,
          1.348302
        ],
        [
          0.0,
          0.0,
          0.0,
          1.0
        ]
      ]
    },
    {
      "file_path": "/media/NFS/ttao/scannet/posed_images/scene0523_02/00259.jpg",
      "transform_matrix": [
        [
          0.144318,
          0.396541,
          -0.906602,
          1.221916
        ],
        [
          0.989523,
          -0.054047,
          0.133878,
          1.317305
        ],
        [
          0.004089,
          -0.916425,
          -0.400186,
          1.36538
        ],
        [
          0.0,
          0.0,
          0.0,
          1.0
        ]
      ]
    },
    {
      "file_path": "/media/NFS/ttao/scannet/posed_images/scene0523_02/00270.jpg",
      "transform_matrix": [
        [
          0.160645,
          0.355365,
          -0.92082,
          1.219438
        ],
        [
          0.986542,
          -0.029015,
          0.160913,
          1.302928
        ],
        [
          0.030465,
          -0.934277,
          -0.355243,
          1.377297
        ],
        [
          0.0,
          0.0,
          0.0,
          1.0
        ]
      ]
    },
    {
      "file_path": "/media/NFS/ttao/scannet/posed_images/scene0523_02/00275.jpg",
      "transform_matrix": [
        [
          0.167506,
          0.349,
          -0.922031,
          1.216762
        ],
        [
          0.98537,
          -0.029467,
          0.167859,
          1.300374
        ],
        [
          0.031413,
          -0.936659,
          -0.34883,
          1.382512
        ],
        [
          0.0,
          0.0,
          0.0,
          1.0
        ]
      ]
    },
    {
      "file_path": "/media/NFS/ttao/scannet/posed_images/scene0523_02/00279.jpg",
      "transform_matrix": [
        [
          0.200545,
          0.376956,
          -0.90426,
          1.212557
        ],
        [
          0.979661,
          -0.070724,
          0.187785,
          1.301588
        ],
        [
          0.006833,
          -0.923527,
          -0.383472,
          1.373224
        ],
        [
          0.0,
          0.0,
          0.0,
          1.0
        ]
      ]
    },
    {
      "file_path": "/media/NFS/ttao/scannet/posed_images/scene0523_02/00290.jpg",
      "transform_matrix": [
        [
          0.304794,
          0.480609,
          -0.822263,
          1.186317
        ],
        [
          0.952401,
          -0.15904,
          0.260075,
          1.305771
        ],
        [
          -0.005778,
          -0.862393,
          -0.506206,
          1.327757
        ],
        [
          0.0,
          0.0,
          0.0,
          1.0
        ]
      ]
    },
    {
      "file_path": "/media/NFS/ttao/scannet/posed_images/scene0523_02/00294.jpg",
      "transform_matrix": [
        [
          0.329417,
          0.487857,
          -0.808381,
          1.187301
        ],
        [
          0.944181,
          -0.167868,
          0.283448,
          1.31642
        ],
        [
          0.002581,
          -0.856631,
          -0.515924,
          1.315134
        ],
        [
          0.0,
          0.0,
          0.0,
          1.0
        ]
      ]
    },
    {
      "file_path": "/media/NFS/ttao/scannet/posed_images/scene0523_02/00301.jpg",
      "transform_matrix": [
        [
          0.321403,
          0.451585,
          -0.832329,
          1.190109
        ],
        [
          0.94686,
          -0.141668,
          0.288766,
          1.315036
        ],
        [
          0.012488,
          -0.880909,
          -0.473121,
          1.323408
        ],
        [
          0.0,
          0.0,
          0.0,
          1.0
        ]
      ]
    },
    {
      "file_path": "/media/NFS/ttao/scannet/posed_images/scene0523_02/00312.jpg",
      "transform_matrix": [
        [
          0.294703,
          0.359551,
          -0.885366,
          1.190414
        ],
        [
          0.955547,
          -0.102213,
          0.276554,
          1.316523
        ],
        [
          0.008939,
          -0.92751,
          -0.37369,
          1.367346
        ],
        [
          0.0,
          0.0,
          0.0,
          1.0
        ]
      ]
    },
    {
      "file_path": "/media/NFS/ttao/scannet/posed_images/scene0523_02/00321.jpg",
      "transform_matrix": [
        [
          0.260437,
          0.338438,
          -0.90423,
          1.190969
        ],
        [
          0.965476,
          -0.086157,
          0.24583,
          1.313761
        ],
        [
          0.005292,
          -0.937036,
          -0.349193,
          1.376342
        ],
        [
          0.0,
          0.0,
          0.0,
          1.0
        ]
      ]
    },
    {
      "file_path": "/media/NFS/ttao/scannet/posed_images/scene0523_02/00323.jpg",
      "transform_matrix": [
        [
          0.25401,
          0.335035,
          -0.90732,
          1.19066
        ],
        [
          0.967188,
          -0.083012,
          0.240117,
          1.313901
        ],
        [
          0.005129,
          -0.938541,
          -0.345128,
          1.378167
        ],
        [
          0.0,
          0.0,
          0.0,
          1.0
        ]
      ]
    },
    {
      "file_path": "/media/NFS/ttao/scannet/posed_images/scene0523_02/00330.jpg",
      "transform_matrix": [
        [
          0.222376,
          0.314967,
          -0.922684,
          1.193962
        ],
        [
          0.974951,
          -0.076187,
          0.208966,
          1.311607
        ],
        [
          -0.004479,
          -0.94604,
          -0.324019,
          1.386646
        ],
        [
          0.0,
          0.0,
          0.0,
          1.0
        ]
      ]
    },
    {
      "file_path": "/media/NFS/ttao/scannet/posed_images/scene0523_02/00341.jpg",
      "transform_matrix": [
        [
          0.167679,
          0.263002,
          -0.950113,
          1.202122
        ],
        [
          0.985537,
          -0.068702,
          0.154913,
          1.300299
        ],
        [
          -0.024532,
          -0.962346,
          -0.270718,
          1.410884
        ],
        [
          0.0,
          0.0,
          0.0,
          1.0
        ]
      ]
    },
    {
      "file_path": "/media/NFS/ttao/scannet/posed_images/scene0523_02/00350.jpg",
      "transform_matrix": [
        [
          0.132101,
          0.205454,
          -0.96971,
          1.213876
        ],
        [
          0.990349,
          -0.068742,
          0.120348,
          1.302858
        ],
        [
          -0.041934,
          -0.97625,
          -0.212552,
          1.443015
        ],
        [
          0.0,
          0.0,
          0.0,
          1.0
        ]
      ]
    },
    {
      "file_path": "/media/NFS/ttao/scannet/posed_images/scene0523_02/00359.jpg",
      "transform_matrix": [
        [
          0.109469,
          0.128951,
          -0.98559,
          1.223711
        ],
        [
          0.992369,
          -0.070784,
          0.10096,
          1.311931
        ],
        [
          -0.056745,
          -0.989121,
          -0.135716,
          1.480024
        ],
        [
          0.0,
          0.0,
          0.0,
          1.0
        ]
      ]
    },
    {
      "file_path": "/media/NFS/ttao/scannet/posed_images/scene0523_02/00363.jpg",
      "transform_matrix": [
        [
          0.105565,
          0.115081,
          -0.987731,
          1.22977
        ],
        [
          0.993546,
          -0.053673,
          0.099933,
          1.310583
        ],
        [
          -0.041514,
          -0.991905,
          -0.120005,
          1.495993
        ],
        [
          0.0,
          0.0,
          0.0,
          1.0
        ]
      ]
    },
    {
      "file_path": "/media/NFS/ttao/scannet/posed_images/scene0523_02/00372.jpg",
      "transform_matrix": [
        [
          0.098252,
          0.089424,
          -0.991136,
          1.234144
        ],
        [
          0.995067,
          -0.022533,
          0.096609,
          1.313456
        ],
        [
          -0.013694,
          -0.995739,
          -0.091197,
          1.525832
        ],
        [
          0.0,
          0.0,
          0.0,
          1.0
        ]
      ]
    },
    {
      "file_path": "/media/NFS/ttao/scannet/posed_images/scene0523_02/00374.jpg",
      "transform_matrix": [
        [
          0.095122,
          0.077312,
          -0.992459,
          1.235815
        ],
        [
          0.995401,
          -0.018788,
          0.09394,
          1.315635
        ],
        [
          -0.011384,
          -0.99683,
          -0.078743,
          1.533486
        ],
        [
          0.0,
          0.0,
          0.0,
          1.0
        ]
      ]
    },
    {
      "file_path": "/media/NFS/ttao/scannet/posed_images/scene0523_02/00387.jpg",
      "transform_matrix": [
        [
          0.095954,
          0.020972,
          -0.995165,
          1.238661
        ],
        [
          0.995381,
          -0.005059,
          0.095868,
          1.328506
        ],
        [
          -0.003024,
          -0.999767,
          -0.021361,
          1.556438
        ],
        [
          0.0,
          0.0,
          0.0,
          1.0
        ]
      ]
    },
    {
      "file_path": "/media/NFS/ttao/scannet/posed_images/scene0523_02/00390.jpg",
      "transform_matrix": [
        [
          0.078031,
          0.008534,
          -0.996914,
          1.233287
        ],
        [
          0.996943,
          -0.004806,
          0.077992,
          1.328628
        ],
        [
          -0.004126,
          -0.999952,
          -0.008883,
          1.551011
        ],
        [
          0.0,
          0.0,
          0.0,
          1.0
        ]
      ]
    },
    {
      "file_path": "/media/NFS/ttao/scannet/posed_images/scene0523_02/00399.jpg",
      "transform_matrix": [
        [
          -0.011096,
          0.017912,
          -0.999778,
          1.197657
        ],
        [
          0.999822,
          0.01548,
          -0.01082,
          1.326303
        ],
        [
          0.015283,
          -0.99972,
          -0.018081,
          1.554147
        ],
        [
          0.0,
          0.0,
          0.0,
          1.0
        ]
      ]
    },
    {
      "file_path": "/media/NFS/ttao/scannet/posed_images/scene0523_02/00410.jpg",
      "transform_matrix": [
        [
          -0.222162,
          -0.02545,
          -0.974678,
          1.158127
        ],
        [
          0.97499,
          0.00056,
          -0.222247,
          1.390865
        ],
        [
          0.006202,
          -0.999676,
          0.024689,
          1.570968
        ],
        [
          0.0,
          0.0,
          0.0,
          1.0
        ]
      ]
    },
    {
      "file_path": "/media/NFS/ttao/scannet/posed_images/scene0523_02/00416.jpg",
      "transform_matrix": [
        [
          -0.3216,
          -0.02559,
          -0.94653,
          1.142722
        ],
        [
          0.946862,
          -0.014052,
          -0.321333,
          1.429682
        ],
        [
          -0.005078,
          -0.999574,
          0.02875,
          1.584231
        ],
        [
          0.0,
          0.0,
          0.0,
          1.0
        ]
      ]
    },
    {
      "file_path": "/media/NFS/ttao/scannet/posed_images/scene0523_02/00425.jpg",
      "transform_matrix": [
        [
          -0.432979,
          -0.026398,
          -0.901017,
          1.136647
        ],
        [
          0.900631,
          -0.054061,
          -0.431209,
          1.463135
        ],
        [
          -0.037327,
          -0.998189,
          0.047182,
          1.602194
        ],
        [
          0.0,
          0.0,
          0.0,
          1.0
        ]
      ]
    },
    {
      "file_path": "/media/NFS/ttao/scannet/posed_images/scene0523_02/00427.jpg",
      "transform_matrix": [
        [
          -0.44532,
          -0.024932,
          -0.895024,
          1.136563
        ],
        [
          0.894539,
          -0.055492,
          -0.443532,
          1.463763
        ],
        [
          -0.038608,
          -0.998148,
          0.047014,
          1.602196
        ],
        [
          0.0,
          0.0,
          0.0,
          1.0
        ]
      ]
    },
    {
      "file_path": "/media/NFS/ttao/scannet/posed_images/scene0523_02/00438.jpg",
      "transform_matrix": [
        [
          -0.414617,
          0.00489,
          -0.909983,
          1.151648
        ],
        [
          0.909971,
          -0.005178,
          -0.414639,
          1.42633
        ],
        [
          -0.006739,
          -0.999974,
          -0.002303,
          1.558186
        ],
        [
          0.0,
          0.0,
          0.0,
          1.0
        ]
      ]
    },
    {
      "file_path": "/media/NFS/ttao/scannet/posed_images/scene0523_02/00441.jpg",
      "transform_matrix": [
        [
          -0.398676,
          0.009582,
          -0.917042,
          1.161048
        ],
        [
          0.91707,
          0.011015,
          -0.398574,
          1.408788
        ],
        [
          0.006282,
          -0.999893,
          -0.013179,
          1.541173
        ],
        [
          0.0,
          0.0,
          0.0,
          1.0
        ]
      ]
    },
    {
      "file_path": "/media/NFS/ttao/scannet/posed_images/scene0523_02/00454.jpg",
      "transform_matrix": [
        [
          -0.44113,
          0.013823,
          -0.897337,
          1.210105
        ],
        [
          0.897243,
          0.027907,
          -0.440654,
          1.398716
        ],
        [
          0.018951,
          -0.999515,
          -0.024713,
          1.505601
        ],
        [
          0.0,
          0.0,
          0.0,
          1.0
        ]
      ]
    },
    {
      "file_path": "/media/NFS/ttao/scannet/posed_images/scene0523_02/00456.jpg",
      "transform_matrix": [
        [
          -0.439489,
          0.020378,
          -0.898017,
          1.21165
        ],
        [
          0.898092,
          0.028624,
          -0.438876,
          1.401873
        ],
        [
          0.016761,
          -0.999382,
          -0.030881,
          1.496144
        ],
        [
          0.0,
          0.0,
          0.0,
          1.0
        ]
      ]
    },
    {
      "file_path": "/media/NFS/ttao/scannet/posed_images/scene0523_02/00465.jpg",
      "transform_matrix": [
        [
          -0.417921,
          0.065752,
          -0.906101,
          1.198136
        ],
        [
          0.908024,
          -0.001459,
          -0.418914,
          1.431056
        ],
        [
          -0.028866,
          -0.997835,
          -0.059095,
          1.478055
        ],
        [
          0.0,
          0.0,
          0.0,
          1.0
        ]
      ]
    },
    {
      "file_path": "/media/NFS/ttao/scannet/posed_images/scene0523_02/00474.jpg",
      "transform_matrix": [
        [
          -0.49731,
          0.087654,
          -0.863133,
          1.188727
        ],
        [
          0.864362,
          -0.035453,
          -0.501618,
          1.477682
        ],
        [
          -0.07457,
          -0.99552,
          -0.058134,
          1.464624
        ],
        [
          0.0,
          0.0,
          0.0,
          1.0
        ]
      ]
    },
    {
      "file_path": "/media/NFS/ttao/scannet/posed_images/scene0523_02/00478.jpg",
      "transform_matrix": [
        [
          -0.500711,
          0.105025,
          -0.859219,
          1.177488
        ],
        [
          0.861127,
          -0.040501,
          -0.506773,
          1.490974
        ],
        [
          -0.088023,
          -0.993644,
          -0.070161,
          1.461506
        ],
        [
          0.0,
          0.0,
          0.0,
          1.0
        ]
      ]
    },
    {
      "file_path": "/media/NFS/ttao/scannet/posed_images/scene0523_02/00485.jpg",
      "transform_matrix": [
        [
          -0.504489,
          0.148807,
          -0.850498,
          1.167871
        ],
        [
          0.858935,
          -0.013752,
          -0.5119,
          1.497798
        ],
        [
          -0.08787,
          -0.988771,
          -0.120878,
          1.455659
        ],
        [
          0.0,
          0.0,
          0.0,
          1.0
        ]
      ]
    },
    {
      "file_path": "/media/NFS/ttao/scannet/posed_images/scene0523_02/00496.jpg",
      "transform_matrix": [
        [
          -0.50787,
          0.249138,
          -0.82462,
          1.178695
        ],
        [
          0.858365,
          0.065629,
          -0.508825,
          1.483607
        ],
        [
          -0.072649,
          -0.966242,
          -0.247182,
          1.421405
        ],
        [
          0.0,
          0.0,
          0.0,
          1.0
        ]
      ]
    },
    {
      "file_path": "/media/NFS/ttao/scannet/posed_images/scene0523_02/00500.jpg",
      "transform_matrix": [
        [
          -0.496268,
          0.276017,
          -0.823123,
          1.185311
        ],
        [
          0.864691,
          0.072363,
          -0.497064,
          1.472661
        ],
        [
          -0.077635,
          -0.958425,
          -0.274581,
          1.413285
        ],
        [
          0.0,
          0.0,
          0.0,
          1.0
        ]
      ]
    },
    {
      "file_path": "/media/NFS/ttao/scannet/posed_images/scene0523_02/00507.jpg",
      "transform_matrix": [
        [
          -0.478727,
          0.317686,
          -0.818472,
          1.198699
        ],
        [
          0.876339,
          0.116206,
          -0.467468,
          1.459825
        ],
        [
          -0.053397,
          -0.941048,
          -0.334031,
          1.391568
        ],
        [
          0.0,
          0.0,
          0.0,
          1.0
        ]
      ]
    },
    {
      "file_path": "/media/NFS/ttao/scannet/posed_images/scene0523_02/00520.jpg",
      "transform_matrix": [
        [
          -0.445712,
          0.442641,
          -0.778081,
          1.213154
        ],
        [
          0.89461,
          0.189343,
          -0.40475,
          1.428515
        ],
        [
          -0.031835,
          -0.876481,
          -0.480383,
          1.325036
        ],
        [
          0.0,
          0.0,
          0.0,
          1.0
        ]
      ]
    },
    {
      "file_path": "/media/NFS/ttao/scannet/posed_images/scene0523_02/00523.jpg",
      "transform_matrix": [
        [
          -0.443239,
          0.455062,
          -0.772307,
          1.216797
        ],
        [
          0.896108,
          0.202809,
          -0.394791,
          1.42115
        ],
        [
          -0.023023,
          -0.867056,
          -0.497678,
          1.311327
        ],
        [
          0.0,
          0.0,
          0.0,
          1.0
        ]
      ]
    },
    {
      "file_path": "/media/NFS/ttao/scannet/posed_images/scene0523_02/00529.jpg",
      "transform_matrix": [
        [
          -0.452668,
          0.462411,
          -0.762409,
          1.224108
        ],
        [
          0.891611,
          0.224106,
          -0.393456,
          1.414829
        ],
        [
          -0.011078,
          -0.857877,
          -0.513736,
          1.291494
        ],
        [
          0.0,
          0.0,
          0.0,
          1.0
        ]
      ]
    },
    {
      "file_path": "/media/NFS/ttao/scannet/posed_images/scene0523_02/00538.jpg",
      "transform_matrix": [
        [
          -0.433218,
          0.53207,
          -0.727478,
          1.2182
        ],
        [
          0.901194,
          0.244018,
          -0.358195,
          1.416648
        ],
        [
          -0.013068,
          -0.810776,
          -0.585211,
          1.256672
        ],
        [
          0.0,
          0.0,
          0.0,
          1.0
        ]
      ]
    },
    {
      "file_path": "/media/NFS/ttao/scannet/posed_images/scene0523_02/00549.jpg",
      "transform_matrix": [
        [
          -0.41499,
          0.62528,
          -0.660914,
          1.200814
        ],
        [
          0.909585,
          0.268424,
          -0.31718,
          1.435596
        ],
        [
          -0.020921,
          -0.732785,
          -0.680139,
          1.214312
        ],
        [
          0.0,
          0.0,
          0.0,
          1.0
        ]
      ]
    },
    {
      "file_path": "/media/NFS/ttao/scannet/posed_images/scene0523_02/00551.jpg",
      "transform_matrix": [
        [
          -0.427727,
          0.624114,
          -0.653858,
          1.196954
        ],
        [
          0.903589,
          0.276013,
          -0.327634,
          1.447137
        ],
        [
          -0.024008,
          -0.730957,
          -0.682001,
          1.206373
        ],
        [
          0.0,
          0.0,
          0.0,
          1.0
        ]
      ]
    },
    {
      "file_path": "/media/NFS/ttao/scannet/posed_images/scene0523_02/00565.jpg",
      "transform_matrix": [
        [
          -0.540892,
          0.598692,
          -0.590766,
          1.157206
        ],
        [
          0.838983,
          0.334338,
          -0.429331,
          1.578501
        ],
        [
          -0.059521,
          -0.727864,
          -0.683133,
          1.220252
        ],
        [
          0.0,
          0.0,
          0.0,
          1.0
        ]
      ]
    },
    {
      "file_path": "/media/NFS/ttao/scannet/posed_images/scene0523_02/00567.jpg",
      "transform_matrix": [
        [
          -0.546356,
          0.591312,
          -0.593165,
          1.153043
        ],
        [
          0.835264,
          0.33235,
          -0.438038,
          1.595747
        ],
        [
          -0.061879,
          -0.734774,
          -0.675483,
          1.223942
        ],
        [
