{
  "frames": [
    {
      "file_path": "/media/NFS/ttao/scannet/posed_images/scene0173_01/00000.jpg",
      "transform_matrix": [
        [
          -0.638294,
          0.203486,
          -0.742411,
          4.332067
        ],
        [
          0.766931,
          0.085013,
          -0.636074,
          3.622057
        ],
        [
          -0.066317,
          -0.97538,
          -0.210323,
          1.567967
        ],
        [
          0.0,
          0.0,
          0.0,
          1.0
        ]
      ]
    },
    {
      "file_path": "/media/NFS/ttao/scannet/posed_images/scene0173_01/00008.jpg",
      "transform_matrix": [
        [
          -0.620622,
          0.219558,
          -0.752743,
          4.336965
        ],
        [
          0.782688,
          0.115674,
          -0.611571,
          3.617862
        ],
        [
          -0.047202,
          -0.968718,
          -0.243635,
          1.55935
        ],
        [
          0.0,
          0.0,
          0.0,
          1.0
        ]
      ]
    },
    {
      "file_path": "/media/NFS/ttao/scannet/posed_images/scene0173_01/00009.jpg",
      "transform_matrix": [
        [
          -0.618338,
          0.219895,
          -0.754523,
          4.335662
        ],
        [
          0.784495,
          0.115052,
          -0.609369,
          3.618942
        ],
        [
          -0.047188,
          -0.968715,
          -0.243648,
          1.560812
        ],
        [
          0.0,
          0.0,
          0.0,
          1.0
        ]
      ]
    },
    {
      "file_path": "/media/NFS/ttao/scannet/posed_images/scene0173_01/00014.jpg",
      "transform_matrix": [
        [
          -0.60963,
          0.220186,
          -0.761492,
          4.324505
        ],
        [
          0.790808,
          0.102849,
          -0.603361,
          3.636436
        ],
        [
          -0.054533,
          -0.970021,
          -0.236825,
          1.562601
        ],
        [
          0.0,
          0.0,
          0.0,
          1.0
        ]
      ]
    },
    {
      "file_path": "/media/NFS/ttao/scannet/posed_images/scene0173_01/00022.jpg",
      "transform_matrix": [
        [
          -0.568512,
          0.23092,
          -0.789601,
          4.308399
        ],
        [
          0.820844,
          0.095223,
          -0.563159,
          3.644933
        ],
        [
          -0.054857,
          -0.968302,
          -0.243685,
          1.56141
        ],
        [
          0.0,
          0.0,
          0.0,
          1.0
        ]
      ]
    },
    {
      "file_path": "/media/NFS/ttao/scannet/posed_images/scene0173_01/00025.jpg",
      "transform_matrix": [
        [
          -0.544622,
          0.226571,
          -0.807498,
          4.308428
        ],
        [
          0.837081,
          0.0874,
          -0.540052,
          3.640757
        ],
        [
          -0.051784,
          -0.970066,
          -0.237258,
          1.568628
        ],
        [
          0.0,
          0.0,
          0.0,
          1.0
        ]
      ]
    },
    {
      "file_path": "/media/NFS/ttao/scannet/posed_images/scene0173_01/00034.jpg",
      "transform_matrix": [
        [
          -0.481596,
          0.214873,
          -0.849644,
          4.324429
        ],
        [
          0.874543,
          0.054864,
          -0.481834,
          3.628719
        ],
        [
          -0.056918,
          -0.9751,
          -0.214338,
          1.574161
        ],
        [
          0.0,
          0.0,
          0.0,
          1.0
        ]
      ]
    },
    {
      "file_path": "/media/NFS/ttao/scannet/posed_images/scene0173_01/00039.jpg",
      "transform_matrix": [
        [
          -0.469065,
          0.223598,
          -0.85439,
          4.335158
        ],
        [
          0.881209,
          0.05417,
          -0.469612,
          3.610003
        ],
        [
          -0.058722,
          -0.973175,
          -0.222446,
          1.573163
        ],
        [
          0.0,
          0.0,
          0.0,
          1.0
        ]
      ]
    },
    {
      "file_path": "/media/NFS/ttao/scannet/posed_images/scene0173_01/00043.jpg",
      "transform_matrix": [
        [
          -0.465016,
          0.230151,
          -0.854863,
          4.344535
        ],
        [
          0.883589,
          0.060599,
          -0.464326,
          3.588286
        ],
        [
          -0.055061,
          -0.971266,
          -0.231538,
          1.572501
        ],
        [
          0.0,
          0.0,
          0.0,
          1.0
        ]
      ]
    },
    {
      "file_path": "/media/NFS/ttao/scannet/posed_images/scene0173_01/00045.jpg",
      "transform_matrix": [
        [
          -0.461041,
          0.23093,
          -0.856804,
          4.351353
        ],
        [
          0.885496,
          0.05687,
          -0.461153,
          3.566287
        ],
        [
          -0.057768,
          -0.971307,
          -0.230707,
          1.57388
        ],
        [
          0.0,
          0.0,
          0.0,
          1.0
        ]
      ]
    },
    {
      "file_path": "/media/NFS/ttao/scannet/posed_images/scene0173_01/00051.jpg",
      "transform_matrix": [
        [
          -0.443527,
          0.252275,
          -0.860024,
          4.352279
        ],
        [
          0.894137,
          0.058516,
          -0.443955,
          3.512841
        ],
        [
          -0.061673,
          -0.965885,
          -0.251521,
          1.562333
        ],
        [
          0.0,
          0.0,
          0.0,
          1.0
        ]
      ]
    },
    {
      "file_path": "/media/NFS/ttao/scannet/posed_images/scene0173_01/00059.jpg",
      "transform_matrix": [
        [
          -0.392135,
          0.217605,
          -0.8938,
          4.317848
        ],
        [
          0.918377,
          0.03658,
          -0.394012,
          3.419121
        ],
        [
          -0.053044,
          -0.975351,
          -0.214188,
          1.542197
        ],
        [
          0.0,
          0.0,
          0.0,
          1.0
        ]
      ]
    },
    {
      "file_path": "/media/NFS/ttao/scannet/posed_images/scene0173_01/00060.jpg",
      "transform_matrix": [
        [
          -0.387898,
          0.219425,
          -0.895203,
          4.31511
        ],
        [
          0.920058,
          0.034187,
          -0.390288,
          3.400681
        ],
        [
          -0.055034,
          -0.97503,
          -0.215145,
          1.541442
        ],
        [
          0.0,
          0.0,
          0.0,
          1.0
        ]
      ]
    },
    {
      "file_path": "/media/NFS/ttao/scannet/posed_images/scene0173_01/00066.jpg",
      "transform_matrix": [
        [
          -0.364719,
          0.207334,
          -0.907741,
          4.264335
        ],
        [
          0.926103,
          -0.020268,
          -0.376726,
          3.328608
        ],
        [
          -0.096507,
          -0.97806,
          -0.18462,
          1.541267
        ],
        [
          0.0,
          0.0,
          0.0,
          1.0
        ]
      ]
    },
    {
      "file_path": "/media/NFS/ttao/scannet/posed_images/scene0173_01/00071.jpg",
      "transform_matrix": [
        [
          -0.397274,
          0.219141,
          -0.891151,
          4.232813
        ],
        [
          0.912315,
          -0.010733,
          -0.409348,
          3.28842
        ],
        [
          -0.09927,
          -0.975634,
          -0.195662,
          1.532268
        ],
        [
          0.0,
          0.0,
          0.0,
          1.0
        ]
      ]
    },
    {
      "file_path": "/media/NFS/ttao/scannet/posed_images/scene0173_01/00077.jpg",
      "transform_matrix": [
        [
          -0.386344,
          0.263133,
          -0.884025,
          4.202864
        ],
        [
          0.919305,
          0.03198,
          -0.392243,
          3.239064
        ],
        [
          -0.074941,
          -0.964229,
          -0.254255,
          1.518463
        ],
        [
          0.0,
          0.0,
          0.0,
          1.0
        ]
      ]
    },
    {
      "file_path": "/media/NFS/ttao/scannet/posed_images/scene0173_01/00085.jpg",
      "transform_matrix": [
        [
          -0.241454,
          0.321529,
          -0.915598,
          4.172802
        ],
        [
          0.968104,
          0.014775,
          -0.250112,
          3.167772
        ],
        [
          -0.06689,
          -0.946784,
          -0.314841,
          1.503491
        ],
        [
          0.0,
          0.0,
          0.0,
          1.0
        ]
      ]
    },
    {
      "file_path": "/media/NFS/ttao/scannet/posed_images/scene0173_01/00086.jpg",
      "transform_matrix": [
        [
          -0.220877,
          0.323061,
          -0.920242,
          4.171531
        ],
        [
          0.972995,
          0.008144,
          -0.23068,
          3.168528
        ],
        [
          -0.067029,
          -0.946343,
          -0.316136,
          1.500142
        ],
        [
          0.0,
          0.0,
          0.0,
          1.0
        ]
      ]
    },
    {
      "file_path": "/media/NFS/ttao/scannet/posed_images/scene0173_01/00096.jpg",
      "transform_matrix": [
        [
          0.015975,
          0.379664,
          -0.924986,
          4.166958
        ],
        [
          0.997605,
          -0.068321,
          -0.010813,
          3.172904
        ],
        [
          -0.067301,
          -0.922598,
          -0.379846,
          1.478947
        ],
        [
          0.0,
          0.0,
          0.0,
          1.0
        ]
      ]
    },
    {
      "file_path": "/media/NFS/ttao/scannet/posed_images/scene0173_01/00100.jpg",
      "transform_matrix": [
        [
          0.09673,
          0.377085,
          -0.921113,
          4.173459
        ],
        [
          0.99328,
          -0.095654,
          0.06515,
          3.199571
        ],
        [
          -0.063541,
          -0.921226,
          -0.383804,
          1.464477
        ],
        [
          0.0,
          0.0,
          0.0,
          1.0
        ]
      ]
    },
    {
      "file_path": "/media/NFS/ttao/scannet/posed_images/scene0173_01/00105.jpg",
      "transform_matrix": [
        [
          0.179328,
          0.387704,
          -0.904172,
          4.170967
        ],
        [
          0.982332,
          -0.120565,
          0.143133,
          3.200079
        ],
        [
          -0.053518,
          -0.913865,
          -0.402475,
          1.460992
        ],
        [
          0.0,
          0.0,
          0.0,
          1.0
        ]
      ]
    },
    {
      "file_path": "/media/NFS/ttao/scannet/posed_images/scene0173_01/00106.jpg",
      "transform_matrix": [
        [
          0.193533,
          0.38808,
          -0.901076,
          4.170177
        ],
        [
          0.979766,
          -0.124219,
          0.156934,
          3.197663
        ],
        [
          -0.051027,
          -0.913216,
          -0.404268,
          1.462695
        ],
        [
          0.0,
          0.0,
          0.0,
          1.0
        ]
      ]
    },
    {
      "file_path": "/media/NFS/ttao/scannet/posed_images/scene0173_01/00116.jpg",
      "transform_matrix": [
        [
          0.304106,
          0.356766,
          -0.88331,
          4.149705
        ],
        [
          0.9514,
          -0.160991,
          0.262524,
          3.256899
        ],
        [
          -0.048545,
          -0.920217,
          -0.388386,
          1.470485
        ],
        [
          0.0,
          0.0,
          0.0,
          1.0
        ]
      ]
    },
    {
      "file_path": "/media/NFS/ttao/scannet/posed_images/scene0173_01/00120.jpg",
      "transform_matrix": [
        [
          0.353008,
          0.344152,
          -0.870026,
          4.131019
        ],
        [
          0.934382,
          -0.1775,
          0.308907,
          3.281277
        ],
        [
          -0.048118,
          -0.921983,
          -0.384228,
          1.46673
        ],
        [
          0.0,
          0.0,
          0.0,
          1.0
        ]
      ]
    },
    {
      "file_path": "/media/NFS/ttao/scannet/posed_images/scene0173_01/00126.jpg",
      "transform_matrix": [
        [
          0.422631,
          0.335031,
          -0.842103,
          4.091568
        ],
        [
          0.905815,
          -0.186583,
          0.380375,
          3.30128
        ],
        [
          -0.029685,
          -0.923548,
          -0.382332,
          1.466327
        ],
        [
          0.0,
          0.0,
          0.0,
          1.0
        ]
      ]
    },
    {
      "file_path": "/media/NFS/ttao/scannet/posed_images/scene0173_01/00131.jpg",
      "transform_matrix": [
        [
          0.4495,
          0.337755,
          -0.826965,
          4.074183
        ],
        [
          0.892943,
          -0.195332,
          0.405583,
          3.339263
        ],
        [
          -0.024546,
          -0.920743,
          -0.389398,
          1.453763
        ],
        [
          0.0,
          0.0,
          0.0,
          1.0
        ]
      ]
    },
    {
      "file_path": "/media/NFS/ttao/scannet/posed_images/scene0173_01/00134.jpg",
      "transform_matrix": [
        [
          0.457835,
          0.344443,
          -0.819601,
          4.064705
        ],
        [
          0.888825,
          -0.197481,
          0.413511,
          3.352971
        ],
        [
          -0.019425,
          -0.917802,
          -0.396563,
          1.444265
        ],
        [
          0.0,
          0.0,
          0.0,
          1.0
        ]
      ]
    },
    {
      "file_path": "/media/NFS/ttao/scannet/posed_images/scene0173_01/00139.jpg",
      "transform_matrix": [
        [
          0.49434,
          0.353739,
          -0.794038,
          4.045328
        ],
        [
          0.869198,
          -0.212765,
          0.446347,
          3.36723
        ],
        [
          -0.011053,
          -0.910824,
          -0.412648,
          1.43115
        ],
        [
          0.0,
          0.0,
          0.0,
          1.0
        ]
      ]
    },
    {
      "file_path": "/media/NFS/ttao/scannet/posed_images/scene0173_01/00143.jpg",
      "transform_matrix": [
        [
          0.541934,
          0.330058,
          -0.772897,
          4.025985
        ],
        [
          0.84029,
          -0.229038,
          0.49138,
          3.389281
        ],
        [
          -0.014838,
          -0.915753,
          -0.401468,
          1.424222
        ],
        [
          0.0,
          0.0,
          0.0,
          1.0
        ]
      ]
    },
    {
      "file_path": "/media/NFS/ttao/scannet/posed_images/scene0173_01/00150.jpg",
      "transform_matrix": [
        [
          0.67358,
          0.269063,
          -0.6884,
          3.962945
        ],
        [
          0.738891,
          -0.267982,
          0.618244,
          3.364872
        ],
        [
          -0.018133,
          -0.92509,
          -0.379315,
          1.426452
        ],
        [
          0.0,
          0.0,
          0.0,
          1.0
        ]
      ]
    },
    {
      "file_path": "/media/NFS/ttao/scannet/posed_images/scene0173_01/00157.jpg",
      "transform_matrix": [
        [
          0.76362,
          0.222318,
          -0.606183,
          3.93353
        ],
        [
          0.645568,
          -0.279201,
          0.710837,
          3.358813
        ],
        [
          -0.011215,
          -0.934142,
          -0.356724,
          1.417287
        ],
        [
          0.0,
          0.0,
          0.0,
          1.0
        ]
      ]
    },
    {
      "file_path": "/media/NFS/ttao/scannet/posed_images/scene0173_01/00159.jpg",
      "transform_matrix": [
        [
          0.788133,
          0.208629,
          -0.579068,
          3.927501
        ],
        [
          0.615409,
          -0.283649,
          0.735401,
          3.35914
        ],
        [
          -0.010826,
          -0.935958,
          -0.351945,
          1.415962
        ],
        [
          0.0,
          0.0,
          0.0,
          1.0
        ]
      ]
    },
    {
      "file_path": "/media/NFS/ttao/scannet/posed_images/scene0173_01/00167.jpg",
      "transform_matrix": [
        [
          0.871564,
          0.172794,
          -0.458823,
          3.910161
        ],
        [
          0.490282,
          -0.306242,
          0.81599,
          3.373061
        ],
        [
          0.000487,
          -0.93614,
          -0.351627,
          1.416875
        ],
        [
          0.0,
          0.0,
          0.0,
          1.0
        ]
      ]
    },
    {
      "file_path": "/media/NFS/ttao/scannet/posed_images/scene0173_01/00171.jpg",
      "transform_matrix": [
        [
          0.897633,
          0.162518,
          -0.409687,
          3.911018
        ],
        [
          0.440645,
          -0.31119,
          0.842017,
          3.391429
        ],
        [
          0.009352,
          -0.936349,
          -0.350947,
          1.414902
        ],
        [
          0.0,
          0.0,
          0.0,
          1.0
        ]
      ]
    },
    {
      "file_path": "/media/NFS/ttao/scannet/posed_images/scene0173_01/00176.jpg",
      "transform_matrix": [
        [
          0.918959,
          0.147286,
          -0.365815,
          3.926849
        ],
        [
          0.394022,
          -0.30496,
          0.867033,
          3.407751
        ],
        [
          0.016143,
          -0.940907,
          -0.338279,
          1.416819
        ],
        [
          0.0,
          0.0,
          0.0,
          1.0
        ]
      ]
    },
    {
      "file_path": "/media/NFS/ttao/scannet/posed_images/scene0173_01/00182.jpg",
      "transform_matrix": [
        [
          0.941485,
          0.132263,
          -0.31002,
          3.960184
        ],
        [
          0.335644,
          -0.283824,
          0.898213,
          3.449139
        ],
        [
          0.030809,
          -0.949711,
          -0.31161,
          1.432439
        ],
        [
          0.0,
          0.0,
          0.0,
          1.0
        ]
      ]
    },
    {
      "file_path": "/media/NFS/ttao/scannet/posed_images/scene0173_01/00187.jpg",
      "transform_matrix": [
        [
          0.959147,
          0.101587,
          -0.264038,
          3.988798
        ],
        [
          0.282061,
          -0.271289,
          0.920241,
          3.484391
        ],
        [
          0.021854,
          -0.957122,
          -0.28886,
          1.449667
        ],
        [
          0.0,
          0.0,
          0.0,
          1.0
        ]
      ]
    },
    {
      "file_path": "/media/NFS/ttao/scannet/posed_images/scene0173_01/00191.jpg",
      "transform_matrix": [
        [
          0.969383,
          0.078446,
          -0.232685,
          4.021814
        ],
        [
          0.245156,
          -0.255372,
          0.935245,
          3.511646
        ],
        [
          0.013945,
          -0.963655,
          -0.266784,
          1.466656
        ],
        [
          0.0,
          0.0,
          0.0,
          1.0
        ]
      ]
    },
    {
      "file_path": "/media/NFS/ttao/scannet/posed_images/scene0173_01/00196.jpg",
      "transform_matrix": [
        [
          0.979897,
          0.05858,
          -0.19071,
          4.040701
        ],
        [
          0.199105,
          -0.226726,
          0.95339,
          3.540529
        ],
        [
          0.012611,
          -0.972195,
          -0.233832,
          1.48784
        ],
        [
          0.0,
          0.0,
          0.0,
          1.0
        ]
      ]
    },
    {
      "file_path": "/media/NFS/ttao/scannet/posed_images/scene0173_01/00202.jpg",
      "transform_matrix": [
        [
          0.983748,
          0.067344,
          -0.166445,
          4.107026
        ],
        [
          0.176459,
          -0.191257,
          0.965548,
          3.58089
        ],
        [
          0.03319,
          -0.979227,
          -0.200032,
          1.49764
        ],
        [
          0.0,
          0.0,
          0.0,
          1.0
        ]
      ]
    },
    {
      "file_path": "/media/NFS/ttao/scannet/posed_images/scene0173_01/00208.jpg",
      "transform_matrix": [
        [
          0.992772,
          0.067171,
          -0.099454,
          4.098406
        ],
        [
          0.109406,
          -0.165915,
          0.980052,
          3.60873
        ],
        [
          0.04933,
          -0.98385,
          -0.172065,
          1.501643
        ],
        [
          0.0,
          0.0,
          0.0,
          1.0
        ]
      ]
    },
    {
      "file_path": "/media/NFS/ttao/scannet/posed_images/scene0173_01/00213.jpg",
      "transform_matrix": [
        [
          0.998057,
          0.048414,
          -0.039208,
          4.072275
        ],
        [
          0.046067,
          -0.149832,
          0.987638,
          3.622342
        ],
        [
          0.041941,
          -0.987525,
          -0.151771,
          1.505753
        ],
        [
          0.0,
          0.0,
          0.0,
          1.0
        ]
      ]
    },
    {
      "file_path": "/media/NFS/ttao/scannet/posed_images/scene0173_01/00217.jpg",
      "transform_matrix": [
        [
          0.999583,
          0.02853,
          0.004438,
          4.0466
        ],
        [
          0.000208,
          -0.160826,
          0.986983,
          3.635671
        ],
        [
          0.028873,
          -0.98657,
          -0.160765,
          1.495921
        ],
        [
          0.0,
          0.0,
          0.0,
          1.0
        ]
      ]
    },
    {
      "file_path": "/media/NFS/ttao/scannet/posed_images/scene0173_01/00221.jpg",
      "transform_matrix": [
        [
          0.998827,
          0.034817,
          0.033663,
          4.031008
        ],
        [
          -0.027608,
          -0.161721,
          0.98645,
          3.645737
        ],
        [
          0.039789,
          -0.986222,
          -0.16057,
          1.48132
        ],
        [
          0.0,
          0.0,
          0.0,
          1.0
        ]
      ]
    },
    {
      "file_path": "/media/NFS/ttao/scannet/posed_images/scene0173_01/00227.jpg",
      "transform_matrix": [
        [
          0.995558,
          0.040195,
          0.085138,
          3.990531
        ],
        [
          -0.076339,
          -0.18465,
          0.979835,
          3.658021
        ],
        [
          0.055105,
          -0.981982,
          -0.180761,
          1.45968
        ],
        [
          0.0,
          0.0,
          0.0,
          1.0
        ]
      ]
    },
    {
      "file_path": "/media/NFS/ttao/scannet/posed_images/scene0173_01/00231.jpg",
      "transform_matrix": [
        [
          0.990634,
          0.042245,
          0.129848,
          3.956938
        ],
        [
          -0.11924,
          -0.195715,
          0.973385,
          3.672356
        ],
        [
          0.066534,
          -0.97975,
          -0.188845,
          1.446973
        ],
        [
          0.0,
          0.0,
          0.0,
          1.0
        ]
      ]
    },
    {
      "file_path": "/media/NFS/ttao/scannet/posed_images/scene0173_01/00239.jpg",
      "transform_matrix": [
        [
          0.97931,
          0.001968,
          0.202356,
          3.923691
        ],
        [
          -0.196636,
          -0.226999,
          0.953837,
          3.701882
        ],
        [
          0.047812,
          -0.973893,
          -0.221916,
          1.427101
        ],
        [
          0.0,
          0.0,
          0.0,
          1.0
        ]
      ]
    },
    {
      "file_path": "/media/NFS/ttao/scannet/posed_images/scene0173_01/00241.jpg",
      "transform_matrix": [
        [
          0.978546,
          0.002708,
          0.20601,
          3.935811
        ],
        [
          -0.199683,
          -0.233773,
          0.951566,
          3.712632
        ],
        [
          0.050737,
          -0.972287,
          -0.228217,
          1.423325
        ],
        [
          0.0,
          0.0,
          0.0,
          1.0
        ]
      ]
    },
    {
      "file_path": "/media/NFS/ttao/scannet/posed_images/scene0173_01/00250.jpg",
      "transform_matrix": [
        [
          0.964612,
          -0.0073,
          0.263571,
          3.96469
        ],
        [
          -0.257002,
          -0.249437,
          0.933665,
          3.810428
        ],
        [
          0.058928,
          -0.968364,
          -0.242486,
          1.427108
        ],
        [
          0.0,
          0.0,
          0.0,
          1.0
        ]
      ]
    },
    {
      "file_path": "/media/NFS/ttao/scannet/posed_images/scene0173_01/00253.jpg",
      "transform_matrix": [
        [
          0.963702,
          -0.031415,
          0.265124,
          3.982369
        ],
        [
          -0.264205,
          -0.254996,
          0.930147,
          3.84247
        ],
        [
          0.038385,
          -0.966432,
          -0.25404,
          1.429754
        ],
        [
          0.0,
          0.0,
          0.0,
          1.0
        ]
      ]
    },
    {
      "file_path": "/media/NFS/ttao/scannet/posed_images/scene0173_01/00256.jpg",
      "transform_matrix": [
        [
          0.962145,
          -0.050449,
          0.267827,
          4.002945
        ],
        [
          -0.272031,
          -0.237606,
          0.932492,
          3.869112
        ],
        [
          0.016594,
          -0.970051,
          -0.242335,
          1.433488
        ],
        [
          0.0,
          0.0,
          0.0,
          1.0
        ]
      ]
    },
    {
      "file_path": "/media/NFS/ttao/scannet/posed_images/scene0173_01/00262.jpg",
      "transform_matrix": [
        [
          0.947372,
          -0.056847,
          0.315048,
          4.064519
        ],
        [
          -0.319321,
          -0.237989,
          0.917276,
          3.92116
        ],
        [
          0.022833,
          -0.969603,
          -0.243616,
          1.436585
        ],
        [
          0.0,
          0.0,
          0.0,
          1.0
        ]
      ]
    },
    {
      "file_path": "/media/NFS/ttao/scannet/posed_images/scene0173_01/00267.jpg",
      "transform_matrix": [
        [
          0.920587,
          -0.064451,
          0.385182,
          4.075439
        ],
        [
          -0.387823,
          -0.26695,
          0.882231,
          3.966512
        ],
        [
          0.045963,
          -0.961553,
          -0.270746,
          1.427406
        ],
        [
          0.0,
          0.0,
          0.0,
          1.0
        ]
      ]
    },
    {
      "file_path": "/media/NFS/ttao/scannet/posed_images/scene0173_01/00273.jpg",
      "transform_matrix": [
        [
          0.890982,
          -0.064696,
          0.449405,
          4.106156
        ],
        [
          -0.450537,
          -0.248655,
          0.85743,
          3.993603
        ],
        [
          0.056274,
          -0.966429,
          -0.250695,
          1.425991
        ],
        [
          0.0,
          0.0,
          0.0,
          1.0
        ]
      ]
    },
    {
      "file_path": "/media/NFS/ttao/scannet/posed_images/scene0173_01/00279.jpg",
      "transform_matrix": [
        [
          0.84348,
          -0.093148,
          0.529023,
          4.103996
        ],
        [
          -0.535138,
          -0.231095,
          0.81254,
          4.036141
        ],
        [
          0.046568,
          -0.968462,
          -0.244771,
          1.434941
        ],
        [
          0.0,
          0.0,
          0.0,
          1.0
        ]
      ]
    },
    {
      "file_path": "/media/NFS/ttao/scannet/posed_images/scene0173_01/00285.jpg",
      "transform_matrix": [
        [
          0.791913,
          -0.107178,
          0.601154,
          4.107895
        ],
        [
          -0.608456,
          -0.221582,
          0.762025,
          4.06433
        ],
        [
          0.051533,
          -0.969234,
          -0.240687,
          1.450155
        ],
        [
          0.0,
          0.0,
          0.0,
          1.0
        ]
      ]
    },
    {
      "file_path": "/media/NFS/ttao/scannet/posed_images/scene0173_01/00288.jpg",
      "transform_matrix": [
        [
          0.759674,
          -0.112387,
          0.640519,
          4.096007
        ],
        [
          -0.648134,
          -0.211256,
          0.731637,
          4.079805
        ],
        [
          0.053087,
          -0.970948,
          -0.233327,
          1.445499
        ],
        [
          0.0,
          0.0,
          0.0,
          1.0
        ]
      ]
    },
    {
      "file_path": "/media/NFS/ttao/scannet/posed_images/scene0173_01/00291.jpg",
      "transform_matrix": [
        [
          0.732558,
          -0.127293,
          0.668697,
          4.097631
        ],
        [
          -0.678715,
          -0.211661,
          0.70324,
          4.094937
        ],
        [
          0.05202,
          -0.969018,
          -0.241449,
          1.449278
        ],
        [
          0.0,
          0.0,
          0.0,
          1.0
        ]
      ]
    },
    {
      "file_path": "/media/NFS/ttao/scannet/posed_images/scene0173_01/00299.jpg",
      "transform_matrix": [
        [
          0.644871,
          -0.163168,
          0.746671,
          4.092386
        ],
        [
          -0.762714,
          -0.200127,
          0.614993,
          4.109632
        ],
        [
          0.049082,
          -0.966088,
          -0.253507,
          1.44541
        ],
        [
          0.0,
          0.0,
          0.0,
          1.0
        ]
      ]
    },
    {
      "file_path": "/media/NFS/ttao/scannet/posed_images/scene0173_01/00305.jpg",
      "transform_matrix": [
        [
          0.578452,
          -0.194568,
          0.792172,
          4.099312
        ],
        [
          -0.814416,
          -0.192551,
          0.547403,
          4.113012
        ],
        [
          0.046026,
          -0.961804,
          -0.269841,
          1.436444
        ],
        [
          0.0,
          0.0,
          0.0,
          1.0
        ]
      ]
    },
    {
      "file_path": "/media/NFS/ttao/scannet/posed_images/scene0173_01/00311.jpg",
      "transform_matrix": [
        [
          0.50581,
          -0.217607,
          0.834748,
          4.108062
        ],
        [
          -0.860436,
          -0.19647,
          0.470159,
          4.116846
        ],
        [
          0.061693,
          -0.956058,
          -0.286614,
          1.4299
        ],
        [
          0.0,
          0.0,
          0.0,
          1.0
        ]
      ]
    },
    {
      "file_path": "/media/NFS/ttao/scannet/posed_images/scene0173_01/00316.jpg",
      "transform_matrix": [
        [
          0.464241,
          -0.231347,
          0.854961,
          4.107817
        ],
        [
          -0.883231,
          -0.193068,
          0.427349,
          4.122968
        ],
        [
          0.0662,
          -0.953522,
          -0.293963,
          1.433683
        ],
        [
          0.0,
          0.0,
          0.0,
          1.0
        ]
      ]
    },
    {
      "file_path": "/media/NFS/ttao/scannet/posed_images/scene0173_01/00318.jpg",
      "transform_matrix": [
        [
          0.452704,
          -0.227659,
          0.862108,
          4.102052
        ],
        [
          -0.888954,
          -0.190506,
          0.416494,
          4.120224
        ],
        [
          0.069418,
          -0.954923,
          -0.288622,
          1.428923
        ],
        [
          0.0,
          0.0,
          0.0,
          1.0
        ]
      ]
    },
    {
      "file_path": "/media/NFS/ttao/scannet/posed_images/scene0173_01/00327.jpg",
      "transform_matrix": [
        [
          0.362392,
          -0.256663,
          0.895988,
          4.123443
        ],
        [
          -0.928666,
          -0.180982,
          0.323765,
          4.100159
        ],
        [
          0.079059,
          -0.949405,
          -0.303941,
          1.418448
        ],
        [
          0.0,
          0.0,
          0.0,
          1.0
        ]
      ]
    },
    {
      "file_path": "/media/NFS/ttao/scannet/posed_images/scene0173_01/00332.jpg",
      "transform_matrix": [
        [
          0.305081,
          -0.281628,
          0.909732,
          4.149743
        ],
        [
          -0.949834,
          -0.159057,
          0.269289,
          4.091859
        ],
        [
          0.06886,
          -0.946249,
          -0.316025,
          1.422666
        ],
        [
          0.0,
          0.0,
          0.0,
          1.0
        ]
      ]
    },
    {
      "file_path": "/media/NFS/ttao/scannet/posed_images/scene0173_01/00336.jpg",
      "transform_matrix": [
        [
          0.266889,
          -0.29277,
          0.918181,
          4.176275
        ],
        [
          -0.962449,
          -0.130026,
          0.238296,
          4.086883
        ],
        [
          0.049621,
          -0.947301,
          -0.316478,
          1.43079
        ],
        [
          0.0,
          0.0,
          0.0,
          1.0
        ]
      ]
    },
    {
      "file_path": "/media/NFS/ttao/scannet/posed_images/scene0173_01/00342.jpg",
      "transform_matrix": [
        [
          0.213371,
          -0.300266,
          0.929684,
          4.223423
        ],
        [
          -0.97636,
          -0.099193,
          0.192047,
          4.093692
        ],
        [
          0.034553,
          -0.948684,
          -0.314332,
          1.436108
        ],
        [
          0.0,
          0.0,
          0.0,
          1.0
        ]
      ]
    },
    {
      "file_path": "/media/NFS/ttao/scannet/posed_images/scene0173_01/00345.jpg",
      "transform_matrix": [
        [
          0.195812,
          -0.305202,
          0.931938,
          4.249151
        ],
        [
          -0.980527,
          -0.075457,
          0.18131,
          4.10322
        ],
        [
          0.014985,
          -0.949293,
          -0.314034,
          1.431786
        ],
        [
          0.0,
          0.0,
          0.0,
          1.0
        ]
      ]
    },
    {
      "file_path": "/media/NFS/ttao/scannet/posed_images/scene0173_01/00348.jpg",
      "transform_matrix": [
        [
          0.190664,
          -0.313064,
          0.930397,
          4.283076
        ],
        [
          -0.981655,
          -0.060189,
          0.180916,
          4.108557
        ],
        [
          -0.000638,
          -0.947823,
          -0.318797,
          1.43495
        ],
        [
          0.0,
          0.0,
          0.0,
          1.0
        ]
      ]
    },
    {
      "file_path": "/media/NFS/ttao/scannet/posed_images/scene0173_01/00358.jpg",
      "transform_matrix": [
        [
          0.10771,
          -0.357334,
          0.927745,
          4.402008
        ],
        [
          -0.994064,
          -0.053121,
          0.094949,
          4.147014
        ],
        [
          0.015354,
          -0.932465,
          -0.360934,
          1.427853
        ],
        [
          0.0,
          0.0,
          0.0,
          1.0
        ]
      ]
    },
    {
      "file_path": "/media/NFS/ttao/scannet/posed_images/scene0173_01/00359.jpg",
      "transform_matrix": [
        [
          0.088604,
          -0.365198,
          0.926704,
          4.412504
        ],
        [
          -0.995994,
          -0.043786,
          0.077974,
          4.155874
        ],
        [
          0.012101,
          -0.9299,
          -0.367614,
          1.429048
        ],
        [
          0.0,
          0.0,
          0.0,
          1.0
        ]
      ]
    },
    {
      "file_path": "/media/NFS/ttao/scannet/posed_images/scene0173_01/00367.jpg",
      "transform_matrix": [
        [
          -0.070259,
          -0.337036,
          0.938866,
          4.496473
        ],
        [
          -0.997482,
          0.032835,
          -0.062858,
          4.20187
        ],
        [
          -0.009642,
          -0.940919,
          -0.338494,
          1.448209
        ],
        [
          0.0,
          0.0,
          0.0,
          1.0
        ]
      ]
    },
    {
      "file_path": "/media/NFS/ttao/scannet/posed_images/scene0173_01/00373.jpg",
      "transform_matrix": [
        [
          -0.177518,
          -0.315638,
          0.932126,
          4.538748
        ],
        [
          -0.983933,
          0.075247,
          -0.161904,
          4.265214
        ],
        [
          -0.019036,
          -0.945891,
          -0.323925,
          1.452265
        ],
        [
          0.0,
          0.0,
          0.0,
          1.0
        ]
      ]
    },
    {
      "file_path": "/media/NFS/ttao/scannet/posed_images/scene0173_01/00376.jpg",
      "transform_matrix": [
        [
          -0.225076,
          -0.324517,
          0.91871,
          4.556638
        ],
        [
          -0.974076,
          0.096947,
          -0.204396,
          4.289627
        ],
        [
          -0.022737,
          -0.940898,
          -0.337925,
          1.453883
        ],
        [
          0.0,
          0.0,
          0.0,
          1.0
        ]
      ]
    },
    {
      "file_path": "/media/NFS/ttao/scannet/posed_images/scene0173_01/00381.jpg",
      "transform_matrix": [
        [
          -0.303523,
          -0.307048,
          0.901995,
          4.584137
        ],
        [
          -0.951982,
          0.137512,
          -0.273533,
          4.312662
        ],
        [
          -0.040048,
          -0.941707,
          -0.334043,
          1.458527
        ],
        [
          0.0,
          0.0,
          0.0,
          1.0
        ]
      ]
    },
    {
      "file_path": "/media/NFS/ttao/scannet/posed_images/scene0173_01/00387.jpg",
      "transform_matrix": [
        [
          -0.35535,
          -0.302825,
          0.884321,
          4.62351
        ],
        [
          -0.934435,
          0.138975,
          -0.327897,
          4.323606
        ],
        [
          -0.023603,
          -0.942859,
          -0.332355,
          1.455683
        ],
        [
          0.0,
          0.0,
          0.0,
          1.0
        ]
      ]
    },
    {
      "file_path": "/media/NFS/ttao/scannet/posed_images/scene0173_01/00393.jpg",
      "transform_matrix": [
        [
          -0.391334,
          -0.306321,
          0.86777,
          4.674902
        ],
        [
          -0.919673,
          0.163521,
          -0.357018,
          4.308334
        ],
        [
          -0.032537,
          -0.937778,
          -0.345707,
          1.460017
        ],
        [
          0.0,
          0.0,
          0.0,
          1.0
        ]
      ]
    },
    {
      "file_path": "/media/NFS/ttao/scannet/posed_images/scene0173_01/00395.jpg",
      "transform_matrix": [
        [
          -0.414506,
          -0.298405,
          0.859732,
          4.692997
        ],
        [
          -0.908922,
          0.182703,
          -0.374808,
          4.302511
        ],
        [
          -0.045231,
          -0.936789,
          -0.346958,
          1.459355
        ],
