{
  "frames": [
    {
      "file_path": "/media/NFS/ttao/scannet/posed_images/scene0598_00/00002.jpg",
      "transform_matrix": [
        [
          0.695327,
          0.25008,
          -0.673781,
          3.914788
        ],
        [
          0.717797,
          -0.28847,
          0.633682,
          3.340359
        ],
        [
          -0.035895,
          -0.924254,
          -0.380087,
          1.336635
        ],
        [
          0.0,
          0.0,
          0.0,
          1.0
        ]
      ]
    },
    {
      "file_path": "/media/NFS/ttao/scannet/posed_images/scene0598_00/00003.jpg",
      "transform_matrix": [
        [
          0.697251,
          0.250746,
          -0.671542,
          3.911823
        ],
        [
          0.715974,
          -0.289305,
          0.635361,
          3.339144
        ],
        [
          -0.034966,
          -0.923812,
          -0.381245,
          1.336573
        ],
        [
          0.0,
          0.0,
          0.0,
          1.0
        ]
      ]
    },
    {
      "file_path": "/media/NFS/ttao/scannet/posed_images/scene0598_00/00006.jpg",
      "transform_matrix": [
        [
          0.699761,
          0.254588,
          -0.667473,
          3.907428
        ],
        [
          0.713643,
          -0.291487,
          0.636985,
          3.340465
        ],
        [
          -0.032391,
          -0.922074,
          -0.385656,
          1.337828
        ],
        [
          0.0,
          0.0,
          0.0,
          1.0
        ]
      ]
    },
    {
      "file_path": "/media/NFS/ttao/scannet/posed_images/scene0598_00/00009.jpg",
      "transform_matrix": [
        [
          0.703452,
          0.259066,
          -0.661846,
          3.905519
        ],
        [
          0.710182,
          -0.293182,
          0.640067,
          3.340773
        ],
        [
          -0.028222,
          -0.920288,
          -0.390223,
          1.333436
        ],
        [
          0.0,
          0.0,
          0.0,
          1.0
        ]
      ]
    },
    {
      "file_path": "/media/NFS/ttao/scannet/posed_images/scene0598_00/00014.jpg",
      "transform_matrix": [
        [
          0.713859,
          0.271136,
          -0.645671,
          3.900536
        ],
        [
          0.69991,
          -0.306601,
          0.645075,
          3.342361
        ],
        [
          -0.02306,
          -0.912404,
          -0.408641,
          1.324955
        ],
        [
          0.0,
          0.0,
          0.0,
          1.0
        ]
      ]
    },
    {
      "file_path": "/media/NFS/ttao/scannet/posed_images/scene0598_00/00018.jpg",
      "transform_matrix": [
        [
          0.727293,
          0.271856,
          -0.63019,
          3.898037
        ],
        [
          0.685761,
          -0.32514,
          0.651165,
          3.344479
        ],
        [
          -0.027877,
          -0.905747,
          -0.4229,
          1.319368
        ],
        [
          0.0,
          0.0,
          0.0,
          1.0
        ]
      ]
    },
    {
      "file_path": "/media/NFS/ttao/scannet/posed_images/scene0598_00/00021.jpg",
      "transform_matrix": [
        [
          0.737343,
          0.269834,
          -0.619286,
          3.898452
        ],
        [
          0.674889,
          -0.333827,
          0.658091,
          3.344766
        ],
        [
          -0.029159,
          -0.903188,
          -0.428253,
          1.312933
        ],
        [
          0.0,
          0.0,
          0.0,
          1.0
        ]
      ]
    },
    {
      "file_path": "/media/NFS/ttao/scannet/posed_images/scene0598_00/00025.jpg",
      "transform_matrix": [
        [
          0.749587,
          0.270883,
          -0.603938,
          3.89565
        ],
        [
          0.661094,
          -0.351571,
          0.662837,
          3.341429
        ],
        [
          -0.032776,
          -0.896114,
          -0.442612,
          1.302487
        ],
        [
          0.0,
          0.0,
          0.0,
          1.0
        ]
      ]
    },
    {
      "file_path": "/media/NFS/ttao/scannet/posed_images/scene0598_00/00026.jpg",
      "transform_matrix": [
        [
          0.751948,
          0.269494,
          -0.601621,
          3.895623
        ],
        [
          0.658264,
          -0.35614,
          0.663214,
          3.341115
        ],
        [
          -0.035529,
          -0.894728,
          -0.445197,
          1.300597
        ],
        [
          0.0,
          0.0,
          0.0,
          1.0
        ]
      ]
    },
    {
      "file_path": "/media/NFS/ttao/scannet/posed_images/scene0598_00/00029.jpg",
      "transform_matrix": [
        [
          0.758428,
          0.26065,
          -0.597369,
          3.898442
        ],
        [
          0.650414,
          -0.36151,
          0.668036,
          3.337597
        ],
        [
          -0.041831,
          -0.895194,
          -0.44371,
          1.295341
        ],
        [
          0.0,
          0.0,
          0.0,
          1.0
        ]
      ]
    },
    {
      "file_path": "/media/NFS/ttao/scannet/posed_images/scene0598_00/00035.jpg",
      "transform_matrix": [
        [
          0.783832,
          0.256816,
          -0.565379,
          3.896303
        ],
        [
          0.619337,
          -0.389376,
          0.681768,
          3.328938
        ],
        [
          -0.045056,
          -0.884552,
          -0.464261,
          1.280737
        ],
        [
          0.0,
          0.0,
          0.0,
          1.0
        ]
      ]
    },
    {
      "file_path": "/media/NFS/ttao/scannet/posed_images/scene0598_00/00036.jpg",
      "transform_matrix": [
        [
          0.787422,
          0.256191,
          -0.560654,
          3.897596
        ],
        [
          0.614731,
          -0.393559,
          0.683533,
          3.328914
        ],
        [
          -0.045535,
          -0.88288,
          -0.467385,
          1.279963
        ],
        [
          0.0,
          0.0,
          0.0,
          1.0
        ]
      ]
    },
    {
      "file_path": "/media/NFS/ttao/scannet/posed_images/scene0598_00/00039.jpg",
      "transform_matrix": [
        [
          0.801656,
          0.250529,
          -0.542755,
          3.894842
        ],
        [
          0.596092,
          -0.40333,
          0.694262,
          3.322939
        ],
        [
          -0.044976,
          -0.880091,
          -0.47267,
          1.276915
        ],
        [
          0.0,
          0.0,
          0.0,
          1.0
        ]
      ]
    },
    {
      "file_path": "/media/NFS/ttao/scannet/posed_images/scene0598_00/00043.jpg",
      "transform_matrix": [
        [
          0.82257,
          0.234679,
          -0.517982,
          3.884459
        ],
        [
          0.566638,
          -0.415085,
          0.711777,
          3.314536
        ],
        [
          -0.047967,
          -0.878994,
          -0.474414,
          1.275397
        ],
        [
          0.0,
          0.0,
          0.0,
          1.0
        ]
      ]
    },
    {
      "file_path": "/media/NFS/ttao/scannet/posed_images/scene0598_00/00048.jpg",
      "transform_matrix": [
        [
          0.835591,
          0.221298,
          -0.502806,
          3.888792
        ],
        [
          0.547253,
          -0.415249,
          0.726693,
          3.314926
        ],
        [
          -0.047973,
          -0.882381,
          -0.468084,
          1.275982
        ],
        [
          0.0,
          0.0,
          0.0,
          1.0
        ]
      ]
    },
    {
      "file_path": "/media/NFS/ttao/scannet/posed_images/scene0598_00/00049.jpg",
      "transform_matrix": [
        [
          0.838061,
          0.22007,
          -0.499223,
          3.889289
        ],
        [
          0.543517,
          -0.416218,
          0.728939,
          3.315714
        ],
        [
          -0.047368,
          -0.882231,
          -0.468428,
          1.276814
        ],
        [
          0.0,
          0.0,
          0.0,
          1.0
        ]
      ]
    },
    {
      "file_path": "/media/NFS/ttao/scannet/posed_images/scene0598_00/00055.jpg",
      "transform_matrix": [
        [
          0.855641,
          0.199263,
          -0.477674,
          3.899292
        ],
        [
          0.515379,
          -0.412852,
          0.750958,
          3.331775
        ],
        [
          -0.047571,
          -0.888734,
          -0.455949,
          1.284799
        ],
        [
          0.0,
          0.0,
          0.0,
          1.0
        ]
      ]
    },
    {
      "file_path": "/media/NFS/ttao/scannet/posed_images/scene0598_00/00056.jpg",
      "transform_matrix": [
        [
          0.859953,
          0.196798,
          -0.470905,
          3.902934
        ],
        [
          0.508262,
          -0.414054,
          0.755135,
          3.336209
        ],
        [
          -0.046371,
          -0.888724,
          -0.456092,
          1.284133
        ],
        [
          0.0,
          0.0,
          0.0,
          1.0
        ]
      ]
    },
    {
      "file_path": "/media/NFS/ttao/scannet/posed_images/scene0598_00/00060.jpg",
      "transform_matrix": [
        [
          0.878869,
          0.187232,
          -0.438787,
          3.914503
        ],
        [
          0.474819,
          -0.432411,
          0.76653,
          3.362256
        ],
        [
          -0.046217,
          -0.882024,
          -0.468933,
          1.286796
        ],
        [
          0.0,
          0.0,
          0.0,
          1.0
        ]
      ]
    },
    {
      "file_path": "/media/NFS/ttao/scannet/posed_images/scene0598_00/00063.jpg",
      "transform_matrix": [
        [
          0.894514,
          0.166396,
          -0.414918,
          3.9255
        ],
        [
          0.443952,
          -0.439559,
          0.780829,
          3.381943
        ],
        [
          -0.052454,
          -0.882667,
          -0.467063,
          1.286601
        ],
        [
          0.0,
          0.0,
          0.0,
          1.0
        ]
      ]
    },
    {
      "file_path": "/media/NFS/ttao/scannet/posed_images/scene0598_00/00068.jpg",
      "transform_matrix": [
        [
          0.916826,
          0.145524,
          -0.371822,
          3.941036
        ],
        [
          0.39598,
          -0.450967,
          0.799893,
          3.415287
        ],
        [
          -0.051276,
          -0.880597,
          -0.471083,
          1.288873
        ],
        [
          0.0,
          0.0,
          0.0,
          1.0
        ]
      ]
    },
    {
      "file_path": "/media/NFS/ttao/scannet/posed_images/scene0598_00/00072.jpg",
      "transform_matrix": [
        [
          0.934362,
          0.12187,
          -0.334836,
          3.945441
        ],
        [
          0.351944,
          -0.462545,
          0.813749,
          3.435455
        ],
        [
          -0.055705,
          -0.87818,
          -0.475076,
          1.286407
        ],
        [
          0.0,
          0.0,
          0.0,
          1.0
        ]
      ]
    },
    {
      "file_path": "/media/NFS/ttao/scannet/posed_images/scene0598_00/00073.jpg",
      "transform_matrix": [
        [
          0.937297,
          0.116754,
          -0.328395,
          3.948008
        ],
        [
          0.343764,
          -0.465012,
          0.815837,
          3.441379
        ],
        [
          -0.057455,
          -0.877572,
          -0.47599,
          1.286729
        ],
        [
          0.0,
          0.0,
          0.0,
          1.0
        ]
      ]
    },
    {
      "file_path": "/media/NFS/ttao/scannet/posed_images/scene0598_00/00076.jpg",
      "transform_matrix": [
        [
          0.945128,
          0.107101,
          -0.308647,
          3.9544
        ],
        [
          0.321967,
          -0.465595,
          0.824354,
          3.456902
        ],
        [
          -0.055415,
          -0.878494,
          -0.47453,
          1.285698
        ],
        [
          0.0,
          0.0,
          0.0,
          1.0
        ]
      ]
    },
    {
      "file_path": "/media/NFS/ttao/scannet/posed_images/scene0598_00/00079.jpg",
      "transform_matrix": [
        [
          0.954505,
          0.098786,
          -0.281358,
          3.9566
        ],
        [
          0.293818,
          -0.472651,
          0.830826,
          3.473261
        ],
        [
          -0.05091,
          -0.875696,
          -0.480172,
          1.281324
        ],
        [
          0.0,
          0.0,
          0.0,
          1.0
        ]
      ]
    },
    {
      "file_path": "/media/NFS/ttao/scannet/posed_images/scene0598_00/00085.jpg",
      "transform_matrix": [
        [
          0.973904,
          0.069245,
          -0.216141,
          3.956735
        ],
        [
          0.221107,
          -0.504376,
          0.834695,
          3.514111
        ],
        [
          -0.051218,
          -0.860703,
          -0.506524,
          1.269028
        ],
        [
          0.0,
          0.0,
          0.0,
          1.0
        ]
      ]
    },
    {
      "file_path": "/media/NFS/ttao/scannet/posed_images/scene0598_00/00086.jpg",
      "transform_matrix": [
        [
          0.977482,
          0.059506,
          -0.202453,
          3.953945
        ],
        [
          0.204081,
          -0.510551,
          0.835278,
          3.524139
        ],
        [
          -0.053659,
          -0.857786,
          -0.511198,
          1.272204
        ],
        [
          0.0,
          0.0,
          0.0,
          1.0
        ]
      ]
    },
    {
      "file_path": "/media/NFS/ttao/scannet/posed_images/scene0598_00/00090.jpg",
      "transform_matrix": [
        [
          0.989553,
          0.022373,
          -0.142425,
          3.938345
        ],
        [
          0.134455,
          -0.499734,
          0.85568,
          3.551836
        ],
        [
          -0.052031,
          -0.86589,
          -0.497521,
          1.272222
        ],
        [
          0.0,
          0.0,
          0.0,
          1.0
        ]
      ]
    },
    {
      "file_path": "/media/NFS/ttao/scannet/posed_images/scene0598_00/00095.jpg",
      "transform_matrix": [
        [
          0.997584,
          -0.044528,
          -0.053328,
          3.904389
        ],
        [
          0.025143,
          -0.484166,
          0.874615,
          3.584458
        ],
        [
          -0.064765,
          -0.873843,
          -0.481876,
          1.286075
        ],
        [
          0.0,
          0.0,
          0.0,
          1.0
        ]
      ]
    },
    {
      "file_path": "/media/NFS/ttao/scannet/posed_images/scene0598_00/00097.jpg",
      "transform_matrix": [
        [
          0.99763,
          -0.06388,
          -0.025579,
          3.891239
        ],
        [
          -0.00846,
          -0.482778,
          0.875702,
          3.594391
        ],
        [
          -0.068289,
          -0.87341,
          -0.482174,
          1.286867
        ],
        [
          0.0,
          0.0,
          0.0,
          1.0
        ]
      ]
    },
    {
      "file_path": "/media/NFS/ttao/scannet/posed_images/scene0598_00/00100.jpg",
      "transform_matrix": [
        [
          0.995799,
          -0.089431,
          0.019664,
          3.872844
        ],
        [
          -0.059819,
          -0.472766,
          0.879155,
          3.611682
        ],
        [
          -0.069327,
          -0.876638,
          -0.47613,
          1.290562
        ],
        [
          0.0,
          0.0,
          0.0,
          1.0
        ]
      ]
    },
    {
      "file_path": "/media/NFS/ttao/scannet/posed_images/scene0598_00/00105.jpg",
      "transform_matrix": [
        [
          0.988503,
          -0.129229,
          0.078498,
          3.853862
        ],
        [
          -0.130796,
          -0.470365,
          0.872725,
          3.62819
        ],
        [
          -0.075859,
          -0.872958,
          -0.48186,
          1.29311
        ],
        [
          0.0,
          0.0,
          0.0,
          1.0
        ]
      ]
    },
    {
      "file_path": "/media/NFS/ttao/scannet/posed_images/scene0598_00/00108.jpg",
      "transform_matrix": [
        [
          0.984005,
          -0.141236,
          0.108565,
          3.849007
        ],
        [
          -0.162824,
          -0.465845,
          0.869757,
          3.636558
        ],
        [
          -0.072266,
          -0.873522,
          -0.481391,
          1.295465
        ],
        [
          0.0,
          0.0,
          0.0,
          1.0
        ]
      ]
    },
    {
      "file_path": "/media/NFS/ttao/scannet/posed_images/scene0598_00/00110.jpg",
      "transform_matrix": [
        [
          0.980885,
          -0.147327,
          0.127121,
          3.853155
        ],
        [
          -0.181919,
          -0.462416,
          0.8678,
          3.646591
        ],
        [
          -0.069067,
          -0.874337,
          -0.480379,
          1.294967
        ],
        [
          0.0,
          0.0,
          0.0,
          1.0
        ]
      ]
    },
    {
      "file_path": "/media/NFS/ttao/scannet/posed_images/scene0598_00/00113.jpg",
      "transform_matrix": [
        [
          0.975764,
          -0.158297,
          0.151085,
          3.860297
        ],
        [
          -0.208048,
          -0.457098,
          0.864741,
          3.657768
        ],
        [
          -0.067825,
          -0.875216,
          -0.478953,
          1.299764
        ],
        [
          0.0,
          0.0,
          0.0,
          1.0
        ]
      ]
    },
    {
      "file_path": "/media/NFS/ttao/scannet/posed_images/scene0598_00/00118.jpg",
      "transform_matrix": [
        [
          0.964665,
          -0.171618,
          0.19992,
          3.87248
        ],
        [
          -0.256428,
          -0.437184,
          0.862041,
          3.673083
        ],
        [
          -0.06054,
          -0.882846,
          -0.465744,
          1.304987
        ],
        [
          0.0,
          0.0,
          0.0,
          1.0
        ]
      ]
    },
    {
      "file_path": "/media/NFS/ttao/scannet/posed_images/scene0598_00/00120.jpg",
      "transform_matrix": [
        [
          0.960624,
          -0.181105,
          0.210721,
          3.895319
        ],
        [
          -0.270294,
          -0.433406,
          0.85971,
          3.683261
        ],
        [
          -0.06437,
          -0.882814,
          -0.465292,
          1.3008
        ],
        [
          0.0,
          0.0,
          0.0,
          1.0
        ]
      ]
    },
    {
      "file_path": "/media/NFS/ttao/scannet/posed_images/scene0598_00/00124.jpg",
      "transform_matrix": [
        [
          0.947079,
          -0.210849,
          0.24204,
          3.917611
        ],
        [
          -0.311397,
          -0.420434,
          0.852213,
          3.700908
        ],
        [
          -0.077926,
          -0.882484,
          -0.463842,
          1.302168
        ],
        [
          0.0,
          0.0,
          0.0,
          1.0
        ]
      ]
    },
    {
      "file_path": "/media/NFS/ttao/scannet/posed_images/scene0598_00/00127.jpg",
      "transform_matrix": [
        [
          0.937123,
          -0.229654,
          0.26279,
          3.937771
        ],
        [
          -0.339468,
          -0.425055,
          0.8391,
          3.716767
        ],
        [
          -0.081002,
          -0.875549,
          -0.47629,
          1.301494
        ],
        [
          0.0,
          0.0,
          0.0,
          1.0
        ]
      ]
    },
    {
      "file_path": "/media/NFS/ttao/scannet/posed_images/scene0598_00/00132.jpg",
      "transform_matrix": [
        [
          0.92662,
          -0.223225,
          0.302566,
          3.972014
        ],
        [
          -0.36953,
          -0.39203,
          0.842472,
          3.736821
        ],
        [
          -0.069446,
          -0.892459,
          -0.445751,
          1.300635
        ],
        [
          0.0,
          0.0,
          0.0,
          1.0
        ]
      ]
    },
    {
      "file_path": "/media/NFS/ttao/scannet/posed_images/scene0598_00/00133.jpg",
      "transform_matrix": [
        [
          0.924549,
          -0.223999,
          0.308277,
          3.976521
        ],
        [
          -0.375061,
          -0.391877,
          0.840096,
          3.740633
        ],
        [
          -0.067374,
          -0.892332,
          -0.446322,
          1.301938
        ],
        [
          0.0,
          0.0,
          0.0,
          1.0
        ]
      ]
    },
    {
      "file_path": "/media/NFS/ttao/scannet/posed_images/scene0598_00/00137.jpg",
      "transform_matrix": [
        [
          0.910097,
          -0.231358,
          0.343799,
          3.983107
        ],
        [
          -0.410747,
          -0.393789,
          0.822324,
          3.754181
        ],
        [
          -0.054867,
          -0.889609,
          -0.453415,
          1.300859
        ],
        [
          0.0,
          0.0,
          0.0,
          1.0
        ]
      ]
    },
    {
      "file_path": "/media/NFS/ttao/scannet/posed_images/scene0598_00/00141.jpg",
      "transform_matrix": [
        [
          0.89098,
          -0.251017,
          0.378346,
          4.020334
        ],
        [
          -0.449917,
          -0.376015,
          0.810054,
          3.783767
        ],
        [
          -0.061074,
          -0.891966,
          -0.447958,
          1.29833
        ],
        [
          0.0,
          0.0,
          0.0,
          1.0
        ]
      ]
    },
    {
      "file_path": "/media/NFS/ttao/scannet/posed_images/scene0598_00/00143.jpg",
      "transform_matrix": [
        [
          0.876378,
          -0.260684,
          0.404976,
          4.017403
        ],
        [
          -0.478173,
          -0.370457,
          0.796312,
          3.796206
        ],
        [
          -0.05756,
          -0.891519,
          -0.449312,
          1.29769
        ],
        [
          0.0,
          0.0,
          0.0,
          1.0
        ]
      ]
    },
    {
      "file_path": "/media/NFS/ttao/scannet/posed_images/scene0598_00/00147.jpg",
      "transform_matrix": [
        [
          0.8441,
          -0.281735,
          0.456202,
          4.021772
        ],
        [
          -0.533116,
          -0.350079,
          0.770215,
          3.831882
        ],
        [
          -0.057289,
          -0.893348,
          -0.445699,
          1.303785
        ],
        [
          0.0,
          0.0,
          0.0,
          1.0
        ]
      ]
    },
    {
      "file_path": "/media/NFS/ttao/scannet/posed_images/scene0598_00/00149.jpg",
      "transform_matrix": [
        [
          0.832304,
          -0.277962,
          0.479591,
          4.024229
        ],
        [
          -0.551992,
          -0.336395,
          0.762983,
          3.850095
        ],
        [
          -0.050748,
          -0.899764,
          -0.433416,
          1.306384
        ],
        [
          0.0,
          0.0,
          0.0,
          1.0
        ]
      ]
    },
    {
      "file_path": "/media/NFS/ttao/scannet/posed_images/scene0598_00/00153.jpg",
      "transform_matrix": [
        [
          0.80361,
          -0.273576,
          0.528552,
          4.05844
        ],
        [
          -0.594313,
          -0.321615,
          0.737127,
          3.901454
        ],
        [
          -0.03167,
          -0.906488,
          -0.421043,
          1.317303
        ],
        [
          0.0,
          0.0,
          0.0,
          1.0
        ]
      ]
    },
    {
      "file_path": "/media/NFS/ttao/scannet/posed_images/scene0598_00/00158.jpg",
      "transform_matrix": [
        [
          0.733576,
          -0.277476,
          0.620382,
          4.054813
        ],
        [
          -0.679133,
          -0.2652,
          0.684432,
          3.957576
        ],
        [
          -0.025388,
          -0.923405,
          -0.382988,
          1.334625
        ],
        [
          0.0,
          0.0,
          0.0,
          1.0
        ]
      ]
    },
    {
      "file_path": "/media/NFS/ttao/scannet/posed_images/scene0598_00/00160.jpg",
      "transform_matrix": [
        [
          0.719184,
          -0.287104,
          0.632729,
          4.091578
        ],
        [
          -0.693643,
          -0.243675,
          0.677852,
          3.94405
        ],
        [
          -0.040434,
          -0.926388,
          -0.374395,
          1.331902
        ],
        [
          0.0,
          0.0,
          0.0,
          1.0
        ]
      ]
    },
    {
      "file_path": "/media/NFS/ttao/scannet/posed_images/scene0598_00/00165.jpg",
      "transform_matrix": [
        [
          0.668396,
          -0.301192,
          0.680096,
          4.089816
        ],
        [
          -0.740782,
          -0.187188,
          0.645138,
          3.99313
        ],
        [
          -0.067004,
          -0.93501,
          -0.348233,
          1.342276
        ],
        [
          0.0,
          0.0,
          0.0,
          1.0
        ]
      ]
    },
    {
      "file_path": "/media/NFS/ttao/scannet/posed_images/scene0598_00/00168.jpg",
      "transform_matrix": [
        [
          0.659899,
          -0.300986,
          0.688434,
          4.100472
        ],
        [
          -0.748918,
          -0.189762,
          0.634911,
          4.017582
        ],
        [
          -0.060461,
          -0.934558,
          -0.350637,
          1.348167
        ],
        [
          0.0,
          0.0,
          0.0,
          1.0
        ]
      ]
    },
    {
      "file_path": "/media/NFS/ttao/scannet/posed_images/scene0598_00/00169.jpg",
      "transform_matrix": [
        [
          0.65967,
          -0.295956,
          0.69083,
          4.103114
        ],
        [
          -0.749394,
          -0.189364,
          0.634468,
          4.025205
        ],
        [
          -0.056956,
          -0.936243,
          -0.346705,
          1.34825
        ],
        [
          0.0,
          0.0,
          0.0,
          1.0
        ]
      ]
    },
    {
      "file_path": "/media/NFS/ttao/scannet/posed_images/scene0598_00/00175.jpg",
      "transform_matrix": [
        [
          0.676029,
          -0.259573,
          0.689642,
          4.136263
        ],
        [
          -0.735517,
          -0.180911,
          0.652906,
          4.061024
        ],
        [
          -0.044713,
          -0.948627,
          -0.313221,
          1.349925
        ],
        [
          0.0,
          0.0,
          0.0,
          1.0
        ]
      ]
    },
    {
      "file_path": "/media/NFS/ttao/scannet/posed_images/scene0598_00/00178.jpg",
      "transform_matrix": [
        [
          0.685455,
          -0.245926,
          0.685326,
          4.161182
        ],
        [
          -0.727251,
          -0.185426,
          0.66085,
          4.077756
        ],
        [
          -0.035443,
          -0.951387,
          -0.305951,
          1.358445
        ],
        [
          0.0,
          0.0,
          0.0,
          1.0
        ]
      ]
    },
    {
      "file_path": "/media/NFS/ttao/scannet/posed_images/scene0598_00/00179.jpg",
      "transform_matrix": [
        [
          0.687046,
          -0.24273,
          0.684872,
          4.171055
        ],
        [
          -0.725717,
          -0.182402,
          0.663374,
          4.083063
        ],
        [
          -0.036099,
          -0.952792,
          -0.301471,
          1.363513
        ],
        [
          0.0,
          0.0,
          0.0,
          1.0
        ]
      ]
    },
    {
      "file_path": "/media/NFS/ttao/scannet/posed_images/scene0598_00/00185.jpg",
      "transform_matrix": [
        [
          0.7088,
          -0.20551,
          0.674809,
          4.214694
        ],
        [
          -0.703797,
          -0.141382,
          0.696191,
          4.102758
        ],
        [
          -0.047668,
          -0.968389,
          -0.244849,
          1.378001
        ],
        [
          0.0,
          0.0,
          0.0,
          1.0
        ]
      ]
    },
    {
      "file_path": "/media/NFS/ttao/scannet/posed_images/scene0598_00/00188.jpg",
      "transform_matrix": [
        [
          0.7116,
          -0.201758,
          0.672993,
          4.218155
        ],
        [
          -0.701158,
          -0.142923,
          0.698534,
          4.115438
        ],
        [
          -0.044749,
          -0.968951,
          -0.243168,
          1.381506
        ],
        [
          0.0,
          0.0,
          0.0,
          1.0
        ]
      ]
    },
    {
      "file_path": "/media/NFS/ttao/scannet/posed_images/scene0598_00/00189.jpg",
      "transform_matrix": [
        [
          0.705045,
          -0.20028,
          0.680293,
          4.205581
        ],
        [
          -0.708033,
          -0.144698,
          0.691195,
          4.138519
        ],
        [
          -0.039995,
          -0.968995,
          -0.243824,
          1.389117
        ],
        [
          0.0,
          0.0,
          0.0,
          1.0
        ]
      ]
    },
    {
      "file_path": "/media/NFS/ttao/scannet/posed_images/scene0598_00/00195.jpg",
      "transform_matrix": [
        [
          0.674543,
          -0.173029,
          0.717672,
          4.192846
        ],
        [
          -0.737048,
          -0.102714,
          0.66799,
          4.161662
        ],
        [
          -0.041867,
          -0.979546,
          -0.196815,
          1.400965
        ],
        [
          0.0,
          0.0,
          0.0,
          1.0
        ]
      ]
    },
    {
      "file_path": "/media/NFS/ttao/scannet/posed_images/scene0598_00/00197.jpg",
      "transform_matrix": [
        [
          0.660897,
          -0.18239,
          0.727976,
          4.190077
        ],
        [
          -0.749294,
          -0.105914,
          0.653714,
          4.170567
        ],
        [
          -0.042129,
          -0.977505,
          -0.206662,
          1.410617
        ],
        [
          0.0,
          0.0,
          0.0,
          1.0
        ]
      ]
    },
    {
      "file_path": "/media/NFS/ttao/scannet/posed_images/scene0598_00/00200.jpg",
      "transform_matrix": [
        [
          0.641187,
          -0.173014,
          0.747626,
          4.179704
        ],
        [
          -0.765858,
          -0.082857,
          0.637649,
          4.181133
        ],
        [
          -0.048377,
          -0.981428,
          -0.185631,
          1.417286
        ],
        [
          0.0,
          0.0,
          0.0,
          1.0
        ]
      ]
    },
    {
      "file_path": "/media/NFS/ttao/scannet/posed_images/scene0598_00/00205.jpg",
      "transform_matrix": [
        [
          0.613511,
          -0.164399,
          0.772384,
          4.161847
        ],
        [
          -0.787754,
          -0.05904,
          0.613153,
          4.193004
        ],
        [
          -0.0552,
          -0.984626,
          -0.165728,
          1.41942
        ],
        [
          0.0,
          0.0,
          0.0,
          1.0
        ]
      ]
    },
    {
      "file_path": "/media/NFS/ttao/scannet/posed_images/scene0598_00/00208.jpg",
      "transform_matrix": [
        [
          0.588453,
          -0.168881,
          0.790697,
          4.143556
        ],
        [
          -0.806761,
          -0.057961,
          0.588029,
          4.21232
        ],
        [
          -0.053478,
          -0.983931,
          -0.170354,
          1.422467
        ],
        [
          0.0,
          0.0,
          0.0,
          1.0
        ]
      ]
    },
    {
      "file_path": "/media/NFS/ttao/scannet/posed_images/scene0598_00/00210.jpg",
      "transform_matrix": [
        [
          0.573409,
          -0.171432,
          0.801132,
          4.134631
        ],
        [
          -0.81753,
          -0.056052,
          0.573151,
          4.219641
        ],
        [
          -0.053352,
          -0.9836,
          -0.172291,
          1.423202
        ],
        [
          0.0,
          0.0,
          0.0,
          1.0
        ]
      ]
    },
    {
      "file_path": "/media/NFS/ttao/scannet/posed_images/scene0598_00/00215.jpg",
      "transform_matrix": [
        [
          0.535629,
          -0.171658,
          0.826822,
          4.116639
        ],
        [
          -0.842234,
          -0.037654,
          0.537796,
          4.228522
        ],
        [
          -0.061184,
          -0.984437,
          -0.164744,
          1.425305
        ],
        [
          0.0,
          0.0,
          0.0,
          1.0
        ]
      ]
    },
    {
      "file_path": "/media/NFS/ttao/scannet/posed_images/scene0598_00/00216.jpg",
      "transform_matrix": [
        [
          0.528399,
          -0.172961,
          0.831191,
          4.108423
        ],
        [
          -0.846655,
          -0.034695,
          0.53101,
          4.233438
        ],
        [
          -0.063006,
          -0.984317,
          -0.164772,
          1.424227
        ],
        [
          0.0,
          0.0,
          0.0,
          1.0
        ]
      ]
    },
    {
      "file_path": "/media/NFS/ttao/scannet/posed_images/scene0598_00/00219.jpg",
      "transform_matrix": [
        [
          0.513405,
          -0.181116,
          0.838816,
          4.094683
        ],
        [
          -0.855142,
          -0.026256,
          0.517729,
          4.238256
        ],
        [
          -0.071745,
          -0.983111,
          -0.16836,
          1.419603
        ],
        [
          0.0,
          0.0,
          0.0,
          1.0
        ]
      ]
    },
    {
      "file_path": "/media/NFS/ttao/scannet/posed_images/scene0598_00/00223.jpg",
      "transform_matrix": [
        [
          0.493455,
          -0.194814,
          0.847673,
          4.072473
        ],
        [
          -0.866901,
          -0.031049,
          0.497513,
          4.247871
        ],
        [
          -0.070603,
          -0.980349,
          -0.184206,
          1.404846
        ],
        [
          0.0,
          0.0,
          0.0,
          1.0
        ]
      ]
    },
    {
      "file_path": "/media/NFS/ttao/scannet/posed_images/scene0598_00/00226.jpg",
      "transform_matrix": [
        [
          0.468531,
          -0.2205,
          0.855487,
          4.055868
        ],
        [
          -0.880641,
          -0.039459,
          0.472137,
          4.263337
        ],
        [
          -0.07035,
          -0.974589,
          -0.212669,
          1.404374
        ],
        [
          0.0,
          0.0,
          0.0,
          1.0
        ]
      ]
    },
    {
      "file_path": "/media/NFS/ttao/scannet/posed_images/scene0598_00/00232.jpg",
      "transform_matrix": [
        [
          0.400699,
          -0.240018,
          0.884213,
          4.012795
        ],
        [
          -0.914693,
          -0.049296,
          0.40113,
          4.280182
        ],
        [
          -0.052691,
          -0.969516,
          -0.239296,
          1.394225
        ],
        [
          0.0,
          0.0,
          0.0,
          1.0
        ]
      ]
    },
    {
      "file_path": "/media/NFS/ttao/scannet/posed_images/scene0598_00/00235.jpg",
      "transform_matrix": [
        [
          0.366346,
          -0.238975,
          0.899267,
          3.9962
        ],
        [
          -0.929548,
          -0.050784,
          0.365186,
          4.274969
        ],
        [
          -0.041602,
          -0.969697,
          -0.240743,
          1.394078
        ],
        [
          0.0,
          0.0,
          0.0,
          1.0
        ]
      ]
    },
    {
      "file_path": "/media/NFS/ttao/scannet/posed_images/scene0598_00/00238.jpg",
      "transform_matrix": [
        [
          0.344124,
          -0.235604,
          0.908884,
          3.967215
        ],
        [
          -0.937967,
          -0.042558,
          0.344103,
          4.278166
        ],
        [
          -0.042392,
          -0.970917,
          -0.235634,
          1.395978
        ],
        [
          0.0,
          0.0,
          0.0,
          1.0
        ]
      ]
    },
    {
      "file_path": "/media/NFS/ttao/scannet/posed_images/scene0598_00/00239.jpg",
      "transform_matrix": [
        [
          0.340242,
          -0.237285,
          0.909907,
          3.959972
        ],
        [
          -0.939202,
          -0.038205,
          0.341233,
          4.274172
        ],
        [
          -0.046206,
          -0.970689,
          -0.235858,
          1.39671
        ],
        [
          0.0,
          0.0,
          0.0,
          1.0
        ]
      ]
    },
    {
      "file_path": "/media/NFS/ttao/scannet/posed_images/scene0598_00/00243.jpg",
      "transform_matrix": [
        [
          0.323838,
          -0.242233,
          0.914578,
          3.944404
        ],
        [
          -0.944844,
          -0.03277,
          0.325876,
          4.24755
        ],
        [
          -0.048968,
          -0.969664,
          -0.239485,
          1.394416
        ],
        [
          0.0,
          0.0,
          0.0,
          1.0
        ]
      ]
    },
    {
      "file_path": "/media/NFS/ttao/scannet/posed_images/scene0598_00/00247.jpg",
      "transform_matrix": [
        [
          0.280407,
          -0.256304,
          0.92503,
          3.904421
        ],
        [
          -0.959107,
          -0.036108,
          0.280732,
          4.25194
        ],
        [
          -0.038552,
          -0.965922,
          -0.255948,
          1.400069
        ],
        [
          0.0,
          0.0,
          0.0,
          1.0
        ]
      ]
    },
    {
      "file_path": "/media/NFS/ttao/scannet/posed_images/scene0598_00/00249.jpg",
      "transform_matrix": [
        [
          0.263002,
          -0.255946,
          0.930227,
          3.892202
        ],
        [
          -0.963946,
          -0.029257,
          0.264485,
          4.235596
        ],
        [
          -0.040479,
          -0.966248,
          -0.254413,
          1.395683
        ],
        [
          0.0,
          0.0,
          0.0,
          1.0
        ]
      ]
    },
    {
      "file_path": "/media/NFS/ttao/scannet/posed_images/scene0598_00/00255.jpg",
      "transform_matrix": [
        [
          0.2078,
          -0.271839,
          0.93964,
          3.870024
        ],
        [
          -0.97796,
          -0.037748,
          0.205354,
          4.2034
        ],
        [
          -0.020354,
          -0.961602,
          -0.273692,
          1.396796
        ],
        [
          0.0,
          0.0,
          0.0,
          1.0
        ]
      ]
    },
    {
      "file_path": "/media/NFS/ttao/scannet/posed_images/scene0598_00/00256.jpg",
      "transform_matrix": [
        [
          0.195511,
          -0.274119,
          0.941612,
          3.86814
        ],
        [
          -0.980575,
          -0.039224,
          0.192182,
          4.200318
        ],
        [
          -0.015747,
          -0.960896,
          -0.276464,
