{
  "frames": [
    {
      "file_path": "/media/NFS/ttao/scannet/posed_images/scene0068_00/00002.jpg",
      "transform_matrix": [
        [
          0.976477,
          0.035047,
          -0.212752,
          2.836339
        ],
        [
          0.213359,
          -0.299571,
          0.929912,
          1.415174
        ],
        [
          -0.031143,
          -0.95343,
          -0.300002,
          1.663386
        ],
        [
          0.0,
          0.0,
          0.0,
          1.0
        ]
      ]
    },
    {
      "file_path": "/media/NFS/ttao/scannet/posed_images/scene0068_00/00003.jpg",
      "transform_matrix": [
        [
          0.976528,
          0.035613,
          -0.212425,
          2.836028
        ],
        [
          0.213211,
          -0.299739,
          0.929891,
          1.415543
        ],
        [
          -0.030556,
          -0.953356,
          -0.300296,
          1.663749
        ],
        [
          0.0,
          0.0,
          0.0,
          1.0
        ]
      ]
    },
    {
      "file_path": "/media/NFS/ttao/scannet/posed_images/scene0068_00/00009.jpg",
      "transform_matrix": [
        [
          0.977071,
          0.035817,
          -0.209879,
          2.830656
        ],
        [
          0.210869,
          -0.299025,
          0.930655,
          1.415531
        ],
        [
          -0.029426,
          -0.953573,
          -0.299721,
          1.663803
        ],
        [
          0.0,
          0.0,
          0.0,
          1.0
        ]
      ]
    },
    {
      "file_path": "/media/NFS/ttao/scannet/posed_images/scene0068_00/00010.jpg",
      "transform_matrix": [
        [
          0.977232,
          0.030904,
          -0.209913,
          2.830315
        ],
        [
          0.209523,
          -0.296506,
          0.931764,
          1.415105
        ],
        [
          -0.033445,
          -0.954531,
          -0.29623,
          1.662147
        ],
        [
          0.0,
          0.0,
          0.0,
          1.0
        ]
      ]
    },
    {
      "file_path": "/media/NFS/ttao/scannet/posed_images/scene0068_00/00014.jpg",
      "transform_matrix": [
        [
          0.977883,
          0.032705,
          -0.20658,
          2.826827
        ],
        [
          0.207013,
          -0.29228,
          0.933659,
          1.416452
        ],
        [
          -0.029844,
          -0.955773,
          -0.292586,
          1.666385
        ],
        [
          0.0,
          0.0,
          0.0,
          1.0
        ]
      ]
    },
    {
      "file_path": "/media/NFS/ttao/scannet/posed_images/scene0068_00/00018.jpg",
      "transform_matrix": [
        [
          0.979047,
          0.026891,
          -0.201851,
          2.821169
        ],
        [
          0.201314,
          -0.277014,
          0.93954,
          1.419776
        ],
        [
          -0.03065,
          -0.960489,
          -0.276623,
          1.67319
        ],
        [
          0.0,
          0.0,
          0.0,
          1.0
        ]
      ]
    },
    {
      "file_path": "/media/NFS/ttao/scannet/posed_images/scene0068_00/00024.jpg",
      "transform_matrix": [
        [
          0.980721,
          0.024118,
          -0.193918,
          2.809879
        ],
        [
          0.194289,
          -0.22655,
          0.954425,
          1.435957
        ],
        [
          -0.020913,
          -0.973701,
          -0.226868,
          1.685938
        ],
        [
          0.0,
          0.0,
          0.0,
          1.0
        ]
      ]
    },
    {
      "file_path": "/media/NFS/ttao/scannet/posed_images/scene0068_00/00026.jpg",
      "transform_matrix": [
        [
          0.981126,
          0.016727,
          -0.192644,
          2.805227
        ],
        [
          0.192032,
          -0.201223,
          0.960538,
          1.444991
        ],
        [
          -0.022698,
          -0.979402,
          -0.200638,
          1.694608
        ],
        [
          0.0,
          0.0,
          0.0,
          1.0
        ]
      ]
    },
    {
      "file_path": "/media/NFS/ttao/scannet/posed_images/scene0068_00/00031.jpg",
      "transform_matrix": [
        [
          0.98113,
          -0.011741,
          -0.192991,
          2.797773
        ],
        [
          0.189489,
          -0.140037,
          0.971846,
          1.4721
        ],
        [
          -0.038436,
          -0.990077,
          -0.13517,
          1.715652
        ],
        [
          0.0,
          0.0,
          0.0,
          1.0
        ]
      ]
    },
    {
      "file_path": "/media/NFS/ttao/scannet/posed_images/scene0068_00/00032.jpg",
      "transform_matrix": [
        [
          0.981237,
          -0.01518,
          -0.19221,
          2.796386
        ],
        [
          0.188568,
          -0.132373,
          0.973098,
          1.479363
        ],
        [
          -0.040215,
          -0.991084,
          -0.127026,
          1.720966
        ],
        [
          0.0,
          0.0,
          0.0,
          1.0
        ]
      ]
    },
    {
      "file_path": "/media/NFS/ttao/scannet/posed_images/scene0068_00/00039.jpg",
      "transform_matrix": [
        [
          0.985834,
          -0.038855,
          -0.163162,
          2.785156
        ],
        [
          0.161444,
          -0.043894,
          0.985906,
          1.530738
        ],
        [
          -0.045469,
          -0.99828,
          -0.036999,
          1.760116
        ],
        [
          0.0,
          0.0,
          0.0,
          1.0
        ]
      ]
    },
    {
      "file_path": "/media/NFS/ttao/scannet/posed_images/scene0068_00/00041.jpg",
      "transform_matrix": [
        [
          0.986865,
          -0.047415,
          -0.154434,
          2.781923
        ],
        [
          0.153821,
          -0.016335,
          0.987964,
          1.543558
        ],
        [
          -0.049367,
          -0.998742,
          -0.008827,
          1.773546
        ],
        [
          0.0,
          0.0,
          0.0,
          1.0
        ]
      ]
    },
    {
      "file_path": "/media/NFS/ttao/scannet/posed_images/scene0068_00/00043.jpg",
      "transform_matrix": [
        [
          0.987192,
          -0.048312,
          -0.152043,
          2.778601
        ],
        [
          0.152276,
          0.001155,
          0.988337,
          1.55593
        ],
        [
          -0.047573,
          -0.998832,
          0.008497,
          1.782138
        ],
        [
          0.0,
          0.0,
          0.0,
          1.0
        ]
      ]
    },
    {
      "file_path": "/media/NFS/ttao/scannet/posed_images/scene0068_00/00048.jpg",
      "transform_matrix": [
        [
          0.991401,
          -0.04095,
          -0.124287,
          2.773152
        ],
        [
          0.125586,
          0.030825,
          0.991604,
          1.585406
        ],
        [
          -0.036775,
          -0.998685,
          0.035702,
          1.800569
        ],
        [
          0.0,
          0.0,
          0.0,
          1.0
        ]
      ]
    },
    {
      "file_path": "/media/NFS/ttao/scannet/posed_images/scene0068_00/00052.jpg",
      "transform_matrix": [
        [
          0.995686,
          -0.040958,
          -0.083265,
          2.762087
        ],
        [
          0.085408,
          0.053701,
          0.994898,
          1.605573
        ],
        [
          -0.036278,
          -0.997717,
          0.056967,
          1.811989
        ],
        [
          0.0,
          0.0,
          0.0,
          1.0
        ]
      ]
    },
    {
      "file_path": "/media/NFS/ttao/scannet/posed_images/scene0068_00/00058.jpg",
      "transform_matrix": [
        [
          0.999033,
          -0.035609,
          -0.025788,
          2.730186
        ],
        [
          0.030022,
          0.124009,
          0.991827,
          1.628747
        ],
        [
          -0.03212,
          -0.991642,
          0.124958,
          1.83787
        ],
        [
          0.0,
          0.0,
          0.0,
          1.0
        ]
      ]
    },
    {
      "file_path": "/media/NFS/ttao/scannet/posed_images/scene0068_00/00061.jpg",
      "transform_matrix": [
        [
          0.999649,
          -0.026437,
          0.001865,
          2.701281
        ],
        [
          0.00206,
          0.147664,
          0.989036,
          1.643298
        ],
        [
          -0.026422,
          -0.988684,
          0.147666,
          1.846673
        ],
        [
          0.0,
          0.0,
          0.0,
          1.0
        ]
      ]
    },
    {
      "file_path": "/media/NFS/ttao/scannet/posed_images/scene0068_00/00063.jpg",
      "transform_matrix": [
        [
          0.999527,
          -0.015468,
          0.02658,
          2.679957
        ],
        [
          -0.023852,
          0.155651,
          0.987524,
          1.653748
        ],
        [
          -0.019412,
          -0.987691,
          0.155208,
          1.850421
        ],
        [
          0.0,
          0.0,
          0.0,
          1.0
        ]
      ]
    },
    {
      "file_path": "/media/NFS/ttao/scannet/posed_images/scene0068_00/00068.jpg",
      "transform_matrix": [
        [
          0.994674,
          -0.014331,
          0.102072,
          2.626376
        ],
        [
          -0.098112,
          0.171894,
          0.980218,
          1.678069
        ],
        [
          -0.031593,
          -0.985011,
          0.169572,
          1.86058
        ],
        [
          0.0,
          0.0,
          0.0,
          1.0
        ]
      ]
    },
    {
      "file_path": "/media/NFS/ttao/scannet/posed_images/scene0068_00/00070.jpg",
      "transform_matrix": [
        [
          0.990125,
          -0.009343,
          0.139876,
          2.607794
        ],
        [
          -0.136423,
          0.165461,
          0.976735,
          1.689306
        ],
        [
          -0.03227,
          -0.986172,
          0.162553,
          1.85831
        ],
        [
          0.0,
          0.0,
          0.0,
          1.0
        ]
      ]
    },
    {
      "file_path": "/media/NFS/ttao/scannet/posed_images/scene0068_00/00073.jpg",
      "transform_matrix": [
        [
          0.982299,
          -0.006845,
          0.187196,
          2.582158
        ],
        [
          -0.184182,
          0.146895,
          0.971853,
          1.704259
        ],
        [
          -0.034151,
          -0.989128,
          0.143034,
          1.842467
        ],
        [
          0.0,
          0.0,
          0.0,
          1.0
        ]
      ]
    },
    {
      "file_path": "/media/NFS/ttao/scannet/posed_images/scene0068_00/00079.jpg",
      "transform_matrix": [
        [
          0.973156,
          -0.00505,
          0.230092,
          2.524683
        ],
        [
          -0.229696,
          0.041297,
          0.972386,
          1.735661
        ],
        [
          -0.014413,
          -0.999134,
          0.039029,
          1.795238
        ],
        [
          0.0,
          0.0,
          0.0,
          1.0
        ]
      ]
    },
    {
      "file_path": "/media/NFS/ttao/scannet/posed_images/scene0068_00/00081.jpg",
      "transform_matrix": [
        [
          0.96862,
          -0.025076,
          0.24728,
          2.499395
        ],
        [
          -0.248134,
          -0.040187,
          0.967892,
          1.747728
        ],
        [
          -0.014333,
          -0.998877,
          -0.045148,
          1.783418
        ],
        [
          0.0,
          0.0,
          0.0,
          1.0
        ]
      ]
    },
    {
      "file_path": "/media/NFS/ttao/scannet/posed_images/scene0068_00/00087.jpg",
      "transform_matrix": [
        [
          0.964101,
          -0.030565,
          0.263772,
          2.468622
        ],
        [
          -0.265364,
          -0.146756,
          0.952914,
          1.76853
        ],
        [
          0.009585,
          -0.9887,
          -0.149598,
          1.733373
        ],
        [
          0.0,
          0.0,
          0.0,
          1.0
        ]
      ]
    },
    {
      "file_path": "/media/NFS/ttao/scannet/posed_images/scene0068_00/00091.jpg",
      "transform_matrix": [
        [
          0.958524,
          -0.038887,
          0.282346,
          2.461881
        ],
        [
          -0.283894,
          -0.217914,
          0.933766,
          1.777731
        ],
        [
          0.025216,
          -0.975193,
          -0.219915,
          1.709655
        ],
        [
          0.0,
          0.0,
          0.0,
          1.0
        ]
      ]
    },
    {
      "file_path": "/media/NFS/ttao/scannet/posed_images/scene0068_00/00095.jpg",
      "transform_matrix": [
        [
          0.954303,
          -0.037338,
          0.2965,
          2.453255
        ],
        [
          -0.295182,
          -0.272581,
          0.915733,
          1.780076
        ],
        [
          0.046629,
          -0.961408,
          -0.271146,
          1.677996
        ],
        [
          0.0,
          0.0,
          0.0,
          1.0
        ]
      ]
    },
    {
      "file_path": "/media/NFS/ttao/scannet/posed_images/scene0068_00/00098.jpg",
      "transform_matrix": [
        [
          0.952464,
          -0.055552,
          0.299545,
          2.447978
        ],
        [
          -0.30161,
          -0.310547,
          0.901439,
          1.781058
        ],
        [
          0.042946,
          -0.948933,
          -0.31254,
          1.659432
        ],
        [
          0.0,
          0.0,
          0.0,
          1.0
        ]
      ]
    },
    {
      "file_path": "/media/NFS/ttao/scannet/posed_images/scene0068_00/00102.jpg",
      "transform_matrix": [
        [
          0.951953,
          -0.068427,
          0.298502,
          2.434276
        ],
        [
          -0.302021,
          -0.37109,
          0.878109,
          1.79108
        ],
        [
          0.050685,
          -0.926072,
          -0.373926,
          1.651911
        ],
        [
          0.0,
          0.0,
          0.0,
          1.0
        ]
      ]
    },
    {
      "file_path": "/media/NFS/ttao/scannet/posed_images/scene0068_00/00105.jpg",
      "transform_matrix": [
        [
          0.952771,
          -0.077054,
          0.293751,
          2.429231
        ],
        [
          -0.299306,
          -0.402001,
          0.865339,
          1.80114
        ],
        [
          0.051411,
          -0.912391,
          -0.406077,
          1.632623
        ],
        [
          0.0,
          0.0,
          0.0,
          1.0
        ]
      ]
    },
    {
      "file_path": "/media/NFS/ttao/scannet/posed_images/scene0068_00/00108.jpg",
      "transform_matrix": [
        [
          0.953986,
          -0.080267,
          0.288907,
          2.427525
        ],
        [
          -0.294149,
          -0.437508,
          0.849743,
          1.818286
        ],
        [
          0.058193,
          -0.895625,
          -0.440987,
          1.608786
        ],
        [
          0.0,
          0.0,
          0.0,
          1.0
        ]
      ]
    },
    {
      "file_path": "/media/NFS/ttao/scannet/posed_images/scene0068_00/00111.jpg",
      "transform_matrix": [
        [
          0.954292,
          -0.086818,
          0.285987,
          2.423059
        ],
        [
          -0.292307,
          -0.470607,
          0.832518,
          1.840561
        ],
        [
          0.06231,
          -0.878061,
          -0.474474,
          1.580333
        ],
        [
          0.0,
          0.0,
          0.0,
          1.0
        ]
      ]
    },
    {
      "file_path": "/media/NFS/ttao/scannet/posed_images/scene0068_00/00117.jpg",
      "transform_matrix": [
        [
          0.958269,
          -0.076895,
          0.27533,
          2.428673
        ],
        [
          -0.273549,
          -0.526336,
          0.805072,
          1.881218
        ],
        [
          0.083011,
          -0.846793,
          -0.525406,
          1.533148
        ],
        [
          0.0,
          0.0,
          0.0,
          1.0
        ]
      ]
    },
    {
      "file_path": "/media/NFS/ttao/scannet/posed_images/scene0068_00/00118.jpg",
      "transform_matrix": [
        [
          0.9585,
          -0.073752,
          0.275388,
          2.429338
        ],
        [
          -0.271559,
          -0.53027,
          0.803162,
          1.88638
        ],
        [
          0.086795,
          -0.844615,
          -0.528291,
          1.526607
        ],
        [
          0.0,
          0.0,
          0.0,
          1.0
        ]
      ]
    },
    {
      "file_path": "/media/NFS/ttao/scannet/posed_images/scene0068_00/00125.jpg",
      "transform_matrix": [
        [
          0.967775,
          -0.075028,
          0.24038,
          2.449257
        ],
        [
          -0.237962,
          -0.584751,
          0.775526,
          1.9087
        ],
        [
          0.082376,
          -0.807736,
          -0.583761,
          1.483037
        ],
        [
          0.0,
          0.0,
          0.0,
          1.0
        ]
      ]
    },
    {
      "file_path": "/media/NFS/ttao/scannet/posed_images/scene0068_00/00126.jpg",
      "transform_matrix": [
        [
          0.968684,
          -0.072691,
          0.237417,
          2.452653
        ],
        [
          -0.232939,
          -0.597115,
          0.76759,
          1.911167
        ],
        [
          0.085968,
          -0.798855,
          -0.595348,
          1.478717
        ],
        [
          0.0,
          0.0,
          0.0,
          1.0
        ]
      ]
    },
    {
      "file_path": "/media/NFS/ttao/scannet/posed_images/scene0068_00/00129.jpg",
      "transform_matrix": [
        [
          0.972611,
          -0.072795,
          0.220746,
          2.465663
        ],
        [
          -0.215897,
          -0.634795,
          0.741906,
          1.912983
        ],
        [
          0.086121,
          -0.769244,
          -0.633124,
          1.462053
        ],
        [
          0.0,
          0.0,
          0.0,
          1.0
        ]
      ]
    },
    {
      "file_path": "/media/NFS/ttao/scannet/posed_images/scene0068_00/00132.jpg",
      "transform_matrix": [
        [
          0.978675,
          -0.083998,
          0.187454,
          2.486496
        ],
        [
          -0.195024,
          -0.666513,
          0.719532,
          1.905128
        ],
        [
          0.064502,
          -0.740746,
          -0.668682,
          1.440235
        ],
        [
          0.0,
          0.0,
          0.0,
          1.0
        ]
      ]
    },
    {
      "file_path": "/media/NFS/ttao/scannet/posed_images/scene0068_00/00139.jpg",
      "transform_matrix": [
        [
          0.992247,
          -0.051768,
          0.112989,
          2.54283
        ],
        [
          -0.114689,
          -0.731657,
          0.671956,
          1.880162
        ],
        [
          0.047884,
          -0.679704,
          -0.731921,
          1.403147
        ],
        [
          0.0,
          0.0,
          0.0,
          1.0
        ]
      ]
    },
    {
      "file_path": "/media/NFS/ttao/scannet/posed_images/scene0068_00/00140.jpg",
      "transform_matrix": [
        [
          0.993895,
          -0.0393,
          0.103092,
          2.554184
        ],
        [
          -0.098367,
          -0.738805,
          0.666702,
          1.873318
        ],
        [
          0.049964,
          -0.672773,
          -0.73816,
          1.394619
        ],
        [
          0.0,
          0.0,
          0.0,
          1.0
        ]
      ]
    },
    {
      "file_path": "/media/NFS/ttao/scannet/posed_images/scene0068_00/00146.jpg",
      "transform_matrix": [
        [
          0.998687,
          0.032149,
          0.039882,
          2.611823
        ],
        [
          -0.000278,
          -0.775126,
          0.631806,
          1.836102
        ],
        [
          0.051226,
          -0.630988,
          -0.7741,
          1.368132
        ],
        [
          0.0,
          0.0,
          0.0,
          1.0
        ]
      ]
    },
    {
      "file_path": "/media/NFS/ttao/scannet/posed_images/scene0068_00/00150.jpg",
      "transform_matrix": [
        [
          0.996724,
          0.079256,
          0.0161,
          2.651084
        ],
        [
          0.051989,
          -0.780393,
          0.623124,
          1.811157
        ],
        [
          0.061951,
          -0.620246,
          -0.781957,
          1.352776
        ],
        [
          0.0,
          0.0,
          0.0,
          1.0
        ]
      ]
    },
    {
      "file_path": "/media/NFS/ttao/scannet/posed_images/scene0068_00/00153.jpg",
      "transform_matrix": [
        [
          0.995076,
          0.099059,
          0.003437,
          2.678425
        ],
        [
          0.075133,
          -0.776444,
          0.625691,
          1.796891
        ],
        [
          0.06465,
          -0.622351,
          -0.780063,
          1.349567
        ],
        [
          0.0,
          0.0,
          0.0,
          1.0
        ]
      ]
    },
    {
      "file_path": "/media/NFS/ttao/scannet/posed_images/scene0068_00/00158.jpg",
      "transform_matrix": [
        [
          0.995133,
          0.098537,
          0.00028,
          2.72727
        ],
        [
          0.075233,
          -0.761608,
          0.643656,
          1.788916
        ],
        [
          0.063637,
          -0.640503,
          -0.765315,
          1.353493
        ],
        [
          0.0,
          0.0,
          0.0,
          1.0
        ]
      ]
    },
    {
      "file_path": "/media/NFS/ttao/scannet/posed_images/scene0068_00/00159.jpg",
      "transform_matrix": [
        [
          0.995664,
          0.092997,
          0.002257,
          2.735884
        ],
        [
          0.069291,
          -0.757605,
          0.649025,
          1.78953
        ],
        [
          0.062067,
          -0.646054,
          -0.760764,
          1.354838
        ],
        [
          0.0,
          0.0,
          0.0,
          1.0
        ]
      ]
    },
    {
      "file_path": "/media/NFS/ttao/scannet/posed_images/scene0068_00/00162.jpg",
      "transform_matrix": [
        [
          0.996987,
          0.077021,
          0.009267,
          2.760093
        ],
        [
          0.052494,
          -0.757748,
          0.650432,
          1.801789
        ],
        [
          0.057119,
          -0.647986,
          -0.759508,
          1.361128
        ],
        [
          0.0,
          0.0,
          0.0,
          1.0
        ]
      ]
    },
    {
      "file_path": "/media/NFS/ttao/scannet/posed_images/scene0068_00/00168.jpg",
      "transform_matrix": [
        [
          0.997776,
          0.062043,
          0.024378,
          2.804246
        ],
        [
          0.031314,
          -0.759082,
          0.650241,
          1.829452
        ],
        [
          0.058848,
          -0.648031,
          -0.759336,
          1.360242
        ],
        [
          0.0,
          0.0,
          0.0,
          1.0
        ]
      ]
    },
    {
      "file_path": "/media/NFS/ttao/scannet/posed_images/scene0068_00/00170.jpg",
      "transform_matrix": [
        [
          0.997741,
          0.059478,
          0.031234,
          2.813906
        ],
        [
          0.025234,
          -0.762681,
          0.646283,
          1.839536
        ],
        [
          0.062261,
          -0.644035,
          -0.762458,
          1.354016
        ],
        [
          0.0,
          0.0,
          0.0,
          1.0
        ]
      ]
    },
    {
      "file_path": "/media/NFS/ttao/scannet/posed_images/scene0068_00/00176.jpg",
      "transform_matrix": [
        [
          0.997778,
          0.036628,
          0.055649,
          2.868846
        ],
        [
          -0.004755,
          -0.794019,
          0.607875,
          1.891778
        ],
        [
          0.066451,
          -0.606789,
          -0.79208,
          1.334434
        ],
        [
          0.0,
          0.0,
          0.0,
          1.0
        ]
      ]
    },
    {
      "file_path": "/media/NFS/ttao/scannet/posed_images/scene0068_00/00179.jpg",
      "transform_matrix": [
        [
          0.997403,
          0.019521,
          0.069328,
          2.894929
        ],
        [
          -0.025896,
          -0.801009,
          0.598092,
          1.914462
        ],
        [
          0.067208,
          -0.598334,
          -0.798423,
          1.32873
        ],
        [
          0.0,
          0.0,
          0.0,
          1.0
        ]
      ]
    },
    {
      "file_path": "/media/NFS/ttao/scannet/posed_images/scene0068_00/00183.jpg",
      "transform_matrix": [
        [
          0.996908,
          -0.013594,
          0.077397,
          2.917288
        ],
        [
          -0.055408,
          -0.820018,
          0.569649,
          1.946901
        ],
        [
          0.055724,
          -0.572176,
          -0.818236,
          1.32112
        ],
        [
          0.0,
          0.0,
          0.0,
          1.0
        ]
      ]
    },
    {
      "file_path": "/media/NFS/ttao/scannet/posed_images/scene0068_00/00185.jpg",
      "transform_matrix": [
        [
          0.996919,
          -0.020222,
          0.075788,
          2.932303
        ],
        [
          -0.059412,
          -0.825516,
          0.561242,
          1.960608
        ],
        [
          0.051215,
          -0.564015,
          -0.824174,
          1.317182
        ],
        [
          0.0,
          0.0,
          0.0,
          1.0
        ]
      ]
    },
    {
      "file_path": "/media/NFS/ttao/scannet/posed_images/scene0068_00/00190.jpg",
      "transform_matrix": [
        [
          0.998046,
          -0.012601,
          0.061194,
          2.969792
        ],
        [
          -0.044083,
          -0.836104,
          0.546797,
          1.994983
        ],
        [
          0.044274,
          -0.548427,
          -0.835025,
          1.305186
        ],
        [
          0.0,
          0.0,
          0.0,
          1.0
        ]
      ]
    },
    {
      "file_path": "/media/NFS/ttao/scannet/posed_images/scene0068_00/00195.jpg",
      "transform_matrix": [
        [
          0.999456,
          0.023355,
          0.023296,
          3.018931
        ],
        [
          0.007123,
          -0.842343,
          0.538895,
          2.031059
        ],
        [
          0.032209,
          -0.538436,
          -0.84205,
          1.294911
        ],
        [
          0.0,
          0.0,
          0.0,
          1.0
        ]
      ]
    },
    {
      "file_path": "/media/NFS/ttao/scannet/posed_images/scene0068_00/00197.jpg",
      "transform_matrix": [
        [
          0.999072,
          0.042334,
          0.007971,
          3.042266
        ],
        [
          0.031189,
          -0.838488,
          0.544026,
          2.043548
        ],
        [
          0.029714,
          -0.543273,
          -0.83903,
          1.29168
        ],
        [
          0.0,
          0.0,
          0.0,
          1.0
        ]
      ]
    },
    {
      "file_path": "/media/NFS/ttao/scannet/posed_images/scene0068_00/00200.jpg",
      "transform_matrix": [
        [
          0.996824,
          0.079137,
          -0.008895,
          3.072592
        ],
        [
          0.070859,
          -0.830428,
          0.552602,
          2.065224
        ],
        [
          0.036345,
          -0.551477,
          -0.833398,
          1.288665
        ],
        [
          0.0,
          0.0,
          0.0,
          1.0
        ]
      ]
    },
    {
      "file_path": "/media/NFS/ttao/scannet/posed_images/scene0068_00/00203.jpg",
      "transform_matrix": [
        [
          0.992693,
          0.115881,
          -0.03364,
          3.10927
        ],
        [
          0.114242,
          -0.812832,
          0.571185,
          2.07916
        ],
        [
          0.038846,
          -0.570854,
          -0.820132,
          1.288923
        ],
        [
          0.0,
          0.0,
          0.0,
          1.0
        ]
      ]
    },
    {
      "file_path": "/media/NFS/ttao/scannet/posed_images/scene0068_00/00207.jpg",
      "transform_matrix": [
        [
          0.988074,
          0.147613,
          -0.043812,
          3.149241
        ],
        [
          0.144727,
          -0.793192,
          0.591523,
          2.101086
        ],
        [
          0.052565,
          -0.59081,
          -0.805096,
          1.294744
        ],
        [
          0.0,
          0.0,
          0.0,
          1.0
        ]
      ]
    },
    {
      "file_path": "/media/NFS/ttao/scannet/posed_images/scene0068_00/00212.jpg",
      "transform_matrix": [
        [
          0.984001,
          0.161422,
          -0.0754,
          3.176363
        ],
        [
          0.171852,
          -0.748313,
          0.640699,
          2.117591
        ],
        [
          0.047,
          -0.643406,
          -0.764081,
          1.312196
        ],
        [
          0.0,
          0.0,
          0.0,
          1.0
        ]
      ]
    },
    {
      "file_path": "/media/NFS/ttao/scannet/posed_images/scene0068_00/00215.jpg",
      "transform_matrix": [
        [
          0.98264,
          0.160164,
          -0.093627,
          3.176656
        ],
        [
          0.180939,
          -0.715894,
          0.674357,
          2.126438
        ],
        [
          0.040981,
          -0.679591,
          -0.732446,
          1.331116
        ],
        [
          0.0,
          0.0,
          0.0,
          1.0
        ]
      ]
    },
    {
      "file_path": "/media/NFS/ttao/scannet/posed_images/scene0068_00/00220.jpg",
      "transform_matrix": [
        [
          0.983793,
          0.148216,
          -0.10091,
          3.165308
        ],
        [
          0.175431,
          -0.679257,
          0.712625,
          2.142161
        ],
        [
          0.037078,
          -0.718778,
          -0.69425,
          1.357509
        ],
        [
          0.0,
          0.0,
          0.0,
          1.0
        ]
      ]
    },
    {
      "file_path": "/media/NFS/ttao/scannet/posed_images/scene0068_00/00225.jpg",
      "transform_matrix": [
        [
          0.986078,
          0.136109,
          -0.095525,
          3.147138
        ],
        [
          0.162433,
          -0.665517,
          0.728494,
          2.159328
        ],
        [
          0.035581,
          -0.733868,
          -0.67836,
          1.378552
        ],
        [
          0.0,
          0.0,
          0.0,
          1.0
        ]
      ]
    },
    {
      "file_path": "/media/NFS/ttao/scannet/posed_images/scene0068_00/00226.jpg",
      "transform_matrix": [
        [
          0.98694,
          0.132244,
          -0.091982,
          3.14199
        ],
        [
          0.157123,
          -0.664382,
          0.730691,
          2.163489
        ],
        [
          0.035518,
          -0.7356,
          -0.676484,
          1.382387
        ],
        [
          0.0,
          0.0,
          0.0,
          1.0
        ]
      ]
    },
    {
      "file_path": "/media/NFS/ttao/scannet/posed_images/scene0068_00/00231.jpg",
      "transform_matrix": [
        [
          0.991155,
          0.111084,
          -0.072605,
          3.112165
        ],
        [
          0.127165,
          -0.638552,
          0.758999,
          2.181154
        ],
        [
          0.037951,
          -0.761519,
          -0.64703,
          1.398395
        ],
        [
          0.0,
          0.0,
          0.0,
          1.0
        ]
      ]
    },
    {
      "file_path": "/media/NFS/ttao/scannet/posed_images/scene0068_00/00236.jpg",
      "transform_matrix": [
        [
          0.996962,
          0.073392,
          -0.026098,
          3.062195
        ],
        [
          0.065646,
          -0.611282,
          0.788685,
          2.207172
        ],
        [
          0.04193,
          -0.788002,
          -0.614243,
          1.421857
        ],
        [
          0.0,
          0.0,
          0.0,
          1.0
        ]
      ]
    },
    {
      "file_path": "/media/NFS/ttao/scannet/posed_images/scene0068_00/00239.jpg",
      "transform_matrix": [
        [
          0.999346,
          0.036064,
          -0.002426,
          3.033436
        ],
        [
          0.023688,
          -0.602748,
          0.79758,
          2.224763
        ],
        [
          0.027302,
          -0.797116,
          -0.603208,
          1.441118
        ],
        [
          0.0,
          0.0,
          0.0,
          1.0
        ]
      ]
    },
    {
      "file_path": "/media/NFS/ttao/scannet/posed_images/scene0068_00/00240.jpg",
      "transform_matrix": [
        [
          0.999265,
          0.034914,
          -0.015845,
          3.040552
        ],
        [
          0.033607,
          -0.59867,
          0.800291,
          2.218646
        ],
        [
          0.018456,
          -0.800235,
          -0.599403,
          1.450033
        ],
        [
          0.0,
          0.0,
          0.0,
          1.0
        ]
      ]
    },
    {
      "file_path": "/media/NFS/ttao/scannet/posed_images/scene0068_00/00245.jpg",
      "transform_matrix": [
        [
          0.999538,
          -0.015707,
          0.026015,
          2.998047
        ],
        [
          -0.030353,
          -0.557935,
          0.82933,
          2.241027
        ],
        [
          0.001488,
          -0.829736,
          -0.558154,
          1.484817
        ],
        [
          0.0,
          0.0,
          0.0,
          1.0
        ]
      ]
    },
    {
      "file_path": "/media/NFS/ttao/scannet/posed_images/scene0068_00/00248.jpg",
      "transform_matrix": [
        [
          0.997922,
          -0.04009,
          0.050446,
          2.981291
        ],
        [
          -0.06407,
          -0.534067,
          0.843011,
          2.250725
        ],
        [
          -0.006855,
          -0.844491,
          -0.535526,
          1.502858
        ],
        [
          0.0,
          0.0,
          0.0,
          1.0
        ]
      ]
    },
    {
      "file_path": "/media/NFS/ttao/scannet/posed_images/scene0068_00/00252.jpg",
      "transform_matrix": [
        [
          0.995465,
          -0.051679,
          0.079868,
          2.967185
        ],
        [
          -0.094898,
          -0.480981,
          0.87158,
          2.251328
        ],
        [
          -0.006627,
          -0.875207,
          -0.483704,
          1.510781
        ],
        [
          0.0,
          0.0,
          0.0,
          1.0
        ]
      ]
    },
    {
      "file_path": "/media/NFS/ttao/scannet/posed_images/scene0068_00/00257.jpg",
      "transform_matrix": [
        [
          0.994275,
          -0.042636,
          0.097978,
          2.961423
        ],
        [
          -0.106761,
          -0.434439,
          0.894352,
          2.270001
        ],
        [
          0.004434,
          -0.899692,
          -0.436503,
          1.54376
        ],
        [
          0.0,
          0.0,
          0.0,
          1.0
        ]
      ]
    },
    {
      "file_path": "/media/NFS/ttao/scannet/posed_images/scene0068_00/00259.jpg",
      "transform_matrix": [
        [
          0.994142,
          -0.041291,
          0.099882,
          2.963989
        ],
        [
          -0.108009,
          -0.413266,
          0.904182,
          2.278725
        ],
        [
          0.003943,
          -0.909674,
          -0.415305,
          1.557665
        ],
        [
          0.0,
          0.0,
          0.0,
          1.0
        ]
      ]
    },
    {
      "file_path": "/media/NFS/ttao/scannet/posed_images/scene0068_00/00262.jpg",
      "transform_matrix": [
        [
          0.994158,
          -0.034399,
          0.102307,
          2.964394
        ],
        [
          -0.107745,
          -0.372587,
          0.921721,
          2.292523
        ],
        [
          0.006412,
          -0.927359,
          -0.374117,
          1.577757
        ],
        [
          0.0,
          0.0,
          0.0,
          1.0
        ]
      ]
    },
    {
      "file_path": "/media/NFS/ttao/scannet/posed_images/scene0068_00/00269.jpg",
      "transform_matrix": [
        [
          0.995983,
          -0.018782,
          0.087552,
          2.980204
        ],
        [
          -0.08936,
          -0.271251,
          0.958352,
          2.327602
        ],
        [
          0.005749,
          -0.962325,
          -0.27184,
          1.621352
        ],
        [
          0.0,
          0.0,
          0.0,
          1.0
        ]
      ]
    },
    {
      "file_path": "/media/NFS/ttao/scannet/posed_images/scene0068_00/00270.jpg",
      "transform_matrix": [
        [
          0.996276,
          -0.00099,
          0.086214,
          2.979721
        ],
        [
          -0.083827,
          -0.245061,
          0.965877,
          2.321652
        ],
        [
          0.020172,
          -0.969507,
          -0.244232,
          1.62784
        ],
        [
          0.0,
          0.0,
          0.0,
          1.0
        ]
      ]
    },
    {
      "file_path": "/media/NFS/ttao/scannet/posed_images/scene0068_00/00274.jpg",
      "transform_matrix": [
        [
          0.997333,
          0.01533,
          0.071363,
          2.985151
        ],
        [
          -0.068181,
          -0.153383,
          0.985812,
          2.327717
        ],
        [
          0.026058,
          -0.988048,
          -0.151929,
          1.636529
        ],
        [
          0.0,
          0.0,
          0.0,
          1.0
        ]
      ]
    },
    {
      "file_path": "/media/NFS/ttao/scannet/posed_images/scene0068_00/00277.jpg",
      "transform_matrix": [
        [
          0.997842,
          -0.006486,
          0.065345,
          2.991437
        ],
        [
          -0.065663,
          -0.090123,
          0.993764,
          2.332539
        ],
        [
          -0.000557,
          -0.995909,
          -0.090355,
          1.62963
        ],
        [
          0.0,
          0.0,
          0.0,
          1.0
        ]
      ]
    },
    {
      "file_path": "/media/NFS/ttao/scannet/posed_images/scene0068_00/00284.jpg",
      "transform_matrix": [
        [
          0.997058,
          0.008915,
          0.076126,
          2.997976
        ],
        [
          -0.075445,
          -0.060945,
          0.995286,
          2.352188
        ],
        [
          0.013513,
          -0.998101,
          -0.060093,
          1.732144
        ],
        [
          0.0,
          0.0,
          0.0,
          1.0
        ]
      ]
    },
    {
      "file_path": "/media/NFS/ttao/scannet/posed_images/scene0068_00/00287.jpg",
      "transform_matrix": [
        [
          0.99545,
          0.003238,
          0.095235,
          2.997645
        ],
        [
          -0.09504,
          -0.038501,
          0.994729,
          2.357681
        ],
        [
          0.006888,
          -0.999253,
          -0.038018,
          1.748001
        ],
        [
          0.0,
          0.0,
