{
  "frames": [
    {
      "file_path": "/media/NFS/ttao/scannet/posed_images/scene0552_00/00000.jpg",
      "transform_matrix": [
        [
          -0.779216,
          0.255142,
          -0.572473,
          4.551038
        ],
        [
          0.622868,
          0.213654,
          -0.752588,
          2.947093
        ],
        [
          -0.069706,
          -0.943003,
          -0.325402,
          1.410552
        ],
        [
          0.0,
          0.0,
          0.0,
          1.0
        ]
      ]
    },
    {
      "file_path": "/media/NFS/ttao/scannet/posed_images/scene0552_00/00004.jpg",
      "transform_matrix": [
        [
          -0.773776,
          0.259219,
          -0.577994,
          4.545837
        ],
        [
          0.629774,
          0.216513,
          -0.745994,
          2.950563
        ],
        [
          -0.068233,
          -0.941237,
          -0.330782,
          1.407977
        ],
        [
          0.0,
          0.0,
          0.0,
          1.0
        ]
      ]
    },
    {
      "file_path": "/media/NFS/ttao/scannet/posed_images/scene0552_00/00007.jpg",
      "transform_matrix": [
        [
          -0.771098,
          0.261397,
          -0.580585,
          4.543398
        ],
        [
          0.63298,
          0.216076,
          -0.743403,
          2.951128
        ],
        [
          -0.068873,
          -0.940735,
          -0.332075,
          1.407335
        ],
        [
          0.0,
          0.0,
          0.0,
          1.0
        ]
      ]
    },
    {
      "file_path": "/media/NFS/ttao/scannet/posed_images/scene0552_00/00008.jpg",
      "transform_matrix": [
        [
          -0.771233,
          0.262813,
          -0.579766,
          4.541715
        ],
        [
          0.632609,
          0.215209,
          -0.74397,
          2.952157
        ],
        [
          -0.070754,
          -0.940539,
          -0.332234,
          1.407169
        ],
        [
          0.0,
          0.0,
          0.0,
          1.0
        ]
      ]
    },
    {
      "file_path": "/media/NFS/ttao/scannet/posed_images/scene0552_00/00013.jpg",
      "transform_matrix": [
        [
          -0.766833,
          0.285168,
          -0.575018,
          4.525199
        ],
        [
          0.638116,
          0.242261,
          -0.730834,
          2.954653
        ],
        [
          -0.069106,
          -0.927356,
          -0.367744,
          1.409316
        ],
        [
          0.0,
          0.0,
          0.0,
          1.0
        ]
      ]
    },
    {
      "file_path": "/media/NFS/ttao/scannet/posed_images/scene0552_00/00016.jpg",
      "transform_matrix": [
        [
          -0.762951,
          0.282507,
          -0.581461,
          4.522536
        ],
        [
          0.642022,
          0.225952,
          -0.732635,
          2.954725
        ],
        [
          -0.075592,
          -0.932275,
          -0.353766,
          1.411614
        ],
        [
          0.0,
          0.0,
          0.0,
          1.0
        ]
      ]
    },
    {
      "file_path": "/media/NFS/ttao/scannet/posed_images/scene0552_00/00019.jpg",
      "transform_matrix": [
        [
          -0.768629,
          0.255704,
          -0.586366,
          4.519753
        ],
        [
          0.636642,
          0.216327,
          -0.740196,
          2.955146
        ],
        [
          -0.062424,
          -0.942241,
          -0.329067,
          1.420972
        ],
        [
          0.0,
          0.0,
          0.0,
          1.0
        ]
      ]
    },
    {
      "file_path": "/media/NFS/ttao/scannet/posed_images/scene0552_00/00021.jpg",
      "transform_matrix": [
        [
          -0.770237,
          0.249108,
          -0.587095,
          4.518963
        ],
        [
          0.635312,
          0.219145,
          -0.74051,
          2.958479
        ],
        [
          -0.055808,
          -0.943356,
          -0.327055,
          1.418569
        ],
        [
          0.0,
          0.0,
          0.0,
          1.0
        ]
      ]
    },
    {
      "file_path": "/media/NFS/ttao/scannet/posed_images/scene0552_00/00025.jpg",
      "transform_matrix": [
        [
          -0.764669,
          0.252089,
          -0.593071,
          4.517469
        ],
        [
          0.641898,
          0.216565,
          -0.735572,
          2.960143
        ],
        [
          -0.056991,
          -0.94316,
          -0.327416,
          1.416947
        ],
        [
          0.0,
          0.0,
          0.0,
          1.0
        ]
      ]
    },
    {
      "file_path": "/media/NFS/ttao/scannet/posed_images/scene0552_00/00026.jpg",
      "transform_matrix": [
        [
          -0.764117,
          0.25323,
          -0.593297,
          4.515959
        ],
        [
          0.642444,
          0.215684,
          -0.735355,
          2.960685
        ],
        [
          -0.058249,
          -0.943057,
          -0.327493,
          1.417833
        ],
        [
          0.0,
          0.0,
          0.0,
          1.0
        ]
      ]
    },
    {
      "file_path": "/media/NFS/ttao/scannet/posed_images/scene0552_00/00029.jpg",
      "transform_matrix": [
        [
          -0.757943,
          0.258284,
          -0.59901,
          4.514966
        ],
        [
          0.649591,
          0.21491,
          -0.729278,
          2.96157
        ],
        [
          -0.059628,
          -0.941862,
          -0.330668,
          1.417966
        ],
        [
          0.0,
          0.0,
          0.0,
          1.0
        ]
      ]
    },
    {
      "file_path": "/media/NFS/ttao/scannet/posed_images/scene0552_00/00034.jpg",
      "transform_matrix": [
        [
          -0.73531,
          0.270479,
          -0.621418,
          4.521786
        ],
        [
          0.675616,
          0.220161,
          -0.703614,
          2.958266
        ],
        [
          -0.0535,
          -0.937214,
          -0.344626,
          1.40768
        ],
        [
          0.0,
          0.0,
          0.0,
          1.0
        ]
      ]
    },
    {
      "file_path": "/media/NFS/ttao/scannet/posed_images/scene0552_00/00035.jpg",
      "transform_matrix": [
        [
          -0.73299,
          0.272858,
          -0.623116,
          4.522409
        ],
        [
          0.677977,
          0.218397,
          -0.70189,
          2.955906
        ],
        [
          -0.05543,
          -0.936937,
          -0.345075,
          1.408318
        ],
        [
          0.0,
          0.0,
          0.0,
          1.0
        ]
      ]
    },
    {
      "file_path": "/media/NFS/ttao/scannet/posed_images/scene0552_00/00039.jpg",
      "transform_matrix": [
        [
          -0.736948,
          0.27224,
          -0.618703,
          4.519741
        ],
        [
          0.672995,
          0.210024,
          -0.709202,
          2.954753
        ],
        [
          -0.06313,
          -0.939029,
          -0.337993,
          1.411592
        ],
        [
          0.0,
          0.0,
          0.0,
          1.0
        ]
      ]
    },
    {
      "file_path": "/media/NFS/ttao/scannet/posed_images/scene0552_00/00043.jpg",
      "transform_matrix": [
        [
          -0.733945,
          0.271743,
          -0.622479,
          4.515029
        ],
        [
          0.67667,
          0.213387,
          -0.704687,
          2.954363
        ],
        [
          -0.058665,
          -0.938415,
          -0.340494,
          1.408938
        ],
        [
          0.0,
          0.0,
          0.0,
          1.0
        ]
      ]
    },
    {
      "file_path": "/media/NFS/ttao/scannet/posed_images/scene0552_00/00045.jpg",
      "transform_matrix": [
        [
          -0.729804,
          0.276137,
          -0.625408,
          4.512631
        ],
        [
          0.680618,
          0.207303,
          -0.702699,
          2.95484
        ],
        [
          -0.064393,
          -0.938496,
          -0.339234,
          1.4075
        ],
        [
          0.0,
          0.0,
          0.0,
          1.0
        ]
      ]
    },
    {
      "file_path": "/media/NFS/ttao/scannet/posed_images/scene0552_00/00049.jpg",
      "transform_matrix": [
        [
          -0.721775,
          0.27083,
          -0.63694,
          4.505856
        ],
        [
          0.689094,
          0.195121,
          -0.697909,
          2.955569
        ],
        [
          -0.064735,
          -0.942645,
          -0.327461,
          1.410348
        ],
        [
          0.0,
          0.0,
          0.0,
          1.0
        ]
      ]
    },
    {
      "file_path": "/media/NFS/ttao/scannet/posed_images/scene0552_00/00050.jpg",
      "transform_matrix": [
        [
          -0.714704,
          0.274815,
          -0.643176,
          4.50086
        ],
        [
          0.696656,
          0.197927,
          -0.689562,
          2.955346
        ],
        [
          -0.0622,
          -0.940905,
          -0.332911,
          1.411469
        ],
        [
          0.0,
          0.0,
          0.0,
          1.0
        ]
      ]
    },
    {
      "file_path": "/media/NFS/ttao/scannet/posed_images/scene0552_00/00055.jpg",
      "transform_matrix": [
        [
          -0.666884,
          0.301377,
          -0.681497,
          4.501887
        ],
        [
          0.742775,
          0.195717,
          -0.640297,
          2.937665
        ],
        [
          -0.05959,
          -0.933203,
          -0.354376,
          1.40081
        ],
        [
          0.0,
          0.0,
          0.0,
          1.0
        ]
      ]
    },
    {
      "file_path": "/media/NFS/ttao/scannet/posed_images/scene0552_00/00058.jpg",
      "transform_matrix": [
        [
          -0.643454,
          0.309214,
          -0.700252,
          4.494367
        ],
        [
          0.763068,
          0.186467,
          -0.618836,
          2.935149
        ],
        [
          -0.060779,
          -0.932533,
          -0.355934,
          1.395574
        ],
        [
          0.0,
          0.0,
          0.0,
          1.0
        ]
      ]
    },
    {
      "file_path": "/media/NFS/ttao/scannet/posed_images/scene0552_00/00059.jpg",
      "transform_matrix": [
        [
          -0.635859,
          0.312413,
          -0.705749,
          4.49017
        ],
        [
          0.769452,
          0.185241,
          -0.611253,
          2.935895
        ],
        [
          -0.060229,
          -0.93171,
          -0.358174,
          1.393732
        ],
        [
          0.0,
          0.0,
          0.0,
          1.0
        ]
      ]
    },
    {
      "file_path": "/media/NFS/ttao/scannet/posed_images/scene0552_00/00064.jpg",
      "transform_matrix": [
        [
          -0.581641,
          0.335463,
          -0.741052,
          4.480146
        ],
        [
          0.811694,
          0.179599,
          -0.555785,
          2.919897
        ],
        [
          -0.053353,
          -0.924775,
          -0.376755,
          1.374954
        ],
        [
          0.0,
          0.0,
          0.0,
          1.0
        ]
      ]
    },
    {
      "file_path": "/media/NFS/ttao/scannet/posed_images/scene0552_00/00065.jpg",
      "transform_matrix": [
        [
          -0.570773,
          0.335837,
          -0.749288,
          4.479878
        ],
        [
          0.819566,
          0.177103,
          -0.544928,
          2.915193
        ],
        [
          -0.050306,
          -0.925121,
          -0.376326,
          1.373908
        ],
        [
          0.0,
          0.0,
          0.0,
          1.0
        ]
      ]
    },
    {
      "file_path": "/media/NFS/ttao/scannet/posed_images/scene0552_00/00070.jpg",
      "transform_matrix": [
        [
          -0.508809,
          0.352172,
          -0.78555,
          4.460495
        ],
        [
          0.860041,
          0.167684,
          -0.481883,
          2.896321
        ],
        [
          -0.037982,
          -0.920792,
          -0.388202,
          1.36306
        ],
        [
          0.0,
          0.0,
          0.0,
          1.0
        ]
      ]
    },
    {
      "file_path": "/media/NFS/ttao/scannet/posed_images/scene0552_00/00071.jpg",
      "transform_matrix": [
        [
          -0.498988,
          0.3551,
          -0.790516,
          4.45526
        ],
        [
          0.865826,
          0.165498,
          -0.472183,
          2.893502
        ],
        [
          -0.036843,
          -0.920062,
          -0.390036,
          1.363243
        ],
        [
          0.0,
          0.0,
          0.0,
          1.0
        ]
      ]
    },
    {
      "file_path": "/media/NFS/ttao/scannet/posed_images/scene0552_00/00074.jpg",
      "transform_matrix": [
        [
          -0.485321,
          0.339908,
          -0.80556,
          4.442494
        ],
        [
          0.873936,
          0.160724,
          -0.458698,
          2.886634
        ],
        [
          -0.026442,
          -0.926623,
          -0.37506,
          1.35849
        ],
        [
          0.0,
          0.0,
          0.0,
          1.0
        ]
      ]
    },
    {
      "file_path": "/media/NFS/ttao/scannet/posed_images/scene0552_00/00078.jpg",
      "transform_matrix": [
        [
          -0.467013,
          0.362002,
          -0.806755,
          4.421333
        ],
        [
          0.884086,
          0.173561,
          -0.433899,
          2.879574
        ],
        [
          -0.017051,
          -0.915877,
          -0.401096,
          1.344889
        ],
        [
          0.0,
          0.0,
          0.0,
          1.0
        ]
      ]
    },
    {
      "file_path": "/media/NFS/ttao/scannet/posed_images/scene0552_00/00081.jpg",
      "transform_matrix": [
        [
          -0.457276,
          0.375007,
          -0.806392,
          4.402196
        ],
        [
          0.889025,
          0.169204,
          -0.425447,
          2.869592
        ],
        [
          -0.0231,
          -0.911449,
          -0.410763,
          1.33736
        ],
        [
          0.0,
          0.0,
          0.0,
          1.0
        ]
      ]
    },
    {
      "file_path": "/media/NFS/ttao/scannet/posed_images/scene0552_00/00084.jpg",
      "transform_matrix": [
        [
          -0.471178,
          0.360936,
          -0.804808,
          4.37721
        ],
        [
          0.881576,
          0.163153,
          -0.442951,
          2.872162
        ],
        [
          -0.02857,
          -0.918208,
          -0.395066,
          1.332703
        ],
        [
          0.0,
          0.0,
          0.0,
          1.0
        ]
      ]
    },
    {
      "file_path": "/media/NFS/ttao/scannet/posed_images/scene0552_00/00086.jpg",
      "transform_matrix": [
        [
          -0.479956,
          0.362178,
          -0.799043,
          4.356404
        ],
        [
          0.876614,
          0.16218,
          -0.45304,
          2.875341
        ],
        [
          -0.034492,
          -0.917892,
          -0.395329,
          1.332093
        ],
        [
          0.0,
          0.0,
          0.0,
          1.0
        ]
      ]
    },
    {
      "file_path": "/media/NFS/ttao/scannet/posed_images/scene0552_00/00088.jpg",
      "transform_matrix": [
        [
          -0.497669,
          0.361671,
          -0.788365,
          4.331807
        ],
        [
          0.866676,
          0.17108,
          -0.46862,
          2.881876
        ],
        [
          -0.034613,
          -0.916474,
          -0.398593,
          1.331146
        ],
        [
          0.0,
          0.0,
          0.0,
          1.0
        ]
      ]
    },
    {
      "file_path": "/media/NFS/ttao/scannet/posed_images/scene0552_00/00093.jpg",
      "transform_matrix": [
        [
          -0.503139,
          0.348139,
          -0.790981,
          4.276829
        ],
        [
          0.862791,
          0.150003,
          -0.482796,
          2.895475
        ],
        [
          -0.049431,
          -0.925364,
          -0.375844,
          1.340299
        ],
        [
          0.0,
          0.0,
          0.0,
          1.0
        ]
      ]
    },
    {
      "file_path": "/media/NFS/ttao/scannet/posed_images/scene0552_00/00094.jpg",
      "transform_matrix": [
        [
          -0.505548,
          0.346067,
          -0.790354,
          4.261668
        ],
        [
          0.86164,
          0.15505,
          -0.483255,
          2.901479
        ],
        [
          -0.044694,
          -0.925309,
          -0.376571,
          1.346306
        ],
        [
          0.0,
          0.0,
          0.0,
          1.0
        ]
      ]
    },
    {
      "file_path": "/media/NFS/ttao/scannet/posed_images/scene0552_00/00097.jpg",
      "transform_matrix": [
        [
          -0.510111,
          0.342433,
          -0.789004,
          4.23094
        ],
        [
          0.859579,
          0.17077,
          -0.481624,
          2.911025
        ],
        [
          -0.030186,
          -0.923893,
          -0.38146,
          1.348893
        ],
        [
          0.0,
          0.0,
          0.0,
          1.0
        ]
      ]
    },
    {
      "file_path": "/media/NFS/ttao/scannet/posed_images/scene0552_00/00102.jpg",
      "transform_matrix": [
        [
          -0.50616,
          0.326055,
          -0.79843,
          4.180794
        ],
        [
          0.861681,
          0.152352,
          -0.484041,
          2.922282
        ],
        [
          -0.036182,
          -0.932994,
          -0.35807,
          1.343736
        ],
        [
          0.0,
          0.0,
          0.0,
          1.0
        ]
      ]
    },
    {
      "file_path": "/media/NFS/ttao/scannet/posed_images/scene0552_00/00105.jpg",
      "transform_matrix": [
        [
          -0.501147,
          0.339886,
          -0.79582,
          4.150401
        ],
        [
          0.863659,
          0.138778,
          -0.484596,
          2.924222
        ],
        [
          -0.054265,
          -0.930171,
          -0.363094,
          1.345065
        ],
        [
          0.0,
          0.0,
          0.0,
          1.0
        ]
      ]
    },
    {
      "file_path": "/media/NFS/ttao/scannet/posed_images/scene0552_00/00106.jpg",
      "transform_matrix": [
        [
          -0.498313,
          0.343432,
          -0.796078,
          4.137817
        ],
        [
          0.865152,
          0.137094,
          -0.482408,
          2.924116
        ],
        [
          -0.056537,
          -0.929118,
          -0.365436,
          1.346384
        ],
        [
          0.0,
          0.0,
          0.0,
          1.0
        ]
      ]
    },
    {
      "file_path": "/media/NFS/ttao/scannet/posed_images/scene0552_00/00111.jpg",
      "transform_matrix": [
        [
          -0.471251,
          0.332437,
          -0.816951,
          4.073601
        ],
        [
          0.880678,
          0.126681,
          -0.456463,
          2.917426
        ],
        [
          -0.048253,
          -0.934579,
          -0.352468,
          1.353616
        ],
        [
          0.0,
          0.0,
          0.0,
          1.0
        ]
      ]
    },
    {
      "file_path": "/media/NFS/ttao/scannet/posed_images/scene0552_00/00112.jpg",
      "transform_matrix": [
        [
          -0.463501,
          0.332013,
          -0.821544,
          4.060961
        ],
        [
          0.885133,
          0.130263,
          -0.446734,
          2.914149
        ],
        [
          -0.041305,
          -0.934237,
          -0.354253,
          1.358919
        ],
        [
          0.0,
          0.0,
          0.0,
          1.0
        ]
      ]
    },
    {
      "file_path": "/media/NFS/ttao/scannet/posed_images/scene0552_00/00115.jpg",
      "transform_matrix": [
        [
          -0.43012,
          0.344717,
          -0.834366,
          4.027165
        ],
        [
          0.902209,
          0.131502,
          -0.410763,
          2.90669
        ],
        [
          -0.031877,
          -0.92945,
          -0.367568,
          1.354261
        ],
        [
          0.0,
          0.0,
          0.0,
          1.0
        ]
      ]
    },
    {
      "file_path": "/media/NFS/ttao/scannet/posed_images/scene0552_00/00120.jpg",
      "transform_matrix": [
        [
          -0.390221,
          0.337231,
          -0.85674,
          3.965484
        ],
        [
          0.920466,
          0.120976,
          -0.371628,
          2.896654
        ],
        [
          -0.02168,
          -0.933617,
          -0.357617,
          1.368061
        ],
        [
          0.0,
          0.0,
          0.0,
          1.0
        ]
      ]
    },
    {
      "file_path": "/media/NFS/ttao/scannet/posed_images/scene0552_00/00121.jpg",
      "transform_matrix": [
        [
          -0.379532,
          0.337782,
          -0.861312,
          3.956541
        ],
        [
          0.924993,
          0.119869,
          -0.360584,
          2.895865
        ],
        [
          -0.018554,
          -0.933561,
          -0.35794,
          1.366398
        ],
        [
          0.0,
          0.0,
          0.0,
          1.0
        ]
      ]
    },
    {
      "file_path": "/media/NFS/ttao/scannet/posed_images/scene0552_00/00124.jpg",
      "transform_matrix": [
        [
          -0.356473,
          0.350763,
          -0.865964,
          3.932605
        ],
        [
          0.933814,
          0.103686,
          -0.342405,
          2.89049
        ],
        [
          -0.030315,
          -0.930707,
          -0.364508,
          1.367011
        ],
        [
          0.0,
          0.0,
          0.0,
          1.0
        ]
      ]
    },
    {
      "file_path": "/media/NFS/ttao/scannet/posed_images/scene0552_00/00128.jpg",
      "transform_matrix": [
        [
          -0.323077,
          0.341238,
          -0.882711,
          3.906438
        ],
        [
          0.94595,
          0.088561,
          -0.311988,
          2.889338
        ],
        [
          -0.028289,
          -0.935796,
          -0.351406,
          1.372666
        ],
        [
          0.0,
          0.0,
          0.0,
          1.0
        ]
      ]
    },
    {
      "file_path": "/media/NFS/ttao/scannet/posed_images/scene0552_00/00130.jpg",
      "transform_matrix": [
        [
          -0.308058,
          0.343994,
          -0.887,
          3.887036
        ],
        [
          0.951159,
          0.091835,
          -0.294725,
          2.892718
        ],
        [
          -0.019926,
          -0.93447,
          -0.355484,
          1.380204
        ],
        [
          0.0,
          0.0,
          0.0,
          1.0
        ]
      ]
    },
    {
      "file_path": "/media/NFS/ttao/scannet/posed_images/scene0552_00/00133.jpg",
      "transform_matrix": [
        [
          -0.285149,
          0.32306,
          -0.902398,
          3.87401
        ],
        [
          0.958377,
          0.082087,
          -0.27345,
          2.898239
        ],
        [
          -0.014266,
          -0.942812,
          -0.33302,
          1.385236
        ],
        [
          0.0,
          0.0,
          0.0,
          1.0
        ]
      ]
    },
    {
      "file_path": "/media/NFS/ttao/scannet/posed_images/scene0552_00/00137.jpg",
      "transform_matrix": [
        [
          -0.247001,
          0.334033,
          -0.909622,
          3.86286
        ],
        [
          0.968992,
          0.078682,
          -0.234229,
          2.904139
        ],
        [
          -0.006669,
          -0.939272,
          -0.343109,
          1.387852
        ],
        [
          0.0,
          0.0,
          0.0,
          1.0
        ]
      ]
    },
    {
      "file_path": "/media/NFS/ttao/scannet/posed_images/scene0552_00/00141.jpg",
      "transform_matrix": [
        [
          -0.230455,
          0.318664,
          -0.919426,
          3.852428
        ],
        [
          0.972969,
          0.060985,
          -0.222738,
          2.914663
        ],
        [
          -0.014907,
          -0.945904,
          -0.324104,
          1.397469
        ],
        [
          0.0,
          0.0,
          0.0,
          1.0
        ]
      ]
    },
    {
      "file_path": "/media/NFS/ttao/scannet/posed_images/scene0552_00/00142.jpg",
      "transform_matrix": [
        [
          -0.225035,
          0.314944,
          -0.922047,
          3.854819
        ],
        [
          0.974217,
          0.057037,
          -0.218285,
          2.918463
        ],
        [
          -0.016157,
          -0.947395,
          -0.319659,
          1.396169
        ],
        [
          0.0,
          0.0,
          0.0,
          1.0
        ]
      ]
    },
    {
      "file_path": "/media/NFS/ttao/scannet/posed_images/scene0552_00/00145.jpg",
      "transform_matrix": [
        [
          -0.202318,
          0.319292,
          -0.925808,
          3.851465
        ],
        [
          0.97921,
          0.051808,
          -0.196121,
          2.925511
        ],
        [
          -0.014656,
          -0.946239,
          -0.323136,
          1.398057
        ],
        [
          0.0,
          0.0,
          0.0,
          1.0
        ]
      ]
    },
    {
      "file_path": "/media/NFS/ttao/scannet/posed_images/scene0552_00/00148.jpg",
      "transform_matrix": [
        [
          -0.20087,
          0.310124,
          -0.929233,
          3.847642
        ],
        [
          0.979441,
          0.045535,
          -0.196527,
          2.930004
        ],
        [
          -0.018635,
          -0.949605,
          -0.312894,
          1.402542
        ],
        [
          0.0,
          0.0,
          0.0,
          1.0
        ]
      ]
    },
    {
      "file_path": "/media/NFS/ttao/scannet/posed_images/scene0552_00/00151.jpg",
      "transform_matrix": [
        [
          -0.19214,
          0.300722,
          -0.934157,
          3.843371
        ],
        [
          0.981118,
          0.037397,
          -0.18976,
          2.937362
        ],
        [
          -0.022131,
          -0.952979,
          -0.302229,
          1.406152
        ],
        [
          0.0,
          0.0,
          0.0,
          1.0
        ]
      ]
    },
    {
      "file_path": "/media/NFS/ttao/scannet/posed_images/scene0552_00/00155.jpg",
      "transform_matrix": [
        [
          -0.156767,
          0.301431,
          -0.940512,
          3.843262
        ],
        [
          0.987367,
          0.025618,
          -0.156366,
          2.941714
        ],
        [
          -0.02304,
          -0.953144,
          -0.301639,
          1.406074
        ],
        [
          0.0,
          0.0,
          0.0,
          1.0
        ]
      ]
    },
    {
      "file_path": "/media/NFS/ttao/scannet/posed_images/scene0552_00/00158.jpg",
      "transform_matrix": [
        [
          -0.136901,
          0.298268,
          -0.944613,
          3.841314
        ],
        [
          0.990311,
          0.018792,
          -0.13759,
          2.947208
        ],
        [
          -0.023288,
          -0.954297,
          -0.297951,
          1.40838
        ],
        [
          0.0,
          0.0,
          0.0,
          1.0
        ]
      ]
    },
    {
      "file_path": "/media/NFS/ttao/scannet/posed_images/scene0552_00/00159.jpg",
      "transform_matrix": [
        [
          -0.12844,
          0.295755,
          -0.94659,
          3.842929
        ],
        [
          0.991471,
          0.016998,
          -0.129219,
          2.949627
        ],
        [
          -0.022127,
          -0.955113,
          -0.295416,
          1.404415
        ],
        [
          0.0,
          0.0,
          0.0,
          1.0
        ]
      ]
    },
    {
      "file_path": "/media/NFS/ttao/scannet/posed_images/scene0552_00/00164.jpg",
      "transform_matrix": [
        [
          -0.073116,
          0.311911,
          -0.947294,
          3.839318
        ],
        [
          0.997072,
          0.001538,
          -0.076452,
          2.944701
        ],
        [
          -0.022389,
          -0.95011,
          -0.31111,
          1.4076
        ],
        [
          0.0,
          0.0,
          0.0,
          1.0
        ]
      ]
    },
    {
      "file_path": "/media/NFS/ttao/scannet/posed_images/scene0552_00/00166.jpg",
      "transform_matrix": [
        [
          -0.050076,
          0.310704,
          -0.949187,
          3.83905
        ],
        [
          0.998455,
          -0.007348,
          -0.05508,
          2.945153
        ],
        [
          -0.024088,
          -0.950478,
          -0.309856,
          1.405971
        ],
        [
          0.0,
          0.0,
          0.0,
          1.0
        ]
      ]
    },
    {
      "file_path": "/media/NFS/ttao/scannet/posed_images/scene0552_00/00168.jpg",
      "transform_matrix": [
        [
          -0.024976,
          0.314108,
          -0.949059,
          3.840932
        ],
        [
          0.999342,
          -0.017126,
          -0.031968,
          2.941555
        ],
        [
          -0.026295,
          -0.949233,
          -0.313474,
          1.401864
        ],
        [
          0.0,
          0.0,
          0.0,
          1.0
        ]
      ]
    },
    {
      "file_path": "/media/NFS/ttao/scannet/posed_images/scene0552_00/00173.jpg",
      "transform_matrix": [
        [
          0.046384,
          0.348914,
          -0.936006,
          3.82719
        ],
        [
          0.998448,
          -0.045105,
          0.032665,
          2.955863
        ],
        [
          -0.030821,
          -0.936069,
          -0.350464,
          1.398944
        ],
        [
          0.0,
          0.0,
          0.0,
          1.0
        ]
      ]
    },
    {
      "file_path": "/media/NFS/ttao/scannet/posed_images/scene0552_00/00176.jpg",
      "transform_matrix": [
        [
          0.101954,
          0.366964,
          -0.924631,
          3.828647
        ],
        [
          0.994291,
          -0.067017,
          0.083038,
          2.94466
        ],
        [
          -0.031494,
          -0.927818,
          -0.371702,
          1.393044
        ],
        [
          0.0,
          0.0,
          0.0,
          1.0
        ]
      ]
    },
    {
      "file_path": "/media/NFS/ttao/scannet/posed_images/scene0552_00/00179.jpg",
      "transform_matrix": [
        [
          0.142143,
          0.369037,
          -0.918481,
          3.832382
        ],
        [
          0.989067,
          -0.089763,
          0.117001,
          2.930591
        ],
        [
          -0.039267,
          -0.92507,
          -0.377761,
          1.388782
        ],
        [
          0.0,
          0.0,
          0.0,
          1.0
        ]
      ]
    },
    {
      "file_path": "/media/NFS/ttao/scannet/posed_images/scene0552_00/00180.jpg",
      "transform_matrix": [
        [
          0.142429,
          0.366814,
          -0.919327,
          3.838827
        ],
        [
          0.988886,
          -0.092757,
          0.116195,
          2.939856
        ],
        [
          -0.042652,
          -0.925659,
          -0.375949,
          1.388651
        ],
        [
          0.0,
          0.0,
          0.0,
          1.0
        ]
      ]
    },
    {
      "file_path": "/media/NFS/ttao/scannet/posed_images/scene0552_00/00184.jpg",
      "transform_matrix": [
        [
          0.174512,
          0.342231,
          -0.923268,
          3.861619
        ],
        [
          0.984081,
          -0.092641,
          0.151667,
          2.922413
        ],
        [
          -0.033628,
          -0.935038,
          -0.35295,
          1.381794
        ],
        [
          0.0,
          0.0,
          0.0,
          1.0
        ]
      ]
    },
    {
      "file_path": "/media/NFS/ttao/scannet/posed_images/scene0552_00/00188.jpg",
      "transform_matrix": [
        [
          0.213048,
          0.342565,
          -0.915019,
          3.884981
        ],
        [
          0.976685,
          -0.09997,
          0.189979,
          2.895528
        ],
        [
          -0.026394,
          -0.93416,
          -0.355877,
          1.384609
        ],
        [
          0.0,
          0.0,
          0.0,
          1.0
        ]
      ]
    },
    {
      "file_path": "/media/NFS/ttao/scannet/posed_images/scene0552_00/00190.jpg",
      "transform_matrix": [
        [
          0.217923,
          0.340261,
          -0.914731,
          3.903057
        ],
        [
          0.975637,
          -0.100295,
          0.195125,
          2.886822
        ],
        [
          -0.02535,
          -0.934967,
          -0.353828,
          1.385871
        ],
        [
          0.0,
          0.0,
          0.0,
          1.0
        ]
      ]
    },
    {
      "file_path": "/media/NFS/ttao/scannet/posed_images/scene0552_00/00192.jpg",
      "transform_matrix": [
        [
          0.223843,
          0.339661,
          -0.913523,
          3.920071
        ],
        [
          0.974397,
          -0.098275,
          0.202219,
          2.878119
        ],
        [
          -0.02109,
          -0.9354,
          -0.352963,
          1.385239
        ],
        [
          0.0,
          0.0,
          0.0,
          1.0
        ]
      ]
    },
    {
      "file_path": "/media/NFS/ttao/scannet/posed_images/scene0552_00/00195.jpg",
      "transform_matrix": [
        [
          0.250246,
          0.339313,
          -0.906777,
          3.949945
        ],
        [
          0.968117,
          -0.098594,
          0.230281,
          2.851486
        ],
        [
          -0.011265,
          -0.935493,
          -0.353167,
          1.383416
        ],
        [
          0.0,
          0.0,
          0.0,
          1.0
        ]
      ]
    },
    {
      "file_path": "/media/NFS/ttao/scannet/posed_images/scene0552_00/00200.jpg",
      "transform_matrix": [
        [
          0.297846,
          0.351245,
          -0.887646,
          4.012786
        ],
        [
          0.954498,
          -0.124058,
          0.271187,
          2.803889
        ],
        [
          -0.014867,
          -0.928028,
          -0.372213,
          1.381513
        ],
        [
          0.0,
          0.0,
          0.0,
          1.0
        ]
      ]
    },
    {
      "file_path": "/media/NFS/ttao/scannet/posed_images/scene0552_00/00203.jpg",
      "transform_matrix": [
        [
          0.332069,
          0.336056,
          -0.881361,
          4.045566
        ],
        [
          0.942955,
          -0.141839,
          0.301194,
          2.776872
        ],
        [
          -0.023793,
          -0.931101,
          -0.363986,
          1.380434
        ],
        [
          0.0,
          0.0,
          0.0,
          1.0
        ]
      ]
    },
    {
      "file_path": "/media/NFS/ttao/scannet/posed_images/scene0552_00/00204.jpg",
      "transform_matrix": [
        [
          0.345024,
          0.331567,
          -0.878079,
          4.057251
        ],
        [
          0.938221,
          -0.148213,
          0.312689,
          2.76579
        ],
        [
          -0.026466,
          -0.931717,
          -0.36222,
          1.380148
        ],
        [
          0.0,
          0.0,
          0.0,
          1.0
        ]
      ]
    },
    {
      "file_path": "/media/NFS/ttao/scannet/posed_images/scene0552_00/00209.jpg",
      "transform_matrix": [
        [
          0.413365,
          0.323531,
          -0.851151,
          4.100254
        ],
        [
          0.909902,
          -0.182434,
          0.372553,
          2.720867
        ],
        [
          -0.034746,
          -0.928464,
          -0.369794,
          1.379978
        ],
        [
          0.0,
          0.0,
          0.0,
          1.0
        ]
      ]
    },
    {
      "file_path": "/media/NFS/ttao/scannet/posed_images/scene0552_00/00212.jpg",
      "transform_matrix": [
        [
          0.445459,
          0.316163,
          -0.83762,
          4.126159
        ],
        [
          0.894768,
          -0.189518,
          0.404318,
          2.702621
        ],
        [
          -0.030914,
          -0.929583,
          -0.367315,
          1.380396
        ],
        [
          0.0,
          0.0,
          0.0,
          1.0
        ]
      ]
    },
    {
      "file_path": "/media/NFS/ttao/scannet/posed_images/scene0552_00/00213.jpg",
      "transform_matrix": [
        [
          0.4549,
          0.315342,
          -0.832842,
          4.134103
        ],
        [
          0.890029,
          -0.192733,
          0.413161,
          2.701919
        ],
        [
          -0.030229,
          -0.9292,
          -0.368338,
          1.380198
        ],
        [
          0.0,
          0.0,
          0.0,
          1.0
        ]
      ]
    },
    {
      "file_path": "/media/NFS/ttao/scannet/posed_images/scene0552_00/00216.jpg",
      "transform_matrix": [
        [
          0.491226,
          0.32067,
          -0.809857,
          4.145719
        ],
        [
          0.870672,
          -0.207507,
          0.44595,
          2.683094
        ],
        [
          -0.025048,
          -0.924182,
          -0.381131,
          1.381846
        ],
        [
          0.0,
          0.0,
          0.0,
          1.0
        ]
      ]
    },
    {
      "file_path": "/media/NFS/ttao/scannet/posed_images/scene0552_00/00221.jpg",
      "transform_matrix": [
        [
          0.547554,
          0.33822,
          -0.765371,
          4.153466
        ],
        [
          0.836767,
          -0.218765,
          0.501959,
          2.644512
        ],
        [
          0.002336,
          -0.915287,
          -0.402796,
          1.382605
        ],
        [
          0.0,
          0.0,
          0.0,
          1.0
        ]
      ]
    },
    {
      "file_path": "/media/NFS/ttao/scannet/posed_images/scene0552_00/00222.jpg",
      "transform_matrix": [
        [
          0.556486,
          0.337712,
          -0.759127,
          4.154174
        ],
        [
          0.830847,
          -0.22156,
          0.510495,
          2.640602
        ],
        [
          0.004208,
          -0.914801,
          -0.403882,
          1.383875
        ],
        [
          0.0,
          0.0,
          0.0,
          1.0
        ]
      ]
    },
    {
      "file_path": "/media/NFS/ttao/scannet/posed_images/scene0552_00/00224.jpg",
      "transform_matrix": [
        [
          0.575897,
          0.331039,
          -0.7475,
          4.155983
        ],
        [
          0.817515,
          -0.229132,
          0.528364,
          2.625713
        ],
        [
          0.003633,
          -0.915375,
          -0.402585,
          1.382121
        ],
        [
          0.0,
          0.0,
          0.0,
          1.0
        ]
      ]
    },
    {
      "file_path": "/media/NFS/ttao/scannet/posed_images/scene0552_00/00227.jpg",
      "transform_matrix": [
        [
          0.608969,
          0.326758,
          -0.722763,
          4.150254
        ],
        [
          0.793188,
          -0.254248,
          0.553363,
          2.601757
        ],
        [
          -0.002945,
          -0.910268,
