{
  "frames": [
    {
      "file_path": "/media/NFS/ttao/scannet/posed_images/scene0042_01/00000.jpg",
      "transform_matrix": [
        [
          -0.304799,
          0.539701,
          -0.784742,
          5.091411
        ],
        [
          0.948485,
          0.097221,
          -0.301535,
          2.641976
        ],
        [
          -0.086445,
          -0.836224,
          -0.541531,
          1.358157
        ],
        [
          0.0,
          0.0,
          0.0,
          1.0
        ]
      ]
    },
    {
      "file_path": "/media/NFS/ttao/scannet/posed_images/scene0042_01/00003.jpg",
      "transform_matrix": [
        [
          -0.295295,
          0.544632,
          -0.784969,
          5.091139
        ],
        [
          0.951808,
          0.096458,
          -0.291132,
          2.639911
        ],
        [
          -0.082843,
          -0.83311,
          -0.546869,
          1.353571
        ],
        [
          0.0,
          0.0,
          0.0,
          1.0
        ]
      ]
    },
    {
      "file_path": "/media/NFS/ttao/scannet/posed_images/scene0042_01/00009.jpg",
      "transform_matrix": [
        [
          -0.285656,
          0.552259,
          -0.783205,
          5.095465
        ],
        [
          0.953463,
          0.081502,
          -0.290285,
          2.640971
        ],
        [
          -0.096479,
          -0.829679,
          -0.54984,
          1.350042
        ],
        [
          0.0,
          0.0,
          0.0,
          1.0
        ]
      ]
    },
    {
      "file_path": "/media/NFS/ttao/scannet/posed_images/scene0042_01/00010.jpg",
      "transform_matrix": [
        [
          -0.285331,
          0.555359,
          -0.781129,
          5.095505
        ],
        [
          0.953466,
          0.08164,
          -0.290238,
          2.641324
        ],
        [
          -0.097415,
          -0.827594,
          -0.55281,
          1.352054
        ],
        [
          0.0,
          0.0,
          0.0,
          1.0
        ]
      ]
    },
    {
      "file_path": "/media/NFS/ttao/scannet/posed_images/scene0042_01/00017.jpg",
      "transform_matrix": [
        [
          -0.288962,
          0.581794,
          -0.760274,
          5.110264
        ],
        [
          0.950774,
          0.081549,
          -0.298963,
          2.643373
        ],
        [
          -0.111935,
          -0.809238,
          -0.576719,
          1.342039
        ],
        [
          0.0,
          0.0,
          0.0,
          1.0
        ]
      ]
    },
    {
      "file_path": "/media/NFS/ttao/scannet/posed_images/scene0042_01/00021.jpg",
      "transform_matrix": [
        [
          -0.292604,
          0.589236,
          -0.753116,
          5.118388
        ],
        [
          0.950271,
          0.091366,
          -0.29772,
          2.639005
        ],
        [
          -0.106618,
          -0.802778,
          -0.586668,
          1.337585
        ],
        [
          0.0,
          0.0,
          0.0,
          1.0
        ]
      ]
    },
    {
      "file_path": "/media/NFS/ttao/scannet/posed_images/scene0042_01/00025.jpg",
      "transform_matrix": [
        [
          -0.30006,
          0.587938,
          -0.751194,
          5.12713
        ],
        [
          0.949134,
          0.105223,
          -0.29677,
          2.637712
        ],
        [
          -0.095439,
          -0.802033,
          -0.589605,
          1.336363
        ],
        [
          0.0,
          0.0,
          0.0,
          1.0
        ]
      ]
    },
    {
      "file_path": "/media/NFS/ttao/scannet/posed_images/scene0042_01/00026.jpg",
      "transform_matrix": [
        [
          -0.301665,
          0.584207,
          -0.753459,
          5.130247
        ],
        [
          0.948859,
          0.106801,
          -0.297088,
          2.636302
        ],
        [
          -0.093091,
          -0.804547,
          -0.586548,
          1.336983
        ],
        [
          0.0,
          0.0,
          0.0,
          1.0
        ]
      ]
    },
    {
      "file_path": "/media/NFS/ttao/scannet/posed_images/scene0042_01/00030.jpg",
      "transform_matrix": [
        [
          -0.332084,
          0.54211,
          -0.771905,
          5.14585
        ],
        [
          0.939809,
          0.12033,
          -0.319811,
          2.631974
        ],
        [
          -0.08049,
          -0.831648,
          -0.549439,
          1.347145
        ],
        [
          0.0,
          0.0,
          0.0,
          1.0
        ]
      ]
    },
    {
      "file_path": "/media/NFS/ttao/scannet/posed_images/scene0042_01/00037.jpg",
      "transform_matrix": [
        [
          -0.3729,
          0.47952,
          -0.794359,
          5.153516
        ],
        [
          0.925171,
          0.12688,
          -0.357716,
          2.624269
        ],
        [
          -0.070744,
          -0.86831,
          -0.490952,
          1.378003
        ],
        [
          0.0,
          0.0,
          0.0,
          1.0
        ]
      ]
    },
    {
      "file_path": "/media/NFS/ttao/scannet/posed_images/scene0042_01/00040.jpg",
      "transform_matrix": [
        [
          -0.39299,
          0.448042,
          -0.803005,
          5.161682
        ],
        [
          0.917464,
          0.132369,
          -0.37515,
          2.621467
        ],
        [
          -0.06179,
          -0.884159,
          -0.463083,
          1.383735
        ],
        [
          0.0,
          0.0,
          0.0,
          1.0
        ]
      ]
    },
    {
      "file_path": "/media/NFS/ttao/scannet/posed_images/scene0042_01/00043.jpg",
      "transform_matrix": [
        [
          -0.415086,
          0.433264,
          -0.799991,
          5.165906
        ],
        [
          0.908186,
          0.145261,
          -0.392553,
          2.615918
        ],
        [
          -0.053872,
          -0.889484,
          -0.45378,
          1.392204
        ],
        [
          0.0,
          0.0,
          0.0,
          1.0
        ]
      ]
    },
    {
      "file_path": "/media/NFS/ttao/scannet/posed_images/scene0042_01/00045.jpg",
      "transform_matrix": [
        [
          -0.427785,
          0.422381,
          -0.799121,
          5.172047
        ],
        [
          0.902589,
          0.152375,
          -0.402635,
          2.610201
        ],
        [
          -0.048299,
          -0.893519,
          -0.44642,
          1.393112
        ],
        [
          0.0,
          0.0,
          0.0,
          1.0
        ]
      ]
    },
    {
      "file_path": "/media/NFS/ttao/scannet/posed_images/scene0042_01/00052.jpg",
      "transform_matrix": [
        [
          -0.483512,
          0.406584,
          -0.775181,
          5.179933
        ],
        [
          0.873394,
          0.165101,
          -0.458176,
          2.607469
        ],
        [
          -0.058304,
          -0.898572,
          -0.434936,
          1.400528
        ],
        [
          0.0,
          0.0,
          0.0,
          1.0
        ]
      ]
    },
    {
      "file_path": "/media/NFS/ttao/scannet/posed_images/scene0042_01/00055.jpg",
      "transform_matrix": [
        [
          -0.510027,
          0.398977,
          -0.76203,
          5.186543
        ],
        [
          0.858162,
          0.175707,
          -0.482374,
          2.596596
        ],
        [
          -0.058562,
          -0.899969,
          -0.432002,
          1.403599
        ],
        [
          0.0,
          0.0,
          0.0,
          1.0
        ]
      ]
    },
    {
      "file_path": "/media/NFS/ttao/scannet/posed_images/scene0042_01/00060.jpg",
      "transform_matrix": [
        [
          -0.539247,
          0.37708,
          -0.753009,
          5.197526
        ],
        [
          0.840667,
          0.188035,
          -0.50786,
          2.587374
        ],
        [
          -0.049912,
          -0.906892,
          -0.418396,
          1.395527
        ],
        [
          0.0,
          0.0,
          0.0,
          1.0
        ]
      ]
    },
    {
      "file_path": "/media/NFS/ttao/scannet/posed_images/scene0042_01/00063.jpg",
      "transform_matrix": [
        [
          -0.555871,
          0.366079,
          -0.74632,
          5.200316
        ],
        [
          0.829885,
          0.192612,
          -0.523633,
          2.579691
        ],
        [
          -0.047941,
          -0.910432,
          -0.410871,
          1.403836
        ],
        [
          0.0,
          0.0,
          0.0,
          1.0
        ]
      ]
    },
    {
      "file_path": "/media/NFS/ttao/scannet/posed_images/scene0042_01/00067.jpg",
      "transform_matrix": [
        [
          -0.582321,
          0.346481,
          -0.735427,
          5.204201
        ],
        [
          0.811656,
          0.196587,
          -0.550062,
          2.571548
        ],
        [
          -0.04601,
          -0.917226,
          -0.3957,
          1.408669
        ],
        [
          0.0,
          0.0,
          0.0,
          1.0
        ]
      ]
    },
    {
      "file_path": "/media/NFS/ttao/scannet/posed_images/scene0042_01/00068.jpg",
      "transform_matrix": [
        [
          -0.585932,
          0.344669,
          -0.733408,
          5.206686
        ],
        [
          0.8089,
          0.194464,
          -0.554855,
          2.567523
        ],
        [
          -0.04862,
          -0.918361,
          -0.392746,
          1.408634
        ],
        [
          0.0,
          0.0,
          0.0,
          1.0
        ]
      ]
    },
    {
      "file_path": "/media/NFS/ttao/scannet/posed_images/scene0042_01/00075.jpg",
      "transform_matrix": [
        [
          -0.627262,
          0.314238,
          -0.712598,
          5.215366
        ],
        [
          0.777014,
          0.190443,
          -0.599983,
          2.558499
        ],
        [
          -0.052828,
          -0.930046,
          -0.363626,
          1.405925
        ],
        [
          0.0,
          0.0,
          0.0,
          1.0
        ]
      ]
    },
    {
      "file_path": "/media/NFS/ttao/scannet/posed_images/scene0042_01/00076.jpg",
      "transform_matrix": [
        [
          -0.631218,
          0.309993,
          -0.710963,
          5.217866
        ],
        [
          0.773942,
          0.191745,
          -0.603529,
          2.554659
        ],
        [
          -0.050766,
          -0.931203,
          -0.360949,
          1.407164
        ],
        [
          0.0,
          0.0,
          0.0,
          1.0
        ]
      ]
    },
    {
      "file_path": "/media/NFS/ttao/scannet/posed_images/scene0042_01/00079.jpg",
      "transform_matrix": [
        [
          -0.64282,
          0.288632,
          -0.709559,
          5.221787
        ],
        [
          0.764937,
          0.192695,
          -0.614606,
          2.549316
        ],
        [
          -0.040667,
          -0.937849,
          -0.344653,
          1.414437
        ],
        [
          0.0,
          0.0,
          0.0,
          1.0
        ]
      ]
    },
    {
      "file_path": "/media/NFS/ttao/scannet/posed_images/scene0042_01/00084.jpg",
      "transform_matrix": [
        [
          -0.652586,
          0.270633,
          -0.707736,
          5.224926
        ],
        [
          0.756758,
          0.18585,
          -0.62672,
          2.546676
        ],
        [
          -0.038079,
          -0.944573,
          -0.326086,
          1.429123
        ],
        [
          0.0,
          0.0,
          0.0,
          1.0
        ]
      ]
    },
    {
      "file_path": "/media/NFS/ttao/scannet/posed_images/scene0042_01/00088.jpg",
      "transform_matrix": [
        [
          -0.65243,
          0.251149,
          -0.715023,
          5.223399
        ],
        [
          0.756783,
          0.165887,
          -0.632267,
          2.550979
        ],
        [
          -0.040181,
          -0.953628,
          -0.298295,
          1.443411
        ],
        [
          0.0,
          0.0,
          0.0,
          1.0
        ]
      ]
    },
    {
      "file_path": "/media/NFS/ttao/scannet/posed_images/scene0042_01/00092.jpg",
      "transform_matrix": [
        [
          -0.651249,
          0.226804,
          -0.724179,
          5.225662
        ],
        [
          0.75778,
          0.143363,
          -0.636567,
          2.55699
        ],
        [
          -0.040555,
          -0.963332,
          -0.265232,
          1.465399
        ],
        [
          0.0,
          0.0,
          0.0,
          1.0
        ]
      ]
    },
    {
      "file_path": "/media/NFS/ttao/scannet/posed_images/scene0042_01/00098.jpg",
      "transform_matrix": [
        [
          -0.653414,
          0.183609,
          -0.734396,
          5.232358
        ],
        [
          0.756363,
          0.118554,
          -0.643319,
          2.557238
        ],
        [
          -0.031054,
          -0.975824,
          -0.21634,
          1.49072
        ],
        [
          0.0,
          0.0,
          0.0,
          1.0
        ]
      ]
    },
    {
      "file_path": "/media/NFS/ttao/scannet/posed_images/scene0042_01/00100.jpg",
      "transform_matrix": [
        [
          -0.659899,
          0.168408,
          -0.732238,
          5.238063
        ],
        [
          0.750805,
          0.110535,
          -0.65121,
          2.555525
        ],
        [
          -0.028731,
          -0.9795,
          -0.199384,
          1.491758
        ],
        [
          0.0,
          0.0,
          0.0,
          1.0
        ]
      ]
    },
    {
      "file_path": "/media/NFS/ttao/scannet/posed_images/scene0042_01/00106.jpg",
      "transform_matrix": [
        [
          -0.646363,
          0.123637,
          -0.752946,
          5.2636
        ],
        [
          0.763023,
          0.108776,
          -0.637152,
          2.534418
        ],
        [
          0.003127,
          -0.986347,
          -0.164647,
          1.500796
        ],
        [
          0.0,
          0.0,
          0.0,
          1.0
        ]
      ]
    },
    {
      "file_path": "/media/NFS/ttao/scannet/posed_images/scene0042_01/00107.jpg",
      "transform_matrix": [
        [
          -0.644505,
          0.120309,
          -0.755076,
          5.267653
        ],
        [
          0.764573,
          0.109685,
          -0.635135,
          2.529893
        ],
        [
          0.006408,
          -0.986658,
          -0.162677,
          1.499653
        ],
        [
          0.0,
          0.0,
          0.0,
          1.0
        ]
      ]
    },
    {
      "file_path": "/media/NFS/ttao/scannet/posed_images/scene0042_01/00113.jpg",
      "transform_matrix": [
        [
          -0.634589,
          0.131156,
          -0.761639,
          5.303713
        ],
        [
          0.77285,
          0.107376,
          -0.625439,
          2.477107
        ],
        [
          -0.000248,
          -0.98553,
          -0.169504,
          1.499405
        ],
        [
          0.0,
          0.0,
          0.0,
          1.0
        ]
      ]
    },
    {
      "file_path": "/media/NFS/ttao/scannet/posed_images/scene0042_01/00116.jpg",
      "transform_matrix": [
        [
          -0.627728,
          0.145271,
          -0.764757,
          5.330192
        ],
        [
          0.77836,
          0.103697,
          -0.619195,
          2.434131
        ],
        [
          -0.010648,
          -0.983943,
          -0.178167,
          1.488065
        ],
        [
          0.0,
          0.0,
          0.0,
          1.0
        ]
      ]
    },
    {
      "file_path": "/media/NFS/ttao/scannet/posed_images/scene0042_01/00120.jpg",
      "transform_matrix": [
        [
          -0.61629,
          0.178706,
          -0.766975,
          5.354706
        ],
        [
          0.786436,
          0.088582,
          -0.611287,
          2.382168
        ],
        [
          -0.0413,
          -0.979907,
          -0.195133,
          1.469288
        ],
        [
          0.0,
          0.0,
          0.0,
          1.0
        ]
      ]
    },
    {
      "file_path": "/media/NFS/ttao/scannet/posed_images/scene0042_01/00123.jpg",
      "transform_matrix": [
        [
          -0.60882,
          0.201214,
          -0.767366,
          5.37918
        ],
        [
          0.792255,
          0.104398,
          -0.601193,
          2.326557
        ],
        [
          -0.040857,
          -0.973968,
          -0.222973,
          1.469983
        ],
        [
          0.0,
          0.0,
          0.0,
          1.0
        ]
      ]
    },
    {
      "file_path": "/media/NFS/ttao/scannet/posed_images/scene0042_01/00126.jpg",
      "transform_matrix": [
        [
          -0.600415,
          0.211699,
          -0.771158,
          5.394066
        ],
        [
          0.799062,
          0.120659,
          -0.589017,
          2.289486
        ],
        [
          -0.031647,
          -0.969858,
          -0.241606,
          1.463376
        ],
        [
          0.0,
          0.0,
          0.0,
          1.0
        ]
      ]
    },
    {
      "file_path": "/media/NFS/ttao/scannet/posed_images/scene0042_01/00131.jpg",
      "transform_matrix": [
        [
          -0.578874,
          0.249498,
          -0.776309,
          5.411605
        ],
        [
          0.814829,
          0.140847,
          -0.56233,
          2.234837
        ],
        [
          -0.030959,
          -0.958078,
          -0.284831,
          1.441483
        ],
        [
          0.0,
          0.0,
          0.0,
          1.0
        ]
      ]
    },
    {
      "file_path": "/media/NFS/ttao/scannet/posed_images/scene0042_01/00134.jpg",
      "transform_matrix": [
        [
          -0.567761,
          0.259839,
          -0.781109,
          5.41946
        ],
        [
          0.822897,
          0.153651,
          -0.547022,
          2.204779
        ],
        [
          -0.022119,
          -0.953349,
          -0.301058,
          1.426671
        ],
        [
          0.0,
          0.0,
          0.0,
          1.0
        ]
      ]
    },
    {
      "file_path": "/media/NFS/ttao/scannet/posed_images/scene0042_01/00141.jpg",
      "transform_matrix": [
        [
          -0.553299,
          0.300308,
          -0.776966,
          5.423262
        ],
        [
          0.832609,
          0.171453,
          -0.526655,
          2.166178
        ],
        [
          -0.024946,
          -0.938306,
          -0.344904,
          1.390089
        ],
        [
          0.0,
          0.0,
          0.0,
          1.0
        ]
      ]
    },
    {
      "file_path": "/media/NFS/ttao/scannet/posed_images/scene0042_01/00143.jpg",
      "transform_matrix": [
        [
          -0.553021,
          0.315521,
          -0.771113,
          5.422446
        ],
        [
          0.832499,
          0.172186,
          -0.526591,
          2.160447
        ],
        [
          -0.033376,
          -0.933166,
          -0.357893,
          1.38604
        ],
        [
          0.0,
          0.0,
          0.0,
          1.0
        ]
      ]
    },
    {
      "file_path": "/media/NFS/ttao/scannet/posed_images/scene0042_01/00147.jpg",
      "transform_matrix": [
        [
          -0.54733,
          0.34484,
          -0.762572,
          5.413168
        ],
        [
          0.835337,
          0.169122,
          -0.523078,
          2.147739
        ],
        [
          -0.05141,
          -0.9233,
          -0.380623,
          1.369755
        ],
        [
          0.0,
          0.0,
          0.0,
          1.0
        ]
      ]
    },
    {
      "file_path": "/media/NFS/ttao/scannet/posed_images/scene0042_01/00150.jpg",
      "transform_matrix": [
        [
          -0.53792,
          0.353385,
          -0.765351,
          5.401034
        ],
        [
          0.841046,
          0.163249,
          -0.515744,
          2.140154
        ],
        [
          -0.057313,
          -0.921124,
          -0.385028,
          1.3471
        ],
        [
          0.0,
          0.0,
          0.0,
          1.0
        ]
      ]
    },
    {
      "file_path": "/media/NFS/ttao/scannet/posed_images/scene0042_01/00153.jpg",
      "transform_matrix": [
        [
          -0.52304,
          0.366802,
          -0.769341,
          5.385432
        ],
        [
          0.850184,
          0.160845,
          -0.501314,
          2.122859
        ],
        [
          -0.060139,
          -0.916289,
          -0.395978,
          1.331663
        ],
        [
          0.0,
          0.0,
          0.0,
          1.0
        ]
      ]
    },
    {
      "file_path": "/media/NFS/ttao/scannet/posed_images/scene0042_01/00159.jpg",
      "transform_matrix": [
        [
          -0.519784,
          0.411717,
          -0.748541,
          5.349218
        ],
        [
          0.849066,
          0.152143,
          -0.505905,
          2.097824
        ],
        [
          -0.094405,
          -0.898522,
          -0.428656,
          1.309097
        ],
        [
          0.0,
          0.0,
          0.0,
          1.0
        ]
      ]
    },
    {
      "file_path": "/media/NFS/ttao/scannet/posed_images/scene0042_01/00164.jpg",
      "transform_matrix": [
        [
          -0.516164,
          0.433074,
          -0.738933,
          5.333456
        ],
        [
          0.85177,
          0.169102,
          -0.495876,
          2.07601
        ],
        [
          -0.089796,
          -0.885354,
          -0.456164,
          1.291701
        ],
        [
          0.0,
          0.0,
          0.0,
          1.0
        ]
      ]
    },
    {
      "file_path": "/media/NFS/ttao/scannet/posed_images/scene0042_01/00165.jpg",
      "transform_matrix": [
        [
          -0.514579,
          0.434562,
          -0.739165,
          5.32925
        ],
        [
          0.852738,
          0.169173,
          -0.494185,
          2.071527
        ],
        [
          -0.089707,
          -0.884611,
          -0.45762,
          1.289854
        ],
        [
          0.0,
          0.0,
          0.0,
          1.0
        ]
      ]
    },
    {
      "file_path": "/media/NFS/ttao/scannet/posed_images/scene0042_01/00168.jpg",
      "transform_matrix": [
        [
          -0.492654,
          0.440807,
          -0.750321,
          5.311384
        ],
        [
          0.865572,
          0.159174,
          -0.474814,
          2.048181
        ],
        [
          -0.08987,
          -0.883376,
          -0.459968,
          1.285515
        ],
        [
          0.0,
          0.0,
          0.0,
          1.0
        ]
      ]
    },
    {
      "file_path": "/media/NFS/ttao/scannet/posed_images/scene0042_01/00172.jpg",
      "transform_matrix": [
        [
          -0.451044,
          0.447041,
          -0.772473,
          5.287647
        ],
        [
          0.888929,
          0.147652,
          -0.433594,
          2.018776
        ],
        [
          -0.079777,
          -0.882243,
          -0.463985,
          1.293575
        ],
        [
          0.0,
          0.0,
          0.0,
          1.0
        ]
      ]
    },
    {
      "file_path": "/media/NFS/ttao/scannet/posed_images/scene0042_01/00179.jpg",
      "transform_matrix": [
        [
          -0.333279,
          0.445833,
          -0.830757,
          5.248511
        ],
        [
          0.94138,
          0.108542,
          -0.319409,
          1.94851
        ],
        [
          -0.052231,
          -0.888511,
          -0.455873,
          1.306146
        ],
        [
          0.0,
          0.0,
          0.0,
          1.0
        ]
      ]
    },
    {
      "file_path": "/media/NFS/ttao/scannet/posed_images/scene0042_01/00182.jpg",
      "transform_matrix": [
        [
          -0.276376,
          0.435161,
          -0.856885,
          5.22877
        ],
        [
          0.960397,
          0.092209,
          -0.262935,
          1.901329
        ],
        [
          -0.035406,
          -0.895619,
          -0.443411,
          1.315359
        ],
        [
          0.0,
          0.0,
          0.0,
          1.0
        ]
      ]
    },
    {
      "file_path": "/media/NFS/ttao/scannet/posed_images/scene0042_01/00185.jpg",
      "transform_matrix": [
        [
          -0.247873,
          0.436518,
          -0.864877,
          5.215801
        ],
        [
          0.96815,
          0.079113,
          -0.237541,
          1.869115
        ],
        [
          -0.035268,
          -0.896211,
          -0.442225,
          1.316883
        ],
        [
          0.0,
          0.0,
          0.0,
          1.0
        ]
      ]
    },
    {
      "file_path": "/media/NFS/ttao/scannet/posed_images/scene0042_01/00190.jpg",
      "transform_matrix": [
        [
          -0.199632,
          0.456281,
          -0.867153,
          5.19043
        ],
        [
          0.979459,
          0.067262,
          -0.190094,
          1.82296
        ],
        [
          -0.028409,
          -0.88729,
          -0.460336,
          1.322585
        ],
        [
          0.0,
          0.0,
          0.0,
          1.0
        ]
      ]
    },
    {
      "file_path": "/media/NFS/ttao/scannet/posed_images/scene0042_01/00192.jpg",
      "transform_matrix": [
        [
          -0.191955,
          0.460647,
          -0.866578,
          5.183367
        ],
        [
          0.981015,
          0.065206,
          -0.182642,
          1.810649
        ],
        [
          -0.027627,
          -0.885185,
          -0.464418,
          1.318901
        ],
        [
          0.0,
          0.0,
          0.0,
          1.0
        ]
      ]
    },
    {
      "file_path": "/media/NFS/ttao/scannet/posed_images/scene0042_01/00196.jpg",
      "transform_matrix": [
        [
          -0.179189,
          0.464025,
          -0.867509,
          5.166921
        ],
        [
          0.983507,
          0.062443,
          -0.169749,
          1.787125
        ],
        [
          -0.024598,
          -0.883618,
          -0.467561,
          1.318154
        ],
        [
          0.0,
          0.0,
          0.0,
          1.0
        ]
      ]
    },
    {
      "file_path": "/media/NFS/ttao/scannet/posed_images/scene0042_01/00200.jpg",
      "transform_matrix": [
        [
          -0.176104,
          0.464582,
          -0.867842,
          5.153663
        ],
        [
          0.984117,
          0.063053,
          -0.165944,
          1.774652
        ],
        [
          -0.022374,
          -0.883282,
          -0.468307,
          1.316661
        ],
        [
          0.0,
          0.0,
          0.0,
          1.0
        ]
      ]
    },
    {
      "file_path": "/media/NFS/ttao/scannet/posed_images/scene0042_01/00203.jpg",
      "transform_matrix": [
        [
          -0.170235,
          0.469689,
          -0.866263,
          5.138949
        ],
        [
          0.985151,
          0.061231,
          -0.160398,
          1.772825
        ],
        [
          -0.022295,
          -0.880706,
          -0.473139,
          1.31743
        ],
        [
          0.0,
          0.0,
          0.0,
          1.0
        ]
      ]
    },
    {
      "file_path": "/media/NFS/ttao/scannet/posed_images/scene0042_01/00206.jpg",
      "transform_matrix": [
        [
          -0.162774,
          0.463441,
          -0.87105,
          5.12311
        ],
        [
          0.98637,
          0.054914,
          -0.155107,
          1.773124
        ],
        [
          -0.02405,
          -0.884425,
          -0.466063,
          1.319374
        ],
        [
          0.0,
          0.0,
          0.0,
          1.0
        ]
      ]
    },
    {
      "file_path": "/media/NFS/ttao/scannet/posed_images/scene0042_01/00211.jpg",
      "transform_matrix": [
        [
          -0.153111,
          0.443812,
          -0.882943,
          5.076867
        ],
        [
          0.98784,
          0.044311,
          -0.149029,
          1.778034
        ],
        [
          -0.027017,
          -0.895024,
          -0.445199,
          1.328385
        ],
        [
          0.0,
          0.0,
          0.0,
          1.0
        ]
      ]
    },
    {
      "file_path": "/media/NFS/ttao/scannet/posed_images/scene0042_01/00215.jpg",
      "transform_matrix": [
        [
          -0.181107,
          0.416078,
          -0.891111,
          5.049501
        ],
        [
          0.982447,
          0.035354,
          -0.183162,
          1.776688
        ],
        [
          -0.044706,
          -0.908641,
          -0.415177,
          1.335952
        ],
        [
          0.0,
          0.0,
          0.0,
          1.0
        ]
      ]
    },
    {
      "file_path": "/media/NFS/ttao/scannet/posed_images/scene0042_01/00221.jpg",
      "transform_matrix": [
        [
          -0.18271,
          0.397104,
          -0.899403,
          5.011429
        ],
        [
          0.982411,
          0.037883,
          -0.182847,
          1.764663
        ],
        [
          -0.038537,
          -0.916992,
          -0.397041,
          1.347461
        ],
        [
          0.0,
          0.0,
          0.0,
          1.0
        ]
      ]
    },
    {
      "file_path": "/media/NFS/ttao/scannet/posed_images/scene0042_01/00225.jpg",
      "transform_matrix": [
        [
          -0.170716,
          0.402773,
          -0.899238,
          4.979877
        ],
        [
          0.985178,
          0.054269,
          -0.162724,
          1.754414
        ],
        [
          -0.01674,
          -0.913689,
          -0.406068,
          1.345437
        ],
        [
          0.0,
          0.0,
          0.0,
          1.0
        ]
      ]
    },
    {
      "file_path": "/media/NFS/ttao/scannet/posed_images/scene0042_01/00226.jpg",
      "transform_matrix": [
        [
          -0.164657,
          0.406243,
          -0.898808,
          4.972883
        ],
        [
          0.986265,
          0.055775,
          -0.155469,
          1.75021
        ],
        [
          -0.013027,
          -0.912061,
          -0.409847,
          1.34382
        ],
        [
          0.0,
          0.0,
          0.0,
          1.0
        ]
      ]
    },
    {
      "file_path": "/media/NFS/ttao/scannet/posed_images/scene0042_01/00233.jpg",
      "transform_matrix": [
        [
          -0.100791,
          0.446389,
          -0.889144,
          4.926763
        ],
        [
          0.99484,
          0.055627,
          -0.084846,
          1.693089
        ],
        [
          0.011586,
          -0.893108,
          -0.449693,
          1.350904
        ],
        [
          0.0,
          0.0,
          0.0,
          1.0
        ]
      ]
    },
    {
      "file_path": "/media/NFS/ttao/scannet/posed_images/scene0042_01/00236.jpg",
      "transform_matrix": [
        [
          -0.063626,
          0.474428,
          -0.877992,
          4.899164
        ],
        [
          0.997908,
          0.020167,
          -0.061419,
          1.641212
        ],
        [
          -0.011432,
          -0.880063,
          -0.474719,
          1.356083
        ],
        [
          0.0,
          0.0,
          0.0,
          1.0
        ]
      ]
    },
    {
      "file_path": "/media/NFS/ttao/scannet/posed_images/scene0042_01/00240.jpg",
      "transform_matrix": [
        [
          -0.004246,
          0.472544,
          -0.881297,
          4.875691
        ],
        [
          0.999914,
          0.012958,
          0.00213,
          1.575276
        ],
        [
          0.012427,
          -0.881212,
          -0.472558,
          1.356575
        ],
        [
          0.0,
          0.0,
          0.0,
          1.0
        ]
      ]
    },
    {
      "file_path": "/media/NFS/ttao/scannet/posed_images/scene0042_01/00241.jpg",
      "transform_matrix": [
        [
          0.006869,
          0.477363,
          -0.87868,
          4.868883
        ],
        [
          0.999841,
          0.011196,
          0.013899,
          1.563319
        ],
        [
          0.016473,
          -0.878635,
          -0.47721,
          1.360908
        ],
        [
          0.0,
          0.0,
          0.0,
          1.0
        ]
      ]
    },
    {
      "file_path": "/media/NFS/ttao/scannet/posed_images/scene0042_01/00247.jpg",
      "transform_matrix": [
        [
          0.042929,
          0.453958,
          -0.889988,
          4.843923
        ],
        [
          0.9983,
          0.015661,
          0.056142,
          1.489946
        ],
        [
          0.039424,
          -0.890885,
          -0.452514,
          1.366876
        ],
        [
          0.0,
          0.0,
          0.0,
          1.0
        ]
      ]
    },
    {
      "file_path": "/media/NFS/ttao/scannet/posed_images/scene0042_01/00251.jpg",
      "transform_matrix": [
        [
          0.08011,
          0.431079,
          -0.898751,
          4.825214
        ],
        [
          0.995946,
          0.002396,
          0.089922,
          1.444905
        ],
        [
          0.040917,
          -0.902311,
          -0.429139,
          1.374824
        ],
        [
          0.0,
          0.0,
          0.0,
          1.0
        ]
      ]
    },
    {
      "file_path": "/media/NFS/ttao/scannet/posed_images/scene0042_01/00252.jpg",
      "transform_matrix": [
        [
          0.086842,
          0.429622,
          -0.898823,
          4.820678
        ],
        [
          0.995504,
          -0.003159,
          0.094673,
          1.439402
        ],
        [
          0.037834,
          -0.903003,
          -0.427965,
          1.377071
        ],
        [
          0.0,
          0.0,
          0.0,
          1.0
        ]
      ]
    },
    {
      "file_path": "/media/NFS/ttao/scannet/posed_images/scene0042_01/00258.jpg",
      "transform_matrix": [
        [
          0.08144,
          0.390848,
          -0.916845,
          4.806408
        ],
        [
          0.996526,
          -0.015868,
          0.081753,
          1.411458
        ],
        [
          0.017404,
          -0.920318,
          -0.390783,
          1.394241
        ],
        [
          0.0,
          0.0,
          0.0,
          1.0
        ]
      ]
    },
    {
      "file_path": "/media/NFS/ttao/scannet/posed_images/scene0042_01/00260.jpg",
      "transform_matrix": [
        [
          0.085584,
          0.392543,
          -0.915743,
          4.79875
        ],
        [
          0.99598,
          -0.009318,
          0.089089,
          1.404842
        ],
        [
          0.026438,
          -0.919686,
          -0.391763,
          1.415945
        ],
        [
          0.0,
          0.0,
          0.0,
          1.0
        ]
      ]
    },
    {
      "file_path": "/media/NFS/ttao/scannet/posed_images/scene0042_01/00264.jpg",
      "transform_matrix": [
        [
          0.100587,
          0.374061,
          -0.921933,
          4.787556
        ],
        [
          0.994832,
          -0.024946,
          0.098419,
          1.410707
        ],
        [
          0.013816,
          -0.927068,
          -0.374638,
          1.439867
        ],
        [
          0.0,
          0.0,
          0.0,
          1.0
        ]
      ]
    },
    {
      "file_path": "/media/NFS/ttao/scannet/posed_images/scene0042_01/00271.jpg",
      "transform_matrix": [
        [
          0.118117,
          0.328403,
          -0.937123,
          4.783699
        ],
        [
          0.992962,
          -0.047301,
          0.108579,
          1.423314
        ],
        [
          -0.008669,
          -0.943352,
          -0.331679,
          1.460189
        ],
        [
          0.0,
          0.0,
          0.0,
          1.0
        ]
      ]
    },
    {
      "file_path": "/media/NFS/ttao/scannet/posed_images/scene0042_01/00272.jpg",
      "transform_matrix": [
        [
          0.118297,
          0.328847,
          -0.936945,
          4.783435
        ],
        [
          0.992922,
          -0.049222,
          0.108088,
          1.425393
        ],
        [
          -0.010574,
          -0.943099,
          -0.332343,
          1.460614
        ],
        [
          0.0,
          0.0,
          0.0,
          1.0
        ]
      ]
    },
    {
      "file_path": "/media/NFS/ttao/scannet/posed_images/scene0042_01/00275.jpg",
      "transform_matrix": [
        [
          0.105021,
          0.351691,
          -0.930206,
          4.783286
        ],
        [
          0.994423,
          -0.04625,
          0.094785,
          1.429597
        ],
        [
          -0.009687,
          -0.934973,
          -0.354587,
          1.450548
        ],
        [
          0.0,
          0.0,
          0.0,
          1.0
        ]
      ]
    },
    {
      "file_path": "/media/NFS/ttao/scannet/posed_images/scene0042_01/00280.jpg",
      "transform_matrix": [
        [
          0.04676,
          0.410583,
          -0.910624,
          4.790154
        ],
        [
          0.998785,
          -0.005005,
          0.04903,
          1.432496
        ],
        [
          0.015573,
          -0.91181,
          -0.410318,
          1.42816
        ],
        [
          0.0,
          0.0,
          0.0,
          1.0
        ]
      ]
    },
    {
      "file_path": "/media/NFS/ttao/scannet/posed_images/scene0042_01/00285.jpg",
      "transform_matrix": [
        [
          -0.077391,
          0.433742,
          -0.897707,
          4.812188
        ],
        [
          0.996552,
          0.060679,
          -0.056594,
          1.464869
        ],
        [
          0.029925,
          -0.898992,
          -0.436942,
          1.403441
        ],
        [
          0.0,
          0.0,
          0.0,
          1.0
        ]
      ]
    },
    {
      "file_path": "/media/NFS/ttao/scannet/posed_images/scene0042_01/00290.jpg",
      "transform_matrix": [
        [
          -0.229405,
          0.442184,
          -0.867091,
          4.833479
        ],
        [
          0.972895,
          0.130838,
          -0.190676,
          1.539497
        ],
        [
          0.029134,
          -0.88733,
          -0.460214,
          1.37773
        ],
        [
          0.0,
          0.0,
          0.0,
          1.0
        ]
      ]
    },
    {
      "file_path": "/media/NFS/ttao/scannet/posed_images/scene0042_01/00294.jpg",
      "transform_matrix": [
        [
          -0.343716,
          0.42451,
          -0.837646,
          4.845048
        ],
        [
          0.939008,
          0.165937,
          -0.301214,
          1.617432
        ],
        [
          0.011128,
          -0.890088,
          -0.455654,
          1.375015
        ],
        [
          0.0,
          0.0,
          0.0,
          1.0
        ]
      ]
    },
    {
      "file_path": "/media/NFS/ttao/scannet/posed_images/scene0042_01/00296.jpg",
      "transform_matrix": [
        [
          -0.410191,
          0.401922,
          -0.818659,
          4.854355
        ],
        [
          0.911827,
          0.198186,
          -0.359574,
          1.653296
        ],
        [
          0.017726,
          -0.893969,
