{
  "frames": [
    {
      "file_path": "/media/NFS/ttao/scannet/posed_images/scene0435_01/00006.jpg",
      "transform_matrix": [
        [
          0.810902,
          -0.098966,
          0.576753,
          5.189368
        ],
        [
          -0.585115,
          -0.122197,
          0.801691,
          2.302242
        ],
        [
          -0.008862,
          -0.98756,
          -0.156996,
          1.436003
        ],
        [
          0.0,
          0.0,
          0.0,
          1.0
        ]
      ]
    },
    {
      "file_path": "/media/NFS/ttao/scannet/posed_images/scene0435_01/00016.jpg",
      "transform_matrix": [
        [
          0.817859,
          -0.074608,
          0.570562,
          5.197398
        ],
        [
          -0.575394,
          -0.096868,
          0.812119,
          2.298897
        ],
        [
          -0.005321,
          -0.992497,
          -0.122154,
          1.447857
        ],
        [
          0.0,
          0.0,
          0.0,
          1.0
        ]
      ]
    },
    {
      "file_path": "/media/NFS/ttao/scannet/posed_images/scene0435_01/00026.jpg",
      "transform_matrix": [
        [
          0.800691,
          -0.151548,
          0.579593,
          5.214152
        ],
        [
          -0.597561,
          -0.133239,
          0.790676,
          2.313628
        ],
        [
          -0.042601,
          -0.979429,
          -0.197242,
          1.411026
        ],
        [
          0.0,
          0.0,
          0.0,
          1.0
        ]
      ]
    },
    {
      "file_path": "/media/NFS/ttao/scannet/posed_images/scene0435_01/00039.jpg",
      "transform_matrix": [
        [
          0.786115,
          -0.217532,
          0.578535,
          5.228763
        ],
        [
          -0.61785,
          -0.251038,
          0.745145,
          2.331805
        ],
        [
          -0.016859,
          -0.943218,
          -0.331747,
          1.366749
        ],
        [
          0.0,
          0.0,
          0.0,
          1.0
        ]
      ]
    },
    {
      "file_path": "/media/NFS/ttao/scannet/posed_images/scene0435_01/00045.jpg",
      "transform_matrix": [
        [
          0.775779,
          -0.210963,
          0.594694,
          5.223572
        ],
        [
          -0.630775,
          -0.233847,
          0.739891,
          2.325956
        ],
        [
          -0.017022,
          -0.94911,
          -0.314484,
          1.367531
        ],
        [
          0.0,
          0.0,
          0.0,
          1.0
        ]
      ]
    },
    {
      "file_path": "/media/NFS/ttao/scannet/posed_images/scene0435_01/00058.jpg",
      "transform_matrix": [
        [
          0.744453,
          -0.245272,
          0.620992,
          5.196397
        ],
        [
          -0.667627,
          -0.284578,
          0.68796,
          2.311198
        ],
        [
          0.007983,
          -0.926745,
          -0.375605,
          1.322638
        ],
        [
          0.0,
          0.0,
          0.0,
          1.0
        ]
      ]
    },
    {
      "file_path": "/media/NFS/ttao/scannet/posed_images/scene0435_01/00071.jpg",
      "transform_matrix": [
        [
          0.663132,
          -0.283202,
          0.692858,
          5.171273
        ],
        [
          -0.747699,
          -0.293513,
          0.595648,
          2.327276
        ],
        [
          0.034674,
          -0.913042,
          -0.406388,
          1.347373
        ],
        [
          0.0,
          0.0,
          0.0,
          1.0
        ]
      ]
    },
    {
      "file_path": "/media/NFS/ttao/scannet/posed_images/scene0435_01/00081.jpg",
      "transform_matrix": [
        [
          0.627211,
          -0.283048,
          0.725597,
          5.183892
        ],
        [
          -0.778283,
          -0.263305,
          0.57004,
          2.332676
        ],
        [
          0.029704,
          -0.922255,
          -0.385439,
          1.368889
        ],
        [
          0.0,
          0.0,
          0.0,
          1.0
        ]
      ]
    },
    {
      "file_path": "/media/NFS/ttao/scannet/posed_images/scene0435_01/00091.jpg",
      "transform_matrix": [
        [
          0.583657,
          -0.290772,
          0.758153,
          5.257378
        ],
        [
          -0.811826,
          -0.228276,
          0.537427,
          2.309475
        ],
        [
          0.016799,
          -0.929162,
          -0.369291,
          1.389223
        ],
        [
          0.0,
          0.0,
          0.0,
          1.0
        ]
      ]
    },
    {
      "file_path": "/media/NFS/ttao/scannet/posed_images/scene0435_01/00097.jpg",
      "transform_matrix": [
        [
          0.579053,
          -0.303246,
          0.756795,
          5.290577
        ],
        [
          -0.815237,
          -0.22591,
          0.533248,
          2.295004
        ],
        [
          0.009262,
          -0.925747,
          -0.378031,
          1.386364
        ],
        [
          0.0,
          0.0,
          0.0,
          1.0
        ]
      ]
    },
    {
      "file_path": "/media/NFS/ttao/scannet/posed_images/scene0435_01/00113.jpg",
      "transform_matrix": [
        [
          0.434446,
          -0.336769,
          0.83537,
          5.330312
        ],
        [
          -0.900419,
          -0.185456,
          0.393512,
          2.281542
        ],
        [
          0.022402,
          -0.923143,
          -0.383804,
          1.395367
        ],
        [
          0.0,
          0.0,
          0.0,
          1.0
        ]
      ]
    },
    {
      "file_path": "/media/NFS/ttao/scannet/posed_images/scene0435_01/00120.jpg",
      "transform_matrix": [
        [
          0.36376,
          -0.34228,
          0.866327,
          5.321152
        ],
        [
          -0.930768,
          -0.170245,
          0.323555,
          2.266838
        ],
        [
          0.036742,
          -0.924046,
          -0.380512,
          1.398612
        ],
        [
          0.0,
          0.0,
          0.0,
          1.0
        ]
      ]
    },
    {
      "file_path": "/media/NFS/ttao/scannet/posed_images/scene0435_01/00130.jpg",
      "transform_matrix": [
        [
          0.291522,
          -0.34622,
          0.89171,
          5.297014
        ],
        [
          -0.955881,
          -0.140666,
          0.257885,
          2.268904
        ],
        [
          0.036148,
          -0.927548,
          -0.371953,
          1.417095
        ],
        [
          0.0,
          0.0,
          0.0,
          1.0
        ]
      ]
    },
    {
      "file_path": "/media/NFS/ttao/scannet/posed_images/scene0435_01/00146.jpg",
      "transform_matrix": [
        [
          0.265518,
          -0.338157,
          0.902857,
          5.291667
        ],
        [
          -0.963594,
          -0.12358,
          0.237094,
          2.19356
        ],
        [
          0.0314,
          -0.932941,
          -0.358659,
          1.410315
        ],
        [
          0.0,
          0.0,
          0.0,
          1.0
        ]
      ]
    },
    {
      "file_path": "/media/NFS/ttao/scannet/posed_images/scene0435_01/00149.jpg",
      "transform_matrix": [
        [
          0.280904,
          -0.341799,
          0.896809,
          5.306315
        ],
        [
          -0.959211,
          -0.130885,
          0.250565,
          2.162771
        ],
        [
          0.031736,
          -0.930614,
          -0.364623,
          1.406126
        ],
        [
          0.0,
          0.0,
          0.0,
          1.0
        ]
      ]
    },
    {
      "file_path": "/media/NFS/ttao/scannet/posed_images/scene0435_01/00162.jpg",
      "transform_matrix": [
        [
          0.242675,
          -0.330852,
          0.911946,
          5.326081
        ],
        [
          -0.969774,
          -0.107378,
          0.219107,
          2.172686
        ],
        [
          0.025431,
          -0.937554,
          -0.346909,
          1.416139
        ],
        [
          0.0,
          0.0,
          0.0,
          1.0
        ]
      ]
    },
    {
      "file_path": "/media/NFS/ttao/scannet/posed_images/scene0435_01/00178.jpg",
      "transform_matrix": [
        [
          0.34862,
          -0.316864,
          0.882078,
          5.264752
        ],
        [
          -0.936276,
          -0.160935,
          0.312229,
          2.375425
        ],
        [
          0.043023,
          -0.934718,
          -0.352777,
          1.393424
        ],
        [
          0.0,
          0.0,
          0.0,
          1.0
        ]
      ]
    },
    {
      "file_path": "/media/NFS/ttao/scannet/posed_images/scene0435_01/00188.jpg",
      "transform_matrix": [
        [
          0.412117,
          -0.310029,
          0.856762,
          5.174915
        ],
        [
          -0.910292,
          -0.180435,
          0.372573,
          2.533378
        ],
        [
          0.039082,
          -0.933448,
          -0.356577,
          1.363874
        ],
        [
          0.0,
          0.0,
          0.0,
          1.0
        ]
      ]
    },
    {
      "file_path": "/media/NFS/ttao/scannet/posed_images/scene0435_01/00195.jpg",
      "transform_matrix": [
        [
          0.489745,
          -0.282059,
          0.82498,
          5.134318
        ],
        [
          -0.870135,
          -0.21772,
          0.442112,
          2.594265
        ],
        [
          0.054913,
          -0.934367,
          -0.352057,
          1.343131
        ],
        [
          0.0,
          0.0,
          0.0,
          1.0
        ]
      ]
    },
    {
      "file_path": "/media/NFS/ttao/scannet/posed_images/scene0435_01/00207.jpg",
      "transform_matrix": [
        [
          0.629241,
          -0.272278,
          0.727957,
          5.120076
        ],
        [
          -0.776423,
          -0.262366,
          0.573002,
          2.693793
        ],
        [
          0.034975,
          -0.925759,
          -0.376494,
          1.311558
        ],
        [
          0.0,
          0.0,
          0.0,
          1.0
        ]
      ]
    },
    {
      "file_path": "/media/NFS/ttao/scannet/posed_images/scene0435_01/00220.jpg",
      "transform_matrix": [
        [
          0.696275,
          -0.271759,
          0.66434,
          5.125168
        ],
        [
          -0.717621,
          -0.282751,
          0.636453,
          2.819583
        ],
        [
          0.014881,
          -0.919891,
          -0.391893,
          1.30187
        ],
        [
          0.0,
          0.0,
          0.0,
          1.0
        ]
      ]
    },
    {
      "file_path": "/media/NFS/ttao/scannet/posed_images/scene0435_01/00224.jpg",
      "transform_matrix": [
        [
          0.706226,
          -0.259796,
          0.658598,
          5.100228
        ],
        [
          -0.707728,
          -0.284224,
          0.646791,
          2.865789
        ],
        [
          0.019155,
          -0.922888,
          -0.384591,
          1.309555
        ],
        [
          0.0,
          0.0,
          0.0,
          1.0
        ]
      ]
    },
    {
      "file_path": "/media/NFS/ttao/scannet/posed_images/scene0435_01/00237.jpg",
      "transform_matrix": [
        [
          0.646298,
          -0.330795,
          0.687658,
          4.987398
        ],
        [
          -0.762974,
          -0.295522,
          0.574924,
          3.0052
        ],
        [
          0.013036,
          -0.896237,
          -0.443383,
          1.316561
        ],
        [
          0.0,
          0.0,
          0.0,
          1.0
        ]
      ]
    },
    {
      "file_path": "/media/NFS/ttao/scannet/posed_images/scene0435_01/00246.jpg",
      "transform_matrix": [
        [
          0.594694,
          -0.369102,
          0.714214,
          4.966832
        ],
        [
          -0.803924,
          -0.280381,
          0.524493,
          3.107042
        ],
        [
          0.006661,
          -0.886087,
          -0.463471,
          1.291814
        ],
        [
          0.0,
          0.0,
          0.0,
          1.0
        ]
      ]
    },
    {
      "file_path": "/media/NFS/ttao/scannet/posed_images/scene0435_01/00263.jpg",
      "transform_matrix": [
        [
          0.441367,
          -0.396101,
          0.80517,
          5.031291
        ],
        [
          -0.897325,
          -0.196404,
          0.395263,
          3.316412
        ],
        [
          0.001574,
          -0.896956,
          -0.442117,
          1.316241
        ],
        [
          0.0,
          0.0,
          0.0,
          1.0
        ]
      ]
    },
    {
      "file_path": "/media/NFS/ttao/scannet/posed_images/scene0435_01/00276.jpg",
      "transform_matrix": [
        [
          0.28356,
          -0.420026,
          0.862074,
          5.008903
        ],
        [
          -0.958747,
          -0.142862,
          0.245752,
          3.501708
        ],
        [
          0.019935,
          -0.896197,
          -0.443208,
          1.35504
        ],
        [
          0.0,
          0.0,
          0.0,
          1.0
        ]
      ]
    },
    {
      "file_path": "/media/NFS/ttao/scannet/posed_images/scene0435_01/00279.jpg",
      "transform_matrix": [
        [
          0.262115,
          -0.414775,
          0.871354,
          5.004122
        ],
        [
          -0.964505,
          -0.142569,
          0.222271,
          3.54541
        ],
        [
          0.032036,
          -0.898686,
          -0.437422,
          1.370723
        ],
        [
          0.0,
          0.0,
          0.0,
          1.0
        ]
      ]
    },
    {
      "file_path": "/media/NFS/ttao/scannet/posed_images/scene0435_01/00289.jpg",
      "transform_matrix": [
        [
          0.234529,
          -0.355551,
          0.904754,
          5.041043
        ],
        [
          -0.971564,
          -0.116885,
          0.205914,
          3.618165
        ],
        [
          0.032539,
          -0.92732,
          -0.372853,
          1.408239
        ],
        [
          0.0,
          0.0,
          0.0,
          1.0
        ]
      ]
    },
    {
      "file_path": "/media/NFS/ttao/scannet/posed_images/scene0435_01/00308.jpg",
      "transform_matrix": [
        [
          0.140686,
          -0.340204,
          0.929768,
          5.252447
        ],
        [
          -0.990037,
          -0.053893,
          0.130086,
          3.68802
        ],
        [
          0.005852,
          -0.938806,
          -0.344397,
          1.426085
        ],
        [
          0.0,
          0.0,
          0.0,
          1.0
        ]
      ]
    },
    {
      "file_path": "/media/NFS/ttao/scannet/posed_images/scene0435_01/00311.jpg",
      "transform_matrix": [
        [
          0.123103,
          -0.344829,
          0.930558,
          5.27947
        ],
        [
          -0.992392,
          -0.044306,
          0.114865,
          3.686006
        ],
        [
          0.00162,
          -0.937619,
          -0.34766,
          1.424236
        ],
        [
          0.0,
          0.0,
          0.0,
          1.0
        ]
      ]
    },
    {
      "file_path": "/media/NFS/ttao/scannet/posed_images/scene0435_01/00321.jpg",
      "transform_matrix": [
        [
          0.006913,
          -0.368702,
          0.929522,
          5.352332
        ],
        [
          -0.999976,
          -0.001586,
          0.006808,
          3.730824
        ],
        [
          -0.001036,
          -0.929547,
          -0.368704,
          1.421274
        ],
        [
          0.0,
          0.0,
          0.0,
          1.0
        ]
      ]
    },
    {
      "file_path": "/media/NFS/ttao/scannet/posed_images/scene0435_01/00340.jpg",
      "transform_matrix": [
        [
          -0.29519,
          -0.365101,
          0.882929,
          5.456652
        ],
        [
          -0.955265,
          0.130411,
          -0.265448,
          3.902967
        ],
        [
          -0.018228,
          -0.921789,
          -0.387264,
          1.429363
        ],
        [
          0.0,
          0.0,
          0.0,
          1.0
        ]
      ]
    },
    {
      "file_path": "/media/NFS/ttao/scannet/posed_images/scene0435_01/00347.jpg",
      "transform_matrix": [
        [
          -0.347317,
          -0.372023,
          0.860796,
          5.471693
        ],
        [
          -0.937722,
          0.130938,
          -0.321766,
          3.93549
        ],
        [
          0.006993,
          -0.918942,
          -0.394331,
          1.422789
        ],
        [
          0.0,
          0.0,
          0.0,
          1.0
        ]
      ]
    },
    {
      "file_path": "/media/NFS/ttao/scannet/posed_images/scene0435_01/00353.jpg",
      "transform_matrix": [
        [
          -0.373907,
          -0.374069,
          0.848685,
          5.467326
        ],
        [
          -0.927393,
          0.139305,
          -0.347183,
          3.944888
        ],
        [
          0.011644,
          -0.916879,
          -0.398997,
          1.417545
        ],
        [
          0.0,
          0.0,
          0.0,
          1.0
        ]
      ]
    },
    {
      "file_path": "/media/NFS/ttao/scannet/posed_images/scene0435_01/00373.jpg",
      "transform_matrix": [
        [
          -0.49346,
          -0.354415,
          0.794284,
          5.367585
        ],
        [
          -0.869694,
          0.21306,
          -0.44524,
          3.851529
        ],
        [
          -0.01143,
          -0.910492,
          -0.413369,
          1.410776
        ],
        [
          0.0,
          0.0,
          0.0,
          1.0
        ]
      ]
    },
    {
      "file_path": "/media/NFS/ttao/scannet/posed_images/scene0435_01/00383.jpg",
      "transform_matrix": [
        [
          -0.525055,
          -0.348564,
          0.776415,
          5.326217
        ],
        [
          -0.850966,
          0.229142,
          -0.4726,
          3.852886
        ],
        [
          -0.013177,
          -0.908844,
          -0.416929,
          1.408828
        ],
        [
          0.0,
          0.0,
          0.0,
          1.0
        ]
      ]
    },
    {
      "file_path": "/media/NFS/ttao/scannet/posed_images/scene0435_01/00386.jpg",
      "transform_matrix": [
        [
          -0.531617,
          -0.354886,
          0.769051,
          5.324997
        ],
        [
          -0.846952,
          0.23075,
          -0.478985,
          3.860085
        ],
        [
          -0.007474,
          -0.905986,
          -0.423242,
          1.409643
        ],
        [
          0.0,
          0.0,
          0.0,
          1.0
        ]
      ]
    },
    {
      "file_path": "/media/NFS/ttao/scannet/posed_images/scene0435_01/00405.jpg",
      "transform_matrix": [
        [
          -0.630184,
          -0.372038,
          0.68151,
          5.327967
        ],
        [
          -0.776384,
          0.290829,
          -0.559149,
          3.931974
        ],
        [
          0.009822,
          -0.88148,
          -0.47212,
          1.381583
        ],
        [
          0.0,
          0.0,
          0.0,
          1.0
        ]
      ]
    },
    {
      "file_path": "/media/NFS/ttao/scannet/posed_images/scene0435_01/00408.jpg",
      "transform_matrix": [
        [
          -0.631243,
          -0.38101,
          0.675547,
          5.320885
        ],
        [
          -0.775478,
          0.295603,
          -0.5579,
          3.939946
        ],
        [
          0.012872,
          -0.876042,
          -0.482062,
          1.372071
        ],
        [
          0.0,
          0.0,
          0.0,
          1.0
        ]
      ]
    },
    {
      "file_path": "/media/NFS/ttao/scannet/posed_images/scene0435_01/00418.jpg",
      "transform_matrix": [
        [
          -0.604554,
          -0.421542,
          0.675882,
          5.279095
        ],
        [
          -0.796411,
          0.303203,
          -0.523257,
          3.928765
        ],
        [
          0.015646,
          -0.854617,
          -0.519023,
          1.361478
        ],
        [
          0.0,
          0.0,
          0.0,
          1.0
        ]
      ]
    },
    {
      "file_path": "/media/NFS/ttao/scannet/posed_images/scene0435_01/00434.jpg",
      "transform_matrix": [
        [
          -0.561581,
          -0.345455,
          0.751856,
          5.131219
        ],
        [
          -0.826779,
          0.270098,
          -0.49344,
          3.762968
        ],
        [
          -0.032614,
          -0.898726,
          -0.437297,
          1.40781
        ],
        [
          0.0,
          0.0,
          0.0,
          1.0
        ]
      ]
    },
    {
      "file_path": "/media/NFS/ttao/scannet/posed_images/scene0435_01/00441.jpg",
      "transform_matrix": [
        [
          -0.577175,
          -0.302409,
          0.758563,
          5.102068
        ],
        [
          -0.813498,
          0.294065,
          -0.501743,
          3.695396
        ],
        [
          -0.071335,
          -0.906683,
          -0.415736,
          1.408799
        ],
        [
          0.0,
          0.0,
          0.0,
          1.0
        ]
      ]
    },
    {
      "file_path": "/media/NFS/ttao/scannet/posed_images/scene0435_01/00460.jpg",
      "transform_matrix": [
        [
          -0.665262,
          -0.276714,
          0.693438,
          5.268032
        ],
        [
          -0.746578,
          0.255239,
          -0.61439,
          3.590481
        ],
        [
          -0.006982,
          -0.926436,
          -0.376389,
          1.413235
        ],
        [
          0.0,
          0.0,
          0.0,
          1.0
        ]
      ]
    },
    {
      "file_path": "/media/NFS/ttao/scannet/posed_images/scene0435_01/00467.jpg",
      "transform_matrix": [
        [
          -0.669834,
          -0.275326,
          0.689578,
          5.328894
        ],
        [
          -0.742434,
          0.261718,
          -0.616681,
          3.550307
        ],
        [
          -0.010687,
          -0.92504,
          -0.379719,
          1.415758
        ],
        [
          0.0,
          0.0,
          0.0,
          1.0
        ]
      ]
    },
    {
      "file_path": "/media/NFS/ttao/scannet/posed_images/scene0435_01/00473.jpg",
      "transform_matrix": [
        [
          -0.683351,
          -0.272172,
          0.677461,
          5.377814
        ],
        [
          -0.729957,
          0.272417,
          -0.626859,
          3.509221
        ],
        [
          -0.013939,
          -0.922882,
          -0.384831,
          1.418255
        ],
        [
          0.0,
          0.0,
          0.0,
          1.0
        ]
      ]
    },
    {
      "file_path": "/media/NFS/ttao/scannet/posed_images/scene0435_01/00493.jpg",
      "transform_matrix": [
        [
          -0.618858,
          -0.243585,
          0.746781,
          5.504183
        ],
        [
          -0.781744,
          0.283895,
          -0.55523,
          3.256616
        ],
        [
          -0.076761,
          -0.9274,
          -0.366111,
          1.435692
        ],
        [
          0.0,
          0.0,
          0.0,
          1.0
        ]
      ]
    },
    {
      "file_path": "/media/NFS/ttao/scannet/posed_images/scene0435_01/00499.jpg",
      "transform_matrix": [
        [
          -0.597696,
          -0.252295,
          0.760991,
          5.563784
        ],
        [
          -0.797665,
          0.282519,
          -0.532835,
          3.206977
        ],
        [
          -0.080563,
          -0.925489,
          -0.370108,
          1.442468
        ],
        [
          0.0,
          0.0,
          0.0,
          1.0
        ]
      ]
    },
    {
      "file_path": "/media/NFS/ttao/scannet/posed_images/scene0435_01/00506.jpg",
      "transform_matrix": [
        [
          -0.603486,
          -0.258135,
          0.754434,
          5.656719
        ],
        [
          -0.795109,
          0.26607,
          -0.544985,
          3.17231
        ],
        [
          -0.060052,
          -0.928748,
          -0.365815,
          1.421708
        ],
        [
          0.0,
          0.0,
          0.0,
          1.0
        ]
      ]
    },
    {
      "file_path": "/media/NFS/ttao/scannet/posed_images/scene0435_01/00525.jpg",
      "transform_matrix": [
        [
          -0.687313,
          -0.266891,
          0.675551,
          6.027694
        ],
        [
          -0.726149,
          0.274951,
          -0.630166,
          3.116097
        ],
        [
          -0.017557,
          -0.923673,
          -0.38278,
          1.38167
        ],
        [
          0.0,
          0.0,
          0.0,
          1.0
        ]
      ]
    },
    {
      "file_path": "/media/NFS/ttao/scannet/posed_images/scene0435_01/00532.jpg",
      "transform_matrix": [
        [
          -0.726004,
          -0.24422,
          0.642864,
          6.161399
        ],
        [
          -0.687244,
          0.291328,
          -0.66545,
          3.063227
        ],
        [
          -0.024768,
          -0.924924,
          -0.379345,
          1.335064
        ],
        [
          0.0,
          0.0,
          0.0,
          1.0
        ]
      ]
    },
    {
      "file_path": "/media/NFS/ttao/scannet/posed_images/scene0435_01/00545.jpg",
      "transform_matrix": [
        [
          -0.808719,
          -0.237117,
          0.538283,
          6.41832
        ],
        [
          -0.588122,
          0.311646,
          -0.746317,
          2.982022
        ],
        [
          0.009211,
          -0.920137,
          -0.391488,
          1.332032
        ],
        [
          0.0,
          0.0,
          0.0,
          1.0
        ]
      ]
    },
    {
      "file_path": "/media/NFS/ttao/scannet/posed_images/scene0435_01/00558.jpg",
      "transform_matrix": [
        [
          -0.831631,
          -0.24485,
          0.498436,
          6.67306
        ],
        [
          -0.55488,
          0.330328,
          -0.763538,
          2.963996
        ],
        [
          0.022305,
          -0.911555,
          -0.410574,
          1.301412
        ],
        [
          0.0,
          0.0,
          0.0,
          1.0
        ]
      ]
    },
    {
      "file_path": "/media/NFS/ttao/scannet/posed_images/scene0435_01/00561.jpg",
      "transform_matrix": [
        [
          -0.834889,
          -0.249478,
          0.490633,
          6.703016
        ],
        [
          -0.549935,
          0.340721,
          -0.762549,
          2.945395
        ],
        [
          0.02307,
          -0.90646,
          -0.421661,
          1.280785
        ],
        [
          0.0,
          0.0,
          0.0,
          1.0
        ]
      ]
    },
    {
      "file_path": "/media/NFS/ttao/scannet/posed_images/scene0435_01/00571.jpg",
      "transform_matrix": [
        [
          -0.87284,
          -0.247667,
          0.420489,
          6.850787
        ],
        [
          -0.487305,
          0.39617,
          -0.778192,
          2.868566
        ],
        [
          0.026147,
          -0.884144,
          -0.466483,
          1.257604
        ],
        [
          0.0,
          0.0,
          0.0,
          1.0
        ]
      ]
    },
    {
      "file_path": "/media/NFS/ttao/scannet/posed_images/scene0435_01/00580.jpg",
      "transform_matrix": [
        [
          -0.916245,
          -0.236748,
          0.323181,
          6.950712
        ],
        [
          -0.39532,
          0.403527,
          -0.825159,
          2.83255
        ],
        [
          0.064942,
          -0.883808,
          -0.463321,
          1.246252
        ],
        [
          0.0,
          0.0,
          0.0,
          1.0
        ]
      ]
    },
    {
      "file_path": "/media/NFS/ttao/scannet/posed_images/scene0435_01/00600.jpg",
      "transform_matrix": [
        [
          -0.996964,
          -0.045598,
          0.063122,
          7.069623
        ],
        [
          -0.076881,
          0.447629,
          -0.890908,
          2.850855
        ],
        [
          0.012369,
          -0.893056,
          -0.449776,
          1.290122
        ],
        [
          0.0,
          0.0,
          0.0,
          1.0
        ]
      ]
    },
    {
      "file_path": "/media/NFS/ttao/scannet/posed_images/scene0435_01/00606.jpg",
      "transform_matrix": [
        [
          -0.996129,
          -0.049066,
          0.072937,
          7.071064
        ],
        [
          -0.086553,
          0.402475,
          -0.91133,
          2.852701
        ],
        [
          0.01536,
          -0.914115,
          -0.405163,
          1.293612
        ],
        [
          0.0,
          0.0,
          0.0,
          1.0
        ]
      ]
    },
    {
      "file_path": "/media/NFS/ttao/scannet/posed_images/scene0435_01/00613.jpg",
      "transform_matrix": [
        [
          -0.991086,
          -0.057249,
          0.120294,
          7.058791
        ],
        [
          -0.133116,
          0.389624,
          -0.911303,
          2.8597
        ],
        [
          0.005302,
          -0.919193,
          -0.393772,
          1.295733
        ],
        [
          0.0,
          0.0,
          0.0,
          1.0
        ]
      ]
    },
    {
      "file_path": "/media/NFS/ttao/scannet/posed_images/scene0435_01/00632.jpg",
      "transform_matrix": [
        [
          -0.976897,
          0.065138,
          -0.203539,
          7.228541
        ],
        [
          0.213069,
          0.370434,
          -0.90409,
          2.777181
        ],
        [
          0.016507,
          -0.926572,
          -0.375755,
          1.281277
        ],
        [
          0.0,
          0.0,
          0.0,
          1.0
        ]
      ]
    },
    {
      "file_path": "/media/NFS/ttao/scannet/posed_images/scene0435_01/00639.jpg",
      "transform_matrix": [
        [
          -0.952614,
          0.127856,
          -0.276005,
          7.33822
        ],
        [
          0.304125,
          0.382916,
          -0.872286,
          2.735218
        ],
        [
          -0.005841,
          -0.914893,
          -0.403656,
          1.300269
        ],
        [
          0.0,
          0.0,
          0.0,
          1.0
        ]
      ]
    },
    {
      "file_path": "/media/NFS/ttao/scannet/posed_images/scene0435_01/00648.jpg",
      "transform_matrix": [
        [
          -0.939399,
          0.094338,
          -0.329589,
          7.410615
        ],
        [
          0.340701,
          0.363746,
          -0.866956,
          2.696153
        ],
        [
          0.038099,
          -0.926709,
          -0.373844,
          1.309752
        ],
        [
          0.0,
          0.0,
          0.0,
          1.0
        ]
      ]
    },
    {
      "file_path": "/media/NFS/ttao/scannet/posed_images/scene0435_01/00661.jpg",
      "transform_matrix": [
        [
          -0.96436,
          -0.01494,
          -0.26417,
          7.402204
        ],
        [
          0.247247,
          0.304661,
          -0.91981,
          2.651489
        ],
        [
          0.094224,
          -0.952344,
          -0.29011,
          1.353585
        ],
        [
          0.0,
          0.0,
          0.0,
          1.0
        ]
      ]
    },
    {
      "file_path": "/media/NFS/ttao/scannet/posed_images/scene0435_01/00668.jpg",
      "transform_matrix": [
        [
          -0.953914,
          -0.021661,
          -0.299296,
          7.442367
        ],
        [
          0.280985,
          0.285626,
          -0.916223,
          2.625243
        ],
        [
          0.105333,
          -0.958096,
          -0.266377,
          1.372811
        ],
        [
          0.0,
          0.0,
          0.0,
          1.0
        ]
      ]
    },
    {
      "file_path": "/media/NFS/ttao/scannet/posed_images/scene0435_01/00687.jpg",
      "transform_matrix": [
        [
          -0.918652,
          0.10953,
          -0.379581,
          7.612228
        ],
        [
          0.393001,
          0.351512,
          -0.8497,
          2.610638
        ],
        [
          0.04036,
          -0.929754,
          -0.365963,
          1.343268
        ],
        [
          0.0,
          0.0,
          0.0,
          1.0
        ]
      ]
    },
    {
      "file_path": "/media/NFS/ttao/scannet/posed_images/scene0435_01/00694.jpg",
      "transform_matrix": [
        [
          -0.927427,
          0.128126,
          -0.351372,
          7.639476
        ],
        [
          0.373294,
          0.374923,
          -0.848577,
          2.643437
        ],
        [
          0.023013,
          -0.918159,
          -0.395543,
          1.326174
        ],
        [
          0.0,
          0.0,
          0.0,
          1.0
        ]
      ]
    },
    {
      "file_path": "/media/NFS/ttao/scannet/posed_images/scene0435_01/00700.jpg",
      "transform_matrix": [
        [
          -0.943002,
          0.131821,
          -0.305565,
          7.638042
        ],
        [
          0.33268,
          0.396582,
          -0.855597,
          2.687428
        ],
        [
          0.008396,
          -0.908486,
          -0.417832,
          1.333058
        ],
        [
          0.0,
          0.0,
          0.0,
          1.0
        ]
      ]
    },
    {
      "file_path": "/media/NFS/ttao/scannet/posed_images/scene0435_01/00716.jpg",
      "transform_matrix": [
        [
          -0.88473,
          0.204139,
          -0.419023,
          7.664207
        ],
        [
          0.466087,
          0.395228,
          -0.791555,
          2.75408
        ],
        [
          0.004022,
          -0.895613,
          -0.444816,
          1.321338
        ],
        [
          0.0,
          0.0,
          0.0,
          1.0
        ]
      ]
    },
    {
      "file_path": "/media/NFS/ttao/scannet/posed_images/scene0435_01/00723.jpg",
      "transform_matrix": [
        [
          -0.851357,
          0.249557,
          -0.461426,
          7.717509
        ],
        [
          0.524574,
          0.398663,
          -0.752257,
          2.756176
        ],
        [
          -0.003778,
          -0.88249,
          -0.470316,
          1.310534
        ],
        [
          0.0,
          0.0,
          0.0,
          1.0
        ]
      ]
    },
    {
      "file_path": "/media/NFS/ttao/scannet/posed_images/scene0435_01/00739.jpg",
      "transform_matrix": [
        [
          -0.77637,
          0.263556,
          -0.572527,
          7.73965
        ],
        [
          0.629712,
          0.362806,
          -0.686902,
          2.783002
        ],
        [
          0.026679,
          -0.893818,
          -0.447636,
          1.320215
        ],
        [
          0.0,
          0.0,
          0.0,
          1.0
        ]
      ]
    },
    {
      "file_path": "/media/NFS/ttao/scannet/posed_images/scene0435_01/00742.jpg",
      "transform_matrix": [
        [
          -0.763891,
          0.284284,
          -0.579356,
          7.715352
        ],
        [
          0.645242,
          0.352567,
          -0.677761,
          2.785246
        ],
        [
          0.011585,
          -0.89156,
          -0.452755,
          1.328946
        ],
        [
          0.0,
          0.0,
          0.0,
          1.0
        ]
      ]
    },
    {
      "file_path": "/media/NFS/ttao/scannet/posed_images/scene0435_01/00762.jpg",
      "transform_matrix": [
        [
          -0.616338,
          0.380945,
          -0.689209,
          7.629668
        ],
        [
          0.787268,
          0.277631,
          -0.550574,
          2.833436
        ],
        [
          -0.018393,
          -0.881931,
          -0.47102,
          1.308107
        ],
        [
          0.0,
          0.0,
          0.0,
          1.0
        ]
      ]
    },
    {
      "file_path": "/media/NFS/ttao/scannet/posed_images/scene0435_01/00772.jpg",
      "transform_matrix": [
        [
          -0.582181,
          0.370374,
          -0.723801,
          7.610283
        ],
        [
          0.813033,
          0.258047,
          -0.521909,
          2.846491
        ],
        [
          -0.006527,
          -0.89232,
          -0.451356,
          1.319522
        ],
        [
          0.0,
          0.0,
          0.0,
          1.0
        ]
      ]
    },
    {
      "file_path": "/media/NFS/ttao/scannet/posed_images/scene0435_01/00775.jpg",
      "transform_matrix": [
        [
          -0.5689,
          0.369068,
          -0.734943,
          7.605686
        ],
        [
          0.822369,
          0.246723,
          -0.512677,
          2.851256
        ],
        [
          -0.007885,
          -0.896056,
          -0.443871,
          1.316844
        ],
        [
          0.0,
          0.0,
          0.0,
          1.0
        ]
      ]
    },
    {
      "file_path": "/media/NFS/ttao/scannet/posed_images/scene0435_01/00791.jpg",
      "transform_matrix": [
        [
          -0.444022,
          0.408937,
          -0.797255,
          7.492511
        ],
        [
          0.895978,
          0.21079,
          -0.390885,
          2.883602
        ],
        [
          0.008206,
          -0.887884,
          -0.459994,
          1.320219
        ],
        [
          0.0,
          0.0,
          0.0,
          1.0
        ]
      ]
    },
    {
      "file_path": "/media/NFS/ttao/scannet/posed_images/scene0435_01/00804.jpg",
      "transform_matrix": [
        [
          -0.486635,
          0.332233,
          -0.807965,
          7.370507
        ],
        [
          0.873598,
          0.188922,
          -0.448481,
          2.899634
        ],
        [
          0.003642,
          -0.924083,
          -0.382174,
          1.334452
        ],
        [
          0.0,
          0.0,
          0.0,
          1.0
        ]
      ]
    },
    {
      "file_path": "/media/NFS/ttao/scannet/posed_images/scene0435_01/00814.jpg",
      "transform_matrix": [
        [
          -0.468298,
          0.347465,
          -0.812383,
          7.256091
        ],
        [
          0.883272,
          0.208004,
          -0.420197,
          2.879491
        ],
        [
          0.022975,
          -0.914332,
          -0.404314,
          1.335203
        ],
        [
          0.0,
          0.0,
          0.0,
          1.0
        ]
      ]
    },
    {
      "file_path": "/media/NFS/ttao/scannet/posed_images/scene0435_01/00820.jpg",
      "transform_matrix": [
        [
          -0.468821,
          0.327857,
          -0.820193,
          7.170222
        ],
        [
          0.882944,
          0.20007,
          -0.424714,
          2.830958
        ],
        [
          0.024851,
          -0.9233,
          -0.383276,
          1.346927
        ],
        [
          0.0,
          0.0,
          0.0,
          1.0
        ]
      ]
    },
    {
      "file_path": "/media/NFS/ttao/scannet/posed_images/scene0435_01/00830.jpg",
      "transform_matrix": [
        [
          -0.562519,
          0.264361,
          -0.783381,
          6.964412
        ],
        [
          0.826565,
          0.201647,
          -0.52548,
          2.784078
        ],
        [
          0.01905,
          -0.943108,
