{
  "frames": [
    {
      "file_path": "/media/NFS/ttao/scannet/posed_images/scene0477_00/00000.jpg",
      "transform_matrix": [
        [
          0.99823,
          -0.0325,
          -0.049799,
          9.714719
        ],
        [
          0.032361,
          -0.405695,
          0.913436,
          2.086963
        ],
        [
          -0.04989,
          -0.913431,
          -0.403925,
          1.292981
        ],
        [
          0.0,
          0.0,
          0.0,
          1.0
        ]
      ]
    },
    {
      "file_path": "/media/NFS/ttao/scannet/posed_images/scene0477_00/00013.jpg",
      "transform_matrix": [
        [
          0.997343,
          -0.038069,
          -0.062116,
          9.703759
        ],
        [
          0.041299,
          -0.406954,
          0.912515,
          2.082923
        ],
        [
          -0.060017,
          -0.912655,
          -0.4043,
          1.301821
        ],
        [
          0.0,
          0.0,
          0.0,
          1.0
        ]
      ]
    },
    {
      "file_path": "/media/NFS/ttao/scannet/posed_images/scene0477_00/00026.jpg",
      "transform_matrix": [
        [
          0.99336,
          -0.051574,
          -0.10284,
          9.706988
        ],
        [
          0.064526,
          -0.490303,
          0.86916,
          2.065815
        ],
        [
          -0.095248,
          -0.870025,
          -0.483719,
          1.249753
        ],
        [
          0.0,
          0.0,
          0.0,
          1.0
        ]
      ]
    },
    {
      "file_path": "/media/NFS/ttao/scannet/posed_images/scene0477_00/00048.jpg",
      "transform_matrix": [
        [
          0.998093,
          0.007036,
          -0.061324,
          9.637151
        ],
        [
          0.054446,
          -0.568409,
          0.820943,
          1.861227
        ],
        [
          -0.029081,
          -0.822716,
          -0.567708,
          1.211444
        ],
        [
          0.0,
          0.0,
          0.0,
          1.0
        ]
      ]
    },
    {
      "file_path": "/media/NFS/ttao/scannet/posed_images/scene0477_00/00057.jpg",
      "transform_matrix": [
        [
          0.998786,
          0.019469,
          -0.045256,
          9.620832
        ],
        [
          0.048006,
          -0.591041,
          0.805212,
          1.77642
        ],
        [
          -0.011072,
          -0.806407,
          -0.591258,
          1.216866
        ],
        [
          0.0,
          0.0,
          0.0,
          1.0
        ]
      ]
    },
    {
      "file_path": "/media/NFS/ttao/scannet/posed_images/scene0477_00/00070.jpg",
      "transform_matrix": [
        [
          0.982279,
          0.097858,
          -0.159853,
          9.628444
        ],
        [
          0.186941,
          -0.572977,
          0.797967,
          1.677541
        ],
        [
          -0.013504,
          -0.813708,
          -0.581117,
          1.212481
        ],
        [
          0.0,
          0.0,
          0.0,
          1.0
        ]
      ]
    },
    {
      "file_path": "/media/NFS/ttao/scannet/posed_images/scene0477_00/00097.jpg",
      "transform_matrix": [
        [
          0.965234,
          0.079694,
          -0.248943,
          9.561002
        ],
        [
          0.256164,
          -0.477858,
          0.840257,
          1.544246
        ],
        [
          -0.051997,
          -0.874815,
          -0.48166,
          1.286359
        ],
        [
          0.0,
          0.0,
          0.0,
          1.0
        ]
      ]
    },
    {
      "file_path": "/media/NFS/ttao/scannet/posed_images/scene0477_00/00106.jpg",
      "transform_matrix": [
        [
          0.96986,
          0.062125,
          -0.235612,
          9.46675
        ],
        [
          0.237169,
          -0.462465,
          0.854329,
          1.510419
        ],
        [
          -0.055887,
          -0.884459,
          -0.46326,
          1.296005
        ],
        [
          0.0,
          0.0,
          0.0,
          1.0
        ]
      ]
    },
    {
      "file_path": "/media/NFS/ttao/scannet/posed_images/scene0477_00/00123.jpg",
      "transform_matrix": [
        [
          0.917264,
          0.164439,
          -0.362749,
          9.329556
        ],
        [
          0.398008,
          -0.412135,
          0.819594,
          1.436424
        ],
        [
          -0.014728,
          -0.896161,
          -0.443485,
          1.300815
        ],
        [
          0.0,
          0.0,
          0.0,
          1.0
        ]
      ]
    },
    {
      "file_path": "/media/NFS/ttao/scannet/posed_images/scene0477_00/00132.jpg",
      "transform_matrix": [
        [
          0.891569,
          0.224833,
          -0.393134,
          9.304591
        ],
        [
          0.452879,
          -0.438497,
          0.776287,
          1.411433
        ],
        [
          0.002147,
          -0.870156,
          -0.492772,
          1.283834
        ],
        [
          0.0,
          0.0,
          0.0,
          1.0
        ]
      ]
    },
    {
      "file_path": "/media/NFS/ttao/scannet/posed_images/scene0477_00/00145.jpg",
      "transform_matrix": [
        [
          0.904307,
          0.202606,
          -0.37574,
          9.30684
        ],
        [
          0.425823,
          -0.490144,
          0.760548,
          1.411006
        ],
        [
          -0.030075,
          -0.847768,
          -0.529514,
          1.270918
        ],
        [
          0.0,
          0.0,
          0.0,
          1.0
        ]
      ]
    },
    {
      "file_path": "/media/NFS/ttao/scannet/posed_images/scene0477_00/00163.jpg",
      "transform_matrix": [
        [
          0.883442,
          0.228421,
          -0.409089,
          9.286863
        ],
        [
          0.464809,
          -0.537235,
          0.703797,
          1.470698
        ],
        [
          -0.059015,
          -0.811913,
          -0.580788,
          1.271876
        ],
        [
          0.0,
          0.0,
          0.0,
          1.0
        ]
      ]
    },
    {
      "file_path": "/media/NFS/ttao/scannet/posed_images/scene0477_00/00185.jpg",
      "transform_matrix": [
        [
          0.954472,
          0.041012,
          -0.295467,
          9.314384
        ],
        [
          0.282084,
          -0.446216,
          0.849306,
          1.729408
        ],
        [
          -0.09701,
          -0.893985,
          -0.437469,
          1.34359
        ],
        [
          0.0,
          0.0,
          0.0,
          1.0
        ]
      ]
    },
    {
      "file_path": "/media/NFS/ttao/scannet/posed_images/scene0477_00/00194.jpg",
      "transform_matrix": [
        [
          0.978572,
          0.010835,
          -0.205622,
          9.277762
        ],
        [
          0.187748,
          -0.457002,
          0.869425,
          1.823113
        ],
        [
          -0.08455,
          -0.8894,
          -0.449243,
          1.345647
        ],
        [
          0.0,
          0.0,
          0.0,
          1.0
        ]
      ]
    },
    {
      "file_path": "/media/NFS/ttao/scannet/posed_images/scene0477_00/00211.jpg",
      "transform_matrix": [
        [
          0.98526,
          -0.081186,
          -0.150576,
          9.131729
        ],
        [
          0.103484,
          -0.418037,
          0.902517,
          2.02474
        ],
        [
          -0.136218,
          -0.904795,
          -0.403474,
          1.396873
        ],
        [
          0.0,
          0.0,
          0.0,
          1.0
        ]
      ]
    },
    {
      "file_path": "/media/NFS/ttao/scannet/posed_images/scene0477_00/00220.jpg",
      "transform_matrix": [
        [
          0.987765,
          -0.101395,
          -0.118486,
          9.13162
        ],
        [
          0.064568,
          -0.42569,
          0.902562,
          2.138017
        ],
        [
          -0.141954,
          -0.89917,
          -0.413935,
          1.383818
        ],
        [
          0.0,
          0.0,
          0.0,
          1.0
        ]
      ]
    },
    {
      "file_path": "/media/NFS/ttao/scannet/posed_images/scene0477_00/00233.jpg",
      "transform_matrix": [
        [
          0.985129,
          -0.029463,
          -0.169271,
          9.244513
        ],
        [
          0.138543,
          -0.446475,
          0.884006,
          2.321769
        ],
        [
          -0.101621,
          -0.894311,
          -0.435754,
          1.368524
        ],
        [
          0.0,
          0.0,
          0.0,
          1.0
        ]
      ]
    },
    {
      "file_path": "/media/NFS/ttao/scannet/posed_images/scene0477_00/00255.jpg",
      "transform_matrix": [
        [
          0.984656,
          -0.051102,
          -0.166859,
          9.43641
        ],
        [
          0.127839,
          -0.439632,
          0.889034,
          2.397672
        ],
        [
          -0.118788,
          -0.896723,
          -0.426354,
          1.353733
        ],
        [
          0.0,
          0.0,
          0.0,
          1.0
        ]
      ]
    },
    {
      "file_path": "/media/NFS/ttao/scannet/posed_images/scene0477_00/00273.jpg",
      "transform_matrix": [
        [
          0.93748,
          0.114876,
          -0.328533,
          9.67468
        ],
        [
          0.34612,
          -0.406683,
          0.845464,
          2.36506
        ],
        [
          -0.036486,
          -0.906318,
          -0.421018,
          1.344939
        ],
        [
          0.0,
          0.0,
          0.0,
          1.0
        ]
      ]
    },
    {
      "file_path": "/media/NFS/ttao/scannet/posed_images/scene0477_00/00277.jpg",
      "transform_matrix": [
        [
          0.931694,
          0.120685,
          -0.342609,
          9.696763
        ],
        [
          0.361211,
          -0.407457,
          0.838753,
          2.366935
        ],
        [
          -0.038374,
          -0.905215,
          -0.423218,
          1.341578
        ],
        [
          0.0,
          0.0,
          0.0,
          1.0
        ]
      ]
    },
    {
      "file_path": "/media/NFS/ttao/scannet/posed_images/scene0477_00/00299.jpg",
      "transform_matrix": [
        [
          0.976983,
          0.002515,
          -0.213304,
          9.744283
        ],
        [
          0.190852,
          -0.456982,
          0.86876,
          2.374674
        ],
        [
          -0.095291,
          -0.889472,
          -0.446943,
          1.348107
        ],
        [
          0.0,
          0.0,
          0.0,
          1.0
        ]
      ]
    },
    {
      "file_path": "/media/NFS/ttao/scannet/posed_images/scene0477_00/00317.jpg",
      "transform_matrix": [
        [
          0.984982,
          -0.120426,
          0.123724,
          9.565571
        ],
        [
          -0.166174,
          -0.466706,
          0.868661,
          2.249688
        ],
        [
          -0.046867,
          -0.876175,
          -0.479708,
          1.296007
        ],
        [
          0.0,
          0.0,
          0.0,
          1.0
        ]
      ]
    },
    {
      "file_path": "/media/NFS/ttao/scannet/posed_images/scene0477_00/00326.jpg",
      "transform_matrix": [
        [
          0.951391,
          -0.167975,
          0.258147,
          9.477959
        ],
        [
          -0.307837,
          -0.492575,
          0.814006,
          2.174186
        ],
        [
          -0.009575,
          -0.853905,
          -0.52034,
          1.310608
        ],
        [
          0.0,
          0.0,
          0.0,
          1.0
        ]
      ]
    },
    {
      "file_path": "/media/NFS/ttao/scannet/posed_images/scene0477_00/00339.jpg",
      "transform_matrix": [
        [
          0.90114,
          -0.180206,
          0.3943,
          9.446531
        ],
        [
          -0.433207,
          -0.409315,
          0.80299,
          2.082134
        ],
        [
          0.01669,
          -0.89442,
          -0.446916,
          1.321447
        ],
        [
          0.0,
          0.0,
          0.0,
          1.0
        ]
      ]
    },
    {
      "file_path": "/media/NFS/ttao/scannet/posed_images/scene0477_00/00352.jpg",
      "transform_matrix": [
        [
          0.880438,
          -0.205321,
          0.427401,
          9.416082
        ],
        [
          -0.47416,
          -0.38329,
          0.792629,
          1.966986
        ],
        [
          0.001076,
          -0.900518,
          -0.434818,
          1.327138
        ],
        [
          0.0,
          0.0,
          0.0,
          1.0
        ]
      ]
    },
    {
      "file_path": "/media/NFS/ttao/scannet/posed_images/scene0477_00/00374.jpg",
      "transform_matrix": [
        [
          0.829408,
          -0.196617,
          0.5229,
          9.381662
        ],
        [
          -0.558587,
          -0.278468,
          0.781305,
          1.899242
        ],
        [
          -0.008007,
          -0.940105,
          -0.340791,
          1.378649
        ],
        [
          0.0,
          0.0,
          0.0,
          1.0
        ]
      ]
    },
    {
      "file_path": "/media/NFS/ttao/scannet/posed_images/scene0477_00/00378.jpg",
      "transform_matrix": [
        [
          0.80812,
          -0.195063,
          0.555782,
          9.365772
        ],
        [
          -0.588883,
          -0.247337,
          0.769442,
          1.907343
        ],
        [
          -0.012624,
          -0.949092,
          -0.314747,
          1.396293
        ],
        [
          0.0,
          0.0,
          0.0,
          1.0
        ]
      ]
    },
    {
      "file_path": "/media/NFS/ttao/scannet/posed_images/scene0477_00/00400.jpg",
      "transform_matrix": [
        [
          0.66824,
          -0.202232,
          0.715931,
          9.320895
        ],
        [
          -0.741952,
          -0.110751,
          0.661243,
          1.953897
        ],
        [
          -0.054434,
          -0.973055,
          -0.224054,
          1.370808
        ],
        [
          0.0,
          0.0,
          0.0,
          1.0
        ]
      ]
    },
    {
      "file_path": "/media/NFS/ttao/scannet/posed_images/scene0477_00/00414.jpg",
      "transform_matrix": [
        [
          0.655559,
          -0.184618,
          0.732229,
          9.357556
        ],
        [
          -0.753731,
          -0.100676,
          0.649426,
          2.004329
        ],
        [
          -0.046178,
          -0.97764,
          -0.205152,
          1.395865
        ],
        [
          0.0,
          0.0,
          0.0,
          1.0
        ]
      ]
    },
    {
      "file_path": "/media/NFS/ttao/scannet/posed_images/scene0477_00/00422.jpg",
      "transform_matrix": [
        [
          0.609757,
          -0.187676,
          0.770048,
          9.343512
        ],
        [
          -0.790473,
          -0.073065,
          0.608123,
          2.033922
        ],
        [
          -0.057867,
          -0.97951,
          -0.192905,
          1.409093
        ],
        [
          0.0,
          0.0,
          0.0,
          1.0
        ]
      ]
    },
    {
      "file_path": "/media/NFS/ttao/scannet/posed_images/scene0477_00/00449.jpg",
      "transform_matrix": [
        [
          0.532789,
          -0.279482,
          0.798765,
          9.03763
        ],
        [
          -0.845967,
          -0.151592,
          0.511233,
          2.223369
        ],
        [
          -0.021794,
          -0.948108,
          -0.3172,
          1.373955
        ],
        [
          0.0,
          0.0,
          0.0,
          1.0
        ]
      ]
    },
    {
      "file_path": "/media/NFS/ttao/scannet/posed_images/scene0477_00/00458.jpg",
      "transform_matrix": [
        [
          0.500656,
          -0.272442,
          0.821657,
          8.956722
        ],
        [
          -0.864439,
          -0.10724,
          0.491166,
          2.184011
        ],
        [
          -0.0457,
          -0.956177,
          -0.289199,
          1.371825
        ],
        [
          0.0,
          0.0,
          0.0,
          1.0
        ]
      ]
    },
    {
      "file_path": "/media/NFS/ttao/scannet/posed_images/scene0477_00/00471.jpg",
      "transform_matrix": [
        [
          0.461419,
          -0.282554,
          0.840985,
          8.884601
        ],
        [
          -0.885608,
          -0.090255,
          0.455579,
          2.188107
        ],
        [
          -0.052822,
          -0.954996,
          -0.291878,
          1.387645
        ],
        [
          0.0,
          0.0,
          0.0,
          1.0
        ]
      ]
    },
    {
      "file_path": "/media/NFS/ttao/scannet/posed_images/scene0477_00/00484.jpg",
      "transform_matrix": [
        [
          0.437805,
          -0.284507,
          0.852867,
          8.867957
        ],
        [
          -0.896935,
          -0.072881,
          0.436114,
          2.246019
        ],
        [
          -0.06192,
          -0.9559,
          -0.287092,
          1.396032
        ],
        [
          0.0,
          0.0,
          0.0,
          1.0
        ]
      ]
    },
    {
      "file_path": "/media/NFS/ttao/scannet/posed_images/scene0477_00/00497.jpg",
      "transform_matrix": [
        [
          0.278982,
          -0.262332,
          0.92377,
          8.932618
        ],
        [
          -0.95354,
          0.038236,
          0.29883,
          2.424236
        ],
        [
          -0.113714,
          -0.96422,
          -0.239476,
          1.432002
        ],
        [
          0.0,
          0.0,
          0.0,
          1.0
        ]
      ]
    },
    {
      "file_path": "/media/NFS/ttao/scannet/posed_images/scene0477_00/00511.jpg",
      "transform_matrix": [
        [
          0.213429,
          -0.255041,
          0.943081,
          8.980009
        ],
        [
          -0.976524,
          -0.026888,
          0.213726,
          2.526515
        ],
        [
          -0.029151,
          -0.966556,
          -0.254792,
          1.40308
        ],
        [
          0.0,
          0.0,
          0.0,
          1.0
        ]
      ]
    },
    {
      "file_path": "/media/NFS/ttao/scannet/posed_images/scene0477_00/00533.jpg",
      "transform_matrix": [
        [
          0.108889,
          -0.320727,
          0.940892,
          9.019293
        ],
        [
          -0.993303,
          0.001692,
          0.115531,
          2.511457
        ],
        [
          -0.038646,
          -0.94717,
          -0.318395,
          1.389015
        ],
        [
          0.0,
          0.0,
          0.0,
          1.0
        ]
      ]
    },
    {
      "file_path": "/media/NFS/ttao/scannet/posed_images/scene0477_00/00550.jpg",
      "transform_matrix": [
        [
          0.027392,
          -0.380113,
          0.924535,
          9.028036
        ],
        [
          -0.998022,
          0.041955,
          0.046819,
          2.375216
        ],
        [
          -0.056585,
          -0.923988,
          -0.378212,
          1.373767
        ],
        [
          0.0,
          0.0,
          0.0,
          1.0
        ]
      ]
    },
    {
      "file_path": "/media/NFS/ttao/scannet/posed_images/scene0477_00/00559.jpg",
      "transform_matrix": [
        [
          -0.00139,
          -0.407069,
          0.913397,
          9.040899
        ],
        [
          -0.997835,
          0.060625,
          0.0255,
          2.297277
        ],
        [
          -0.065755,
          -0.911383,
          -0.406272,
          1.37537
        ],
        [
          0.0,
          0.0,
          0.0,
          1.0
        ]
      ]
    },
    {
      "file_path": "/media/NFS/ttao/scannet/posed_images/scene0477_00/00572.jpg",
      "transform_matrix": [
        [
          -0.055668,
          -0.394625,
          0.917155,
          9.070141
        ],
        [
          -0.995073,
          0.097408,
          -0.018485,
          2.127846
        ],
        [
          -0.082044,
          -0.913665,
          -0.398103,
          1.383477
        ],
        [
          0.0,
          0.0,
          0.0,
          1.0
        ]
      ]
    },
    {
      "file_path": "/media/NFS/ttao/scannet/posed_images/scene0477_00/00594.jpg",
      "transform_matrix": [
        [
          -0.296177,
          -0.310873,
          0.903126,
          9.075918
        ],
        [
          -0.954755,
          0.122946,
          -0.270789,
          2.084047
        ],
        [
          -0.026855,
          -0.942466,
          -0.333222,
          1.402963
        ],
        [
          0.0,
          0.0,
          0.0,
          1.0
        ]
      ]
    },
    {
      "file_path": "/media/NFS/ttao/scannet/posed_images/scene0477_00/00599.jpg",
      "transform_matrix": [
        [
          -0.322379,
          -0.304901,
          0.896162,
          9.065604
        ],
        [
          -0.946115,
          0.134402,
          -0.294621,
          2.110313
        ],
        [
          -0.030616,
          -0.942853,
          -0.3318,
          1.41162
        ],
        [
          0.0,
          0.0,
          0.0,
          1.0
        ]
      ]
    },
    {
      "file_path": "/media/NFS/ttao/scannet/posed_images/scene0477_00/00612.jpg",
      "transform_matrix": [
        [
          -0.362339,
          -0.314384,
          0.877424,
          9.024189
        ],
        [
          -0.932007,
          0.130864,
          -0.33799,
          2.160388
        ],
        [
          -0.008564,
          -0.940233,
          -0.340425,
          1.397092
        ],
        [
          0.0,
          0.0,
          0.0,
          1.0
        ]
      ]
    },
    {
      "file_path": "/media/NFS/ttao/scannet/posed_images/scene0477_00/00629.jpg",
      "transform_matrix": [
        [
          -0.413753,
          -0.38549,
          0.824746,
          8.875036
        ],
        [
          -0.910382,
          0.171492,
          -0.376558,
          2.150454
        ],
        [
          0.003722,
          -0.906636,
          -0.421898,
          1.361785
        ],
        [
          0.0,
          0.0,
          0.0,
          1.0
        ]
      ]
    },
    {
      "file_path": "/media/NFS/ttao/scannet/posed_images/scene0477_00/00647.jpg",
      "transform_matrix": [
        [
          -0.38291,
          -0.180528,
          0.905974,
          8.830715
        ],
        [
          -0.922476,
          0.126927,
          -0.364593,
          2.069002
        ],
        [
          -0.049173,
          -0.975346,
          -0.215134,
          1.460961
        ],
        [
          0.0,
          0.0,
          0.0,
          1.0
        ]
      ]
    },
    {
      "file_path": "/media/NFS/ttao/scannet/posed_images/scene0477_00/00669.jpg",
      "transform_matrix": [
        [
          -0.354385,
          -0.05819,
          0.933288,
          8.941202
        ],
        [
          -0.934823,
          -0.002241,
          -0.355108,
          2.056651
        ],
        [
          0.022755,
          -0.998303,
          -0.053603,
          1.490676
        ],
        [
          0.0,
          0.0,
          0.0,
          1.0
        ]
      ]
    },
    {
      "file_path": "/media/NFS/ttao/scannet/posed_images/scene0477_00/00678.jpg",
      "transform_matrix": [
        [
          -0.41248,
          -0.088408,
          0.906667,
          8.972322
        ],
        [
          -0.910962,
          0.043403,
          -0.410201,
          2.004927
        ],
        [
          -0.003087,
          -0.995138,
          -0.098439,
          1.446002
        ],
        [
          0.0,
          0.0,
          0.0,
          1.0
        ]
      ]
    },
    {
      "file_path": "/media/NFS/ttao/scannet/posed_images/scene0477_00/00695.jpg",
      "transform_matrix": [
        [
          -0.27471,
          -0.302223,
          0.912796,
          8.999308
        ],
        [
          -0.960501,
          0.130107,
          -0.245989,
          1.777376
        ],
        [
          -0.044418,
          -0.944317,
          -0.326027,
          1.384763
        ],
        [
          0.0,
          0.0,
          0.0,
          1.0
        ]
      ]
    },
    {
      "file_path": "/media/NFS/ttao/scannet/posed_images/scene0477_00/00700.jpg",
      "transform_matrix": [
        [
          -0.251615,
          -0.313431,
          0.91567,
          9.00301
        ],
        [
          -0.966371,
          0.133253,
          -0.219935,
          1.749346
        ],
        [
          -0.053082,
          -0.940215,
          -0.336419,
          1.384384
        ],
        [
          0.0,
          0.0,
          0.0,
          1.0
        ]
      ]
    },
    {
      "file_path": "/media/NFS/ttao/scannet/posed_images/scene0477_00/00726.jpg",
      "transform_matrix": [
        [
          -0.338151,
          -0.405477,
          0.84926,
          9.182104
        ],
        [
          -0.94029,
          0.108325,
          -0.322677,
          2.087599
        ],
        [
          0.038842,
          -0.907664,
          -0.417896,
          1.346685
        ],
        [
          0.0,
          0.0,
          0.0,
          1.0
        ]
      ]
    },
    {
      "file_path": "/media/NFS/ttao/scannet/posed_images/scene0477_00/00739.jpg",
      "transform_matrix": [
        [
          -0.339188,
          -0.41073,
          0.846317,
          9.277661
        ],
        [
          -0.938579,
          0.087122,
          -0.333884,
          2.14716
        ],
        [
          0.063403,
          -0.907585,
          -0.415054,
          1.320544
        ],
        [
          0.0,
          0.0,
          0.0,
          1.0
        ]
      ]
    },
    {
      "file_path": "/media/NFS/ttao/scannet/posed_images/scene0477_00/00744.jpg",
      "transform_matrix": [
        [
          -0.349564,
          -0.404934,
          0.844887,
          9.337339
        ],
        [
          -0.93494,
          0.092274,
          -0.342598,
          2.154315
        ],
        [
          0.060768,
          -0.909678,
          -0.410845,
          1.317883
        ],
        [
          0.0,
          0.0,
          0.0,
          1.0
        ]
      ]
    },
    {
      "file_path": "/media/NFS/ttao/scannet/posed_images/scene0477_00/00766.jpg",
      "transform_matrix": [
        [
          -0.469127,
          -0.339892,
          0.815103,
          9.510743
        ],
        [
          -0.882565,
          0.147414,
          -0.446484,
          2.298752
        ],
        [
          0.031598,
          -0.928839,
          -0.369133,
          1.325555
        ],
        [
          0.0,
          0.0,
          0.0,
          1.0
        ]
      ]
    },
    {
      "file_path": "/media/NFS/ttao/scannet/posed_images/scene0477_00/00783.jpg",
      "transform_matrix": [
        [
          -0.612309,
          -0.331551,
          0.717741,
          9.684053
        ],
        [
          -0.789978,
          0.220041,
          -0.572291,
          2.509357
        ],
        [
          0.031811,
          -0.917418,
          -0.396651,
          1.336001
        ],
        [
          0.0,
          0.0,
          0.0,
          1.0
        ]
      ]
    },
    {
      "file_path": "/media/NFS/ttao/scannet/posed_images/scene0477_00/00788.jpg",
      "transform_matrix": [
        [
          -0.65536,
          -0.316446,
          0.685832,
          9.75379
        ],
        [
          -0.754907,
          0.24454,
          -0.608535,
          2.5298
        ],
        [
          0.024856,
          -0.916549,
          -0.399149,
          1.317758
        ],
        [
          0.0,
          0.0,
          0.0,
          1.0
        ]
      ]
    },
    {
      "file_path": "/media/NFS/ttao/scannet/posed_images/scene0477_00/00805.jpg",
      "transform_matrix": [
        [
          -0.874426,
          -0.155954,
          0.45941,
          10.074619
        ],
        [
          -0.484649,
          0.32421,
          -0.812406,
          2.631333
        ],
        [
          -0.022247,
          -0.933042,
          -0.35908,
          1.333993
        ],
        [
          0.0,
          0.0,
          0.0,
          1.0
        ]
      ]
    },
    {
      "file_path": "/media/NFS/ttao/scannet/posed_images/scene0477_00/00819.jpg",
      "transform_matrix": [
        [
          -0.94783,
          -0.06107,
          0.312873,
          10.284536
        ],
        [
          -0.310626,
          0.397462,
          -0.863444,
          2.755597
        ],
        [
          -0.071625,
          -0.915584,
          -0.395696,
          1.331767
        ],
        [
          0.0,
          0.0,
          0.0,
          1.0
        ]
      ]
    },
    {
      "file_path": "/media/NFS/ttao/scannet/posed_images/scene0477_00/00845.jpg",
      "transform_matrix": [
        [
          -0.997861,
          0.02695,
          -0.059559,
          10.447525
        ],
        [
          0.065262,
          0.357774,
          -0.931525,
          2.926355
        ],
        [
          -0.003796,
          -0.933419,
          -0.358768,
          1.335341
        ],
        [
          0.0,
          0.0,
          0.0,
          1.0
        ]
      ]
    },
    {
      "file_path": "/media/NFS/ttao/scannet/posed_images/scene0477_00/00858.jpg",
      "transform_matrix": [
        [
          -0.992609,
          0.052858,
          -0.109244,
          10.494826
        ],
        [
          0.119687,
          0.277422,
          -0.953264,
          2.973305
        ],
        [
          -0.020081,
          -0.959293,
          -0.281698,
          1.387024
        ],
        [
          0.0,
          0.0,
          0.0,
          1.0
        ]
      ]
    },
    {
      "file_path": "/media/NFS/ttao/scannet/posed_images/scene0477_00/00863.jpg",
      "transform_matrix": [
        [
          -0.989258,
          0.050694,
          -0.137112,
          10.526349
        ],
        [
          0.145488,
          0.250083,
          -0.957231,
          2.965937
        ],
        [
          -0.014237,
          -0.966896,
          -0.254772,
          1.406679
        ],
        [
          0.0,
          0.0,
          0.0,
          1.0
        ]
      ]
    },
    {
      "file_path": "/media/NFS/ttao/scannet/posed_images/scene0477_00/00876.jpg",
      "transform_matrix": [
        [
          -0.990304,
          0.108982,
          -0.08614,
          10.588047
        ],
        [
          0.102969,
          0.159661,
          -0.981787,
          2.943677
        ],
        [
          -0.093244,
          -0.981138,
          -0.169334,
          1.44285
        ],
        [
          0.0,
          0.0,
          0.0,
          1.0
        ]
      ]
    },
    {
      "file_path": "/media/NFS/ttao/scannet/posed_images/scene0477_00/00902.jpg",
      "transform_matrix": [
        [
          -0.98675,
          0.04096,
          0.156993,
          10.525752
        ],
        [
          -0.155272,
          0.042293,
          -0.986966,
          2.94291
        ],
        [
          -0.047065,
          -0.998265,
          -0.035373,
          1.511704
        ],
        [
          0.0,
          0.0,
          0.0,
          1.0
        ]
      ]
    },
    {
      "file_path": "/media/NFS/ttao/scannet/posed_images/scene0477_00/00907.jpg",
      "transform_matrix": [
        [
          -0.987361,
          0.033181,
          0.154976,
          10.508974
        ],
        [
          -0.15341,
          0.045467,
          -0.987116,
          2.942285
        ],
        [
          -0.0398,
          -0.998415,
          -0.039802,
          1.51017
        ],
        [
          0.0,
          0.0,
          0.0,
          1.0
        ]
      ]
    },
    {
      "file_path": "/media/NFS/ttao/scannet/posed_images/scene0477_00/00924.jpg",
      "transform_matrix": [
        [
          -0.998691,
          0.048217,
          -0.017104,
          10.419011
        ],
        [
          0.02517,
          0.172012,
          -0.984773,
          2.928751
        ],
        [
          -0.04454,
          -0.983914,
          -0.173,
          1.45175
        ],
        [
          0.0,
          0.0,
          0.0,
          1.0
        ]
      ]
    },
    {
      "file_path": "/media/NFS/ttao/scannet/posed_images/scene0477_00/00937.jpg",
      "transform_matrix": [
        [
          -0.989997,
          0.097056,
          -0.102405,
          10.39126
        ],
        [
          0.125178,
          0.269355,
          -0.954871,
          2.92206
        ],
        [
          -0.065092,
          -0.958138,
          -0.278809,
          1.428326
        ],
        [
          0.0,
          0.0,
          0.0,
          1.0
        ]
      ]
    },
    {
      "file_path": "/media/NFS/ttao/scannet/posed_images/scene0477_00/00959.jpg",
      "transform_matrix": [
        [
          -0.937426,
          0.057258,
          -0.343445,
          10.380923
        ],
        [
          0.348151,
          0.140275,
          -0.926884,
          2.943963
        ],
        [
          -0.004895,
          -0.988456,
          -0.151432,
          1.497458
        ],
        [
          0.0,
          0.0,
          0.0,
          1.0
        ]
      ]
    },
    {
      "file_path": "/media/NFS/ttao/scannet/posed_images/scene0477_00/00964.jpg",
      "transform_matrix": [
        [
          -0.92998,
          0.050556,
          -0.364117,
          10.381575
        ],
        [
          0.367604,
          0.133267,
          -0.920384,
          2.944553
        ],
        [
          0.001994,
          -0.98979,
          -0.14252,
          1.477743
        ],
        [
          0.0,
          0.0,
          0.0,
          1.0
        ]
      ]
    },
    {
      "file_path": "/media/NFS/ttao/scannet/posed_images/scene0477_00/00981.jpg",
      "transform_matrix": [
        [
          -0.886243,
          0.02868,
          -0.462331,
          10.409079
        ],
        [
          0.463041,
          0.027154,
          -0.885921,
          2.913516
        ],
        [
          -0.012854,
          -0.99922,
          -0.037346,
          1.482579
        ],
        [
          0.0,
          0.0,
          0.0,
          1.0
        ]
      ]
    },
    {
      "file_path": "/media/NFS/ttao/scannet/posed_images/scene0477_00/01003.jpg",
      "transform_matrix": [
        [
          -0.754448,
          0.153992,
          -0.63804,
          10.218605
        ],
        [
          0.653555,
          0.086474,
          -0.751923,
          2.819036
        ],
        [
          -0.060616,
          -0.984281,
          -0.165883,
          1.434272
        ],
        [
          0.0,
          0.0,
          0.0,
          1.0
        ]
      ]
    },
    {
      "file_path": "/media/NFS/ttao/scannet/posed_images/scene0477_00/01008.jpg",
      "transform_matrix": [
        [
          -0.743817,
          0.169833,
          -0.646447,
          10.176502
        ],
        [
          0.666531,
          0.116509,
          -0.736317,
          2.789259
        ],
        [
          -0.049734,
          -0.978561,
          -0.19986,
          1.431663
        ],
        [
          0.0,
          0.0,
          0.0,
          1.0
        ]
      ]
    },
    {
      "file_path": "/media/NFS/ttao/scannet/posed_images/scene0477_00/01025.jpg",
      "transform_matrix": [
        [
          -0.697608,
          0.223654,
          -0.680678,
          10.126409
        ],
        [
          0.716415,
          0.204982,
          -0.666883,
          2.658965
        ],
        [
          -0.009624,
          -0.95287,
          -0.303226,
          1.381955
        ],
        [
          0.0,
          0.0,
          0.0,
          1.0
        ]
      ]
    },
    {
      "file_path": "/media/NFS/ttao/scannet/posed_images/scene0477_00/01047.jpg",
      "transform_matrix": [
        [
          -0.578971,
          0.252642,
          -0.775219,
          10.349325
        ],
        [
          0.812677,
          0.255707,
          -0.523612,
          2.322361
        ],
        [
          0.065942,
          -0.933159,
          -0.353364,
          1.273857
        ],
        [
          0.0,
          0.0,
          0.0,
          1.0
        ]
      ]
    },
    {
      "file_path": "/media/NFS/ttao/scannet/posed_images/scene0477_00/01065.jpg",
      "transform_matrix": [
        [
          -0.549023,
          0.319766,
          -0.77222,
          10.408324
        ],
        [
          0.833544,
          0.277434,
          -0.47774,
          2.202825
        ],
        [
          0.061475,
          -0.905969,
          -0.418857,
          1.173627
        ],
        [
          0.0,
          0.0,
          0.0,
          1.0
        ]
      ]
    },
    {
      "file_path": "/media/NFS/ttao/scannet/posed_images/scene0477_00/01078.jpg",
      "transform_matrix": [
        [
          -0.46878,
          0.2828,
          -0.836821,
          10.331552
        ],
        [
          0.883314,
          0.148853,
          -0.444521,
          2.231799
        ],
        [
          -0.001148,
          -0.947558,
          -0.319581,
          1.268207
        ],
        [
          0.0,
          0.0,
          0.0,
          1.0
        ]
      ]
    },
    {
      "file_path": "/media/NFS/ttao/scannet/posed_images/scene0477_00/01087.jpg",
      "transform_matrix": [
        [
          -0.4406,
          0.296451,
          -0.847342,
          10.243202
        ],
        [
          0.897438,
          0.122523,
          -0.423784,
          2.29279
        ],
        [
          -0.021812,
          -0.947156,
          -0.32003,
          1.277334
        ],
        [
          0.0,
          0.0,
          0.0,
          1.0
        ]
      ]
    },
    {
      "file_path": "/media/NFS/ttao/scannet/posed_images/scene0477_00/01105.jpg",
      "transform_matrix": [
        [
          -0.452782,
          0.29207,
          -0.842427,
          10.030213
        ],
        [
          0.890991,
          0.11268,
          -0.439817,
          2.399765
        ],
        [
          -0.033533,
          -0.949736,
          -0.311251,
          1.332207
        ],
        [
          0.0,
          0.0,
          0.0,
          1.0
        ]
      ]
    },
    {
      "file_path": "/media/NFS/ttao/scannet/posed_images/scene0477_00/01122.jpg",
      "transform_matrix": [
        [
          -0.426683,
          0.222509,
          -0.876602,
          10.035763
        ],
        [
          0.904309,
          0.091161,
          -0.41703,
          2.36897
        ],
        [
          -0.012881,
          -0.970659,
          -0.240114,
          1.378283
        ],
        [
          0.0,
          0.0,
          0.0,
          1.0
        ]
      ]
    },
    {
      "file_path": "/media/NFS/ttao/scannet/posed_images/scene0477_00/01131.jpg",
      "transform_matrix": [
        [
          -0.413077,
          0.230112,
          -0.881145,
          10.031468
        ],
        [
          0.910245,
          0.073858,
          -0.40743,
          2.341346
        ],
        [
          -0.028675,
          -0.970357,
