{
  "frames": [
    {
      "file_path": "/media/NFS/ttao/scannet/posed_images/scene0474_02/00000.jpg",
      "transform_matrix": [
        [
          0.997593,
          -0.008803,
          -0.068781,
          3.242196
        ],
        [
          0.053024,
          -0.542364,
          0.838469,
          4.292405
        ],
        [
          -0.044686,
          -0.840098,
          -0.540592,
          1.383055
        ],
        [
          0.0,
          0.0,
          0.0,
          1.0
        ]
      ]
    },
    {
      "file_path": "/media/NFS/ttao/scannet/posed_images/scene0474_02/00010.jpg",
      "transform_matrix": [
        [
          0.999307,
          -0.016792,
          0.033223,
          3.180899
        ],
        [
          -0.037029,
          -0.540117,
          0.840775,
          4.243988
        ],
        [
          0.003827,
          -0.841422,
          -0.540365,
          1.372623
        ],
        [
          0.0,
          0.0,
          0.0,
          1.0
        ]
      ]
    },
    {
      "file_path": "/media/NFS/ttao/scannet/posed_images/scene0474_02/00015.jpg",
      "transform_matrix": [
        [
          0.998394,
          -0.019454,
          0.053212,
          3.127799
        ],
        [
          -0.055484,
          -0.525881,
          0.848747,
          4.210919
        ],
        [
          0.011472,
          -0.850336,
          -0.526115,
          1.377549
        ],
        [
          0.0,
          0.0,
          0.0,
          1.0
        ]
      ]
    },
    {
      "file_path": "/media/NFS/ttao/scannet/posed_images/scene0474_02/00027.jpg",
      "transform_matrix": [
        [
          0.99479,
          -0.033359,
          0.096338,
          3.057486
        ],
        [
          -0.101655,
          -0.396308,
          0.912473,
          4.139816
        ],
        [
          0.00774,
          -0.917512,
          -0.397634,
          1.458347
        ],
        [
          0.0,
          0.0,
          0.0,
          1.0
        ]
      ]
    },
    {
      "file_path": "/media/NFS/ttao/scannet/posed_images/scene0474_02/00037.jpg",
      "transform_matrix": [
        [
          0.99787,
          -0.002585,
          0.065189,
          3.044937
        ],
        [
          -0.063701,
          -0.254346,
          0.965013,
          4.069435
        ],
        [
          0.014086,
          -0.96711,
          -0.253969,
          1.529355
        ],
        [
          0.0,
          0.0,
          0.0,
          1.0
        ]
      ]
    },
    {
      "file_path": "/media/NFS/ttao/scannet/posed_images/scene0474_02/00039.jpg",
      "transform_matrix": [
        [
          0.998328,
          0.003634,
          0.057694,
          3.043108
        ],
        [
          -0.055417,
          -0.223956,
          0.973023,
          4.052964
        ],
        [
          0.016457,
          -0.974592,
          -0.22338,
          1.539691
        ],
        [
          0.0,
          0.0,
          0.0,
          1.0
        ]
      ]
    },
    {
      "file_path": "/media/NFS/ttao/scannet/posed_images/scene0474_02/00054.jpg",
      "transform_matrix": [
        [
          0.999314,
          0.013044,
          0.034653,
          3.056387
        ],
        [
          -0.033803,
          -0.060527,
          0.997594,
          3.967149
        ],
        [
          0.01511,
          -0.998081,
          -0.060045,
          1.614985
        ],
        [
          0.0,
          0.0,
          0.0,
          1.0
        ]
      ]
    },
    {
      "file_path": "/media/NFS/ttao/scannet/posed_images/scene0474_02/00059.jpg",
      "transform_matrix": [
        [
          0.999376,
          0.01402,
          0.032423,
          3.058881
        ],
        [
          -0.031632,
          -0.053424,
          0.998071,
          3.946405
        ],
        [
          0.015725,
          -0.998473,
          -0.052947,
          1.652318
        ],
        [
          0.0,
          0.0,
          0.0,
          1.0
        ]
      ]
    },
    {
      "file_path": "/media/NFS/ttao/scannet/posed_images/scene0474_02/00064.jpg",
      "transform_matrix": [
        [
          0.999878,
          0.009737,
          0.01222,
          3.063269
        ],
        [
          -0.012039,
          -0.018366,
          0.999759,
          3.917551
        ],
        [
          0.009959,
          -0.999784,
          -0.018247,
          1.596101
        ],
        [
          0.0,
          0.0,
          0.0,
          1.0
        ]
      ]
    },
    {
      "file_path": "/media/NFS/ttao/scannet/posed_images/scene0474_02/00073.jpg",
      "transform_matrix": [
        [
          0.996564,
          0.020843,
          0.080156,
          3.086601
        ],
        [
          -0.077439,
          -0.108725,
          0.991051,
          3.893888
        ],
        [
          0.029372,
          -0.993853,
          -0.106738,
          1.569336
        ],
        [
          0.0,
          0.0,
          0.0,
          1.0
        ]
      ]
    },
    {
      "file_path": "/media/NFS/ttao/scannet/posed_images/scene0474_02/00086.jpg",
      "transform_matrix": [
        [
          0.960462,
          -0.047333,
          0.274358,
          3.06323
        ],
        [
          -0.278024,
          -0.215001,
          0.936204,
          3.857939
        ],
        [
          0.014674,
          -0.975466,
          -0.21966,
          1.525463
        ],
        [
          0.0,
          0.0,
          0.0,
          1.0
        ]
      ]
    },
    {
      "file_path": "/media/NFS/ttao/scannet/posed_images/scene0474_02/00093.jpg",
      "transform_matrix": [
        [
          0.939727,
          -0.100063,
          0.326955,
          2.993757
        ],
        [
          -0.341639,
          -0.235713,
          0.909793,
          3.834719
        ],
        [
          -0.013969,
          -0.966658,
          -0.255691,
          1.514049
        ],
        [
          0.0,
          0.0,
          0.0,
          1.0
        ]
      ]
    },
    {
      "file_path": "/media/NFS/ttao/scannet/posed_images/scene0474_02/00100.jpg",
      "transform_matrix": [
        [
          0.934306,
          -0.104383,
          0.340846,
          2.923932
        ],
        [
          -0.356261,
          -0.240592,
          0.902881,
          3.825253
        ],
        [
          -0.012241,
          -0.964997,
          -0.261975,
          1.511417
        ],
        [
          0.0,
          0.0,
          0.0,
          1.0
        ]
      ]
    },
    {
      "file_path": "/media/NFS/ttao/scannet/posed_images/scene0474_02/00108.jpg",
      "transform_matrix": [
        [
          0.958845,
          -0.066885,
          0.27594,
          2.84892
        ],
        [
          -0.283729,
          -0.26237,
          0.922313,
          3.82277
        ],
        [
          0.010709,
          -0.962647,
          -0.270549,
          1.495133
        ],
        [
          0.0,
          0.0,
          0.0,
          1.0
        ]
      ]
    },
    {
      "file_path": "/media/NFS/ttao/scannet/posed_images/scene0474_02/00115.jpg",
      "transform_matrix": [
        [
          0.973715,
          -0.038857,
          0.224431,
          2.827231
        ],
        [
          -0.225214,
          -0.311439,
          0.923193,
          3.823006
        ],
        [
          0.034024,
          -0.949471,
          -0.312004,
          1.474425
        ],
        [
          0.0,
          0.0,
          0.0,
          1.0
        ]
      ]
    },
    {
      "file_path": "/media/NFS/ttao/scannet/posed_images/scene0474_02/00125.jpg",
      "transform_matrix": [
        [
          0.99472,
          0.010019,
          0.102141,
          2.829687
        ],
        [
          -0.091643,
          -0.361322,
          0.927927,
          3.820126
        ],
        [
          0.046203,
          -0.932388,
          -0.358495,
          1.452348
        ],
        [
          0.0,
          0.0,
          0.0,
          1.0
        ]
      ]
    },
    {
      "file_path": "/media/NFS/ttao/scannet/posed_images/scene0474_02/00135.jpg",
      "transform_matrix": [
        [
          0.993304,
          0.076825,
          -0.086286,
          2.901042
        ],
        [
          0.105474,
          -0.298265,
          0.948638,
          3.827226
        ],
        [
          0.047143,
          -0.951386,
          -0.30437,
          1.497854
        ],
        [
          0.0,
          0.0,
          0.0,
          1.0
        ]
      ]
    },
    {
      "file_path": "/media/NFS/ttao/scannet/posed_images/scene0474_02/00142.jpg",
      "transform_matrix": [
        [
          0.972394,
          0.083312,
          -0.217965,
          2.96711
        ],
        [
          0.231771,
          -0.236529,
          0.943576,
          3.82241
        ],
        [
          0.027056,
          -0.968046,
          -0.249309,
          1.506382
        ],
        [
          0.0,
          0.0,
          0.0,
          1.0
        ]
      ]
    },
    {
      "file_path": "/media/NFS/ttao/scannet/posed_images/scene0474_02/00149.jpg",
      "transform_matrix": [
        [
          0.950108,
          0.097559,
          -0.296273,
          3.010387
        ],
        [
          0.311635,
          -0.2561,
          0.915039,
          3.856182
        ],
        [
          0.013395,
          -0.961715,
          -0.273726,
          1.483971
        ],
        [
          0.0,
          0.0,
          0.0,
          1.0
        ]
      ]
    },
    {
      "file_path": "/media/NFS/ttao/scannet/posed_images/scene0474_02/00157.jpg",
      "transform_matrix": [
        [
          0.903444,
          0.135589,
          -0.406699,
          3.051367
        ],
        [
          0.428703,
          -0.282476,
          0.85815,
          3.933429
        ],
        [
          0.001473,
          -0.949643,
          -0.313329,
          1.450704
        ],
        [
          0.0,
          0.0,
          0.0,
          1.0
        ]
      ]
    },
    {
      "file_path": "/media/NFS/ttao/scannet/posed_images/scene0474_02/00161.jpg",
      "transform_matrix": [
        [
          0.891283,
          0.168172,
          -0.42111,
          3.092007
        ],
        [
          0.452497,
          -0.269736,
          0.849993,
          3.998874
        ],
        [
          0.029356,
          -0.948135,
          -0.316509,
          1.425373
        ],
        [
          0.0,
          0.0,
          0.0,
          1.0
        ]
      ]
    },
    {
      "file_path": "/media/NFS/ttao/scannet/posed_images/scene0474_02/00169.jpg",
      "transform_matrix": [
        [
          0.880022,
          0.198151,
          -0.431621,
          3.152371
        ],
        [
          0.474046,
          -0.310982,
          0.823754,
          4.142354
        ],
        [
          0.029001,
          -0.92953,
          -0.367604,
          1.421335
        ],
        [
          0.0,
          0.0,
          0.0,
          1.0
        ]
      ]
    },
    {
      "file_path": "/media/NFS/ttao/scannet/posed_images/scene0474_02/00179.jpg",
      "transform_matrix": [
        [
          0.857715,
          0.185676,
          -0.479426,
          3.25372
        ],
        [
          0.514102,
          -0.30093,
          0.803206,
          4.25884
        ],
        [
          0.004863,
          -0.935396,
          -0.353569,
          1.436383
        ],
        [
          0.0,
          0.0,
          0.0,
          1.0
        ]
      ]
    },
    {
      "file_path": "/media/NFS/ttao/scannet/posed_images/scene0474_02/00188.jpg",
      "transform_matrix": [
        [
          0.816494,
          0.205954,
          -0.53937,
          3.391629
        ],
        [
          0.577334,
          -0.298839,
          0.759856,
          4.345699
        ],
        [
          -0.00469,
          -0.931814,
          -0.362905,
          1.42789
        ],
        [
          0.0,
          0.0,
          0.0,
          1.0
        ]
      ]
    },
    {
      "file_path": "/media/NFS/ttao/scannet/posed_images/scene0474_02/00193.jpg",
      "transform_matrix": [
        [
          0.798694,
          0.20163,
          -0.566951,
          3.454902
        ],
        [
          0.601662,
          -0.282517,
          0.74712,
          4.384412
        ],
        [
          -0.009531,
          -0.937832,
          -0.346958,
          1.440741
        ],
        [
          0.0,
          0.0,
          0.0,
          1.0
        ]
      ]
    },
    {
      "file_path": "/media/NFS/ttao/scannet/posed_images/scene0474_02/00208.jpg",
      "transform_matrix": [
        [
          0.843017,
          0.227182,
          -0.487555,
          3.527611
        ],
        [
          0.537816,
          -0.370748,
          0.757166,
          4.458204
        ],
        [
          -0.008746,
          -0.900519,
          -0.434729,
          1.417157
        ],
        [
          0.0,
          0.0,
          0.0,
          1.0
        ]
      ]
    },
    {
      "file_path": "/media/NFS/ttao/scannet/posed_images/scene0474_02/00215.jpg",
      "transform_matrix": [
        [
          0.869785,
          0.229257,
          -0.436937,
          3.547979
        ],
        [
          0.4934,
          -0.394383,
          0.775254,
          4.474381
        ],
        [
          0.005412,
          -0.88989,
          -0.456144,
          1.406014
        ],
        [
          0.0,
          0.0,
          0.0,
          1.0
        ]
      ]
    },
    {
      "file_path": "/media/NFS/ttao/scannet/posed_images/scene0474_02/00220.jpg",
      "transform_matrix": [
        [
          0.874855,
          0.20906,
          -0.436947,
          3.551381
        ],
        [
          0.484365,
          -0.369385,
          0.793061,
          4.476716
        ],
        [
          0.004396,
          -0.905455,
          -0.42442,
          1.439481
        ],
        [
          0.0,
          0.0,
          0.0,
          1.0
        ]
      ]
    },
    {
      "file_path": "/media/NFS/ttao/scannet/posed_images/scene0474_02/00230.jpg",
      "transform_matrix": [
        [
          0.860722,
          0.13774,
          -0.490086,
          3.528152
        ],
        [
          0.509031,
          -0.24552,
          0.824989,
          4.442823
        ],
        [
          -0.006692,
          -0.959556,
          -0.281439,
          1.513099
        ],
        [
          0.0,
          0.0,
          0.0,
          1.0
        ]
      ]
    },
    {
      "file_path": "/media/NFS/ttao/scannet/posed_images/scene0474_02/00235.jpg",
      "transform_matrix": [
        [
          0.866154,
          0.121802,
          -0.484708,
          3.518077
        ],
        [
          0.499713,
          -0.195455,
          0.843851,
          4.430756
        ],
        [
          0.008045,
          -0.973119,
          -0.23016,
          1.566963
        ],
        [
          0.0,
          0.0,
          0.0,
          1.0
        ]
      ]
    },
    {
      "file_path": "/media/NFS/ttao/scannet/posed_images/scene0474_02/00249.jpg",
      "transform_matrix": [
        [
          0.905332,
          0.050744,
          -0.421663,
          3.470574
        ],
        [
          0.423719,
          -0.040272,
          0.904898,
          4.327393
        ],
        [
          0.028937,
          -0.997899,
          -0.057961,
          1.636323
        ],
        [
          0.0,
          0.0,
          0.0,
          1.0
        ]
      ]
    },
    {
      "file_path": "/media/NFS/ttao/scannet/posed_images/scene0474_02/00254.jpg",
      "transform_matrix": [
        [
          0.912107,
          0.038426,
          -0.408148,
          3.461494
        ],
        [
          0.408551,
          -0.002938,
          0.912731,
          4.286524
        ],
        [
          0.033874,
          -0.999257,
          -0.018378,
          1.595923
        ],
        [
          0.0,
          0.0,
          0.0,
          1.0
        ]
      ]
    },
    {
      "file_path": "/media/NFS/ttao/scannet/posed_images/scene0474_02/00259.jpg",
      "transform_matrix": [
        [
          0.91412,
          0.047586,
          -0.402641,
          3.446477
        ],
        [
          0.40209,
          0.021056,
          0.915358,
          4.254462
        ],
        [
          0.052037,
          -0.998645,
          0.000114,
          1.595156
        ],
        [
          0.0,
          0.0,
          0.0,
          1.0
        ]
      ]
    },
    {
      "file_path": "/media/NFS/ttao/scannet/posed_images/scene0474_02/00272.jpg",
      "transform_matrix": [
        [
          0.886583,
          0.030229,
          -0.461581,
          3.417814
        ],
        [
          0.458572,
          0.073473,
          0.885615,
          4.194306
        ],
        [
          0.060685,
          -0.996839,
          0.051278,
          1.588352
        ],
        [
          0.0,
          0.0,
          0.0,
          1.0
        ]
      ]
    },
    {
      "file_path": "/media/NFS/ttao/scannet/posed_images/scene0474_02/00276.jpg",
      "transform_matrix": [
        [
          0.861184,
          0.032484,
          -0.507255,
          3.401708
        ],
        [
          0.505133,
          0.056437,
          0.861195,
          4.181693
        ],
        [
          0.056603,
          -0.997878,
          0.032194,
          1.56812
        ],
        [
          0.0,
          0.0,
          0.0,
          1.0
        ]
      ]
    },
    {
      "file_path": "/media/NFS/ttao/scannet/posed_images/scene0474_02/00284.jpg",
      "transform_matrix": [
        [
          0.785998,
          0.031144,
          -0.617443,
          3.404313
        ],
        [
          0.617722,
          0.000848,
          0.786396,
          4.190253
        ],
        [
          0.025015,
          -0.999514,
          -0.018571,
          1.52312
        ],
        [
          0.0,
          0.0,
          0.0,
          1.0
        ]
      ]
    },
    {
      "file_path": "/media/NFS/ttao/scannet/posed_images/scene0474_02/00296.jpg",
      "transform_matrix": [
        [
          0.700868,
          0.116052,
          -0.703787,
          3.415622
        ],
        [
          0.712376,
          -0.063919,
          0.698881,
          4.27868
        ],
        [
          0.036121,
          -0.991184,
          -0.127471,
          1.481555
        ],
        [
          0.0,
          0.0,
          0.0,
          1.0
        ]
      ]
    },
    {
      "file_path": "/media/NFS/ttao/scannet/posed_images/scene0474_02/00303.jpg",
      "transform_matrix": [
        [
          0.622103,
          0.187814,
          -0.760075,
          3.449607
        ],
        [
          0.782204,
          -0.107125,
          0.613744,
          4.357165
        ],
        [
          0.033847,
          -0.976345,
          -0.213552,
          1.467757
        ],
        [
          0.0,
          0.0,
          0.0,
          1.0
        ]
      ]
    },
    {
      "file_path": "/media/NFS/ttao/scannet/posed_images/scene0474_02/00313.jpg",
      "transform_matrix": [
        [
          0.521416,
          0.269863,
          -0.809505,
          3.484694
        ],
        [
          0.853022,
          -0.140542,
          0.502594,
          4.477949
        ],
        [
          0.021863,
          -0.952587,
          -0.30348,
          1.431941
        ],
        [
          0.0,
          0.0,
          0.0,
          1.0
        ]
      ]
    },
    {
      "file_path": "/media/NFS/ttao/scannet/posed_images/scene0474_02/00323.jpg",
      "transform_matrix": [
        [
          0.433446,
          0.367744,
          -0.822733,
          3.482346
        ],
        [
          0.900273,
          -0.135752,
          0.413619,
          4.627099
        ],
        [
          0.040418,
          -0.919965,
          -0.389911,
          1.379784
        ],
        [
          0.0,
          0.0,
          0.0,
          1.0
        ]
      ]
    },
    {
      "file_path": "/media/NFS/ttao/scannet/posed_images/scene0474_02/00325.jpg",
      "transform_matrix": [
        [
          0.40499,
          0.387073,
          -0.828346,
          3.48215
        ],
        [
          0.913073,
          -0.123886,
          0.388524,
          4.644825
        ],
        [
          0.047767,
          -0.913689,
          -0.403598,
          1.371204
        ],
        [
          0.0,
          0.0,
          0.0,
          1.0
        ]
      ]
    },
    {
      "file_path": "/media/NFS/ttao/scannet/posed_images/scene0474_02/00333.jpg",
      "transform_matrix": [
        [
          0.295878,
          0.45677,
          -0.838938,
          3.508186
        ],
        [
          0.954255,
          -0.101752,
          0.281148,
          4.724935
        ],
        [
          0.043056,
          -0.883747,
          -0.465981,
          1.369547
        ],
        [
          0.0,
          0.0,
          0.0,
          1.0
        ]
      ]
    },
    {
      "file_path": "/media/NFS/ttao/scannet/posed_images/scene0474_02/00340.jpg",
      "transform_matrix": [
        [
          0.221231,
          0.457373,
          -0.861317,
          3.548875
        ],
        [
          0.975159,
          -0.093779,
          0.200674,
          4.802415
        ],
        [
          0.01101,
          -0.884317,
          -0.466758,
          1.372201
        ],
        [
          0.0,
          0.0,
          0.0,
          1.0
        ]
      ]
    },
    {
      "file_path": "/media/NFS/ttao/scannet/posed_images/scene0474_02/00352.jpg",
      "transform_matrix": [
        [
          0.072996,
          0.466422,
          -0.881546,
          3.714375
        ],
        [
          0.997286,
          -0.025597,
          0.069037,
          5.023039
        ],
        [
          0.009635,
          -0.884192,
          -0.467024,
          1.373635
        ],
        [
          0.0,
          0.0,
          0.0,
          1.0
        ]
      ]
    },
    {
      "file_path": "/media/NFS/ttao/scannet/posed_images/scene0474_02/00362.jpg",
      "transform_matrix": [
        [
          0.0163,
          0.420468,
          -0.907161,
          3.804367
        ],
        [
          0.99904,
          -0.043744,
          -0.002325,
          5.147408
        ],
        [
          -0.04066,
          -0.906252,
          -0.420777,
          1.418335
        ],
        [
          0.0,
          0.0,
          0.0,
          1.0
        ]
      ]
    },
    {
      "file_path": "/media/NFS/ttao/scannet/posed_images/scene0474_02/00369.jpg",
      "transform_matrix": [
        [
          -0.05308,
          0.381106,
          -0.923006,
          3.82978
        ],
        [
          0.997779,
          -0.01702,
          -0.064407,
          5.14327
        ],
        [
          -0.040256,
          -0.924375,
          -0.379356,
          1.434404
        ],
        [
          0.0,
          0.0,
          0.0,
          1.0
        ]
      ]
    },
    {
      "file_path": "/media/NFS/ttao/scannet/posed_images/scene0474_02/00379.jpg",
      "transform_matrix": [
        [
          -0.123752,
          0.313867,
          -0.941368,
          3.838955
        ],
        [
          0.992293,
          0.045164,
          -0.115389,
          5.087559
        ],
        [
          0.006299,
          -0.948392,
          -0.317037,
          1.446956
        ],
        [
          0.0,
          0.0,
          0.0,
          1.0
        ]
      ]
    },
    {
      "file_path": "/media/NFS/ttao/scannet/posed_images/scene0474_02/00382.jpg",
      "transform_matrix": [
        [
          -0.129301,
          0.307037,
          -0.942873,
          3.835641
        ],
        [
          0.991493,
          0.054367,
          -0.118264,
          5.061274
        ],
        [
          0.014949,
          -0.950143,
          -0.311455,
          1.440522
        ],
        [
          0.0,
          0.0,
          0.0,
          1.0
        ]
      ]
    },
    {
      "file_path": "/media/NFS/ttao/scannet/posed_images/scene0474_02/00396.jpg",
      "transform_matrix": [
        [
          -0.107269,
          0.226832,
          -0.968009,
          3.799647
        ],
        [
          0.993048,
          0.071911,
          -0.093193,
          4.885026
        ],
        [
          0.048471,
          -0.971276,
          -0.232969,
          1.469552
        ],
        [
          0.0,
          0.0,
          0.0,
          1.0
        ]
      ]
    },
    {
      "file_path": "/media/NFS/ttao/scannet/posed_images/scene0474_02/00401.jpg",
      "transform_matrix": [
        [
          -0.093219,
          0.201449,
          -0.975053,
          3.79188
        ],
        [
          0.995011,
          0.053829,
          -0.084006,
          4.85206
        ],
        [
          0.035563,
          -0.978019,
          -0.205462,
          1.492106
        ],
        [
          0.0,
          0.0,
          0.0,
          1.0
        ]
      ]
    },
    {
      "file_path": "/media/NFS/ttao/scannet/posed_images/scene0474_02/00411.jpg",
      "transform_matrix": [
        [
          -0.111959,
          0.13217,
          -0.984884,
          3.799953
        ],
        [
          0.993596,
          0.030131,
          -0.108905,
          4.834319
        ],
        [
          0.015282,
          -0.990769,
          -0.134697,
          1.553119
        ],
        [
          0.0,
          0.0,
          0.0,
          1.0
        ]
      ]
    },
    {
      "file_path": "/media/NFS/ttao/scannet/posed_images/scene0474_02/00416.jpg",
      "transform_matrix": [
        [
          -0.117902,
          0.090946,
          -0.988852,
          3.810664
        ],
        [
          0.992871,
          0.028386,
          -0.115771,
          4.838832
        ],
        [
          0.01754,
          -0.995451,
          -0.093645,
          1.566204
        ],
        [
          0.0,
          0.0,
          0.0,
          1.0
        ]
      ]
    },
    {
      "file_path": "/media/NFS/ttao/scannet/posed_images/scene0474_02/00423.jpg",
      "transform_matrix": [
        [
          -0.105207,
          0.042817,
          -0.993528,
          3.824852
        ],
        [
          0.994224,
          0.025854,
          -0.104167,
          4.843936
        ],
        [
          0.021227,
          -0.998748,
          -0.04529,
          1.605625
        ],
        [
          0.0,
          0.0,
          0.0,
          1.0
        ]
      ]
    },
    {
      "file_path": "/media/NFS/ttao/scannet/posed_images/scene0474_02/00435.jpg",
      "transform_matrix": [
        [
          -0.06337,
          -0.059028,
          -0.996243,
          3.828645
        ],
        [
          0.996593,
          0.049068,
          -0.066299,
          4.874598
        ],
        [
          0.052797,
          -0.99705,
          0.055718,
          1.652133
        ],
        [
          0.0,
          0.0,
          0.0,
          1.0
        ]
      ]
    },
    {
      "file_path": "/media/NFS/ttao/scannet/posed_images/scene0474_02/00438.jpg",
      "transform_matrix": [
        [
          -0.057913,
          -0.075127,
          -0.995491,
          3.832138
        ],
        [
          0.996587,
          0.054407,
          -0.062082,
          4.875798
        ],
        [
          0.058825,
          -0.995689,
          0.071719,
          1.673811
        ],
        [
          0.0,
          0.0,
          0.0,
          1.0
        ]
      ]
    },
    {
      "file_path": "/media/NFS/ttao/scannet/posed_images/scene0474_02/00453.jpg",
      "transform_matrix": [
        [
          -0.030086,
          -0.184332,
          -0.982403,
          3.846537
        ],
        [
          0.998218,
          0.045138,
          -0.03904,
          4.891083
        ],
        [
          0.05154,
          -0.981827,
          0.182646,
          1.686709
        ],
        [
          0.0,
          0.0,
          0.0,
          1.0
        ]
      ]
    },
    {
      "file_path": "/media/NFS/ttao/scannet/posed_images/scene0474_02/00455.jpg",
      "transform_matrix": [
        [
          -0.030895,
          -0.186251,
          -0.982016,
          3.847909
        ],
        [
          0.998234,
          0.044134,
          -0.039776,
          4.89211
        ],
        [
          0.050748,
          -0.98151,
          0.184559,
          1.687463
        ],
        [
          0.0,
          0.0,
          0.0,
          1.0
        ]
      ]
    },
    {
      "file_path": "/media/NFS/ttao/scannet/posed_images/scene0474_02/00470.jpg",
      "transform_matrix": [
        [
          0.014557,
          -0.265629,
          -0.963965,
          3.867248
        ],
        [
          0.998795,
          0.049061,
          0.001564,
          4.920934
        ],
        [
          0.046878,
          -0.962826,
          0.266023,
          1.704798
        ],
        [
          0.0,
          0.0,
          0.0,
          1.0
        ]
      ]
    },
    {
      "file_path": "/media/NFS/ttao/scannet/posed_images/scene0474_02/00475.jpg",
      "transform_matrix": [
        [
          0.021839,
          -0.281403,
          -0.959341,
          3.877404
        ],
        [
          0.998789,
          0.048455,
          0.008524,
          4.92111
        ],
        [
          0.044086,
          -0.958366,
          0.28212,
          1.720164
        ],
        [
          0.0,
          0.0,
          0.0,
          1.0
        ]
      ]
    },
    {
      "file_path": "/media/NFS/ttao/scannet/posed_images/scene0474_02/00484.jpg",
      "transform_matrix": [
        [
          -0.036891,
          -0.333144,
          -0.942154,
          3.901992
        ],
        [
          0.998053,
          0.035166,
          -0.051514,
          4.91277
        ],
        [
          0.050293,
          -0.94222,
          0.331198,
          1.717414
        ],
        [
          0.0,
          0.0,
          0.0,
          1.0
        ]
      ]
    },
    {
      "file_path": "/media/NFS/ttao/scannet/posed_images/scene0474_02/00487.jpg",
      "transform_matrix": [
        [
          -0.060374,
          -0.344286,
          -0.936922,
          3.911488
        ],
        [
          0.996762,
          0.029154,
          -0.074943,
          4.905053
        ],
        [
          0.053116,
          -0.938412,
          0.341411,
          1.720674
        ],
        [
          0.0,
          0.0,
          0.0,
          1.0
        ]
      ]
    },
    {
      "file_path": "/media/NFS/ttao/scannet/posed_images/scene0474_02/00499.jpg",
      "transform_matrix": [
        [
          -0.143682,
          -0.373335,
          -0.916502,
          3.947946
        ],
        [
          0.988243,
          -0.005228,
          -0.1528,
          4.896297
        ],
        [
          0.052254,
          -0.927682,
          0.369697,
          1.710891
        ],
        [
          0.0,
          0.0,
          0.0,
          1.0
        ]
      ]
    },
    {
      "file_path": "/media/NFS/ttao/scannet/posed_images/scene0474_02/00509.jpg",
      "transform_matrix": [
        [
          -0.19042,
          -0.393562,
          -0.89936,
          3.982479
        ],
        [
          0.979579,
          -0.015941,
          -0.200429,
          4.875928
        ],
        [
          0.064544,
          -0.91916,
          0.38856,
          1.714108
        ],
        [
          0.0,
          0.0,
          0.0,
          1.0
        ]
      ]
    },
    {
      "file_path": "/media/NFS/ttao/scannet/posed_images/scene0474_02/00511.jpg",
      "transform_matrix": [
        [
          -0.205025,
          -0.389121,
          -0.898081,
          3.984241
        ],
        [
          0.976452,
          -0.018389,
          -0.21495,
          4.861336
        ],
        [
          0.067127,
          -0.921003,
          0.383729,
          1.713819
        ],
        [
          0.0,
          0.0,
          0.0,
          1.0
        ]
      ]
    },
    {
      "file_path": "/media/NFS/ttao/scannet/posed_images/scene0474_02/00521.jpg",
      "transform_matrix": [
        [
          -0.306104,
          -0.291664,
          -0.906219,
          3.992739
        ],
        [
          0.950464,
          -0.039613,
          -0.3083,
          4.872107
        ],
        [
          0.054022,
          -0.9557,
          0.289341,
          1.704767
        ],
        [
          0.0,
          0.0,
          0.0,
          1.0
        ]
      ]
    },
    {
      "file_path": "/media/NFS/ttao/scannet/posed_images/scene0474_02/00533.jpg",
      "transform_matrix": [
        [
          -0.371244,
          -0.125664,
          -0.919993,
          3.961492
        ],
        [
          0.928411,
          -0.033978,
          -0.37,
          4.85798
        ],
        [
          0.015236,
          -0.991491,
          0.129282,
          1.620533
        ],
        [
          0.0,
          0.0,
          0.0,
          1.0
        ]
      ]
    },
    {
      "file_path": "/media/NFS/ttao/scannet/posed_images/scene0474_02/00543.jpg",
      "transform_matrix": [
        [
          -0.345441,
          -0.032144,
          -0.93789,
          3.916329
        ],
        [
          0.93838,
          -0.000463,
          -0.345606,
          4.86264
        ],
        [
          0.010675,
          -0.999483,
          0.030323,
          1.556145
        ],
        [
          0.0,
          0.0,
          0.0,
          1.0
        ]
      ]
    },
    {
      "file_path": "/media/NFS/ttao/scannet/posed_images/scene0474_02/00545.jpg",
      "transform_matrix": [
        [
          -0.336587,
          -0.008061,
          -0.941618,
          3.907208
        ],
        [
          0.941557,
          0.011377,
          -0.336663,
          4.859046
        ],
        [
          0.013427,
          -0.999903,
          0.003761,
          1.537598
        ],
        [
          0.0,
          0.0,
          0.0,
          1.0
        ]
      ]
    },
    {
      "file_path": "/media/NFS/ttao/scannet/posed_images/scene0474_02/00553.jpg",
      "transform_matrix": [
        [
          -0.311026,
          0.093736,
          -0.945768,
          3.876746
        ],
        [
          0.949791,
          0.066332,
          -0.305775,
          4.860113
        ],
        [
          0.034072,
          -0.993385,
          -0.10966,
          1.45796
        ],
        [
          0.0,
          0.0,
          0.0,
          1.0
        ]
      ]
    },
    {
      "file_path": "/media/NFS/ttao/scannet/posed_images/scene0474_02/00565.jpg",
      "transform_matrix": [
        [
          -0.282201,
          0.272167,
          -0.919939,
          3.852335
        ],
        [
          0.959192,
          0.097734,
          -0.265327,
          4.834057
        ],
        [
          0.017696,
          -0.957274,
          -0.288642,
          1.398521
        ],
        [
          0.0,
          0.0,
          0.0,
          1.0
        ]
      ]
    },
    {
      "file_path": "/media/NFS/ttao/scannet/posed_images/scene0474_02/00572.jpg",
      "transform_matrix": [
        [
          -0.25155,
          0.383341,
          -0.888691,
          3.838392
        ],
        [
          0.967662,
          0.117445,
          -0.223243,
          4.825685
        ],
        [
          0.018794,
          -0.916109,
          -0.400488,
          1.381567
        ],
        [
          0.0,
          0.0,
          0.0,
          1.0
        ]
      ]
    },
    {
      "file_path": "/media/NFS/ttao/scannet/posed_images/scene0474_02/00582.jpg",
      "transform_matrix": [
        [
          -0.144836,
          0.449278,
          -0.881574,
          3.822136
        ],
        [
          0.988755,
          0.09924,
          -0.11187,
          4.866858
        ],
        [
          0.037226,
          -0.887863,
          -0.458599,
          1.376045
        ],
        [
          0.0,
          0.0,
          0.0,
          1.0
        ]
      ]
    },
    {
      "file_path": "/media/NFS/ttao/scannet/posed_images/scene0474_02/00585.jpg",
      "transform_matrix": [
        [
          -0.146544,
          0.441742,
          -0.885093,
          3.834021
        ],
        [
          0.988722,
          0.093353,
          -0.11711,
          4.882484
        ],
        [
          0.030893,
          -0.892272,
          -0.45044,
          1.383011
        ],
        [
          0.0,
          0.0,
          0.0,
          1.0
        ]
      ]
    },
    {
      "file_path": "/media/NFS/ttao/scannet/posed_images/scene0474_02/00599.jpg",
      "transform_matrix": [
        [
          -0.184944,
          0.321733,
          -0.928592,
          3.892389
        ],
        [
          0.982692,
          0.070775,
          -0.171197,
          4.958244
        ],
        [
          0.010641,
          -0.944182,
          -0.329254,
          1.427977
        ],
        [
          0.0,
          0.0,
          0.0,
          1.0
        ]
      ]
    },
    {
      "file_path": "/media/NFS/ttao/scannet/posed_images/scene0474_02/00602.jpg",
      "transform_matrix": [
        [
          -0.187322,
          0.320109,
          -0.928677,
          3.890423
        ],
        [
          0.982296,
          0.063072,
          -0.176397,
          4.963814
        ],
        [
          0.002106,
          -0.945279,
          -0.326257,
          1.432708
        ],
        [
          0.0,
          0.0,
          0.0,
          1.0
        ]
      ]
    },
    {
      "file_path": "/media/NFS/ttao/scannet/posed_images/scene0474_02/00614.jpg",
      "transform_matrix": [
        [
          -0.10074,
          0.199113,
          -0.974785,
          3.849252
        ],
        [
          0.993978,
          0.062611,
          -0.089935,
          4.901528
        ],
        [
          0.043125,
          -0.977974,
          -0.204222,
          1.468096
        ],
        [
          0.0,
          0.0,
          0.0,
          1.0
        ]
      ]
    },
    {
      "file_path": "/media/NFS/ttao/scannet/posed_images/scene0474_02/00624.jpg",
      "transform_matrix": [
        [
          -0.037542,
          0.13687,
          -0.989877,
          3.814001
        ],
        [
          0.999098,
          0.024812,
          -0.034461,
          4.776555
        ],
        [
          0.019844,
          -0.990278,
          -0.137678,
          1.497523
        ],
        [
          0.0,
          0.0,
          0.0,
          1.0
        ]
      ]
    },
    {
      "file_path": "/media/NFS/ttao/scannet/posed_images/scene0474_02/00626.jpg",
      "transform_matrix": [
        [
          -0.040122,
          0.13734,
          -0.989711,
          3.807199
        ],
        [
          0.999174,
          0.011913,
          -0.038853,
          4.751725
        ],
        [
          0.006455,
          -0.990452,
          -0.137704,
          1.494077
        ],
        [
          0.0,
