{
  "frames": [
    {
      "file_path": "/media/NFS/ttao/scannet/posed_images/scene0090_00/00000.jpg",
      "transform_matrix": [
        [
          0.233902,
          -0.58763,
          0.774584,
          0.860343
        ],
        [
          -0.967246,
          -0.059828,
          0.246692,
          3.117731
        ],
        [
          -0.098622,
          -0.806915,
          -0.582377,
          1.418568
        ],
        [
          0.0,
          0.0,
          0.0,
          1.0
        ]
      ]
    },
    {
      "file_path": "/media/NFS/ttao/scannet/posed_images/scene0090_00/00001.jpg",
      "transform_matrix": [
        [
          0.233684,
          -0.587102,
          0.775051,
          0.859973
        ],
        [
          -0.967496,
          -0.061159,
          0.24538,
          3.119137
        ],
        [
          -0.096661,
          -0.8072,
          -0.58231,
          1.418853
        ],
        [
          0.0,
          0.0,
          0.0,
          1.0
        ]
      ]
    },
    {
      "file_path": "/media/NFS/ttao/scannet/posed_images/scene0090_00/00003.jpg",
      "transform_matrix": [
        [
          0.234642,
          -0.58546,
          0.776002,
          0.856906
        ],
        [
          -0.967537,
          -0.063552,
          0.24461,
          3.122666
        ],
        [
          -0.093893,
          -0.808206,
          -0.581366,
          1.417663
        ],
        [
          0.0,
          0.0,
          0.0,
          1.0
        ]
      ]
    },
    {
      "file_path": "/media/NFS/ttao/scannet/posed_images/scene0090_00/00006.jpg",
      "transform_matrix": [
        [
          0.243184,
          -0.580214,
          0.777312,
          0.852529
        ],
        [
          -0.965732,
          -0.069902,
          0.249954,
          3.128706
        ],
        [
          -0.090691,
          -0.811459,
          -0.57733,
          1.416197
        ],
        [
          0.0,
          0.0,
          0.0,
          1.0
        ]
      ]
    },
    {
      "file_path": "/media/NFS/ttao/scannet/posed_images/scene0090_00/00007.jpg",
      "transform_matrix": [
        [
          0.246097,
          -0.578624,
          0.77758,
          0.848537
        ],
        [
          -0.965126,
          -0.072407,
          0.251573,
          3.129603
        ],
        [
          -0.089264,
          -0.812374,
          -0.576264,
          1.407768
        ],
        [
          0.0,
          0.0,
          0.0,
          1.0
        ]
      ]
    },
    {
      "file_path": "/media/NFS/ttao/scannet/posed_images/scene0090_00/00009.jpg",
      "transform_matrix": [
        [
          0.249158,
          -0.592393,
          0.766154,
          0.847042
        ],
        [
          -0.964448,
          -0.07981,
          0.251935,
          3.133789
        ],
        [
          -0.088098,
          -0.801687,
          -0.591217,
          1.403155
        ],
        [
          0.0,
          0.0,
          0.0,
          1.0
        ]
      ]
    },
    {
      "file_path": "/media/NFS/ttao/scannet/posed_images/scene0090_00/00010.jpg",
      "transform_matrix": [
        [
          0.249748,
          -0.591963,
          0.766294,
          0.844525
        ],
        [
          -0.964577,
          -0.082655,
          0.250521,
          3.1372
        ],
        [
          -0.084961,
          -0.801716,
          -0.591636,
          1.398361
        ],
        [
          0.0,
          0.0,
          0.0,
          1.0
        ]
      ]
    },
    {
      "file_path": "/media/NFS/ttao/scannet/posed_images/scene0090_00/00013.jpg",
      "transform_matrix": [
        [
          0.247528,
          -0.599572,
          0.76108,
          0.843544
        ],
        [
          -0.966438,
          -0.097051,
          0.237861,
          3.138863
        ],
        [
          -0.068751,
          -0.794415,
          -0.603472,
          1.389624
        ],
        [
          0.0,
          0.0,
          0.0,
          1.0
        ]
      ]
    },
    {
      "file_path": "/media/NFS/ttao/scannet/posed_images/scene0090_00/00014.jpg",
      "transform_matrix": [
        [
          0.246176,
          -0.604187,
          0.757862,
          0.846357
        ],
        [
          -0.966756,
          -0.097288,
          0.23647,
          3.140161
        ],
        [
          -0.069141,
          -0.790881,
          -0.608051,
          1.393757
        ],
        [
          0.0,
          0.0,
          0.0,
          1.0
        ]
      ]
    },
    {
      "file_path": "/media/NFS/ttao/scannet/posed_images/scene0090_00/00016.jpg",
      "transform_matrix": [
        [
          0.25156,
          -0.601488,
          0.758241,
          0.848519
        ],
        [
          -0.964409,
          -0.08986,
          0.248678,
          3.144093
        ],
        [
          -0.081441,
          -0.793812,
          -0.602686,
          1.40167
        ],
        [
          0.0,
          0.0,
          0.0,
          1.0
        ]
      ]
    },
    {
      "file_path": "/media/NFS/ttao/scannet/posed_images/scene0090_00/00017.jpg",
      "transform_matrix": [
        [
          0.255117,
          -0.59666,
          0.760862,
          0.849988
        ],
        [
          -0.963339,
          -0.089274,
          0.253,
          3.144678
        ],
        [
          -0.08303,
          -0.797513,
          -0.597561,
          1.405278
        ],
        [
          0.0,
          0.0,
          0.0,
          1.0
        ]
      ]
    },
    {
      "file_path": "/media/NFS/ttao/scannet/posed_images/scene0090_00/00019.jpg",
      "transform_matrix": [
        [
          0.258527,
          -0.584754,
          0.768912,
          0.855944
        ],
        [
          -0.962795,
          -0.091148,
          0.254398,
          3.147369
        ],
        [
          -0.078675,
          -0.806074,
          -0.586563,
          1.419702
        ],
        [
          0.0,
          0.0,
          0.0,
          1.0
        ]
      ]
    },
    {
      "file_path": "/media/NFS/ttao/scannet/posed_images/scene0090_00/00022.jpg",
      "transform_matrix": [
        [
          0.26044,
          -0.547356,
          0.795344,
          0.860378
        ],
        [
          -0.96174,
          -0.074538,
          0.263631,
          3.146859
        ],
        [
          -0.085017,
          -0.833574,
          -0.545827,
          1.450669
        ],
        [
          0.0,
          0.0,
          0.0,
          1.0
        ]
      ]
    },
    {
      "file_path": "/media/NFS/ttao/scannet/posed_images/scene0090_00/00023.jpg",
      "transform_matrix": [
        [
          0.265272,
          -0.529601,
          0.805701,
          0.861592
        ],
        [
          -0.960018,
          -0.06758,
          0.271658,
          3.146647
        ],
        [
          -0.089421,
          -0.845551,
          -0.526353,
          1.46029
        ],
        [
          0.0,
          0.0,
          0.0,
          1.0
        ]
      ]
    },
    {
      "file_path": "/media/NFS/ttao/scannet/posed_images/scene0090_00/00025.jpg",
      "transform_matrix": [
        [
          0.274571,
          -0.488213,
          0.828408,
          0.861659
        ],
        [
          -0.957318,
          -0.057885,
          0.283184,
          3.146325
        ],
        [
          -0.090302,
          -0.870803,
          -0.483268,
          1.475465
        ],
        [
          0.0,
          0.0,
          0.0,
          1.0
        ]
      ]
    },
    {
      "file_path": "/media/NFS/ttao/scannet/posed_images/scene0090_00/00027.jpg",
      "transform_matrix": [
        [
          0.280304,
          -0.452469,
          0.846582,
          0.864456
        ],
        [
          -0.956721,
          -0.059842,
          0.284788,
          3.14765
        ],
        [
          -0.078197,
          -0.88977,
          -0.449661,
          1.497757
        ],
        [
          0.0,
          0.0,
          0.0,
          1.0
        ]
      ]
    },
    {
      "file_path": "/media/NFS/ttao/scannet/posed_images/scene0090_00/00029.jpg",
      "transform_matrix": [
        [
          0.284065,
          -0.412477,
          0.865546,
          0.864211
        ],
        [
          -0.956325,
          -0.057005,
          0.286692,
          3.147199
        ],
        [
          -0.068913,
          -0.909183,
          -0.410655,
          1.515522
        ],
        [
          0.0,
          0.0,
          0.0,
          1.0
        ]
      ]
    },
    {
      "file_path": "/media/NFS/ttao/scannet/posed_images/scene0090_00/00030.jpg",
      "transform_matrix": [
        [
          0.288253,
          -0.384838,
          0.876818,
          0.856345
        ],
        [
          -0.955032,
          -0.049119,
          0.292407,
          3.140559
        ],
        [
          -0.069461,
          -0.921676,
          -0.381691,
          1.508437
        ],
        [
          0.0,
          0.0,
          0.0,
          1.0
        ]
      ]
    },
    {
      "file_path": "/media/NFS/ttao/scannet/posed_images/scene0090_00/00032.jpg",
      "transform_matrix": [
        [
          0.295972,
          -0.339096,
          0.892981,
          0.855264
        ],
        [
          -0.953035,
          -0.041971,
          0.299938,
          3.138555
        ],
        [
          -0.064229,
          -0.939815,
          -0.335593,
          1.526694
        ],
        [
          0.0,
          0.0,
          0.0,
          1.0
        ]
      ]
    },
    {
      "file_path": "/media/NFS/ttao/scannet/posed_images/scene0090_00/00033.jpg",
      "transform_matrix": [
        [
          0.297964,
          -0.318342,
          0.899931,
          0.855467
        ],
        [
          -0.952872,
          -0.042869,
          0.300328,
          3.13793
        ],
        [
          -0.057027,
          -0.947006,
          -0.316112,
          1.536188
        ],
        [
          0.0,
          0.0,
          0.0,
          1.0
        ]
      ]
    },
    {
      "file_path": "/media/NFS/ttao/scannet/posed_images/scene0090_00/00036.jpg",
      "transform_matrix": [
        [
          0.286604,
          -0.26948,
          0.919369,
          0.85662
        ],
        [
          -0.95715,
          -0.038965,
          0.286961,
          3.134218
        ],
        [
          -0.041507,
          -0.962217,
          -0.269101,
          1.563019
        ],
        [
          0.0,
          0.0,
          0.0,
          1.0
        ]
      ]
    },
    {
      "file_path": "/media/NFS/ttao/scannet/posed_images/scene0090_00/00037.jpg",
      "transform_matrix": [
        [
          0.284526,
          -0.246403,
          0.926461,
          0.855394
        ],
        [
          -0.957749,
          -0.030749,
          0.285957,
          3.132059
        ],
        [
          -0.041973,
          -0.96868,
          -0.244741,
          1.568001
        ],
        [
          0.0,
          0.0,
          0.0,
          1.0
        ]
      ]
    },
    {
      "file_path": "/media/NFS/ttao/scannet/posed_images/scene0090_00/00039.jpg",
      "transform_matrix": [
        [
          0.276022,
          -0.198071,
          0.940521,
          0.853667
        ],
        [
          -0.960481,
          -0.020285,
          0.277607,
          3.130004
        ],
        [
          -0.035908,
          -0.979978,
          -0.195842,
          1.583931
        ],
        [
          0.0,
          0.0,
          0.0,
          1.0
        ]
      ]
    },
    {
      "file_path": "/media/NFS/ttao/scannet/posed_images/scene0090_00/00040.jpg",
      "transform_matrix": [
        [
          0.262488,
          -0.190941,
          0.945855,
          0.858078
        ],
        [
          -0.96427,
          -0.015512,
          0.264467,
          3.128673
        ],
        [
          -0.035825,
          -0.981479,
          -0.188191,
          1.597872
        ],
        [
          0.0,
          0.0,
          0.0,
          1.0
        ]
      ]
    },
    {
      "file_path": "/media/NFS/ttao/scannet/posed_images/scene0090_00/00043.jpg",
      "transform_matrix": [
        [
          0.221135,
          -0.150752,
          0.963521,
          0.857194
        ],
        [
          -0.974954,
          -0.010101,
          0.222179,
          3.122632
        ],
        [
          -0.023762,
          -0.98852,
          -0.14921,
          1.624697
        ],
        [
          0.0,
          0.0,
          0.0,
          1.0
        ]
      ]
    },
    {
      "file_path": "/media/NFS/ttao/scannet/posed_images/scene0090_00/00045.jpg",
      "transform_matrix": [
        [
          0.1911,
          -0.119263,
          0.974298,
          0.854204
        ],
        [
          -0.981435,
          -0.006715,
          0.191678,
          3.121176
        ],
        [
          -0.016317,
          -0.99284,
          -0.118332,
          1.635122
        ],
        [
          0.0,
          0.0,
          0.0,
          1.0
        ]
      ]
    },
    {
      "file_path": "/media/NFS/ttao/scannet/posed_images/scene0090_00/00046.jpg",
      "transform_matrix": [
        [
          0.176636,
          -0.108169,
          0.978314,
          0.854007
        ],
        [
          -0.984225,
          -0.009272,
          0.176678,
          3.118758
        ],
        [
          -0.01004,
          -0.994089,
          -0.108101,
          1.642799
        ],
        [
          0.0,
          0.0,
          0.0,
          1.0
        ]
      ]
    },
    {
      "file_path": "/media/NFS/ttao/scannet/posed_images/scene0090_00/00047.jpg",
      "transform_matrix": [
        [
          0.160093,
          -0.097281,
          0.982297,
          0.853
        ],
        [
          -0.987099,
          -0.013255,
          0.159563,
          3.11818
        ],
        [
          -0.002502,
          -0.995169,
          -0.098147,
          1.648341
        ],
        [
          0.0,
          0.0,
          0.0,
          1.0
        ]
      ]
    },
    {
      "file_path": "/media/NFS/ttao/scannet/posed_images/scene0090_00/00049.jpg",
      "transform_matrix": [
        [
          0.126116,
          -0.078636,
          0.988894,
          0.850232
        ],
        [
          -0.992007,
          -0.014272,
          0.125378,
          3.117285
        ],
        [
          0.004255,
          -0.996801,
          -0.079807,
          1.656659
        ],
        [
          0.0,
          0.0,
          0.0,
          1.0
        ]
      ]
    },
    {
      "file_path": "/media/NFS/ttao/scannet/posed_images/scene0090_00/00052.jpg",
      "transform_matrix": [
        [
          0.072044,
          -0.074679,
          0.994602,
          0.846452
        ],
        [
          -0.997358,
          -0.0147,
          0.07114,
          3.131186
        ],
        [
          0.009308,
          -0.997099,
          -0.075541,
          1.668469
        ],
        [
          0.0,
          0.0,
          0.0,
          1.0
        ]
      ]
    },
    {
      "file_path": "/media/NFS/ttao/scannet/posed_images/scene0090_00/00053.jpg",
      "transform_matrix": [
        [
          0.053222,
          -0.077146,
          0.995598,
          0.846315
        ],
        [
          -0.998525,
          -0.014841,
          0.052228,
          3.130207
        ],
        [
          0.010747,
          -0.996909,
          -0.077822,
          1.671685
        ],
        [
          0.0,
          0.0,
          0.0,
          1.0
        ]
      ]
    },
    {
      "file_path": "/media/NFS/ttao/scannet/posed_images/scene0090_00/00055.jpg",
      "transform_matrix": [
        [
          0.016775,
          -0.080442,
          0.996618,
          0.846599
        ],
        [
          -0.999822,
          -0.009984,
          0.016023,
          3.126426
        ],
        [
          0.008661,
          -0.996709,
          -0.080595,
          1.668197
        ],
        [
          0.0,
          0.0,
          0.0,
          1.0
        ]
      ]
    },
    {
      "file_path": "/media/NFS/ttao/scannet/posed_images/scene0090_00/00056.jpg",
      "transform_matrix": [
        [
          -0.000399,
          -0.08261,
          0.996582,
          0.846285
        ],
        [
          -0.999983,
          -0.005768,
          -0.000878,
          3.126697
        ],
        [
          0.005821,
          -0.996565,
          -0.082607,
          1.668035
        ],
        [
          0.0,
          0.0,
          0.0,
          1.0
        ]
      ]
    },
    {
      "file_path": "/media/NFS/ttao/scannet/posed_images/scene0090_00/00058.jpg",
      "transform_matrix": [
        [
          -0.030688,
          -0.088708,
          0.995585,
          0.845604
        ],
        [
          -0.999525,
          -0.000243,
          -0.030832,
          3.12214
        ],
        [
          0.002976,
          -0.996058,
          -0.088658,
          1.664629
        ],
        [
          0.0,
          0.0,
          0.0,
          1.0
        ]
      ]
    },
    {
      "file_path": "/media/NFS/ttao/scannet/posed_images/scene0090_00/00061.jpg",
      "transform_matrix": [
        [
          -0.079347,
          -0.105225,
          0.991278,
          0.847442
        ],
        [
          -0.996844,
          0.005851,
          -0.079172,
          3.123344
        ],
        [
          0.002531,
          -0.994431,
          -0.105357,
          1.65047
        ],
        [
          0.0,
          0.0,
          0.0,
          1.0
        ]
      ]
    },
    {
      "file_path": "/media/NFS/ttao/scannet/posed_images/scene0090_00/00062.jpg",
      "transform_matrix": [
        [
          -0.094559,
          -0.111581,
          0.989246,
          0.84847
        ],
        [
          -0.995518,
          0.012505,
          -0.093748,
          3.123631
        ],
        [
          -0.00191,
          -0.993677,
          -0.112264,
          1.64598
        ],
        [
          0.0,
          0.0,
          0.0,
          1.0
        ]
      ]
    },
    {
      "file_path": "/media/NFS/ttao/scannet/posed_images/scene0090_00/00063.jpg",
      "transform_matrix": [
        [
          -0.105264,
          -0.119951,
          0.987183,
          0.848996
        ],
        [
          -0.994424,
          0.018978,
          -0.103731,
          3.121127
        ],
        [
          -0.006292,
          -0.992598,
          -0.12128,
          1.642987
        ],
        [
          0.0,
          0.0,
          0.0,
          1.0
        ]
      ]
    },
    {
      "file_path": "/media/NFS/ttao/scannet/posed_images/scene0090_00/00066.jpg",
      "transform_matrix": [
        [
          -0.126963,
          -0.135461,
          0.982614,
          0.850635
        ],
        [
          -0.991808,
          0.031335,
          -0.123832,
          3.113653
        ],
        [
          -0.014016,
          -0.990287,
          -0.13833,
          1.63143
        ],
        [
          0.0,
          0.0,
          0.0,
          1.0
        ]
      ]
    },
    {
      "file_path": "/media/NFS/ttao/scannet/posed_images/scene0090_00/00067.jpg",
      "transform_matrix": [
        [
          -0.131669,
          -0.137606,
          0.981696,
          0.850559
        ],
        [
          -0.991157,
          0.034738,
          -0.128069,
          3.111962
        ],
        [
          -0.016479,
          -0.989878,
          -0.140963,
          1.628959
        ],
        [
          0.0,
          0.0,
          0.0,
          1.0
        ]
      ]
    },
    {
      "file_path": "/media/NFS/ttao/scannet/posed_images/scene0090_00/00070.jpg",
      "transform_matrix": [
        [
          -0.145767,
          -0.14834,
          0.978135,
          0.850823
        ],
        [
          -0.989237,
          0.034564,
          -0.142179,
          3.109099
        ],
        [
          -0.012717,
          -0.988332,
          -0.151782,
          1.628565
        ],
        [
          0.0,
          0.0,
          0.0,
          1.0
        ]
      ]
    },
    {
      "file_path": "/media/NFS/ttao/scannet/posed_images/scene0090_00/00071.jpg",
      "transform_matrix": [
        [
          -0.151831,
          -0.154404,
          0.976272,
          0.849684
        ],
        [
          -0.988351,
          0.034167,
          -0.148306,
          3.107131
        ],
        [
          -0.010457,
          -0.987417,
          -0.157793,
          1.624092
        ],
        [
          0.0,
          0.0,
          0.0,
          1.0
        ]
      ]
    },
    {
      "file_path": "/media/NFS/ttao/scannet/posed_images/scene0090_00/00073.jpg",
      "transform_matrix": [
        [
          -0.16773,
          -0.172034,
          0.970707,
          0.850496
        ],
        [
          -0.985801,
          0.037202,
          -0.163745,
          3.106755
        ],
        [
          -0.007943,
          -0.984388,
          -0.175831,
          1.616098
        ],
        [
          0.0,
          0.0,
          0.0,
          1.0
        ]
      ]
    },
    {
      "file_path": "/media/NFS/ttao/scannet/posed_images/scene0090_00/00074.jpg",
      "transform_matrix": [
        [
          -0.176513,
          -0.181411,
          0.967436,
          0.850997
        ],
        [
          -0.984248,
          0.042482,
          -0.171615,
          3.104954
        ],
        [
          -0.009966,
          -0.982489,
          -0.186052,
          1.608727
        ],
        [
          0.0,
          0.0,
          0.0,
          1.0
        ]
      ]
    },
    {
      "file_path": "/media/NFS/ttao/scannet/posed_images/scene0090_00/00076.jpg",
      "transform_matrix": [
        [
          -0.196099,
          -0.207681,
          0.958339,
          0.853793
        ],
        [
          -0.980339,
          0.063392,
          -0.186863,
          3.101783
        ],
        [
          -0.021943,
          -0.97614,
          -0.216029,
          1.598506
        ],
        [
          0.0,
          0.0,
          0.0,
          1.0
        ]
      ]
    },
    {
      "file_path": "/media/NFS/ttao/scannet/posed_images/scene0090_00/00078.jpg",
      "transform_matrix": [
        [
          -0.208262,
          -0.243694,
          0.947228,
          0.857564
        ],
        [
          -0.977585,
          0.082453,
          -0.193723,
          3.098222
        ],
        [
          -0.030892,
          -0.966341,
          -0.255404,
          1.595143
        ],
        [
          0.0,
          0.0,
          0.0,
          1.0
        ]
      ]
    },
    {
      "file_path": "/media/NFS/ttao/scannet/posed_images/scene0090_00/00080.jpg",
      "transform_matrix": [
        [
          -0.214715,
          -0.282922,
          0.934801,
          0.863731
        ],
        [
          -0.976046,
          0.096563,
          -0.194964,
          3.094541
        ],
        [
          -0.035108,
          -0.95427,
          -0.296878,
          1.581646
        ],
        [
          0.0,
          0.0,
          0.0,
          1.0
        ]
      ]
    },
    {
      "file_path": "/media/NFS/ttao/scannet/posed_images/scene0090_00/00081.jpg",
      "transform_matrix": [
        [
          -0.217215,
          -0.30054,
          0.928705,
          0.866184
        ],
        [
          -0.975437,
          0.102523,
          -0.194968,
          3.094432
        ],
        [
          -0.036618,
          -0.948243,
          -0.315427,
          1.575006
        ],
        [
          0.0,
          0.0,
          0.0,
          1.0
        ]
      ]
    },
    {
      "file_path": "/media/NFS/ttao/scannet/posed_images/scene0090_00/00084.jpg",
      "transform_matrix": [
        [
          -0.2217,
          -0.354462,
          0.908408,
          0.871624
        ],
        [
          -0.974373,
          0.11686,
          -0.192201,
          3.096627
        ],
        [
          -0.038029,
          -0.92774,
          -0.371286,
          1.561806
        ],
        [
          0.0,
          0.0,
          0.0,
          1.0
        ]
      ]
    },
    {
      "file_path": "/media/NFS/ttao/scannet/posed_images/scene0090_00/00085.jpg",
      "transform_matrix": [
        [
          -0.222134,
          -0.366835,
          0.903376,
          0.868844
        ],
        [
          -0.974112,
          0.123388,
          -0.189423,
          3.098028
        ],
        [
          -0.041979,
          -0.922067,
          -0.384747,
          1.548963
        ],
        [
          0.0,
          0.0,
          0.0,
          1.0
        ]
      ]
    },
    {
      "file_path": "/media/NFS/ttao/scannet/posed_images/scene0090_00/00087.jpg",
      "transform_matrix": [
        [
          -0.21975,
          -0.391384,
          0.893604,
          0.86977
        ],
        [
          -0.97444,
          0.131865,
          -0.181874,
          3.103782
        ],
        [
          -0.046653,
          -0.910731,
          -0.410357,
          1.536201
        ],
        [
          0.0,
          0.0,
          0.0,
          1.0
        ]
      ]
    },
    {
      "file_path": "/media/NFS/ttao/scannet/posed_images/scene0090_00/00089.jpg",
      "transform_matrix": [
        [
          -0.21831,
          -0.425552,
          0.878206,
          0.872775
        ],
        [
          -0.974754,
          0.138291,
          -0.175299,
          3.116843
        ],
        [
          -0.046849,
          -0.894305,
          -0.444999,
          1.525297
        ],
        [
          0.0,
          0.0,
          0.0,
          1.0
        ]
      ]
    },
    {
      "file_path": "/media/NFS/ttao/scannet/posed_images/scene0090_00/00090.jpg",
      "transform_matrix": [
        [
          -0.215874,
          -0.439135,
          0.8721,
          0.875241
        ],
        [
          -0.97566,
          0.132281,
          -0.174901,
          3.124085
        ],
        [
          -0.038557,
          -0.88863,
          -0.457002,
          1.526104
        ],
        [
          0.0,
          0.0,
          0.0,
          1.0
        ]
      ]
    },
    {
      "file_path": "/media/NFS/ttao/scannet/posed_images/scene0090_00/00093.jpg",
      "transform_matrix": [
        [
          -0.215783,
          -0.457117,
          0.862833,
          0.876114
        ],
        [
          -0.97599,
          0.127851,
          -0.176348,
          3.147221
        ],
        [
          -0.029702,
          -0.880169,
          -0.47373,
          1.521499
        ],
        [
          0.0,
          0.0,
          0.0,
          1.0
        ]
      ]
    },
    {
      "file_path": "/media/NFS/ttao/scannet/posed_images/scene0090_00/00094.jpg",
      "transform_matrix": [
        [
          -0.219461,
          -0.458976,
          0.860917,
          0.875215
        ],
        [
          -0.975281,
          0.126512,
          -0.181167,
          3.156635
        ],
        [
          -0.025765,
          -0.879395,
          -0.475395,
          1.518603
        ],
        [
          0.0,
          0.0,
          0.0,
          1.0
        ]
      ]
    },
    {
      "file_path": "/media/NFS/ttao/scannet/posed_images/scene0090_00/00095.jpg",
      "transform_matrix": [
        [
          -0.22371,
          -0.462867,
          0.857734,
          0.87461
        ],
        [
          -0.97442,
          0.125558,
          -0.186388,
          3.165879
        ],
        [
          -0.021423,
          -0.877491,
          -0.479115,
          1.513962
        ],
        [
          0.0,
          0.0,
          0.0,
          1.0
        ]
      ]
    },
    {
      "file_path": "/media/NFS/ttao/scannet/posed_images/scene0090_00/00098.jpg",
      "transform_matrix": [
        [
          -0.220519,
          -0.496576,
          0.839514,
          0.87397
        ],
        [
          -0.97508,
          0.133665,
          -0.177066,
          3.19363
        ],
        [
          -0.024287,
          -0.85764,
          -0.513677,
          1.50077
        ],
        [
          0.0,
          0.0,
          0.0,
          1.0
        ]
      ]
    },
    {
      "file_path": "/media/NFS/ttao/scannet/posed_images/scene0090_00/00100.jpg",
      "transform_matrix": [
        [
          -0.196311,
          -0.525216,
          0.828016,
          0.86971
        ],
        [
          -0.980073,
          0.131206,
          -0.149137,
          3.214096
        ],
        [
          -0.030312,
          -0.840793,
          -0.540507,
          1.480192
        ],
        [
          0.0,
          0.0,
          0.0,
          1.0
        ]
      ]
    },
    {
      "file_path": "/media/NFS/ttao/scannet/posed_images/scene0090_00/00101.jpg",
      "transform_matrix": [
        [
          -0.180102,
          -0.542009,
          0.820847,
          0.871091
        ],
        [
          -0.983072,
          0.12773,
          -0.131355,
          3.222053
        ],
        [
          -0.033651,
          -0.830609,
          -0.555838,
          1.476922
        ],
        [
          0.0,
          0.0,
          0.0,
          1.0
        ]
      ]
    },
    {
      "file_path": "/media/NFS/ttao/scannet/posed_images/scene0090_00/00103.jpg",
      "transform_matrix": [
        [
          -0.145343,
          -0.5664,
          0.811213,
          0.865619
        ],
        [
          -0.988398,
          0.119669,
          -0.093535,
          3.23653
        ],
        [
          -0.044098,
          -0.815396,
          -0.577222,
          1.461055
        ],
        [
          0.0,
          0.0,
          0.0,
          1.0
        ]
      ]
    },
    {
      "file_path": "/media/NFS/ttao/scannet/posed_images/scene0090_00/00105.jpg",
      "transform_matrix": [
        [
          -0.097466,
          -0.587937,
          0.803014,
          0.866854
        ],
        [
          -0.993784,
          0.101107,
          -0.046594,
          3.245591
        ],
        [
          -0.053796,
          -0.802563,
          -0.594137,
          1.451787
        ],
        [
          0.0,
          0.0,
          0.0,
          1.0
        ]
      ]
    },
    {
      "file_path": "/media/NFS/ttao/scannet/posed_images/scene0090_00/00107.jpg",
      "transform_matrix": [
        [
          -0.040967,
          -0.595782,
          0.802101,
          0.867393
        ],
        [
          -0.996489,
          0.083027,
          0.010776,
          3.245441
        ],
        [
          -0.073016,
          -0.798843,
          -0.597091,
          1.446939
        ],
        [
          0.0,
          0.0,
          0.0,
          1.0
        ]
      ]
    },
    {
      "file_path": "/media/NFS/ttao/scannet/posed_images/scene0090_00/00108.jpg",
      "transform_matrix": [
        [
          -0.013897,
          -0.593125,
          0.80499,
          0.865696
        ],
        [
          -0.996548,
          0.074116,
          0.037406,
          3.248227
        ],
        [
          -0.081849,
          -0.801692,
          -0.592107,
          1.43779
        ],
        [
          0.0,
          0.0,
          0.0,
          1.0
        ]
      ]
    },
    {
      "file_path": "/media/NFS/ttao/scannet/posed_images/scene0090_00/00110.jpg",
      "transform_matrix": [
        [
          0.048502,
          -0.602335,
          0.796768,
          0.863961
        ],
        [
          -0.994979,
          0.040783,
          0.091398,
          3.229055
        ],
        [
          -0.087546,
          -0.797201,
          -0.597333,
          1.421172
        ],
        [
          0.0,
          0.0,
          0.0,
          1.0
        ]
      ]
    },
    {
      "file_path": "/media/NFS/ttao/scannet/posed_images/scene0090_00/00111.jpg",
      "transform_matrix": [
        [
          0.070862,
          -0.607246,
          0.791348,
          0.865677
        ],
        [
          -0.993463,
          0.028217,
          0.110613,
          3.227587
        ],
        [
          -0.089499,
          -0.794013,
          -0.601277,
          1.415066
        ],
        [
          0.0,
          0.0,
          0.0,
          1.0
        ]
      ]
    },
    {
      "file_path": "/media/NFS/ttao/scannet/posed_images/scene0090_00/00113.jpg",
      "transform_matrix": [
        [
          0.113095,
          -0.612605,
          0.782256,
          0.867122
        ],
        [
          -0.989983,
          -0.002509,
          0.141163,
          3.227233
        ],
        [
          -0.084514,
          -0.790385,
          -0.606753,
          1.404725
        ],
        [
          0.0,
          0.0,
          0.0,
          1.0
        ]
      ]
    },
    {
      "file_path": "/media/NFS/ttao/scannet/posed_images/scene0090_00/00115.jpg",
      "transform_matrix": [
        [
          0.146546,
          -0.619409,
          0.77127,
          0.867314
        ],
        [
          -0.985936,
          -0.028139,
          0.164735,
          3.231625
        ],
        [
          -0.080335,
          -0.784564,
          -0.614822,
          1.401499
        ],
        [
          0.0,
          0.0,
          0.0,
          1.0
        ]
      ]
    },
    {
      "file_path": "/media/NFS/ttao/scannet/posed_images/scene0090_00/00118.jpg",
      "transform_matrix": [
        [
          0.223793,
          -0.617873,
          0.753757,
          0.864501
        ],
        [
          -0.971097,
          -0.075501,
          0.226432,
          3.23241
        ],
        [
          -0.082997,
          -0.782645,
          -0.616911,
          1.399642
        ],
        [
          0.0,
          0.0,
          0.0,
          1.0
        ]
      ]
    },
    {
      "file_path": "/media/NFS/ttao/scannet/posed_images/scene0090_00/00119.jpg",
      "transform_matrix": [
        [
          0.251054,
          -0.613702,
          0.74856,
          0.860818
        ],
        [
          -0.964544,
          -0.093572,
          0.246777,
          3.234637
        ],
        [
          -0.081403,
          -0.783973,
          -0.615434,
          1.401753
        ],
        [
          0.0,
          0.0,
          0.0,
          1.0
        ]
      ]
    },
    {
      "file_path": "/media/NFS/ttao/scannet/posed_images/scene0090_00/00120.jpg",
      "transform_matrix": [
        [
          0.284344,
          -0.607236,
          0.741899,
          0.85933
        ],
        [
          -0.955049,
          -0.111728,
          0.274588,
          3.221833
        ],
        [
          -0.083849,
          -0.786627,
          -0.611709,
          1.406104
        ],
        [
          0.0,
          0.0,
          0.0,
          1.0
        ]
      ]
    },
    {
      "file_path": "/media/NFS/ttao/scannet/posed_images/scene0090_00/00122.jpg",
      "transform_matrix": [
        [
          0.33354,
          -0.586003,
          0.738479,
          0.855172
        ],
        [
          -0.939345,
          -0.140201,
          0.313009,
          3.223903
        ],
        [
          -0.079888,
          -0.798088,
          -0.597222,
          1.414302
        ],
        [
          0.0,
          0.0,
          0.0,
          1.0
        ]
      ]
    },
    {
      "file_path": "/media/NFS/ttao/scannet/posed_images/scene0090_00/00125.jpg",
      "transform_matrix": [
        [
          0.404401,
          -0.539923,
          0.738203,
          0.84516
        ],
        [
          -0.911124,
          -0.167716,
          0.376463,
          3.225361
        ],
        [
          -0.079453,
          -0.824836,
          -0.559761,
          1.428075
        ],
        [
          0.0,
          0.0,
          0.0,
          1.0
        ]
      ]
    },
    {
      "file_path": "/media/NFS/ttao/scannet/posed_images/scene0090_00/00126.jpg",
      "transform_matrix": [
        [
          0.426154,
          -0.524832,
          0.736847,
          0.842642
        ],
        [
          -0.901479,
          -0.178222,
          0.394426,
          3.225211
        ],
        [
          -0.075685,
          -0.832339,
          -0.549076,
          1.434498
        ],
        [
          0.0,
          0.0,
          0.0,
          1.0
        ]
      ]
    },
    {
      "file_path": "/media/NFS/ttao/scannet/posed_images/scene0090_00/00128.jpg",
      "transform_matrix": [
        [
          0.467269,
          -0.494433,
          0.732937,
          0.836045
        ],
        [
          -0.881457,
          -0.196291,
          0.429539,
          3.225087
        ],
        [
          -0.06851,
          -0.846762,
          -0.527542,
          1.444665
        ],
        [
          0.0,
          0.0,
          0.0,
          1.0
        ]
      ]
    },
    {
      "file_path": "/media/NFS/ttao/scannet/posed_images/scene0090_00/00129.jpg",
      "transform_matrix": [
        [
          0.487259,
          -0.478449,
          0.730524,
          0.83233
        ],
        [
          -0.870838,
          -0.203995,
          0.447244,
          3.223041
        ],
        [
          -0.06496,
          -0.854091,
          -0.516051,
          1.447034
        ],
        [
          0.0,
          0.0,
          0.0,
          1.0
        ]
      ]
    },
    {
      "file_path": "/media/NFS/ttao/scannet/posed_images/scene0090_00/00132.jpg",
      "transform_matrix": [
        [
          0.527254,
          -0.435374,
          0.729694,
          0.824771
        ],
        [
          -0.848252,
          -0.219438,
          0.481992,
          3.218639
        ],
        [
          -0.049724,
          -0.873096,
          -0.485006,
          1.468565
        ],
        [
          0.0,
          0.0,
          0.0,
          1.0
        ]
      ]
    },
    {
      "file_path": "/media/NFS/ttao/scannet/posed_images/scene0090_00/00134.jpg",
      "transform_matrix": [
        [
          0.538926,
          -0.398143,
          0.742321,
          0.822209
        ],
        [
          -0.841341,
          -0.211225,
          0.497524,
          3.212441
        ],
        [
          -0.041288,
          -0.892674,
          -0.448809,
          1.488383
        ],
        [
          0.0,
          0.0,
          0.0,
          1.0
        ]
      ]
    },
    {
      "file_path": "/media/NFS/ttao/scannet/posed_images/scene0090_00/00135.jpg",
      "transform_matrix": [
        [
          0.542985,
          -0.372528,
          0.752589,
          0.819897
        ],
        [
          -0.838938,
          -0.201411,
          0.505586,
          3.209539
        ],
        [
          -0.036765,
          -0.905901,
          -0.421891,
          1.498752
        ],
        [
          0.0,
          0.0,
          0.0,
          1.0
        ]
      ]
    },
    {
      "file_path": "/media/NFS/ttao/scannet/posed_images/scene0090_00/00137.jpg",
      "transform_matrix": [
        [
          0.547381,
          -0.316544,
          0.774709,
          0.818662
        ],
        [
          -0.836608,
          -0.183188,
          0.516265,
          3.203571
        ],
        [
