{
  "frames": [
    {
      "file_path": "/media/NFS/ttao/scannet/posed_images/scene0474_00/00000.jpg",
      "transform_matrix": [
        [
          -0.36329,
          -0.380824,
          0.850291,
          4.17355
        ],
        [
          -0.931432,
          0.169356,
          -0.322108,
          3.287346
        ],
        [
          -0.021335,
          -0.909006,
          -0.416237,
          1.359171
        ],
        [
          0.0,
          0.0,
          0.0,
          1.0
        ]
      ]
    },
    {
      "file_path": "/media/NFS/ttao/scannet/posed_images/scene0474_00/00005.jpg",
      "transform_matrix": [
        [
          -0.35639,
          -0.391783,
          0.848229,
          4.178336
        ],
        [
          -0.934213,
          0.164213,
          -0.31667,
          3.299632
        ],
        [
          -0.015224,
          -0.905284,
          -0.424533,
          1.343339
        ],
        [
          0.0,
          0.0,
          0.0,
          1.0
        ]
      ]
    },
    {
      "file_path": "/media/NFS/ttao/scannet/posed_images/scene0474_00/00011.jpg",
      "transform_matrix": [
        [
          -0.343107,
          -0.423361,
          0.838477,
          4.195418
        ],
        [
          -0.939072,
          0.174118,
          -0.296356,
          3.317516
        ],
        [
          -0.020528,
          -0.889072,
          -0.457308,
          1.343141
        ],
        [
          0.0,
          0.0,
          0.0,
          1.0
        ]
      ]
    },
    {
      "file_path": "/media/NFS/ttao/scannet/posed_images/scene0474_00/00015.jpg",
      "transform_matrix": [
        [
          -0.326065,
          -0.414765,
          0.849501,
          4.197077
        ],
        [
          -0.945148,
          0.161489,
          -0.283932,
          3.317297
        ],
        [
          -0.01942,
          -0.895484,
          -0.44467,
          1.350222
        ],
        [
          0.0,
          0.0,
          0.0,
          1.0
        ]
      ]
    },
    {
      "file_path": "/media/NFS/ttao/scannet/posed_images/scene0474_00/00023.jpg",
      "transform_matrix": [
        [
          -0.274945,
          -0.317123,
          0.907655,
          4.186887
        ],
        [
          -0.960846,
          0.124366,
          -0.247605,
          3.302401
        ],
        [
          -0.03436,
          -0.940195,
          -0.338901,
          1.410536
        ],
        [
          0.0,
          0.0,
          0.0,
          1.0
        ]
      ]
    },
    {
      "file_path": "/media/NFS/ttao/scannet/posed_images/scene0474_00/00029.jpg",
      "transform_matrix": [
        [
          -0.263757,
          -0.215437,
          0.940223,
          4.168952
        ],
        [
          -0.964359,
          0.080218,
          -0.252147,
          3.291855
        ],
        [
          -0.0211,
          -0.973217,
          -0.228917,
          1.464253
        ],
        [
          0.0,
          0.0,
          0.0,
          1.0
        ]
      ]
    },
    {
      "file_path": "/media/NFS/ttao/scannet/posed_images/scene0474_00/00034.jpg",
      "transform_matrix": [
        [
          -0.275751,
          -0.153936,
          0.948823,
          4.160641
        ],
        [
          -0.961225,
          0.047285,
          -0.271684,
          3.295117
        ],
        [
          -0.003043,
          -0.986949,
          -0.161006,
          1.523436
        ],
        [
          0.0,
          0.0,
          0.0,
          1.0
        ]
      ]
    },
    {
      "file_path": "/media/NFS/ttao/scannet/posed_images/scene0474_00/00039.jpg",
      "transform_matrix": [
        [
          -0.282347,
          -0.087003,
          0.955359,
          4.139818
        ],
        [
          -0.959224,
          0.012084,
          -0.282389,
          3.283043
        ],
        [
          0.013024,
          -0.996135,
          -0.086867,
          1.561981
        ],
        [
          0.0,
          0.0,
          0.0,
          1.0
        ]
      ]
    },
    {
      "file_path": "/media/NFS/ttao/scannet/posed_images/scene0474_00/00046.jpg",
      "transform_matrix": [
        [
          -0.323397,
          0.003496,
          0.946257,
          4.108987
        ],
        [
          -0.945983,
          -0.025534,
          -0.32321,
          3.274131
        ],
        [
          0.023032,
          -0.999668,
          0.011565,
          1.578388
        ],
        [
          0.0,
          0.0,
          0.0,
          1.0
        ]
      ]
    },
    {
      "file_path": "/media/NFS/ttao/scannet/posed_images/scene0474_00/00052.jpg",
      "transform_matrix": [
        [
          -0.375291,
          0.048986,
          0.925612,
          4.093432
        ],
        [
          -0.926606,
          -0.045283,
          -0.373298,
          3.269237
        ],
        [
          0.023628,
          -0.997773,
          0.062385,
          1.599088
        ],
        [
          0.0,
          0.0,
          0.0,
          1.0
        ]
      ]
    },
    {
      "file_path": "/media/NFS/ttao/scannet/posed_images/scene0474_00/00057.jpg",
      "transform_matrix": [
        [
          -0.41158,
          0.082903,
          0.907595,
          4.078934
        ],
        [
          -0.911187,
          -0.057572,
          -0.40795,
          3.265453
        ],
        [
          0.018432,
          -0.994893,
          0.099235,
          1.627962
        ],
        [
          0.0,
          0.0,
          0.0,
          1.0
        ]
      ]
    },
    {
      "file_path": "/media/NFS/ttao/scannet/posed_images/scene0474_00/00062.jpg",
      "transform_matrix": [
        [
          -0.457921,
          0.11399,
          0.881654,
          4.074249
        ],
        [
          -0.888872,
          -0.075103,
          -0.45196,
          3.283228
        ],
        [
          0.014696,
          -0.990639,
          0.135714,
          1.656228
        ],
        [
          0.0,
          0.0,
          0.0,
          1.0
        ]
      ]
    },
    {
      "file_path": "/media/NFS/ttao/scannet/posed_images/scene0474_00/00065.jpg",
      "transform_matrix": [
        [
          -0.506494,
          0.099832,
          0.856445,
          4.073393
        ],
        [
          -0.862228,
          -0.064647,
          -0.502379,
          3.277955
        ],
        [
          0.005213,
          -0.992902,
          0.118822,
          1.663203
        ],
        [
          0.0,
          0.0,
          0.0,
          1.0
        ]
      ]
    },
    {
      "file_path": "/media/NFS/ttao/scannet/posed_images/scene0474_00/00070.jpg",
      "transform_matrix": [
        [
          -0.55037,
          0.045485,
          0.833681,
          4.089009
        ],
        [
          -0.83488,
          -0.020066,
          -0.550066,
          3.27076
        ],
        [
          -0.008291,
          -0.998764,
          0.049018,
          1.638444
        ],
        [
          0.0,
          0.0,
          0.0,
          1.0
        ]
      ]
    },
    {
      "file_path": "/media/NFS/ttao/scannet/posed_images/scene0474_00/00075.jpg",
      "transform_matrix": [
        [
          -0.599672,
          -0.046643,
          0.798885,
          4.126858
        ],
        [
          -0.800095,
          0.054324,
          -0.597409,
          3.262962
        ],
        [
          -0.015533,
          -0.997433,
          -0.069895,
          1.579258
        ],
        [
          0.0,
          0.0,
          0.0,
          1.0
        ]
      ]
    },
    {
      "file_path": "/media/NFS/ttao/scannet/posed_images/scene0474_00/00080.jpg",
      "transform_matrix": [
        [
          -0.638837,
          -0.183723,
          0.747083,
          4.172178
        ],
        [
          -0.769154,
          0.131067,
          -0.625479,
          3.252273
        ],
        [
          0.016996,
          -0.974201,
          -0.225042,
          1.52546
        ],
        [
          0.0,
          0.0,
          0.0,
          1.0
        ]
      ]
    },
    {
      "file_path": "/media/NFS/ttao/scannet/posed_images/scene0474_00/00086.jpg",
      "transform_matrix": [
        [
          -0.619011,
          -0.245349,
          0.746076,
          4.188554
        ],
        [
          -0.785382,
          0.192552,
          -0.588302,
          3.269636
        ],
        [
          0.000681,
          -0.95012,
          -0.311884,
          1.464414
        ],
        [
          0.0,
          0.0,
          0.0,
          1.0
        ]
      ]
    },
    {
      "file_path": "/media/NFS/ttao/scannet/posed_images/scene0474_00/00091.jpg",
      "transform_matrix": [
        [
          -0.592144,
          -0.279153,
          0.755936,
          4.162772
        ],
        [
          -0.805471,
          0.233138,
          -0.544852,
          3.256685
        ],
        [
          -0.02414,
          -0.931515,
          -0.362901,
          1.440596
        ],
        [
          0.0,
          0.0,
          0.0,
          1.0
        ]
      ]
    },
    {
      "file_path": "/media/NFS/ttao/scannet/posed_images/scene0474_00/00099.jpg",
      "transform_matrix": [
        [
          -0.585931,
          -0.372456,
          0.719695,
          4.100604
        ],
        [
          -0.810279,
          0.281898,
          -0.513791,
          3.255342
        ],
        [
          -0.011516,
          -0.8842,
          -0.466966,
          1.376776
        ],
        [
          0.0,
          0.0,
          0.0,
          1.0
        ]
      ]
    },
    {
      "file_path": "/media/NFS/ttao/scannet/posed_images/scene0474_00/00103.jpg",
      "transform_matrix": [
        [
          -0.589042,
          -0.393995,
          0.705548,
          4.049105
        ],
        [
          -0.807806,
          0.310743,
          -0.500888,
          3.234221
        ],
        [
          -0.021897,
          -0.864989,
          -0.501312,
          1.347967
        ],
        [
          0.0,
          0.0,
          0.0,
          1.0
        ]
      ]
    },
    {
      "file_path": "/media/NFS/ttao/scannet/posed_images/scene0474_00/00108.jpg",
      "transform_matrix": [
        [
          -0.585543,
          -0.428895,
          0.687886,
          3.999553
        ],
        [
          -0.809323,
          0.357677,
          -0.465902,
          3.226284
        ],
        [
          -0.046218,
          -0.829528,
          -0.55655,
          1.325736
        ],
        [
          0.0,
          0.0,
          0.0,
          1.0
        ]
      ]
    },
    {
      "file_path": "/media/NFS/ttao/scannet/posed_images/scene0474_00/00117.jpg",
      "transform_matrix": [
        [
          -0.659527,
          -0.393743,
          0.640305,
          3.946362
        ],
        [
          -0.749178,
          0.413784,
          -0.51722,
          3.208603
        ],
        [
          -0.061296,
          -0.820823,
          -0.567885,
          1.327332
        ],
        [
          0.0,
          0.0,
          0.0,
          1.0
        ]
      ]
    },
    {
      "file_path": "/media/NFS/ttao/scannet/posed_images/scene0474_00/00122.jpg",
      "transform_matrix": [
        [
          -0.721215,
          -0.362792,
          0.590111,
          3.942807
        ],
        [
          -0.692234,
          0.409075,
          -0.594533,
          3.21201
        ],
        [
          -0.025707,
          -0.837281,
          -0.546169,
          1.348356
        ],
        [
          0.0,
          0.0,
          0.0,
          1.0
        ]
      ]
    },
    {
      "file_path": "/media/NFS/ttao/scannet/posed_images/scene0474_00/00127.jpg",
      "transform_matrix": [
        [
          -0.761826,
          -0.326617,
          0.559412,
          3.95504
        ],
        [
          -0.647702,
          0.397633,
          -0.649901,
          3.226196
        ],
        [
          -0.010172,
          -0.857444,
          -0.514477,
          1.373384
        ],
        [
          0.0,
          0.0,
          0.0,
          1.0
        ]
      ]
    },
    {
      "file_path": "/media/NFS/ttao/scannet/posed_images/scene0474_00/00134.jpg",
      "transform_matrix": [
        [
          -0.786402,
          -0.257317,
          0.561568,
          3.975172
        ],
        [
          -0.617533,
          0.349542,
          -0.704609,
          3.26553
        ],
        [
          -0.014983,
          -0.900893,
          -0.433782,
          1.415963
        ],
        [
          0.0,
          0.0,
          0.0,
          1.0
        ]
      ]
    },
    {
      "file_path": "/media/NFS/ttao/scannet/posed_images/scene0474_00/00135.jpg",
      "transform_matrix": [
        [
          -0.789448,
          -0.247777,
          0.561585,
          3.976796
        ],
        [
          -0.613587,
          0.343608,
          -0.710946,
          3.267727
        ],
        [
          -0.01681,
          -0.905837,
          -0.423294,
          1.423711
        ],
        [
          0.0,
          0.0,
          0.0,
          1.0
        ]
      ]
    },
    {
      "file_path": "/media/NFS/ttao/scannet/posed_images/scene0474_00/00144.jpg",
      "transform_matrix": [
        [
          -0.811514,
          -0.151414,
          0.564374,
          3.973369
        ],
        [
          -0.584001,
          0.242692,
          -0.774625,
          3.282294
        ],
        [
          -0.01968,
          -0.958214,
          -0.285374,
          1.499294
        ],
        [
          0.0,
          0.0,
          0.0,
          1.0
        ]
      ]
    },
    {
      "file_path": "/media/NFS/ttao/scannet/posed_images/scene0474_00/00150.jpg",
      "transform_matrix": [
        [
          -0.823286,
          -0.1003,
          0.558696,
          3.968659
        ],
        [
          -0.567324,
          0.177602,
          -0.804116,
          3.288931
        ],
        [
          -0.018573,
          -0.978978,
          -0.203119,
          1.539692
        ],
        [
          0.0,
          0.0,
          0.0,
          1.0
        ]
      ]
    },
    {
      "file_path": "/media/NFS/ttao/scannet/posed_images/scene0474_00/00155.jpg",
      "transform_matrix": [
        [
          -0.829451,
          -0.066404,
          0.554619,
          3.95836
        ],
        [
          -0.558327,
          0.128425,
          -0.819621,
          3.290667
        ],
        [
          -0.016801,
          -0.989494,
          -0.143598,
          1.569009
        ],
        [
          0.0,
          0.0,
          0.0,
          1.0
        ]
      ]
    },
    {
      "file_path": "/media/NFS/ttao/scannet/posed_images/scene0474_00/00157.jpg",
      "transform_matrix": [
        [
          -0.830056,
          -0.055959,
          0.554866,
          3.951063
        ],
        [
          -0.557425,
          0.11336,
          -0.822452,
          3.289831
        ],
        [
          -0.016876,
          -0.991977,
          -0.125288,
          1.581529
        ],
        [
          0.0,
          0.0,
          0.0,
          1.0
        ]
      ]
    },
    {
      "file_path": "/media/NFS/ttao/scannet/posed_images/scene0474_00/00166.jpg",
      "transform_matrix": [
        [
          -0.869404,
          -0.037657,
          0.492665,
          3.934497
        ],
        [
          -0.494095,
          0.060982,
          -0.867267,
          3.290381
        ],
        [
          0.002615,
          -0.997428,
          -0.071624,
          1.622059
        ],
        [
          0.0,
          0.0,
          0.0,
          1.0
        ]
      ]
    },
    {
      "file_path": "/media/NFS/ttao/scannet/posed_images/scene0474_00/00168.jpg",
      "transform_matrix": [
        [
          -0.877952,
          -0.037274,
          0.477295,
          3.926261
        ],
        [
          -0.478721,
          0.057737,
          -0.876067,
          3.285343
        ],
        [
          0.005096,
          -0.997636,
          -0.068534,
          1.621998
        ],
        [
          0.0,
          0.0,
          0.0,
          1.0
        ]
      ]
    },
    {
      "file_path": "/media/NFS/ttao/scannet/posed_images/scene0474_00/00173.jpg",
      "transform_matrix": [
        [
          -0.91297,
          -0.032153,
          0.406758,
          3.927525
        ],
        [
          -0.408007,
          0.081626,
          -0.909323,
          3.278689
        ],
        [
          -0.003965,
          -0.996144,
          -0.087641,
          1.60965
        ],
        [
          0.0,
          0.0,
          0.0,
          1.0
        ]
      ]
    },
    {
      "file_path": "/media/NFS/ttao/scannet/posed_images/scene0474_00/00178.jpg",
      "transform_matrix": [
        [
          -0.933595,
          -0.028085,
          0.357229,
          3.915373
        ],
        [
          -0.357873,
          0.123467,
          -0.925572,
          3.261051
        ],
        [
          -0.018112,
          -0.991951,
          -0.125319,
          1.597313
        ],
        [
          0.0,
          0.0,
          0.0,
          1.0
        ]
      ]
    },
    {
      "file_path": "/media/NFS/ttao/scannet/posed_images/scene0474_00/00184.jpg",
      "transform_matrix": [
        [
          -0.950008,
          0.011653,
          0.312008,
          3.881908
        ],
        [
          -0.302523,
          0.212831,
          -0.929077,
          3.224345
        ],
        [
          -0.077231,
          -0.97702,
          -0.198666,
          1.539917
        ],
        [
          0.0,
          0.0,
          0.0,
          1.0
        ]
      ]
    },
    {
      "file_path": "/media/NFS/ttao/scannet/posed_images/scene0474_00/00189.jpg",
      "transform_matrix": [
        [
          -0.962332,
          4.8e-05,
          0.271876,
          3.883844
        ],
        [
          -0.260097,
          0.290995,
          -0.920691,
          3.204777
        ],
        [
          -0.079158,
          -0.956725,
          -0.280021,
          1.499221
        ],
        [
          0.0,
          0.0,
          0.0,
          1.0
        ]
      ]
    },
    {
      "file_path": "/media/NFS/ttao/scannet/posed_images/scene0474_00/00199.jpg",
      "transform_matrix": [
        [
          -0.974949,
          -0.016226,
          0.221837,
          3.889967
        ],
        [
          -0.206053,
          0.441478,
          -0.873292,
          3.177789
        ],
        [
          -0.083766,
          -0.897125,
          -0.433762,
          1.432323
        ],
        [
          0.0,
          0.0,
          0.0,
          1.0
        ]
      ]
    },
    {
      "file_path": "/media/NFS/ttao/scannet/posed_images/scene0474_00/00201.jpg",
      "transform_matrix": [
        [
          -0.976304,
          -0.028148,
          0.214564,
          3.883631
        ],
        [
          -0.203314,
          0.458894,
          -0.864916,
          3.174827
        ],
        [
          -0.074116,
          -0.888045,
          -0.453743,
          1.415524
        ],
        [
          0.0,
          0.0,
          0.0,
          1.0
        ]
      ]
    },
    {
      "file_path": "/media/NFS/ttao/scannet/posed_images/scene0474_00/00209.jpg",
      "transform_matrix": [
        [
          -0.979359,
          -0.048016,
          0.196341,
          3.879395
        ],
        [
          -0.190447,
          0.544619,
          -0.816775,
          3.185528
        ],
        [
          -0.067713,
          -0.837308,
          -0.542522,
          1.365936
        ],
        [
          0.0,
          0.0,
          0.0,
          1.0
        ]
      ]
    },
    {
      "file_path": "/media/NFS/ttao/scannet/posed_images/scene0474_00/00210.jpg",
      "transform_matrix": [
        [
          -0.980568,
          -0.052495,
          0.189027,
          3.884828
        ],
        [
          -0.18614,
          0.553252,
          -0.811951,
          3.188796
        ],
        [
          -0.061956,
          -0.831358,
          -0.552273,
          1.35945
        ],
        [
          0.0,
          0.0,
          0.0,
          1.0
        ]
      ]
    },
    {
      "file_path": "/media/NFS/ttao/scannet/posed_images/scene0474_00/00217.jpg",
      "transform_matrix": [
        [
          -0.985049,
          -0.057515,
          0.162392,
          3.876553
        ],
        [
          -0.163239,
          0.612895,
          -0.773119,
          3.192759
        ],
        [
          -0.055063,
          -0.788068,
          -0.613121,
          1.338574
        ],
        [
          0.0,
          0.0,
          0.0,
          1.0
        ]
      ]
    },
    {
      "file_path": "/media/NFS/ttao/scannet/posed_images/scene0474_00/00225.jpg",
      "transform_matrix": [
        [
          -0.991714,
          -0.022945,
          0.126398,
          3.831844
        ],
        [
          -0.112918,
          0.624874,
          -0.772517,
          3.184777
        ],
        [
          -0.061257,
          -0.780389,
          -0.622287,
          1.33619
        ],
        [
          0.0,
          0.0,
          0.0,
          1.0
        ]
      ]
    },
    {
      "file_path": "/media/NFS/ttao/scannet/posed_images/scene0474_00/00232.jpg",
      "transform_matrix": [
        [
          -0.993748,
          0.01743,
          0.110277,
          3.785456
        ],
        [
          -0.078869,
          0.589522,
          -0.803893,
          3.168348
        ],
        [
          -0.079023,
          -0.807565,
          -0.584461,
          1.369147
        ],
        [
          0.0,
          0.0,
          0.0,
          1.0
        ]
      ]
    },
    {
      "file_path": "/media/NFS/ttao/scannet/posed_images/scene0474_00/00236.jpg",
      "transform_matrix": [
        [
          -0.993621,
          0.033033,
          0.107828,
          3.750706
        ],
        [
          -0.070984,
          0.559778,
          -0.825597,
          3.157495
        ],
        [
          -0.087631,
          -0.827984,
          -0.553862,
          1.383311
        ],
        [
          0.0,
          0.0,
          0.0,
          1.0
        ]
      ]
    },
    {
      "file_path": "/media/NFS/ttao/scannet/posed_images/scene0474_00/00238.jpg",
      "transform_matrix": [
        [
          -0.994059,
          0.039403,
          0.101456,
          3.717708
        ],
        [
          -0.06382,
          0.544072,
          -0.836608,
          3.143925
        ],
        [
          -0.088164,
          -0.838113,
          -0.538325,
          1.392867
        ],
        [
          0.0,
          0.0,
          0.0,
          1.0
        ]
      ]
    },
    {
      "file_path": "/media/NFS/ttao/scannet/posed_images/scene0474_00/00248.jpg",
      "transform_matrix": [
        [
          -0.994753,
          0.062332,
          0.081119,
          3.622458
        ],
        [
          -0.041536,
          0.478562,
          -0.877071,
          3.099546
        ],
        [
          -0.09349,
          -0.875839,
          -0.473462,
          1.431264
        ],
        [
          0.0,
          0.0,
          0.0,
          1.0
        ]
      ]
    },
    {
      "file_path": "/media/NFS/ttao/scannet/posed_images/scene0474_00/00253.jpg",
      "transform_matrix": [
        [
          -0.99564,
          0.073209,
          0.057809,
          3.581747
        ],
        [
          -0.019926,
          0.438509,
          -0.898506,
          3.082268
        ],
        [
          -0.091129,
          -0.89574,
          -0.435139,
          1.446979
        ],
        [
          0.0,
          0.0,
          0.0,
          1.0
        ]
      ]
    },
    {
      "file_path": "/media/NFS/ttao/scannet/posed_images/scene0474_00/00256.jpg",
      "transform_matrix": [
        [
          -0.99589,
          0.076554,
          0.048391,
          3.558189
        ],
        [
          -0.011927,
          0.4188,
          -0.908001,
          3.073728
        ],
        [
          -0.089777,
          -0.904846,
          -0.416165,
          1.452419
        ],
        [
          0.0,
          0.0,
          0.0,
          1.0
        ]
      ]
    },
    {
      "file_path": "/media/NFS/ttao/scannet/posed_images/scene0474_00/00261.jpg",
      "transform_matrix": [
        [
          -0.996082,
          0.080983,
          0.035517,
          3.53077
        ],
        [
          -0.001474,
          0.386383,
          -0.922337,
          3.057779
        ],
        [
          -0.088417,
          -0.918776,
          -0.38475,
          1.469577
        ],
        [
          0.0,
          0.0,
          0.0,
          1.0
        ]
      ]
    },
    {
      "file_path": "/media/NFS/ttao/scannet/posed_images/scene0474_00/00269.jpg",
      "transform_matrix": [
        [
          -0.99414,
          0.107803,
          -0.007957,
          3.470165
        ],
        [
          0.041161,
          0.30945,
          -0.950025,
          3.025714
        ],
        [
          -0.099953,
          -0.944785,
          -0.312074,
          1.503955
        ],
        [
          0.0,
          0.0,
          0.0,
          1.0
        ]
      ]
    },
    {
      "file_path": "/media/NFS/ttao/scannet/posed_images/scene0474_00/00274.jpg",
      "transform_matrix": [
        [
          -0.993429,
          0.106814,
          -0.041112,
          3.440579
        ],
        [
          0.067432,
          0.255995,
          -0.964324,
          3.011145
        ],
        [
          -0.092479,
          -0.960759,
          -0.261515,
          1.510009
        ],
        [
          0.0,
          0.0,
          0.0,
          1.0
        ]
      ]
    },
    {
      "file_path": "/media/NFS/ttao/scannet/posed_images/scene0474_00/00281.jpg",
      "transform_matrix": [
        [
          -0.992031,
          0.112412,
          -0.056912,
          3.404496
        ],
        [
          0.07967,
          0.209712,
          -0.974512,
          2.988168
        ],
        [
          -0.097612,
          -0.97128,
          -0.216997,
          1.522608
        ],
        [
          0.0,
          0.0,
          0.0,
          1.0
        ]
      ]
    },
    {
      "file_path": "/media/NFS/ttao/scannet/posed_images/scene0474_00/00282.jpg",
      "transform_matrix": [
        [
          -0.991977,
          0.110434,
          -0.061532,
          3.399766
        ],
        [
          0.083702,
          0.20897,
          -0.974334,
          2.984153
        ],
        [
          -0.094741,
          -0.971667,
          -0.216537,
          1.520702
        ],
        [
          0.0,
          0.0,
          0.0,
          1.0
        ]
      ]
    },
    {
      "file_path": "/media/NFS/ttao/scannet/posed_images/scene0474_00/00287.jpg",
      "transform_matrix": [
        [
          -0.988721,
          0.103637,
          -0.108118,
          3.37975
        ],
        [
          0.130382,
          0.240403,
          -0.961877,
          2.95261
        ],
        [
          -0.073694,
          -0.965125,
          -0.251204,
          1.517474
        ],
        [
          0.0,
          0.0,
          0.0,
          1.0
        ]
      ]
    },
    {
      "file_path": "/media/NFS/ttao/scannet/posed_images/scene0474_00/00297.jpg",
      "transform_matrix": [
        [
          -0.966555,
          0.140655,
          -0.214446,
          3.356814
        ],
        [
          0.250281,
          0.334913,
          -0.908402,
          2.883373
        ],
        [
          -0.05595,
          -0.931692,
          -0.358915,
          1.462762
        ],
        [
          0.0,
          0.0,
          0.0,
          1.0
        ]
      ]
    },
    {
      "file_path": "/media/NFS/ttao/scannet/posed_images/scene0474_00/00300.jpg",
      "transform_matrix": [
        [
          -0.957125,
          0.143663,
          -0.25154,
          3.359951
        ],
        [
          0.287361,
          0.361348,
          -0.887047,
          2.853133
        ],
        [
          -0.036542,
          -0.921297,
          -0.387138,
          1.459635
        ],
        [
          0.0,
          0.0,
          0.0,
          1.0
        ]
      ]
    },
    {
      "file_path": "/media/NFS/ttao/scannet/posed_images/scene0474_00/00303.jpg",
      "transform_matrix": [
        [
          -0.943229,
          0.155339,
          -0.293579,
          3.367257
        ],
        [
          0.331142,
          0.371225,
          -0.867489,
          2.822379
        ],
        [
          -0.02577,
          -0.915457,
          -0.401589,
          1.427299
        ],
        [
          0.0,
          0.0,
          0.0,
          1.0
        ]
      ]
    },
    {
      "file_path": "/media/NFS/ttao/scannet/posed_images/scene0474_00/00308.jpg",
      "transform_matrix": [
        [
          -0.929551,
          0.179108,
          -0.322267,
          3.366199
        ],
        [
          0.368258,
          0.408517,
          -0.835165,
          2.773936
        ],
        [
          -0.017933,
          -0.895005,
          -0.445695,
          1.402498
        ],
        [
          0.0,
          0.0,
          0.0,
          1.0
        ]
      ]
    },
    {
      "file_path": "/media/NFS/ttao/scannet/posed_images/scene0474_00/00318.jpg",
      "transform_matrix": [
        [
          -0.884335,
          0.246664,
          -0.396369,
          3.333653
        ],
        [
          0.466835,
          0.459763,
          -0.755436,
          2.683212
        ],
        [
          -0.004103,
          -0.853097,
          -0.521736,
          1.377575
        ],
        [
          0.0,
          0.0,
          0.0,
          1.0
        ]
      ]
    },
    {
      "file_path": "/media/NFS/ttao/scannet/posed_images/scene0474_00/00320.jpg",
      "transform_matrix": [
        [
          -0.877398,
          0.247071,
          -0.411251,
          3.330751
        ],
        [
          0.479738,
          0.460556,
          -0.746821,
          2.664176
        ],
        [
          0.004886,
          -0.852552,
          -0.52262,
          1.378527
        ],
        [
          0.0,
          0.0,
          0.0,
          1.0
        ]
      ]
    },
    {
      "file_path": "/media/NFS/ttao/scannet/posed_images/scene0474_00/00329.jpg",
      "transform_matrix": [
        [
          -0.889962,
          0.203784,
          -0.407971,
          3.238515
        ],
        [
          0.456035,
          0.396346,
          -0.796833,
          2.610195
        ],
        [
          -0.000684,
          -0.895199,
          -0.445666,
          1.417166
        ],
        [
          0.0,
          0.0,
          0.0,
          1.0
        ]
      ]
    },
    {
      "file_path": "/media/NFS/ttao/scannet/posed_images/scene0474_00/00334.jpg",
      "transform_matrix": [
        [
          -0.88669,
          0.193883,
          -0.419751,
          3.172524
        ],
        [
          0.462366,
          0.371681,
          -0.805029,
          2.586264
        ],
        [
          -6.8e-05,
          -0.907889,
          -0.41921,
          1.422486
        ],
        [
          0.0,
          0.0,
          0.0,
          1.0
        ]
      ]
    },
    {
      "file_path": "/media/NFS/ttao/scannet/posed_images/scene0474_00/00336.jpg",
      "transform_matrix": [
        [
          -0.882725,
          0.210396,
          -0.420156,
          3.140063
        ],
        [
          0.469667,
          0.367412,
          -0.802759,
          2.573604
        ],
        [
          -0.014526,
          -0.905948,
          -0.42314,
          1.422892
        ],
        [
          0.0,
          0.0,
          0.0,
          1.0
        ]
      ]
    },
    {
      "file_path": "/media/NFS/ttao/scannet/posed_images/scene0474_00/00346.jpg",
      "transform_matrix": [
        [
          -0.868407,
          0.23685,
          -0.435627,
          3.023179
        ],
        [
          0.493669,
          0.330647,
          -0.804341,
          2.514451
        ],
        [
          -0.046469,
          -0.913551,
          -0.404062,
          1.433283
        ],
        [
          0.0,
          0.0,
          0.0,
          1.0
        ]
      ]
    },
    {
      "file_path": "/media/NFS/ttao/scannet/posed_images/scene0474_00/00349.jpg",
      "transform_matrix": [
        [
          -0.861746,
          0.243461,
          -0.445108,
          3.008226
        ],
        [
          0.504811,
          0.323966,
          -0.800133,
          2.496774
        ],
        [
          -0.050601,
          -0.914206,
          -0.402078,
          1.432334
        ],
        [
          0.0,
          0.0,
          0.0,
          1.0
        ]
      ]
    },
    {
      "file_path": "/media/NFS/ttao/scannet/posed_images/scene0474_00/00356.jpg",
      "transform_matrix": [
        [
          -0.807333,
          0.279082,
          -0.519931,
          2.98845
        ],
        [
          0.588827,
          0.323217,
          -0.74082,
          2.445124
        ],
        [
          -0.038699,
          -0.904237,
          -0.425274,
          1.423545
        ],
        [
          0.0,
          0.0,
          0.0,
          1.0
        ]
      ]
    },
    {
      "file_path": "/media/NFS/ttao/scannet/posed_images/scene0474_00/00362.jpg",
      "transform_matrix": [
        [
          -0.724056,
          0.32477,
          -0.608496,
          2.98877
        ],
        [
          0.688877,
          0.296346,
          -0.661535,
          2.408638
        ],
        [
          -0.034522,
          -0.898167,
          -0.438298,
          1.380988
        ],
        [
          0.0,
          0.0,
          0.0,
          1.0
        ]
      ]
    },
    {
      "file_path": "/media/NFS/ttao/scannet/posed_images/scene0474_00/00367.jpg",
      "transform_matrix": [
        [
          -0.667674,
          0.377463,
          -0.641665,
          2.980451
        ],
        [
          0.743569,
          0.296091,
          -0.599531,
          2.365278
        ],
        [
          -0.036309,
          -0.877412,
          -0.478362,
          1.367192
        ],
        [
          0.0,
          0.0,
          0.0,
          1.0
        ]
      ]
    },
    {
      "file_path": "/media/NFS/ttao/scannet/posed_images/scene0474_00/00369.jpg",
      "transform_matrix": [
        [
          -0.638482,
          0.399117,
          -0.658062,
          2.981303
        ],
        [
          0.768927,
          0.294088,
          -0.567683,
          2.338533
        ],
        [
          -0.033044,
          -0.868457,
          -0.494662,
          1.358904
        ],
        [
          0.0,
          0.0,
          0.0,
          1.0
        ]
      ]
    },
    {
      "file_path": "/media/NFS/ttao/scannet/posed_images/scene0474_00/00373.jpg",
      "transform_matrix": [
        [
          -0.598874,
          0.427143,
          -0.677421,
          2.98613
        ],
        [
          0.800712,
          0.303986,
          -0.516192,
          2.286006
        ],
        [
          -0.014562,
          -0.851552,
          -0.524068,
          1.364169
        ],
        [
          0.0,
          0.0,
          0.0,
          1.0
        ]
      ]
    },
    {
      "file_path": "/media/NFS/ttao/scannet/posed_images/scene0474_00/00380.jpg",
      "transform_matrix": [
        [
          -0.54419,
          0.443244,
          -0.712315,
          2.964116
        ],
        [
          0.838949,
          0.292197,
          -0.459114,
          2.246475
        ],
        [
          0.004637,
          -0.847441,
          -0.53087,
          1.365215
        ],
        [
          0.0,
          0.0,
          0.0,
          1.0
        ]
      ]
    },
    {
      "file_path": "/media/NFS/ttao/scannet/posed_images/scene0474_00/00385.jpg",
      "transform_matrix": [
        [
          -0.483755,
          0.468639,
          -0.739161,
          2.928043
        ],
        [
          0.875204,
          0.258939,
          -0.408618,
          2.245756
        ],
        [
          -9.7e-05,
          -0.844588,
          -0.535417,
          1.354658
        ],
        [
          0.0,
          0.0,
          0.0,
          1.0
        ]
      ]
    },
    {
      "file_path": "/media/NFS/ttao/scannet/posed_images/scene0474_00/00395.jpg",
      "transform_matrix": [
        [
          -0.359374,
          0.490153,
          -0.794103,
          2.860049
        ],
        [
          0.933143,
          0.179913,
          -0.311248,
          2.190319
        ],
        [
          -0.00969,
          -0.852867,
          -0.522039,
          1.357446
        ],
        [
          0.0,
          0.0,
          0.0,
          1.0
        ]
      ]
    },
    {
      "file_path": "/media/NFS/ttao/scannet/posed_images/scene0474_00/00396.jpg",
      "transform_matrix": [
        [
          -0.351815,
          0.492216,
          -0.796209,
          2.855875
        ],
        [
          0.935912,
          0.169351,
          -0.308852,
          2.186071
        ],
        [
          -0.017183,
          -0.85384,
          -0.520252,
          1.351293
        ],
        [
          0.0,
          0.0,
          0.0,
          1.0
        ]
      ]
    },
    {
      "file_path": "/media/NFS/ttao/scannet/posed_images/scene0474_00/00403.jpg",
      "transform_matrix": [
        [
          -0.253025,
          0.53048,
          -0.809054,
          2.787148
        ],
        [
          0.967235,
          0.120683,
          -0.223366,
          2.114215
        ],
        [
          -0.020852,
          -0.839063,
          -0.543635,
          1.360824
        ],
        [
          0.0,
          0.0,
          0.0,
          1.0
        ]
      ]
    },
    {
      "file_path": "/media/NFS/ttao/scannet/posed_images/scene0474_00/00409.jpg",
      "transform_matrix": [
        [
          -0.173988,
          0.524744,
          -0.83329,
          2.753758
        ],
        [
          0.984665,
          0.103665,
          -0.140314,
          2.073267
        ],
        [
          0.012754,
          -0.844924,
          -0.534734,
          1.373785
        ],
        [
          0.0,
          0.0,
          0.0,
          1.0
        ]
      ]
    },
    {
      "file_path": "/media/NFS/ttao/scannet/posed_images/scene0474_00/00413.jpg",
      "transform_matrix": [
        [
          -0.086406,
          0.515668,
          -0.85242,
          2.753062
        ],
        [
          0.996036,
          0.06287,
          -0.06293,
          2.039184
        ],
        [
          0.021141,
          -0.854479,
          -0.519056,
          1.377097
        ],
        [
          0.0,
          0.0,
          0.0,
          1.0
        ]
      ]
    },
    {
      "file_path": "/media/NFS/ttao/scannet/posed_images/scene0474_00/00421.jpg",
      "transform_matrix": [
        [
          0.094435,
          0.51834,
          -0.849945,
          2.772707
        ],
        [
          0.995499,
          -0.042241,
          0.084846,
          1.962752
