{
  "frames": [
    {
      "file_path": "/media/NFS/ttao/scannet/posed_images/scene0662_01/00000.jpg",
      "transform_matrix": [
        [
          -0.966105,
          0.088997,
          -0.242324,
          3.165128
        ],
        [
          0.258136,
          0.32328,
          -0.910415,
          0.952751
        ],
        [
          -0.002685,
          -0.942109,
          -0.335295,
          1.541727
        ],
        [
          0.0,
          0.0,
          0.0,
          1.0
        ]
      ]
    },
    {
      "file_path": "/media/NFS/ttao/scannet/posed_images/scene0662_01/00011.jpg",
      "transform_matrix": [
        [
          -0.974656,
          0.071654,
          -0.211923,
          3.167582
        ],
        [
          0.223617,
          0.284926,
          -0.932101,
          0.963756
        ],
        [
          -0.006406,
          -0.955868,
          -0.293728,
          1.552083
        ],
        [
          0.0,
          0.0,
          0.0,
          1.0
        ]
      ]
    },
    {
      "file_path": "/media/NFS/ttao/scannet/posed_images/scene0662_01/00013.jpg",
      "transform_matrix": [
        [
          -0.974465,
          0.068565,
          -0.213813,
          3.168233
        ],
        [
          0.224452,
          0.271183,
          -0.935992,
          0.963953
        ],
        [
          -0.006193,
          -0.960083,
          -0.279648,
          1.556632
        ],
        [
          0.0,
          0.0,
          0.0,
          1.0
        ]
      ]
    },
    {
      "file_path": "/media/NFS/ttao/scannet/posed_images/scene0662_01/00021.jpg",
      "transform_matrix": [
        [
          -0.973801,
          0.062579,
          -0.218624,
          3.161961
        ],
        [
          0.22617,
          0.166508,
          -0.959751,
          0.969297
        ],
        [
          -0.023658,
          -0.984052,
          -0.1763,
          1.590342
        ],
        [
          0.0,
          0.0,
          0.0,
          1.0
        ]
      ]
    },
    {
      "file_path": "/media/NFS/ttao/scannet/posed_images/scene0662_01/00032.jpg",
      "transform_matrix": [
        [
          -0.977915,
          0.027804,
          -0.207145,
          3.168055
        ],
        [
          0.208,
          0.032495,
          -0.977589,
          0.982071
        ],
        [
          -0.02045,
          -0.999085,
          -0.03756,
          1.638127
        ],
        [
          0.0,
          0.0,
          0.0,
          1.0
        ]
      ]
    },
    {
      "file_path": "/media/NFS/ttao/scannet/posed_images/scene0662_01/00039.jpg",
      "transform_matrix": [
        [
          -0.977136,
          0.01178,
          -0.212289,
          3.171565
        ],
        [
          0.212279,
          -0.002159,
          -0.977207,
          0.985418
        ],
        [
          -0.01197,
          -0.999928,
          -0.000391,
          1.651491
        ],
        [
          0.0,
          0.0,
          0.0,
          1.0
        ]
      ]
    },
    {
      "file_path": "/media/NFS/ttao/scannet/posed_images/scene0662_01/00043.jpg",
      "transform_matrix": [
        [
          -0.978448,
          0.010856,
          -0.206207,
          3.173357
        ],
        [
          0.205972,
          -0.019561,
          -0.978362,
          0.988006
        ],
        [
          -0.014655,
          -0.99975,
          0.016904,
          1.662741
        ],
        [
          0.0,
          0.0,
          0.0,
          1.0
        ]
      ]
    },
    {
      "file_path": "/media/NFS/ttao/scannet/posed_images/scene0662_01/00051.jpg",
      "transform_matrix": [
        [
          -0.976939,
          0.001244,
          -0.213516,
          3.176379
        ],
        [
          0.213272,
          -0.04252,
          -0.976067,
          0.990072
        ],
        [
          -0.010293,
          -0.999095,
          0.041274,
          1.675627
        ],
        [
          0.0,
          0.0,
          0.0,
          1.0
        ]
      ]
    },
    {
      "file_path": "/media/NFS/ttao/scannet/posed_images/scene0662_01/00060.jpg",
      "transform_matrix": [
        [
          -0.977793,
          0.009238,
          -0.209369,
          3.172384
        ],
        [
          0.20945,
          0.008776,
          -0.97778,
          0.979499
        ],
        [
          -0.007195,
          -0.999919,
          -0.010516,
          1.660749
        ],
        [
          0.0,
          0.0,
          0.0,
          1.0
        ]
      ]
    },
    {
      "file_path": "/media/NFS/ttao/scannet/posed_images/scene0662_01/00068.jpg",
      "transform_matrix": [
        [
          -0.978419,
          0.027581,
          -0.204782,
          3.171239
        ],
        [
          0.206126,
          0.061031,
          -0.97662,
          0.969199
        ],
        [
          -0.014438,
          -0.997755,
          -0.065399,
          1.642529
        ],
        [
          0.0,
          0.0,
          0.0,
          1.0
        ]
      ]
    },
    {
      "file_path": "/media/NFS/ttao/scannet/posed_images/scene0662_01/00071.jpg",
      "transform_matrix": [
        [
          -0.977966,
          0.033878,
          -0.205997,
          3.170679
        ],
        [
          0.208249,
          0.089027,
          -0.974016,
          0.963758
        ],
        [
          -0.014658,
          -0.995453,
          -0.09412,
          1.62912
        ],
        [
          0.0,
          0.0,
          0.0,
          1.0
        ]
      ]
    },
    {
      "file_path": "/media/NFS/ttao/scannet/posed_images/scene0662_01/00081.jpg",
      "transform_matrix": [
        [
          -0.974682,
          0.078059,
          -0.209529,
          3.15939
        ],
        [
          0.222147,
          0.231522,
          -0.947127,
          0.939484
        ],
        [
          -0.025422,
          -0.969693,
          -0.243001,
          1.580333
        ],
        [
          0.0,
          0.0,
          0.0,
          1.0
        ]
      ]
    },
    {
      "file_path": "/media/NFS/ttao/scannet/posed_images/scene0662_01/00083.jpg",
      "transform_matrix": [
        [
          -0.974108,
          0.09065,
          -0.207117,
          3.154724
        ],
        [
          0.223778,
          0.256032,
          -0.94041,
          0.936068
        ],
        [
          -0.03222,
          -0.962409,
          -0.269688,
          1.57433
        ],
        [
          0.0,
          0.0,
          0.0,
          1.0
        ]
      ]
    },
    {
      "file_path": "/media/NFS/ttao/scannet/posed_images/scene0662_01/00094.jpg",
      "transform_matrix": [
        [
          -0.967164,
          0.115759,
          -0.226259,
          3.147334
        ],
        [
          0.252983,
          0.353181,
          -0.900702,
          0.915488
        ],
        [
          -0.024354,
          -0.928366,
          -0.370869,
          1.532784
        ],
        [
          0.0,
          0.0,
          0.0,
          1.0
        ]
      ]
    },
    {
      "file_path": "/media/NFS/ttao/scannet/posed_images/scene0662_01/00103.jpg",
      "transform_matrix": [
        [
          -0.956866,
          0.163222,
          -0.240346,
          3.137744
        ],
        [
          0.288171,
          0.428006,
          -0.856603,
          0.900152
        ],
        [
          -0.036947,
          -0.888915,
          -0.45658,
          1.503339
        ],
        [
          0.0,
          0.0,
          0.0,
          1.0
        ]
      ]
    },
    {
      "file_path": "/media/NFS/ttao/scannet/posed_images/scene0662_01/00111.jpg",
      "transform_matrix": [
        [
          -0.952066,
          0.193685,
          -0.236764,
          3.131177
        ],
        [
          0.302373,
          0.478781,
          -0.824221,
          0.89653
        ],
        [
          -0.046282,
          -0.856303,
          -0.514396,
          1.478439
        ],
        [
          0.0,
          0.0,
          0.0,
          1.0
        ]
      ]
    },
    {
      "file_path": "/media/NFS/ttao/scannet/posed_images/scene0662_01/00113.jpg",
      "transform_matrix": [
        [
          -0.951278,
          0.202493,
          -0.232524,
          3.12983
        ],
        [
          0.304129,
          0.492065,
          -0.815707,
          0.895476
        ],
        [
          -0.050758,
          -0.846681,
          -0.529674,
          1.471934
        ],
        [
          0.0,
          0.0,
          0.0,
          1.0
        ]
      ]
    },
    {
      "file_path": "/media/NFS/ttao/scannet/posed_images/scene0662_01/00120.jpg",
      "transform_matrix": [
        [
          -0.946922,
          0.22129,
          -0.233172,
          3.135303
        ],
        [
          0.318053,
          0.539552,
          -0.779568,
          0.883239
        ],
        [
          -0.046702,
          -0.812351,
          -0.581296,
          1.448562
        ],
        [
          0.0,
          0.0,
          0.0,
          1.0
        ]
      ]
    },
    {
      "file_path": "/media/NFS/ttao/scannet/posed_images/scene0662_01/00133.jpg",
      "transform_matrix": [
        [
          -0.935805,
          0.260369,
          -0.23765,
          3.144938
        ],
        [
          0.349625,
          0.5993,
          -0.72014,
          0.839434
        ],
        [
          -0.045079,
          -0.756999,
          -0.65186,
          1.414269
        ],
        [
          0.0,
          0.0,
          0.0,
          1.0
        ]
      ]
    },
    {
      "file_path": "/media/NFS/ttao/scannet/posed_images/scene0662_01/00135.jpg",
      "transform_matrix": [
        [
          -0.933229,
          0.264093,
          -0.243595,
          3.147041
        ],
        [
          0.356661,
          0.599232,
          -0.716739,
          0.830857
        ],
        [
          -0.043316,
          -0.755762,
          -0.653412,
          1.411954
        ],
        [
          0.0,
          0.0,
          0.0,
          1.0
        ]
      ]
    },
    {
      "file_path": "/media/NFS/ttao/scannet/posed_images/scene0662_01/00141.jpg",
      "transform_matrix": [
        [
          -0.918433,
          0.296579,
          -0.261768,
          3.147203
        ],
        [
          0.39268,
          0.603601,
          -0.693879,
          0.801569
        ],
        [
          -0.047787,
          -0.740072,
          -0.670828,
          1.40534
        ],
        [
          0.0,
          0.0,
          0.0,
          1.0
        ]
      ]
    },
    {
      "file_path": "/media/NFS/ttao/scannet/posed_images/scene0662_01/00148.jpg",
      "transform_matrix": [
        [
          -0.907176,
          0.314496,
          -0.279505,
          3.149652
        ],
        [
          0.417633,
          0.592344,
          -0.688993,
          0.776275
        ],
        [
          -0.051123,
          -0.741769,
          -0.668704,
          1.406291
        ],
        [
          0.0,
          0.0,
          0.0,
          1.0
        ]
      ]
    },
    {
      "file_path": "/media/NFS/ttao/scannet/posed_images/scene0662_01/00156.jpg",
      "transform_matrix": [
        [
          -0.921255,
          0.285623,
          -0.264024,
          3.158664
        ],
        [
          0.386687,
          0.599285,
          -0.70095,
          0.773491
        ],
        [
          -0.041982,
          -0.747848,
          -0.662541,
          1.407861
        ],
        [
          0.0,
          0.0,
          0.0,
          1.0
        ]
      ]
    },
    {
      "file_path": "/media/NFS/ttao/scannet/posed_images/scene0662_01/00163.jpg",
      "transform_matrix": [
        [
          -0.952249,
          0.222426,
          -0.209161,
          3.174636
        ],
        [
          0.304706,
          0.648822,
          -0.697269,
          0.799548
        ],
        [
          -0.019382,
          -0.727706,
          -0.685615,
          1.395256
        ],
        [
          0.0,
          0.0,
          0.0,
          1.0
        ]
      ]
    },
    {
      "file_path": "/media/NFS/ttao/scannet/posed_images/scene0662_01/00175.jpg",
      "transform_matrix": [
        [
          -0.98785,
          0.1003,
          -0.118709,
          3.215625
        ],
        [
          0.154323,
          0.723229,
          -0.673145,
          0.85612
        ],
        [
          0.018337,
          -0.683286,
          -0.72992,
          1.359763
        ],
        [
          0.0,
          0.0,
          0.0,
          1.0
        ]
      ]
    },
    {
      "file_path": "/media/NFS/ttao/scannet/posed_images/scene0662_01/00180.jpg",
      "transform_matrix": [
        [
          -0.992853,
          0.076807,
          -0.091339,
          3.228419
        ],
        [
          0.118482,
          0.726054,
          -0.677353,
          0.869182
        ],
        [
          0.014292,
          -0.683334,
          -0.729966,
          1.35466
        ],
        [
          0.0,
          0.0,
          0.0,
          1.0
        ]
      ]
    },
    {
      "file_path": "/media/NFS/ttao/scannet/posed_images/scene0662_01/00184.jpg",
      "transform_matrix": [
        [
          -0.99546,
          0.057494,
          -0.075853,
          3.242436
        ],
        [
          0.0939,
          0.723509,
          -0.683899,
          0.876136
        ],
        [
          0.01556,
          -0.687917,
          -0.725623,
          1.35539
        ],
        [
          0.0,
          0.0,
          0.0,
          1.0
        ]
      ]
    },
    {
      "file_path": "/media/NFS/ttao/scannet/posed_images/scene0662_01/00197.jpg",
      "transform_matrix": [
        [
          -0.999752,
          -0.018451,
          0.012449,
          3.289353
        ],
        [
          -0.021577,
          0.666154,
          -0.745502,
          0.900141
        ],
        [
          0.005463,
          -0.745586,
          -0.666387,
          1.383736
        ],
        [
          0.0,
          0.0,
          0.0,
          1.0
        ]
      ]
    },
    {
      "file_path": "/media/NFS/ttao/scannet/posed_images/scene0662_01/00201.jpg",
      "transform_matrix": [
        [
          -0.998615,
          -0.035705,
          0.038634,
          3.300098
        ],
        [
          -0.052589,
          0.658986,
          -0.750315,
          0.90763
        ],
        [
          0.00133,
          -0.751308,
          -0.659951,
          1.386473
        ],
        [
          0.0,
          0.0,
          0.0,
          1.0
        ]
      ]
    },
    {
      "file_path": "/media/NFS/ttao/scannet/posed_images/scene0662_01/00205.jpg",
      "transform_matrix": [
        [
          -0.99564,
          -0.05285,
          0.076859,
          3.297189
        ],
        [
          -0.092687,
          0.653052,
          -0.75162,
          0.914735
        ],
        [
          -0.01047,
          -0.755467,
          -0.655103,
          1.389518
        ],
        [
          0.0,
          0.0,
          0.0,
          1.0
        ]
      ]
    },
    {
      "file_path": "/media/NFS/ttao/scannet/posed_images/scene0662_01/00214.jpg",
      "transform_matrix": [
        [
          -0.986111,
          -0.089818,
          0.139705,
          3.307232
        ],
        [
          -0.165402,
          0.60732,
          -0.777049,
          0.933629
        ],
        [
          -0.015053,
          -0.789364,
          -0.613741,
          1.401654
        ],
        [
          0.0,
          0.0,
          0.0,
          1.0
        ]
      ]
    },
    {
      "file_path": "/media/NFS/ttao/scannet/posed_images/scene0662_01/00225.jpg",
      "transform_matrix": [
        [
          -0.974653,
          -0.104821,
          0.197647,
          3.322688
        ],
        [
          -0.223702,
          0.468621,
          -0.854606,
          0.941505
        ],
        [
          -0.003041,
          -0.877158,
          -0.480192,
          1.447993
        ],
        [
          0.0,
          0.0,
          0.0,
          1.0
        ]
      ]
    },
    {
      "file_path": "/media/NFS/ttao/scannet/posed_images/scene0662_01/00231.jpg",
      "transform_matrix": [
        [
          -0.971089,
          -0.11429,
          0.209582,
          3.338383
        ],
        [
          -0.238338,
          0.4146,
          -0.878238,
          0.941211
        ],
        [
          0.013481,
          -0.902798,
          -0.429853,
          1.483931
        ],
        [
          0.0,
          0.0,
          0.0,
          1.0
        ]
      ]
    },
    {
      "file_path": "/media/NFS/ttao/scannet/posed_images/scene0662_01/00240.jpg",
      "transform_matrix": [
        [
          -0.968145,
          -0.093237,
          0.232384,
          3.345714
        ],
        [
          -0.250336,
          0.341093,
          -0.906084,
          0.944221
        ],
        [
          0.005215,
          -0.935394,
          -0.353568,
          1.52542
        ],
        [
          0.0,
          0.0,
          0.0,
          1.0
        ]
      ]
    },
    {
      "file_path": "/media/NFS/ttao/scannet/posed_images/scene0662_01/00244.jpg",
      "transform_matrix": [
        [
          -0.968536,
          -0.073961,
          0.237631,
          3.344451
        ],
        [
          -0.248849,
          0.30165,
          -0.92037,
          0.94335
        ],
        [
          -0.00361,
          -0.950546,
          -0.310564,
          1.545389
        ],
        [
          0.0,
          0.0,
          0.0,
          1.0
        ]
      ]
    },
    {
      "file_path": "/media/NFS/ttao/scannet/posed_images/scene0662_01/00248.jpg",
      "transform_matrix": [
        [
          -0.969692,
          -0.05566,
          0.237905,
          3.34181
        ],
        [
          -0.244133,
          0.259724,
          -0.934314,
          0.943231
        ],
        [
          -0.009785,
          -0.964077,
          -0.265441,
          1.56275
        ],
        [
          0.0,
          0.0,
          0.0,
          1.0
        ]
      ]
    },
    {
      "file_path": "/media/NFS/ttao/scannet/posed_images/scene0662_01/00261.jpg",
      "transform_matrix": [
        [
          -0.979008,
          -0.018562,
          0.202973,
          3.328175
        ],
        [
          -0.202894,
          0.183582,
          -0.961838,
          0.939203
        ],
        [
          -0.019408,
          -0.982829,
          -0.183494,
          1.61341
        ],
        [
          0.0,
          0.0,
          0.0,
          1.0
        ]
      ]
    },
    {
      "file_path": "/media/NFS/ttao/scannet/posed_images/scene0662_01/00265.jpg",
      "transform_matrix": [
        [
          -0.9804,
          -0.011806,
          0.196665,
          3.322234
        ],
        [
          -0.195759,
          0.171054,
          -0.965618,
          0.937857
        ],
        [
          -0.02224,
          -0.985191,
          -0.170013,
          1.616889
        ],
        [
          0.0,
          0.0,
          0.0,
          1.0
        ]
      ]
    },
    {
      "file_path": "/media/NFS/ttao/scannet/posed_images/scene0662_01/00274.jpg",
      "transform_matrix": [
        [
          -0.982441,
          -0.005099,
          0.186506,
          3.31767
        ],
        [
          -0.185585,
          0.129604,
          -0.974044,
          0.936087
        ],
        [
          -0.019205,
          -0.991553,
          -0.128275,
          1.639202
        ],
        [
          0.0,
          0.0,
          0.0,
          1.0
        ]
      ]
    },
    {
      "file_path": "/media/NFS/ttao/scannet/posed_images/scene0662_01/00276.jpg",
      "transform_matrix": [
        [
          -0.982632,
          -0.004252,
          0.185519,
          3.316843
        ],
        [
          -0.184739,
          0.116768,
          -0.975826,
          0.935296
        ],
        [
          -0.017513,
          -0.99315,
          -0.115525,
          1.642631
        ],
        [
          0.0,
          0.0,
          0.0,
          1.0
        ]
      ]
    },
    {
      "file_path": "/media/NFS/ttao/scannet/posed_images/scene0662_01/00285.jpg",
      "transform_matrix": [
        [
          -0.983299,
          -0.009139,
          0.181767,
          3.321189
        ],
        [
          -0.181977,
          0.063965,
          -0.98122,
          0.931969
        ],
        [
          -0.00266,
          -0.99791,
          -0.064559,
          1.669567
        ],
        [
          0.0,
          0.0,
          0.0,
          1.0
        ]
      ]
    },
    {
      "file_path": "/media/NFS/ttao/scannet/posed_images/scene0662_01/00291.jpg",
      "transform_matrix": [
        [
          -0.980141,
          -0.021268,
          0.197159,
          3.327585
        ],
        [
          -0.197836,
          0.036709,
          -0.979547,
          0.932515
        ],
        [
          0.013595,
          -0.9991,
          -0.040187,
          1.691238
        ],
        [
          0.0,
          0.0,
          0.0,
          1.0
        ]
      ]
    },
    {
      "file_path": "/media/NFS/ttao/scannet/posed_images/scene0662_01/00300.jpg",
      "transform_matrix": [
        [
          -0.975673,
          -0.018368,
          0.218461,
          3.332603
        ],
        [
          -0.218412,
          -0.00465,
          -0.975845,
          0.94556
        ],
        [
          0.01894,
          -0.99982,
          0.000525,
          1.706269
        ],
        [
          0.0,
          0.0,
          0.0,
          1.0
        ]
      ]
    },
    {
      "file_path": "/media/NFS/ttao/scannet/posed_images/scene0662_01/00306.jpg",
      "transform_matrix": [
        [
          -0.970958,
          -0.007899,
          0.239118,
          3.335378
        ],
        [
          -0.239074,
          -0.006129,
          -0.970982,
          0.95202
        ],
        [
          0.009135,
          -0.99995,
          0.004063,
          1.713784
        ],
        [
          0.0,
          0.0,
          0.0,
          1.0
        ]
      ]
    },
    {
      "file_path": "/media/NFS/ttao/scannet/posed_images/scene0662_01/00312.jpg",
      "transform_matrix": [
        [
          -0.961651,
          -0.013635,
          0.273939,
          3.342742
        ],
        [
          -0.273646,
          -0.020059,
          -0.961621,
          0.962634
        ],
        [
          0.018606,
          -0.999706,
          0.015559,
          1.714184
        ],
        [
          0.0,
          0.0,
          0.0,
          1.0
        ]
      ]
    },
    {
      "file_path": "/media/NFS/ttao/scannet/posed_images/scene0662_01/00325.jpg",
      "transform_matrix": [
        [
          -0.927458,
          -0.051181,
          0.370408,
          3.375228
        ],
        [
          -0.370566,
          -0.006728,
          -0.928782,
          0.987192
        ],
        [
          0.050028,
          -0.998667,
          -0.012726,
          1.714616
        ],
        [
          0.0,
          0.0,
          0.0,
          1.0
        ]
      ]
    },
    {
      "file_path": "/media/NFS/ttao/scannet/posed_images/scene0662_01/00327.jpg",
      "transform_matrix": [
        [
          -0.922634,
          -0.054644,
          0.381785,
          3.378075
        ],
        [
          -0.382173,
          -0.00358,
          -0.924084,
          0.988941
        ],
        [
          0.051862,
          -0.9985,
          -0.017581,
          1.712821
        ],
        [
          0.0,
          0.0,
          0.0,
          1.0
        ]
      ]
    },
    {
      "file_path": "/media/NFS/ttao/scannet/posed_images/scene0662_01/00336.jpg",
      "transform_matrix": [
        [
          -0.904224,
          -0.055057,
          0.423495,
          3.39167
        ],
        [
          -0.424879,
          0.015918,
          -0.90511,
          0.993077
        ],
        [
          0.043091,
          -0.998356,
          -0.037786,
          1.699159
        ],
        [
          0.0,
          0.0,
          0.0,
          1.0
        ]
      ]
    },
    {
      "file_path": "/media/NFS/ttao/scannet/posed_images/scene0662_01/00342.jpg",
      "transform_matrix": [
        [
          -0.883355,
          -0.074934,
          0.462675,
          3.404138
        ],
        [
          -0.467113,
          0.059492,
          -0.882194,
          0.997209
        ],
        [
          0.038581,
          -0.995412,
          -0.087556,
          1.675974
        ],
        [
          0.0,
          0.0,
          0.0,
          1.0
        ]
      ]
    },
    {
      "file_path": "/media/NFS/ttao/scannet/posed_images/scene0662_01/00353.jpg",
      "transform_matrix": [
        [
          -0.858518,
          -0.115737,
          0.499551,
          3.41589
        ],
        [
          -0.512094,
          0.143007,
          -0.846941,
          1.000797
        ],
        [
          0.026583,
          -0.982931,
          -0.182042,
          1.62898
        ],
        [
          0.0,
          0.0,
          0.0,
          1.0
        ]
      ]
    },
    {
      "file_path": "/media/NFS/ttao/scannet/posed_images/scene0662_01/00360.jpg",
      "transform_matrix": [
        [
          -0.853452,
          -0.146853,
          0.500054,
          3.419032
        ],
        [
          -0.520234,
          0.182505,
          -0.834295,
          0.99627
        ],
        [
          0.031257,
          -0.972176,
          -0.232157,
          1.604053
        ],
        [
          0.0,
          0.0,
          0.0,
          1.0
        ]
      ]
    },
    {
      "file_path": "/media/NFS/ttao/scannet/posed_images/scene0662_01/00362.jpg",
      "transform_matrix": [
        [
          -0.852956,
          -0.159003,
          0.497177,
          3.41956
        ],
        [
          -0.520759,
          0.194013,
          -0.831366,
          0.995238
        ],
        [
          0.035731,
          -0.968027,
          -0.248287,
          1.597149
        ],
        [
          0.0,
          0.0,
          0.0,
          1.0
        ]
      ]
    },
    {
      "file_path": "/media/NFS/ttao/scannet/posed_images/scene0662_01/00372.jpg",
      "transform_matrix": [
        [
          -0.846866,
          -0.20797,
          0.489456,
          3.416154
        ],
        [
          -0.531006,
          0.280197,
          -0.799701,
          0.990515
        ],
        [
          0.02917,
          -0.937144,
          -0.347723,
          1.539499
        ],
        [
          0.0,
          0.0,
          0.0,
          1.0
        ]
      ]
    },
    {
      "file_path": "/media/NFS/ttao/scannet/posed_images/scene0662_01/00381.jpg",
      "transform_matrix": [
        [
          -0.85532,
          -0.223458,
          0.467434,
          3.405759
        ],
        [
          -0.517854,
          0.340897,
          -0.784612,
          0.989102
        ],
        [
          0.015981,
          -0.913157,
          -0.407295,
          1.499048
        ],
        [
          0.0,
          0.0,
          0.0,
          1.0
        ]
      ]
    },
    {
      "file_path": "/media/NFS/ttao/scannet/posed_images/scene0662_01/00389.jpg",
      "transform_matrix": [
        [
          -0.857328,
          -0.250539,
          0.449687,
          3.403173
        ],
        [
          -0.514665,
          0.399545,
          -0.758606,
          0.989536
        ],
        [
          0.01039,
          -0.881813,
          -0.471486,
          1.471408
        ],
        [
          0.0,
          0.0,
          0.0,
          1.0
        ]
      ]
    },
    {
      "file_path": "/media/NFS/ttao/scannet/posed_images/scene0662_01/00392.jpg",
      "transform_matrix": [
        [
          -0.858668,
          -0.264208,
          0.439185,
          3.400469
        ],
        [
          -0.512423,
          0.424876,
          -0.746259,
          0.987631
        ],
        [
          0.010568,
          -0.865838,
          -0.500214,
          1.456854
        ],
        [
          0.0,
          0.0,
          0.0,
          1.0
        ]
      ]
    },
    {
      "file_path": "/media/NFS/ttao/scannet/posed_images/scene0662_01/00400.jpg",
      "transform_matrix": [
        [
          -0.8788,
          -0.285709,
          0.382206,
          3.390718
        ],
        [
          -0.476738,
          0.490785,
          -0.729281,
          0.979787
        ],
        [
          0.020782,
          -0.823104,
          -0.56751,
          1.420146
        ],
        [
          0.0,
          0.0,
          0.0,
          1.0
        ]
      ]
    },
    {
      "file_path": "/media/NFS/ttao/scannet/posed_images/scene0662_01/00411.jpg",
      "transform_matrix": [
        [
          -0.892756,
          -0.302718,
          0.33369,
          3.376362
        ],
        [
          -0.449821,
          0.557028,
          -0.698126,
          0.975673
        ],
        [
          0.02546,
          -0.773357,
          -0.633459,
          1.38189
        ],
        [
          0.0,
          0.0,
          0.0,
          1.0
        ]
      ]
    },
    {
      "file_path": "/media/NFS/ttao/scannet/posed_images/scene0662_01/00417.jpg",
      "transform_matrix": [
        [
          -0.896295,
          -0.309454,
          0.317637,
          3.375299
        ],
        [
          -0.442591,
          0.579469,
          -0.684345,
          0.974389
        ],
        [
          0.027712,
          -0.753959,
          -0.656337,
          1.36984
        ],
        [
          0.0,
          0.0,
          0.0,
          1.0
        ]
      ]
    },
    {
      "file_path": "/media/NFS/ttao/scannet/posed_images/scene0662_01/00419.jpg",
      "transform_matrix": [
        [
          -0.895494,
          -0.31362,
          0.315805,
          3.375242
        ],
        [
          -0.444215,
          0.585741,
          -0.677923,
          0.974028
        ],
        [
          0.02763,
          -0.747362,
          -0.663843,
          1.36538
        ],
        [
          0.0,
          0.0,
          0.0,
          1.0
        ]
      ]
    },
    {
      "file_path": "/media/NFS/ttao/scannet/posed_images/scene0662_01/00426.jpg",
      "transform_matrix": [
        [
          -0.88229,
          -0.337711,
          0.327896,
          3.383639
        ],
        [
          -0.469664,
          0.585273,
          -0.660963,
          0.97053
        ],
        [
          0.031306,
          -0.737162,
          -0.674991,
          1.351536
        ],
        [
          0.0,
          0.0,
          0.0,
          1.0
        ]
      ]
    },
    {
      "file_path": "/media/NFS/ttao/scannet/posed_images/scene0662_01/00434.jpg",
      "transform_matrix": [
        [
          -0.853549,
          -0.39278,
          0.342313,
          3.405084
        ],
        [
          -0.518969,
          0.58281,
          -0.625303,
          0.95783
        ],
        [
          0.046103,
          -0.711376,
          -0.701298,
          1.336264
        ],
        [
          0.0,
          0.0,
          0.0,
          1.0
        ]
      ]
    },
    {
      "file_path": "/media/NFS/ttao/scannet/posed_images/scene0662_01/00441.jpg",
      "transform_matrix": [
        [
          -0.812085,
          -0.447802,
          0.374153,
          3.426474
        ],
        [
          -0.5816,
          0.568897,
          -0.581462,
          0.939921
        ],
        [
          0.047525,
          -0.689804,
          -0.722435,
          1.322339
        ],
        [
          0.0,
          0.0,
          0.0,
          1.0
        ]
      ]
    },
    {
      "file_path": "/media/NFS/ttao/scannet/posed_images/scene0662_01/00452.jpg",
      "transform_matrix": [
        [
          -0.735586,
          -0.519158,
          0.435189,
          3.468608
        ],
        [
          -0.675437,
          0.512797,
          -0.529929,
          0.898934
        ],
        [
          0.051954,
          -0.683751,
          -0.727864,
          1.324898
        ],
        [
          0.0,
          0.0,
          0.0,
          1.0
        ]
      ]
    },
    {
      "file_path": "/media/NFS/ttao/scannet/posed_images/scene0662_01/00460.jpg",
      "transform_matrix": [
        [
          -0.677648,
          -0.573207,
          0.460681,
          3.496305
        ],
        [
          -0.733823,
          0.486247,
          -0.474413,
          0.855486
        ],
        [
          0.047932,
          -0.659543,
          -0.750137,
          1.323328
        ],
        [
          0.0,
          0.0,
          0.0,
          1.0
        ]
      ]
    },
    {
      "file_path": "/media/NFS/ttao/scannet/posed_images/scene0662_01/00462.jpg",
      "transform_matrix": [
        [
          -0.656038,
          -0.592532,
          0.467461,
          3.503014
        ],
        [
          -0.752926,
          0.471045,
          -0.459587,
          0.841423
        ],
        [
          0.052125,
          -0.65347,
          -0.755156,
          1.321504
        ],
        [
          0.0,
          0.0,
          0.0,
          1.0
        ]
      ]
    },
    {
      "file_path": "/media/NFS/ttao/scannet/posed_images/scene0662_01/00475.jpg",
      "transform_matrix": [
        [
          -0.39679,
          -0.703357,
          0.589786,
          3.496996
        ],
        [
          -0.915729,
          0.259066,
          -0.307123,
          0.714165
        ],
        [
          0.063224,
          -0.661947,
          -0.746879,
          1.33792
        ],
        [
          0.0,
          0.0,
          0.0,
          1.0
        ]
      ]
    },
    {
      "file_path": "/media/NFS/ttao/scannet/posed_images/scene0662_01/00482.jpg",
      "transform_matrix": [
        [
          -0.288286,
          -0.71948,
          0.631855,
          3.481728
        ],
        [
          -0.953967,
          0.158811,
          -0.254415,
          0.652324
        ],
        [
          0.082701,
          -0.676113,
          -0.732142,
          1.352085
        ],
        [
          0.0,
          0.0,
          0.0,
          1.0
        ]
      ]
    },
    {
      "file_path": "/media/NFS/ttao/scannet/posed_images/scene0662_01/00484.jpg",
      "transform_matrix": [
        [
          -0.271352,
          -0.720108,
          0.638603,
          3.482324
        ],
        [
          -0.958865,
          0.144799,
          -0.244156,
          0.636516
        ],
        [
          0.083349,
          -0.678586,
          -0.729777,
          1.354309
        ],
        [
          0.0,
          0.0,
          0.0,
          1.0
        ]
      ]
    },
    {
      "file_path": "/media/NFS/ttao/scannet/posed_images/scene0662_01/00494.jpg",
      "transform_matrix": [
        [
          -0.271618,
          -0.69638,
          0.664288,
          3.491044
        ],
        [
          -0.95443,
          0.106235,
          -0.278886,
          0.587876
        ],
        [
          0.12364,
          -0.709767,
          -0.693501,
          1.375943
        ],
        [
          0.0,
          0.0,
          0.0,
          1.0
        ]
      ]
    },
    {
      "file_path": "/media/NFS/ttao/scannet/posed_images/scene0662_01/00499.jpg",
      "transform_matrix": [
        [
          -0.240749,
          -0.70039,
          0.671933,
          3.488735
        ],
        [
          -0.964944,
          0.098169,
          -0.243407,
          0.583968
        ],
        [
          0.104517,
          -0.706977,
          -0.699471,
          1.382387
        ],
        [
          0.0,
          0.0,
          0.0,
          1.0
        ]
      ]
    },
    {
      "file_path": "/media/NFS/ttao/scannet/posed_images/scene0662_01/00505.jpg",
      "transform_matrix": [
        [
          -0.15807,
          -0.701429,
          0.69499,
          3.46921
        ],
        [
          -0.983312,
          0.047626,
          -0.17558,
          0.584968
        ],
        [
          0.090057,
          -0.711146,
          -0.697252,
          1.388071
        ],
        [
          0.0,
          0.0,
          0.0,
          1.0
        ]
      ]
    },
    {
      "file_path": "/media/NFS/ttao/scannet/posed_images/scene0662_01/00518.jpg",
      "transform_matrix": [
        [
          0.08753,
          -0.69105,
          0.717488,
          3.388575
        ],
        [
          -0.993579,
          -0.1124,
          0.012953,
          0.556868
        ],
        [
          0.071695,
          -0.714014,
          -0.696451,
          1.401046
        ],
        [
          0.0,
          0.0,
          0.0,
          1.0
        ]
      ]
    },
    {
      "file_path": "/media/NFS/ttao/scannet/posed_images/scene0662_01/00524.jpg",
      "transform_matrix": [
        [
          0.165649,
          -0.680584,
          0.713699,
          3.361405
        ],
        [
          -0.984033,
          -0.161846,
          0.074057,
          0.549133
        ],
        [
          0.065107,
          -0.714571,
          -0.696527,
          1.400511
        ],
        [
          0.0,
          0.0,
          0.0,
          1.0
        ]
      ]
    },
    {
      "file_path": "/media/NFS/ttao/scannet/posed_images/scene0662_01/00531.jpg",
      "transform_matrix": [
        [
          0.219868,
          -0.653166,
          0.724591,
          3.341758
        ],
        [
          -0.973122,
          -0.199009,
          0.115889,
          0.54756
        ],
        [
          0.068506,
          -0.730595,
          -0.679366,
          1.398612
        ],
        [
          0.0,
          0.0,
          0.0,
          1.0
        ]
      ]
    },
    {
      "file_path": "/media/NFS/ttao/scannet/posed_images/scene0662_01/00535.jpg",
      "transform_matrix": [
        [
          0.23251,
          -0.65303,
          0.720758,
          3.342906
        ],
        [
          -0.969667,
          -0.213099,
          0.119731,
          0.557283
        ],
        [
          0.075405,
          -0.726733,
          -0.682769,
          1.401331
        ],
        [
          0.0,
          0.0,
          0.0,
          1.0
        ]
      ]
    },
    {
      "file_path": "/media/NFS/ttao/scannet/posed_images/scene0662_01/00546.jpg",
      "transform_matrix": [
        [
          0.33868,
          -0.627546,
          0.701058,
          3.340306
        ],
        [
          -0.937252,
          -0.29057,
          0.192684,
          0.586074
        ],
        [
          0.082788,
          -0.722326,
          -0.686579,
          1.404483
        ],
        [
          0.0,
          0.0,
          0.0,
          1.0
        ]
      ]
    },
    {
      "file_path": "/media/NFS/ttao/scannet/posed_images/scene0662_01/00552.jpg",
      "transform_matrix": [
        [
          0.376928,
          -0.598646,
          0.706788,
          3.33907
        ],
        [
          -0.922697,
          -0.309386,
          0.230023,
          0.594042
        ],
        [
          0.080968,
          -0.738853,
