{
  "frames": [
    {
      "file_path": "/media/NFS/ttao/scannet/posed_images/scene0080_02/00000.jpg",
      "transform_matrix": [
        [
          -0.696148,
          -0.350706,
          0.626405,
          1.016677
        ],
        [
          -0.717155,
          0.300038,
          -0.62902,
          1.445675
        ],
        [
          0.032656,
          -0.88712,
          -0.460381,
          1.299871
        ],
        [
          0.0,
          0.0,
          0.0,
          1.0
        ]
      ]
    },
    {
      "file_path": "/media/NFS/ttao/scannet/posed_images/scene0080_02/00002.jpg",
      "transform_matrix": [
        [
          -0.702299,
          -0.343929,
          0.623289,
          1.01158
        ],
        [
          -0.711295,
          0.303449,
          -0.634018,
          1.4415
        ],
        [
          0.028921,
          -0.888612,
          -0.457747,
          1.303039
        ],
        [
          0.0,
          0.0,
          0.0,
          1.0
        ]
      ]
    },
    {
      "file_path": "/media/NFS/ttao/scannet/posed_images/scene0080_02/00005.jpg",
      "transform_matrix": [
        [
          -0.70723,
          -0.341334,
          0.619126,
          1.006858
        ],
        [
          -0.706195,
          0.299726,
          -0.641446,
          1.439403
        ],
        [
          0.03338,
          -0.890873,
          -0.453024,
          1.307033
        ],
        [
          0.0,
          0.0,
          0.0,
          1.0
        ]
      ]
    },
    {
      "file_path": "/media/NFS/ttao/scannet/posed_images/scene0080_02/00008.jpg",
      "transform_matrix": [
        [
          -0.717307,
          -0.332057,
          0.612543,
          1.003058
        ],
        [
          -0.69564,
          0.291549,
          -0.65657,
          1.438671
        ],
        [
          0.039433,
          -0.897072,
          -0.440122,
          1.314771
        ],
        [
          0.0,
          0.0,
          0.0,
          1.0
        ]
      ]
    },
    {
      "file_path": "/media/NFS/ttao/scannet/posed_images/scene0080_02/00010.jpg",
      "transform_matrix": [
        [
          -0.724331,
          -0.316142,
          0.612699,
          0.999805
        ],
        [
          -0.6887,
          0.29025,
          -0.664415,
          1.437833
        ],
        [
          0.032214,
          -0.903221,
          -0.427964,
          1.317915
        ],
        [
          0.0,
          0.0,
          0.0,
          1.0
        ]
      ]
    },
    {
      "file_path": "/media/NFS/ttao/scannet/posed_images/scene0080_02/00015.jpg",
      "transform_matrix": [
        [
          -0.732222,
          -0.288894,
          0.616758,
          0.991225
        ],
        [
          -0.680554,
          0.275273,
          -0.679022,
          1.435505
        ],
        [
          0.026388,
          -0.916932,
          -0.398169,
          1.330986
        ],
        [
          0.0,
          0.0,
          0.0,
          1.0
        ]
      ]
    },
    {
      "file_path": "/media/NFS/ttao/scannet/posed_images/scene0080_02/00016.jpg",
      "transform_matrix": [
        [
          -0.732956,
          -0.276095,
          0.62173,
          0.98833
        ],
        [
          -0.680009,
          0.271716,
          -0.680999,
          1.435652
        ],
        [
          0.019086,
          -0.921923,
          -0.386902,
          1.336419
        ],
        [
          0.0,
          0.0,
          0.0,
          1.0
        ]
      ]
    },
    {
      "file_path": "/media/NFS/ttao/scannet/posed_images/scene0080_02/00020.jpg",
      "transform_matrix": [
        [
          -0.741602,
          -0.252881,
          0.621352,
          0.982494
        ],
        [
          -0.670786,
          0.267716,
          -0.691646,
          1.433052
        ],
        [
          0.008558,
          -0.92972,
          -0.368168,
          1.345791
        ],
        [
          0.0,
          0.0,
          0.0,
          1.0
        ]
      ]
    },
    {
      "file_path": "/media/NFS/ttao/scannet/posed_images/scene0080_02/00021.jpg",
      "transform_matrix": [
        [
          -0.74336,
          -0.249465,
          0.620632,
          0.981265
        ],
        [
          -0.668835,
          0.265114,
          -0.694532,
          1.431965
        ],
        [
          0.008723,
          -0.931387,
          -0.363926,
          1.348439
        ],
        [
          0.0,
          0.0,
          0.0,
          1.0
        ]
      ]
    },
    {
      "file_path": "/media/NFS/ttao/scannet/posed_images/scene0080_02/00026.jpg",
      "transform_matrix": [
        [
          -0.752494,
          -0.238445,
          0.613919,
          0.979658
        ],
        [
          -0.658273,
          0.242979,
          -0.712487,
          1.43219
        ],
        [
          0.020719,
          -0.940269,
          -0.339802,
          1.354361
        ],
        [
          0.0,
          0.0,
          0.0,
          1.0
        ]
      ]
    },
    {
      "file_path": "/media/NFS/ttao/scannet/posed_images/scene0080_02/00027.jpg",
      "transform_matrix": [
        [
          -0.75311,
          -0.236522,
          0.613909,
          0.979604
        ],
        [
          -0.657551,
          0.240427,
          -0.714018,
          1.431361
        ],
        [
          0.021281,
          -0.94141,
          -0.336593,
          1.355433
        ],
        [
          0.0,
          0.0,
          0.0,
          1.0
        ]
      ]
    },
    {
      "file_path": "/media/NFS/ttao/scannet/posed_images/scene0080_02/00030.jpg",
      "transform_matrix": [
        [
          -0.752187,
          -0.223518,
          0.619883,
          0.978215
        ],
        [
          -0.6587,
          0.229146,
          -0.716663,
          1.429543
        ],
        [
          0.018143,
          -0.947381,
          -0.319592,
          1.358826
        ],
        [
          0.0,
          0.0,
          0.0,
          1.0
        ]
      ]
    },
    {
      "file_path": "/media/NFS/ttao/scannet/posed_images/scene0080_02/00034.jpg",
      "transform_matrix": [
        [
          -0.746352,
          -0.195359,
          0.636234,
          0.975552
        ],
        [
          -0.665547,
          0.215584,
          -0.714542,
          1.423859
        ],
        [
          0.00243,
          -0.956744,
          -0.290922,
          1.370983
        ],
        [
          0.0,
          0.0,
          0.0,
          1.0
        ]
      ]
    },
    {
      "file_path": "/media/NFS/ttao/scannet/posed_images/scene0080_02/00035.jpg",
      "transform_matrix": [
        [
          -0.746369,
          -0.18755,
          0.638559,
          0.975849
        ],
        [
          -0.665532,
          0.210603,
          -0.71604,
          1.422724
        ],
        [
          -0.000189,
          -0.959412,
          -0.282008,
          1.373696
        ],
        [
          0.0,
          0.0,
          0.0,
          1.0
        ]
      ]
    },
    {
      "file_path": "/media/NFS/ttao/scannet/posed_images/scene0080_02/00038.jpg",
      "transform_matrix": [
        [
          -0.746912,
          -0.165635,
          0.643963,
          0.973383
        ],
        [
          -0.664846,
          0.200831,
          -0.719477,
          1.414626
        ],
        [
          -0.010158,
          -0.965522,
          -0.260125,
          1.381467
        ],
        [
          0.0,
          0.0,
          0.0,
          1.0
        ]
      ]
    },
    {
      "file_path": "/media/NFS/ttao/scannet/posed_images/scene0080_02/00040.jpg",
      "transform_matrix": [
        [
          -0.748796,
          -0.145757,
          0.646576,
          0.969039
        ],
        [
          -0.662438,
          0.196842,
          -0.722793,
          1.406383
        ],
        [
          -0.021921,
          -0.96954,
          -0.243949,
          1.386292
        ],
        [
          0.0,
          0.0,
          0.0,
          1.0
        ]
      ]
    },
    {
      "file_path": "/media/NFS/ttao/scannet/posed_images/scene0080_02/00045.jpg",
      "transform_matrix": [
        [
          -0.752647,
          -0.103658,
          0.650214,
          0.96213
        ],
        [
          -0.656957,
          0.184127,
          -0.731098,
          1.388312
        ],
        [
          -0.043938,
          -0.977421,
          -0.206682,
          1.406396
        ],
        [
          0.0,
          0.0,
          0.0,
          1.0
        ]
      ]
    },
    {
      "file_path": "/media/NFS/ttao/scannet/posed_images/scene0080_02/00047.jpg",
      "transform_matrix": [
        [
          -0.755002,
          -0.100477,
          0.647978,
          0.959157
        ],
        [
          -0.654508,
          0.175591,
          -0.735383,
          1.382514
        ],
        [
          -0.03989,
          -0.979322,
          -0.198334,
          1.411497
        ],
        [
          0.0,
          0.0,
          0.0,
          1.0
        ]
      ]
    },
    {
      "file_path": "/media/NFS/ttao/scannet/posed_images/scene0080_02/00050.jpg",
      "transform_matrix": [
        [
          -0.76035,
          -0.105961,
          0.640812,
          0.959101
        ],
        [
          -0.649019,
          0.162433,
          -0.743229,
          1.380497
        ],
        [
          -0.025336,
          -0.981014,
          -0.192276,
          1.41525
        ],
        [
          0.0,
          0.0,
          0.0,
          1.0
        ]
      ]
    },
    {
      "file_path": "/media/NFS/ttao/scannet/posed_images/scene0080_02/00051.jpg",
      "transform_matrix": [
        [
          -0.761738,
          -0.107257,
          0.638946,
          0.958179
        ],
        [
          -0.64748,
          0.160937,
          -0.744896,
          1.379632
        ],
        [
          -0.022935,
          -0.981119,
          -0.192039,
          1.415493
        ],
        [
          0.0,
          0.0,
          0.0,
          1.0
        ]
      ]
    },
    {
      "file_path": "/media/NFS/ttao/scannet/posed_images/scene0080_02/00054.jpg",
      "transform_matrix": [
        [
          -0.771816,
          -0.110212,
          0.626222,
          0.958108
        ],
        [
          -0.635611,
          0.160511,
          -0.755139,
          1.376705
        ],
        [
          -0.01729,
          -0.980861,
          -0.193938,
          1.41117
        ],
        [
          0.0,
          0.0,
          0.0,
          1.0
        ]
      ]
    },
    {
      "file_path": "/media/NFS/ttao/scannet/posed_images/scene0080_02/00057.jpg",
      "transform_matrix": [
        [
          -0.782022,
          -0.109762,
          0.613509,
          0.954923
        ],
        [
          -0.622751,
          0.177029,
          -0.76213,
          1.369698
        ],
        [
          -0.024956,
          -0.978066,
          -0.206795,
          1.40282
        ],
        [
          0.0,
          0.0,
          0.0,
          1.0
        ]
      ]
    },
    {
      "file_path": "/media/NFS/ttao/scannet/posed_images/scene0080_02/00059.jpg",
      "transform_matrix": [
        [
          -0.790081,
          -0.115921,
          0.601943,
          0.956152
        ],
        [
          -0.612379,
          0.193562,
          -0.766503,
          1.365379
        ],
        [
          -0.02766,
          -0.974216,
          -0.223917,
          1.396332
        ],
        [
          0.0,
          0.0,
          0.0,
          1.0
        ]
      ]
    },
    {
      "file_path": "/media/NFS/ttao/scannet/posed_images/scene0080_02/00062.jpg",
      "transform_matrix": [
        [
          -0.807783,
          -0.146596,
          0.570962,
          0.9657
        ],
        [
          -0.589338,
          0.222169,
          -0.776738,
          1.358665
        ],
        [
          -0.012983,
          -0.963925,
          -0.265858,
          1.38562
        ],
        [
          0.0,
          0.0,
          0.0,
          1.0
        ]
      ]
    },
    {
      "file_path": "/media/NFS/ttao/scannet/posed_images/scene0080_02/00065.jpg",
      "transform_matrix": [
        [
          -0.825049,
          -0.183621,
          0.534394,
          0.973848
        ],
        [
          -0.564934,
          0.248033,
          -0.786974,
          1.350779
        ],
        [
          0.011957,
          -0.95119,
          -0.308373,
          1.374161
        ],
        [
          0.0,
          0.0,
          0.0,
          1.0
        ]
      ]
    },
    {
      "file_path": "/media/NFS/ttao/scannet/posed_images/scene0080_02/00069.jpg",
      "transform_matrix": [
        [
          -0.838746,
          -0.210773,
          0.502077,
          0.982344
        ],
        [
          -0.544073,
          0.28689,
          -0.788466,
          1.348771
        ],
        [
          0.022146,
          -0.934488,
          -0.355304,
          1.357957
        ],
        [
          0.0,
          0.0,
          0.0,
          1.0
        ]
      ]
    },
    {
      "file_path": "/media/NFS/ttao/scannet/posed_images/scene0080_02/00070.jpg",
      "transform_matrix": [
        [
          -0.842153,
          -0.214513,
          0.494736,
          0.984285
        ],
        [
          -0.538878,
          0.301184,
          -0.786701,
          1.349319
        ],
        [
          0.019751,
          -0.929124,
          -0.369239,
          1.354815
        ],
        [
          0.0,
          0.0,
          0.0,
          1.0
        ]
      ]
    },
    {
      "file_path": "/media/NFS/ttao/scannet/posed_images/scene0080_02/00074.jpg",
      "transform_matrix": [
        [
          -0.851238,
          -0.235629,
          0.468905,
          0.98956
        ],
        [
          -0.524371,
          0.34669,
          -0.777715,
          1.353689
        ],
        [
          0.020687,
          -0.907901,
          -0.418673,
          1.337487
        ],
        [
          0.0,
          0.0,
          0.0,
          1.0
        ]
      ]
    },
    {
      "file_path": "/media/NFS/ttao/scannet/posed_images/scene0080_02/00076.jpg",
      "transform_matrix": [
        [
          -0.852457,
          -0.244847,
          0.461918,
          0.990386
        ],
        [
          -0.522378,
          0.363509,
          -0.771351,
          1.358956
        ],
        [
          0.020952,
          -0.898839,
          -0.437778,
          1.327564
        ],
        [
          0.0,
          0.0,
          0.0,
          1.0
        ]
      ]
    },
    {
      "file_path": "/media/NFS/ttao/scannet/posed_images/scene0080_02/00080.jpg",
      "transform_matrix": [
        [
          -0.850893,
          -0.268202,
          0.451718,
          0.992541
        ],
        [
          -0.524712,
          0.391864,
          -0.755725,
          1.368673
        ],
        [
          0.025675,
          -0.880063,
          -0.474163,
          1.313919
        ],
        [
          0.0,
          0.0,
          0.0,
          1.0
        ]
      ]
    },
    {
      "file_path": "/media/NFS/ttao/scannet/posed_images/scene0080_02/00083.jpg",
      "transform_matrix": [
        [
          -0.849373,
          -0.284571,
          0.444506,
          0.994672
        ],
        [
          -0.527022,
          0.411742,
          -0.743449,
          1.376067
        ],
        [
          0.028542,
          -0.86573,
          -0.499698,
          1.302626
        ],
        [
          0.0,
          0.0,
          0.0,
          1.0
        ]
      ]
    },
    {
      "file_path": "/media/NFS/ttao/scannet/posed_images/scene0080_02/00085.jpg",
      "transform_matrix": [
        [
          -0.846516,
          -0.293674,
          0.444035,
          0.995562
        ],
        [
          -0.531692,
          0.424492,
          -0.732878,
          1.38116
        ],
        [
          0.026737,
          -0.856482,
          -0.515483,
          1.295387
        ],
        [
          0.0,
          0.0,
          0.0,
          1.0
        ]
      ]
    },
    {
      "file_path": "/media/NFS/ttao/scannet/posed_images/scene0080_02/00088.jpg",
      "transform_matrix": [
        [
          -0.842657,
          -0.308909,
          0.441026,
          0.996454
        ],
        [
          -0.537755,
          0.441193,
          -0.718448,
          1.387447
        ],
        [
          0.027357,
          -0.84257,
          -0.537892,
          1.284671
        ],
        [
          0.0,
          0.0,
          0.0,
          1.0
        ]
      ]
    },
    {
      "file_path": "/media/NFS/ttao/scannet/posed_images/scene0080_02/00090.jpg",
      "transform_matrix": [
        [
          -0.840556,
          -0.321837,
          0.43576,
          0.993254
        ],
        [
          -0.540759,
          0.450483,
          -0.710383,
          1.390157
        ],
        [
          0.032326,
          -0.832758,
          -0.552693,
          1.274968
        ],
        [
          0.0,
          0.0,
          0.0,
          1.0
        ]
      ]
    },
    {
      "file_path": "/media/NFS/ttao/scannet/posed_images/scene0080_02/00093.jpg",
      "transform_matrix": [
        [
          -0.842076,
          -0.335788,
          0.422084,
          0.992962
        ],
        [
          -0.537975,
          0.466867,
          -0.701868,
          1.392778
        ],
        [
          0.038622,
          -0.818096,
          -0.573783,
          1.263712
        ],
        [
          0.0,
          0.0,
          0.0,
          1.0
        ]
      ]
    },
    {
      "file_path": "/media/NFS/ttao/scannet/posed_images/scene0080_02/00096.jpg",
      "transform_matrix": [
        [
          -0.847887,
          -0.338114,
          0.40837,
          0.990655
        ],
        [
          -0.528719,
          0.482162,
          -0.698553,
          1.393637
        ],
        [
          0.03929,
          -0.808207,
          -0.587586,
          1.255785
        ],
        [
          0.0,
          0.0,
          0.0,
          1.0
        ]
      ]
    },
    {
      "file_path": "/media/NFS/ttao/scannet/posed_images/scene0080_02/00099.jpg",
      "transform_matrix": [
        [
          -0.8544,
          -0.337389,
          0.395183,
          0.986476
        ],
        [
          -0.518474,
          0.503153,
          -0.691391,
          1.393569
        ],
        [
          0.034431,
          -0.795617,
          -0.604821,
          1.248184
        ],
        [
          0.0,
          0.0,
          0.0,
          1.0
        ]
      ]
    },
    {
      "file_path": "/media/NFS/ttao/scannet/posed_images/scene0080_02/00100.jpg",
      "transform_matrix": [
        [
          -0.855215,
          -0.337263,
          0.393523,
          0.984469
        ],
        [
          -0.517234,
          0.507355,
          -0.689246,
          1.392839
        ],
        [
          0.032801,
          -0.792997,
          -0.608341,
          1.245242
        ],
        [
          0.0,
          0.0,
          0.0,
          1.0
        ]
      ]
    },
    {
      "file_path": "/media/NFS/ttao/scannet/posed_images/scene0080_02/00104.jpg",
      "transform_matrix": [
        [
          -0.859039,
          -0.339395,
          0.383227,
          0.982468
        ],
        [
          -0.51104,
          0.524938,
          -0.680646,
          1.386651
        ],
        [
          0.029837,
          -0.780545,
          -0.624387,
          1.237544
        ],
        [
          0.0,
          0.0,
          0.0,
          1.0
        ]
      ]
    },
    {
      "file_path": "/media/NFS/ttao/scannet/posed_images/scene0080_02/00105.jpg",
      "transform_matrix": [
        [
          -0.859321,
          -0.34042,
          0.381684,
          0.982404
        ],
        [
          -0.510516,
          0.526146,
          -0.680106,
          1.384558
        ],
        [
          0.0307,
          -0.779284,
          -0.625918,
          1.236577
        ],
        [
          0.0,
          0.0,
          0.0,
          1.0
        ]
      ]
    },
    {
      "file_path": "/media/NFS/ttao/scannet/posed_images/scene0080_02/00108.jpg",
      "transform_matrix": [
        [
          -0.863516,
          -0.339755,
          0.372702,
          0.984094
        ],
        [
          -0.503258,
          0.532532,
          -0.680545,
          1.371394
        ],
        [
          0.032743,
          -0.775226,
          -0.630834,
          1.237053
        ],
        [
          0.0,
          0.0,
          0.0,
          1.0
        ]
      ]
    },
    {
      "file_path": "/media/NFS/ttao/scannet/posed_images/scene0080_02/00111.jpg",
      "transform_matrix": [
        [
          -0.872674,
          -0.326681,
          0.362932,
          0.989202
        ],
        [
          -0.487205,
          0.532713,
          -0.691989,
          1.353354
        ],
        [
          0.032721,
          -0.780703,
          -0.624045,
          1.242109
        ],
        [
          0.0,
          0.0,
          0.0,
          1.0
        ]
      ]
    },
    {
      "file_path": "/media/NFS/ttao/scannet/posed_images/scene0080_02/00113.jpg",
      "transform_matrix": [
        [
          -0.87751,
          -0.315819,
          0.360879,
          0.992339
        ],
        [
          -0.478395,
          0.524132,
          -0.704573,
          1.340119
        ],
        [
          0.03337,
          -0.790913,
          -0.611018,
          1.249085
        ],
        [
          0.0,
          0.0,
          0.0,
          1.0
        ]
      ]
    },
    {
      "file_path": "/media/NFS/ttao/scannet/posed_images/scene0080_02/00118.jpg",
      "transform_matrix": [
        [
          -0.896105,
          -0.288941,
          0.336912,
          1.002557
        ],
        [
          -0.441795,
          0.507836,
          -0.739541,
          1.310657
        ],
        [
          0.042588,
          -0.811552,
          -0.582727,
          1.264408
        ],
        [
          0.0,
          0.0,
          0.0,
          1.0
        ]
      ]
    },
    {
      "file_path": "/media/NFS/ttao/scannet/posed_images/scene0080_02/00120.jpg",
      "transform_matrix": [
        [
          -0.907079,
          -0.278989,
          0.315236,
          1.010184
        ],
        [
          -0.418001,
          0.508272,
          -0.752951,
          1.302865
        ],
        [
          0.049839,
          -0.814754,
          -0.57766,
          1.267035
        ],
        [
          0.0,
          0.0,
          0.0,
          1.0
        ]
      ]
    },
    {
      "file_path": "/media/NFS/ttao/scannet/posed_images/scene0080_02/00121.jpg",
      "transform_matrix": [
        [
          -0.91255,
          -0.27315,
          0.30437,
          1.014069
        ],
        [
          -0.405531,
          0.508147,
          -0.759823,
          1.300586
        ],
        [
          0.052881,
          -0.816808,
          -0.57448,
          1.267042
        ],
        [
          0.0,
          0.0,
          0.0,
          1.0
        ]
      ]
    },
    {
      "file_path": "/media/NFS/ttao/scannet/posed_images/scene0080_02/00125.jpg",
      "transform_matrix": [
        [
          -0.932098,
          -0.245491,
          0.266324,
          1.038054
        ],
        [
          -0.357761,
          0.509128,
          -0.782813,
          1.295622
        ],
        [
          0.056581,
          -0.824938,
          -0.562384,
          1.270141
        ],
        [
          0.0,
          0.0,
          0.0,
          1.0
        ]
      ]
    },
    {
      "file_path": "/media/NFS/ttao/scannet/posed_images/scene0080_02/00129.jpg",
      "transform_matrix": [
        [
          -0.951982,
          -0.205482,
          0.226951,
          1.074595
        ],
        [
          -0.302188,
          0.511761,
          -0.804228,
          1.296983
        ],
        [
          0.04911,
          -0.834193,
          -0.549282,
          1.27708
        ],
        [
          0.0,
          0.0,
          0.0,
          1.0
        ]
      ]
    },
    {
      "file_path": "/media/NFS/ttao/scannet/posed_images/scene0080_02/00130.jpg",
      "transform_matrix": [
        [
          -0.956987,
          -0.193007,
          0.216622,
          1.085899
        ],
        [
          -0.286541,
          0.511633,
          -0.810016,
          1.298262
        ],
        [
          0.045508,
          -0.837246,
          -0.54493,
          1.277979
        ],
        [
          0.0,
          0.0,
          0.0,
          1.0
        ]
      ]
    },
    {
      "file_path": "/media/NFS/ttao/scannet/posed_images/scene0080_02/00133.jpg",
      "transform_matrix": [
        [
          -0.968045,
          -0.156266,
          0.196136,
          1.107939
        ],
        [
          -0.248901,
          0.503264,
          -0.82751,
          1.298752
        ],
        [
          0.030603,
          -0.849886,
          -0.526077,
          1.285278
        ],
        [
          0.0,
          0.0,
          0.0,
          1.0
        ]
      ]
    },
    {
      "file_path": "/media/NFS/ttao/scannet/posed_images/scene0080_02/00137.jpg",
      "transform_matrix": [
        [
          -0.977223,
          -0.124454,
          0.171894,
          1.12913
        ],
        [
          -0.210796,
          0.475639,
          -0.85401,
          1.296412
        ],
        [
          0.024526,
          -0.870792,
          -0.49104,
          1.297522
        ],
        [
          0.0,
          0.0,
          0.0,
          1.0
        ]
      ]
    },
    {
      "file_path": "/media/NFS/ttao/scannet/posed_images/scene0080_02/00139.jpg",
      "transform_matrix": [
        [
          -0.982213,
          -0.103792,
          0.156477,
          1.135669
        ],
        [
          -0.186905,
          0.460489,
          -0.867765,
          1.291397
        ],
        [
          0.018012,
          -0.881576,
          -0.471698,
          1.303779
        ],
        [
          0.0,
          0.0,
          0.0,
          1.0
        ]
      ]
    },
    {
      "file_path": "/media/NFS/ttao/scannet/posed_images/scene0080_02/00140.jpg",
      "transform_matrix": [
        [
          -0.984025,
          -0.103924,
          0.144554,
          1.143977
        ],
        [
          -0.176194,
          0.452065,
          -0.87441,
          1.289358
        ],
        [
          0.025524,
          -0.88591,
          -0.463154,
          1.310663
        ],
        [
          0.0,
          0.0,
          0.0,
          1.0
        ]
      ]
    },
    {
      "file_path": "/media/NFS/ttao/scannet/posed_images/scene0080_02/00144.jpg",
      "transform_matrix": [
        [
          -0.991929,
          -0.072787,
          0.10382,
          1.148499
        ],
        [
          -0.125399,
          0.442047,
          -0.888183,
          1.274667
        ],
        [
          0.018755,
          -0.894034,
          -0.447607,
          1.314985
        ],
        [
          0.0,
          0.0,
          0.0,
          1.0
        ]
      ]
    },
    {
      "file_path": "/media/NFS/ttao/scannet/posed_images/scene0080_02/00147.jpg",
      "transform_matrix": [
        [
          -0.997416,
          -0.048958,
          0.052585,
          1.150384
        ],
        [
          -0.069281,
          0.461476,
          -0.884443,
          1.260043
        ],
        [
          0.019034,
          -0.885801,
          -0.463675,
          1.310766
        ],
        [
          0.0,
          0.0,
          0.0,
          1.0
        ]
      ]
    },
    {
      "file_path": "/media/NFS/ttao/scannet/posed_images/scene0080_02/00149.jpg",
      "transform_matrix": [
        [
          -0.999514,
          -0.025377,
          0.018099,
          1.148435
        ],
        [
          -0.027947,
          0.472521,
          -0.880876,
          1.249029
        ],
        [
          0.013802,
          -0.880954,
          -0.473,
          1.306358
        ],
        [
          0.0,
          0.0,
          0.0,
          1.0
        ]
      ]
    },
    {
      "file_path": "/media/NFS/ttao/scannet/posed_images/scene0080_02/00151.jpg",
      "transform_matrix": [
        [
          -0.999793,
          -0.005455,
          -0.019595,
          1.150367
        ],
        [
          0.014545,
          0.481675,
          -0.876229,
          1.23654
        ],
        [
          0.014219,
          -0.876333,
          -0.481496,
          1.301015
        ],
        [
          0.0,
          0.0,
          0.0,
          1.0
        ]
      ]
    },
    {
      "file_path": "/media/NFS/ttao/scannet/posed_images/scene0080_02/00156.jpg",
      "transform_matrix": [
        [
          -0.996332,
          0.049996,
          -0.06945,
          1.151244
        ],
        [
          0.084997,
          0.48411,
          -0.870869,
          1.198971
        ],
        [
          -0.009918,
          -0.873578,
          -0.486583,
          1.290196
        ],
        [
          0.0,
          0.0,
          0.0,
          1.0
        ]
      ]
    },
    {
      "file_path": "/media/NFS/ttao/scannet/posed_images/scene0080_02/00157.jpg",
      "transform_matrix": [
        [
          -0.995658,
          0.05622,
          -0.074195,
          1.155372
        ],
        [
          0.092239,
          0.488365,
          -0.867751,
          1.189808
        ],
        [
          -0.012551,
          -0.870827,
          -0.49143,
          1.290089
        ],
        [
          0.0,
          0.0,
          0.0,
          1.0
        ]
      ]
    },
    {
      "file_path": "/media/NFS/ttao/scannet/posed_images/scene0080_02/00159.jpg",
      "transform_matrix": [
        [
          -0.993558,
          0.073883,
          -0.085931,
          1.161736
        ],
        [
          0.111371,
          0.496313,
          -0.86097,
          1.170312
        ],
        [
          -0.020962,
          -0.864994,
          -0.501344,
          1.287022
        ],
        [
          0.0,
          0.0,
          0.0,
          1.0
        ]
      ]
    },
    {
      "file_path": "/media/NFS/ttao/scannet/posed_images/scene0080_02/00162.jpg",
      "transform_matrix": [
        [
          -0.987657,
          0.117346,
          -0.103744,
          1.168013
        ],
        [
          0.149809,
          0.514391,
          -0.844369,
          1.138494
        ],
        [
          -0.045718,
          -0.849489,
          -0.525621,
          1.278874
        ],
        [
          0.0,
          0.0,
          0.0,
          1.0
        ]
      ]
    },
    {
      "file_path": "/media/NFS/ttao/scannet/posed_images/scene0080_02/00167.jpg",
      "transform_matrix": [
        [
          -0.975343,
          0.163374,
          -0.148376,
          1.176423
        ],
        [
          0.212792,
          0.517864,
          -0.828575,
          1.100027
        ],
        [
          -0.058529,
          -0.839718,
          -0.53986,
          1.271333
        ],
        [
          0.0,
          0.0,
          0.0,
          1.0
        ]
      ]
    },
    {
      "file_path": "/media/NFS/ttao/scannet/posed_images/scene0080_02/00168.jpg",
      "transform_matrix": [
        [
          -0.974823,
          0.162661,
          -0.152516,
          1.179659
        ],
        [
          0.216368,
          0.524712,
          -0.823324,
          1.094763
        ],
        [
          -0.053896,
          -0.835595,
          -0.546696,
          1.271713
        ],
        [
          0.0,
          0.0,
          0.0,
          1.0
        ]
      ]
    },
    {
      "file_path": "/media/NFS/ttao/scannet/posed_images/scene0080_02/00171.jpg",
      "transform_matrix": [
        [
          -0.970155,
          0.176319,
          -0.166468,
          1.184796
        ],
        [
          0.236852,
          0.541893,
          -0.806383,
          1.083956
        ],
        [
          -0.051973,
          -0.821744,
          -0.567482,
          1.264707
        ],
        [
          0.0,
          0.0,
          0.0,
          1.0
        ]
      ]
    },
    {
      "file_path": "/media/NFS/ttao/scannet/posed_images/scene0080_02/00175.jpg",
      "transform_matrix": [
        [
          -0.962549,
          0.184043,
          -0.199068,
          1.203942
        ],
        [
          0.269009,
          0.557157,
          -0.785627,
          1.078917
        ],
        [
          -0.033677,
          -0.809755,
          -0.5858,
          1.257107
        ],
        [
          0.0,
          0.0,
          0.0,
          1.0
        ]
      ]
    },
    {
      "file_path": "/media/NFS/ttao/scannet/posed_images/scene0080_02/00177.jpg",
      "transform_matrix": [
        [
          -0.95969,
          0.176853,
          -0.218445,
          1.219567
        ],
        [
          0.280543,
          0.555577,
          -0.782707,
          1.079826
        ],
        [
          -0.017061,
          -0.812439,
          -0.582797,
          1.254476
        ],
        [
          0.0,
          0.0,
          0.0,
          1.0
        ]
      ]
    },
    {
      "file_path": "/media/NFS/ttao/scannet/posed_images/scene0080_02/00180.jpg",
      "transform_matrix": [
        [
          -0.95333,
          0.172086,
          -0.24809,
          1.246592
        ],
        [
          0.301831,
          0.564273,
          -0.768436,
          1.080629
        ],
        [
          0.007753,
          -0.807454,
          -0.58988,
          1.248319
        ],
        [
          0.0,
          0.0,
          0.0,
          1.0
        ]
      ]
    },
    {
      "file_path": "/media/NFS/ttao/scannet/posed_images/scene0080_02/00181.jpg",
      "transform_matrix": [
        [
          -0.950743,
          0.17183,
          -0.257996,
          1.253873
        ],
        [
          0.309684,
          0.562883,
          -0.766328,
          1.0819
        ],
        [
          0.013543,
          -0.808478,
          -0.58837,
          1.247435
        ],
        [
          0.0,
          0.0,
          0.0,
          1.0
        ]
      ]
    },
    {
      "file_path": "/media/NFS/ttao/scannet/posed_images/scene0080_02/00184.jpg",
      "transform_matrix": [
        [
          -0.942777,
          0.1834,
          -0.278455,
          1.277198
        ],
        [
          0.332481,
          0.579926,
          -0.743735,
          1.079838
        ],
        [
          0.025083,
          -0.793757,
          -0.607718,
          1.243491
        ],
        [
          0.0,
          0.0,
          0.0,
          1.0
        ]
      ]
    },
    {
      "file_path": "/media/NFS/ttao/scannet/posed_images/scene0080_02/00188.jpg",
      "transform_matrix": [
        [
          -0.922943,
          0.228202,
          -0.310001,
          1.305023
        ],
        [
          0.384097,
          0.599147,
          -0.70249,
          1.079188
        ],
        [
          0.025427,
          -0.767429,
          -0.64063,
          1.235056
        ],
        [
          0.0,
          0.0,
          0.0,
          1.0
        ]
      ]
    },
    {
      "file_path": "/media/NFS/ttao/scannet/posed_images/scene0080_02/00191.jpg",
      "transform_matrix": [
        [
          -0.906921,
          0.263932,
          -0.328382,
          1.307323
        ],
        [
          0.42069,
          0.609325,
          -0.672119,
          1.081619
        ],
        [
          0.022698,
          -0.747705,
          -0.663643,
          1.230717
        ],
        [
          0.0,
          0.0,
          0.0,
          1.0
        ]
      ]
    },
    {
      "file_path": "/media/NFS/ttao/scannet/posed_images/scene0080_02/00194.jpg",
      "transform_matrix": [
        [
          -0.891308,
          0.289067,
          -0.349301,
          1.31665
        ],
        [
          0.45251,
          0.615379,
          -0.645402,
          1.085079
        ],
        [
          0.028389,
          -0.733314,
          -0.679297,
          1.223988
        ],
        [
          0.0,
          0.0,
          0.0,
          1.0
        ]
      ]
    },
    {
      "file_path": "/media/NFS/ttao/scannet/posed_images/scene0080_02/00196.jpg",
      "transform_matrix": [
        [
          -0.881493,
          0.299612,
          -0.36497,
          1.319117
        ],
        [
          0.470847,
          0.616128,
          -0.631418,
          1.08733
        ],
        [
          0.035688,
          -0.728436,
          -0.684184,
          1.219373
        ],
        [
          0.0,
          0.0,
          0.0,
          1.0
        ]
      ]
    },
    {
      "file_path": "/media/NFS/ttao/scannet/posed_images/scene0080_02/00197.jpg",
      "transform_matrix": [
        [
          -0.875848,
          0.307088,
          -0.372273,
          1.317494
        ],
        [
          0.481146,
          0.615243,
          -0.624479,
          1.088588
        ],
        [
          0.037268,
          -0.726066,
          -0.686614,
          1.217864
        ],
        [
          0.0,
          0.0,
          0.0,
          1.0
        ]
      ]
    },
    {
      "file_path": "/media/NFS/ttao/scannet/posed_images/scene0080_02/00200.jpg",
      "transform_matrix": [
        [
          -0.854326,
          0.34194,
          -0.391413,
          1.293615
        ],
        [
          0.518881,
          0.60436,
          -0.604576,
          1.092513
        ],
        [
          0.029826,
          -0.719601,
          -0.693747,
          1.216745
        ],
        [
          0.0,
          0.0,
          0.0,
          1.0
        ]
      ]
    },
    {
      "file_path": "/media/NFS/ttao/scannet/posed_images/scene0080_02/00203.jpg",
      "transform_matrix": [
        [
          -0.824614,
          0.37657,
          -0.422145,
          1.285268
        ],
        [
          0.564499,
          0.596278,
          -0.570783,
          1.092079
        ],
        [
          0.036776,
          -0.708976,
          -0.704273,
          1.212345
        ],
        [
          0.0,
          0.0,
          0.0,
          1.0
        ]
      ]
    },
    {
      "file_path": "/media/NFS/ttao/scannet/posed_images/scene0080_02/00207.jpg",
      "transform_matrix": [
        [
          -0.774512,
          0.43054,
          -0.46343,
          1.273633
        ],
        [
          0.631347,
          0.571489,
          -0.524215,
          1.089611
        ],
        [
          0.03915,
          -0.698596,
          -0.714445,
          1.208709
        ],
        [
          0.0,
          0.0,
          0.0,
          1.0
        ]
      ]
    },
    {
      "file_path": "/media/NFS/ttao/scannet/posed_images/scene0080_02/00210.jpg",
      "transform_matrix": [
        [
          -0.731757,
          0.46693,
          -0.496496,
          1.26854
        ],
        [
          0.680107,
          0.547872,
          -0.487125,
          1.088586
        ],
        [
          0.044564,
