{
  "frames": [
    {
      "file_path": "/media/NFS/ttao/scannet/posed_images/scene0363_00/00000.jpg",
      "transform_matrix": [
        [
          0.680929,
          -0.16229,
          0.714141,
          0.25506
        ],
        [
          -0.732323,
          -0.142542,
          0.665871,
          3.247965
        ],
        [
          -0.006269,
          -0.976393,
          -0.21591,
          1.824759
        ],
        [
          0.0,
          0.0,
          0.0,
          1.0
        ]
      ]
    },
    {
      "file_path": "/media/NFS/ttao/scannet/posed_images/scene0363_00/00008.jpg",
      "transform_matrix": [
        [
          0.686165,
          -0.146491,
          0.712543,
          0.237087
        ],
        [
          -0.727174,
          -0.164915,
          0.666349,
          3.258008
        ],
        [
          0.019895,
          -0.975368,
          -0.219683,
          1.815963
        ],
        [
          0.0,
          0.0,
          0.0,
          1.0
        ]
      ]
    },
    {
      "file_path": "/media/NFS/ttao/scannet/posed_images/scene0363_00/00013.jpg",
      "transform_matrix": [
        [
          0.680293,
          -0.160807,
          0.715082,
          0.231679
        ],
        [
          -0.732941,
          -0.149546,
          0.663652,
          3.253943
        ],
        [
          0.000218,
          -0.975591,
          -0.219597,
          1.803285
        ],
        [
          0.0,
          0.0,
          0.0,
          1.0
        ]
      ]
    },
    {
      "file_path": "/media/NFS/ttao/scannet/posed_images/scene0363_00/00019.jpg",
      "transform_matrix": [
        [
          0.66288,
          -0.163433,
          0.73067,
          0.229725
        ],
        [
          -0.748717,
          -0.149381,
          0.645839,
          3.248085
        ],
        [
          0.003597,
          -0.97518,
          -0.221387,
          1.804964
        ],
        [
          0.0,
          0.0,
          0.0,
          1.0
        ]
      ]
    },
    {
      "file_path": "/media/NFS/ttao/scannet/posed_images/scene0363_00/00022.jpg",
      "transform_matrix": [
        [
          0.636207,
          -0.173921,
          0.75166,
          0.210695
        ],
        [
          -0.771471,
          -0.15425,
          0.617284,
          3.262018
        ],
        [
          0.008585,
          -0.972604,
          -0.23231,
          1.823264
        ],
        [
          0.0,
          0.0,
          0.0,
          1.0
        ]
      ]
    },
    {
      "file_path": "/media/NFS/ttao/scannet/posed_images/scene0363_00/00027.jpg",
      "transform_matrix": [
        [
          0.586355,
          -0.197694,
          0.785561,
          0.224562
        ],
        [
          -0.80987,
          -0.163794,
          0.563279,
          3.250629
        ],
        [
          0.017313,
          -0.966483,
          -0.256147,
          1.816894
        ],
        [
          0.0,
          0.0,
          0.0,
          1.0
        ]
      ]
    },
    {
      "file_path": "/media/NFS/ttao/scannet/posed_images/scene0363_00/00034.jpg",
      "transform_matrix": [
        [
          0.511127,
          -0.230394,
          0.828051,
          0.239306
        ],
        [
          -0.858806,
          -0.175759,
          0.481208,
          3.238059
        ],
        [
          0.034671,
          -0.957093,
          -0.287699,
          1.801204
        ],
        [
          0.0,
          0.0,
          0.0,
          1.0
        ]
      ]
    },
    {
      "file_path": "/media/NFS/ttao/scannet/posed_images/scene0363_00/00039.jpg",
      "transform_matrix": [
        [
          0.479895,
          -0.235702,
          0.845071,
          0.246666
        ],
        [
          -0.876658,
          -0.166421,
          0.451415,
          3.229795
        ],
        [
          0.034239,
          -0.95747,
          -0.286495,
          1.789454
        ],
        [
          0.0,
          0.0,
          0.0,
          1.0
        ]
      ]
    },
    {
      "file_path": "/media/NFS/ttao/scannet/posed_images/scene0363_00/00044.jpg",
      "transform_matrix": [
        [
          0.452428,
          -0.265824,
          0.851262,
          0.262379
        ],
        [
          -0.891455,
          -0.161399,
          0.42339,
          3.223068
        ],
        [
          0.024845,
          -0.950415,
          -0.309991,
          1.773223
        ],
        [
          0.0,
          0.0,
          0.0,
          1.0
        ]
      ]
    },
    {
      "file_path": "/media/NFS/ttao/scannet/posed_images/scene0363_00/00050.jpg",
      "transform_matrix": [
        [
          0.398901,
          -0.256104,
          0.880505,
          0.309141
        ],
        [
          -0.915133,
          -0.17232,
          0.364468,
          3.198344
        ],
        [
          0.058386,
          -0.951166,
          -0.303108,
          1.753853
        ],
        [
          0.0,
          0.0,
          0.0,
          1.0
        ]
      ]
    },
    {
      "file_path": "/media/NFS/ttao/scannet/posed_images/scene0363_00/00055.jpg",
      "transform_matrix": [
        [
          0.37541,
          -0.27162,
          0.886166,
          0.329952
        ],
        [
          -0.925601,
          -0.159652,
          0.343181,
          3.18597
        ],
        [
          0.048263,
          -0.94907,
          -0.311347,
          1.753422
        ],
        [
          0.0,
          0.0,
          0.0,
          1.0
        ]
      ]
    },
    {
      "file_path": "/media/NFS/ttao/scannet/posed_images/scene0363_00/00058.jpg",
      "transform_matrix": [
        [
          0.362107,
          -0.27732,
          0.889928,
          0.337772
        ],
        [
          -0.930476,
          -0.164502,
          0.327344,
          3.180262
        ],
        [
          0.055616,
          -0.94659,
          -0.317607,
          1.741996
        ],
        [
          0.0,
          0.0,
          0.0,
          1.0
        ]
      ]
    },
    {
      "file_path": "/media/NFS/ttao/scannet/posed_images/scene0363_00/00061.jpg",
      "transform_matrix": [
        [
          0.347993,
          -0.288882,
          0.891879,
          0.338633
        ],
        [
          -0.936089,
          -0.159187,
          0.313682,
          3.162074
        ],
        [
          0.051358,
          -0.944037,
          -0.325816,
          1.727182
        ],
        [
          0.0,
          0.0,
          0.0,
          1.0
        ]
      ]
    },
    {
      "file_path": "/media/NFS/ttao/scannet/posed_images/scene0363_00/00069.jpg",
      "transform_matrix": [
        [
          0.294563,
          -0.343875,
          0.891618,
          0.370268
        ],
        [
          -0.953697,
          -0.16513,
          0.251385,
          3.126834
        ],
        [
          0.060788,
          -0.924382,
          -0.376594,
          1.7021
        ],
        [
          0.0,
          0.0,
          0.0,
          1.0
        ]
      ]
    },
    {
      "file_path": "/media/NFS/ttao/scannet/posed_images/scene0363_00/00075.jpg",
      "transform_matrix": [
        [
          0.237752,
          -0.370557,
          0.897865,
          0.380761
        ],
        [
          -0.970209,
          -0.134918,
          0.201227,
          3.094966
        ],
        [
          0.046572,
          -0.918958,
          -0.391595,
          1.682267
        ],
        [
          0.0,
          0.0,
          0.0,
          1.0
        ]
      ]
    },
    {
      "file_path": "/media/NFS/ttao/scannet/posed_images/scene0363_00/00078.jpg",
      "transform_matrix": [
        [
          0.217577,
          -0.375232,
          0.901034,
          0.393221
        ],
        [
          -0.975304,
          -0.119514,
          0.18574,
          3.079333
        ],
        [
          0.03799,
          -0.919194,
          -0.391968,
          1.689787
        ],
        [
          0.0,
          0.0,
          0.0,
          1.0
        ]
      ]
    },
    {
      "file_path": "/media/NFS/ttao/scannet/posed_images/scene0363_00/00084.jpg",
      "transform_matrix": [
        [
          0.172614,
          -0.385442,
          0.906443,
          0.406472
        ],
        [
          -0.984427,
          -0.098606,
          0.145534,
          3.045583
        ],
        [
          0.033286,
          -0.917448,
          -0.39646,
          1.684565
        ],
        [
          0.0,
          0.0,
          0.0,
          1.0
        ]
      ]
    },
    {
      "file_path": "/media/NFS/ttao/scannet/posed_images/scene0363_00/00091.jpg",
      "transform_matrix": [
        [
          0.106571,
          -0.397884,
          0.911225,
          0.421633
        ],
        [
          -0.993881,
          -0.069389,
          0.085939,
          3.004078
        ],
        [
          0.029035,
          -0.914808,
          -0.402844,
          1.668716
        ],
        [
          0.0,
          0.0,
          0.0,
          1.0
        ]
      ]
    },
    {
      "file_path": "/media/NFS/ttao/scannet/posed_images/scene0363_00/00092.jpg",
      "transform_matrix": [
        [
          0.098985,
          -0.397838,
          0.9121,
          0.425142
        ],
        [
          -0.994729,
          -0.064211,
          0.079945,
          2.996083
        ],
        [
          0.026762,
          -0.915206,
          -0.402097,
          1.668091
        ],
        [
          0.0,
          0.0,
          0.0,
          1.0
        ]
      ]
    },
    {
      "file_path": "/media/NFS/ttao/scannet/posed_images/scene0363_00/00100.jpg",
      "transform_matrix": [
        [
          0.054991,
          -0.409073,
          0.910843,
          0.438894
        ],
        [
          -0.998452,
          -0.030094,
          0.046765,
          2.955094
        ],
        [
          0.00828,
          -0.912005,
          -0.410095,
          1.663092
        ],
        [
          0.0,
          0.0,
          0.0,
          1.0
        ]
      ]
    },
    {
      "file_path": "/media/NFS/ttao/scannet/posed_images/scene0363_00/00103.jpg",
      "transform_matrix": [
        [
          0.042235,
          -0.409519,
          0.911324,
          0.445651
        ],
        [
          -0.999036,
          -0.028218,
          0.03362,
          2.922478
        ],
        [
          0.011947,
          -0.911865,
          -0.410316,
          1.655302
        ],
        [
          0.0,
          0.0,
          0.0,
          1.0
        ]
      ]
    },
    {
      "file_path": "/media/NFS/ttao/scannet/posed_images/scene0363_00/00113.jpg",
      "transform_matrix": [
        [
          -0.008559,
          -0.426482,
          0.904456,
          0.467775
        ],
        [
          -0.999951,
          -0.000872,
          -0.009874,
          2.837369
        ],
        [
          0.005,
          -0.904496,
          -0.426453,
          1.622811
        ],
        [
          0.0,
          0.0,
          0.0,
          1.0
        ]
      ]
    },
    {
      "file_path": "/media/NFS/ttao/scannet/posed_images/scene0363_00/00114.jpg",
      "transform_matrix": [
        [
          -0.009224,
          -0.428652,
          0.903423,
          0.470195
        ],
        [
          -0.999951,
          0.000853,
          -0.009805,
          2.826653
        ],
        [
          0.003433,
          -0.903469,
          -0.428639,
          1.620361
        ],
        [
          0.0,
          0.0,
          0.0,
          1.0
        ]
      ]
    },
    {
      "file_path": "/media/NFS/ttao/scannet/posed_images/scene0363_00/00122.jpg",
      "transform_matrix": [
        [
          -0.034298,
          -0.469656,
          0.882183,
          0.509034
        ],
        [
          -0.999305,
          0.029015,
          -0.023405,
          2.75674
        ],
        [
          -0.014605,
          -0.882373,
          -0.470324,
          1.61002
        ],
        [
          0.0,
          0.0,
          0.0,
          1.0
        ]
      ]
    },
    {
      "file_path": "/media/NFS/ttao/scannet/posed_images/scene0363_00/00128.jpg",
      "transform_matrix": [
        [
          -0.081245,
          -0.440847,
          0.893898,
          0.548197
        ],
        [
          -0.996249,
          0.062701,
          -0.059626,
          2.717765
        ],
        [
          -0.029762,
          -0.89539,
          -0.444288,
          1.61556
        ],
        [
          0.0,
          0.0,
          0.0,
          1.0
        ]
      ]
    },
    {
      "file_path": "/media/NFS/ttao/scannet/posed_images/scene0363_00/00133.jpg",
      "transform_matrix": [
        [
          -0.124703,
          -0.428844,
          0.89473,
          0.593796
        ],
        [
          -0.991648,
          0.083775,
          -0.098058,
          2.68148
        ],
        [
          -0.032904,
          -0.899486,
          -0.435709,
          1.607619
        ],
        [
          0.0,
          0.0,
          0.0,
          1.0
        ]
      ]
    },
    {
      "file_path": "/media/NFS/ttao/scannet/posed_images/scene0363_00/00138.jpg",
      "transform_matrix": [
        [
          -0.155217,
          -0.41355,
          0.897153,
          0.654916
        ],
        [
          -0.987591,
          0.086921,
          -0.130797,
          2.655027
        ],
        [
          -0.02389,
          -0.906323,
          -0.42191,
          1.612063
        ],
        [
          0.0,
          0.0,
          0.0,
          1.0
        ]
      ]
    },
    {
      "file_path": "/media/NFS/ttao/scannet/posed_images/scene0363_00/00141.jpg",
      "transform_matrix": [
        [
          -0.172556,
          -0.412212,
          0.894598,
          0.69356
        ],
        [
          -0.984837,
          0.088688,
          -0.149097,
          2.618581
        ],
        [
          -0.017881,
          -0.906761,
          -0.421266,
          1.607258
        ],
        [
          0.0,
          0.0,
          0.0,
          1.0
        ]
      ]
    },
    {
      "file_path": "/media/NFS/ttao/scannet/posed_images/scene0363_00/00149.jpg",
      "transform_matrix": [
        [
          -0.22831,
          -0.41272,
          0.88178,
          0.774901
        ],
        [
          -0.973588,
          0.095908,
          -0.207191,
          2.533394
        ],
        [
          0.000942,
          -0.905794,
          -0.423716,
          1.600672
        ],
        [
          0.0,
          0.0,
          0.0,
          1.0
        ]
      ]
    },
    {
      "file_path": "/media/NFS/ttao/scannet/posed_images/scene0363_00/00153.jpg",
      "transform_matrix": [
        [
          -0.215254,
          -0.40321,
          0.889431,
          0.798505
        ],
        [
          -0.976522,
          0.08104,
          -0.199593,
          2.464192
        ],
        [
          0.008398,
          -0.911512,
          -0.411187,
          1.590989
        ],
        [
          0.0,
          0.0,
          0.0,
          1.0
        ]
      ]
    },
    {
      "file_path": "/media/NFS/ttao/scannet/posed_images/scene0363_00/00158.jpg",
      "transform_matrix": [
        [
          -0.194159,
          -0.391382,
          0.899513,
          0.831546
        ],
        [
          -0.980677,
          0.055016,
          -0.18774,
          2.382348
        ],
        [
          0.02399,
          -0.918582,
          -0.394501,
          1.581271
        ],
        [
          0.0,
          0.0,
          0.0,
          1.0
        ]
      ]
    },
    {
      "file_path": "/media/NFS/ttao/scannet/posed_images/scene0363_00/00163.jpg",
      "transform_matrix": [
        [
          -0.172473,
          -0.402137,
          0.899188,
          0.868118
        ],
        [
          -0.984441,
          0.039226,
          -0.171283,
          2.307314
        ],
        [
          0.033608,
          -0.914739,
          -0.402646,
          1.583144
        ],
        [
          0.0,
          0.0,
          0.0,
          1.0
        ]
      ]
    },
    {
      "file_path": "/media/NFS/ttao/scannet/posed_images/scene0363_00/00167.jpg",
      "transform_matrix": [
        [
          -0.148361,
          -0.420927,
          0.894879,
          0.898741
        ],
        [
          -0.987961,
          0.022973,
          -0.152987,
          2.252175
        ],
        [
          0.043838,
          -0.906804,
          -0.419268,
          1.576087
        ],
        [
          0.0,
          0.0,
          0.0,
          1.0
        ]
      ]
    },
    {
      "file_path": "/media/NFS/ttao/scannet/posed_images/scene0363_00/00170.jpg",
      "transform_matrix": [
        [
          -0.145564,
          -0.424523,
          0.893639,
          0.92798
        ],
        [
          -0.988377,
          0.022388,
          -0.150361,
          2.216873
        ],
        [
          0.043825,
          -0.90514,
          -0.422847,
          1.566644
        ],
        [
          0.0,
          0.0,
          0.0,
          1.0
        ]
      ]
    },
    {
      "file_path": "/media/NFS/ttao/scannet/posed_images/scene0363_00/00180.jpg",
      "transform_matrix": [
        [
          -0.102437,
          -0.423639,
          0.90002,
          1.072596
        ],
        [
          -0.989099,
          -0.052839,
          -0.137447,
          2.080379
        ],
        [
          0.105785,
          -0.904288,
          -0.413608,
          1.549865
        ],
        [
          0.0,
          0.0,
          0.0,
          1.0
        ]
      ]
    },
    {
      "file_path": "/media/NFS/ttao/scannet/posed_images/scene0363_00/00181.jpg",
      "transform_matrix": [
        [
          -0.087693,
          -0.428285,
          0.899379,
          1.085727
        ],
        [
          -0.989641,
          -0.065569,
          -0.127718,
          2.072886
        ],
        [
          0.113671,
          -0.901262,
          -0.418098,
          1.548312
        ],
        [
          0.0,
          0.0,
          0.0,
          1.0
        ]
      ]
    },
    {
      "file_path": "/media/NFS/ttao/scannet/posed_images/scene0363_00/00188.jpg",
      "transform_matrix": [
        [
          -0.05798,
          -0.434328,
          0.898887,
          1.17012
        ],
        [
          -0.990084,
          -0.090383,
          -0.107534,
          1.984352
        ],
        [
          0.127949,
          -0.896209,
          -0.424781,
          1.552513
        ],
        [
          0.0,
          0.0,
          0.0,
          1.0
        ]
      ]
    },
    {
      "file_path": "/media/NFS/ttao/scannet/posed_images/scene0363_00/00192.jpg",
      "transform_matrix": [
        [
          -0.058382,
          -0.43754,
          0.897301,
          1.233337
        ],
        [
          -0.991248,
          -0.081198,
          -0.104089,
          1.929505
        ],
        [
          0.118402,
          -0.895525,
          -0.42897,
          1.547132
        ],
        [
          0.0,
          0.0,
          0.0,
          1.0
        ]
      ]
    },
    {
      "file_path": "/media/NFS/ttao/scannet/posed_images/scene0363_00/00200.jpg",
      "transform_matrix": [
        [
          0.050464,
          -0.378017,
          0.924422,
          1.33663
        ],
        [
          -0.990061,
          -0.140595,
          -0.003446,
          1.831374
        ],
        [
          0.131272,
          -0.915061,
          -0.381354,
          1.543986
        ],
        [
          0.0,
          0.0,
          0.0,
          1.0
        ]
      ]
    },
    {
      "file_path": "/media/NFS/ttao/scannet/posed_images/scene0363_00/00205.jpg",
      "transform_matrix": [
        [
          0.13776,
          -0.353844,
          0.925104,
          1.391734
        ],
        [
          -0.983512,
          -0.159348,
          0.085508,
          1.796307
        ],
        [
          0.117157,
          -0.921631,
          -0.369961,
          1.558567
        ],
        [
          0.0,
          0.0,
          0.0,
          1.0
        ]
      ]
    },
    {
      "file_path": "/media/NFS/ttao/scannet/posed_images/scene0363_00/00211.jpg",
      "transform_matrix": [
        [
          0.245934,
          -0.378462,
          0.892347,
          1.482433
        ],
        [
          -0.963624,
          -0.194832,
          0.182946,
          1.770447
        ],
        [
          0.10462,
          -0.90488,
          -0.412611,
          1.553731
        ],
        [
          0.0,
          0.0,
          0.0,
          1.0
        ]
      ]
    },
    {
      "file_path": "/media/NFS/ttao/scannet/posed_images/scene0363_00/00214.jpg",
      "transform_matrix": [
        [
          0.291216,
          -0.368263,
          0.882936,
          1.521843
        ],
        [
          -0.951088,
          -0.210893,
          0.225732,
          1.77203
        ],
        [
          0.103077,
          -0.905487,
          -0.411666,
          1.549896
        ],
        [
          0.0,
          0.0,
          0.0,
          1.0
        ]
      ]
    },
    {
      "file_path": "/media/NFS/ttao/scannet/posed_images/scene0363_00/00219.jpg",
      "transform_matrix": [
        [
          0.326279,
          -0.348386,
          0.878732,
          1.61321
        ],
        [
          -0.936961,
          -0.242204,
          0.251874,
          1.778547
        ],
        [
          0.125083,
          -0.905519,
          -0.40545,
          1.537729
        ],
        [
          0.0,
          0.0,
          0.0,
          1.0
        ]
      ]
    },
    {
      "file_path": "/media/NFS/ttao/scannet/posed_images/scene0363_00/00227.jpg",
      "transform_matrix": [
        [
          0.390276,
          -0.322474,
          0.862378,
          1.740487
        ],
        [
          -0.90867,
          -0.285815,
          0.304349,
          1.795237
        ],
        [
          0.148336,
          -0.902397,
          -0.404569,
          1.52184
        ],
        [
          0.0,
          0.0,
          0.0,
          1.0
        ]
      ]
    },
    {
      "file_path": "/media/NFS/ttao/scannet/posed_images/scene0363_00/00230.jpg",
      "transform_matrix": [
        [
          0.41485,
          -0.339279,
          0.844269,
          1.784947
        ],
        [
          -0.901237,
          -0.280879,
          0.329968,
          1.796335
        ],
        [
          0.125186,
          -0.897773,
          -0.422293,
          1.513801
        ],
        [
          0.0,
          0.0,
          0.0,
          1.0
        ]
      ]
    },
    {
      "file_path": "/media/NFS/ttao/scannet/posed_images/scene0363_00/00238.jpg",
      "transform_matrix": [
        [
          0.493491,
          -0.33048,
          0.804518,
          1.91039
        ],
        [
          -0.861638,
          -0.311816,
          0.400439,
          1.798123
        ],
        [
          0.118525,
          -0.890816,
          -0.438633,
          1.501281
        ],
        [
          0.0,
          0.0,
          0.0,
          1.0
        ]
      ]
    },
    {
      "file_path": "/media/NFS/ttao/scannet/posed_images/scene0363_00/00239.jpg",
      "transform_matrix": [
        [
          0.507034,
          -0.325092,
          0.798268,
          1.938246
        ],
        [
          -0.853344,
          -0.319699,
          0.41182,
          1.796217
        ],
        [
          0.121326,
          -0.890004,
          -0.439513,
          1.502331
        ],
        [
          0.0,
          0.0,
          0.0,
          1.0
        ]
      ]
    },
    {
      "file_path": "/media/NFS/ttao/scannet/posed_images/scene0363_00/00244.jpg",
      "transform_matrix": [
        [
          0.567805,
          -0.290355,
          0.770254,
          2.003534
        ],
        [
          -0.815084,
          -0.329092,
          0.476797,
          1.787699
        ],
        [
          0.115045,
          -0.89855,
          -0.423523,
          1.499098
        ],
        [
          0.0,
          0.0,
          0.0,
          1.0
        ]
      ]
    },
    {
      "file_path": "/media/NFS/ttao/scannet/posed_images/scene0363_00/00252.jpg",
      "transform_matrix": [
        [
          0.658269,
          -0.31467,
          0.68386,
          2.144027
        ],
        [
          -0.750845,
          -0.339605,
          0.566481,
          1.790827
        ],
        [
          0.053988,
          -0.88637,
          -0.459819,
          1.509545
        ],
        [
          0.0,
          0.0,
          0.0,
          1.0
        ]
      ]
    },
    {
      "file_path": "/media/NFS/ttao/scannet/posed_images/scene0363_00/00256.jpg",
      "transform_matrix": [
        [
          0.65883,
          -0.323391,
          0.679235,
          2.208911
        ],
        [
          -0.751504,
          -0.32422,
          0.574563,
          1.804805
        ],
        [
          0.034413,
          -0.888988,
          -0.456636,
          1.50954
        ],
        [
          0.0,
          0.0,
          0.0,
          1.0
        ]
      ]
    },
    {
      "file_path": "/media/NFS/ttao/scannet/posed_images/scene0363_00/00263.jpg",
      "transform_matrix": [
        [
          0.664948,
          -0.293637,
          0.686747,
          2.318704
        ],
        [
          -0.744493,
          -0.33419,
          0.577968,
          1.866169
        ],
        [
          0.059791,
          -0.895597,
          -0.440829,
          1.527841
        ],
        [
          0.0,
          0.0,
          0.0,
          1.0
        ]
      ]
    },
    {
      "file_path": "/media/NFS/ttao/scannet/posed_images/scene0363_00/00264.jpg",
      "transform_matrix": [
        [
          0.667036,
          -0.274909,
          0.692451,
          2.326113
        ],
        [
          -0.742431,
          -0.322777,
          0.587036,
          1.874896
        ],
        [
          0.062126,
          -0.905671,
          -0.419405,
          1.528695
        ],
        [
          0.0,
          0.0,
          0.0,
          1.0
        ]
      ]
    },
    {
      "file_path": "/media/NFS/ttao/scannet/posed_images/scene0363_00/00272.jpg",
      "transform_matrix": [
        [
          0.71616,
          -0.229576,
          0.659098,
          2.441964
        ],
        [
          -0.696899,
          -0.286699,
          0.65737,
          1.923187
        ],
        [
          0.038046,
          -0.930107,
          -0.365314,
          1.545768
        ],
        [
          0.0,
          0.0,
          0.0,
          1.0
        ]
      ]
    },
    {
      "file_path": "/media/NFS/ttao/scannet/posed_images/scene0363_00/00275.jpg",
      "transform_matrix": [
        [
          0.706744,
          -0.238021,
          0.666228,
          2.482627
        ],
        [
          -0.706579,
          -0.284717,
          0.647829,
          1.936369
        ],
        [
          0.035489,
          -0.928592,
          -0.369402,
          1.557905
        ],
        [
          0.0,
          0.0,
          0.0,
          1.0
        ]
      ]
    },
    {
      "file_path": "/media/NFS/ttao/scannet/posed_images/scene0363_00/00283.jpg",
      "transform_matrix": [
        [
          0.74539,
          -0.194736,
          0.637552,
          2.566231
        ],
        [
          -0.666281,
          -0.248526,
          0.703067,
          1.954423
        ],
        [
          0.021536,
          -0.948848,
          -0.314998,
          1.580408
        ],
        [
          0.0,
          0.0,
          0.0,
          1.0
        ]
      ]
    },
    {
      "file_path": "/media/NFS/ttao/scannet/posed_images/scene0363_00/00288.jpg",
      "transform_matrix": [
        [
          0.791595,
          -0.178795,
          0.584303,
          2.590199
        ],
        [
          -0.610842,
          -0.256287,
          0.749125,
          1.952565
        ],
        [
          0.01581,
          -0.949921,
          -0.312091,
          1.594567
        ],
        [
          0.0,
          0.0,
          0.0,
          1.0
        ]
      ]
    },
    {
      "file_path": "/media/NFS/ttao/scannet/posed_images/scene0363_00/00294.jpg",
      "transform_matrix": [
        [
          0.825304,
          -0.144364,
          0.545923,
          2.596155
        ],
        [
          -0.564239,
          -0.249383,
          0.787047,
          1.974082
        ],
        [
          0.022523,
          -0.957584,
          -0.287272,
          1.637781
        ],
        [
          0.0,
          0.0,
          0.0,
          1.0
        ]
      ]
    },
    {
      "file_path": "/media/NFS/ttao/scannet/posed_images/scene0363_00/00300.jpg",
      "transform_matrix": [
        [
          0.842633,
          -0.124474,
          0.523904,
          2.631492
        ],
        [
          -0.538185,
          -0.227321,
          0.811592,
          1.953601
        ],
        [
          0.018072,
          -0.965832,
          -0.258538,
          1.672
        ],
        [
          0.0,
          0.0,
          0.0,
          1.0
        ]
      ]
    },
    {
      "file_path": "/media/NFS/ttao/scannet/posed_images/scene0363_00/00302.jpg",
      "transform_matrix": [
        [
          0.842809,
          -0.114973,
          0.525789,
          2.616158
        ],
        [
          -0.537694,
          -0.222753,
          0.813182,
          1.940326
        ],
        [
          0.023627,
          -0.968071,
          -0.249559,
          1.605089
        ],
        [
          0.0,
          0.0,
          0.0,
          1.0
        ]
      ]
    },
    {
      "file_path": "/media/NFS/ttao/scannet/posed_images/scene0363_00/00308.jpg",
      "transform_matrix": [
        [
          0.848672,
          -0.146023,
          0.508364,
          2.621448
        ],
        [
          -0.528235,
          -0.282905,
          0.800583,
          1.929683
        ],
        [
          0.026915,
          -0.947967,
          -0.317228,
          1.601053
        ],
        [
          0.0,
          0.0,
          0.0,
          1.0
        ]
      ]
    },
    {
      "file_path": "/media/NFS/ttao/scannet/posed_images/scene0363_00/00316.jpg",
      "transform_matrix": [
        [
          0.870928,
          -0.177787,
          0.458123,
          2.623549
        ],
        [
          -0.491389,
          -0.324117,
          0.808384,
          1.901621
        ],
        [
          0.004765,
          -0.929161,
          -0.369645,
          1.584514
        ],
        [
          0.0,
          0.0,
          0.0,
          1.0
        ]
      ]
    },
    {
      "file_path": "/media/NFS/ttao/scannet/posed_images/scene0363_00/00317.jpg",
      "transform_matrix": [
        [
          0.87336,
          -0.177525,
          0.453572,
          2.617821
        ],
        [
          -0.487058,
          -0.326236,
          0.810151,
          1.900576
        ],
        [
          0.004149,
          -0.928469,
          -0.371386,
          1.587086
        ],
        [
          0.0,
          0.0,
          0.0,
          1.0
        ]
      ]
    },
    {
      "file_path": "/media/NFS/ttao/scannet/posed_images/scene0363_00/00325.jpg",
      "transform_matrix": [
        [
          0.853956,
          -0.208436,
          0.476775,
          2.624929
        ],
        [
          -0.520346,
          -0.343219,
          0.781947,
          1.875389
        ],
        [
          0.000652,
          -0.915836,
          -0.401552,
          1.536909
        ],
        [
          0.0,
          0.0,
          0.0,
          1.0
        ]
      ]
    },
    {
      "file_path": "/media/NFS/ttao/scannet/posed_images/scene0363_00/00332.jpg",
      "transform_matrix": [
        [
          0.847038,
          -0.242616,
          0.472931,
          2.65152
        ],
        [
          -0.531517,
          -0.393284,
          0.750211,
          1.864294
        ],
        [
          0.003983,
          -0.886829,
          -0.462081,
          1.527205
        ],
        [
          0.0,
          0.0,
          0.0,
          1.0
        ]
      ]
    },
    {
      "file_path": "/media/NFS/ttao/scannet/posed_images/scene0363_00/00333.jpg",
      "transform_matrix": [
        [
          0.844735,
          -0.245516,
          0.475547,
          2.657463
        ],
        [
          -0.535172,
          -0.393739,
          0.747369,
          1.862505
        ],
        [
          0.00375,
          -0.885828,
          -0.463998,
          1.522564
        ],
        [
          0.0,
          0.0,
          0.0,
          1.0
        ]
      ]
    },
    {
      "file_path": "/media/NFS/ttao/scannet/posed_images/scene0363_00/00341.jpg",
      "transform_matrix": [
        [
          0.816746,
          -0.285161,
          0.501607,
          2.681202
        ],
        [
          -0.576981,
          -0.410292,
          0.706225,
          1.840162
        ],
        [
          0.004417,
          -0.866224,
          -0.499637,
          1.484499
        ],
        [
          0.0,
          0.0,
          0.0,
          1.0
        ]
      ]
    },
    {
      "file_path": "/media/NFS/ttao/scannet/posed_images/scene0363_00/00347.jpg",
      "transform_matrix": [
        [
          0.784596,
          -0.319327,
          0.531449,
          2.712883
        ],
        [
          -0.619969,
          -0.41359,
          0.66677,
          1.827122
        ],
        [
          0.006884,
          -0.852627,
          -0.522474,
          1.480962
        ],
        [
          0.0,
          0.0,
          0.0,
          1.0
        ]
      ]
    },
    {
      "file_path": "/media/NFS/ttao/scannet/posed_images/scene0363_00/00352.jpg",
      "transform_matrix": [
        [
          0.743206,
          -0.342298,
          0.574871,
          2.730411
        ],
        [
          -0.668814,
          -0.403533,
          0.62438,
          1.818754
        ],
        [
          0.018256,
          -0.848524,
          -0.528841,
          1.472867
        ],
        [
          0.0,
          0.0,
          0.0,
          1.0
        ]
      ]
    },
    {
      "file_path": "/media/NFS/ttao/scannet/posed_images/scene0363_00/00353.jpg",
      "transform_matrix": [
        [
          0.734804,
          -0.345226,
          0.583851,
          2.731345
        ],
        [
          -0.677924,
          -0.401673,
          0.615693,
          1.8193
        ],
        [
          0.021964,
          -0.84822,
          -0.529188,
          1.471913
        ],
        [
          0.0,
          0.0,
          0.0,
          1.0
        ]
      ]
    },
    {
      "file_path": "/media/NFS/ttao/scannet/posed_images/scene0363_00/00363.jpg",
      "transform_matrix": [
        [
          0.682487,
          -0.366999,
          0.632079,
          2.811801
        ],
        [
          -0.730807,
          -0.356239,
          0.582249,
          1.81743
        ],
        [
          0.011486,
          -0.859306,
          -0.511334,
          1.473865
        ],
        [
          0.0,
          0.0,
          0.0,
          1.0
        ]
      ]
    },
    {
      "file_path": "/media/NFS/ttao/scannet/posed_images/scene0363_00/00364.jpg",
      "transform_matrix": [
        [
          0.674116,
          -0.374932,
          0.636391,
          2.820299
        ],
        [
          -0.738612,
          -0.347426,
          0.577709,
          1.816016
        ],
        [
          0.004497,
          -0.859489,
          -0.511134,
          1.473477
        ],
        [
          0.0,
          0.0,
          0.0,
          1.0
        ]
      ]
    },
    {
      "file_path": "/media/NFS/ttao/scannet/posed_images/scene0363_00/00372.jpg",
      "transform_matrix": [
        [
          0.570646,
          -0.418422,
          0.706602,
          2.92157
        ],
        [
          -0.821191,
          -0.293964,
          0.489112,
          1.83109
        ],
        [
          0.003061,
          -0.859365,
          -0.511353,
          1.459819
        ],
        [
          0.0,
          0.0,
          0.0,
          1.0
        ]
      ]
    },
    {
      "file_path": "/media/NFS/ttao/scannet/posed_images/scene0363_00/00378.jpg",
      "transform_matrix": [
        [
          0.491041,
          -0.439149,
          0.752348,
          2.988446
        ],
        [
          -0.870983,
          -0.263715,
          0.41454,
          1.867225
        ],
        [
          0.016361,
          -0.858838,
          -0.511986,
          1.443899
        ],
        [
          0.0,
          0.0,
          0.0,
          1.0
        ]
      ]
    },
    {
      "file_path": "/media/NFS/ttao/scannet/posed_images/scene0363_00/00383.jpg",
      "transform_matrix": [
        [
          0.431134,
          -0.462787,
          0.774566,
          3.038664
        ],
        [
          -0.901353,
          -0.259981,
          0.346371,
          1.895252
        ],
        [
          0.041077,
          -0.847489,
          -0.529221,
          1.442256
        ],
        [
          0.0,
          0.0,
          0.0,
          1.0
        ]
      ]
    },
    {
      "file_path": "/media/NFS/ttao/scannet/posed_images/scene0363_00/00388.jpg",
      "transform_matrix": [
        [
          0.354531,
          -0.487137,
          0.798126,
          3.085195
        ],
        [
          -0.933611,
          -0.231665,
          0.273317,
          1.902012
        ],
        [
          0.051755,
          -0.842039,
          -0.536928,
          1.432186
        ],
        [
          0.0,
          0.0,
          0.0,
          1.0
        ]
      ]
    },
    {
      "file_path": "/media/NFS/ttao/scannet/posed_images/scene0363_00/00394.jpg",
      "transform_matrix": [
        [
          0.272388,
          -0.506676,
          0.817976,
          3.132918
        ],
        [
          -0.960737,
          -0.189872,
          0.202316,
          1.897916
        ],
        [
          0.052802,
          -0.840969,
          -0.538501,
          1.431787
        ],
        [
          0.0,
          0.0,
          0.0,
          1.0
        ]
      ]
    },
    {
      "file_path": "/media/NFS/ttao/scannet/posed_images/scene0363_00/00396.jpg",
      "transform_matrix": [
        [
          0.254097,
          -0.508012,
          0.823018,
          3.147697
        ],
        [
          -0.965651,
          -0.18106,
          0.186373,
          1.884849
        ],
        [
          0.054336,
          -0.842105,
          -0.536569,
          1.429485
        ],
        [
          0.0,
          0.0,
          0.0,
          1.0
        ]
      ]
    },
    {
      "file_path": "/media/NFS/ttao/scannet/posed_images/scene0363_00/00400.jpg",
      "transform_matrix": [
        [
          0.211011,
          -0.505222,
          0.836794,
          3.194556
        ],
        [
          -0.975256,
          -0.16658,
          0.145352,
          1.872622
        ],
        [
          0.065959,
          -0.846759,
          -0.527871,
