{
  "frames": [
    {
      "file_path": "/media/NFS/ttao/scannet/posed_images/scene0421_02/00000.jpg",
      "transform_matrix": [
        [
          0.834833,
          0.30874,
          -0.455778,
          1.80213
        ],
        [
          0.550374,
          -0.486046,
          0.678858,
          1.917001
        ],
        [
          -0.011939,
          -0.817581,
          -0.57569,
          1.269818
        ],
        [
          0.0,
          0.0,
          0.0,
          1.0
        ]
      ]
    },
    {
      "file_path": "/media/NFS/ttao/scannet/posed_images/scene0421_02/00010.jpg",
      "transform_matrix": [
        [
          0.8445,
          0.321814,
          -0.428082,
          1.79857
        ],
        [
          0.535411,
          -0.488813,
          0.688764,
          1.931741
        ],
        [
          0.012402,
          -0.810862,
          -0.585106,
          1.261405
        ],
        [
          0.0,
          0.0,
          0.0,
          1.0
        ]
      ]
    },
    {
      "file_path": "/media/NFS/ttao/scannet/posed_images/scene0421_02/00014.jpg",
      "transform_matrix": [
        [
          0.84512,
          0.321543,
          -0.427063,
          1.798275
        ],
        [
          0.534501,
          -0.494788,
          0.685196,
          1.933989
        ],
        [
          0.009015,
          -0.807338,
          -0.59002,
          1.257211
        ],
        [
          0.0,
          0.0,
          0.0,
          1.0
        ]
      ]
    },
    {
      "file_path": "/media/NFS/ttao/scannet/posed_images/scene0421_02/00020.jpg",
      "transform_matrix": [
        [
          0.839748,
          0.324162,
          -0.435595,
          1.797134
        ],
        [
          0.542961,
          -0.507471,
          0.669079,
          1.937518
        ],
        [
          -0.004162,
          -0.798369,
          -0.602155,
          1.256652
        ],
        [
          0.0,
          0.0,
          0.0,
          1.0
        ]
      ]
    },
    {
      "file_path": "/media/NFS/ttao/scannet/posed_images/scene0421_02/00030.jpg",
      "transform_matrix": [
        [
          0.858141,
          0.249442,
          -0.448746,
          1.811851
        ],
        [
          0.512531,
          -0.467459,
          0.720273,
          1.93615
        ],
        [
          -0.030104,
          -0.848092,
          -0.528992,
          1.29073
        ],
        [
          0.0,
          0.0,
          0.0,
          1.0
        ]
      ]
    },
    {
      "file_path": "/media/NFS/ttao/scannet/posed_images/scene0421_02/00036.jpg",
      "transform_matrix": [
        [
          0.884657,
          0.212949,
          -0.414771,
          1.819401
        ],
        [
          0.465209,
          -0.462374,
          0.754845,
          1.935956
        ],
        [
          -0.031036,
          -0.860734,
          -0.508108,
          1.30777
        ],
        [
          0.0,
          0.0,
          0.0,
          1.0
        ]
      ]
    },
    {
      "file_path": "/media/NFS/ttao/scannet/posed_images/scene0421_02/00044.jpg",
      "transform_matrix": [
        [
          0.907062,
          0.18998,
          -0.375694,
          1.825062
        ],
        [
          0.420863,
          -0.43171,
          0.79781,
          1.928321
        ],
        [
          -0.010623,
          -0.881779,
          -0.471543,
          1.322859
        ],
        [
          0.0,
          0.0,
          0.0,
          1.0
        ]
      ]
    },
    {
      "file_path": "/media/NFS/ttao/scannet/posed_images/scene0421_02/00050.jpg",
      "transform_matrix": [
        [
          0.90904,
          0.17331,
          -0.37896,
          1.827147
        ],
        [
          0.416625,
          -0.396303,
          0.818149,
          1.919249
        ],
        [
          -0.008389,
          -0.901614,
          -0.43246,
          1.336095
        ],
        [
          0.0,
          0.0,
          0.0,
          1.0
        ]
      ]
    },
    {
      "file_path": "/media/NFS/ttao/scannet/posed_images/scene0421_02/00056.jpg",
      "transform_matrix": [
        [
          0.906207,
          0.170206,
          -0.387064,
          1.825125
        ],
        [
          0.422827,
          -0.359264,
          0.831954,
          1.915078
        ],
        [
          0.002545,
          -0.917583,
          -0.397536,
          1.359529
        ],
        [
          0.0,
          0.0,
          0.0,
          1.0
        ]
      ]
    },
    {
      "file_path": "/media/NFS/ttao/scannet/posed_images/scene0421_02/00062.jpg",
      "transform_matrix": [
        [
          0.906408,
          0.145777,
          -0.396452,
          1.833324
        ],
        [
          0.422375,
          -0.323864,
          0.846588,
          1.907665
        ],
        [
          -0.004984,
          -0.934805,
          -0.355126,
          1.372381
        ],
        [
          0.0,
          0.0,
          0.0,
          1.0
        ]
      ]
    },
    {
      "file_path": "/media/NFS/ttao/scannet/posed_images/scene0421_02/00068.jpg",
      "transform_matrix": [
        [
          0.902675,
          0.125388,
          -0.41165,
          1.8428
        ],
        [
          0.430067,
          -0.295887,
          0.852932,
          1.906037
        ],
        [
          -0.014855,
          -0.946958,
          -0.321015,
          1.387809
        ],
        [
          0.0,
          0.0,
          0.0,
          1.0
        ]
      ]
    },
    {
      "file_path": "/media/NFS/ttao/scannet/posed_images/scene0421_02/00072.jpg",
      "transform_matrix": [
        [
          0.902145,
          0.119927,
          -0.41443,
          1.843278
        ],
        [
          0.431319,
          -0.272882,
          0.859942,
          1.900063
        ],
        [
          -0.00996,
          -0.954543,
          -0.297906,
          1.394681
        ],
        [
          0.0,
          0.0,
          0.0,
          1.0
        ]
      ]
    },
    {
      "file_path": "/media/NFS/ttao/scannet/posed_images/scene0421_02/00080.jpg",
      "transform_matrix": [
        [
          0.894094,
          0.099011,
          -0.436798,
          1.852673
        ],
        [
          0.447773,
          -0.218907,
          0.866937,
          1.890621
        ],
        [
          -0.009782,
          -0.970709,
          -0.240058,
          1.418769
        ],
        [
          0.0,
          0.0,
          0.0,
          1.0
        ]
      ]
    },
    {
      "file_path": "/media/NFS/ttao/scannet/posed_images/scene0421_02/00088.jpg",
      "transform_matrix": [
        [
          0.901835,
          0.070535,
          -0.426284,
          1.860354
        ],
        [
          0.4319,
          -0.175664,
          0.884649,
          1.887703
        ],
        [
          -0.012484,
          -0.98192,
          -0.188884,
          1.448654
        ],
        [
          0.0,
          0.0,
          0.0,
          1.0
        ]
      ]
    },
    {
      "file_path": "/media/NFS/ttao/scannet/posed_images/scene0421_02/00094.jpg",
      "transform_matrix": [
        [
          0.8967,
          0.053078,
          -0.439446,
          1.868086
        ],
        [
          0.442394,
          -0.140522,
          0.885743,
          1.88425
        ],
        [
          -0.014739,
          -0.988654,
          -0.149488,
          1.467952
        ],
        [
          0.0,
          0.0,
          0.0,
          1.0
        ]
      ]
    },
    {
      "file_path": "/media/NFS/ttao/scannet/posed_images/scene0421_02/00100.jpg",
      "transform_matrix": [
        [
          0.901133,
          0.03679,
          -0.43198,
          1.873106
        ],
        [
          0.433268,
          -0.111965,
          0.894283,
          1.885181
        ],
        [
          -0.015466,
          -0.993031,
          -0.116835,
          1.484156
        ],
        [
          0.0,
          0.0,
          0.0,
          1.0
        ]
      ]
    },
    {
      "file_path": "/media/NFS/ttao/scannet/posed_images/scene0421_02/00108.jpg",
      "transform_matrix": [
        [
          0.897959,
          0.031744,
          -0.438932,
          1.874771
        ],
        [
          0.439986,
          -0.085242,
          0.89395,
          1.900926
        ],
        [
          -0.009038,
          -0.995854,
          -0.090511,
          1.508503
        ],
        [
          0.0,
          0.0,
          0.0,
          1.0
        ]
      ]
    },
    {
      "file_path": "/media/NFS/ttao/scannet/posed_images/scene0421_02/00116.jpg",
      "transform_matrix": [
        [
          0.87431,
          0.008466,
          -0.485295,
          1.888722
        ],
        [
          0.48534,
          -0.026044,
          0.873937,
          1.913807
        ],
        [
          -0.005241,
          -0.999625,
          -0.026879,
          1.540304
        ],
        [
          0.0,
          0.0,
          0.0,
          1.0
        ]
      ]
    },
    {
      "file_path": "/media/NFS/ttao/scannet/posed_images/scene0421_02/00118.jpg",
      "transform_matrix": [
        [
          0.872234,
          0.001469,
          -0.489087,
          1.889668
        ],
        [
          0.489063,
          -0.013083,
          0.872151,
          1.914326
        ],
        [
          -0.005117,
          -0.999913,
          -0.01213,
          1.545446
        ],
        [
          0.0,
          0.0,
          0.0,
          1.0
        ]
      ]
    },
    {
      "file_path": "/media/NFS/ttao/scannet/posed_images/scene0421_02/00126.jpg",
      "transform_matrix": [
        [
          0.851475,
          -0.01462,
          -0.524191,
          1.895538
        ],
        [
          0.524383,
          0.03064,
          0.850931,
          1.925202
        ],
        [
          0.003621,
          -0.999423,
          0.033756,
          1.55496
        ],
        [
          0.0,
          0.0,
          0.0,
          1.0
        ]
      ]
    },
    {
      "file_path": "/media/NFS/ttao/scannet/posed_images/scene0421_02/00136.jpg",
      "transform_matrix": [
        [
          0.844203,
          -0.057443,
          -0.532936,
          1.857443
        ],
        [
          0.534976,
          0.028188,
          0.844397,
          1.961045
        ],
        [
          -0.033482,
          -0.997951,
          0.054528,
          1.572201
        ],
        [
          0.0,
          0.0,
          0.0,
          1.0
        ]
      ]
    },
    {
      "file_path": "/media/NFS/ttao/scannet/posed_images/scene0421_02/00138.jpg",
      "transform_matrix": [
        [
          0.839693,
          -0.067551,
          -0.538844,
          1.845876
        ],
        [
          0.541065,
          0.019044,
          0.840765,
          1.969972
        ],
        [
          -0.046533,
          -0.997534,
          0.052541,
          1.571447
        ],
        [
          0.0,
          0.0,
          0.0,
          1.0
        ]
      ]
    },
    {
      "file_path": "/media/NFS/ttao/scannet/posed_images/scene0421_02/00151.jpg",
      "transform_matrix": [
        [
          0.82756,
          -0.096699,
          -0.552986,
          1.783339
        ],
        [
          0.552242,
          -0.036759,
          0.832873,
          2.016393
        ],
        [
          -0.100865,
          -0.994635,
          0.022981,
          1.557527
        ],
        [
          0.0,
          0.0,
          0.0,
          1.0
        ]
      ]
    },
    {
      "file_path": "/media/NFS/ttao/scannet/posed_images/scene0421_02/00153.jpg",
      "transform_matrix": [
        [
          0.825266,
          -0.106559,
          -0.554601,
          1.775802
        ],
        [
          0.555096,
          -0.0277,
          0.831325,
          2.018533
        ],
        [
          -0.103948,
          -0.99392,
          0.036291,
          1.55308
        ],
        [
          0.0,
          0.0,
          0.0,
          1.0
        ]
      ]
    },
    {
      "file_path": "/media/NFS/ttao/scannet/posed_images/scene0421_02/00159.jpg",
      "transform_matrix": [
        [
          0.828828,
          -0.079851,
          -0.553776,
          1.753113
        ],
        [
          0.552645,
          -0.037663,
          0.832565,
          2.027599
        ],
        [
          -0.087338,
          -0.996095,
          0.012913,
          1.543072
        ],
        [
          0.0,
          0.0,
          0.0,
          1.0
        ]
      ]
    },
    {
      "file_path": "/media/NFS/ttao/scannet/posed_images/scene0421_02/00169.jpg",
      "transform_matrix": [
        [
          0.819978,
          -0.054226,
          -0.569821,
          1.724381
        ],
        [
          0.568548,
          -0.038064,
          0.821769,
          2.032188
        ],
        [
          -0.066251,
          -0.997803,
          -0.000382,
          1.525603
        ],
        [
          0.0,
          0.0,
          0.0,
          1.0
        ]
      ]
    },
    {
      "file_path": "/media/NFS/ttao/scannet/posed_images/scene0421_02/00175.jpg",
      "transform_matrix": [
        [
          0.813051,
          -0.046021,
          -0.580371,
          1.711439
        ],
        [
          0.576946,
          -0.069849,
          0.81379,
          2.056614
        ],
        [
          -0.07799,
          -0.996495,
          -0.030239,
          1.518924
        ],
        [
          0.0,
          0.0,
          0.0,
          1.0
        ]
      ]
    },
    {
      "file_path": "/media/NFS/ttao/scannet/posed_images/scene0421_02/00181.jpg",
      "transform_matrix": [
        [
          0.820595,
          -0.0524,
          -0.569103,
          1.692902
        ],
        [
          0.561866,
          -0.108203,
          0.820122,
          2.10112
        ],
        [
          -0.104553,
          -0.992747,
          -0.059349,
          1.51031
        ],
        [
          0.0,
          0.0,
          0.0,
          1.0
        ]
      ]
    },
    {
      "file_path": "/media/NFS/ttao/scannet/posed_images/scene0421_02/00189.jpg",
      "transform_matrix": [
        [
          0.775405,
          -0.030609,
          -0.630722,
          1.674664
        ],
        [
          0.621333,
          -0.141222,
          0.770715,
          2.198935
        ],
        [
          -0.112662,
          -0.989505,
          -0.090486,
          1.462679
        ],
        [
          0.0,
          0.0,
          0.0,
          1.0
        ]
      ]
    },
    {
      "file_path": "/media/NFS/ttao/scannet/posed_images/scene0421_02/00195.jpg",
      "transform_matrix": [
        [
          0.741636,
          0.082092,
          -0.66576,
          1.670327
        ],
        [
          0.669008,
          -0.163055,
          0.725149,
          2.321386
        ],
        [
          -0.049027,
          -0.983196,
          -0.175848,
          1.42816
        ],
        [
          0.0,
          0.0,
          0.0,
          1.0
        ]
      ]
    },
    {
      "file_path": "/media/NFS/ttao/scannet/posed_images/scene0421_02/00203.jpg",
      "transform_matrix": [
        [
          0.691048,
          0.233015,
          -0.68422,
          1.673327
        ],
        [
          0.722529,
          -0.19635,
          0.662871,
          2.431468
        ],
        [
          0.020112,
          -0.952445,
          -0.304047,
          1.414844
        ],
        [
          0.0,
          0.0,
          0.0,
          1.0
        ]
      ]
    },
    {
      "file_path": "/media/NFS/ttao/scannet/posed_images/scene0421_02/00211.jpg",
      "transform_matrix": [
        [
          0.664433,
          0.296309,
          -0.686098,
          1.658365
        ],
        [
          0.747344,
          -0.266466,
          0.608664,
          2.460028
        ],
        [
          -0.002469,
          -0.917168,
          -0.398494,
          1.383735
        ],
        [
          0.0,
          0.0,
          0.0,
          1.0
        ]
      ]
    },
    {
      "file_path": "/media/NFS/ttao/scannet/posed_images/scene0421_02/00213.jpg",
      "transform_matrix": [
        [
          0.669639,
          0.312808,
          -0.673599,
          1.651482
        ],
        [
          0.742687,
          -0.281313,
          0.607683,
          2.464705
        ],
        [
          0.000596,
          -0.907201,
          -0.420697,
          1.372315
        ],
        [
          0.0,
          0.0,
          0.0,
          1.0
        ]
      ]
    },
    {
      "file_path": "/media/NFS/ttao/scannet/posed_images/scene0421_02/00221.jpg",
      "transform_matrix": [
        [
          0.708071,
          0.369086,
          -0.602005,
          1.617378
        ],
        [
          0.705855,
          -0.34568,
          0.618284,
          2.485044
        ],
        [
          0.020099,
          -0.862717,
          -0.505287,
          1.322992
        ],
        [
          0.0,
          0.0,
          0.0,
          1.0
        ]
      ]
    },
    {
      "file_path": "/media/NFS/ttao/scannet/posed_images/scene0421_02/00231.jpg",
      "transform_matrix": [
        [
          0.633664,
          0.488308,
          -0.600022,
          1.581348
        ],
        [
          0.773587,
          -0.39419,
          0.496163,
          2.500972
        ],
        [
          0.005758,
          -0.778569,
          -0.627532,
          1.269923
        ],
        [
          0.0,
          0.0,
          0.0,
          1.0
        ]
      ]
    },
    {
      "file_path": "/media/NFS/ttao/scannet/posed_images/scene0421_02/00237.jpg",
      "transform_matrix": [
        [
          0.547514,
          0.583372,
          -0.59992,
          1.580999
        ],
        [
          0.836306,
          -0.356947,
          0.41615,
          2.519362
        ],
        [
          0.028631,
          -0.729565,
          -0.683312,
          1.238725
        ],
        [
          0.0,
          0.0,
          0.0,
          1.0
        ]
      ]
    },
    {
      "file_path": "/media/NFS/ttao/scannet/posed_images/scene0421_02/00245.jpg",
      "transform_matrix": [
        [
          0.339365,
          0.659242,
          -0.670992,
          1.626591
        ],
        [
          0.939427,
          -0.2011,
          0.277553,
          2.550199
        ],
        [
          0.048038,
          -0.72454,
          -0.687557,
          1.219464
        ],
        [
          0.0,
          0.0,
          0.0,
          1.0
        ]
      ]
    },
    {
      "file_path": "/media/NFS/ttao/scannet/posed_images/scene0421_02/00247.jpg",
      "transform_matrix": [
        [
          0.295997,
          0.673079,
          -0.677754,
          1.636417
        ],
        [
          0.953762,
          -0.169493,
          0.248214,
          2.553335
        ],
        [
          0.052193,
          -0.719887,
          -0.692126,
          1.216768
        ],
        [
          0.0,
          0.0,
          0.0,
          1.0
        ]
      ]
    },
    {
      "file_path": "/media/NFS/ttao/scannet/posed_images/scene0421_02/00257.jpg",
      "transform_matrix": [
        [
          0.126104,
          0.74006,
          -0.660613,
          1.665847
        ],
        [
          0.991339,
          -0.069388,
          0.111503,
          2.54426
        ],
        [
          0.03668,
          -0.668952,
          -0.7424,
          1.200236
        ],
        [
          0.0,
          0.0,
          0.0,
          1.0
        ]
      ]
    },
    {
      "file_path": "/media/NFS/ttao/scannet/posed_images/scene0421_02/00265.jpg",
      "transform_matrix": [
        [
          0.068168,
          0.725586,
          -0.684747,
          1.682101
        ],
        [
          0.997634,
          -0.043415,
          0.053312,
          2.526339
        ],
        [
          0.008954,
          -0.686761,
          -0.726828,
          1.210998
        ],
        [
          0.0,
          0.0,
          0.0,
          1.0
        ]
      ]
    },
    {
      "file_path": "/media/NFS/ttao/scannet/posed_images/scene0421_02/00267.jpg",
      "transform_matrix": [
        [
          0.071146,
          0.719989,
          -0.690329,
          1.682221
        ],
        [
          0.997461,
          -0.049205,
          0.05148,
          2.520636
        ],
        [
          0.003097,
          -0.692239,
          -0.721661,
          1.218057
        ],
        [
          0.0,
          0.0,
          0.0,
          1.0
        ]
      ]
    },
    {
      "file_path": "/media/NFS/ttao/scannet/posed_images/scene0421_02/00275.jpg",
      "transform_matrix": [
        [
          0.167695,
          0.640706,
          -0.749249,
          1.673355
        ],
        [
          0.985755,
          -0.118876,
          0.118975,
          2.529642
        ],
        [
          -0.01284,
          -0.758528,
          -0.651514,
          1.268146
        ],
        [
          0.0,
          0.0,
          0.0,
          1.0
        ]
      ]
    },
    {
      "file_path": "/media/NFS/ttao/scannet/posed_images/scene0421_02/00279.jpg",
      "transform_matrix": [
        [
          0.212689,
          0.588468,
          -0.780044,
          1.660669
        ],
        [
          0.977045,
          -0.118192,
          0.177239,
          2.528933
        ],
        [
          0.012104,
          -0.799835,
          -0.600098,
          1.295266
        ],
        [
          0.0,
          0.0,
          0.0,
          1.0
        ]
      ]
    },
    {
      "file_path": "/media/NFS/ttao/scannet/posed_images/scene0421_02/00291.jpg",
      "transform_matrix": [
        [
          0.196013,
          0.458742,
          -0.86668,
          1.664312
        ],
        [
          0.979385,
          -0.047588,
          0.196314,
          2.510445
        ],
        [
          0.048814,
          -0.887294,
          -0.458614,
          1.354373
        ],
        [
          0.0,
          0.0,
          0.0,
          1.0
        ]
      ]
    },
    {
      "file_path": "/media/NFS/ttao/scannet/posed_images/scene0421_02/00297.jpg",
      "transform_matrix": [
        [
          0.195035,
          0.378644,
          -0.904759,
          1.672618
        ],
        [
          0.979866,
          -0.035061,
          0.196552,
          2.512311
        ],
        [
          0.042702,
          -0.924878,
          -0.377859,
          1.384102
        ],
        [
          0.0,
          0.0,
          0.0,
          1.0
        ]
      ]
    },
    {
      "file_path": "/media/NFS/ttao/scannet/posed_images/scene0421_02/00305.jpg",
      "transform_matrix": [
        [
          0.202928,
          0.302637,
          -0.931252,
          1.681262
        ],
        [
          0.97743,
          -0.005556,
          0.211185,
          2.504599
        ],
        [
          0.058738,
          -0.95309,
          -0.296934,
          1.418872
        ],
        [
          0.0,
          0.0,
          0.0,
          1.0
        ]
      ]
    },
    {
      "file_path": "/media/NFS/ttao/scannet/posed_images/scene0421_02/00307.jpg",
      "transform_matrix": [
        [
          0.204315,
          0.296124,
          -0.933041,
          1.681206
        ],
        [
          0.976432,
          0.006062,
          0.21574,
          2.501684
        ],
        [
          0.069542,
          -0.95513,
          -0.287907,
          1.424643
        ],
        [
          0.0,
          0.0,
          0.0,
          1.0
        ]
      ]
    },
    {
      "file_path": "/media/NFS/ttao/scannet/posed_images/scene0421_02/00317.jpg",
      "transform_matrix": [
        [
          0.190797,
          0.239012,
          -0.952087,
          1.688379
        ],
        [
          0.979529,
          0.017058,
          0.200578,
          2.491788
        ],
        [
          0.064182,
          -0.970867,
          -0.230865,
          1.459344
        ],
        [
          0.0,
          0.0,
          0.0,
          1.0
        ]
      ]
    },
    {
      "file_path": "/media/NFS/ttao/scannet/posed_images/scene0421_02/00321.jpg",
      "transform_matrix": [
        [
          0.200437,
          0.192905,
          -0.960527,
          1.696924
        ],
        [
          0.977271,
          0.029725,
          0.209901,
          2.486488
        ],
        [
          0.069042,
          -0.980767,
          -0.182563,
          1.478835
        ],
        [
          0.0,
          0.0,
          0.0,
          1.0
        ]
      ]
    },
    {
      "file_path": "/media/NFS/ttao/scannet/posed_images/scene0421_02/00327.jpg",
      "transform_matrix": [
        [
          0.208521,
          0.148794,
          -0.966633,
          1.702831
        ],
        [
          0.975057,
          0.04522,
          0.217299,
          2.483618
        ],
        [
          0.076044,
          -0.987834,
          -0.135654,
          1.496353
        ],
        [
          0.0,
          0.0,
          0.0,
          1.0
        ]
      ]
    },
    {
      "file_path": "/media/NFS/ttao/scannet/posed_images/scene0421_02/00333.jpg",
      "transform_matrix": [
        [
          0.201486,
          0.106852,
          -0.973646,
          1.704083
        ],
        [
          0.977648,
          0.039013,
          0.206595,
          2.484653
        ],
        [
          0.06006,
          -0.993509,
          -0.096603,
          1.526286
        ],
        [
          0.0,
          0.0,
          0.0,
          1.0
        ]
      ]
    },
    {
      "file_path": "/media/NFS/ttao/scannet/posed_images/scene0421_02/00343.jpg",
      "transform_matrix": [
        [
          0.159716,
          0.006346,
          -0.987142,
          1.720609
        ],
        [
          0.987138,
          0.006062,
          0.159754,
          2.479515
        ],
        [
          0.006998,
          -0.999961,
          -0.005296,
          1.58137
        ],
        [
          0.0,
          0.0,
          0.0,
          1.0
        ]
      ]
    },
    {
      "file_path": "/media/NFS/ttao/scannet/posed_images/scene0421_02/00349.jpg",
      "transform_matrix": [
        [
          0.120469,
          -0.05647,
          -0.99111,
          1.737939
        ],
        [
          0.992705,
          0.011805,
          0.11999,
          2.480614
        ],
        [
          0.004924,
          -0.998335,
          0.05748,
          1.599061
        ],
        [
          0.0,
          0.0,
          0.0,
          1.0
        ]
      ]
    },
    {
      "file_path": "/media/NFS/ttao/scannet/posed_images/scene0421_02/00357.jpg",
      "transform_matrix": [
        [
          0.079422,
          -0.158168,
          -0.984213,
          1.773182
        ],
        [
          0.996771,
          0.00089,
          0.080293,
          2.481989
        ],
        [
          -0.011824,
          -0.987412,
          0.157728,
          1.63519
        ],
        [
          0.0,
          0.0,
          0.0,
          1.0
        ]
      ]
    },
    {
      "file_path": "/media/NFS/ttao/scannet/posed_images/scene0421_02/00359.jpg",
      "transform_matrix": [
        [
          0.077158,
          -0.167174,
          -0.982904,
          1.77764
        ],
        [
          0.996933,
          -3.7e-05,
          0.078266,
          2.484739
        ],
        [
          -0.013121,
          -0.985928,
          0.166658,
          1.634943
        ],
        [
          0.0,
          0.0,
          0.0,
          1.0
        ]
      ]
    },
    {
      "file_path": "/media/NFS/ttao/scannet/posed_images/scene0421_02/00369.jpg",
      "transform_matrix": [
        [
          0.13548,
          -0.177792,
          -0.974697,
          1.780569
        ],
        [
          0.990612,
          0.006158,
          0.136568,
          2.487722
        ],
        [
          -0.018278,
          -0.984049,
          0.176957,
          1.652487
        ],
        [
          0.0,
          0.0,
          0.0,
          1.0
        ]
      ]
    },
    {
      "file_path": "/media/NFS/ttao/scannet/posed_images/scene0421_02/00373.jpg",
      "transform_matrix": [
        [
          0.153899,
          -0.20224,
          -0.967168,
          1.790398
        ],
        [
          0.988041,
          0.022054,
          0.152609,
          2.487376
        ],
        [
          -0.009534,
          -0.979088,
          0.203215,
          1.66741
        ],
        [
          0.0,
          0.0,
          0.0,
          1.0
        ]
      ]
    },
    {
      "file_path": "/media/NFS/ttao/scannet/posed_images/scene0421_02/00385.jpg",
      "transform_matrix": [
        [
          0.206642,
          -0.285599,
          -0.935806,
          1.816965
        ],
        [
          0.978372,
          0.069436,
          0.19485,
          2.488096
        ],
        [
          0.00933,
          -0.95583,
          0.29377,
          1.677398
        ],
        [
          0.0,
          0.0,
          0.0,
          1.0
        ]
      ]
    },
    {
      "file_path": "/media/NFS/ttao/scannet/posed_images/scene0421_02/00389.jpg",
      "transform_matrix": [
        [
          0.196127,
          -0.296714,
          -0.93461,
          1.82109
        ],
        [
          0.980524,
          0.069393,
          0.183732,
          2.483822
        ],
        [
          0.01034,
          -0.952442,
          0.304545,
          1.678585
        ],
        [
          0.0,
          0.0,
          0.0,
          1.0
        ]
      ]
    },
    {
      "file_path": "/media/NFS/ttao/scannet/posed_images/scene0421_02/00393.jpg",
      "transform_matrix": [
        [
          0.175626,
          -0.303435,
          -0.936527,
          1.82104
        ],
        [
          0.984366,
          0.067026,
          0.162881,
          2.480305
        ],
        [
          0.013348,
          -0.950492,
          0.310463,
          1.67098
        ],
        [
          0.0,
          0.0,
          0.0,
          1.0
        ]
      ]
    },
    {
      "file_path": "/media/NFS/ttao/scannet/posed_images/scene0421_02/00401.jpg",
      "transform_matrix": [
        [
          0.119284,
          -0.30281,
          -0.945557,
          1.824121
        ],
        [
          0.992469,
          0.063111,
          0.104991,
          2.462179
        ],
        [
          0.027882,
          -0.950959,
          0.308057,
          1.66308
        ],
        [
          0.0,
          0.0,
          0.0,
          1.0
        ]
      ]
    },
    {
      "file_path": "/media/NFS/ttao/scannet/posed_images/scene0421_02/00411.jpg",
      "transform_matrix": [
        [
          0.031878,
          -0.27689,
          -0.960373,
          1.82377
        ],
        [
          0.994754,
          0.102234,
          0.003543,
          2.422134
        ],
        [
          0.097202,
          -0.955448,
          0.278697,
          1.634623
        ],
        [
          0.0,
          0.0,
          0.0,
          1.0
        ]
      ]
    },
    {
      "file_path": "/media/NFS/ttao/scannet/posed_images/scene0421_02/00417.jpg",
      "transform_matrix": [
        [
          -0.007067,
          -0.268288,
          -0.963313,
          1.823165
        ],
        [
          0.994324,
          0.100383,
          -0.035252,
          2.398621
        ],
        [
          0.106158,
          -0.958094,
          0.266056,
          1.629957
        ],
        [
          0.0,
          0.0,
          0.0,
          1.0
        ]
      ]
    },
    {
      "file_path": "/media/NFS/ttao/scannet/posed_images/scene0421_02/00419.jpg",
      "transform_matrix": [
        [
          -0.022492,
          -0.269362,
          -0.962776,
          1.824983
        ],
        [
          0.994119,
          0.096019,
          -0.050088,
          2.392231
        ],
        [
          0.105937,
          -0.95824,
          0.265618,
          1.630355
        ],
        [
          0.0,
          0.0,
          0.0,
          1.0
        ]
      ]
    },
    {
      "file_path": "/media/NFS/ttao/scannet/posed_images/scene0421_02/00427.jpg",
      "transform_matrix": [
        [
          -0.067687,
          -0.312906,
          -0.947369,
          1.837488
        ],
        [
          0.991984,
          0.080448,
          -0.097446,
          2.365784
        ],
        [
          0.106706,
          -0.946371,
          0.304953,
          1.624756
        ],
        [
          0.0,
          0.0,
          0.0,
          1.0
        ]
      ]
    },
    {
      "file_path": "/media/NFS/ttao/scannet/posed_images/scene0421_02/00438.jpg",
      "transform_matrix": [
        [
          -0.136882,
          -0.251173,
          -0.958215,
          1.832443
        ],
        [
          0.981093,
          0.099236,
          -0.166162,
          2.336725
        ],
        [
          0.136824,
          -0.962842,
          0.232841,
          1.584703
        ],
        [
          0.0,
          0.0,
          0.0,
          1.0
        ]
      ]
    },
    {
      "file_path": "/media/NFS/ttao/scannet/posed_images/scene0421_02/00446.jpg",
      "transform_matrix": [
        [
          -0.202393,
          -0.244689,
          -0.948242,
          1.847373
        ],
        [
          0.971208,
          0.074096,
          -0.226415,
          2.325099
        ],
        [
          0.125663,
          -0.966766,
          0.222648,
          1.579552
        ],
        [
          0.0,
          0.0,
          0.0,
          1.0
        ]
      ]
    },
    {
      "file_path": "/media/NFS/ttao/scannet/posed_images/scene0421_02/00448.jpg",
      "transform_matrix": [
        [
          -0.214134,
          -0.243823,
          -0.945884,
          1.848664
        ],
        [
          0.969064,
          0.068639,
          -0.237075,
          2.324048
        ],
        [
          0.122729,
          -0.967388,
          0.221582,
          1.576967
        ],
        [
          0.0,
          0.0,
          0.0,
          1.0
        ]
      ]
    },
    {
      "file_path": "/media/NFS/ttao/scannet/posed_images/scene0421_02/00454.jpg",
      "transform_matrix": [
        [
          -0.236666,
          -0.20144,
          -0.950479,
          1.848162
        ],
        [
          0.965151,
          0.063708,
          -0.253821,
          2.316636
        ],
        [
          0.111683,
          -0.977427,
          0.179343,
          1.564889
        ],
        [
          0.0,
          0.0,
          0.0,
          1.0
        ]
      ]
    },
    {
      "file_path": "/media/NFS/ttao/scannet/posed_images/scene0421_02/00460.jpg",
      "transform_matrix": [
        [
          -0.256355,
          -0.12889,
          -0.957951,
          1.845602
        ],
        [
          0.960145,
          0.080241,
          -0.267739,
          2.31417
        ],
        [
          0.111376,
          -0.988407,
          0.103183,
          1.543282
        ],
        [
          0.0,
          0.0,
          0.0,
          1.0
        ]
      ]
    },
    {
      "file_path": "/media/NFS/ttao/scannet/posed_images/scene0421_02/00472.jpg",
      "transform_matrix": [
        [
          -0.330805,
          0.010882,
          -0.943636,
          1.847294
        ],
        [
          0.941769,
          0.067723,
          -0.329369,
          2.303817
        ],
        [
          0.060322,
          -0.997645,
          -0.032651,
          1.488904
        ],
        [
          0.0,
          0.0,
          0.0,
          1.0
        ]
      ]
    },
    {
      "file_path": "/media/NFS/ttao/scannet/posed_images/scene0421_02/00476.jpg",
      "transform_matrix": [
        [
          -0.330962,
          0.047115,
          -0.942467,
          1.842643
        ],
        [
          0.942383,
          0.068114,
          -0.327528,
          2.301234
        ],
        [
          0.048764,
          -0.996564,
          -0.066943,
          1.476946
        ],
        [
          0.0,
          0.0,
          0.0,
          1.0
        ]
      ]
    },
    {
      "file_path": "/media/NFS/ttao/scannet/posed_images/scene0421_02/00480.jpg",
      "transform_matrix": [
        [
          -0.313396,
          0.0913,
          -0.945223,
          1.83865
        ],
        [
          0.948316,
          0.082281,
          -0.306474,
          2.290854
        ],
        [
          0.049793,
          -0.992418,
          -0.112368,
          1.471292
        ],
        [
          0.0,
          0.0,
          0.0,
          1.0
        ]
      ]
    },
    {
      "file_path": "/media/NFS/ttao/scannet/posed_images/scene0421_02/00492.jpg",
      "transform_matrix": [
        [
          -0.321809,
          0.234552,
          -0.917292,
          1.832872
        ],
        [
          0.945542,
          0.129628,
          -0.298574,
          2.254391
        ],
        [
          0.048876,
          -0.963422,
          -0.263495,
          1.410749
        ],
        [
          0.0,
          0.0,
          0.0,
          1.0
        ]
      ]
    },
    {
      "file_path": "/media/NFS/ttao/scannet/posed_images/scene0421_02/00494.jpg",
      "transform_matrix": [
        [
          -0.319574,
          0.258202,
          -0.911704,
          1.829237
        ],
        [
          0.94624,
          0.137756,
          -0.292666,
          2.248688
        ],
        [
          0.050026,
          -0.956219,
          -0.288344,
          1.399219
        ],
        [
          0.0,
          0.0,
          0.0,
          1.0
        ]
      ]
    },
    {
      "file_path": "/media/NFS/ttao/scannet/posed_images/scene0421_02/00500.jpg",
      "transform_matrix": [
        [
          -0.296367,
          0.326457,
          -0.897548,
          1.819563
        ],
        [
          0.952183,
          0.174062,
          -0.251097,
          2.231257
        ],
        [
          0.074256,
          -0.929047,
          -0.362433,
          1.363524
        ],
        [
          0.0,
          0.0,
          0.0,
          1.0
        ]
      ]
    },
    {
      "file_path": "/media/NFS/ttao/scannet/posed_images/scene0421_02/00508.jpg",
      "transform_matrix": [
        [
          -0.314856,
          0.364468,
          -0.876372,
          1.829007
        ],
        [
          0.94438,
          0.212645,
          -0.250854,
          2.22119
        ],
        [
          0.094928,
          -0.906612,
          -0.411149,
          1.32893
        ],
        [
          0.0,
          0.0,
          0.0,
          1.0
        ]
      ]
    },
    {
      "file_path": "/media/NFS/ttao/scannet/posed_images/scene0421_02/00516.jpg",
      "transform_matrix": [
        [
          -0.355219,
          0.434451,
          -0.82769,
          1.835755
        ],
        [
          0.930736,
          0.246683,
          -0.269961,
          2.214624
        ],
        [
          0.086892,
          -0.866256,
          -0.491986,
          1.286051
        ],
        [
          0.0,
          0.0,
          0.0,
