{
  "frames": [
    {
      "file_path": "/media/NFS/ttao/scannet/posed_images/scene0463_01/00000.jpg",
      "transform_matrix": [
        [
          -0.38677,
          -0.439857,
          0.810515,
          1.895077
        ],
        [
          -0.922163,
          0.179684,
          -0.342534,
          2.265131
        ],
        [
          0.005029,
          -0.879909,
          -0.475116,
          1.516981
        ],
        [
          0.0,
          0.0,
          0.0,
          1.0
        ]
      ]
    },
    {
      "file_path": "/media/NFS/ttao/scannet/posed_images/scene0463_01/00003.jpg",
      "transform_matrix": [
        [
          -0.390089,
          -0.44402,
          0.806645,
          1.906327
        ],
        [
          -0.920734,
          0.179555,
          -0.346425,
          2.267436
        ],
        [
          0.008983,
          -0.877842,
          -0.478866,
          1.517776
        ],
        [
          0.0,
          0.0,
          0.0,
          1.0
        ]
      ]
    },
    {
      "file_path": "/media/NFS/ttao/scannet/posed_images/scene0463_01/00006.jpg",
      "transform_matrix": [
        [
          -0.387888,
          -0.440858,
          0.809436,
          1.909123
        ],
        [
          -0.921685,
          0.179476,
          -0.343928,
          2.270992
        ],
        [
          0.006349,
          -0.87945,
          -0.475949,
          1.517166
        ],
        [
          0.0,
          0.0,
          0.0,
          1.0
        ]
      ]
    },
    {
      "file_path": "/media/NFS/ttao/scannet/posed_images/scene0463_01/00011.jpg",
      "transform_matrix": [
        [
          -0.379237,
          -0.445524,
          0.81098,
          1.895669
        ],
        [
          -0.925295,
          0.179682,
          -0.333982,
          2.249722
        ],
        [
          0.003079,
          -0.877054,
          -0.480383,
          1.509747
        ],
        [
          0.0,
          0.0,
          0.0,
          1.0
        ]
      ]
    },
    {
      "file_path": "/media/NFS/ttao/scannet/posed_images/scene0463_01/00014.jpg",
      "transform_matrix": [
        [
          -0.377127,
          -0.449464,
          0.809788,
          1.899521
        ],
        [
          -0.92614,
          0.177034,
          -0.333052,
          2.25225
        ],
        [
          0.006335,
          -0.87558,
          -0.483031,
          1.509753
        ],
        [
          0.0,
          0.0,
          0.0,
          1.0
        ]
      ]
    },
    {
      "file_path": "/media/NFS/ttao/scannet/posed_images/scene0463_01/00018.jpg",
      "transform_matrix": [
        [
          -0.38204,
          -0.439324,
          0.813044,
          1.907958
        ],
        [
          -0.923917,
          0.161995,
          -0.346605,
          2.25713
        ],
        [
          0.020563,
          -0.883602,
          -0.467788,
          1.517322
        ],
        [
          0.0,
          0.0,
          0.0,
          1.0
        ]
      ]
    },
    {
      "file_path": "/media/NFS/ttao/scannet/posed_images/scene0463_01/00021.jpg",
      "transform_matrix": [
        [
          -0.391603,
          -0.42458,
          0.81632,
          1.907519
        ],
        [
          -0.919802,
          0.156799,
          -0.359691,
          2.25211
        ],
        [
          0.02472,
          -0.891709,
          -0.451933,
          1.526503
        ],
        [
          0.0,
          0.0,
          0.0,
          1.0
        ]
      ]
    },
    {
      "file_path": "/media/NFS/ttao/scannet/posed_images/scene0463_01/00026.jpg",
      "transform_matrix": [
        [
          -0.419281,
          -0.396244,
          0.816819,
          1.908175
        ],
        [
          -0.907004,
          0.143838,
          -0.395796,
          2.247602
        ],
        [
          0.039342,
          -0.906808,
          -0.419704,
          1.540803
        ],
        [
          0.0,
          0.0,
          0.0,
          1.0
        ]
      ]
    },
    {
      "file_path": "/media/NFS/ttao/scannet/posed_images/scene0463_01/00030.jpg",
      "transform_matrix": [
        [
          -0.442558,
          -0.376342,
          0.813947,
          1.901199
        ],
        [
          -0.895139,
          0.131186,
          -0.426048,
          2.243637
        ],
        [
          0.053561,
          -0.917146,
          -0.394936,
          1.553261
        ],
        [
          0.0,
          0.0,
          0.0,
          1.0
        ]
      ]
    },
    {
      "file_path": "/media/NFS/ttao/scannet/posed_images/scene0463_01/00034.jpg",
      "transform_matrix": [
        [
          -0.464049,
          -0.353516,
          0.812211,
          1.894163
        ],
        [
          -0.884174,
          0.129161,
          -0.448947,
          2.23148
        ],
        [
          0.053804,
          -0.926469,
          -0.372506,
          1.567545
        ],
        [
          0.0,
          0.0,
          0.0,
          1.0
        ]
      ]
    },
    {
      "file_path": "/media/NFS/ttao/scannet/posed_images/scene0463_01/00037.jpg",
      "transform_matrix": [
        [
          -0.478374,
          -0.335439,
          0.811566,
          1.889154
        ],
        [
          -0.876684,
          0.128933,
          -0.463466,
          2.222423
        ],
        [
          0.050828,
          -0.933197,
          -0.355752,
          1.578007
        ],
        [
          0.0,
          0.0,
          0.0,
          1.0
        ]
      ]
    },
    {
      "file_path": "/media/NFS/ttao/scannet/posed_images/scene0463_01/00039.jpg",
      "transform_matrix": [
        [
          -0.4883,
          -0.324653,
          0.81004,
          1.886498
        ],
        [
          -0.87123,
          0.127936,
          -0.473911,
          2.21796
        ],
        [
          0.050223,
          -0.937141,
          -0.345318,
          1.585681
        ],
        [
          0.0,
          0.0,
          0.0,
          1.0
        ]
      ]
    },
    {
      "file_path": "/media/NFS/ttao/scannet/posed_images/scene0463_01/00045.jpg",
      "transform_matrix": [
        [
          -0.510381,
          -0.284941,
          0.811369,
          1.867191
        ],
        [
          -0.858571,
          0.11547,
          -0.499522,
          2.202611
        ],
        [
          0.048646,
          -0.951565,
          -0.303576,
          1.610581
        ],
        [
          0.0,
          0.0,
          0.0,
          1.0
        ]
      ]
    },
    {
      "file_path": "/media/NFS/ttao/scannet/posed_images/scene0463_01/00046.jpg",
      "transform_matrix": [
        [
          -0.512291,
          -0.278593,
          0.812369,
          1.868622
        ],
        [
          -0.857511,
          0.113882,
          -0.501703,
          2.200769
        ],
        [
          0.047257,
          -0.953633,
          -0.297238,
          1.615179
        ],
        [
          0.0,
          0.0,
          0.0,
          1.0
        ]
      ]
    },
    {
      "file_path": "/media/NFS/ttao/scannet/posed_images/scene0463_01/00049.jpg",
      "transform_matrix": [
        [
          -0.512358,
          -0.257061,
          0.819395,
          1.856048
        ],
        [
          -0.857627,
          0.103901,
          -0.503668,
          2.186574
        ],
        [
          0.044337,
          -0.960794,
          -0.273697,
          1.628847
        ],
        [
          0.0,
          0.0,
          0.0,
          1.0
        ]
      ]
    },
    {
      "file_path": "/media/NFS/ttao/scannet/posed_images/scene0463_01/00055.jpg",
      "transform_matrix": [
        [
          -0.520443,
          -0.21403,
          0.826638,
          1.842528
        ],
        [
          -0.853011,
          0.086245,
          -0.514718,
          2.182295
        ],
        [
          0.038872,
          -0.973012,
          -0.227455,
          1.634547
        ],
        [
          0.0,
          0.0,
          0.0,
          1.0
        ]
      ]
    },
    {
      "file_path": "/media/NFS/ttao/scannet/posed_images/scene0463_01/00057.jpg",
      "transform_matrix": [
        [
          -0.517863,
          -0.204095,
          0.83076,
          1.836693
        ],
        [
          -0.85458,
          0.079308,
          -0.513228,
          2.177278
        ],
        [
          0.038861,
          -0.975733,
          -0.215486,
          1.641484
        ],
        [
          0.0,
          0.0,
          0.0,
          1.0
        ]
      ]
    },
    {
      "file_path": "/media/NFS/ttao/scannet/posed_images/scene0463_01/00060.jpg",
      "transform_matrix": [
        [
          -0.515644,
          -0.18291,
          0.837052,
          1.829628
        ],
        [
          -0.85609,
          0.070143,
          -0.512044,
          2.180245
        ],
        [
          0.034945,
          -0.980624,
          -0.192756,
          1.633719
        ],
        [
          0.0,
          0.0,
          0.0,
          1.0
        ]
      ]
    },
    {
      "file_path": "/media/NFS/ttao/scannet/posed_images/scene0463_01/00064.jpg",
      "transform_matrix": [
        [
          -0.50028,
          -0.159092,
          0.851122,
          1.821417
        ],
        [
          -0.865287,
          0.056,
          -0.498139,
          2.176055
        ],
        [
          0.031587,
          -0.985674,
          -0.165676,
          1.639379
        ],
        [
          0.0,
          0.0,
          0.0,
          1.0
        ]
      ]
    },
    {
      "file_path": "/media/NFS/ttao/scannet/posed_images/scene0463_01/00067.jpg",
      "transform_matrix": [
        [
          -0.491168,
          -0.140459,
          0.859666,
          1.818072
        ],
        [
          -0.870437,
          0.041653,
          -0.490516,
          2.176138
        ],
        [
          0.03309,
          -0.98921,
          -0.142719,
          1.650542
        ],
        [
          0.0,
          0.0,
          0.0,
          1.0
        ]
      ]
    },
    {
      "file_path": "/media/NFS/ttao/scannet/posed_images/scene0463_01/00072.jpg",
      "transform_matrix": [
        [
          -0.467465,
          -0.115636,
          0.876416,
          1.82354
        ],
        [
          -0.883278,
          0.02071,
          -0.468392,
          2.190494
        ],
        [
          0.036013,
          -0.993076,
          -0.11182,
          1.657269
        ],
        [
          0.0,
          0.0,
          0.0,
          1.0
        ]
      ]
    },
    {
      "file_path": "/media/NFS/ttao/scannet/posed_images/scene0463_01/00077.jpg",
      "transform_matrix": [
        [
          -0.435284,
          -0.094648,
          0.895304,
          1.822751
        ],
        [
          -0.899516,
          0.004405,
          -0.436866,
          2.194862
        ],
        [
          0.037405,
          -0.995501,
          -0.087054,
          1.670161
        ],
        [
          0.0,
          0.0,
          0.0,
          1.0
        ]
      ]
    },
    {
      "file_path": "/media/NFS/ttao/scannet/posed_images/scene0463_01/00080.jpg",
      "transform_matrix": [
        [
          -0.415956,
          -0.087601,
          0.905155,
          1.828954
        ],
        [
          -0.908832,
          0.005363,
          -0.417127,
          2.206782
        ],
        [
          0.031686,
          -0.996141,
          -0.081846,
          1.678631
        ],
        [
          0.0,
          0.0,
          0.0,
          1.0
        ]
      ]
    },
    {
      "file_path": "/media/NFS/ttao/scannet/posed_images/scene0463_01/00082.jpg",
      "transform_matrix": [
        [
          -0.397673,
          -0.081377,
          0.913911,
          1.817474
        ],
        [
          -0.917068,
          0.003753,
          -0.398713,
          2.199482
        ],
        [
          0.029016,
          -0.996676,
          -0.076121,
          1.672129
        ],
        [
          0.0,
          0.0,
          0.0,
          1.0
        ]
      ]
    },
    {
      "file_path": "/media/NFS/ttao/scannet/posed_images/scene0463_01/00085.jpg",
      "transform_matrix": [
        [
          -0.379185,
          -0.073847,
          0.922369,
          1.82091
        ],
        [
          -0.924903,
          0.00029,
          -0.380204,
          2.208246
        ],
        [
          0.02781,
          -0.997269,
          -0.068412,
          1.672775
        ],
        [
          0.0,
          0.0,
          0.0,
          1.0
        ]
      ]
    },
    {
      "file_path": "/media/NFS/ttao/scannet/posed_images/scene0463_01/00090.jpg",
      "transform_matrix": [
        [
          -0.351665,
          -0.068744,
          0.933598,
          1.841334
        ],
        [
          -0.935811,
          -7.1e-05,
          -0.352504,
          2.237373
        ],
        [
          0.024299,
          -0.997634,
          -0.064306,
          1.675636
        ],
        [
          0.0,
          0.0,
          0.0,
          1.0
        ]
      ]
    },
    {
      "file_path": "/media/NFS/ttao/scannet/posed_images/scene0463_01/00092.jpg",
      "transform_matrix": [
        [
          -0.344626,
          -0.069773,
          0.936143,
          1.853565
        ],
        [
          -0.938522,
          0.004109,
          -0.345195,
          2.260637
        ],
        [
          0.020239,
          -0.997554,
          -0.0669,
          1.694473
        ],
        [
          0.0,
          0.0,
          0.0,
          1.0
        ]
      ]
    },
    {
      "file_path": "/media/NFS/ttao/scannet/posed_images/scene0463_01/00098.jpg",
      "transform_matrix": [
        [
          -0.297435,
          -0.043457,
          0.953752,
          1.849166
        ],
        [
          -0.954642,
          -0.000933,
          -0.297755,
          2.273466
        ],
        [
          0.013829,
          -0.999055,
          -0.041208,
          1.702042
        ],
        [
          0.0,
          0.0,
          0.0,
          1.0
        ]
      ]
    },
    {
      "file_path": "/media/NFS/ttao/scannet/posed_images/scene0463_01/00100.jpg",
      "transform_matrix": [
        [
          -0.278491,
          -0.029983,
          0.959971,
          1.844046
        ],
        [
          -0.96034,
          -0.005637,
          -0.278774,
          2.271504
        ],
        [
          0.01377,
          -0.999534,
          -0.027224,
          1.680167
        ],
        [
          0.0,
          0.0,
          0.0,
          1.0
        ]
      ]
    },
    {
      "file_path": "/media/NFS/ttao/scannet/posed_images/scene0463_01/00104.jpg",
      "transform_matrix": [
        [
          -0.248309,
          -0.033255,
          0.96811,
          1.8472
        ],
        [
          -0.968392,
          -0.015903,
          -0.248928,
          2.285722
        ],
        [
          0.023674,
          -0.99932,
          -0.028255,
          1.686262
        ],
        [
          0.0,
          0.0,
          0.0,
          1.0
        ]
      ]
    },
    {
      "file_path": "/media/NFS/ttao/scannet/posed_images/scene0463_01/00108.jpg",
      "transform_matrix": [
        [
          -0.232154,
          -0.031513,
          0.972168,
          1.86875
        ],
        [
          -0.972264,
          -0.021671,
          -0.232879,
          2.334541
        ],
        [
          0.028406,
          -0.999268,
          -0.025608,
          1.658493
        ],
        [
          0.0,
          0.0,
          0.0,
          1.0
        ]
      ]
    },
    {
      "file_path": "/media/NFS/ttao/scannet/posed_images/scene0463_01/00112.jpg",
      "transform_matrix": [
        [
          -0.186475,
          -0.043099,
          0.981514,
          1.86857
        ],
        [
          -0.981797,
          -0.028523,
          -0.187781,
          2.31901
        ],
        [
          0.036089,
          -0.998664,
          -0.036996,
          1.676201
        ],
        [
          0.0,
          0.0,
          0.0,
          1.0
        ]
      ]
    },
    {
      "file_path": "/media/NFS/ttao/scannet/posed_images/scene0463_01/00115.jpg",
      "transform_matrix": [
        [
          -0.166935,
          -0.048241,
          0.984787,
          1.88023
        ],
        [
          -0.985196,
          -0.031368,
          -0.16854,
          2.327335
        ],
        [
          0.039021,
          -0.998343,
          -0.042291,
          1.687614
        ],
        [
          0.0,
          0.0,
          0.0,
          1.0
        ]
      ]
    },
    {
      "file_path": "/media/NFS/ttao/scannet/posed_images/scene0463_01/00119.jpg",
      "transform_matrix": [
        [
          -0.123091,
          -0.044167,
          0.991412,
          1.885739
        ],
        [
          -0.991803,
          -0.029031,
          -0.124433,
          2.305599
        ],
        [
          0.034277,
          -0.998602,
          -0.040232,
          1.660068
        ],
        [
          0.0,
          0.0,
          0.0,
          1.0
        ]
      ]
    },
    {
      "file_path": "/media/NFS/ttao/scannet/posed_images/scene0463_01/00122.jpg",
      "transform_matrix": [
        [
          -0.076663,
          -0.049416,
          0.995832,
          1.891905
        ],
        [
          -0.996364,
          -0.033437,
          -0.078363,
          2.248533
        ],
        [
          0.03717,
          -0.998218,
          -0.046673,
          1.657919
        ],
        [
          0.0,
          0.0,
          0.0,
          1.0
        ]
      ]
    },
    {
      "file_path": "/media/NFS/ttao/scannet/posed_images/scene0463_01/00124.jpg",
      "transform_matrix": [
        [
          -0.067143,
          -0.051231,
          0.996427,
          1.908325
        ],
        [
          -0.996911,
          -0.037339,
          -0.069095,
          2.254961
        ],
        [
          0.040746,
          -0.997988,
          -0.048565,
          1.669293
        ],
        [
          0.0,
          0.0,
          0.0,
          1.0
        ]
      ]
    },
    {
      "file_path": "/media/NFS/ttao/scannet/posed_images/scene0463_01/00129.jpg",
      "transform_matrix": [
        [
          -0.01721,
          -0.032131,
          0.999335,
          1.927108
        ],
        [
          -0.998799,
          -0.045305,
          -0.018657,
          2.226015
        ],
        [
          0.045874,
          -0.998456,
          -0.031313,
          1.640712
        ],
        [
          0.0,
          0.0,
          0.0,
          1.0
        ]
      ]
    },
    {
      "file_path": "/media/NFS/ttao/scannet/posed_images/scene0463_01/00133.jpg",
      "transform_matrix": [
        [
          0.055796,
          -0.01879,
          0.998265,
          1.916938
        ],
        [
          -0.996822,
          -0.057993,
          0.054624,
          2.15682
        ],
        [
          0.056866,
          -0.99814,
          -0.021966,
          1.642556
        ],
        [
          0.0,
          0.0,
          0.0,
          1.0
        ]
      ]
    },
    {
      "file_path": "/media/NFS/ttao/scannet/posed_images/scene0463_01/00136.jpg",
      "transform_matrix": [
        [
          0.079925,
          -0.026465,
          0.996449,
          1.921235
        ],
        [
          -0.995057,
          -0.061227,
          0.078187,
          2.156609
        ],
        [
          0.058941,
          -0.997773,
          -0.031228,
          1.671034
        ],
        [
          0.0,
          0.0,
          0.0,
          1.0
        ]
      ]
    },
    {
      "file_path": "/media/NFS/ttao/scannet/posed_images/scene0463_01/00138.jpg",
      "transform_matrix": [
        [
          0.089246,
          -0.025707,
          0.995678,
          1.924386
        ],
        [
          -0.994448,
          -0.058259,
          0.087632,
          2.159502
        ],
        [
          0.055754,
          -0.99797,
          -0.030764,
          1.662734
        ],
        [
          0.0,
          0.0,
          0.0,
          1.0
        ]
      ]
    },
    {
      "file_path": "/media/NFS/ttao/scannet/posed_images/scene0463_01/00144.jpg",
      "transform_matrix": [
        [
          0.131712,
          -0.048325,
          0.990109,
          1.9475
        ],
        [
          -0.990764,
          -0.038893,
          0.129901,
          2.110407
        ],
        [
          0.032231,
          -0.998074,
          -0.053002,
          1.633577
        ],
        [
          0.0,
          0.0,
          0.0,
          1.0
        ]
      ]
    },
    {
      "file_path": "/media/NFS/ttao/scannet/posed_images/scene0463_01/00147.jpg",
      "transform_matrix": [
        [
          0.138371,
          -0.062032,
          0.988436,
          1.940534
        ],
        [
          -0.989788,
          -0.043174,
          0.135851,
          2.112988
        ],
        [
          0.034248,
          -0.99714,
          -0.067373,
          1.622562
        ],
        [
          0.0,
          0.0,
          0.0,
          1.0
        ]
      ]
    },
    {
      "file_path": "/media/NFS/ttao/scannet/posed_images/scene0463_01/00148.jpg",
      "transform_matrix": [
        [
          0.145199,
          -0.064223,
          0.987316,
          1.947039
        ],
        [
          -0.9888,
          -0.044231,
          0.14254,
          2.102832
        ],
        [
          0.034516,
          -0.996955,
          -0.069926,
          1.611636
        ],
        [
          0.0,
          0.0,
          0.0,
          1.0
        ]
      ]
    },
    {
      "file_path": "/media/NFS/ttao/scannet/posed_images/scene0463_01/00153.jpg",
      "transform_matrix": [
        [
          0.186258,
          -0.108929,
          0.976444,
          1.935241
        ],
        [
          -0.981495,
          -0.065593,
          0.179904,
          2.04005
        ],
        [
          0.044452,
          -0.991883,
          -0.119131,
          1.60955
        ],
        [
          0.0,
          0.0,
          0.0,
          1.0
        ]
      ]
    },
    {
      "file_path": "/media/NFS/ttao/scannet/posed_images/scene0463_01/00155.jpg",
      "transform_matrix": [
        [
          0.206103,
          -0.122633,
          0.970815,
          1.953836
        ],
        [
          -0.977703,
          -0.066601,
          0.199152,
          2.039918
        ],
        [
          0.040235,
          -0.990215,
          -0.133626,
          1.602455
        ],
        [
          0.0,
          0.0,
          0.0,
          1.0
        ]
      ]
    },
    {
      "file_path": "/media/NFS/ttao/scannet/posed_images/scene0463_01/00161.jpg",
      "transform_matrix": [
        [
          0.301712,
          -0.157846,
          0.940242,
          1.954806
        ],
        [
          -0.953022,
          -0.077672,
          0.292774,
          1.942083
        ],
        [
          0.026818,
          -0.984404,
          -0.173865,
          1.59301
        ],
        [
          0.0,
          0.0,
          0.0,
          1.0
        ]
      ]
    },
    {
      "file_path": "/media/NFS/ttao/scannet/posed_images/scene0463_01/00165.jpg",
      "transform_matrix": [
        [
          0.351216,
          -0.175617,
          0.919677,
          1.941996
        ],
        [
          -0.93608,
          -0.086886,
          0.340889,
          1.902949
        ],
        [
          0.020041,
          -0.980617,
          -0.194907,
          1.582474
        ],
        [
          0.0,
          0.0,
          0.0,
          1.0
        ]
      ]
    },
    {
      "file_path": "/media/NFS/ttao/scannet/posed_images/scene0463_01/00168.jpg",
      "transform_matrix": [
        [
          0.374984,
          -0.18187,
          0.909016,
          1.93289
        ],
        [
          -0.926782,
          -0.096276,
          0.363051,
          1.877842
        ],
        [
          0.021488,
          -0.978598,
          -0.204656,
          1.572087
        ],
        [
          0.0,
          0.0,
          0.0,
          1.0
        ]
      ]
    },
    {
      "file_path": "/media/NFS/ttao/scannet/posed_images/scene0463_01/00169.jpg",
      "transform_matrix": [
        [
          0.378559,
          -0.187209,
          0.906447,
          1.929472
        ],
        [
          -0.925292,
          -0.100854,
          0.365599,
          1.871353
        ],
        [
          0.022976,
          -0.977129,
          -0.211402,
          1.569913
        ],
        [
          0.0,
          0.0,
          0.0,
          1.0
        ]
      ]
    },
    {
      "file_path": "/media/NFS/ttao/scannet/posed_images/scene0463_01/00174.jpg",
      "transform_matrix": [
        [
          0.40433,
          -0.204677,
          0.891417,
          1.937927
        ],
        [
          -0.914367,
          -0.113051,
          0.388783,
          1.822576
        ],
        [
          0.021201,
          -0.972279,
          -0.23286,
          1.572541
        ],
        [
          0.0,
          0.0,
          0.0,
          1.0
        ]
      ]
    },
    {
      "file_path": "/media/NFS/ttao/scannet/posed_images/scene0463_01/00178.jpg",
      "transform_matrix": [
        [
          0.418648,
          -0.215746,
          0.882149,
          1.93301
        ],
        [
          -0.908028,
          -0.115254,
          0.402742,
          1.794919
        ],
        [
          0.014782,
          -0.969624,
          -0.244155,
          1.562901
        ],
        [
          0.0,
          0.0,
          0.0,
          1.0
        ]
      ]
    },
    {
      "file_path": "/media/NFS/ttao/scannet/posed_images/scene0463_01/00180.jpg",
      "transform_matrix": [
        [
          0.431734,
          -0.229774,
          0.872244,
          1.936301
        ],
        [
          -0.901965,
          -0.118622,
          0.415197,
          1.76988
        ],
        [
          0.008066,
          -0.965988,
          -0.258461,
          1.564619
        ],
        [
          0.0,
          0.0,
          0.0,
          1.0
        ]
      ]
    },
    {
      "file_path": "/media/NFS/ttao/scannet/posed_images/scene0463_01/00184.jpg",
      "transform_matrix": [
        [
          0.446259,
          -0.263646,
          0.855186,
          1.936069
        ],
        [
          -0.894873,
          -0.12355,
          0.428879,
          1.759586
        ],
        [
          -0.007414,
          -0.956675,
          -0.291065,
          1.549058
        ],
        [
          0.0,
          0.0,
          0.0,
          1.0
        ]
      ]
    },
    {
      "file_path": "/media/NFS/ttao/scannet/posed_images/scene0463_01/00187.jpg",
      "transform_matrix": [
        [
          0.458082,
          -0.29322,
          0.839156,
          1.95303
        ],
        [
          -0.888818,
          -0.137518,
          0.43714,
          1.740627
        ],
        [
          -0.012779,
          -0.946103,
          -0.323614,
          1.538421
        ],
        [
          0.0,
          0.0,
          0.0,
          1.0
        ]
      ]
    },
    {
      "file_path": "/media/NFS/ttao/scannet/posed_images/scene0463_01/00190.jpg",
      "transform_matrix": [
        [
          0.475605,
          -0.313554,
          0.821878,
          1.976273
        ],
        [
          -0.879624,
          -0.161196,
          0.447524,
          1.711124
        ],
        [
          -0.00784,
          -0.935788,
          -0.352476,
          1.524131
        ],
        [
          0.0,
          0.0,
          0.0,
          1.0
        ]
      ]
    },
    {
      "file_path": "/media/NFS/ttao/scannet/posed_images/scene0463_01/00195.jpg",
      "transform_matrix": [
        [
          0.497692,
          -0.333449,
          0.800696,
          2.009727
        ],
        [
          -0.867354,
          -0.191717,
          0.459284,
          1.688646
        ],
        [
          0.000359,
          -0.923069,
          -0.384634,
          1.497658
        ],
        [
          0.0,
          0.0,
          0.0,
          1.0
        ]
      ]
    },
    {
      "file_path": "/media/NFS/ttao/scannet/posed_images/scene0463_01/00200.jpg",
      "transform_matrix": [
        [
          0.52607,
          -0.363836,
          0.768683,
          2.063126
        ],
        [
          -0.850428,
          -0.230156,
          0.473076,
          1.651282
        ],
        [
          0.004795,
          -0.90258,
          -0.430495,
          1.483595
        ],
        [
          0.0,
          0.0,
          0.0,
          1.0
        ]
      ]
    },
    {
      "file_path": "/media/NFS/ttao/scannet/posed_images/scene0463_01/00201.jpg",
      "transform_matrix": [
        [
          0.528671,
          -0.363843,
          0.766894,
          2.068064
        ],
        [
          -0.848794,
          -0.234545,
          0.473853,
          1.64957
        ],
        [
          0.007463,
          -0.901447,
          -0.432825,
          1.479746
        ],
        [
          0.0,
          0.0,
          0.0,
          1.0
        ]
      ]
    },
    {
      "file_path": "/media/NFS/ttao/scannet/posed_images/scene0463_01/00205.jpg",
      "transform_matrix": [
        [
          0.539617,
          -0.385694,
          0.748367,
          2.092144
        ],
        [
          -0.841875,
          -0.239015,
          0.483858,
          1.634247
        ],
        [
          -0.00775,
          -0.89113,
          -0.453683,
          1.470207
        ],
        [
          0.0,
          0.0,
          0.0,
          1.0
        ]
      ]
    },
    {
      "file_path": "/media/NFS/ttao/scannet/posed_images/scene0463_01/00208.jpg",
      "transform_matrix": [
        [
          0.562516,
          -0.394844,
          0.726412,
          2.106398
        ],
        [
          -0.826494,
          -0.245161,
          0.506759,
          1.618907
        ],
        [
          -0.022003,
          -0.885435,
          -0.464242,
          1.462307
        ],
        [
          0.0,
          0.0,
          0.0,
          1.0
        ]
      ]
    },
    {
      "file_path": "/media/NFS/ttao/scannet/posed_images/scene0463_01/00213.jpg",
      "transform_matrix": [
        [
          0.600203,
          -0.405866,
          0.689224,
          2.133795
        ],
        [
          -0.799475,
          -0.278097,
          0.532449,
          1.593985
        ],
        [
          -0.024431,
          -0.870595,
          -0.491394,
          1.447937
        ],
        [
          0.0,
          0.0,
          0.0,
          1.0
        ]
      ]
    },
    {
      "file_path": "/media/NFS/ttao/scannet/posed_images/scene0463_01/00218.jpg",
      "transform_matrix": [
        [
          0.650701,
          -0.395621,
          0.64813,
          2.155022
        ],
        [
          -0.758857,
          -0.30857,
          0.573516,
          1.570787
        ],
        [
          -0.026901,
          -0.865026,
          -0.501006,
          1.439121
        ],
        [
          0.0,
          0.0,
          0.0,
          1.0
        ]
      ]
    },
    {
      "file_path": "/media/NFS/ttao/scannet/posed_images/scene0463_01/00221.jpg",
      "transform_matrix": [
        [
          0.691918,
          -0.371089,
          0.619308,
          2.170891
        ],
        [
          -0.721568,
          -0.326577,
          0.610482,
          1.542503
        ],
        [
          -0.024291,
          -0.869276,
          -0.49373,
          1.444652
        ],
        [
          0.0,
          0.0,
          0.0,
          1.0
        ]
      ]
    },
    {
      "file_path": "/media/NFS/ttao/scannet/posed_images/scene0463_01/00222.jpg",
      "transform_matrix": [
        [
          0.704764,
          -0.362467,
          0.609857,
          2.17499
        ],
        [
          -0.70911,
          -0.333654,
          0.621158,
          1.534833
        ],
        [
          -0.021668,
          -0.870226,
          -0.492177,
          1.445386
        ],
        [
          0.0,
          0.0,
          0.0,
          1.0
        ]
      ]
    },
    {
      "file_path": "/media/NFS/ttao/scannet/posed_images/scene0463_01/00226.jpg",
      "transform_matrix": [
        [
          0.757903,
          -0.321923,
          0.567405,
          2.189209
        ],
        [
          -0.652325,
          -0.364057,
          0.664782,
          1.504542
        ],
        [
          -0.007441,
          -0.873973,
          -0.485918,
          1.442506
        ],
        [
          0.0,
          0.0,
          0.0,
          1.0
        ]
      ]
    },
    {
      "file_path": "/media/NFS/ttao/scannet/posed_images/scene0463_01/00232.jpg",
      "transform_matrix": [
        [
          0.800014,
          -0.296372,
          0.521671,
          2.214991
        ],
        [
          -0.599963,
          -0.401819,
          0.691799,
          1.475001
        ],
        [
          0.004588,
          -0.866432,
          -0.499273,
          1.441602
        ],
        [
          0.0,
          0.0,
          0.0,
          1.0
        ]
      ]
    },
    {
      "file_path": "/media/NFS/ttao/scannet/posed_images/scene0463_01/00233.jpg",
      "transform_matrix": [
        [
          0.806279,
          -0.292092,
          0.514389,
          2.220318
        ],
        [
          -0.591512,
          -0.405916,
          0.696668,
          1.471515
        ],
        [
          0.005307,
          -0.865976,
          -0.500057,
          1.441778
        ],
        [
          0.0,
          0.0,
          0.0,
          1.0
        ]
      ]
    },
    {
      "file_path": "/media/NFS/ttao/scannet/posed_images/scene0463_01/00237.jpg",
      "transform_matrix": [
        [
          0.825331,
          -0.285022,
          0.487434,
          2.248856
        ],
        [
          -0.564597,
          -0.404852,
          0.719253,
          1.456342
        ],
        [
          -0.007664,
          -0.868825,
          -0.49506,
          1.445817
        ],
        [
          0.0,
          0.0,
          0.0,
          1.0
        ]
      ]
    },
    {
      "file_path": "/media/NFS/ttao/scannet/posed_images/scene0463_01/00242.jpg",
      "transform_matrix": [
        [
          0.84605,
          -0.280157,
          0.453554,
          2.28792
        ],
        [
          -0.532728,
          -0.412383,
          0.739014,
          1.44503
        ],
        [
          -0.020002,
          -0.866864,
          -0.498144,
          1.444383
        ],
        [
          0.0,
          0.0,
          0.0,
          1.0
        ]
      ]
    },
    {
      "file_path": "/media/NFS/ttao/scannet/posed_images/scene0463_01/00243.jpg",
      "transform_matrix": [
        [
          0.847421,
          -0.279651,
          0.451301,
          2.294522
        ],
        [
          -0.530538,
          -0.413753,
          0.739823,
          1.444593
        ],
        [
          -0.020165,
          -0.866374,
          -0.498989,
          1.442064
        ],
        [
          0.0,
          0.0,
          0.0,
          1.0
        ]
      ]
    },
    {
      "file_path": "/media/NFS/ttao/scannet/posed_images/scene0463_01/00250.jpg",
      "transform_matrix": [
        [
          0.840267,
          -0.272957,
          0.468451,
          2.40917
        ],
        [
          -0.542045,
          -0.404178,
          0.736768,
          1.429965
        ],
        [
          -0.011769,
          -0.873003,
          -0.487572,
          1.451201
        ],
        [
          0.0,
          0.0,
          0.0,
          1.0
        ]
      ]
    },
    {
      "file_path": "/media/NFS/ttao/scannet/posed_images/scene0463_01/00251.jpg",
      "transform_matrix": [
        [
          0.837232,
          -0.267987,
          0.476681,
          2.424263
        ],
        [
          -0.546834,
          -0.40428,
          0.733164,
          1.431729
        ],
        [
          -0.003766,
          -0.874495,
          -0.485021,
          1.454843
        ],
        [
          0.0,
          0.0,
          0.0,
          1.0
        ]
      ]
    },
    {
      "file_path": "/media/NFS/ttao/scannet/posed_images/scene0463_01/00257.jpg",
      "transform_matrix": [
        [
          0.833252,
          -0.231098,
          0.50228,
          2.507478
        ],
        [
          -0.552007,
          -0.399149,
          0.732098,
          1.434167
        ],
        [
          0.031299,
          -0.887284,
          -0.460159,
          1.452228
        ],
        [
          0.0,
          0.0,
          0.0,
          1.0
        ]
      ]
    },
    {
      "file_path": "/media/NFS/ttao/scannet/posed_images/scene0463_01/00258.jpg",
      "transform_matrix": [
        [
          0.834778,
          -0.221862,
          0.503908,
          2.524805
        ],
        [
          -0.54873,
          -0.410348,
          0.728361,
          1.43393
        ],
        [
          0.045182,
          -0.884529,
          -0.464292,
          1.450095
        ],
        [
          0.0,
          0.0,
          0.0,
          1.0
        ]
      ]
    },
    {
      "file_path": "/media/NFS/ttao/scannet/posed_images/scene0463_01/00263.jpg",
      "transform_matrix": [
        [
          0.840055,
          -0.194625,
          0.506387,
          2.604744
        ],
        [
          -0.537753,
          -0.42196,
          0.729912,
          1.43661
        ],
        [
          0.071616,
          -0.885478,
          -0.45913,
          1.44999
        ],
        [
          0.0,
          0.0,
          0.0,
          1.0
        ]
      ]
    },
    {
      "file_path": "/media/NFS/ttao/scannet/posed_images/scene0463_01/00267.jpg",
      "transform_matrix": [
        [
          0.848845,
          -0.205401,
          0.487107,
          2.644285
        ],
        [
          -0.524557,
          -0.441593,
          0.727898,
          1.443583
        ],
        [
          0.065592,
          -0.873388,
          -0.482589,
          1.454287
        ],
        [
          0.0,
          0.0,
          0.0,
          1.0
        ]
      ]
    },
    {
      "file_path": "/media/NFS/ttao/scannet/posed_images/scene0463_01/00271.jpg",
      "transform_matrix": [
        [
          0.865192,
          -0.191196,
          0.46356,
          2.681759
        ],
        [
          -0.496908,
          -0.450933,
          0.741446,
          1.439502
        ],
        [
          0.067273,
          -0.87184,
          -0.48515,
          1.457575
        ],
        [
          0.0,
          0.0,
          0.0,
          1.0
        ]
      ]
    },
    {
      "file_path": "/media/NFS/ttao/scannet/posed_images/scene0463_01/00272.jpg",
      "transform_matrix": [
        [
          0.869606,
          -0.183447,
          0.458402,
          2.689364
        ],
        [
          -0.488441,
          -0.455356,
          0.744363,
          1.437256
        ],
        [
          0.072185,
          -0.871205,
