{
  "frames": [
    {
      "file_path": "/media/NFS/ttao/scannet/posed_images/scene0230_00/00000.jpg",
      "transform_matrix": [
        [
          -0.891507,
          -0.215433,
          0.398503,
          3.147247
        ],
        [
          -0.451406,
          0.49638,
          -0.741512,
          1.335571
        ],
        [
          -0.038063,
          -0.840949,
          -0.539773,
          1.630896
        ],
        [
          0.0,
          0.0,
          0.0,
          1.0
        ]
      ]
    },
    {
      "file_path": "/media/NFS/ttao/scannet/posed_images/scene0230_00/00001.jpg",
      "transform_matrix": [
        [
          -0.892887,
          -0.210917,
          0.397829,
          3.146111
        ],
        [
          -0.448363,
          0.49794,
          -0.742312,
          1.339535
        ],
        [
          -0.041529,
          -0.841172,
          -0.539171,
          1.628549
        ],
        [
          0.0,
          0.0,
          0.0,
          1.0
        ]
      ]
    },
    {
      "file_path": "/media/NFS/ttao/scannet/posed_images/scene0230_00/00002.jpg",
      "transform_matrix": [
        [
          -0.895293,
          -0.209283,
          0.393257,
          3.147202
        ],
        [
          -0.443405,
          0.5037,
          -0.741403,
          1.340459
        ],
        [
          -0.04292,
          -0.838145,
          -0.543757,
          1.630071
        ],
        [
          0.0,
          0.0,
          0.0,
          1.0
        ]
      ]
    },
    {
      "file_path": "/media/NFS/ttao/scannet/posed_images/scene0230_00/00003.jpg",
      "transform_matrix": [
        [
          -0.896593,
          -0.207774,
          0.391091,
          3.147647
        ],
        [
          -0.440745,
          0.504785,
          -0.742251,
          1.341537
        ],
        [
          -0.043197,
          -0.837868,
          -0.544161,
          1.629124
        ],
        [
          0.0,
          0.0,
          0.0,
          1.0
        ]
      ]
    },
    {
      "file_path": "/media/NFS/ttao/scannet/posed_images/scene0230_00/00004.jpg",
      "transform_matrix": [
        [
          -0.897892,
          -0.206303,
          0.388881,
          3.145764
        ],
        [
          -0.438057,
          0.506092,
          -0.742952,
          1.342252
        ],
        [
          -0.043537,
          -0.837443,
          -0.544788,
          1.628569
        ],
        [
          0.0,
          0.0,
          0.0,
          1.0
        ]
      ]
    },
    {
      "file_path": "/media/NFS/ttao/scannet/posed_images/scene0230_00/00005.jpg",
      "transform_matrix": [
        [
          -0.89917,
          -0.20656,
          0.385782,
          3.14764
        ],
        [
          -0.435555,
          0.50761,
          -0.743387,
          1.342687
        ],
        [
          -0.042273,
          -0.83646,
          -0.546395,
          1.629429
        ],
        [
          0.0,
          0.0,
          0.0,
          1.0
        ]
      ]
    },
    {
      "file_path": "/media/NFS/ttao/scannet/posed_images/scene0230_00/00006.jpg",
      "transform_matrix": [
        [
          -0.899772,
          -0.205977,
          0.384686,
          3.147489
        ],
        [
          -0.434321,
          0.507863,
          -0.743936,
          1.34353
        ],
        [
          -0.042134,
          -0.83645,
          -0.546421,
          1.629717
        ],
        [
          0.0,
          0.0,
          0.0,
          1.0
        ]
      ]
    },
    {
      "file_path": "/media/NFS/ttao/scannet/posed_images/scene0230_00/00007.jpg",
      "transform_matrix": [
        [
          -0.900168,
          -0.205096,
          0.384232,
          3.147201
        ],
        [
          -0.433524,
          0.506798,
          -0.745127,
          1.344784
        ],
        [
          -0.041906,
          -0.837312,
          -0.545116,
          1.62909
        ],
        [
          0.0,
          0.0,
          0.0,
          1.0
        ]
      ]
    },
    {
      "file_path": "/media/NFS/ttao/scannet/posed_images/scene0230_00/00008.jpg",
      "transform_matrix": [
        [
          -0.900765,
          -0.203889,
          0.383472,
          3.147319
        ],
        [
          -0.432281,
          0.506081,
          -0.746335,
          1.34574
        ],
        [
          -0.041898,
          -0.83804,
          -0.543997,
          1.629611
        ],
        [
          0.0,
          0.0,
          0.0,
          1.0
        ]
      ]
    },
    {
      "file_path": "/media/NFS/ttao/scannet/posed_images/scene0230_00/00009.jpg",
      "transform_matrix": [
        [
          -0.901074,
          -0.202044,
          0.383725,
          3.146919
        ],
        [
          -0.431482,
          0.506387,
          -0.746589,
          1.346198
        ],
        [
          -0.043469,
          -0.838302,
          -0.54347,
          1.629485
        ],
        [
          0.0,
          0.0,
          0.0,
          1.0
        ]
      ]
    },
    {
      "file_path": "/media/NFS/ttao/scannet/posed_images/scene0230_00/00010.jpg",
      "transform_matrix": [
        [
          -0.901258,
          -0.204099,
          0.382202,
          3.149894
        ],
        [
          -0.431284,
          0.507225,
          -0.746135,
          1.346297
        ],
        [
          -0.041577,
          -0.837297,
          -0.545165,
          1.631925
        ],
        [
          0.0,
          0.0,
          0.0,
          1.0
        ]
      ]
    },
    {
      "file_path": "/media/NFS/ttao/scannet/posed_images/scene0230_00/00011.jpg",
      "transform_matrix": [
        [
          -0.901525,
          -0.203715,
          0.381777,
          3.149428
        ],
        [
          -0.430682,
          0.508105,
          -0.745884,
          1.346795
        ],
        [
          -0.042035,
          -0.836857,
          -0.545805,
          1.632154
        ],
        [
          0.0,
          0.0,
          0.0,
          1.0
        ]
      ]
    },
    {
      "file_path": "/media/NFS/ttao/scannet/posed_images/scene0230_00/00012.jpg",
      "transform_matrix": [
        [
          -0.90416,
          -0.200952,
          0.37698,
          3.14763
        ],
        [
          -0.425081,
          0.510901,
          -0.747186,
          1.348472
        ],
        [
          -0.042451,
          -0.835822,
          -0.547357,
          1.630506
        ],
        [
          0.0,
          0.0,
          0.0,
          1.0
        ]
      ]
    },
    {
      "file_path": "/media/NFS/ttao/scannet/posed_images/scene0230_00/00013.jpg",
      "transform_matrix": [
        [
          -0.906128,
          -0.199425,
          0.373045,
          3.147365
        ],
        [
          -0.420945,
          0.512036,
          -0.748749,
          1.349043
        ],
        [
          -0.041693,
          -0.835493,
          -0.547917,
          1.630952
        ],
        [
          0.0,
          0.0,
          0.0,
          1.0
        ]
      ]
    },
    {
      "file_path": "/media/NFS/ttao/scannet/posed_images/scene0230_00/00014.jpg",
      "transform_matrix": [
        [
          -0.908225,
          -0.196794,
          0.369324,
          3.146149
        ],
        [
          -0.416364,
          0.51364,
          -0.750211,
          1.349113
        ],
        [
          -0.042062,
          -0.835133,
          -0.548438,
          1.631185
        ],
        [
          0.0,
          0.0,
          0.0,
          1.0
        ]
      ]
    },
    {
      "file_path": "/media/NFS/ttao/scannet/posed_images/scene0230_00/00016.jpg",
      "transform_matrix": [
        [
          -0.913257,
          -0.191744,
          0.359439,
          3.143323
        ],
        [
          -0.405321,
          0.516353,
          -0.754384,
          1.349322
        ],
        [
          -0.040949,
          -0.834634,
          -0.549281,
          1.631228
        ],
        [
          0.0,
          0.0,
          0.0,
          1.0
        ]
      ]
    },
    {
      "file_path": "/media/NFS/ttao/scannet/posed_images/scene0230_00/00017.jpg",
      "transform_matrix": [
        [
          -0.915992,
          -0.188681,
          0.354059,
          3.1407
        ],
        [
          -0.399135,
          0.517911,
          -0.75661,
          1.349342
        ],
        [
          -0.040613,
          -0.834366,
          -0.549712,
          1.630221
        ],
        [
          0.0,
          0.0,
          0.0,
          1.0
        ]
      ]
    },
    {
      "file_path": "/media/NFS/ttao/scannet/posed_images/scene0230_00/00018.jpg",
      "transform_matrix": [
        [
          -0.919158,
          -0.185925,
          0.347248,
          3.138997
        ],
        [
          -0.391958,
          0.518941,
          -0.759651,
          1.349157
        ],
        [
          -0.038963,
          -0.834345,
          -0.549863,
          1.629143
        ],
        [
          0.0,
          0.0,
          0.0,
          1.0
        ]
      ]
    },
    {
      "file_path": "/media/NFS/ttao/scannet/posed_images/scene0230_00/00019.jpg",
      "transform_matrix": [
        [
          -0.922863,
          -0.182171,
          0.339319,
          3.136427
        ],
        [
          -0.383316,
          0.519847,
          -0.763432,
          1.348347
        ],
        [
          -0.037319,
          -0.83461,
          -0.549577,
          1.627851
        ],
        [
          0.0,
          0.0,
          0.0,
          1.0
        ]
      ]
    },
    {
      "file_path": "/media/NFS/ttao/scannet/posed_images/scene0230_00/00020.jpg",
      "transform_matrix": [
        [
          -0.926859,
          -0.177973,
          0.330544,
          3.134509
        ],
        [
          -0.373747,
          0.520273,
          -0.767874,
          1.348126
        ],
        [
          -0.035312,
          -0.83525,
          -0.548736,
          1.624882
        ],
        [
          0.0,
          0.0,
          0.0,
          1.0
        ]
      ]
    },
    {
      "file_path": "/media/NFS/ttao/scannet/posed_images/scene0230_00/00021.jpg",
      "transform_matrix": [
        [
          -0.931948,
          -0.170859,
          0.319814,
          3.129998
        ],
        [
          -0.360959,
          0.520822,
          -0.773598,
          1.347891
        ],
        [
          -0.03439,
          -0.836392,
          -0.547052,
          1.62213
        ],
        [
          0.0,
          0.0,
          0.0,
          1.0
        ]
      ]
    },
    {
      "file_path": "/media/NFS/ttao/scannet/posed_images/scene0230_00/00022.jpg",
      "transform_matrix": [
        [
          -0.937148,
          -0.16651,
          0.30664,
          3.128335
        ],
        [
          -0.347594,
          0.522382,
          -0.77865,
          1.344226
        ],
        [
          -0.03053,
          -0.836297,
          -0.547427,
          1.622241
        ],
        [
          0.0,
          0.0,
          0.0,
          1.0
        ]
      ]
    },
    {
      "file_path": "/media/NFS/ttao/scannet/posed_images/scene0230_00/00023.jpg",
      "transform_matrix": [
        [
          -0.943245,
          -0.159806,
          0.291121,
          3.125991
        ],
        [
          -0.331019,
          0.523045,
          -0.785398,
          1.340287
        ],
        [
          -0.026758,
          -0.837189,
          -0.546259,
          1.620637
        ],
        [
          0.0,
          0.0,
          0.0,
          1.0
        ]
      ]
    },
    {
      "file_path": "/media/NFS/ttao/scannet/posed_images/scene0230_00/00024.jpg",
      "transform_matrix": [
        [
          -0.949433,
          -0.152286,
          0.274565,
          3.12229
        ],
        [
          -0.31309,
          0.524629,
          -0.791669,
          1.33545
        ],
        [
          -0.023485,
          -0.8376,
          -0.545779,
          1.619422
        ],
        [
          0.0,
          0.0,
          0.0,
          1.0
        ]
      ]
    },
    {
      "file_path": "/media/NFS/ttao/scannet/posed_images/scene0230_00/00025.jpg",
      "transform_matrix": [
        [
          -0.955779,
          -0.143093,
          0.256926,
          3.116675
        ],
        [
          -0.293326,
          0.526603,
          -0.797903,
          1.330459
        ],
        [
          -0.021124,
          -0.837982,
          -0.545289,
          1.617091
        ],
        [
          0.0,
          0.0,
          0.0,
          1.0
        ]
      ]
    },
    {
      "file_path": "/media/NFS/ttao/scannet/posed_images/scene0230_00/00026.jpg",
      "transform_matrix": [
        [
          -0.962158,
          -0.13646,
          0.235864,
          3.115534
        ],
        [
          -0.272068,
          0.52947,
          -0.803518,
          1.324181
        ],
        [
          -0.015235,
          -0.837282,
          -0.54656,
          1.615755
        ],
        [
          0.0,
          0.0,
          0.0,
          1.0
        ]
      ]
    },
    {
      "file_path": "/media/NFS/ttao/scannet/posed_images/scene0230_00/00027.jpg",
      "transform_matrix": [
        [
          -0.973476,
          -0.120762,
          0.194322,
          3.11405
        ],
        [
          -0.228661,
          0.542087,
          -0.808614,
          1.308441
        ],
        [
          -0.00769,
          -0.8316,
          -0.555322,
          1.615352
        ],
        [
          0.0,
          0.0,
          0.0,
          1.0
        ]
      ]
    },
    {
      "file_path": "/media/NFS/ttao/scannet/posed_images/scene0230_00/00028.jpg",
      "transform_matrix": [
        [
          -0.978708,
          -0.109425,
          0.173658,
          3.114217
        ],
        [
          -0.205179,
          0.54508,
          -0.81289,
          1.302803
        ],
        [
          -0.005707,
          -0.831213,
          -0.555926,
          1.612635
        ],
        [
          0.0,
          0.0,
          0.0,
          1.0
        ]
      ]
    },
    {
      "file_path": "/media/NFS/ttao/scannet/posed_images/scene0230_00/00029.jpg",
      "transform_matrix": [
        [
          -0.983284,
          -0.099053,
          0.152777,
          3.115437
        ],
        [
          -0.182057,
          0.547617,
          -0.816683,
          1.29647
        ],
        [
          -0.002768,
          -0.830846,
          -0.556496,
          1.610759
        ],
        [
          0.0,
          0.0,
          0.0,
          1.0
        ]
      ]
    },
    {
      "file_path": "/media/NFS/ttao/scannet/posed_images/scene0230_00/00030.jpg",
      "transform_matrix": [
        [
          -0.987678,
          -0.08331,
          0.132481,
          3.116054
        ],
        [
          -0.156421,
          0.552089,
          -0.818981,
          1.288851
        ],
        [
          -0.004912,
          -0.829612,
          -0.558318,
          1.608308
        ],
        [
          0.0,
          0.0,
          0.0,
          1.0
        ]
      ]
    },
    {
      "file_path": "/media/NFS/ttao/scannet/posed_images/scene0230_00/00032.jpg",
      "transform_matrix": [
        [
          -0.993503,
          -0.060176,
          0.096596,
          3.130612
        ],
        [
          -0.113695,
          0.562398,
          -0.819013,
          1.273899
        ],
        [
          -0.00504,
          -0.824674,
          -0.565585,
          1.608836
        ],
        [
          0.0,
          0.0,
          0.0,
          1.0
        ]
      ]
    },
    {
      "file_path": "/media/NFS/ttao/scannet/posed_images/scene0230_00/00033.jpg",
      "transform_matrix": [
        [
          -0.995625,
          -0.04466,
          0.08208,
          3.136243
        ],
        [
          -0.092896,
          0.568051,
          -0.817733,
          1.267508
        ],
        [
          -0.010106,
          -0.82178,
          -0.569715,
          1.607762
        ],
        [
          0.0,
          0.0,
          0.0,
          1.0
        ]
      ]
    },
    {
      "file_path": "/media/NFS/ttao/scannet/posed_images/scene0230_00/00034.jpg",
      "transform_matrix": [
        [
          -0.997077,
          -0.032368,
          0.069216,
          3.143932
        ],
        [
          -0.075252,
          0.573075,
          -0.816041,
          1.262174
        ],
        [
          -0.013252,
          -0.818864,
          -0.573835,
          1.606591
        ],
        [
          0.0,
          0.0,
          0.0,
          1.0
        ]
      ]
    },
    {
      "file_path": "/media/NFS/ttao/scannet/posed_images/scene0230_00/00035.jpg",
      "transform_matrix": [
        [
          -0.998111,
          -0.018888,
          0.058463,
          3.148675
        ],
        [
          -0.058618,
          0.577766,
          -0.814095,
          1.25723
        ],
        [
          -0.018402,
          -0.815984,
          -0.577782,
          1.606128
        ],
        [
          0.0,
          0.0,
          0.0,
          1.0
        ]
      ]
    },
    {
      "file_path": "/media/NFS/ttao/scannet/posed_images/scene0230_00/00036.jpg",
      "transform_matrix": [
        [
          -0.998811,
          -0.006671,
          0.048289,
          3.156491
        ],
        [
          -0.04317,
          0.581169,
          -0.812637,
          1.25336
        ],
        [
          -0.022643,
          -0.813756,
          -0.580766,
          1.604315
        ],
        [
          0.0,
          0.0,
          0.0,
          1.0
        ]
      ]
    },
    {
      "file_path": "/media/NFS/ttao/scannet/posed_images/scene0230_00/00037.jpg",
      "transform_matrix": [
        [
          -0.99919,
          0.005647,
          0.039854,
          3.164458
        ],
        [
          -0.029084,
          0.583227,
          -0.811788,
          1.25041
        ],
        [
          -0.027828,
          -0.81229,
          -0.58259,
          1.602942
        ],
        [
          0.0,
          0.0,
          0.0,
          1.0
        ]
      ]
    },
    {
      "file_path": "/media/NFS/ttao/scannet/posed_images/scene0230_00/00038.jpg",
      "transform_matrix": [
        [
          -0.999413,
          0.015546,
          0.030534,
          3.173683
        ],
        [
          -0.015711,
          0.584028,
          -0.811582,
          1.24759
        ],
        [
          -0.03045,
          -0.811585,
          -0.58344,
          1.603614
        ],
        [
          0.0,
          0.0,
          0.0,
          1.0
        ]
      ]
    },
    {
      "file_path": "/media/NFS/ttao/scannet/posed_images/scene0230_00/00039.jpg",
      "transform_matrix": [
        [
          -0.999403,
          0.026357,
          0.02235,
          3.182961
        ],
        [
          -0.002776,
          0.583419,
          -0.812167,
          1.245299
        ],
        [
          -0.034446,
          -0.811744,
          -0.582997,
          1.60343
        ],
        [
          0.0,
          0.0,
          0.0,
          1.0
        ]
      ]
    },
    {
      "file_path": "/media/NFS/ttao/scannet/posed_images/scene0230_00/00040.jpg",
      "transform_matrix": [
        [
          -0.999059,
          0.040495,
          0.015536,
          3.186716
        ],
        [
          0.010966,
          0.582413,
          -0.812819,
          1.244155
        ],
        [
          -0.041963,
          -0.811884,
          -0.582309,
          1.600525
        ],
        [
          0.0,
          0.0,
          0.0,
          1.0
        ]
      ]
    },
    {
      "file_path": "/media/NFS/ttao/scannet/posed_images/scene0230_00/00041.jpg",
      "transform_matrix": [
        [
          -0.99884,
          0.047814,
          0.005753,
          3.196253
        ],
        [
          0.023289,
          0.584126,
          -0.811329,
          1.241965
        ],
        [
          -0.042153,
          -0.810254,
          -0.584561,
          1.600436
        ],
        [
          0.0,
          0.0,
          0.0,
          1.0
        ]
      ]
    },
    {
      "file_path": "/media/NFS/ttao/scannet/posed_images/scene0230_00/00042.jpg",
      "transform_matrix": [
        [
          -0.998393,
          0.056586,
          -0.002987,
          3.203653
        ],
        [
          0.03568,
          0.586836,
          -0.808919,
          1.240018
        ],
        [
          -0.044021,
          -0.807726,
          -0.587912,
          1.600071
        ],
        [
          0.0,
          0.0,
          0.0,
          1.0
        ]
      ]
    },
    {
      "file_path": "/media/NFS/ttao/scannet/posed_images/scene0230_00/00043.jpg",
      "transform_matrix": [
        [
          -0.997868,
          0.064303,
          -0.011215,
          3.211248
        ],
        [
          0.047031,
          0.589143,
          -0.806659,
          1.238867
        ],
        [
          -0.045263,
          -0.805466,
          -0.590911,
          1.599303
        ],
        [
          0.0,
          0.0,
          0.0,
          1.0
        ]
      ]
    },
    {
      "file_path": "/media/NFS/ttao/scannet/posed_images/scene0230_00/00044.jpg",
      "transform_matrix": [
        [
          -0.997258,
          0.071239,
          -0.020032,
          3.219508
        ],
        [
          0.058388,
          0.591153,
          -0.804443,
          1.237947
        ],
        [
          -0.045466,
          -0.803407,
          -0.593692,
          1.598371
        ],
        [
          0.0,
          0.0,
          0.0,
          1.0
        ]
      ]
    },
    {
      "file_path": "/media/NFS/ttao/scannet/posed_images/scene0230_00/00045.jpg",
      "transform_matrix": [
        [
          -0.996325,
          0.081075,
          -0.027647,
          3.224591
        ],
        [
          0.070484,
          0.592541,
          -0.802451,
          1.237235
        ],
        [
          -0.048677,
          -0.80145,
          -0.596077,
          1.596825
        ],
        [
          0.0,
          0.0,
          0.0,
          1.0
        ]
      ]
    },
    {
      "file_path": "/media/NFS/ttao/scannet/posed_images/scene0230_00/00046.jpg",
      "transform_matrix": [
        [
          -0.99526,
          0.089759,
          -0.037437,
          3.229607
        ],
        [
          0.083724,
          0.594918,
          -0.799414,
          1.235569
        ],
        [
          -0.049483,
          -0.798759,
          -0.599613,
          1.596674
        ],
        [
          0.0,
          0.0,
          0.0,
          1.0
        ]
      ]
    },
    {
      "file_path": "/media/NFS/ttao/scannet/posed_images/scene0230_00/00048.jpg",
      "transform_matrix": [
        [
          -0.99228,
          0.111608,
          -0.054084,
          3.238351
        ],
        [
          0.110876,
          0.60292,
          -0.790059,
          1.231605
        ],
        [
          -0.055569,
          -0.789956,
          -0.61064,
          1.596296
        ],
        [
          0.0,
          0.0,
          0.0,
          1.0
        ]
      ]
    },
    {
      "file_path": "/media/NFS/ttao/scannet/posed_images/scene0230_00/00049.jpg",
      "transform_matrix": [
        [
          -0.990267,
          0.125273,
          -0.060654,
          3.237657
        ],
        [
          0.124505,
          0.602491,
          -0.788355,
          1.231788
        ],
        [
          -0.062216,
          -0.788233,
          -0.612224,
          1.594011
        ],
        [
          0.0,
          0.0,
          0.0,
          1.0
        ]
      ]
    },
    {
      "file_path": "/media/NFS/ttao/scannet/posed_images/scene0230_00/00050.jpg",
      "transform_matrix": [
        [
          -0.988373,
          0.135749,
          -0.068494,
          3.238963
        ],
        [
          0.137245,
          0.602604,
          -0.78615,
          1.230426
        ],
        [
          -0.065445,
          -0.78641,
          -0.614228,
          1.594257
        ],
        [
          0.0,
          0.0,
          0.0,
          1.0
        ]
      ]
    },
    {
      "file_path": "/media/NFS/ttao/scannet/posed_images/scene0230_00/00051.jpg",
      "transform_matrix": [
        [
          -0.986539,
          0.14399,
          -0.077511,
          3.241782
        ],
        [
          0.149694,
          0.60439,
          -0.782499,
          1.228166
        ],
        [
          -0.065825,
          -0.783569,
          -0.617808,
          1.593285
        ],
        [
          0.0,
          0.0,
          0.0,
          1.0
        ]
      ]
    },
    {
      "file_path": "/media/NFS/ttao/scannet/posed_images/scene0230_00/00052.jpg",
      "transform_matrix": [
        [
          -0.984466,
          0.153563,
          -0.085115,
          3.240352
        ],
        [
          0.161775,
          0.604999,
          -0.779618,
          1.227345
        ],
        [
          -0.068226,
          -0.781278,
          -0.620444,
          1.592044
        ],
        [
          0.0,
          0.0,
          0.0,
          1.0
        ]
      ]
    },
    {
      "file_path": "/media/NFS/ttao/scannet/posed_images/scene0230_00/00053.jpg",
      "transform_matrix": [
        [
          -0.982391,
          0.161908,
          -0.093241,
          3.239558
        ],
        [
          0.173502,
          0.605395,
          -0.776784,
          1.225809
        ],
        [
          -0.069319,
          -0.779283,
          -0.622826,
          1.590871
        ],
        [
          0.0,
          0.0,
          0.0,
          1.0
        ]
      ]
    },
    {
      "file_path": "/media/NFS/ttao/scannet/posed_images/scene0230_00/00054.jpg",
      "transform_matrix": [
        [
          -0.980286,
          0.169317,
          -0.101834,
          3.237333
        ],
        [
          0.185162,
          0.607404,
          -0.772512,
          1.223087
        ],
        [
          -0.068945,
          -0.776139,
          -0.626781,
          1.592036
        ],
        [
          0.0,
          0.0,
          0.0,
          1.0
        ]
      ]
    },
    {
      "file_path": "/media/NFS/ttao/scannet/posed_images/scene0230_00/00055.jpg",
      "transform_matrix": [
        [
          -0.977931,
          0.177531,
          -0.110153,
          3.23521
        ],
        [
          0.196941,
          0.607284,
          -0.769688,
          1.221703
        ],
        [
          -0.069749,
          -0.774396,
          -0.628845,
          1.589627
        ],
        [
          0.0,
          0.0,
          0.0,
          1.0
        ]
      ]
    },
    {
      "file_path": "/media/NFS/ttao/scannet/posed_images/scene0230_00/00056.jpg",
      "transform_matrix": [
        [
          -0.975237,
          0.186665,
          -0.118617,
          3.233061
        ],
        [
          0.209493,
          0.607744,
          -0.766002,
          1.219265
        ],
        [
          -0.070897,
          -0.771883,
          -0.631799,
          1.587661
        ],
        [
          0.0,
          0.0,
          0.0,
          1.0
        ]
      ]
    },
    {
      "file_path": "/media/NFS/ttao/scannet/posed_images/scene0230_00/00057.jpg",
      "transform_matrix": [
        [
          -0.972228,
          0.196946,
          -0.12643,
          3.229548
        ],
        [
          0.222378,
          0.609037,
          -0.761329,
          1.216229
        ],
        [
          -0.07294,
          -0.768301,
          -0.635919,
          1.588559
        ],
        [
          0.0,
          0.0,
          0.0,
          1.0
        ]
      ]
    },
    {
      "file_path": "/media/NFS/ttao/scannet/posed_images/scene0230_00/00058.jpg",
      "transform_matrix": [
        [
          -0.969042,
          0.207155,
          -0.134331,
          3.224956
        ],
        [
          0.235096,
          0.608,
          -0.758331,
          1.21476
        ],
        [
          -0.075419,
          -0.766435,
          -0.637878,
          1.586363
        ],
        [
          0.0,
          0.0,
          0.0,
          1.0
        ]
      ]
    },
    {
      "file_path": "/media/NFS/ttao/scannet/posed_images/scene0230_00/00059.jpg",
      "transform_matrix": [
        [
          -0.9656,
          0.216608,
          -0.143866,
          3.220923
        ],
        [
          0.248505,
          0.605798,
          -0.755814,
          1.212777
        ],
        [
          -0.076562,
          -0.765565,
          -0.638787,
          1.584657
        ],
        [
          0.0,
          0.0,
          0.0,
          1.0
        ]
      ]
    },
    {
      "file_path": "/media/NFS/ttao/scannet/posed_images/scene0230_00/00060.jpg",
      "transform_matrix": [
        [
          -0.961582,
          0.229415,
          -0.150758,
          3.210215
        ],
        [
          0.26206,
          0.603581,
          -0.753004,
          1.209672
        ],
        [
          -0.081756,
          -0.763583,
          -0.640513,
          1.584637
        ],
        [
          0.0,
          0.0,
          0.0,
          1.0
        ]
      ]
    },
    {
      "file_path": "/media/NFS/ttao/scannet/posed_images/scene0230_00/00061.jpg",
      "transform_matrix": [
        [
          -0.958072,
          0.234477,
          -0.164676,
          3.21222
        ],
        [
          0.275837,
          0.599258,
          -0.751534,
          1.207858
        ],
        [
          -0.077534,
          -0.765447,
          -0.63881,
          1.581578
        ],
        [
          0.0,
          0.0,
          0.0,
          1.0
        ]
      ]
    },
    {
      "file_path": "/media/NFS/ttao/scannet/posed_images/scene0230_00/00062.jpg",
      "transform_matrix": [
        [
          -0.954425,
          0.241427,
          -0.175458,
          3.207035
        ],
        [
          0.288428,
          0.59507,
          -0.750134,
          1.20577
        ],
        [
          -0.076692,
          -0.766553,
          -0.637585,
          1.579685
        ],
        [
          0.0,
          0.0,
          0.0,
          1.0
        ]
      ]
    },
    {
      "file_path": "/media/NFS/ttao/scannet/posed_images/scene0230_00/00064.jpg",
      "transform_matrix": [
        [
          -0.945821,
          0.256683,
          -0.198839,
          3.198153
        ],
        [
          0.316095,
          0.587962,
          -0.74457,
          1.198308
        ],
        [
          -0.074209,
          -0.767081,
          -0.637243,
          1.579452
        ],
        [
          0.0,
          0.0,
          0.0,
          1.0
        ]
      ]
    },
    {
      "file_path": "/media/NFS/ttao/scannet/posed_images/scene0230_00/00065.jpg",
      "transform_matrix": [
        [
          -0.941451,
          0.263596,
          -0.210206,
          3.192824
        ],
        [
          0.32919,
          0.58401,
          -0.742001,
          1.195062
        ],
        [
          -0.072826,
          -0.767756,
          -0.636591,
          1.577349
        ],
        [
          0.0,
          0.0,
          0.0,
          1.0
        ]
      ]
    },
    {
      "file_path": "/media/NFS/ttao/scannet/posed_images/scene0230_00/00066.jpg",
      "transform_matrix": [
        [
          -0.937144,
          0.269547,
          -0.221597,
          3.187448
        ],
        [
          0.341715,
          0.580339,
          -0.739214,
          1.191578
        ],
        [
          -0.070652,
          -0.768473,
          -0.63597,
          1.577109
        ],
        [
          0.0,
          0.0,
          0.0,
          1.0
        ]
      ]
    },
    {
      "file_path": "/media/NFS/ttao/scannet/posed_images/scene0230_00/00067.jpg",
      "transform_matrix": [
        [
          -0.932315,
          0.277155,
          -0.232323,
          3.179384
        ],
        [
          0.35463,
          0.574701,
          -0.737533,
          1.18899
        ],
        [
          -0.070895,
          -0.770002,
          -0.63409,
          1.577228
        ],
        [
          0.0,
          0.0,
          0.0,
          1.0
        ]
      ]
    },
    {
      "file_path": "/media/NFS/ttao/scannet/posed_images/scene0230_00/00068.jpg",
      "transform_matrix": [
        [
          -0.927441,
          0.281344,
          -0.246371,
          3.175186
        ],
        [
          0.367889,
          0.568065,
          -0.73618,
          1.185293
        ],
        [
          -0.067165,
          -0.7734,
          -0.63035,
          1.576622
        ],
        [
          0.0,
          0.0,
          0.0,
          1.0
        ]
      ]
    },
    {
      "file_path": "/media/NFS/ttao/scannet/posed_images/scene0230_00/00069.jpg",
      "transform_matrix": [
        [
          -0.922088,
          0.287104,
          -0.259471,
          3.167958
        ],
        [
          0.381561,
          0.562708,
          -0.733328,
          1.180343
        ],
        [
          -0.064535,
          -0.775197,
          -0.628414,
          1.578319
        ],
        [
          0.0,
          0.0,
          0.0,
          1.0
        ]
      ]
    },
    {
      "file_path": "/media/NFS/ttao/scannet/posed_images/scene0230_00/00070.jpg",
      "transform_matrix": [
        [
          -0.917014,
          0.295687,
          -0.267684,
          3.152444
        ],
        [
          0.393301,
          0.558737,
          -0.730156,
          1.175632
        ],
        [
          -0.066332,
          -0.774843,
          -0.628664,
          1.579472
        ],
        [
          0.0,
          0.0,
          0.0,
          1.0
        ]
      ]
    },
    {
      "file_path": "/media/NFS/ttao/scannet/posed_images/scene0230_00/00071.jpg",
      "transform_matrix": [
        [
          -0.911124,
          0.30221,
          -0.28022,
          3.145432
        ],
        [
          0.406976,
          0.552523,
          -0.727385,
          1.171695
        ],
        [
          -0.064995,
          -0.77678,
          -0.626409,
          1.580215
        ],
        [
          0.0,
          0.0,
          0.0,
          1.0
        ]
      ]
    },
    {
      "file_path": "/media/NFS/ttao/scannet/posed_images/scene0230_00/00072.jpg",
      "transform_matrix": [
        [
          -0.905251,
          0.307155,
          -0.293557,
          3.139999
        ],
        [
          0.420279,
          0.545993,
          -0.724746,
          1.167642
        ],
        [
          -0.06233,
          -0.779453,
          -0.623352,
          1.580607
        ],
        [
          0.0,
          0.0,
          0.0,
          1.0
        ]
      ]
    },
    {
      "file_path": "/media/NFS/ttao/scannet/posed_images/scene0230_00/00073.jpg",
      "transform_matrix": [
        [
          -0.899827,
          0.308645,
          -0.308301,
          3.136509
        ],
        [
          0.432476,
          0.538406,
          -0.723245,
          1.163517
        ],
        [
          -0.057236,
          -0.784128,
          -0.617954,
          1.581019
        ],
        [
          0.0,
          0.0,
          0.0,
          1.0
        ]
      ]
    },
    {
      "file_path": "/media/NFS/ttao/scannet/posed_images/scene0230_00/00074.jpg",
      "transform_matrix": [
        [
          -0.894438,
          0.311417,
          -0.320936,
          3.127863
        ],
        [
          0.443853,
          0.530691,
          -0.722054,
          1.159496
        ],
        [
          -0.054543,
          -0.788281,
          -0.612894,
          1.584085
        ],
        [
          0.0,
          0.0,
          0.0,
          1.0
        ]
      ]
    },
    {
      "file_path": "/media/NFS/ttao/scannet/posed_images/scene0230_00/00075.jpg",
      "transform_matrix": [
        [
          -0.88957,
          0.311122,
          -0.334466,
          3.123999
        ],
        [
          0.454123,
          0.523207,
          -0.721129,
          1.155983
        ],
        [
          -0.049364,
          -0.793384,
          -0.606717,
          1.583662
        ],
        [
          0.0,
          0.0,
          0.0,
          1.0
        ]
      ]
    },
    {
      "file_path": "/media/NFS/ttao/scannet/posed_images/scene0230_00/00076.jpg",
      "transform_matrix": [
        [
          -0.884902,
          0.31137,
          -0.346405,
          3.117019
        ],
        [
          0.463635,
          0.517612,
          -0.71911,
          1.152066
        ],
        [
          -0.044606,
          -0.796948,
          -0.602399,
          1.586916
        ],
        [
          0.0,
          0.0,
          0.0,
          1.0
        ]
      ]
    },
    {
      "file_path": "/media/NFS/ttao/scannet/posed_images/scene0230_00/00077.jpg",
      "transform_matrix": [
        [
          -0.879881,
          0.308456,
          -0.361476,
          3.116228
        ],
        [
          0.473847,
          0.512273,
          -0.716272,
          1.14782
        ],
        [
          -0.035764,
          -0.801518,
          -0.5969,
          1.586898
        ],
        [
          0.0,
          0.0,
          0.0,
          1.0
        ]
      ]
    },
    {
      "file_path": "/media/NFS/ttao/scannet/posed_images/scene0230_00/00079.jpg",
      "transform_matrix": [
        [
          -0.86262,
          0.307445,
          -0.401701,
          3.110125
        ],
        [
          0.505448,
          0.492127,
          -0.708755,
          1.136235
        ],
        [
          -0.020215,
          -0.814425,
          -0.579916,
          1.588273
        ],
        [
          0.0,
          0.0,
          0.0,
          1.0
        ]
      ]
    },
    {
      "file_path": "/media/NFS/ttao/scannet/posed_images/scene0230_00/00080.jpg",
      "transform_matrix": [
        [
          -0.856705,
          0.318793,
          -0.405496,
          3.093405
        ],
        [
          0.514982,
          0.484223,
          -0.707334,
          1.134403
        ],
        [
          -0.029143,
          -0.8148,
          -0.579009,
          1.594547
        ],
        [
          0.0,
          0.0,
          0.0,
          1.0
        ]
      ]
    },
    {
      "file_path": "/media/NFS/ttao/scannet/posed_images/scene0230_00/00081.jpg",
      "transform_matrix": [
        [
          -0.850437,
          0.321618,
          -0.416316,
          3.092908
        ],
        [
          0.525278,
          0.475505,
          -0.705676,
          1.13095
        ],
        [
          -0.028998,
          -0.818814,
          -0.573326,
          1.595778
        ],
        [
          0.0,
          0.0,
          0.0,
          1.0
        ]
      ]
    },
    {
      "file_path": "/media/NFS/ttao/scannet/posed_images/scene0230_00/00082.jpg",
      "transform_matrix": [
        [
          -0.845305,
          0.325387,
          -0.423773,
          3.088707
        ],
        [
          0.533422,
          0.468914,
          -0.703975,
          1.127123
        ],
        [
