{
  "frames": [
    {
      "file_path": "/media/NFS/ttao/scannet/posed_images/scene0599_01/00004.jpg",
      "transform_matrix": [
        [
          -0.958914,
          -0.028356,
          0.282276,
          3.686064
        ],
        [
          -0.283202,
          0.154383,
          -0.946553,
          4.176039
        ],
        [
          -0.016738,
          -0.987604,
          -0.15607,
          1.4404
        ],
        [
          0.0,
          0.0,
          0.0,
          1.0
        ]
      ]
    },
    {
      "file_path": "/media/NFS/ttao/scannet/posed_images/scene0599_01/00007.jpg",
      "transform_matrix": [
        [
          -0.958595,
          -0.0336,
          0.282784,
          3.686482
        ],
        [
          -0.284537,
          0.153488,
          -0.946298,
          4.176198
        ],
        [
          -0.011609,
          -0.987579,
          -0.156694,
          1.4429
        ],
        [
          0.0,
          0.0,
          0.0,
          1.0
        ]
      ]
    },
    {
      "file_path": "/media/NFS/ttao/scannet/posed_images/scene0599_01/00016.jpg",
      "transform_matrix": [
        [
          -0.960731,
          -0.02551,
          0.276306,
          3.707045
        ],
        [
          -0.276959,
          0.149244,
          -0.949221,
          4.172029
        ],
        [
          -0.017022,
          -0.988471,
          -0.150449,
          1.475312
        ],
        [
          0.0,
          0.0,
          0.0,
          1.0
        ]
      ]
    },
    {
      "file_path": "/media/NFS/ttao/scannet/posed_images/scene0599_01/00027.jpg",
      "transform_matrix": [
        [
          -0.957509,
          -0.033144,
          0.286492,
          3.694961
        ],
        [
          -0.286281,
          0.229521,
          -0.930249,
          4.17044
        ],
        [
          -0.034923,
          -0.972739,
          -0.229257,
          1.437942
        ],
        [
          0.0,
          0.0,
          0.0,
          1.0
        ]
      ]
    },
    {
      "file_path": "/media/NFS/ttao/scannet/posed_images/scene0599_01/00029.jpg",
      "transform_matrix": [
        [
          -0.958541,
          -0.04021,
          0.282103,
          3.693389
        ],
        [
          -0.283257,
          0.242354,
          -0.927917,
          4.176481
        ],
        [
          -0.031057,
          -0.969355,
          -0.243696,
          1.428869
        ],
        [
          0.0,
          0.0,
          0.0,
          1.0
        ]
      ]
    },
    {
      "file_path": "/media/NFS/ttao/scannet/posed_images/scene0599_01/00036.jpg",
      "transform_matrix": [
        [
          -0.977769,
          -0.036067,
          0.206559,
          3.718989
        ],
        [
          -0.208311,
          0.27962,
          -0.93724,
          4.198728
        ],
        [
          -0.023954,
          -0.959433,
          -0.280917,
          1.425832
        ],
        [
          0.0,
          0.0,
          0.0,
          1.0
        ]
      ]
    },
    {
      "file_path": "/media/NFS/ttao/scannet/posed_images/scene0599_01/00047.jpg",
      "transform_matrix": [
        [
          -0.9955,
          -0.010031,
          0.094228,
          3.777071
        ],
        [
          -0.091804,
          0.348544,
          -0.932786,
          4.256304
        ],
        [
          -0.023486,
          -0.937239,
          -0.347897,
          1.407296
        ],
        [
          0.0,
          0.0,
          0.0,
          1.0
        ]
      ]
    },
    {
      "file_path": "/media/NFS/ttao/scannet/posed_images/scene0599_01/00052.jpg",
      "transform_matrix": [
        [
          -0.998955,
          0.013666,
          0.043611,
          3.812512
        ],
        [
          -0.035879,
          0.356559,
          -0.933584,
          4.273045
        ],
        [
          -0.028308,
          -0.934173,
          -0.355696,
          1.407751
        ],
        [
          0.0,
          0.0,
          0.0,
          1.0
        ]
      ]
    },
    {
      "file_path": "/media/NFS/ttao/scannet/posed_images/scene0599_01/00063.jpg",
      "transform_matrix": [
        [
          -0.998504,
          0.043955,
          -0.032521,
          3.803254
        ],
        [
          0.043034,
          0.264841,
          -0.963331,
          4.295108
        ],
        [
          -0.03373,
          -0.96329,
          -0.266336,
          1.436657
        ],
        [
          0.0,
          0.0,
          0.0,
          1.0
        ]
      ]
    },
    {
      "file_path": "/media/NFS/ttao/scannet/posed_images/scene0599_01/00067.jpg",
      "transform_matrix": [
        [
          -0.997602,
          0.051437,
          -0.046314,
          3.78296
        ],
        [
          0.057987,
          0.25576,
          -0.965,
          4.297959
        ],
        [
          -0.037791,
          -0.965371,
          -0.258129,
          1.433898
        ],
        [
          0.0,
          0.0,
          0.0,
          1.0
        ]
      ]
    },
    {
      "file_path": "/media/NFS/ttao/scannet/posed_images/scene0599_01/00074.jpg",
      "transform_matrix": [
        [
          -0.994569,
          0.081594,
          -0.064621,
          3.737916
        ],
        [
          0.085853,
          0.292097,
          -0.952527,
          4.29996
        ],
        [
          -0.058845,
          -0.952902,
          -0.297516,
          1.414946
        ],
        [
          0.0,
          0.0,
          0.0,
          1.0
        ]
      ]
    },
    {
      "file_path": "/media/NFS/ttao/scannet/posed_images/scene0599_01/00085.jpg",
      "transform_matrix": [
        [
          -0.987626,
          0.122544,
          -0.097872,
          3.615671
        ],
        [
          0.138102,
          0.383804,
          -0.913029,
          4.320153
        ],
        [
          -0.074322,
          -0.915247,
          -0.395978,
          1.3758
        ],
        [
          0.0,
          0.0,
          0.0,
          1.0
        ]
      ]
    },
    {
      "file_path": "/media/NFS/ttao/scannet/posed_images/scene0599_01/00090.jpg",
      "transform_matrix": [
        [
          -0.989529,
          0.114122,
          -0.088368,
          3.577512
        ],
        [
          0.127093,
          0.398747,
          -0.908211,
          4.335353
        ],
        [
          -0.06841,
          -0.909932,
          -0.409076,
          1.368876
        ],
        [
          0.0,
          0.0,
          0.0,
          1.0
        ]
      ]
    },
    {
      "file_path": "/media/NFS/ttao/scannet/posed_images/scene0599_01/00101.jpg",
      "transform_matrix": [
        [
          -0.991881,
          0.107273,
          -0.0683,
          3.564734
        ],
        [
          0.106817,
          0.411331,
          -0.905206,
          4.371564
        ],
        [
          -0.069011,
          -0.905152,
          -0.41945,
          1.354064
        ],
        [
          0.0,
          0.0,
          0.0,
          1.0
        ]
      ]
    },
    {
      "file_path": "/media/NFS/ttao/scannet/posed_images/scene0599_01/00103.jpg",
      "transform_matrix": [
        [
          -0.99138,
          0.112301,
          -0.067484,
          3.563791
        ],
        [
          0.108003,
          0.40891,
          -0.906161,
          4.376133
        ],
        [
          -0.074168,
          -0.905639,
          -0.417514,
          1.355699
        ],
        [
          0.0,
          0.0,
          0.0,
          1.0
        ]
      ]
    },
    {
      "file_path": "/media/NFS/ttao/scannet/posed_images/scene0599_01/00112.jpg",
      "transform_matrix": [
        [
          -0.979644,
          0.122536,
          -0.159006,
          3.607915
        ],
        [
          0.195055,
          0.393809,
          -0.898258,
          4.400332
        ],
        [
          -0.04745,
          -0.910988,
          -0.409694,
          1.353285
        ],
        [
          0.0,
          0.0,
          0.0,
          1.0
        ]
      ]
    },
    {
      "file_path": "/media/NFS/ttao/scannet/posed_images/scene0599_01/00119.jpg",
      "transform_matrix": [
        [
          -0.963354,
          0.134472,
          -0.23209,
          3.723587
        ],
        [
          0.266411,
          0.379021,
          -0.88621,
          4.418154
        ],
        [
          -0.031204,
          -0.915566,
          -0.400957,
          1.329399
        ],
        [
          0.0,
          0.0,
          0.0,
          1.0
        ]
      ]
    },
    {
      "file_path": "/media/NFS/ttao/scannet/posed_images/scene0599_01/00126.jpg",
      "transform_matrix": [
        [
          -0.926748,
          0.203517,
          -0.315782,
          3.859531
        ],
        [
          0.371804,
          0.376392,
          -0.848581,
          4.449588
        ],
        [
          -0.053843,
          -0.903831,
          -0.424489,
          1.313528
        ],
        [
          0.0,
          0.0,
          0.0,
          1.0
        ]
      ]
    },
    {
      "file_path": "/media/NFS/ttao/scannet/posed_images/scene0599_01/00139.jpg",
      "transform_matrix": [
        [
          -0.848078,
          0.257164,
          -0.463282,
          3.971185
        ],
        [
          0.528818,
          0.355676,
          -0.770614,
          4.494887
        ],
        [
          -0.033396,
          -0.898533,
          -0.437634,
          1.321481
        ],
        [
          0.0,
          0.0,
          0.0,
          1.0
        ]
      ]
    },
    {
      "file_path": "/media/NFS/ttao/scannet/posed_images/scene0599_01/00141.jpg",
      "transform_matrix": [
        [
          -0.846541,
          0.258681,
          -0.465245,
          3.971595
        ],
        [
          0.531102,
          0.35124,
          -0.771078,
          4.50624
        ],
        [
          -0.036051,
          -0.899841,
          -0.434725,
          1.318436
        ],
        [
          0.0,
          0.0,
          0.0,
          1.0
        ]
      ]
    },
    {
      "file_path": "/media/NFS/ttao/scannet/posed_images/scene0599_01/00148.jpg",
      "transform_matrix": [
        [
          -0.842724,
          0.288301,
          -0.454641,
          3.982606
        ],
        [
          0.534154,
          0.34262,
          -0.772846,
          4.531651
        ],
        [
          -0.067043,
          -0.894144,
          -0.442731,
          1.307282
        ],
        [
          0.0,
          0.0,
          0.0,
          1.0
        ]
      ]
    },
    {
      "file_path": "/media/NFS/ttao/scannet/posed_images/scene0599_01/00159.jpg",
      "transform_matrix": [
        [
          -0.838139,
          0.274806,
          -0.471173,
          4.001929
        ],
        [
          0.543055,
          0.339441,
          -0.768031,
          4.575796
        ],
        [
          -0.051124,
          -0.89959,
          -0.433733,
          1.280073
        ],
        [
          0.0,
          0.0,
          0.0,
          1.0
        ]
      ]
    },
    {
      "file_path": "/media/NFS/ttao/scannet/posed_images/scene0599_01/00166.jpg",
      "transform_matrix": [
        [
          -0.824981,
          0.275081,
          -0.493697,
          4.028754
        ],
        [
          0.563656,
          0.336782,
          -0.754234,
          4.576668
        ],
        [
          -0.041207,
          -0.900504,
          -0.43289,
          1.283498
        ],
        [
          0.0,
          0.0,
          0.0,
          1.0
        ]
      ]
    },
    {
      "file_path": "/media/NFS/ttao/scannet/posed_images/scene0599_01/00175.jpg",
      "transform_matrix": [
        [
          -0.805764,
          0.275367,
          -0.524326,
          4.095447
        ],
        [
          0.591478,
          0.329366,
          -0.735984,
          4.577674
        ],
        [
          -0.029971,
          -0.903156,
          -0.428265,
          1.279199
        ],
        [
          0.0,
          0.0,
          0.0,
          1.0
        ]
      ]
    },
    {
      "file_path": "/media/NFS/ttao/scannet/posed_images/scene0599_01/00179.jpg",
      "transform_matrix": [
        [
          -0.797716,
          0.25281,
          -0.547482,
          4.133016
        ],
        [
          0.603032,
          0.336275,
          -0.723375,
          4.578174
        ],
        [
          0.001228,
          -0.907197,
          -0.420704,
          1.285368
        ],
        [
          0.0,
          0.0,
          0.0,
          1.0
        ]
      ]
    },
    {
      "file_path": "/media/NFS/ttao/scannet/posed_images/scene0599_01/00186.jpg",
      "transform_matrix": [
        [
          -0.76309,
          0.228333,
          -0.604614,
          4.209943
        ],
        [
          0.645486,
          0.315979,
          -0.695346,
          4.577565
        ],
        [
          0.032275,
          -0.920881,
          -0.388506,
          1.28605
        ],
        [
          0.0,
          0.0,
          0.0,
          1.0
        ]
      ]
    },
    {
      "file_path": "/media/NFS/ttao/scannet/posed_images/scene0599_01/00197.jpg",
      "transform_matrix": [
        [
          -0.768992,
          0.253666,
          -0.586776,
          4.303548
        ],
        [
          0.638207,
          0.357271,
          -0.681945,
          4.561213
        ],
        [
          0.036651,
          -0.898894,
          -0.43663,
          1.292115
        ],
        [
          0.0,
          0.0,
          0.0,
          1.0
        ]
      ]
    },
    {
      "file_path": "/media/NFS/ttao/scannet/posed_images/scene0599_01/00200.jpg",
      "transform_matrix": [
        [
          -0.751893,
          0.260155,
          -0.605786,
          4.329856
        ],
        [
          0.658184,
          0.34929,
          -0.666926,
          4.552619
        ],
        [
          0.038091,
          -0.900175,
          -0.433859,
          1.295723
        ],
        [
          0.0,
          0.0,
          0.0,
          1.0
        ]
      ]
    },
    {
      "file_path": "/media/NFS/ttao/scannet/posed_images/scene0599_01/00209.jpg",
      "transform_matrix": [
        [
          -0.696516,
          0.285701,
          -0.65821,
          4.43724
        ],
        [
          0.716545,
          0.325264,
          -0.617063,
          4.519503
        ],
        [
          0.037796,
          -0.901432,
          -0.431269,
          1.285344
        ],
        [
          0.0,
          0.0,
          0.0,
          1.0
        ]
      ]
    },
    {
      "file_path": "/media/NFS/ttao/scannet/posed_images/scene0599_01/00220.jpg",
      "transform_matrix": [
        [
          -0.703207,
          0.322274,
          -0.633751,
          4.560318
        ],
        [
          0.710491,
          0.351765,
          -0.609478,
          4.471661
        ],
        [
          0.026512,
          -0.878864,
          -0.476336,
          1.258176
        ],
        [
          0.0,
          0.0,
          0.0,
          1.0
        ]
      ]
    },
    {
      "file_path": "/media/NFS/ttao/scannet/posed_images/scene0599_01/00226.jpg",
      "transform_matrix": [
        [
          -0.693009,
          0.325581,
          -0.643224,
          4.580872
        ],
        [
          0.720385,
          0.347412,
          -0.600292,
          4.466722
        ],
        [
          0.02802,
          -0.879376,
          -0.475303,
          1.255737
        ],
        [
          0.0,
          0.0,
          0.0,
          1.0
        ]
      ]
    },
    {
      "file_path": "/media/NFS/ttao/scannet/posed_images/scene0599_01/00231.jpg",
      "transform_matrix": [
        [
          -0.6821,
          0.337067,
          -0.648942,
          4.5798
        ],
        [
          0.731029,
          0.336554,
          -0.593572,
          4.47222
        ],
        [
          0.01833,
          -0.879271,
          -0.475969,
          1.250596
        ],
        [
          0.0,
          0.0,
          0.0,
          1.0
        ]
      ]
    },
    {
      "file_path": "/media/NFS/ttao/scannet/posed_images/scene0599_01/00242.jpg",
      "transform_matrix": [
        [
          -0.602284,
          0.420808,
          -0.678362,
          4.535437
        ],
        [
          0.798274,
          0.321174,
          -0.509515,
          4.473791
        ],
        [
          0.003465,
          -0.848392,
          -0.529358,
          1.272506
        ],
        [
          0.0,
          0.0,
          0.0,
          1.0
        ]
      ]
    },
    {
      "file_path": "/media/NFS/ttao/scannet/posed_images/scene0599_01/00251.jpg",
      "transform_matrix": [
        [
          -0.570732,
          0.418131,
          -0.706705,
          4.466817
        ],
        [
          0.821005,
          0.305981,
          -0.482003,
          4.484213
        ],
        [
          0.014698,
          -0.855303,
          -0.51792,
          1.299882
        ],
        [
          0.0,
          0.0,
          0.0,
          1.0
        ]
      ]
    },
    {
      "file_path": "/media/NFS/ttao/scannet/posed_images/scene0599_01/00253.jpg",
      "transform_matrix": [
        [
          -0.572163,
          0.414151,
          -0.70789,
          4.444318
        ],
        [
          0.82012,
          0.294993,
          -0.490288,
          4.492387
        ],
        [
          0.005769,
          -0.861079,
          -0.508438,
          1.304747
        ],
        [
          0.0,
          0.0,
          0.0,
          1.0
        ]
      ]
    },
    {
      "file_path": "/media/NFS/ttao/scannet/posed_images/scene0599_01/00265.jpg",
      "transform_matrix": [
        [
          -0.520278,
          0.425425,
          -0.740489,
          4.304927
        ],
        [
          0.85399,
          0.262714,
          -0.449091,
          4.543504
        ],
        [
          0.003482,
          -0.866022,
          -0.499993,
          1.308403
        ],
        [
          0.0,
          0.0,
          0.0,
          1.0
        ]
      ]
    },
    {
      "file_path": "/media/NFS/ttao/scannet/posed_images/scene0599_01/00274.jpg",
      "transform_matrix": [
        [
          -0.503884,
          0.42331,
          -0.752934,
          4.213892
        ],
        [
          0.863757,
          0.242018,
          -0.441984,
          4.574253
        ],
        [
          -0.004873,
          -0.873061,
          -0.487586,
          1.321119
        ],
        [
          0.0,
          0.0,
          0.0,
          1.0
        ]
      ]
    },
    {
      "file_path": "/media/NFS/ttao/scannet/posed_images/scene0599_01/00280.jpg",
      "transform_matrix": [
        [
          -0.525425,
          0.418308,
          -0.74091,
          4.166738
        ],
        [
          0.850167,
          0.223481,
          -0.476731,
          4.599801
        ],
        [
          -0.033841,
          -0.880383,
          -0.473054,
          1.327219
        ],
        [
          0.0,
          0.0,
          0.0,
          1.0
        ]
      ]
    },
    {
      "file_path": "/media/NFS/ttao/scannet/posed_images/scene0599_01/00285.jpg",
      "transform_matrix": [
        [
          -0.532684,
          0.419676,
          -0.734929,
          4.135329
        ],
        [
          0.845331,
          0.221989,
          -0.485939,
          4.609332
        ],
        [
          -0.04079,
          -0.88011,
          -0.473015,
          1.332611
        ],
        [
          0.0,
          0.0,
          0.0,
          1.0
        ]
      ]
    },
    {
      "file_path": "/media/NFS/ttao/scannet/posed_images/scene0599_01/00291.jpg",
      "transform_matrix": [
        [
          -0.532481,
          0.416314,
          -0.736985,
          4.105618
        ],
        [
          0.845633,
          0.223589,
          -0.484678,
          4.611969
        ],
        [
          -0.036997,
          -0.881301,
          -0.471106,
          1.335
        ],
        [
          0.0,
          0.0,
          0.0,
          1.0
        ]
      ]
    },
    {
      "file_path": "/media/NFS/ttao/scannet/posed_images/scene0599_01/00300.jpg",
      "transform_matrix": [
        [
          -0.518077,
          0.430632,
          -0.739021,
          4.056952
        ],
        [
          0.853645,
          0.206045,
          -0.478369,
          4.609488
        ],
        [
          -0.053729,
          -0.878693,
          -0.474354,
          1.337573
        ],
        [
          0.0,
          0.0,
          0.0,
          1.0
        ]
      ]
    },
    {
      "file_path": "/media/NFS/ttao/scannet/posed_images/scene0599_01/00307.jpg",
      "transform_matrix": [
        [
          -0.48902,
          0.447141,
          -0.748949,
          4.015011
        ],
        [
          0.871722,
          0.220006,
          -0.437834,
          4.585546
        ],
        [
          -0.031,
          -0.866985,
          -0.497369,
          1.326198
        ],
        [
          0.0,
          0.0,
          0.0,
          1.0
        ]
      ]
    },
    {
      "file_path": "/media/NFS/ttao/scannet/posed_images/scene0599_01/00312.jpg",
      "transform_matrix": [
        [
          -0.481505,
          0.458863,
          -0.746725,
          3.981472
        ],
        [
          0.876385,
          0.24225,
          -0.41625,
          4.559042
        ],
        [
          -0.010108,
          -0.854845,
          -0.518785,
          1.302864
        ],
        [
          0.0,
          0.0,
          0.0,
          1.0
        ]
      ]
    },
    {
      "file_path": "/media/NFS/ttao/scannet/posed_images/scene0599_01/00325.jpg",
      "transform_matrix": [
        [
          -0.512318,
          0.482328,
          -0.710556,
          3.87414
        ],
        [
          0.858594,
          0.305629,
          -0.411592,
          4.512223
        ],
        [
          0.018644,
          -0.820945,
          -0.570703,
          1.299845
        ],
        [
          0.0,
          0.0,
          0.0,
          1.0
        ]
      ]
    },
    {
      "file_path": "/media/NFS/ttao/scannet/posed_images/scene0599_01/00330.jpg",
      "transform_matrix": [
        [
          -0.504134,
          0.491282,
          -0.710275,
          3.827665
        ],
        [
          0.863296,
          0.309387,
          -0.398748,
          4.501413
        ],
        [
          0.023852,
          -0.8142,
          -0.580095,
          1.298669
        ],
        [
          0.0,
          0.0,
          0.0,
          1.0
        ]
      ]
    },
    {
      "file_path": "/media/NFS/ttao/scannet/posed_images/scene0599_01/00334.jpg",
      "transform_matrix": [
        [
          -0.522539,
          0.478546,
          -0.705653,
          3.788587
        ],
        [
          0.852388,
          0.312319,
          -0.419394,
          4.504293
        ],
        [
          0.019689,
          -0.82064,
          -0.571106,
          1.2947
        ],
        [
          0.0,
          0.0,
          0.0,
          1.0
        ]
      ]
    },
    {
      "file_path": "/media/NFS/ttao/scannet/posed_images/scene0599_01/00348.jpg",
      "transform_matrix": [
        [
          -0.621404,
          0.3701,
          -0.690568,
          3.558875
        ],
        [
          0.78334,
          0.310765,
          -0.538334,
          4.616214
        ],
        [
          0.015367,
          -0.875472,
          -0.483024,
          1.328976
        ],
        [
          0.0,
          0.0,
          0.0,
          1.0
        ]
      ]
    },
    {
      "file_path": "/media/NFS/ttao/scannet/posed_images/scene0599_01/00354.jpg",
      "transform_matrix": [
        [
          -0.638679,
          0.370231,
          -0.67455,
          3.480811
        ],
        [
          0.769069,
          0.335532,
          -0.544013,
          4.682843
        ],
        [
          0.024923,
          -0.866226,
          -0.499031,
          1.328155
        ],
        [
          0.0,
          0.0,
          0.0,
          1.0
        ]
      ]
    },
    {
      "file_path": "/media/NFS/ttao/scannet/posed_images/scene0599_01/00356.jpg",
      "transform_matrix": [
        [
          -0.652334,
          0.374597,
          -0.658891,
          3.46071
        ],
        [
          0.757853,
          0.334882,
          -0.559923,
          4.705013
        ],
        [
          0.010905,
          -0.864599,
          -0.502344,
          1.321541
        ],
        [
          0.0,
          0.0,
          0.0,
          1.0
        ]
      ]
    },
    {
      "file_path": "/media/NFS/ttao/scannet/posed_images/scene0599_01/00370.jpg",
      "transform_matrix": [
        [
          -0.62092,
          0.408038,
          -0.669301,
          3.379724
        ],
        [
          0.783758,
          0.337869,
          -0.521123,
          4.776398
        ],
        [
          0.013498,
          -0.848145,
          -0.529592,
          1.331887
        ],
        [
          0.0,
          0.0,
          0.0,
          1.0
        ]
      ]
    },
    {
      "file_path": "/media/NFS/ttao/scannet/posed_images/scene0599_01/00377.jpg",
      "transform_matrix": [
        [
          -0.603305,
          0.40247,
          -0.688507,
          3.367629
        ],
        [
          0.797502,
          0.308464,
          -0.518498,
          4.788574
        ],
        [
          0.0037,
          -0.861898,
          -0.507068,
          1.339898
        ],
        [
          0.0,
          0.0,
          0.0,
          1.0
        ]
      ]
    },
    {
      "file_path": "/media/NFS/ttao/scannet/posed_images/scene0599_01/00386.jpg",
      "transform_matrix": [
        [
          -0.571762,
          0.396491,
          -0.71825,
          3.33745
        ],
        [
          0.819904,
          0.307162,
          -0.483123,
          4.783645
        ],
        [
          0.029065,
          -0.865128,
          -0.500709,
          1.352793
        ],
        [
          0.0,
          0.0,
          0.0,
          1.0
        ]
      ]
    },
    {
      "file_path": "/media/NFS/ttao/scannet/posed_images/scene0599_01/00390.jpg",
      "transform_matrix": [
        [
          -0.564694,
          0.383689,
          -0.730687,
          3.317057
        ],
        [
          0.824507,
          0.301083,
          -0.4791,
          4.781427
        ],
        [
          0.036172,
          -0.873001,
          -0.486374,
          1.363213
        ],
        [
          0.0,
          0.0,
          0.0,
          1.0
        ]
      ]
    },
    {
      "file_path": "/media/NFS/ttao/scannet/posed_images/scene0599_01/00395.jpg",
      "transform_matrix": [
        [
          -0.547216,
          0.369766,
          -0.750885,
          3.309976
        ],
        [
          0.835718,
          0.290837,
          -0.46582,
          4.768508
        ],
        [
          0.046141,
          -0.882433,
          -0.468171,
          1.369125
        ],
        [
          0.0,
          0.0,
          0.0,
          1.0
        ]
      ]
    },
    {
      "file_path": "/media/NFS/ttao/scannet/posed_images/scene0599_01/00408.jpg",
      "transform_matrix": [
        [
          -0.441228,
          0.362179,
          -0.821063,
          3.263869
        ],
        [
          0.893923,
          0.257794,
          -0.366667,
          4.715141
        ],
        [
          0.078866,
          -0.895751,
          -0.437505,
          1.360018
        ],
        [
          0.0,
          0.0,
          0.0,
          1.0
        ]
      ]
    },
    {
      "file_path": "/media/NFS/ttao/scannet/posed_images/scene0599_01/00415.jpg",
      "transform_matrix": [
        [
          -0.392458,
          0.370218,
          -0.841971,
          3.217372
        ],
        [
          0.916561,
          0.233823,
          -0.324413,
          4.677017
        ],
        [
          0.076768,
          -0.899036,
          -0.431093,
          1.373274
        ],
        [
          0.0,
          0.0,
          0.0,
          1.0
        ]
      ]
    },
    {
      "file_path": "/media/NFS/ttao/scannet/posed_images/scene0599_01/00417.jpg",
      "transform_matrix": [
        [
          -0.381386,
          0.370164,
          -0.847067,
          3.209412
        ],
        [
          0.92106,
          0.230167,
          -0.314119,
          4.652785
        ],
        [
          0.078691,
          -0.900001,
          -0.428726,
          1.379345
        ],
        [
          0.0,
          0.0,
          0.0,
          1.0
        ]
      ]
    },
    {
      "file_path": "/media/NFS/ttao/scannet/posed_images/scene0599_01/00430.jpg",
      "transform_matrix": [
        [
          -0.321578,
          0.371901,
          -0.870791,
          3.117016
        ],
        [
          0.938937,
          0.244136,
          -0.242477,
          4.570049
        ],
        [
          0.122414,
          -0.895593,
          -0.4277,
          1.372911
        ],
        [
          0.0,
          0.0,
          0.0,
          1.0
        ]
      ]
    },
    {
      "file_path": "/media/NFS/ttao/scannet/posed_images/scene0599_01/00437.jpg",
      "transform_matrix": [
        [
          -0.352225,
          0.326395,
          -0.877157,
          3.020683
        ],
        [
          0.930936,
          0.218733,
          -0.292428,
          4.600207
        ],
        [
          0.096416,
          -0.919577,
          -0.380897,
          1.397884
        ],
        [
          0.0,
          0.0,
          0.0,
          1.0
        ]
      ]
    },
    {
      "file_path": "/media/NFS/ttao/scannet/posed_images/scene0599_01/00439.jpg",
      "transform_matrix": [
        [
          -0.359042,
          0.323659,
          -0.875405,
          2.987405
        ],
        [
          0.929017,
          0.213908,
          -0.301944,
          4.615729
        ],
        [
          0.089529,
          -0.921677,
          -0.377487,
          1.40767
        ],
        [
          0.0,
          0.0,
          0.0,
          1.0
        ]
      ]
    },
    {
      "file_path": "/media/NFS/ttao/scannet/posed_images/scene0599_01/00446.jpg",
      "transform_matrix": [
        [
          -0.328797,
          0.287189,
          -0.899675,
          2.919729
        ],
        [
          0.939593,
          0.195477,
          -0.280987,
          4.611343
        ],
        [
          0.095169,
          -0.937716,
          -0.334113,
          1.430519
        ],
        [
          0.0,
          0.0,
          0.0,
          1.0
        ]
      ]
    },
    {
      "file_path": "/media/NFS/ttao/scannet/posed_images/scene0599_01/00455.jpg",
      "transform_matrix": [
        [
          -0.270442,
          0.269228,
          -0.924326,
          2.819254
        ],
        [
          0.959616,
          0.152624,
          -0.236313,
          4.623615
        ],
        [
          0.077452,
          -0.950906,
          -0.299631,
          1.434102
        ],
        [
          0.0,
          0.0,
          0.0,
          1.0
        ]
      ]
    },
    {
      "file_path": "/media/NFS/ttao/scannet/posed_images/scene0599_01/00464.jpg",
      "transform_matrix": [
        [
          -0.172173,
          0.273931,
          -0.946213,
          2.713517
        ],
        [
          0.980914,
          0.135786,
          -0.139177,
          4.57447
        ],
        [
          0.090357,
          -0.952116,
          -0.292082,
          1.439688
        ],
        [
          0.0,
          0.0,
          0.0,
          1.0
        ]
      ]
    },
    {
      "file_path": "/media/NFS/ttao/scannet/posed_images/scene0599_01/00469.jpg",
      "transform_matrix": [
        [
          -0.13871,
          0.259098,
          -0.955839,
          2.648347
        ],
        [
          0.98658,
          0.120105,
          -0.110615,
          4.545314
        ],
        [
          0.086141,
          -0.958354,
          -0.272281,
          1.441121
        ],
        [
          0.0,
          0.0,
          0.0,
          1.0
        ]
      ]
    },
    {
      "file_path": "/media/NFS/ttao/scannet/posed_images/scene0599_01/00482.jpg",
      "transform_matrix": [
        [
          -0.043666,
          0.271038,
          -0.961578,
          2.506315
        ],
        [
          0.996534,
          0.080035,
          -0.022694,
          4.464478
        ],
        [
          0.070809,
          -0.959236,
          -0.273594,
          1.424474
        ],
        [
          0.0,
          0.0,
          0.0,
          1.0
        ]
      ]
    },
    {
      "file_path": "/media/NFS/ttao/scannet/posed_images/scene0599_01/00484.jpg",
      "transform_matrix": [
        [
          -0.045975,
          0.294647,
          -0.9545,
          2.488557
        ],
        [
          0.995915,
          0.087852,
          -0.02085,
          4.458388
        ],
        [
          0.077711,
          -0.951559,
          -0.297483,
          1.420919
        ],
        [
          0.0,
          0.0,
          0.0,
          1.0
        ]
      ]
    },
    {
      "file_path": "/media/NFS/ttao/scannet/posed_images/scene0599_01/00498.jpg",
      "transform_matrix": [
        [
          -0.146016,
          0.341383,
          -0.928513,
          2.403041
        ],
        [
          0.985676,
          0.130266,
          -0.107111,
          4.464738
        ],
        [
          0.084388,
          -0.930854,
          -0.355514,
          1.424574
        ],
        [
          0.0,
          0.0,
          0.0,
          1.0
        ]
      ]
    },
    {
      "file_path": "/media/NFS/ttao/scannet/posed_images/scene0599_01/00500.jpg",
      "transform_matrix": [
        [
          -0.148256,
          0.341785,
          -0.92801,
          2.389858
        ],
        [
          0.985536,
          0.128957,
          -0.109952,
          4.469949
        ],
        [
          0.082093,
          -0.930888,
          -0.35596,
          1.436944
        ],
        [
          0.0,
          0.0,
          0.0,
          1.0
        ]
      ]
    },
    {
      "file_path": "/media/NFS/ttao/scannet/posed_images/scene0599_01/00509.jpg",
      "transform_matrix": [
        [
          -0.160239,
          0.251086,
          -0.954609,
          2.371458
        ],
        [
          0.983247,
          0.125732,
          -0.131976,
          4.475818
        ],
        [
          0.086887,
          -0.959764,
          -0.267027,
          1.479794
        ],
        [
          0.0,
          0.0,
          0.0,
          1.0
        ]
      ]
    },
    {
      "file_path": "/media/NFS/ttao/scannet/posed_images/scene0599_01/00518.jpg",
      "transform_matrix": [
        [
          -0.08938,
          0.200055,
          -0.975699,
          2.372602
        ],
        [
          0.992555,
          0.099261,
          -0.070572,
          4.42486
        ],
        [
          0.082731,
          -0.974744,
          -0.207437,
          1.489791
        ],
        [
          0.0,
          0.0,
          0.0,
          1.0
        ]
      ]
    },
    {
      "file_path": "/media/NFS/ttao/scannet/posed_images/scene0599_01/00522.jpg",
      "transform_matrix": [
        [
          -0.093839,
          0.181443,
          -0.978914,
          2.383059
        ],
        [
          0.992003,
          0.100406,
          -0.076484,
          4.405663
        ],
        [
          0.084412,
          -0.978262,
          -0.189414,
          1.483349
        ],
        [
          0.0,
          0.0,
          0.0,
          1.0
        ]
      ]
    },
    {
      "file_path": "/media/NFS/ttao/scannet/posed_images/scene0599_01/00529.jpg",
      "transform_matrix": [
        [
          -0.093026,
          0.174258,
          -0.980296,
          2.41176
        ],
        [
          0.991481,
          0.106368,
          -0.07518,
          4.326756
        ],
        [
          0.091171,
          -0.978938,
          -0.182668,
          1.47008
        ],
        [
          0.0,
          0.0,
          0.0,
          1.0
        ]
      ]
    },
    {
      "file_path": "/media/NFS/ttao/scannet/posed_images/scene0599_01/00543.jpg",
      "transform_matrix": [
        [
          -0.015487,
          0.194276,
          -0.980825,
          2.492336
        ],
        [
          0.99602,
          0.089106,
          0.001923,
          4.145673
        ],
        [
          0.087771,
          -0.976892,
          -0.194883,
          1.451425
        ],
        [
          0.0,
          0.0,
          0.0,
          1.0
        ]
      ]
    },
    {
      "file_path": "/media/NFS/ttao/scannet/posed_images/scene0599_01/00545.jpg",
      "transform_matrix": [
        [
          -0.009382,
          0.197405,
          -0.980277,
          2.504847
        ],
        [
          0.99521,
          0.097245,
          0.010058,
          4.130683
        ],
        [
          0.097313,
          -0.975487,
          -0.197372,
          1.445239
        ],
        [
          0.0,
          0.0,
          0.0,
          1.0
        ]
      ]
    },
    {
      "file_path": "/media/NFS/ttao/scannet/posed_images/scene0599_01/00552.jpg",
      "transform_matrix": [
        [
          0.027152,
          0.218374,
          -0.975488,
          2.541004
        ],
        [
          0.9932,
          0.104627,
          0.051067,
          4.072932
        ],
        [
          0.113214,
          -0.97024,
          -0.214048,
          1.429271
        ],
        [
          0.0,
          0.0,
          0.0,
          1.0
        ]
      ]
    },
    {
      "file_path": "/media/NFS/ttao/scannet/posed_images/scene0599_01/00563.jpg",
      "transform_matrix": [
        [
          0.123244,
          0.232108,
          -0.964851,
          2.617113
        ],
        [
          0.988112,
          0.06133,
          0.140969,
          3.992851
        ],
        [
          0.091894,
          -0.970755,
          -0.22179,
          1.411349
        ],
        [
          0.0,
          0.0,
          0.0,
          1.0
        ]
      ]
    },
    {
      "file_path": "/media/NFS/ttao/scannet/posed_images/scene0599_01/00572.jpg",
      "transform_matrix": [
        [
          0.071384,
          0.251357,
          -0.965258,
          2.714689
        ],
        [
          0.991297,
          0.089433,
          0.096598,
          3.96666
        ],
        [
          0.110607,
          -0.963754,
          -0.242786,
          1.402049
        ],
        [
          0.0,
          0.0,
          0.0,
          1.0
        ]
      ]
    },
    {
      "file_path": "/media/NFS/ttao/scannet/posed_images/scene0599_01/00576.jpg",
      "transform_matrix": [
        [
          0.069243,
          0.246369,
          -0.9667,
          2.753248
        ],
        [
          0.990308,
          0.099973,
          0.096412,
          3.944185
        ],
        [
          0.120397,
          -0.964006,
          -0.237058,
          1.398722
