{
  "frames": [
    {
      "file_path": "/media/NFS/ttao/scannet/posed_images/scene0087_00/00000.jpg",
      "transform_matrix": [
        [
          0.633294,
          -0.360819,
          0.684652,
          3.241882
        ],
        [
          -0.773758,
          -0.312806,
          0.550863,
          3.386626
        ],
        [
          0.015401,
          -0.878613,
          -0.477285,
          1.367882
        ],
        [
          0.0,
          0.0,
          0.0,
          1.0
        ]
      ]
    },
    {
      "file_path": "/media/NFS/ttao/scannet/posed_images/scene0087_00/00004.jpg",
      "transform_matrix": [
        [
          0.608915,
          -0.355061,
          0.709333,
          3.226315
        ],
        [
          -0.792506,
          -0.310645,
          0.524818,
          3.403534
        ],
        [
          0.034009,
          -0.881721,
          -0.470545,
          1.349898
        ],
        [
          0.0,
          0.0,
          0.0,
          1.0
        ]
      ]
    },
    {
      "file_path": "/media/NFS/ttao/scannet/posed_images/scene0087_00/00011.jpg",
      "transform_matrix": [
        [
          0.583332,
          -0.407313,
          0.702724,
          3.223821
        ],
        [
          -0.809251,
          -0.365531,
          0.459891,
          3.413101
        ],
        [
          0.069547,
          -0.836949,
          -0.542844,
          1.317595
        ],
        [
          0.0,
          0.0,
          0.0,
          1.0
        ]
      ]
    },
    {
      "file_path": "/media/NFS/ttao/scannet/posed_images/scene0087_00/00013.jpg",
      "transform_matrix": [
        [
          0.577279,
          -0.421545,
          0.69932,
          3.221742
        ],
        [
          -0.812657,
          -0.380104,
          0.441712,
          3.409406
        ],
        [
          0.079613,
          -0.823299,
          -0.561998,
          1.309073
        ],
        [
          0.0,
          0.0,
          0.0,
          1.0
        ]
      ]
    },
    {
      "file_path": "/media/NFS/ttao/scannet/posed_images/scene0087_00/00018.jpg",
      "transform_matrix": [
        [
          0.579191,
          -0.44452,
          0.68333,
          3.207696
        ],
        [
          -0.810539,
          -0.403457,
          0.424557,
          3.374882
        ],
        [
          0.086969,
          -0.799765,
          -0.59398,
          1.281497
        ],
        [
          0.0,
          0.0,
          0.0,
          1.0
        ]
      ]
    },
    {
      "file_path": "/media/NFS/ttao/scannet/posed_images/scene0087_00/00024.jpg",
      "transform_matrix": [
        [
          0.588564,
          -0.480898,
          0.649869,
          3.186726
        ],
        [
          -0.806953,
          -0.398351,
          0.436054,
          3.307073
        ],
        [
          0.049179,
          -0.781059,
          -0.622517,
          1.272769
        ],
        [
          0.0,
          0.0,
          0.0,
          1.0
        ]
      ]
    },
    {
      "file_path": "/media/NFS/ttao/scannet/posed_images/scene0087_00/00031.jpg",
      "transform_matrix": [
        [
          0.58337,
          -0.502141,
          0.638384,
          3.14841
        ],
        [
          -0.812073,
          -0.374857,
          0.447235,
          3.174492
        ],
        [
          0.014728,
          -0.779318,
          -0.626455,
          1.282893
        ],
        [
          0.0,
          0.0,
          0.0,
          1.0
        ]
      ]
    },
    {
      "file_path": "/media/NFS/ttao/scannet/posed_images/scene0087_00/00035.jpg",
      "transform_matrix": [
        [
          0.567844,
          -0.487408,
          0.663314,
          3.131556
        ],
        [
          -0.823099,
          -0.343837,
          0.451977,
          3.098991
        ],
        [
          0.007775,
          -0.802626,
          -0.596432,
          1.313324
        ],
        [
          0.0,
          0.0,
          0.0,
          1.0
        ]
      ]
    },
    {
      "file_path": "/media/NFS/ttao/scannet/posed_images/scene0087_00/00039.jpg",
      "transform_matrix": [
        [
          0.58092,
          -0.451271,
          0.677412,
          3.115269
        ],
        [
          -0.813928,
          -0.314555,
          0.488443,
          3.053282
        ],
        [
          -0.007337,
          -0.835111,
          -0.550033,
          1.34858
        ],
        [
          0.0,
          0.0,
          0.0,
          1.0
        ]
      ]
    },
    {
      "file_path": "/media/NFS/ttao/scannet/posed_images/scene0087_00/00040.jpg",
      "transform_matrix": [
        [
          0.594623,
          -0.439361,
          0.673339,
          3.124528
        ],
        [
          -0.803829,
          -0.307366,
          0.509299,
          3.029686
        ],
        [
          -0.016805,
          -0.84409,
          -0.535937,
          1.354068
        ],
        [
          0.0,
          0.0,
          0.0,
          1.0
        ]
      ]
    },
    {
      "file_path": "/media/NFS/ttao/scannet/posed_images/scene0087_00/00047.jpg",
      "transform_matrix": [
        [
          0.644053,
          -0.39645,
          0.654235,
          3.161844
        ],
        [
          -0.760855,
          -0.243278,
          0.601594,
          2.981063
        ],
        [
          -0.079341,
          -0.885237,
          -0.458324,
          1.358732
        ],
        [
          0.0,
          0.0,
          0.0,
          1.0
        ]
      ]
    },
    {
      "file_path": "/media/NFS/ttao/scannet/posed_images/scene0087_00/00050.jpg",
      "transform_matrix": [
        [
          0.662982,
          -0.382765,
          0.643387,
          3.206003
        ],
        [
          -0.74347,
          -0.235846,
          0.625803,
          2.954034
        ],
        [
          -0.087795,
          -0.893234,
          -0.440936,
          1.334592
        ],
        [
          0.0,
          0.0,
          0.0,
          1.0
        ]
      ]
    },
    {
      "file_path": "/media/NFS/ttao/scannet/posed_images/scene0087_00/00054.jpg",
      "transform_matrix": [
        [
          0.672142,
          -0.38023,
          0.635335,
          3.276407
        ],
        [
          -0.73753,
          -0.268043,
          0.619841,
          2.954064
        ],
        [
          -0.065385,
          -0.8852,
          -0.460593,
          1.311103
        ],
        [
          0.0,
          0.0,
          0.0,
          1.0
        ]
      ]
    },
    {
      "file_path": "/media/NFS/ttao/scannet/posed_images/scene0087_00/00060.jpg",
      "transform_matrix": [
        [
          0.708992,
          -0.379257,
          0.594554,
          3.400228
        ],
        [
          -0.702935,
          -0.312295,
          0.639026,
          2.971442
        ],
        [
          -0.056679,
          -0.870997,
          -0.488008,
          1.297473
        ],
        [
          0.0,
          0.0,
          0.0,
          1.0
        ]
      ]
    },
    {
      "file_path": "/media/NFS/ttao/scannet/posed_images/scene0087_00/00067.jpg",
      "transform_matrix": [
        [
          0.710967,
          -0.377914,
          0.59305,
          3.532123
        ],
        [
          -0.700573,
          -0.307445,
          0.643953,
          2.947985
        ],
        [
          -0.061029,
          -0.873303,
          -0.483339,
          1.321131
        ],
        [
          0.0,
          0.0,
          0.0,
          1.0
        ]
      ]
    },
    {
      "file_path": "/media/NFS/ttao/scannet/posed_images/scene0087_00/00068.jpg",
      "transform_matrix": [
        [
          0.707762,
          -0.378062,
          0.596777,
          3.541935
        ],
        [
          -0.704244,
          -0.310849,
          0.63829,
          2.943269
        ],
        [
          -0.055806,
          -0.872033,
          -0.486255,
          1.325538
        ],
        [
          0.0,
          0.0,
          0.0,
          1.0
        ]
      ]
    },
    {
      "file_path": "/media/NFS/ttao/scannet/posed_images/scene0087_00/00075.jpg",
      "transform_matrix": [
        [
          0.704831,
          -0.322109,
          0.632028,
          3.604453
        ],
        [
          -0.709046,
          -0.347042,
          0.613853,
          2.890785
        ],
        [
          0.021613,
          -0.880799,
          -0.472996,
          1.359534
        ],
        [
          0.0,
          0.0,
          0.0,
          1.0
        ]
      ]
    },
    {
      "file_path": "/media/NFS/ttao/scannet/posed_images/scene0087_00/00080.jpg",
      "transform_matrix": [
        [
          0.70116,
          -0.295044,
          0.649095,
          3.601838
        ],
        [
          -0.711534,
          -0.347981,
          0.610434,
          2.873967
        ],
        [
          0.045768,
          -0.889864,
          -0.453924,
          1.392002
        ],
        [
          0.0,
          0.0,
          0.0,
          1.0
        ]
      ]
    },
    {
      "file_path": "/media/NFS/ttao/scannet/posed_images/scene0087_00/00085.jpg",
      "transform_matrix": [
        [
          0.672553,
          -0.284436,
          0.683205,
          3.561363
        ],
        [
          -0.738417,
          -0.319206,
          0.59401,
          2.865758
        ],
        [
          0.049126,
          -0.903993,
          -0.424715,
          1.420677
        ],
        [
          0.0,
          0.0,
          0.0,
          1.0
        ]
      ]
    },
    {
      "file_path": "/media/NFS/ttao/scannet/posed_images/scene0087_00/00088.jpg",
      "transform_matrix": [
        [
          0.642711,
          -0.279328,
          0.713371,
          3.518374
        ],
        [
          -0.763651,
          -0.308118,
          0.567363,
          2.87026
        ],
        [
          0.061322,
          -0.909417,
          -0.41134,
          1.435991
        ],
        [
          0.0,
          0.0,
          0.0,
          1.0
        ]
      ]
    },
    {
      "file_path": "/media/NFS/ttao/scannet/posed_images/scene0087_00/00094.jpg",
      "transform_matrix": [
        [
          0.581606,
          -0.28938,
          0.760259,
          3.398379
        ],
        [
          -0.812999,
          -0.23859,
          0.531138,
          2.884543
        ],
        [
          0.02769,
          -0.927003,
          -0.374031,
          1.420848
        ],
        [
          0.0,
          0.0,
          0.0,
          1.0
        ]
      ]
    },
    {
      "file_path": "/media/NFS/ttao/scannet/posed_images/scene0087_00/00101.jpg",
      "transform_matrix": [
        [
          0.507262,
          -0.348468,
          0.788198,
          3.291307
        ],
        [
          -0.861649,
          -0.221778,
          0.456483,
          2.899334
        ],
        [
          0.015735,
          -0.910706,
          -0.412756,
          1.431453
        ],
        [
          0.0,
          0.0,
          0.0,
          1.0
        ]
      ]
    },
    {
      "file_path": "/media/NFS/ttao/scannet/posed_images/scene0087_00/00103.jpg",
      "transform_matrix": [
        [
          0.504109,
          -0.338989,
          0.79433,
          3.263799
        ],
        [
          -0.863497,
          -0.214603,
          0.45642,
          2.888071
        ],
        [
          0.015745,
          -0.915987,
          -0.400899,
          1.431993
        ],
        [
          0.0,
          0.0,
          0.0,
          1.0
        ]
      ]
    },
    {
      "file_path": "/media/NFS/ttao/scannet/posed_images/scene0087_00/00106.jpg",
      "transform_matrix": [
        [
          0.49615,
          -0.337904,
          0.799785,
          3.214247
        ],
        [
          -0.867934,
          -0.217351,
          0.446598,
          2.88772
        ],
        [
          0.022927,
          -0.91574,
          -0.401117,
          1.432939
        ],
        [
          0.0,
          0.0,
          0.0,
          1.0
        ]
      ]
    },
    {
      "file_path": "/media/NFS/ttao/scannet/posed_images/scene0087_00/00112.jpg",
      "transform_matrix": [
        [
          0.517489,
          -0.318741,
          0.794109,
          3.119503
        ],
        [
          -0.855466,
          -0.213962,
          0.471592,
          2.8702
        ],
        [
          0.019593,
          -0.923377,
          -0.383395,
          1.431223
        ],
        [
          0.0,
          0.0,
          0.0,
          1.0
        ]
      ]
    },
    {
      "file_path": "/media/NFS/ttao/scannet/posed_images/scene0087_00/00119.jpg",
      "transform_matrix": [
        [
          0.555637,
          -0.319145,
          0.767733,
          3.016848
        ],
        [
          -0.831419,
          -0.209765,
          0.514529,
          2.873008
        ],
        [
          -0.003166,
          -0.924199,
          -0.381897,
          1.424886
        ],
        [
          0.0,
          0.0,
          0.0,
          1.0
        ]
      ]
    },
    {
      "file_path": "/media/NFS/ttao/scannet/posed_images/scene0087_00/00123.jpg",
      "transform_matrix": [
        [
          0.55933,
          -0.329858,
          0.760489,
          2.979567
        ],
        [
          -0.828921,
          -0.215599,
          0.516146,
          2.892897
        ],
        [
          -0.006295,
          -0.919081,
          -0.394017,
          1.434748
        ],
        [
          0.0,
          0.0,
          0.0,
          1.0
        ]
      ]
    },
    {
      "file_path": "/media/NFS/ttao/scannet/posed_images/scene0087_00/00124.jpg",
      "transform_matrix": [
        [
          0.56122,
          -0.328723,
          0.759588,
          2.972227
        ],
        [
          -0.827657,
          -0.218423,
          0.516987,
          2.9029
        ],
        [
          -0.004034,
          -0.918821,
          -0.394653,
          1.437881
        ],
        [
          0.0,
          0.0,
          0.0,
          1.0
        ]
      ]
    },
    {
      "file_path": "/media/NFS/ttao/scannet/posed_images/scene0087_00/00133.jpg",
      "transform_matrix": [
        [
          0.615336,
          -0.295204,
          0.730901,
          2.836177
        ],
        [
          -0.788015,
          -0.253716,
          0.560946,
          3.034668
        ],
        [
          0.019848,
          -0.921131,
          -0.388746,
          1.411073
        ],
        [
          0.0,
          0.0,
          0.0,
          1.0
        ]
      ]
    },
    {
      "file_path": "/media/NFS/ttao/scannet/posed_images/scene0087_00/00134.jpg",
      "transform_matrix": [
        [
          0.618788,
          -0.298824,
          0.726503,
          2.824677
        ],
        [
          -0.785285,
          -0.259716,
          0.562028,
          3.059493
        ],
        [
          0.020737,
          -0.918287,
          -0.395371,
          1.419819
        ],
        [
          0.0,
          0.0,
          0.0,
          1.0
        ]
      ]
    },
    {
      "file_path": "/media/NFS/ttao/scannet/posed_images/scene0087_00/00142.jpg",
      "transform_matrix": [
        [
          0.630071,
          -0.317848,
          0.708508,
          2.725295
        ],
        [
          -0.7765,
          -0.266906,
          0.570797,
          3.208771
        ],
        [
          0.007678,
          -0.909799,
          -0.414979,
          1.396289
        ],
        [
          0.0,
          0.0,
          0.0,
          1.0
        ]
      ]
    },
    {
      "file_path": "/media/NFS/ttao/scannet/posed_images/scene0087_00/00147.jpg",
      "transform_matrix": [
        [
          0.634389,
          -0.324625,
          0.701547,
          2.691883
        ],
        [
          -0.772961,
          -0.277018,
          0.570782,
          3.292504
        ],
        [
          0.009051,
          -0.904367,
          -0.42666,
          1.388688
        ],
        [
          0.0,
          0.0,
          0.0,
          1.0
        ]
      ]
    },
    {
      "file_path": "/media/NFS/ttao/scannet/posed_images/scene0087_00/00148.jpg",
      "transform_matrix": [
        [
          0.63675,
          -0.325642,
          0.698933,
          2.686403
        ],
        [
          -0.771044,
          -0.276428,
          0.573655,
          3.311007
        ],
        [
          0.006399,
          -0.904182,
          -0.427099,
          1.388809
        ],
        [
          0.0,
          0.0,
          0.0,
          1.0
        ]
      ]
    },
    {
      "file_path": "/media/NFS/ttao/scannet/posed_images/scene0087_00/00152.jpg",
      "transform_matrix": [
        [
          0.6433,
          -0.321899,
          0.694655,
          2.661826
        ],
        [
          -0.765611,
          -0.2733,
          0.582364,
          3.37745
        ],
        [
          0.002387,
          -0.90647,
          -0.422263,
          1.378519
        ],
        [
          0.0,
          0.0,
          0.0,
          1.0
        ]
      ]
    },
    {
      "file_path": "/media/NFS/ttao/scannet/posed_images/scene0087_00/00158.jpg",
      "transform_matrix": [
        [
          0.659444,
          -0.335869,
          0.672552,
          2.650125
        ],
        [
          -0.751543,
          -0.273359,
          0.600381,
          3.483462
        ],
        [
          -0.017802,
          -0.901369,
          -0.432685,
          1.358129
        ],
        [
          0.0,
          0.0,
          0.0,
          1.0
        ]
      ]
    },
    {
      "file_path": "/media/NFS/ttao/scannet/posed_images/scene0087_00/00163.jpg",
      "transform_matrix": [
        [
          0.676949,
          -0.355443,
          0.644516,
          2.64597
        ],
        [
          -0.73538,
          -0.289852,
          0.612537,
          3.578711
        ],
        [
          -0.030908,
          -0.88862,
          -0.457601,
          1.355728
        ],
        [
          0.0,
          0.0,
          0.0,
          1.0
        ]
      ]
    },
    {
      "file_path": "/media/NFS/ttao/scannet/posed_images/scene0087_00/00170.jpg",
      "transform_matrix": [
        [
          0.727621,
          -0.309093,
          0.612397,
          2.611038
        ],
        [
          -0.685978,
          -0.32984,
          0.648567,
          3.672166
        ],
        [
          0.001526,
          -0.892002,
          -0.45203,
          1.352201
        ],
        [
          0.0,
          0.0,
          0.0,
          1.0
        ]
      ]
    },
    {
      "file_path": "/media/NFS/ttao/scannet/posed_images/scene0087_00/00173.jpg",
      "transform_matrix": [
        [
          0.737193,
          -0.305318,
          0.602767,
          2.601237
        ],
        [
          -0.675564,
          -0.349753,
          0.649066,
          3.701368
        ],
        [
          0.012647,
          -0.885694,
          -0.464097,
          1.346382
        ],
        [
          0.0,
          0.0,
          0.0,
          1.0
        ]
      ]
    },
    {
      "file_path": "/media/NFS/ttao/scannet/posed_images/scene0087_00/00176.jpg",
      "transform_matrix": [
        [
          0.736382,
          -0.304584,
          0.604127,
          2.590245
        ],
        [
          -0.676326,
          -0.355171,
          0.645319,
          3.727365
        ],
        [
          0.018015,
          -0.883788,
          -0.46754,
          1.349414
        ],
        [
          0.0,
          0.0,
          0.0,
          1.0
        ]
      ]
    },
    {
      "file_path": "/media/NFS/ttao/scannet/posed_images/scene0087_00/00184.jpg",
      "transform_matrix": [
        [
          0.776912,
          -0.275896,
          0.565941,
          2.55671
        ],
        [
          -0.628976,
          -0.380424,
          0.677988,
          3.756234
        ],
        [
          0.028244,
          -0.8827,
          -0.469088,
          1.350018
        ],
        [
          0.0,
          0.0,
          0.0,
          1.0
        ]
      ]
    },
    {
      "file_path": "/media/NFS/ttao/scannet/posed_images/scene0087_00/00188.jpg",
      "transform_matrix": [
        [
          0.811008,
          -0.258391,
          0.524882,
          2.560028
        ],
        [
          -0.584522,
          -0.395464,
          0.708479,
          3.747944
        ],
        [
          0.024507,
          -0.881387,
          -0.47176,
          1.354402
        ],
        [
          0.0,
          0.0,
          0.0,
          1.0
        ]
      ]
    },
    {
      "file_path": "/media/NFS/ttao/scannet/posed_images/scene0087_00/00190.jpg",
      "transform_matrix": [
        [
          0.828123,
          -0.251275,
          0.501072,
          2.579328
        ],
        [
          -0.560329,
          -0.39601,
          0.727467,
          3.732933
        ],
        [
          0.015635,
          -0.883197,
          -0.468741,
          1.362331
        ],
        [
          0.0,
          0.0,
          0.0,
          1.0
        ]
      ]
    },
    {
      "file_path": "/media/NFS/ttao/scannet/posed_images/scene0087_00/00194.jpg",
      "transform_matrix": [
        [
          0.861594,
          -0.229041,
          0.452986,
          2.623936
        ],
        [
          -0.507598,
          -0.387636,
          0.769469,
          3.690458
        ],
        [
          -0.000646,
          -0.892905,
          -0.450245,
          1.371673
        ],
        [
          0.0,
          0.0,
          0.0,
          1.0
        ]
      ]
    },
    {
      "file_path": "/media/NFS/ttao/scannet/posed_images/scene0087_00/00200.jpg",
      "transform_matrix": [
        [
          0.918719,
          -0.165826,
          0.358408,
          2.724954
        ],
        [
          -0.394121,
          -0.442406,
          0.805572,
          3.605561
        ],
        [
          0.024977,
          -0.881351,
          -0.471802,
          1.355667
        ],
        [
          0.0,
          0.0,
          0.0,
          1.0
        ]
      ]
    },
    {
      "file_path": "/media/NFS/ttao/scannet/posed_images/scene0087_00/00207.jpg",
      "transform_matrix": [
        [
          0.936197,
          -0.162278,
          0.311772,
          2.859192
        ],
        [
          -0.349948,
          -0.513024,
          0.7838,
          3.523872
        ],
        [
          0.032753,
          -0.842895,
          -0.53708,
          1.356322
        ],
        [
          0.0,
          0.0,
          0.0,
          1.0
        ]
      ]
    },
    {
      "file_path": "/media/NFS/ttao/scannet/posed_images/scene0087_00/00208.jpg",
      "transform_matrix": [
        [
          0.938018,
          -0.164788,
          0.304905,
          2.874929
        ],
        [
          -0.345556,
          -0.512443,
          0.786125,
          3.51636
        ],
        [
          0.026702,
          -0.842762,
          -0.537624,
          1.354628
        ],
        [
          0.0,
          0.0,
          0.0,
          1.0
        ]
      ]
    },
    {
      "file_path": "/media/NFS/ttao/scannet/posed_images/scene0087_00/00216.jpg",
      "transform_matrix": [
        [
          0.968479,
          -0.142654,
          0.204201,
          2.98445
        ],
        [
          -0.249053,
          -0.53956,
          0.804268,
          3.465224
        ],
        [
          -0.004554,
          -0.829774,
          -0.558081,
          1.324195
        ],
        [
          0.0,
          0.0,
          0.0,
          1.0
        ]
      ]
    },
    {
      "file_path": "/media/NFS/ttao/scannet/posed_images/scene0087_00/00218.jpg",
      "transform_matrix": [
        [
          0.97861,
          -0.109329,
          0.17427,
          3.019801
        ],
        [
          -0.205619,
          -0.547085,
          0.81143,
          3.451836
        ],
        [
          0.006628,
          -0.829906,
          -0.557863,
          1.313984
        ],
        [
          0.0,
          0.0,
          0.0,
          1.0
        ]
      ]
    },
    {
      "file_path": "/media/NFS/ttao/scannet/posed_images/scene0087_00/00222.jpg",
      "transform_matrix": [
        [
          0.987699,
          -0.067404,
          0.141092,
          3.089518
        ],
        [
          -0.15382,
          -0.580987,
          0.799246,
          3.430554
        ],
        [
          0.0281,
          -0.811117,
          -0.584208,
          1.291568
        ],
        [
          0.0,
          0.0,
          0.0,
          1.0
        ]
      ]
    },
    {
      "file_path": "/media/NFS/ttao/scannet/posed_images/scene0087_00/00228.jpg",
      "transform_matrix": [
        [
          0.99424,
          -0.058793,
          0.089611,
          3.20668
        ],
        [
          -0.106796,
          -0.613836,
          0.782176,
          3.394416
        ],
        [
          0.00902,
          -0.787241,
          -0.616579,
          1.301925
        ],
        [
          0.0,
          0.0,
          0.0,
          1.0
        ]
      ]
    },
    {
      "file_path": "/media/NFS/ttao/scannet/posed_images/scene0087_00/00232.jpg",
      "transform_matrix": [
        [
          0.997437,
          -0.035897,
          0.061897,
          3.282303
        ],
        [
          -0.070655,
          -0.630705,
          0.772799,
          3.364156
        ],
        [
          0.011298,
          -0.775192,
          -0.631625,
          1.306273
        ],
        [
          0.0,
          0.0,
          0.0,
          1.0
        ]
      ]
    },
    {
      "file_path": "/media/NFS/ttao/scannet/posed_images/scene0087_00/00236.jpg",
      "transform_matrix": [
        [
          0.999838,
          0.014982,
          0.010004,
          3.347907
        ],
        [
          0.001789,
          -0.635116,
          0.772414,
          3.316582
        ],
        [
          0.017926,
          -0.772271,
          -0.63504,
          1.299018
        ],
        [
          0.0,
          0.0,
          0.0,
          1.0
        ]
      ]
    },
    {
      "file_path": "/media/NFS/ttao/scannet/posed_images/scene0087_00/00244.jpg",
      "transform_matrix": [
        [
          0.989944,
          0.107345,
          -0.092133,
          3.495937
        ],
        [
          0.1406,
          -0.674833,
          0.724453,
          3.229641
        ],
        [
          0.015592,
          -0.730122,
          -0.683139,
          1.285136
        ],
        [
          0.0,
          0.0,
          0.0,
          1.0
        ]
      ]
    },
    {
      "file_path": "/media/NFS/ttao/scannet/posed_images/scene0087_00/00247.jpg",
      "transform_matrix": [
        [
          0.984629,
          0.117916,
          -0.128844,
          3.543203
        ],
        [
          0.174638,
          -0.675433,
          0.716444,
          3.215069
        ],
        [
          -0.002546,
          -0.727933,
          -0.685644,
          1.281637
        ],
        [
          0.0,
          0.0,
          0.0,
          1.0
        ]
      ]
    },
    {
      "file_path": "/media/NFS/ttao/scannet/posed_images/scene0087_00/00254.jpg",
      "transform_matrix": [
        [
          0.962103,
          0.139559,
          -0.23427,
          3.644808
        ],
        [
          0.267814,
          -0.64531,
          0.715437,
          3.212914
        ],
        [
          -0.051331,
          -0.751065,
          -0.65823,
          1.272703
        ],
        [
          0.0,
          0.0,
          0.0,
          1.0
        ]
      ]
    },
    {
      "file_path": "/media/NFS/ttao/scannet/posed_images/scene0087_00/00255.jpg",
      "transform_matrix": [
        [
          0.959087,
          0.145188,
          -0.243049,
          3.657637
        ],
        [
          0.278156,
          -0.643161,
          0.713423,
          3.218267
        ],
        [
          -0.052739,
          -0.751841,
          -0.657232,
          1.270038
        ],
        [
          0.0,
          0.0,
          0.0,
          1.0
        ]
      ]
    },
    {
      "file_path": "/media/NFS/ttao/scannet/posed_images/scene0087_00/00262.jpg",
      "transform_matrix": [
        [
          0.939314,
          0.226215,
          -0.257906,
          3.754231
        ],
        [
          0.343044,
          -0.61269,
          0.711992,
          3.27636
        ],
        [
          0.003047,
          -0.757257,
          -0.65311,
          1.263166
        ],
        [
          0.0,
          0.0,
          0.0,
          1.0
        ]
      ]
    },
    {
      "file_path": "/media/NFS/ttao/scannet/posed_images/scene0087_00/00265.jpg",
      "transform_matrix": [
        [
          0.917564,
          0.28068,
          -0.281593,
          3.783504
        ],
        [
          0.396504,
          -0.593748,
          0.700177,
          3.302883
        ],
        [
          0.029331,
          -0.75411,
          -0.656093,
          1.276292
        ],
        [
          0.0,
          0.0,
          0.0,
          1.0
        ]
      ]
    },
    {
      "file_path": "/media/NFS/ttao/scannet/posed_images/scene0087_00/00272.jpg",
      "transform_matrix": [
        [
          0.864527,
          0.325254,
          -0.383148,
          3.843378
        ],
        [
          0.502195,
          -0.528998,
          0.684077,
          3.353774
        ],
        [
          0.019814,
          -0.783818,
          -0.620675,
          1.304068
        ],
        [
          0.0,
          0.0,
          0.0,
          1.0
        ]
      ]
    },
    {
      "file_path": "/media/NFS/ttao/scannet/posed_images/scene0087_00/00276.jpg",
      "transform_matrix": [
        [
          0.829884,
          0.339071,
          -0.443085,
          3.876544
        ],
        [
          0.557788,
          -0.485853,
          0.67292,
          3.380702
        ],
        [
          0.012894,
          -0.805592,
          -0.592331,
          1.322468
        ],
        [
          0.0,
          0.0,
          0.0,
          1.0
        ]
      ]
    },
    {
      "file_path": "/media/NFS/ttao/scannet/posed_images/scene0087_00/00282.jpg",
      "transform_matrix": [
        [
          0.781694,
          0.34898,
          -0.516883,
          3.930785
        ],
        [
          0.62366,
          -0.439534,
          0.646419,
          3.406793
        ],
        [
          -0.0016,
          -0.827661,
          -0.561226,
          1.338301
        ],
        [
          0.0,
          0.0,
          0.0,
          1.0
        ]
      ]
    },
    {
      "file_path": "/media/NFS/ttao/scannet/posed_images/scene0087_00/00283.jpg",
      "transform_matrix": [
        [
          0.773001,
          0.352879,
          -0.527206,
          3.946723
        ],
        [
          0.634383,
          -0.436859,
          0.63774,
          3.416123
        ],
        [
          -0.00527,
          -0.827424,
          -0.561553,
          1.340186
        ],
        [
          0.0,
          0.0,
          0.0,
          1.0
        ]
      ]
    },
    {
      "file_path": "/media/NFS/ttao/scannet/posed_images/scene0087_00/00288.jpg",
      "transform_matrix": [
        [
          0.739342,
          0.353348,
          -0.573165,
          4.006386
        ],
        [
          0.672757,
          -0.422749,
          0.607191,
          3.479022
        ],
        [
          -0.027756,
          -0.834523,
          -0.550274,
          1.367174
        ],
        [
          0.0,
          0.0,
          0.0,
          1.0
        ]
      ]
    },
    {
      "file_path": "/media/NFS/ttao/scannet/posed_images/scene0087_00/00292.jpg",
      "transform_matrix": [
        [
          0.734234,
          0.319801,
          -0.598855,
          4.047361
        ],
        [
          0.677475,
          -0.402196,
          0.615845,
          3.536428
        ],
        [
          -0.043909,
          -0.857884,
          -0.511964,
          1.380689
        ],
        [
          0.0,
          0.0,
          0.0,
          1.0
        ]
      ]
    },
    {
      "file_path": "/media/NFS/ttao/scannet/posed_images/scene0087_00/00300.jpg",
      "transform_matrix": [
        [
          0.744481,
          0.304288,
          -0.59427,
          4.056054
        ],
        [
          0.667342,
          -0.365914,
          0.648662,
          3.635526
        ],
        [
          -0.020071,
          -0.879498,
          -0.47548,
          1.375829
        ],
        [
          0.0,
          0.0,
          0.0,
          1.0
        ]
      ]
    },
    {
      "file_path": "/media/NFS/ttao/scannet/posed_images/scene0087_00/00303.jpg",
      "transform_matrix": [
        [
          0.750702,
          0.303118,
          -0.586998,
          4.0371
        ],
        [
          0.66053,
          -0.360706,
          0.658476,
          3.654597
        ],
        [
          -0.012138,
          -0.882049,
          -0.471002,
          1.372386
        ],
        [
          0.0,
          0.0,
          0.0,
          1.0
        ]
      ]
    },
    {
      "file_path": "/media/NFS/ttao/scannet/posed_images/scene0087_00/00306.jpg",
      "transform_matrix": [
        [
          0.742669,
          0.297834,
          -0.599782,
          4.022878
        ],
        [
          0.669326,
          -0.358369,
          0.650826,
          3.688447
        ],
        [
          -0.021105,
          -0.884797,
          -0.465498,
          1.383086
        ],
        [
          0.0,
          0.0,
          0.0,
          1.0
        ]
      ]
    },
    {
      "file_path": "/media/NFS/ttao/scannet/posed_images/scene0087_00/00311.jpg",
      "transform_matrix": [
        [
          0.724738,
          0.292056,
          -0.624066,
          4.010532
        ],
        [
          0.688516,
          -0.341771,
          0.639639,
          3.738607
        ],
        [
          -0.026477,
          -0.89325,
          -0.44878,
          1.396891
        ],
        [
          0.0,
          0.0,
          0.0,
          1.0
        ]
      ]
    },
    {
      "file_path": "/media/NFS/ttao/scannet/posed_images/scene0087_00/00315.jpg",
      "transform_matrix": [
        [
          0.712793,
          0.296658,
          -0.635547,
          3.998692
        ],
        [
          0.700896,
          -0.334759,
          0.629827,
          3.77081
        ],
        [
          -0.025912,
          -0.894388,
          -0.44654,
          1.404321
        ],
        [
          0.0,
          0.0,
          0.0,
          1.0
        ]
      ]
    },
    {
      "file_path": "/media/NFS/ttao/scannet/posed_images/scene0087_00/00322.jpg",
      "transform_matrix": [
        [
          0.669568,
          0.305907,
          -0.676831,
          4.009812
        ],
        [
          0.742115,
          -0.313239,
          0.592577,
          3.850891
        ],
        [
          -0.030737,
          -0.899056,
          -0.436753,
          1.409765
        ],
        [
          0.0,
          0.0,
          0.0,
          1.0
        ]
      ]
    },
    {
      "file_path": "/media/NFS/ttao/scannet/posed_images/scene0087_00/00325.jpg",
      "transform_matrix": [
        [
          0.655976,
          0.295651,
          -0.694467,
          4.022537
        ],
        [
          0.754467,
          -0.283389,
          0.592005,
          3.890504
        ],
        [
          -0.021777,
          -0.912295,
          -0.408955,
          1.415822
        ],
        [
          0.0,
          0.0,
          0.0,
          1.0
        ]
      ]
    },
    {
      "file_path": "/media/NFS/ttao/scannet/posed_images/scene0087_00/00329.jpg",
      "transform_matrix": [
        [
          0.640097,
          0.292603,
          -0.710394,
          4.031514
        ],
        [
          0.768023,
          -0.26823,
          0.581543,
          3.939432
        ],
        [
          -0.020387,
          -0.917843,
          -0.396419,
          1.424725
        ],
        [
          0.0,
          0.0,
          0.0,
          1.0
        ]
      ]
    },
    {
      "file_path": "/media/NFS/ttao/scannet/posed_images/scene0087_00/00334.jpg",
      "transform_matrix": [
        [
          0.62666,
          0.269603,
          -0.731171,
          4.013952
        ],
        [
          0.778438,
          -0.2605,
          0.571117,
          3.974665
        ],
        [
          -0.036495,
          -0.927068,
          -0.373114,
          1.441495
        ],
        [
          0.0,
          0.0,
          0.0,
          1.0
        ]
      ]
    },
    {
      "file_path": "/media/NFS/ttao/scannet/posed_images/scene0087_00/00339.jpg",
      "transform_matrix": [
        [
          0.633947,
          0.258947,
          -0.728737,
          3.998631
        ],
        [
          0.772312,
          -0.261411,
          0.578964,
          3.992467
        ],
        [
          -0.040579,
          -0.929844,
          -0.365709,
          1.446339
        ],
        [
          0.0,
          0.0,
          0.0,
          1.0
        ]
      ]
    },
    {
      "file_path": "/media/NFS/ttao/scannet/posed_images/scene0087_00/00346.jpg",
      "transform_matrix": [
        [
          0.611457,
          0.316466,
          -0.725238,
          3.93468
        ],
        [
          0.790967,
          -0.270149,
          0.548991,
          3.886022
        ],
        [
          -0.022185,
          -0.909323,
          -0.415499,
          1.384261
        ],
        [
          0.0,
          0.0,
          0.0,
          1.0
        ]
      ]
    },
    {
      "file_path": "/media/NFS/ttao/scannet/posed_images/scene0087_00/00352.jpg",
      "transform_matrix": [
        [
          0.598909,
          0.346574,
          -0.721938,
          3.839689
        ],
        [
          0.80039,
          -0.288503,
          0.525492,
          3.781369
        ],
        [
          -0.026159,
          -0.892554,
          -0.450181,
          1.369694
        ],
        [
          0.0,
          0.0,
          0.0,
          1.0
        ]
      ]
    },
    {
      "file_path": "/media/NFS/ttao/scannet/posed_images/scene0087_00/00356.jpg",
      "transform_matrix": [
        [
          0.606407,
          0.351547,
          -0.713222,
          3.784786
        ],
        [
          0.795034,
          -0.283672,
          0.536145,
          3.707215
        ],
        [
          -0.013841,
          -0.892157,
          -0.451513,
          1.346666
        ],
        [
          0.0,
          0.0,
          0.0,
          1.0
        ]
      ]
    },
    {
      "file_path": "/media/NFS/ttao/scannet/posed_images/scene0087_00/00357.jpg",
      "transform_matrix": [
        [
          0.609417,
          0.359767,
          -0.706526,
          3.770187
        ],
        [
          0.792801,
          -0.28641,
          0.537992,
          3.694978
        ],
        [
          -0.008805,
          -0.887996,
          -0.459767,
          1.343467
        ],
