{
  "frames": [
    {
      "file_path": "/media/NFS/ttao/scannet/posed_images/scene0197_00/00002.jpg",
      "transform_matrix": [
        [
          -0.998283,
          -0.004041,
          -0.058434,
          1.688122
        ],
        [
          0.054839,
          0.286044,
          -0.956646,
          4.435732
        ],
        [
          0.020581,
          -0.958208,
          -0.285332,
          1.572228
        ],
        [
          0.0,
          0.0,
          0.0,
          1.0
        ]
      ]
    },
    {
      "file_path": "/media/NFS/ttao/scannet/posed_images/scene0197_00/00008.jpg",
      "transform_matrix": [
        [
          -0.998348,
          0.001651,
          -0.057431,
          1.687814
        ],
        [
          0.055542,
          0.283551,
          -0.957348,
          4.438321
        ],
        [
          0.014704,
          -0.958956,
          -0.283174,
          1.572549
        ],
        [
          0.0,
          0.0,
          0.0,
          1.0
        ]
      ]
    },
    {
      "file_path": "/media/NFS/ttao/scannet/posed_images/scene0197_00/00013.jpg",
      "transform_matrix": [
        [
          -0.998016,
          0.000112,
          -0.062958,
          1.686027
        ],
        [
          0.06042,
          0.282758,
          -0.957287,
          4.441535
        ],
        [
          0.017694,
          -0.959191,
          -0.282204,
          1.570924
        ],
        [
          0.0,
          0.0,
          0.0,
          1.0
        ]
      ]
    },
    {
      "file_path": "/media/NFS/ttao/scannet/posed_images/scene0197_00/00019.jpg",
      "transform_matrix": [
        [
          -0.997823,
          0.002282,
          -0.065904,
          1.685247
        ],
        [
          0.063915,
          0.279427,
          -0.958037,
          4.444324
        ],
        [
          0.016229,
          -0.960164,
          -0.278965,
          1.571334
        ],
        [
          0.0,
          0.0,
          0.0,
          1.0
        ]
      ]
    },
    {
      "file_path": "/media/NFS/ttao/scannet/posed_images/scene0197_00/00029.jpg",
      "transform_matrix": [
        [
          -0.997739,
          -0.001537,
          -0.067191,
          1.679544
        ],
        [
          0.064801,
          0.2432,
          -0.967809,
          4.456139
        ],
        [
          0.017828,
          -0.969975,
          -0.242551,
          1.579792
        ],
        [
          0.0,
          0.0,
          0.0,
          1.0
        ]
      ]
    },
    {
      "file_path": "/media/NFS/ttao/scannet/posed_images/scene0197_00/00036.jpg",
      "transform_matrix": [
        [
          -0.997656,
          -0.002043,
          -0.068401,
          1.677368
        ],
        [
          0.06651,
          0.206252,
          -0.976236,
          4.465051
        ],
        [
          0.016103,
          -0.978497,
          -0.205633,
          1.588446
        ],
        [
          0.0,
          0.0,
          0.0,
          1.0
        ]
      ]
    },
    {
      "file_path": "/media/NFS/ttao/scannet/posed_images/scene0197_00/00046.jpg",
      "transform_matrix": [
        [
          -0.996632,
          -0.007061,
          -0.081703,
          1.672661
        ],
        [
          0.079136,
          0.17852,
          -0.980749,
          4.475409
        ],
        [
          0.021511,
          -0.983911,
          -0.177359,
          1.599702
        ],
        [
          0.0,
          0.0,
          0.0,
          1.0
        ]
      ]
    },
    {
      "file_path": "/media/NFS/ttao/scannet/posed_images/scene0197_00/00048.jpg",
      "transform_matrix": [
        [
          -0.996528,
          -0.00649,
          -0.083008,
          1.672137
        ],
        [
          0.080585,
          0.175551,
          -0.981167,
          4.476014
        ],
        [
          0.02094,
          -0.984449,
          -0.174418,
          1.600179
        ],
        [
          0.0,
          0.0,
          0.0,
          1.0
        ]
      ]
    },
    {
      "file_path": "/media/NFS/ttao/scannet/posed_images/scene0197_00/00059.jpg",
      "transform_matrix": [
        [
          -0.996292,
          -0.003396,
          -0.085967,
          1.664255
        ],
        [
          0.084406,
          0.154887,
          -0.98432,
          4.4835
        ],
        [
          0.016658,
          -0.987926,
          -0.154026,
          1.606501
        ],
        [
          0.0,
          0.0,
          0.0,
          1.0
        ]
      ]
    },
    {
      "file_path": "/media/NFS/ttao/scannet/posed_images/scene0197_00/00065.jpg",
      "transform_matrix": [
        [
          -0.995725,
          -0.005912,
          -0.092176,
          1.658395
        ],
        [
          0.09032,
          0.146522,
          -0.985076,
          4.488765
        ],
        [
          0.019329,
          -0.98919,
          -0.145362,
          1.607126
        ],
        [
          0.0,
          0.0,
          0.0,
          1.0
        ]
      ]
    },
    {
      "file_path": "/media/NFS/ttao/scannet/posed_images/scene0197_00/00069.jpg",
      "transform_matrix": [
        [
          -0.995839,
          -0.002925,
          -0.091086,
          1.654812
        ],
        [
          0.089662,
          0.14739,
          -0.985006,
          4.491519
        ],
        [
          0.016306,
          -0.989074,
          -0.146514,
          1.607283
        ],
        [
          0.0,
          0.0,
          0.0,
          1.0
        ]
      ]
    },
    {
      "file_path": "/media/NFS/ttao/scannet/posed_images/scene0197_00/00076.jpg",
      "transform_matrix": [
        [
          -0.996796,
          -0.002519,
          -0.079946,
          1.648857
        ],
        [
          0.079027,
          0.123239,
          -0.989225,
          4.505634
        ],
        [
          0.012345,
          -0.992374,
          -0.122645,
          1.608384
        ],
        [
          0.0,
          0.0,
          0.0,
          1.0
        ]
      ]
    },
    {
      "file_path": "/media/NFS/ttao/scannet/posed_images/scene0197_00/00086.jpg",
      "transform_matrix": [
        [
          -0.998217,
          -0.002812,
          -0.059624,
          1.644823
        ],
        [
          0.059063,
          0.097902,
          -0.993442,
          4.535348
        ],
        [
          0.008631,
          -0.995192,
          -0.097561,
          1.602283
        ],
        [
          0.0,
          0.0,
          0.0,
          1.0
        ]
      ]
    },
    {
      "file_path": "/media/NFS/ttao/scannet/posed_images/scene0197_00/00095.jpg",
      "transform_matrix": [
        [
          -0.99416,
          -0.021789,
          -0.105693,
          1.688238
        ],
        [
          0.104422,
          0.052952,
          -0.993122,
          4.561696
        ],
        [
          0.027236,
          -0.998359,
          -0.050367,
          1.60866
        ],
        [
          0.0,
          0.0,
          0.0,
          1.0
        ]
      ]
    },
    {
      "file_path": "/media/NFS/ttao/scannet/posed_images/scene0197_00/00097.jpg",
      "transform_matrix": [
        [
          -0.993399,
          -0.020669,
          -0.11283,
          1.706338
        ],
        [
          0.111747,
          0.047646,
          -0.992594,
          4.565502
        ],
        [
          0.025892,
          -0.99865,
          -0.045022,
          1.607899
        ],
        [
          0.0,
          0.0,
          0.0,
          1.0
        ]
      ]
    },
    {
      "file_path": "/media/NFS/ttao/scannet/posed_images/scene0197_00/00103.jpg",
      "transform_matrix": [
        [
          -0.988712,
          -0.012349,
          -0.149318,
          1.764196
        ],
        [
          0.148181,
          0.066747,
          -0.986705,
          4.572695
        ],
        [
          0.022152,
          -0.997693,
          -0.064163,
          1.603605
        ],
        [
          0.0,
          0.0,
          0.0,
          1.0
        ]
      ]
    },
    {
      "file_path": "/media/NFS/ttao/scannet/posed_images/scene0197_00/00111.jpg",
      "transform_matrix": [
        [
          -0.978456,
          0.002436,
          -0.206442,
          1.817917
        ],
        [
          0.205941,
          0.082096,
          -0.975115,
          4.588766
        ],
        [
          0.014573,
          -0.996621,
          -0.080829,
          1.586204
        ],
        [
          0.0,
          0.0,
          0.0,
          1.0
        ]
      ]
    },
    {
      "file_path": "/media/NFS/ttao/scannet/posed_images/scene0197_00/00122.jpg",
      "transform_matrix": [
        [
          -0.970985,
          0.013997,
          -0.23873,
          1.836829
        ],
        [
          0.237939,
          0.156483,
          -0.958592,
          4.602423
        ],
        [
          0.02394,
          -0.987582,
          -0.155273,
          1.575658
        ],
        [
          0.0,
          0.0,
          0.0,
          1.0
        ]
      ]
    },
    {
      "file_path": "/media/NFS/ttao/scannet/posed_images/scene0197_00/00124.jpg",
      "transform_matrix": [
        [
          -0.972331,
          0.017238,
          -0.232972,
          1.83265
        ],
        [
          0.232759,
          0.156506,
          -0.959859,
          4.610283
        ],
        [
          0.019916,
          -0.987526,
          -0.156188,
          1.576588
        ],
        [
          0.0,
          0.0,
          0.0,
          1.0
        ]
      ]
    },
    {
      "file_path": "/media/NFS/ttao/scannet/posed_images/scene0197_00/00135.jpg",
      "transform_matrix": [
        [
          -0.975384,
          0.04975,
          -0.214826,
          1.788275
        ],
        [
          0.220508,
          0.226011,
          -0.948839,
          4.651949
        ],
        [
          0.001349,
          -0.972853,
          -0.231418,
          1.554094
        ],
        [
          0.0,
          0.0,
          0.0,
          1.0
        ]
      ]
    },
    {
      "file_path": "/media/NFS/ttao/scannet/posed_images/scene0197_00/00143.jpg",
      "transform_matrix": [
        [
          -0.981577,
          0.072893,
          -0.176618,
          1.766235
        ],
        [
          0.190199,
          0.284645,
          -0.939575,
          4.672053
        ],
        [
          -0.018214,
          -0.955858,
          -0.293265,
          1.538588
        ],
        [
          0.0,
          0.0,
          0.0,
          1.0
        ]
      ]
    },
    {
      "file_path": "/media/NFS/ttao/scannet/posed_images/scene0197_00/00151.jpg",
      "transform_matrix": [
        [
          -0.981388,
          0.075213,
          -0.176692,
          1.762426
        ],
        [
          0.191551,
          0.318207,
          -0.928468,
          4.673451
        ],
        [
          -0.013608,
          -0.945033,
          -0.326692,
          1.515432
        ],
        [
          0.0,
          0.0,
          0.0,
          1.0
        ]
      ]
    },
    {
      "file_path": "/media/NFS/ttao/scannet/posed_images/scene0197_00/00153.jpg",
      "transform_matrix": [
        [
          -0.979793,
          0.064144,
          -0.189449,
          1.767857
        ],
        [
          0.200009,
          0.320557,
          -0.925872,
          4.666902
        ],
        [
          0.00134,
          -0.945055,
          -0.326909,
          1.514079
        ],
        [
          0.0,
          0.0,
          0.0,
          1.0
        ]
      ]
    },
    {
      "file_path": "/media/NFS/ttao/scannet/posed_images/scene0197_00/00160.jpg",
      "transform_matrix": [
        [
          -0.973649,
          0.053077,
          -0.221788,
          1.808638
        ],
        [
          0.227441,
          0.297084,
          -0.927368,
          4.618302
        ],
        [
          0.016668,
          -0.953375,
          -0.301328,
          1.517526
        ],
        [
          0.0,
          0.0,
          0.0,
          1.0
        ]
      ]
    },
    {
      "file_path": "/media/NFS/ttao/scannet/posed_images/scene0197_00/00170.jpg",
      "transform_matrix": [
        [
          -0.959,
          0.076421,
          -0.272907,
          1.897813
        ],
        [
          0.283261,
          0.28923,
          -0.91439,
          4.513308
        ],
        [
          0.009055,
          -0.954204,
          -0.299019,
          1.519568
        ],
        [
          0.0,
          0.0,
          0.0,
          1.0
        ]
      ]
    },
    {
      "file_path": "/media/NFS/ttao/scannet/posed_images/scene0197_00/00174.jpg",
      "transform_matrix": [
        [
          -0.951934,
          0.077533,
          -0.296327,
          1.91945
        ],
        [
          0.305556,
          0.307853,
          -0.901034,
          4.46643
        ],
        [
          0.021365,
          -0.948269,
          -0.316747,
          1.515191
        ],
        [
          0.0,
          0.0,
          0.0,
          1.0
        ]
      ]
    },
    {
      "file_path": "/media/NFS/ttao/scannet/posed_images/scene0197_00/00181.jpg",
      "transform_matrix": [
        [
          -0.94726,
          0.084686,
          -0.309073,
          1.920648
        ],
        [
          0.319221,
          0.334248,
          -0.886779,
          4.405104
        ],
        [
          0.028209,
          -0.938673,
          -0.343653,
          1.513321
        ],
        [
          0.0,
          0.0,
          0.0,
          1.0
        ]
      ]
    },
    {
      "file_path": "/media/NFS/ttao/scannet/posed_images/scene0197_00/00187.jpg",
      "transform_matrix": [
        [
          -0.94186,
          0.098366,
          -0.321285,
          1.906363
        ],
        [
          0.335784,
          0.310249,
          -0.889379,
          4.366711
        ],
        [
          0.012194,
          -0.945553,
          -0.325241,
          1.528842
        ],
        [
          0.0,
          0.0,
          0.0,
          1.0
        ]
      ]
    },
    {
      "file_path": "/media/NFS/ttao/scannet/posed_images/scene0197_00/00200.jpg",
      "transform_matrix": [
        [
          -0.90307,
          0.082673,
          -0.421461,
          1.928313
        ],
        [
          0.427695,
          0.26281,
          -0.864875,
          4.319381
        ],
        [
          0.039262,
          -0.961299,
          -0.272694,
          1.554848
        ],
        [
          0.0,
          0.0,
          0.0,
          1.0
        ]
      ]
    },
    {
      "file_path": "/media/NFS/ttao/scannet/posed_images/scene0197_00/00206.jpg",
      "transform_matrix": [
        [
          -0.886059,
          0.070669,
          -0.458154,
          1.966049
        ],
        [
          0.462282,
          0.208407,
          -0.861894,
          4.304132
        ],
        [
          0.034573,
          -0.975486,
          -0.21733,
          1.576221
        ],
        [
          0.0,
          0.0,
          0.0,
          1.0
        ]
      ]
    },
    {
      "file_path": "/media/NFS/ttao/scannet/posed_images/scene0197_00/00214.jpg",
      "transform_matrix": [
        [
          -0.880611,
          0.063609,
          -0.469551,
          2.002685
        ],
        [
          0.472254,
          0.198839,
          -0.858743,
          4.294232
        ],
        [
          0.038741,
          -0.977966,
          -0.205139,
          1.576185
        ],
        [
          0.0,
          0.0,
          0.0,
          1.0
        ]
      ]
    },
    {
      "file_path": "/media/NFS/ttao/scannet/posed_images/scene0197_00/00217.jpg",
      "transform_matrix": [
        [
          -0.880202,
          0.063052,
          -0.470393,
          2.008089
        ],
        [
          0.472713,
          0.204756,
          -0.857098,
          4.290559
        ],
        [
          0.042274,
          -0.97678,
          -0.210032,
          1.572686
        ],
        [
          0.0,
          0.0,
          0.0,
          1.0
        ]
      ]
    },
    {
      "file_path": "/media/NFS/ttao/scannet/posed_images/scene0197_00/00223.jpg",
      "transform_matrix": [
        [
          -0.87209,
          0.070056,
          -0.484305,
          1.993381
        ],
        [
          0.487566,
          0.208718,
          -0.847771,
          4.289158
        ],
        [
          0.041692,
          -0.975463,
          -0.216178,
          1.563386
        ],
        [
          0.0,
          0.0,
          0.0,
          1.0
        ]
      ]
    },
    {
      "file_path": "/media/NFS/ttao/scannet/posed_images/scene0197_00/00233.jpg",
      "transform_matrix": [
        [
          -0.844442,
          0.094632,
          -0.527221,
          1.920461
        ],
        [
          0.533557,
          0.235464,
          -0.812326,
          4.297414
        ],
        [
          0.047269,
          -0.967265,
          -0.249327,
          1.546993
        ],
        [
          0.0,
          0.0,
          0.0,
          1.0
        ]
      ]
    },
    {
      "file_path": "/media/NFS/ttao/scannet/posed_images/scene0197_00/00240.jpg",
      "transform_matrix": [
        [
          -0.830092,
          0.121168,
          -0.544304,
          1.866399
        ],
        [
          0.556104,
          0.251983,
          -0.791993,
          4.303599
        ],
        [
          0.041191,
          -0.960116,
          -0.276551,
          1.541568
        ],
        [
          0.0,
          0.0,
          0.0,
          1.0
        ]
      ]
    },
    {
      "file_path": "/media/NFS/ttao/scannet/posed_images/scene0197_00/00246.jpg",
      "transform_matrix": [
        [
          -0.811203,
          0.14839,
          -0.565624,
          1.825255
        ],
        [
          0.583623,
          0.265861,
          -0.767269,
          4.301345
        ],
        [
          0.036522,
          -0.952522,
          -0.302271,
          1.53215
        ],
        [
          0.0,
          0.0,
          0.0,
          1.0
        ]
      ]
    },
    {
      "file_path": "/media/NFS/ttao/scannet/posed_images/scene0197_00/00256.jpg",
      "transform_matrix": [
        [
          -0.766873,
          0.17983,
          -0.61609,
          1.79898
        ],
        [
          0.640643,
          0.272074,
          -0.71802,
          4.246132
        ],
        [
          0.0385,
          -0.945324,
          -0.323853,
          1.529351
        ],
        [
          0.0,
          0.0,
          0.0,
          1.0
        ]
      ]
    },
    {
      "file_path": "/media/NFS/ttao/scannet/posed_images/scene0197_00/00261.jpg",
      "transform_matrix": [
        [
          -0.731943,
          0.18213,
          -0.656573,
          1.816851
        ],
        [
          0.679772,
          0.261061,
          -0.685388,
          4.190355
        ],
        [
          0.046576,
          -0.947985,
          -0.314889,
          1.524538
        ],
        [
          0.0,
          0.0,
          0.0,
          1.0
        ]
      ]
    },
    {
      "file_path": "/media/NFS/ttao/scannet/posed_images/scene0197_00/00265.jpg",
      "transform_matrix": [
        [
          -0.676633,
          0.204042,
          -0.707485,
          1.833617
        ],
        [
          0.734764,
          0.249557,
          -0.630748,
          4.139993
        ],
        [
          0.047859,
          -0.946619,
          -0.318781,
          1.52117
        ],
        [
          0.0,
          0.0,
          0.0,
          1.0
        ]
      ]
    },
    {
      "file_path": "/media/NFS/ttao/scannet/posed_images/scene0197_00/00271.jpg",
      "transform_matrix": [
        [
          -0.587379,
          0.228527,
          -0.776377,
          1.841176
        ],
        [
          0.808243,
          0.21494,
          -0.548219,
          4.087351
        ],
        [
          0.041592,
          -0.949514,
          -0.310956,
          1.515507
        ],
        [
          0.0,
          0.0,
          0.0,
          1.0
        ]
      ]
    },
    {
      "file_path": "/media/NFS/ttao/scannet/posed_images/scene0197_00/00284.jpg",
      "transform_matrix": [
        [
          -0.498709,
          0.211977,
          -0.840449,
          1.790407
        ],
        [
          0.866644,
          0.138429,
          -0.479338,
          4.006105
        ],
        [
          0.014734,
          -0.967421,
          -0.252744,
          1.5282
        ],
        [
          0.0,
          0.0,
          0.0,
          1.0
        ]
      ]
    },
    {
      "file_path": "/media/NFS/ttao/scannet/posed_images/scene0197_00/00286.jpg",
      "transform_matrix": [
        [
          -0.49498,
          0.218056,
          -0.841098,
          1.781343
        ],
        [
          0.868901,
          0.121373,
          -0.479875,
          3.996266
        ],
        [
          -0.002553,
          -0.968359,
          -0.249547,
          1.527547
        ],
        [
          0.0,
          0.0,
          0.0,
          1.0
        ]
      ]
    },
    {
      "file_path": "/media/NFS/ttao/scannet/posed_images/scene0197_00/00298.jpg",
      "transform_matrix": [
        [
          -0.316968,
          0.275201,
          -0.907632,
          1.720046
        ],
        [
          0.948224,
          0.112185,
          -0.297128,
          3.945416
        ],
        [
          0.020052,
          -0.954819,
          -0.296511,
          1.504841
        ],
        [
          0.0,
          0.0,
          0.0,
          1.0
        ]
      ]
    },
    {
      "file_path": "/media/NFS/ttao/scannet/posed_images/scene0197_00/00301.jpg",
      "transform_matrix": [
        [
          -0.265271,
          0.284756,
          -0.921165,
          1.714103
        ],
        [
          0.963997,
          0.096613,
          -0.24774,
          3.922654
        ],
        [
          0.018451,
          -0.953719,
          -0.300132,
          1.509211
        ],
        [
          0.0,
          0.0,
          0.0,
          1.0
        ]
      ]
    },
    {
      "file_path": "/media/NFS/ttao/scannet/posed_images/scene0197_00/00307.jpg",
      "transform_matrix": [
        [
          -0.166655,
          0.312225,
          -0.935276,
          1.721671
        ],
        [
          0.985978,
          0.061003,
          -0.155325,
          3.852982
        ],
        [
          0.008558,
          -0.948048,
          -0.318013,
          1.503602
        ],
        [
          0.0,
          0.0,
          0.0,
          1.0
        ]
      ]
    },
    {
      "file_path": "/media/NFS/ttao/scannet/posed_images/scene0197_00/00317.jpg",
      "transform_matrix": [
        [
          0.018107,
          0.314806,
          -0.948983,
          1.742105
        ],
        [
          0.999819,
          -0.000197,
          0.019011,
          3.780881
        ],
        [
          0.005798,
          -0.949156,
          -0.314753,
          1.502459
        ],
        [
          0.0,
          0.0,
          0.0,
          1.0
        ]
      ]
    },
    {
      "file_path": "/media/NFS/ttao/scannet/posed_images/scene0197_00/00326.jpg",
      "transform_matrix": [
        [
          0.144249,
          0.300069,
          -0.942948,
          1.777127
        ],
        [
          0.989541,
          -0.042529,
          0.137843,
          3.773741
        ],
        [
          0.00126,
          -0.952969,
          -0.303065,
          1.502251
        ],
        [
          0.0,
          0.0,
          0.0,
          1.0
        ]
      ]
    },
    {
      "file_path": "/media/NFS/ttao/scannet/posed_images/scene0197_00/00328.jpg",
      "transform_matrix": [
        [
          0.160944,
          0.29721,
          -0.94115,
          1.787892
        ],
        [
          0.98696,
          -0.050978,
          0.152679,
          3.772766
        ],
        [
          -0.0026,
          -0.95345,
          -0.301539,
          1.501402
        ],
        [
          0.0,
          0.0,
          0.0,
          1.0
        ]
      ]
    },
    {
      "file_path": "/media/NFS/ttao/scannet/posed_images/scene0197_00/00341.jpg",
      "transform_matrix": [
        [
          0.297246,
          0.231808,
          -0.926234,
          1.882422
        ],
        [
          0.954689,
          -0.086987,
          0.284608,
          3.785278
        ],
        [
          -0.014596,
          -0.968865,
          -0.247161,
          1.504786
        ],
        [
          0.0,
          0.0,
          0.0,
          1.0
        ]
      ]
    },
    {
      "file_path": "/media/NFS/ttao/scannet/posed_images/scene0197_00/00347.jpg",
      "transform_matrix": [
        [
          0.33705,
          0.199566,
          -0.920093,
          1.914197
        ],
        [
          0.941335,
          -0.088958,
          0.325537,
          3.760694
        ],
        [
          -0.016883,
          -0.975838,
          -0.217842,
          1.510812
        ],
        [
          0.0,
          0.0,
          0.0,
          1.0
        ]
      ]
    },
    {
      "file_path": "/media/NFS/ttao/scannet/posed_images/scene0197_00/00349.jpg",
      "transform_matrix": [
        [
          0.350876,
          0.198573,
          -0.915126,
          1.916933
        ],
        [
          0.936323,
          -0.088578,
          0.339783,
          3.749584
        ],
        [
          -0.013588,
          -0.976075,
          -0.217008,
          1.50823
        ],
        [
          0.0,
          0.0,
          0.0,
          1.0
        ]
      ]
    },
    {
      "file_path": "/media/NFS/ttao/scannet/posed_images/scene0197_00/00355.jpg",
      "transform_matrix": [
        [
          0.396876,
          0.230051,
          -0.888575,
          1.910316
        ],
        [
          0.917433,
          -0.129359,
          0.376274,
          3.721243
        ],
        [
          -0.028383,
          -0.964543,
          -0.262396,
          1.486006
        ],
        [
          0.0,
          0.0,
          0.0,
          1.0
        ]
      ]
    },
    {
      "file_path": "/media/NFS/ttao/scannet/posed_images/scene0197_00/00366.jpg",
      "transform_matrix": [
        [
          0.486246,
          0.299234,
          -0.820989,
          1.889895
        ],
        [
          0.873218,
          -0.20133,
          0.443798,
          3.692026
        ],
        [
          -0.03249,
          -0.932698,
          -0.359192,
          1.431838
        ],
        [
          0.0,
          0.0,
          0.0,
          1.0
        ]
      ]
    },
    {
      "file_path": "/media/NFS/ttao/scannet/posed_images/scene0197_00/00374.jpg",
      "transform_matrix": [
        [
          0.540202,
          0.318432,
          -0.778962,
          1.889686
        ],
        [
          0.841116,
          -0.233535,
          0.487838,
          3.692683
        ],
        [
          -0.026572,
          -0.918729,
          -0.393994,
          1.410091
        ],
        [
          0.0,
          0.0,
          0.0,
          1.0
        ]
      ]
    },
    {
      "file_path": "/media/NFS/ttao/scannet/posed_images/scene0197_00/00383.jpg",
      "transform_matrix": [
        [
          0.595046,
          0.293647,
          -0.748125,
          1.892274
        ],
        [
          0.803302,
          -0.246307,
          0.542254,
          3.698968
        ],
        [
          -0.025037,
          -0.923636,
          -0.382451,
          1.405382
        ],
        [
          0.0,
          0.0,
          0.0,
          1.0
        ]
      ]
    },
    {
      "file_path": "/media/NFS/ttao/scannet/posed_images/scene0197_00/00385.jpg",
      "transform_matrix": [
        [
          0.609589,
          0.29107,
          -0.737346,
          1.890561
        ],
        [
          0.792372,
          -0.2512,
          0.555918,
          3.69698
        ],
        [
          -0.02341,
          -0.923134,
          -0.383764,
          1.407883
        ],
        [
          0.0,
          0.0,
          0.0,
          1.0
        ]
      ]
    },
    {
      "file_path": "/media/NFS/ttao/scannet/posed_images/scene0197_00/00393.jpg",
      "transform_matrix": [
        [
          0.664204,
          0.243444,
          -0.706801,
          1.898617
        ],
        [
          0.747327,
          -0.239366,
          0.619843,
          3.702778
        ],
        [
          -0.018287,
          -0.939914,
          -0.340921,
          1.422612
        ],
        [
          0.0,
          0.0,
          0.0,
          1.0
        ]
      ]
    },
    {
      "file_path": "/media/NFS/ttao/scannet/posed_images/scene0197_00/00401.jpg",
      "transform_matrix": [
        [
          0.705952,
          0.241591,
          -0.665782,
          1.899175
        ],
        [
          0.708024,
          -0.264989,
          0.654587,
          3.704997
        ],
        [
          -0.018283,
          -0.933496,
          -0.358122,
          1.418501
        ],
        [
          0.0,
          0.0,
          0.0,
          1.0
        ]
      ]
    },
    {
      "file_path": "/media/NFS/ttao/scannet/posed_images/scene0197_00/00410.jpg",
      "transform_matrix": [
        [
          0.759052,
          0.228119,
          -0.609755,
          1.899599
        ],
        [
          0.650308,
          -0.309757,
          0.693649,
          3.70857
        ],
        [
          -0.030641,
          -0.923045,
          -0.38347,
          1.410858
        ],
        [
          0.0,
          0.0,
          0.0,
          1.0
        ]
      ]
    },
    {
      "file_path": "/media/NFS/ttao/scannet/posed_images/scene0197_00/00416.jpg",
      "transform_matrix": [
        [
          0.798254,
          0.210251,
          -0.564434,
          1.898416
        ],
        [
          0.60102,
          -0.339611,
          0.723491,
          3.709829
        ],
        [
          -0.039574,
          -0.916765,
          -0.397461,
          1.402037
        ],
        [
          0.0,
          0.0,
          0.0,
          1.0
        ]
      ]
    },
    {
      "file_path": "/media/NFS/ttao/scannet/posed_images/scene0197_00/00425.jpg",
      "transform_matrix": [
        [
          0.810974,
          0.166121,
          -0.561003,
          1.897043
        ],
        [
          0.583486,
          -0.300394,
          0.754525,
          3.731634
        ],
        [
          -0.043179,
          -0.939237,
          -0.340541,
          1.413344
        ],
        [
          0.0,
          0.0,
          0.0,
          1.0
        ]
      ]
    },
    {
      "file_path": "/media/NFS/ttao/scannet/posed_images/scene0197_00/00431.jpg",
      "transform_matrix": [
        [
          0.814296,
          0.131586,
          -0.565338,
          1.893881
        ],
        [
          0.577272,
          -0.285356,
          0.765068,
          3.756339
        ],
        [
          -0.060651,
          -0.949346,
          -0.308325,
          1.418672
        ],
        [
          0.0,
          0.0,
          0.0,
          1.0
        ]
      ]
    },
    {
      "file_path": "/media/NFS/ttao/scannet/posed_images/scene0197_00/00433.jpg",
      "transform_matrix": [
        [
          0.813331,
          0.124014,
          -0.56843,
          1.893076
        ],
        [
          0.578742,
          -0.272501,
          0.768635,
          3.765607
        ],
        [
          -0.059576,
          -0.95413,
          -0.293406,
          1.419868
        ],
        [
          0.0,
          0.0,
          0.0,
          1.0
        ]
      ]
    },
    {
      "file_path": "/media/NFS/ttao/scannet/posed_images/scene0197_00/00439.jpg",
      "transform_matrix": [
        [
          0.82312,
          0.088877,
          -0.560869,
          1.88427
        ],
        [
          0.563907,
          -0.24437,
          0.788854,
          3.784093
        ],
        [
          -0.066949,
          -0.9656,
          -0.251264,
          1.426518
        ],
        [
          0.0,
          0.0,
          0.0,
          1.0
        ]
      ]
    },
    {
      "file_path": "/media/NFS/ttao/scannet/posed_images/scene0197_00/00452.jpg",
      "transform_matrix": [
        [
          0.888136,
          0.071247,
          -0.454024,
          1.791892
        ],
        [
          0.454332,
          -0.284989,
          0.844017,
          3.768057
        ],
        [
          -0.069259,
          -0.955879,
          -0.285478,
          1.41402
        ],
        [
          0.0,
          0.0,
          0.0,
          1.0
        ]
      ]
    },
    {
      "file_path": "/media/NFS/ttao/scannet/posed_images/scene0197_00/00456.jpg",
      "transform_matrix": [
        [
          0.904028,
          0.07789,
          -0.420317,
          1.753205
        ],
        [
          0.422793,
          -0.308005,
          0.852278,
          3.753713
        ],
        [
          -0.063076,
          -0.948191,
          -0.311377,
          1.41769
        ],
        [
          0.0,
          0.0,
          0.0,
          1.0
        ]
      ]
    },
    {
      "file_path": "/media/NFS/ttao/scannet/posed_images/scene0197_00/00462.jpg",
      "transform_matrix": [
        [
          0.928082,
          0.066769,
          -0.366341,
          1.712461
        ],
        [
          0.367436,
          -0.32392,
          0.871818,
          3.73058
        ],
        [
          -0.060454,
          -0.943726,
          -0.325157,
          1.401019
        ],
        [
          0.0,
          0.0,
          0.0,
          1.0
        ]
      ]
    },
    {
      "file_path": "/media/NFS/ttao/scannet/posed_images/scene0197_00/00473.jpg",
      "transform_matrix": [
        [
          0.972216,
          0.049076,
          -0.228882,
          1.687221
        ],
        [
          0.230366,
          -0.374169,
          0.898292,
          3.701853
        ],
        [
          -0.041556,
          -0.926061,
          -0.375079,
          1.392425
        ],
        [
          0.0,
          0.0,
          0.0,
          1.0
        ]
      ]
    },
    {
      "file_path": "/media/NFS/ttao/scannet/posed_images/scene0197_00/00475.jpg",
      "transform_matrix": [
        [
          0.976415,
          0.047101,
          -0.2107,
          1.690927
        ],
        [
          0.212909,
          -0.371976,
          0.903495,
          3.696189
        ],
        [
          -0.03582,
          -0.927046,
          -0.373232,
          1.395674
        ],
        [
          0.0,
          0.0,
          0.0,
          1.0
        ]
      ]
    },
    {
      "file_path": "/media/NFS/ttao/scannet/posed_images/scene0197_00/00481.jpg",
      "transform_matrix": [
        [
          0.991118,
          0.014941,
          -0.132147,
          1.716575
        ],
        [
          0.128765,
          -0.356262,
          0.925471,
          3.66872
        ],
        [
          -0.033251,
          -0.934267,
          -0.355022,
          1.396964
        ],
        [
          0.0,
          0.0,
          0.0,
          1.0
        ]
      ]
    },
    {
      "file_path": "/media/NFS/ttao/scannet/posed_images/scene0197_00/00494.jpg",
      "transform_matrix": [
        [
          0.996717,
          -0.055039,
          0.059373,
          1.75267
        ],
        [
          -0.075883,
          -0.379477,
          0.922084,
          3.604795
        ],
        [
          -0.02822,
          -0.923562,
          -0.382408,
          1.390603
        ],
        [
          0.0,
          0.0,
          0.0,
          1.0
        ]
      ]
    },
    {
      "file_path": "/media/NFS/ttao/scannet/posed_images/scene0197_00/00500.jpg",
      "transform_matrix": [
        [
          0.996003,
          -0.026217,
          0.085393,
          1.7904
        ],
        [
          -0.08868,
          -0.405019,
          0.909998,
          3.591633
        ],
        [
          0.010728,
          -0.913933,
          -0.405724,
          1.390484
        ],
        [
          0.0,
          0.0,
          0.0,
          1.0
        ]
      ]
    },
    {
      "file_path": "/media/NFS/ttao/scannet/posed_images/scene0197_00/00502.jpg",
      "transform_matrix": [
        [
          0.994897,
          -0.043295,
          0.09114,
          1.794924
        ],
        [
          -0.10088,
          -0.408299,
          0.907257,
          3.590794
        ],
        [
          -0.002068,
          -0.911821,
          -0.410583,
          1.397526
        ],
        [
          0.0,
          0.0,
          0.0,
          1.0
        ]
      ]
    },
    {
      "file_path": "/media/NFS/ttao/scannet/posed_images/scene0197_00/00513.jpg",
      "transform_matrix": [
        [
          0.971246,
          -0.10092,
          0.215628,
          1.84365
        ],
        [
          -0.238048,
          -0.425592,
          0.873043,
          3.565175
        ],
        [
          0.003662,
          -0.89927,
          -0.437378,
          1.380703
        ],
        [
          0.0,
          0.0,
          0.0,
          1.0
        ]
      ]
    },
    {
      "file_path": "/media/NFS/ttao/scannet/posed_images/scene0197_00/00519.jpg",
      "transform_matrix": [
        [
          0.954174,
          -0.127402,
          0.270777,
          1.845908
        ],
        [
          -0.299136,
          -0.431246,
          0.851202,
          3.578074
        ],
        [
          0.008327,
          -0.893194,
          -0.449595,
          1.377556
        ],
        [
          0.0,
          0.0,
          0.0,
          1.0
        ]
      ]
    },
    {
      "file_path": "/media/NFS/ttao/scannet/posed_images/scene0197_00/00526.jpg",
      "transform_matrix": [
        [
          0.953178,
          -0.100959,
          0.285058,
          1.817294
        ],
        [
          -0.299838,
          -0.438154,
          0.847418,
          3.614854
        ],
        [
          0.039345,
          -0.893212,
          -0.44791,
          1.378835
        ],
        [
          0.0,
          0.0,
          0.0,
          1.0
        ]
      ]
    },
    {
      "file_path": "/media/NFS/ttao/scannet/posed_images/scene0197_00/00534.jpg",
      "transform_matrix": [
        [
          0.938749,
          -0.109981,
          0.326579,
          1.765884
        ],
        [
          -0.342934,
          -0.391274,
          0.853992,
          3.672271
        ],
        [
          0.033859,
          -0.913679,
          -0.405024,
          1.39669
        ],
        [
          0.0,
          0.0,
          0.0,
          1.0
        ]
      ]
    },
    {
      "file_path": "/media/NFS/ttao/scannet/posed_images/scene0197_00/00538.jpg",
      "transform_matrix": [
        [
          0.933592,
          -0.135058,
          0.331911,
          1.741541
        ],
        [
          -0.358188,
          -0.378479,
          0.853496,
          3.701746
        ],
        [
          0.01035,
          -0.915704,
          -0.401721,
          1.402609
