{
  "frames": [
    {
      "file_path": "/media/NFS/ttao/scannet/posed_images/scene0165_00/00000.jpg",
      "transform_matrix": [
        [
          -0.880278,
          -0.246293,
          0.405524,
          3.281806
        ],
        [
          -0.473973,
          0.417832,
          -0.775091,
          2.754624
        ],
        [
          0.021459,
          -0.874503,
          -0.484545,
          1.352781
        ],
        [
          0.0,
          0.0,
          0.0,
          1.0
        ]
      ]
    },
    {
      "file_path": "/media/NFS/ttao/scannet/posed_images/scene0165_00/00003.jpg",
      "transform_matrix": [
        [
          -0.887326,
          -0.240072,
          0.393723,
          3.284908
        ],
        [
          -0.460299,
          0.409476,
          -0.787689,
          2.737404
        ],
        [
          0.027883,
          -0.880168,
          -0.473844,
          1.354156
        ],
        [
          0.0,
          0.0,
          0.0,
          1.0
        ]
      ]
    },
    {
      "file_path": "/media/NFS/ttao/scannet/posed_images/scene0165_00/00006.jpg",
      "transform_matrix": [
        [
          -0.88927,
          -0.237119,
          0.391119,
          3.291028
        ],
        [
          -0.456547,
          0.408489,
          -0.790381,
          2.728384
        ],
        [
          0.027647,
          -0.881426,
          -0.471513,
          1.356246
        ],
        [
          0.0,
          0.0,
          0.0,
          1.0
        ]
      ]
    },
    {
      "file_path": "/media/NFS/ttao/scannet/posed_images/scene0165_00/00009.jpg",
      "transform_matrix": [
        [
          -0.889317,
          -0.237291,
          0.390907,
          3.299646
        ],
        [
          -0.456246,
          0.402627,
          -0.793556,
          2.724283
        ],
        [
          0.030913,
          -0.884073,
          -0.466326,
          1.356988
        ],
        [
          0.0,
          0.0,
          0.0,
          1.0
        ]
      ]
    },
    {
      "file_path": "/media/NFS/ttao/scannet/posed_images/scene0165_00/00014.jpg",
      "transform_matrix": [
        [
          -0.876559,
          -0.241503,
          0.416317,
          3.324577
        ],
        [
          -0.480373,
          0.385499,
          -0.787803,
          2.717755
        ],
        [
          0.029767,
          -0.890543,
          -0.453924,
          1.374899
        ],
        [
          0.0,
          0.0,
          0.0,
          1.0
        ]
      ]
    },
    {
      "file_path": "/media/NFS/ttao/scannet/posed_images/scene0165_00/00016.jpg",
      "transform_matrix": [
        [
          -0.871707,
          -0.24096,
          0.42669,
          3.334983
        ],
        [
          -0.488917,
          0.369097,
          -0.790397,
          2.718705
        ],
        [
          0.032964,
          -0.897611,
          -0.439554,
          1.383209
        ],
        [
          0.0,
          0.0,
          0.0,
          1.0
        ]
      ]
    },
    {
      "file_path": "/media/NFS/ttao/scannet/posed_images/scene0165_00/00019.jpg",
      "transform_matrix": [
        [
          -0.866526,
          -0.237274,
          0.439127,
          3.356077
        ],
        [
          -0.497457,
          0.338533,
          -0.798707,
          2.729659
        ],
        [
          0.040853,
          -0.910547,
          -0.411382,
          1.38832
        ],
        [
          0.0,
          0.0,
          0.0,
          1.0
        ]
      ]
    },
    {
      "file_path": "/media/NFS/ttao/scannet/posed_images/scene0165_00/00023.jpg",
      "transform_matrix": [
        [
          -0.872631,
          -0.213966,
          0.439014,
          3.375993
        ],
        [
          -0.486744,
          0.307513,
          -0.817628,
          2.755185
        ],
        [
          0.039942,
          -0.927175,
          -0.372492,
          1.373294
        ],
        [
          0.0,
          0.0,
          0.0,
          1.0
        ]
      ]
    },
    {
      "file_path": "/media/NFS/ttao/scannet/posed_images/scene0165_00/00024.jpg",
      "transform_matrix": [
        [
          -0.876114,
          -0.207521,
          0.435153,
          3.386005
        ],
        [
          -0.480626,
          0.305362,
          -0.822042,
          2.760792
        ],
        [
          0.037712,
          -0.929349,
          -0.367273,
          1.374448
        ],
        [
          0.0,
          0.0,
          0.0,
          1.0
        ]
      ]
    },
    {
      "file_path": "/media/NFS/ttao/scannet/posed_images/scene0165_00/00029.jpg",
      "transform_matrix": [
        [
          -0.893837,
          -0.17259,
          0.413846,
          3.433445
        ],
        [
          -0.447722,
          0.293044,
          -0.84479,
          2.79068
        ],
        [
          0.024527,
          -0.940392,
          -0.339206,
          1.373593
        ],
        [
          0.0,
          0.0,
          0.0,
          1.0
        ]
      ]
    },
    {
      "file_path": "/media/NFS/ttao/scannet/posed_images/scene0165_00/00030.jpg",
      "transform_matrix": [
        [
          -0.896139,
          -0.170575,
          0.409683,
          3.442129
        ],
        [
          -0.443117,
          0.293711,
          -0.846984,
          2.795677
        ],
        [
          0.024146,
          -0.940552,
          -0.33879,
          1.37151
        ],
        [
          0.0,
          0.0,
          0.0,
          1.0
        ]
      ]
    },
    {
      "file_path": "/media/NFS/ttao/scannet/posed_images/scene0165_00/00033.jpg",
      "transform_matrix": [
        [
          -0.91043,
          -0.159368,
          0.381732,
          3.467491
        ],
        [
          -0.412805,
          0.290601,
          -0.863217,
          2.811146
        ],
        [
          0.026638,
          -0.943479,
          -0.33036,
          1.366037
        ],
        [
          0.0,
          0.0,
          0.0,
          1.0
        ]
      ]
    },
    {
      "file_path": "/media/NFS/ttao/scannet/posed_images/scene0165_00/00036.jpg",
      "transform_matrix": [
        [
          -0.92801,
          -0.155359,
          0.338616,
          3.500779
        ],
        [
          -0.371489,
          0.317195,
          -0.872573,
          2.828325
        ],
        [
          0.028155,
          -0.935548,
          -0.352074,
          1.352556
        ],
        [
          0.0,
          0.0,
          0.0,
          1.0
        ]
      ]
    },
    {
      "file_path": "/media/NFS/ttao/scannet/posed_images/scene0165_00/00041.jpg",
      "transform_matrix": [
        [
          -0.950233,
          -0.146754,
          0.274809,
          3.533302
        ],
        [
          -0.310105,
          0.361003,
          -0.879495,
          2.844107
        ],
        [
          0.029863,
          -0.920945,
          -0.388546,
          1.349218
        ],
        [
          0.0,
          0.0,
          0.0,
          1.0
        ]
      ]
    },
    {
      "file_path": "/media/NFS/ttao/scannet/posed_images/scene0165_00/00042.jpg",
      "transform_matrix": [
        [
          -0.953718,
          -0.145254,
          0.263292,
          3.53363
        ],
        [
          -0.29924,
          0.372221,
          -0.878582,
          2.845878
        ],
        [
          0.029614,
          -0.916708,
          -0.39846,
          1.34359
        ],
        [
          0.0,
          0.0,
          0.0,
          1.0
        ]
      ]
    },
    {
      "file_path": "/media/NFS/ttao/scannet/posed_images/scene0165_00/00047.jpg",
      "transform_matrix": [
        [
          -0.96817,
          -0.137404,
          0.209205,
          3.553359
        ],
        [
          -0.248506,
          0.428001,
          -0.868942,
          2.869318
        ],
        [
          0.029856,
          -0.893272,
          -0.448524,
          1.328966
        ],
        [
          0.0,
          0.0,
          0.0,
          1.0
        ]
      ]
    },
    {
      "file_path": "/media/NFS/ttao/scannet/posed_images/scene0165_00/00049.jpg",
      "transform_matrix": [
        [
          -0.972735,
          -0.132478,
          0.190355,
          3.554972
        ],
        [
          -0.229775,
          0.43921,
          -0.868503,
          2.883554
        ],
        [
          0.031452,
          -0.888563,
          -0.457675,
          1.322273
        ],
        [
          0.0,
          0.0,
          0.0,
          1.0
        ]
      ]
    },
    {
      "file_path": "/media/NFS/ttao/scannet/posed_images/scene0165_00/00051.jpg",
      "transform_matrix": [
        [
          -0.980133,
          -0.124347,
          0.154522,
          3.57521
        ],
        [
          -0.194649,
          0.453411,
          -0.869787,
          2.903227
        ],
        [
          0.038094,
          -0.882585,
          -0.468608,
          1.314723
        ],
        [
          0.0,
          0.0,
          0.0,
          1.0
        ]
      ]
    },
    {
      "file_path": "/media/NFS/ttao/scannet/posed_images/scene0165_00/00056.jpg",
      "transform_matrix": [
        [
          -0.995068,
          -0.083138,
          0.054107,
          3.583675
        ],
        [
          -0.088731,
          0.502168,
          -0.860206,
          2.942884
        ],
        [
          0.044345,
          -0.860764,
          -0.507068,
          1.304028
        ],
        [
          0.0,
          0.0,
          0.0,
          1.0
        ]
      ]
    },
    {
      "file_path": "/media/NFS/ttao/scannet/posed_images/scene0165_00/00059.jpg",
      "transform_matrix": [
        [
          -0.998702,
          -0.048313,
          -0.016156,
          3.580764
        ],
        [
          -0.010418,
          0.504123,
          -0.863569,
          2.963895
        ],
        [
          0.049866,
          -0.862279,
          -0.503972,
          1.305788
        ],
        [
          0.0,
          0.0,
          0.0,
          1.0
        ]
      ]
    },
    {
      "file_path": "/media/NFS/ttao/scannet/posed_images/scene0165_00/00062.jpg",
      "transform_matrix": [
        [
          -0.995977,
          -0.006154,
          -0.089401,
          3.591296
        ],
        [
          0.073957,
          0.506908,
          -0.858822,
          2.983171
        ],
        [
          0.050604,
          -0.861978,
          -0.504414,
          1.299584
        ],
        [
          0.0,
          0.0,
          0.0,
          1.0
        ]
      ]
    },
    {
      "file_path": "/media/NFS/ttao/scannet/posed_images/scene0165_00/00065.jpg",
      "transform_matrix": [
        [
          -0.989015,
          0.031542,
          -0.144414,
          3.588013
        ],
        [
          0.140078,
          0.511982,
          -0.847498,
          2.989097
        ],
        [
          0.047206,
          -0.858417,
          -0.510775,
          1.306899
        ],
        [
          0.0,
          0.0,
          0.0,
          1.0
        ]
      ]
    },
    {
      "file_path": "/media/NFS/ttao/scannet/posed_images/scene0165_00/00066.jpg",
      "transform_matrix": [
        [
          -0.986014,
          0.04522,
          -0.160408,
          3.584667
        ],
        [
          0.160678,
          0.513491,
          -0.842917,
          2.989681
        ],
        [
          0.044251,
          -0.856902,
          -0.513576,
          1.31235
        ],
        [
          0.0,
          0.0,
          0.0,
          1.0
        ]
      ]
    },
    {
      "file_path": "/media/NFS/ttao/scannet/posed_images/scene0165_00/00071.jpg",
      "transform_matrix": [
        [
          -0.962439,
          0.097622,
          -0.253339,
          3.587841
        ],
        [
          0.268981,
          0.469581,
          -0.840918,
          2.992245
        ],
        [
          0.036871,
          -0.877476,
          -0.478202,
          1.320633
        ],
        [
          0.0,
          0.0,
          0.0,
          1.0
        ]
      ]
    },
    {
      "file_path": "/media/NFS/ttao/scannet/posed_images/scene0165_00/00074.jpg",
      "transform_matrix": [
        [
          -0.943806,
          0.120886,
          -0.307599,
          3.593434
        ],
        [
          0.328514,
          0.445016,
          -0.83309,
          2.981907
        ],
        [
          0.036177,
          -0.887326,
          -0.459721,
          1.329962
        ],
        [
          0.0,
          0.0,
          0.0,
          1.0
        ]
      ]
    },
    {
      "file_path": "/media/NFS/ttao/scannet/posed_images/scene0165_00/00077.jpg",
      "transform_matrix": [
        [
          -0.926054,
          0.136699,
          -0.351762,
          3.611491
        ],
        [
          0.375476,
          0.427481,
          -0.822361,
          2.963121
        ],
        [
          0.037955,
          -0.893629,
          -0.447198,
          1.332983
        ],
        [
          0.0,
          0.0,
          0.0,
          1.0
        ]
      ]
    },
    {
      "file_path": "/media/NFS/ttao/scannet/posed_images/scene0165_00/00078.jpg",
      "transform_matrix": [
        [
          -0.919825,
          0.139629,
          -0.36664,
          3.619099
        ],
        [
          0.390342,
          0.419622,
          -0.819482,
          2.956759
        ],
        [
          0.039427,
          -0.896895,
          -0.440483,
          1.331617
        ],
        [
          0.0,
          0.0,
          0.0,
          1.0
        ]
      ]
    },
    {
      "file_path": "/media/NFS/ttao/scannet/posed_images/scene0165_00/00083.jpg",
      "transform_matrix": [
        [
          -0.865506,
          0.197845,
          -0.46017,
          3.674036
        ],
        [
          0.500466,
          0.379718,
          -0.778042,
          2.920256
        ],
        [
          0.020803,
          -0.903699,
          -0.427663,
          1.320063
        ],
        [
          0.0,
          0.0,
          0.0,
          1.0
        ]
      ]
    },
    {
      "file_path": "/media/NFS/ttao/scannet/posed_images/scene0165_00/00084.jpg",
      "transform_matrix": [
        [
          -0.855316,
          0.214927,
          -0.471425,
          3.681634
        ],
        [
          0.517938,
          0.37794,
          -0.767399,
          2.913801
        ],
        [
          0.013235,
          -0.900538,
          -0.434577,
          1.318748
        ],
        [
          0.0,
          0.0,
          0.0,
          1.0
        ]
      ]
    },
    {
      "file_path": "/media/NFS/ttao/scannet/posed_images/scene0165_00/00088.jpg",
      "transform_matrix": [
        [
          -0.811688,
          0.272112,
          -0.516834,
          3.71
        ],
        [
          0.584043,
          0.366709,
          -0.724167,
          2.892273
        ],
        [
          -0.007527,
          -0.889651,
          -0.456579,
          1.314094
        ],
        [
          0.0,
          0.0,
          0.0,
          1.0
        ]
      ]
    },
    {
      "file_path": "/media/NFS/ttao/scannet/posed_images/scene0165_00/00092.jpg",
      "transform_matrix": [
        [
          -0.761208,
          0.326041,
          -0.560588,
          3.72843
        ],
        [
          0.647922,
          0.345638,
          -0.678772,
          2.883697
        ],
        [
          -0.027547,
          -0.879905,
          -0.474351,
          1.315849
        ],
        [
          0.0,
          0.0,
          0.0,
          1.0
        ]
      ]
    },
    {
      "file_path": "/media/NFS/ttao/scannet/posed_images/scene0165_00/00094.jpg",
      "transform_matrix": [
        [
          -0.738074,
          0.335986,
          -0.585116,
          3.739738
        ],
        [
          0.67418,
          0.332542,
          -0.659468,
          2.88523
        ],
        [
          -0.026996,
          -0.881209,
          -0.471956,
          1.310494
        ],
        [
          0.0,
          0.0,
          0.0,
          1.0
        ]
      ]
    },
    {
      "file_path": "/media/NFS/ttao/scannet/posed_images/scene0165_00/00099.jpg",
      "transform_matrix": [
        [
          -0.664829,
          0.382759,
          -0.641481,
          3.769275
        ],
        [
          0.745764,
          0.290804,
          -0.599391,
          2.90287
        ],
        [
          -0.042877,
          -0.876886,
          -0.478783,
          1.296393
        ],
        [
          0.0,
          0.0,
          0.0,
          1.0
        ]
      ]
    },
    {
      "file_path": "/media/NFS/ttao/scannet/posed_images/scene0165_00/00100.jpg",
      "transform_matrix": [
        [
          -0.646463,
          0.398899,
          -0.650358,
          3.770866
        ],
        [
          0.76114,
          0.278599,
          -0.585703,
          2.904517
        ],
        [
          -0.052447,
          -0.873649,
          -0.483722,
          1.297005
        ],
        [
          0.0,
          0.0,
          0.0,
          1.0
        ]
      ]
    },
    {
      "file_path": "/media/NFS/ttao/scannet/posed_images/scene0165_00/00105.jpg",
      "transform_matrix": [
        [
          -0.57139,
          0.433195,
          -0.697033,
          3.806867
        ],
        [
          0.818634,
          0.240953,
          -0.521325,
          2.924649
        ],
        [
          -0.057884,
          -0.868495,
          -0.492307,
          1.283992
        ],
        [
          0.0,
          0.0,
          0.0,
          1.0
        ]
      ]
    },
    {
      "file_path": "/media/NFS/ttao/scannet/posed_images/scene0165_00/00108.jpg",
      "transform_matrix": [
        [
          -0.525224,
          0.459211,
          -0.716425,
          3.83549
        ],
        [
          0.848529,
          0.218979,
          -0.481712,
          2.928713
        ],
        [
          -0.064326,
          -0.860914,
          -0.504667,
          1.276173
        ],
        [
          0.0,
          0.0,
          0.0,
          1.0
        ]
      ]
    },
    {
      "file_path": "/media/NFS/ttao/scannet/posed_images/scene0165_00/00111.jpg",
      "transform_matrix": [
        [
          -0.482065,
          0.486061,
          -0.728944,
          3.857904
        ],
        [
          0.873127,
          0.197628,
          -0.445637,
          2.933181
        ],
        [
          -0.072547,
          -0.851286,
          -0.519662,
          1.272853
        ],
        [
          0.0,
          0.0,
          0.0,
          1.0
        ]
      ]
    },
    {
      "file_path": "/media/NFS/ttao/scannet/posed_images/scene0165_00/00114.jpg",
      "transform_matrix": [
        [
          -0.447118,
          0.503111,
          -0.739571,
          3.882006
        ],
        [
          0.891506,
          0.183339,
          -0.414251,
          2.93351
        ],
        [
          -0.072822,
          -0.844551,
          -0.530501,
          1.271055
        ],
        [
          0.0,
          0.0,
          0.0,
          1.0
        ]
      ]
    },
    {
      "file_path": "/media/NFS/ttao/scannet/posed_images/scene0165_00/00116.jpg",
      "transform_matrix": [
        [
          -0.431975,
          0.508879,
          -0.744608,
          3.897883
        ],
        [
          0.898682,
          0.173348,
          -0.40289,
          2.930917
        ],
        [
          -0.075946,
          -0.843204,
          -0.532202,
          1.267784
        ],
        [
          0.0,
          0.0,
          0.0,
          1.0
        ]
      ]
    },
    {
      "file_path": "/media/NFS/ttao/scannet/posed_images/scene0165_00/00118.jpg",
      "transform_matrix": [
        [
          -0.425822,
          0.519129,
          -0.741067,
          3.912189
        ],
        [
          0.901314,
          0.171474,
          -0.397781,
          2.928267
        ],
        [
          -0.079426,
          -0.837318,
          -0.540916,
          1.262248
        ],
        [
          0.0,
          0.0,
          0.0,
          1.0
        ]
      ]
    },
    {
      "file_path": "/media/NFS/ttao/scannet/posed_images/scene0165_00/00123.jpg",
      "transform_matrix": [
        [
          -0.421255,
          0.539932,
          -0.72871,
          3.932195
        ],
        [
          0.903347,
          0.178315,
          -0.390088,
          2.907864
        ],
        [
          -0.080681,
          -0.822604,
          -0.562862,
          1.264648
        ],
        [
          0.0,
          0.0,
          0.0,
          1.0
        ]
      ]
    },
    {
      "file_path": "/media/NFS/ttao/scannet/posed_images/scene0165_00/00124.jpg",
      "transform_matrix": [
        [
          -0.417082,
          0.542562,
          -0.729156,
          3.9359
        ],
        [
          0.905527,
          0.179333,
          -0.384527,
          2.902142
        ],
        [
          -0.077868,
          -0.82065,
          -0.566101,
          1.265796
        ],
        [
          0.0,
          0.0,
          0.0,
          1.0
        ]
      ]
    },
    {
      "file_path": "/media/NFS/ttao/scannet/posed_images/scene0165_00/00129.jpg",
      "transform_matrix": [
        [
          -0.373805,
          0.551286,
          -0.74589,
          3.951878
        ],
        [
          0.924938,
          0.161748,
          -0.343988,
          2.870216
        ],
        [
          -0.06899,
          -0.818487,
          -0.570368,
          1.267549
        ],
        [
          0.0,
          0.0,
          0.0,
          1.0
        ]
      ]
    },
    {
      "file_path": "/media/NFS/ttao/scannet/posed_images/scene0165_00/00130.jpg",
      "transform_matrix": [
        [
          -0.357163,
          0.555531,
          -0.750879,
          3.957714
        ],
        [
          0.931628,
          0.154123,
          -0.329112,
          2.854815
        ],
        [
          -0.067104,
          -0.817087,
          -0.572595,
          1.270355
        ],
        [
          0.0,
          0.0,
          0.0,
          1.0
        ]
      ]
    },
    {
      "file_path": "/media/NFS/ttao/scannet/posed_images/scene0165_00/00134.jpg",
      "transform_matrix": [
        [
          -0.299886,
          0.5544,
          -0.776343,
          3.976096
        ],
        [
          0.951673,
          0.117352,
          -0.283809,
          2.808273
        ],
        [
          -0.066238,
          -0.823935,
          -0.562799,
          1.267495
        ],
        [
          0.0,
          0.0,
          0.0,
          1.0
        ]
      ]
    },
    {
      "file_path": "/media/NFS/ttao/scannet/posed_images/scene0165_00/00138.jpg",
      "transform_matrix": [
        [
          -0.231853,
          0.553274,
          -0.800082,
          3.998563
        ],
        [
          0.970145,
          0.071362,
          -0.231787,
          2.746136
        ],
        [
          -0.071147,
          -0.829937,
          -0.553302,
          1.26431
        ],
        [
          0.0,
          0.0,
          0.0,
          1.0
        ]
      ]
    },
    {
      "file_path": "/media/NFS/ttao/scannet/posed_images/scene0165_00/00141.jpg",
      "transform_matrix": [
        [
          -0.185648,
          0.557193,
          -0.809364,
          4.010823
        ],
        [
          0.980134,
          0.046496,
          -0.192809,
          2.700632
        ],
        [
          -0.0698,
          -0.82908,
          -0.554756,
          1.269085
        ],
        [
          0.0,
          0.0,
          0.0,
          1.0
        ]
      ]
    },
    {
      "file_path": "/media/NFS/ttao/scannet/posed_images/scene0165_00/00144.jpg",
      "transform_matrix": [
        [
          -0.145026,
          0.568363,
          -0.809896,
          4.033253
        ],
        [
          0.987043,
          0.026311,
          -0.158284,
          2.665523
        ],
        [
          -0.068653,
          -0.822357,
          -0.564814,
          1.267809
        ],
        [
          0.0,
          0.0,
          0.0,
          1.0
        ]
      ]
    },
    {
      "file_path": "/media/NFS/ttao/scannet/posed_images/scene0165_00/00145.jpg",
      "transform_matrix": [
        [
          -0.135178,
          0.573465,
          -0.808,
          4.035279
        ],
        [
          0.988626,
          0.023806,
          -0.1485,
          2.658642
        ],
        [
          -0.065924,
          -0.818884,
          -0.570161,
          1.27217
        ],
        [
          0.0,
          0.0,
          0.0,
          1.0
        ]
      ]
    },
    {
      "file_path": "/media/NFS/ttao/scannet/posed_images/scene0165_00/00150.jpg",
      "transform_matrix": [
        [
          -0.045601,
          0.559182,
          -0.82779,
          4.079461
        ],
        [
          0.997125,
          -0.024719,
          -0.071628,
          2.618998
        ],
        [
          -0.060515,
          -0.828677,
          -0.556447,
          1.281581
        ],
        [
          0.0,
          0.0,
          0.0,
          1.0
        ]
      ]
    },
    {
      "file_path": "/media/NFS/ttao/scannet/posed_images/scene0165_00/00151.jpg",
      "transform_matrix": [
        [
          -0.035363,
          0.554974,
          -0.831116,
          4.089305
        ],
        [
          0.997539,
          -0.030783,
          -0.063,
          2.615953
        ],
        [
          -0.060547,
          -0.831298,
          -0.552519,
          1.279812
        ],
        [
          0.0,
          0.0,
          0.0,
          1.0
        ]
      ]
    },
    {
      "file_path": "/media/NFS/ttao/scannet/posed_images/scene0165_00/00156.jpg",
      "transform_matrix": [
        [
          0.041853,
          0.535992,
          -0.843185,
          4.158381
        ],
        [
          0.997115,
          -0.075895,
          0.001249,
          2.579564
        ],
        [
          -0.063324,
          -0.840805,
          -0.537622,
          1.269554
        ],
        [
          0.0,
          0.0,
          0.0,
          1.0
        ]
      ]
    },
    {
      "file_path": "/media/NFS/ttao/scannet/posed_images/scene0165_00/00157.jpg",
      "transform_matrix": [
        [
          0.057014,
          0.53225,
          -0.844665,
          4.17408
        ],
        [
          0.996077,
          -0.087675,
          0.011987,
          2.573259
        ],
        [
          -0.067676,
          -0.842035,
          -0.535161,
          1.267611
        ],
        [
          0.0,
          0.0,
          0.0,
          1.0
        ]
      ]
    },
    {
      "file_path": "/media/NFS/ttao/scannet/posed_images/scene0165_00/00160.jpg",
      "transform_matrix": [
        [
          0.103549,
          0.530041,
          -0.841626,
          4.2135
        ],
        [
          0.991168,
          -0.125468,
          0.04293,
          2.572961
        ],
        [
          -0.082843,
          -0.838638,
          -0.538352,
          1.260411
        ],
        [
          0.0,
          0.0,
          0.0,
          1.0
        ]
      ]
    },
    {
      "file_path": "/media/NFS/ttao/scannet/posed_images/scene0165_00/00165.jpg",
      "transform_matrix": [
        [
          0.207145,
          0.515543,
          -0.831448,
          4.282024
        ],
        [
          0.974636,
          -0.182335,
          0.129761,
          2.544334
        ],
        [
          -0.084705,
          -0.837239,
          -0.540236,
          1.259546
        ],
        [
          0.0,
          0.0,
          0.0,
          1.0
        ]
      ]
    },
    {
      "file_path": "/media/NFS/ttao/scannet/posed_images/scene0165_00/00168.jpg",
      "transform_matrix": [
        [
          0.252036,
          0.524545,
          -0.813222,
          4.314874
        ],
        [
          0.963977,
          -0.209905,
          0.163365,
          2.521756
        ],
        [
          -0.085007,
          -0.825101,
          -0.558553,
          1.262415
        ],
        [
          0.0,
          0.0,
          0.0,
          1.0
        ]
      ]
    },
    {
      "file_path": "/media/NFS/ttao/scannet/posed_images/scene0165_00/00171.jpg",
      "transform_matrix": [
        [
          0.28117,
          0.519443,
          -0.806921,
          4.342707
        ],
        [
          0.955824,
          -0.226669,
          0.18714,
          2.499431
        ],
        [
          -0.085696,
          -0.823893,
          -0.560229,
          1.278152
        ],
        [
          0.0,
          0.0,
          0.0,
          1.0
        ]
      ]
    },
    {
      "file_path": "/media/NFS/ttao/scannet/posed_images/scene0165_00/00174.jpg",
      "transform_matrix": [
        [
          0.302036,
          0.505569,
          -0.808192,
          4.370643
        ],
        [
          0.950022,
          -0.22984,
          0.211262,
          2.470187
        ],
        [
          -0.078947,
          -0.831609,
          -0.549721,
          1.280234
        ],
        [
          0.0,
          0.0,
          0.0,
          1.0
        ]
      ]
    },
    {
      "file_path": "/media/NFS/ttao/scannet/posed_images/scene0165_00/00177.jpg",
      "transform_matrix": [
        [
          0.319991,
          0.49306,
          -0.80901,
          4.390001
        ],
        [
          0.943974,
          -0.238694,
          0.227899,
          2.439421
        ],
        [
          -0.080739,
          -0.83661,
          -0.541816,
          1.283881
        ],
        [
          0.0,
          0.0,
          0.0,
          1.0
        ]
      ]
    },
    {
      "file_path": "/media/NFS/ttao/scannet/posed_images/scene0165_00/00181.jpg",
      "transform_matrix": [
        [
          0.34763,
          0.474895,
          -0.808472,
          4.413328
        ],
        [
          0.934783,
          -0.2427,
          0.259379,
          2.388916
        ],
        [
          -0.073038,
          -0.845914,
          -0.528294,
          1.282391
        ],
        [
          0.0,
          0.0,
          0.0,
          1.0
        ]
      ]
    },
    {
      "file_path": "/media/NFS/ttao/scannet/posed_images/scene0165_00/00182.jpg",
      "transform_matrix": [
        [
          0.356125,
          0.471727,
          -0.806628,
          4.412591
        ],
        [
          0.932037,
          -0.241158,
          0.27046,
          2.363982
        ],
        [
          -0.066941,
          -0.848125,
          -0.52555,
          1.282158
        ],
        [
          0.0,
          0.0,
          0.0,
          1.0
        ]
      ]
    },
    {
      "file_path": "/media/NFS/ttao/scannet/posed_images/scene0165_00/00185.jpg",
      "transform_matrix": [
        [
          0.379229,
          0.461046,
          -0.80226,
          4.428723
        ],
        [
          0.922691,
          -0.25352,
          0.290462,
          2.310865
        ],
        [
          -0.069473,
          -0.85039,
          -0.521546,
          1.274097
        ],
        [
          0.0,
          0.0,
          0.0,
          1.0
        ]
      ]
    },
    {
      "file_path": "/media/NFS/ttao/scannet/posed_images/scene0165_00/00189.jpg",
      "transform_matrix": [
        [
          0.395846,
          0.450089,
          -0.800454,
          4.448322
        ],
        [
          0.913819,
          -0.279225,
          0.294902,
          2.249754
        ],
        [
          -0.090774,
          -0.848206,
          -0.52183,
          1.282105
        ],
        [
          0.0,
          0.0,
          0.0,
          1.0
        ]
      ]
    },
    {
      "file_path": "/media/NFS/ttao/scannet/posed_images/scene0165_00/00193.jpg",
      "transform_matrix": [
        [
          0.386018,
          0.448945,
          -0.805877,
          4.47512
        ],
        [
          0.915813,
          -0.29143,
          0.276325,
          2.207332
        ],
        [
          -0.110802,
          -0.844699,
          -0.523647,
          1.290322
        ],
        [
          0.0,
          0.0,
          0.0,
          1.0
        ]
      ]
    },
    {
      "file_path": "/media/NFS/ttao/scannet/posed_images/scene0165_00/00196.jpg",
      "transform_matrix": [
        [
          0.391369,
          0.442186,
          -0.807033,
          4.497563
        ],
        [
          0.914036,
          -0.288403,
          0.285239,
          2.171406
        ],
        [
          -0.106622,
          -0.849291,
          -0.517046,
          1.300639
        ],
        [
          0.0,
          0.0,
          0.0,
          1.0
        ]
      ]
    },
    {
      "file_path": "/media/NFS/ttao/scannet/posed_images/scene0165_00/00198.jpg",
      "transform_matrix": [
        [
          0.397,
          0.432155,
          -0.809712,
          4.517003
        ],
        [
          0.912153,
          -0.283644,
          0.295842,
          2.149659
        ],
        [
          -0.101821,
          -0.85603,
          -0.506798,
          1.298255
        ],
        [
          0.0,
          0.0,
          0.0,
          1.0
        ]
      ]
    },
    {
      "file_path": "/media/NFS/ttao/scannet/posed_images/scene0165_00/00200.jpg",
      "transform_matrix": [
        [
          0.400825,
          0.431515,
          -0.808167,
          4.540473
        ],
        [
          0.910912,
          -0.281949,
          0.301238,
          2.134134
        ],
        [
          -0.097873,
          -0.856912,
          -0.506085,
          1.297666
        ],
        [
          0.0,
          0.0,
          0.0,
          1.0
        ]
      ]
    },
    {
      "file_path": "/media/NFS/ttao/scannet/posed_images/scene0165_00/00203.jpg",
      "transform_matrix": [
        [
          0.407091,
          0.435003,
          -0.80315,
          4.570664
        ],
        [
          0.908996,
          -0.279065,
          0.309593,
          2.102346
        ],
        [
          -0.089457,
          -0.856093,
          -0.509021,
          1.301114
        ],
        [
          0.0,
          0.0,
          0.0,
          1.0
        ]
      ]
    },
    {
      "file_path": "/media/NFS/ttao/scannet/posed_images/scene0165_00/00206.jpg",
      "transform_matrix": [
        [
          0.398346,
          0.425826,
          -0.812399,
          4.608072
        ],
        [
          0.91331,
          -0.265994,
          0.308402,
          2.079416
        ],
        [
          -0.084767,
          -0.864823,
          -0.494869,
          1.298648
        ],
        [
          0.0,
          0.0,
          0.0,
          1.0
        ]
      ]
    },
    {
      "file_path": "/media/NFS/ttao/scannet/posed_images/scene0165_00/00210.jpg",
      "transform_matrix": [
        [
          0.386055,
          0.413284,
          -0.824717,
          4.676338
        ],
        [
          0.918874,
          -0.25121,
          0.304244,
          2.038923
        ],
        [
          -0.081438,
          -0.875266,
          -0.476737,
          1.295404
        ],
        [
          0.0,
          0.0,
          0.0,
          1.0
        ]
      ]
    },
    {
      "file_path": "/media/NFS/ttao/scannet/posed_images/scene0165_00/00214.jpg",
      "transform_matrix": [
        [
          0.371055,
          0.405138,
          -0.835572,
          4.747165
        ],
        [
          0.92505,
          -0.239996,
          0.294424,
          2.008899
        ],
        [
          -0.081252,
          -0.882193,
          -0.463825,
          1.286147
        ],
        [
          0.0,
          0.0,
          0.0,
          1.0
        ]
      ]
    },
    {
      "file_path": "/media/NFS/ttao/scannet/posed_images/scene0165_00/00215.jpg",
      "transform_matrix": [
        [
          0.370738,
          0.403146,
          -0.836676,
          4.762906
        ],
        [
          0.924979,
          -0.241246,
          0.293623,
          1.999379
        ],
        [
          -0.083472,
          -0.882765,
          -0.46234,
          1.283448
        ],
        [
          0.0,
          0.0,
          0.0,
          1.0
        ]
      ]
    },
    {
      "file_path": "/media/NFS/ttao/scannet/posed_images/scene0165_00/00220.jpg",
      "transform_matrix": [
        [
          0.373123,
          0.442086,
          -0.815683,
          4.823884
        ],
        [
          0.924048,
          -0.255879,
          0.284011,
          1.970753
        ],
        [
          -0.083159,
          -0.859701,
          -0.503982,
          1.285436
        ],
        [
          0.0,
          0.0,
          0.0,
          1.0
        ]
      ]
    },
    {
      "file_path": "/media/NFS/ttao/scannet/posed_images/scene0165_00/00221.jpg",
      "transform_matrix": [
        [
          0.37193,
          0.445065,
          -0.814607,
          4.834684
        ],
        [
          0.924744,
          -0.253967,
          0.283459,
          1.959788
        ],
        [
          -0.080726,
          -0.85873,
          -0.506029,
          1.287395
        ],
        [
          0.0,
          0.0,
          0.0,
          1.0
        ]
      ]
    },
    {
      "file_path": "/media/NFS/ttao/scannet/posed_images/scene0165_00/00224.jpg",
      "transform_matrix": [
        [
          0.356128,
          0.448278,
          -0.81989,
          4.863568
        ],
        [
          0.931796,
          -0.236287,
          0.275544,
          1.929736
        ],
        [
          -0.070209,
          -0.862099,
          -0.501852,
          1.283652
        ],
        [
          0.0,
          0.0,
          0.0,
          1.0
        ]
      ]
    },
    {
      "file_path": "/media/NFS/ttao/scannet/posed_images/scene0165_00/00229.jpg",
      "transform_matrix": [
        [
          0.314731,
          0.46938,
          -0.825001,
          4.895456
        ],
        [
          0.947102,
          -0.212792,
          0.240245,
          1.880215
        ],
        [
          -0.062787,
          -0.856973,
          -0.511523,
          1.277331
        ],
        [
          0.0,
          0.0,
          0.0,
          1.0
        ]
      ]
    },
    {
      "file_path": "/media/NFS/ttao/scannet/posed_images/scene0165_00/00231.jpg",
      "transform_matrix": [
        [
          0.300645,
          0.476952,
          -0.825911,
          4.912769
        ],
        [
          0.951702,
          -0.206565,
          0.227146,
          1.860146
        ],
        [
          -0.062266,
          -0.854311,
          -0.516019,
          1.27878
        ],
        [
          0.0,
          0.0,
          0.0,
          1.0
        ]
      ]
    },
    {
      "file_path": "/media/NFS/ttao/scannet/posed_images/scene0165_00/00233.jpg",
      "transform_matrix": [
        [
          0.282553,
          0.48541,
          -0.82737,
          4.919738
        ],
        [
          0.957479,
          -0.19514,
          0.212499,
          1.839093
        ],
        [
          -0.058304,
          -0.852231,
