{
  "frames": [
    {
      "file_path": "/media/NFS/ttao/scannet/posed_images/scene0334_00/00000.jpg",
      "transform_matrix": [
        [
          -0.667195,
          0.35808,
          -0.653168,
          4.369101
        ],
        [
          0.74437,
          0.287982,
          -0.602478,
          8.25992
        ],
        [
          -0.027634,
          -0.888169,
          -0.458684,
          2.05476
        ],
        [
          0.0,
          0.0,
          0.0,
          1.0
        ]
      ]
    },
    {
      "file_path": "/media/NFS/ttao/scannet/posed_images/scene0334_00/00004.jpg",
      "transform_matrix": [
        [
          -0.648209,
          0.380326,
          -0.65968,
          4.376086
        ],
        [
          0.760696,
          0.284577,
          -0.583402,
          8.252439
        ],
        [
          -0.034153,
          -0.879982,
          -0.473778,
          2.040617
        ],
        [
          0.0,
          0.0,
          0.0,
          1.0
        ]
      ]
    },
    {
      "file_path": "/media/NFS/ttao/scannet/posed_images/scene0334_00/00009.jpg",
      "transform_matrix": [
        [
          -0.622281,
          0.403466,
          -0.670807,
          4.3841
        ],
        [
          0.782321,
          0.290761,
          -0.550846,
          8.229663
        ],
        [
          -0.027203,
          -0.867567,
          -0.496575,
          2.020884
        ],
        [
          0.0,
          0.0,
          0.0,
          1.0
        ]
      ]
    },
    {
      "file_path": "/media/NFS/ttao/scannet/posed_images/scene0334_00/00014.jpg",
      "transform_matrix": [
        [
          -0.587274,
          0.431605,
          -0.684709,
          4.408836
        ],
        [
          0.809388,
          0.312836,
          -0.497015,
          8.195323
        ],
        [
          -0.000312,
          -0.84608,
          -0.533057,
          1.978438
        ],
        [
          0.0,
          0.0,
          0.0,
          1.0
        ]
      ]
    },
    {
      "file_path": "/media/NFS/ttao/scannet/posed_images/scene0334_00/00018.jpg",
      "transform_matrix": [
        [
          -0.57492,
          0.453711,
          -0.680891,
          4.420541
        ],
        [
          0.818193,
          0.324075,
          -0.474905,
          8.169292
        ],
        [
          0.00519,
          -0.830133,
          -0.557541,
          1.95852
        ],
        [
          0.0,
          0.0,
          0.0,
          1.0
        ]
      ]
    },
    {
      "file_path": "/media/NFS/ttao/scannet/posed_images/scene0334_00/00021.jpg",
      "transform_matrix": [
        [
          -0.570057,
          0.467336,
          -0.675746,
          4.428115
        ],
        [
          0.821594,
          0.328563,
          -0.465864,
          8.152527
        ],
        [
          0.00431,
          -0.820758,
          -0.57126,
          1.949631
        ],
        [
          0.0,
          0.0,
          0.0,
          1.0
        ]
      ]
    },
    {
      "file_path": "/media/NFS/ttao/scannet/posed_images/scene0334_00/00025.jpg",
      "transform_matrix": [
        [
          -0.567497,
          0.48083,
          -0.668393,
          4.432145
        ],
        [
          0.823372,
          0.329159,
          -0.46229,
          8.141226
        ],
        [
          -0.002275,
          -0.812685,
          -0.582699,
          1.94897
        ],
        [
          0.0,
          0.0,
          0.0,
          1.0
        ]
      ]
    },
    {
      "file_path": "/media/NFS/ttao/scannet/posed_images/scene0334_00/00028.jpg",
      "transform_matrix": [
        [
          -0.563649,
          0.489327,
          -0.665476,
          4.435001
        ],
        [
          0.825994,
          0.328324,
          -0.458188,
          8.137676
        ],
        [
          -0.005712,
          -0.807937,
          -0.589241,
          1.951074
        ],
        [
          0.0,
          0.0,
          0.0,
          1.0
        ]
      ]
    },
    {
      "file_path": "/media/NFS/ttao/scannet/posed_images/scene0334_00/00032.jpg",
      "transform_matrix": [
        [
          -0.56146,
          0.484254,
          -0.671014,
          4.431981
        ],
        [
          0.827421,
          0.31704,
          -0.46353,
          8.14156
        ],
        [
          -0.011728,
          -0.815465,
          -0.578688,
          1.976682
        ],
        [
          0.0,
          0.0,
          0.0,
          1.0
        ]
      ]
    },
    {
      "file_path": "/media/NFS/ttao/scannet/posed_images/scene0334_00/00038.jpg",
      "transform_matrix": [
        [
          -0.564522,
          0.449807,
          -0.69209,
          4.449748
        ],
        [
          0.824999,
          0.280747,
          -0.490467,
          8.183326
        ],
        [
          -0.026313,
          -0.847853,
          -0.529578,
          1.993459
        ],
        [
          0.0,
          0.0,
          0.0,
          1.0
        ]
      ]
    },
    {
      "file_path": "/media/NFS/ttao/scannet/posed_images/scene0334_00/00041.jpg",
      "transform_matrix": [
        [
          -0.560491,
          0.450939,
          -0.694625,
          4.463497
        ],
        [
          0.827117,
          0.262699,
          -0.496858,
          8.208279
        ],
        [
          -0.041575,
          -0.85302,
          -0.52022,
          1.993586
        ],
        [
          0.0,
          0.0,
          0.0,
          1.0
        ]
      ]
    },
    {
      "file_path": "/media/NFS/ttao/scannet/posed_images/scene0334_00/00043.jpg",
      "transform_matrix": [
        [
          -0.561229,
          0.455504,
          -0.691041,
          4.46663
        ],
        [
          0.826031,
          0.255901,
          -0.502183,
          8.226841
        ],
        [
          -0.051908,
          -0.852661,
          -0.51988,
          2.000009
        ],
        [
          0.0,
          0.0,
          0.0,
          1.0
        ]
      ]
    },
    {
      "file_path": "/media/NFS/ttao/scannet/posed_images/scene0334_00/00046.jpg",
      "transform_matrix": [
        [
          -0.56199,
          0.449037,
          -0.694646,
          4.47873
        ],
        [
          0.82465,
          0.238998,
          -0.512672,
          8.254298
        ],
        [
          -0.06419,
          -0.860956,
          -0.504612,
          2.007962
        ],
        [
          0.0,
          0.0,
          0.0,
          1.0
        ]
      ]
    },
    {
      "file_path": "/media/NFS/ttao/scannet/posed_images/scene0334_00/00052.jpg",
      "transform_matrix": [
        [
          -0.585732,
          0.436529,
          -0.682906,
          4.510373
        ],
        [
          0.806546,
          0.230753,
          -0.544276,
          8.314301
        ],
        [
          -0.08001,
          -0.869595,
          -0.487241,
          2.001759
        ],
        [
          0.0,
          0.0,
          0.0,
          1.0
        ]
      ]
    },
    {
      "file_path": "/media/NFS/ttao/scannet/posed_images/scene0334_00/00057.jpg",
      "transform_matrix": [
        [
          -0.590852,
          0.44784,
          -0.671068,
          4.530462
        ],
        [
          0.801265,
          0.228646,
          -0.552898,
          8.352109
        ],
        [
          -0.094172,
          -0.864384,
          -0.493934,
          1.991408
        ],
        [
          0.0,
          0.0,
          0.0,
          1.0
        ]
      ]
    },
    {
      "file_path": "/media/NFS/ttao/scannet/posed_images/scene0334_00/00060.jpg",
      "transform_matrix": [
        [
          -0.59789,
          0.458702,
          -0.657358,
          4.537203
        ],
        [
          0.795365,
          0.23758,
          -0.55763,
          8.357077
        ],
        [
          -0.09961,
          -0.856241,
          -0.506882,
          1.990873
        ],
        [
          0.0,
          0.0,
          0.0,
          1.0
        ]
      ]
    },
    {
      "file_path": "/media/NFS/ttao/scannet/posed_images/scene0334_00/00065.jpg",
      "transform_matrix": [
        [
          -0.632173,
          0.444357,
          -0.634747,
          4.566751
        ],
        [
          0.76812,
          0.251856,
          -0.588693,
          8.341225
        ],
        [
          -0.101725,
          -0.859718,
          -0.500536,
          1.990987
        ],
        [
          0.0,
          0.0,
          0.0,
          1.0
        ]
      ]
    },
    {
      "file_path": "/media/NFS/ttao/scannet/posed_images/scene0334_00/00066.jpg",
      "transform_matrix": [
        [
          -0.637865,
          0.438163,
          -0.633357,
          4.573361
        ],
        [
          0.7638,
          0.254542,
          -0.593142,
          8.337113
        ],
        [
          -0.098677,
          -0.862103,
          -0.497032,
          1.989984
        ],
        [
          0.0,
          0.0,
          0.0,
          1.0
        ]
      ]
    },
    {
      "file_path": "/media/NFS/ttao/scannet/posed_images/scene0334_00/00073.jpg",
      "transform_matrix": [
        [
          -0.678239,
          0.3846,
          -0.626158,
          4.61462
        ],
        [
          0.732964,
          0.293201,
          -0.613838,
          8.285843
        ],
        [
          -0.052492,
          -0.87528,
          -0.480758,
          2.004136
        ],
        [
          0.0,
          0.0,
          0.0,
          1.0
        ]
      ]
    },
    {
      "file_path": "/media/NFS/ttao/scannet/posed_images/scene0334_00/00075.jpg",
      "transform_matrix": [
        [
          -0.688287,
          0.372113,
          -0.62273,
          4.623366
        ],
        [
          0.724326,
          0.304983,
          -0.618335,
          8.266812
        ],
        [
          -0.040168,
          -0.876651,
          -0.479447,
          2.01096
        ],
        [
          0.0,
          0.0,
          0.0,
          1.0
        ]
      ]
    },
    {
      "file_path": "/media/NFS/ttao/scannet/posed_images/scene0334_00/00081.jpg",
      "transform_matrix": [
        [
          -0.710369,
          0.329621,
          -0.621873,
          4.677273
        ],
        [
          0.703644,
          0.31231,
          -0.638238,
          8.202835
        ],
        [
          -0.01616,
          -0.890962,
          -0.453791,
          2.013752
        ],
        [
          0.0,
          0.0,
          0.0,
          1.0
        ]
      ]
    },
    {
      "file_path": "/media/NFS/ttao/scannet/posed_images/scene0334_00/00084.jpg",
      "transform_matrix": [
        [
          -0.729077,
          0.321248,
          -0.604356,
          4.706355
        ],
        [
          0.684115,
          0.315199,
          -0.657751,
          8.131999
        ],
        [
          -0.020808,
          -0.893,
          -0.449575,
          2.02563
        ],
        [
          0.0,
          0.0,
          0.0,
          1.0
        ]
      ]
    },
    {
      "file_path": "/media/NFS/ttao/scannet/posed_images/scene0334_00/00088.jpg",
      "transform_matrix": [
        [
          -0.756086,
          0.299228,
          -0.582062,
          4.745558
        ],
        [
          0.654192,
          0.319531,
          -0.685516,
          8.077987
        ],
        [
          -0.019139,
          -0.89909,
          -0.437346,
          2.011546
        ],
        [
          0.0,
          0.0,
          0.0,
          1.0
        ]
      ]
    },
    {
      "file_path": "/media/NFS/ttao/scannet/posed_images/scene0334_00/00090.jpg",
      "transform_matrix": [
        [
          -0.761107,
          0.29622,
          -0.577035,
          4.768435
        ],
        [
          0.648488,
          0.329175,
          -0.686372,
          8.038446
        ],
        [
          -0.013371,
          -0.896603,
          -0.442632,
          2.007428
        ],
        [
          0.0,
          0.0,
          0.0,
          1.0
        ]
      ]
    },
    {
      "file_path": "/media/NFS/ttao/scannet/posed_images/scene0334_00/00094.jpg",
      "transform_matrix": [
        [
          -0.77832,
          0.277167,
          -0.563379,
          4.799903
        ],
        [
          0.627794,
          0.357287,
          -0.691536,
          7.987603
        ],
        [
          0.009617,
          -0.891922,
          -0.452087,
          1.992038
        ],
        [
          0.0,
          0.0,
          0.0,
          1.0
        ]
      ]
    },
    {
      "file_path": "/media/NFS/ttao/scannet/posed_images/scene0334_00/00100.jpg",
      "transform_matrix": [
        [
          -0.809728,
          0.241237,
          -0.534925,
          4.841722
        ],
        [
          0.584388,
          0.414177,
          -0.697817,
          7.929177
        ],
        [
          0.053214,
          -0.877646,
          -0.476347,
          1.969606
        ],
        [
          0.0,
          0.0,
          0.0,
          1.0
        ]
      ]
    },
    {
      "file_path": "/media/NFS/ttao/scannet/posed_images/scene0334_00/00104.jpg",
      "transform_matrix": [
        [
          -0.829519,
          0.217313,
          -0.514465,
          4.861303
        ],
        [
          0.553238,
          0.445657,
          -0.703788,
          7.906199
        ],
        [
          0.076333,
          -0.868427,
          -0.489906,
          1.956547
        ],
        [
          0.0,
          0.0,
          0.0,
          1.0
        ]
      ]
    },
    {
      "file_path": "/media/NFS/ttao/scannet/posed_images/scene0334_00/00108.jpg",
      "transform_matrix": [
        [
          -0.838718,
          0.205488,
          -0.504308,
          4.870921
        ],
        [
          0.537466,
          0.461412,
          -0.705854,
          7.891687
        ],
        [
          0.087649,
          -0.863061,
          -0.497437,
          1.950576
        ],
        [
          0.0,
          0.0,
          0.0,
          1.0
        ]
      ]
    },
    {
      "file_path": "/media/NFS/ttao/scannet/posed_images/scene0334_00/00110.jpg",
      "transform_matrix": [
        [
          -0.841842,
          0.204933,
          -0.499304,
          4.866935
        ],
        [
          0.532464,
          0.466567,
          -0.706256,
          7.883914
        ],
        [
          0.088223,
          -0.860417,
          -0.501895,
          1.96022
        ],
        [
          0.0,
          0.0,
          0.0,
          1.0
        ]
      ]
    },
    {
      "file_path": "/media/NFS/ttao/scannet/posed_images/scene0334_00/00114.jpg",
      "transform_matrix": [
        [
          -0.841059,
          0.194848,
          -0.504632,
          4.866499
        ],
        [
          0.531768,
          0.468906,
          -0.705231,
          7.871967
        ],
        [
          0.099212,
          -0.861488,
          -0.497992,
          1.969723
        ],
        [
          0.0,
          0.0,
          0.0,
          1.0
        ]
      ]
    },
    {
      "file_path": "/media/NFS/ttao/scannet/posed_images/scene0334_00/00117.jpg",
      "transform_matrix": [
        [
          -0.847921,
          0.185612,
          -0.496566,
          4.862388
        ],
        [
          0.520964,
          0.465116,
          -0.715726,
          7.863168
        ],
        [
          0.098114,
          -0.865572,
          -0.491079,
          1.982175
        ],
        [
          0.0,
          0.0,
          0.0,
          1.0
        ]
      ]
    },
    {
      "file_path": "/media/NFS/ttao/scannet/posed_images/scene0334_00/00123.jpg",
      "transform_matrix": [
        [
          -0.873675,
          0.16901,
          -0.456209,
          4.827521
        ],
        [
          0.479296,
          0.459889,
          -0.747514,
          7.867251
        ],
        [
          0.083468,
          -0.871744,
          -0.4828,
          1.996222
        ],
        [
          0.0,
          0.0,
          0.0,
          1.0
        ]
      ]
    },
    {
      "file_path": "/media/NFS/ttao/scannet/posed_images/scene0334_00/00126.jpg",
      "transform_matrix": [
        [
          -0.883919,
          0.164124,
          -0.437892,
          4.805334
        ],
        [
          0.462405,
          0.446465,
          -0.766062,
          7.87016
        ],
        [
          0.069775,
          -0.87962,
          -0.470531,
          2.002478
        ],
        [
          0.0,
          0.0,
          0.0,
          1.0
        ]
      ]
    },
    {
      "file_path": "/media/NFS/ttao/scannet/posed_images/scene0334_00/00133.jpg",
      "transform_matrix": [
        [
          -0.912044,
          0.125058,
          -0.390559,
          4.737401
        ],
        [
          0.404912,
          0.425515,
          -0.809311,
          7.87943
        ],
        [
          0.064977,
          -0.896269,
          -0.438726,
          2.032775
        ],
        [
          0.0,
          0.0,
          0.0,
          1.0
        ]
      ]
    },
    {
      "file_path": "/media/NFS/ttao/scannet/posed_images/scene0334_00/00135.jpg",
      "transform_matrix": [
        [
          -0.918539,
          0.124841,
          -0.3751,
          4.711829
        ],
        [
          0.39094,
          0.427839,
          -0.814935,
          7.88335
        ],
        [
          0.058745,
          -0.895192,
          -0.441793,
          2.036543
        ],
        [
          0.0,
          0.0,
          0.0,
          1.0
        ]
      ]
    },
    {
      "file_path": "/media/NFS/ttao/scannet/posed_images/scene0334_00/00139.jpg",
      "transform_matrix": [
        [
          -0.921007,
          0.121047,
          -0.370261,
          4.67015
        ],
        [
          0.385176,
          0.424947,
          -0.819182,
          7.880063
        ],
        [
          0.058182,
          -0.897088,
          -0.438004,
          2.041269
        ],
        [
          0.0,
          0.0,
          0.0,
          1.0
        ]
      ]
    },
    {
      "file_path": "/media/NFS/ttao/scannet/posed_images/scene0334_00/00145.jpg",
      "transform_matrix": [
        [
          -0.934214,
          0.132443,
          -0.331214,
          4.600768
        ],
        [
          0.354477,
          0.448495,
          -0.820487,
          7.876001
        ],
        [
          0.03988,
          -0.883918,
          -0.465938,
          2.029838
        ],
        [
          0.0,
          0.0,
          0.0,
          1.0
        ]
      ]
    },
    {
      "file_path": "/media/NFS/ttao/scannet/posed_images/scene0334_00/00148.jpg",
      "transform_matrix": [
        [
          -0.949147,
          0.125505,
          -0.288736,
          4.578667
        ],
        [
          0.313687,
          0.455195,
          -0.833305,
          7.86119
        ],
        [
          0.026847,
          -0.881502,
          -0.471417,
          2.028843
        ],
        [
          0.0,
          0.0,
          0.0,
          1.0
        ]
      ]
    },
    {
      "file_path": "/media/NFS/ttao/scannet/posed_images/scene0334_00/00149.jpg",
      "transform_matrix": [
        [
          -0.95298,
          0.122144,
          -0.277326,
          4.570576
        ],
        [
          0.302045,
          0.456699,
          -0.836776,
          7.858585
        ],
        [
          0.024447,
          -0.881196,
          -0.472118,
          2.025162
        ],
        [
          0.0,
          0.0,
          0.0,
          1.0
        ]
      ]
    },
    {
      "file_path": "/media/NFS/ttao/scannet/posed_images/scene0334_00/00155.jpg",
      "transform_matrix": [
        [
          -0.97696,
          0.076459,
          -0.199257,
          4.496301
        ],
        [
          0.21136,
          0.476127,
          -0.853598,
          7.808207
        ],
        [
          0.029606,
          -0.876046,
          -0.481318,
          2.025684
        ],
        [
          0.0,
          0.0,
          0.0,
          1.0
        ]
      ]
    },
    {
      "file_path": "/media/NFS/ttao/scannet/posed_images/scene0334_00/00159.jpg",
      "transform_matrix": [
        [
          -0.987659,
          0.043039,
          -0.150586,
          4.457046
        ],
        [
          0.152163,
          0.491338,
          -0.857574,
          7.779937
        ],
        [
          0.037079,
          -0.869905,
          -0.491824,
          2.029762
        ],
        [
          0.0,
          0.0,
          0.0,
          1.0
        ]
      ]
    },
    {
      "file_path": "/media/NFS/ttao/scannet/posed_images/scene0334_00/00164.jpg",
      "transform_matrix": [
        [
          -0.990188,
          0.002108,
          -0.139726,
          4.410321
        ],
        [
          0.12341,
          0.482281,
          -0.86728,
          7.747471
        ],
        [
          0.065559,
          -0.876014,
          -0.477809,
          2.053549
        ],
        [
          0.0,
          0.0,
          0.0,
          1.0
        ]
      ]
    },
    {
      "file_path": "/media/NFS/ttao/scannet/posed_images/scene0334_00/00165.jpg",
      "transform_matrix": [
        [
          -0.991006,
          -0.00232,
          -0.133794,
          4.400836
        ],
        [
          0.11636,
          0.478814,
          -0.870171,
          7.745638
        ],
        [
          0.066081,
          -0.877913,
          -0.474238,
          2.055713
        ],
        [
          0.0,
          0.0,
          0.0,
          1.0
        ]
      ]
    },
    {
      "file_path": "/media/NFS/ttao/scannet/posed_images/scene0334_00/00172.jpg",
      "transform_matrix": [
        [
          -0.996359,
          -0.012075,
          -0.0844,
          4.334446
        ],
        [
          0.069505,
          0.458276,
          -0.886088,
          7.71137
        ],
        [
          0.049378,
          -0.888728,
          -0.455768,
          2.074506
        ],
        [
          0.0,
          0.0,
          0.0,
          1.0
        ]
      ]
    },
    {
      "file_path": "/media/NFS/ttao/scannet/posed_images/scene0334_00/00173.jpg",
      "transform_matrix": [
        [
          -0.997371,
          -0.013761,
          -0.071141,
          4.321188
        ],
        [
          0.056825,
          0.460616,
          -0.885778,
          7.708539
        ],
        [
          0.044958,
          -0.887493,
          -0.458624,
          2.07681
        ],
        [
          0.0,
          0.0,
          0.0,
          1.0
        ]
      ]
    },
    {
      "file_path": "/media/NFS/ttao/scannet/posed_images/scene0334_00/00179.jpg",
      "transform_matrix": [
        [
          -0.999376,
          -0.021382,
          -0.028126,
          4.255168
        ],
        [
          0.016074,
          0.433745,
          -0.900892,
          7.674391
        ],
        [
          0.031462,
          -0.900782,
          -0.433131,
          2.0984
        ],
        [
          0.0,
          0.0,
          0.0,
          1.0
        ]
      ]
    },
    {
      "file_path": "/media/NFS/ttao/scannet/posed_images/scene0334_00/00182.jpg",
      "transform_matrix": [
        [
          -0.999543,
          -0.023275,
          -0.019255,
          4.232361
        ],
        [
          0.006954,
          0.443028,
          -0.896481,
          7.637962
        ],
        [
          0.029396,
          -0.896205,
          -0.442665,
          2.10758
        ],
        [
          0.0,
          0.0,
          0.0,
          1.0
        ]
      ]
    },
    {
      "file_path": "/media/NFS/ttao/scannet/posed_images/scene0334_00/00187.jpg",
      "transform_matrix": [
        [
          -0.999464,
          -0.029803,
          0.013527,
          4.240911
        ],
        [
          -0.025071,
          0.431463,
          -0.901782,
          7.600307
        ],
        [
          0.02104,
          -0.901638,
          -0.431979,
          2.106963
        ],
        [
          0.0,
          0.0,
          0.0,
          1.0
        ]
      ]
    },
    {
      "file_path": "/media/NFS/ttao/scannet/posed_images/scene0334_00/00192.jpg",
      "transform_matrix": [
        [
          -0.998642,
          -0.036985,
          0.036689,
          4.282614
        ],
        [
          -0.049196,
          0.437828,
          -0.897712,
          7.546605
        ],
        [
          0.017138,
          -0.898298,
          -0.439053,
          2.102662
        ],
        [
          0.0,
          0.0,
          0.0,
          1.0
        ]
      ]
    },
    {
      "file_path": "/media/NFS/ttao/scannet/posed_images/scene0334_00/00194.jpg",
      "transform_matrix": [
        [
          -0.998261,
          -0.046606,
          0.0361,
          4.323422
        ],
        [
          -0.052877,
          0.437117,
          -0.897849,
          7.500035
        ],
        [
          0.026065,
          -0.898197,
          -0.438821,
          2.100477
        ],
        [
          0.0,
          0.0,
          0.0,
          1.0
        ]
      ]
    },
    {
      "file_path": "/media/NFS/ttao/scannet/posed_images/scene0334_00/00197.jpg",
      "transform_matrix": [
        [
          -0.99862,
          -0.045802,
          0.025691,
          4.373444
        ],
        [
          -0.043293,
          0.441109,
          -0.896409,
          7.466451
        ],
        [
          0.029725,
          -0.896284,
          -0.442483,
          2.091512
        ],
        [
          0.0,
          0.0,
          0.0,
          1.0
        ]
      ]
    },
    {
      "file_path": "/media/NFS/ttao/scannet/posed_images/scene0334_00/00200.jpg",
      "transform_matrix": [
        [
          -0.998943,
          -0.044172,
          0.012735,
          4.439922
        ],
        [
          -0.031484,
          0.455522,
          -0.889667,
          7.427362
        ],
        [
          0.033497,
          -0.889128,
          -0.456431,
          2.082173
        ],
        [
          0.0,
          0.0,
          0.0,
          1.0
        ]
      ]
    },
    {
      "file_path": "/media/NFS/ttao/scannet/posed_images/scene0334_00/00205.jpg",
      "transform_matrix": [
        [
          -0.999232,
          -0.038818,
          0.005262,
          4.505493
        ],
        [
          -0.023084,
          0.474965,
          -0.879702,
          7.356418
        ],
        [
          0.031648,
          -0.879148,
          -0.475497,
          2.074534
        ],
        [
          0.0,
          0.0,
          0.0,
          1.0
        ]
      ]
    },
    {
      "file_path": "/media/NFS/ttao/scannet/posed_images/scene0334_00/00209.jpg",
      "transform_matrix": [
        [
          -0.999111,
          -0.042157,
          2.6e-05,
          4.545209
        ],
        [
          -0.020329,
          0.481247,
          -0.876349,
          7.292254
        ],
        [
          0.036932,
          -0.87557,
          -0.481677,
          2.064016
        ],
        [
          0.0,
          0.0,
          0.0,
          1.0
        ]
      ]
    },
    {
      "file_path": "/media/NFS/ttao/scannet/posed_images/scene0334_00/00212.jpg",
      "transform_matrix": [
        [
          -0.998983,
          -0.04504,
          -0.002202,
          4.570671
        ],
        [
          -0.020096,
          0.488383,
          -0.872398,
          7.240442
        ],
        [
          0.040368,
          -0.871466,
          -0.488791,
          2.056372
        ],
        [
          0.0,
          0.0,
          0.0,
          1.0
        ]
      ]
    },
    {
      "file_path": "/media/NFS/ttao/scannet/posed_images/scene0334_00/00219.jpg",
      "transform_matrix": [
        [
          -0.999833,
          -0.001504,
          -0.01818,
          4.609436
        ],
        [
          0.015698,
          0.436735,
          -0.899453,
          7.096082
        ],
        [
          0.009293,
          -0.899589,
          -0.436639,
          2.062087
        ],
        [
          0.0,
          0.0,
          0.0,
          1.0
        ]
      ]
    },
    {
      "file_path": "/media/NFS/ttao/scannet/posed_images/scene0334_00/00220.jpg",
      "transform_matrix": [
        [
          -0.999428,
          0.005462,
          -0.033358,
          4.632631
        ],
        [
          0.032367,
          0.43912,
          -0.897845,
          7.06671
        ],
        [
          0.009744,
          -0.898412,
          -0.439046,
          2.060051
        ],
        [
          0.0,
          0.0,
          0.0,
          1.0
        ]
      ]
    },
    {
      "file_path": "/media/NFS/ttao/scannet/posed_images/scene0334_00/00225.jpg",
      "transform_matrix": [
        [
          -0.999449,
          -0.00761,
          -0.032288,
          4.666166
        ],
        [
          0.025682,
          0.438599,
          -0.898316,
          6.969469
        ],
        [
          0.020998,
          -0.898651,
          -0.438162,
          2.069914
        ],
        [
          0.0,
          0.0,
          0.0,
          1.0
        ]
      ]
    },
    {
      "file_path": "/media/NFS/ttao/scannet/posed_images/scene0334_00/00229.jpg",
      "transform_matrix": [
        [
          -0.999214,
          -0.026195,
          -0.029751,
          4.734754
        ],
        [
          0.01468,
          0.452643,
          -0.891571,
          6.896082
        ],
        [
          0.036821,
          -0.891307,
          -0.451903,
          2.066582
        ],
        [
          0.0,
          0.0,
          0.0,
          1.0
        ]
      ]
    },
    {
      "file_path": "/media/NFS/ttao/scannet/posed_images/scene0334_00/00235.jpg",
      "transform_matrix": [
        [
          -0.999022,
          -0.007801,
          -0.043529,
          4.863001
        ],
        [
          0.035798,
          0.435271,
          -0.899587,
          6.786092
        ],
        [
          0.025965,
          -0.900266,
          -0.434566,
          2.050183
        ],
        [
          0.0,
          0.0,
          0.0,
          1.0
        ]
      ]
    },
    {
      "file_path": "/media/NFS/ttao/scannet/posed_images/scene0334_00/00238.jpg",
      "transform_matrix": [
        [
          -0.999221,
          -0.001333,
          -0.039435,
          4.929079
        ],
        [
          0.035004,
          0.431346,
          -0.901507,
          6.730547
        ],
        [
          0.018212,
          -0.902186,
          -0.430963,
          2.045117
        ],
        [
          0.0,
          0.0,
          0.0,
          1.0
        ]
      ]
    },
    {
      "file_path": "/media/NFS/ttao/scannet/posed_images/scene0334_00/00241.jpg",
      "transform_matrix": [
        [
          -0.999872,
          -0.015699,
          -0.003127,
          4.994123
        ],
        [
          -0.004081,
          0.438944,
          -0.898505,
          6.653899
        ],
        [
          0.015478,
          -0.898378,
          -0.438951,
          2.06083
        ],
        [
          0.0,
          0.0,
          0.0,
          1.0
        ]
      ]
    },
    {
      "file_path": "/media/NFS/ttao/scannet/posed_images/scene0334_00/00246.jpg",
      "transform_matrix": [
        [
          -0.998716,
          -0.031532,
          0.039642,
          5.038216
        ],
        [
          -0.049457,
          0.437962,
          -0.897632,
          6.579069
        ],
        [
          0.010942,
          -0.89844,
          -0.43896,
          2.049859
        ],
        [
          0.0,
          0.0,
          0.0,
          1.0
        ]
      ]
    },
    {
      "file_path": "/media/NFS/ttao/scannet/posed_images/scene0334_00/00251.jpg",
      "transform_matrix": [
        [
          -0.995621,
          -0.048733,
          0.079768,
          5.095506
        ],
        [
          -0.093087,
          0.439067,
          -0.893619,
          6.483343
        ],
        [
          0.008525,
          -0.897132,
          -0.441681,
          2.037202
        ],
        [
          0.0,
          0.0,
          0.0,
          1.0
        ]
      ]
    },
    {
      "file_path": "/media/NFS/ttao/scannet/posed_images/scene0334_00/00252.jpg",
      "transform_matrix": [
        [
          -0.99472,
          -0.05604,
          0.085968,
          5.109974
        ],
        [
          -0.101845,
          0.436316,
          -0.894011,
          6.471847
        ],
        [
          0.012592,
          -0.898047,
          -0.43972,
          2.02603
        ],
        [
          0.0,
          0.0,
          0.0,
          1.0
        ]
      ]
    },
    {
      "file_path": "/media/NFS/ttao/scannet/posed_images/scene0334_00/00258.jpg",
      "transform_matrix": [
        [
          -0.983323,
          -0.097441,
          0.153562,
          5.133591
        ],
        [
          -0.180732,
          0.42935,
          -0.88487,
          6.347712
        ],
        [
          0.020291,
          -0.897866,
          -0.4398,
          2.018248
        ],
        [
          0.0,
          0.0,
          0.0,
          1.0
        ]
      ]
    },
    {
      "file_path": "/media/NFS/ttao/scannet/posed_images/scene0334_00/00261.jpg",
      "transform_matrix": [
        [
          -0.972734,
          -0.121007,
          0.197852,
          5.095998
        ],
        [
          -0.231237,
          0.440473,
          -0.867475,
          6.257994
        ],
        [
          0.017822,
          -0.889573,
          -0.456444,
          2.038415
        ],
        [
          0.0,
          0.0,
          0.0,
          1.0
        ]
      ]
    },
    {
      "file_path": "/media/NFS/ttao/scannet/posed_images/scene0334_00/00267.jpg",
      "transform_matrix": [
        [
          -0.959495,
          -0.153857,
          0.236004,
          5.088471
        ],
        [
          -0.279951,
          0.426801,
          -0.859923,
          6.149408
        ],
        [
          0.031578,
          -0.891162,
          -0.452586,
          2.050268
        ],
        [
          0.0,
          0.0,
          0.0,
          1.0
        ]
      ]
    },
    {
      "file_path": "/media/NFS/ttao/scannet/posed_images/scene0334_00/00270.jpg",
      "transform_matrix": [
        [
          -0.955517,
          -0.156646,
          0.249898,
          5.077436
        ],
        [
          -0.293774,
          0.430368,
          -0.853511,
          6.084439
        ],
        [
          0.026151,
          -0.888957,
          -0.457243,
          2.055855
        ],
        [
          0.0,
          0.0,
          0.0,
          1.0
        ]
      ]
    },
    {
      "file_path": "/media/NFS/ttao/scannet/posed_images/scene0334_00/00271.jpg",
      "transform_matrix": [
        [
          -0.955138,
          -0.161478,
          0.248266,
          5.087422
        ],
        [
          -0.294611,
          0.432409,
          -0.85219,
          6.075154
        ],
        [
          0.030257,
          -0.887101,
          -0.460583,
          2.054778
        ],
        [
          0.0,
          0.0,
          0.0,
          1.0
        ]
      ]
    },
    {
      "file_path": "/media/NFS/ttao/scannet/posed_images/scene0334_00/00278.jpg",
      "transform_matrix": [
        [
          -0.944634,
          -0.18168,
          0.273237,
          5.060385
        ],
        [
          -0.326033,
          0.425819,
          -0.844027,
          5.940855
        ],
        [
          0.036994,
          -0.886381,
          -0.461477,
          2.047225
        ],
        [
          0.0,
          0.0,
          0.0,
          1.0
        ]
      ]
    },
    {
      "file_path": "/media/NFS/ttao/scannet/posed_images/scene0334_00/00281.jpg",
      "transform_matrix": [
        [
          -0.94068,
          -0.193916,
          0.27842,
          5.059745
        ],
        [
          -0.335575,
          0.410543,
          -0.847846,
          5.884781
        ],
        [
          0.050108,
          -0.890983,
          -0.451263,
          2.041318
        ],
        [
          0.0,
          0.0,
          0.0,
          1.0
        ]
      ]
    },
    {
      "file_path": "/media/NFS/ttao/scannet/posed_images/scene0334_00/00283.jpg",
      "transform_matrix": [
        [
          -0.936566,
          -0.208846,
          0.281474,
          5.055348
        ],
        [
          -0.346002,
          0.422793,
          -0.837573,
          5.839143
        ],
        [
          0.055918,
          -0.881833,
          -0.468235,
          2.044727
        ],
        [
          0.0,
          0.0,
          0.0,
          1.0
        ]
      ]
    },
    {
      "file_path": "/media/NFS/ttao/scannet/posed_images/scene0334_00/00289.jpg",
      "transform_matrix": [
        [
          -0.93065,
          -0.219214,
          0.292979,
          5.035158
        ],
        [
          -0.360768,
          0.415931,
          -0.834774,
          5.714462
        ],
        [
          0.061135,
          -0.88258,
          -0.466171,
          2.068416
        ],
        [
          0.0,
          0.0,
          0.0,
          1.0
        ]
      ]
    },
    {
      "file_path": "/media/NFS/ttao/scannet/posed_images/scene0334_00/00294.jpg",
      "transform_matrix": [
        [
          -0.920282,
          -0.214561,
          0.327177,
          4.971335
        ],
        [
          -0.387624,
          0.386317,
          -0.836963,
          5.630086
        ],
        [
          0.053186,
          -0.897064,
          -0.438689,
          2.083036
        ],
        [
          0.0,
          0.0,
          0.0,
          1.0
        ]
      ]
    },
    {
      "file_path": "/media/NFS/ttao/scannet/posed_images/scene0334_00/00299.jpg",
      "transform_matrix": [
        [
          -0.902516,
          -0.248148,
          0.351977,
          4.923071
        ],
        [
          -0.424941,
          0.380425,
          -0.821403,
          5.560535
        ],
        [
          0.069929,
          -0.890898,
          -0.448788,
          2.088626
        ],
        [
          0.0,
          0.0,
          0.0,
          1.0
        ]
      ]
    },
    {
      "file_path": "/media/NFS/ttao/scannet/posed_images/scene0334_00/00300.jpg",
      "transform_matrix": [
        [
          -0.892582,
          -0.257009,
          0.370465,
          4.891018
        ],
        [
          -0.445632,
          0.377784,
          -0.811598,
          5.527212
        ],
        [
          0.068633,
          -0.889509,
          -0.451734,
          2.091298
        ],
        [
          0.0,
          0.0,
          0.0,
          1.0
        ]
      ]
    },
    {
      "file_path": "/media/NFS/ttao/scannet/posed_images/scene0334_00/00306.jpg",
      "transform_matrix": [
        [
          -0.859224,
          -0.290558,
          0.421083,
          4.826042
        ],
        [
          -0.507276,
          0.377071,
          -0.774912,
          5.4328
        ],
        [
          0.066378,
          -0.879428,
