{
  "frames": [
    {
      "file_path": "/media/NFS/ttao/scannet/posed_images/scene0628_01/00000.jpg",
      "transform_matrix": [
        [
          -0.836984,
          0.286704,
          -0.466111,
          3.382122
        ],
        [
          0.545922,
          0.378644,
          -0.747395,
          2.375675
        ],
        [
          -0.037791,
          -0.880017,
          -0.473436,
          1.366355
        ],
        [
          0.0,
          0.0,
          0.0,
          1.0
        ]
      ]
    },
    {
      "file_path": "/media/NFS/ttao/scannet/posed_images/scene0628_01/00003.jpg",
      "transform_matrix": [
        [
          -0.84617,
          0.280273,
          -0.453259,
          3.401412
        ],
        [
          0.532495,
          0.410969,
          -0.739969,
          2.337684
        ],
        [
          -0.021117,
          -0.867498,
          -0.496993,
          1.351151
        ],
        [
          0.0,
          0.0,
          0.0,
          1.0
        ]
      ]
    },
    {
      "file_path": "/media/NFS/ttao/scannet/posed_images/scene0628_01/00009.jpg",
      "transform_matrix": [
        [
          -0.864924,
          0.24629,
          -0.437319,
          3.43793
        ],
        [
          0.501902,
          0.423126,
          -0.75436,
          2.293214
        ],
        [
          -0.000751,
          -0.871955,
          -0.489585,
          1.33796
        ],
        [
          0.0,
          0.0,
          0.0,
          1.0
        ]
      ]
    },
    {
      "file_path": "/media/NFS/ttao/scannet/posed_images/scene0628_01/00013.jpg",
      "transform_matrix": [
        [
          -0.855778,
          0.269538,
          -0.441581,
          3.470294
        ],
        [
          0.517324,
          0.438384,
          -0.73498,
          2.228276
        ],
        [
          -0.004523,
          -0.85742,
          -0.514598,
          1.376875
        ],
        [
          0.0,
          0.0,
          0.0,
          1.0
        ]
      ]
    },
    {
      "file_path": "/media/NFS/ttao/scannet/posed_images/scene0628_01/00016.jpg",
      "transform_matrix": [
        [
          -0.85182,
          0.267359,
          -0.450468,
          3.510085
        ],
        [
          0.523821,
          0.428657,
          -0.736115,
          2.190629
        ],
        [
          -0.003711,
          -0.863002,
          -0.505187,
          1.371758
        ],
        [
          0.0,
          0.0,
          0.0,
          1.0
        ]
      ]
    },
    {
      "file_path": "/media/NFS/ttao/scannet/posed_images/scene0628_01/00019.jpg",
      "transform_matrix": [
        [
          -0.84719,
          0.25757,
          -0.46468,
          3.570103
        ],
        [
          0.531257,
          0.42052,
          -0.735479,
          2.130923
        ],
        [
          0.00597,
          -0.869955,
          -0.493096,
          1.368273
        ],
        [
          0.0,
          0.0,
          0.0,
          1.0
        ]
      ]
    },
    {
      "file_path": "/media/NFS/ttao/scannet/posed_images/scene0628_01/00020.jpg",
      "transform_matrix": [
        [
          -0.844856,
          0.255353,
          -0.470121,
          3.587071
        ],
        [
          0.53496,
          0.413233,
          -0.736924,
          2.121289
        ],
        [
          0.006094,
          -0.87409,
          -0.485726,
          1.358246
        ],
        [
          0.0,
          0.0,
          0.0,
          1.0
        ]
      ]
    },
    {
      "file_path": "/media/NFS/ttao/scannet/posed_images/scene0628_01/00027.jpg",
      "transform_matrix": [
        [
          -0.831092,
          0.273961,
          -0.483974,
          3.712147
        ],
        [
          0.556128,
          0.413571,
          -0.720889,
          1.990258
        ],
        [
          0.002662,
          -0.868277,
          -0.496073,
          1.349327
        ],
        [
          0.0,
          0.0,
          0.0,
          1.0
        ]
      ]
    },
    {
      "file_path": "/media/NFS/ttao/scannet/posed_images/scene0628_01/00028.jpg",
      "transform_matrix": [
        [
          -0.83106,
          0.27601,
          -0.482864,
          3.72216
        ],
        [
          0.55618,
          0.415327,
          -0.719839,
          1.975358
        ],
        [
          0.001863,
          -0.866789,
          -0.498673,
          1.346751
        ],
        [
          0.0,
          0.0,
          0.0,
          1.0
        ]
      ]
    },
    {
      "file_path": "/media/NFS/ttao/scannet/posed_images/scene0628_01/00031.jpg",
      "transform_matrix": [
        [
          -0.82998,
          0.279555,
          -0.482683,
          3.751112
        ],
        [
          0.557793,
          0.416626,
          -0.717837,
          1.939785
        ],
        [
          0.000424,
          -0.865027,
          -0.501725,
          1.327366
        ],
        [
          0.0,
          0.0,
          0.0,
          1.0
        ]
      ]
    },
    {
      "file_path": "/media/NFS/ttao/scannet/posed_images/scene0628_01/00035.jpg",
      "transform_matrix": [
        [
          -0.81238,
          0.312977,
          -0.492021,
          3.77702
        ],
        [
          0.582893,
          0.411881,
          -0.700421,
          1.879475
        ],
        [
          -0.016562,
          -0.855804,
          -0.517036,
          1.311553
        ],
        [
          0.0,
          0.0,
          0.0,
          1.0
        ]
      ]
    },
    {
      "file_path": "/media/NFS/ttao/scannet/posed_images/scene0628_01/00039.jpg",
      "transform_matrix": [
        [
          -0.812237,
          0.332973,
          -0.478957,
          3.787133
        ],
        [
          0.582074,
          0.408848,
          -0.702875,
          1.823402
        ],
        [
          -0.038218,
          -0.849689,
          -0.525897,
          1.305501
        ],
        [
          0.0,
          0.0,
          0.0,
          1.0
        ]
      ]
    },
    {
      "file_path": "/media/NFS/ttao/scannet/posed_images/scene0628_01/00043.jpg",
      "transform_matrix": [
        [
          -0.800417,
          0.347242,
          -0.488627,
          3.805921
        ],
        [
          0.597677,
          0.39975,
          -0.69497,
          1.755539
        ],
        [
          -0.045995,
          -0.848306,
          -0.527505,
          1.296848
        ],
        [
          0.0,
          0.0,
          0.0,
          1.0
        ]
      ]
    },
    {
      "file_path": "/media/NFS/ttao/scannet/posed_images/scene0628_01/00046.jpg",
      "transform_matrix": [
        [
          -0.785569,
          0.368393,
          -0.49716,
          3.803572
        ],
        [
          0.616669,
          0.39988,
          -0.678097,
          1.707922
        ],
        [
          -0.051002,
          -0.839275,
          -0.54131,
          1.302902
        ],
        [
          0.0,
          0.0,
          0.0,
          1.0
        ]
      ]
    },
    {
      "file_path": "/media/NFS/ttao/scannet/posed_images/scene0628_01/00052.jpg",
      "transform_matrix": [
        [
          -0.770631,
          0.375458,
          -0.514937,
          3.827728
        ],
        [
          0.635302,
          0.388971,
          -0.667153,
          1.63587
        ],
        [
          -0.050192,
          -0.841269,
          -0.538282,
          1.311063
        ],
        [
          0.0,
          0.0,
          0.0,
          1.0
        ]
      ]
    },
    {
      "file_path": "/media/NFS/ttao/scannet/posed_images/scene0628_01/00055.jpg",
      "transform_matrix": [
        [
          -0.736827,
          0.385884,
          -0.555139,
          3.842116
        ],
        [
          0.675231,
          0.378871,
          -0.632866,
          1.596916
        ],
        [
          -0.033887,
          -0.84116,
          -0.539724,
          1.320182
        ],
        [
          0.0,
          0.0,
          0.0,
          1.0
        ]
      ]
    },
    {
      "file_path": "/media/NFS/ttao/scannet/posed_images/scene0628_01/00058.jpg",
      "transform_matrix": [
        [
          -0.686641,
          0.405845,
          -0.603171,
          3.853103
        ],
        [
          0.726816,
          0.364703,
          -0.582005,
          1.570537
        ],
        [
          -0.016225,
          -0.838023,
          -0.545394,
          1.331316
        ],
        [
          0.0,
          0.0,
          0.0,
          1.0
        ]
      ]
    },
    {
      "file_path": "/media/NFS/ttao/scannet/posed_images/scene0628_01/00062.jpg",
      "transform_matrix": [
        [
          -0.603285,
          0.441538,
          -0.664147,
          3.865117
        ],
        [
          0.797476,
          0.324648,
          -0.508564,
          1.567417
        ],
        [
          -0.008937,
          -0.83645,
          -0.547971,
          1.330424
        ],
        [
          0.0,
          0.0,
          0.0,
          1.0
        ]
      ]
    },
    {
      "file_path": "/media/NFS/ttao/scannet/posed_images/scene0628_01/00063.jpg",
      "transform_matrix": [
        [
          -0.589675,
          0.442552,
          -0.675597,
          3.873878
        ],
        [
          0.807583,
          0.313125,
          -0.499762,
          1.565691
        ],
        [
          -0.009624,
          -0.840298,
          -0.542039,
          1.32857
        ],
        [
          0.0,
          0.0,
          0.0,
          1.0
        ]
      ]
    },
    {
      "file_path": "/media/NFS/ttao/scannet/posed_images/scene0628_01/00070.jpg",
      "transform_matrix": [
        [
          -0.501366,
          0.450402,
          -0.738763,
          3.889475
        ],
        [
          0.864444,
          0.29726,
          -0.405429,
          1.558741
        ],
        [
          0.036999,
          -0.841887,
          -0.538384,
          1.349075
        ],
        [
          0.0,
          0.0,
          0.0,
          1.0
        ]
      ]
    },
    {
      "file_path": "/media/NFS/ttao/scannet/posed_images/scene0628_01/00073.jpg",
      "transform_matrix": [
        [
          -0.485488,
          0.454953,
          -0.746538,
          3.880694
        ],
        [
          0.873562,
          0.286159,
          -0.393704,
          1.571779
        ],
        [
          0.034511,
          -0.843286,
          -0.536357,
          1.364457
        ],
        [
          0.0,
          0.0,
          0.0,
          1.0
        ]
      ]
    },
    {
      "file_path": "/media/NFS/ttao/scannet/posed_images/scene0628_01/00077.jpg",
      "transform_matrix": [
        [
          -0.467413,
          0.461363,
          -0.754102,
          3.867373
        ],
        [
          0.884004,
          0.251573,
          -0.394016,
          1.609565
        ],
        [
          0.007928,
          -0.850797,
          -0.525435,
          1.376842
        ],
        [
          0.0,
          0.0,
          0.0,
          1.0
        ]
      ]
    },
    {
      "file_path": "/media/NFS/ttao/scannet/posed_images/scene0628_01/00081.jpg",
      "transform_matrix": [
        [
          -0.450225,
          0.454541,
          -0.768563,
          3.847478
        ],
        [
          0.892887,
          0.22239,
          -0.39153,
          1.66023
        ],
        [
          -0.007045,
          -0.862517,
          -0.505979,
          1.383783
        ],
        [
          0.0,
          0.0,
          0.0,
          1.0
        ]
      ]
    },
    {
      "file_path": "/media/NFS/ttao/scannet/posed_images/scene0628_01/00084.jpg",
      "transform_matrix": [
        [
          -0.440715,
          0.446879,
          -0.778505,
          3.816
        ],
        [
          0.897585,
          0.20916,
          -0.388064,
          1.71491
        ],
        [
          -0.010585,
          -0.8698,
          -0.493292,
          1.38619
        ],
        [
          0.0,
          0.0,
          0.0,
          1.0
        ]
      ]
    },
    {
      "file_path": "/media/NFS/ttao/scannet/posed_images/scene0628_01/00085.jpg",
      "transform_matrix": [
        [
          -0.435851,
          0.447885,
          -0.780662,
          3.806415
        ],
        [
          0.899955,
          0.206511,
          -0.383973,
          1.735716
        ],
        [
          -0.010761,
          -0.869915,
          -0.493084,
          1.382272
        ],
        [
          0.0,
          0.0,
          0.0,
          1.0
        ]
      ]
    },
    {
      "file_path": "/media/NFS/ttao/scannet/posed_images/scene0628_01/00090.jpg",
      "transform_matrix": [
        [
          -0.41652,
          0.446745,
          -0.791789,
          3.764528
        ],
        [
          0.909119,
          0.208369,
          -0.360674,
          1.819288
        ],
        [
          0.003855,
          -0.870058,
          -0.492934,
          1.354822
        ],
        [
          0.0,
          0.0,
          0.0,
          1.0
        ]
      ]
    },
    {
      "file_path": "/media/NFS/ttao/scannet/posed_images/scene0628_01/00093.jpg",
      "transform_matrix": [
        [
          -0.4182,
          0.457801,
          -0.784556,
          3.744399
        ],
        [
          0.908329,
          0.217357,
          -0.357344,
          1.8592
        ],
        [
          0.006936,
          -0.862076,
          -0.506732,
          1.34869
        ],
        [
          0.0,
          0.0,
          0.0,
          1.0
        ]
      ]
    },
    {
      "file_path": "/media/NFS/ttao/scannet/posed_images/scene0628_01/00097.jpg",
      "transform_matrix": [
        [
          -0.398936,
          0.455546,
          -0.795819,
          3.695638
        ],
        [
          0.916977,
          0.196476,
          -0.347204,
          1.910838
        ],
        [
          -0.001808,
          -0.86826,
          -0.496107,
          1.362112
        ],
        [
          0.0,
          0.0,
          0.0,
          1.0
        ]
      ]
    },
    {
      "file_path": "/media/NFS/ttao/scannet/posed_images/scene0628_01/00100.jpg",
      "transform_matrix": [
        [
          -0.393695,
          0.471354,
          -0.789196,
          3.666261
        ],
        [
          0.919013,
          0.182671,
          -0.349353,
          1.938563
        ],
        [
          -0.020506,
          -0.862819,
          -0.505097,
          1.364762
        ],
        [
          0.0,
          0.0,
          0.0,
          1.0
        ]
      ]
    },
    {
      "file_path": "/media/NFS/ttao/scannet/posed_images/scene0628_01/00103.jpg",
      "transform_matrix": [
        [
          -0.392347,
          0.479073,
          -0.785209,
          3.642864
        ],
        [
          0.919081,
          0.170034,
          -0.355497,
          1.95239
        ],
        [
          -0.036797,
          -0.861149,
          -0.507019,
          1.357089
        ],
        [
          0.0,
          0.0,
          0.0,
          1.0
        ]
      ]
    },
    {
      "file_path": "/media/NFS/ttao/scannet/posed_images/scene0628_01/00106.jpg",
      "transform_matrix": [
        [
          -0.396187,
          0.489736,
          -0.776656,
          3.605387
        ],
        [
          0.917297,
          0.174243,
          -0.358058,
          1.964736
        ],
        [
          -0.040027,
          -0.854282,
          -0.518266,
          1.356034
        ],
        [
          0.0,
          0.0,
          0.0,
          1.0
        ]
      ]
    },
    {
      "file_path": "/media/NFS/ttao/scannet/posed_images/scene0628_01/00113.jpg",
      "transform_matrix": [
        [
          -0.45385,
          0.476537,
          -0.752949,
          3.488597
        ],
        [
          0.890752,
          0.219775,
          -0.397819,
          2.004128
        ],
        [
          -0.024095,
          -0.851241,
          -0.524221,
          1.362916
        ],
        [
          0.0,
          0.0,
          0.0,
          1.0
        ]
      ]
    },
    {
      "file_path": "/media/NFS/ttao/scannet/posed_images/scene0628_01/00115.jpg",
      "transform_matrix": [
        [
          -0.475871,
          0.470166,
          -0.743297,
          3.433359
        ],
        [
          0.879396,
          0.240464,
          -0.410901,
          2.025009
        ],
        [
          -0.014456,
          -0.849188,
          -0.527892,
          1.366324
        ],
        [
          0.0,
          0.0,
          0.0,
          1.0
        ]
      ]
    },
    {
      "file_path": "/media/NFS/ttao/scannet/posed_images/scene0628_01/00117.jpg",
      "transform_matrix": [
        [
          -0.472819,
          0.474531,
          -0.74247,
          3.394169
        ],
        [
          0.880996,
          0.238344,
          -0.408704,
          2.039845
        ],
        [
          -0.016979,
          -0.847356,
          -0.530753,
          1.372516
        ],
        [
          0.0,
          0.0,
          0.0,
          1.0
        ]
      ]
    },
    {
      "file_path": "/media/NFS/ttao/scannet/posed_images/scene0628_01/00124.jpg",
      "transform_matrix": [
        [
          -0.484963,
          0.465747,
          -0.740196,
          3.291109
        ],
        [
          0.873754,
          0.222279,
          -0.432605,
          2.109129
        ],
        [
          -0.036954,
          -0.856547,
          -0.514745,
          1.373448
        ],
        [
          0.0,
          0.0,
          0.0,
          1.0
        ]
      ]
    },
    {
      "file_path": "/media/NFS/ttao/scannet/posed_images/scene0628_01/00126.jpg",
      "transform_matrix": [
        [
          -0.503975,
          0.458022,
          -0.732274,
          3.268639
        ],
        [
          0.863001,
          0.232496,
          -0.448525,
          2.133364
        ],
        [
          -0.035183,
          -0.857999,
          -0.512446,
          1.367478
        ],
        [
          0.0,
          0.0,
          0.0,
          1.0
        ]
      ]
    },
    {
      "file_path": "/media/NFS/ttao/scannet/posed_images/scene0628_01/00131.jpg",
      "transform_matrix": [
        [
          -0.572283,
          0.434611,
          -0.695418,
          3.184062
        ],
        [
          0.819069,
          0.261328,
          -0.510719,
          2.239435
        ],
        [
          -0.040232,
          -0.861871,
          -0.50553,
          1.359838
        ],
        [
          0.0,
          0.0,
          0.0,
          1.0
        ]
      ]
    },
    {
      "file_path": "/media/NFS/ttao/scannet/posed_images/scene0628_01/00133.jpg",
      "transform_matrix": [
        [
          -0.591613,
          0.433933,
          -0.679482,
          3.149289
        ],
        [
          0.805568,
          0.284216,
          -0.519886,
          2.277319
        ],
        [
          -0.032476,
          -0.854941,
          -0.517709,
          1.363363
        ],
        [
          0.0,
          0.0,
          0.0,
          1.0
        ]
      ]
    },
    {
      "file_path": "/media/NFS/ttao/scannet/posed_images/scene0628_01/00135.jpg",
      "transform_matrix": [
        [
          -0.606528,
          0.433349,
          -0.666582,
          3.115054
        ],
        [
          0.794282,
          0.293132,
          -0.532156,
          2.315842
        ],
        [
          -0.035213,
          -0.852222,
          -0.521994,
          1.363152
        ],
        [
          0.0,
          0.0,
          0.0,
          1.0
        ]
      ]
    },
    {
      "file_path": "/media/NFS/ttao/scannet/posed_images/scene0628_01/00139.jpg",
      "transform_matrix": [
        [
          -0.632978,
          0.437627,
          -0.638609,
          3.052345
        ],
        [
          0.77314,
          0.314804,
          -0.550593,
          2.373723
        ],
        [
          -0.039918,
          -0.842247,
          -0.537611,
          1.361802
        ],
        [
          0.0,
          0.0,
          0.0,
          1.0
        ]
      ]
    },
    {
      "file_path": "/media/NFS/ttao/scannet/posed_images/scene0628_01/00145.jpg",
      "transform_matrix": [
        [
          -0.666498,
          0.434485,
          -0.605807,
          2.967141
        ],
        [
          0.744137,
          0.338482,
          -0.575926,
          2.402449
        ],
        [
          -0.045176,
          -0.834657,
          -0.548914,
          1.372549
        ],
        [
          0.0,
          0.0,
          0.0,
          1.0
        ]
      ]
    },
    {
      "file_path": "/media/NFS/ttao/scannet/posed_images/scene0628_01/00148.jpg",
      "transform_matrix": [
        [
          -0.672312,
          0.405328,
          -0.61944,
          2.911911
        ],
        [
          0.739942,
          0.343118,
          -0.578581,
          2.410574
        ],
        [
          -0.021974,
          -0.847337,
          -0.530602,
          1.375646
        ],
        [
          0.0,
          0.0,
          0.0,
          1.0
        ]
      ]
    },
    {
      "file_path": "/media/NFS/ttao/scannet/posed_images/scene0628_01/00153.jpg",
      "transform_matrix": [
        [
          -0.674235,
          0.391642,
          -0.626118,
          2.84309
        ],
        [
          0.738517,
          0.357469,
          -0.571672,
          2.410621
        ],
        [
          -7.3e-05,
          -0.84784,
          -0.530253,
          1.386382
        ],
        [
          0.0,
          0.0,
          0.0,
          1.0
        ]
      ]
    },
    {
      "file_path": "/media/NFS/ttao/scannet/posed_images/scene0628_01/00155.jpg",
      "transform_matrix": [
        [
          -0.683615,
          0.386307,
          -0.619223,
          2.828372
        ],
        [
          0.729813,
          0.354133,
          -0.584776,
          2.411862
        ],
        [
          -0.006616,
          -0.851679,
          -0.524023,
          1.387423
        ],
        [
          0.0,
          0.0,
          0.0,
          1.0
        ]
      ]
    },
    {
      "file_path": "/media/NFS/ttao/scannet/posed_images/scene0628_01/00159.jpg",
      "transform_matrix": [
        [
          -0.705164,
          0.372485,
          -0.603323,
          2.782195
        ],
        [
          0.708712,
          0.344205,
          -0.615833,
          2.415376
        ],
        [
          -0.021722,
          -0.861845,
          -0.506706,
          1.391388
        ],
        [
          0.0,
          0.0,
          0.0,
          1.0
        ]
      ]
    },
    {
      "file_path": "/media/NFS/ttao/scannet/posed_images/scene0628_01/00160.jpg",
      "transform_matrix": [
        [
          -0.71205,
          0.367438,
          -0.59831,
          2.772518
        ],
        [
          0.701678,
          0.34185,
          -0.62513,
          2.423953
        ],
        [
          -0.025164,
          -0.864944,
          -0.501237,
          1.384553
        ],
        [
          0.0,
          0.0,
          0.0,
          1.0
        ]
      ]
    },
    {
      "file_path": "/media/NFS/ttao/scannet/posed_images/scene0628_01/00165.jpg",
      "transform_matrix": [
        [
          -0.739178,
          0.363541,
          -0.566969,
          2.6682
        ],
        [
          0.672426,
          0.350608,
          -0.651857,
          2.448109
        ],
        [
          -0.038193,
          -0.863083,
          -0.503616,
          1.386464
        ],
        [
          0.0,
          0.0,
          0.0,
          1.0
        ]
      ]
    },
    {
      "file_path": "/media/NFS/ttao/scannet/posed_images/scene0628_01/00168.jpg",
      "transform_matrix": [
        [
          -0.746936,
          0.366783,
          -0.554578,
          2.598095
        ],
        [
          0.663169,
          0.35089,
          -0.661123,
          2.47028
        ],
        [
          -0.047892,
          -0.861596,
          -0.505331,
          1.389887
        ],
        [
          0.0,
          0.0,
          0.0,
          1.0
        ]
      ]
    },
    {
      "file_path": "/media/NFS/ttao/scannet/posed_images/scene0628_01/00174.jpg",
      "transform_matrix": [
        [
          -0.748013,
          0.391825,
          -0.535677,
          2.50763
        ],
        [
          0.657314,
          0.325817,
          -0.679545,
          2.503039
        ],
        [
          -0.09173,
          -0.860417,
          -0.501267,
          1.393566
        ],
        [
          0.0,
          0.0,
          0.0,
          1.0
        ]
      ]
    },
    {
      "file_path": "/media/NFS/ttao/scannet/posed_images/scene0628_01/00177.jpg",
      "transform_matrix": [
        [
          -0.766123,
          0.378217,
          -0.519623,
          2.466681
        ],
        [
          0.6365,
          0.334523,
          -0.694955,
          2.50796
        ],
        [
          -0.089019,
          -0.863161,
          -0.497021,
          1.398564
        ],
        [
          0.0,
          0.0,
          0.0,
          1.0
        ]
      ]
    },
    {
      "file_path": "/media/NFS/ttao/scannet/posed_images/scene0628_01/00178.jpg",
      "transform_matrix": [
        [
          -0.771715,
          0.374932,
          -0.513694,
          2.460113
        ],
        [
          0.629835,
          0.338664,
          -0.699009,
          2.508275
        ],
        [
          -0.088111,
          -0.862979,
          -0.497498,
          1.397386
        ],
        [
          0.0,
          0.0,
          0.0,
          1.0
        ]
      ]
    },
    {
      "file_path": "/media/NFS/ttao/scannet/posed_images/scene0628_01/00182.jpg",
      "transform_matrix": [
        [
          -0.792265,
          0.367712,
          -0.486933,
          2.441239
        ],
        [
          0.605197,
          0.371797,
          -0.70392,
          2.49753
        ],
        [
          -0.0778,
          -0.852382,
          -0.5171,
          1.398978
        ],
        [
          0.0,
          0.0,
          0.0,
          1.0
        ]
      ]
    },
    {
      "file_path": "/media/NFS/ttao/scannet/posed_images/scene0628_01/00188.jpg",
      "transform_matrix": [
        [
          -0.832926,
          0.325363,
          -0.447631,
          2.456703
        ],
        [
          0.551127,
          0.414724,
          -0.72406,
          2.45719
        ],
        [
          -0.049939,
          -0.84979,
          -0.524751,
          1.41059
        ],
        [
          0.0,
          0.0,
          0.0,
          1.0
        ]
      ]
    },
    {
      "file_path": "/media/NFS/ttao/scannet/posed_images/scene0628_01/00191.jpg",
      "transform_matrix": [
        [
          -0.848215,
          0.301865,
          -0.435212,
          2.47274
        ],
        [
          0.528351,
          0.424656,
          -0.735196,
          2.437246
        ],
        [
          -0.037115,
          -0.853548,
          -0.51969,
          1.419548
        ],
        [
          0.0,
          0.0,
          0.0,
          1.0
        ]
      ]
    },
    {
      "file_path": "/media/NFS/ttao/scannet/posed_images/scene0628_01/00195.jpg",
      "transform_matrix": [
        [
          -0.856919,
          0.262631,
          -0.443524,
          2.503255
        ],
        [
          0.515401,
          0.42462,
          -0.744352,
          2.414758
        ],
        [
          -0.007161,
          -0.866443,
          -0.499225,
          1.430383
        ],
        [
          0.0,
          0.0,
          0.0,
          1.0
        ]
      ]
    },
    {
      "file_path": "/media/NFS/ttao/scannet/posed_images/scene0628_01/00198.jpg",
      "transform_matrix": [
        [
          -0.844121,
          0.230209,
          -0.484214,
          2.553689
        ],
        [
          0.534968,
          0.421639,
          -0.732141,
          2.384242
        ],
        [
          0.035618,
          -0.877054,
          -0.479069,
          1.443678
        ],
        [
          0.0,
          0.0,
          0.0,
          1.0
        ]
      ]
    },
    {
      "file_path": "/media/NFS/ttao/scannet/posed_images/scene0628_01/00200.jpg",
      "transform_matrix": [
        [
          -0.835915,
          0.215246,
          -0.504892,
          2.588869
        ],
        [
          0.54632,
          0.414691,
          -0.727713,
          2.370431
        ],
        [
          0.052736,
          -0.884138,
          -0.46424,
          1.445403
        ],
        [
          0.0,
          0.0,
          0.0,
          1.0
        ]
      ]
    },
    {
      "file_path": "/media/NFS/ttao/scannet/posed_images/scene0628_01/00206.jpg",
      "transform_matrix": [
        [
          -0.809129,
          0.218599,
          -0.545458,
          2.724355
        ],
        [
          0.58575,
          0.374245,
          -0.718914,
          2.311038
        ],
        [
          0.046981,
          -0.901196,
          -0.430857,
          1.450449
        ],
        [
          0.0,
          0.0,
          0.0,
          1.0
        ]
      ]
    },
    {
      "file_path": "/media/NFS/ttao/scannet/posed_images/scene0628_01/00209.jpg",
      "transform_matrix": [
        [
          -0.78559,
          0.225858,
          -0.576052,
          2.793253
        ],
        [
          0.617632,
          0.342102,
          -0.708164,
          2.284494
        ],
        [
          0.037124,
          -0.912115,
          -0.408249,
          1.448651
        ],
        [
          0.0,
          0.0,
          0.0,
          1.0
        ]
      ]
    },
    {
      "file_path": "/media/NFS/ttao/scannet/posed_images/scene0628_01/00212.jpg",
      "transform_matrix": [
        [
          -0.772689,
          0.227079,
          -0.592779,
          2.848126
        ],
        [
          0.633976,
          0.323199,
          -0.702579,
          2.265491
        ],
        [
          0.032044,
          -0.918683,
          -0.393695,
          1.44987
        ],
        [
          0.0,
          0.0,
          0.0,
          1.0
        ]
      ]
    },
    {
      "file_path": "/media/NFS/ttao/scannet/posed_images/scene0628_01/00216.jpg",
      "transform_matrix": [
        [
          -0.746518,
          0.236216,
          -0.622023,
          2.925918
        ],
        [
          0.664484,
          0.312759,
          -0.678707,
          2.215446
        ],
        [
          0.034222,
          -0.919992,
          -0.390442,
          1.467651
        ],
        [
          0.0,
          0.0,
          0.0,
          1.0
        ]
      ]
    },
    {
      "file_path": "/media/NFS/ttao/scannet/posed_images/scene0628_01/00220.jpg",
      "transform_matrix": [
        [
          -0.74155,
          0.19199,
          -0.64284,
          2.978681
        ],
        [
          0.669534,
          0.272825,
          -0.690862,
          2.187453
        ],
        [
          0.042744,
          -0.942712,
          -0.330857,
          1.471212
        ],
        [
          0.0,
          0.0,
          0.0,
          1.0
        ]
      ]
    },
    {
      "file_path": "/media/NFS/ttao/scannet/posed_images/scene0628_01/00221.jpg",
      "transform_matrix": [
        [
          -0.73909,
          0.192559,
          -0.645497,
          2.986866
        ],
        [
          0.672338,
          0.269663,
          -0.68938,
          2.179473
        ],
        [
          0.04132,
          -0.943506,
          -0.32877,
          1.474347
        ],
        [
          0.0,
          0.0,
          0.0,
          1.0
        ]
      ]
    },
    {
      "file_path": "/media/NFS/ttao/scannet/posed_images/scene0628_01/00224.jpg",
      "transform_matrix": [
        [
          -0.715811,
          0.201694,
          -0.668532,
          3.012633
        ],
        [
          0.696696,
          0.27103,
          -0.664198,
          2.146915
        ],
        [
          0.047228,
          -0.941203,
          -0.334525,
          1.458056
        ],
        [
          0.0,
          0.0,
          0.0,
          1.0
        ]
      ]
    },
    {
      "file_path": "/media/NFS/ttao/scannet/posed_images/scene0628_01/00229.jpg",
      "transform_matrix": [
        [
          -0.663102,
          0.234505,
          -0.710847,
          3.063166
        ],
        [
          0.747765,
          0.250428,
          -0.614926,
          2.064714
        ],
        [
          0.033812,
          -0.939305,
          -0.341414,
          1.45137
        ],
        [
          0.0,
          0.0,
          0.0,
          1.0
        ]
      ]
    },
    {
      "file_path": "/media/NFS/ttao/scannet/posed_images/scene0628_01/00234.jpg",
      "transform_matrix": [
        [
          -0.608109,
          0.261708,
          -0.749475,
          3.112645
        ],
        [
          0.793803,
          0.189848,
          -0.577784,
          1.992317
        ],
        [
          -0.008924,
          -0.946291,
          -0.323193,
          1.466407
        ],
        [
          0.0,
          0.0,
          0.0,
          1.0
        ]
      ]
    },
    {
      "file_path": "/media/NFS/ttao/scannet/posed_images/scene0628_01/00238.jpg",
      "transform_matrix": [
        [
          -0.560728,
          0.268523,
          -0.783249,
          3.1584
        ],
        [
          0.828,
          0.182679,
          -0.530137,
          1.921768
        ],
        [
          0.000729,
          -0.945793,
          -0.32477,
          1.469398
        ],
        [
          0.0,
          0.0,
          0.0,
          1.0
        ]
      ]
    },
    {
      "file_path": "/media/NFS/ttao/scannet/posed_images/scene0628_01/00240.jpg",
      "transform_matrix": [
        [
          -0.53615,
          0.276137,
          -0.797678,
          3.17688
        ],
        [
          0.844122,
          0.176647,
          -0.506216,
          1.898704
        ],
        [
          0.001123,
          -0.944746,
          -0.327803,
          1.458881
        ],
        [
          0.0,
          0.0,
          0.0,
          1.0
        ]
      ]
    },
    {
      "file_path": "/media/NFS/ttao/scannet/posed_images/scene0628_01/00244.jpg",
      "transform_matrix": [
        [
          -0.456187,
          0.325434,
          -0.828242,
          3.210068
        ],
        [
          0.889829,
          0.177169,
          -0.420495,
          1.839035
        ],
        [
          0.009895,
          -0.928819,
          -0.370403,
          1.443712
        ],
        [
          0.0,
          0.0,
          0.0,
          1.0
        ]
      ]
    },
    {
      "file_path": "/media/NFS/ttao/scannet/posed_images/scene0628_01/00246.jpg",
      "transform_matrix": [
        [
          -0.414866,
          0.355876,
          -0.8374,
          3.232997
        ],
        [
          0.909869,
          0.167266,
          -0.379685,
          1.807297
        ],
        [
          0.004947,
          -0.919443,
          -0.393194,
          1.436599
        ],
        [
          0.0,
          0.0,
          0.0,
          1.0
        ]
      ]
    },
    {
      "file_path": "/media/NFS/ttao/scannet/posed_images/scene0628_01/00251.jpg",
      "transform_matrix": [
        [
          -0.327289,
          0.430889,
          -0.840962,
          3.289263
        ],
        [
          0.944811,
          0.135441,
          -0.298309,
          1.735025
        ],
        [
          -0.014638,
          -0.892183,
          -0.451437,
          1.422635
        ],
        [
          0.0,
          0.0,
          0.0,
          1.0
        ]
      ]
    },
    {
      "file_path": "/media/NFS/ttao/scannet/posed_images/scene0628_01/00255.jpg",
      "transform_matrix": [
        [
          -0.266883,
          0.450422,
          -0.851994,
          3.327322
        ],
        [
          0.96365,
          0.13607,
          -0.229923,
          1.657469
        ],
        [
          0.012369,
          -0.882386,
          -0.470364,
          1.420916
        ],
        [
          0.0,
          0.0,
          0.0,
          1.0
        ]
      ]
    },
    {
      "file_path": "/media/NFS/ttao/scannet/posed_images/scene0628_01/00260.jpg",
      "transform_matrix": [
        [
          -0.21041,
          0.450723,
          -0.867512,
          3.346171
        ],
        [
          0.977605,
          0.093456,
          -0.188557,
          1.618381
        ],
        [
          -0.003912,
          -0.887758,
          -0.460293,
          1.410888
        ],
        [
          0.0,
          0.0,
          0.0,
          1.0
        ]
      ]
    },
    {
      "file_path": "/media/NFS/ttao/scannet/posed_images/scene0628_01/00263.jpg",
      "transform_matrix": [
        [
          -0.165723,
          0.444362,
          -0.880385,
          3.346875
        ],
        [
          0.986172,
          0.075821,
          -0.147367,
          1.578536
        ],
        [
          0.001268,
          -0.892633,
          -0.450783,
          1.405295
        ],
        [
          0.0,
          0.0,
          0.0,
          1.0
        ]
      ]
    },
    {
      "file_path": "/media/NFS/ttao/scannet/posed_images/scene0628_01/00266.jpg",
      "transform_matrix": [
        [
          -0.115758,
          0.434478,
          -0.893212,
          3.344128
        ],
        [
          0.992997,
          0.029261,
          -0.114457,
          1.538203
        ],
        [
          -0.023593,
          -0.900207,
          -0.434823,
          1.400219
        ],
        [
          0.0,
          0.0,
          0.0,
          1.0
        ]
      ]
    },
    {
      "file_path": "/media/NFS/ttao/scannet/posed_images/scene0628_01/00268.jpg",
      "transform_matrix": [
        [
          -0.090382,
          0.434143,
          -0.896298,
          3.342181
        ],
        [
          0.994949,
          -0.000104,
          -0.10038,
          1.515796
        ],
        [
          -0.043673,
          -0.900844,
          -0.431941,
          1.392541
        ],
        [
          0.0,
          0.0,
          0.0,
          1.0
        ]
      ]
    },
    {
      "file_path": "/media/NFS/ttao/scannet/posed_images/scene0628_01/00274.jpg",
      "transform_matrix": [
        [
          0.0424,
          0.444111,
          -0.894968,
          3.313636
        ],
        [
          0.996324,
          -0.085538,
          0.004755,
          1.425062
        ],
        [
          -0.074442,
          -0.891879,
          -0.446106,
          1.393903
        ],
        [
          0.0,
          0.0,
          0.0,
          1.0
        ]
      ]
    },
    {
      "file_path": "/media/NFS/ttao/scannet/posed_images/scene0628_01/00276.jpg",
      "transform_matrix": [
        [
          0.08332,
          0.442,
          -0.893137,
          3.311014
        ],
        [
          0.994428,
          -0.09496,
          0.045775,
          1.399397
        ],
        [
          -0.06458,
          -0.891975,
          -0.44745,
