{
  "frames": [
    {
      "file_path": "/media/NFS/ttao/scannet/posed_images/scene0393_00/00000.jpg",
      "transform_matrix": [
        [
          0.995143,
          -0.022484,
          -0.095843,
          4.157802
        ],
        [
          0.081829,
          -0.352333,
          0.932291,
          2.745652
        ],
        [
          -0.05473,
          -0.935605,
          -0.348781,
          1.581746
        ],
        [
          0.0,
          0.0,
          0.0,
          1.0
        ]
      ]
    },
    {
      "file_path": "/media/NFS/ttao/scannet/posed_images/scene0393_00/00004.jpg",
      "transform_matrix": [
        [
          0.99566,
          -0.017097,
          -0.09148,
          4.165971
        ],
        [
          0.07937,
          -0.357251,
          0.93063,
          2.744885
        ],
        [
          -0.048592,
          -0.933852,
          -0.354344,
          1.579199
        ],
        [
          0.0,
          0.0,
          0.0,
          1.0
        ]
      ]
    },
    {
      "file_path": "/media/NFS/ttao/scannet/posed_images/scene0393_00/00010.jpg",
      "transform_matrix": [
        [
          0.996157,
          -0.011298,
          -0.086857,
          4.163315
        ],
        [
          0.077523,
          -0.347838,
          0.934344,
          2.736034
        ],
        [
          -0.040768,
          -0.937486,
          -0.345626,
          1.586129
        ],
        [
          0.0,
          0.0,
          0.0,
          1.0
        ]
      ]
    },
    {
      "file_path": "/media/NFS/ttao/scannet/posed_images/scene0393_00/00011.jpg",
      "transform_matrix": [
        [
          0.996071,
          -0.011252,
          -0.087848,
          4.167261
        ],
        [
          0.078428,
          -0.34876,
          0.933925,
          2.735408
        ],
        [
          -0.041147,
          -0.937144,
          -0.346507,
          1.58988
        ],
        [
          0.0,
          0.0,
          0.0,
          1.0
        ]
      ]
    },
    {
      "file_path": "/media/NFS/ttao/scannet/posed_images/scene0393_00/00016.jpg",
      "transform_matrix": [
        [
          0.996588,
          -0.008235,
          -0.082129,
          4.168355
        ],
        [
          0.074271,
          -0.344641,
          0.935792,
          2.726475
        ],
        [
          -0.036011,
          -0.938699,
          -0.342853,
          1.592409
        ],
        [
          0.0,
          0.0,
          0.0,
          1.0
        ]
      ]
    },
    {
      "file_path": "/media/NFS/ttao/scannet/posed_images/scene0393_00/00019.jpg",
      "transform_matrix": [
        [
          0.996892,
          -0.007459,
          -0.078427,
          4.175342
        ],
        [
          0.071446,
          -0.333858,
          0.939912,
          2.718009
        ],
        [
          -0.033194,
          -0.942594,
          -0.332288,
          1.592432
        ],
        [
          0.0,
          0.0,
          0.0,
          1.0
        ]
      ]
    },
    {
      "file_path": "/media/NFS/ttao/scannet/posed_images/scene0393_00/00027.jpg",
      "transform_matrix": [
        [
          0.99756,
          0.004075,
          -0.069695,
          4.181411
        ],
        [
          0.067917,
          -0.287731,
          0.9553,
          2.70184
        ],
        [
          -0.016161,
          -0.957703,
          -0.287305,
          1.610184
        ],
        [
          0.0,
          0.0,
          0.0,
          1.0
        ]
      ]
    },
    {
      "file_path": "/media/NFS/ttao/scannet/posed_images/scene0393_00/00029.jpg",
      "transform_matrix": [
        [
          0.997707,
          0.008448,
          -0.067151,
          4.181261
        ],
        [
          0.066884,
          -0.27483,
          0.959164,
          2.698754
        ],
        [
          -0.010352,
          -0.961456,
          -0.274765,
          1.618782
        ],
        [
          0.0,
          0.0,
          0.0,
          1.0
        ]
      ]
    },
    {
      "file_path": "/media/NFS/ttao/scannet/posed_images/scene0393_00/00031.jpg",
      "transform_matrix": [
        [
          0.997785,
          0.009676,
          -0.065816,
          4.183622
        ],
        [
          0.066103,
          -0.255294,
          0.964601,
          2.690843
        ],
        [
          -0.007469,
          -0.966815,
          -0.255369,
          1.620391
        ],
        [
          0.0,
          0.0,
          0.0,
          1.0
        ]
      ]
    },
    {
      "file_path": "/media/NFS/ttao/scannet/posed_images/scene0393_00/00037.jpg",
      "transform_matrix": [
        [
          0.99787,
          0.008293,
          -0.064708,
          4.187851
        ],
        [
          0.064972,
          -0.215668,
          0.974303,
          2.681551
        ],
        [
          -0.005875,
          -0.976431,
          -0.215747,
          1.627523
        ],
        [
          0.0,
          0.0,
          0.0,
          1.0
        ]
      ]
    },
    {
      "file_path": "/media/NFS/ttao/scannet/posed_images/scene0393_00/00042.jpg",
      "transform_matrix": [
        [
          0.997852,
          0.004714,
          -0.065343,
          4.188308
        ],
        [
          0.064892,
          -0.208082,
          0.975956,
          2.682755
        ],
        [
          -0.008996,
          -0.9781,
          -0.207941,
          1.640883
        ],
        [
          0.0,
          0.0,
          0.0,
          1.0
        ]
      ]
    },
    {
      "file_path": "/media/NFS/ttao/scannet/posed_images/scene0393_00/00046.jpg",
      "transform_matrix": [
        [
          0.997812,
          0.002821,
          -0.066059,
          4.19133
        ],
        [
          0.065319,
          -0.197004,
          0.978224,
          2.680883
        ],
        [
          -0.010255,
          -0.980399,
          -0.196757,
          1.642083
        ],
        [
          0.0,
          0.0,
          0.0,
          1.0
        ]
      ]
    },
    {
      "file_path": "/media/NFS/ttao/scannet/posed_images/scene0393_00/00047.jpg",
      "transform_matrix": [
        [
          0.997857,
          0.003809,
          -0.065329,
          4.191148
        ],
        [
          0.064805,
          -0.19618,
          0.978424,
          2.68098
        ],
        [
          -0.009089,
          -0.98056,
          -0.196006,
          1.640549
        ],
        [
          0.0,
          0.0,
          0.0,
          1.0
        ]
      ]
    },
    {
      "file_path": "/media/NFS/ttao/scannet/posed_images/scene0393_00/00054.jpg",
      "transform_matrix": [
        [
          0.998968,
          0.017314,
          -0.041994,
          4.181297
        ],
        [
          0.044673,
          -0.207121,
          0.977295,
          2.688991
        ],
        [
          0.008223,
          -0.978162,
          -0.207681,
          1.639077
        ],
        [
          0.0,
          0.0,
          0.0,
          1.0
        ]
      ]
    },
    {
      "file_path": "/media/NFS/ttao/scannet/posed_images/scene0393_00/00056.jpg",
      "transform_matrix": [
        [
          0.999025,
          0.008624,
          -0.043291,
          4.162729
        ],
        [
          0.044138,
          -0.208073,
          0.977117,
          2.699396
        ],
        [
          -0.000581,
          -0.978075,
          -0.208251,
          1.641281
        ],
        [
          0.0,
          0.0,
          0.0,
          1.0
        ]
      ]
    },
    {
      "file_path": "/media/NFS/ttao/scannet/posed_images/scene0393_00/00062.jpg",
      "transform_matrix": [
        [
          0.998826,
          0.018408,
          -0.044809,
          4.09693
        ],
        [
          0.047843,
          -0.229662,
          0.972094,
          2.728615
        ],
        [
          0.007603,
          -0.973096,
          -0.230273,
          1.634848
        ],
        [
          0.0,
          0.0,
          0.0,
          1.0
        ]
      ]
    },
    {
      "file_path": "/media/NFS/ttao/scannet/posed_images/scene0393_00/00066.jpg",
      "transform_matrix": [
        [
          0.998759,
          0.020005,
          -0.045618,
          4.039412
        ],
        [
          0.049124,
          -0.243847,
          0.968569,
          2.743497
        ],
        [
          0.008252,
          -0.969607,
          -0.244527,
          1.639913
        ],
        [
          0.0,
          0.0,
          0.0,
          1.0
        ]
      ]
    },
    {
      "file_path": "/media/NFS/ttao/scannet/posed_images/scene0393_00/00068.jpg",
      "transform_matrix": [
        [
          0.999046,
          0.022822,
          -0.037224,
          4.000173
        ],
        [
          0.041691,
          -0.245302,
          0.96855,
          2.750257
        ],
        [
          0.012973,
          -0.969178,
          -0.24602,
          1.640752
        ],
        [
          0.0,
          0.0,
          0.0,
          1.0
        ]
      ]
    },
    {
      "file_path": "/media/NFS/ttao/scannet/posed_images/scene0393_00/00074.jpg",
      "transform_matrix": [
        [
          0.999693,
          0.024135,
          0.005558,
          3.906087
        ],
        [
          0.001057,
          -0.265795,
          0.964029,
          2.773104
        ],
        [
          0.024744,
          -0.963727,
          -0.265739,
          1.649222
        ],
        [
          0.0,
          0.0,
          0.0,
          1.0
        ]
      ]
    },
    {
      "file_path": "/media/NFS/ttao/scannet/posed_images/scene0393_00/00076.jpg",
      "transform_matrix": [
        [
          0.99942,
          0.016437,
          0.029841,
          3.854647
        ],
        [
          -0.024442,
          -0.264239,
          0.964147,
          2.783305
        ],
        [
          0.023733,
          -0.964317,
          -0.263684,
          1.648967
        ],
        [
          0.0,
          0.0,
          0.0,
          1.0
        ]
      ]
    },
    {
      "file_path": "/media/NFS/ttao/scannet/posed_images/scene0393_00/00080.jpg",
      "transform_matrix": [
        [
          0.998601,
          0.019899,
          0.048985,
          3.795036
        ],
        [
          -0.041796,
          -0.270309,
          0.961866,
          2.800442
        ],
        [
          0.032381,
          -0.962568,
          -0.269099,
          1.6601
        ],
        [
          0.0,
          0.0,
          0.0,
          1.0
        ]
      ]
    },
    {
      "file_path": "/media/NFS/ttao/scannet/posed_images/scene0393_00/00087.jpg",
      "transform_matrix": [
        [
          0.997182,
          0.043061,
          0.061438,
          3.693727
        ],
        [
          -0.047614,
          -0.269631,
          0.961786,
          2.826006
        ],
        [
          0.057981,
          -0.962001,
          -0.26682,
          1.649554
        ],
        [
          0.0,
          0.0,
          0.0,
          1.0
        ]
      ]
    },
    {
      "file_path": "/media/NFS/ttao/scannet/posed_images/scene0393_00/00091.jpg",
      "transform_matrix": [
        [
          0.995747,
          0.061179,
          0.068881,
          3.643416
        ],
        [
          -0.049708,
          -0.272719,
          0.960809,
          2.851619
        ],
        [
          0.077567,
          -0.960146,
          -0.268518,
          1.656763
        ],
        [
          0.0,
          0.0,
          0.0,
          1.0
        ]
      ]
    },
    {
      "file_path": "/media/NFS/ttao/scannet/posed_images/scene0393_00/00092.jpg",
      "transform_matrix": [
        [
          0.995223,
          0.064313,
          0.073448,
          3.635296
        ],
        [
          -0.053246,
          -0.273007,
          0.960537,
          2.854986
        ],
        [
          0.081827,
          -0.95986,
          -0.268278,
          1.653525
        ],
        [
          0.0,
          0.0,
          0.0,
          1.0
        ]
      ]
    },
    {
      "file_path": "/media/NFS/ttao/scannet/posed_images/scene0393_00/00097.jpg",
      "transform_matrix": [
        [
          0.990235,
          0.074696,
          0.117708,
          3.570943
        ],
        [
          -0.092014,
          -0.284097,
          0.95437,
          2.899591
        ],
        [
          0.104728,
          -0.955881,
          -0.27445,
          1.661918
        ],
        [
          0.0,
          0.0,
          0.0,
          1.0
        ]
      ]
    },
    {
      "file_path": "/media/NFS/ttao/scannet/posed_images/scene0393_00/00103.jpg",
      "transform_matrix": [
        [
          0.990841,
          0.04974,
          0.12554,
          3.491825
        ],
        [
          -0.108474,
          -0.260503,
          0.95936,
          2.963171
        ],
        [
          0.080423,
          -0.964191,
          -0.252722,
          1.660712
        ],
        [
          0.0,
          0.0,
          0.0,
          1.0
        ]
      ]
    },
    {
      "file_path": "/media/NFS/ttao/scannet/posed_images/scene0393_00/00106.jpg",
      "transform_matrix": [
        [
          0.991119,
          0.04228,
          0.126075,
          3.445431
        ],
        [
          -0.110565,
          -0.264728,
          0.957964,
          2.99038
        ],
        [
          0.073878,
          -0.963396,
          -0.257702,
          1.658607
        ],
        [
          0.0,
          0.0,
          0.0,
          1.0
        ]
      ]
    },
    {
      "file_path": "/media/NFS/ttao/scannet/posed_images/scene0393_00/00110.jpg",
      "transform_matrix": [
        [
          0.992311,
          0.038767,
          0.117543,
          3.390878
        ],
        [
          -0.102327,
          -0.277316,
          0.955314,
          3.019328
        ],
        [
          0.069632,
          -0.959996,
          -0.271217,
          1.656052
        ],
        [
          0.0,
          0.0,
          0.0,
          1.0
        ]
      ]
    },
    {
      "file_path": "/media/NFS/ttao/scannet/posed_images/scene0393_00/00115.jpg",
      "transform_matrix": [
        [
          0.99184,
          0.041774,
          0.120449,
          3.302954
        ],
        [
          -0.102753,
          -0.297315,
          0.949234,
          3.048237
        ],
        [
          0.075464,
          -0.953865,
          -0.290597,
          1.647889
        ],
        [
          0.0,
          0.0,
          0.0,
          1.0
        ]
      ]
    },
    {
      "file_path": "/media/NFS/ttao/scannet/posed_images/scene0393_00/00116.jpg",
      "transform_matrix": [
        [
          0.992165,
          0.04218,
          0.117602,
          3.286487
        ],
        [
          -0.099979,
          -0.296434,
          0.949806,
          3.053012
        ],
        [
          0.074924,
          -0.954121,
          -0.289895,
          1.646687
        ],
        [
          0.0,
          0.0,
          0.0,
          1.0
        ]
      ]
    },
    {
      "file_path": "/media/NFS/ttao/scannet/posed_images/scene0393_00/00123.jpg",
      "transform_matrix": [
        [
          0.990649,
          0.033567,
          0.13224,
          3.185081
        ],
        [
          -0.115545,
          -0.308996,
          0.944018,
          3.0524
        ],
        [
          0.072549,
          -0.950471,
          -0.302228,
          1.63731
        ],
        [
          0.0,
          0.0,
          0.0,
          1.0
        ]
      ]
    },
    {
      "file_path": "/media/NFS/ttao/scannet/posed_images/scene0393_00/00124.jpg",
      "transform_matrix": [
        [
          0.990268,
          0.028025,
          0.136321,
          3.166066
        ],
        [
          -0.121179,
          -0.308072,
          0.943614,
          3.04888
        ],
        [
          0.068441,
          -0.95095,
          -0.301678,
          1.635737
        ],
        [
          0.0,
          0.0,
          0.0,
          1.0
        ]
      ]
    },
    {
      "file_path": "/media/NFS/ttao/scannet/posed_images/scene0393_00/00129.jpg",
      "transform_matrix": [
        [
          0.988056,
          0.014945,
          0.153369,
          3.083472
        ],
        [
          -0.139736,
          -0.332638,
          0.932644,
          3.020344
        ],
        [
          0.064955,
          -0.942936,
          -0.326577,
          1.629984
        ],
        [
          0.0,
          0.0,
          0.0,
          1.0
        ]
      ]
    },
    {
      "file_path": "/media/NFS/ttao/scannet/posed_images/scene0393_00/00134.jpg",
      "transform_matrix": [
        [
          0.987976,
          -0.005822,
          0.154498,
          3.025757
        ],
        [
          -0.14719,
          -0.341235,
          0.928382,
          2.988516
        ],
        [
          0.047315,
          -0.93996,
          -0.337989,
          1.63021
        ],
        [
          0.0,
          0.0,
          0.0,
          1.0
        ]
      ]
    },
    {
      "file_path": "/media/NFS/ttao/scannet/posed_images/scene0393_00/00137.jpg",
      "transform_matrix": [
        [
          0.988432,
          -0.016952,
          0.150719,
          2.98527
        ],
        [
          -0.147153,
          -0.347878,
          0.925919,
          2.973481
        ],
        [
          0.036736,
          -0.937387,
          -0.346348,
          1.625593
        ],
        [
          0.0,
          0.0,
          0.0,
          1.0
        ]
      ]
    },
    {
      "file_path": "/media/NFS/ttao/scannet/posed_images/scene0393_00/00140.jpg",
      "transform_matrix": [
        [
          0.990253,
          -0.023919,
          0.137211,
          2.958019
        ],
        [
          -0.136426,
          -0.364984,
          0.920964,
          2.958531
        ],
        [
          0.028051,
          -0.930707,
          -0.36469,
          1.617476
        ],
        [
          0.0,
          0.0,
          0.0,
          1.0
        ]
      ]
    },
    {
      "file_path": "/media/NFS/ttao/scannet/posed_images/scene0393_00/00144.jpg",
      "transform_matrix": [
        [
          0.992053,
          -0.031384,
          0.121847,
          2.914404
        ],
        [
          -0.124391,
          -0.390359,
          0.912221,
          2.943237
        ],
        [
          0.018934,
          -0.920128,
          -0.391161,
          1.604505
        ],
        [
          0.0,
          0.0,
          0.0,
          1.0
        ]
      ]
    },
    {
      "file_path": "/media/NFS/ttao/scannet/posed_images/scene0393_00/00149.jpg",
      "transform_matrix": [
        [
          0.995489,
          -0.033232,
          0.08887,
          2.879256
        ],
        [
          -0.094631,
          -0.415542,
          0.904638,
          2.929665
        ],
        [
          0.006866,
          -0.908966,
          -0.416813,
          1.584768
        ],
        [
          0.0,
          0.0,
          0.0,
          1.0
        ]
      ]
    },
    {
      "file_path": "/media/NFS/ttao/scannet/posed_images/scene0393_00/00152.jpg",
      "transform_matrix": [
        [
          0.996646,
          -0.020053,
          0.079335,
          2.86003
        ],
        [
          -0.080118,
          -0.436441,
          0.896159,
          2.921128
        ],
        [
          0.016655,
          -0.899509,
          -0.436584,
          1.572083
        ],
        [
          0.0,
          0.0,
          0.0,
          1.0
        ]
      ]
    },
    {
      "file_path": "/media/NFS/ttao/scannet/posed_images/scene0393_00/00159.jpg",
      "transform_matrix": [
        [
          0.998731,
          0.02538,
          0.043511,
          2.822895
        ],
        [
          -0.026285,
          -0.474261,
          0.879992,
          2.909288
        ],
        [
          0.04297,
          -0.880018,
          -0.472992,
          1.5508
        ],
        [
          0.0,
          0.0,
          0.0,
          1.0
        ]
      ]
    },
    {
      "file_path": "/media/NFS/ttao/scannet/posed_images/scene0393_00/00163.jpg",
      "transform_matrix": [
        [
          0.998432,
          0.053608,
          0.01611,
          2.798277
        ],
        [
          0.012219,
          -0.48958,
          0.871873,
          2.899172
        ],
        [
          0.054626,
          -0.870309,
          -0.489467,
          1.539242
        ],
        [
          0.0,
          0.0,
          0.0,
          1.0
        ]
      ]
    },
    {
      "file_path": "/media/NFS/ttao/scannet/posed_images/scene0393_00/00167.jpg",
      "transform_matrix": [
        [
          0.99719,
          0.072696,
          -0.018125,
          2.775376
        ],
        [
          0.052045,
          -0.498116,
          0.865547,
          2.892999
        ],
        [
          0.053894,
          -0.864057,
          -0.5005,
          1.536057
        ],
        [
          0.0,
          0.0,
          0.0,
          1.0
        ]
      ]
    },
    {
      "file_path": "/media/NFS/ttao/scannet/posed_images/scene0393_00/00172.jpg",
      "transform_matrix": [
        [
          0.99384,
          0.096351,
          -0.054757,
          2.739843
        ],
        [
          0.095906,
          -0.500154,
          0.860609,
          2.88142
        ],
        [
          0.055534,
          -0.86056,
          -0.506313,
          1.534225
        ],
        [
          0.0,
          0.0,
          0.0,
          1.0
        ]
      ]
    },
    {
      "file_path": "/media/NFS/ttao/scannet/posed_images/scene0393_00/00174.jpg",
      "transform_matrix": [
        [
          0.992145,
          0.104615,
          -0.068584,
          2.719453
        ],
        [
          0.112031,
          -0.499188,
          0.859221,
          2.879491
        ],
        [
          0.055651,
          -0.860155,
          -0.506987,
          1.532422
        ],
        [
          0.0,
          0.0,
          0.0,
          1.0
        ]
      ]
    },
    {
      "file_path": "/media/NFS/ttao/scannet/posed_images/scene0393_00/00179.jpg",
      "transform_matrix": [
        [
          0.985124,
          0.135409,
          -0.105807,
          2.694417
        ],
        [
          0.159873,
          -0.496372,
          0.853262,
          2.87969
        ],
        [
          0.06302,
          -0.857484,
          -0.510636,
          1.527451
        ],
        [
          0.0,
          0.0,
          0.0,
          1.0
        ]
      ]
    },
    {
      "file_path": "/media/NFS/ttao/scannet/posed_images/scene0393_00/00184.jpg",
      "transform_matrix": [
        [
          0.97852,
          0.163184,
          -0.125975,
          2.659242
        ],
        [
          0.191823,
          -0.496883,
          0.846352,
          2.891243
        ],
        [
          0.075516,
          -0.852337,
          -0.517513,
          1.525973
        ],
        [
          0.0,
          0.0,
          0.0,
          1.0
        ]
      ]
    },
    {
      "file_path": "/media/NFS/ttao/scannet/posed_images/scene0393_00/00187.jpg",
      "transform_matrix": [
        [
          0.975567,
          0.174187,
          -0.133896,
          2.636318
        ],
        [
          0.204518,
          -0.497365,
          0.84309,
          2.904428
        ],
        [
          0.08026,
          -0.849874,
          -0.520837,
          1.52796
        ],
        [
          0.0,
          0.0,
          0.0,
          1.0
        ]
      ]
    },
    {
      "file_path": "/media/NFS/ttao/scannet/posed_images/scene0393_00/00188.jpg",
      "transform_matrix": [
        [
          0.974271,
          0.178036,
          -0.138197,
          2.630158
        ],
        [
          0.210161,
          -0.49616,
          0.842412,
          2.908671
        ],
        [
          0.081412,
          -0.849781,
          -0.520811,
          1.527478
        ],
        [
          0.0,
          0.0,
          0.0,
          1.0
        ]
      ]
    },
    {
      "file_path": "/media/NFS/ttao/scannet/posed_images/scene0393_00/00196.jpg",
      "transform_matrix": [
        [
          0.965729,
          0.189344,
          -0.17753,
          2.559897
        ],
        [
          0.249555,
          -0.489336,
          0.835627,
          2.976395
        ],
        [
          0.071349,
          -0.851292,
          -0.519818,
          1.531754
        ],
        [
          0.0,
          0.0,
          0.0,
          1.0
        ]
      ]
    },
    {
      "file_path": "/media/NFS/ttao/scannet/posed_images/scene0393_00/00197.jpg",
      "transform_matrix": [
        [
          0.965338,
          0.187945,
          -0.181108,
          2.550231
        ],
        [
          0.251854,
          -0.488637,
          0.835346,
          2.987622
        ],
        [
          0.068503,
          -0.852004,
          -0.519034,
          1.533146
        ],
        [
          0.0,
          0.0,
          0.0,
          1.0
        ]
      ]
    },
    {
      "file_path": "/media/NFS/ttao/scannet/posed_images/scene0393_00/00201.jpg",
      "transform_matrix": [
        [
          0.966382,
          0.174383,
          -0.188937,
          2.503893
        ],
        [
          0.251147,
          -0.482858,
          0.838912,
          3.037701
        ],
        [
          0.055062,
          -0.85816,
          -0.510421,
          1.536083
        ],
        [
          0.0,
          0.0,
          0.0,
          1.0
        ]
      ]
    },
    {
      "file_path": "/media/NFS/ttao/scannet/posed_images/scene0393_00/00204.jpg",
      "transform_matrix": [
        [
          0.9685,
          0.171893,
          -0.180168,
          2.469456
        ],
        [
          0.242646,
          -0.488885,
          0.837923,
          3.078479
        ],
        [
          0.055951,
          -0.855245,
          -0.515194,
          1.538578
        ],
        [
          0.0,
          0.0,
          0.0,
          1.0
        ]
      ]
    },
    {
      "file_path": "/media/NFS/ttao/scannet/posed_images/scene0393_00/00210.jpg",
      "transform_matrix": [
        [
          0.971369,
          0.151513,
          -0.182993,
          2.393181
        ],
        [
          0.234084,
          -0.478784,
          0.84615,
          3.146347
        ],
        [
          0.040589,
          -0.86476,
          -0.500543,
          1.544265
        ],
        [
          0.0,
          0.0,
          0.0,
          1.0
        ]
      ]
    },
    {
      "file_path": "/media/NFS/ttao/scannet/posed_images/scene0393_00/00214.jpg",
      "transform_matrix": [
        [
          0.970425,
          0.158137,
          -0.182396,
          2.35234
        ],
        [
          0.236922,
          -0.478992,
          0.845242,
          3.191925
        ],
        [
          0.046298,
          -0.863458,
          -0.502292,
          1.551961
        ],
        [
          0.0,
          0.0,
          0.0,
          1.0
        ]
      ]
    },
    {
      "file_path": "/media/NFS/ttao/scannet/posed_images/scene0393_00/00217.jpg",
      "transform_matrix": [
        [
          0.973436,
          0.153262,
          -0.170097,
          2.31379
        ],
        [
          0.223643,
          -0.477306,
          0.849802,
          3.225815
        ],
        [
          0.049054,
          -0.865269,
          -0.498903,
          1.555899
        ],
        [
          0.0,
          0.0,
          0.0,
          1.0
        ]
      ]
    },
    {
      "file_path": "/media/NFS/ttao/scannet/posed_images/scene0393_00/00222.jpg",
      "transform_matrix": [
        [
          0.983893,
          0.128671,
          -0.12409,
          2.259585
        ],
        [
          0.170844,
          -0.472595,
          0.864562,
          3.281461
        ],
        [
          0.0526,
          -0.871836,
          -0.486965,
          1.551076
        ],
        [
          0.0,
          0.0,
          0.0,
          1.0
        ]
      ]
    },
    {
      "file_path": "/media/NFS/ttao/scannet/posed_images/scene0393_00/00225.jpg",
      "transform_matrix": [
        [
          0.991474,
          0.102235,
          -0.080798,
          2.22053
        ],
        [
          0.11986,
          -0.472218,
          0.873295,
          3.317537
        ],
        [
          0.051127,
          -0.875533,
          -0.480445,
          1.556628
        ],
        [
          0.0,
          0.0,
          0.0,
          1.0
        ]
      ]
    },
    {
      "file_path": "/media/NFS/ttao/scannet/posed_images/scene0393_00/00228.jpg",
      "transform_matrix": [
        [
          0.996372,
          0.074942,
          -0.040324,
          2.182758
        ],
        [
          0.070488,
          -0.461246,
          0.884468,
          3.349005
        ],
        [
          0.047684,
          -0.884102,
          -0.464855,
          1.561287
        ],
        [
          0.0,
          0.0,
          0.0,
          1.0
        ]
      ]
    },
    {
      "file_path": "/media/NFS/ttao/scannet/posed_images/scene0393_00/00234.jpg",
      "transform_matrix": [
        [
          0.998639,
          0.013807,
          0.0503,
          2.116462
        ],
        [
          -0.038761,
          -0.448862,
          0.89276,
          3.410807
        ],
        [
          0.034904,
          -0.893494,
          -0.447715,
          1.56687
        ],
        [
          0.0,
          0.0,
          0.0,
          1.0
        ]
      ]
    },
    {
      "file_path": "/media/NFS/ttao/scannet/posed_images/scene0393_00/00237.jpg",
      "transform_matrix": [
        [
          0.995896,
          -0.002667,
          0.090464,
          2.08918
        ],
        [
          -0.081749,
          -0.455391,
          0.88653,
          3.44118
        ],
        [
          0.038832,
          -0.890287,
          -0.453741,
          1.569971
        ],
        [
          0.0,
          0.0,
          0.0,
          1.0
        ]
      ]
    },
    {
      "file_path": "/media/NFS/ttao/scannet/posed_images/scene0393_00/00240.jpg",
      "transform_matrix": [
        [
          0.98934,
          -0.016197,
          0.144719,
          2.055552
        ],
        [
          -0.136109,
          -0.456166,
          0.879424,
          3.474182
        ],
        [
          0.051771,
          -0.889747,
          -0.453508,
          1.575293
        ],
        [
          0.0,
          0.0,
          0.0,
          1.0
        ]
      ]
    },
    {
      "file_path": "/media/NFS/ttao/scannet/posed_images/scene0393_00/00246.jpg",
      "transform_matrix": [
        [
          0.979059,
          -0.044728,
          0.198604,
          2.016711
        ],
        [
          -0.198308,
          -0.430086,
          0.880738,
          3.546556
        ],
        [
          0.046023,
          -0.901679,
          -0.42995,
          1.586029
        ],
        [
          0.0,
          0.0,
          0.0,
          1.0
        ]
      ]
    },
    {
      "file_path": "/media/NFS/ttao/scannet/posed_images/scene0393_00/00251.jpg",
      "transform_matrix": [
        [
          0.972845,
          -0.054004,
          0.22507,
          1.99748
        ],
        [
          -0.226714,
          -0.418208,
          0.879604,
          3.62197
        ],
        [
          0.046624,
          -0.906744,
          -0.419095,
          1.589793
        ],
        [
          0.0,
          0.0,
          0.0,
          1.0
        ]
      ]
    },
    {
      "file_path": "/media/NFS/ttao/scannet/posed_images/scene0393_00/00255.jpg",
      "transform_matrix": [
        [
          0.966148,
          -0.064522,
          0.249792,
          1.969219
        ],
        [
          -0.253947,
          -0.408594,
          0.876677,
          3.708379
        ],
        [
          0.045498,
          -0.910433,
          -0.411147,
          1.591722
        ],
        [
          0.0,
          0.0,
          0.0,
          1.0
        ]
      ]
    },
    {
      "file_path": "/media/NFS/ttao/scannet/posed_images/scene0393_00/00259.jpg",
      "transform_matrix": [
        [
          0.96155,
          -0.083479,
          0.261634,
          1.949596
        ],
        [
          -0.273351,
          -0.382694,
          0.88251,
          3.769101
        ],
        [
          0.026455,
          -0.920096,
          -0.390799,
          1.598983
        ],
        [
          0.0,
          0.0,
          0.0,
          1.0
        ]
      ]
    },
    {
      "file_path": "/media/NFS/ttao/scannet/posed_images/scene0393_00/00263.jpg",
      "transform_matrix": [
        [
          0.948899,
          -0.091271,
          0.302093,
          1.941775
        ],
        [
          -0.313749,
          -0.37582,
          0.871964,
          3.819209
        ],
        [
          0.033948,
          -0.922187,
          -0.385251,
          1.60146
        ],
        [
          0.0,
          0.0,
          0.0,
          1.0
        ]
      ]
    },
    {
      "file_path": "/media/NFS/ttao/scannet/posed_images/scene0393_00/00265.jpg",
      "transform_matrix": [
        [
          0.942516,
          -0.094341,
          0.320568,
          1.93915
        ],
        [
          -0.332176,
          -0.368949,
          0.868064,
          3.841783
        ],
        [
          0.036379,
          -0.924649,
          -0.379078,
          1.605508
        ],
        [
          0.0,
          0.0,
          0.0,
          1.0
        ]
      ]
    },
    {
      "file_path": "/media/NFS/ttao/scannet/posed_images/scene0393_00/00269.jpg",
      "transform_matrix": [
        [
          0.927721,
          -0.097934,
          0.360198,
          1.932888
        ],
        [
          -0.370974,
          -0.348861,
          0.860624,
          3.881599
        ],
        [
          0.041375,
          -0.932043,
          -0.359976,
          1.60818
        ],
        [
          0.0,
          0.0,
          0.0,
          1.0
        ]
      ]
    },
    {
      "file_path": "/media/NFS/ttao/scannet/posed_images/scene0393_00/00274.jpg",
      "transform_matrix": [
        [
          0.897832,
          -0.113411,
          0.425483,
          1.920315
        ],
        [
          -0.438721,
          -0.313126,
          0.842304,
          3.931214
        ],
        [
          0.037703,
          -0.942916,
          -0.33089,
          1.617969
        ],
        [
          0.0,
          0.0,
          0.0,
          1.0
        ]
      ]
    },
    {
      "file_path": "/media/NFS/ttao/scannet/posed_images/scene0393_00/00280.jpg",
      "transform_matrix": [
        [
          0.86102,
          -0.120214,
          0.49416,
          1.907053
        ],
        [
          -0.507737,
          -0.258833,
          0.821711,
          3.961709
        ],
        [
          0.029124,
          -0.958412,
          -0.283897,
          1.626803
        ],
        [
          0.0,
          0.0,
          0.0,
          1.0
        ]
      ]
    },
    {
      "file_path": "/media/NFS/ttao/scannet/posed_images/scene0393_00/00284.jpg",
      "transform_matrix": [
        [
          0.83496,
          -0.133552,
          0.533859,
          1.884029
        ],
        [
          -0.550115,
          -0.228391,
          0.80325,
          3.980803
        ],
        [
          0.014653,
          -0.964366,
          -0.264166,
          1.651168
        ],
        [
          0.0,
          0.0,
          0.0,
          1.0
        ]
      ]
    },
    {
      "file_path": "/media/NFS/ttao/scannet/posed_images/scene0393_00/00286.jpg",
      "transform_matrix": [
        [
          0.823893,
          -0.133956,
          0.550687,
          1.86914
        ],
        [
          -0.566645,
          -0.212944,
          0.795969,
          3.987974
        ],
        [
          0.010641,
          -0.967838,
          -0.251349,
          1.658393
        ],
        [
          0.0,
          0.0,
          0.0,
          1.0
        ]
      ]
    },
    {
      "file_path": "/media/NFS/ttao/scannet/posed_images/scene0393_00/00291.jpg",
      "transform_matrix": [
        [
          0.806673,
          -0.131468,
          0.57619,
          1.861609
        ],
        [
          -0.590998,
          -0.178191,
          0.786746,
          3.991591
        ],
        [
          -0.00076,
          -0.975174,
          -0.221439,
          1.689924
        ],
        [
          0.0,
          0.0,
          0.0,
          1.0
        ]
      ]
    },
    {
      "file_path": "/media/NFS/ttao/scannet/posed_images/scene0393_00/00294.jpg",
      "transform_matrix": [
        [
          0.797187,
          -0.124648,
          0.590725,
          1.850455
        ],
        [
          -0.603732,
          -0.165515,
          0.779815,
          3.990319
        ],
        [
          0.000572,
          -0.978298,
          -0.2072,
          1.688088
        ],
        [
          0.0,
          0.0,
          0.0,
          1.0
        ]
      ]
    },
    {
      "file_path": "/media/NFS/ttao/scannet/posed_images/scene0393_00/00297.jpg",
      "transform_matrix": [
        [
          0.781222,
          -0.118344,
          0.612933,
          1.838879
        ],
        [
          -0.624245,
          -0.153058,
          0.766088,
          3.995198
        ],
        [
          0.003152,
          -0.981105,
          -0.193448,
          1.699466
        ],
        [
          0.0,
          0.0,
          0.0,
          1.0
        ]
      ]
    },
    {
      "file_path": "/media/NFS/ttao/scannet/posed_images/scene0393_00/00301.jpg",
      "transform_matrix": [
        [
          0.754451,
          -0.105658,
          0.647797,
          1.830767
        ],
        [
          -0.656302,
          -0.134143,
          0.742477,
          3.991455
        ],
        [
          0.008449,
          -0.985313,
          -0.170548,
          1.698916
        ],
        [
          0.0,
          0.0,
          0.0,
          1.0
        ]
      ]
    },
    {
      "file_path": "/media/NFS/ttao/scannet/posed_images/scene0393_00/00306.jpg",
      "transform_matrix": [
        [
          0.714023,
          -0.097102,
          0.693356,
          1.823925
        ],
        [
          -0.699782,
          -0.129853,
          0.702455,
          3.98478
        ],
        [
          0.021825,
          -0.986767,
          -0.160668,
          1.701442
        ],
        [
          0.0,
          0.0,
          0.0,
          1.0
        ]
      ]
    },
    {
      "file_path": "/media/NFS/ttao/scannet/posed_images/scene0393_00/00312.jpg",
      "transform_matrix": [
        [
          0.669864,
          -0.101942,
          0.735452,
          1.849221
        ],
        [
          -0.742334,
          -0.111843,
          0.66063,
          3.932856
        ],
        [
          0.014909,
          -0.988483,
          -0.150594,
          1.683238
        ],
        [
          0.0,
          0.0,
