{
  "frames": [
    {
      "file_path": "/media/NFS/ttao/scannet/posed_images/scene0307_01/00000.jpg",
      "transform_matrix": [
        [
          -0.079442,
          -0.473428,
          0.877243,
          1.53661
        ],
        [
          -0.996722,
          0.051257,
          -0.0626,
          6.954424
        ],
        [
          -0.015328,
          -0.87934,
          -0.475948,
          1.493802
        ],
        [
          0.0,
          0.0,
          0.0,
          1.0
        ]
      ]
    },
    {
      "file_path": "/media/NFS/ttao/scannet/posed_images/scene0307_01/00010.jpg",
      "transform_matrix": [
        [
          -0.036268,
          -0.482554,
          0.875115,
          1.531849
        ],
        [
          -0.999261,
          0.02867,
          -0.025604,
          6.948411
        ],
        [
          -0.012735,
          -0.875397,
          -0.483237,
          1.500933
        ],
        [
          0.0,
          0.0,
          0.0,
          1.0
        ]
      ]
    },
    {
      "file_path": "/media/NFS/ttao/scannet/posed_images/scene0307_01/00023.jpg",
      "transform_matrix": [
        [
          0.04765,
          -0.447679,
          0.892924,
          1.506706
        ],
        [
          -0.998805,
          -0.011638,
          0.047466,
          6.986755
        ],
        [
          -0.010858,
          -0.894119,
          -0.447699,
          1.521412
        ],
        [
          0.0,
          0.0,
          0.0,
          1.0
        ]
      ]
    },
    {
      "file_path": "/media/NFS/ttao/scannet/posed_images/scene0307_01/00039.jpg",
      "transform_matrix": [
        [
          0.149722,
          -0.378544,
          0.913394,
          1.490463
        ],
        [
          -0.988727,
          -0.058878,
          0.13767,
          7.004622
        ],
        [
          0.001665,
          -0.923709,
          -0.383091,
          1.551824
        ],
        [
          0.0,
          0.0,
          0.0,
          1.0
        ]
      ]
    },
    {
      "file_path": "/media/NFS/ttao/scannet/posed_images/scene0307_01/00049.jpg",
      "transform_matrix": [
        [
          0.156685,
          -0.289812,
          0.944171,
          1.497671
        ],
        [
          -0.987538,
          -0.060254,
          0.145387,
          6.996744
        ],
        [
          0.014755,
          -0.955185,
          -0.295642,
          1.589828
        ],
        [
          0.0,
          0.0,
          0.0,
          1.0
        ]
      ]
    },
    {
      "file_path": "/media/NFS/ttao/scannet/posed_images/scene0307_01/00056.jpg",
      "transform_matrix": [
        [
          0.13959,
          -0.225185,
          0.964265,
          1.501074
        ],
        [
          -0.9901,
          -0.046238,
          0.132532,
          6.983802
        ],
        [
          0.014742,
          -0.973218,
          -0.22941,
          1.614159
        ],
        [
          0.0,
          0.0,
          0.0,
          1.0
        ]
      ]
    },
    {
      "file_path": "/media/NFS/ttao/scannet/posed_images/scene0307_01/00062.jpg",
      "transform_matrix": [
        [
          0.110022,
          -0.178901,
          0.977696,
          1.508768
        ],
        [
          -0.99376,
          -0.037966,
          0.104883,
          6.969358
        ],
        [
          0.018356,
          -0.983134,
          -0.181962,
          1.624741
        ],
        [
          0.0,
          0.0,
          0.0,
          1.0
        ]
      ]
    },
    {
      "file_path": "/media/NFS/ttao/scannet/posed_images/scene0307_01/00082.jpg",
      "transform_matrix": [
        [
          -0.085318,
          -0.100857,
          0.991236,
          1.539418
        ],
        [
          -0.994933,
          -0.044488,
          -0.090163,
          6.859101
        ],
        [
          0.053191,
          -0.993906,
          -0.09655,
          1.647358
        ],
        [
          0.0,
          0.0,
          0.0,
          1.0
        ]
      ]
    },
    {
      "file_path": "/media/NFS/ttao/scannet/posed_images/scene0307_01/00092.jpg",
      "transform_matrix": [
        [
          -0.229733,
          -0.08901,
          0.969175,
          1.534371
        ],
        [
          -0.970812,
          -0.049534,
          -0.23467,
          6.835707
        ],
        [
          0.068895,
          -0.994798,
          -0.075033,
          1.638335
        ],
        [
          0.0,
          0.0,
          0.0,
          1.0
        ]
      ]
    },
    {
      "file_path": "/media/NFS/ttao/scannet/posed_images/scene0307_01/00105.jpg",
      "transform_matrix": [
        [
          -0.406771,
          -0.116069,
          0.906126,
          1.518509
        ],
        [
          -0.911236,
          -0.018697,
          -0.41146,
          6.776088
        ],
        [
          0.0647,
          -0.993065,
          -0.098161,
          1.643327
        ],
        [
          0.0,
          0.0,
          0.0,
          1.0
        ]
      ]
    },
    {
      "file_path": "/media/NFS/ttao/scannet/posed_images/scene0307_01/00108.jpg",
      "transform_matrix": [
        [
          -0.445242,
          -0.124323,
          0.886737,
          1.511477
        ],
        [
          -0.893703,
          0.000578,
          -0.448659,
          6.758062
        ],
        [
          0.055266,
          -0.992242,
          -0.111366,
          1.646806
        ],
        [
          0.0,
          0.0,
          0.0,
          1.0
        ]
      ]
    },
    {
      "file_path": "/media/NFS/ttao/scannet/posed_images/scene0307_01/00121.jpg",
      "transform_matrix": [
        [
          -0.590713,
          -0.203425,
          0.780818,
          1.506693
        ],
        [
          -0.805699,
          0.096331,
          -0.58444,
          6.696393
        ],
        [
          0.043672,
          -0.97434,
          -0.220803,
          1.595363
        ],
        [
          0.0,
          0.0,
          0.0,
          1.0
        ]
      ]
    },
    {
      "file_path": "/media/NFS/ttao/scannet/posed_images/scene0307_01/00127.jpg",
      "transform_matrix": [
        [
          -0.612744,
          -0.238236,
          0.753517,
          1.523416
        ],
        [
          -0.789472,
          0.141381,
          -0.597282,
          6.646769
        ],
        [
          0.035761,
          -0.960862,
          -0.274711,
          1.566131
        ],
        [
          0.0,
          0.0,
          0.0,
          1.0
        ]
      ]
    },
    {
      "file_path": "/media/NFS/ttao/scannet/posed_images/scene0307_01/00144.jpg",
      "transform_matrix": [
        [
          -0.612812,
          -0.330765,
          0.717674,
          1.574035
        ],
        [
          -0.790127,
          0.24191,
          -0.563186,
          6.433635
        ],
        [
          0.012669,
          -0.912181,
          -0.409592,
          1.520986
        ],
        [
          0.0,
          0.0,
          0.0,
          1.0
        ]
      ]
    },
    {
      "file_path": "/media/NFS/ttao/scannet/posed_images/scene0307_01/00154.jpg",
      "transform_matrix": [
        [
          -0.619907,
          -0.350327,
          0.70213,
          1.613792
        ],
        [
          -0.784675,
          0.277515,
          -0.55432,
          6.367397
        ],
        [
          -0.000658,
          -0.894571,
          -0.446926,
          1.507077
        ],
        [
          0.0,
          0.0,
          0.0,
          1.0
        ]
      ]
    },
    {
      "file_path": "/media/NFS/ttao/scannet/posed_images/scene0307_01/00170.jpg",
      "transform_matrix": [
        [
          -0.527202,
          -0.40481,
          0.747119,
          1.82979
        ],
        [
          -0.849586,
          0.234381,
          -0.472513,
          6.31442
        ],
        [
          0.016167,
          -0.883852,
          -0.467487,
          1.460548
        ],
        [
          0.0,
          0.0,
          0.0,
          1.0
        ]
      ]
    },
    {
      "file_path": "/media/NFS/ttao/scannet/posed_images/scene0307_01/00177.jpg",
      "transform_matrix": [
        [
          -0.49283,
          -0.416078,
          0.764198,
          1.943622
        ],
        [
          -0.869456,
          0.201019,
          -0.451263,
          6.279743
        ],
        [
          0.034142,
          -0.886832,
          -0.46083,
          1.445742
        ],
        [
          0.0,
          0.0,
          0.0,
          1.0
        ]
      ]
    },
    {
      "file_path": "/media/NFS/ttao/scannet/posed_images/scene0307_01/00190.jpg",
      "transform_matrix": [
        [
          -0.407039,
          -0.499643,
          0.764641,
          2.051792
        ],
        [
          -0.91058,
          0.156111,
          -0.382718,
          6.165138
        ],
        [
          0.071854,
          -0.852049,
          -0.518508,
          1.444403
        ],
        [
          0.0,
          0.0,
          0.0,
          1.0
        ]
      ]
    },
    {
      "file_path": "/media/NFS/ttao/scannet/posed_images/scene0307_01/00196.jpg",
      "transform_matrix": [
        [
          -0.306272,
          -0.499327,
          0.810475,
          2.082564
        ],
        [
          -0.948806,
          0.09105,
          -0.302451,
          6.108743
        ],
        [
          0.077228,
          -0.861617,
          -0.50165,
          1.442583
        ],
        [
          0.0,
          0.0,
          0.0,
          1.0
        ]
      ]
    },
    {
      "file_path": "/media/NFS/ttao/scannet/posed_images/scene0307_01/00206.jpg",
      "transform_matrix": [
        [
          -0.072533,
          -0.517516,
          0.852594,
          2.115617
        ],
        [
          -0.991345,
          -0.056379,
          -0.118558,
          6.030362
        ],
        [
          0.109424,
          -0.853814,
          -0.508948,
          1.428385
        ],
        [
          0.0,
          0.0,
          0.0,
          1.0
        ]
      ]
    },
    {
      "file_path": "/media/NFS/ttao/scannet/posed_images/scene0307_01/00216.jpg",
      "transform_matrix": [
        [
          0.181394,
          -0.519992,
          0.834688,
          2.170481
        ],
        [
          -0.98047,
          -0.161214,
          0.112643,
          5.98747
        ],
        [
          0.07599,
          -0.83882,
          -0.53908,
          1.415799
        ],
        [
          0.0,
          0.0,
          0.0,
          1.0
        ]
      ]
    },
    {
      "file_path": "/media/NFS/ttao/scannet/posed_images/scene0307_01/00229.jpg",
      "transform_matrix": [
        [
          0.356519,
          -0.401548,
          0.843596,
          2.235709
        ],
        [
          -0.931708,
          -0.219865,
          0.289102,
          5.996026
        ],
        [
          0.069389,
          -0.889055,
          -0.452511,
          1.431221
        ],
        [
          0.0,
          0.0,
          0.0,
          1.0
        ]
      ]
    },
    {
      "file_path": "/media/NFS/ttao/scannet/posed_images/scene0307_01/00245.jpg",
      "transform_matrix": [
        [
          0.587922,
          -0.243603,
          0.771366,
          2.20528
        ],
        [
          -0.804323,
          -0.277534,
          0.525394,
          5.90774
        ],
        [
          0.086093,
          -0.929319,
          -0.359104,
          1.473595
        ],
        [
          0.0,
          0.0,
          0.0,
          1.0
        ]
      ]
    },
    {
      "file_path": "/media/NFS/ttao/scannet/posed_images/scene0307_01/00255.jpg",
      "transform_matrix": [
        [
          0.724371,
          -0.144052,
          0.674192,
          2.179318
        ],
        [
          -0.684739,
          -0.263976,
          0.6793,
          5.816744
        ],
        [
          0.080116,
          -0.953712,
          -0.289855,
          1.478006
        ],
        [
          0.0,
          0.0,
          0.0,
          1.0
        ]
      ]
    },
    {
      "file_path": "/media/NFS/ttao/scannet/posed_images/scene0307_01/00258.jpg",
      "transform_matrix": [
        [
          0.74775,
          -0.113173,
          0.654264,
          2.162891
        ],
        [
          -0.658877,
          -0.248407,
          0.710053,
          5.802392
        ],
        [
          0.082165,
          -0.962022,
          -0.260314,
          1.484568
        ],
        [
          0.0,
          0.0,
          0.0,
          1.0
        ]
      ]
    },
    {
      "file_path": "/media/NFS/ttao/scannet/posed_images/scene0307_01/00271.jpg",
      "transform_matrix": [
        [
          0.821052,
          -0.0492,
          0.568729,
          2.13575
        ],
        [
          -0.565925,
          -0.200776,
          0.799636,
          5.76323
        ],
        [
          0.074845,
          -0.978401,
          -0.192691,
          1.506653
        ],
        [
          0.0,
          0.0,
          0.0,
          1.0
        ]
      ]
    },
    {
      "file_path": "/media/NFS/ttao/scannet/posed_images/scene0307_01/00284.jpg",
      "transform_matrix": [
        [
          0.886943,
          -0.002649,
          0.461871,
          2.087806
        ],
        [
          -0.450136,
          -0.229007,
          0.863095,
          5.791077
        ],
        [
          0.103486,
          -0.973421,
          -0.204309,
          1.493924
        ],
        [
          0.0,
          0.0,
          0.0,
          1.0
        ]
      ]
    },
    {
      "file_path": "/media/NFS/ttao/scannet/posed_images/scene0307_01/00291.jpg",
      "transform_matrix": [
        [
          0.921313,
          0.012127,
          0.388632,
          2.061505
        ],
        [
          -0.371711,
          -0.265769,
          0.889493,
          5.804966
        ],
        [
          0.114073,
          -0.963961,
          -0.240349,
          1.491076
        ],
        [
          0.0,
          0.0,
          0.0,
          1.0
        ]
      ]
    },
    {
      "file_path": "/media/NFS/ttao/scannet/posed_images/scene0307_01/00311.jpg",
      "transform_matrix": [
        [
          0.975175,
          0.025125,
          0.220007,
          1.986788
        ],
        [
          -0.188214,
          -0.429394,
          0.883287,
          5.811248
        ],
        [
          0.116662,
          -0.902768,
          -0.414006,
          1.418096
        ],
        [
          0.0,
          0.0,
          0.0,
          1.0
        ]
      ]
    },
    {
      "file_path": "/media/NFS/ttao/scannet/posed_images/scene0307_01/00314.jpg",
      "transform_matrix": [
        [
          0.978068,
          0.024668,
          0.206819,
          1.97652
        ],
        [
          -0.17339,
          -0.453747,
          0.8741,
          5.808126
        ],
        [
          0.115406,
          -0.890789,
          -0.439518,
          1.405855
        ],
        [
          0.0,
          0.0,
          0.0,
          1.0
        ]
      ]
    },
    {
      "file_path": "/media/NFS/ttao/scannet/posed_images/scene0307_01/00324.jpg",
      "transform_matrix": [
        [
          0.987618,
          0.019455,
          0.155666,
          1.952508
        ],
        [
          -0.123132,
          -0.518708,
          0.846038,
          5.802579
        ],
        [
          0.097205,
          -0.85473,
          -0.50989,
          1.38671
        ],
        [
          0.0,
          0.0,
          0.0,
          1.0
        ]
      ]
    },
    {
      "file_path": "/media/NFS/ttao/scannet/posed_images/scene0307_01/00337.jpg",
      "transform_matrix": [
        [
          0.984269,
          0.009826,
          0.176404,
          1.907416
        ],
        [
          -0.144812,
          -0.527123,
          0.83736,
          5.867167
        ],
        [
          0.101215,
          -0.849733,
          -0.517407,
          1.389082
        ],
        [
          0.0,
          0.0,
          0.0,
          1.0
        ]
      ]
    },
    {
      "file_path": "/media/NFS/ttao/scannet/posed_images/scene0307_01/00353.jpg",
      "transform_matrix": [
        [
          0.960834,
          -0.074526,
          0.266917,
          1.802721
        ],
        [
          -0.270069,
          -0.46778,
          0.841573,
          6.02518
        ],
        [
          0.06214,
          -0.880697,
          -0.469586,
          1.422263
        ],
        [
          0.0,
          0.0,
          0.0,
          1.0
        ]
      ]
    },
    {
      "file_path": "/media/NFS/ttao/scannet/posed_images/scene0307_01/00366.jpg",
      "transform_matrix": [
        [
          0.904276,
          -0.132491,
          0.405871,
          1.795919
        ],
        [
          -0.422942,
          -0.407912,
          0.809153,
          6.162029
        ],
        [
          0.058354,
          -0.903357,
          -0.424901,
          1.467618
        ],
        [
          0.0,
          0.0,
          0.0,
          1.0
        ]
      ]
    },
    {
      "file_path": "/media/NFS/ttao/scannet/posed_images/scene0307_01/00376.jpg",
      "transform_matrix": [
        [
          0.859257,
          -0.185944,
          0.476552,
          1.824475
        ],
        [
          -0.511304,
          -0.340691,
          0.788985,
          6.31764
        ],
        [
          0.01565,
          -0.921604,
          -0.387815,
          1.482162
        ],
        [
          0.0,
          0.0,
          0.0,
          1.0
        ]
      ]
    },
    {
      "file_path": "/media/NFS/ttao/scannet/posed_images/scene0307_01/00386.jpg",
      "transform_matrix": [
        [
          0.79377,
          -0.186727,
          0.578845,
          1.836894
        ],
        [
          -0.606983,
          -0.303798,
          0.734355,
          6.463937
        ],
        [
          0.038728,
          -0.934259,
          -0.354486,
          1.510046
        ],
        [
          0.0,
          0.0,
          0.0,
          1.0
        ]
      ]
    },
    {
      "file_path": "/media/NFS/ttao/scannet/posed_images/scene0307_01/00392.jpg",
      "transform_matrix": [
        [
          0.743917,
          -0.172311,
          0.645675,
          1.827836
        ],
        [
          -0.665907,
          -0.272343,
          0.694548,
          6.52793
        ],
        [
          0.056167,
          -0.946646,
          -0.317343,
          1.526409
        ],
        [
          0.0,
          0.0,
          0.0,
          1.0
        ]
      ]
    },
    {
      "file_path": "/media/NFS/ttao/scannet/posed_images/scene0307_01/00402.jpg",
      "transform_matrix": [
        [
          0.601378,
          -0.207662,
          0.771505,
          1.782551
        ],
        [
          -0.798056,
          -0.202167,
          0.567658,
          6.634435
        ],
        [
          0.038092,
          -0.957082,
          -0.287305,
          1.544843
        ],
        [
          0.0,
          0.0,
          0.0,
          1.0
        ]
      ]
    },
    {
      "file_path": "/media/NFS/ttao/scannet/posed_images/scene0307_01/00412.jpg",
      "transform_matrix": [
        [
          0.441355,
          -0.258459,
          0.859305,
          1.723328
        ],
        [
          -0.897273,
          -0.13814,
          0.419307,
          6.720157
        ],
        [
          0.01033,
          -0.956095,
          -0.292877,
          1.560928
        ],
        [
          0.0,
          0.0,
          0.0,
          1.0
        ]
      ]
    },
    {
      "file_path": "/media/NFS/ttao/scannet/posed_images/scene0307_01/00422.jpg",
      "transform_matrix": [
        [
          0.286133,
          -0.22896,
          0.930433,
          1.717236
        ],
        [
          -0.957193,
          -0.112577,
          0.266659,
          6.755842
        ],
        [
          0.043691,
          -0.966904,
          -0.251371,
          1.578472
        ],
        [
          0.0,
          0.0,
          0.0,
          1.0
        ]
      ]
    },
    {
      "file_path": "/media/NFS/ttao/scannet/posed_images/scene0307_01/00441.jpg",
      "transform_matrix": [
        [
          0.066483,
          -0.165244,
          0.984009,
          1.833338
        ],
        [
          -0.997563,
          -0.031918,
          0.062039,
          6.776319
        ],
        [
          0.021156,
          -0.985736,
          -0.166964,
          1.596724
        ],
        [
          0.0,
          0.0,
          0.0,
          1.0
        ]
      ]
    },
    {
      "file_path": "/media/NFS/ttao/scannet/posed_images/scene0307_01/00445.jpg",
      "transform_matrix": [
        [
          0.014686,
          -0.142468,
          0.98969,
          1.853619
        ],
        [
          -0.999362,
          -0.034335,
          0.009887,
          6.779416
        ],
        [
          0.032573,
          -0.989204,
          -0.142882,
          1.601835
        ],
        [
          0.0,
          0.0,
          0.0,
          1.0
        ]
      ]
    },
    {
      "file_path": "/media/NFS/ttao/scannet/posed_images/scene0307_01/00464.jpg",
      "transform_matrix": [
        [
          -0.335,
          -0.083803,
          0.938484,
          1.918471
        ],
        [
          -0.941641,
          -0.005076,
          -0.336581,
          6.864239
        ],
        [
          0.032971,
          -0.996469,
          -0.077212,
          1.641464
        ],
        [
          0.0,
          0.0,
          0.0,
          1.0
        ]
      ]
    },
    {
      "file_path": "/media/NFS/ttao/scannet/posed_images/scene0307_01/00474.jpg",
      "transform_matrix": [
        [
          -0.457769,
          -0.08431,
          0.885064,
          1.911424
        ],
        [
          -0.88746,
          -0.016564,
          -0.460586,
          6.887782
        ],
        [
          0.053492,
          -0.996302,
          -0.067239,
          1.64408
        ],
        [
          0.0,
          0.0,
          0.0,
          1.0
        ]
      ]
    },
    {
      "file_path": "/media/NFS/ttao/scannet/posed_images/scene0307_01/00484.jpg",
      "transform_matrix": [
        [
          -0.564376,
          -0.084313,
          0.821201,
          1.898684
        ],
        [
          -0.823282,
          -0.015679,
          -0.567416,
          6.891064
        ],
        [
          0.060716,
          -0.996316,
          -0.060564,
          1.650676
        ],
        [
          0.0,
          0.0,
          0.0,
          1.0
        ]
      ]
    },
    {
      "file_path": "/media/NFS/ttao/scannet/posed_images/scene0307_01/00494.jpg",
      "transform_matrix": [
        [
          -0.659604,
          -0.086179,
          0.746656,
          1.879737
        ],
        [
          -0.74943,
          -0.000255,
          -0.662084,
          6.873928
        ],
        [
          0.057248,
          -0.99628,
          -0.064416,
          1.643345
        ],
        [
          0.0,
          0.0,
          0.0,
          1.0
        ]
      ]
    },
    {
      "file_path": "/media/NFS/ttao/scannet/posed_images/scene0307_01/00500.jpg",
      "transform_matrix": [
        [
          -0.708001,
          -0.09772,
          0.699417,
          1.869623
        ],
        [
          -0.704028,
          0.019849,
          -0.709895,
          6.860663
        ],
        [
          0.055488,
          -0.995016,
          -0.08285,
          1.647057
        ],
        [
          0.0,
          0.0,
          0.0,
          1.0
        ]
      ]
    },
    {
      "file_path": "/media/NFS/ttao/scannet/posed_images/scene0307_01/00510.jpg",
      "transform_matrix": [
        [
          -0.777435,
          -0.113766,
          0.618589,
          1.848783
        ],
        [
          -0.627575,
          0.074989,
          -0.774936,
          6.821945
        ],
        [
          0.041773,
          -0.990674,
          -0.129696,
          1.625192
        ],
        [
          0.0,
          0.0,
          0.0,
          1.0
        ]
      ]
    },
    {
      "file_path": "/media/NFS/ttao/scannet/posed_images/scene0307_01/00530.jpg",
      "transform_matrix": [
        [
          -0.933147,
          -0.121035,
          0.338508,
          1.913059
        ],
        [
          -0.358808,
          0.255364,
          -0.897801,
          6.700065
        ],
        [
          0.022222,
          -0.959239,
          -0.281721,
          1.573098
        ],
        [
          0.0,
          0.0,
          0.0,
          1.0
        ]
      ]
    },
    {
      "file_path": "/media/NFS/ttao/scannet/posed_images/scene0307_01/00533.jpg",
      "transform_matrix": [
        [
          -0.944752,
          -0.098771,
          0.31255,
          1.90996
        ],
        [
          -0.32774,
          0.268751,
          -0.905737,
          6.679378
        ],
        [
          0.005462,
          -0.958132,
          -0.286274,
          1.558908
        ],
        [
          0.0,
          0.0,
          0.0,
          1.0
        ]
      ]
    },
    {
      "file_path": "/media/NFS/ttao/scannet/posed_images/scene0307_01/00549.jpg",
      "transform_matrix": [
        [
          -0.995893,
          -0.040498,
          0.08097,
          1.953698
        ],
        [
          -0.09009,
          0.354995,
          -0.930517,
          6.594563
        ],
        [
          0.00894,
          -0.933991,
          -0.357186,
          1.525253
        ],
        [
          0.0,
          0.0,
          0.0,
          1.0
        ]
      ]
    },
    {
      "file_path": "/media/NFS/ttao/scannet/posed_images/scene0307_01/00556.jpg",
      "transform_matrix": [
        [
          -0.999314,
          -0.030618,
          0.020819,
          2.010125
        ],
        [
          -0.030406,
          0.357798,
          -0.933304,
          6.565631
        ],
        [
          0.021127,
          -0.933297,
          -0.358484,
          1.522052
        ],
        [
          0.0,
          0.0,
          0.0,
          1.0
        ]
      ]
    },
    {
      "file_path": "/media/NFS/ttao/scannet/posed_images/scene0307_01/00566.jpg",
      "transform_matrix": [
        [
          -0.998933,
          -0.008116,
          -0.045474,
          2.083808
        ],
        [
          0.039664,
          0.353858,
          -0.934458,
          6.484487
        ],
        [
          0.023675,
          -0.935264,
          -0.353158,
          1.510186
        ],
        [
          0.0,
          0.0,
          0.0,
          1.0
        ]
      ]
    },
    {
      "file_path": "/media/NFS/ttao/scannet/posed_images/scene0307_01/00579.jpg",
      "transform_matrix": [
        [
          -0.994852,
          -0.023522,
          -0.098575,
          2.205293
        ],
        [
          0.081299,
          0.395481,
          -0.914869,
          6.346117
        ],
        [
          0.060504,
          -0.918173,
          -0.391532,
          1.49307
        ],
        [
          0.0,
          0.0,
          0.0,
          1.0
        ]
      ]
    },
    {
      "file_path": "/media/NFS/ttao/scannet/posed_images/scene0307_01/00588.jpg",
      "transform_matrix": [
        [
          -0.970108,
          0.054729,
          -0.236421,
          2.317713
        ],
        [
          0.236337,
          0.434234,
          -0.869244,
          6.279469
        ],
        [
          0.055089,
          -0.899136,
          -0.434188,
          1.484
        ],
        [
          0.0,
          0.0,
          0.0,
          1.0
        ]
      ]
    },
    {
      "file_path": "/media/NFS/ttao/scannet/posed_images/scene0307_01/00598.jpg",
      "transform_matrix": [
        [
          -0.914146,
          0.203931,
          -0.350355,
          2.465288
        ],
        [
          0.405277,
          0.439816,
          -0.801444,
          6.229843
        ],
        [
          -0.009347,
          -0.874628,
          -0.484705,
          1.480742
        ],
        [
          0.0,
          0.0,
          0.0,
          1.0
        ]
      ]
    },
    {
      "file_path": "/media/NFS/ttao/scannet/posed_images/scene0307_01/00615.jpg",
      "transform_matrix": [
        [
          -0.725263,
          0.350951,
          -0.592306,
          2.496685
        ],
        [
          0.68646,
          0.302911,
          -0.661073,
          6.137749
        ],
        [
          -0.052588,
          -0.886047,
          -0.460604,
          1.482476
        ],
        [
          0.0,
          0.0,
          0.0,
          1.0
        ]
      ]
    },
    {
      "file_path": "/media/NFS/ttao/scannet/posed_images/scene0307_01/00618.jpg",
      "transform_matrix": [
        [
          -0.68137,
          0.367327,
          -0.633092,
          2.494348
        ],
        [
          0.730233,
          0.282121,
          -0.622229,
          6.122424
        ],
        [
          -0.049953,
          -0.886272,
          -0.460463,
          1.486055
        ],
        [
          0.0,
          0.0,
          0.0,
          1.0
        ]
      ]
    },
    {
      "file_path": "/media/NFS/ttao/scannet/posed_images/scene0307_01/00637.jpg",
      "transform_matrix": [
        [
          -0.366804,
          0.477681,
          -0.798296,
          2.485599
        ],
        [
          0.929443,
          0.151385,
          -0.336479,
          6.13754
        ],
        [
          -0.039879,
          -0.865392,
          -0.499506,
          1.459147
        ],
        [
          0.0,
          0.0,
          0.0,
          1.0
        ]
      ]
    },
    {
      "file_path": "/media/NFS/ttao/scannet/posed_images/scene0307_01/00641.jpg",
      "transform_matrix": [
        [
          -0.2737,
          0.492398,
          -0.826216,
          2.513736
        ],
        [
          0.960583,
          0.09648,
          -0.260713,
          6.099983
        ],
        [
          -0.048661,
          -0.865007,
          -0.499396,
          1.470239
        ],
        [
          0.0,
          0.0,
          0.0,
          1.0
        ]
      ]
    },
    {
      "file_path": "/media/NFS/ttao/scannet/posed_images/scene0307_01/00660.jpg",
      "transform_matrix": [
        [
          0.116182,
          0.505392,
          -0.855033,
          2.596307
        ],
        [
          0.991414,
          -0.111021,
          0.069091,
          6.074839
        ],
        [
          -0.060009,
          -0.855718,
          -0.513952,
          1.472546
        ],
        [
          0.0,
          0.0,
          0.0,
          1.0
        ]
      ]
    },
    {
      "file_path": "/media/NFS/ttao/scannet/posed_images/scene0307_01/00664.jpg",
      "transform_matrix": [
        [
          0.1575,
          0.495438,
          -0.854246,
          2.615162
        ],
        [
          0.985189,
          -0.138226,
          0.101475,
          6.120181
        ],
        [
          -0.067804,
          -0.857576,
          -0.50987,
          1.462084
        ],
        [
          0.0,
          0.0,
          0.0,
          1.0
        ]
      ]
    },
    {
      "file_path": "/media/NFS/ttao/scannet/posed_images/scene0307_01/00680.jpg",
      "transform_matrix": [
        [
          0.390346,
          0.506344,
          -0.768924,
          2.618167
        ],
        [
          0.920525,
          -0.229346,
          0.31628,
          6.128285
        ],
        [
          -0.016203,
          -0.831274,
          -0.555628,
          1.441706
        ],
        [
          0.0,
          0.0,
          0.0,
          1.0
        ]
      ]
    },
    {
      "file_path": "/media/NFS/ttao/scannet/posed_images/scene0307_01/00686.jpg",
      "transform_matrix": [
        [
          0.434883,
          0.512009,
          -0.740758,
          2.636319
        ],
        [
          0.900468,
          -0.252517,
          0.354106,
          6.175057
        ],
        [
          -0.005749,
          -0.821025,
          -0.570864,
          1.437997
        ],
        [
          0.0,
          0.0,
          0.0,
          1.0
        ]
      ]
    },
    {
      "file_path": "/media/NFS/ttao/scannet/posed_images/scene0307_01/00700.jpg",
      "transform_matrix": [
        [
          0.552898,
          0.481833,
          -0.67981,
          2.646667
        ],
        [
          0.832464,
          -0.284023,
          0.475746,
          6.222268
        ],
        [
          0.036148,
          -0.828956,
          -0.558144,
          1.438667
        ],
        [
          0.0,
          0.0,
          0.0,
          1.0
        ]
      ]
    },
    {
      "file_path": "/media/NFS/ttao/scannet/posed_images/scene0307_01/00713.jpg",
      "transform_matrix": [
        [
          0.579909,
          0.386787,
          -0.717009,
          2.633743
        ],
        [
          0.814564,
          -0.260322,
          0.518381,
          6.235667
        ],
        [
          0.01385,
          -0.884663,
          -0.466026,
          1.497017
        ],
        [
          0.0,
          0.0,
          0.0,
          1.0
        ]
      ]
    },
    {
      "file_path": "/media/NFS/ttao/scannet/posed_images/scene0307_01/00722.jpg",
      "transform_matrix": [
        [
          0.551727,
          0.305194,
          -0.776179,
          2.620255
        ],
        [
          0.83402,
          -0.205073,
          0.512207,
          6.22697
        ],
        [
          -0.002851,
          -0.929948,
          -0.367682,
          1.546776
        ],
        [
          0.0,
          0.0,
          0.0,
          1.0
        ]
      ]
    },
    {
      "file_path": "/media/NFS/ttao/scannet/posed_images/scene0307_01/00729.jpg",
      "transform_matrix": [
        [
          0.524837,
          0.240707,
          -0.81646,
          2.609887
        ],
        [
          0.851175,
          -0.156149,
          0.501117,
          6.221728
        ],
        [
          -0.006867,
          -0.957955,
          -0.286837,
          1.586406
        ],
        [
          0.0,
          0.0,
          0.0,
          1.0
        ]
      ]
    },
    {
      "file_path": "/media/NFS/ttao/scannet/posed_images/scene0307_01/00742.jpg",
      "transform_matrix": [
        [
          0.45779,
          0.107029,
          -0.882595,
          2.615195
        ],
        [
          0.889044,
          -0.049121,
          0.455179,
          6.223169
        ],
        [
          0.005363,
          -0.993042,
          -0.117641,
          1.579482
        ],
        [
          0.0,
          0.0,
          0.0,
          1.0
        ]
      ]
    },
    {
      "file_path": "/media/NFS/ttao/scannet/posed_images/scene0307_01/00758.jpg",
      "transform_matrix": [
        [
          0.370054,
          0.02244,
          -0.928739,
          2.564289
        ],
        [
          0.928932,
          0.004046,
          0.370229,
          6.22673
        ],
        [
          0.012065,
          -0.99974,
          -0.019348,
          1.601577
        ],
        [
          0.0,
          0.0,
          0.0,
          1.0
        ]
      ]
    },
    {
      "file_path": "/media/NFS/ttao/scannet/posed_images/scene0307_01/00768.jpg",
      "transform_matrix": [
        [
          0.295284,
          -0.014262,
          -0.955303,
          2.517589
        ],
        [
          0.95511,
          0.029445,
          0.294785,
          6.258402
        ],
        [
          0.023925,
          -0.999465,
          0.022317,
          1.573431
        ],
        [
          0.0,
          0.0,
          0.0,
          1.0
        ]
      ]
    },
    {
      "file_path": "/media/NFS/ttao/scannet/posed_images/scene0307_01/00771.jpg",
      "transform_matrix": [
        [
          0.264724,
          -0.030397,
          -0.963845,
          2.507579
        ],
        [
          0.964121,
          0.028854,
          0.26389,
          6.263834
        ],
        [
          0.019789,
          -0.999122,
          0.036945,
          1.564883
        ],
        [
          0.0,
          0.0,
          0.0,
          1.0
        ]
      ]
    },
    {
      "file_path": "/media/NFS/ttao/scannet/posed_images/scene0307_01/00785.jpg",
      "transform_matrix": [
        [
          0.179684,
          0.025463,
          -0.983395,
          2.422953
        ],
        [
          0.983608,
          0.010773,
          0.180002,
          6.246702
        ],
        [
          0.015177,
          -0.999618,
          -0.02311,
          1.558035
        ],
        [
          0.0,
          0.0,
          0.0,
          1.0
        ]
      ]
    },
    {
      "file_path": "/media/NFS/ttao/scannet/posed_images/scene0307_01/00798.jpg",
      "transform_matrix": [
        [
          0.028385,
          0.102193,
          -0.99436,
          2.282525
        ],
        [
          0.999393,
          0.017211,
          0.030298,
          6.236572
        ],
        [
          0.020211,
          -0.994616,
          -0.101642,
          1.501333
        ],
        [
          0.0,
          0.0,
          0.0,
          1.0
        ]
      ]
    },
    {
      "file_path": "/media/NFS/ttao/scannet/posed_images/scene0307_01/00804.jpg",
      "transform_matrix": [
        [
          -0.077265,
          0.185353,
          -0.97963,
          2.195934
        ],
        [
          0.996625,
          0.041699,
          -0.070716,
          6.268447
        ],
        [
          0.027742,
          -0.981787,
          -0.187949,
          1.50137
        ],
        [
          0.0,
          0.0,
          0.0,
          1.0
        ]
      ]
    },
    {
      "file_path": "/media/NFS/ttao/scannet/posed_images/scene0307_01/00824.jpg",
      "transform_matrix": [
        [
          -0.339549,
          0.327775,
          -0.881629,
          2.009089
        ],
        [
          0.940343,
          0.139692,
          -0.310227,
          6.309653
        ],
        [
          0.021472,
          -0.934371,
          -0.355654,
          1.463881
        ],
        [
          0.0,
          0.0,
          0.0,
          1.0
        ]
      ]
    },
    {
      "file_path": "/media/NFS/ttao/scannet/posed_images/scene0307_01/00827.jpg",
      "transform_matrix": [
        [
          -0.382302,
          0.318593,
          -0.867377,
          1.988486
        ],
        [
          0.923332,
          0.168372,
          -0.345121,
          6.314852
        ],
        [
          0.036089,
          -0.932818,
          -0.358536,
          1.464746
        ],
        [
          0.0,
          0.0,
          0.0,
          1.0
        ]
      ]
    },
    {
      "file_path": "/media/NFS/ttao/scannet/posed_images/scene0307_01/00843.jpg",
      "transform_matrix": [
        [
          -0.700094,
          0.286536,
          -0.654037,
          1.910258
        ],
        [
          0.711665,
          0.354802,
          -0.60634,
          6.334232
        ],
        [
          0.058315,
          -0.889951,
          -0.452313,
          1.466555
