{
  "frames": [
    {
      "file_path": "/media/NFS/ttao/scannet/posed_images/scene0340_02/00000.jpg",
      "transform_matrix": [
        [
          -0.592182,
          -0.423766,
          0.685378,
          3.682665
        ],
        [
          -0.805418,
          0.284918,
          -0.519735,
          1.812309
        ],
        [
          0.02497,
          -0.859793,
          -0.510032,
          1.325182
        ],
        [
          0.0,
          0.0,
          0.0,
          1.0
        ]
      ]
    },
    {
      "file_path": "/media/NFS/ttao/scannet/posed_images/scene0340_02/00008.jpg",
      "transform_matrix": [
        [
          -0.609804,
          -0.420631,
          0.671721,
          3.728837
        ],
        [
          -0.791667,
          0.283218,
          -0.541342,
          1.820923
        ],
        [
          0.037461,
          -0.861892,
          -0.505707,
          1.321301
        ],
        [
          0.0,
          0.0,
          0.0,
          1.0
        ]
      ]
    },
    {
      "file_path": "/media/NFS/ttao/scannet/posed_images/scene0340_02/00009.jpg",
      "transform_matrix": [
        [
          -0.610086,
          -0.423153,
          0.669878,
          3.732129
        ],
        [
          -0.79136,
          0.283487,
          -0.54165,
          1.819551
        ],
        [
          0.039298,
          -0.860568,
          -0.507818,
          1.321727
        ],
        [
          0.0,
          0.0,
          0.0,
          1.0
        ]
      ]
    },
    {
      "file_path": "/media/NFS/ttao/scannet/posed_images/scene0340_02/00017.jpg",
      "transform_matrix": [
        [
          -0.622069,
          -0.41729,
          0.662495,
          3.756329
        ],
        [
          -0.780552,
          0.264173,
          -0.566526,
          1.813365
        ],
        [
          0.061392,
          -0.86953,
          -0.49005,
          1.315341
        ],
        [
          0.0,
          0.0,
          0.0,
          1.0
        ]
      ]
    },
    {
      "file_path": "/media/NFS/ttao/scannet/posed_images/scene0340_02/00021.jpg",
      "transform_matrix": [
        [
          -0.612424,
          -0.415874,
          0.672299,
          3.766921
        ],
        [
          -0.78831,
          0.257589,
          -0.558762,
          1.804044
        ],
        [
          0.059198,
          -0.87218,
          -0.485591,
          1.311734
        ],
        [
          0.0,
          0.0,
          0.0,
          1.0
        ]
      ]
    },
    {
      "file_path": "/media/NFS/ttao/scannet/posed_images/scene0340_02/00028.jpg",
      "transform_matrix": [
        [
          -0.588715,
          -0.430105,
          0.684416,
          3.779196
        ],
        [
          -0.807354,
          0.27103,
          -0.52414,
          1.768478
        ],
        [
          0.039938,
          -0.861135,
          -0.506806,
          1.307218
        ],
        [
          0.0,
          0.0,
          0.0,
          1.0
        ]
      ]
    },
    {
      "file_path": "/media/NFS/ttao/scannet/posed_images/scene0340_02/00035.jpg",
      "transform_matrix": [
        [
          -0.593464,
          -0.404033,
          0.696102,
          3.794138
        ],
        [
          -0.803684,
          0.250724,
          -0.539658,
          1.73009
        ],
        [
          0.04351,
          -0.879713,
          -0.47351,
          1.314087
        ],
        [
          0.0,
          0.0,
          0.0,
          1.0
        ]
      ]
    },
    {
      "file_path": "/media/NFS/ttao/scannet/posed_images/scene0340_02/00040.jpg",
      "transform_matrix": [
        [
          -0.60465,
          -0.396892,
          0.690561,
          3.806619
        ],
        [
          -0.795607,
          0.26012,
          -0.547126,
          1.71598
        ],
        [
          0.037521,
          -0.880235,
          -0.473052,
          1.309652
        ],
        [
          0.0,
          0.0,
          0.0,
          1.0
        ]
      ]
    },
    {
      "file_path": "/media/NFS/ttao/scannet/posed_images/scene0340_02/00041.jpg",
      "transform_matrix": [
        [
          -0.604979,
          -0.397745,
          0.689782,
          3.809828
        ],
        [
          -0.795412,
          0.262348,
          -0.546346,
          1.713637
        ],
        [
          0.036343,
          -0.879189,
          -0.475086,
          1.30842
        ],
        [
          0.0,
          0.0,
          0.0,
          1.0
        ]
      ]
    },
    {
      "file_path": "/media/NFS/ttao/scannet/posed_images/scene0340_02/00046.jpg",
      "transform_matrix": [
        [
          -0.616834,
          -0.405,
          0.674901,
          3.83532
        ],
        [
          -0.785464,
          0.261582,
          -0.560912,
          1.71412
        ],
        [
          0.050627,
          -0.876099,
          -0.479466,
          1.3012
        ],
        [
          0.0,
          0.0,
          0.0,
          1.0
        ]
      ]
    },
    {
      "file_path": "/media/NFS/ttao/scannet/posed_images/scene0340_02/00052.jpg",
      "transform_matrix": [
        [
          -0.672717,
          -0.394119,
          0.626197,
          3.898845
        ],
        [
          -0.73579,
          0.267255,
          -0.622245,
          1.745537
        ],
        [
          0.077884,
          -0.879344,
          -0.469775,
          1.294609
        ],
        [
          0.0,
          0.0,
          0.0,
          1.0
        ]
      ]
    },
    {
      "file_path": "/media/NFS/ttao/scannet/posed_images/scene0340_02/00058.jpg",
      "transform_matrix": [
        [
          -0.730919,
          -0.336932,
          0.593494,
          4.000031
        ],
        [
          -0.68116,
          0.306425,
          -0.664925,
          1.8163
        ],
        [
          0.042174,
          -0.89027,
          -0.453476,
          1.289457
        ],
        [
          0.0,
          0.0,
          0.0,
          1.0
        ]
      ]
    },
    {
      "file_path": "/media/NFS/ttao/scannet/posed_images/scene0340_02/00066.jpg",
      "transform_matrix": [
        [
          -0.825039,
          -0.310358,
          0.472216,
          4.152599
        ],
        [
          -0.560043,
          0.337819,
          -0.756459,
          1.896205
        ],
        [
          0.075249,
          -0.88857,
          -0.452528,
          1.284999
        ],
        [
          0.0,
          0.0,
          0.0,
          1.0
        ]
      ]
    },
    {
      "file_path": "/media/NFS/ttao/scannet/posed_images/scene0340_02/00071.jpg",
      "transform_matrix": [
        [
          -0.842283,
          -0.296443,
          0.4502,
          4.231822
        ],
        [
          -0.531032,
          0.312953,
          -0.787442,
          1.957384
        ],
        [
          0.09254,
          -0.90232,
          -0.421016,
          1.257306
        ],
        [
          0.0,
          0.0,
          0.0,
          1.0
        ]
      ]
    },
    {
      "file_path": "/media/NFS/ttao/scannet/posed_images/scene0340_02/00074.jpg",
      "transform_matrix": [
        [
          -0.843677,
          -0.311345,
          0.437348,
          4.268416
        ],
        [
          -0.522416,
          0.288491,
          -0.802405,
          1.988903
        ],
        [
          0.123654,
          -0.905449,
          -0.406045,
          1.235958
        ],
        [
          0.0,
          0.0,
          0.0,
          1.0
        ]
      ]
    },
    {
      "file_path": "/media/NFS/ttao/scannet/posed_images/scene0340_02/00082.jpg",
      "transform_matrix": [
        [
          -0.852125,
          -0.346126,
          0.39253,
          4.341421
        ],
        [
          -0.49584,
          0.294034,
          -0.817121,
          2.056505
        ],
        [
          0.167409,
          -0.890921,
          -0.422177,
          1.18951
        ],
        [
          0.0,
          0.0,
          0.0,
          1.0
        ]
      ]
    },
    {
      "file_path": "/media/NFS/ttao/scannet/posed_images/scene0340_02/00084.jpg",
      "transform_matrix": [
        [
          -0.857397,
          -0.345746,
          0.381222,
          4.353447
        ],
        [
          -0.484688,
          0.293384,
          -0.824017,
          2.067395
        ],
        [
          0.173056,
          -0.891283,
          -0.419126,
          1.180861
        ],
        [
          0.0,
          0.0,
          0.0,
          1.0
        ]
      ]
    },
    {
      "file_path": "/media/NFS/ttao/scannet/posed_images/scene0340_02/00088.jpg",
      "transform_matrix": [
        [
          -0.867946,
          -0.349125,
          0.353243,
          4.37508
        ],
        [
          -0.460626,
          0.299893,
          -0.835397,
          2.08375
        ],
        [
          0.185723,
          -0.887793,
          -0.421107,
          1.169297
        ],
        [
          0.0,
          0.0,
          0.0,
          1.0
        ]
      ]
    },
    {
      "file_path": "/media/NFS/ttao/scannet/posed_images/scene0340_02/00095.jpg",
      "transform_matrix": [
        [
          -0.858357,
          -0.349714,
          0.375398,
          4.373373
        ],
        [
          -0.480424,
          0.291097,
          -0.827318,
          2.089131
        ],
        [
          0.180048,
          -0.890484,
          -0.417877,
          1.17714
        ],
        [
          0.0,
          0.0,
          0.0,
          1.0
        ]
      ]
    },
    {
      "file_path": "/media/NFS/ttao/scannet/posed_images/scene0340_02/00100.jpg",
      "transform_matrix": [
        [
          -0.849301,
          -0.353746,
          0.391857,
          4.358133
        ],
        [
          -0.49727,
          0.286876,
          -0.818794,
          2.077801
        ],
        [
          0.177231,
          -0.890262,
          -0.419551,
          1.190536
        ],
        [
          0.0,
          0.0,
          0.0,
          1.0
        ]
      ]
    },
    {
      "file_path": "/media/NFS/ttao/scannet/posed_images/scene0340_02/00104.jpg",
      "transform_matrix": [
        [
          -0.82571,
          -0.364965,
          0.430121,
          4.321018
        ],
        [
          -0.538789,
          0.284439,
          -0.79297,
          2.058794
        ],
        [
          0.167063,
          -0.886508,
          -0.431503,
          1.199681
        ],
        [
          0.0,
          0.0,
          0.0,
          1.0
        ]
      ]
    },
    {
      "file_path": "/media/NFS/ttao/scannet/posed_images/scene0340_02/00111.jpg",
      "transform_matrix": [
        [
          -0.808096,
          -0.384571,
          0.446191,
          4.223425
        ],
        [
          -0.570558,
          0.322702,
          -0.7552,
          1.978999
        ],
        [
          0.146441,
          -0.864852,
          -0.480194,
          1.232633
        ],
        [
          0.0,
          0.0,
          0.0,
          1.0
        ]
      ]
    },
    {
      "file_path": "/media/NFS/ttao/scannet/posed_images/scene0340_02/00117.jpg",
      "transform_matrix": [
        [
          -0.7718,
          -0.371281,
          0.516212,
          4.111498
        ],
        [
          -0.632289,
          0.362132,
          -0.684888,
          1.924202
        ],
        [
          0.067349,
          -0.854992,
          -0.51425,
          1.259845
        ],
        [
          0.0,
          0.0,
          0.0,
          1.0
        ]
      ]
    },
    {
      "file_path": "/media/NFS/ttao/scannet/posed_images/scene0340_02/00122.jpg",
      "transform_matrix": [
        [
          -0.723037,
          -0.37419,
          0.580688,
          3.981497
        ],
        [
          -0.690219,
          0.356579,
          -0.629642,
          1.867463
        ],
        [
          0.028545,
          -0.856057,
          -0.516093,
          1.280355
        ],
        [
          0.0,
          0.0,
          0.0,
          1.0
        ]
      ]
    },
    {
      "file_path": "/media/NFS/ttao/scannet/posed_images/scene0340_02/00126.jpg",
      "transform_matrix": [
        [
          -0.688126,
          -0.377657,
          0.619563,
          3.860448
        ],
        [
          -0.724581,
          0.312611,
          -0.614212,
          1.830492
        ],
        [
          0.038279,
          -0.871579,
          -0.488758,
          1.275511
        ],
        [
          0.0,
          0.0,
          0.0,
          1.0
        ]
      ]
    },
    {
      "file_path": "/media/NFS/ttao/scannet/posed_images/scene0340_02/00131.jpg",
      "transform_matrix": [
        [
          -0.676401,
          -0.402146,
          0.617058,
          3.738622
        ],
        [
          -0.734247,
          0.302199,
          -0.607913,
          1.806403
        ],
        [
          0.057995,
          -0.864266,
          -0.499681,
          1.272234
        ],
        [
          0.0,
          0.0,
          0.0,
          1.0
        ]
      ]
    },
    {
      "file_path": "/media/NFS/ttao/scannet/posed_images/scene0340_02/00139.jpg",
      "transform_matrix": [
        [
          -0.655432,
          -0.402249,
          0.639222,
          3.631277
        ],
        [
          -0.755005,
          0.32721,
          -0.568244,
          1.78972
        ],
        [
          0.019416,
          -0.855061,
          -0.518164,
          1.318097
        ],
        [
          0.0,
          0.0,
          0.0,
          1.0
        ]
      ]
    },
    {
      "file_path": "/media/NFS/ttao/scannet/posed_images/scene0340_02/00141.jpg",
      "transform_matrix": [
        [
          -0.649834,
          -0.391599,
          0.651434,
          3.611319
        ],
        [
          -0.760041,
          0.326506,
          -0.5619,
          1.792166
        ],
        [
          0.007342,
          -0.860258,
          -0.509806,
          1.32642
        ],
        [
          0.0,
          0.0,
          0.0,
          1.0
        ]
      ]
    },
    {
      "file_path": "/media/NFS/ttao/scannet/posed_images/scene0340_02/00150.jpg",
      "transform_matrix": [
        [
          -0.687385,
          -0.375331,
          0.621794,
          3.543283
        ],
        [
          -0.726038,
          0.332419,
          -0.601969,
          1.860112
        ],
        [
          0.019242,
          -0.865231,
          -0.501004,
          1.330099
        ],
        [
          0.0,
          0.0,
          0.0,
          1.0
        ]
      ]
    },
    {
      "file_path": "/media/NFS/ttao/scannet/posed_images/scene0340_02/00153.jpg",
      "transform_matrix": [
        [
          -0.70327,
          -0.357757,
          0.614346,
          3.52621
        ],
        [
          -0.710743,
          0.334363,
          -0.618908,
          1.903499
        ],
        [
          0.016004,
          -0.871901,
          -0.48942,
          1.331751
        ],
        [
          0.0,
          0.0,
          0.0,
          1.0
        ]
      ]
    },
    {
      "file_path": "/media/NFS/ttao/scannet/posed_images/scene0340_02/00156.jpg",
      "transform_matrix": [
        [
          -0.717465,
          -0.340073,
          0.607942,
          3.511143
        ],
        [
          -0.696594,
          0.351175,
          -0.625646,
          1.948701
        ],
        [
          -0.000729,
          -0.872369,
          -0.488849,
          1.338234
        ],
        [
          0.0,
          0.0,
          0.0,
          1.0
        ]
      ]
    },
    {
      "file_path": "/media/NFS/ttao/scannet/posed_images/scene0340_02/00166.jpg",
      "transform_matrix": [
        [
          -0.775639,
          -0.322928,
          0.542311,
          3.474021
        ],
        [
          -0.630987,
          0.375682,
          -0.678762,
          2.063543
        ],
        [
          0.015455,
          -0.868666,
          -0.495158,
          1.355051
        ],
        [
          0.0,
          0.0,
          0.0,
          1.0
        ]
      ]
    },
    {
      "file_path": "/media/NFS/ttao/scannet/posed_images/scene0340_02/00167.jpg",
      "transform_matrix": [
        [
          -0.777659,
          -0.318937,
          0.54178,
          3.466105
        ],
        [
          -0.628482,
          0.372433,
          -0.682864,
          2.073285
        ],
        [
          0.016014,
          -0.871535,
          -0.490072,
          1.35255
        ],
        [
          0.0,
          0.0,
          0.0,
          1.0
        ]
      ]
    },
    {
      "file_path": "/media/NFS/ttao/scannet/posed_images/scene0340_02/00172.jpg",
      "transform_matrix": [
        [
          -0.792221,
          -0.303069,
          0.529656,
          3.435304
        ],
        [
          -0.610102,
          0.375289,
          -0.697806,
          2.106931
        ],
        [
          0.012709,
          -0.875961,
          -0.482214,
          1.358874
        ],
        [
          0.0,
          0.0,
          0.0,
          1.0
        ]
      ]
    },
    {
      "file_path": "/media/NFS/ttao/scannet/posed_images/scene0340_02/00179.jpg",
      "transform_matrix": [
        [
          -0.783112,
          -0.28116,
          0.554693,
          3.372612
        ],
        [
          -0.62156,
          0.382482,
          -0.683644,
          2.155639
        ],
        [
          -0.019947,
          -0.880146,
          -0.474285,
          1.363612
        ],
        [
          0.0,
          0.0,
          0.0,
          1.0
        ]
      ]
    },
    {
      "file_path": "/media/NFS/ttao/scannet/posed_images/scene0340_02/00186.jpg",
      "transform_matrix": [
        [
          -0.815403,
          -0.256705,
          0.518864,
          3.347056
        ],
        [
          -0.578456,
          0.396124,
          -0.713074,
          2.200806
        ],
        [
          -0.022485,
          -0.881583,
          -0.471493,
          1.380533
        ],
        [
          0.0,
          0.0,
          0.0,
          1.0
        ]
      ]
    },
    {
      "file_path": "/media/NFS/ttao/scannet/posed_images/scene0340_02/00190.jpg",
      "transform_matrix": [
        [
          -0.822923,
          -0.240476,
          0.514752,
          3.338842
        ],
        [
          -0.567634,
          0.386722,
          -0.726799,
          2.225774
        ],
        [
          -0.024288,
          -0.89029,
          -0.454745,
          1.391523
        ],
        [
          0.0,
          0.0,
          0.0,
          1.0
        ]
      ]
    },
    {
      "file_path": "/media/NFS/ttao/scannet/posed_images/scene0340_02/00198.jpg",
      "transform_matrix": [
        [
          -0.861447,
          -0.229089,
          0.453241,
          3.372733
        ],
        [
          -0.507536,
          0.357108,
          -0.784143,
          2.289045
        ],
        [
          0.017783,
          -0.905534,
          -0.423901,
          1.379821
        ],
        [
          0.0,
          0.0,
          0.0,
          1.0
        ]
      ]
    },
    {
      "file_path": "/media/NFS/ttao/scannet/posed_images/scene0340_02/00199.jpg",
      "transform_matrix": [
        [
          -0.865708,
          -0.229408,
          0.444883,
          3.378276
        ],
        [
          -0.500044,
          0.356443,
          -0.789243,
          2.295966
        ],
        [
          0.022483,
          -0.905715,
          -0.42329,
          1.379359
        ],
        [
          0.0,
          0.0,
          0.0,
          1.0
        ]
      ]
    },
    {
      "file_path": "/media/NFS/ttao/scannet/posed_images/scene0340_02/00209.jpg",
      "transform_matrix": [
        [
          -0.920903,
          -0.186704,
          0.342169,
          3.439284
        ],
        [
          -0.388997,
          0.38417,
          -0.837314,
          2.360249
        ],
        [
          0.024879,
          -0.904188,
          -0.426411,
          1.370211
        ],
        [
          0.0,
          0.0,
          0.0,
          1.0
        ]
      ]
    },
    {
      "file_path": "/media/NFS/ttao/scannet/posed_images/scene0340_02/00210.jpg",
      "transform_matrix": [
        [
          -0.923008,
          -0.183223,
          0.338357,
          3.435187
        ],
        [
          -0.384241,
          0.392303,
          -0.835738,
          2.357501
        ],
        [
          0.020388,
          -0.901403,
          -0.4325,
          1.376863
        ],
        [
          0.0,
          0.0,
          0.0,
          1.0
        ]
      ]
    },
    {
      "file_path": "/media/NFS/ttao/scannet/posed_images/scene0340_02/00218.jpg",
      "transform_matrix": [
        [
          -0.954909,
          -0.122588,
          0.27041,
          3.450761
        ],
        [
          -0.296899,
          0.392074,
          -0.870706,
          2.39021
        ],
        [
          0.000717,
          -0.911729,
          -0.410791,
          1.385094
        ],
        [
          0.0,
          0.0,
          0.0,
          1.0
        ]
      ]
    },
    {
      "file_path": "/media/NFS/ttao/scannet/posed_images/scene0340_02/00224.jpg",
      "transform_matrix": [
        [
          -0.962862,
          -0.118894,
          0.242405,
          3.434187
        ],
        [
          -0.269747,
          0.385315,
          -0.882478,
          2.413561
        ],
        [
          0.011519,
          -0.915094,
          -0.403077,
          1.389942
        ],
        [
          0.0,
          0.0,
          0.0,
          1.0
        ]
      ]
    },
    {
      "file_path": "/media/NFS/ttao/scannet/posed_images/scene0340_02/00226.jpg",
      "transform_matrix": [
        [
          -0.963642,
          -0.115234,
          0.241072,
          3.424221
        ],
        [
          -0.267034,
          0.383744,
          -0.883987,
          2.429913
        ],
        [
          0.009355,
          -0.916221,
          -0.400563,
          1.387491
        ],
        [
          0.0,
          0.0,
          0.0,
          1.0
        ]
      ]
    },
    {
      "file_path": "/media/NFS/ttao/scannet/posed_images/scene0340_02/00232.jpg",
      "transform_matrix": [
        [
          -0.967519,
          -0.098887,
          0.232655,
          3.373183
        ],
        [
          -0.252744,
          0.397408,
          -0.88215,
          2.484303
        ],
        [
          -0.005226,
          -0.912299,
          -0.409493,
          1.3872
        ],
        [
          0.0,
          0.0,
          0.0,
          1.0
        ]
      ]
    },
    {
      "file_path": "/media/NFS/ttao/scannet/posed_images/scene0340_02/00235.jpg",
      "transform_matrix": [
        [
          -0.966728,
          -0.08837,
          0.240059,
          3.348026
        ],
        [
          -0.255403,
          0.386199,
          -0.886352,
          2.52278
        ],
        [
          -0.014384,
          -0.918173,
          -0.395919,
          1.393932
        ],
        [
          0.0,
          0.0,
          0.0,
          1.0
        ]
      ]
    },
    {
      "file_path": "/media/NFS/ttao/scannet/posed_images/scene0340_02/00242.jpg",
      "transform_matrix": [
        [
          -0.974859,
          -0.058044,
          0.21513,
          3.306818
        ],
        [
          -0.221679,
          0.350323,
          -0.910018,
          2.601976
        ],
        [
          -0.022544,
          -0.934829,
          -0.354383,
          1.420545
        ],
        [
          0.0,
          0.0,
          0.0,
          1.0
        ]
      ]
    },
    {
      "file_path": "/media/NFS/ttao/scannet/posed_images/scene0340_02/00246.jpg",
      "transform_matrix": [
        [
          -0.97973,
          -0.058309,
          0.191649,
          3.299881
        ],
        [
          -0.200114,
          0.328523,
          -0.923053,
          2.64413
        ],
        [
          -0.009138,
          -0.942694,
          -0.333533,
          1.418525
        ],
        [
          0.0,
          0.0,
          0.0,
          1.0
        ]
      ]
    },
    {
      "file_path": "/media/NFS/ttao/scannet/posed_images/scene0340_02/00256.jpg",
      "transform_matrix": [
        [
          -0.996331,
          -0.034632,
          0.078258,
          3.292165
        ],
        [
          -0.084842,
          0.279997,
          -0.956244,
          2.707058
        ],
        [
          0.011205,
          -0.959376,
          -0.281908,
          1.438873
        ],
        [
          0.0,
          0.0,
          0.0,
          1.0
        ]
      ]
    },
    {
      "file_path": "/media/NFS/ttao/scannet/posed_images/scene0340_02/00259.jpg",
      "transform_matrix": [
        [
          -0.998948,
          -0.020023,
          0.041253,
          3.303887
        ],
        [
          -0.045233,
          0.28253,
          -0.958191,
          2.724323
        ],
        [
          0.00753,
          -0.959049,
          -0.283139,
          1.439574
        ],
        [
          0.0,
          0.0,
          0.0,
          1.0
        ]
      ]
    },
    {
      "file_path": "/media/NFS/ttao/scannet/posed_images/scene0340_02/00262.jpg",
      "transform_matrix": [
        [
          -0.998871,
          -0.028623,
          0.037912,
          3.256051
        ],
        [
          -0.044295,
          0.27289,
          -0.961025,
          2.73384
        ],
        [
          0.017161,
          -0.961619,
          -0.27385,
          1.433112
        ],
        [
          0.0,
          0.0,
          0.0,
          1.0
        ]
      ]
    },
    {
      "file_path": "/media/NFS/ttao/scannet/posed_images/scene0340_02/00272.jpg",
      "transform_matrix": [
        [
          -0.999807,
          -0.006053,
          -0.018707,
          3.255804
        ],
        [
          0.01622,
          0.283878,
          -0.958723,
          2.780162
        ],
        [
          0.011114,
          -0.958841,
          -0.283725,
          1.423381
        ],
        [
          0.0,
          0.0,
          0.0,
          1.0
        ]
      ]
    },
    {
      "file_path": "/media/NFS/ttao/scannet/posed_images/scene0340_02/00273.jpg",
      "transform_matrix": [
        [
          -0.999688,
          -0.004475,
          -0.024576,
          3.25647
        ],
        [
          0.022302,
          0.283348,
          -0.958758,
          2.784385
        ],
        [
          0.011254,
          -0.959007,
          -0.283159,
          1.424588
        ],
        [
          0.0,
          0.0,
          0.0,
          1.0
        ]
      ]
    },
    {
      "file_path": "/media/NFS/ttao/scannet/posed_images/scene0340_02/00278.jpg",
      "transform_matrix": [
        [
          -0.999283,
          0.010371,
          -0.036417,
          3.253496
        ],
        [
          0.037861,
          0.286923,
          -0.957205,
          2.796111
        ],
        [
          0.000522,
          -0.957898,
          -0.28711,
          1.411117
        ],
        [
          0.0,
          0.0,
          0.0,
          1.0
        ]
      ]
    },
    {
      "file_path": "/media/NFS/ttao/scannet/posed_images/scene0340_02/00283.jpg",
      "transform_matrix": [
        [
          -0.999117,
          0.023145,
          -0.035061,
          3.229599
        ],
        [
          0.040471,
          0.306356,
          -0.951056,
          2.788809
        ],
        [
          -0.011272,
          -0.951636,
          -0.307022,
          1.389706
        ],
        [
          0.0,
          0.0,
          0.0,
          1.0
        ]
      ]
    },
    {
      "file_path": "/media/NFS/ttao/scannet/posed_images/scene0340_02/00292.jpg",
      "transform_matrix": [
        [
          -0.997393,
          0.023736,
          -0.068143,
          3.183182
        ],
        [
          0.072078,
          0.37238,
          -0.925277,
          2.768073
        ],
        [
          0.003413,
          -0.927777,
          -0.37312,
          1.361503
        ],
        [
          0.0,
          0.0,
          0.0,
          1.0
        ]
      ]
    },
    {
      "file_path": "/media/NFS/ttao/scannet/posed_images/scene0340_02/00295.jpg",
      "transform_matrix": [
        [
          -0.997996,
          0.018968,
          -0.06036,
          3.159107
        ],
        [
          0.062968,
          0.390897,
          -0.918278,
          2.766979
        ],
        [
          0.006176,
          -0.920239,
          -0.391308,
          1.36349
        ],
        [
          0.0,
          0.0,
          0.0,
          1.0
        ]
      ]
    },
    {
      "file_path": "/media/NFS/ttao/scannet/posed_images/scene0340_02/00300.jpg",
      "transform_matrix": [
        [
          -0.997084,
          0.017377,
          -0.074307,
          3.126317
        ],
        [
          0.075451,
          0.370306,
          -0.92584,
          2.773179
        ],
        [
          0.011428,
          -0.928747,
          -0.370538,
          1.373884
        ],
        [
          0.0,
          0.0,
          0.0,
          1.0
        ]
      ]
    },
    {
      "file_path": "/media/NFS/ttao/scannet/posed_images/scene0340_02/00308.jpg",
      "transform_matrix": [
        [
          -0.992292,
          0.031885,
          -0.119747,
          3.09543
        ],
        [
          0.123745,
          0.30613,
          -0.943913,
          2.781973
        ],
        [
          0.006561,
          -0.951456,
          -0.307716,
          1.408963
        ],
        [
          0.0,
          0.0,
          0.0,
          1.0
        ]
      ]
    },
    {
      "file_path": "/media/NFS/ttao/scannet/posed_images/scene0340_02/00311.jpg",
      "transform_matrix": [
        [
          -0.990786,
          0.031328,
          -0.13176,
          3.085944
        ],
        [
          0.135229,
          0.282309,
          -0.949745,
          2.793299
        ],
        [
          0.007444,
          -0.958812,
          -0.283944,
          1.408008
        ],
        [
          0.0,
          0.0,
          0.0,
          1.0
        ]
      ]
    },
    {
      "file_path": "/media/NFS/ttao/scannet/posed_images/scene0340_02/00318.jpg",
      "transform_matrix": [
        [
          -0.986573,
          0.048493,
          -0.155956,
          3.083586
        ],
        [
          0.163137,
          0.247229,
          -0.955125,
          2.801497
        ],
        [
          -0.00776,
          -0.967743,
          -0.251821,
          1.428232
        ],
        [
          0.0,
          0.0,
          0.0,
          1.0
        ]
      ]
    },
    {
      "file_path": "/media/NFS/ttao/scannet/posed_images/scene0340_02/00321.jpg",
      "transform_matrix": [
        [
          -0.98549,
          0.047081,
          -0.163075,
          3.072807
        ],
        [
          0.169602,
          0.235141,
          -0.957049,
          2.805047
        ],
        [
          -0.006713,
          -0.97082,
          -0.239714,
          1.421034
        ],
        [
          0.0,
          0.0,
          0.0,
          1.0
        ]
      ]
    },
    {
      "file_path": "/media/NFS/ttao/scannet/posed_images/scene0340_02/00325.jpg",
      "transform_matrix": [
        [
          -0.98128,
          0.051464,
          -0.185582,
          3.068015
        ],
        [
          0.192475,
          0.229418,
          -0.954107,
          2.800742
        ],
        [
          -0.006526,
          -0.971967,
          -0.235029,
          1.418036
        ],
        [
          0.0,
          0.0,
          0.0,
          1.0
        ]
      ]
    },
    {
      "file_path": "/media/NFS/ttao/scannet/posed_images/scene0340_02/00330.jpg",
      "transform_matrix": [
        [
          -0.974127,
          0.042533,
          -0.221963,
          3.07705
        ],
        [
          0.225821,
          0.222388,
          -0.948445,
          2.784042
        ],
        [
          0.009021,
          -0.97403,
          -0.22624,
          1.430466
        ],
        [
          0.0,
          0.0,
          0.0,
          1.0
        ]
      ]
    },
    {
      "file_path": "/media/NFS/ttao/scannet/posed_images/scene0340_02/00337.jpg",
      "transform_matrix": [
        [
          -0.966195,
          0.039892,
          -0.254706,
          3.087447
        ],
        [
          0.257535,
          0.195033,
          -0.946382,
          2.76374
        ],
        [
          0.011923,
          -0.979985,
          -0.198713,
          1.434423
        ],
        [
          0.0,
          0.0,
          0.0,
          1.0
        ]
      ]
    },
    {
      "file_path": "/media/NFS/ttao/scannet/posed_images/scene0340_02/00341.jpg",
      "transform_matrix": [
        [
          -0.963802,
          0.039848,
          -0.263625,
          3.099576
        ],
        [
          0.266426,
          0.181637,
          -0.946586,
          2.750732
        ],
        [
          0.010165,
          -0.982558,
          -0.185678,
          1.455404
        ],
        [
          0.0,
          0.0,
          0.0,
          1.0
        ]
      ]
    },
    {
      "file_path": "/media/NFS/ttao/scannet/posed_images/scene0340_02/00348.jpg",
      "transform_matrix": [
        [
          -0.945416,
          0.036797,
          -0.323781,
          3.141736
        ],
        [
          0.32558,
          0.148226,
          -0.933824,
          2.728931
        ],
        [
          0.013631,
          -0.988269,
          -0.152116,
          1.462106
        ],
        [
          0.0,
          0.0,
          0.0,
          1.0
        ]
      ]
    },
    {
      "file_path": "/media/NFS/ttao/scannet/posed_images/scene0340_02/00354.jpg",
      "transform_matrix": [
        [
          -0.930793,
          0.031944,
          -0.364148,
          3.160054
        ],
        [
          0.365041,
          0.133606,
          -0.921355,
          2.71656
        ],
        [
          0.019221,
          -0.99052,
          -0.136021,
          1.482265
        ],
        [
          0.0,
          0.0,
          0.0,
          1.0
        ]
      ]
    },
    {
      "file_path": "/media/NFS/ttao/scannet/posed_images/scene0340_02/00357.jpg",
      "transform_matrix": [
        [
          -0.91898,
          0.038336,
          -0.392436,
          3.18267
        ],
        [
          0.393906,
          0.13397,
          -0.909335,
          2.702876
        ],
        [
          0.017715,
          -0.990244,
          -0.138217,
          1.467942
        ],
        [
          0.0,
          0.0,
          0.0,
          1.0
        ]
      ]
    },
    {
      "file_path": "/media/NFS/ttao/scannet/posed_images/scene0340_02/00367.jpg",
      "transform_matrix": [
        [
          -0.867946,
          0.062416,
          -0.492721,
          3.228184
        ],
        [
          0.49604,
          0.15845,
          -0.85372,
          2.643989
        ],
        [
          0.024785,
          -0.985392,
          -0.168487,
          1.458698
        ],
        [
          0.0,
          0.0,
          0.0,
          1.0
        ]
      ]
    },
    {
      "file_path": "/media/NFS/ttao/scannet/posed_images/scene0340_02/00371.jpg",
      "transform_matrix": [
        [
          -0.858358,
          0.050249,
          -0.510585,
          3.24991
        ],
        [
          0.511137,
          0.169649,
          -0.84259,
          2.618769
        ],
        [
          0.044281,
          -0.984223,
          -0.171303,
          1.448521
        ],
        [
          0.0,
          0.0,
          0.0,
          1.0
        ]
      ]
    },
    {
      "file_path": "/media/NFS/ttao/scannet/posed_images/scene0340_02/00373.jpg",
      "transform_matrix": [
        [
          -0.855771,
          0.048444,
          -0.515082,
          3.254566
        ],
        [
          0.514632,
          0.181721,
          -0.837933,
          2.604893
        ],
        [
          0.053009,
          -0.982156,
          -0.180443,
          1.447463
        ],
        [
          0.0,
          0.0,
          0.0,
          1.0
        ]
      ]
    },
    {
      "file_path": "/media/NFS/ttao/scannet/posed_images/scene0340_02/00379.jpg",
      "transform_matrix": [
        [
          -0.855466,
          0.056687,
          -0.514747,
          3.257389
        ],
        [
          0.51408,
          0.212822,
          -0.830921,
          2.561831
        ],
        [
          0.062447,
          -0.975445,
          -0.211204,
          1.419977
        ],
        [
          0.0,
          0.0,
          0.0,
          1.0
        ]
      ]
    },
    {
      "file_path": "/media/NFS/ttao/scannet/posed_images/scene0340_02/00386.jpg",
      "transform_matrix": [
        [
          -0.864903,
          0.076838,
          -0.496023,
          3.251687
        ],
        [
          0.499496,
          0.229128,
          -0.835466,
          2.494053
        ],
        [
          0.049457,
          -0.970359,
          -0.236553,
          1.390345
        ],
        [
          0.0,
          0.0,
          0.0,
          1.0
        ]
      ]
    },
    {
      "file_path": "/media/NFS/ttao/scannet/posed_images/scene0340_02/00392.jpg",
      "transform_matrix": [
        [
          -0.878151,
          0.08357,
          -0.471028,
          3.260173
        ],
        [
          0.476983,
          0.228247,
          -0.848759,
          2.417237
        ],
        [
          0.03658,
          -0.97001,
          -0.240297,
          1.381747
        ],
        [
          0.0,
          0.0,
          0.0,
          1.0
        ]
      ]
    },
    {
      "file_path": "/media/NFS/ttao/scannet/posed_images/scene0340_02/00395.jpg",
      "transform_matrix": [
        [
          -0.884387,
          0.082924,
          -0.459329,
          3.266255
        ],
        [
          0.465816,
          0.219171,
          -0.85731,
          2.383775
        ],
        [
          0.02958,
          -0.972156,
          -0.232459,
          1.37809
        ],
        [
          0.0,
          0.0,
          0.0,
          1.0
        ]
      ]
    },
    {
      "file_path": "/media/NFS/ttao/scannet/posed_images/scene0340_02/00403.jpg",
      "transform_matrix": [
        [
          -0.920325,
          0.078494,
          -0.383197,
          3.317791
        ],
        [
          0.389661,
          0.269482,
          -0.88065,
          2.306452
        ],
        [
          0.034139,
          -0.959801,
          -0.278597,
          1.371083
        ],
        [
          0.0,
          0.0,
          0.0,
          1.0
        ]
      ]
    },
    {
      "file_path": "/media/NFS/ttao/scannet/posed_images/scene0340_02/00408.jpg",
      "transform_matrix": [
        [
          -0.924922,
          0.08088,
          -0.371453,
          3.382064
        ],
        [
          0.378584,
          0.284761,
          -0.880674,
          2.274559
        ],
        [
          0.034546,
          -0.955181,
