{
  "frames": [
    {
      "file_path": "/media/NFS/ttao/scannet/posed_images/scene0614_02/00001.jpg",
      "transform_matrix": [
        [
          -0.352571,
          -0.453429,
          0.818594,
          1.710155
        ],
        [
          -0.935785,
          0.169985,
          -0.308889,
          4.091702
        ],
        [
          0.000911,
          -0.874933,
          -0.484244,
          1.535478
        ],
        [
          0.0,
          0.0,
          0.0,
          1.0
        ]
      ]
    },
    {
      "file_path": "/media/NFS/ttao/scannet/posed_images/scene0614_02/00005.jpg",
      "transform_matrix": [
        [
          -0.3529,
          -0.466552,
          0.811043,
          1.704632
        ],
        [
          -0.935658,
          0.178307,
          -0.304551,
          4.086968
        ],
        [
          -0.002526,
          -0.866335,
          -0.499457,
          1.526089
        ],
        [
          0.0,
          0.0,
          0.0,
          1.0
        ]
      ]
    },
    {
      "file_path": "/media/NFS/ttao/scannet/posed_images/scene0614_02/00006.jpg",
      "transform_matrix": [
        [
          -0.35412,
          -0.470988,
          0.807942,
          1.704095
        ],
        [
          -0.935195,
          0.181355,
          -0.304174,
          4.089313
        ],
        [
          -0.003262,
          -0.863296,
          -0.504687,
          1.521202
        ],
        [
          0.0,
          0.0,
          0.0,
          1.0
        ]
      ]
    },
    {
      "file_path": "/media/NFS/ttao/scannet/posed_images/scene0614_02/00009.jpg",
      "transform_matrix": [
        [
          -0.364153,
          -0.494557,
          0.78918,
          1.703582
        ],
        [
          -0.931338,
          0.19457,
          -0.307817,
          4.088899
        ],
        [
          -0.001318,
          -0.847086,
          -0.531453,
          1.510454
        ],
        [
          0.0,
          0.0,
          0.0,
          1.0
        ]
      ]
    },
    {
      "file_path": "/media/NFS/ttao/scannet/posed_images/scene0614_02/00015.jpg",
      "transform_matrix": [
        [
          -0.397261,
          -0.531416,
          0.748185,
          1.69439
        ],
        [
          -0.917539,
          0.245536,
          -0.312784,
          4.06846
        ],
        [
          -0.017488,
          -0.810746,
          -0.585137,
          1.483794
        ],
        [
          0.0,
          0.0,
          0.0,
          1.0
        ]
      ]
    },
    {
      "file_path": "/media/NFS/ttao/scannet/posed_images/scene0614_02/00016.jpg",
      "transform_matrix": [
        [
          -0.402337,
          -0.534756,
          0.743075,
          1.69312
        ],
        [
          -0.915303,
          0.251448,
          -0.314634,
          4.066133
        ],
        [
          -0.018593,
          -0.806727,
          -0.590631,
          1.479519
        ],
        [
          0.0,
          0.0,
          0.0,
          1.0
        ]
      ]
    },
    {
      "file_path": "/media/NFS/ttao/scannet/posed_images/scene0614_02/00021.jpg",
      "transform_matrix": [
        [
          -0.442655,
          -0.554443,
          0.704734,
          1.688733
        ],
        [
          -0.896647,
          0.28158,
          -0.341668,
          4.036628
        ],
        [
          -0.009003,
          -0.783139,
          -0.621782,
          1.468696
        ],
        [
          0.0,
          0.0,
          0.0,
          1.0
        ]
      ]
    },
    {
      "file_path": "/media/NFS/ttao/scannet/posed_images/scene0614_02/00023.jpg",
      "transform_matrix": [
        [
          -0.468698,
          -0.553372,
          0.68855,
          1.690439
        ],
        [
          -0.883357,
          0.295205,
          -0.364054,
          4.028244
        ],
        [
          -0.001806,
          -0.778867,
          -0.627187,
          1.46723
        ],
        [
          0.0,
          0.0,
          0.0,
          1.0
        ]
      ]
    },
    {
      "file_path": "/media/NFS/ttao/scannet/posed_images/scene0614_02/00027.jpg",
      "transform_matrix": [
        [
          -0.52866,
          -0.539977,
          0.654938,
          1.702981
        ],
        [
          -0.848754,
          0.325682,
          -0.416592,
          4.009169
        ],
        [
          0.011649,
          -0.776116,
          -0.630483,
          1.470472
        ],
        [
          0.0,
          0.0,
          0.0,
          1.0
        ]
      ]
    },
    {
      "file_path": "/media/NFS/ttao/scannet/posed_images/scene0614_02/00030.jpg",
      "transform_matrix": [
        [
          -0.579928,
          -0.508247,
          0.636685,
          1.71909
        ],
        [
          -0.814621,
          0.353476,
          -0.459833,
          3.99517
        ],
        [
          0.008657,
          -0.785327,
          -0.61902,
          1.469831
        ],
        [
          0.0,
          0.0,
          0.0,
          1.0
        ]
      ]
    },
    {
      "file_path": "/media/NFS/ttao/scannet/posed_images/scene0614_02/00033.jpg",
      "transform_matrix": [
        [
          -0.612675,
          -0.484879,
          0.624116,
          1.738525
        ],
        [
          -0.790284,
          0.366906,
          -0.490746,
          3.957734
        ],
        [
          0.008961,
          -0.793897,
          -0.607987,
          1.47319
        ],
        [
          0.0,
          0.0,
          0.0,
          1.0
        ]
      ]
    },
    {
      "file_path": "/media/NFS/ttao/scannet/posed_images/scene0614_02/00038.jpg",
      "transform_matrix": [
        [
          -0.645031,
          -0.440661,
          0.624302,
          1.789481
        ],
        [
          -0.764104,
          0.36238,
          -0.533691,
          3.875716
        ],
        [
          0.008942,
          -0.821279,
          -0.570457,
          1.479207
        ],
        [
          0.0,
          0.0,
          0.0,
          1.0
        ]
      ]
    },
    {
      "file_path": "/media/NFS/ttao/scannet/posed_images/scene0614_02/00041.jpg",
      "transform_matrix": [
        [
          -0.635095,
          -0.41959,
          0.648536,
          1.80177
        ],
        [
          -0.7724,
          0.337119,
          -0.538283,
          3.79671
        ],
        [
          0.007224,
          -0.84279,
          -0.538194,
          1.49081
        ],
        [
          0.0,
          0.0,
          0.0,
          1.0
        ]
      ]
    },
    {
      "file_path": "/media/NFS/ttao/scannet/posed_images/scene0614_02/00045.jpg",
      "transform_matrix": [
        [
          -0.657704,
          -0.383715,
          0.648219,
          1.860876
        ],
        [
          -0.753174,
          0.32076,
          -0.574319,
          3.728703
        ],
        [
          0.012452,
          -0.865953,
          -0.49997,
          1.506428
        ],
        [
          0.0,
          0.0,
          0.0,
          1.0
        ]
      ]
    },
    {
      "file_path": "/media/NFS/ttao/scannet/posed_images/scene0614_02/00046.jpg",
      "transform_matrix": [
        [
          -0.658309,
          -0.380802,
          0.649322,
          1.874354
        ],
        [
          -0.752624,
          0.317312,
          -0.57695,
          3.709244
        ],
        [
          0.013666,
          -0.868506,
          -0.49549,
          1.513003
        ],
        [
          0.0,
          0.0,
          0.0,
          1.0
        ]
      ]
    },
    {
      "file_path": "/media/NFS/ttao/scannet/posed_images/scene0614_02/00052.jpg",
      "transform_matrix": [
        [
          -0.669782,
          -0.337586,
          0.661383,
          1.923919
        ],
        [
          -0.741899,
          0.266723,
          -0.615179,
          3.594122
        ],
        [
          0.03127,
          -0.902715,
          -0.429101,
          1.526672
        ],
        [
          0.0,
          0.0,
          0.0,
          1.0
        ]
      ]
    },
    {
      "file_path": "/media/NFS/ttao/scannet/posed_images/scene0614_02/00053.jpg",
      "transform_matrix": [
        [
          -0.671119,
          -0.337231,
          0.660208,
          1.930069
        ],
        [
          -0.740522,
          0.262869,
          -0.618488,
          3.573694
        ],
        [
          0.035025,
          -0.903978,
          -0.426143,
          1.53057
        ],
        [
          0.0,
          0.0,
          0.0,
          1.0
        ]
      ]
    },
    {
      "file_path": "/media/NFS/ttao/scannet/posed_images/scene0614_02/00056.jpg",
      "transform_matrix": [
        [
          -0.680376,
          -0.331331,
          0.653688,
          1.947842
        ],
        [
          -0.731547,
          0.253605,
          -0.63287,
          3.516515
        ],
        [
          0.043911,
          -0.908793,
          -0.414931,
          1.537216
        ],
        [
          0.0,
          0.0,
          0.0,
          1.0
        ]
      ]
    },
    {
      "file_path": "/media/NFS/ttao/scannet/posed_images/scene0614_02/00061.jpg",
      "transform_matrix": [
        [
          -0.680098,
          -0.306166,
          0.66613,
          1.948632
        ],
        [
          -0.732075,
          0.235083,
          -0.639377,
          3.410523
        ],
        [
          0.039159,
          -0.922496,
          -0.384016,
          1.54465
        ],
        [
          0.0,
          0.0,
          0.0,
          1.0
        ]
      ]
    },
    {
      "file_path": "/media/NFS/ttao/scannet/posed_images/scene0614_02/00063.jpg",
      "transform_matrix": [
        [
          -0.691582,
          -0.30123,
          0.656487,
          1.948463
        ],
        [
          -0.721184,
          0.237528,
          -0.650749,
          3.367233
        ],
        [
          0.040091,
          -0.923494,
          -0.381512,
          1.541692
        ],
        [
          0.0,
          0.0,
          0.0,
          1.0
        ]
      ]
    },
    {
      "file_path": "/media/NFS/ttao/scannet/posed_images/scene0614_02/00068.jpg",
      "transform_matrix": [
        [
          -0.7086,
          -0.298681,
          0.639278,
          1.93027
        ],
        [
          -0.704847,
          0.257478,
          -0.660981,
          3.245782
        ],
        [
          0.032822,
          -0.918964,
          -0.392973,
          1.532152
        ],
        [
          0.0,
          0.0,
          0.0,
          1.0
        ]
      ]
    },
    {
      "file_path": "/media/NFS/ttao/scannet/posed_images/scene0614_02/00069.jpg",
      "transform_matrix": [
        [
          -0.714054,
          -0.296618,
          0.634148,
          1.930421
        ],
        [
          -0.699431,
          0.262962,
          -0.664565,
          3.223939
        ],
        [
          0.030365,
          -0.918079,
          -0.395233,
          1.534288
        ],
        [
          0.0,
          0.0,
          0.0,
          1.0
        ]
      ]
    },
    {
      "file_path": "/media/NFS/ttao/scannet/posed_images/scene0614_02/00075.jpg",
      "transform_matrix": [
        [
          -0.728458,
          -0.260903,
          0.633465,
          1.901598
        ],
        [
          -0.685089,
          0.275546,
          -0.674335,
          3.080307
        ],
        [
          0.001387,
          -0.925205,
          -0.379466,
          1.538367
        ],
        [
          0.0,
          0.0,
          0.0,
          1.0
        ]
      ]
    },
    {
      "file_path": "/media/NFS/ttao/scannet/posed_images/scene0614_02/00078.jpg",
      "transform_matrix": [
        [
          -0.721346,
          -0.248415,
          0.646491,
          1.896974
        ],
        [
          -0.692575,
          0.259839,
          -0.672922,
          3.019225
        ],
        [
          -0.00082,
          -0.933153,
          -0.35948,
          1.53998
        ],
        [
          0.0,
          0.0,
          0.0,
          1.0
        ]
      ]
    },
    {
      "file_path": "/media/NFS/ttao/scannet/posed_images/scene0614_02/00079.jpg",
      "transform_matrix": [
        [
          -0.712729,
          -0.252424,
          0.654446,
          1.892861
        ],
        [
          -0.701437,
          0.25908,
          -0.663976,
          2.995504
        ],
        [
          -0.00195,
          -0.932287,
          -0.361713,
          1.540947
        ],
        [
          0.0,
          0.0,
          0.0,
          1.0
        ]
      ]
    },
    {
      "file_path": "/media/NFS/ttao/scannet/posed_images/scene0614_02/00085.jpg",
      "transform_matrix": [
        [
          -0.703238,
          -0.285693,
          0.651026,
          1.895848
        ],
        [
          -0.710796,
          0.26322,
          -0.652291,
          2.866013
        ],
        [
          0.014991,
          -0.921463,
          -0.388176,
          1.531535
        ],
        [
          0.0,
          0.0,
          0.0,
          1.0
        ]
      ]
    },
    {
      "file_path": "/media/NFS/ttao/scannet/posed_images/scene0614_02/00086.jpg",
      "transform_matrix": [
        [
          -0.703943,
          -0.292526,
          0.647219,
          1.898364
        ],
        [
          -0.709883,
          0.26025,
          -0.654474,
          2.842682
        ],
        [
          0.023012,
          -0.920162,
          -0.390861,
          1.533781
        ],
        [
          0.0,
          0.0,
          0.0,
          1.0
        ]
      ]
    },
    {
      "file_path": "/media/NFS/ttao/scannet/posed_images/scene0614_02/00089.jpg",
      "transform_matrix": [
        [
          -0.717965,
          -0.312809,
          0.621833,
          1.908311
        ],
        [
          -0.694308,
          0.258155,
          -0.671782,
          2.774545
        ],
        [
          0.04961,
          -0.914061,
          -0.402532,
          1.526633
        ],
        [
          0.0,
          0.0,
          0.0,
          1.0
        ]
      ]
    },
    {
      "file_path": "/media/NFS/ttao/scannet/posed_images/scene0614_02/00094.jpg",
      "transform_matrix": [
        [
          -0.721144,
          -0.30467,
          0.622196,
          1.924052
        ],
        [
          -0.688879,
          0.220117,
          -0.690647,
          2.656018
        ],
        [
          0.073463,
          -0.926674,
          -0.368617,
          1.545109
        ],
        [
          0.0,
          0.0,
          0.0,
          1.0
        ]
      ]
    },
    {
      "file_path": "/media/NFS/ttao/scannet/posed_images/scene0614_02/00096.jpg",
      "transform_matrix": [
        [
          -0.713005,
          -0.293149,
          0.636936,
          1.927129
        ],
        [
          -0.697992,
          0.210524,
          -0.684461,
          2.607014
        ],
        [
          0.066559,
          -0.9326,
          -0.35472,
          1.557059
        ],
        [
          0.0,
          0.0,
          0.0,
          1.0
        ]
      ]
    },
    {
      "file_path": "/media/NFS/ttao/scannet/posed_images/scene0614_02/00100.jpg",
      "transform_matrix": [
        [
          -0.716384,
          -0.255084,
          0.649404,
          1.923635
        ],
        [
          -0.694691,
          0.174342,
          -0.697861,
          2.523298
        ],
        [
          0.064795,
          -0.951072,
          -0.3021,
          1.562934
        ],
        [
          0.0,
          0.0,
          0.0,
          1.0
        ]
      ]
    },
    {
      "file_path": "/media/NFS/ttao/scannet/posed_images/scene0614_02/00104.jpg",
      "transform_matrix": [
        [
          -0.714751,
          -0.244424,
          0.655277,
          1.914697
        ],
        [
          -0.697259,
          0.176137,
          -0.694842,
          2.439234
        ],
        [
          0.054418,
          -0.953537,
          -0.296321,
          1.572473
        ],
        [
          0.0,
          0.0,
          0.0,
          1.0
        ]
      ]
    },
    {
      "file_path": "/media/NFS/ttao/scannet/posed_images/scene0614_02/00108.jpg",
      "transform_matrix": [
        [
          -0.703695,
          -0.232178,
          0.671496,
          1.899706
        ],
        [
          -0.708874,
          0.165472,
          -0.685651,
          2.36644
        ],
        [
          0.048079,
          -0.958495,
          -0.281027,
          1.571396
        ],
        [
          0.0,
          0.0,
          0.0,
          1.0
        ]
      ]
    },
    {
      "file_path": "/media/NFS/ttao/scannet/posed_images/scene0614_02/00109.jpg",
      "transform_matrix": [
        [
          -0.699294,
          -0.230539,
          0.676638,
          1.894556
        ],
        [
          -0.713443,
          0.166062,
          -0.680752,
          2.349041
        ],
        [
          0.044576,
          -0.958788,
          -0.280603,
          1.568779
        ],
        [
          0.0,
          0.0,
          0.0,
          1.0
        ]
      ]
    },
    {
      "file_path": "/media/NFS/ttao/scannet/posed_images/scene0614_02/00113.jpg",
      "transform_matrix": [
        [
          -0.67933,
          -0.221349,
          0.699654,
          1.867277
        ],
        [
          -0.733555,
          0.178591,
          -0.655745,
          2.273918
        ],
        [
          0.020197,
          -0.958702,
          -0.283694,
          1.568411
        ],
        [
          0.0,
          0.0,
          0.0,
          1.0
        ]
      ]
    },
    {
      "file_path": "/media/NFS/ttao/scannet/posed_images/scene0614_02/00117.jpg",
      "transform_matrix": [
        [
          -0.674814,
          -0.201183,
          0.710036,
          1.835023
        ],
        [
          -0.73798,
          0.188354,
          -0.648004,
          2.208512
        ],
        [
          -0.003371,
          -0.961274,
          -0.275573,
          1.567906
        ],
        [
          0.0,
          0.0,
          0.0,
          1.0
        ]
      ]
    },
    {
      "file_path": "/media/NFS/ttao/scannet/posed_images/scene0614_02/00120.jpg",
      "transform_matrix": [
        [
          -0.678138,
          -0.19645,
          0.708192,
          1.809055
        ],
        [
          -0.734617,
          0.209499,
          -0.645328,
          2.169186
        ],
        [
          -0.021591,
          -0.957871,
          -0.286385,
          1.564126
        ],
        [
          0.0,
          0.0,
          0.0,
          1.0
        ]
      ]
    },
    {
      "file_path": "/media/NFS/ttao/scannet/posed_images/scene0614_02/00122.jpg",
      "transform_matrix": [
        [
          -0.68877,
          -0.195006,
          0.698261,
          1.791845
        ],
        [
          -0.724477,
          0.221008,
          -0.652908,
          2.14335
        ],
        [
          -0.027,
          -0.955577,
          -0.293501,
          1.562264
        ],
        [
          0.0,
          0.0,
          0.0,
          1.0
        ]
      ]
    },
    {
      "file_path": "/media/NFS/ttao/scannet/posed_images/scene0614_02/00128.jpg",
      "transform_matrix": [
        [
          -0.758642,
          -0.191612,
          0.622693,
          1.754756
        ],
        [
          -0.649852,
          0.290642,
          -0.702296,
          2.087288
        ],
        [
          -0.046412,
          -0.93745,
          -0.345013,
          1.556049
        ],
        [
          0.0,
          0.0,
          0.0,
          1.0
        ]
      ]
    },
    {
      "file_path": "/media/NFS/ttao/scannet/posed_images/scene0614_02/00131.jpg",
      "transform_matrix": [
        [
          -0.792982,
          -0.191584,
          0.578338,
          1.73041
        ],
        [
          -0.607395,
          0.322529,
          -0.72598,
          2.063717
        ],
        [
          -0.047444,
          -0.926968,
          -0.372127,
          1.553735
        ],
        [
          0.0,
          0.0,
          0.0,
          1.0
        ]
      ]
    },
    {
      "file_path": "/media/NFS/ttao/scannet/posed_images/scene0614_02/00132.jpg",
      "transform_matrix": [
        [
          -0.804834,
          -0.186488,
          0.56344,
          1.724742
        ],
        [
          -0.591456,
          0.330749,
          -0.735381,
          2.061243
        ],
        [
          -0.049218,
          -0.925109,
          -0.376498,
          1.551783
        ],
        [
          0.0,
          0.0,
          0.0,
          1.0
        ]
      ]
    },
    {
      "file_path": "/media/NFS/ttao/scannet/posed_images/scene0614_02/00135.jpg",
      "transform_matrix": [
        [
          -0.858641,
          -0.174953,
          0.481796,
          1.714197
        ],
        [
          -0.510956,
          0.366868,
          -0.777388,
          2.05617
        ],
        [
          -0.040749,
          -0.913673,
          -0.404401,
          1.548319
        ],
        [
          0.0,
          0.0,
          0.0,
          1.0
        ]
      ]
    },
    {
      "file_path": "/media/NFS/ttao/scannet/posed_images/scene0614_02/00139.jpg",
      "transform_matrix": [
        [
          -0.924903,
          -0.159353,
          0.345197,
          1.709602
        ],
        [
          -0.380013,
          0.416176,
          -0.826068,
          2.06454
        ],
        [
          -0.012027,
          -0.895212,
          -0.445478,
          1.535823
        ],
        [
          0.0,
          0.0,
          0.0,
          1.0
        ]
      ]
    },
    {
      "file_path": "/media/NFS/ttao/scannet/posed_images/scene0614_02/00144.jpg",
      "transform_matrix": [
        [
          -0.971673,
          -0.142964,
          0.188182,
          1.703813
        ],
        [
          -0.234908,
          0.49709,
          -0.835296,
          2.072938
        ],
        [
          0.025874,
          -0.855841,
          -0.516592,
          1.545699
        ],
        [
          0.0,
          0.0,
          0.0,
          1.0
        ]
      ]
    },
    {
      "file_path": "/media/NFS/ttao/scannet/posed_images/scene0614_02/00147.jpg",
      "transform_matrix": [
        [
          -0.985839,
          -0.117567,
          0.119576,
          1.719593
        ],
        [
          -0.163674,
          0.519466,
          -0.838669,
          2.098637
        ],
        [
          0.036485,
          -0.846364,
          -0.531353,
          1.548467
        ],
        [
          0.0,
          0.0,
          0.0,
          1.0
        ]
      ]
    },
    {
      "file_path": "/media/NFS/ttao/scannet/posed_images/scene0614_02/00151.jpg",
      "transform_matrix": [
        [
          -0.995525,
          -0.088308,
          0.033651,
          1.739943
        ],
        [
          -0.076508,
          0.544113,
          -0.835516,
          2.142347
        ],
        [
          0.055473,
          -0.834352,
          -0.548434,
          1.558294
        ],
        [
          0.0,
          0.0,
          0.0,
          1.0
        ]
      ]
    },
    {
      "file_path": "/media/NFS/ttao/scannet/posed_images/scene0614_02/00152.jpg",
      "transform_matrix": [
        [
          -0.99686,
          -0.07798,
          0.013739,
          1.74902
        ],
        [
          -0.054211,
          0.545671,
          -0.836244,
          2.155485
        ],
        [
          0.057714,
          -0.834363,
          -0.548186,
          1.559343
        ],
        [
          0.0,
          0.0,
          0.0,
          1.0
        ]
      ]
    },
    {
      "file_path": "/media/NFS/ttao/scannet/posed_images/scene0614_02/00155.jpg",
      "transform_matrix": [
        [
          -0.996563,
          -0.043306,
          -0.070615,
          1.779471
        ],
        [
          0.035649,
          0.54527,
          -0.837502,
          2.198667
        ],
        [
          0.074773,
          -0.837141,
          -0.541852,
          1.55976
        ],
        [
          0.0,
          0.0,
          0.0,
          1.0
        ]
      ]
    },
    {
      "file_path": "/media/NFS/ttao/scannet/posed_images/scene0614_02/00161.jpg",
      "transform_matrix": [
        [
          -0.979315,
          0.033626,
          -0.199527,
          1.819741
        ],
        [
          0.189137,
          0.502498,
          -0.843637,
          2.286227
        ],
        [
          0.071894,
          -0.863924,
          -0.498464,
          1.576588
        ],
        [
          0.0,
          0.0,
          0.0,
          1.0
        ]
      ]
    },
    {
      "file_path": "/media/NFS/ttao/scannet/posed_images/scene0614_02/00162.jpg",
      "transform_matrix": [
        [
          -0.972452,
          0.039287,
          -0.229769,
          1.828291
        ],
        [
          0.218528,
          0.49672,
          -0.839949,
          2.304403
        ],
        [
          0.081132,
          -0.867021,
          -0.491622,
          1.572692
        ],
        [
          0.0,
          0.0,
          0.0,
          1.0
        ]
      ]
    },
    {
      "file_path": "/media/NFS/ttao/scannet/posed_images/scene0614_02/00167.jpg",
      "transform_matrix": [
        [
          -0.929022,
          0.062968,
          -0.364627,
          1.863174
        ],
        [
          0.350198,
          0.467856,
          -0.811463,
          2.375478
        ],
        [
          0.119497,
          -0.881559,
          -0.4567,
          1.587886
        ],
        [
          0.0,
          0.0,
          0.0,
          1.0
        ]
      ]
    },
    {
      "file_path": "/media/NFS/ttao/scannet/posed_images/scene0614_02/00171.jpg",
      "transform_matrix": [
        [
          -0.915054,
          0.066698,
          -0.397778,
          1.864712
        ],
        [
          0.385375,
          0.435578,
          -0.813486,
          2.445405
        ],
        [
          0.119006,
          -0.897677,
          -0.424281,
          1.597096
        ],
        [
          0.0,
          0.0,
          0.0,
          1.0
        ]
      ]
    },
    {
      "file_path": "/media/NFS/ttao/scannet/posed_images/scene0614_02/00172.jpg",
      "transform_matrix": [
        [
          -0.915814,
          0.066203,
          -0.396108,
          1.86391
        ],
        [
          0.38504,
          0.425074,
          -0.819181,
          2.464633
        ],
        [
          0.114143,
          -0.902734,
          -0.414779,
          1.599236
        ],
        [
          0.0,
          0.0,
          0.0,
          1.0
        ]
      ]
    },
    {
      "file_path": "/media/NFS/ttao/scannet/posed_images/scene0614_02/00175.jpg",
      "transform_matrix": [
        [
          -0.921631,
          0.058368,
          -0.383654,
          1.859127
        ],
        [
          0.374499,
          0.392912,
          -0.839864,
          2.525098
        ],
        [
          0.101721,
          -0.917722,
          -0.383978,
          1.613281
        ],
        [
          0.0,
          0.0,
          0.0,
          1.0
        ]
      ]
    },
    {
      "file_path": "/media/NFS/ttao/scannet/posed_images/scene0614_02/00180.jpg",
      "transform_matrix": [
        [
          -0.934636,
          0.046155,
          -0.352597,
          1.854101
        ],
        [
          0.346176,
          0.344913,
          -0.872466,
          2.635286
        ],
        [
          0.081346,
          -0.937499,
          -0.338346,
          1.62309
        ],
        [
          0.0,
          0.0,
          0.0,
          1.0
        ]
      ]
    },
    {
      "file_path": "/media/NFS/ttao/scannet/posed_images/scene0614_02/00182.jpg",
      "transform_matrix": [
        [
          -0.935879,
          0.046566,
          -0.34923,
          1.846017
        ],
        [
          0.34358,
          0.340053,
          -0.875395,
          2.682674
        ],
        [
          0.077993,
          -0.939253,
          -0.334248,
          1.614744
        ],
        [
          0.0,
          0.0,
          0.0,
          1.0
        ]
      ]
    },
    {
      "file_path": "/media/NFS/ttao/scannet/posed_images/scene0614_02/00187.jpg",
      "transform_matrix": [
        [
          -0.916291,
          0.089228,
          -0.390447,
          1.856478
        ],
        [
          0.393918,
          0.376957,
          -0.838291,
          2.758479
        ],
        [
          0.072383,
          -0.921923,
          -0.380551,
          1.601605
        ],
        [
          0.0,
          0.0,
          0.0,
          1.0
        ]
      ]
    },
    {
      "file_path": "/media/NFS/ttao/scannet/posed_images/scene0614_02/00188.jpg",
      "transform_matrix": [
        [
          -0.91403,
          0.103754,
          -0.392153,
          1.859206
        ],
        [
          0.401002,
          0.376984,
          -0.834914,
          2.769516
        ],
        [
          0.06121,
          -0.92039,
          -0.38618,
          1.601274
        ],
        [
          0.0,
          0.0,
          0.0,
          1.0
        ]
      ]
    },
    {
      "file_path": "/media/NFS/ttao/scannet/posed_images/scene0614_02/00194.jpg",
      "transform_matrix": [
        [
          -0.88495,
          0.165841,
          -0.435155,
          1.861796
        ],
        [
          0.464039,
          0.392552,
          -0.794085,
          2.836474
        ],
        [
          0.03913,
          -0.904654,
          -0.424346,
          1.566386
        ],
        [
          0.0,
          0.0,
          0.0,
          1.0
        ]
      ]
    },
    {
      "file_path": "/media/NFS/ttao/scannet/posed_images/scene0614_02/00195.jpg",
      "transform_matrix": [
        [
          -0.880446,
          0.17865,
          -0.439202,
          1.860502
        ],
        [
          0.473137,
          0.39141,
          -0.789265,
          2.843836
        ],
        [
          0.030905,
          -0.902709,
          -0.429141,
          1.565282
        ],
        [
          0.0,
          0.0,
          0.0,
          1.0
        ]
      ]
    },
    {
      "file_path": "/media/NFS/ttao/scannet/posed_images/scene0614_02/00201.jpg",
      "transform_matrix": [
        [
          -0.835642,
          0.234388,
          -0.496754,
          1.879126
        ],
        [
          0.548393,
          0.407217,
          -0.730369,
          2.880413
        ],
        [
          0.031097,
          -0.882744,
          -0.468825,
          1.530953
        ],
        [
          0.0,
          0.0,
          0.0,
          1.0
        ]
      ]
    },
    {
      "file_path": "/media/NFS/ttao/scannet/posed_images/scene0614_02/00202.jpg",
      "transform_matrix": [
        [
          -0.828094,
          0.245227,
          -0.504106,
          1.888771
        ],
        [
          0.55996,
          0.404411,
          -0.723116,
          2.883822
        ],
        [
          0.026538,
          -0.881088,
          -0.472208,
          1.523899
        ],
        [
          0.0,
          0.0,
          0.0,
          1.0
        ]
      ]
    },
    {
      "file_path": "/media/NFS/ttao/scannet/posed_images/scene0614_02/00207.jpg",
      "transform_matrix": [
        [
          -0.77532,
          0.300815,
          -0.555328,
          1.933685
        ],
        [
          0.630675,
          0.415516,
          -0.655435,
          2.894958
        ],
        [
          0.033583,
          -0.858404,
          -0.511874,
          1.489365
        ],
        [
          0.0,
          0.0,
          0.0,
          1.0
        ]
      ]
    },
    {
      "file_path": "/media/NFS/ttao/scannet/posed_images/scene0614_02/00209.jpg",
      "transform_matrix": [
        [
          -0.748507,
          0.335839,
          -0.571795,
          1.952408
        ],
        [
          0.662411,
          0.418726,
          -0.621193,
          2.894911
        ],
        [
          0.030805,
          -0.84373,
          -0.535883,
          1.479675
        ],
        [
          0.0,
          0.0,
          0.0,
          1.0
        ]
      ]
    },
    {
      "file_path": "/media/NFS/ttao/scannet/posed_images/scene0614_02/00213.jpg",
      "transform_matrix": [
        [
          -0.709056,
          0.37904,
          -0.594615,
          1.947861
        ],
        [
          0.704471,
          0.417819,
          -0.573714,
          2.925451
        ],
        [
          0.030981,
          -0.825685,
          -0.56328,
          1.469358
        ],
        [
          0.0,
          0.0,
          0.0,
          1.0
        ]
      ]
    },
    {
      "file_path": "/media/NFS/ttao/scannet/posed_images/scene0614_02/00217.jpg",
      "transform_matrix": [
        [
          -0.628274,
          0.429992,
          -0.648365,
          1.971702
        ],
        [
          0.777649,
          0.371808,
          -0.506972,
          2.923524
        ],
        [
          0.023074,
          -0.822719,
          -0.56798,
          1.46425
        ],
        [
          0.0,
          0.0,
          0.0,
          1.0
        ]
      ]
    },
    {
      "file_path": "/media/NFS/ttao/scannet/posed_images/scene0614_02/00218.jpg",
      "transform_matrix": [
        [
          -0.608802,
          0.439885,
          -0.660198,
          1.977431
        ],
        [
          0.793133,
          0.35563,
          -0.494436,
          2.926509
        ],
        [
          0.017291,
          -0.824639,
          -0.565396,
          1.459786
        ],
        [
          0.0,
          0.0,
          0.0,
          1.0
        ]
      ]
    },
    {
      "file_path": "/media/NFS/ttao/scannet/posed_images/scene0614_02/00222.jpg",
      "transform_matrix": [
        [
          -0.531093,
          0.488637,
          -0.692224,
          1.97583
        ],
        [
          0.847214,
          0.293752,
          -0.442649,
          2.951774
        ],
        [
          -0.012952,
          -0.82155,
          -0.56999,
          1.454884
        ],
        [
          0.0,
          0.0,
          0.0,
          1.0
        ]
      ]
    },
    {
      "file_path": "/media/NFS/ttao/scannet/posed_images/scene0614_02/00227.jpg",
      "transform_matrix": [
        [
          -0.394272,
          0.5474,
          -0.738175,
          1.979559
        ],
        [
          0.918436,
          0.206709,
          -0.337265,
          2.977579
        ],
        [
          -0.032031,
          -0.81094,
          -0.584252,
          1.431308
        ],
        [
          0.0,
          0.0,
          0.0,
          1.0
        ]
      ]
    },
    {
      "file_path": "/media/NFS/ttao/scannet/posed_images/scene0614_02/00228.jpg",
      "transform_matrix": [
        [
          -0.371285,
          0.563254,
          -0.738168,
          1.977349
        ],
        [
          0.927814,
          0.194087,
          -0.318577,
          2.982067
        ],
        [
          -0.036171,
          -0.803166,
          -0.594656,
          1.428643
        ],
        [
          0.0,
          0.0,
          0.0,
          1.0
        ]
      ]
    },
    {
      "file_path": "/media/NFS/ttao/scannet/posed_images/scene0614_02/00234.jpg",
      "transform_matrix": [
        [
          -0.306971,
          0.658976,
          -0.686672,
          1.961213
        ],
        [
          0.949208,
          0.15961,
          -0.271162,
          3.036461
        ],
        [
          -0.06909,
          -0.735034,
          -0.674501,
          1.406121
        ],
        [
          0.0,
          0.0,
          0.0,
          1.0
        ]
      ]
    },
    {
      "file_path": "/media/NFS/ttao/scannet/posed_images/scene0614_02/00235.jpg",
      "transform_matrix": [
        [
          -0.291249,
          0.672698,
          -0.680185,
          1.9571
        ],
        [
          0.954701,
          0.159048,
          -0.251496,
          3.042614
        ],
        [
          -0.060999,
          -0.722621,
          -0.688548,
          1.405028
        ],
        [
          0.0,
          0.0,
          0.0,
          1.0
        ]
      ]
    },
    {
      "file_path": "/media/NFS/ttao/scannet/posed_images/scene0614_02/00238.jpg",
      "transform_matrix": [
        [
          -0.227817,
          0.700679,
          -0.676127,
          1.941546
        ],
        [
          0.972973,
          0.136907,
          -0.185959,
          3.065303
        ],
        [
          -0.037731,
          -0.700218,
          -0.712931,
          1.406983
        ],
        [
          0.0,
          0.0,
          0.0,
          1.0
        ]
      ]
    },
    {
      "file_path": "/media/NFS/ttao/scannet/posed_images/scene0614_02/00241.jpg",
      "transform_matrix": [
        [
          -0.194966,
          0.705513,
          -0.681351,
          1.920746
        ],
        [
          0.980515,
          0.123174,
          -0.153029,
          3.111607
        ],
        [
          -0.02404,
          -0.697911,
          -0.715781,
          1.418443
        ],
        [
          0.0,
          0.0,
          0.0,
          1.0
        ]
      ]
    },
    {
      "file_path": "/media/NFS/ttao/scannet/posed_images/scene0614_02/00245.jpg",
      "transform_matrix": [
        [
          -0.095551,
          0.693418,
          -0.714171,
          1.899612
        ],
        [
          0.99542,
          0.068622,
          -0.066551,
          3.148901
        ],
        [
          0.00286,
          -0.71726,
          -0.6968,
          1.435818
        ],
        [
          0.0,
          0.0,
          0.0,
          1.0
        ]
      ]
    },
    {
      "file_path": "/media/NFS/ttao/scannet/posed_images/scene0614_02/00249.jpg",
      "transform_matrix": [
        [
          0.026949,
          0.661654,
          -0.749324,
          1.885892
        ],
        [
          0.99948,
          -0.004563,
          0.031916,
          3.189066
        ],
        [
          0.017698,
          -0.749795,
          -0.661433,
          1.459453
        ],
        [
          0.0,
          0.0,
          0.0,
          1.0
        ]
      ]
    },
    {
      "file_path": "/media/NFS/ttao/scannet/posed_images/scene0614_02/00254.jpg",
      "transform_matrix": [
        [
          0.145188,
          0.605886,
          -0.782191,
          1.883331
        ],
        [
          0.989314,
          -0.078242,
          0.123028,
          3.238205
        ],
        [
          0.013341,
          -0.791695,
          -0.610771,
          1.484493
        ],
        [
          0.0,
          0.0,
          0.0,
          1.0
        ]
      ]
    },
    {
      "file_path": "/media/NFS/ttao/scannet/posed_images/scene0614_02/00257.jpg",
      "transform_matrix": [
        [
          0.197744,
          0.574909,
          -0.793963,
          1.882082
        ],
        [
          0.980189,
          -0.106661,
          0.166892,
          3.255473
        ],
        [
          0.011263,
          -0.811235,
