{
  "frames": [
    {
      "file_path": "/media/NFS/ttao/scannet/posed_images/scene0445_01/00000.jpg",
      "transform_matrix": [
        [
          0.493903,
          0.329001,
          -0.804872,
          2.125943
        ],
        [
          0.867691,
          -0.126526,
          0.480732,
          2.3278
        ],
        [
          0.056324,
          -0.935815,
          -0.347963,
          1.613673
        ],
        [
          0.0,
          0.0,
          0.0,
          1.0
        ]
      ]
    },
    {
      "file_path": "/media/NFS/ttao/scannet/posed_images/scene0445_01/00002.jpg",
      "transform_matrix": [
        [
          0.495363,
          0.328008,
          -0.804379,
          2.128305
        ],
        [
          0.866646,
          -0.123183,
          0.483478,
          2.331303
        ],
        [
          0.059499,
          -0.936609,
          -0.345287,
          1.616299
        ],
        [
          0.0,
          0.0,
          0.0,
          1.0
        ]
      ]
    },
    {
      "file_path": "/media/NFS/ttao/scannet/posed_images/scene0445_01/00005.jpg",
      "transform_matrix": [
        [
          0.495076,
          0.327265,
          -0.804859,
          2.129023
        ],
        [
          0.866906,
          -0.12414,
          0.482766,
          2.331827
        ],
        [
          0.058078,
          -0.936743,
          -0.345166,
          1.618031
        ],
        [
          0.0,
          0.0,
          0.0,
          1.0
        ]
      ]
    },
    {
      "file_path": "/media/NFS/ttao/scannet/posed_images/scene0445_01/00007.jpg",
      "transform_matrix": [
        [
          0.496216,
          0.327414,
          -0.804096,
          2.127594
        ],
        [
          0.866285,
          -0.125246,
          0.483596,
          2.331091
        ],
        [
          0.057626,
          -0.936544,
          -0.345782,
          1.621461
        ],
        [
          0.0,
          0.0,
          0.0,
          1.0
        ]
      ]
    },
    {
      "file_path": "/media/NFS/ttao/scannet/posed_images/scene0445_01/00010.jpg",
      "transform_matrix": [
        [
          0.492709,
          0.328196,
          -0.805931,
          2.130441
        ],
        [
          0.868248,
          -0.123504,
          0.480513,
          2.338297
        ],
        [
          0.058167,
          -0.936501,
          -0.345807,
          1.621286
        ],
        [
          0.0,
          0.0,
          0.0,
          1.0
        ]
      ]
    },
    {
      "file_path": "/media/NFS/ttao/scannet/posed_images/scene0445_01/00012.jpg",
      "transform_matrix": [
        [
          0.494095,
          0.327856,
          -0.805221,
          2.129691
        ],
        [
          0.867465,
          -0.124032,
          0.481788,
          2.335418
        ],
        [
          0.058084,
          -0.93655,
          -0.345687,
          1.620343
        ],
        [
          0.0,
          0.0,
          0.0,
          1.0
        ]
      ]
    },
    {
      "file_path": "/media/NFS/ttao/scannet/posed_images/scene0445_01/00015.jpg",
      "transform_matrix": [
        [
          0.493022,
          0.32729,
          -0.806108,
          2.129445
        ],
        [
          0.868313,
          -0.127157,
          0.47944,
          2.335882
        ],
        [
          0.054414,
          -0.936329,
          -0.346881,
          1.618083
        ],
        [
          0.0,
          0.0,
          0.0,
          1.0
        ]
      ]
    },
    {
      "file_path": "/media/NFS/ttao/scannet/posed_images/scene0445_01/00017.jpg",
      "transform_matrix": [
        [
          0.490432,
          0.325721,
          -0.808321,
          2.12971
        ],
        [
          0.870005,
          -0.129056,
          0.475854,
          2.334812
        ],
        [
          0.050677,
          -0.936617,
          -0.346672,
          1.617515
        ],
        [
          0.0,
          0.0,
          0.0,
          1.0
        ]
      ]
    },
    {
      "file_path": "/media/NFS/ttao/scannet/posed_images/scene0445_01/00020.jpg",
      "transform_matrix": [
        [
          0.485259,
          0.330742,
          -0.809404,
          2.128587
        ],
        [
          0.872877,
          -0.129159,
          0.470535,
          2.336757
        ],
        [
          0.051084,
          -0.934841,
          -0.351373,
          1.618357
        ],
        [
          0.0,
          0.0,
          0.0,
          1.0
        ]
      ]
    },
    {
      "file_path": "/media/NFS/ttao/scannet/posed_images/scene0445_01/00023.jpg",
      "transform_matrix": [
        [
          0.484608,
          0.327992,
          -0.810911,
          2.125355
        ],
        [
          0.873258,
          -0.12762,
          0.470248,
          2.332801
        ],
        [
          0.050749,
          -0.93602,
          -0.348268,
          1.624128
        ],
        [
          0.0,
          0.0,
          0.0,
          1.0
        ]
      ]
    },
    {
      "file_path": "/media/NFS/ttao/scannet/posed_images/scene0445_01/00026.jpg",
      "transform_matrix": [
        [
          0.479812,
          0.323818,
          -0.815428,
          2.124459
        ],
        [
          0.875888,
          -0.122759,
          0.466638,
          2.327403
        ],
        [
          0.051005,
          -0.938122,
          -0.342529,
          1.624286
        ],
        [
          0.0,
          0.0,
          0.0,
          1.0
        ]
      ]
    },
    {
      "file_path": "/media/NFS/ttao/scannet/posed_images/scene0445_01/00029.jpg",
      "transform_matrix": [
        [
          0.470428,
          0.325774,
          -0.820103,
          2.124115
        ],
        [
          0.880889,
          -0.118306,
          0.4583,
          2.327425
        ],
        [
          0.052279,
          -0.938017,
          -0.342625,
          1.624177
        ],
        [
          0.0,
          0.0,
          0.0,
          1.0
        ]
      ]
    },
    {
      "file_path": "/media/NFS/ttao/scannet/posed_images/scene0445_01/00030.jpg",
      "transform_matrix": [
        [
          0.465226,
          0.326388,
          -0.822822,
          2.125984
        ],
        [
          0.883595,
          -0.115415,
          0.453805,
          2.327676
        ],
        [
          0.05315,
          -0.938163,
          -0.342089,
          1.622246
        ],
        [
          0.0,
          0.0,
          0.0,
          1.0
        ]
      ]
    },
    {
      "file_path": "/media/NFS/ttao/scannet/posed_images/scene0445_01/00033.jpg",
      "transform_matrix": [
        [
          0.450286,
          0.330735,
          -0.829371,
          2.129451
        ],
        [
          0.891391,
          -0.112811,
          0.438972,
          2.32504
        ],
        [
          0.051621,
          -0.936957,
          -0.345611,
          1.612223
        ],
        [
          0.0,
          0.0,
          0.0,
          1.0
        ]
      ]
    },
    {
      "file_path": "/media/NFS/ttao/scannet/posed_images/scene0445_01/00035.jpg",
      "transform_matrix": [
        [
          0.438809,
          0.340887,
          -0.83141,
          2.12787
        ],
        [
          0.896967,
          -0.11074,
          0.428004,
          2.319566
        ],
        [
          0.05383,
          -0.933559,
          -0.354358,
          1.605525
        ],
        [
          0.0,
          0.0,
          0.0,
          1.0
        ]
      ]
    },
    {
      "file_path": "/media/NFS/ttao/scannet/posed_images/scene0445_01/00038.jpg",
      "transform_matrix": [
        [
          0.419857,
          0.35225,
          -0.836445,
          2.123521
        ],
        [
          0.905907,
          -0.106543,
          0.409855,
          2.306173
        ],
        [
          0.055254,
          -0.929822,
          -0.363839,
          1.598315
        ],
        [
          0.0,
          0.0,
          0.0,
          1.0
        ]
      ]
    },
    {
      "file_path": "/media/NFS/ttao/scannet/posed_images/scene0445_01/00040.jpg",
      "transform_matrix": [
        [
          0.401319,
          0.363761,
          -0.840607,
          2.12083
        ],
        [
          0.914194,
          -0.102471,
          0.392108,
          2.304395
        ],
        [
          0.056495,
          -0.925839,
          -0.373672,
          1.601865
        ],
        [
          0.0,
          0.0,
          0.0,
          1.0
        ]
      ]
    },
    {
      "file_path": "/media/NFS/ttao/scannet/posed_images/scene0445_01/00043.jpg",
      "transform_matrix": [
        [
          0.377447,
          0.373598,
          -0.847324,
          2.119278
        ],
        [
          0.924179,
          -0.094123,
          0.370182,
          2.292951
        ],
        [
          0.058546,
          -0.922803,
          -0.380798,
          1.591109
        ],
        [
          0.0,
          0.0,
          0.0,
          1.0
        ]
      ]
    },
    {
      "file_path": "/media/NFS/ttao/scannet/posed_images/scene0445_01/00047.jpg",
      "transform_matrix": [
        [
          0.342213,
          0.382256,
          -0.858353,
          2.114787
        ],
        [
          0.937754,
          -0.081362,
          0.337636,
          2.275529
        ],
        [
          0.059226,
          -0.920468,
          -0.386305,
          1.58124
        ],
        [
          0.0,
          0.0,
          0.0,
          1.0
        ]
      ]
    },
    {
      "file_path": "/media/NFS/ttao/scannet/posed_images/scene0445_01/00048.jpg",
      "transform_matrix": [
        [
          0.331823,
          0.387268,
          -0.860184,
          2.113058
        ],
        [
          0.941345,
          -0.076644,
          0.328625,
          2.270035
        ],
        [
          0.061338,
          -0.918776,
          -0.389985,
          1.584028
        ],
        [
          0.0,
          0.0,
          0.0,
          1.0
        ]
      ]
    },
    {
      "file_path": "/media/NFS/ttao/scannet/posed_images/scene0445_01/00050.jpg",
      "transform_matrix": [
        [
          0.311168,
          0.396371,
          -0.86375,
          2.109025
        ],
        [
          0.948309,
          -0.069889,
          0.309558,
          2.268691
        ],
        [
          0.062333,
          -0.915426,
          -0.39763,
          1.588916
        ],
        [
          0.0,
          0.0,
          0.0,
          1.0
        ]
      ]
    },
    {
      "file_path": "/media/NFS/ttao/scannet/posed_images/scene0445_01/00053.jpg",
      "transform_matrix": [
        [
          0.286792,
          0.398951,
          -0.87097,
          2.10387
        ],
        [
          0.955887,
          -0.058918,
          0.287766,
          2.25274
        ],
        [
          0.063489,
          -0.915077,
          -0.39825,
          1.583836
        ],
        [
          0.0,
          0.0,
          0.0,
          1.0
        ]
      ]
    },
    {
      "file_path": "/media/NFS/ttao/scannet/posed_images/scene0445_01/00055.jpg",
      "transform_matrix": [
        [
          0.268258,
          0.40175,
          -0.875577,
          2.103647
        ],
        [
          0.961304,
          -0.052474,
          0.270446,
          2.247339
        ],
        [
          0.062707,
          -0.914245,
          -0.40028,
          1.580879
        ],
        [
          0.0,
          0.0,
          0.0,
          1.0
        ]
      ]
    },
    {
      "file_path": "/media/NFS/ttao/scannet/posed_images/scene0445_01/00059.jpg",
      "transform_matrix": [
        [
          0.236564,
          0.410341,
          -0.880714,
          2.097655
        ],
        [
          0.969229,
          -0.036166,
          0.243489,
          2.23159
        ],
        [
          0.068062,
          -0.911215,
          -0.40627,
          1.578257
        ],
        [
          0.0,
          0.0,
          0.0,
          1.0
        ]
      ]
    },
    {
      "file_path": "/media/NFS/ttao/scannet/posed_images/scene0445_01/00061.jpg",
      "transform_matrix": [
        [
          0.218356,
          0.416737,
          -0.882412,
          2.097128
        ],
        [
          0.973371,
          -0.028354,
          0.227474,
          2.231183
        ],
        [
          0.069777,
          -0.908585,
          -0.411831,
          1.581733
        ],
        [
          0.0,
          0.0,
          0.0,
          1.0
        ]
      ]
    },
    {
      "file_path": "/media/NFS/ttao/scannet/posed_images/scene0445_01/00064.jpg",
      "transform_matrix": [
        [
          0.195287,
          0.418309,
          -0.887063,
          2.094223
        ],
        [
          0.978185,
          -0.01775,
          0.206977,
          2.223591
        ],
        [
          0.070835,
          -0.908131,
          -0.41265,
          1.579543
        ],
        [
          0.0,
          0.0,
          0.0,
          1.0
        ]
      ]
    },
    {
      "file_path": "/media/NFS/ttao/scannet/posed_images/scene0445_01/00067.jpg",
      "transform_matrix": [
        [
          0.173473,
          0.419806,
          -0.890881,
          2.090806
        ],
        [
          0.982168,
          -0.007177,
          0.187867,
          2.213616
        ],
        [
          0.072474,
          -0.907585,
          -0.413565,
          1.580455
        ],
        [
          0.0,
          0.0,
          0.0,
          1.0
        ]
      ]
    },
    {
      "file_path": "/media/NFS/ttao/scannet/posed_images/scene0445_01/00070.jpg",
      "transform_matrix": [
        [
          0.144999,
          0.423296,
          -0.894313,
          2.09025
        ],
        [
          0.986551,
          0.00707,
          0.163301,
          2.210397
        ],
        [
          0.075447,
          -0.905964,
          -0.416578,
          1.582798
        ],
        [
          0.0,
          0.0,
          0.0,
          1.0
        ]
      ]
    },
    {
      "file_path": "/media/NFS/ttao/scannet/posed_images/scene0445_01/00071.jpg",
      "transform_matrix": [
        [
          0.137911,
          0.423809,
          -0.895191,
          2.08969
        ],
        [
          0.987437,
          0.011556,
          0.157593,
          2.20682
        ],
        [
          0.077134,
          -0.905678,
          -0.416891,
          1.580507
        ],
        [
          0.0,
          0.0,
          0.0,
          1.0
        ]
      ]
    },
    {
      "file_path": "/media/NFS/ttao/scannet/posed_images/scene0445_01/00075.jpg",
      "transform_matrix": [
        [
          0.106241,
          0.430151,
          -0.896484,
          2.085457
        ],
        [
          0.990905,
          0.029078,
          0.131383,
          2.193859
        ],
        [
          0.082582,
          -0.902288,
          -0.42315,
          1.578352
        ],
        [
          0.0,
          0.0,
          0.0,
          1.0
        ]
      ]
    },
    {
      "file_path": "/media/NFS/ttao/scannet/posed_images/scene0445_01/00076.jpg",
      "transform_matrix": [
        [
          0.099281,
          0.431863,
          -0.896458,
          2.084389
        ],
        [
          0.991472,
          0.033498,
          0.125941,
          2.187857
        ],
        [
          0.084419,
          -0.901317,
          -0.424855,
          1.578177
        ],
        [
          0.0,
          0.0,
          0.0,
          1.0
        ]
      ]
    },
    {
      "file_path": "/media/NFS/ttao/scannet/posed_images/scene0445_01/00078.jpg",
      "transform_matrix": [
        [
          0.083811,
          0.433502,
          -0.897247,
          2.082898
        ],
        [
          0.992747,
          0.041561,
          0.112812,
          2.17891
        ],
        [
          0.086195,
          -0.900194,
          -0.426874,
          1.572726
        ],
        [
          0.0,
          0.0,
          0.0,
          1.0
        ]
      ]
    },
    {
      "file_path": "/media/NFS/ttao/scannet/posed_images/scene0445_01/00081.jpg",
      "transform_matrix": [
        [
          0.046737,
          0.442825,
          -0.895389,
          2.076619
        ],
        [
          0.994511,
          0.063373,
          0.083253,
          2.174739
        ],
        [
          0.09361,
          -0.894366,
          -0.437432,
          1.57372
        ],
        [
          0.0,
          0.0,
          0.0,
          1.0
        ]
      ]
    },
    {
      "file_path": "/media/NFS/ttao/scannet/posed_images/scene0445_01/00083.jpg",
      "transform_matrix": [
        [
          0.027076,
          0.449301,
          -0.89297,
          2.070693
        ],
        [
          0.995225,
          0.071689,
          0.066247,
          2.170668
        ],
        [
          0.093781,
          -0.8905,
          -0.445214,
          1.57336
        ],
        [
          0.0,
          0.0,
          0.0,
          1.0
        ]
      ]
    },
    {
      "file_path": "/media/NFS/ttao/scannet/posed_images/scene0445_01/00086.jpg",
      "transform_matrix": [
        [
          -0.003001,
          0.450377,
          -0.892833,
          2.063221
        ],
        [
          0.995733,
          0.08369,
          0.038869,
          2.170636
        ],
        [
          0.092227,
          -0.888908,
          -0.448707,
          1.574435
        ],
        [
          0.0,
          0.0,
          0.0,
          1.0
        ]
      ]
    },
    {
      "file_path": "/media/NFS/ttao/scannet/posed_images/scene0445_01/00088.jpg",
      "transform_matrix": [
        [
          -0.027173,
          0.450657,
          -0.892283,
          2.05812
        ],
        [
          0.995397,
          0.094262,
          0.017294,
          2.188979
        ],
        [
          0.091902,
          -0.887706,
          -0.451145,
          1.57364
        ],
        [
          0.0,
          0.0,
          0.0,
          1.0
        ]
      ]
    },
    {
      "file_path": "/media/NFS/ttao/scannet/posed_images/scene0445_01/00091.jpg",
      "transform_matrix": [
        [
          -Infinity,
          -Infinity,
          -Infinity,
          -Infinity
        ],
        [
          -Infinity,
          -Infinity,
          -Infinity,
          -Infinity
        ],
        [
          -Infinity,
          -Infinity,
          -Infinity,
          -Infinity
        ],
        [
          -Infinity,
          -Infinity,
          -Infinity,
          -Infinity
        ]
      ]
    },
    {
      "file_path": "/media/NFS/ttao/scannet/posed_images/scene0445_01/00093.jpg",
      "transform_matrix": [
        [
          -Infinity,
          -Infinity,
          -Infinity,
          -Infinity
        ],
        [
          -Infinity,
          -Infinity,
          -Infinity,
          -Infinity
        ],
        [
          -Infinity,
          -Infinity,
          -Infinity,
          -Infinity
        ],
        [
          -Infinity,
          -Infinity,
          -Infinity,
          -Infinity
        ]
      ]
    },
    {
      "file_path": "/media/NFS/ttao/scannet/posed_images/scene0445_01/00098.jpg",
      "transform_matrix": [
        [
          -Infinity,
          -Infinity,
          -Infinity,
          -Infinity
        ],
        [
          -Infinity,
          -Infinity,
          -Infinity,
          -Infinity
        ],
        [
          -Infinity,
          -Infinity,
          -Infinity,
          -Infinity
        ],
        [
          -Infinity,
          -Infinity,
          -Infinity,
          -Infinity
        ]
      ]
    },
    {
      "file_path": "/media/NFS/ttao/scannet/posed_images/scene0445_01/00100.jpg",
      "transform_matrix": [
        [
          -Infinity,
          -Infinity,
          -Infinity,
          -Infinity
        ],
        [
          -Infinity,
          -Infinity,
          -Infinity,
          -Infinity
        ],
        [
          -Infinity,
          -Infinity,
          -Infinity,
          -Infinity
        ],
        [
          -Infinity,
          -Infinity,
          -Infinity,
          -Infinity
        ]
      ]
    },
    {
      "file_path": "/media/NFS/ttao/scannet/posed_images/scene0445_01/00103.jpg",
      "transform_matrix": [
        [
          -Infinity,
          -Infinity,
          -Infinity,
          -Infinity
        ],
        [
          -Infinity,
          -Infinity,
          -Infinity,
          -Infinity
        ],
        [
          -Infinity,
          -Infinity,
          -Infinity,
          -Infinity
        ],
        [
          -Infinity,
          -Infinity,
          -Infinity,
          -Infinity
        ]
      ]
    },
    {
      "file_path": "/media/NFS/ttao/scannet/posed_images/scene0445_01/00104.jpg",
      "transform_matrix": [
        [
          -Infinity,
          -Infinity,
          -Infinity,
          -Infinity
        ],
        [
          -Infinity,
          -Infinity,
          -Infinity,
          -Infinity
        ],
        [
          -Infinity,
          -Infinity,
          -Infinity,
          -Infinity
        ],
        [
          -Infinity,
          -Infinity,
          -Infinity,
          -Infinity
        ]
      ]
    },
    {
      "file_path": "/media/NFS/ttao/scannet/posed_images/scene0445_01/00108.jpg",
      "transform_matrix": [
        [
          -Infinity,
          -Infinity,
          -Infinity,
          -Infinity
        ],
        [
          -Infinity,
          -Infinity,
          -Infinity,
          -Infinity
        ],
        [
          -Infinity,
          -Infinity,
          -Infinity,
          -Infinity
        ],
        [
          -Infinity,
          -Infinity,
          -Infinity,
          -Infinity
        ]
      ]
    },
    {
      "file_path": "/media/NFS/ttao/scannet/posed_images/scene0445_01/00110.jpg",
      "transform_matrix": [
        [
          -Infinity,
          -Infinity,
          -Infinity,
          -Infinity
        ],
        [
          -Infinity,
          -Infinity,
          -Infinity,
          -Infinity
        ],
        [
          -Infinity,
          -Infinity,
          -Infinity,
          -Infinity
        ],
        [
          -Infinity,
          -Infinity,
          -Infinity,
          -Infinity
        ]
      ]
    },
    {
      "file_path": "/media/NFS/ttao/scannet/posed_images/scene0445_01/00113.jpg",
      "transform_matrix": [
        [
          -Infinity,
          -Infinity,
          -Infinity,
          -Infinity
        ],
        [
          -Infinity,
          -Infinity,
          -Infinity,
          -Infinity
        ],
        [
          -Infinity,
          -Infinity,
          -Infinity,
          -Infinity
        ],
        [
          -Infinity,
          -Infinity,
          -Infinity,
          -Infinity
        ]
      ]
    },
    {
      "file_path": "/media/NFS/ttao/scannet/posed_images/scene0445_01/00115.jpg",
      "transform_matrix": [
        [
          -Infinity,
          -Infinity,
          -Infinity,
          -Infinity
        ],
        [
          -Infinity,
          -Infinity,
          -Infinity,
          -Infinity
        ],
        [
          -Infinity,
          -Infinity,
          -Infinity,
          -Infinity
        ],
        [
          -Infinity,
          -Infinity,
          -Infinity,
          -Infinity
        ]
      ]
    },
    {
      "file_path": "/media/NFS/ttao/scannet/posed_images/scene0445_01/00118.jpg",
      "transform_matrix": [
        [
          -Infinity,
          -Infinity,
          -Infinity,
          -Infinity
        ],
        [
          -Infinity,
          -Infinity,
          -Infinity,
          -Infinity
        ],
        [
          -Infinity,
          -Infinity,
          -Infinity,
          -Infinity
        ],
        [
          -Infinity,
          -Infinity,
          -Infinity,
          -Infinity
        ]
      ]
    },
    {
      "file_path": "/media/NFS/ttao/scannet/posed_images/scene0445_01/00120.jpg",
      "transform_matrix": [
        [
          -0.38369,
          0.39993,
          -0.832369,
          1.91291
        ],
        [
          0.91667,
          0.274058,
          -0.290873,
          1.958536
        ],
        [
          0.111789,
          -0.874613,
          -0.471758,
          1.568165
        ],
        [
          0.0,
          0.0,
          0.0,
          1.0
        ]
      ]
    },
    {
      "file_path": "/media/NFS/ttao/scannet/posed_images/scene0445_01/00123.jpg",
      "transform_matrix": [
        [
          -0.412951,
          0.394628,
          -0.820817,
          1.893374
        ],
        [
          0.904159,
          0.285893,
          -0.31743,
          1.965993
        ],
        [
          0.109399,
          -0.873232,
          -0.474866,
          1.564893
        ],
        [
          0.0,
          0.0,
          0.0,
          1.0
        ]
      ]
    },
    {
      "file_path": "/media/NFS/ttao/scannet/posed_images/scene0445_01/00126.jpg",
      "transform_matrix": [
        [
          -0.446168,
          0.38275,
          -0.808973,
          1.876233
        ],
        [
          0.887697,
          0.304111,
          -0.345702,
          2.005528
        ],
        [
          0.1137,
          -0.872364,
          -0.475451,
          1.565287
        ],
        [
          0.0,
          0.0,
          0.0,
          1.0
        ]
      ]
    },
    {
      "file_path": "/media/NFS/ttao/scannet/posed_images/scene0445_01/00128.jpg",
      "transform_matrix": [
        [
          -0.478637,
          0.367982,
          -0.79718,
          1.866435
        ],
        [
          0.87074,
          0.315562,
          -0.377139,
          2.026844
        ],
        [
          0.112779,
          -0.874649,
          -0.471456,
          1.567828
        ],
        [
          0.0,
          0.0,
          0.0,
          1.0
        ]
      ]
    },
    {
      "file_path": "/media/NFS/ttao/scannet/posed_images/scene0445_01/00131.jpg",
      "transform_matrix": [
        [
          -0.521926,
          0.356256,
          -0.775032,
          1.850226
        ],
        [
          0.84455,
          0.343334,
          -0.410922,
          2.01647
        ],
        [
          0.119702,
          -0.869025,
          -0.480071,
          1.563685
        ],
        [
          0.0,
          0.0,
          0.0,
          1.0
        ]
      ]
    },
    {
      "file_path": "/media/NFS/ttao/scannet/posed_images/scene0445_01/00132.jpg",
      "transform_matrix": [
        [
          -0.534492,
          0.352261,
          -0.768265,
          1.844859
        ],
        [
          0.836652,
          0.349283,
          -0.421919,
          2.014422
        ],
        [
          0.119717,
          -0.868282,
          -0.481409,
          1.56504
        ],
        [
          0.0,
          0.0,
          0.0,
          1.0
        ]
      ]
    },
    {
      "file_path": "/media/NFS/ttao/scannet/posed_images/scene0445_01/00134.jpg",
      "transform_matrix": [
        [
          -0.561803,
          0.340486,
          -0.753954,
          1.833223
        ],
        [
          0.81903,
          0.35724,
          -0.448964,
          2.019193
        ],
        [
          0.116476,
          -0.869741,
          -0.479567,
          1.570003
        ],
        [
          0.0,
          0.0,
          0.0,
          1.0
        ]
      ]
    },
    {
      "file_path": "/media/NFS/ttao/scannet/posed_images/scene0445_01/00137.jpg",
      "transform_matrix": [
        [
          -0.600284,
          0.320903,
          -0.732585,
          1.81935
        ],
        [
          0.790514,
          0.377144,
          -0.482546,
          2.035846
        ],
        [
          0.121439,
          -0.868783,
          -0.480071,
          1.566328
        ],
        [
          0.0,
          0.0,
          0.0,
          1.0
        ]
      ]
    },
    {
      "file_path": "/media/NFS/ttao/scannet/posed_images/scene0445_01/00139.jpg",
      "transform_matrix": [
        [
          -0.629774,
          0.308541,
          -0.712872,
          1.807368
        ],
        [
          0.766975,
          0.392333,
          -0.507763,
          2.047883
        ],
        [
          0.123017,
          -0.866532,
          -0.483725,
          1.56757
        ],
        [
          0.0,
          0.0,
          0.0,
          1.0
        ]
      ]
    },
    {
      "file_path": "/media/NFS/ttao/scannet/posed_images/scene0445_01/00142.jpg",
      "transform_matrix": [
        [
          -0.669154,
          0.283144,
          -0.687068,
          1.78852
        ],
        [
          0.731858,
          0.411478,
          -0.543204,
          2.086129
        ],
        [
          0.128908,
          -0.866323,
          -0.482563,
          1.572698
        ],
        [
          0.0,
          0.0,
          0.0,
          1.0
        ]
      ]
    },
    {
      "file_path": "/media/NFS/ttao/scannet/posed_images/scene0445_01/00144.jpg",
      "transform_matrix": [
        [
          -0.697717,
          0.271255,
          -0.663032,
          1.777949
        ],
        [
          0.703892,
          0.431607,
          -0.564138,
          2.104193
        ],
        [
          0.133144,
          -0.860312,
          -0.492074,
          1.577011
        ],
        [
          0.0,
          0.0,
          0.0,
          1.0
        ]
      ]
    },
    {
      "file_path": "/media/NFS/ttao/scannet/posed_images/scene0445_01/00147.jpg",
      "transform_matrix": [
        [
          -0.738535,
          0.249379,
          -0.626399,
          1.761165
        ],
        [
          0.658571,
          0.465813,
          -0.591019,
          2.139078
        ],
        [
          0.144397,
          -0.849016,
          -0.508253,
          1.576431
        ],
        [
          0.0,
          0.0,
          0.0,
          1.0
        ]
      ]
    },
    {
      "file_path": "/media/NFS/ttao/scannet/posed_images/scene0445_01/00151.jpg",
      "transform_matrix": [
        [
          -0.77632,
          0.233176,
          -0.585625,
          1.738365
        ],
        [
          0.614713,
          0.485649,
          -0.62151,
          2.181714
        ],
        [
          0.139487,
          -0.842481,
          -0.520355,
          1.578636
        ],
        [
          0.0,
          0.0,
          0.0,
          1.0
        ]
      ]
    },
    {
      "file_path": "/media/NFS/ttao/scannet/posed_images/scene0445_01/00152.jpg",
      "transform_matrix": [
        [
          -0.786228,
          0.228139,
          -0.57428,
          1.733126
        ],
        [
          0.602867,
          0.48718,
          -0.631828,
          2.189591
        ],
        [
          0.135633,
          -0.842976,
          -0.520572,
          1.580702
        ],
        [
          0.0,
          0.0,
          0.0,
          1.0
        ]
      ]
    },
    {
      "file_path": "/media/NFS/ttao/scannet/posed_images/scene0445_01/00154.jpg",
      "transform_matrix": [
        [
          -0.802475,
          0.216156,
          -0.556157,
          1.724253
        ],
        [
          0.581347,
          0.493214,
          -0.647129,
          2.206142
        ],
        [
          0.134423,
          -0.842625,
          -0.521453,
          1.581209
        ],
        [
          0.0,
          0.0,
          0.0,
          1.0
        ]
      ]
    },
    {
      "file_path": "/media/NFS/ttao/scannet/posed_images/scene0445_01/00157.jpg",
      "transform_matrix": [
        [
          -0.821031,
          0.206217,
          -0.532337,
          1.708393
        ],
        [
          0.556576,
          0.496598,
          -0.666043,
          2.221366
        ],
        [
          0.127008,
          -0.843128,
          -0.522498,
          1.585794
        ],
        [
          0.0,
          0.0,
          0.0,
          1.0
        ]
      ]
    },
    {
      "file_path": "/media/NFS/ttao/scannet/posed_images/scene0445_01/00160.jpg",
      "transform_matrix": [
        [
          -0.83934,
          0.187078,
          -0.510402,
          1.69322
        ],
        [
          0.529824,
          0.491617,
          -0.691086,
          2.231808
        ],
        [
          0.121635,
          -0.850479,
          -0.511752,
          1.588025
        ],
        [
          0.0,
          0.0,
          0.0,
          1.0
        ]
      ]
    },
    {
      "file_path": "/media/NFS/ttao/scannet/posed_images/scene0445_01/00162.jpg",
      "transform_matrix": [
        [
          -0.851492,
          0.1724,
          -0.495216,
          1.67946
        ],
        [
          0.510147,
          0.49081,
          -0.706298,
          2.23286
        ],
        [
          0.121291,
          -0.85404,
          -0.50587,
          1.591624
        ],
        [
          0.0,
          0.0,
          0.0,
          1.0
        ]
      ]
    },
    {
      "file_path": "/media/NFS/ttao/scannet/posed_images/scene0445_01/00166.jpg",
      "transform_matrix": [
        [
          -0.875389,
          0.133663,
          -0.464573,
          1.655686
        ],
        [
          0.465286,
          0.4937,
          -0.73469,
          2.225709
        ],
        [
          0.131159,
          -0.859299,
          -0.494371,
          1.583193
        ],
        [
          0.0,
          0.0,
          0.0,
          1.0
        ]
      ]
    },
    {
      "file_path": "/media/NFS/ttao/scannet/posed_images/scene0445_01/00169.jpg",
      "transform_matrix": [
        [
          -0.895082,
          0.098094,
          -0.434979,
          1.64123
        ],
        [
          0.42042,
          0.510707,
          -0.74995,
          2.213992
        ],
        [
          0.148581,
          -0.85414,
          -0.498365,
          1.577715
        ],
        [
          0.0,
          0.0,
          0.0,
          1.0
        ]
      ]
    },
    {
      "file_path": "/media/NFS/ttao/scannet/posed_images/scene0445_01/00171.jpg",
      "transform_matrix": [
        [
          -0.908473,
          0.063703,
          -0.413061,
          1.635638
        ],
        [
          0.382933,
          0.522843,
          -0.761576,
          2.213821
        ],
        [
          0.167452,
          -0.850046,
          -0.499382,
          1.563709
        ],
        [
          0.0,
          0.0,
          0.0,
          1.0
        ]
      ]
    },
    {
      "file_path": "/media/NFS/ttao/scannet/posed_images/scene0445_01/00172.jpg",
      "transform_matrix": [
        [
          -0.915328,
          0.05382,
          -0.399098,
          1.631651
        ],
        [
          0.363766,
          0.535674,
          -0.762056,
          2.208771
        ],
        [
          0.172773,
          -0.842708,
          -0.509894,
          1.560242
        ],
        [
          0.0,
          0.0,
          0.0,
          1.0
        ]
      ]
    },
    {
      "file_path": "/media/NFS/ttao/scannet/posed_images/scene0445_01/00176.jpg",
      "transform_matrix": [
        [
          -0.938185,
          0.005057,
          -0.346098,
          1.614847
        ],
        [
          0.286559,
          0.57219,
          -0.768429,
          2.193282
        ],
        [
          0.194148,
          -0.820105,
          -0.538269,
          1.548185
        ],
        [
          0.0,
          0.0,
          0.0,
          1.0
        ]
      ]
    },
    {
      "file_path": "/media/NFS/ttao/scannet/posed_images/scene0445_01/00179.jpg",
      "transform_matrix": [
        [
          -0.949694,
          -0.011214,
          -0.312979,
          1.603076
        ],
        [
          0.249451,
          0.57715,
          -0.777607,
          2.188987
        ],
        [
          0.189356,
          -0.816562,
          -0.545318,
          1.54088
        ],
        [
          0.0,
          0.0,
          0.0,
          1.0
        ]
      ]
    },
    {
      "file_path": "/media/NFS/ttao/scannet/posed_images/scene0445_01/00181.jpg",
      "transform_matrix": [
        [
          -0.958172,
          -0.0153,
          -0.285785,
          1.593304
        ],
        [
          0.223205,
          0.585051,
          -0.779676,
          2.184872
        ],
        [
          0.179128,
          -0.810852,
          -0.557165,
          1.546299
        ],
        [
          0.0,
          0.0,
          0.0,
          1.0
        ]
      ]
    },
    {
      "file_path": "/media/NFS/ttao/scannet/posed_images/scene0445_01/00182.jpg",
      "transform_matrix": [
        [
          -0.966913,
          -0.015678,
          -0.254626,
          1.588381
        ],
        [
          0.195324,
          0.596543,
          -0.77845,
          2.179049
        ],
        [
          0.164099,
          -0.802428,
          -0.573743,
          1.546172
        ],
        [
          0.0,
          0.0,
          0.0,
          1.0
        ]
      ]
    },
    {
      "file_path": "/media/NFS/ttao/scannet/posed_images/scene0445_01/00186.jpg",
      "transform_matrix": [
        [
          -0.979995,
          -0.035331,
          -0.195859,
          1.58471
        ],
        [
          0.134199,
          0.609422,
          -0.781407,
          2.179656
        ],
        [
          0.146969,
          -0.792059,
          -0.592489,
          1.53838
        ],
        [
          0.0,
          0.0,
          0.0,
          1.0
        ]
      ]
    },
    {
      "file_path": "/media/NFS/ttao/scannet/posed_images/scene0445_01/00189.jpg",
      "transform_matrix": [
        [
          -0.986964,
          -0.052996,
          -0.151963,
          1.581826
        ],
        [
          0.087305,
          0.616917,
          -0.782171,
          2.182478
        ],
        [
          0.135201,
          -0.785242,
          -0.604248,
          1.536983
        ],
        [
          0.0,
          0.0,
          0.0,
          1.0
        ]
      ]
    },
    {
      "file_path": "/media/NFS/ttao/scannet/posed_images/scene0445_01/00191.jpg",
      "transform_matrix": [
        [
          -0.991166,
          -0.059188,
          -0.118686,
          1.577571
        ],
        [
          0.058015,
          0.611244,
          -0.789313,
          2.196239
        ],
        [
          0.119264,
          -0.789226,
          -0.602411,
          1.536269
        ],
        [
          0.0,
          0.0,
          0.0,
          1.0
        ]
      ]
    },
    {
      "file_path": "/media/NFS/ttao/scannet/posed_images/scene0445_01/00193.jpg",
      "transform_matrix": [
        [
          -0.993877,
          -0.071274,
          -0.084433,
          1.574668
        ],
        [
          0.024199,
          0.605186,
          -0.795716,
          2.205997
        ],
        [
          0.107812,
          -0.792887,
          -0.599756,
          1.539539
        ],
        [
          0.0,
          0.0,
          0.0,
          1.0
        ]
      ]
    },
    {
      "file_path": "/media/NFS/ttao/scannet/posed_images/scene0445_01/00195.jpg",
      "transform_matrix": [
