{
  "frames": [
    {
      "file_path": "/media/NFS/ttao/scannet/posed_images/scene0104_00/00002.jpg",
      "transform_matrix": [
        [
          -0.936868,
          0.179689,
          -0.299985,
          1.516465
        ],
        [
          0.349254,
          0.523335,
          -0.777266,
          1.50589
        ],
        [
          0.017327,
          -0.832966,
          -0.553053,
          1.383504
        ],
        [
          0.0,
          0.0,
          0.0,
          1.0
        ]
      ]
    },
    {
      "file_path": "/media/NFS/ttao/scannet/posed_images/scene0104_00/00003.jpg",
      "transform_matrix": [
        [
          -0.936977,
          0.182065,
          -0.298205,
          1.516084
        ],
        [
          0.349103,
          0.5225,
          -0.777896,
          1.508243
        ],
        [
          0.014184,
          -0.832974,
          -0.55313,
          1.382535
        ],
        [
          0.0,
          0.0,
          0.0,
          1.0
        ]
      ]
    },
    {
      "file_path": "/media/NFS/ttao/scannet/posed_images/scene0104_00/00008.jpg",
      "transform_matrix": [
        [
          -0.940528,
          0.178821,
          -0.288844,
          1.517164
        ],
        [
          0.339593,
          0.517852,
          -0.785179,
          1.514414
        ],
        [
          0.009172,
          -0.836572,
          -0.54778,
          1.385297
        ],
        [
          0.0,
          0.0,
          0.0,
          1.0
        ]
      ]
    },
    {
      "file_path": "/media/NFS/ttao/scannet/posed_images/scene0104_00/00010.jpg",
      "transform_matrix": [
        [
          -0.940363,
          0.175311,
          -0.291519,
          1.521104
        ],
        [
          0.339904,
          0.518273,
          -0.784767,
          1.513667
        ],
        [
          0.013508,
          -0.837054,
          -0.546953,
          1.390537
        ],
        [
          0.0,
          0.0,
          0.0,
          1.0
        ]
      ]
    },
    {
      "file_path": "/media/NFS/ttao/scannet/posed_images/scene0104_00/00014.jpg",
      "transform_matrix": [
        [
          -0.940876,
          0.169861,
          -0.293088,
          1.52086
        ],
        [
          0.338506,
          0.504469,
          -0.794308,
          1.520028
        ],
        [
          0.012932,
          -0.846557,
          -0.532142,
          1.397692
        ],
        [
          0.0,
          0.0,
          0.0,
          1.0
        ]
      ]
    },
    {
      "file_path": "/media/NFS/ttao/scannet/posed_images/scene0104_00/00017.jpg",
      "transform_matrix": [
        [
          -0.943752,
          0.160388,
          -0.289152,
          1.521564
        ],
        [
          0.330574,
          0.477094,
          -0.814311,
          1.526908
        ],
        [
          0.007347,
          -0.864093,
          -0.503278,
          1.408613
        ],
        [
          0.0,
          0.0,
          0.0,
          1.0
        ]
      ]
    },
    {
      "file_path": "/media/NFS/ttao/scannet/posed_images/scene0104_00/00022.jpg",
      "transform_matrix": [
        [
          -0.947435,
          0.139023,
          -0.288167,
          1.524721
        ],
        [
          0.319893,
          0.428632,
          -0.844952,
          1.533683
        ],
        [
          0.00605,
          -0.892719,
          -0.450573,
          1.429843
        ],
        [
          0.0,
          0.0,
          0.0,
          1.0
        ]
      ]
    },
    {
      "file_path": "/media/NFS/ttao/scannet/posed_images/scene0104_00/00024.jpg",
      "transform_matrix": [
        [
          -0.947422,
          0.13129,
          -0.291814,
          1.52679
        ],
        [
          0.319909,
          0.408872,
          -0.854682,
          1.534679
        ],
        [
          0.007103,
          -0.903098,
          -0.429375,
          1.439664
        ],
        [
          0.0,
          0.0,
          0.0,
          1.0
        ]
      ]
    },
    {
      "file_path": "/media/NFS/ttao/scannet/posed_images/scene0104_00/00027.jpg",
      "transform_matrix": [
        [
          -0.948738,
          0.121148,
          -0.291925,
          1.527133
        ],
        [
          0.316021,
          0.379143,
          -0.869702,
          1.537158
        ],
        [
          0.005318,
          -0.917373,
          -0.397992,
          1.453445
        ],
        [
          0.0,
          0.0,
          0.0,
          1.0
        ]
      ]
    },
    {
      "file_path": "/media/NFS/ttao/scannet/posed_images/scene0104_00/00030.jpg",
      "transform_matrix": [
        [
          -0.950696,
          0.11181,
          -0.289268,
          1.523383
        ],
        [
          0.310125,
          0.344221,
          -0.886191,
          1.541737
        ],
        [
          0.000487,
          -0.932207,
          -0.361924,
          1.469221
        ],
        [
          0.0,
          0.0,
          0.0,
          1.0
        ]
      ]
    },
    {
      "file_path": "/media/NFS/ttao/scannet/posed_images/scene0104_00/00036.jpg",
      "transform_matrix": [
        [
          -0.955429,
          0.089458,
          -0.281343,
          1.52055
        ],
        [
          0.295208,
          0.279764,
          -0.913556,
          1.55221
        ],
        [
          -0.003015,
          -0.955892,
          -0.293703,
          1.507229
        ],
        [
          0.0,
          0.0,
          0.0,
          1.0
        ]
      ]
    },
    {
      "file_path": "/media/NFS/ttao/scannet/posed_images/scene0104_00/00040.jpg",
      "transform_matrix": [
        [
          -0.956175,
          0.079026,
          -0.281929,
          1.519898
        ],
        [
          0.292704,
          0.233903,
          -0.927153,
          1.562145
        ],
        [
          -0.007325,
          -0.969043,
          -0.246784,
          1.5173
        ],
        [
          0.0,
          0.0,
          0.0,
          1.0
        ]
      ]
    },
    {
      "file_path": "/media/NFS/ttao/scannet/posed_images/scene0104_00/00044.jpg",
      "transform_matrix": [
        [
          -0.954336,
          0.073708,
          -0.2895,
          1.518916
        ],
        [
          0.298653,
          0.212536,
          -0.930395,
          1.568612
        ],
        [
          -0.007049,
          -0.974369,
          -0.224844,
          1.528721
        ],
        [
          0.0,
          0.0,
          0.0,
          1.0
        ]
      ]
    },
    {
      "file_path": "/media/NFS/ttao/scannet/posed_images/scene0104_00/00045.jpg",
      "transform_matrix": [
        [
          -0.953531,
          0.074749,
          -0.291877,
          1.517801
        ],
        [
          0.301187,
          0.210365,
          -0.930071,
          1.569876
        ],
        [
          -0.008122,
          -0.974761,
          -0.223103,
          1.530925
        ],
        [
          0.0,
          0.0,
          0.0,
          1.0
        ]
      ]
    },
    {
      "file_path": "/media/NFS/ttao/scannet/posed_images/scene0104_00/00050.jpg",
      "transform_matrix": [
        [
          -0.949064,
          0.073179,
          -0.306468,
          1.516732
        ],
        [
          0.314994,
          0.197115,
          -0.928399,
          1.578267
        ],
        [
          -0.00753,
          -0.977646,
          -0.210125,
          1.534618
        ],
        [
          0.0,
          0.0,
          0.0,
          1.0
        ]
      ]
    },
    {
      "file_path": "/media/NFS/ttao/scannet/posed_images/scene0104_00/00053.jpg",
      "transform_matrix": [
        [
          -0.948735,
          0.071404,
          -0.3079,
          1.515141
        ],
        [
          0.316008,
          0.194836,
          -0.928535,
          1.581907
        ],
        [
          -0.006311,
          -0.978233,
          -0.207412,
          1.534413
        ],
        [
          0.0,
          0.0,
          0.0,
          1.0
        ]
      ]
    },
    {
      "file_path": "/media/NFS/ttao/scannet/posed_images/scene0104_00/00056.jpg",
      "transform_matrix": [
        [
          -0.948696,
          0.070337,
          -0.308268,
          1.515471
        ],
        [
          0.316117,
          0.189986,
          -0.929503,
          1.58517
        ],
        [
          -0.006812,
          -0.979264,
          -0.202473,
          1.53644
        ],
        [
          0.0,
          0.0,
          0.0,
          1.0
        ]
      ]
    },
    {
      "file_path": "/media/NFS/ttao/scannet/posed_images/scene0104_00/00058.jpg",
      "transform_matrix": [
        [
          -0.947951,
          0.070435,
          -0.31053,
          1.514296
        ],
        [
          0.318346,
          0.188942,
          -0.928955,
          1.587323
        ],
        [
          -0.006759,
          -0.979459,
          -0.20153,
          1.536461
        ],
        [
          0.0,
          0.0,
          0.0,
          1.0
        ]
      ]
    },
    {
      "file_path": "/media/NFS/ttao/scannet/posed_images/scene0104_00/00061.jpg",
      "transform_matrix": [
        [
          -0.944298,
          0.071703,
          -0.321187,
          1.513319
        ],
        [
          0.329083,
          0.197959,
          -0.923318,
          1.589118
        ],
        [
          -0.002623,
          -0.977584,
          -0.210529,
          1.535223
        ],
        [
          0.0,
          0.0,
          0.0,
          1.0
        ]
      ]
    },
    {
      "file_path": "/media/NFS/ttao/scannet/posed_images/scene0104_00/00067.jpg",
      "transform_matrix": [
        [
          -0.931513,
          0.077405,
          -0.355376,
          1.503425
        ],
        [
          0.363662,
          0.213733,
          -0.90668,
          1.593631
        ],
        [
          0.005774,
          -0.973821,
          -0.227245,
          1.531805
        ],
        [
          0.0,
          0.0,
          0.0,
          1.0
        ]
      ]
    },
    {
      "file_path": "/media/NFS/ttao/scannet/posed_images/scene0104_00/00069.jpg",
      "transform_matrix": [
        [
          -0.927162,
          0.07959,
          -0.366109,
          1.497998
        ],
        [
          0.374639,
          0.207293,
          -0.903701,
          1.598294
        ],
        [
          0.003967,
          -0.975036,
          -0.222011,
          1.529233
        ],
        [
          0.0,
          0.0,
          0.0,
          1.0
        ]
      ]
    },
    {
      "file_path": "/media/NFS/ttao/scannet/posed_images/scene0104_00/00073.jpg",
      "transform_matrix": [
        [
          -0.912357,
          0.076258,
          -0.40223,
          1.501984
        ],
        [
          0.409273,
          0.193844,
          -0.891583,
          1.600791
        ],
        [
          0.00998,
          -0.978064,
          -0.208066,
          1.527635
        ],
        [
          0.0,
          0.0,
          0.0,
          1.0
        ]
      ]
    },
    {
      "file_path": "/media/NFS/ttao/scannet/posed_images/scene0104_00/00076.jpg",
      "transform_matrix": [
        [
          -0.903164,
          0.069071,
          -0.423704,
          1.500845
        ],
        [
          0.42882,
          0.191662,
          -0.882825,
          1.600872
        ],
        [
          0.02023,
          -0.979028,
          -0.202721,
          1.526506
        ],
        [
          0.0,
          0.0,
          0.0,
          1.0
        ]
      ]
    },
    {
      "file_path": "/media/NFS/ttao/scannet/posed_images/scene0104_00/00081.jpg",
      "transform_matrix": [
        [
          -0.86989,
          0.070243,
          -0.488219,
          1.512362
        ],
        [
          0.492122,
          0.190375,
          -0.849455,
          1.586091
        ],
        [
          0.033276,
          -0.979195,
          -0.200173,
          1.510855
        ],
        [
          0.0,
          0.0,
          0.0,
          1.0
        ]
      ]
    },
    {
      "file_path": "/media/NFS/ttao/scannet/posed_images/scene0104_00/00082.jpg",
      "transform_matrix": [
        [
          -0.862994,
          0.073014,
          -0.49991,
          1.513268
        ],
        [
          0.504125,
          0.18941,
          -0.842605,
          1.582099
        ],
        [
          0.033166,
          -0.97918,
          -0.200268,
          1.50941
        ],
        [
          0.0,
          0.0,
          0.0,
          1.0
        ]
      ]
    },
    {
      "file_path": "/media/NFS/ttao/scannet/posed_images/scene0104_00/00089.jpg",
      "transform_matrix": [
        [
          -0.801572,
          0.094114,
          -0.590445,
          1.538488
        ],
        [
          0.597346,
          0.168497,
          -0.784083,
          1.536272
        ],
        [
          0.025695,
          -0.981199,
          -0.191281,
          1.505419
        ],
        [
          0.0,
          0.0,
          0.0,
          1.0
        ]
      ]
    },
    {
      "file_path": "/media/NFS/ttao/scannet/posed_images/scene0104_00/00092.jpg",
      "transform_matrix": [
        [
          -0.774809,
          0.112373,
          -0.622129,
          1.560484
        ],
        [
          0.632182,
          0.144171,
          -0.761289,
          1.508109
        ],
        [
          0.004145,
          -0.983152,
          -0.182745,
          1.504323
        ],
        [
          0.0,
          0.0,
          0.0,
          1.0
        ]
      ]
    },
    {
      "file_path": "/media/NFS/ttao/scannet/posed_images/scene0104_00/00093.jpg",
      "transform_matrix": [
        [
          -0.76616,
          0.116833,
          -0.631941,
          1.568084
        ],
        [
          0.64265,
          0.139225,
          -0.753403,
          1.49897
        ],
        [
          -4.1e-05,
          -0.983345,
          -0.181752,
          1.503122
        ],
        [
          0.0,
          0.0,
          0.0,
          1.0
        ]
      ]
    },
    {
      "file_path": "/media/NFS/ttao/scannet/posed_images/scene0104_00/00097.jpg",
      "transform_matrix": [
        [
          -0.73307,
          0.131635,
          -0.667294,
          1.595509
        ],
        [
          0.680118,
          0.131785,
          -0.721161,
          1.46645
        ],
        [
          -0.006991,
          -0.982499,
          -0.186135,
          1.498059
        ],
        [
          0.0,
          0.0,
          0.0,
          1.0
        ]
      ]
    },
    {
      "file_path": "/media/NFS/ttao/scannet/posed_images/scene0104_00/00100.jpg",
      "transform_matrix": [
        [
          -0.709122,
          0.120985,
          -0.694628,
          1.617211
        ],
        [
          0.705079,
          0.117258,
          -0.699367,
          1.443731
        ],
        [
          -0.003162,
          -0.985704,
          -0.168455,
          1.506441
        ],
        [
          0.0,
          0.0,
          0.0,
          1.0
        ]
      ]
    },
    {
      "file_path": "/media/NFS/ttao/scannet/posed_images/scene0104_00/00106.jpg",
      "transform_matrix": [
        [
          -0.670859,
          0.103085,
          -0.734385,
          1.656937
        ],
        [
          0.741473,
          0.07601,
          -0.666664,
          1.4215
        ],
        [
          -0.012903,
          -0.991764,
          -0.127427,
          1.525627
        ],
        [
          0.0,
          0.0,
          0.0,
          1.0
        ]
      ]
    },
    {
      "file_path": "/media/NFS/ttao/scannet/posed_images/scene0104_00/00109.jpg",
      "transform_matrix": [
        [
          -0.662272,
          0.107567,
          -0.741502,
          1.674922
        ],
        [
          0.749035,
          0.070632,
          -0.658754,
          1.417859
        ],
        [
          -0.018487,
          -0.991686,
          -0.127349,
          1.532979
        ],
        [
          0.0,
          0.0,
          0.0,
          1.0
        ]
      ]
    },
    {
      "file_path": "/media/NFS/ttao/scannet/posed_images/scene0104_00/00113.jpg",
      "transform_matrix": [
        [
          -0.654881,
          0.091443,
          -0.75018,
          1.708927
        ],
        [
          0.7557,
          0.070125,
          -0.651152,
          1.421446
        ],
        [
          -0.006936,
          -0.993338,
          -0.115027,
          1.529115
        ],
        [
          0.0,
          0.0,
          0.0,
          1.0
        ]
      ]
    },
    {
      "file_path": "/media/NFS/ttao/scannet/posed_images/scene0104_00/00114.jpg",
      "transform_matrix": [
        [
          -0.652678,
          0.093264,
          -0.751874,
          1.716589
        ],
        [
          0.757621,
          0.074085,
          -0.648477,
          1.424961
        ],
        [
          -0.004777,
          -0.992881,
          -0.119012,
          1.527511
        ],
        [
          0.0,
          0.0,
          0.0,
          1.0
        ]
      ]
    },
    {
      "file_path": "/media/NFS/ttao/scannet/posed_images/scene0104_00/00118.jpg",
      "transform_matrix": [
        [
          -0.643009,
          0.12702,
          -0.755252,
          1.751307
        ],
        [
          0.765859,
          0.106656,
          -0.634102,
          1.438406
        ],
        [
          9e-06,
          -0.986149,
          -0.16586,
          1.516579
        ],
        [
          0.0,
          0.0,
          0.0,
          1.0
        ]
      ]
    },
    {
      "file_path": "/media/NFS/ttao/scannet/posed_images/scene0104_00/00121.jpg",
      "transform_matrix": [
        [
          -0.642098,
          0.163175,
          -0.749056,
          1.783346
        ],
        [
          0.766612,
          0.141982,
          -0.626217,
          1.449104
        ],
        [
          0.00417,
          -0.976327,
          -0.216258,
          1.497973
        ],
        [
          0.0,
          0.0,
          0.0,
          1.0
        ]
      ]
    },
    {
      "file_path": "/media/NFS/ttao/scannet/posed_images/scene0104_00/00127.jpg",
      "transform_matrix": [
        [
          -0.629879,
          0.237062,
          -0.739631,
          1.857474
        ],
        [
          0.776668,
          0.199918,
          -0.597343,
          1.466131
        ],
        [
          0.006258,
          -0.950702,
          -0.310043,
          1.454184
        ],
        [
          0.0,
          0.0,
          0.0,
          1.0
        ]
      ]
    },
    {
      "file_path": "/media/NFS/ttao/scannet/posed_images/scene0104_00/00130.jpg",
      "transform_matrix": [
        [
          -0.63048,
          0.276455,
          -0.725305,
          1.894127
        ],
        [
          0.77612,
          0.238398,
          -0.583784,
          1.463315
        ],
        [
          0.011521,
          -0.930988,
          -0.364868,
          1.459961
        ],
        [
          0.0,
          0.0,
          0.0,
          1.0
        ]
      ]
    },
    {
      "file_path": "/media/NFS/ttao/scannet/posed_images/scene0104_00/00131.jpg",
      "transform_matrix": [
        [
          -0.629304,
          0.287191,
          -0.722148,
          1.906317
        ],
        [
          0.777077,
          0.246045,
          -0.579321,
          1.463105
        ],
        [
          0.011305,
          -0.925734,
          -0.378007,
          1.458383
        ],
        [
          0.0,
          0.0,
          0.0,
          1.0
        ]
      ]
    },
    {
      "file_path": "/media/NFS/ttao/scannet/posed_images/scene0104_00/00135.jpg",
      "transform_matrix": [
        [
          -0.629528,
          0.320037,
          -0.708005,
          1.950561
        ],
        [
          0.776847,
          0.275943,
          -0.566007,
          1.46543
        ],
        [
          0.014226,
          -0.906329,
          -0.422334,
          1.447275
        ],
        [
          0.0,
          0.0,
          0.0,
          1.0
        ]
      ]
    },
    {
      "file_path": "/media/NFS/ttao/scannet/posed_images/scene0104_00/00141.jpg",
      "transform_matrix": [
        [
          -0.588267,
          0.367298,
          -0.72044,
          2.015276
        ],
        [
          0.808377,
          0.290933,
          -0.511747,
          1.442536
        ],
        [
          0.021636,
          -0.883431,
          -0.468062,
          1.412903
        ],
        [
          0.0,
          0.0,
          0.0,
          1.0
        ]
      ]
    },
    {
      "file_path": "/media/NFS/ttao/scannet/posed_images/scene0104_00/00144.jpg",
      "transform_matrix": [
        [
          -0.561855,
          0.396099,
          -0.726239,
          2.045599
        ],
        [
          0.827206,
          0.276432,
          -0.489199,
          1.432279
        ],
        [
          0.006985,
          -0.875609,
          -0.482971,
          1.393531
        ],
        [
          0.0,
          0.0,
          0.0,
          1.0
        ]
      ]
    },
    {
      "file_path": "/media/NFS/ttao/scannet/posed_images/scene0104_00/00147.jpg",
      "transform_matrix": [
        [
          -0.540754,
          0.421241,
          -0.728108,
          2.074058
        ],
        [
          0.841181,
          0.270481,
          -0.468247,
          1.417906
        ],
        [
          -0.000306,
          -0.865677,
          -0.500604,
          1.382486
        ],
        [
          0.0,
          0.0,
          0.0,
          1.0
        ]
      ]
    },
    {
      "file_path": "/media/NFS/ttao/scannet/posed_images/scene0104_00/00149.jpg",
      "transform_matrix": [
        [
          -0.533084,
          0.433364,
          -0.726648,
          2.095074
        ],
        [
          0.846036,
          0.266316,
          -0.461842,
          1.413982
        ],
        [
          -0.006628,
          -0.860971,
          -0.508611,
          1.373634
        ],
        [
          0.0,
          0.0,
          0.0,
          1.0
        ]
      ]
    },
    {
      "file_path": "/media/NFS/ttao/scannet/posed_images/scene0104_00/00153.jpg",
      "transform_matrix": [
        [
          -0.508416,
          0.466304,
          -0.723929,
          2.127469
        ],
        [
          0.861019,
          0.262945,
          -0.435323,
          1.4036
        ],
        [
          -0.012639,
          -0.844642,
          -0.535182,
          1.373967
        ],
        [
          0.0,
          0.0,
          0.0,
          1.0
        ]
      ]
    },
    {
      "file_path": "/media/NFS/ttao/scannet/posed_images/scene0104_00/00156.jpg",
      "transform_matrix": [
        [
          -0.470763,
          0.461969,
          -0.751643,
          2.15416
        ],
        [
          0.882169,
          0.258683,
          -0.393523,
          1.409859
        ],
        [
          0.012641,
          -0.848333,
          -0.529313,
          1.379497
        ],
        [
          0.0,
          0.0,
          0.0,
          1.0
        ]
      ]
    },
    {
      "file_path": "/media/NFS/ttao/scannet/posed_images/scene0104_00/00162.jpg",
      "transform_matrix": [
        [
          -0.386331,
          0.450183,
          -0.805037,
          2.21393
        ],
        [
          0.92188,
          0.216632,
          -0.321261,
          1.438529
        ],
        [
          0.029771,
          -0.86626,
          -0.498706,
          1.393613
        ],
        [
          0.0,
          0.0,
          0.0,
          1.0
        ]
      ]
    },
    {
      "file_path": "/media/NFS/ttao/scannet/posed_images/scene0104_00/00165.jpg",
      "transform_matrix": [
        [
          -0.343222,
          0.445523,
          -0.826866,
          2.246191
        ],
        [
          0.938921,
          0.186184,
          -0.289417,
          1.462362
        ],
        [
          0.025007,
          -0.875697,
          -0.482214,
          1.392582
        ],
        [
          0.0,
          0.0,
          0.0,
          1.0
        ]
      ]
    },
    {
      "file_path": "/media/NFS/ttao/scannet/posed_images/scene0104_00/00169.jpg",
      "transform_matrix": [
        [
          -0.269955,
          0.444017,
          -0.854385,
          2.287311
        ],
        [
          0.962599,
          0.145596,
          -0.228482,
          1.495356
        ],
        [
          0.022945,
          -0.88411,
          -0.466715,
          1.397674
        ],
        [
          0.0,
          0.0,
          0.0,
          1.0
        ]
      ]
    },
    {
      "file_path": "/media/NFS/ttao/scannet/posed_images/scene0104_00/00170.jpg",
      "transform_matrix": [
        [
          -0.233113,
          0.448088,
          -0.863062,
          2.313976
        ],
        [
          0.972177,
          0.128408,
          -0.195917,
          1.47541
        ],
        [
          0.023036,
          -0.884719,
          -0.465555,
          1.396793
        ],
        [
          0.0,
          0.0,
          0.0,
          1.0
        ]
      ]
    },
    {
      "file_path": "/media/NFS/ttao/scannet/posed_images/scene0104_00/00173.jpg",
      "transform_matrix": [
        [
          -0.164839,
          0.442337,
          -0.88157,
          2.343181
        ],
        [
          0.985992,
          0.096964,
          -0.135712,
          1.497803
        ],
        [
          0.02545,
          -0.891592,
          -0.452125,
          1.401036
        ],
        [
          0.0,
          0.0,
          0.0,
          1.0
        ]
      ]
    },
    {
      "file_path": "/media/NFS/ttao/scannet/posed_images/scene0104_00/00177.jpg",
      "transform_matrix": [
        [
          -0.098681,
          0.429667,
          -0.897579,
          2.379719
        ],
        [
          0.994997,
          0.056723,
          -0.082238,
          1.522548
        ],
        [
          0.015578,
          -0.901204,
          -0.433115,
          1.405739
        ],
        [
          0.0,
          0.0,
          0.0,
          1.0
        ]
      ]
    },
    {
      "file_path": "/media/NFS/ttao/scannet/posed_images/scene0104_00/00182.jpg",
      "transform_matrix": [
        [
          -0.053661,
          0.402806,
          -0.913711,
          2.414326
        ],
        [
          0.99854,
          0.027267,
          -0.046623,
          1.527727
        ],
        [
          0.006134,
          -0.914879,
          -0.403681,
          1.429794
        ],
        [
          0.0,
          0.0,
          0.0,
          1.0
        ]
      ]
    },
    {
      "file_path": "/media/NFS/ttao/scannet/posed_images/scene0104_00/00185.jpg",
      "transform_matrix": [
        [
          -0.045705,
          0.376703,
          -0.925206,
          2.428881
        ],
        [
          0.998949,
          0.014187,
          -0.043572,
          1.539118
        ],
        [
          -0.003288,
          -0.926226,
          -0.376955,
          1.439048
        ],
        [
          0.0,
          0.0,
          0.0,
          1.0
        ]
      ]
    },
    {
      "file_path": "/media/NFS/ttao/scannet/posed_images/scene0104_00/00189.jpg",
      "transform_matrix": [
        [
          -0.050796,
          0.343631,
          -0.93773,
          2.444772
        ],
        [
          0.998643,
          0.006677,
          -0.051649,
          1.547422
        ],
        [
          -0.011487,
          -0.939081,
          -0.343504,
          1.455548
        ],
        [
          0.0,
          0.0,
          0.0,
          1.0
        ]
      ]
    },
    {
      "file_path": "/media/NFS/ttao/scannet/posed_images/scene0104_00/00193.jpg",
      "transform_matrix": [
        [
          -0.058972,
          0.299768,
          -0.952188,
          2.467229
        ],
        [
          0.998181,
          0.00577,
          -0.060004,
          1.547152
        ],
        [
          -0.012493,
          -0.953995,
          -0.299563,
          1.47068
        ],
        [
          0.0,
          0.0,
          0.0,
          1.0
        ]
      ]
    },
    {
      "file_path": "/media/NFS/ttao/scannet/posed_images/scene0104_00/00194.jpg",
      "transform_matrix": [
        [
          -0.061616,
          0.28993,
          -0.955062,
          2.472127
        ],
        [
          0.998032,
          0.006758,
          -0.062336,
          1.545936
        ],
        [
          -0.011619,
          -0.957024,
          -0.289776,
          1.474397
        ],
        [
          0.0,
          0.0,
          0.0,
          1.0
        ]
      ]
    },
    {
      "file_path": "/media/NFS/ttao/scannet/posed_images/scene0104_00/00200.jpg",
      "transform_matrix": [
        [
          -0.087642,
          0.230146,
          -0.969202,
          2.499987
        ],
        [
          0.996098,
          0.010125,
          -0.08767,
          1.557583
        ],
        [
          -0.010364,
          -0.973104,
          -0.230135,
          1.47286
        ],
        [
          0.0,
          0.0,
          0.0,
          1.0
        ]
      ]
    },
    {
      "file_path": "/media/NFS/ttao/scannet/posed_images/scene0104_00/00201.jpg",
      "transform_matrix": [
        [
          -0.089363,
          0.22437,
          -0.970398,
          2.501461
        ],
        [
          0.995943,
          0.009841,
          -0.08944,
          1.560053
        ],
        [
          -0.010518,
          -0.974455,
          -0.224339,
          1.476911
        ],
        [
          0.0,
          0.0,
          0.0,
          1.0
        ]
      ]
    },
    {
      "file_path": "/media/NFS/ttao/scannet/posed_images/scene0104_00/00206.jpg",
      "transform_matrix": [
        [
          -0.083422,
          0.191306,
          -0.977979,
          2.51157
        ],
        [
          0.99648,
          0.007836,
          -0.083468,
          1.563884
        ],
        [
          -0.008305,
          -0.981499,
          -0.191286,
          1.487958
        ],
        [
          0.0,
          0.0,
          0.0,
          1.0
        ]
      ]
    },
    {
      "file_path": "/media/NFS/ttao/scannet/posed_images/scene0104_00/00207.jpg",
      "transform_matrix": [
        [
          -0.082802,
          0.186263,
          -0.979005,
          2.513356
        ],
        [
          0.996533,
          0.007455,
          -0.082866,
          1.563962
        ],
        [
          -0.008136,
          -0.982472,
          -0.186235,
          1.492017
        ],
        [
          0.0,
          0.0,
          0.0,
          1.0
        ]
      ]
    },
    {
      "file_path": "/media/NFS/ttao/scannet/posed_images/scene0104_00/00214.jpg",
      "transform_matrix": [
        [
          -0.104337,
          0.13557,
          -0.985259,
          2.515384
        ],
        [
          0.994542,
          0.01413,
          -0.103376,
          1.557429
        ],
        [
          -9.3e-05,
          -0.990667,
          -0.136304,
          1.497191
        ],
        [
          0.0,
          0.0,
          0.0,
          1.0
        ]
      ]
    },
    {
      "file_path": "/media/NFS/ttao/scannet/posed_images/scene0104_00/00215.jpg",
      "transform_matrix": [
        [
          -0.10766,
          0.130534,
          -0.985581,
          2.513628
        ],
        [
          0.994185,
          0.016304,
          -0.106441,
          1.557271
        ],
        [
          0.002174,
          -0.99131,
          -0.131531,
          1.497792
        ],
        [
          0.0,
          0.0,
          0.0,
          1.0
        ]
      ]
    },
    {
      "file_path": "/media/NFS/ttao/scannet/posed_images/scene0104_00/00218.jpg",
      "transform_matrix": [
        [
          -0.110653,
          0.105393,
          -0.988255,
          2.509404
        ],
        [
          0.993838,
          0.018286,
          -0.109327,
          1.546914
        ],
        [
          0.006549,
          -0.994263,
          -0.106767,
          1.510318
        ],
        [
          0.0,
          0.0,
          0.0,
          1.0
        ]
      ]
    },
    {
      "file_path": "/media/NFS/ttao/scannet/posed_images/scene0104_00/00223.jpg",
      "transform_matrix": [
        [
          -0.08361,
          0.041865,
          -0.995619,
          2.507052
        ],
        [
          0.996497,
          0.004973,
          -0.083475,
          1.52927
        ],
        [
          0.001456,
          -0.999111,
          -0.042134,
          1.517507
        ],
        [
          0.0,
          0.0,
          0.0,
          1.0
        ]
      ]
    },
    {
      "file_path": "/media/NFS/ttao/scannet/posed_images/scene0104_00/00227.jpg",
      "transform_matrix": [
        [
          -0.046305,
          0.009265,
          -0.998884,
          2.497466
        ],
        [
          0.998912,
          -0.005076,
          -0.046353,
          1.502141
        ],
        [
          -0.0055,
          -0.999944,
          -0.00902,
          1.527688
        ],
        [
          0.0,
          0.0,
          0.0,
          1.0
        ]
      ]
    },
    {
      "file_path": "/media/NFS/ttao/scannet/posed_images/scene0104_00/00229.jpg",
      "transform_matrix": [
        [
          -0.034258,
          -0.000667,
          -0.999413,
          2.492883
        ],
        [
          0.999357,
          -0.010641,
          -0.034249,
          1.489473
        ],
        [
          -0.010612,
          -0.999943,
          0.001031,
          1.528069
        ],
        [
          0.0,
          0.0,
          0.0,
          1.0
        ]
      ]
    },
    {
      "file_path": "/media/NFS/ttao/scannet/posed_images/scene0104_00/00232.jpg",
      "transform_matrix": [
        [
          -0.003323,
          -0.007183,
          -0.999969,
          2.493226
        ],
        [
          0.999777,
          -0.020873,
          -0.003172,
          1.463995
        ],
        [
          -0.02085,
          -0.999756,
          0.00725,
          1.535804
        ],
        [
          0.0,
          0.0,
          0.0,
          1.0
        ]
      ]
    },
    {
      "file_path": "/media/NFS/ttao/scannet/posed_images/scene0104_00/00235.jpg",
      "transform_matrix": [
        [
          0.046018,
          -0.002345,
          -0.998938,
          2.487078
        ],
        [
          0.998737,
          -0.020102,
          0.046056,
          1.444484
        ],
        [
          -0.020189,
          -0.999795,
          0.001417,
          1.532706
        ],
        [
          0.0,
          0.0,
          0.0,
          1.0
        ]
      ]
    },
    {
      "file_path": "/media/NFS/ttao/scannet/posed_images/scene0104_00/00242.jpg",
      "transform_matrix": [
        [
          0.155755,
          0.032859,
          -0.987249,
          2.476765
        ],
        [
          0.987665,
          0.011079,
          0.156189,
          1.397784
        ],
        [
          0.01607,
          -0.999399,
          -0.030728,
          1.531972
        ],
        [
          0.0,
          0.0,
          0.0,
          1.0
        ]
      ]
    },
    {
      "file_path": "/media/NFS/ttao/scannet/posed_images/scene0104_00/00243.jpg",
      "transform_matrix": [
        [
          0.16487,
          0.035242,
          -0.985685,
          2.476557
        ],
        [
          0.986142,
          0.012853,
          0.165406,
          1.395115
        ],
        [
          0.018498,
          -0.999296,
          -0.032635,
          1.529525
        ],
        [
          0.0,
          0.0,
          0.0,
          1.0
        ]
      ]
    },
    {
      "file_path": "/media/NFS/ttao/scannet/posed_images/scene0104_00/00248.jpg",
      "transform_matrix": [
        [
          0.23596,
          0.052071,
          -0.970367,
          2.468854
        ],
        [
          0.971396,
          0.014802,
          0.237004,
          1.378604
        ],
        [
          0.026705,
          -0.998534,
          -0.047089,
          1.516264
        ],
        [
          0.0,
          0.0,
          0.0,
          1.0
        ]
      ]
    },
    {
      "file_path": "/media/NFS/ttao/scannet/posed_images/scene0104_00/00251.jpg",
      "transform_matrix": [
        [
          0.260432,
          0.050907,
          -0.964149,
          2.456291
        ],
        [
          0.965324,
          0.004915,
          0.261009,
          1.367319
        ],
        [
          0.018026,
          -0.998691,
          -0.047862,
          1.513121
        ],
        [
          0.0,
          0.0,
          0.0,
          1.0
        ]
      ]
    },
    {
      "file_path": "/media/NFS/ttao/scannet/posed_images/scene0104_00/00254.jpg",
      "transform_matrix": [
        [
          0.267344,
          0.054089,
          -0.962082,
          2.445531
        ],
        [
          0.963528,
          -0.002708,
          0.267594,
          1.350285
        ],
        [
          0.011868,
          -0.998533,
          -0.05284,
          1.508629
        ],
        [
          0.0,
          0.0,
          0.0,
          1.0
        ]
      ]
    },
    {
      "file_path": "/media/NFS/ttao/scannet/posed_images/scene0104_00/00256.jpg",
      "transform_matrix": [
        [
          0.278769,
          0.049083,
          -0.959103,
          2.436644
        ],
        [
          0.960314,
          -0.004713,
          0.27888,
          1.336227
        ],
        [
          0.009168,
          -0.998784,
          -0.048449,
          1.504737
        ],
        [
          0.0,
          0.0,
          0.0,
          1.0
        ]
      ]
    },
    {
      "file_path": "/media/NFS/ttao/scannet/posed_images/scene0104_00/00263.jpg",
      "transform_matrix": [
        [
          0.298729,
          0.093759,
          -0.949721,
          2.376647
        ],
        [
          0.953977,
          -0.001969,
          0.299873,
          1.301622
        ],
        [
          0.026246,
          -0.995593,
          -0.090032,
          1.481444
        ],
        [
          0.0,
          0.0,
          0.0,
          1.0
        ]
      ]
    },
    {
      "file_path": "/media/NFS/ttao/scannet/posed_images/scene0104_00/00265.jpg",
      "transform_matrix": [
        [
          0.303643,
          0.096117,
          -0.947925,
          2.352216
        ],
        [
          0.952398,
          -0.002225,
          0.30485,
          1.291404
        ],
        [
          0.027192,
          -0.995368,
          -0.092217,
          1.475078
        ],
        [
          0.0,
          0.0,
          0.0,
          1.0
        ]
      ]
    },
    {
      "file_path": "/media/NFS/ttao/scannet/posed_images/scene0104_00/00268.jpg",
      "transform_matrix": [
        [
          0.316206,
          0.103619,
          -0.943015,
          2.310665
        ],
        [
          0.947966,
          0.00433,
          0.318342,
          1.280787
        ],
        [
          0.03707,
          -0.994608,
          -0.096858,
