{
  "frames": [
    {
      "file_path": "/media/NFS/ttao/scannet/posed_images/scene0456_00/00000.jpg",
      "transform_matrix": [
        [
          -0.23925,
          0.539752,
          -0.80711,
          4.547609
        ],
        [
          0.968442,
          0.072847,
          -0.238357,
          2.035405
        ],
        [
          -0.069858,
          -0.838666,
          -0.540147,
          1.332985
        ],
        [
          0.0,
          0.0,
          0.0,
          1.0
        ]
      ]
    },
    {
      "file_path": "/media/NFS/ttao/scannet/posed_images/scene0456_00/00004.jpg",
      "transform_matrix": [
        [
          -0.232412,
          0.5271,
          -0.817405,
          4.54591
        ],
        [
          0.970683,
          0.072724,
          -0.229097,
          2.034209
        ],
        [
          -0.061312,
          -0.846686,
          -0.528549,
          1.33455
        ],
        [
          0.0,
          0.0,
          0.0,
          1.0
        ]
      ]
    },
    {
      "file_path": "/media/NFS/ttao/scannet/posed_images/scene0456_00/00008.jpg",
      "transform_matrix": [
        [
          -0.222082,
          0.518301,
          -0.825859,
          4.544094
        ],
        [
          0.972949,
          0.062514,
          -0.222402,
          2.027128
        ],
        [
          -0.063643,
          -0.852911,
          -0.518164,
          1.338276
        ],
        [
          0.0,
          0.0,
          0.0,
          1.0
        ]
      ]
    },
    {
      "file_path": "/media/NFS/ttao/scannet/posed_images/scene0456_00/00012.jpg",
      "transform_matrix": [
        [
          -0.152177,
          0.514133,
          -0.844103,
          4.531415
        ],
        [
          0.986998,
          0.034348,
          -0.157018,
          1.918085
        ],
        [
          -0.051735,
          -0.857022,
          -0.512676,
          1.345887
        ],
        [
          0.0,
          0.0,
          0.0,
          1.0
        ]
      ]
    },
    {
      "file_path": "/media/NFS/ttao/scannet/posed_images/scene0456_00/00021.jpg",
      "transform_matrix": [
        [
          -0.149382,
          0.496483,
          -0.855097,
          4.515451
        ],
        [
          0.987233,
          0.026533,
          -0.157059,
          1.85731
        ],
        [
          -0.055289,
          -0.867641,
          -0.494108,
          1.34225
        ],
        [
          0.0,
          0.0,
          0.0,
          1.0
        ]
      ]
    },
    {
      "file_path": "/media/NFS/ttao/scannet/posed_images/scene0456_00/00022.jpg",
      "transform_matrix": [
        [
          -0.147788,
          0.495809,
          -0.855764,
          4.510824
        ],
        [
          0.98745,
          0.02525,
          -0.1559,
          1.851139
        ],
        [
          -0.055689,
          -0.868065,
          -0.493318,
          1.34334
        ],
        [
          0.0,
          0.0,
          0.0,
          1.0
        ]
      ]
    },
    {
      "file_path": "/media/NFS/ttao/scannet/posed_images/scene0456_00/00026.jpg",
      "transform_matrix": [
        [
          -0.132666,
          0.484799,
          -0.864506,
          4.497045
        ],
        [
          0.98944,
          0.013394,
          -0.144327,
          1.828319
        ],
        [
          -0.05839,
          -0.874523,
          -0.481456,
          1.347317
        ],
        [
          0.0,
          0.0,
          0.0,
          1.0
        ]
      ]
    },
    {
      "file_path": "/media/NFS/ttao/scannet/posed_images/scene0456_00/00031.jpg",
      "transform_matrix": [
        [
          -0.108984,
          0.462454,
          -0.87992,
          4.469849
        ],
        [
          0.992387,
          -0.000467,
          -0.123159,
          1.813927
        ],
        [
          -0.057366,
          -0.886643,
          -0.458882,
          1.360143
        ],
        [
          0.0,
          0.0,
          0.0,
          1.0
        ]
      ]
    },
    {
      "file_path": "/media/NFS/ttao/scannet/posed_images/scene0456_00/00036.jpg",
      "transform_matrix": [
        [
          -0.101992,
          0.422139,
          -0.900775,
          4.431434
        ],
        [
          0.992941,
          -0.011908,
          -0.118008,
          1.811336
        ],
        [
          -0.060542,
          -0.906453,
          -0.417944,
          1.387249
        ],
        [
          0.0,
          0.0,
          0.0,
          1.0
        ]
      ]
    },
    {
      "file_path": "/media/NFS/ttao/scannet/posed_images/scene0456_00/00042.jpg",
      "transform_matrix": [
        [
          -0.117629,
          0.344711,
          -0.93131,
          4.374768
        ],
        [
          0.991166,
          -0.017108,
          -0.131521,
          1.829745
        ],
        [
          -0.06127,
          -0.938553,
          -0.339653,
          1.409483
        ],
        [
          0.0,
          0.0,
          0.0,
          1.0
        ]
      ]
    },
    {
      "file_path": "/media/NFS/ttao/scannet/posed_images/scene0456_00/00048.jpg",
      "transform_matrix": [
        [
          -0.117519,
          0.316664,
          -0.94123,
          4.324014
        ],
        [
          0.989951,
          -0.037707,
          -0.136288,
          1.85162
        ],
        [
          -0.078649,
          -0.947788,
          -0.30905,
          1.431019
        ],
        [
          0.0,
          0.0,
          0.0,
          1.0
        ]
      ]
    },
    {
      "file_path": "/media/NFS/ttao/scannet/posed_images/scene0456_00/00049.jpg",
      "transform_matrix": [
        [
          -0.116014,
          0.315371,
          -0.94185,
          4.315191
        ],
        [
          0.990262,
          -0.036745,
          -0.134281,
          1.85413
        ],
        [
          -0.076957,
          -0.948257,
          -0.308037,
          1.432423
        ],
        [
          0.0,
          0.0,
          0.0,
          1.0
        ]
      ]
    },
    {
      "file_path": "/media/NFS/ttao/scannet/posed_images/scene0456_00/00053.jpg",
      "transform_matrix": [
        [
          -0.10302,
          0.305963,
          -0.946453,
          4.283327
        ],
        [
          0.992769,
          -0.027322,
          -0.116893,
          1.868805
        ],
        [
          -0.061624,
          -0.951651,
          -0.300936,
          1.4376
        ],
        [
          0.0,
          0.0,
          0.0,
          1.0
        ]
      ]
    },
    {
      "file_path": "/media/NFS/ttao/scannet/posed_images/scene0456_00/00062.jpg",
      "transform_matrix": [
        [
          -0.1056,
          0.249085,
          -0.962707,
          4.23442
        ],
        [
          0.993126,
          -0.022744,
          -0.114821,
          1.911553
        ],
        [
          -0.050496,
          -0.968215,
          -0.244971,
          1.449732
        ],
        [
          0.0,
          0.0,
          0.0,
          1.0
        ]
      ]
    },
    {
      "file_path": "/media/NFS/ttao/scannet/posed_images/scene0456_00/00064.jpg",
      "transform_matrix": [
        [
          -0.104276,
          0.246334,
          -0.963559,
          4.226856
        ],
        [
          0.993307,
          -0.022591,
          -0.113271,
          1.915213
        ],
        [
          -0.04967,
          -0.968922,
          -0.24233,
          1.449563
        ],
        [
          0.0,
          0.0,
          0.0,
          1.0
        ]
      ]
    },
    {
      "file_path": "/media/NFS/ttao/scannet/posed_images/scene0456_00/00071.jpg",
      "transform_matrix": [
        [
          -0.059345,
          0.247296,
          -0.967121,
          4.207818
        ],
        [
          0.997261,
          -0.028164,
          -0.068396,
          1.925213
        ],
        [
          -0.044152,
          -0.968531,
          -0.244947,
          1.450726
        ],
        [
          0.0,
          0.0,
          0.0,
          1.0
        ]
      ]
    },
    {
      "file_path": "/media/NFS/ttao/scannet/posed_images/scene0456_00/00075.jpg",
      "transform_matrix": [
        [
          -0.01943,
          0.232277,
          -0.972456,
          4.198159
        ],
        [
          0.99915,
          -0.030855,
          -0.027333,
          1.919755
        ],
        [
          -0.036354,
          -0.97216,
          -0.23148,
          1.452943
        ],
        [
          0.0,
          0.0,
          0.0,
          1.0
        ]
      ]
    },
    {
      "file_path": "/media/NFS/ttao/scannet/posed_images/scene0456_00/00077.jpg",
      "transform_matrix": [
        [
          0.004885,
          0.228815,
          -0.973458,
          4.192478
        ],
        [
          0.999306,
          -0.037055,
          -0.003695,
          1.916432
        ],
        [
          -0.036917,
          -0.972765,
          -0.228837,
          1.452409
        ],
        [
          0.0,
          0.0,
          0.0,
          1.0
        ]
      ]
    },
    {
      "file_path": "/media/NFS/ttao/scannet/posed_images/scene0456_00/00081.jpg",
      "transform_matrix": [
        [
          0.060352,
          0.228406,
          -0.971694,
          4.198471
        ],
        [
          0.996885,
          -0.063304,
          0.047037,
          1.902071
        ],
        [
          -0.050768,
          -0.971506,
          -0.231515,
          1.460986
        ],
        [
          0.0,
          0.0,
          0.0,
          1.0
        ]
      ]
    },
    {
      "file_path": "/media/NFS/ttao/scannet/posed_images/scene0456_00/00086.jpg",
      "transform_matrix": [
        [
          0.13952,
          0.22118,
          -0.965201,
          4.18804
        ],
        [
          0.988624,
          -0.086426,
          0.1231,
          1.886067
        ],
        [
          -0.056192,
          -0.971396,
          -0.230722,
          1.458122
        ],
        [
          0.0,
          0.0,
          0.0,
          1.0
        ]
      ]
    },
    {
      "file_path": "/media/NFS/ttao/scannet/posed_images/scene0456_00/00090.jpg",
      "transform_matrix": [
        [
          0.195897,
          0.215522,
          -0.956648,
          4.194945
        ],
        [
          0.979145,
          -0.096556,
          0.178751,
          1.864169
        ],
        [
          -0.053845,
          -0.971714,
          -0.229943,
          1.457363
        ],
        [
          0.0,
          0.0,
          0.0,
          1.0
        ]
      ]
    },
    {
      "file_path": "/media/NFS/ttao/scannet/posed_images/scene0456_00/00097.jpg",
      "transform_matrix": [
        [
          0.274637,
          0.220551,
          -0.935912,
          4.178569
        ],
        [
          0.960225,
          -0.113943,
          0.25492,
          1.840374
        ],
        [
          -0.050418,
          -0.968697,
          -0.243071,
          1.447584
        ],
        [
          0.0,
          0.0,
          0.0,
          1.0
        ]
      ]
    },
    {
      "file_path": "/media/NFS/ttao/scannet/posed_images/scene0456_00/00101.jpg",
      "transform_matrix": [
        [
          0.325497,
          0.218768,
          -0.919887,
          4.174437
        ],
        [
          0.944573,
          -0.119293,
          0.305862,
          1.803478
        ],
        [
          -0.042823,
          -0.968457,
          -0.245472,
          1.446621
        ],
        [
          0.0,
          0.0,
          0.0,
          1.0
        ]
      ]
    },
    {
      "file_path": "/media/NFS/ttao/scannet/posed_images/scene0456_00/00105.jpg",
      "transform_matrix": [
        [
          0.365912,
          0.217134,
          -0.904965,
          4.157572
        ],
        [
          0.930279,
          -0.112777,
          0.349088,
          1.778239
        ],
        [
          -0.02626,
          -0.969605,
          -0.243262,
          1.444161
        ],
        [
          0.0,
          0.0,
          0.0,
          1.0
        ]
      ]
    },
    {
      "file_path": "/media/NFS/ttao/scannet/posed_images/scene0456_00/00112.jpg",
      "transform_matrix": [
        [
          0.436045,
          0.236764,
          -0.868221,
          4.14004
        ],
        [
          0.898775,
          -0.163331,
          0.40685,
          1.774256
        ],
        [
          -0.04548,
          -0.95774,
          -0.284018,
          1.431525
        ],
        [
          0.0,
          0.0,
          0.0,
          1.0
        ]
      ]
    },
    {
      "file_path": "/media/NFS/ttao/scannet/posed_images/scene0456_00/00116.jpg",
      "transform_matrix": [
        [
          0.490939,
          0.228922,
          -0.84058,
          4.139034
        ],
        [
          0.870055,
          -0.178158,
          0.459635,
          1.754723
        ],
        [
          -0.044536,
          -0.957003,
          -0.286639,
          1.428174
        ],
        [
          0.0,
          0.0,
          0.0,
          1.0
        ]
      ]
    },
    {
      "file_path": "/media/NFS/ttao/scannet/posed_images/scene0456_00/00118.jpg",
      "transform_matrix": [
        [
          0.513806,
          0.224528,
          -0.828004,
          4.137418
        ],
        [
          0.856482,
          -0.189842,
          0.479999,
          1.747783
        ],
        [
          -0.049417,
          -0.955797,
          -0.289846,
          1.426758
        ],
        [
          0.0,
          0.0,
          0.0,
          1.0
        ]
      ]
    },
    {
      "file_path": "/media/NFS/ttao/scannet/posed_images/scene0456_00/00126.jpg",
      "transform_matrix": [
        [
          0.590297,
          0.203961,
          -0.780993,
          4.141268
        ],
        [
          0.804962,
          -0.220524,
          0.550822,
          1.813221
        ],
        [
          -0.059882,
          -0.953818,
          -0.294355,
          1.428408
        ],
        [
          0.0,
          0.0,
          0.0,
          1.0
        ]
      ]
    },
    {
      "file_path": "/media/NFS/ttao/scannet/posed_images/scene0456_00/00130.jpg",
      "transform_matrix": [
        [
          0.61899,
          0.2016,
          -0.759085,
          4.130958
        ],
        [
          0.78264,
          -0.239268,
          0.574652,
          1.842062
        ],
        [
          -0.065775,
          -0.949794,
          -0.305885,
          1.427378
        ],
        [
          0.0,
          0.0,
          0.0,
          1.0
        ]
      ]
    },
    {
      "file_path": "/media/NFS/ttao/scannet/posed_images/scene0456_00/00134.jpg",
      "transform_matrix": [
        [
          0.66214,
          0.189141,
          -0.725118,
          4.126159
        ],
        [
          0.7464,
          -0.252665,
          0.615668,
          1.829486
        ],
        [
          -0.066764,
          -0.948887,
          -0.308474,
          1.426947
        ],
        [
          0.0,
          0.0,
          0.0,
          1.0
        ]
      ]
    },
    {
      "file_path": "/media/NFS/ttao/scannet/posed_images/scene0456_00/00140.jpg",
      "transform_matrix": [
        [
          0.729053,
          0.166754,
          -0.663834,
          4.123405
        ],
        [
          0.681894,
          -0.260814,
          0.683371,
          1.821562
        ],
        [
          -0.059183,
          -0.950878,
          -0.303856,
          1.42834
        ],
        [
          0.0,
          0.0,
          0.0,
          1.0
        ]
      ]
    },
    {
      "file_path": "/media/NFS/ttao/scannet/posed_images/scene0456_00/00144.jpg",
      "transform_matrix": [
        [
          0.767516,
          0.15924,
          -0.620936,
          4.118572
        ],
        [
          0.638616,
          -0.27391,
          0.719126,
          1.814135
        ],
        [
          -0.055567,
          -0.948481,
          -0.311924,
          1.427779
        ],
        [
          0.0,
          0.0,
          0.0,
          1.0
        ]
      ]
    },
    {
      "file_path": "/media/NFS/ttao/scannet/posed_images/scene0456_00/00146.jpg",
      "transform_matrix": [
        [
          0.782135,
          0.157686,
          -0.602827,
          4.108924
        ],
        [
          0.620553,
          -0.284663,
          0.730672,
          1.815879
        ],
        [
          -0.056386,
          -0.94557,
          -0.320497,
          1.429717
        ],
        [
          0.0,
          0.0,
          0.0,
          1.0
        ]
      ]
    },
    {
      "file_path": "/media/NFS/ttao/scannet/posed_images/scene0456_00/00149.jpg",
      "transform_matrix": [
        [
          0.80052,
          0.148356,
          -0.580653,
          4.115531
        ],
        [
          0.596535,
          -0.29031,
          0.748242,
          1.811711
        ],
        [
          -0.057564,
          -0.945363,
          -0.320898,
          1.429124
        ],
        [
          0.0,
          0.0,
          0.0,
          1.0
        ]
      ]
    },
    {
      "file_path": "/media/NFS/ttao/scannet/posed_images/scene0456_00/00156.jpg",
      "transform_matrix": [
        [
          0.842299,
          0.144013,
          -0.519416,
          4.109979
        ],
        [
          0.536036,
          -0.324914,
          0.779164,
          1.802817
        ],
        [
          -0.056555,
          -0.934715,
          -0.350871,
          1.419615
        ],
        [
          0.0,
          0.0,
          0.0,
          1.0
        ]
      ]
    },
    {
      "file_path": "/media/NFS/ttao/scannet/posed_images/scene0456_00/00159.jpg",
      "transform_matrix": [
        [
          0.864309,
          0.148926,
          -0.480408,
          4.110557
        ],
        [
          0.501639,
          -0.324467,
          0.801922,
          1.801141
        ],
        [
          -0.03645,
          -0.9341,
          -0.355147,
          1.413518
        ],
        [
          0.0,
          0.0,
          0.0,
          1.0
        ]
      ]
    },
    {
      "file_path": "/media/NFS/ttao/scannet/posed_images/scene0456_00/00164.jpg",
      "transform_matrix": [
        [
          0.892682,
          0.142243,
          -0.427652,
          4.125047
        ],
        [
          0.450023,
          -0.332837,
          0.828673,
          1.803729
        ],
        [
          -0.024465,
          -0.932194,
          -0.36113,
          1.409598
        ],
        [
          0.0,
          0.0,
          0.0,
          1.0
        ]
      ]
    },
    {
      "file_path": "/media/NFS/ttao/scannet/posed_images/scene0456_00/00171.jpg",
      "transform_matrix": [
        [
          0.922173,
          0.107748,
          -0.371465,
          4.167825
        ],
        [
          0.38494,
          -0.349152,
          0.85435,
          1.784298
        ],
        [
          -0.037643,
          -0.930851,
          -0.363456,
          1.41116
        ],
        [
          0.0,
          0.0,
          0.0,
          1.0
        ]
      ]
    },
    {
      "file_path": "/media/NFS/ttao/scannet/posed_images/scene0456_00/00174.jpg",
      "transform_matrix": [
        [
          0.92984,
          0.102386,
          -0.353432,
          4.194297
        ],
        [
          0.365968,
          -0.357225,
          0.859336,
          1.774924
        ],
        [
          -0.038271,
          -0.92839,
          -0.369632,
          1.407867
        ],
        [
          0.0,
          0.0,
          0.0,
          1.0
        ]
      ]
    },
    {
      "file_path": "/media/NFS/ttao/scannet/posed_images/scene0456_00/00181.jpg",
      "transform_matrix": [
        [
          0.945283,
          0.081014,
          -0.316033,
          4.260612
        ],
        [
          0.321704,
          -0.392639,
          0.861593,
          1.754152
        ],
        [
          -0.054285,
          -0.916118,
          -0.397217,
          1.397609
        ],
        [
          0.0,
          0.0,
          0.0,
          1.0
        ]
      ]
    },
    {
      "file_path": "/media/NFS/ttao/scannet/posed_images/scene0456_00/00182.jpg",
      "transform_matrix": [
        [
          0.946658,
          0.078847,
          -0.312446,
          4.268753
        ],
        [
          0.317245,
          -0.39812,
          0.86073,
          1.750361
        ],
        [
          -0.056526,
          -0.913939,
          -0.401897,
          1.396572
        ],
        [
          0.0,
          0.0,
          0.0,
          1.0
        ]
      ]
    },
    {
      "file_path": "/media/NFS/ttao/scannet/posed_images/scene0456_00/00186.jpg",
      "transform_matrix": [
        [
          0.951023,
          0.082903,
          -0.297795,
          4.3022
        ],
        [
          0.304363,
          -0.419485,
          0.855217,
          1.728314
        ],
        [
          -0.054021,
          -0.903969,
          -0.424172,
          1.385191
        ],
        [
          0.0,
          0.0,
          0.0,
          1.0
        ]
      ]
    },
    {
      "file_path": "/media/NFS/ttao/scannet/posed_images/scene0456_00/00193.jpg",
      "transform_matrix": [
        [
          0.95647,
          0.08049,
          -0.280512,
          4.343631
        ],
        [
          0.285142,
          -0.462381,
          0.839582,
          1.696313
        ],
        [
          -0.062125,
          -0.88302,
          -0.465205,
          1.368438
        ],
        [
          0.0,
          0.0,
          0.0,
          1.0
        ]
      ]
    },
    {
      "file_path": "/media/NFS/ttao/scannet/posed_images/scene0456_00/00197.jpg",
      "transform_matrix": [
        [
          0.960046,
          0.092544,
          -0.264098,
          4.362521
        ],
        [
          0.275654,
          -0.475406,
          0.835466,
          1.688877
        ],
        [
          -0.048237,
          -0.874886,
          -0.481922,
          1.363265
        ],
        [
          0.0,
          0.0,
          0.0,
          1.0
        ]
      ]
    },
    {
      "file_path": "/media/NFS/ttao/scannet/posed_images/scene0456_00/00203.jpg",
      "transform_matrix": [
        [
          0.973376,
          0.062849,
          -0.220431,
          4.380661
        ],
        [
          0.222539,
          -0.489534,
          0.843109,
          1.697253
        ],
        [
          -0.05492,
          -0.869717,
          -0.490487,
          1.359703
        ],
        [
          0.0,
          0.0,
          0.0,
          1.0
        ]
      ]
    },
    {
      "file_path": "/media/NFS/ttao/scannet/posed_images/scene0456_00/00204.jpg",
      "transform_matrix": [
        [
          0.975286,
          0.057785,
          -0.213258,
          4.381307
        ],
        [
          0.213748,
          -0.491155,
          0.84444,
          1.699836
        ],
        [
          -0.055946,
          -0.869154,
          -0.491368,
          1.358804
        ],
        [
          0.0,
          0.0,
          0.0,
          1.0
        ]
      ]
    },
    {
      "file_path": "/media/NFS/ttao/scannet/posed_images/scene0456_00/00211.jpg",
      "transform_matrix": [
        [
          0.98948,
          0.035162,
          -0.140332,
          4.375951
        ],
        [
          0.139034,
          -0.499234,
          0.85524,
          1.739942
        ],
        [
          -0.039986,
          -0.865754,
          -0.498871,
          1.341295
        ],
        [
          0.0,
          0.0,
          0.0,
          1.0
        ]
      ]
    },
    {
      "file_path": "/media/NFS/ttao/scannet/posed_images/scene0456_00/00216.jpg",
      "transform_matrix": [
        [
          0.997032,
          0.023283,
          -0.073378,
          4.354543
        ],
        [
          0.075332,
          -0.491399,
          0.867671,
          1.790726
        ],
        [
          -0.015856,
          -0.870624,
          -0.491694,
          1.339527
        ],
        [
          0.0,
          0.0,
          0.0,
          1.0
        ]
      ]
    },
    {
      "file_path": "/media/NFS/ttao/scannet/posed_images/scene0456_00/00218.jpg",
      "transform_matrix": [
        [
          0.999215,
          0.013822,
          -0.037127,
          4.339601
        ],
        [
          0.039115,
          -0.49291,
          0.869201,
          1.817894
        ],
        [
          -0.006286,
          -0.869971,
          -0.493064,
          1.343665
        ],
        [
          0.0,
          0.0,
          0.0,
          1.0
        ]
      ]
    },
    {
      "file_path": "/media/NFS/ttao/scannet/posed_images/scene0456_00/00223.jpg",
      "transform_matrix": [
        [
          0.998032,
          -0.027899,
          0.056149,
          4.33117
        ],
        [
          -0.062681,
          -0.464799,
          0.883195,
          1.869435
        ],
        [
          0.001458,
          -0.884977,
          -0.465633,
          1.344392
        ],
        [
          0.0,
          0.0,
          0.0,
          1.0
        ]
      ]
    },
    {
      "file_path": "/media/NFS/ttao/scannet/posed_images/scene0456_00/00229.jpg",
      "transform_matrix": [
        [
          0.985106,
          -0.075103,
          0.154677,
          4.286156
        ],
        [
          -0.171935,
          -0.440501,
          0.881134,
          1.940606
        ],
        [
          0.00196,
          -0.894605,
          -0.446854,
          1.342581
        ],
        [
          0.0,
          0.0,
          0.0,
          1.0
        ]
      ]
    },
    {
      "file_path": "/media/NFS/ttao/scannet/posed_images/scene0456_00/00233.jpg",
      "transform_matrix": [
        [
          0.976026,
          -0.10904,
          0.188369,
          4.320356
        ],
        [
          -0.217231,
          -0.434186,
          0.874239,
          1.969049
        ],
        [
          -0.01354,
          -0.8942,
          -0.447464,
          1.339406
        ],
        [
          0.0,
          0.0,
          0.0,
          1.0
        ]
      ]
    },
    {
      "file_path": "/media/NFS/ttao/scannet/posed_images/scene0456_00/00238.jpg",
      "transform_matrix": [
        [
          0.956969,
          -0.157836,
          0.243512,
          4.317355
        ],
        [
          -0.28815,
          -0.417495,
          0.861782,
          2.041263
        ],
        [
          -0.034355,
          -0.894866,
          -0.44501,
          1.340661
        ],
        [
          0.0,
          0.0,
          0.0,
          1.0
        ]
      ]
    },
    {
      "file_path": "/media/NFS/ttao/scannet/posed_images/scene0456_00/00242.jpg",
      "transform_matrix": [
        [
          0.939971,
          -0.183815,
          0.287519,
          4.33376
        ],
        [
          -0.338776,
          -0.401269,
          0.851008,
          2.103821
        ],
        [
          -0.041056,
          -0.897327,
          -0.439453,
          1.335751
        ],
        [
          0.0,
          0.0,
          0.0,
          1.0
        ]
      ]
    },
    {
      "file_path": "/media/NFS/ttao/scannet/posed_images/scene0456_00/00249.jpg",
      "transform_matrix": [
        [
          0.900824,
          -0.208839,
          0.380659,
          4.354346
        ],
        [
          -0.433055,
          -0.369001,
          0.822375,
          2.24269
        ],
        [
          -0.03128,
          -0.905662,
          -0.422844,
          1.337148
        ],
        [
          0.0,
          0.0,
          0.0,
          1.0
        ]
      ]
    },
    {
      "file_path": "/media/NFS/ttao/scannet/posed_images/scene0456_00/00253.jpg",
      "transform_matrix": [
        [
          0.891119,
          -0.220049,
          0.396844,
          4.39144
        ],
        [
          -0.452071,
          -0.354911,
          0.818334,
          2.315698
        ],
        [
          -0.039229,
          -0.908635,
          -0.415745,
          1.344353
        ],
        [
          0.0,
          0.0,
          0.0,
          1.0
        ]
      ]
    },
    {
      "file_path": "/media/NFS/ttao/scannet/posed_images/scene0456_00/00255.jpg",
      "transform_matrix": [
        [
          0.882405,
          -0.227342,
          0.411918,
          4.385944
        ],
        [
          -0.468942,
          -0.354016,
          0.809176,
          2.358722
        ],
        [
          -0.038134,
          -0.907187,
          -0.418996,
          1.347973
        ],
        [
          0.0,
          0.0,
          0.0,
          1.0
        ]
      ]
    },
    {
      "file_path": "/media/NFS/ttao/scannet/posed_images/scene0456_00/00259.jpg",
      "transform_matrix": [
        [
          0.859337,
          -0.243831,
          0.44954,
          4.40332
        ],
        [
          -0.510355,
          -0.352444,
          0.784424,
          2.425351
        ],
        [
          -0.032829,
          -0.903509,
          -0.427309,
          1.353411
        ],
        [
          0.0,
          0.0,
          0.0,
          1.0
        ]
      ]
    },
    {
      "file_path": "/media/NFS/ttao/scannet/posed_images/scene0456_00/00264.jpg",
      "transform_matrix": [
        [
          0.832662,
          -0.256175,
          0.490967,
          4.411795
        ],
        [
          -0.552929,
          -0.335409,
          0.762739,
          2.504076
        ],
        [
          -0.03072,
          -0.906574,
          -0.420929,
          1.330351
        ],
        [
          0.0,
          0.0,
          0.0,
          1.0
        ]
      ]
    },
    {
      "file_path": "/media/NFS/ttao/scannet/posed_images/scene0456_00/00270.jpg",
      "transform_matrix": [
        [
          0.785304,
          -0.269053,
          0.557591,
          4.428588
        ],
        [
          -0.618066,
          -0.288416,
          0.731307,
          2.619147
        ],
        [
          -0.035943,
          -0.918927,
          -0.392787,
          1.334251
        ],
        [
          0.0,
          0.0,
          0.0,
          1.0
        ]
      ]
    },
    {
      "file_path": "/media/NFS/ttao/scannet/posed_images/scene0456_00/00272.jpg",
      "transform_matrix": [
        [
          0.767919,
          -0.283286,
          0.5745,
          4.435178
        ],
        [
          -0.638807,
          -0.272622,
          0.719446,
          2.657662
        ],
        [
          -0.047187,
          -0.919471,
          -0.390316,
          1.339846
        ],
        [
          0.0,
          0.0,
          0.0,
          1.0
        ]
      ]
    },
    {
      "file_path": "/media/NFS/ttao/scannet/posed_images/scene0456_00/00279.jpg",
      "transform_matrix": [
        [
          0.706855,
          -0.308594,
          0.636495,
          4.450356
        ],
        [
          -0.705399,
          -0.240594,
          0.666728,
          2.793543
        ],
        [
          -0.052611,
          -0.920264,
          -0.387747,
          1.352812
        ],
        [
          0.0,
          0.0,
          0.0,
          1.0
        ]
      ]
    },
    {
      "file_path": "/media/NFS/ttao/scannet/posed_images/scene0456_00/00285.jpg",
      "transform_matrix": [
        [
          0.668681,
          -0.310751,
          0.6755,
          4.461058
        ],
        [
          -0.742532,
          -0.231555,
          0.628514,
          2.912176
        ],
        [
          -0.038896,
          -0.921855,
          -0.385579,
          1.345843
        ],
        [
          0.0,
          0.0,
          0.0,
          1.0
        ]
      ]
    },
    {
      "file_path": "/media/NFS/ttao/scannet/posed_images/scene0456_00/00286.jpg",
      "transform_matrix": [
        [
          0.66164,
          -0.314532,
          0.680664,
          4.465477
        ],
        [
          -0.748768,
          -0.229032,
          0.622006,
          2.932877
        ],
        [
          -0.039747,
          -0.921203,
          -0.387047,
          1.343711
        ],
        [
          0.0,
          0.0,
          0.0,
          1.0
        ]
      ]
    },
    {
      "file_path": "/media/NFS/ttao/scannet/posed_images/scene0456_00/00292.jpg",
      "transform_matrix": [
        [
          0.581979,
          -0.34691,
          0.735496,
          4.509078
        ],
        [
          -0.811746,
          -0.193696,
          0.550954,
          3.070259
        ],
        [
          -0.048669,
          -0.917679,
          -0.39433,
          1.323602
        ],
        [
          0.0,
          0.0,
          0.0,
          1.0
        ]
      ]
    },
    {
      "file_path": "/media/NFS/ttao/scannet/posed_images/scene0456_00/00298.jpg",
      "transform_matrix": [
        [
          0.456155,
          -0.3894,
          0.800181,
          4.581058
        ],
        [
          -0.888315,
          -0.145601,
          0.435542,
          3.18839
        ],
        [
          -0.053092,
          -0.909488,
          -0.412326,
          1.317339
        ],
        [
          0.0,
          0.0,
          0.0,
          1.0
        ]
      ]
    },
    {
      "file_path": "/media/NFS/ttao/scannet/posed_images/scene0456_00/00304.jpg",
      "transform_matrix": [
        [
          0.303859,
          -0.416613,
          0.856798,
          4.64306
        ],
        [
          -0.952253,
          -0.104748,
          0.286778,
          3.291696
        ],
        [
          -0.029728,
          -0.903029,
          -0.42855,
          1.305219
        ],
        [
          0.0,
          0.0,
          0.0,
          1.0
        ]
      ]
    },
    {
      "file_path": "/media/NFS/ttao/scannet/posed_images/scene0456_00/00305.jpg",
      "transform_matrix": [
        [
          0.284607,
          -0.418261,
          0.862587,
          4.650709
        ],
        [
          -0.957871,
          -0.087953,
          0.273398,
          3.303985
        ],
        [
          -0.038484,
          -0.904058,
          -0.425673,
          1.306874
        ],
        [
          0.0,
          0.0,
          0.0,
          1.0
        ]
      ]
    },
    {
      "file_path": "/media/NFS/ttao/scannet/posed_images/scene0456_00/00311.jpg",
      "transform_matrix": [
        [
          0.156628,
          -0.431259,
          0.888529,
          4.684918
        ],
        [
          -0.985623,
          -0.010526,
          0.168635,
          3.389795
        ],
        [
          -0.063373,
          -0.902167,
          -0.426707,
          1.314235
        ],
        [
          0.0,
          0.0,
          0.0,
          1.0
        ]
      ]
    },
    {
      "file_path": "/media/NFS/ttao/scannet/posed_images/scene0456_00/00316.jpg",
      "transform_matrix": [
        [
          0.035934,
          -0.457105,
          0.888687,
          4.711163
        ],
        [
          -0.996312,
          0.05295,
          0.067521,
          3.445998
        ],
        [
          -0.07792,
          -0.887835,
          -0.453517,
          1.320488
        ],
        [
          0.0,
          0.0,
          0.0,
          1.0
        ]
      ]
    },
    {
      "file_path": "/media/NFS/ttao/scannet/posed_images/scene0456_00/00319.jpg",
      "transform_matrix": [
        [
          -0.038566,
          -0.423415,
          0.905115,
          4.715579
        ],
        [
          -0.993472,
          0.113569,
          0.010797,
          3.474913
        ],
        [
          -0.107364,
          -0.898789,
          -0.42503,
          1.32655
        ],
        [
          0.0,
          0.0,
          0.0,
          1.0
        ]
      ]
    },
    {
      "file_path": "/media/NFS/ttao/scannet/posed_images/scene0456_00/00326.jpg",
      "transform_matrix": [
        [
          -0.149483,
          -0.411431,
          0.899099,
          4.741899
        ],
        [
          -0.983043,
          0.15952,
          -0.090442,
          3.527265
        ],
        [
          -0.106214,
          -0.897373,
          -0.4283,
          1.329785
        ],
        [
          0.0,
          0.0,
          0.0,
          1.0
        ]
      ]
    },
    {
      "file_path": "/media/NFS/ttao/scannet/posed_images/scene0456_00/00331.jpg",
      "transform_matrix": [
        [
          -0.21516,
          -0.415466,
          0.883795,
          4.782538
        ],
        [
          -0.968477,
          0.207103,
          -0.138418,
          3.551266
        ],
        [
          -0.125529,
          -0.885718,
          -0.446929,
          1.327971
        ],
        [
          0.0,
          0.0,
          0.0,
          1.0
        ]
      ]
    },
    {
      "file_path": "/media/NFS/ttao/scannet/posed_images/scene0456_00/00334.jpg",
      "transform_matrix": [
        [
          -0.252559,
          -0.401135,
          0.880514,
          4.815364
        ],
        [
          -0.956194,
          0.242678,
          -0.16371,
          3.563511
        ],
        [
          -0.148012,
          -0.883288,
          -0.444854,
          1.330707
        ],
        [
          0.0,
          0.0,
          0.0,
          1.0
        ]
      ]
    },
    {
      "file_path": "/media/NFS/ttao/scannet/posed_images/scene0456_00/00338.jpg",
      "transform_matrix": [
        [
          -0.337003,
          -0.394007,
          0.855095,
          4.870516
        ],
        [
          -0.930446,
          0.278159,
          -0.238531,
          3.57931
        ],
        [
          -0.143869,
          -0.876006,
          -0.460343,
          1.330287
        ],
        [
          0.0,
          0.0,
          0.0,
          1.0
        ]
      ]
    },
    {
      "file_path": "/media/NFS/ttao/scannet/posed_images/scene0456_00/00342.jpg",
      "transform_matrix": [
        [
          -0.400437,
          -0.39527,
          0.826687,
          4.916901
        ],
        [
          -0.908779,
          0.286848,
          -0.303049,
          3.592061
        ],
        [
          -0.117347,
          -0.872628,
          -0.474077,
          1.322582
        ],
        [
          0.0,
          0.0,
          0.0,
          1.0
        ]
      ]
    },
    {
      "file_path": "/media/NFS/ttao/scannet/posed_images/scene0456_00/00348.jpg",
      "transform_matrix": [
        [
          -0.501958,
          -0.369836,
          0.781831,
          4.974904
        ],
        [
          -0.858744,
          0.320709,
          -0.39963,
          3.608578
        ],
        [
          -0.102943,
          -0.87199,
          -0.478577,
          1.331127
        ],
        [
          0.0,
          0.0,
          0.0,
          1.0
        ]
      ]
    },
    {
      "file_path": "/media/NFS/ttao/scannet/posed_images/scene0456_00/00350.jpg",
      "transform_matrix": [
        [
          -0.497669,
          -0.353848,
          0.791907,
          4.958224
        ],
        [
          -0.861421,
          0.308354,
          -0.403572,
          3.58551
        ],
        [
          -0.101385,
          -0.883011,
