{
  "frames": [
    {
      "file_path": "/media/NFS/ttao/scannet/posed_images/scene0169_01/00003.jpg",
      "transform_matrix": [
        [
          -0.748827,
          0.356343,
          -0.558818,
          6.687235
        ],
        [
          0.662176,
          0.36671,
          -0.653488,
          2.677875
        ],
        [
          -0.027942,
          -0.859386,
          -0.510564,
          1.484745
        ],
        [
          0.0,
          0.0,
          0.0,
          1.0
        ]
      ]
    },
    {
      "file_path": "/media/NFS/ttao/scannet/posed_images/scene0169_01/00005.jpg",
      "transform_matrix": [
        [
          -0.748819,
          0.357294,
          -0.558222,
          6.689093
        ],
        [
          0.662204,
          0.368383,
          -0.652518,
          2.674388
        ],
        [
          -0.027501,
          -0.858274,
          -0.512454,
          1.48405
        ],
        [
          0.0,
          0.0,
          0.0,
          1.0
        ]
      ]
    },
    {
      "file_path": "/media/NFS/ttao/scannet/posed_images/scene0169_01/00013.jpg",
      "transform_matrix": [
        [
          -0.762501,
          0.333542,
          -0.554384,
          6.691314
        ],
        [
          0.646599,
          0.363193,
          -0.670821,
          2.680744
        ],
        [
          -0.022399,
          -0.869966,
          -0.492604,
          1.493338
        ],
        [
          0.0,
          0.0,
          0.0,
          1.0
        ]
      ]
    },
    {
      "file_path": "/media/NFS/ttao/scannet/posed_images/scene0169_01/00016.jpg",
      "transform_matrix": [
        [
          -0.759812,
          0.334558,
          -0.557456,
          6.687074
        ],
        [
          0.649977,
          0.371485,
          -0.66297,
          2.679378
        ],
        [
          -0.014715,
          -0.866066,
          -0.499713,
          1.492261
        ],
        [
          0.0,
          0.0,
          0.0,
          1.0
        ]
      ]
    },
    {
      "file_path": "/media/NFS/ttao/scannet/posed_images/scene0169_01/00022.jpg",
      "transform_matrix": [
        [
          -0.751766,
          0.319822,
          -0.576681,
          6.692309
        ],
        [
          0.659429,
          0.366217,
          -0.656536,
          2.673589
        ],
        [
          0.001216,
          -0.873842,
          -0.486209,
          1.491715
        ],
        [
          0.0,
          0.0,
          0.0,
          1.0
        ]
      ]
    },
    {
      "file_path": "/media/NFS/ttao/scannet/posed_images/scene0169_01/00027.jpg",
      "transform_matrix": [
        [
          -0.753544,
          0.335635,
          -0.565262,
          6.693347
        ],
        [
          0.657302,
          0.369998,
          -0.656548,
          2.676882
        ],
        [
          -0.011215,
          -0.866286,
          -0.499423,
          1.492972
        ],
        [
          0.0,
          0.0,
          0.0,
          1.0
        ]
      ]
    },
    {
      "file_path": "/media/NFS/ttao/scannet/posed_images/scene0169_01/00030.jpg",
      "transform_matrix": [
        [
          -0.760175,
          0.308744,
          -0.571674,
          6.698736
        ],
        [
          0.649484,
          0.384754,
          -0.655847,
          2.678688
        ],
        [
          0.017465,
          -0.869851,
          -0.493005,
          1.487025
        ],
        [
          0.0,
          0.0,
          0.0,
          1.0
        ]
      ]
    },
    {
      "file_path": "/media/NFS/ttao/scannet/posed_images/scene0169_01/00039.jpg",
      "transform_matrix": [
        [
          -0.78201,
          0.316774,
          -0.536762,
          6.719189
        ],
        [
          0.623265,
          0.398962,
          -0.672585,
          2.685447
        ],
        [
          0.00109,
          -0.860513,
          -0.509427,
          1.479989
        ],
        [
          0.0,
          0.0,
          0.0,
          1.0
        ]
      ]
    },
    {
      "file_path": "/media/NFS/ttao/scannet/posed_images/scene0169_01/00041.jpg",
      "transform_matrix": [
        [
          -0.77695,
          0.323362,
          -0.540173,
          6.705321
        ],
        [
          0.629563,
          0.399167,
          -0.666571,
          2.685953
        ],
        [
          7.6e-05,
          -0.857964,
          -0.513709,
          1.487694
        ],
        [
          0.0,
          0.0,
          0.0,
          1.0
        ]
      ]
    },
    {
      "file_path": "/media/NFS/ttao/scannet/posed_images/scene0169_01/00047.jpg",
      "transform_matrix": [
        [
          -0.759522,
          0.339964,
          -0.554573,
          6.688044
        ],
        [
          0.650445,
          0.387832,
          -0.653076,
          2.687363
        ],
        [
          -0.006941,
          -0.856745,
          -0.515694,
          1.491631
        ],
        [
          0.0,
          0.0,
          0.0,
          1.0
        ]
      ]
    },
    {
      "file_path": "/media/NFS/ttao/scannet/posed_images/scene0169_01/00052.jpg",
      "transform_matrix": [
        [
          -0.740903,
          0.352989,
          -0.571369,
          6.680109
        ],
        [
          0.671612,
          0.387927,
          -0.63123,
          2.67664
        ],
        [
          -0.001168,
          -0.851418,
          -0.524487,
          1.488207
        ],
        [
          0.0,
          0.0,
          0.0,
          1.0
        ]
      ]
    },
    {
      "file_path": "/media/NFS/ttao/scannet/posed_images/scene0169_01/00058.jpg",
      "transform_matrix": [
        [
          -0.749804,
          0.340475,
          -0.567337,
          6.68704
        ],
        [
          0.661657,
          0.383108,
          -0.644545,
          2.676886
        ],
        [
          -0.0021,
          -0.858664,
          -0.512534,
          1.494913
        ],
        [
          0.0,
          0.0,
          0.0,
          1.0
        ]
      ]
    },
    {
      "file_path": "/media/NFS/ttao/scannet/posed_images/scene0169_01/00066.jpg",
      "transform_matrix": [
        [
          -0.722112,
          0.359519,
          -0.591017,
          6.673241
        ],
        [
          0.691717,
          0.364042,
          -0.623699,
          2.682009
        ],
        [
          -0.009077,
          -0.859197,
          -0.511565,
          1.496379
        ],
        [
          0.0,
          0.0,
          0.0,
          1.0
        ]
      ]
    },
    {
      "file_path": "/media/NFS/ttao/scannet/posed_images/scene0169_01/00069.jpg",
      "transform_matrix": [
        [
          -0.710016,
          0.36916,
          -0.599665,
          6.660525
        ],
        [
          0.704073,
          0.356944,
          -0.6139,
          2.685928
        ],
        [
          -0.012581,
          -0.858086,
          -0.513352,
          1.500204
        ],
        [
          0.0,
          0.0,
          0.0,
          1.0
        ]
      ]
    },
    {
      "file_path": "/media/NFS/ttao/scannet/posed_images/scene0169_01/00072.jpg",
      "transform_matrix": [
        [
          -0.690576,
          0.376668,
          -0.617435,
          6.64689
        ],
        [
          0.723227,
          0.351469,
          -0.594485,
          2.676481
        ],
        [
          -0.006914,
          -0.857083,
          -0.515133,
          1.503644
        ],
        [
          0.0,
          0.0,
          0.0,
          1.0
        ]
      ]
    },
    {
      "file_path": "/media/NFS/ttao/scannet/posed_images/scene0169_01/00077.jpg",
      "transform_matrix": [
        [
          -0.654139,
          0.388723,
          -0.648843,
          6.629626
        ],
        [
          0.756355,
          0.34237,
          -0.557413,
          2.680269
        ],
        [
          0.005465,
          -0.855381,
          -0.517971,
          1.503545
        ],
        [
          0.0,
          0.0,
          0.0,
          1.0
        ]
      ]
    },
    {
      "file_path": "/media/NFS/ttao/scannet/posed_images/scene0169_01/00083.jpg",
      "transform_matrix": [
        [
          -0.608921,
          0.407439,
          -0.680594,
          6.609732
        ],
        [
          0.793168,
          0.302005,
          -0.528845,
          2.672727
        ],
        [
          -0.009929,
          -0.861851,
          -0.507065,
          1.511854
        ],
        [
          0.0,
          0.0,
          0.0,
          1.0
        ]
      ]
    },
    {
      "file_path": "/media/NFS/ttao/scannet/posed_images/scene0169_01/00089.jpg",
      "transform_matrix": [
        [
          -0.569717,
          0.432863,
          -0.698608,
          6.588259
        ],
        [
          0.820919,
          0.259463,
          -0.508696,
          2.676445
        ],
        [
          -0.038933,
          -0.863313,
          -0.503166,
          1.516801
        ],
        [
          0.0,
          0.0,
          0.0,
          1.0
        ]
      ]
    },
    {
      "file_path": "/media/NFS/ttao/scannet/posed_images/scene0169_01/00095.jpg",
      "transform_matrix": [
        [
          -0.522321,
          0.449277,
          -0.724797,
          6.55444
        ],
        [
          0.852423,
          0.251586,
          -0.458345,
          2.665895
        ],
        [
          -0.023575,
          -0.857237,
          -0.514383,
          1.517296
        ],
        [
          0.0,
          0.0,
          0.0,
          1.0
        ]
      ]
    },
    {
      "file_path": "/media/NFS/ttao/scannet/posed_images/scene0169_01/00100.jpg",
      "transform_matrix": [
        [
          -0.463801,
          0.453546,
          -0.761042,
          6.526345
        ],
        [
          0.885687,
          0.216845,
          -0.410533,
          2.665882
        ],
        [
          -0.021168,
          -0.86445,
          -0.502272,
          1.51976
        ],
        [
          0.0,
          0.0,
          0.0,
          1.0
        ]
      ]
    },
    {
      "file_path": "/media/NFS/ttao/scannet/posed_images/scene0169_01/00106.jpg",
      "transform_matrix": [
        [
          -0.357831,
          0.471733,
          -0.805869,
          6.47926
        ],
        [
          0.933395,
          0.155711,
          -0.323308,
          2.680274
        ],
        [
          -0.027033,
          -0.867884,
          -0.496032,
          1.536375
        ],
        [
          0.0,
          0.0,
          0.0,
          1.0
        ]
      ]
    },
    {
      "file_path": "/media/NFS/ttao/scannet/posed_images/scene0169_01/00108.jpg",
      "transform_matrix": [
        [
          -0.320102,
          0.478448,
          -0.817693,
          6.460357
        ],
        [
          0.946921,
          0.134639,
          -0.291911,
          2.690686
        ],
        [
          -0.029571,
          -0.867733,
          -0.496151,
          1.541586
        ],
        [
          0.0,
          0.0,
          0.0,
          1.0
        ]
      ]
    },
    {
      "file_path": "/media/NFS/ttao/scannet/posed_images/scene0169_01/00114.jpg",
      "transform_matrix": [
        [
          -0.221133,
          0.492598,
          -0.841693,
          6.439936
        ],
        [
          0.974755,
          0.084316,
          -0.206746,
          2.703473
        ],
        [
          -0.030874,
          -0.866163,
          -0.498808,
          1.53812
        ],
        [
          0.0,
          0.0,
          0.0,
          1.0
        ]
      ]
    },
    {
      "file_path": "/media/NFS/ttao/scannet/posed_images/scene0169_01/00122.jpg",
      "transform_matrix": [
        [
          -0.169528,
          0.45749,
          -0.872905,
          6.438276
        ],
        [
          0.985175,
          0.055062,
          -0.162474,
          2.744428
        ],
        [
          -0.026266,
          -0.887509,
          -0.460042,
          1.553206
        ],
        [
          0.0,
          0.0,
          0.0,
          1.0
        ]
      ]
    },
    {
      "file_path": "/media/NFS/ttao/scannet/posed_images/scene0169_01/00124.jpg",
      "transform_matrix": [
        [
          -0.165462,
          0.442604,
          -0.88132,
          6.444995
        ],
        [
          0.986006,
          0.055778,
          -0.157104,
          2.76005
        ],
        [
          -0.020376,
          -0.894981,
          -0.445639,
          1.557972
        ],
        [
          0.0,
          0.0,
          0.0,
          1.0
        ]
      ]
    },
    {
      "file_path": "/media/NFS/ttao/scannet/posed_images/scene0169_01/00133.jpg",
      "transform_matrix": [
        [
          -0.122204,
          0.443989,
          -0.88766,
          6.46487
        ],
        [
          0.992484,
          0.048791,
          -0.11223,
          2.843967
        ],
        [
          -0.006519,
          -0.894703,
          -0.446614,
          1.57989
        ],
        [
          0.0,
          0.0,
          0.0,
          1.0
        ]
      ]
    },
    {
      "file_path": "/media/NFS/ttao/scannet/posed_images/scene0169_01/00138.jpg",
      "transform_matrix": [
        [
          -0.087006,
          0.434864,
          -0.896283,
          6.491571
        ],
        [
          0.996207,
          0.03865,
          -0.077954,
          2.866834
        ],
        [
          0.000742,
          -0.899667,
          -0.436577,
          1.583415
        ],
        [
          0.0,
          0.0,
          0.0,
          1.0
        ]
      ]
    },
    {
      "file_path": "/media/NFS/ttao/scannet/posed_images/scene0169_01/00144.jpg",
      "transform_matrix": [
        [
          -0.048969,
          0.455624,
          -0.888824,
          6.513143
        ],
        [
          0.998793,
          0.025831,
          -0.041786,
          2.912966
        ],
        [
          0.00392,
          -0.889798,
          -0.456339,
          1.585927
        ],
        [
          0.0,
          0.0,
          0.0,
          1.0
        ]
      ]
    },
    {
      "file_path": "/media/NFS/ttao/scannet/posed_images/scene0169_01/00146.jpg",
      "transform_matrix": [
        [
          -0.057423,
          0.452222,
          -0.890055,
          6.525008
        ],
        [
          0.99835,
          0.026267,
          -0.051064,
          2.925693
        ],
        [
          0.000287,
          -0.891519,
          -0.452984,
          1.584009
        ],
        [
          0.0,
          0.0,
          0.0,
          1.0
        ]
      ]
    },
    {
      "file_path": "/media/NFS/ttao/scannet/posed_images/scene0169_01/00153.jpg",
      "transform_matrix": [
        [
          -0.041824,
          0.458318,
          -0.887804,
          6.537869
        ],
        [
          0.999115,
          0.023146,
          -0.03512,
          2.968254
        ],
        [
          0.004453,
          -0.888487,
          -0.45888,
          1.581684
        ],
        [
          0.0,
          0.0,
          0.0,
          1.0
        ]
      ]
    },
    {
      "file_path": "/media/NFS/ttao/scannet/posed_images/scene0169_01/00156.jpg",
      "transform_matrix": [
        [
          -0.030158,
          0.455397,
          -0.889777,
          6.540624
        ],
        [
          0.999533,
          0.018131,
          -0.024598,
          2.980551
        ],
        [
          0.004931,
          -0.890104,
          -0.455731,
          1.581852
        ],
        [
          0.0,
          0.0,
          0.0,
          1.0
        ]
      ]
    },
    {
      "file_path": "/media/NFS/ttao/scannet/posed_images/scene0169_01/00164.jpg",
      "transform_matrix": [
        [
          0.036048,
          0.451849,
          -0.891366,
          6.528343
        ],
        [
          0.999243,
          -0.003237,
          0.03877,
          3.000491
        ],
        [
          0.014633,
          -0.892088,
          -0.451624,
          1.588593
        ],
        [
          0.0,
          0.0,
          0.0,
          1.0
        ]
      ]
    },
    {
      "file_path": "/media/NFS/ttao/scannet/posed_images/scene0169_01/00169.jpg",
      "transform_matrix": [
        [
          0.085352,
          0.442651,
          -0.892622,
          6.516188
        ],
        [
          0.996237,
          -0.024376,
          0.083171,
          3.009343
        ],
        [
          0.015057,
          -0.896363,
          -0.443066,
          1.593023
        ],
        [
          0.0,
          0.0,
          0.0,
          1.0
        ]
      ]
    },
    {
      "file_path": "/media/NFS/ttao/scannet/posed_images/scene0169_01/00172.jpg",
      "transform_matrix": [
        [
          0.112671,
          0.435502,
          -0.893108,
          6.506481
        ],
        [
          0.993569,
          -0.039224,
          0.106218,
          3.011449
        ],
        [
          0.011227,
          -0.899333,
          -0.437121,
          1.594285
        ],
        [
          0.0,
          0.0,
          0.0,
          1.0
        ]
      ]
    },
    {
      "file_path": "/media/NFS/ttao/scannet/posed_images/scene0169_01/00177.jpg",
      "transform_matrix": [
        [
          0.151359,
          0.423573,
          -0.893127,
          6.492912
        ],
        [
          0.988468,
          -0.060638,
          0.138758,
          3.01234
        ],
        [
          0.004616,
          -0.90383,
          -0.427867,
          1.598571
        ],
        [
          0.0,
          0.0,
          0.0,
          1.0
        ]
      ]
    },
    {
      "file_path": "/media/NFS/ttao/scannet/posed_images/scene0169_01/00183.jpg",
      "transform_matrix": [
        [
          0.198719,
          0.410894,
          -0.889762,
          6.478009
        ],
        [
          0.980003,
          -0.073796,
          0.184794,
          3.017979
        ],
        [
          0.01027,
          -0.908692,
          -0.417342,
          1.600117
        ],
        [
          0.0,
          0.0,
          0.0,
          1.0
        ]
      ]
    },
    {
      "file_path": "/media/NFS/ttao/scannet/posed_images/scene0169_01/00191.jpg",
      "transform_matrix": [
        [
          0.256259,
          0.41078,
          -0.874981,
          6.460618
        ],
        [
          0.966352,
          -0.088039,
          0.241688,
          3.029243
        ],
        [
          0.022248,
          -0.907474,
          -0.419519,
          1.600911
        ],
        [
          0.0,
          0.0,
          0.0,
          1.0
        ]
      ]
    },
    {
      "file_path": "/media/NFS/ttao/scannet/posed_images/scene0169_01/00196.jpg",
      "transform_matrix": [
        [
          0.292699,
          0.397883,
          -0.869492,
          6.458716
        ],
        [
          0.956087,
          -0.107494,
          0.272659,
          3.052513
        ],
        [
          0.015021,
          -0.911117,
          -0.411874,
          1.607792
        ],
        [
          0.0,
          0.0,
          0.0,
          1.0
        ]
      ]
    },
    {
      "file_path": "/media/NFS/ttao/scannet/posed_images/scene0169_01/00199.jpg",
      "transform_matrix": [
        [
          0.304808,
          0.39142,
          -0.868264,
          6.461905
        ],
        [
          0.952243,
          -0.107984,
          0.285609,
          3.073805
        ],
        [
          0.018035,
          -0.913854,
          -0.405641,
          1.606527
        ],
        [
          0.0,
          0.0,
          0.0,
          1.0
        ]
      ]
    },
    {
      "file_path": "/media/NFS/ttao/scannet/posed_images/scene0169_01/00205.jpg",
      "transform_matrix": [
        [
          0.363769,
          0.384786,
          -0.848299,
          6.448349
        ],
        [
          0.931288,
          -0.131325,
          0.339787,
          3.0704
        ],
        [
          0.019342,
          -0.913615,
          -0.406119,
          1.606874
        ],
        [
          0.0,
          0.0,
          0.0,
          1.0
        ]
      ]
    },
    {
      "file_path": "/media/NFS/ttao/scannet/posed_images/scene0169_01/00211.jpg",
      "transform_matrix": [
        [
          0.400481,
          0.381561,
          -0.833082,
          6.464583
        ],
        [
          0.916096,
          -0.147333,
          0.372908,
          3.108242
        ],
        [
          0.019547,
          -0.912526,
          -0.408551,
          1.608894
        ],
        [
          0.0,
          0.0,
          0.0,
          1.0
        ]
      ]
    },
    {
      "file_path": "/media/NFS/ttao/scannet/posed_images/scene0169_01/00216.jpg",
      "transform_matrix": [
        [
          0.444344,
          0.372588,
          -0.8147,
          6.444609
        ],
        [
          0.895676,
          -0.166546,
          0.412343,
          3.077201
        ],
        [
          0.017949,
          -0.91293,
          -0.407722,
          1.609738
        ],
        [
          0.0,
          0.0,
          0.0,
          1.0
        ]
      ]
    },
    {
      "file_path": "/media/NFS/ttao/scannet/posed_images/scene0169_01/00222.jpg",
      "transform_matrix": [
        [
          0.481478,
          0.362332,
          -0.798057,
          6.448545
        ],
        [
          0.876278,
          -0.180531,
          0.446706,
          3.111116
        ],
        [
          0.017782,
          -0.914398,
          -0.404425,
          1.610282
        ],
        [
          0.0,
          0.0,
          0.0,
          1.0
        ]
      ]
    },
    {
      "file_path": "/media/NFS/ttao/scannet/posed_images/scene0169_01/00224.jpg",
      "transform_matrix": [
        [
          0.496505,
          0.357529,
          -0.790984,
          6.447835
        ],
        [
          0.867888,
          -0.187773,
          0.459904,
          3.112729
        ],
        [
          0.015904,
          -0.91483,
          -0.403526,
          1.610805
        ],
        [
          0.0,
          0.0,
          0.0,
          1.0
        ]
      ]
    },
    {
      "file_path": "/media/NFS/ttao/scannet/posed_images/scene0169_01/00232.jpg",
      "transform_matrix": [
        [
          0.540177,
          0.342495,
          -0.768704,
          6.462414
        ],
        [
          0.841518,
          -0.211667,
          0.497037,
          3.136057
        ],
        [
          0.007524,
          -0.915366,
          -0.402554,
          1.611309
        ],
        [
          0.0,
          0.0,
          0.0,
          1.0
        ]
      ]
    },
    {
      "file_path": "/media/NFS/ttao/scannet/posed_images/scene0169_01/00233.jpg",
      "transform_matrix": [
        [
          0.546862,
          0.340618,
          -0.764801,
          6.465164
        ],
        [
          0.837192,
          -0.214614,
          0.503042,
          3.138678
        ],
        [
          0.007208,
          -0.91538,
          -0.402527,
          1.611785
        ],
        [
          0.0,
          0.0,
          0.0,
          1.0
        ]
      ]
    },
    {
      "file_path": "/media/NFS/ttao/scannet/posed_images/scene0169_01/00241.jpg",
      "transform_matrix": [
        [
          0.607441,
          0.332369,
          -0.721489,
          6.472306
        ],
        [
          0.794305,
          -0.242959,
          0.556822,
          3.158717
        ],
        [
          0.009778,
          -0.911319,
          -0.411586,
          1.606274
        ],
        [
          0.0,
          0.0,
          0.0,
          1.0
        ]
      ]
    },
    {
      "file_path": "/media/NFS/ttao/scannet/posed_images/scene0169_01/00247.jpg",
      "transform_matrix": [
        [
          0.644768,
          0.327842,
          -0.690503,
          6.475097
        ],
        [
          0.764333,
          -0.266694,
          0.587085,
          3.181226
        ],
        [
          0.008318,
          -0.906308,
          -0.422536,
          1.603043
        ],
        [
          0.0,
          0.0,
          0.0,
          1.0
        ]
      ]
    },
    {
      "file_path": "/media/NFS/ttao/scannet/posed_images/scene0169_01/00249.jpg",
      "transform_matrix": [
        [
          0.658795,
          0.321877,
          -0.679988,
          6.47622
        ],
        [
          0.752304,
          -0.275524,
          0.598436,
          3.189739
        ],
        [
          0.005269,
          -0.905805,
          -0.423663,
          1.602792
        ],
        [
          0.0,
          0.0,
          0.0,
          1.0
        ]
      ]
    },
    {
      "file_path": "/media/NFS/ttao/scannet/posed_images/scene0169_01/00258.jpg",
      "transform_matrix": [
        [
          0.729141,
          0.29538,
          -0.617337,
          6.490097
        ],
        [
          0.684351,
          -0.320194,
          0.655087,
          3.220166
        ],
        [
          -0.004168,
          -0.900126,
          -0.43561,
          1.592204
        ],
        [
          0.0,
          0.0,
          0.0,
          1.0
        ]
      ]
    },
    {
      "file_path": "/media/NFS/ttao/scannet/posed_images/scene0169_01/00260.jpg",
      "transform_matrix": [
        [
          0.745324,
          0.287442,
          -0.601556,
          6.487507
        ],
        [
          0.666645,
          -0.333119,
          0.666795,
          3.221145
        ],
        [
          -0.008724,
          -0.898003,
          -0.439903,
          1.593133
        ],
        [
          0.0,
          0.0,
          0.0,
          1.0
        ]
      ]
    },
    {
      "file_path": "/media/NFS/ttao/scannet/posed_images/scene0169_01/00266.jpg",
      "transform_matrix": [
        [
          0.791062,
          0.270496,
          -0.548683,
          6.488316
        ],
        [
          0.611555,
          -0.371527,
          0.698547,
          3.241068
        ],
        [
          -0.014897,
          -0.888144,
          -0.459324,
          1.583326
        ],
        [
          0.0,
          0.0,
          0.0,
          1.0
        ]
      ]
    },
    {
      "file_path": "/media/NFS/ttao/scannet/posed_images/scene0169_01/00274.jpg",
      "transform_matrix": [
        [
          0.850716,
          0.24711,
          -0.463917,
          6.463068
        ],
        [
          0.525262,
          -0.432513,
          0.732825,
          3.260584
        ],
        [
          -0.019562,
          -0.867104,
          -0.497743,
          1.568203
        ],
        [
          0.0,
          0.0,
          0.0,
          1.0
        ]
      ]
    },
    {
      "file_path": "/media/NFS/ttao/scannet/posed_images/scene0169_01/00279.jpg",
      "transform_matrix": [
        [
          0.884027,
          0.222037,
          -0.411333,
          6.459713
        ],
        [
          0.466678,
          -0.469302,
          0.749644,
          3.295051
        ],
        [
          -0.026591,
          -0.854667,
          -0.518496,
          1.560829
        ],
        [
          0.0,
          0.0,
          0.0,
          1.0
        ]
      ]
    },
    {
      "file_path": "/media/NFS/ttao/scannet/posed_images/scene0169_01/00280.jpg",
      "transform_matrix": [
        [
          0.898344,
          0.203035,
          -0.389558,
          6.427639
        ],
        [
          0.438084,
          -0.479822,
          0.760167,
          3.292274
        ],
        [
          -0.032577,
          -0.85355,
          -0.519991,
          1.559049
        ],
        [
          0.0,
          0.0,
          0.0,
          1.0
        ]
      ]
    },
    {
      "file_path": "/media/NFS/ttao/scannet/posed_images/scene0169_01/00290.jpg",
      "transform_matrix": [
        [
          0.955246,
          0.140932,
          -0.260083,
          6.374332
        ],
        [
          0.295154,
          -0.512726,
          0.806223,
          3.418282
        ],
        [
          -0.019729,
          -0.846906,
          -0.531376,
          1.54106
        ],
        [
          0.0,
          0.0,
          0.0,
          1.0
        ]
      ]
    },
    {
      "file_path": "/media/NFS/ttao/scannet/posed_images/scene0169_01/00291.jpg",
      "transform_matrix": [
        [
          0.956311,
          0.138543,
          -0.25744,
          6.39868
        ],
        [
          0.291614,
          -0.514585,
          0.806327,
          3.445018
        ],
        [
          -0.020764,
          -0.846172,
          -0.532505,
          1.541751
        ],
        [
          0.0,
          0.0,
          0.0,
          1.0
        ]
      ]
    },
    {
      "file_path": "/media/NFS/ttao/scannet/posed_images/scene0169_01/00296.jpg",
      "transform_matrix": [
        [
          0.971112,
          0.105441,
          -0.214062,
          6.426388
        ],
        [
          0.237251,
          -0.522654,
          0.818868,
          3.542999
        ],
        [
          -0.025538,
          -0.845999,
          -0.532572,
          1.540838
        ],
        [
          0.0,
          0.0,
          0.0,
          1.0
        ]
      ]
    },
    {
      "file_path": "/media/NFS/ttao/scannet/posed_images/scene0169_01/00302.jpg",
      "transform_matrix": [
        [
          0.988416,
          0.069675,
          -0.134831,
          6.402411
        ],
        [
          0.151139,
          -0.532766,
          0.832657,
          3.659223
        ],
        [
          -0.013818,
          -0.84339,
          -0.537125,
          1.527523
        ],
        [
          0.0,
          0.0,
          0.0,
          1.0
        ]
      ]
    },
    {
      "file_path": "/media/NFS/ttao/scannet/posed_images/scene0169_01/00310.jpg",
      "transform_matrix": [
        [
          0.998276,
          0.021122,
          -0.054757,
          6.390823
        ],
        [
          0.057159,
          -0.56156,
          0.825459,
          3.817159
        ],
        [
          -0.013314,
          -0.827166,
          -0.561799,
          1.51929
        ],
        [
          0.0,
          0.0,
          0.0,
          1.0
        ]
      ]
    },
    {
      "file_path": "/media/NFS/ttao/scannet/posed_images/scene0169_01/00316.jpg",
      "transform_matrix": [
        [
          0.999617,
          0.013661,
          0.02405,
          6.380855
        ],
        [
          -0.013291,
          -0.525306,
          0.850809,
          3.945486
        ],
        [
          0.024256,
          -0.850804,
          -0.524924,
          1.499761
        ],
        [
          0.0,
          0.0,
          0.0,
          1.0
        ]
      ]
    },
    {
      "file_path": "/media/NFS/ttao/scannet/posed_images/scene0169_01/00319.jpg",
      "transform_matrix": [
        [
          0.997192,
          0.002069,
          0.074859,
          6.362501
        ],
        [
          -0.063339,
          -0.510011,
          0.857832,
          4.020411
        ],
        [
          0.039954,
          -0.860165,
          -0.508448,
          1.501082
        ],
        [
          0.0,
          0.0,
          0.0,
          1.0
        ]
      ]
    },
    {
      "file_path": "/media/NFS/ttao/scannet/posed_images/scene0169_01/00324.jpg",
      "transform_matrix": [
        [
          0.993563,
          -0.055691,
          0.098644,
          6.330741
        ],
        [
          -0.113104,
          -0.536136,
          0.83652,
          4.141246
        ],
        [
          0.0063,
          -0.842292,
          -0.538984,
          1.50969
        ],
        [
          0.0,
          0.0,
          0.0,
          1.0
        ]
      ]
    },
    {
      "file_path": "/media/NFS/ttao/scannet/posed_images/scene0169_01/00332.jpg",
      "transform_matrix": [
        [
          0.985059,
          -0.094464,
          0.143996,
          6.282238
        ],
        [
          -0.172158,
          -0.561899,
          0.809093,
          4.327682
        ],
        [
          0.004481,
          -0.821795,
          -0.569766,
          1.49762
        ],
        [
          0.0,
          0.0,
          0.0,
          1.0
        ]
      ]
    },
    {
      "file_path": "/media/NFS/ttao/scannet/posed_images/scene0169_01/00335.jpg",
      "transform_matrix": [
        [
          0.984061,
          -0.10333,
          0.144729,
          6.2621
        ],
        [
          -0.17783,
          -0.573491,
          0.799678,
          4.39269
        ],
        [
          0.00037,
          -0.812669,
          -0.582726,
          1.486296
        ],
        [
          0.0,
          0.0,
          0.0,
          1.0
        ]
      ]
    },
    {
      "file_path": "/media/NFS/ttao/scannet/posed_images/scene0169_01/00340.jpg",
      "transform_matrix": [
        [
          0.98622,
          -0.084483,
          0.142244,
          6.210363
        ],
        [
          -0.164162,
          -0.606419,
          0.778014,
          4.495431
        ],
        [
          0.02053,
          -0.790644,
          -0.611932,
          1.465357
        ],
        [
          0.0,
          0.0,
          0.0,
          1.0
        ]
      ]
    },
    {
      "file_path": "/media/NFS/ttao/scannet/posed_images/scene0169_01/00347.jpg",
      "transform_matrix": [
        [
          0.98804,
          -0.064824,
          0.13991,
          6.143754
        ],
        [
          -0.149674,
          -0.621342,
          0.769111,
          4.607512
        ],
        [
          0.037075,
          -0.780854,
          -0.623613,
          1.444896
        ],
        [
          0.0,
          0.0,
          0.0,
          1.0
        ]
      ]
    },
    {
      "file_path": "/media/NFS/ttao/scannet/posed_images/scene0169_01/00352.jpg",
      "transform_matrix": [
        [
          0.980709,
          -0.103799,
          0.165634,
          6.115283
        ],
        [
          -0.193917,
          -0.623269,
          0.757583,
          4.691137
        ],
        [
          0.024598,
          -0.775088,
          -0.631374,
          1.439094
        ],
        [
          0.0,
          0.0,
          0.0,
          1.0
        ]
      ]
    },
    {
      "file_path": "/media/NFS/ttao/scannet/posed_images/scene0169_01/00354.jpg",
      "transform_matrix": [
        [
          0.974418,
          -0.129575,
          0.183629,
          6.099864
        ],
        [
          -0.223915,
          -0.629779,
          0.743801,
          4.72473
        ],
        [
          0.019267,
          -0.765891,
          -0.642682,
          1.436382
        ],
        [
          0.0,
          0.0,
          0.0,
          1.0
        ]
      ]
    },
    {
      "file_path": "/media/NFS/ttao/scannet/posed_images/scene0169_01/00360.jpg",
      "transform_matrix": [
        [
          0.942023,
          -0.202984,
          0.267192,
          6.045434
        ],
        [
          -0.335192,
          -0.606031,
          0.721369,
          4.81837
        ],
        [
          0.015501,
          -0.769106,
          -0.638933,
          1.435764
        ],
        [
          0.0,
          0.0,
          0.0,
          1.0
        ]
      ]
    },
    {
      "file_path": "/media/NFS/ttao/scannet/posed_images/scene0169_01/00365.jpg",
      "transform_matrix": [
        [
          0.915969,
          -0.25256,
          0.311793,
          5.999619
        ],
        [
          -0.40114,
          -0.594572,
          0.696829,
          4.887262
        ],
        [
          0.009392,
          -0.763347,
          -0.645921,
          1.437883
        ],
        [
          0.0,
          0.0,
          0.0,
          1.0
        ]
      ]
    },
    {
      "file_path": "/media/NFS/ttao/scannet/posed_images/scene0169_01/00371.jpg",
      "transform_matrix": [
        [
          0.89409,
          -0.245547,
          0.374579,
          5.946748
        ],
        [
          -0.442325,
          -0.615479,
          0.652329,
          4.965888
        ],
        [
          0.070368,
          -0.748927,
          -0.658906,
          1.410439
        ],
        [
          0.0,
          0.0,
          0.0,
          1.0
        ]
      ]
    },
    {
      "file_path": "/media/NFS/ttao/scannet/posed_images/scene0169_01/00374.jpg",
      "transform_matrix": [
        [
          0.882511,
          -0.247502,
          0.399896,
          5.922664
        ],
        [
          -0.461212,
          -0.621752,
          0.633014,
          5.011202
        ],
        [
          0.091964,
          -0.743079,
          -0.662854,
          1.393801
        ],
        [
          0.0,
          0.0,
          0.0,
          1.0
        ]
      ]
    },
    {
      "file_path": "/media/NFS/ttao/scannet/posed_images/scene0169_01/00382.jpg",
      "transform_matrix": [
        [
          0.864886,
          -0.258186,
          0.430479,
          5.869022
        ],
        [
          -0.489217,
          -0.625613,
          0.60768,
          5.156348
        ],
        [
          0.112418,
          -0.736172,
          -0.667393,
          1.355181
        ],
        [
          0.0,
          0.0,
          0.0,
          1.0
        ]
      ]
    },
    {
      "file_path": "/media/NFS/ttao/scannet/posed_images/scene0169_01/00387.jpg",
      "transform_matrix": [
        [
          0.851337,
          -0.285821,
          0.439921,
          5.85924
        ],
        [
          -0.513025,
          -0.628887,
          0.584214,
          5.252155
        ],
        [
          0.10968,
          -0.723054,
          -0.682029,
          1.349548
        ],
        [
          0.0,
          0.0,
          0.0,
          1.0
        ]
      ]
    },
    {
      "file_path": "/media/NFS/ttao/scannet/posed_images/scene0169_01/00394.jpg",
      "transform_matrix": [
        [
          0.800767,
          -0.358028,
          0.480196,
          5.851079
        ],
        [
          -0.588049,
          -0.622346,
          0.516608,
          5.389861
        ],
        [
          0.113888,
          -0.696061,
          -0.708892,
          1.344157
        ],
        [
          0.0,
          0.0,
          0.0,
          1.0
        ]
      ]
    },
    {
      "file_path": "/media/NFS/ttao/scannet/posed_images/scene0169_01/00396.jpg",
      "transform_matrix": [
        [
          0.780236,
          -0.384195,
          0.493585,
          5.85003
        ],
        [
          -0.614302,
          -0.619238,
          0.489059,
          5.423475
        ],
        [
          0.117752,
          -0.684791,
          -0.719163,
          1.341285
        ],
        [
          0.0,
          0.0,
          0.0,
          1.0
        ]
      ]
    },
    {
      "file_path": "/media/NFS/ttao/scannet/posed_images/scene0169_01/00401.jpg",
      "transform_matrix": [
        [
          0.693115,
          -0.487544,
          0.530937,
          6.021104
        ],
        [
          -0.718219,
          -0.529715,
          0.451181,
          5.367475
        ],
        [
          0.061275,
          -0.694049,
          -0.717316,
          1.374003
