{
  "frames": [
    {
      "file_path": "/media/NFS/ttao/scannet/posed_images/scene0524_01/00000.jpg",
      "transform_matrix": [
        [
          -0.995067,
          -0.040456,
          0.090584,
          1.028443
        ],
        [
          -0.096361,
          0.177016,
          -0.979479,
          4.088235
        ],
        [
          0.023591,
          -0.983376,
          -0.180041,
          1.453559
        ],
        [
          0.0,
          0.0,
          0.0,
          1.0
        ]
      ]
    },
    {
      "file_path": "/media/NFS/ttao/scannet/posed_images/scene0524_01/00008.jpg",
      "transform_matrix": [
        [
          -0.997879,
          -0.03419,
          0.055401,
          1.040321
        ],
        [
          -0.060127,
          0.157753,
          -0.985647,
          4.108201
        ],
        [
          0.024959,
          -0.986887,
          -0.159474,
          1.453247
        ],
        [
          0.0,
          0.0,
          0.0,
          1.0
        ]
      ]
    },
    {
      "file_path": "/media/NFS/ttao/scannet/posed_images/scene0524_01/00016.jpg",
      "transform_matrix": [
        [
          -0.995588,
          -0.051576,
          0.078394,
          1.053823
        ],
        [
          -0.087023,
          0.194875,
          -0.97696,
          4.090447
        ],
        [
          0.035111,
          -0.979471,
          -0.198503,
          1.468667
        ],
        [
          0.0,
          0.0,
          0.0,
          1.0
        ]
      ]
    },
    {
      "file_path": "/media/NFS/ttao/scannet/posed_images/scene0524_01/00023.jpg",
      "transform_matrix": [
        [
          -0.994211,
          -0.055093,
          0.092249,
          1.059232
        ],
        [
          -0.102062,
          0.215807,
          -0.971088,
          4.096971
        ],
        [
          0.033592,
          -0.974881,
          -0.220181,
          1.46462
        ],
        [
          0.0,
          0.0,
          0.0,
          1.0
        ]
      ]
    },
    {
      "file_path": "/media/NFS/ttao/scannet/posed_images/scene0524_01/00029.jpg",
      "transform_matrix": [
        [
          -0.994468,
          -0.047767,
          0.093548,
          1.059278
        ],
        [
          -0.101762,
          0.217435,
          -0.970756,
          4.096752
        ],
        [
          0.026029,
          -0.974905,
          -0.221093,
          1.464029
        ],
        [
          0.0,
          0.0,
          0.0,
          1.0
        ]
      ]
    },
    {
      "file_path": "/media/NFS/ttao/scannet/posed_images/scene0524_01/00031.jpg",
      "transform_matrix": [
        [
          -0.994682,
          -0.045388,
          0.092457,
          1.059965
        ],
        [
          -0.100189,
          0.218225,
          -0.970742,
          4.093493
        ],
        [
          0.023884,
          -0.974842,
          -0.221612,
          1.466637
        ],
        [
          0.0,
          0.0,
          0.0,
          1.0
        ]
      ]
    },
    {
      "file_path": "/media/NFS/ttao/scannet/posed_images/scene0524_01/00043.jpg",
      "transform_matrix": [
        [
          -0.994363,
          -0.048626,
          0.09422,
          1.050785
        ],
        [
          -0.102599,
          0.217098,
          -0.970743,
          4.097911
        ],
        [
          0.026748,
          -0.974938,
          -0.220863,
          1.465165
        ],
        [
          0.0,
          0.0,
          0.0,
          1.0
        ]
      ]
    },
    {
      "file_path": "/media/NFS/ttao/scannet/posed_images/scene0524_01/00049.jpg",
      "transform_matrix": [
        [
          -0.994585,
          -0.047403,
          0.092491,
          1.050635
        ],
        [
          -0.100797,
          0.223088,
          -0.969573,
          4.097248
        ],
        [
          0.025327,
          -0.973645,
          -0.226658,
          1.458729
        ],
        [
          0.0,
          0.0,
          0.0,
          1.0
        ]
      ]
    },
    {
      "file_path": "/media/NFS/ttao/scannet/posed_images/scene0524_01/00051.jpg",
      "transform_matrix": [
        [
          -0.994595,
          -0.045885,
          0.093146,
          1.051521
        ],
        [
          -0.101163,
          0.226032,
          -0.968853,
          4.097379
        ],
        [
          0.023402,
          -0.973039,
          -0.229452,
          1.459646
        ],
        [
          0.0,
          0.0,
          0.0,
          1.0
        ]
      ]
    },
    {
      "file_path": "/media/NFS/ttao/scannet/posed_images/scene0524_01/00062.jpg",
      "transform_matrix": [
        [
          -0.991709,
          -0.059507,
          0.113896,
          1.034472
        ],
        [
          -0.12566,
          0.263612,
          -0.956409,
          4.113745
        ],
        [
          0.026889,
          -0.962792,
          -0.268904,
          1.428632
        ],
        [
          0.0,
          0.0,
          0.0,
          1.0
        ]
      ]
    },
    {
      "file_path": "/media/NFS/ttao/scannet/posed_images/scene0524_01/00066.jpg",
      "transform_matrix": [
        [
          -0.991572,
          -0.057848,
          0.115923,
          1.028197
        ],
        [
          -0.127432,
          0.274174,
          -0.9532,
          4.124304
        ],
        [
          0.023358,
          -0.959939,
          -0.279235,
          1.417226
        ],
        [
          0.0,
          0.0,
          0.0,
          1.0
        ]
      ]
    },
    {
      "file_path": "/media/NFS/ttao/scannet/posed_images/scene0524_01/00074.jpg",
      "transform_matrix": [
        [
          -0.989953,
          -0.065001,
          0.12557,
          1.007752
        ],
        [
          -0.139745,
          0.31442,
          -0.938942,
          4.13894
        ],
        [
          0.02155,
          -0.947056,
          -0.320345,
          1.387163
        ],
        [
          0.0,
          0.0,
          0.0,
          1.0
        ]
      ]
    },
    {
      "file_path": "/media/NFS/ttao/scannet/posed_images/scene0524_01/00080.jpg",
      "transform_matrix": [
        [
          -0.987916,
          -0.086302,
          0.128743,
          0.989586
        ],
        [
          -0.151191,
          0.353759,
          -0.923036,
          4.153058
        ],
        [
          0.034116,
          -0.931346,
          -0.362533,
          1.349644
        ],
        [
          0.0,
          0.0,
          0.0,
          1.0
        ]
      ]
    },
    {
      "file_path": "/media/NFS/ttao/scannet/posed_images/scene0524_01/00086.jpg",
      "transform_matrix": [
        [
          -0.988396,
          -0.094682,
          0.118779,
          0.979462
        ],
        [
          -0.146733,
          0.392948,
          -0.907778,
          4.164999
        ],
        [
          0.039276,
          -0.914673,
          -0.402281,
          1.311675
        ],
        [
          0.0,
          0.0,
          0.0,
          1.0
        ]
      ]
    },
    {
      "file_path": "/media/NFS/ttao/scannet/posed_images/scene0524_01/00092.jpg",
      "transform_matrix": [
        [
          -0.988988,
          -0.097101,
          0.111685,
          0.982169
        ],
        [
          -0.143738,
          0.450561,
          -0.881098,
          4.172356
        ],
        [
          0.035235,
          -0.887449,
          -0.459557,
          1.292804
        ],
        [
          0.0,
          0.0,
          0.0,
          1.0
        ]
      ]
    },
    {
      "file_path": "/media/NFS/ttao/scannet/posed_images/scene0524_01/00098.jpg",
      "transform_matrix": [
        [
          -0.989068,
          -0.105355,
          0.103176,
          0.98561
        ],
        [
          -0.138629,
          0.425812,
          -0.894129,
          4.184055
        ],
        [
          0.050268,
          -0.898657,
          -0.435763,
          1.281935
        ],
        [
          0.0,
          0.0,
          0.0,
          1.0
        ]
      ]
    },
    {
      "file_path": "/media/NFS/ttao/scannet/posed_images/scene0524_01/00105.jpg",
      "transform_matrix": [
        [
          -0.990624,
          -0.091064,
          0.101837,
          0.986729
        ],
        [
          -0.132812,
          0.467307,
          -0.874062,
          4.209406
        ],
        [
          0.032006,
          -0.879392,
          -0.47502,
          1.230569
        ],
        [
          0.0,
          0.0,
          0.0,
          1.0
        ]
      ]
    },
    {
      "file_path": "/media/NFS/ttao/scannet/posed_images/scene0524_01/00113.jpg",
      "transform_matrix": [
        [
          -0.99051,
          -0.095561,
          0.098783,
          0.999006
        ],
        [
          -0.134926,
          0.539233,
          -0.831278,
          4.208302
        ],
        [
          0.026171,
          -0.836718,
          -0.547009,
          1.217443
        ],
        [
          0.0,
          0.0,
          0.0,
          1.0
        ]
      ]
    },
    {
      "file_path": "/media/NFS/ttao/scannet/posed_images/scene0524_01/00115.jpg",
      "transform_matrix": [
        [
          -0.988442,
          -0.106759,
          0.107634,
          1.001589
        ],
        [
          -0.14842,
          0.536815,
          -0.830542,
          4.214005
        ],
        [
          0.030888,
          -0.836918,
          -0.546456,
          1.208171
        ],
        [
          0.0,
          0.0,
          0.0,
          1.0
        ]
      ]
    },
    {
      "file_path": "/media/NFS/ttao/scannet/posed_images/scene0524_01/00127.jpg",
      "transform_matrix": [
        [
          -0.949138,
          -0.183333,
          0.25598,
          1.066111
        ],
        [
          -0.314838,
          0.543154,
          -0.778371,
          4.234266
        ],
        [
          0.003664,
          -0.819373,
          -0.573248,
          1.212882
        ],
        [
          0.0,
          0.0,
          0.0,
          1.0
        ]
      ]
    },
    {
      "file_path": "/media/NFS/ttao/scannet/posed_images/scene0524_01/00129.jpg",
      "transform_matrix": [
        [
          -0.937358,
          -0.198245,
          0.286458,
          1.079043
        ],
        [
          -0.34836,
          0.538262,
          -0.76741,
          4.240729
        ],
        [
          -0.002054,
          -0.819129,
          -0.573605,
          1.218047
        ],
        [
          0.0,
          0.0,
          0.0,
          1.0
        ]
      ]
    },
    {
      "file_path": "/media/NFS/ttao/scannet/posed_images/scene0524_01/00141.jpg",
      "transform_matrix": [
        [
          -0.819305,
          -0.360826,
          0.445584,
          1.07513
        ],
        [
          -0.573169,
          0.53543,
          -0.620317,
          4.271539
        ],
        [
          -0.014752,
          -0.763623,
          -0.645494,
          1.196447
        ],
        [
          0.0,
          0.0,
          0.0,
          1.0
        ]
      ]
    },
    {
      "file_path": "/media/NFS/ttao/scannet/posed_images/scene0524_01/00143.jpg",
      "transform_matrix": [
        [
          -0.809189,
          -0.376756,
          0.450853,
          1.071532
        ],
        [
          -0.587406,
          0.535677,
          -0.606634,
          4.272489
        ],
        [
          -0.012959,
          -0.755715,
          -0.654773,
          1.194826
        ],
        [
          0.0,
          0.0,
          0.0,
          1.0
        ]
      ]
    },
    {
      "file_path": "/media/NFS/ttao/scannet/posed_images/scene0524_01/00148.jpg",
      "transform_matrix": [
        [
          -0.806262,
          -0.388373,
          0.446215,
          1.060962
        ],
        [
          -0.59153,
          0.536656,
          -0.601741,
          4.277142
        ],
        [
          -0.005764,
          -0.749111,
          -0.662419,
          1.197199
        ],
        [
          0.0,
          0.0,
          0.0,
          1.0
        ]
      ]
    },
    {
      "file_path": "/media/NFS/ttao/scannet/posed_images/scene0524_01/00158.jpg",
      "transform_matrix": [
        [
          -0.848119,
          -0.385879,
          0.363031,
          1.05444
        ],
        [
          -0.528431,
          0.566788,
          -0.632069,
          4.319204
        ],
        [
          0.038141,
          -0.727907,
          -0.684614,
          1.192027
        ],
        [
          0.0,
          0.0,
          0.0,
          1.0
        ]
      ]
    },
    {
      "file_path": "/media/NFS/ttao/scannet/posed_images/scene0524_01/00164.jpg",
      "transform_matrix": [
        [
          -0.864997,
          -0.350399,
          0.359166,
          1.050182
        ],
        [
          -0.500495,
          0.551379,
          -0.667447,
          4.322101
        ],
        [
          0.035836,
          -0.757101,
          -0.652314,
          1.217897
        ],
        [
          0.0,
          0.0,
          0.0,
          1.0
        ]
      ]
    },
    {
      "file_path": "/media/NFS/ttao/scannet/posed_images/scene0524_01/00172.jpg",
      "transform_matrix": [
        [
          -0.805347,
          -0.356975,
          0.473271,
          1.015823
        ],
        [
          -0.592521,
          0.460065,
          -0.661256,
          4.319283
        ],
        [
          0.018317,
          -0.812963,
          -0.582027,
          1.242111
        ],
        [
          0.0,
          0.0,
          0.0,
          1.0
        ]
      ]
    },
    {
      "file_path": "/media/NFS/ttao/scannet/posed_images/scene0524_01/00174.jpg",
      "transform_matrix": [
        [
          -0.789617,
          -0.376229,
          0.484724,
          1.005949
        ],
        [
          -0.613297,
          0.459098,
          -0.642725,
          4.312942
        ],
        [
          0.019276,
          -0.804786,
          -0.593251,
          1.246631
        ],
        [
          0.0,
          0.0,
          0.0,
          1.0
        ]
      ]
    },
    {
      "file_path": "/media/NFS/ttao/scannet/posed_images/scene0524_01/00182.jpg",
      "transform_matrix": [
        [
          -0.7173,
          -0.396201,
          0.573154,
          0.961853
        ],
        [
          -0.696752,
          0.403038,
          -0.593377,
          4.294934
        ],
        [
          0.004093,
          -0.824976,
          -0.565153,
          1.262194
        ],
        [
          0.0,
          0.0,
          0.0,
          1.0
        ]
      ]
    },
    {
      "file_path": "/media/NFS/ttao/scannet/posed_images/scene0524_01/00187.jpg",
      "transform_matrix": [
        [
          -0.674422,
          -0.395936,
          0.623209,
          0.946716
        ],
        [
          -0.737898,
          0.390839,
          -0.550228,
          4.289905
        ],
        [
          -0.02572,
          -0.830951,
          -0.555751,
          1.279594
        ],
        [
          0.0,
          0.0,
          0.0,
          1.0
        ]
      ]
    },
    {
      "file_path": "/media/NFS/ttao/scannet/posed_images/scene0524_01/00197.jpg",
      "transform_matrix": [
        [
          -0.614706,
          -0.377651,
          0.692471,
          0.966519
        ],
        [
          -0.788006,
          0.332333,
          -0.518268,
          4.319047
        ],
        [
          -0.034407,
          -0.864253,
          -0.501878,
          1.322883
        ],
        [
          0.0,
          0.0,
          0.0,
          1.0
        ]
      ]
    },
    {
      "file_path": "/media/NFS/ttao/scannet/posed_images/scene0524_01/00201.jpg",
      "transform_matrix": [
        [
          -0.594381,
          -0.38717,
          0.704849,
          0.990429
        ],
        [
          -0.804036,
          0.302917,
          -0.511632,
          4.342577
        ],
        [
          -0.015422,
          -0.870828,
          -0.491346,
          1.329424
        ],
        [
          0.0,
          0.0,
          0.0,
          1.0
        ]
      ]
    },
    {
      "file_path": "/media/NFS/ttao/scannet/posed_images/scene0524_01/00209.jpg",
      "transform_matrix": [
        [
          -0.543843,
          -0.393618,
          0.741148,
          1.03747
        ],
        [
          -0.839187,
          0.255607,
          -0.480032,
          4.371978
        ],
        [
          -0.000493,
          -0.883023,
          -0.469329,
          1.349872
        ],
        [
          0.0,
          0.0,
          0.0,
          1.0
        ]
      ]
    },
    {
      "file_path": "/media/NFS/ttao/scannet/posed_images/scene0524_01/00215.jpg",
      "transform_matrix": [
        [
          -0.50996,
          -0.38224,
          0.770606,
          1.067682
        ],
        [
          -0.860168,
          0.219106,
          -0.460547,
          4.398144
        ],
        [
          0.007195,
          -0.897711,
          -0.440526,
          1.355646
        ],
        [
          0.0,
          0.0,
          0.0,
          1.0
        ]
      ]
    },
    {
      "file_path": "/media/NFS/ttao/scannet/posed_images/scene0524_01/00225.jpg",
      "transform_matrix": [
        [
          -0.469401,
          -0.341011,
          0.814478,
          1.082904
        ],
        [
          -0.882981,
          0.178448,
          -0.434167,
          4.404119
        ],
        [
          0.002713,
          -0.922967,
          -0.38487,
          1.377028
        ],
        [
          0.0,
          0.0,
          0.0,
          1.0
        ]
      ]
    },
    {
      "file_path": "/media/NFS/ttao/scannet/posed_images/scene0524_01/00230.jpg",
      "transform_matrix": [
        [
          -0.439349,
          -0.350565,
          0.827089,
          1.084522
        ],
        [
          -0.898311,
          0.168282,
          -0.405855,
          4.389549
        ],
        [
          0.003094,
          -0.921296,
          -0.388851,
          1.386558
        ],
        [
          0.0,
          0.0,
          0.0,
          1.0
        ]
      ]
    },
    {
      "file_path": "/media/NFS/ttao/scannet/posed_images/scene0524_01/00234.jpg",
      "transform_matrix": [
        [
          -0.420625,
          -0.364913,
          0.83061,
          1.084417
        ],
        [
          -0.907222,
          0.164282,
          -0.387247,
          4.36974
        ],
        [
          0.004857,
          -0.916433,
          -0.400159,
          1.388239
        ],
        [
          0.0,
          0.0,
          0.0,
          1.0
        ]
      ]
    },
    {
      "file_path": "/media/NFS/ttao/scannet/posed_images/scene0524_01/00244.jpg",
      "transform_matrix": [
        [
          -0.375012,
          -0.363525,
          0.852769,
          1.084223
        ],
        [
          -0.926947,
          0.158552,
          -0.340044,
          4.333379
        ],
        [
          -0.011594,
          -0.917993,
          -0.396428,
          1.393918
        ],
        [
          0.0,
          0.0,
          0.0,
          1.0
        ]
      ]
    },
    {
      "file_path": "/media/NFS/ttao/scannet/posed_images/scene0524_01/00248.jpg",
      "transform_matrix": [
        [
          -0.357907,
          -0.373966,
          0.8556,
          1.083482
        ],
        [
          -0.933692,
          0.154142,
          -0.323201,
          4.325653
        ],
        [
          -0.011018,
          -0.914543,
          -0.404338,
          1.389514
        ],
        [
          0.0,
          0.0,
          0.0,
          1.0
        ]
      ]
    },
    {
      "file_path": "/media/NFS/ttao/scannet/posed_images/scene0524_01/00252.jpg",
      "transform_matrix": [
        [
          -0.334457,
          -0.385083,
          0.860146,
          1.07976
        ],
        [
          -0.942197,
          0.156079,
          -0.296485,
          4.314028
        ],
        [
          -0.02008,
          -0.909588,
          -0.415025,
          1.381523
        ],
        [
          0.0,
          0.0,
          0.0,
          1.0
        ]
      ]
    },
    {
      "file_path": "/media/NFS/ttao/scannet/posed_images/scene0524_01/00260.jpg",
      "transform_matrix": [
        [
          -0.271247,
          -0.420959,
          0.865574,
          1.067373
        ],
        [
          -0.962369,
          0.134024,
          -0.236399,
          4.284012
        ],
        [
          -0.016494,
          -0.897124,
          -0.441472,
          1.35481
        ],
        [
          0.0,
          0.0,
          0.0,
          1.0
        ]
      ]
    },
    {
      "file_path": "/media/NFS/ttao/scannet/posed_images/scene0524_01/00270.jpg",
      "transform_matrix": [
        [
          -0.218727,
          -0.518005,
          0.82694,
          1.062639
        ],
        [
          -0.975734,
          0.124865,
          -0.179867,
          4.238771
        ],
        [
          -0.010084,
          -0.846215,
          -0.532746,
          1.306089
        ],
        [
          0.0,
          0.0,
          0.0,
          1.0
        ]
      ]
    },
    {
      "file_path": "/media/NFS/ttao/scannet/posed_images/scene0524_01/00273.jpg",
      "transform_matrix": [
        [
          -0.211902,
          -0.529101,
          0.821675,
          1.073598
        ],
        [
          -0.977064,
          0.132804,
          -0.166459,
          4.232985
        ],
        [
          -0.021048,
          -0.838102,
          -0.545107,
          1.30331
        ],
        [
          0.0,
          0.0,
          0.0,
          1.0
        ]
      ]
    },
    {
      "file_path": "/media/NFS/ttao/scannet/posed_images/scene0524_01/00279.jpg",
      "transform_matrix": [
        [
          -0.218604,
          -0.517034,
          0.827579,
          1.103348
        ],
        [
          -0.975734,
          0.126684,
          -0.178592,
          4.222103
        ],
        [
          -0.012503,
          -0.846538,
          -0.532182,
          1.307516
        ],
        [
          0.0,
          0.0,
          0.0,
          1.0
        ]
      ]
    },
    {
      "file_path": "/media/NFS/ttao/scannet/posed_images/scene0524_01/00289.jpg",
      "transform_matrix": [
        [
          -0.207873,
          -0.470853,
          0.857372,
          1.165667
        ],
        [
          -0.978142,
          0.09537,
          -0.184778,
          4.212011
        ],
        [
          0.005236,
          -0.877042,
          -0.480386,
          1.333065
        ],
        [
          0.0,
          0.0,
          0.0,
          1.0
        ]
      ]
    },
    {
      "file_path": "/media/NFS/ttao/scannet/posed_images/scene0524_01/00291.jpg",
      "transform_matrix": [
        [
          -0.214212,
          -0.448827,
          0.867564,
          1.168664
        ],
        [
          -0.976733,
          0.089031,
          -0.195107,
          4.211576
        ],
        [
          0.010329,
          -0.889172,
          -0.457456,
          1.329076
        ],
        [
          0.0,
          0.0,
          0.0,
          1.0
        ]
      ]
    },
    {
      "file_path": "/media/NFS/ttao/scannet/posed_images/scene0524_01/00299.jpg",
      "transform_matrix": [
        [
          -0.138975,
          -0.440963,
          0.8867,
          1.181465
        ],
        [
          -0.990024,
          0.082834,
          -0.113975,
          4.182681
        ],
        [
          -0.02319,
          -0.893695,
          -0.448076,
          1.346977
        ],
        [
          0.0,
          0.0,
          0.0,
          1.0
        ]
      ]
    },
    {
      "file_path": "/media/NFS/ttao/scannet/posed_images/scene0524_01/00307.jpg",
      "transform_matrix": [
        [
          -0.01007,
          -0.440264,
          0.897812,
          1.180819
        ],
        [
          -0.997395,
          0.068556,
          0.022431,
          4.119783
        ],
        [
          -0.071426,
          -0.895248,
          -0.439807,
          1.362761
        ],
        [
          0.0,
          0.0,
          0.0,
          1.0
        ]
      ]
    },
    {
      "file_path": "/media/NFS/ttao/scannet/posed_images/scene0524_01/00312.jpg",
      "transform_matrix": [
        [
          0.0646,
          -0.412509,
          0.90866,
          1.153545
        ],
        [
          -0.995242,
          0.039923,
          0.08888,
          4.059046
        ],
        [
          -0.07294,
          -0.910078,
          -0.407967,
          1.361456
        ],
        [
          0.0,
          0.0,
          0.0,
          1.0
        ]
      ]
    },
    {
      "file_path": "/media/NFS/ttao/scannet/posed_images/scene0524_01/00318.jpg",
      "transform_matrix": [
        [
          0.113121,
          -0.425746,
          0.897744,
          1.135326
        ],
        [
          -0.990842,
          0.018704,
          0.133722,
          3.987601
        ],
        [
          -0.073723,
          -0.90465,
          -0.419731,
          1.348924
        ],
        [
          0.0,
          0.0,
          0.0,
          1.0
        ]
      ]
    },
    {
      "file_path": "/media/NFS/ttao/scannet/posed_images/scene0524_01/00324.jpg",
      "transform_matrix": [
        [
          0.177131,
          -0.41249,
          0.893575,
          1.115392
        ],
        [
          -0.981413,
          -0.005904,
          0.191817,
          3.935197
        ],
        [
          -0.073846,
          -0.910943,
          -0.405869,
          1.34118
        ],
        [
          0.0,
          0.0,
          0.0,
          1.0
        ]
      ]
    },
    {
      "file_path": "/media/NFS/ttao/scannet/posed_images/scene0524_01/00336.jpg",
      "transform_matrix": [
        [
          0.305391,
          -0.380695,
          0.872816,
          1.089712
        ],
        [
          -0.948703,
          -0.04285,
          0.313253,
          3.851445
        ],
        [
          -0.081854,
          -0.923707,
          -0.374252,
          1.346368
        ],
        [
          0.0,
          0.0,
          0.0,
          1.0
        ]
      ]
    },
    {
      "file_path": "/media/NFS/ttao/scannet/posed_images/scene0524_01/00342.jpg",
      "transform_matrix": [
        [
          0.345839,
          -0.38827,
          0.854191,
          1.093467
        ],
        [
          -0.934173,
          -0.057256,
          0.352197,
          3.817116
        ],
        [
          -0.08784,
          -0.919765,
          -0.382513,
          1.344107
        ],
        [
          0.0,
          0.0,
          0.0,
          1.0
        ]
      ]
    },
    {
      "file_path": "/media/NFS/ttao/scannet/posed_images/scene0524_01/00346.jpg",
      "transform_matrix": [
        [
          0.373039,
          -0.387498,
          0.843023,
          1.089983
        ],
        [
          -0.922335,
          -0.056267,
          0.382272,
          3.80982
        ],
        [
          -0.100696,
          -0.920152,
          -0.378393,
          1.340591
        ],
        [
          0.0,
          0.0,
          0.0,
          1.0
        ]
      ]
    },
    {
      "file_path": "/media/NFS/ttao/scannet/posed_images/scene0524_01/00350.jpg",
      "transform_matrix": [
        [
          0.39403,
          -0.379845,
          0.836934,
          1.091017
        ],
        [
          -0.913047,
          -0.057461,
          0.403786,
          3.802248
        ],
        [
          -0.105285,
          -0.923264,
          -0.369458,
          1.3318
        ],
        [
          0.0,
          0.0,
          0.0,
          1.0
        ]
      ]
    },
    {
      "file_path": "/media/NFS/ttao/scannet/posed_images/scene0524_01/00361.jpg",
      "transform_matrix": [
        [
          0.451209,
          -0.412285,
          0.791474,
          1.104572
        ],
        [
          -0.882426,
          -0.073772,
          0.464631,
          3.772872
        ],
        [
          -0.133172,
          -0.908063,
          -0.397097,
          1.313077
        ],
        [
          0.0,
          0.0,
          0.0,
          1.0
        ]
      ]
    },
    {
      "file_path": "/media/NFS/ttao/scannet/posed_images/scene0524_01/00367.jpg",
      "transform_matrix": [
        [
          0.462424,
          -0.423183,
          0.779154,
          1.114923
        ],
        [
          -0.876765,
          -0.087329,
          0.472924,
          3.772292
        ],
        [
          -0.13209,
          -0.901826,
          -0.411414,
          1.308226
        ],
        [
          0.0,
          0.0,
          0.0,
          1.0
        ]
      ]
    },
    {
      "file_path": "/media/NFS/ttao/scannet/posed_images/scene0524_01/00369.jpg",
      "transform_matrix": [
        [
          0.462256,
          -0.426224,
          0.777594,
          1.119622
        ],
        [
          -0.877031,
          -0.090303,
          0.47187,
          3.776188
        ],
        [
          -0.130903,
          -0.900099,
          -0.415555,
          1.308634
        ],
        [
          0.0,
          0.0,
          0.0,
          1.0
        ]
      ]
    },
    {
      "file_path": "/media/NFS/ttao/scannet/posed_images/scene0524_01/00377.jpg",
      "transform_matrix": [
        [
          0.510535,
          -0.423089,
          0.748566,
          1.149142
        ],
        [
          -0.851748,
          -0.129555,
          0.507682,
          3.804398
        ],
        [
          -0.117814,
          -0.896778,
          -0.426507,
          1.312668
        ],
        [
          0.0,
          0.0,
          0.0,
          1.0
        ]
      ]
    },
    {
      "file_path": "/media/NFS/ttao/scannet/posed_images/scene0524_01/00387.jpg",
      "transform_matrix": [
        [
          0.542605,
          -0.403014,
          0.736994,
          1.197054
        ],
        [
          -0.834563,
          -0.159093,
          0.527441,
          3.93761
        ],
        [
          -0.095315,
          -0.90126,
          -0.422665,
          1.337798
        ],
        [
          0.0,
          0.0,
          0.0,
          1.0
        ]
      ]
    },
    {
      "file_path": "/media/NFS/ttao/scannet/posed_images/scene0524_01/00391.jpg",
      "transform_matrix": [
        [
          0.55649,
          -0.380149,
          0.738787,
          1.243896
        ],
        [
          -0.827173,
          -0.169878,
          0.535655,
          3.975107
        ],
        [
          -0.078125,
          -0.909191,
          -0.408984,
          1.356679
        ],
        [
          0.0,
          0.0,
          0.0,
          1.0
        ]
      ]
    },
    {
      "file_path": "/media/NFS/ttao/scannet/posed_images/scene0524_01/00398.jpg",
      "transform_matrix": [
        [
          0.57437,
          -0.347851,
          0.741012,
          1.303555
        ],
        [
          -0.814,
          -0.146918,
          0.561977,
          4.054292
        ],
        [
          -0.086617,
          -0.925967,
          -0.367536,
          1.376711
        ],
        [
          0.0,
          0.0,
          0.0,
          1.0
        ]
      ]
    },
    {
      "file_path": "/media/NFS/ttao/scannet/posed_images/scene0524_01/00406.jpg",
      "transform_matrix": [
        [
          0.55816,
          -0.368335,
          0.743496,
          1.362752
        ],
        [
          -0.826338,
          -0.165792,
          0.538217,
          4.137876
        ],
        [
          -0.074979,
          -0.914791,
          -0.396908,
          1.362786
        ],
        [
          0.0,
          0.0,
          0.0,
          1.0
        ]
      ]
    },
    {
      "file_path": "/media/NFS/ttao/scannet/posed_images/scene0524_01/00408.jpg",
      "transform_matrix": [
        [
          0.559113,
          -0.358567,
          0.747544,
          1.378676
        ],
        [
          -0.827156,
          -0.179673,
          0.532476,
          4.155904
        ],
        [
          -0.056615,
          -0.91605,
          -0.397048,
          1.362382
        ],
        [
          0.0,
          0.0,
          0.0,
          1.0
        ]
      ]
    },
    {
      "file_path": "/media/NFS/ttao/scannet/posed_images/scene0524_01/00418.jpg",
      "transform_matrix": [
        [
          0.608986,
          -0.356691,
          0.708454,
          1.486695
        ],
        [
          -0.785816,
          -0.149885,
          0.600022,
          4.204465
        ],
        [
          -0.107836,
          -0.92212,
          -0.371571,
          1.366404
        ],
        [
          0.0,
          0.0,
          0.0,
          1.0
        ]
      ]
    },
    {
      "file_path": "/media/NFS/ttao/scannet/posed_images/scene0524_01/00426.jpg",
      "transform_matrix": [
        [
          0.636041,
          -0.334005,
          0.695623,
          1.562802
        ],
        [
          -0.762796,
          -0.135942,
          0.632188,
          4.234356
        ],
        [
          -0.11659,
          -0.932717,
          -0.341243,
          1.379908
        ],
        [
          0.0,
          0.0,
          0.0,
          1.0
        ]
      ]
    },
    {
      "file_path": "/media/NFS/ttao/scannet/posed_images/scene0524_01/00432.jpg",
      "transform_matrix": [
        [
          0.650647,
          -0.343191,
          0.677406,
          1.608349
        ],
        [
          -0.75081,
          -0.157087,
          0.641567,
          4.268912
        ],
        [
          -0.113769,
          -0.926036,
          -0.359879,
          1.374229
        ],
        [
          0.0,
          0.0,
          0.0,
          1.0
        ]
      ]
    },
    {
      "file_path": "/media/NFS/ttao/scannet/posed_images/scene0524_01/00439.jpg",
      "transform_matrix": [
        [
          0.640853,
          -0.334424,
          0.690991,
          1.653332
        ],
        [
          -0.762564,
          -0.173747,
          0.623144,
          4.342147
        ],
        [
          -0.088337,
          -0.926268,
          -0.366366,
          1.375589
        ],
        [
          0.0,
          0.0,
          0.0,
          1.0
        ]
      ]
    },
    {
      "file_path": "/media/NFS/ttao/scannet/posed_images/scene0524_01/00441.jpg",
      "transform_matrix": [
        [
          0.641579,
          -0.323123,
          0.695678,
          1.669566
        ],
        [
          -0.762947,
          -0.175055,
          0.622308,
          4.360584
        ],
        [
          -0.0793,
          -0.930025,
          -0.358838,
          1.374438
        ],
        [
          0.0,
          0.0,
          0.0,
          1.0
        ]
      ]
    },
    {
      "file_path": "/media/NFS/ttao/scannet/posed_images/scene0524_01/00453.jpg",
      "transform_matrix": [
        [
          0.654935,
          -0.336748,
          0.676507,
          1.732561
        ],
        [
          -0.746492,
          -0.149086,
          0.648477,
          4.491428
        ],
        [
          -0.117516,
          -0.929717,
          -0.349021,
          1.390023
        ],
        [
          0.0,
          0.0,
          0.0,
          1.0
        ]
      ]
    },
    {
      "file_path": "/media/NFS/ttao/scannet/posed_images/scene0524_01/00455.jpg",
      "transform_matrix": [
        [
          0.654983,
          -0.339122,
          0.675273,
          1.740688
        ],
        [
          -0.746904,
          -0.155027,
          0.646607,
          4.508077
        ],
        [
          -0.114594,
          -0.927881,
          -0.354831,
          1.389352
        ],
        [
          0.0,
          0.0,
          0.0,
          1.0
        ]
      ]
    },
    {
      "file_path": "/media/NFS/ttao/scannet/posed_images/scene0524_01/00461.jpg",
      "transform_matrix": [
        [
          0.656811,
          -0.352962,
          0.666346,
          1.772204
        ],
        [
          -0.74394,
          -0.159066,
          0.649038,
          4.542018
        ],
        [
          -0.123093,
          -0.922017,
          -0.367059,
          1.388636
        ],
        [
          0.0,
          0.0,
          0.0,
          1.0
        ]
      ]
    },
    {
      "file_path": "/media/NFS/ttao/scannet/posed_images/scene0524_01/00473.jpg",
      "transform_matrix": [
        [
          0.703514,
          -0.333743,
          0.627443,
          1.900943
        ],
        [
          -0.696481,
          -0.148168,
          0.702111,
          4.552915
        ],
        [
          -0.141357,
          -0.930947,
          -0.336684,
          1.382277
        ],
        [
          0.0,
          0.0,
          0.0,
          1.0
        ]
      ]
    },
    {
      "file_path": "/media/NFS/ttao/scannet/posed_images/scene0524_01/00477.jpg",
      "transform_matrix": [
        [
          0.740553,
          -0.330955,
          0.584851,
          1.95074
        ],
        [
          -0.65695,
          -0.173404,
          0.733722,
          4.556094
        ],
        [
          -0.141413,
          -0.927577,
          -0.345836,
          1.380792
        ],
        [
          0.0,
          0.0,
          0.0,
          1.0
        ]
      ]
    },
    {
      "file_path": "/media/NFS/ttao/scannet/posed_images/scene0524_01/00480.jpg",
      "transform_matrix": [
        [
          0.761302,
          -0.310517,
          0.569209,
          1.989175
        ],
        [
          -0.637613,
          -0.19907,
          0.744192,
          4.557856
        ],
        [
          -0.117772,
          -0.929489,
          -0.349542,
          1.377339
        ],
        [
          0.0,
          0.0,
          0.0,
          1.0
        ]
      ]
    },
    {
      "file_path": "/media/NFS/ttao/scannet/posed_images/scene0524_01/00492.jpg",
      "transform_matrix": [
        [
          0.823144,
          -0.26844,
          0.500373,
          2.100831
        ],
        [
          -0.559523,
          -0.233246,
          0.795318,
          4.598889
        ],
        [
          -0.096785,
          -0.934632,
          -0.342194,
          1.371664
        ],
        [
          0.0,
          0.0,
          0.0,
          1.0
        ]
      ]
    },
    {
      "file_path": "/media/NFS/ttao/scannet/posed_images/scene0524_01/00496.jpg",
      "transform_matrix": [
        [
          0.820566,
          -0.270455,
          0.503513,
          2.135027
        ],
        [
          -0.56582,
          -0.259937,
          0.782484,
          4.62226
        ],
        [
          -0.080745,
          -0.926977,
          -0.366324,
          1.376879
        ],
        [
          0.0,
          0.0,
          0.0,
          1.0
        ]
      ]
    },
    {
      "file_path": "/media/NFS/ttao/scannet/posed_images/scene0524_01/00500.jpg",
      "transform_matrix": [
        [
          0.815653,
          -0.251241,
          0.521141,
          2.168832
        ],
        [
          -0.576929,
          -0.286011,
          0.765082,
          4.638013
        ],
