{
  "frames": [
    {
      "file_path": "/media/NFS/ttao/scannet/posed_images/scene0604_02/00002.jpg",
      "transform_matrix": [
        [
          0.94678,
          -0.159643,
          0.279504,
          4.338516
        ],
        [
          -0.319215,
          -0.354121,
          0.879033,
          2.335277
        ],
        [
          -0.041353,
          -0.921473,
          -0.386235,
          1.507983
        ],
        [
          0.0,
          0.0,
          0.0,
          1.0
        ]
      ]
    },
    {
      "file_path": "/media/NFS/ttao/scannet/posed_images/scene0604_02/00005.jpg",
      "transform_matrix": [
        [
          0.947112,
          -0.156578,
          0.280112,
          4.338014
        ],
        [
          -0.318445,
          -0.350717,
          0.880676,
          2.333141
        ],
        [
          -0.039655,
          -0.923299,
          -0.38203,
          1.509176
        ],
        [
          0.0,
          0.0,
          0.0,
          1.0
        ]
      ]
    },
    {
      "file_path": "/media/NFS/ttao/scannet/posed_images/scene0604_02/00010.jpg",
      "transform_matrix": [
        [
          0.948906,
          -0.14344,
          0.281074,
          4.317321
        ],
        [
          -0.313856,
          -0.336596,
          0.887805,
          2.33711
        ],
        [
          -0.032738,
          -0.93066,
          -0.364418,
          1.511132
        ],
        [
          0.0,
          0.0,
          0.0,
          1.0
        ]
      ]
    },
    {
      "file_path": "/media/NFS/ttao/scannet/posed_images/scene0604_02/00019.jpg",
      "transform_matrix": [
        [
          0.971152,
          -0.106284,
          0.213468,
          4.262823
        ],
        [
          -0.236954,
          -0.32953,
          0.913927,
          2.336167
        ],
        [
          -0.026792,
          -0.938144,
          -0.345208,
          1.517932
        ],
        [
          0.0,
          0.0,
          0.0,
          1.0
        ]
      ]
    },
    {
      "file_path": "/media/NFS/ttao/scannet/posed_images/scene0604_02/00026.jpg",
      "transform_matrix": [
        [
          0.988793,
          -0.065532,
          0.134142,
          4.190412
        ],
        [
          -0.148424,
          -0.334699,
          0.930562,
          2.334086
        ],
        [
          -0.016085,
          -0.940043,
          -0.340675,
          1.514645
        ],
        [
          0.0,
          0.0,
          0.0,
          1.0
        ]
      ]
    },
    {
      "file_path": "/media/NFS/ttao/scannet/posed_images/scene0604_02/00029.jpg",
      "transform_matrix": [
        [
          0.994733,
          -0.04724,
          0.09097,
          4.156653
        ],
        [
          -0.101633,
          -0.339086,
          0.935249,
          2.331678
        ],
        [
          -0.013334,
          -0.939569,
          -0.342101,
          1.518742
        ],
        [
          0.0,
          0.0,
          0.0,
          1.0
        ]
      ]
    },
    {
      "file_path": "/media/NFS/ttao/scannet/posed_images/scene0604_02/00036.jpg",
      "transform_matrix": [
        [
          0.99925,
          -0.014243,
          0.036009,
          4.080864
        ],
        [
          -0.038714,
          -0.346389,
          0.937292,
          2.332431
        ],
        [
          -0.000877,
          -0.937983,
          -0.346681,
          1.535856
        ],
        [
          0.0,
          0.0,
          0.0,
          1.0
        ]
      ]
    },
    {
      "file_path": "/media/NFS/ttao/scannet/posed_images/scene0604_02/00041.jpg",
      "transform_matrix": [
        [
          0.999972,
          0.001745,
          0.007279,
          4.019803
        ],
        [
          -0.00623,
          -0.345028,
          0.938572,
          2.321094
        ],
        [
          0.00415,
          -0.938591,
          -0.345008,
          1.541548
        ],
        [
          0.0,
          0.0,
          0.0,
          1.0
        ]
      ]
    },
    {
      "file_path": "/media/NFS/ttao/scannet/posed_images/scene0604_02/00048.jpg",
      "transform_matrix": [
        [
          0.999719,
          0.018135,
          -0.015291,
          3.951867
        ],
        [
          0.02075,
          -0.356168,
          0.934191,
          2.309421
        ],
        [
          0.011495,
          -0.934246,
          -0.356444,
          1.542193
        ],
        [
          0.0,
          0.0,
          0.0,
          1.0
        ]
      ]
    },
    {
      "file_path": "/media/NFS/ttao/scannet/posed_images/scene0604_02/00052.jpg",
      "transform_matrix": [
        [
          0.999455,
          0.029176,
          -0.015444,
          3.906755
        ],
        [
          0.024757,
          -0.353021,
          0.935288,
          2.299848
        ],
        [
          0.021836,
          -0.935161,
          -0.353551,
          1.535571
        ],
        [
          0.0,
          0.0,
          0.0,
          1.0
        ]
      ]
    },
    {
      "file_path": "/media/NFS/ttao/scannet/posed_images/scene0604_02/00057.jpg",
      "transform_matrix": [
        [
          0.999127,
          0.035579,
          -0.021891,
          3.857141
        ],
        [
          0.033323,
          -0.362776,
          0.931281,
          2.29694
        ],
        [
          0.025192,
          -0.931197,
          -0.363644,
          1.533642
        ],
        [
          0.0,
          0.0,
          0.0,
          1.0
        ]
      ]
    },
    {
      "file_path": "/media/NFS/ttao/scannet/posed_images/scene0604_02/00062.jpg",
      "transform_matrix": [
        [
          0.998514,
          0.040455,
          -0.036525,
          3.8146
        ],
        [
          0.048608,
          -0.357784,
          0.932539,
          2.286886
        ],
        [
          0.024658,
          -0.932928,
          -0.359218,
          1.508124
        ],
        [
          0.0,
          0.0,
          0.0,
          1.0
        ]
      ]
    },
    {
      "file_path": "/media/NFS/ttao/scannet/posed_images/scene0604_02/00069.jpg",
      "transform_matrix": [
        [
          0.993558,
          0.089174,
          -0.069933,
          3.761984
        ],
        [
          0.098702,
          -0.377728,
          0.920641,
          2.298784
        ],
        [
          0.055682,
          -0.921613,
          -0.384096,
          1.501613
        ],
        [
          0.0,
          0.0,
          0.0,
          1.0
        ]
      ]
    },
    {
      "file_path": "/media/NFS/ttao/scannet/posed_images/scene0604_02/00074.jpg",
      "transform_matrix": [
        [
          0.988275,
          0.118365,
          -0.096451,
          3.724957
        ],
        [
          0.135243,
          -0.385408,
          0.912781,
          2.320529
        ],
        [
          0.070868,
          -0.915123,
          -0.396898,
          1.508377
        ],
        [
          0.0,
          0.0,
          0.0,
          1.0
        ]
      ]
    },
    {
      "file_path": "/media/NFS/ttao/scannet/posed_images/scene0604_02/00079.jpg",
      "transform_matrix": [
        [
          0.980263,
          0.138386,
          -0.141188,
          3.702652
        ],
        [
          0.185112,
          -0.391737,
          0.901263,
          2.352329
        ],
        [
          0.069413,
          -0.909611,
          -0.409622,
          1.513977
        ],
        [
          0.0,
          0.0,
          0.0,
          1.0
        ]
      ]
    },
    {
      "file_path": "/media/NFS/ttao/scannet/posed_images/scene0604_02/00086.jpg",
      "transform_matrix": [
        [
          0.965755,
          0.144575,
          -0.215441,
          3.678531
        ],
        [
          0.255407,
          -0.383658,
          0.887454,
          2.438128
        ],
        [
          0.045648,
          -0.912088,
          -0.407445,
          1.518674
        ],
        [
          0.0,
          0.0,
          0.0,
          1.0
        ]
      ]
    },
    {
      "file_path": "/media/NFS/ttao/scannet/posed_images/scene0604_02/00093.jpg",
      "transform_matrix": [
        [
          0.946991,
          0.154785,
          -0.281512,
          3.654066
        ],
        [
          0.319427,
          -0.360206,
          0.87648,
          2.53732
        ],
        [
          0.034263,
          -0.919942,
          -0.390555,
          1.514885
        ],
        [
          0.0,
          0.0,
          0.0,
          1.0
        ]
      ]
    },
    {
      "file_path": "/media/NFS/ttao/scannet/posed_images/scene0604_02/00100.jpg",
      "transform_matrix": [
        [
          0.910886,
          0.208252,
          -0.356255,
          3.614416
        ],
        [
          0.410718,
          -0.37391,
          0.831566,
          2.598853
        ],
        [
          0.039968,
          -0.903782,
          -0.426122,
          1.500897
        ],
        [
          0.0,
          0.0,
          0.0,
          1.0
        ]
      ]
    },
    {
      "file_path": "/media/NFS/ttao/scannet/posed_images/scene0604_02/00105.jpg",
      "transform_matrix": [
        [
          0.881361,
          0.242614,
          -0.405389,
          3.567913
        ],
        [
          0.470391,
          -0.370766,
          0.80079,
          2.629115
        ],
        [
          0.043978,
          -0.896477,
          -0.440902,
          1.494151
        ],
        [
          0.0,
          0.0,
          0.0,
          1.0
        ]
      ]
    },
    {
      "file_path": "/media/NFS/ttao/scannet/posed_images/scene0604_02/00108.jpg",
      "transform_matrix": [
        [
          0.87083,
          0.274646,
          -0.407707,
          3.530218
        ],
        [
          0.487828,
          -0.38048,
          0.785658,
          2.64883
        ],
        [
          0.060653,
          -0.883065,
          -0.465314,
          1.491416
        ],
        [
          0.0,
          0.0,
          0.0,
          1.0
        ]
      ]
    },
    {
      "file_path": "/media/NFS/ttao/scannet/posed_images/scene0604_02/00115.jpg",
      "transform_matrix": [
        [
          0.833319,
          0.297352,
          -0.466005,
          3.435738
        ],
        [
          0.550727,
          -0.373779,
          0.746317,
          2.710546
        ],
        [
          0.047736,
          -0.878562,
          -0.475237,
          1.50126
        ],
        [
          0.0,
          0.0,
          0.0,
          1.0
        ]
      ]
    },
    {
      "file_path": "/media/NFS/ttao/scannet/posed_images/scene0604_02/00124.jpg",
      "transform_matrix": [
        [
          0.801754,
          0.301186,
          -0.516214,
          3.306953
        ],
        [
          0.59656,
          -0.351086,
          0.721702,
          2.773816
        ],
        [
          0.036132,
          -0.886581,
          -0.461161,
          1.516362
        ],
        [
          0.0,
          0.0,
          0.0,
          1.0
        ]
      ]
    },
    {
      "file_path": "/media/NFS/ttao/scannet/posed_images/scene0604_02/00129.jpg",
      "transform_matrix": [
        [
          0.770874,
          0.321697,
          -0.549786,
          3.260241
        ],
        [
          0.636669,
          -0.361827,
          0.68098,
          2.822123
        ],
        [
          0.020142,
          -0.874982,
          -0.483737,
          1.516525
        ],
        [
          0.0,
          0.0,
          0.0,
          1.0
        ]
      ]
    },
    {
      "file_path": "/media/NFS/ttao/scannet/posed_images/scene0604_02/00131.jpg",
      "transform_matrix": [
        [
          0.756928,
          0.33083,
          -0.563571,
          3.248441
        ],
        [
          0.653137,
          -0.354303,
          0.669239,
          2.848599
        ],
        [
          0.02173,
          -0.874655,
          -0.484259,
          1.519873
        ],
        [
          0.0,
          0.0,
          0.0,
          1.0
        ]
      ]
    },
    {
      "file_path": "/media/NFS/ttao/scannet/posed_images/scene0604_02/00141.jpg",
      "transform_matrix": [
        [
          0.63654,
          0.354737,
          -0.68482,
          3.178238
        ],
        [
          0.771201,
          -0.283467,
          0.569995,
          2.97071
        ],
        [
          0.008075,
          -0.890959,
          -0.454012,
          1.543323
        ],
        [
          0.0,
          0.0,
          0.0,
          1.0
        ]
      ]
    },
    {
      "file_path": "/media/NFS/ttao/scannet/posed_images/scene0604_02/00143.jpg",
      "transform_matrix": [
        [
          0.599222,
          0.363838,
          -0.71313,
          3.175429
        ],
        [
          0.800458,
          -0.256575,
          0.541697,
          2.993837
        ],
        [
          0.014119,
          -0.895428,
          -0.444983,
          1.540863
        ],
        [
          0.0,
          0.0,
          0.0,
          1.0
        ]
      ]
    },
    {
      "file_path": "/media/NFS/ttao/scannet/posed_images/scene0604_02/00148.jpg",
      "transform_matrix": [
        [
          0.524413,
          0.381828,
          -0.761051,
          3.148588
        ],
        [
          0.851302,
          -0.217706,
          0.477376,
          3.037518
        ],
        [
          0.016591,
          -0.898227,
          -0.439219,
          1.55221
        ],
        [
          0.0,
          0.0,
          0.0,
          1.0
        ]
      ]
    },
    {
      "file_path": "/media/NFS/ttao/scannet/posed_images/scene0604_02/00155.jpg",
      "transform_matrix": [
        [
          0.461214,
          0.373927,
          -0.804649,
          3.139128
        ],
        [
          0.887248,
          -0.203124,
          0.414165,
          3.092076
        ],
        [
          -0.008576,
          -0.904942,
          -0.425449,
          1.532015
        ],
        [
          0.0,
          0.0,
          0.0,
          1.0
        ]
      ]
    },
    {
      "file_path": "/media/NFS/ttao/scannet/posed_images/scene0604_02/00162.jpg",
      "transform_matrix": [
        [
          0.409538,
          0.390238,
          -0.824618,
          3.098821
        ],
        [
          0.912021,
          -0.197217,
          0.359616,
          3.14107
        ],
        [
          -0.022293,
          -0.899344,
          -0.436672,
          1.51562
        ],
        [
          0.0,
          0.0,
          0.0,
          1.0
        ]
      ]
    },
    {
      "file_path": "/media/NFS/ttao/scannet/posed_images/scene0604_02/00165.jpg",
      "transform_matrix": [
        [
          0.385488,
          0.401387,
          -0.830835,
          3.063138
        ],
        [
          0.922373,
          -0.192078,
          0.335164,
          3.155956
        ],
        [
          -0.025055,
          -0.895541,
          -0.444273,
          1.514715
        ],
        [
          0.0,
          0.0,
          0.0,
          1.0
        ]
      ]
    },
    {
      "file_path": "/media/NFS/ttao/scannet/posed_images/scene0604_02/00176.jpg",
      "transform_matrix": [
        [
          0.230392,
          0.371334,
          -0.899462,
          2.931303
        ],
        [
          0.972017,
          -0.131385,
          0.194735,
          3.208744
        ],
        [
          -0.045864,
          -0.919157,
          -0.391213,
          1.541153
        ],
        [
          0.0,
          0.0,
          0.0,
          1.0
        ]
      ]
    },
    {
      "file_path": "/media/NFS/ttao/scannet/posed_images/scene0604_02/00181.jpg",
      "transform_matrix": [
        [
          0.17842,
          0.33385,
          -0.925587,
          2.890179
        ],
        [
          0.98297,
          -0.102542,
          0.152495,
          3.210039
        ],
        [
          -0.044001,
          -0.937033,
          -0.34646,
          1.528648
        ],
        [
          0.0,
          0.0,
          0.0,
          1.0
        ]
      ]
    },
    {
      "file_path": "/media/NFS/ttao/scannet/posed_images/scene0604_02/00186.jpg",
      "transform_matrix": [
        [
          0.118742,
          0.325922,
          -0.93791,
          2.852471
        ],
        [
          0.991675,
          -0.086307,
          0.095557,
          3.219132
        ],
        [
          -0.049804,
          -0.941449,
          -0.333458,
          1.548176
        ],
        [
          0.0,
          0.0,
          0.0,
          1.0
        ]
      ]
    },
    {
      "file_path": "/media/NFS/ttao/scannet/posed_images/scene0604_02/00193.jpg",
      "transform_matrix": [
        [
          0.064204,
          0.310015,
          -0.948561,
          2.823493
        ],
        [
          0.99715,
          -0.057661,
          0.048647,
          3.264016
        ],
        [
          -0.039614,
          -0.948982,
          -0.312834,
          1.530691
        ],
        [
          0.0,
          0.0,
          0.0,
          1.0
        ]
      ]
    },
    {
      "file_path": "/media/NFS/ttao/scannet/posed_images/scene0604_02/00194.jpg",
      "transform_matrix": [
        [
          0.053642,
          0.314558,
          -0.947721,
          2.81629
        ],
        [
          0.997685,
          -0.056614,
          0.03768,
          3.272955
        ],
        [
          -0.041802,
          -0.947549,
          -0.316866,
          1.534509
        ],
        [
          0.0,
          0.0,
          0.0,
          1.0
        ]
      ]
    },
    {
      "file_path": "/media/NFS/ttao/scannet/posed_images/scene0604_02/00200.jpg",
      "transform_matrix": [
        [
          -0.040216,
          0.354102,
          -0.934342,
          2.779596
        ],
        [
          0.997594,
          -0.038625,
          -0.057577,
          3.32812
        ],
        [
          -0.056477,
          -0.934409,
          -0.351697,
          1.554276
        ],
        [
          0.0,
          0.0,
          0.0,
          1.0
        ]
      ]
    },
    {
      "file_path": "/media/NFS/ttao/scannet/posed_images/scene0604_02/00210.jpg",
      "transform_matrix": [
        [
          -0.219058,
          0.41312,
          -0.883938,
          2.743225
        ],
        [
          0.974853,
          0.054651,
          -0.216046,
          3.394396
        ],
        [
          -0.040945,
          -0.909035,
          -0.414703,
          1.543244
        ],
        [
          0.0,
          0.0,
          0.0,
          1.0
        ]
      ]
    },
    {
      "file_path": "/media/NFS/ttao/scannet/posed_images/scene0604_02/00212.jpg",
      "transform_matrix": [
        [
          -0.246001,
          0.402945,
          -0.881544,
          2.745631
        ],
        [
          0.968794,
          0.073733,
          -0.236646,
          3.383828
        ],
        [
          -0.030356,
          -0.912249,
          -0.408509,
          1.532135
        ],
        [
          0.0,
          0.0,
          0.0,
          1.0
        ]
      ]
    },
    {
      "file_path": "/media/NFS/ttao/scannet/posed_images/scene0604_02/00217.jpg",
      "transform_matrix": [
        [
          -0.316679,
          0.377366,
          -0.870236,
          2.719224
        ],
        [
          0.947857,
          0.09127,
          -0.305347,
          3.399459
        ],
        [
          -0.035801,
          -0.921556,
          -0.386592,
          1.537613
        ],
        [
          0.0,
          0.0,
          0.0,
          1.0
        ]
      ]
    },
    {
      "file_path": "/media/NFS/ttao/scannet/posed_images/scene0604_02/00222.jpg",
      "transform_matrix": [
        [
          -0.369675,
          0.381655,
          -0.84716,
          2.665771
        ],
        [
          0.92824,
          0.11109,
          -0.355008,
          3.412277
        ],
        [
          -0.041379,
          -0.917605,
          -0.395335,
          1.55426
        ],
        [
          0.0,
          0.0,
          0.0,
          1.0
        ]
      ]
    },
    {
      "file_path": "/media/NFS/ttao/scannet/posed_images/scene0604_02/00231.jpg",
      "transform_matrix": [
        [
          -0.489335,
          0.287003,
          -0.823518,
          2.553766
        ],
        [
          0.872014,
          0.148069,
          -0.466548,
          3.426912
        ],
        [
          -0.011964,
          -0.946417,
          -0.322726,
          1.560473
        ],
        [
          0.0,
          0.0,
          0.0,
          1.0
        ]
      ]
    },
    {
      "file_path": "/media/NFS/ttao/scannet/posed_images/scene0604_02/00236.jpg",
      "transform_matrix": [
        [
          -0.546183,
          0.259037,
          -0.796608,
          2.502179
        ],
        [
          0.837051,
          0.132336,
          -0.530879,
          3.422812
        ],
        [
          -0.032097,
          -0.956759,
          -0.289107,
          1.578643
        ],
        [
          0.0,
          0.0,
          0.0,
          1.0
        ]
      ]
    },
    {
      "file_path": "/media/NFS/ttao/scannet/posed_images/scene0604_02/00239.jpg",
      "transform_matrix": [
        [
          -0.568577,
          0.248059,
          -0.784338,
          2.467626
        ],
        [
          0.822032,
          0.13498,
          -0.553212,
          3.42136
        ],
        [
          -0.03136,
          -0.959295,
          -0.280659,
          1.596862
        ],
        [
          0.0,
          0.0,
          0.0,
          1.0
        ]
      ]
    },
    {
      "file_path": "/media/NFS/ttao/scannet/posed_images/scene0604_02/00250.jpg",
      "transform_matrix": [
        [
          -0.674381,
          0.199737,
          -0.710855,
          2.375988
        ],
        [
          0.73813,
          0.157122,
          -0.656107,
          3.492326
        ],
        [
          -0.019357,
          -0.96717,
          -0.253392,
          1.611374
        ],
        [
          0.0,
          0.0,
          0.0,
          1.0
        ]
      ]
    },
    {
      "file_path": "/media/NFS/ttao/scannet/posed_images/scene0604_02/00251.jpg",
      "transform_matrix": [
        [
          -0.669206,
          0.196031,
          -0.716753,
          2.383807
        ],
        [
          0.742986,
          0.161424,
          -0.649549,
          3.481053
        ],
        [
          -0.011631,
          -0.96722,
          -0.253675,
          1.601547
        ],
        [
          0.0,
          0.0,
          0.0,
          1.0
        ]
      ]
    },
    {
      "file_path": "/media/NFS/ttao/scannet/posed_images/scene0604_02/00262.jpg",
      "transform_matrix": [
        [
          -0.771591,
          0.163773,
          -0.614675,
          2.317916
        ],
        [
          0.636067,
          0.211023,
          -0.742219,
          3.595295
        ],
        [
          0.008155,
          -0.963664,
          -0.266994,
          1.608042
        ],
        [
          0.0,
          0.0,
          0.0,
          1.0
        ]
      ]
    },
    {
      "file_path": "/media/NFS/ttao/scannet/posed_images/scene0604_02/00265.jpg",
      "transform_matrix": [
        [
          -0.771798,
          0.163564,
          -0.614471,
          2.311827
        ],
        [
          0.635175,
          0.243414,
          -0.733009,
          3.610971
        ],
        [
          0.029677,
          -0.956032,
          -0.291758,
          1.602757
        ],
        [
          0.0,
          0.0,
          0.0,
          1.0
        ]
      ]
    },
    {
      "file_path": "/media/NFS/ttao/scannet/posed_images/scene0604_02/00268.jpg",
      "transform_matrix": [
        [
          -0.785484,
          0.164126,
          -0.596723,
          2.304475
        ],
        [
          0.617715,
          0.267132,
          -0.739642,
          3.622401
        ],
        [
          0.038009,
          -0.949581,
          -0.311211,
          1.60775
        ],
        [
          0.0,
          0.0,
          0.0,
          1.0
        ]
      ]
    },
    {
      "file_path": "/media/NFS/ttao/scannet/posed_images/scene0604_02/00279.jpg",
      "transform_matrix": [
        [
          -0.888517,
          0.110674,
          -0.445296,
          2.347206
        ],
        [
          0.458,
          0.272733,
          -0.846081,
          3.596523
        ],
        [
          0.027808,
          -0.955703,
          -0.293017,
          1.593963
        ],
        [
          0.0,
          0.0,
          0.0,
          1.0
        ]
      ]
    },
    {
      "file_path": "/media/NFS/ttao/scannet/posed_images/scene0604_02/00284.jpg",
      "transform_matrix": [
        [
          -0.92286,
          0.096308,
          -0.3729,
          2.339867
        ],
        [
          0.385033,
          0.253069,
          -0.887528,
          3.561584
        ],
        [
          0.008894,
          -0.962642,
          -0.270629,
          1.625485
        ],
        [
          0.0,
          0.0,
          0.0,
          1.0
        ]
      ]
    },
    {
      "file_path": "/media/NFS/ttao/scannet/posed_images/scene0604_02/00286.jpg",
      "transform_matrix": [
        [
          -0.935309,
          0.076212,
          -0.345528,
          2.352676
        ],
        [
          0.353709,
          0.227198,
          -0.907343,
          3.545196
        ],
        [
          0.009353,
          -0.970862,
          -0.239457,
          1.608082
        ],
        [
          0.0,
          0.0,
          0.0,
          1.0
        ]
      ]
    },
    {
      "file_path": "/media/NFS/ttao/scannet/posed_images/scene0604_02/00296.jpg",
      "transform_matrix": [
        [
          -0.96518,
          0.044463,
          -0.257782,
          2.405921
        ],
        [
          0.261564,
          0.177466,
          -0.948731,
          3.453204
        ],
        [
          0.003564,
          -0.983122,
          -0.182916,
          1.631904
        ],
        [
          0.0,
          0.0,
          0.0,
          1.0
        ]
      ]
    },
    {
      "file_path": "/media/NFS/ttao/scannet/posed_images/scene0604_02/00301.jpg",
      "transform_matrix": [
        [
          -0.977255,
          0.03062,
          -0.209844,
          2.393188
        ],
        [
          0.211965,
          0.171554,
          -0.962102,
          3.415747
        ],
        [
          0.00654,
          -0.984699,
          -0.174142,
          1.622377
        ],
        [
          0.0,
          0.0,
          0.0,
          1.0
        ]
      ]
    },
    {
      "file_path": "/media/NFS/ttao/scannet/posed_images/scene0604_02/00303.jpg",
      "transform_matrix": [
        [
          -0.980869,
          0.035936,
          -0.191326,
          2.405687
        ],
        [
          0.194663,
          0.171643,
          -0.965735,
          3.399148
        ],
        [
          -0.001865,
          -0.984504,
          -0.175355,
          1.633038
        ],
        [
          0.0,
          0.0,
          0.0,
          1.0
        ]
      ]
    },
    {
      "file_path": "/media/NFS/ttao/scannet/posed_images/scene0604_02/00308.jpg",
      "transform_matrix": [
        [
          -0.989079,
          0.031923,
          -0.143888,
          2.443757
        ],
        [
          0.147362,
          0.196561,
          -0.969354,
          3.358041
        ],
        [
          -0.002662,
          -0.979972,
          -0.199118,
          1.625287
        ],
        [
          0.0,
          0.0,
          0.0,
          1.0
        ]
      ]
    },
    {
      "file_path": "/media/NFS/ttao/scannet/posed_images/scene0604_02/00318.jpg",
      "transform_matrix": [
        [
          -0.999926,
          -0.001259,
          -0.012103,
          2.446873
        ],
        [
          0.011469,
          0.234829,
          -0.971969,
          3.3105
        ],
        [
          0.004066,
          -0.972036,
          -0.234797,
          1.586213
        ],
        [
          0.0,
          0.0,
          0.0,
          1.0
        ]
      ]
    },
    {
      "file_path": "/media/NFS/ttao/scannet/posed_images/scene0604_02/00324.jpg",
      "transform_matrix": [
        [
          -0.995842,
          -0.020191,
          0.088834,
          2.421684
        ],
        [
          -0.091052,
          0.252052,
          -0.96342,
          3.272908
        ],
        [
          -0.002938,
          -0.967503,
          -0.252843,
          1.584043
        ],
        [
          0.0,
          0.0,
          0.0,
          1.0
        ]
      ]
    },
    {
      "file_path": "/media/NFS/ttao/scannet/posed_images/scene0604_02/00329.jpg",
      "transform_matrix": [
        [
          -0.984318,
          -0.045894,
          0.170328,
          2.398001
        ],
        [
          -0.176397,
          0.24793,
          -0.952583,
          3.244064
        ],
        [
          0.001489,
          -0.96769,
          -0.252137,
          1.592317
        ],
        [
          0.0,
          0.0,
          0.0,
          1.0
        ]
      ]
    },
    {
      "file_path": "/media/NFS/ttao/scannet/posed_images/scene0604_02/00336.jpg",
      "transform_matrix": [
        [
          -0.95399,
          -0.092618,
          0.285176,
          2.362283
        ],
        [
          -0.299082,
          0.226367,
          -0.926989,
          3.21156
        ],
        [
          0.021301,
          -0.969629,
          -0.243652,
          1.615859
        ],
        [
          0.0,
          0.0,
          0.0,
          1.0
        ]
      ]
    },
    {
      "file_path": "/media/NFS/ttao/scannet/posed_images/scene0604_02/00341.jpg",
      "transform_matrix": [
        [
          -0.928794,
          -0.101245,
          0.356499,
          2.308529
        ],
        [
          -0.369892,
          0.193958,
          -0.908603,
          3.185337
        ],
        [
          0.022846,
          -0.975772,
          -0.217596,
          1.588858
        ],
        [
          0.0,
          0.0,
          0.0,
          1.0
        ]
      ]
    },
    {
      "file_path": "/media/NFS/ttao/scannet/posed_images/scene0604_02/00348.jpg",
      "transform_matrix": [
        [
          -0.898631,
          -0.121149,
          0.421645,
          2.287838
        ],
        [
          -0.438603,
          0.2274,
          -0.869434,
          3.142661
        ],
        [
          0.009449,
          -0.966236,
          -0.257485,
          1.60111
        ],
        [
          0.0,
          0.0,
          0.0,
          1.0
        ]
      ]
    },
    {
      "file_path": "/media/NFS/ttao/scannet/posed_images/scene0604_02/00349.jpg",
      "transform_matrix": [
        [
          -0.892902,
          -0.123901,
          0.432867,
          2.288278
        ],
        [
          -0.450156,
          0.226037,
          -0.863867,
          3.134816
        ],
        [
          0.00919,
          -0.966207,
          -0.257603,
          1.59769
        ],
        [
          0.0,
          0.0,
          0.0,
          1.0
        ]
      ]
    },
    {
      "file_path": "/media/NFS/ttao/scannet/posed_images/scene0604_02/00356.jpg",
      "transform_matrix": [
        [
          -0.82853,
          -0.137678,
          0.542754,
          2.280784
        ],
        [
          -0.559915,
          0.193833,
          -0.805558,
          3.044666
        ],
        [
          0.005704,
          -0.971326,
          -0.237684,
          1.614136
        ],
        [
          0.0,
          0.0,
          0.0,
          1.0
        ]
      ]
    },
    {
      "file_path": "/media/NFS/ttao/scannet/posed_images/scene0604_02/00361.jpg",
      "transform_matrix": [
        [
          -0.778172,
          -0.153464,
          0.609013,
          2.276368
        ],
        [
          -0.627774,
          0.161291,
          -0.761501,
          2.987473
        ],
        [
          0.018635,
          -0.974902,
          -0.221852,
          1.616817
        ],
        [
          0.0,
          0.0,
          0.0,
          1.0
        ]
      ]
    },
    {
      "file_path": "/media/NFS/ttao/scannet/posed_images/scene0604_02/00370.jpg",
      "transform_matrix": [
        [
          -0.708063,
          -0.167333,
          0.686037,
          2.256116
        ],
        [
          -0.70578,
          0.13629,
          -0.695197,
          2.881509
        ],
        [
          0.02283,
          -0.976435,
          -0.214603,
          1.607434
        ],
        [
          0.0,
          0.0,
          0.0,
          1.0
        ]
      ]
    },
    {
      "file_path": "/media/NFS/ttao/scannet/posed_images/scene0604_02/00372.jpg",
      "transform_matrix": [
        [
          -0.701434,
          -0.164829,
          0.693413,
          2.254745
        ],
        [
          -0.712579,
          0.14184,
          -0.687105,
          2.868328
        ],
        [
          0.014901,
          -0.97607,
          -0.216945,
          1.601652
        ],
        [
          0.0,
          0.0,
          0.0,
          1.0
        ]
      ]
    },
    {
      "file_path": "/media/NFS/ttao/scannet/posed_images/scene0604_02/00380.jpg",
      "transform_matrix": [
        [
          -0.618314,
          -0.199927,
          0.760077,
          2.221572
        ],
        [
          -0.785915,
          0.151108,
          -0.599586,
          2.817488
        ],
        [
          0.005019,
          -0.968089,
          -0.250558,
          1.604333
        ],
        [
          0.0,
          0.0,
          0.0,
          1.0
        ]
      ]
    },
    {
      "file_path": "/media/NFS/ttao/scannet/posed_images/scene0604_02/00384.jpg",
      "transform_matrix": [
        [
          -0.547901,
          -0.224373,
          0.805891,
          2.205843
        ],
        [
          -0.836471,
          0.134345,
          -0.531288,
          2.814549
        ],
        [
          0.010939,
          -0.965198,
          -0.26129,
          1.602681
        ],
        [
          0.0,
          0.0,
          0.0,
          1.0
        ]
      ]
    },
    {
      "file_path": "/media/NFS/ttao/scannet/posed_images/scene0604_02/00392.jpg",
      "transform_matrix": [
        [
          -0.383823,
          -0.254461,
          0.887654,
          2.150259
        ],
        [
          -0.923391,
          0.100258,
          -0.370535,
          2.787674
        ],
        [
          0.005292,
          -0.961872,
          -0.273449,
          1.589431
        ],
        [
          0.0,
          0.0,
          0.0,
          1.0
        ]
      ]
    },
    {
      "file_path": "/media/NFS/ttao/scannet/posed_images/scene0604_02/00394.jpg",
      "transform_matrix": [
        [
          -0.358824,
          -0.255252,
          0.897826,
          2.156151
        ],
        [
          -0.933399,
          0.094452,
          -0.346188,
          2.803213
        ],
        [
          0.003564,
          -0.96225,
          -0.272143,
          1.593675
        ],
        [
          0.0,
          0.0,
          0.0,
          1.0
        ]
      ]
    },
    {
      "file_path": "/media/NFS/ttao/scannet/posed_images/scene0604_02/00404.jpg",
      "transform_matrix": [
        [
          -0.206072,
          -0.276745,
          0.938587,
          2.138052
        ],
        [
          -0.978484,
          0.068214,
          -0.194719,
          2.785393
        ],
        [
          -0.010137,
          -0.958519,
          -0.284848,
          1.569087
        ],
        [
          0.0,
          0.0,
          0.0,
          1.0
        ]
      ]
    },
    {
      "file_path": "/media/NFS/ttao/scannet/posed_images/scene0604_02/00406.jpg",
      "transform_matrix": [
        [
          -0.18973,
          -0.277907,
          0.941685,
          2.146399
        ],
        [
          -0.981783,
          0.063671,
          -0.179019,
          2.786621
        ],
        [
          -0.010207,
          -0.958496,
          -0.284925,
          1.566334
        ],
        [
          0.0,
          0.0,
          0.0,
          1.0
        ]
      ]
    },
    {
      "file_path": "/media/NFS/ttao/scannet/posed_images/scene0604_02/00413.jpg",
      "transform_matrix": [
        [
          -0.136004,
          -0.27723,
          0.951129,
          2.198121
        ],
        [
          -0.990654,
          0.048156,
          -0.127619,
          2.796782
        ],
        [
          -0.010422,
          -0.959596,
          -0.281188,
          1.571436
        ],
        [
          0.0,
          0.0,
          0.0,
          1.0
        ]
      ]
    },
    {
      "file_path": "/media/NFS/ttao/scannet/posed_images/scene0604_02/00422.jpg",
      "transform_matrix": [
        [
          -0.021123,
          -0.287127,
          0.95766,
          2.265841
        ],
        [
          -0.999764,
          0.001237,
          -0.021681,
          2.778541
        ],
        [
          0.005041,
          -0.957892,
          -0.287085,
          1.56086
        ],
        [
          0.0,
          0.0,
          0.0,
          1.0
        ]
      ]
    },
    {
      "file_path": "/media/NFS/ttao/scannet/posed_images/scene0604_02/00427.jpg",
      "transform_matrix": [
        [
          0.044381,
          -0.28738,
          0.956788,
          2.297222
        ],
        [
          -0.999012,
          -0.014741,
          0.041912,
          2.791034
        ],
        [
          0.00206,
          -0.957703,
          -0.287751,
          1.555043
        ],
        [
          0.0,
          0.0,
          0.0,
          1.0
        ]
      ]
    },
    {
      "file_path": "/media/NFS/ttao/scannet/posed_images/scene0604_02/00429.jpg",
      "transform_matrix": [
        [
          0.064335,
          -0.287177,
          0.955715,
          2.309415
        ],
        [
          -0.997928,
          -0.019685,
          0.061262,
          2.782815
        ],
        [
          0.00122,
          -0.957675,
          -0.287848,
          1.551325
        ],
        [
          0.0,
          0.0,
          0.0,
          1.0
        ]
      ]
    },
    {
      "file_path": "/media/NFS/ttao/scannet/posed_images/scene0604_02/00439.jpg",
      "transform_matrix": [
        [
          0.216983,
          -0.265768,
          0.939301,
          2.379005
        ],
        [
          -0.976161,
          -0.064306,
          0.207303,
          2.717588
        ],
        [
          0.005309,
          -0.96189,
          -0.273386,
          1.549702
        ],
        [
          0.0,
          0.0,
          0.0,
          1.0
        ]
      ]
    },
    {
      "file_path": "/media/NFS/ttao/scannet/posed_images/scene0604_02/00441.jpg",
      "transform_matrix": [
        [
          0.263405,
          -0.26049,
          0.92885,
          2.407003
        ],
        [
          -0.964621,
          -0.082262,
          0.250479,
          2.663327
        ],
        [
          0.011161,
          -0.961966,
          -0.272942,
