{
  "frames": [
    {
      "file_path": "/media/NFS/ttao/scannet/posed_images/scene0367_00/00000.jpg",
      "transform_matrix": [
        [
          0.647087,
          -0.416383,
          0.638674,
          2.718795
        ],
        [
          -0.760668,
          -0.295886,
          0.577785,
          5.628929
        ],
        [
          -0.051605,
          -0.859696,
          -0.508193,
          1.437726
        ],
        [
          0.0,
          0.0,
          0.0,
          1.0
        ]
      ]
    },
    {
      "file_path": "/media/NFS/ttao/scannet/posed_images/scene0367_00/00002.jpg",
      "transform_matrix": [
        [
          0.645129,
          -0.413689,
          0.642394,
          2.721899
        ],
        [
          -0.761809,
          -0.283565,
          0.582442,
          5.628575
        ],
        [
          -0.058789,
          -0.865132,
          -0.498088,
          1.440917
        ],
        [
          0.0,
          0.0,
          0.0,
          1.0
        ]
      ]
    },
    {
      "file_path": "/media/NFS/ttao/scannet/posed_images/scene0367_00/00005.jpg",
      "transform_matrix": [
        [
          0.646013,
          -0.410463,
          0.643574,
          2.723152
        ],
        [
          -0.760862,
          -0.278562,
          0.586082,
          5.626125
        ],
        [
          -0.06129,
          -0.868288,
          -0.49226,
          1.441135
        ],
        [
          0.0,
          0.0,
          0.0,
          1.0
        ]
      ]
    },
    {
      "file_path": "/media/NFS/ttao/scannet/posed_images/scene0367_00/00010.jpg",
      "transform_matrix": [
        [
          0.646645,
          -0.402599,
          0.647893,
          2.724818
        ],
        [
          -0.760904,
          -0.280732,
          0.584992,
          5.627228
        ],
        [
          -0.053633,
          -0.871265,
          -0.487873,
          1.446106
        ],
        [
          0.0,
          0.0,
          0.0,
          1.0
        ]
      ]
    },
    {
      "file_path": "/media/NFS/ttao/scannet/posed_images/scene0367_00/00011.jpg",
      "transform_matrix": [
        [
          0.647134,
          -0.402068,
          0.647734,
          2.725207
        ],
        [
          -0.760652,
          -0.283403,
          0.58403,
          5.628315
        ],
        [
          -0.051249,
          -0.870646,
          -0.489233,
          1.445777
        ],
        [
          0.0,
          0.0,
          0.0,
          1.0
        ]
      ]
    },
    {
      "file_path": "/media/NFS/ttao/scannet/posed_images/scene0367_00/00016.jpg",
      "transform_matrix": [
        [
          0.634495,
          -0.416244,
          0.651273,
          2.732985
        ],
        [
          -0.771073,
          -0.282556,
          0.570621,
          5.624926
        ],
        [
          -0.053497,
          -0.864236,
          -0.500235,
          1.437727
        ],
        [
          0.0,
          0.0,
          0.0,
          1.0
        ]
      ]
    },
    {
      "file_path": "/media/NFS/ttao/scannet/posed_images/scene0367_00/00019.jpg",
      "transform_matrix": [
        [
          0.634545,
          -0.41668,
          0.650947,
          2.736954
        ],
        [
          -0.771095,
          -0.283999,
          0.569874,
          5.624922
        ],
        [
          -0.052587,
          -0.863552,
          -0.50151,
          1.438087
        ],
        [
          0.0,
          0.0,
          0.0,
          1.0
        ]
      ]
    },
    {
      "file_path": "/media/NFS/ttao/scannet/posed_images/scene0367_00/00021.jpg",
      "transform_matrix": [
        [
          0.632938,
          -0.418312,
          0.651464,
          2.74085
        ],
        [
          -0.772583,
          -0.286857,
          0.566418,
          5.629303
        ],
        [
          -0.050062,
          -0.861817,
          -0.504743,
          1.443377
        ],
        [
          0.0,
          0.0,
          0.0,
          1.0
        ]
      ]
    },
    {
      "file_path": "/media/NFS/ttao/scannet/posed_images/scene0367_00/00024.jpg",
      "transform_matrix": [
        [
          0.633887,
          -0.415154,
          0.652561,
          2.743807
        ],
        [
          -0.772033,
          -0.289026,
          0.566065,
          5.629317
        ],
        [
          -0.046396,
          -0.862619,
          -0.503722,
          1.445338
        ],
        [
          0.0,
          0.0,
          0.0,
          1.0
        ]
      ]
    },
    {
      "file_path": "/media/NFS/ttao/scannet/posed_images/scene0367_00/00028.jpg",
      "transform_matrix": [
        [
          0.629371,
          -0.408586,
          0.661022,
          2.748113
        ],
        [
          -0.775726,
          -0.279665,
          0.565719,
          5.627968
        ],
        [
          -0.04628,
          -0.868818,
          -0.492963,
          1.446502
        ],
        [
          0.0,
          0.0,
          0.0,
          1.0
        ]
      ]
    },
    {
      "file_path": "/media/NFS/ttao/scannet/posed_images/scene0367_00/00030.jpg",
      "transform_matrix": [
        [
          0.63164,
          -0.404304,
          0.661491,
          2.749811
        ],
        [
          -0.774029,
          -0.280769,
          0.567494,
          5.623523
        ],
        [
          -0.043714,
          -0.870464,
          -0.490287,
          1.445235
        ],
        [
          0.0,
          0.0,
          0.0,
          1.0
        ]
      ]
    },
    {
      "file_path": "/media/NFS/ttao/scannet/posed_images/scene0367_00/00031.jpg",
      "transform_matrix": [
        [
          0.630841,
          -0.404172,
          0.662333,
          2.750986
        ],
        [
          -0.774731,
          -0.281019,
          0.56641,
          5.623545
        ],
        [
          -0.042799,
          -0.870444,
          -0.490403,
          1.445377
        ],
        [
          0.0,
          0.0,
          0.0,
          1.0
        ]
      ]
    },
    {
      "file_path": "/media/NFS/ttao/scannet/posed_images/scene0367_00/00036.jpg",
      "transform_matrix": [
        [
          0.63058,
          -0.404303,
          0.662502,
          2.756219
        ],
        [
          -0.774949,
          -0.28103,
          0.566106,
          5.619159
        ],
        [
          -0.042695,
          -0.87038,
          -0.490526,
          1.442615
        ],
        [
          0.0,
          0.0,
          0.0,
          1.0
        ]
      ]
    },
    {
      "file_path": "/media/NFS/ttao/scannet/posed_images/scene0367_00/00039.jpg",
      "transform_matrix": [
        [
          0.631232,
          -0.404135,
          0.661983,
          2.758378
        ],
        [
          -0.774366,
          -0.280379,
          0.567225,
          5.61729
        ],
        [
          -0.043629,
          -0.870668,
          -0.489932,
          1.44277
        ],
        [
          0.0,
          0.0,
          0.0,
          1.0
        ]
      ]
    },
    {
      "file_path": "/media/NFS/ttao/scannet/posed_images/scene0367_00/00042.jpg",
      "transform_matrix": [
        [
          0.63138,
          -0.403599,
          0.662169,
          2.763084
        ],
        [
          -0.774313,
          -0.281401,
          0.566793,
          5.617506
        ],
        [
          -0.042422,
          -0.870587,
          -0.490182,
          1.444508
        ],
        [
          0.0,
          0.0,
          0.0,
          1.0
        ]
      ]
    },
    {
      "file_path": "/media/NFS/ttao/scannet/posed_images/scene0367_00/00043.jpg",
      "transform_matrix": [
        [
          0.631506,
          -0.403724,
          0.661973,
          2.764008
        ],
        [
          -0.774203,
          -0.281478,
          0.566903,
          5.617038
        ],
        [
          -0.042541,
          -0.870504,
          -0.490319,
          1.444101
        ],
        [
          0.0,
          0.0,
          0.0,
          1.0
        ]
      ]
    },
    {
      "file_path": "/media/NFS/ttao/scannet/posed_images/scene0367_00/00046.jpg",
      "transform_matrix": [
        [
          0.631284,
          -0.40542,
          0.661148,
          2.765155
        ],
        [
          -0.774207,
          -0.279233,
          0.568008,
          5.616039
        ],
        [
          -0.045667,
          -0.870439,
          -0.490153,
          1.441961
        ],
        [
          0.0,
          0.0,
          0.0,
          1.0
        ]
      ]
    },
    {
      "file_path": "/media/NFS/ttao/scannet/posed_images/scene0367_00/00051.jpg",
      "transform_matrix": [
        [
          0.632837,
          -0.412146,
          0.65548,
          2.769445
        ],
        [
          -0.772258,
          -0.274741,
          0.572831,
          5.610606
        ],
        [
          -0.056003,
          -0.868708,
          -0.492149,
          1.439704
        ],
        [
          0.0,
          0.0,
          0.0,
          1.0
        ]
      ]
    },
    {
      "file_path": "/media/NFS/ttao/scannet/posed_images/scene0367_00/00052.jpg",
      "transform_matrix": [
        [
          0.63335,
          -0.412278,
          0.6549,
          2.770549
        ],
        [
          -0.771782,
          -0.274455,
          0.573609,
          5.609167
        ],
        [
          -0.056745,
          -0.868735,
          -0.492015,
          1.439373
        ],
        [
          0.0,
          0.0,
          0.0,
          1.0
        ]
      ]
    },
    {
      "file_path": "/media/NFS/ttao/scannet/posed_images/scene0367_00/00057.jpg",
      "transform_matrix": [
        [
          0.621284,
          -0.418081,
          0.662733,
          2.781638
        ],
        [
          -0.781241,
          -0.265108,
          0.565139,
          5.604833
        ],
        [
          -0.060578,
          -0.868865,
          -0.491329,
          1.439225
        ],
        [
          0.0,
          0.0,
          0.0,
          1.0
        ]
      ]
    },
    {
      "file_path": "/media/NFS/ttao/scannet/posed_images/scene0367_00/00059.jpg",
      "transform_matrix": [
        [
          0.611291,
          -0.419773,
          0.670905,
          2.786894
        ],
        [
          -0.789428,
          -0.263543,
          0.55439,
          5.606412
        ],
        [
          -0.055906,
          -0.868525,
          -0.492482,
          1.440602
        ],
        [
          0.0,
          0.0,
          0.0,
          1.0
        ]
      ]
    },
    {
      "file_path": "/media/NFS/ttao/scannet/posed_images/scene0367_00/00062.jpg",
      "transform_matrix": [
        [
          0.598166,
          -0.426009,
          0.67876,
          2.799321
        ],
        [
          -0.799185,
          -0.254578,
          0.544512,
          5.604631
        ],
        [
          -0.059169,
          -0.868163,
          -0.49274,
          1.443792
        ],
        [
          0.0,
          0.0,
          0.0,
          1.0
        ]
      ]
    },
    {
      "file_path": "/media/NFS/ttao/scannet/posed_images/scene0367_00/00065.jpg",
      "transform_matrix": [
        [
          0.587492,
          -0.430133,
          0.685448,
          2.810035
        ],
        [
          -0.806175,
          -0.237558,
          0.541893,
          5.598835
        ],
        [
          -0.070252,
          -0.870949,
          -0.486326,
          1.447945
        ],
        [
          0.0,
          0.0,
          0.0,
          1.0
        ]
      ]
    },
    {
      "file_path": "/media/NFS/ttao/scannet/posed_images/scene0367_00/00068.jpg",
      "transform_matrix": [
        [
          0.572282,
          -0.428956,
          0.698921,
          2.819465
        ],
        [
          -0.816872,
          -0.223154,
          0.531904,
          5.595675
        ],
        [
          -0.072197,
          -0.875328,
          -0.478109,
          1.451174
        ],
        [
          0.0,
          0.0,
          0.0,
          1.0
        ]
      ]
    },
    {
      "file_path": "/media/NFS/ttao/scannet/posed_images/scene0367_00/00071.jpg",
      "transform_matrix": [
        [
          0.557321,
          -0.421064,
          0.715611,
          2.833783
        ],
        [
          -0.827493,
          -0.210891,
          0.520366,
          5.58415
        ],
        [
          -0.068191,
          -0.882173,
          -0.465962,
          1.450578
        ],
        [
          0.0,
          0.0,
          0.0,
          1.0
        ]
      ]
    },
    {
      "file_path": "/media/NFS/ttao/scannet/posed_images/scene0367_00/00074.jpg",
      "transform_matrix": [
        [
          0.538194,
          -0.421565,
          0.729815,
          2.84178
        ],
        [
          -0.839807,
          -0.195062,
          0.506632,
          5.581769
        ],
        [
          -0.071219,
          -0.88557,
          -0.459014,
          1.451057
        ],
        [
          0.0,
          0.0,
          0.0,
          1.0
        ]
      ]
    },
    {
      "file_path": "/media/NFS/ttao/scannet/posed_images/scene0367_00/00077.jpg",
      "transform_matrix": [
        [
          0.517878,
          -0.425506,
          0.742124,
          2.853058
        ],
        [
          -0.85196,
          -0.178204,
          0.49235,
          5.576777
        ],
        [
          -0.077248,
          -0.887236,
          -0.454801,
          1.453615
        ],
        [
          0.0,
          0.0,
          0.0,
          1.0
        ]
      ]
    },
    {
      "file_path": "/media/NFS/ttao/scannet/posed_images/scene0367_00/00080.jpg",
      "transform_matrix": [
        [
          0.496345,
          -0.442029,
          0.747163,
          2.875627
        ],
        [
          -0.863638,
          -0.164027,
          0.476681,
          5.56628
        ],
        [
          -0.088152,
          -0.881876,
          -0.463167,
          1.460529
        ],
        [
          0.0,
          0.0,
          0.0,
          1.0
        ]
      ]
    },
    {
      "file_path": "/media/NFS/ttao/scannet/posed_images/scene0367_00/00083.jpg",
      "transform_matrix": [
        [
          0.464156,
          -0.451654,
          0.76195,
          2.900342
        ],
        [
          -0.880602,
          -0.142659,
          0.451872,
          5.546358
        ],
        [
          -0.095391,
          -0.880714,
          -0.463943,
          1.453999
        ],
        [
          0.0,
          0.0,
          0.0,
          1.0
        ]
      ]
    },
    {
      "file_path": "/media/NFS/ttao/scannet/posed_images/scene0367_00/00084.jpg",
      "transform_matrix": [
        [
          0.45118,
          -0.456919,
          0.766591,
          2.907989
        ],
        [
          -0.887173,
          -0.136512,
          0.440783,
          5.544404
        ],
        [
          -0.096753,
          -0.878971,
          -0.466957,
          1.452978
        ],
        [
          0.0,
          0.0,
          0.0,
          1.0
        ]
      ]
    },
    {
      "file_path": "/media/NFS/ttao/scannet/posed_images/scene0367_00/00087.jpg",
      "transform_matrix": [
        [
          0.418491,
          -0.471381,
          0.776315,
          2.935042
        ],
        [
          -0.903199,
          -0.126236,
          0.410239,
          5.536285
        ],
        [
          -0.09538,
          -0.872848,
          -0.478579,
          1.453191
        ],
        [
          0.0,
          0.0,
          0.0,
          1.0
        ]
      ]
    },
    {
      "file_path": "/media/NFS/ttao/scannet/posed_images/scene0367_00/00091.jpg",
      "transform_matrix": [
        [
          0.380944,
          -0.473329,
          0.794255,
          2.981343
        ],
        [
          -0.920377,
          -0.112133,
          0.37461,
          5.526561
        ],
        [
          -0.088252,
          -0.87372,
          -0.478357,
          1.454285
        ],
        [
          0.0,
          0.0,
          0.0,
          1.0
        ]
      ]
    },
    {
      "file_path": "/media/NFS/ttao/scannet/posed_images/scene0367_00/00094.jpg",
      "transform_matrix": [
        [
          0.363078,
          -0.467159,
          0.806186,
          3.002623
        ],
        [
          -0.928236,
          -0.106186,
          0.356514,
          5.52345
        ],
        [
          -0.080944,
          -0.877774,
          -0.472188,
          1.445294
        ],
        [
          0.0,
          0.0,
          0.0,
          1.0
        ]
      ]
    },
    {
      "file_path": "/media/NFS/ttao/scannet/posed_images/scene0367_00/00097.jpg",
      "transform_matrix": [
        [
          0.34352,
          -0.484814,
          0.804332,
          3.026937
        ],
        [
          -0.934703,
          -0.093295,
          0.342966,
          5.528968
        ],
        [
          -0.091235,
          -0.869627,
          -0.485206,
          1.442532
        ],
        [
          0.0,
          0.0,
          0.0,
          1.0
        ]
      ]
    },
    {
      "file_path": "/media/NFS/ttao/scannet/posed_images/scene0367_00/00100.jpg",
      "transform_matrix": [
        [
          0.325716,
          -0.486076,
          0.81095,
          3.060952
        ],
        [
          -0.941288,
          -0.086149,
          0.326429,
          5.532589
        ],
        [
          -0.088806,
          -0.86966,
          -0.485597,
          1.446216
        ],
        [
          0.0,
          0.0,
          0.0,
          1.0
        ]
      ]
    },
    {
      "file_path": "/media/NFS/ttao/scannet/posed_images/scene0367_00/00102.jpg",
      "transform_matrix": [
        [
          0.295814,
          -0.481218,
          0.825181,
          3.080039
        ],
        [
          -0.9514,
          -0.070985,
          0.299665,
          5.540558
        ],
        [
          -0.085629,
          -0.873722,
          -0.47883,
          1.442457
        ],
        [
          0.0,
          0.0,
          0.0,
          1.0
        ]
      ]
    },
    {
      "file_path": "/media/NFS/ttao/scannet/posed_images/scene0367_00/00106.jpg",
      "transform_matrix": [
        [
          0.233899,
          -0.500582,
          0.833492,
          3.131753
        ],
        [
          -0.968993,
          -0.049793,
          0.242019,
          5.555554
        ],
        [
          -0.079648,
          -0.864256,
          -0.496707,
          1.451795
        ],
        [
          0.0,
          0.0,
          0.0,
          1.0
        ]
      ]
    },
    {
      "file_path": "/media/NFS/ttao/scannet/posed_images/scene0367_00/00109.jpg",
      "transform_matrix": [
        [
          0.198531,
          -0.493458,
          0.846808,
          3.160151
        ],
        [
          -0.977553,
          -0.037513,
          0.207324,
          5.565325
        ],
        [
          -0.07054,
          -0.86896,
          -0.489829,
          1.458604
        ],
        [
          0.0,
          0.0,
          0.0,
          1.0
        ]
      ]
    },
    {
      "file_path": "/media/NFS/ttao/scannet/posed_images/scene0367_00/00110.jpg",
      "transform_matrix": [
        [
          0.186115,
          -0.488886,
          0.852263,
          3.168427
        ],
        [
          -0.979884,
          -0.02877,
          0.197482,
          5.56903
        ],
        [
          -0.072027,
          -0.871873,
          -0.484406,
          1.457056
        ],
        [
          0.0,
          0.0,
          0.0,
          1.0
        ]
      ]
    },
    {
      "file_path": "/media/NFS/ttao/scannet/posed_images/scene0367_00/00113.jpg",
      "transform_matrix": [
        [
          0.156826,
          -0.497419,
          0.853218,
          3.194283
        ],
        [
          -0.983746,
          -0.002169,
          0.179553,
          5.567904
        ],
        [
          -0.087462,
          -0.867508,
          -0.489674,
          1.458081
        ],
        [
          0.0,
          0.0,
          0.0,
          1.0
        ]
      ]
    },
    {
      "file_path": "/media/NFS/ttao/scannet/posed_images/scene0367_00/00117.jpg",
      "transform_matrix": [
        [
          0.117446,
          -0.498648,
          0.858811,
          3.220401
        ],
        [
          -0.989179,
          0.017827,
          0.145625,
          5.577268
        ],
        [
          -0.087926,
          -0.866621,
          -0.491158,
          1.453392
        ],
        [
          0.0,
          0.0,
          0.0,
          1.0
        ]
      ]
    },
    {
      "file_path": "/media/NFS/ttao/scannet/posed_images/scene0367_00/00120.jpg",
      "transform_matrix": [
        [
          0.094224,
          -0.51164,
          0.854018,
          3.241198
        ],
        [
          -0.991629,
          0.027835,
          0.126082,
          5.589703
        ],
        [
          -0.08828,
          -0.858749,
          -0.504734,
          1.455147
        ],
        [
          0.0,
          0.0,
          0.0,
          1.0
        ]
      ]
    },
    {
      "file_path": "/media/NFS/ttao/scannet/posed_images/scene0367_00/00122.jpg",
      "transform_matrix": [
        [
          0.086152,
          -0.518443,
          0.850762,
          3.254591
        ],
        [
          -0.992434,
          0.030328,
          0.11898,
          5.592878
        ],
        [
          -0.087486,
          -0.854574,
          -0.511907,
          1.455881
        ],
        [
          0.0,
          0.0,
          0.0,
          1.0
        ]
      ]
    },
    {
      "file_path": "/media/NFS/ttao/scannet/posed_images/scene0367_00/00125.jpg",
      "transform_matrix": [
        [
          0.080252,
          -0.516254,
          0.852668,
          3.270712
        ],
        [
          -0.993301,
          0.02993,
          0.11161,
          5.599046
        ],
        [
          -0.083139,
          -0.855913,
          -0.510394,
          1.453097
        ],
        [
          0.0,
          0.0,
          0.0,
          1.0
        ]
      ]
    },
    {
      "file_path": "/media/NFS/ttao/scannet/posed_images/scene0367_00/00129.jpg",
      "transform_matrix": [
        [
          0.068265,
          -0.520204,
          0.851309,
          3.294534
        ],
        [
          -0.993651,
          0.04104,
          0.104757,
          5.600173
        ],
        [
          -0.089433,
          -0.853055,
          -0.5141,
          1.449315
        ],
        [
          0.0,
          0.0,
          0.0,
          1.0
        ]
      ]
    },
    {
      "file_path": "/media/NFS/ttao/scannet/posed_images/scene0367_00/00132.jpg",
      "transform_matrix": [
        [
          0.069053,
          -0.529973,
          0.845198,
          3.314918
        ],
        [
          -0.992532,
          0.048906,
          0.111756,
          5.605446
        ],
        [
          -0.100563,
          -0.846603,
          -0.522638,
          1.452119
        ],
        [
          0.0,
          0.0,
          0.0,
          1.0
        ]
      ]
    },
    {
      "file_path": "/media/NFS/ttao/scannet/posed_images/scene0367_00/00135.jpg",
      "transform_matrix": [
        [
          0.06133,
          -0.529732,
          0.845945,
          3.340921
        ],
        [
          -0.992712,
          0.055713,
          0.106858,
          5.610613
        ],
        [
          -0.103736,
          -0.846334,
          -0.522454,
          1.455348
        ],
        [
          0.0,
          0.0,
          0.0,
          1.0
        ]
      ]
    },
    {
      "file_path": "/media/NFS/ttao/scannet/posed_images/scene0367_00/00138.jpg",
      "transform_matrix": [
        [
          0.051165,
          -0.534074,
          0.843888,
          3.364612
        ],
        [
          -0.992091,
          0.069796,
          0.104323,
          5.610531
        ],
        [
          -0.114616,
          -0.842552,
          -0.526279,
          1.452784
        ],
        [
          0.0,
          0.0,
          0.0,
          1.0
        ]
      ]
    },
    {
      "file_path": "/media/NFS/ttao/scannet/posed_images/scene0367_00/00141.jpg",
      "transform_matrix": [
        [
          0.045983,
          -0.541165,
          0.839658,
          3.400631
        ],
        [
          -0.99157,
          0.077206,
          0.104063,
          5.600652
        ],
        [
          -0.121142,
          -0.837364,
          -0.533053,
          1.462331
        ],
        [
          0.0,
          0.0,
          0.0,
          1.0
        ]
      ]
    },
    {
      "file_path": "/media/NFS/ttao/scannet/posed_images/scene0367_00/00144.jpg",
      "transform_matrix": [
        [
          0.038133,
          -0.530016,
          0.84713,
          3.432811
        ],
        [
          -0.992242,
          0.0803,
          0.094905,
          5.589032
        ],
        [
          -0.118326,
          -0.844177,
          -0.522842,
          1.461872
        ],
        [
          0.0,
          0.0,
          0.0,
          1.0
        ]
      ]
    },
    {
      "file_path": "/media/NFS/ttao/scannet/posed_images/scene0367_00/00146.jpg",
      "transform_matrix": [
        [
          0.029694,
          -0.523476,
          0.851523,
          3.457335
        ],
        [
          -0.992308,
          0.086986,
          0.088079,
          5.585812
        ],
        [
          -0.120178,
          -0.847588,
          -0.516867,
          1.466417
        ],
        [
          0.0,
          0.0,
          0.0,
          1.0
        ]
      ]
    },
    {
      "file_path": "/media/NFS/ttao/scannet/posed_images/scene0367_00/00148.jpg",
      "transform_matrix": [
        [
          0.020764,
          -0.514688,
          0.857127,
          3.482353
        ],
        [
          -0.991901,
          0.096846,
          0.082183,
          5.575339
        ],
        [
          -0.125308,
          -0.851891,
          -0.508508,
          1.464488
        ],
        [
          0.0,
          0.0,
          0.0,
          1.0
        ]
      ]
    },
    {
      "file_path": "/media/NFS/ttao/scannet/posed_images/scene0367_00/00150.jpg",
      "transform_matrix": [
        [
          0.011111,
          -0.511559,
          0.859177,
          3.506157
        ],
        [
          -0.992006,
          0.102372,
          0.073781,
          5.570458
        ],
        [
          -0.125699,
          -0.853128,
          -0.506332,
          1.461606
        ],
        [
          0.0,
          0.0,
          0.0,
          1.0
        ]
      ]
    },
    {
      "file_path": "/media/NFS/ttao/scannet/posed_images/scene0367_00/00154.jpg",
      "transform_matrix": [
        [
          -0.019025,
          -0.510721,
          0.859536,
          3.548041
        ],
        [
          -0.994031,
          0.10203,
          0.038623,
          5.566211
        ],
        [
          -0.107424,
          -0.853671,
          -0.509614,
          1.463716
        ],
        [
          0.0,
          0.0,
          0.0,
          1.0
        ]
      ]
    },
    {
      "file_path": "/media/NFS/ttao/scannet/posed_images/scene0367_00/00157.jpg",
      "transform_matrix": [
        [
          -0.028413,
          -0.49604,
          0.867835,
          3.584466
        ],
        [
          -0.993869,
          0.106825,
          0.02852,
          5.538861
        ],
        [
          -0.106853,
          -0.861703,
          -0.496034,
          1.474938
        ],
        [
          0.0,
          0.0,
          0.0,
          1.0
        ]
      ]
    },
    {
      "file_path": "/media/NFS/ttao/scannet/posed_images/scene0367_00/00159.jpg",
      "transform_matrix": [
        [
          -0.043796,
          -0.47896,
          0.876744,
          3.59569
        ],
        [
          -0.993048,
          0.116844,
          0.014225,
          5.531469
        ],
        [
          -0.109255,
          -0.870026,
          -0.480747,
          1.475693
        ],
        [
          0.0,
          0.0,
          0.0,
          1.0
        ]
      ]
    },
    {
      "file_path": "/media/NFS/ttao/scannet/posed_images/scene0367_00/00162.jpg",
      "transform_matrix": [
        [
          -0.053318,
          -0.468196,
          0.882015,
          3.614487
        ],
        [
          -0.991275,
          0.131446,
          0.009852,
          5.502454
        ],
        [
          -0.12055,
          -0.873793,
          -0.471119,
          1.480404
        ],
        [
          0.0,
          0.0,
          0.0,
          1.0
        ]
      ]
    },
    {
      "file_path": "/media/NFS/ttao/scannet/posed_images/scene0367_00/00165.jpg",
      "transform_matrix": [
        [
          -0.084514,
          -0.448051,
          0.890005,
          3.639076
        ],
        [
          -0.989869,
          0.140025,
          -0.023505,
          5.469477
        ],
        [
          -0.114091,
          -0.882974,
          -0.455346,
          1.484097
        ],
        [
          0.0,
          0.0,
          0.0,
          1.0
        ]
      ]
    },
    {
      "file_path": "/media/NFS/ttao/scannet/posed_images/scene0367_00/00170.jpg",
      "transform_matrix": [
        [
          -0.147562,
          -0.442992,
          0.884299,
          3.683387
        ],
        [
          -0.981383,
          0.176708,
          -0.075239,
          5.438688
        ],
        [
          -0.122932,
          -0.878938,
          -0.46082,
          1.479736
        ],
        [
          0.0,
          0.0,
          0.0,
          1.0
        ]
      ]
    },
    {
      "file_path": "/media/NFS/ttao/scannet/posed_images/scene0367_00/00173.jpg",
      "transform_matrix": [
        [
          -0.198391,
          -0.429816,
          0.880852,
          3.718959
        ],
        [
          -0.97219,
          0.200409,
          -0.121171,
          5.420829
        ],
        [
          -0.124449,
          -0.880394,
          -0.457622,
          1.478171
        ],
        [
          0.0,
          0.0,
          0.0,
          1.0
        ]
      ]
    },
    {
      "file_path": "/media/NFS/ttao/scannet/posed_images/scene0367_00/00175.jpg",
      "transform_matrix": [
        [
          -0.223656,
          -0.426662,
          0.876321,
          3.743917
        ],
        [
          -0.966283,
          0.214749,
          -0.14206,
          5.411497
        ],
        [
          -0.127577,
          -0.878546,
          -0.460306,
          1.479352
        ],
        [
          0.0,
          0.0,
          0.0,
          1.0
        ]
      ]
    },
    {
      "file_path": "/media/NFS/ttao/scannet/posed_images/scene0367_00/00177.jpg",
      "transform_matrix": [
        [
          -0.243997,
          -0.421584,
          0.873346,
          3.776428
        ],
        [
          -0.962394,
          0.216172,
          -0.164524,
          5.39226
        ],
        [
          -0.119432,
          -0.880646,
          -0.458475,
          1.484106
        ],
        [
          0.0,
          0.0,
          0.0,
          1.0
        ]
      ]
    },
    {
      "file_path": "/media/NFS/ttao/scannet/posed_images/scene0367_00/00179.jpg",
      "transform_matrix": [
        [
          -0.272137,
          -0.406269,
          0.872288,
          3.804479
        ],
        [
          -0.956247,
          0.215345,
          -0.198034,
          5.387985
        ],
        [
          -0.107388,
          -0.888016,
          -0.447097,
          1.483124
        ],
        [
          0.0,
          0.0,
          0.0,
          1.0
        ]
      ]
    },
    {
      "file_path": "/media/NFS/ttao/scannet/posed_images/scene0367_00/00184.jpg",
      "transform_matrix": [
        [
          -0.317036,
          -0.381162,
          0.868449,
          3.879158
        ],
        [
          -0.941678,
          0.23545,
          -0.24043,
          5.369736
        ],
        [
          -0.112834,
          -0.894024,
          -0.433578,
          1.490786
        ],
        [
          0.0,
          0.0,
          0.0,
          1.0
        ]
      ]
    },
    {
      "file_path": "/media/NFS/ttao/scannet/posed_images/scene0367_00/00187.jpg",
      "transform_matrix": [
        [
          -0.345649,
          -0.370074,
          0.862306,
          3.921092
        ],
        [
          -0.931723,
          0.244484,
          -0.26855,
          5.361049
        ],
        [
          -0.111436,
          -0.896255,
          -0.429312,
          1.493273
        ],
        [
          0.0,
          0.0,
          0.0,
          1.0
        ]
      ]
    },
    {
      "file_path": "/media/NFS/ttao/scannet/posed_images/scene0367_00/00188.jpg",
      "transform_matrix": [
        [
          -0.355142,
          -0.368135,
          0.859274,
          3.934316
        ],
        [
          -0.928017,
          0.249475,
          -0.276672,
          5.358803
        ],
        [
          -0.112514,
          -0.895678,
          -0.430234,
          1.495488
        ],
        [
          0.0,
          0.0,
          0.0,
          1.0
        ]
      ]
    },
    {
      "file_path": "/media/NFS/ttao/scannet/posed_images/scene0367_00/00191.jpg",
      "transform_matrix": [
        [
          -0.399958,
          -0.346485,
          0.848517,
          3.984965
        ],
        [
          -0.909125,
          0.267451,
          -0.319315,
          5.360026
        ],
        [
          -0.116298,
          -0.899121,
          -0.421967,
          1.506235
        ],
        [
          0.0,
          0.0,
          0.0,
          1.0
        ]
      ]
    },
    {
      "file_path": "/media/NFS/ttao/scannet/posed_images/scene0367_00/00194.jpg",
      "transform_matrix": [
        [
          -0.43633,
          -0.313808,
          0.843292,
          4.018926
        ],
        [
          -0.891436,
          0.278152,
          -0.357734,
          5.354059
        ],
        [
          -0.122303,
          -0.907831,
          -0.401105,
          1.503315
        ],
        [
          0.0,
          0.0,
          0.0,
          1.0
        ]
      ]
    },
    {
      "file_path": "/media/NFS/ttao/scannet/posed_images/scene0367_00/00197.jpg",
      "transform_matrix": [
        [
          -0.467691,
          -0.319726,
          0.824039,
          4.046552
        ],
        [
          -0.876528,
          0.287862,
          -0.385791,
          5.330679
        ],
        [
          -0.113862,
          -0.902724,
          -0.414879,
          1.499986
        ],
        [
          0.0,
          0.0,
          0.0,
          1.0
        ]
      ]
    },
    {
      "file_path": "/media/NFS/ttao/scannet/posed_images/scene0367_00/00200.jpg",
      "transform_matrix": [
        [
          -0.506739,
          -0.311818,
          0.803732,
          4.081498
        ],
        [
          -0.855727,
          0.29508,
          -0.425041,
          5.31434
        ],
        [
          -0.10463,
          -0.903159,
          -0.41636,
          1.501186
        ],
        [
          0.0,
          0.0,
          0.0,
          1.0
        ]
      ]
    },
    {
      "file_path": "/media/NFS/ttao/scannet/posed_images/scene0367_00/00203.jpg",
      "transform_matrix": [
        [
          -0.514211,
          -0.310528,
          0.799475,
          4.090393
        ],
        [
          -0.850707,
          0.303151,
          -0.429415,
          5.287119
        ],
        [
          -0.109016,
          -0.900929,
          -0.420051,
          1.487642
        ],
        [
          0.0,
          0.0,
          0.0,
          1.0
        ]
      ]
    },
    {
      "file_path": "/media/NFS/ttao/scannet/posed_images/scene0367_00/00207.jpg",
      "transform_matrix": [
        [
          -0.544578,
          -0.298957,
          0.78362,
          4.131377
        ],
        [
          -0.831519,
          0.314538,
          -0.457867,
          5.259747
        ],
        [
          -0.109596,
          -0.900939,
          -0.419879,
          1.492175
        ],
        [
          0.0,
          0.0,
          0.0,
          1.0
        ]
      ]
    },
    {
      "file_path": "/media/NFS/ttao/scannet/posed_images/scene0367_00/00209.jpg",
      "transform_matrix": [
        [
          -0.545859,
          -0.291469,
          0.785547,
          4.144398
        ],
        [
          -0.82884,
          0.325164,
          -0.455293,
          5.245312
        ],
        [
          -0.122728,
          -0.899619,
          -0.419074,
          1.491763
        ],
        [
          0.0,
          0.0,
          0.0,
          1.0
        ]
      ]
    },
    {
      "file_path": "/media/NFS/ttao/scannet/posed_images/scene0367_00/00211.jpg",
      "transform_matrix": [
        [
          -0.552684,
          -0.292594,
          0.780339,
          4.174149
        ],
        [
          -0.823917,
          0.33262,
          -0.45883,
          5.225672
        ],
        [
          -0.125305,
          -0.896523,
          -0.424907,
          1.514401
        ],
        [
          0.0,
          0.0,
          0.0,
          1.0
        ]
      ]
    },
    {
      "file_path": "/media/NFS/ttao/scannet/posed_images/scene0367_00/00214.jpg",
      "transform_matrix": [
        [
          -0.564044,
          -0.270286,
          0.780257,
          4.19419
        ],
        [
          -0.815627,
          0.329835,
          -0.475355,
          5.196718
        ],
        [
          -0.128874,
          -0.904519,
          -0.406493,
          1.519522
        ],
        [
          0.0,
          0.0,
          0.0,
          1.0
        ]
      ]
    },
    {
      "file_path": "/media/NFS/ttao/scannet/posed_images/scene0367_00/00219.jpg",
      "transform_matrix": [
        [
          -0.588611,
          -0.254764,
          0.767224,
          4.228167
        ],
        [
          -0.797303,
          0.339765,
          -0.498866,
          5.14279
        ],
        [
          -0.133583,
          -0.905348,
          -0.403114,
          1.524243
        ],
        [
          0.0,
          0.0,
          0.0,
          1.0
        ]
      ]
    },
    {
      "file_path": "/media/NFS/ttao/scannet/posed_images/scene0367_00/00220.jpg",
      "transform_matrix": [
        [
          -0.594774,
          -0.247167,
          0.764953,
          4.232526
        ],
        [
          -0.791777,
          0.344702,
          -0.504252,
          5.132236
        ],
        [
          -0.139046,
          -0.905588,
          -0.40072,
          1.525608
        ],
        [
          0.0,
          0.0,
          0.0,
          1.0
        ]
      ]
    },
    {
      "file_path": "/media/NFS/ttao/scannet/posed_images/scene0367_00/00223.jpg",
      "transform_matrix": [
        [
          -0.601103,
          -0.23458,
          0.763968,
          4.242799
        ],
        [
          -0.785856,
          0.347276,
          -0.511692,
          5.097646
        ],
