{
  "frames": [
    {
      "file_path": "/media/NFS/ttao/scannet/posed_images/scene0421_01/00000.jpg",
      "transform_matrix": [
        [
          0.993559,
          0.034424,
          -0.107963,
          1.909456
        ],
        [
          0.11122,
          -0.47873,
          0.870889,
          1.754759
        ],
        [
          -0.021705,
          -0.877287,
          -0.479475,
          1.319772
        ],
        [
          0.0,
          0.0,
          0.0,
          1.0
        ]
      ]
    },
    {
      "file_path": "/media/NFS/ttao/scannet/posed_images/scene0421_01/00007.jpg",
      "transform_matrix": [
        [
          0.994707,
          0.027486,
          -0.099014,
          1.896356
        ],
        [
          0.098955,
          -0.515939,
          0.85089,
          1.761978
        ],
        [
          -0.027698,
          -0.856184,
          -0.515928,
          1.300905
        ],
        [
          0.0,
          0.0,
          0.0,
          1.0
        ]
      ]
    },
    {
      "file_path": "/media/NFS/ttao/scannet/posed_images/scene0421_01/00015.jpg",
      "transform_matrix": [
        [
          0.994353,
          0.034438,
          -0.100386,
          1.88903
        ],
        [
          0.100567,
          -0.607932,
          0.787595,
          1.746077
        ],
        [
          -0.033904,
          -0.793242,
          -0.607962,
          1.247724
        ],
        [
          0.0,
          0.0,
          0.0,
          1.0
        ]
      ]
    },
    {
      "file_path": "/media/NFS/ttao/scannet/posed_images/scene0421_01/00026.jpg",
      "transform_matrix": [
        [
          0.997101,
          0.049172,
          -0.058062,
          1.88559
        ],
        [
          0.075852,
          -0.582594,
          0.809216,
          1.70616
        ],
        [
          0.005964,
          -0.811275,
          -0.584635,
          1.248011
        ],
        [
          0.0,
          0.0,
          0.0,
          1.0
        ]
      ]
    },
    {
      "file_path": "/media/NFS/ttao/scannet/posed_images/scene0421_01/00028.jpg",
      "transform_matrix": [
        [
          0.997108,
          0.048,
          -0.05893,
          1.886253
        ],
        [
          0.075867,
          -0.581846,
          0.809753,
          1.699451
        ],
        [
          0.00458,
          -0.811882,
          -0.583804,
          1.247663
        ],
        [
          0.0,
          0.0,
          0.0,
          1.0
        ]
      ]
    },
    {
      "file_path": "/media/NFS/ttao/scannet/posed_images/scene0421_01/00035.jpg",
      "transform_matrix": [
        [
          0.997929,
          0.024045,
          -0.059671,
          1.88352
        ],
        [
          0.062656,
          -0.57369,
          0.816673,
          1.68417
        ],
        [
          -0.014595,
          -0.81872,
          -0.574008,
          1.267265
        ],
        [
          0.0,
          0.0,
          0.0,
          1.0
        ]
      ]
    },
    {
      "file_path": "/media/NFS/ttao/scannet/posed_images/scene0421_01/00048.jpg",
      "transform_matrix": [
        [
          0.995077,
          -0.007014,
          -0.098854,
          1.935298
        ],
        [
          0.084742,
          -0.456943,
          0.88545,
          1.659743
        ],
        [
          -0.051381,
          -0.889468,
          -0.454099,
          1.35108
        ],
        [
          0.0,
          0.0,
          0.0,
          1.0
        ]
      ]
    },
    {
      "file_path": "/media/NFS/ttao/scannet/posed_images/scene0421_01/00055.jpg",
      "transform_matrix": [
        [
          0.995032,
          0.001335,
          -0.099552,
          1.995797
        ],
        [
          0.091757,
          -0.400382,
          0.911743,
          1.649364
        ],
        [
          -0.038642,
          -0.916348,
          -0.398515,
          1.36764
        ],
        [
          0.0,
          0.0,
          0.0,
          1.0
        ]
      ]
    },
    {
      "file_path": "/media/NFS/ttao/scannet/posed_images/scene0421_01/00057.jpg",
      "transform_matrix": [
        [
          0.994068,
          0.006867,
          -0.108546,
          2.005604
        ],
        [
          0.102647,
          -0.389208,
          0.915413,
          1.649719
        ],
        [
          -0.035961,
          -0.921124,
          -0.387604,
          1.376816
        ],
        [
          0.0,
          0.0,
          0.0,
          1.0
        ]
      ]
    },
    {
      "file_path": "/media/NFS/ttao/scannet/posed_images/scene0421_01/00063.jpg",
      "transform_matrix": [
        [
          0.993841,
          0.020374,
          -0.108931,
          2.023495
        ],
        [
          0.109519,
          -0.330705,
          0.937358,
          1.644831
        ],
        [
          -0.016926,
          -0.943514,
          -0.3309,
          1.399828
        ],
        [
          0.0,
          0.0,
          0.0,
          1.0
        ]
      ]
    },
    {
      "file_path": "/media/NFS/ttao/scannet/posed_images/scene0421_01/00072.jpg",
      "transform_matrix": [
        [
          0.996297,
          0.015397,
          -0.084597,
          2.022215
        ],
        [
          0.085745,
          -0.251686,
          0.964003,
          1.642314
        ],
        [
          -0.006449,
          -0.967687,
          -0.252074,
          1.436932
        ],
        [
          0.0,
          0.0,
          0.0,
          1.0
        ]
      ]
    },
    {
      "file_path": "/media/NFS/ttao/scannet/posed_images/scene0421_01/00081.jpg",
      "transform_matrix": [
        [
          0.993978,
          -0.006669,
          -0.10938,
          2.007795
        ],
        [
          0.106163,
          -0.188837,
          0.976253,
          1.633423
        ],
        [
          -0.027166,
          -0.981986,
          -0.186992,
          1.468804
        ],
        [
          0.0,
          0.0,
          0.0,
          1.0
        ]
      ]
    },
    {
      "file_path": "/media/NFS/ttao/scannet/posed_images/scene0421_01/00092.jpg",
      "transform_matrix": [
        [
          0.992883,
          -0.011766,
          -0.118515,
          2.000696
        ],
        [
          0.11612,
          -0.125488,
          0.985276,
          1.623774
        ],
        [
          -0.026465,
          -0.992025,
          -0.123228,
          1.503844
        ],
        [
          0.0,
          0.0,
          0.0,
          1.0
        ]
      ]
    },
    {
      "file_path": "/media/NFS/ttao/scannet/posed_images/scene0421_01/00098.jpg",
      "transform_matrix": [
        [
          0.989553,
          -0.010792,
          -0.143767,
          2.000818
        ],
        [
          0.142022,
          -0.098568,
          0.984944,
          1.621249
        ],
        [
          -0.0248,
          -0.995072,
          -0.096006,
          1.518444
        ],
        [
          0.0,
          0.0,
          0.0,
          1.0
        ]
      ]
    },
    {
      "file_path": "/media/NFS/ttao/scannet/posed_images/scene0421_01/00103.jpg",
      "transform_matrix": [
        [
          0.986747,
          -0.01611,
          -0.161467,
          2.005704
        ],
        [
          0.159985,
          -0.069764,
          0.984651,
          1.616759
        ],
        [
          -0.027128,
          -0.997433,
          -0.066262,
          1.534221
        ],
        [
          0.0,
          0.0,
          0.0,
          1.0
        ]
      ]
    },
    {
      "file_path": "/media/NFS/ttao/scannet/posed_images/scene0421_01/00107.jpg",
      "transform_matrix": [
        [
          0.983929,
          -0.02163,
          -0.177248,
          2.013607
        ],
        [
          0.176215,
          -0.042837,
          0.983419,
          1.613823
        ],
        [
          -0.028864,
          -0.998848,
          -0.038337,
          1.544944
        ],
        [
          0.0,
          0.0,
          0.0,
          1.0
        ]
      ]
    },
    {
      "file_path": "/media/NFS/ttao/scannet/posed_images/scene0421_01/00120.jpg",
      "transform_matrix": [
        [
          0.968586,
          -0.051993,
          -0.243183,
          2.039477
        ],
        [
          0.245456,
          0.04296,
          0.968455,
          1.602733
        ],
        [
          -0.039906,
          -0.997723,
          0.054372,
          1.586019
        ],
        [
          0.0,
          0.0,
          0.0,
          1.0
        ]
      ]
    },
    {
      "file_path": "/media/NFS/ttao/scannet/posed_images/scene0421_01/00122.jpg",
      "transform_matrix": [
        [
          0.966448,
          -0.057741,
          -0.250291,
          2.041958
        ],
        [
          0.252822,
          0.041626,
          0.966617,
          1.604585
        ],
        [
          -0.045394,
          -0.997463,
          0.054827,
          1.588699
        ],
        [
          0.0,
          0.0,
          0.0,
          1.0
        ]
      ]
    },
    {
      "file_path": "/media/NFS/ttao/scannet/posed_images/scene0421_01/00136.jpg",
      "transform_matrix": [
        [
          0.936372,
          -0.108965,
          -0.333668,
          2.058848
        ],
        [
          0.339007,
          0.03428,
          0.940159,
          1.615944
        ],
        [
          -0.091006,
          -0.993454,
          0.069038,
          1.607221
        ],
        [
          0.0,
          0.0,
          0.0,
          1.0
        ]
      ]
    },
    {
      "file_path": "/media/NFS/ttao/scannet/posed_images/scene0421_01/00138.jpg",
      "transform_matrix": [
        [
          0.933127,
          -0.111856,
          -0.341705,
          2.060349
        ],
        [
          0.347686,
          0.03863,
          0.936815,
          1.616243
        ],
        [
          -0.091589,
          -0.992973,
          0.074937,
          1.608044
        ],
        [
          0.0,
          0.0,
          0.0,
          1.0
        ]
      ]
    },
    {
      "file_path": "/media/NFS/ttao/scannet/posed_images/scene0421_01/00149.jpg",
      "transform_matrix": [
        [
          0.916355,
          -0.118052,
          -0.382567,
          2.064449
        ],
        [
          0.392002,
          0.070249,
          0.917278,
          1.610493
        ],
        [
          -0.081411,
          -0.990519,
          0.110649,
          1.615088
        ],
        [
          0.0,
          0.0,
          0.0,
          1.0
        ]
      ]
    },
    {
      "file_path": "/media/NFS/ttao/scannet/posed_images/scene0421_01/00155.jpg",
      "transform_matrix": [
        [
          0.901891,
          -0.115315,
          -0.416287,
          2.067417
        ],
        [
          0.426594,
          0.086296,
          0.900317,
          1.60635
        ],
        [
          -0.067896,
          -0.989573,
          0.127022,
          1.612915
        ],
        [
          0.0,
          0.0,
          0.0,
          1.0
        ]
      ]
    },
    {
      "file_path": "/media/NFS/ttao/scannet/posed_images/scene0421_01/00160.jpg",
      "transform_matrix": [
        [
          0.880574,
          -0.123235,
          -0.457605,
          2.075353
        ],
        [
          0.469139,
          0.090035,
          0.878523,
          1.607288
        ],
        [
          -0.067064,
          -0.988285,
          0.137097,
          1.614568
        ],
        [
          0.0,
          0.0,
          0.0,
          1.0
        ]
      ]
    },
    {
      "file_path": "/media/NFS/ttao/scannet/posed_images/scene0421_01/00171.jpg",
      "transform_matrix": [
        [
          0.820821,
          -0.148642,
          -0.551506,
          2.092402
        ],
        [
          0.566707,
          0.091247,
          0.818851,
          1.606251
        ],
        [
          -0.071392,
          -0.984672,
          0.159134,
          1.614605
        ],
        [
          0.0,
          0.0,
          0.0,
          1.0
        ]
      ]
    },
    {
      "file_path": "/media/NFS/ttao/scannet/posed_images/scene0421_01/00179.jpg",
      "transform_matrix": [
        [
          0.800939,
          -0.157565,
          -0.577641,
          2.0973
        ],
        [
          0.593995,
          0.08781,
          0.799662,
          1.596021
        ],
        [
          -0.075276,
          -0.983597,
          0.163923,
          1.613002
        ],
        [
          0.0,
          0.0,
          0.0,
          1.0
        ]
      ]
    },
    {
      "file_path": "/media/NFS/ttao/scannet/posed_images/scene0421_01/00182.jpg",
      "transform_matrix": [
        [
          0.800407,
          -0.149391,
          -0.580544,
          2.101607
        ],
        [
          0.594946,
          0.079384,
          0.799836,
          1.596596
        ],
        [
          -0.073403,
          -0.985586,
          0.152419,
          1.609969
        ],
        [
          0.0,
          0.0,
          0.0,
          1.0
        ]
      ]
    },
    {
      "file_path": "/media/NFS/ttao/scannet/posed_images/scene0421_01/00188.jpg",
      "transform_matrix": [
        [
          0.787534,
          -0.125074,
          -0.603445,
          2.096586
        ],
        [
          0.612032,
          0.044085,
          0.789603,
          1.590092
        ],
        [
          -0.072156,
          -0.991167,
          0.111268,
          1.580316
        ],
        [
          0.0,
          0.0,
          0.0,
          1.0
        ]
      ]
    },
    {
      "file_path": "/media/NFS/ttao/scannet/posed_images/scene0421_01/00201.jpg",
      "transform_matrix": [
        [
          0.765067,
          -0.068342,
          -0.640315,
          2.088683
        ],
        [
          0.641064,
          -0.013225,
          0.767373,
          1.577507
        ],
        [
          -0.060912,
          -0.997574,
          0.033693,
          1.532164
        ],
        [
          0.0,
          0.0,
          0.0,
          1.0
        ]
      ]
    },
    {
      "file_path": "/media/NFS/ttao/scannet/posed_images/scene0421_01/00203.jpg",
      "transform_matrix": [
        [
          0.765128,
          -0.053285,
          -0.64167,
          2.089471
        ],
        [
          0.641409,
          -0.024123,
          0.766819,
          1.574668
        ],
        [
          -0.056339,
          -0.998288,
          0.015721,
          1.525508
        ],
        [
          0.0,
          0.0,
          0.0,
          1.0
        ]
      ]
    },
    {
      "file_path": "/media/NFS/ttao/scannet/posed_images/scene0421_01/00212.jpg",
      "transform_matrix": [
        [
          0.780103,
          0.006146,
          -0.625621,
          2.073358
        ],
        [
          0.622722,
          -0.104281,
          0.775463,
          1.576831
        ],
        [
          -0.060474,
          -0.994529,
          -0.085177,
          1.486107
        ],
        [
          0.0,
          0.0,
          0.0,
          1.0
        ]
      ]
    },
    {
      "file_path": "/media/NFS/ttao/scannet/posed_images/scene0421_01/00221.jpg",
      "transform_matrix": [
        [
          0.772533,
          0.03368,
          -0.634081,
          2.068721
        ],
        [
          0.627861,
          -0.189576,
          0.754885,
          1.583512
        ],
        [
          -0.094782,
          -0.981288,
          -0.1676,
          1.455663
        ],
        [
          0.0,
          0.0,
          0.0,
          1.0
        ]
      ]
    },
    {
      "file_path": "/media/NFS/ttao/scannet/posed_images/scene0421_01/00227.jpg",
      "transform_matrix": [
        [
          0.765571,
          0.049663,
          -0.641432,
          2.065217
        ],
        [
          0.635054,
          -0.217946,
          0.741084,
          1.578713
        ],
        [
          -0.102993,
          -0.974696,
          -0.198392,
          1.438988
        ],
        [
          0.0,
          0.0,
          0.0,
          1.0
        ]
      ]
    },
    {
      "file_path": "/media/NFS/ttao/scannet/posed_images/scene0421_01/00232.jpg",
      "transform_matrix": [
        [
          0.781701,
          0.073446,
          -0.619314,
          2.052733
        ],
        [
          0.614919,
          -0.256389,
          0.745747,
          1.572273
        ],
        [
          -0.104014,
          -0.963779,
          -0.245583,
          1.422115
        ],
        [
          0.0,
          0.0,
          0.0,
          1.0
        ]
      ]
    },
    {
      "file_path": "/media/NFS/ttao/scannet/posed_images/scene0421_01/00238.jpg",
      "transform_matrix": [
        [
          0.778113,
          0.094887,
          -0.620916,
          2.045753
        ],
        [
          0.618932,
          -0.284319,
          0.732178,
          1.553281
        ],
        [
          -0.107064,
          -0.954023,
          -0.279961,
          1.403263
        ],
        [
          0.0,
          0.0,
          0.0,
          1.0
        ]
      ]
    },
    {
      "file_path": "/media/NFS/ttao/scannet/posed_images/scene0421_01/00247.jpg",
      "transform_matrix": [
        [
          0.797865,
          0.121757,
          -0.590412,
          2.041469
        ],
        [
          0.595505,
          -0.311463,
          0.740516,
          1.52274
        ],
        [
          -0.093728,
          -0.942426,
          -0.321012,
          1.373495
        ],
        [
          0.0,
          0.0,
          0.0,
          1.0
        ]
      ]
    },
    {
      "file_path": "/media/NFS/ttao/scannet/posed_images/scene0421_01/00256.jpg",
      "transform_matrix": [
        [
          0.793724,
          0.195217,
          -0.576102,
          2.036168
        ],
        [
          0.60191,
          -0.388755,
          0.697548,
          1.496293
        ],
        [
          -0.087789,
          -0.900422,
          -0.426067,
          1.342358
        ],
        [
          0.0,
          0.0,
          0.0,
          1.0
        ]
      ]
    },
    {
      "file_path": "/media/NFS/ttao/scannet/posed_images/scene0421_01/00267.jpg",
      "transform_matrix": [
        [
          0.767048,
          0.257204,
          -0.587779,
          2.040135
        ],
        [
          0.635833,
          -0.427195,
          0.642823,
          1.485283
        ],
        [
          -0.08576,
          -0.866805,
          -0.491218,
          1.313644
        ],
        [
          0.0,
          0.0,
          0.0,
          1.0
        ]
      ]
    },
    {
      "file_path": "/media/NFS/ttao/scannet/posed_images/scene0421_01/00269.jpg",
      "transform_matrix": [
        [
          0.761248,
          0.263006,
          -0.592731,
          2.042836
        ],
        [
          0.643113,
          -0.423352,
          0.638105,
          1.482507
        ],
        [
          -0.083108,
          -0.866949,
          -0.491419,
          1.309239
        ],
        [
          0.0,
          0.0,
          0.0,
          1.0
        ]
      ]
    },
    {
      "file_path": "/media/NFS/ttao/scannet/posed_images/scene0421_01/00280.jpg",
      "transform_matrix": [
        [
          0.747523,
          0.323011,
          -0.580408,
          2.034541
        ],
        [
          0.660194,
          -0.457544,
          0.595648,
          1.475392
        ],
        [
          -0.073161,
          -0.828443,
          -0.555274,
          1.290462
        ],
        [
          0.0,
          0.0,
          0.0,
          1.0
        ]
      ]
    },
    {
      "file_path": "/media/NFS/ttao/scannet/posed_images/scene0421_01/00284.jpg",
      "transform_matrix": [
        [
          0.743988,
          0.338411,
          -0.576159,
          2.030705
        ],
        [
          0.665024,
          -0.458894,
          0.589203,
          1.469232
        ],
        [
          -0.065003,
          -0.821519,
          -0.566463,
          1.283068
        ],
        [
          0.0,
          0.0,
          0.0,
          1.0
        ]
      ]
    },
    {
      "file_path": "/media/NFS/ttao/scannet/posed_images/scene0421_01/00291.jpg",
      "transform_matrix": [
        [
          0.746672,
          0.359723,
          -0.559536,
          2.022804
        ],
        [
          0.663219,
          -0.467332,
          0.584587,
          1.461309
        ],
        [
          -0.0512,
          -0.807589,
          -0.587518,
          1.27793
        ],
        [
          0.0,
          0.0,
          0.0,
          1.0
        ]
      ]
    },
    {
      "file_path": "/media/NFS/ttao/scannet/posed_images/scene0421_01/00300.jpg",
      "transform_matrix": [
        [
          0.738211,
          0.394032,
          -0.547525,
          2.016748
        ],
        [
          0.673532,
          -0.475547,
          0.56587,
          1.446813
        ],
        [
          -0.037403,
          -0.786507,
          -0.616447,
          1.274263
        ],
        [
          0.0,
          0.0,
          0.0,
          1.0
        ]
      ]
    },
    {
      "file_path": "/media/NFS/ttao/scannet/posed_images/scene0421_01/00304.jpg",
      "transform_matrix": [
        [
          0.734331,
          0.408421,
          -0.542171,
          2.013188
        ],
        [
          0.677862,
          -0.483025,
          0.554248,
          1.433629
        ],
        [
          -0.035516,
          -0.774519,
          -0.631553,
          1.266095
        ],
        [
          0.0,
          0.0,
          0.0,
          1.0
        ]
      ]
    },
    {
      "file_path": "/media/NFS/ttao/scannet/posed_images/scene0421_01/00315.jpg",
      "transform_matrix": [
        [
          0.68982,
          0.488076,
          -0.534724,
          2.004086
        ],
        [
          0.723784,
          -0.482131,
          0.493646,
          1.389545
        ],
        [
          -0.01687,
          -0.727552,
          -0.685845,
          1.232077
        ],
        [
          0.0,
          0.0,
          0.0,
          1.0
        ]
      ]
    },
    {
      "file_path": "/media/NFS/ttao/scannet/posed_images/scene0421_01/00324.jpg",
      "transform_matrix": [
        [
          0.64267,
          0.526744,
          -0.556342,
          1.993938
        ],
        [
          0.765956,
          -0.457818,
          0.451347,
          1.362437
        ],
        [
          -0.016959,
          -0.7162,
          -0.697689,
          1.223158
        ],
        [
          0.0,
          0.0,
          0.0,
          1.0
        ]
      ]
    },
    {
      "file_path": "/media/NFS/ttao/scannet/posed_images/scene0421_01/00326.jpg",
      "transform_matrix": [
        [
          0.640045,
          0.523169,
          -0.562704,
          1.991703
        ],
        [
          0.768022,
          -0.456607,
          0.449057,
          1.360504
        ],
        [
          -0.022002,
          -0.719586,
          -0.694055,
          1.225397
        ],
        [
          0.0,
          0.0,
          0.0,
          1.0
        ]
      ]
    },
    {
      "file_path": "/media/NFS/ttao/scannet/posed_images/scene0421_01/00335.jpg",
      "transform_matrix": [
        [
          0.65158,
          0.486338,
          -0.582168,
          1.990089
        ],
        [
          0.758365,
          -0.435901,
          0.484636,
          1.363988
        ],
        [
          -0.018071,
          -0.757275,
          -0.652846,
          1.240691
        ],
        [
          0.0,
          0.0,
          0.0,
          1.0
        ]
      ]
    },
    {
      "file_path": "/media/NFS/ttao/scannet/posed_images/scene0421_01/00346.jpg",
      "transform_matrix": [
        [
          0.668,
          0.398015,
          -0.628777,
          1.990223
        ],
        [
          0.743094,
          -0.402008,
          0.534978,
          1.370102
        ],
        [
          -0.039844,
          -0.824605,
          -0.564304,
          1.277332
        ],
        [
          0.0,
          0.0,
          0.0,
          1.0
        ]
      ]
    },
    {
      "file_path": "/media/NFS/ttao/scannet/posed_images/scene0421_01/00348.jpg",
      "transform_matrix": [
        [
          0.668511,
          0.373675,
          -0.643008,
          1.991809
        ],
        [
          0.742298,
          -0.388374,
          0.54604,
          1.371035
        ],
        [
          -0.045686,
          -0.842337,
          -0.537011,
          1.288637
        ],
        [
          0.0,
          0.0,
          0.0,
          1.0
        ]
      ]
    },
    {
      "file_path": "/media/NFS/ttao/scannet/posed_images/scene0421_01/00361.jpg",
      "transform_matrix": [
        [
          0.675213,
          0.282924,
          -0.681206,
          1.995788
        ],
        [
          0.734323,
          -0.345086,
          0.584538,
          1.389054
        ],
        [
          -0.069694,
          -0.894913,
          -0.440764,
          1.333661
        ],
        [
          0.0,
          0.0,
          0.0,
          1.0
        ]
      ]
    },
    {
      "file_path": "/media/NFS/ttao/scannet/posed_images/scene0421_01/00363.jpg",
      "transform_matrix": [
        [
          0.679055,
          0.280291,
          -0.67847,
          1.99564
        ],
        [
          0.730318,
          -0.351495,
          0.585737,
          1.398307
        ],
        [
          -0.074302,
          -0.893246,
          -0.443385,
          1.332993
        ],
        [
          0.0,
          0.0,
          0.0,
          1.0
        ]
      ]
    },
    {
      "file_path": "/media/NFS/ttao/scannet/posed_images/scene0421_01/00370.jpg",
      "transform_matrix": [
        [
          0.694472,
          0.268402,
          -0.667585,
          1.987203
        ],
        [
          0.716451,
          -0.343557,
          0.607179,
          1.453446
        ],
        [
          -0.066385,
          -0.899961,
          -0.430887,
          1.337658
        ],
        [
          0.0,
          0.0,
          0.0,
          1.0
        ]
      ]
    },
    {
      "file_path": "/media/NFS/ttao/scannet/posed_images/scene0421_01/00381.jpg",
      "transform_matrix": [
        [
          0.699253,
          0.24535,
          -0.671453,
          1.975979
        ],
        [
          0.711531,
          -0.329611,
          0.620549,
          1.540008
        ],
        [
          -0.069066,
          -0.91168,
          -0.405055,
          1.342217
        ],
        [
          0.0,
          0.0,
          0.0,
          1.0
        ]
      ]
    },
    {
      "file_path": "/media/NFS/ttao/scannet/posed_images/scene0421_01/00385.jpg",
      "transform_matrix": [
        [
          0.692389,
          0.254717,
          -0.675068,
          1.958879
        ],
        [
          0.717788,
          -0.338265,
          0.60857,
          1.559482
        ],
        [
          -0.073339,
          -0.905923,
          -0.417044,
          1.336006
        ],
        [
          0.0,
          0.0,
          0.0,
          1.0
        ]
      ]
    },
    {
      "file_path": "/media/NFS/ttao/scannet/posed_images/scene0421_01/00391.jpg",
      "transform_matrix": [
        [
          0.688288,
          0.249276,
          -0.681265,
          1.912393
        ],
        [
          0.721153,
          -0.337032,
          0.605267,
          1.602411
        ],
        [
          -0.07873,
          -0.907894,
          -0.411741,
          1.331969
        ],
        [
          0.0,
          0.0,
          0.0,
          1.0
        ]
      ]
    },
    {
      "file_path": "/media/NFS/ttao/scannet/posed_images/scene0421_01/00400.jpg",
      "transform_matrix": [
        [
          0.703022,
          0.217757,
          -0.67701,
          1.837516
        ],
        [
          0.702601,
          -0.35999,
          0.613807,
          1.661729
        ],
        [
          -0.110056,
          -0.907187,
          -0.406077,
          1.332713
        ],
        [
          0.0,
          0.0,
          0.0,
          1.0
        ]
      ]
    },
    {
      "file_path": "/media/NFS/ttao/scannet/posed_images/scene0421_01/00407.jpg",
      "transform_matrix": [
        [
          0.739927,
          0.231854,
          -0.631469,
          1.790382
        ],
        [
          0.666203,
          -0.3826,
          0.640149,
          1.705456
        ],
        [
          -0.093179,
          -0.894349,
          -0.437558,
          1.327335
        ],
        [
          0.0,
          0.0,
          0.0,
          1.0
        ]
      ]
    },
    {
      "file_path": "/media/NFS/ttao/scannet/posed_images/scene0421_01/00413.jpg",
      "transform_matrix": [
        [
          0.712405,
          0.244688,
          -0.657729,
          1.778338
        ],
        [
          0.694729,
          -0.378327,
          0.611735,
          1.754124
        ],
        [
          -0.099152,
          -0.892746,
          -0.439514,
          1.324732
        ],
        [
          0.0,
          0.0,
          0.0,
          1.0
        ]
      ]
    },
    {
      "file_path": "/media/NFS/ttao/scannet/posed_images/scene0421_01/00422.jpg",
      "transform_matrix": [
        [
          0.56901,
          0.349081,
          -0.74456,
          1.826656
        ],
        [
          0.820957,
          -0.293442,
          0.489817,
          1.87843
        ],
        [
          -0.047499,
          -0.889963,
          -0.453552,
          1.299928
        ],
        [
          0.0,
          0.0,
          0.0,
          1.0
        ]
      ]
    },
    {
      "file_path": "/media/NFS/ttao/scannet/posed_images/scene0421_01/00431.jpg",
      "transform_matrix": [
        [
          0.303854,
          0.46881,
          -0.829391,
          1.926237
        ],
        [
          0.95135,
          -0.195953,
          0.237773,
          1.968967
        ],
        [
          -0.051051,
          -0.861289,
          -0.505544,
          1.307525
        ],
        [
          0.0,
          0.0,
          0.0,
          1.0
        ]
      ]
    },
    {
      "file_path": "/media/NFS/ttao/scannet/posed_images/scene0421_01/00437.jpg",
      "transform_matrix": [
        [
          0.183861,
          0.465781,
          -0.865588,
          1.960514
        ],
        [
          0.981769,
          -0.130214,
          0.13847,
          1.971279
        ],
        [
          -0.048215,
          -0.875267,
          -0.481231,
          1.309935
        ],
        [
          0.0,
          0.0,
          0.0,
          1.0
        ]
      ]
    },
    {
      "file_path": "/media/NFS/ttao/scannet/posed_images/scene0421_01/00448.jpg",
      "transform_matrix": [
        [
          0.071376,
          0.546901,
          -0.83415,
          1.981318
        ],
        [
          0.997224,
          -0.021325,
          0.071348,
          1.928352
        ],
        [
          0.021232,
          -0.836926,
          -0.546904,
          1.275297
        ],
        [
          0.0,
          0.0,
          0.0,
          1.0
        ]
      ]
    },
    {
      "file_path": "/media/NFS/ttao/scannet/posed_images/scene0421_01/00453.jpg",
      "transform_matrix": [
        [
          0.029946,
          0.548404,
          -0.835678,
          1.997222
        ],
        [
          0.999051,
          0.010032,
          0.042383,
          1.901576
        ],
        [
          0.031627,
          -0.836154,
          -0.547583,
          1.27062
        ],
        [
          0.0,
          0.0,
          0.0,
          1.0
        ]
      ]
    },
    {
      "file_path": "/media/NFS/ttao/scannet/posed_images/scene0421_01/00461.jpg",
      "transform_matrix": [
        [
          -0.003326,
          0.540431,
          -0.841382,
          2.021791
        ],
        [
          0.998736,
          0.043992,
          0.024309,
          1.864426
        ],
        [
          0.050152,
          -0.840238,
          -0.539894,
          1.269074
        ],
        [
          0.0,
          0.0,
          0.0,
          1.0
        ]
      ]
    },
    {
      "file_path": "/media/NFS/ttao/scannet/posed_images/scene0421_01/00468.jpg",
      "transform_matrix": [
        [
          -0.049861,
          0.560637,
          -0.826559,
          2.043422
        ],
        [
          0.994989,
          0.099701,
          0.007604,
          1.829054
        ],
        [
          0.086672,
          -0.822037,
          -0.562799,
          1.259401
        ],
        [
          0.0,
          0.0,
          0.0,
          1.0
        ]
      ]
    },
    {
      "file_path": "/media/NFS/ttao/scannet/posed_images/scene0421_01/00472.jpg",
      "transform_matrix": [
        [
          -0.105052,
          0.539531,
          -0.835387,
          2.065018
        ],
        [
          0.989471,
          0.140806,
          -0.03349,
          1.805242
        ],
        [
          0.099558,
          -0.830108,
          -0.548642,
          1.260553
        ],
        [
          0.0,
          0.0,
          0.0,
          1.0
        ]
      ]
    },
    {
      "file_path": "/media/NFS/ttao/scannet/posed_images/scene0421_01/00479.jpg",
      "transform_matrix": [
        [
          -0.178787,
          0.493537,
          -0.85115,
          2.088856
        ],
        [
          0.977855,
          0.184787,
          -0.098253,
          1.808742
        ],
        [
          0.10879,
          -0.849867,
          -0.515645,
          1.270531
        ],
        [
          0.0,
          0.0,
          0.0,
          1.0
        ]
      ]
    },
    {
      "file_path": "/media/NFS/ttao/scannet/posed_images/scene0421_01/00490.jpg",
      "transform_matrix": [
        [
          -0.250689,
          0.382108,
          -0.889466,
          2.101044
        ],
        [
          0.965793,
          0.161673,
          -0.202748,
          1.888803
        ],
        [
          0.066331,
          -0.909866,
          -0.409567,
          1.347119
        ],
        [
          0.0,
          0.0,
          0.0,
          1.0
        ]
      ]
    },
    {
      "file_path": "/media/NFS/ttao/scannet/posed_images/scene0421_01/00496.jpg",
      "transform_matrix": [
        [
          -0.281769,
          0.386142,
          -0.878351,
          2.091849
        ],
        [
          0.957995,
          0.164168,
          -0.235147,
          1.915224
        ],
        [
          0.053397,
          -0.907713,
          -0.41618,
          1.357625
        ],
        [
          0.0,
          0.0,
          0.0,
          1.0
        ]
      ]
    },
    {
      "file_path": "/media/NFS/ttao/scannet/posed_images/scene0421_01/00501.jpg",
      "transform_matrix": [
        [
          -0.306696,
          0.367892,
          -0.877834,
          2.080406
        ],
        [
          0.950885,
          0.159037,
          -0.265568,
          1.928123
        ],
        [
          0.041908,
          -0.916167,
          -0.398599,
          1.375512
        ],
        [
          0.0,
          0.0,
          0.0,
          1.0
        ]
      ]
    },
    {
      "file_path": "/media/NFS/ttao/scannet/posed_images/scene0421_01/00512.jpg",
      "transform_matrix": [
        [
          -0.363157,
          0.260624,
          -0.894535,
          2.085485
        ],
        [
          0.931712,
          0.107165,
          -0.347028,
          1.960826
        ],
        [
          0.005419,
          -0.959474,
          -0.281744,
          1.434425
        ],
        [
          0.0,
          0.0,
          0.0,
          1.0
        ]
      ]
    },
    {
      "file_path": "/media/NFS/ttao/scannet/posed_images/scene0421_01/00521.jpg",
      "transform_matrix": [
        [
          -0.407585,
          0.173836,
          -0.896468,
          2.102736
        ],
        [
          0.913126,
          0.068201,
          -0.401933,
          2.005689
        ],
        [
          -0.00873,
          -0.98241,
          -0.186532,
          1.478361
        ],
        [
          0.0,
          0.0,
          0.0,
          1.0
        ]
      ]
    },
    {
      "file_path": "/media/NFS/ttao/scannet/posed_images/scene0421_01/00523.jpg",
      "transform_matrix": [
        [
          -0.410101,
          0.160931,
          -0.89773,
          2.10632
        ],
        [
          0.912023,
          0.066292,
          -0.404747,
          2.01362
        ],
        [
          -0.005624,
          -0.984737,
          -0.17396,
          1.481684
        ],
        [
          0.0,
          0.0,
          0.0,
          1.0
        ]
      ]
    },
    {
      "file_path": "/media/NFS/ttao/scannet/posed_images/scene0421_01/00536.jpg",
      "transform_matrix": [
        [
          -0.449508,
          0.085768,
          -0.88915,
          2.121374
        ],
        [
          0.893255,
          0.036236,
          -0.448088,
          2.043766
        ],
        [
          -0.006213,
          -0.995656,
          -0.092901,
          1.516435
        ],
        [
          0.0,
          0.0,
          0.0,
          1.0
        ]
      ]
    },
    {
      "file_path": "/media/NFS/ttao/scannet/posed_images/scene0421_01/00538.jpg",
      "transform_matrix": [
        [
          -0.45059,
          0.078606,
          -0.889264,
          2.12025
        ],
        [
          0.892726,
          0.036185,
          -0.449145,
          2.042639
        ],
        [
          -0.003128,
          -0.996249,
          -0.086478,
          1.523245
        ],
        [
          0.0,
          0.0,
          0.0,
          1.0
        ]
      ]
    },
    {
      "file_path": "/media/NFS/ttao/scannet/posed_images/scene0421_01/00545.jpg",
      "transform_matrix": [
        [
          -0.42288,
          0.042606,
          -0.905184,
          2.109226
        ],
        [
          0.906053,
          0.036984,
          -0.421546,
          2.028638
        ],
        [
          0.015517,
          -0.998407,
          -0.054243,
          1.541663
        ],
        [
          0.0,
          0.0,
          0.0,
          1.0
        ]
      ]
    },
    {
      "file_path": "/media/NFS/ttao/scannet/posed_images/scene0421_01/00558.jpg",
      "transform_matrix": [
        [
          -0.463409,
          -0.028464,
          -0.885687,
          2.114226
        ],
        [
          0.885817,
          0.012317,
          -0.463872,
          2.005176
        ],
        [
          0.024113,
          -0.999519,
          0.019506,
          1.583356
        ],
        [
          0.0,
          0.0,
          0.0,
          1.0
        ]
      ]
    },
    {
      "file_path": "/media/NFS/ttao/scannet/posed_images/scene0421_01/00560.jpg",
      "transform_matrix": [
        [
          -0.475973,
          -0.060777,
          -0.877357,
          2.121158
        ],
        [
          0.878965,
          0.000568,
          -0.476885,
          2.004362
        ],
        [
          0.029482,
          -0.998151,
          0.053151,
          1.585493
        ],
