{
  "frames": [
    {
      "file_path": "/media/NFS/ttao/scannet/posed_images/scene0554_01/00000.jpg",
      "transform_matrix": [
        [
          -0.719377,
          0.585515,
          -0.373724,
          3.231146
        ],
        [
          0.685499,
          0.511517,
          -0.518114,
          1.646977
        ],
        [
          -0.112198,
          -0.628907,
          -0.769343,
          1.33902
        ],
        [
          0.0,
          0.0,
          0.0,
          1.0
        ]
      ]
    },
    {
      "file_path": "/media/NFS/ttao/scannet/posed_images/scene0554_01/00013.jpg",
      "transform_matrix": [
        [
          -0.732961,
          0.544329,
          -0.408013,
          3.244311
        ],
        [
          0.673746,
          0.497994,
          -0.545957,
          1.681783
        ],
        [
          -0.093992,
          -0.675062,
          -0.731749,
          1.366668
        ],
        [
          0.0,
          0.0,
          0.0,
          1.0
        ]
      ]
    },
    {
      "file_path": "/media/NFS/ttao/scannet/posed_images/scene0554_01/00026.jpg",
      "transform_matrix": [
        [
          -0.682207,
          0.611995,
          -0.40007,
          3.232246
        ],
        [
          0.724832,
          0.494254,
          -0.479928,
          1.695151
        ],
        [
          -0.095978,
          -0.617394,
          -0.780777,
          1.355053
        ],
        [
          0.0,
          0.0,
          0.0,
          1.0
        ]
      ]
    },
    {
      "file_path": "/media/NFS/ttao/scannet/posed_images/scene0554_01/00029.jpg",
      "transform_matrix": [
        [
          -0.669469,
          0.62406,
          -0.40294,
          3.230768
        ],
        [
          0.736372,
          0.486099,
          -0.4706,
          1.695237
        ],
        [
          -0.097814,
          -0.611766,
          -0.784968,
          1.351677
        ],
        [
          0.0,
          0.0,
          0.0,
          1.0
        ]
      ]
    },
    {
      "file_path": "/media/NFS/ttao/scannet/posed_images/scene0554_01/00049.jpg",
      "transform_matrix": [
        [
          -0.725753,
          0.572811,
          -0.381011,
          3.290433
        ],
        [
          0.681891,
          0.525582,
          -0.508712,
          1.59434
        ],
        [
          -0.091144,
          -0.629008,
          -0.772038,
          1.329657
        ],
        [
          0.0,
          0.0,
          0.0,
          1.0
        ]
      ]
    },
    {
      "file_path": "/media/NFS/ttao/scannet/posed_images/scene0554_01/00052.jpg",
      "transform_matrix": [
        [
          -0.731682,
          0.565168,
          -0.381087,
          3.304681
        ],
        [
          0.676892,
          0.536507,
          -0.503962,
          1.565352
        ],
        [
          -0.080367,
          -0.626694,
          -0.77511,
          1.315199
        ],
        [
          0.0,
          0.0,
          0.0,
          1.0
        ]
      ]
    },
    {
      "file_path": "/media/NFS/ttao/scannet/posed_images/scene0554_01/00072.jpg",
      "transform_matrix": [
        [
          -0.748625,
          0.56408,
          -0.34839,
          3.376126
        ],
        [
          0.655474,
          0.550789,
          -0.516707,
          1.355054
        ],
        [
          -0.099575,
          -0.61518,
          -0.782073,
          1.268845
        ],
        [
          0.0,
          0.0,
          0.0,
          1.0
        ]
      ]
    },
    {
      "file_path": "/media/NFS/ttao/scannet/posed_images/scene0554_01/00075.jpg",
      "transform_matrix": [
        [
          -0.740299,
          0.57186,
          -0.353461,
          3.380717
        ],
        [
          0.666247,
          0.553803,
          -0.499417,
          1.323944
        ],
        [
          -0.089849,
          -0.60521,
          -0.790979,
          1.264875
        ],
        [
          0.0,
          0.0,
          0.0,
          1.0
        ]
      ]
    },
    {
      "file_path": "/media/NFS/ttao/scannet/posed_images/scene0554_01/00085.jpg",
      "transform_matrix": [
        [
          -0.717505,
          0.589608,
          -0.370876,
          3.38929
        ],
        [
          0.690466,
          0.531795,
          -0.490358,
          1.288063
        ],
        [
          -0.091889,
          -0.607912,
          -0.78867,
          1.259046
        ],
        [
          0.0,
          0.0,
          0.0,
          1.0
        ]
      ]
    },
    {
      "file_path": "/media/NFS/ttao/scannet/posed_images/scene0554_01/00104.jpg",
      "transform_matrix": [
        [
          -0.801011,
          0.481923,
          -0.355152,
          3.370266
        ],
        [
          0.582162,
          0.488788,
          -0.649749,
          1.347266
        ],
        [
          -0.139535,
          -0.727212,
          -0.672081,
          1.342573
        ],
        [
          0.0,
          0.0,
          0.0,
          1.0
        ]
      ]
    },
    {
      "file_path": "/media/NFS/ttao/scannet/posed_images/scene0554_01/00111.jpg",
      "transform_matrix": [
        [
          -0.81337,
          0.49538,
          -0.305004,
          3.35262
        ],
        [
          0.560874,
          0.528586,
          -0.637195,
          1.367218
        ],
        [
          -0.154432,
          -0.689344,
          -0.707782,
          1.350361
        ],
        [
          0.0,
          0.0,
          0.0,
          1.0
        ]
      ]
    },
    {
      "file_path": "/media/NFS/ttao/scannet/posed_images/scene0554_01/00121.jpg",
      "transform_matrix": [
        [
          -0.836766,
          0.480564,
          -0.262452,
          3.266392
        ],
        [
          0.535167,
          0.616356,
          -0.57767,
          1.430153
        ],
        [
          -0.115843,
          -0.62383,
          -0.772927,
          1.331059
        ],
        [
          0.0,
          0.0,
          0.0,
          1.0
        ]
      ]
    },
    {
      "file_path": "/media/NFS/ttao/scannet/posed_images/scene0554_01/00137.jpg",
      "transform_matrix": [
        [
          -0.93944,
          0.330373,
          -0.091141,
          3.056705
        ],
        [
          0.314671,
          0.726151,
          -0.611299,
          1.585208
        ],
        [
          -0.135774,
          -0.602959,
          -0.786134,
          1.319651
        ],
        [
          0.0,
          0.0,
          0.0,
          1.0
        ]
      ]
    },
    {
      "file_path": "/media/NFS/ttao/scannet/posed_images/scene0554_01/00140.jpg",
      "transform_matrix": [
        [
          -0.955124,
          0.288437,
          -0.067387,
          3.022298
        ],
        [
          0.267484,
          0.742169,
          -0.614522,
          1.597869
        ],
        [
          -0.127238,
          -0.60497,
          -0.786016,
          1.311776
        ],
        [
          0.0,
          0.0,
          0.0,
          1.0
        ]
      ]
    },
    {
      "file_path": "/media/NFS/ttao/scannet/posed_images/scene0554_01/00157.jpg",
      "transform_matrix": [
        [
          -0.998665,
          0.035156,
          -0.037838,
          2.769382
        ],
        [
          0.050939,
          0.791514,
          -0.609025,
          1.504235
        ],
        [
          0.008539,
          -0.610139,
          -0.792248,
          1.307929
        ],
        [
          0.0,
          0.0,
          0.0,
          1.0
        ]
      ]
    },
    {
      "file_path": "/media/NFS/ttao/scannet/posed_images/scene0554_01/00163.jpg",
      "transform_matrix": [
        [
          -0.992967,
          -0.083443,
          0.083983,
          2.68743
        ],
        [
          -0.117693,
          0.772528,
          -0.623979,
          1.489703
        ],
        [
          -0.012813,
          -0.629475,
          -0.776915,
          1.319353
        ],
        [
          0.0,
          0.0,
          0.0,
          1.0
        ]
      ]
    },
    {
      "file_path": "/media/NFS/ttao/scannet/posed_images/scene0554_01/00179.jpg",
      "transform_matrix": [
        [
          -0.867408,
          -0.403285,
          0.291485,
          2.521083
        ],
        [
          -0.496978,
          0.672916,
          -0.547902,
          1.466721
        ],
        [
          0.024815,
          -0.620117,
          -0.784117,
          1.33214
        ],
        [
          0.0,
          0.0,
          0.0,
          1.0
        ]
      ]
    },
    {
      "file_path": "/media/NFS/ttao/scannet/posed_images/scene0554_01/00183.jpg",
      "transform_matrix": [
        [
          -0.849125,
          -0.430662,
          0.305807,
          2.515435
        ],
        [
          -0.527281,
          0.657149,
          -0.538637,
          1.455767
        ],
        [
          0.03101,
          -0.618616,
          -0.785082,
          1.334085
        ],
        [
          0.0,
          0.0,
          0.0,
          1.0
        ]
      ]
    },
    {
      "file_path": "/media/NFS/ttao/scannet/posed_images/scene0554_01/00196.jpg",
      "transform_matrix": [
        [
          -0.91144,
          -0.350753,
          0.215055,
          2.655546
        ],
        [
          -0.409433,
          0.72179,
          -0.558017,
          1.362066
        ],
        [
          0.040502,
          -0.59665,
          -0.801479,
          1.363839
        ],
        [
          0.0,
          0.0,
          0.0,
          1.0
        ]
      ]
    },
    {
      "file_path": "/media/NFS/ttao/scannet/posed_images/scene0554_01/00209.jpg",
      "transform_matrix": [
        [
          -0.985967,
          -0.12588,
          0.109654,
          2.803848
        ],
        [
          -0.16454,
          0.843781,
          -0.510843,
          1.201571
        ],
        [
          -0.028219,
          -0.521717,
          -0.852652,
          1.416779
        ],
        [
          0.0,
          0.0,
          0.0,
          1.0
        ]
      ]
    },
    {
      "file_path": "/media/NFS/ttao/scannet/posed_images/scene0554_01/00218.jpg",
      "transform_matrix": [
        [
          -0.991171,
          -0.051238,
          0.122285,
          2.836401
        ],
        [
          -0.105597,
          0.862803,
          -0.494388,
          1.056986
        ],
        [
          -0.080176,
          -0.502936,
          -0.860597,
          1.446633
        ],
        [
          0.0,
          0.0,
          0.0,
          1.0
        ]
      ]
    },
    {
      "file_path": "/media/NFS/ttao/scannet/posed_images/scene0554_01/00228.jpg",
      "transform_matrix": [
        [
          -0.988979,
          -0.009519,
          0.147747,
          2.831205
        ],
        [
          -0.072567,
          0.901009,
          -0.427689,
          0.913174
        ],
        [
          -0.12905,
          -0.433697,
          -0.89177,
          1.472965
        ],
        [
          0.0,
          0.0,
          0.0,
          1.0
        ]
      ]
    },
    {
      "file_path": "/media/NFS/ttao/scannet/posed_images/scene0554_01/00241.jpg",
      "transform_matrix": [
        [
          -0.988173,
          0.054648,
          0.143273,
          2.806126
        ],
        [
          -0.003556,
          0.925923,
          -0.377697,
          0.810504
        ],
        [
          -0.153301,
          -0.373739,
          -0.914778,
          1.516719
        ],
        [
          0.0,
          0.0,
          0.0,
          1.0
        ]
      ]
    },
    {
      "file_path": "/media/NFS/ttao/scannet/posed_images/scene0554_01/00251.jpg",
      "transform_matrix": [
        [
          -0.988475,
          0.090083,
          0.121662,
          2.776541
        ],
        [
          0.040211,
          0.931047,
          -0.362677,
          0.766299
        ],
        [
          -0.145944,
          -0.353605,
          -0.923939,
          1.529307
        ],
        [
          0.0,
          0.0,
          0.0,
          1.0
        ]
      ]
    },
    {
      "file_path": "/media/NFS/ttao/scannet/posed_images/scene0554_01/00267.jpg",
      "transform_matrix": [
        [
          -0.996695,
          0.030988,
          0.07509,
          2.854613
        ],
        [
          -0.002522,
          0.912131,
          -0.409892,
          0.856214
        ],
        [
          -0.081194,
          -0.408727,
          -0.909038,
          1.502074
        ],
        [
          0.0,
          0.0,
          0.0,
          1.0
        ]
      ]
    },
    {
      "file_path": "/media/NFS/ttao/scannet/posed_images/scene0554_01/00274.jpg",
      "transform_matrix": [
        [
          -0.996639,
          0.0779,
          0.025353,
          2.911823
        ],
        [
          0.058811,
          0.895792,
          -0.440565,
          0.923943
        ],
        [
          -0.057031,
          -0.437593,
          -0.897363,
          1.48684
        ],
        [
          0.0,
          0.0,
          0.0,
          1.0
        ]
      ]
    },
    {
      "file_path": "/media/NFS/ttao/scannet/posed_images/scene0554_01/00280.jpg",
      "transform_matrix": [
        [
          -0.981805,
          0.189843,
          0.004345,
          2.974776
        ],
        [
          0.160663,
          0.842658,
          -0.513921,
          1.031247
        ],
        [
          -0.101225,
          -0.503872,
          -0.857827,
          1.469462
        ],
        [
          0.0,
          0.0,
          0.0,
          1.0
        ]
      ]
    },
    {
      "file_path": "/media/NFS/ttao/scannet/posed_images/scene0554_01/00300.jpg",
      "transform_matrix": [
        [
          -0.826456,
          0.479882,
          -0.294423,
          3.010639
        ],
        [
          0.544753,
          0.549541,
          -0.633442,
          1.311601
        ],
        [
          -0.14218,
          -0.6839,
          -0.715588,
          1.411167
        ],
        [
          0.0,
          0.0,
          0.0,
          1.0
        ]
      ]
    },
    {
      "file_path": "/media/NFS/ttao/scannet/posed_images/scene0554_01/00310.jpg",
      "transform_matrix": [
        [
          -0.722117,
          0.532252,
          -0.441877,
          3.004802
        ],
        [
          0.673451,
          0.394853,
          -0.624944,
          1.430711
        ],
        [
          -0.158151,
          -0.748865,
          -0.643575,
          1.409941
        ],
        [
          0.0,
          0.0,
          0.0,
          1.0
        ]
      ]
    },
    {
      "file_path": "/media/NFS/ttao/scannet/posed_images/scene0554_01/00320.jpg",
      "transform_matrix": [
        [
          -0.557228,
          0.63394,
          -0.5363,
          3.043334
        ],
        [
          0.820819,
          0.322903,
          -0.471159,
          1.493666
        ],
        [
          -0.125513,
          -0.702748,
          -0.70028,
          1.375527
        ],
        [
          0.0,
          0.0,
          0.0,
          1.0
        ]
      ]
    },
    {
      "file_path": "/media/NFS/ttao/scannet/posed_images/scene0554_01/00329.jpg",
      "transform_matrix": [
        [
          -0.496431,
          0.666055,
          -0.556711,
          3.109753
        ],
        [
          0.855068,
          0.264585,
          -0.44593,
          1.524854
        ],
        [
          -0.149717,
          -0.6974,
          -0.70087,
          1.376404
        ],
        [
          0.0,
          0.0,
          0.0,
          1.0
        ]
      ]
    },
    {
      "file_path": "/media/NFS/ttao/scannet/posed_images/scene0554_01/00336.jpg",
      "transform_matrix": [
        [
          -0.500955,
          0.707549,
          -0.498416,
          3.13331
        ],
        [
          0.843863,
          0.271431,
          -0.46284,
          1.549333
        ],
        [
          -0.192196,
          -0.652457,
          -0.733049,
          1.394008
        ],
        [
          0.0,
          0.0,
          0.0,
          1.0
        ]
      ]
    },
    {
      "file_path": "/media/NFS/ttao/scannet/posed_images/scene0554_01/00349.jpg",
      "transform_matrix": [
        [
          -0.515309,
          0.740665,
          -0.431129,
          3.128249
        ],
        [
          0.848228,
          0.368983,
          -0.379948,
          1.610889
        ],
        [
          -0.122335,
          -0.561486,
          -0.818393,
          1.381978
        ],
        [
          0.0,
          0.0,
          0.0,
          1.0
        ]
      ]
    },
    {
      "file_path": "/media/NFS/ttao/scannet/posed_images/scene0554_01/00362.jpg",
      "transform_matrix": [
        [
          -0.651466,
          0.525068,
          -0.547628,
          3.170041
        ],
        [
          0.743237,
          0.296806,
          -0.599587,
          1.652491
        ],
        [
          -0.152284,
          -0.797628,
          -0.583609,
          1.441802
        ],
        [
          0.0,
          0.0,
          0.0,
          1.0
        ]
      ]
    },
    {
      "file_path": "/media/NFS/ttao/scannet/posed_images/scene0554_01/00375.jpg",
      "transform_matrix": [
        [
          -0.632189,
          0.439111,
          -0.638372,
          3.168218
        ],
        [
          0.764043,
          0.216394,
          -0.607793,
          1.660656
        ],
        [
          -0.128749,
          -0.871983,
          -0.472302,
          1.462813
        ],
        [
          0.0,
          0.0,
          0.0,
          1.0
        ]
      ]
    },
    {
      "file_path": "/media/NFS/ttao/scannet/posed_images/scene0554_01/00382.jpg",
      "transform_matrix": [
        [
          -0.6317,
          0.401471,
          -0.663157,
          3.164788
        ],
        [
          0.764269,
          0.17929,
          -0.619475,
          1.668558
        ],
        [
          -0.129804,
          -0.898152,
          -0.420089,
          1.468815
        ],
        [
          0.0,
          0.0,
          0.0,
          1.0
        ]
      ]
    },
    {
      "file_path": "/media/NFS/ttao/scannet/posed_images/scene0554_01/00398.jpg",
      "transform_matrix": [
        [
          -0.551968,
          0.454251,
          -0.699277,
          3.161982
        ],
        [
          0.827874,
          0.198178,
          -0.524738,
          1.610737
        ],
        [
          -0.099782,
          -0.868552,
          -0.48545,
          1.462733
        ],
        [
          0.0,
          0.0,
          0.0,
          1.0
        ]
      ]
    },
    {
      "file_path": "/media/NFS/ttao/scannet/posed_images/scene0554_01/00401.jpg",
      "transform_matrix": [
        [
          -0.542937,
          0.468046,
          -0.697247,
          3.16121
        ],
        [
          0.835624,
          0.218674,
          -0.503899,
          1.571782
        ],
        [
          -0.083378,
          -0.856221,
          -0.509837,
          1.462366
        ],
        [
          0.0,
          0.0,
          0.0,
          1.0
        ]
      ]
    },
    {
      "file_path": "/media/NFS/ttao/scannet/posed_images/scene0554_01/00414.jpg",
      "transform_matrix": [
        [
          -0.426656,
          0.495941,
          -0.756311,
          3.161256
        ],
        [
          0.897506,
          0.129011,
          -0.42171,
          1.310941
        ],
        [
          -0.111571,
          -0.858719,
          -0.500153,
          1.499698
        ],
        [
          0.0,
          0.0,
          0.0,
          1.0
        ]
      ]
    },
    {
      "file_path": "/media/NFS/ttao/scannet/posed_images/scene0554_01/00424.jpg",
      "transform_matrix": [
        [
          -0.346703,
          0.546119,
          -0.762595,
          3.127641
        ],
        [
          0.925205,
          0.06541,
          -0.373789,
          1.173805
        ],
        [
          -0.154252,
          -0.83515,
          -0.52795,
          1.550702
        ],
        [
          0.0,
          0.0,
          0.0,
          1.0
        ]
      ]
    },
    {
      "file_path": "/media/NFS/ttao/scannet/posed_images/scene0554_01/00437.jpg",
      "transform_matrix": [
        [
          -0.2717,
          0.54595,
          -0.792539,
          3.126157
        ],
        [
          0.951145,
          0.026853,
          -0.307576,
          1.040197
        ],
        [
          -0.146639,
          -0.837387,
          -0.526573,
          1.548496
        ],
        [
          0.0,
          0.0,
          0.0,
          1.0
        ]
      ]
    },
    {
      "file_path": "/media/NFS/ttao/scannet/posed_images/scene0554_01/00447.jpg",
      "transform_matrix": [
        [
          -0.274478,
          0.578915,
          -0.767802,
          3.131763
        ],
        [
          0.946778,
          0.023078,
          -0.321059,
          0.967535
        ],
        [
          -0.168147,
          -0.815062,
          -0.554438,
          1.551267
        ],
        [
          0.0,
          0.0,
          0.0,
          1.0
        ]
      ]
    },
    {
      "file_path": "/media/NFS/ttao/scannet/posed_images/scene0554_01/00453.jpg",
      "transform_matrix": [
        [
          -0.303543,
          0.571461,
          -0.762427,
          3.145344
        ],
        [
          0.941324,
          0.055943,
          -0.332836,
          0.972434
        ],
        [
          -0.14755,
          -0.818721,
          -0.554911,
          1.549521
        ],
        [
          0.0,
          0.0,
          0.0,
          1.0
        ]
      ]
    },
    {
      "file_path": "/media/NFS/ttao/scannet/posed_images/scene0554_01/00473.jpg",
      "transform_matrix": [
        [
          -0.37196,
          0.783827,
          -0.497253,
          3.142495
        ],
        [
          0.920213,
          0.241033,
          -0.308402,
          1.111475
        ],
        [
          -0.121879,
          -0.572292,
          -0.810942,
          1.458986
        ],
        [
          0.0,
          0.0,
          0.0,
          1.0
        ]
      ]
    },
    {
      "file_path": "/media/NFS/ttao/scannet/posed_images/scene0554_01/00476.jpg",
      "transform_matrix": [
        [
          -0.369412,
          0.797203,
          -0.477496,
          3.13325
        ],
        [
          0.917649,
          0.231956,
          -0.322672,
          1.139883
        ],
        [
          -0.146477,
          -0.557373,
          -0.817239,
          1.449521
        ],
        [
          0.0,
          0.0,
          0.0,
          1.0
        ]
      ]
    },
    {
      "file_path": "/media/NFS/ttao/scannet/posed_images/scene0554_01/00496.jpg",
      "transform_matrix": [
        [
          -0.480785,
          0.610086,
          -0.629794,
          3.034824
        ],
        [
          0.869279,
          0.237526,
          -0.433515,
          1.493228
        ],
        [
          -0.114889,
          -0.755895,
          -0.644534,
          1.433185
        ],
        [
          0.0,
          0.0,
          0.0,
          1.0
        ]
      ]
    },
    {
      "file_path": "/media/NFS/ttao/scannet/posed_images/scene0554_01/00505.jpg",
      "transform_matrix": [
        [
          -0.613652,
          0.545299,
          -0.571034,
          2.947274
        ],
        [
          0.78729,
          0.367582,
          -0.495033,
          1.636622
        ],
        [
          -0.060039,
          -0.753348,
          -0.654876,
          1.419852
        ],
        [
          0.0,
          0.0,
          0.0,
          1.0
        ]
      ]
    },
    {
      "file_path": "/media/NFS/ttao/scannet/posed_images/scene0554_01/00509.jpg",
      "transform_matrix": [
        [
          -0.642855,
          0.525851,
          -0.556972,
          2.887023
        ],
        [
          0.764427,
          0.394025,
          -0.51029,
          1.675488
        ],
        [
          -0.048876,
          -0.753807,
          -0.655276,
          1.412176
        ],
        [
          0.0,
          0.0,
          0.0,
          1.0
        ]
      ]
    },
    {
      "file_path": "/media/NFS/ttao/scannet/posed_images/scene0554_01/00525.jpg",
      "transform_matrix": [
        [
          -0.70341,
          0.591644,
          -0.393919,
          2.649218
        ],
        [
          0.709468,
          0.550712,
          -0.43974,
          1.740759
        ],
        [
          -0.043233,
          -0.58879,
          -0.807129,
          1.386317
        ],
        [
          0.0,
          0.0,
          0.0,
          1.0
        ]
      ]
    },
    {
      "file_path": "/media/NFS/ttao/scannet/posed_images/scene0554_01/00532.jpg",
      "transform_matrix": [
        [
          -0.798775,
          0.543988,
          -0.256972,
          2.589967
        ],
        [
          0.598542,
          0.675322,
          -0.430915,
          1.777266
        ],
        [
          -0.060874,
          -0.498013,
          -0.86503,
          1.366044
        ],
        [
          0.0,
          0.0,
          0.0,
          1.0
        ]
      ]
    },
    {
      "file_path": "/media/NFS/ttao/scannet/posed_images/scene0554_01/00548.jpg",
      "transform_matrix": [
        [
          -0.874774,
          0.421395,
          -0.239157,
          2.521793
        ],
        [
          0.472677,
          0.633666,
          -0.612408,
          1.826048
        ],
        [
          -0.10652,
          -0.648763,
          -0.753498,
          1.393842
        ],
        [
          0.0,
          0.0,
          0.0,
          1.0
        ]
      ]
    },
    {
      "file_path": "/media/NFS/ttao/scannet/posed_images/scene0554_01/00558.jpg",
      "transform_matrix": [
        [
          -0.915561,
          0.304452,
          -0.262787,
          2.475143
        ],
        [
          0.3969,
          0.578463,
          -0.712637,
          1.780238
        ],
        [
          -0.064951,
          -0.756763,
          -0.650455,
          1.431073
        ],
        [
          0.0,
          0.0,
          0.0,
          1.0
        ]
      ]
    },
    {
      "file_path": "/media/NFS/ttao/scannet/posed_images/scene0554_01/00571.jpg",
      "transform_matrix": [
        [
          -0.910745,
          0.221922,
          -0.348271,
          2.378516
        ],
        [
          0.412952,
          0.496769,
          -0.763342,
          1.68333
        ],
        [
          0.003608,
          -0.83903,
          -0.544073,
          1.462482
        ],
        [
          0.0,
          0.0,
          0.0,
          1.0
        ]
      ]
    },
    {
      "file_path": "/media/NFS/ttao/scannet/posed_images/scene0554_01/00574.jpg",
      "transform_matrix": [
        [
          -0.916433,
          0.225364,
          -0.330699,
          2.34965
        ],
        [
          0.400074,
          0.496223,
          -0.770521,
          1.664565
        ],
        [
          -0.009547,
          -0.838435,
          -0.544918,
          1.471366
        ],
        [
          0.0,
          0.0,
          0.0,
          1.0
        ]
      ]
    },
    {
      "file_path": "/media/NFS/ttao/scannet/posed_images/scene0554_01/00594.jpg",
      "transform_matrix": [
        [
          -0.922958,
          0.261644,
          -0.282296,
          2.080915
        ],
        [
          0.384659,
          0.601017,
          -0.700583,
          1.628369
        ],
        [
          -0.013638,
          -0.755196,
          -0.655357,
          1.432403
        ],
        [
          0.0,
          0.0,
          0.0,
          1.0
        ]
      ]
    },
    {
      "file_path": "/media/NFS/ttao/scannet/posed_images/scene0554_01/00600.jpg",
      "transform_matrix": [
        [
          -0.921525,
          0.292299,
          -0.255642,
          2.035257
        ],
        [
          0.387816,
          0.659268,
          -0.644177,
          1.592872
        ],
        [
          -0.019756,
          -0.692768,
          -0.72089,
          1.426411
        ],
        [
          0.0,
          0.0,
          0.0,
          1.0
        ]
      ]
    },
    {
      "file_path": "/media/NFS/ttao/scannet/posed_images/scene0554_01/00613.jpg",
      "transform_matrix": [
        [
          -0.926924,
          0.267324,
          -0.263343,
          1.982916
        ],
        [
          0.374806,
          0.625452,
          -0.684347,
          1.503863
        ],
        [
          -0.018234,
          -0.73304,
          -0.679941,
          1.429665
        ],
        [
          0.0,
          0.0,
          0.0,
          1.0
        ]
      ]
    },
    {
      "file_path": "/media/NFS/ttao/scannet/posed_images/scene0554_01/00616.jpg",
      "transform_matrix": [
        [
          -0.930214,
          0.25014,
          -0.268572,
          1.962921
        ],
        [
          0.366899,
          0.615239,
          -0.697758,
          1.479999
        ],
        [
          -0.009301,
          -0.747603,
          -0.66408,
          1.439577
        ],
        [
          0.0,
          0.0,
          0.0,
          1.0
        ]
      ]
    },
    {
      "file_path": "/media/NFS/ttao/scannet/posed_images/scene0554_01/00633.jpg",
      "transform_matrix": [
        [
          -0.965682,
          0.123036,
          -0.228735,
          1.761895
        ],
        [
          0.258713,
          0.53338,
          -0.80534,
          1.386026
        ],
        [
          0.022917,
          -0.83688,
          -0.546907,
          1.47805
        ],
        [
          0.0,
          0.0,
          0.0,
          1.0
        ]
      ]
    },
    {
      "file_path": "/media/NFS/ttao/scannet/posed_images/scene0554_01/00639.jpg",
      "transform_matrix": [
        [
          -0.975785,
          0.10705,
          -0.190747,
          1.668483
        ],
        [
          0.218438,
          0.522124,
          -0.824422,
          1.351867
        ],
        [
          0.011339,
          -0.846125,
          -0.532864,
          1.479223
        ],
        [
          0.0,
          0.0,
          0.0,
          1.0
        ]
      ]
    },
    {
      "file_path": "/media/NFS/ttao/scannet/posed_images/scene0554_01/00659.jpg",
      "transform_matrix": [
        [
          -0.980644,
          0.115395,
          -0.15818,
          1.420034
        ],
        [
          0.195761,
          0.562139,
          -0.80354,
          1.19441
        ],
        [
          -0.003805,
          -0.818953,
          -0.573848,
          1.448384
        ],
        [
          0.0,
          0.0,
          0.0,
          1.0
        ]
      ]
    },
    {
      "file_path": "/media/NFS/ttao/scannet/posed_images/scene0554_01/00662.jpg",
      "transform_matrix": [
        [
          -0.984004,
          0.11976,
          -0.131882,
          1.370608
        ],
        [
          0.176737,
          0.563426,
          -0.807041,
          1.189215
        ],
        [
          -0.022345,
          -0.81744,
          -0.57558,
          1.44833
        ],
        [
          0.0,
          0.0,
          0.0,
          1.0
        ]
      ]
    },
    {
      "file_path": "/media/NFS/ttao/scannet/posed_images/scene0554_01/00678.jpg",
      "transform_matrix": [
        [
          -0.996931,
          0.052756,
          -0.057839,
          1.058185
        ],
        [
          0.077784,
          0.584056,
          -0.807978,
          1.222594
        ],
        [
          -0.008845,
          -0.809997,
          -0.586367,
          1.446359
        ],
        [
          0.0,
          0.0,
          0.0,
          1.0
        ]
      ]
    },
    {
      "file_path": "/media/NFS/ttao/scannet/posed_images/scene0554_01/00682.jpg",
      "transform_matrix": [
        [
          -0.998232,
          0.046795,
          -0.036661,
          0.998127
        ],
        [
          0.056981,
          0.577513,
          -0.81439,
          1.218121
        ],
        [
          -0.016937,
          -0.815039,
          -0.579159,
          1.441786
        ],
        [
          0.0,
          0.0,
          0.0,
          1.0
        ]
      ]
    },
    {
      "file_path": "/media/NFS/ttao/scannet/posed_images/scene0554_01/00695.jpg",
      "transform_matrix": [
        [
          -0.999461,
          0.017971,
          -0.027455,
          0.844597
        ],
        [
          0.0324,
          0.672888,
          -0.739034,
          1.175337
        ],
        [
          0.005193,
          -0.739525,
          -0.673108,
          1.420273
        ],
        [
          0.0,
          0.0,
          0.0,
          1.0
        ]
      ]
    },
    {
      "file_path": "/media/NFS/ttao/scannet/posed_images/scene0554_01/00711.jpg",
      "transform_matrix": [
        [
          -0.992446,
          -0.080318,
          0.092734,
          0.650668
        ],
        [
          -0.121432,
          0.750698,
          -0.649389,
          1.290603
        ],
        [
          -0.017457,
          -0.655745,
          -0.754781,
          1.425648
        ],
        [
          0.0,
          0.0,
          0.0,
          1.0
        ]
      ]
    },
    {
      "file_path": "/media/NFS/ttao/scannet/posed_images/scene0554_01/00714.jpg",
      "transform_matrix": [
        [
          -0.99149,
          -0.082022,
          0.101096,
          0.628435
        ],
        [
          -0.127706,
          0.763578,
          -0.632961,
          1.312793
        ],
        [
          -0.025278,
          -0.640485,
          -0.767555,
          1.42498
        ],
        [
          0.0,
          0.0,
          0.0,
          1.0
        ]
      ]
    },
    {
      "file_path": "/media/NFS/ttao/scannet/posed_images/scene0554_01/00734.jpg",
      "transform_matrix": [
        [
          -0.939062,
          -0.169987,
          0.298777,
          0.666714
        ],
        [
          -0.337076,
          0.625785,
          -0.703401,
          1.44035
        ],
        [
          -0.067401,
          -0.761248,
          -0.644949,
          1.456803
        ],
        [
          0.0,
          0.0,
          0.0,
          1.0
        ]
      ]
    },
    {
      "file_path": "/media/NFS/ttao/scannet/posed_images/scene0554_01/00737.jpg",
      "transform_matrix": [
        [
          -0.921118,
          -0.191187,
          0.339102,
          0.667301
        ],
        [
          -0.383551,
          0.594668,
          -0.706582,
          1.455091
        ],
        [
          -0.066564,
          -0.780908,
          -0.621089,
          1.460011
        ],
        [
          0.0,
          0.0,
          0.0,
          1.0
        ]
      ]
    },
    {
      "file_path": "/media/NFS/ttao/scannet/posed_images/scene0554_01/00757.jpg",
      "transform_matrix": [
        [
          -0.688863,
          -0.391517,
          0.610067,
          0.673829
        ],
        [
          -0.724645,
          0.393861,
          -0.565476,
          1.507391
        ],
        [
          -0.018889,
          -0.831618,
          -0.555027,
          1.460259
        ],
        [
          0.0,
          0.0,
          0.0,
          1.0
        ]
      ]
    },
    {
      "file_path": "/media/NFS/ttao/scannet/posed_images/scene0554_01/00760.jpg",
      "transform_matrix": [
        [
          -0.664495,
          -0.407922,
          0.626136,
          0.6753
        ],
        [
          -0.747176,
          0.3775,
          -0.547012,
          1.511927
        ],
        [
          -0.013228,
          -0.83132,
          -0.555637,
          1.455592
        ],
        [
          0.0,
          0.0,
          0.0,
          1.0
        ]
      ]
    },
    {
      "file_path": "/media/NFS/ttao/scannet/posed_images/scene0554_01/00776.jpg",
      "transform_matrix": [
        [
          -0.578208,
          -0.456299,
          0.676363,
          0.701739
        ],
        [
          -0.815867,
          0.329498,
          -0.475176,
          1.536666
        ],
        [
          -0.006038,
          -0.826573,
          -0.562797,
          1.448183
        ],
        [
          0.0,
          0.0,
          0.0,
          1.0
        ]
      ]
    },
    {
      "file_path": "/media/NFS/ttao/scannet/posed_images/scene0554_01/00783.jpg",
      "transform_matrix": [
        [
          -0.563318,
          -0.452981,
          0.691,
          0.714763
        ],
        [
          -0.826167,
          0.297679,
          -0.478368,
          1.555246
        ],
        [
          0.010995,
          -0.840355,
          -0.541926,
          1.43332
        ],
        [
          0.0,
          0.0,
          0.0,
          1.0
        ]
      ]
    },
    {
      "file_path": "/media/NFS/ttao/scannet/posed_images/scene0554_01/00799.jpg",
      "transform_matrix": [
        [
          -0.565982,
          -0.499922,
          0.655548,
          0.753643
        ],
        [
          -0.824254,
          0.327285,
          -0.46205,
          1.588514
        ],
        [
          0.016438,
          -0.801849,
          -0.5973,
          1.240862
        ],
        [
          0.0,
          0.0,
          0.0,
          1.0
        ]
      ]
    },
    {
      "file_path": "/media/NFS/ttao/scannet/posed_images/scene0554_01/00805.jpg",
      "transform_matrix": [
        [
          -0.549668,
          -0.50033,
          0.668981,
          0.759043
        ],
        [
          -0.83538,
          0.326995,
          -0.441831,
          1.614117
        ],
        [
          0.002308,
          -0.801713,
          -0.597704,
          1.170357
        ],
        [
          0.0,
          0.0,
          0.0,
          1.0
        ]
      ]
    },
    {
      "file_path": "/media/NFS/ttao/scannet/posed_images/scene0554_01/00822.jpg",
      "transform_matrix": [
        [
          -0.568296,
          -0.579382,
          0.584256,
          0.793695
        ],
        [
          -0.817281,
          0.315186,
          -0.482399,
          1.633473
        ],
        [
          0.095344,
          -0.751647,
          -0.652638,
          0.977957
        ],
        [
          0.0,
          0.0,
          0.0,
          1.0
        ]
      ]
    },
    {
      "file_path": "/media/NFS/ttao/scannet/posed_images/scene0554_01/00832.jpg",
      "transform_matrix": [
        [
          -0.605316,
          -0.46921,
          0.642989,
          0.833605
        ],
        [
          -0.792206,
          0.276499,
          -0.54402,
          1.663481
        ],
        [
          0.077474,
          -0.838684,
          -0.53908,
          0.933989
        ],
        [
          0.0,
          0.0,
          0.0,
          1.0
        ]
      ]
    },
    {
      "file_path": "/media/NFS/ttao/scannet/posed_images/scene0554_01/00838.jpg",
      "transform_matrix": [
        [
          -0.59343,
          -0.468303,
          0.654624,
          0.840724
        ],
        [
          -0.801282,
          0.266855,
          -0.535477,
          1.669895
        ],
        [
          0.076076,
