{
  "frames": [
    {
      "file_path": "/media/NFS/ttao/scannet/posed_images/scene0365_01/00003.jpg",
      "transform_matrix": [
        [
          -0.971435,
          0.127802,
          -0.199953,
          2.596252
        ],
        [
          0.235445,
          0.413725,
          -0.87943,
          4.567119
        ],
        [
          -0.029667,
          -0.901387,
          -0.431997,
          1.306446
        ],
        [
          0.0,
          0.0,
          0.0,
          1.0
        ]
      ]
    },
    {
      "file_path": "/media/NFS/ttao/scannet/posed_images/scene0365_01/00005.jpg",
      "transform_matrix": [
        [
          -0.970145,
          0.127706,
          -0.206179,
          2.603875
        ],
        [
          0.240887,
          0.408725,
          -0.880294,
          4.565071
        ],
        [
          -0.028149,
          -0.903679,
          -0.427285,
          1.306107
        ],
        [
          0.0,
          0.0,
          0.0,
          1.0
        ]
      ]
    },
    {
      "file_path": "/media/NFS/ttao/scannet/posed_images/scene0365_01/00013.jpg",
      "transform_matrix": [
        [
          -0.964124,
          0.097728,
          -0.24681,
          2.607032
        ],
        [
          0.265428,
          0.367923,
          -0.891168,
          4.558043
        ],
        [
          0.003715,
          -0.924706,
          -0.380663,
          1.328477
        ],
        [
          0.0,
          0.0,
          0.0,
          1.0
        ]
      ]
    },
    {
      "file_path": "/media/NFS/ttao/scannet/posed_images/scene0365_01/00017.jpg",
      "transform_matrix": [
        [
          -0.963377,
          0.09474,
          -0.250856,
          2.598009
        ],
        [
          0.268039,
          0.367131,
          -0.890713,
          4.55729
        ],
        [
          0.007711,
          -0.925332,
          -0.37908,
          1.330307
        ],
        [
          0.0,
          0.0,
          0.0,
          1.0
        ]
      ]
    },
    {
      "file_path": "/media/NFS/ttao/scannet/posed_images/scene0365_01/00022.jpg",
      "transform_matrix": [
        [
          -0.967583,
          0.10235,
          -0.230885,
          2.582561
        ],
        [
          0.252541,
          0.401089,
          -0.88054,
          4.558329
        ],
        [
          0.002482,
          -0.910303,
          -0.413934,
          1.316523
        ],
        [
          0.0,
          0.0,
          0.0,
          1.0
        ]
      ]
    },
    {
      "file_path": "/media/NFS/ttao/scannet/posed_images/scene0365_01/00030.jpg",
      "transform_matrix": [
        [
          -0.955732,
          0.131808,
          -0.263064,
          2.53968
        ],
        [
          0.294238,
          0.429389,
          -0.853844,
          4.566705
        ],
        [
          0.000413,
          -0.893449,
          -0.449164,
          1.298767
        ],
        [
          0.0,
          0.0,
          0.0,
          1.0
        ]
      ]
    },
    {
      "file_path": "/media/NFS/ttao/scannet/posed_images/scene0365_01/00037.jpg",
      "transform_matrix": [
        [
          -0.923398,
          0.145497,
          -0.3552,
          2.494672
        ],
        [
          0.38352,
          0.387729,
          -0.8382,
          4.591955
        ],
        [
          0.015766,
          -0.910218,
          -0.413829,
          1.315036
        ],
        [
          0.0,
          0.0,
          0.0,
          1.0
        ]
      ]
    },
    {
      "file_path": "/media/NFS/ttao/scannet/posed_images/scene0365_01/00038.jpg",
      "transform_matrix": [
        [
          -0.917511,
          0.147105,
          -0.369504,
          2.488079
        ],
        [
          0.397255,
          0.383409,
          -0.833778,
          4.596651
        ],
        [
          0.019018,
          -0.911788,
          -0.41022,
          1.317754
        ],
        [
          0.0,
          0.0,
          0.0,
          1.0
        ]
      ]
    },
    {
      "file_path": "/media/NFS/ttao/scannet/posed_images/scene0365_01/00045.jpg",
      "transform_matrix": [
        [
          -0.881539,
          0.168675,
          -0.44095,
          2.421906
        ],
        [
          0.471977,
          0.337094,
          -0.81462,
          4.626963
        ],
        [
          0.011236,
          -0.926238,
          -0.376772,
          1.333203
        ],
        [
          0.0,
          0.0,
          0.0,
          1.0
        ]
      ]
    },
    {
      "file_path": "/media/NFS/ttao/scannet/posed_images/scene0365_01/00052.jpg",
      "transform_matrix": [
        [
          -0.858818,
          0.184911,
          -0.477745,
          2.380864
        ],
        [
          0.51218,
          0.291323,
          -0.807962,
          4.652238
        ],
        [
          -0.010223,
          -0.938583,
          -0.344901,
          1.338452
        ],
        [
          0.0,
          0.0,
          0.0,
          1.0
        ]
      ]
    },
    {
      "file_path": "/media/NFS/ttao/scannet/posed_images/scene0365_01/00055.jpg",
      "transform_matrix": [
        [
          -0.853386,
          0.189633,
          -0.485564,
          2.36936
        ],
        [
          0.521111,
          0.286609,
          -0.803927,
          4.65743
        ],
        [
          -0.013284,
          -0.939093,
          -0.343407,
          1.340267
        ],
        [
          0.0,
          0.0,
          0.0,
          1.0
        ]
      ]
    },
    {
      "file_path": "/media/NFS/ttao/scannet/posed_images/scene0365_01/00060.jpg",
      "transform_matrix": [
        [
          -0.832855,
          0.192194,
          -0.51905,
          2.356617
        ],
        [
          0.553316,
          0.265558,
          -0.789506,
          4.655508
        ],
        [
          -0.0139,
          -0.944744,
          -0.327516,
          1.350281
        ],
        [
          0.0,
          0.0,
          0.0,
          1.0
        ]
      ]
    },
    {
      "file_path": "/media/NFS/ttao/scannet/posed_images/scene0365_01/00065.jpg",
      "transform_matrix": [
        [
          -0.812908,
          0.189543,
          -0.550685,
          2.348043
        ],
        [
          0.582127,
          0.235884,
          -0.77813,
          4.658133
        ],
        [
          -0.017591,
          -0.953117,
          -0.30209,
          1.355305
        ],
        [
          0.0,
          0.0,
          0.0,
          1.0
        ]
      ]
    },
    {
      "file_path": "/media/NFS/ttao/scannet/posed_images/scene0365_01/00075.jpg",
      "transform_matrix": [
        [
          -0.76571,
          0.169495,
          -0.620451,
          2.34087
        ],
        [
          0.642429,
          0.154735,
          -0.750561,
          4.660113
        ],
        [
          -0.031211,
          -0.973308,
          -0.227371,
          1.393751
        ],
        [
          0.0,
          0.0,
          0.0,
          1.0
        ]
      ]
    },
    {
      "file_path": "/media/NFS/ttao/scannet/posed_images/scene0365_01/00080.jpg",
      "transform_matrix": [
        [
          -0.748368,
          0.164056,
          -0.642675,
          2.34038
        ],
        [
          0.662607,
          0.141131,
          -0.73555,
          4.658665
        ],
        [
          -0.029971,
          -0.976303,
          -0.214322,
          1.394988
        ],
        [
          0.0,
          0.0,
          0.0,
          1.0
        ]
      ]
    },
    {
      "file_path": "/media/NFS/ttao/scannet/posed_images/scene0365_01/00087.jpg",
      "transform_matrix": [
        [
          -0.745785,
          0.157032,
          -0.647414,
          2.341285
        ],
        [
          0.665214,
          0.123039,
          -0.736445,
          4.658448
        ],
        [
          -0.035988,
          -0.979899,
          -0.196221,
          1.400889
        ],
        [
          0.0,
          0.0,
          0.0,
          1.0
        ]
      ]
    },
    {
      "file_path": "/media/NFS/ttao/scannet/posed_images/scene0365_01/00089.jpg",
      "transform_matrix": [
        [
          -0.747316,
          0.152721,
          -0.64668,
          2.339538
        ],
        [
          0.663337,
          0.114688,
          -0.73948,
          4.66006
        ],
        [
          -0.038768,
          -0.981592,
          -0.187013,
          1.405656
        ],
        [
          0.0,
          0.0,
          0.0,
          1.0
        ]
      ]
    },
    {
      "file_path": "/media/NFS/ttao/scannet/posed_images/scene0365_01/00094.jpg",
      "transform_matrix": [
        [
          -0.750128,
          0.134972,
          -0.647371,
          2.341893
        ],
        [
          0.660196,
          0.096499,
          -0.744869,
          4.665979
        ],
        [
          -0.038066,
          -0.986139,
          -0.161495,
          1.413312
        ],
        [
          0.0,
          0.0,
          0.0,
          1.0
        ]
      ]
    },
    {
      "file_path": "/media/NFS/ttao/scannet/posed_images/scene0365_01/00100.jpg",
      "transform_matrix": [
        [
          -0.772745,
          0.134303,
          -0.620345,
          2.339567
        ],
        [
          0.633611,
          0.105555,
          -0.766418,
          4.672461
        ],
        [
          -0.037452,
          -0.985302,
          -0.166663,
          1.411313
        ],
        [
          0.0,
          0.0,
          0.0,
          1.0
        ]
      ]
    },
    {
      "file_path": "/media/NFS/ttao/scannet/posed_images/scene0365_01/00107.jpg",
      "transform_matrix": [
        [
          -0.799625,
          0.139127,
          -0.58416,
          2.334189
        ],
        [
          0.599563,
          0.130681,
          -0.789586,
          4.681396
        ],
        [
          -0.033514,
          -0.981614,
          -0.187911,
          1.399136
        ],
        [
          0.0,
          0.0,
          0.0,
          1.0
        ]
      ]
    },
    {
      "file_path": "/media/NFS/ttao/scannet/posed_images/scene0365_01/00114.jpg",
      "transform_matrix": [
        [
          -0.835471,
          0.153212,
          -0.527744,
          2.358736
        ],
        [
          0.549005,
          0.190549,
          -0.813809,
          4.708607
        ],
        [
          -0.024124,
          -0.969648,
          -0.243312,
          1.382119
        ],
        [
          0.0,
          0.0,
          0.0,
          1.0
        ]
      ]
    },
    {
      "file_path": "/media/NFS/ttao/scannet/posed_images/scene0365_01/00120.jpg",
      "transform_matrix": [
        [
          -0.8496,
          0.131378,
          -0.510803,
          2.421974
        ],
        [
          0.527424,
          0.208043,
          -0.823737,
          4.743501
        ],
        [
          -0.001952,
          -0.969256,
          -0.246045,
          1.382498
        ],
        [
          0.0,
          0.0,
          0.0,
          1.0
        ]
      ]
    },
    {
      "file_path": "/media/NFS/ttao/scannet/posed_images/scene0365_01/00122.jpg",
      "transform_matrix": [
        [
          -0.858149,
          0.124591,
          -0.498054,
          2.450147
        ],
        [
          0.5134,
          0.206672,
          -0.832891,
          4.757078
        ],
        [
          -0.000837,
          -0.970445,
          -0.24132,
          1.375818
        ],
        [
          0.0,
          0.0,
          0.0,
          1.0
        ]
      ]
    },
    {
      "file_path": "/media/NFS/ttao/scannet/posed_images/scene0365_01/00130.jpg",
      "transform_matrix": [
        [
          -0.868324,
          0.12719,
          -0.479413,
          2.533815
        ],
        [
          0.495979,
          0.231289,
          -0.836965,
          4.798976
        ],
        [
          0.004429,
          -0.964535,
          -0.263918,
          1.368968
        ],
        [
          0.0,
          0.0,
          0.0,
          1.0
        ]
      ]
    },
    {
      "file_path": "/media/NFS/ttao/scannet/posed_images/scene0365_01/00136.jpg",
      "transform_matrix": [
        [
          -0.85709,
          0.127071,
          -0.499249,
          2.570588
        ],
        [
          0.515047,
          0.232257,
          -0.825096,
          4.821227
        ],
        [
          0.011108,
          -0.964318,
          -0.264513,
          1.367141
        ],
        [
          0.0,
          0.0,
          0.0,
          1.0
        ]
      ]
    },
    {
      "file_path": "/media/NFS/ttao/scannet/posed_images/scene0365_01/00142.jpg",
      "transform_matrix": [
        [
          -0.851976,
          0.147393,
          -0.502407,
          2.590806
        ],
        [
          0.523546,
          0.228676,
          -0.820735,
          4.834139
        ],
        [
          -0.006082,
          -0.96228,
          -0.271993,
          1.355223
        ],
        [
          0.0,
          0.0,
          0.0,
          1.0
        ]
      ]
    },
    {
      "file_path": "/media/NFS/ttao/scannet/posed_images/scene0365_01/00146.jpg",
      "transform_matrix": [
        [
          -0.843651,
          0.16476,
          -0.510986,
          2.600499
        ],
        [
          0.536693,
          0.232914,
          -0.810994,
          4.82886
        ],
        [
          -0.014604,
          -0.958439,
          -0.284924,
          1.357895
        ],
        [
          0.0,
          0.0,
          0.0,
          1.0
        ]
      ]
    },
    {
      "file_path": "/media/NFS/ttao/scannet/posed_images/scene0365_01/00151.jpg",
      "transform_matrix": [
        [
          -0.81592,
          0.193371,
          -0.544869,
          2.596993
        ],
        [
          0.577581,
          0.230282,
          -0.78318,
          4.812742
        ],
        [
          -0.025971,
          -0.953718,
          -0.299579,
          1.35287
        ],
        [
          0.0,
          0.0,
          0.0,
          1.0
        ]
      ]
    },
    {
      "file_path": "/media/NFS/ttao/scannet/posed_images/scene0365_01/00159.jpg",
      "transform_matrix": [
        [
          -0.773039,
          0.219074,
          -0.59533,
          2.594212
        ],
        [
          0.633982,
          0.23445,
          -0.736953,
          4.757966
        ],
        [
          -0.021872,
          -0.947122,
          -0.320128,
          1.334863
        ],
        [
          0.0,
          0.0,
          0.0,
          1.0
        ]
      ]
    },
    {
      "file_path": "/media/NFS/ttao/scannet/posed_images/scene0365_01/00164.jpg",
      "transform_matrix": [
        [
          -0.738855,
          0.230483,
          -0.633223,
          2.583629
        ],
        [
          0.673797,
          0.239375,
          -0.699069,
          4.702581
        ],
        [
          -0.009546,
          -0.943174,
          -0.332162,
          1.328039
        ],
        [
          0.0,
          0.0,
          0.0,
          1.0
        ]
      ]
    },
    {
      "file_path": "/media/NFS/ttao/scannet/posed_images/scene0365_01/00171.jpg",
      "transform_matrix": [
        [
          -0.661697,
          0.275064,
          -0.697494,
          2.577511
        ],
        [
          0.749441,
          0.215028,
          -0.626179,
          4.616602
        ],
        [
          -0.022258,
          -0.937071,
          -0.348428,
          1.32368
        ],
        [
          0.0,
          0.0,
          0.0,
          1.0
        ]
      ]
    },
    {
      "file_path": "/media/NFS/ttao/scannet/posed_images/scene0365_01/00176.jpg",
      "transform_matrix": [
        [
          -0.646703,
          0.296058,
          -0.70294,
          2.578973
        ],
        [
          0.761704,
          0.20262,
          -0.615428,
          4.562826
        ],
        [
          -0.039772,
          -0.933432,
          -0.356544,
          1.324578
        ],
        [
          0.0,
          0.0,
          0.0,
          1.0
        ]
      ]
    },
    {
      "file_path": "/media/NFS/ttao/scannet/posed_images/scene0365_01/00177.jpg",
      "transform_matrix": [
        [
          -0.643145,
          0.296459,
          -0.706029,
          2.579965
        ],
        [
          0.764735,
          0.201331,
          -0.612084,
          4.550772
        ],
        [
          -0.039312,
          -0.933583,
          -0.356198,
          1.323961
        ],
        [
          0.0,
          0.0,
          0.0,
          1.0
        ]
      ]
    },
    {
      "file_path": "/media/NFS/ttao/scannet/posed_images/scene0365_01/00186.jpg",
      "transform_matrix": [
        [
          -0.549171,
          0.3146,
          -0.774234,
          2.607097
        ],
        [
          0.835428,
          0.182572,
          -0.51839,
          4.423652
        ],
        [
          -0.021732,
          -0.931501,
          -0.363089,
          1.319
        ],
        [
          0.0,
          0.0,
          0.0,
          1.0
        ]
      ]
    },
    {
      "file_path": "/media/NFS/ttao/scannet/posed_images/scene0365_01/00191.jpg",
      "transform_matrix": [
        [
          -0.502132,
          0.33292,
          -0.79814,
          2.605958
        ],
        [
          0.863196,
          0.136922,
          -0.485947,
          4.361662
        ],
        [
          -0.052499,
          -0.932961,
          -0.356128,
          1.341164
        ],
        [
          0.0,
          0.0,
          0.0,
          1.0
        ]
      ]
    },
    {
      "file_path": "/media/NFS/ttao/scannet/posed_images/scene0365_01/00196.jpg",
      "transform_matrix": [
        [
          -0.450567,
          0.304067,
          -0.839364,
          2.614278
        ],
        [
          0.891008,
          0.094589,
          -0.444024,
          4.30676
        ],
        [
          -0.055618,
          -0.947943,
          -0.313544,
          1.35965
        ],
        [
          0.0,
          0.0,
          0.0,
          1.0
        ]
      ]
    },
    {
      "file_path": "/media/NFS/ttao/scannet/posed_images/scene0365_01/00199.jpg",
      "transform_matrix": [
        [
          -0.421644,
          0.295917,
          -0.857117,
          2.617715
        ],
        [
          0.905183,
          0.08162,
          -0.417111,
          4.276672
        ],
        [
          -0.053473,
          -0.95172,
          -0.302274,
          1.360581
        ],
        [
          0.0,
          0.0,
          0.0,
          1.0
        ]
      ]
    },
    {
      "file_path": "/media/NFS/ttao/scannet/posed_images/scene0365_01/00206.jpg",
      "transform_matrix": [
        [
          -0.40333,
          0.251824,
          -0.879721,
          2.599499
        ],
        [
          0.913148,
          0.048731,
          -0.404705,
          4.223386
        ],
        [
          -0.059044,
          -0.966545,
          -0.249607,
          1.375067
        ],
        [
          0.0,
          0.0,
          0.0,
          1.0
        ]
      ]
    },
    {
      "file_path": "/media/NFS/ttao/scannet/posed_images/scene0365_01/00212.jpg",
      "transform_matrix": [
        [
          -0.398222,
          0.235935,
          -0.886428,
          2.572593
        ],
        [
          0.914236,
          0.023308,
          -0.404511,
          4.18286
        ],
        [
          -0.074777,
          -0.971489,
          -0.224982,
          1.369696
        ],
        [
          0.0,
          0.0,
          0.0,
          1.0
        ]
      ]
    },
    {
      "file_path": "/media/NFS/ttao/scannet/posed_images/scene0365_01/00216.jpg",
      "transform_matrix": [
        [
          -0.375323,
          0.244476,
          -0.894072,
          2.542334
        ],
        [
          0.922322,
          0.002813,
          -0.386413,
          4.158312
        ],
        [
          -0.091954,
          -0.969651,
          -0.226541,
          1.370041
        ],
        [
          0.0,
          0.0,
          0.0,
          1.0
        ]
      ]
    },
    {
      "file_path": "/media/NFS/ttao/scannet/posed_images/scene0365_01/00226.jpg",
      "transform_matrix": [
        [
          -0.276939,
          0.255936,
          -0.926176,
          2.456463
        ],
        [
          0.956399,
          -0.019629,
          -0.291401,
          4.091654
        ],
        [
          -0.09276,
          -0.966494,
          -0.239341,
          1.357405
        ],
        [
          0.0,
          0.0,
          0.0,
          1.0
        ]
      ]
    },
    {
      "file_path": "/media/NFS/ttao/scannet/posed_images/scene0365_01/00231.jpg",
      "transform_matrix": [
        [
          -0.231373,
          0.239176,
          -0.943006,
          2.434754
        ],
        [
          0.969771,
          -0.020541,
          -0.24315,
          4.055717
        ],
        [
          -0.077526,
          -0.970759,
          -0.227194,
          1.349908
        ],
        [
          0.0,
          0.0,
          0.0,
          1.0
        ]
      ]
    },
    {
      "file_path": "/media/NFS/ttao/scannet/posed_images/scene0365_01/00236.jpg",
      "transform_matrix": [
        [
          -0.187705,
          0.24309,
          -0.951669,
          2.408221
        ],
        [
          0.979535,
          -0.025339,
          -0.199674,
          4.017104
        ],
        [
          -0.072653,
          -0.969673,
          -0.233359,
          1.353999
        ],
        [
          0.0,
          0.0,
          0.0,
          1.0
        ]
      ]
    },
    {
      "file_path": "/media/NFS/ttao/scannet/posed_images/scene0365_01/00239.jpg",
      "transform_matrix": [
        [
          -0.151675,
          0.244877,
          -0.957617,
          2.396573
        ],
        [
          0.985674,
          -0.034825,
          -0.165025,
          3.991163
        ],
        [
          -0.07376,
          -0.968929,
          -0.236087,
          1.362301
        ],
        [
          0.0,
          0.0,
          0.0,
          1.0
        ]
      ]
    },
    {
      "file_path": "/media/NFS/ttao/scannet/posed_images/scene0365_01/00248.jpg",
      "transform_matrix": [
        [
          -0.002705,
          0.268134,
          -0.963378,
          2.356318
        ],
        [
          0.99484,
          -0.096989,
          -0.029788,
          3.900234
        ],
        [
          -0.101424,
          -0.958487,
          -0.266488,
          1.381797
        ],
        [
          0.0,
          0.0,
          0.0,
          1.0
        ]
      ]
    },
    {
      "file_path": "/media/NFS/ttao/scannet/posed_images/scene0365_01/00251.jpg",
      "transform_matrix": [
        [
          0.035228,
          0.264727,
          -0.96368,
          2.33761
        ],
        [
          0.994798,
          -0.101512,
          0.00848,
          3.883038
        ],
        [
          -0.09558,
          -0.958966,
          -0.266926,
          1.378511
        ],
        [
          0.0,
          0.0,
          0.0,
          1.0
        ]
      ]
    },
    {
      "file_path": "/media/NFS/ttao/scannet/posed_images/scene0365_01/00259.jpg",
      "transform_matrix": [
        [
          0.103516,
          0.291292,
          -0.951017,
          2.277953
        ],
        [
          0.991497,
          -0.106026,
          0.075447,
          3.858089
        ],
        [
          -0.078856,
          -0.95074,
          -0.299791,
          1.372301
        ],
        [
          0.0,
          0.0,
          0.0,
          1.0
        ]
      ]
    },
    {
      "file_path": "/media/NFS/ttao/scannet/posed_images/scene0365_01/00264.jpg",
      "transform_matrix": [
        [
          0.129479,
          0.29148,
          -0.947774,
          2.235704
        ],
        [
          0.988938,
          -0.107719,
          0.101975,
          3.85666
        ],
        [
          -0.072369,
          -0.950492,
          -0.302203,
          1.360497
        ],
        [
          0.0,
          0.0,
          0.0,
          1.0
        ]
      ]
    },
    {
      "file_path": "/media/NFS/ttao/scannet/posed_images/scene0365_01/00266.jpg",
      "transform_matrix": [
        [
          0.140966,
          0.295401,
          -0.944917,
          2.214896
        ],
        [
          0.987226,
          -0.113535,
          0.111784,
          3.857237
        ],
        [
          -0.07426,
          -0.948603,
          -0.307632,
          1.362697
        ],
        [
          0.0,
          0.0,
          0.0,
          1.0
        ]
      ]
    },
    {
      "file_path": "/media/NFS/ttao/scannet/posed_images/scene0365_01/00276.jpg",
      "transform_matrix": [
        [
          0.213967,
          0.326461,
          -0.920674,
          2.114586
        ],
        [
          0.975533,
          -0.120162,
          0.184108,
          3.869181
        ],
        [
          -0.050526,
          -0.937541,
          -0.344185,
          1.367722
        ],
        [
          0.0,
          0.0,
          0.0,
          1.0
        ]
      ]
    },
    {
      "file_path": "/media/NFS/ttao/scannet/posed_images/scene0365_01/00279.jpg",
      "transform_matrix": [
        [
          0.220901,
          0.333687,
          -0.916436,
          2.091546
        ],
        [
          0.974095,
          -0.1221,
          0.190341,
          3.869364
        ],
        [
          -0.048382,
          -0.934743,
          -0.352015,
          1.365927
        ],
        [
          0.0,
          0.0,
          0.0,
          1.0
        ]
      ]
    },
    {
      "file_path": "/media/NFS/ttao/scannet/posed_images/scene0365_01/00286.jpg",
      "transform_matrix": [
        [
          0.219262,
          0.350396,
          -0.910575,
          2.036068
        ],
        [
          0.974462,
          -0.125,
          0.186545,
          3.856099
        ],
        [
          -0.048457,
          -0.928223,
          -0.368855,
          1.340454
        ],
        [
          0.0,
          0.0,
          0.0,
          1.0
        ]
      ]
    },
    {
      "file_path": "/media/NFS/ttao/scannet/posed_images/scene0365_01/00293.jpg",
      "transform_matrix": [
        [
          0.245667,
          0.332974,
          -0.910372,
          1.95032
        ],
        [
          0.968606,
          -0.12121,
          0.217049,
          3.834217
        ],
        [
          -0.038075,
          -0.935113,
          -0.352298,
          1.344089
        ],
        [
          0.0,
          0.0,
          0.0,
          1.0
        ]
      ]
    },
    {
      "file_path": "/media/NFS/ttao/scannet/posed_images/scene0365_01/00298.jpg",
      "transform_matrix": [
        [
          0.273299,
          0.338537,
          -0.900389,
          1.873263
        ],
        [
          0.961278,
          -0.130549,
          0.242695,
          3.804937
        ],
        [
          -0.035384,
          -0.931853,
          -0.361107,
          1.346391
        ],
        [
          0.0,
          0.0,
          0.0,
          1.0
        ]
      ]
    },
    {
      "file_path": "/media/NFS/ttao/scannet/posed_images/scene0365_01/00299.jpg",
      "transform_matrix": [
        [
          0.27813,
          0.342134,
          -0.897545,
          1.858494
        ],
        [
          0.959843,
          -0.134682,
          0.246096,
          3.800164
        ],
        [
          -0.036686,
          -0.929949,
          -0.365854,
          1.349109
        ],
        [
          0.0,
          0.0,
          0.0,
          1.0
        ]
      ]
    },
    {
      "file_path": "/media/NFS/ttao/scannet/posed_images/scene0365_01/00310.jpg",
      "transform_matrix": [
        [
          0.383501,
          0.401955,
          -0.831481,
          1.729889
        ],
        [
          0.921918,
          -0.219973,
          0.318873,
          3.751873
        ],
        [
          -0.054731,
          -0.888844,
          -0.454929,
          1.330112
        ],
        [
          0.0,
          0.0,
          0.0,
          1.0
        ]
      ]
    },
    {
      "file_path": "/media/NFS/ttao/scannet/posed_images/scene0365_01/00313.jpg",
      "transform_matrix": [
        [
          0.391157,
          0.413559,
          -0.822171,
          1.713407
        ],
        [
          0.918896,
          -0.225251,
          0.323872,
          3.738527
        ],
        [
          -0.051255,
          -0.882174,
          -0.468126,
          1.324792
        ],
        [
          0.0,
          0.0,
          0.0,
          1.0
        ]
      ]
    },
    {
      "file_path": "/media/NFS/ttao/scannet/posed_images/scene0365_01/00320.jpg",
      "transform_matrix": [
        [
          0.375642,
          0.441869,
          -0.814644,
          1.689019
        ],
        [
          0.926413,
          -0.203261,
          0.31693,
          3.715161
        ],
        [
          -0.025544,
          -0.873748,
          -0.485707,
          1.318167
        ],
        [
          0.0,
          0.0,
          0.0,
          1.0
        ]
      ]
    },
    {
      "file_path": "/media/NFS/ttao/scannet/posed_images/scene0365_01/00323.jpg",
      "transform_matrix": [
        [
          0.38524,
          0.440228,
          -0.811042,
          1.683135
        ],
        [
          0.922569,
          -0.204083,
          0.327439,
          3.708758
        ],
        [
          -0.021372,
          -0.874385,
          -0.484762,
          1.318951
        ],
        [
          0.0,
          0.0,
          0.0,
          1.0
        ]
      ]
    },
    {
      "file_path": "/media/NFS/ttao/scannet/posed_images/scene0365_01/00328.jpg",
      "transform_matrix": [
        [
          0.455502,
          0.430611,
          -0.779161,
          1.664959
        ],
        [
          0.890233,
          -0.221785,
          0.397864,
          3.689769
        ],
        [
          -0.001482,
          -0.874863,
          -0.484368,
          1.322962
        ],
        [
          0.0,
          0.0,
          0.0,
          1.0
        ]
      ]
    },
    {
      "file_path": "/media/NFS/ttao/scannet/posed_images/scene0365_01/00338.jpg",
      "transform_matrix": [
        [
          0.617679,
          0.352741,
          -0.702884,
          1.633676
        ],
        [
          0.785323,
          -0.324076,
          0.527487,
          3.653763
        ],
        [
          -0.041722,
          -0.877809,
          -0.477191,
          1.328033
        ],
        [
          0.0,
          0.0,
          0.0,
          1.0
        ]
      ]
    },
    {
      "file_path": "/media/NFS/ttao/scannet/posed_images/scene0365_01/00340.jpg",
      "transform_matrix": [
        [
          0.633105,
          0.339026,
          -0.695874,
          1.636206
        ],
        [
          0.772673,
          -0.330699,
          0.541862,
          3.650033
        ],
        [
          -0.04642,
          -0.880738,
          -0.471323,
          1.319112
        ],
        [
          0.0,
          0.0,
          0.0,
          1.0
        ]
      ]
    },
    {
      "file_path": "/media/NFS/ttao/scannet/posed_images/scene0365_01/00345.jpg",
      "transform_matrix": [
        [
          0.676624,
          0.319053,
          -0.663615,
          1.62498
        ],
        [
          0.735115,
          -0.344413,
          0.583939,
          3.635344
        ],
        [
          -0.04225,
          -0.882941,
          -0.467579,
          1.328179
        ],
        [
          0.0,
          0.0,
          0.0,
          1.0
        ]
      ]
    },
    {
      "file_path": "/media/NFS/ttao/scannet/posed_images/scene0365_01/00355.jpg",
      "transform_matrix": [
        [
          0.730281,
          0.278382,
          -0.623853,
          1.622673
        ],
        [
          0.682735,
          -0.329083,
          0.652363,
          3.636519
        ],
        [
          -0.023693,
          -0.902335,
          -0.430384,
          1.354598
        ],
        [
          0.0,
          0.0,
          0.0,
          1.0
        ]
      ]
    },
    {
      "file_path": "/media/NFS/ttao/scannet/posed_images/scene0365_01/00356.jpg",
      "transform_matrix": [
        [
          0.734089,
          0.277225,
          -0.619887,
          1.62346
        ],
        [
          0.678784,
          -0.325275,
          0.658368,
          3.640242
        ],
        [
          -0.019118,
          -0.90407,
          -0.426957,
          1.355228
        ],
        [
          0.0,
          0.0,
          0.0,
          1.0
        ]
      ]
    },
    {
      "file_path": "/media/NFS/ttao/scannet/posed_images/scene0365_01/00365.jpg",
      "transform_matrix": [
        [
          0.769495,
          0.266978,
          -0.580173,
          1.636854
        ],
        [
          0.638617,
          -0.331243,
          0.694584,
          3.664703
        ],
        [
          -0.006739,
          -0.904987,
          -0.425386,
          1.365305
        ],
        [
          0.0,
          0.0,
          0.0,
          1.0
        ]
      ]
    },
    {
      "file_path": "/media/NFS/ttao/scannet/posed_images/scene0365_01/00366.jpg",
      "transform_matrix": [
        [
          0.772355,
          0.264232,
          -0.577624,
          1.637271
        ],
        [
          0.635149,
          -0.331739,
          0.697521,
          3.664783
        ],
        [
          -0.007313,
          -0.905611,
          -0.424046,
          1.365788
        ],
        [
          0.0,
          0.0,
          0.0,
          1.0
        ]
      ]
    },
    {
      "file_path": "/media/NFS/ttao/scannet/posed_images/scene0365_01/00373.jpg",
      "transform_matrix": [
        [
          0.798042,
          0.241885,
          -0.551924,
          1.647052
        ],
        [
          0.602591,
          -0.325698,
          0.728564,
          3.667006
        ],
        [
          -0.003531,
          -0.914009,
          -0.405679,
          1.373131
        ],
        [
          0.0,
          0.0,
          0.0,
          1.0
        ]
      ]
    },
    {
      "file_path": "/media/NFS/ttao/scannet/posed_images/scene0365_01/00381.jpg",
      "transform_matrix": [
        [
          0.84123,
          0.200289,
          -0.502212,
          1.661896
        ],
        [
          0.540383,
          -0.342127,
          0.768723,
          3.684199
        ],
        [
          -0.017853,
          -0.91806,
          -0.39604,
          1.376373
        ],
        [
          0.0,
          0.0,
          0.0,
          1.0
        ]
      ]
    },
    {
      "file_path": "/media/NFS/ttao/scannet/posed_images/scene0365_01/00385.jpg",
      "transform_matrix": [
        [
          0.862237,
          0.182744,
          -0.472389,
          1.667136
        ],
        [
          0.505801,
          -0.359789,
          0.784039,
          3.696795
        ],
        [
          -0.026682,
          -0.914963,
          -0.402655,
          1.379782
        ],
        [
          0.0,
          0.0,
          0.0,
          1.0
        ]
      ]
    },
    {
      "file_path": "/media/NFS/ttao/scannet/posed_images/scene0365_01/00393.jpg",
      "transform_matrix": [
        [
          0.898769,
          0.150791,
          -0.411676,
          1.688624
        ],
        [
          0.43676,
          -0.389656,
          0.810808,
          3.719993
        ],
        [
          -0.038149,
          -0.908532,
          -0.41607,
          1.38366
        ],
        [
          0.0,
          0.0,
          0.0,
          1.0
        ]
      ]
    },
    {
      "file_path": "/media/NFS/ttao/scannet/posed_images/scene0365_01/00395.jpg",
      "transform_matrix": [
        [
          0.907776,
          0.143944,
          -0.393983,
          1.690425
        ],
        [
          0.41768,
          -0.396532,
          0.8175,
          3.723757
        ],
        [
          -0.038552,
          -0.906666,
          -0.420085,
          1.384184
        ],
        [
          0.0,
          0.0,
          0.0,
          1.0
        ]
      ]
    },
    {
      "file_path": "/media/NFS/ttao/scannet/posed_images/scene0365_01/00400.jpg",
      "transform_matrix": [
        [
          0.933601,
          0.104386,
          -0.342771,
          1.720018
        ],
        [
          0.354545,
          -0.407496,
          0.841573,
          3.734223
        ],
        [
          -0.05183,
          -0.907221,
          -0.417448,
          1.364049
        ],
        [
          0.0,
          0.0,
          0.0,
          1.0
        ]
      ]
    },
    {
      "file_path": "/media/NFS/ttao/scannet/posed_images/scene0365_01/00410.jpg",
      "transform_matrix": [
        [
          0.97492,
          0.035579,
          -0.219695,
          1.745691
        ],
        [
          0.211356,
          -0.457228,
          0.86387,
          3.770082
        ],
        [
          -0.069715,
          -0.888638,
          -0.45328,
          1.353804
        ],
        [
          0.0,
          0.0,
          0.0,
          1.0
        ]
      ]
    },
    {
      "file_path": "/media/NFS/ttao/scannet/posed_images/scene0365_01/00415.jpg",
      "transform_matrix": [
        [
          0.983673,
          0.017487,
          -0.179115,
          1.749118
        ],
        [
          0.165284,
          -0.481536,
          0.8607,
          3.782999
        ],
        [
          -0.0712,
          -0.876252,
          -0.476564,
          1.35284
        ],
        [
          0.0,
          0.0,
          0.0,
          1.0
        ]
      ]
    },
    {
      "file_path": "/media/NFS/ttao/scannet/posed_images/scene0365_01/00422.jpg",
      "transform_matrix": [
        [
          0.987711,
          0.009203,
          -0.156022,
          1.759332
        ],
        [
          0.140595,
          -0.488365,
          0.861239,
          3.799814
        ],
        [
          -0.068269,
          -0.872591,
          -0.483657,
          1.348962
        ],
        [
          0.0,
          0.0,
          0.0,
          1.0
        ]
      ]
    },
    {
      "file_path": "/media/NFS/ttao/scannet/posed_images/scene0365_01/00423.jpg",
      "transform_matrix": [
        [
          0.987217,
          0.007753,
          -0.159195,
          1.762815
        ],
        [
          0.142715,
          -0.487711,
          0.861261,
          3.802666
        ],
        [
          -0.070964,
          -0.872971,
          -0.482583,
          1.34771
        ],
        [
          0.0,
          0.0,
          0.0,
          1.0
        ]
      ]
    },
    {
      "file_path": "/media/NFS/ttao/scannet/posed_images/scene0365_01/00430.jpg",
      "transform_matrix": [
        [
          0.980736,
          0.015576,
          -0.194719,
          1.796901
        ],
        [
          0.179093,
          -0.469716,
          0.864461,
          3.836798
        ],
        [
          -0.077998,
          -0.88268,
          -0.463457,
