{
  "frames": [
    {
      "file_path": "/media/NFS/ttao/scannet/posed_images/scene0474_01/00000.jpg",
      "transform_matrix": [
        [
          0.842149,
          -0.303147,
          0.445968,
          4.444875
        ],
        [
          -0.538535,
          -0.43038,
          0.724398,
          3.181532
        ],
        [
          -0.027663,
          -0.850221,
          -0.525699,
          1.394589
        ],
        [
          0.0,
          0.0,
          0.0,
          1.0
        ]
      ]
    },
    {
      "file_path": "/media/NFS/ttao/scannet/posed_images/scene0474_01/00008.jpg",
      "transform_matrix": [
        [
          0.798839,
          -0.299119,
          0.521904,
          4.321903
        ],
        [
          -0.601541,
          -0.393986,
          0.694927,
          3.123567
        ],
        [
          -0.002243,
          -0.869081,
          -0.494664,
          1.415742
        ],
        [
          0.0,
          0.0,
          0.0,
          1.0
        ]
      ]
    },
    {
      "file_path": "/media/NFS/ttao/scannet/posed_images/scene0474_01/00015.jpg",
      "transform_matrix": [
        [
          0.780739,
          -0.281541,
          0.557836,
          4.289708
        ],
        [
          -0.624671,
          -0.37343,
          0.68581,
          3.097368
        ],
        [
          0.015229,
          -0.883903,
          -0.467422,
          1.449621
        ],
        [
          0.0,
          0.0,
          0.0,
          1.0
        ]
      ]
    },
    {
      "file_path": "/media/NFS/ttao/scannet/posed_images/scene0474_01/00025.jpg",
      "transform_matrix": [
        [
          0.751381,
          -0.210936,
          0.625247,
          4.255528
        ],
        [
          -0.659549,
          -0.26959,
          0.701653,
          3.041853
        ],
        [
          0.020556,
          -0.939589,
          -0.341687,
          1.534003
        ],
        [
          0.0,
          0.0,
          0.0,
          1.0
        ]
      ]
    },
    {
      "file_path": "/media/NFS/ttao/scannet/posed_images/scene0474_01/00032.jpg",
      "transform_matrix": [
        [
          0.740476,
          -0.154919,
          0.653984,
          4.219981
        ],
        [
          -0.671899,
          -0.193372,
          0.714954,
          2.983121
        ],
        [
          0.015702,
          -0.968817,
          -0.247278,
          1.589173
        ],
        [
          0.0,
          0.0,
          0.0,
          1.0
        ]
      ]
    },
    {
      "file_path": "/media/NFS/ttao/scannet/posed_images/scene0474_01/00034.jpg",
      "transform_matrix": [
        [
          0.73911,
          -0.138115,
          0.659273,
          4.211027
        ],
        [
          -0.673423,
          -0.172977,
          0.718735,
          2.968138
        ],
        [
          0.014771,
          -0.975194,
          -0.220859,
          1.597388
        ],
        [
          0.0,
          0.0,
          0.0,
          1.0
        ]
      ]
    },
    {
      "file_path": "/media/NFS/ttao/scannet/posed_images/scene0474_01/00042.jpg",
      "transform_matrix": [
        [
          0.717543,
          -0.083613,
          0.691478,
          4.183362
        ],
        [
          -0.695506,
          -0.139422,
          0.704864,
          2.917657
        ],
        [
          0.037472,
          -0.986697,
          -0.158195,
          1.627073
        ],
        [
          0.0,
          0.0,
          0.0,
          1.0
        ]
      ]
    },
    {
      "file_path": "/media/NFS/ttao/scannet/posed_images/scene0474_01/00053.jpg",
      "transform_matrix": [
        [
          0.820253,
          -0.081233,
          0.566204,
          4.066057
        ],
        [
          -0.571616,
          -0.152765,
          0.806175,
          2.954265
        ],
        [
          0.021008,
          -0.984918,
          -0.17174,
          1.591714
        ],
        [
          0.0,
          0.0,
          0.0,
          1.0
        ]
      ]
    },
    {
      "file_path": "/media/NFS/ttao/scannet/posed_images/scene0474_01/00059.jpg",
      "transform_matrix": [
        [
          0.859811,
          -0.088468,
          0.50289,
          4.021782
        ],
        [
          -0.509698,
          -0.207611,
          0.834928,
          2.983367
        ],
        [
          0.030541,
          -0.974203,
          -0.223598,
          1.517499
        ],
        [
          0.0,
          0.0,
          0.0,
          1.0
        ]
      ]
    },
    {
      "file_path": "/media/NFS/ttao/scannet/posed_images/scene0474_01/00063.jpg",
      "transform_matrix": [
        [
          0.873525,
          -0.129714,
          0.469178,
          4.010617
        ],
        [
          -0.486341,
          -0.273446,
          0.829879,
          3.022292
        ],
        [
          0.020648,
          -0.953101,
          -0.301947,
          1.496657
        ],
        [
          0.0,
          0.0,
          0.0,
          1.0
        ]
      ]
    },
    {
      "file_path": "/media/NFS/ttao/scannet/posed_images/scene0474_01/00070.jpg",
      "transform_matrix": [
        [
          0.876079,
          -0.20442,
          0.436689,
          3.998601
        ],
        [
          -0.482165,
          -0.374178,
          0.792154,
          3.070175
        ],
        [
          0.001467,
          -0.904546,
          -0.426373,
          1.432579
        ],
        [
          0.0,
          0.0,
          0.0,
          1.0
        ]
      ]
    },
    {
      "file_path": "/media/NFS/ttao/scannet/posed_images/scene0474_01/00080.jpg",
      "transform_matrix": [
        [
          0.87814,
          -0.289715,
          0.380703,
          4.028307
        ],
        [
          -0.477709,
          -0.48815,
          0.730414,
          3.081906
        ],
        [
          -0.025772,
          -0.823271,
          -0.567064,
          1.353146
        ],
        [
          0.0,
          0.0,
          0.0,
          1.0
        ]
      ]
    },
    {
      "file_path": "/media/NFS/ttao/scannet/posed_images/scene0474_01/00089.jpg",
      "transform_matrix": [
        [
          0.92318,
          -0.23989,
          0.300319,
          4.065923
        ],
        [
          -0.38376,
          -0.531322,
          0.755265,
          3.053457
        ],
        [
          -0.021614,
          -0.812496,
          -0.582565,
          1.341113
        ],
        [
          0.0,
          0.0,
          0.0,
          1.0
        ]
      ]
    },
    {
      "file_path": "/media/NFS/ttao/scannet/posed_images/scene0474_01/00093.jpg",
      "transform_matrix": [
        [
          0.948303,
          -0.192666,
          0.252193,
          4.123722
        ],
        [
          -0.316907,
          -0.532132,
          0.785115,
          3.024202
        ],
        [
          -0.017065,
          -0.824449,
          -0.565679,
          1.357657
        ],
        [
          0.0,
          0.0,
          0.0,
          1.0
        ]
      ]
    },
    {
      "file_path": "/media/NFS/ttao/scannet/posed_images/scene0474_01/00101.jpg",
      "transform_matrix": [
        [
          0.973584,
          -0.130183,
          0.187579,
          4.230871
        ],
        [
          -0.227996,
          -0.509993,
          0.829413,
          2.993799
        ],
        [
          -0.012311,
          -0.850271,
          -0.526202,
          1.391145
        ],
        [
          0.0,
          0.0,
          0.0,
          1.0
        ]
      ]
    },
    {
      "file_path": "/media/NFS/ttao/scannet/posed_images/scene0474_01/00103.jpg",
      "transform_matrix": [
        [
          0.975235,
          -0.12767,
          0.180604,
          4.246271
        ],
        [
          -0.220612,
          -0.503394,
          0.835419,
          2.998408
        ],
        [
          -0.015743,
          -0.854573,
          -0.519093,
          1.397149
        ],
        [
          0.0,
          0.0,
          0.0,
          1.0
        ]
      ]
    },
    {
      "file_path": "/media/NFS/ttao/scannet/posed_images/scene0474_01/00114.jpg",
      "transform_matrix": [
        [
          0.999169,
          -0.021561,
          0.034582,
          4.316005
        ],
        [
          -0.040474,
          -0.425981,
          0.903826,
          3.071487
        ],
        [
          -0.004756,
          -0.904475,
          -0.4265,
          1.422149
        ],
        [
          0.0,
          0.0,
          0.0,
          1.0
        ]
      ]
    },
    {
      "file_path": "/media/NFS/ttao/scannet/posed_images/scene0474_01/00118.jpg",
      "transform_matrix": [
        [
          0.999634,
          0.02694,
          -0.002539,
          4.338881
        ],
        [
          0.013558,
          -0.417452,
          0.908598,
          3.124633
        ],
        [
          0.023418,
          -0.908299,
          -0.417665,
          1.429537
        ],
        [
          0.0,
          0.0,
          0.0,
          1.0
        ]
      ]
    },
    {
      "file_path": "/media/NFS/ttao/scannet/posed_images/scene0474_01/00127.jpg",
      "transform_matrix": [
        [
          0.994501,
          0.068579,
          -0.079152,
          4.410377
        ],
        [
          0.100107,
          -0.400445,
          0.910836,
          3.214739
        ],
        [
          0.030768,
          -0.913751,
          -0.405108,
          1.448402
        ],
        [
          0.0,
          0.0,
          0.0,
          1.0
        ]
      ]
    },
    {
      "file_path": "/media/NFS/ttao/scannet/posed_images/scene0474_01/00133.jpg",
      "transform_matrix": [
        [
          0.989353,
          0.06652,
          -0.129445,
          4.449341
        ],
        [
          0.145468,
          -0.424777,
          0.893534,
          3.245517
        ],
        [
          0.004453,
          -0.902851,
          -0.429931,
          1.452845
        ],
        [
          0.0,
          0.0,
          0.0,
          1.0
        ]
      ]
    },
    {
      "file_path": "/media/NFS/ttao/scannet/posed_images/scene0474_01/00141.jpg",
      "transform_matrix": [
        [
          0.969073,
          0.080302,
          -0.233345,
          4.544489
        ],
        [
          0.245147,
          -0.421706,
          0.872964,
          3.268895
        ],
        [
          -0.028302,
          -0.90317,
          -0.42835,
          1.438983
        ],
        [
          0.0,
          0.0,
          0.0,
          1.0
        ]
      ]
    },
    {
      "file_path": "/media/NFS/ttao/scannet/posed_images/scene0474_01/00146.jpg",
      "transform_matrix": [
        [
          0.957305,
          0.091909,
          -0.27408,
          4.667991
        ],
        [
          0.287531,
          -0.400723,
          0.869912,
          3.292844
        ],
        [
          -0.029877,
          -0.911577,
          -0.410041,
          1.418667
        ],
        [
          0.0,
          0.0,
          0.0,
          1.0
        ]
      ]
    },
    {
      "file_path": "/media/NFS/ttao/scannet/posed_images/scene0474_01/00158.jpg",
      "transform_matrix": [
        [
          0.859026,
          0.257608,
          -0.442394,
          4.904392
        ],
        [
          0.511268,
          -0.387727,
          0.766989,
          3.330967
        ],
        [
          0.026054,
          -0.885046,
          -0.464775,
          1.449389
        ],
        [
          0.0,
          0.0,
          0.0,
          1.0
        ]
      ]
    },
    {
      "file_path": "/media/NFS/ttao/scannet/posed_images/scene0474_01/00165.jpg",
      "transform_matrix": [
        [
          0.777512,
          0.265756,
          -0.569955,
          4.967372
        ],
        [
          0.628868,
          -0.328273,
          0.704813,
          3.339162
        ],
        [
          0.000208,
          -0.906427,
          -0.422362,
          1.449882
        ],
        [
          0.0,
          0.0,
          0.0,
          1.0
        ]
      ]
    },
    {
      "file_path": "/media/NFS/ttao/scannet/posed_images/scene0474_01/00169.jpg",
      "transform_matrix": [
        [
          0.714518,
          0.273255,
          -0.644047,
          4.971317
        ],
        [
          0.699582,
          -0.288334,
          0.653796,
          3.348568
        ],
        [
          -0.007048,
          -0.917712,
          -0.397184,
          1.451051
        ],
        [
          0.0,
          0.0,
          0.0,
          1.0
        ]
      ]
    },
    {
      "file_path": "/media/NFS/ttao/scannet/posed_images/scene0474_01/00175.jpg",
      "transform_matrix": [
        [
          0.640627,
          0.295721,
          -0.708622,
          4.957532
        ],
        [
          0.767679,
          -0.227068,
          0.599257,
          3.377365
        ],
        [
          0.016307,
          -0.927895,
          -0.372485,
          1.458085
        ],
        [
          0.0,
          0.0,
          0.0,
          1.0
        ]
      ]
    },
    {
      "file_path": "/media/NFS/ttao/scannet/posed_images/scene0474_01/00181.jpg",
      "transform_matrix": [
        [
          0.563289,
          0.294944,
          -0.771825,
          4.954183
        ],
        [
          0.826201,
          -0.189858,
          0.530421,
          3.40059
        ],
        [
          0.009907,
          -0.936463,
          -0.350627,
          1.465102
        ],
        [
          0.0,
          0.0,
          0.0,
          1.0
        ]
      ]
    },
    {
      "file_path": "/media/NFS/ttao/scannet/posed_images/scene0474_01/00194.jpg",
      "transform_matrix": [
        [
          0.444515,
          0.263034,
          -0.856282,
          4.938089
        ],
        [
          0.895624,
          -0.147847,
          0.419523,
          3.44444
        ],
        [
          -0.01625,
          -0.953391,
          -0.3013,
          1.516262
        ],
        [
          0.0,
          0.0,
          0.0,
          1.0
        ]
      ]
    },
    {
      "file_path": "/media/NFS/ttao/scannet/posed_images/scene0474_01/00198.jpg",
      "transform_matrix": [
        [
          0.422728,
          0.253065,
          -0.870207,
          4.941862
        ],
        [
          0.906251,
          -0.121371,
          0.404942,
          3.455077
        ],
        [
          -0.003141,
          -0.959806,
          -0.280647,
          1.525693
        ],
        [
          0.0,
          0.0,
          0.0,
          1.0
        ]
      ]
    },
    {
      "file_path": "/media/NFS/ttao/scannet/posed_images/scene0474_01/00205.jpg",
      "transform_matrix": [
        [
          0.417039,
          0.216412,
          -0.882748,
          4.948572
        ],
        [
          0.908721,
          -0.117917,
          0.400401,
          3.467314
        ],
        [
          -0.01744,
          -0.969155,
          -0.245834,
          1.549886
        ],
        [
          0.0,
          0.0,
          0.0,
          1.0
        ]
      ]
    },
    {
      "file_path": "/media/NFS/ttao/scannet/posed_images/scene0474_01/00209.jpg",
      "transform_matrix": [
        [
          0.440435,
          0.200361,
          -0.875142,
          4.950007
        ],
        [
          0.897315,
          -0.129773,
          0.421883,
          3.466366
        ],
        [
          -0.029041,
          -0.971089,
          -0.236944,
          1.559007
        ],
        [
          0.0,
          0.0,
          0.0,
          1.0
        ]
      ]
    },
    {
      "file_path": "/media/NFS/ttao/scannet/posed_images/scene0474_01/00222.jpg",
      "transform_matrix": [
        [
          0.561427,
          0.11491,
          -0.81951,
          4.903582
        ],
        [
          0.826582,
          -0.125172,
          0.548721,
          3.375932
        ],
        [
          -0.039526,
          -0.985458,
          -0.165257,
          1.610499
        ],
        [
          0.0,
          0.0,
          0.0,
          1.0
        ]
      ]
    },
    {
      "file_path": "/media/NFS/ttao/scannet/posed_images/scene0474_01/00224.jpg",
      "transform_matrix": [
        [
          0.58189,
          0.102846,
          -0.806739,
          4.895087
        ],
        [
          0.812472,
          -0.117398,
          0.571059,
          3.359851
        ],
        [
          -0.035979,
          -0.987745,
          -0.151872,
          1.624539
        ],
        [
          0.0,
          0.0,
          0.0,
          1.0
        ]
      ]
    },
    {
      "file_path": "/media/NFS/ttao/scannet/posed_images/scene0474_01/00236.jpg",
      "transform_matrix": [
        [
          0.62273,
          0.041221,
          -0.78135,
          4.858282
        ],
        [
          0.782427,
          -0.027787,
          0.622123,
          3.280894
        ],
        [
          0.003933,
          -0.998764,
          -0.049556,
          1.69271
        ],
        [
          0.0,
          0.0,
          0.0,
          1.0
        ]
      ]
    },
    {
      "file_path": "/media/NFS/ttao/scannet/posed_images/scene0474_01/00238.jpg",
      "transform_matrix": [
        [
          0.621453,
          0.03137,
          -0.782823,
          4.854567
        ],
        [
          0.783451,
          -0.024941,
          0.620953,
          3.27386
        ],
        [
          -4.5e-05,
          -0.999197,
          -0.040077,
          1.705833
        ],
        [
          0.0,
          0.0,
          0.0,
          1.0
        ]
      ]
    },
    {
      "file_path": "/media/NFS/ttao/scannet/posed_images/scene0474_01/00245.jpg",
      "transform_matrix": [
        [
          0.568849,
          0.006995,
          -0.822412,
          4.843279
        ],
        [
          0.822391,
          -0.015968,
          0.568699,
          3.247033
        ],
        [
          -0.009155,
          -0.999848,
          -0.014836,
          1.672869
        ],
        [
          0.0,
          0.0,
          0.0,
          1.0
        ]
      ]
    },
    {
      "file_path": "/media/NFS/ttao/scannet/posed_images/scene0474_01/00255.jpg",
      "transform_matrix": [
        [
          0.485541,
          0.106624,
          -0.867687,
          4.765777
        ],
        [
          0.874205,
          -0.054581,
          0.482481,
          3.192499
        ],
        [
          0.004085,
          -0.9928,
          -0.119713,
          1.534989
        ],
        [
          0.0,
          0.0,
          0.0,
          1.0
        ]
      ]
    },
    {
      "file_path": "/media/NFS/ttao/scannet/posed_images/scene0474_01/00264.jpg",
      "transform_matrix": [
        [
          0.437336,
          0.255537,
          -0.862228,
          4.735244
        ],
        [
          0.899298,
          -0.123291,
          0.419599,
          3.167338
        ],
        [
          0.000918,
          -0.958906,
          -0.283724,
          1.467847
        ],
        [
          0.0,
          0.0,
          0.0,
          1.0
        ]
      ]
    },
    {
      "file_path": "/media/NFS/ttao/scannet/posed_images/scene0474_01/00268.jpg",
      "transform_matrix": [
        [
          0.429823,
          0.309337,
          -0.848271,
          4.72052
        ],
        [
          0.902901,
          -0.142279,
          0.405619,
          3.154685
        ],
        [
          0.004782,
          -0.940248,
          -0.340456,
          1.422749
        ],
        [
          0.0,
          0.0,
          0.0,
          1.0
        ]
      ]
    },
    {
      "file_path": "/media/NFS/ttao/scannet/posed_images/scene0474_01/00279.jpg",
      "transform_matrix": [
        [
          0.421465,
          0.420427,
          -0.803498,
          4.684527
        ],
        [
          0.906657,
          -0.213408,
          0.363911,
          3.147012
        ],
        [
          -0.018475,
          -0.881872,
          -0.471126,
          1.373561
        ],
        [
          0.0,
          0.0,
          0.0,
          1.0
        ]
      ]
    },
    {
      "file_path": "/media/NFS/ttao/scannet/posed_images/scene0474_01/00281.jpg",
      "transform_matrix": [
        [
          0.425401,
          0.420688,
          -0.801284,
          4.673578
        ],
        [
          0.904788,
          -0.217093,
          0.366374,
          3.150996
        ],
        [
          -0.019824,
          -0.880847,
          -0.472985,
          1.366944
        ],
        [
          0.0,
          0.0,
          0.0,
          1.0
        ]
      ]
    },
    {
      "file_path": "/media/NFS/ttao/scannet/posed_images/scene0474_01/00291.jpg",
      "transform_matrix": [
        [
          0.42738,
          0.380051,
          -0.820309,
          4.560782
        ],
        [
          0.903802,
          -0.201784,
          0.377393,
          3.162132
        ],
        [
          -0.022097,
          -0.902687,
          -0.42973,
          1.385166
        ],
        [
          0.0,
          0.0,
          0.0,
          1.0
        ]
      ]
    },
    {
      "file_path": "/media/NFS/ttao/scannet/posed_images/scene0474_01/00300.jpg",
      "transform_matrix": [
        [
          0.400487,
          0.3728,
          -0.837037,
          4.427775
        ],
        [
          0.915824,
          -0.192387,
          0.352498,
          3.126556
        ],
        [
          -0.029623,
          -0.907749,
          -0.418467,
          1.408058
        ],
        [
          0.0,
          0.0,
          0.0,
          1.0
        ]
      ]
    },
    {
      "file_path": "/media/NFS/ttao/scannet/posed_images/scene0474_01/00302.jpg",
      "transform_matrix": [
        [
          0.397426,
          0.365479,
          -0.841711,
          4.401003
        ],
        [
          0.916692,
          -0.199682,
          0.346125,
          3.120197
        ],
        [
          -0.041573,
          -0.909149,
          -0.414391,
          1.422092
        ],
        [
          0.0,
          0.0,
          0.0,
          1.0
        ]
      ]
    },
    {
      "file_path": "/media/NFS/ttao/scannet/posed_images/scene0474_01/00310.jpg",
      "transform_matrix": [
        [
          0.458575,
          0.294327,
          -0.838499,
          4.293291
        ],
        [
          0.88794,
          -0.189637,
          0.419048,
          3.016181
        ],
        [
          -0.035673,
          -0.936701,
          -0.348307,
          1.411839
        ],
        [
          0.0,
          0.0,
          0.0,
          1.0
        ]
      ]
    },
    {
      "file_path": "/media/NFS/ttao/scannet/posed_images/scene0474_01/00314.jpg",
      "transform_matrix": [
        [
          0.516868,
          0.269403,
          -0.812569,
          4.236091
        ],
        [
          0.855171,
          -0.205848,
          0.475719,
          2.943158
        ],
        [
          -0.039106,
          -0.94077,
          -0.336782,
          1.411843
        ],
        [
          0.0,
          0.0,
          0.0,
          1.0
        ]
      ]
    },
    {
      "file_path": "/media/NFS/ttao/scannet/posed_images/scene0474_01/00327.jpg",
      "transform_matrix": [
        [
          0.602653,
          0.273718,
          -0.749592,
          4.049479
        ],
        [
          0.796838,
          -0.257164,
          0.546733,
          2.777078
        ],
        [
          -0.043118,
          -0.926793,
          -0.373089,
          1.403976
        ],
        [
          0.0,
          0.0,
          0.0,
          1.0
        ]
      ]
    },
    {
      "file_path": "/media/NFS/ttao/scannet/posed_images/scene0474_01/00329.jpg",
      "transform_matrix": [
        [
          0.608408,
          0.281926,
          -0.741861,
          4.018593
        ],
        [
          0.792838,
          -0.25753,
          0.552347,
          2.759681
        ],
        [
          -0.03533,
          -0.924227,
          -0.380205,
          1.400244
        ],
        [
          0.0,
          0.0,
          0.0,
          1.0
        ]
      ]
    },
    {
      "file_path": "/media/NFS/ttao/scannet/posed_images/scene0474_01/00335.jpg",
      "transform_matrix": [
        [
          0.621215,
          0.282299,
          -0.731026,
          3.929469
        ],
        [
          0.782165,
          -0.280587,
          0.556318,
          2.719484
        ],
        [
          -0.048068,
          -0.917376,
          -0.395109,
          1.381352
        ],
        [
          0.0,
          0.0,
          0.0,
          1.0
        ]
      ]
    },
    {
      "file_path": "/media/NFS/ttao/scannet/posed_images/scene0474_01/00346.jpg",
      "transform_matrix": [
        [
          0.673568,
          0.320156,
          -0.666188,
          3.797512
        ],
        [
          0.737683,
          -0.347479,
          0.578863,
          2.668755
        ],
        [
          -0.04616,
          -0.881339,
          -0.470224,
          1.348296
        ],
        [
          0.0,
          0.0,
          0.0,
          1.0
        ]
      ]
    },
    {
      "file_path": "/media/NFS/ttao/scannet/posed_images/scene0474_01/00354.jpg",
      "transform_matrix": [
        [
          0.764543,
          0.294362,
          -0.573433,
          3.759335
        ],
        [
          0.643739,
          -0.393946,
          0.656054,
          2.629574
        ],
        [
          -0.032784,
          -0.870723,
          -0.490681,
          1.355082
        ],
        [
          0.0,
          0.0,
          0.0,
          1.0
        ]
      ]
    },
    {
      "file_path": "/media/NFS/ttao/scannet/posed_images/scene0474_01/00363.jpg",
      "transform_matrix": [
        [
          0.860943,
          0.225604,
          -0.455939,
          3.720111
        ],
        [
          0.508067,
          -0.426087,
          0.748543,
          2.577185
        ],
        [
          -0.025395,
          -0.876101,
          -0.481459,
          1.386955
        ],
        [
          0.0,
          0.0,
          0.0,
          1.0
        ]
      ]
    },
    {
      "file_path": "/media/NFS/ttao/scannet/posed_images/scene0474_01/00367.jpg",
      "transform_matrix": [
        [
          0.883868,
          0.21013,
          -0.417879,
          3.702585
        ],
        [
          0.467624,
          -0.416568,
          0.779615,
          2.566168
        ],
        [
          -0.010255,
          -0.884486,
          -0.466453,
          1.391947
        ],
        [
          0.0,
          0.0,
          0.0,
          1.0
        ]
      ]
    },
    {
      "file_path": "/media/NFS/ttao/scannet/posed_images/scene0474_01/00376.jpg",
      "transform_matrix": [
        [
          0.878597,
          0.190454,
          -0.437944,
          3.63791
        ],
        [
          0.477483,
          -0.367259,
          0.798204,
          2.602001
        ],
        [
          -0.008818,
          -0.910411,
          -0.413611,
          1.415976
        ],
        [
          0.0,
          0.0,
          0.0,
          1.0
        ]
      ]
    },
    {
      "file_path": "/media/NFS/ttao/scannet/posed_images/scene0474_01/00378.jpg",
      "transform_matrix": [
        [
          0.877485,
          0.178578,
          -0.445118,
          3.628435
        ],
        [
          0.479479,
          -0.347865,
          0.805661,
          2.622839
        ],
        [
          -0.010968,
          -0.92038,
          -0.390871,
          1.423504
        ],
        [
          0.0,
          0.0,
          0.0,
          1.0
        ]
      ]
    },
    {
      "file_path": "/media/NFS/ttao/scannet/posed_images/scene0474_01/00388.jpg",
      "transform_matrix": [
        [
          0.867815,
          0.139388,
          -0.476937,
          3.550977
        ],
        [
          0.495984,
          -0.300866,
          0.814543,
          2.690005
        ],
        [
          -0.029957,
          -0.943425,
          -0.33023,
          1.434735
        ],
        [
          0.0,
          0.0,
          0.0,
          1.0
        ]
      ]
    },
    {
      "file_path": "/media/NFS/ttao/scannet/posed_images/scene0474_01/00397.jpg",
      "transform_matrix": [
        [
          0.861948,
          0.12622,
          -0.491034,
          3.4692
        ],
        [
          0.506029,
          -0.273988,
          0.817842,
          2.70549
        ],
        [
          -0.031309,
          -0.953414,
          -0.300035,
          1.444435
        ],
        [
          0.0,
          0.0,
          0.0,
          1.0
        ]
      ]
    },
    {
      "file_path": "/media/NFS/ttao/scannet/posed_images/scene0474_01/00405.jpg",
      "transform_matrix": [
        [
          0.878772,
          0.102548,
          -0.466095,
          3.354287
        ],
        [
          0.476882,
          -0.226638,
          0.849246,
          2.675293
        ],
        [
          -0.018547,
          -0.968565,
          -0.248067,
          1.449215
        ],
        [
          0.0,
          0.0,
          0.0,
          1.0
        ]
      ]
    },
    {
      "file_path": "/media/NFS/ttao/scannet/posed_images/scene0474_01/00407.jpg",
      "transform_matrix": [
        [
          0.883691,
          0.099692,
          -0.457332,
          3.310972
        ],
        [
          0.467742,
          -0.224721,
          0.85482,
          2.654014
        ],
        [
          -0.017553,
          -0.96931,
          -0.245214,
          1.447878
        ],
        [
          0.0,
          0.0,
          0.0,
          1.0
        ]
      ]
    },
    {
      "file_path": "/media/NFS/ttao/scannet/posed_images/scene0474_01/00414.jpg",
      "transform_matrix": [
        [
          0.881426,
          0.108947,
          -0.459586,
          3.174761
        ],
        [
          0.472263,
          -0.218669,
          0.853904,
          2.585854
        ],
        [
          -0.007467,
          -0.969698,
          -0.244192,
          1.437469
        ],
        [
          0.0,
          0.0,
          0.0,
          1.0
        ]
      ]
    },
    {
      "file_path": "/media/NFS/ttao/scannet/posed_images/scene0474_01/00422.jpg",
      "transform_matrix": [
        [
          0.911489,
          0.123632,
          -0.392304,
          3.07131
        ],
        [
          0.411285,
          -0.26081,
          0.873398,
          2.570461
        ],
        [
          0.005664,
          -0.957441,
          -0.288573,
          1.42824
        ],
        [
          0.0,
          0.0,
          0.0,
          1.0
        ]
      ]
    },
    {
      "file_path": "/media/NFS/ttao/scannet/posed_images/scene0474_01/00428.jpg",
      "transform_matrix": [
        [
          0.921847,
          0.104391,
          -0.37323,
          2.993861
        ],
        [
          0.387466,
          -0.26874,
          0.881844,
          2.570053
        ],
        [
          -0.008245,
          -0.957539,
          -0.288185,
          1.431839
        ],
        [
          0.0,
          0.0,
          0.0,
          1.0
        ]
      ]
    },
    {
      "file_path": "/media/NFS/ttao/scannet/posed_images/scene0474_01/00439.jpg",
      "transform_matrix": [
        [
          0.909617,
          0.035783,
          -0.413903,
          2.809071
        ],
        [
          0.412863,
          -0.188801,
          0.891009,
          2.554304
        ],
        [
          -0.046262,
          -0.981363,
          -0.18651,
          1.463701
        ],
        [
          0.0,
          0.0,
          0.0,
          1.0
        ]
      ]
    },
    {
      "file_path": "/media/NFS/ttao/scannet/posed_images/scene0474_01/00445.jpg",
      "transform_matrix": [
        [
          0.910008,
          0.04619,
          -0.41201,
          2.745001
        ],
        [
          0.413191,
          -0.182659,
          0.892138,
          2.541144
        ],
        [
          -0.03405,
          -0.982091,
          -0.185306,
          1.494728
        ],
        [
          0.0,
          0.0,
          0.0,
          1.0
        ]
      ]
    },
    {
      "file_path": "/media/NFS/ttao/scannet/posed_images/scene0474_01/00449.jpg",
      "transform_matrix": [
        [
          0.925395,
          0.044539,
          -0.376379,
          2.721058
        ],
        [
          0.377608,
          -0.193525,
          0.905517,
          2.534861
        ],
        [
          -0.032508,
          -0.980084,
          -0.195905,
          1.485674
        ],
        [
          0.0,
          0.0,
          0.0,
          1.0
        ]
      ]
    },
    {
      "file_path": "/media/NFS/ttao/scannet/posed_images/scene0474_01/00460.jpg",
      "transform_matrix": [
        [
          0.988457,
          0.016937,
          -0.150554,
          2.689445
        ],
        [
          0.147922,
          -0.322663,
          0.934884,
          2.524864
        ],
        [
          -0.032744,
          -0.946362,
          -0.321444,
          1.459631
        ],
        [
          0.0,
          0.0,
          0.0,
          1.0
        ]
      ]
    },
    {
      "file_path": "/media/NFS/ttao/scannet/posed_images/scene0474_01/00462.jpg",
      "transform_matrix": [
        [
          0.993612,
          0.003691,
          -0.112789,
          2.70347
        ],
        [
          0.107325,
          -0.339781,
          0.934361,
          2.524292
        ],
        [
          -0.034875,
          -0.940497,
          -0.338007,
          1.45886
        ],
        [
          0.0,
          0.0,
          0.0,
          1.0
        ]
      ]
    },
    {
      "file_path": "/media/NFS/ttao/scannet/posed_images/scene0474_01/00471.jpg",
      "transform_matrix": [
        [
          0.996992,
          -0.04498,
          0.063123,
          2.716793
        ],
        [
          -0.075421,
          -0.375243,
          0.923853,
          2.52794
        ],
        [
          -0.017868,
          -0.925834,
          -0.377506,
          1.448977
        ],
        [
          0.0,
          0.0,
          0.0,
          1.0
        ]
      ]
    },
    {
      "file_path": "/media/NFS/ttao/scannet/posed_images/scene0474_01/00481.jpg",
      "transform_matrix": [
        [
          0.968938,
          -0.094575,
          0.228505,
          2.745024
        ],
        [
          -0.247129,
          -0.404967,
          0.880301,
          2.52678
        ],
        [
          0.009282,
          -0.909427,
          -0.41576,
          1.414589
        ],
        [
          0.0,
          0.0,
          0.0,
          1.0
        ]
      ]
    },
    {
      "file_path": "/media/NFS/ttao/scannet/posed_images/scene0474_01/00490.jpg",
      "transform_matrix": [
        [
          0.931605,
          -0.149735,
          0.331196,
          2.761856
        ],
        [
          -0.363047,
          -0.427339,
          0.827997,
          2.535487
        ],
        [
          0.017552,
          -0.891606,
          -0.452472,
          1.406075
        ],
        [
          0.0,
          0.0,
          0.0,
          1.0
        ]
      ]
    },
    {
      "file_path": "/media/NFS/ttao/scannet/posed_images/scene0474_01/00494.jpg",
      "transform_matrix": [
        [
          0.926022,
          -0.148926,
          0.34685,
          2.762665
        ],
        [
          -0.376658,
          -0.424807,
          0.823206,
          2.538583
        ],
        [
          0.024747,
          -0.89295,
          -0.449475,
          1.409721
        ],
        [
          0.0,
          0.0,
          0.0,
          1.0
        ]
      ]
    },
    {
      "file_path": "/media/NFS/ttao/scannet/posed_images/scene0474_01/00500.jpg",
      "transform_matrix": [
        [
          0.945255,
          -0.112072,
          0.306486,
          2.768706
        ],
        [
          -0.32464,
          -0.418508,
          0.84821,
          2.533501
        ],
        [
          0.033206,
          -0.901272,
          -0.43198,
          1.412193
        ],
        [
          0.0,
          0.0,
          0.0,
          1.0
        ]
      ]
    },
    {
      "file_path": "/media/NFS/ttao/scannet/posed_images/scene0474_01/00511.jpg",
      "transform_matrix": [
        [
          0.987016,
          -0.047856,
          0.153327,
          2.807475
        ],
        [
          -0.158044,
          -0.459696,
          0.8739,
          2.528545
        ],
        [
          0.028663,
          -0.886786,
          -0.461291,
          1.400801
        ],
        [
          0.0,
          0.0,
          0.0,
          1.0
        ]
      ]
    },
    {
      "file_path": "/media/NFS/ttao/scannet/posed_images/scene0474_01/00517.jpg",
      "transform_matrix": [
        [
          0.999342,
          -0.015466,
          0.032802,
          2.910917
        ],
        [
          -0.036264,
          -0.43404,
          0.900164,
          2.543461
        ],
        [
          0.000315,
          -0.900761,
          -0.434315,
          1.403707
        ],
        [
          0.0,
          0.0,
          0.0,
          1.0
        ]
      ]
    },
    {
      "file_path": "/media/NFS/ttao/scannet/posed_images/scene0474_01/00519.jpg",
      "transform_matrix": [
        [
          0.999642,
          -0.001074,
          -0.026734,
          2.961573
        ],
        [
          0.023694,
          -0.428614,
          0.903177,
          2.550445
        ],
        [
          -0.012428,
          -0.903487,
          -0.428435,
          1.398881
        ],
        [
          0.0,
          0.0,
          0.0,
          1.0
        ]
      ]
    },
    {
      "file_path": "/media/NFS/ttao/scannet/posed_images/scene0474_01/00528.jpg",
      "transform_matrix": [
        [
          0.990335,
          0.022186,
          -0.136908,
          3.066962
        ],
        [
          0.131152,
          -0.470879,
          0.872395,
          2.59438
        ],
        [
          -0.045113,
          -0.881919,
          -0.469237,
          1.376897
        ],
        [
          0.0,
          0.0,
          0.0,
          1.0
        ]
      ]
    },
    {
      "file_path": "/media/NFS/ttao/scannet/posed_images/scene0474_01/00538.jpg",
      "transform_matrix": [
        [
          0.940798,
          0.199632,
          -0.273945,
          3.125985
        ],
        [
          0.337749,
          -0.48364,
          0.807476,
          2.676318
        ],
        [
          0.028708,
          -0.852197,
          -0.522433,
          1.341485
        ],
        [
          0.0,
          0.0,
          0.0,
          1.0
        ]
      ]
    },
    {
      "file_path": "/media/NFS/ttao/scannet/posed_images/scene0474_01/00544.jpg",
      "transform_matrix": [
        [
          0.867361,
          0.287018,
          -0.406579,
          3.192057
        ],
        [
          0.496279,
          -0.437558,
          0.749833,
          2.72343
        ],
        [
          0.037314,
          -0.852153,
          -0.521961,
          1.365424
