{
  "frames": [
    {
      "file_path": "/media/NFS/ttao/scannet/posed_images/scene0561_00/00000.jpg",
      "transform_matrix": [
        [
          0.682661,
          0.234191,
          -0.692191,
          4.719349
        ],
        [
          0.727305,
          -0.126083,
          0.674634,
          1.702419
        ],
        [
          0.07072,
          -0.96398,
          -0.2564,
          3.02581
        ],
        [
          0.0,
          0.0,
          0.0,
          1.0
        ]
      ]
    },
    {
      "file_path": "/media/NFS/ttao/scannet/posed_images/scene0561_00/00004.jpg",
      "transform_matrix": [
        [
          0.687015,
          0.233858,
          -0.687983,
          4.72993
        ],
        [
          0.723098,
          -0.126609,
          0.679043,
          1.702823
        ],
        [
          0.071695,
          -0.963992,
          -0.256085,
          3.018064
        ],
        [
          0.0,
          0.0,
          0.0,
          1.0
        ]
      ]
    },
    {
      "file_path": "/media/NFS/ttao/scannet/posed_images/scene0561_00/00009.jpg",
      "transform_matrix": [
        [
          0.690674,
          0.239954,
          -0.682196,
          4.731301
        ],
        [
          0.719788,
          -0.137024,
          0.680536,
          1.699077
        ],
        [
          0.06982,
          -0.961065,
          -0.267355,
          3.018014
        ],
        [
          0.0,
          0.0,
          0.0,
          1.0
        ]
      ]
    },
    {
      "file_path": "/media/NFS/ttao/scannet/posed_images/scene0561_00/00013.jpg",
      "transform_matrix": [
        [
          0.675941,
          0.227786,
          -0.700869,
          4.802253
        ],
        [
          0.734378,
          -0.128712,
          0.666425,
          1.72054
        ],
        [
          0.061592,
          -0.965167,
          -0.254282,
          2.918598
        ],
        [
          0.0,
          0.0,
          0.0,
          1.0
        ]
      ]
    },
    {
      "file_path": "/media/NFS/ttao/scannet/posed_images/scene0561_00/00021.jpg",
      "transform_matrix": [
        [
          0.695278,
          0.271922,
          -0.665317,
          4.811819
        ],
        [
          0.715329,
          -0.171708,
          0.677363,
          1.729396
        ],
        [
          0.06995,
          -0.946876,
          -0.313899,
          2.90904
        ],
        [
          0.0,
          0.0,
          0.0,
          1.0
        ]
      ]
    },
    {
      "file_path": "/media/NFS/ttao/scannet/posed_images/scene0561_00/00024.jpg",
      "transform_matrix": [
        [
          0.728506,
          0.261825,
          -0.63303,
          4.800381
        ],
        [
          0.679747,
          -0.161643,
          0.715412,
          1.708119
        ],
        [
          0.084988,
          -0.951482,
          -0.295733,
          2.916103
        ],
        [
          0.0,
          0.0,
          0.0,
          1.0
        ]
      ]
    },
    {
      "file_path": "/media/NFS/ttao/scannet/posed_images/scene0561_00/00028.jpg",
      "transform_matrix": [
        [
          0.792765,
          0.2381,
          -0.561099,
          4.779845
        ],
        [
          0.598548,
          -0.130165,
          0.790441,
          1.680801
        ],
        [
          0.115168,
          -0.962479,
          -0.245705,
          2.922424
        ],
        [
          0.0,
          0.0,
          0.0,
          1.0
        ]
      ]
    },
    {
      "file_path": "/media/NFS/ttao/scannet/posed_images/scene0561_00/00034.jpg",
      "transform_matrix": [
        [
          0.862656,
          0.205378,
          -0.462217,
          4.773603
        ],
        [
          0.489025,
          -0.105332,
          0.865887,
          1.660642
        ],
        [
          0.129147,
          -0.972998,
          -0.191301,
          2.964349
        ],
        [
          0.0,
          0.0,
          0.0,
          1.0
        ]
      ]
    },
    {
      "file_path": "/media/NFS/ttao/scannet/posed_images/scene0561_00/00040.jpg",
      "transform_matrix": [
        [
          0.917869,
          0.183135,
          -0.352104,
          4.745469
        ],
        [
          0.3707,
          -0.078701,
          0.925412,
          1.64022
        ],
        [
          0.141765,
          -0.979932,
          -0.140125,
          3.007858
        ],
        [
          0.0,
          0.0,
          0.0,
          1.0
        ]
      ]
    },
    {
      "file_path": "/media/NFS/ttao/scannet/posed_images/scene0561_00/00043.jpg",
      "transform_matrix": [
        [
          0.940766,
          0.16649,
          -0.295365,
          4.724363
        ],
        [
          0.30954,
          -0.066238,
          0.948576,
          1.631276
        ],
        [
          0.138364,
          -0.983816,
          -0.11385,
          3.034598
        ],
        [
          0.0,
          0.0,
          0.0,
          1.0
        ]
      ]
    },
    {
      "file_path": "/media/NFS/ttao/scannet/posed_images/scene0561_00/00052.jpg",
      "transform_matrix": [
        [
          0.973125,
          0.127034,
          -0.192067,
          4.696542
        ],
        [
          0.194186,
          -0.004393,
          0.980955,
          1.610821
        ],
        [
          0.123771,
          -0.991889,
          -0.028943,
          3.06017
        ],
        [
          0.0,
          0.0,
          0.0,
          1.0
        ]
      ]
    },
    {
      "file_path": "/media/NFS/ttao/scannet/posed_images/scene0561_00/00055.jpg",
      "transform_matrix": [
        [
          0.977355,
          0.106769,
          -0.182692,
          4.69476
        ],
        [
          0.18092,
          0.026134,
          0.98315,
          1.605916
        ],
        [
          0.109744,
          -0.99394,
          0.006225,
          3.07699
        ],
        [
          0.0,
          0.0,
          0.0,
          1.0
        ]
      ]
    },
    {
      "file_path": "/media/NFS/ttao/scannet/posed_images/scene0561_00/00058.jpg",
      "transform_matrix": [
        [
          0.977522,
          0.08974,
          -0.190779,
          4.689496
        ],
        [
          0.18683,
          0.050599,
          0.981088,
          1.601055
        ],
        [
          0.097696,
          -0.994679,
          0.032696,
          3.09318
        ],
        [
          0.0,
          0.0,
          0.0,
          1.0
        ]
      ]
    },
    {
      "file_path": "/media/NFS/ttao/scannet/posed_images/scene0561_00/00067.jpg",
      "transform_matrix": [
        [
          0.956555,
          0.065856,
          -0.284017,
          4.690129
        ],
        [
          0.274228,
          0.127565,
          0.953166,
          1.592959
        ],
        [
          0.099002,
          -0.989641,
          0.103963,
          3.111106
        ],
        [
          0.0,
          0.0,
          0.0,
          1.0
        ]
      ]
    },
    {
      "file_path": "/media/NFS/ttao/scannet/posed_images/scene0561_00/00071.jpg",
      "transform_matrix": [
        [
          0.934822,
          0.047886,
          -0.351872,
          4.703499
        ],
        [
          0.340849,
          0.157041,
          0.926909,
          1.590707
        ],
        [
          0.099644,
          -0.986431,
          0.130484,
          3.114493
        ],
        [
          0.0,
          0.0,
          0.0,
          1.0
        ]
      ]
    },
    {
      "file_path": "/media/NFS/ttao/scannet/posed_images/scene0561_00/00073.jpg",
      "transform_matrix": [
        [
          0.919891,
          0.037734,
          -0.390355,
          4.715511
        ],
        [
          0.379368,
          0.166669,
          0.91011,
          1.595162
        ],
        [
          0.099402,
          -0.985291,
          0.139002,
          3.125368
        ],
        [
          0.0,
          0.0,
          0.0,
          1.0
        ]
      ]
    },
    {
      "file_path": "/media/NFS/ttao/scannet/posed_images/scene0561_00/00082.jpg",
      "transform_matrix": [
        [
          0.840739,
          0.001347,
          -0.541439,
          4.752874
        ],
        [
          0.529563,
          0.206259,
          0.822812,
          1.621397
        ],
        [
          0.112785,
          -0.978496,
          0.172696,
          3.15064
        ],
        [
          0.0,
          0.0,
          0.0,
          1.0
        ]
      ]
    },
    {
      "file_path": "/media/NFS/ttao/scannet/posed_images/scene0561_00/00084.jpg",
      "transform_matrix": [
        [
          0.811145,
          -0.00946,
          -0.584768,
          4.781218
        ],
        [
          0.573658,
          0.207505,
          0.792375,
          1.640262
        ],
        [
          0.113846,
          -0.978188,
          0.173743,
          3.158158
        ],
        [
          0.0,
          0.0,
          0.0,
          1.0
        ]
      ]
    },
    {
      "file_path": "/media/NFS/ttao/scannet/posed_images/scene0561_00/00090.jpg",
      "transform_matrix": [
        [
          0.754897,
          -0.02758,
          -0.655262,
          4.780101
        ],
        [
          0.644001,
          0.22018,
          0.732655,
          1.654137
        ],
        [
          0.124069,
          -0.975069,
          0.183975,
          3.166933
        ],
        [
          0.0,
          0.0,
          0.0,
          1.0
        ]
      ]
    },
    {
      "file_path": "/media/NFS/ttao/scannet/posed_images/scene0561_00/00096.jpg",
      "transform_matrix": [
        [
          0.695969,
          -0.048194,
          -0.716452,
          4.776717
        ],
        [
          0.706292,
          0.225929,
          0.670901,
          1.673157
        ],
        [
          0.129534,
          -0.972951,
          0.191279,
          3.174551
        ],
        [
          0.0,
          0.0,
          0.0,
          1.0
        ]
      ]
    },
    {
      "file_path": "/media/NFS/ttao/scannet/posed_images/scene0561_00/00099.jpg",
      "transform_matrix": [
        [
          0.665933,
          -0.055589,
          -0.743937,
          4.769542
        ],
        [
          0.73404,
          0.226755,
          0.64013,
          1.675347
        ],
        [
          0.133108,
          -0.972364,
          0.191808,
          3.180322
        ],
        [
          0.0,
          0.0,
          0.0,
          1.0
        ]
      ]
    },
    {
      "file_path": "/media/NFS/ttao/scannet/posed_images/scene0561_00/00107.jpg",
      "transform_matrix": [
        [
          0.617121,
          -0.081708,
          -0.782614,
          4.739335
        ],
        [
          0.775207,
          0.233725,
          0.586878,
          1.670928
        ],
        [
          0.134964,
          -0.968863,
          0.207577,
          3.181528
        ],
        [
          0.0,
          0.0,
          0.0,
          1.0
        ]
      ]
    },
    {
      "file_path": "/media/NFS/ttao/scannet/posed_images/scene0561_00/00108.jpg",
      "transform_matrix": [
        [
          0.611576,
          -0.084952,
          -0.786611,
          4.735812
        ],
        [
          0.779625,
          0.234044,
          0.580868,
          1.667264
        ],
        [
          0.134756,
          -0.968507,
          0.209367,
          3.180653
        ],
        [
          0.0,
          0.0,
          0.0,
          1.0
        ]
      ]
    },
    {
      "file_path": "/media/NFS/ttao/scannet/posed_images/scene0561_00/00116.jpg",
      "transform_matrix": [
        [
          0.55454,
          -0.099791,
          -0.826152,
          4.715365
        ],
        [
          0.819034,
          0.241071,
          0.520643,
          1.647725
        ],
        [
          0.147205,
          -0.965363,
          0.215416,
          3.182014
        ],
        [
          0.0,
          0.0,
          0.0,
          1.0
        ]
      ]
    },
    {
      "file_path": "/media/NFS/ttao/scannet/posed_images/scene0561_00/00117.jpg",
      "transform_matrix": [
        [
          0.545684,
          -0.103249,
          -0.831606,
          4.713341
        ],
        [
          0.824944,
          0.240617,
          0.511439,
          1.649075
        ],
        [
          0.147293,
          -0.965113,
          0.216475,
          3.179359
        ],
        [
          0.0,
          0.0,
          0.0,
          1.0
        ]
      ]
    },
    {
      "file_path": "/media/NFS/ttao/scannet/posed_images/scene0561_00/00123.jpg",
      "transform_matrix": [
        [
          0.470225,
          -0.0793,
          -0.878976,
          4.691029
        ],
        [
          0.865776,
          0.234685,
          0.44199,
          1.631835
        ],
        [
          0.171233,
          -0.968831,
          0.179011,
          3.16064
        ],
        [
          0.0,
          0.0,
          0.0,
          1.0
        ]
      ]
    },
    {
      "file_path": "/media/NFS/ttao/scannet/posed_images/scene0561_00/00129.jpg",
      "transform_matrix": [
        [
          0.301343,
          -0.040075,
          -0.952673,
          4.708122
        ],
        [
          0.932488,
          0.221055,
          0.285659,
          1.707912
        ],
        [
          0.199145,
          -0.974438,
          0.103982,
          3.141122
        ],
        [
          0.0,
          0.0,
          0.0,
          1.0
        ]
      ]
    },
    {
      "file_path": "/media/NFS/ttao/scannet/posed_images/scene0561_00/00133.jpg",
      "transform_matrix": [
        [
          0.248931,
          0.003748,
          -0.968514,
          4.641402
        ],
        [
          0.945319,
          0.216634,
          0.243808,
          1.658881
        ],
        [
          0.210727,
          -0.976246,
          0.050384,
          3.108426
        ],
        [
          0.0,
          0.0,
          0.0,
          1.0
        ]
      ]
    },
    {
      "file_path": "/media/NFS/ttao/scannet/posed_images/scene0561_00/00141.jpg",
      "transform_matrix": [
        [
          0.108748,
          0.085303,
          -0.990402,
          4.639777
        ],
        [
          0.97607,
          0.17957,
          0.12264,
          1.65082
        ],
        [
          0.188309,
          -0.98004,
          -0.063734,
          3.080647
        ],
        [
          0.0,
          0.0,
          0.0,
          1.0
        ]
      ]
    },
    {
      "file_path": "/media/NFS/ttao/scannet/posed_images/scene0561_00/00142.jpg",
      "transform_matrix": [
        [
          0.097445,
          0.092122,
          -0.990968,
          4.640124
        ],
        [
          0.977604,
          0.17776,
          0.112656,
          1.653985
        ],
        [
          0.186533,
          -0.979752,
          -0.072737,
          3.07295
        ],
        [
          0.0,
          0.0,
          0.0,
          1.0
        ]
      ]
    },
    {
      "file_path": "/media/NFS/ttao/scannet/posed_images/scene0561_00/00151.jpg",
      "transform_matrix": [
        [
          0.010857,
          0.202726,
          -0.979175,
          4.636971
        ],
        [
          0.990958,
          0.128779,
          0.037649,
          1.689705
        ],
        [
          0.13373,
          -0.970731,
          -0.199495,
          3.039943
        ],
        [
          0.0,
          0.0,
          0.0,
          1.0
        ]
      ]
    },
    {
      "file_path": "/media/NFS/ttao/scannet/posed_images/scene0561_00/00156.jpg",
      "transform_matrix": [
        [
          -0.021453,
          0.277996,
          -0.960342,
          4.640715
        ],
        [
          0.992456,
          0.121894,
          0.013115,
          1.706008
        ],
        [
          0.120705,
          -0.952817,
          -0.278514,
          3.018297
        ],
        [
          0.0,
          0.0,
          0.0,
          1.0
        ]
      ]
    },
    {
      "file_path": "/media/NFS/ttao/scannet/posed_images/scene0561_00/00160.jpg",
      "transform_matrix": [
        [
          -0.026581,
          0.323752,
          -0.945768,
          4.651137
        ],
        [
          0.994362,
          0.105719,
          0.008243,
          1.696395
        ],
        [
          0.102654,
          -0.940217,
          -0.324737,
          2.9564
        ],
        [
          0.0,
          0.0,
          0.0,
          1.0
        ]
      ]
    },
    {
      "file_path": "/media/NFS/ttao/scannet/posed_images/scene0561_00/00166.jpg",
      "transform_matrix": [
        [
          -0.038578,
          0.392391,
          -0.918989,
          4.656188
        ],
        [
          0.995685,
          0.092768,
          -0.002188,
          1.690041
        ],
        [
          0.084394,
          -0.915109,
          -0.394277,
          2.934655
        ],
        [
          0.0,
          0.0,
          0.0,
          1.0
        ]
      ]
    },
    {
      "file_path": "/media/NFS/ttao/scannet/posed_images/scene0561_00/00167.jpg",
      "transform_matrix": [
        [
          -0.04056,
          0.406202,
          -0.912882,
          4.655966
        ],
        [
          0.995667,
          0.092948,
          -0.002879,
          1.689645
        ],
        [
          0.083681,
          -0.909044,
          -0.408212,
          2.930184
        ],
        [
          0.0,
          0.0,
          0.0,
          1.0
        ]
      ]
    },
    {
      "file_path": "/media/NFS/ttao/scannet/posed_images/scene0561_00/00172.jpg",
      "transform_matrix": [
        [
          -0.038803,
          0.479152,
          -0.876873,
          4.65334
        ],
        [
          0.996021,
          0.089,
          0.004557,
          1.666357
        ],
        [
          0.080226,
          -0.873208,
          -0.480699,
          2.901722
        ],
        [
          0.0,
          0.0,
          0.0,
          1.0
        ]
      ]
    },
    {
      "file_path": "/media/NFS/ttao/scannet/posed_images/scene0561_00/00176.jpg",
      "transform_matrix": [
        [
          -0.04679,
          0.520718,
          -0.852445,
          4.663382
        ],
        [
          0.99606,
          0.088674,
          -0.000506,
          1.66484
        ],
        [
          0.075327,
          -0.849111,
          -0.522816,
          2.871983
        ],
        [
          0.0,
          0.0,
          0.0,
          1.0
        ]
      ]
    },
    {
      "file_path": "/media/NFS/ttao/scannet/posed_images/scene0561_00/00185.jpg",
      "transform_matrix": [
        [
          -0.046966,
          0.615028,
          -0.787105,
          4.689893
        ],
        [
          0.99707,
          0.076488,
          0.000271,
          1.667113
        ],
        [
          0.060371,
          -0.784786,
          -0.616819,
          2.820512
        ],
        [
          0.0,
          0.0,
          0.0,
          1.0
        ]
      ]
    },
    {
      "file_path": "/media/NFS/ttao/scannet/posed_images/scene0561_00/00190.jpg",
      "transform_matrix": [
        [
          -0.04855,
          0.661266,
          -0.748579,
          4.695269
        ],
        [
          0.996864,
          0.078965,
          0.005102,
          1.670198
        ],
        [
          0.062486,
          -0.745984,
          -0.663026,
          2.809477
        ],
        [
          0.0,
          0.0,
          0.0,
          1.0
        ]
      ]
    },
    {
      "file_path": "/media/NFS/ttao/scannet/posed_images/scene0561_00/00196.jpg",
      "transform_matrix": [
        [
          -0.046519,
          0.706449,
          -0.706233,
          4.713554
        ],
        [
          0.996511,
          0.081862,
          0.016247,
          1.676282
        ],
        [
          0.069292,
          -0.703014,
          -0.707792,
          2.791086
        ],
        [
          0.0,
          0.0,
          0.0,
          1.0
        ]
      ]
    },
    {
      "file_path": "/media/NFS/ttao/scannet/posed_images/scene0561_00/00200.jpg",
      "transform_matrix": [
        [
          -0.045868,
          0.730896,
          -0.680945,
          4.723506
        ],
        [
          0.996251,
          0.083522,
          0.022543,
          1.680982
        ],
        [
          0.07335,
          -0.677359,
          -0.731987,
          2.781213
        ],
        [
          0.0,
          0.0,
          0.0,
          1.0
        ]
      ]
    },
    {
      "file_path": "/media/NFS/ttao/scannet/posed_images/scene0561_00/00202.jpg",
      "transform_matrix": [
        [
          -0.046965,
          0.741524,
          -0.66928,
          4.729885
        ],
        [
          0.995958,
          0.086115,
          0.025522,
          1.683753
        ],
        [
          0.07656,
          -0.665377,
          -0.742571,
          2.775913
        ],
        [
          0.0,
          0.0,
          0.0,
          1.0
        ]
      ]
    },
    {
      "file_path": "/media/NFS/ttao/scannet/posed_images/scene0561_00/00210.jpg",
      "transform_matrix": [
        [
          -0.078891,
          0.781746,
          -0.618587,
          4.743868
        ],
        [
          0.993488,
          0.112827,
          0.015882,
          1.696811
        ],
        [
          0.082209,
          -0.613306,
          -0.785556,
          2.759088
        ],
        [
          0.0,
          0.0,
          0.0,
          1.0
        ]
      ]
    },
    {
      "file_path": "/media/NFS/ttao/scannet/posed_images/scene0561_00/00215.jpg",
      "transform_matrix": [
        [
          -0.102336,
          0.79247,
          -0.601264,
          4.745872
        ],
        [
          0.991889,
          0.127104,
          -0.001297,
          1.691913
        ],
        [
          0.075395,
          -0.59652,
          -0.799049,
          2.753783
        ],
        [
          0.0,
          0.0,
          0.0,
          1.0
        ]
      ]
    },
    {
      "file_path": "/media/NFS/ttao/scannet/posed_images/scene0561_00/00218.jpg",
      "transform_matrix": [
        [
          -0.115988,
          0.793215,
          -0.597793,
          4.744464
        ],
        [
          0.990729,
          0.13525,
          -0.012765,
          1.691013
        ],
        [
          0.070726,
          -0.593732,
          -0.801549,
          2.752248
        ],
        [
          0.0,
          0.0,
          0.0,
          1.0
        ]
      ]
    },
    {
      "file_path": "/media/NFS/ttao/scannet/posed_images/scene0561_00/00221.jpg",
      "transform_matrix": [
        [
          -0.129073,
          0.790429,
          -0.5988,
          4.741648
        ],
        [
          0.98953,
          0.14199,
          -0.025867,
          1.6927
        ],
        [
          0.064577,
          -0.595869,
          -0.800481,
          2.75513
        ],
        [
          0.0,
          0.0,
          0.0,
          1.0
        ]
      ]
    },
    {
      "file_path": "/media/NFS/ttao/scannet/posed_images/scene0561_00/00227.jpg",
      "transform_matrix": [
        [
          -0.158978,
          0.772759,
          -0.614466,
          4.728551
        ],
        [
          0.98565,
          0.160003,
          -0.053792,
          1.696805
        ],
        [
          0.056748,
          -0.614201,
          -0.787107,
          2.762312
        ],
        [
          0.0,
          0.0,
          0.0,
          1.0
        ]
      ]
    },
    {
      "file_path": "/media/NFS/ttao/scannet/posed_images/scene0561_00/00231.jpg",
      "transform_matrix": [
        [
          -0.175425,
          0.755228,
          -0.63155,
          4.713156
        ],
        [
          0.983259,
          0.166514,
          -0.073996,
          1.705924
        ],
        [
          0.049278,
          -0.633958,
          -0.771796,
          2.7716
        ],
        [
          0.0,
          0.0,
          0.0,
          1.0
        ]
      ]
    },
    {
      "file_path": "/media/NFS/ttao/scannet/posed_images/scene0561_00/00237.jpg",
      "transform_matrix": [
        [
          -0.178222,
          0.737034,
          -0.651934,
          4.681767
        ],
        [
          0.982399,
          0.170939,
          -0.07531,
          1.701478
        ],
        [
          0.055935,
          -0.653881,
          -0.754527,
          2.784772
        ],
        [
          0.0,
          0.0,
          0.0,
          1.0
        ]
      ]
    },
    {
      "file_path": "/media/NFS/ttao/scannet/posed_images/scene0561_00/00242.jpg",
      "transform_matrix": [
        [
          -0.192222,
          0.716733,
          -0.670331,
          4.645453
        ],
        [
          0.980437,
          0.169731,
          -0.099667,
          1.703312
        ],
        [
          0.042341,
          -0.676376,
          -0.735338,
          2.800903
        ],
        [
          0.0,
          0.0,
          0.0,
          1.0
        ]
      ]
    },
    {
      "file_path": "/media/NFS/ttao/scannet/posed_images/scene0561_00/00246.jpg",
      "transform_matrix": [
        [
          -0.204049,
          0.691499,
          -0.692959,
          4.602104
        ],
        [
          0.978067,
          0.174247,
          -0.114122,
          1.703437
        ],
        [
          0.041831,
          -0.701046,
          -0.711887,
          2.813447
        ],
        [
          0.0,
          0.0,
          0.0,
          1.0
        ]
      ]
    },
    {
      "file_path": "/media/NFS/ttao/scannet/posed_images/scene0561_00/00250.jpg",
      "transform_matrix": [
        [
          -0.231444,
          0.653205,
          -0.720942,
          4.559491
        ],
        [
          0.972179,
          0.182781,
          -0.146491,
          1.713966
        ],
        [
          0.036086,
          -0.734789,
          -0.677336,
          2.828662
        ],
        [
          0.0,
          0.0,
          0.0,
          1.0
        ]
      ]
    },
    {
      "file_path": "/media/NFS/ttao/scannet/posed_images/scene0561_00/00256.jpg",
      "transform_matrix": [
        [
          -0.25632,
          0.576618,
          -0.775765,
          4.473395
        ],
        [
          0.965943,
          0.182211,
          -0.183721,
          1.71223
        ],
        [
          0.035416,
          -0.796436,
          -0.603685,
          2.862275
        ],
        [
          0.0,
          0.0,
          0.0,
          1.0
        ]
      ]
    },
    {
      "file_path": "/media/NFS/ttao/scannet/posed_images/scene0561_00/00261.jpg",
      "transform_matrix": [
        [
          -0.275823,
          0.515013,
          -0.811593,
          4.431739
        ],
        [
          0.960586,
          0.178068,
          -0.213462,
          1.69631
        ],
        [
          0.034583,
          -0.838483,
          -0.54383,
          2.874617
        ],
        [
          0.0,
          0.0,
          0.0,
          1.0
        ]
      ]
    },
    {
      "file_path": "/media/NFS/ttao/scannet/posed_images/scene0561_00/00265.jpg",
      "transform_matrix": [
        [
          -0.303594,
          0.470212,
          -0.828692,
          4.390045
        ],
        [
          0.952215,
          0.180234,
          -0.24658,
          1.702546
        ],
        [
          0.033413,
          -0.863954,
          -0.502461,
          2.892961
        ],
        [
          0.0,
          0.0,
          0.0,
          1.0
        ]
      ]
    },
    {
      "file_path": "/media/NFS/ttao/scannet/posed_images/scene0561_00/00274.jpg",
      "transform_matrix": [
        [
          -0.342581,
          0.338624,
          -0.87634,
          4.336585
        ],
        [
          0.939333,
          0.140417,
          -0.312948,
          1.700696
        ],
        [
          0.017081,
          -0.930385,
          -0.366184,
          2.920257
        ],
        [
          0.0,
          0.0,
          0.0,
          1.0
        ]
      ]
    },
    {
      "file_path": "/media/NFS/ttao/scannet/posed_images/scene0561_00/00277.jpg",
      "transform_matrix": [
        [
          -0.353946,
          0.307191,
          -0.883377,
          4.31207
        ],
        [
          0.935157,
          0.130627,
          -0.329268,
          1.722151
        ],
        [
          0.014245,
          -0.94264,
          -0.333507,
          2.933975
        ],
        [
          0.0,
          0.0,
          0.0,
          1.0
        ]
      ]
    },
    {
      "file_path": "/media/NFS/ttao/scannet/posed_images/scene0561_00/00285.jpg",
      "transform_matrix": [
        [
          -0.41958,
          0.232631,
          -0.877403,
          4.246759
        ],
        [
          0.90731,
          0.136472,
          -0.397698,
          1.81074
        ],
        [
          0.027224,
          -0.962942,
          -0.268329,
          2.979997
        ],
        [
          0.0,
          0.0,
          0.0,
          1.0
        ]
      ]
    },
    {
      "file_path": "/media/NFS/ttao/scannet/posed_images/scene0561_00/00286.jpg",
      "transform_matrix": [
        [
          -0.42614,
          0.230066,
          -0.874913,
          4.239003
        ],
        [
          0.904025,
          0.144431,
          -0.40234,
          1.822618
        ],
        [
          0.0338,
          -0.962398,
          -0.269534,
          2.983307
        ],
        [
          0.0,
          0.0,
          0.0,
          1.0
        ]
      ]
    },
    {
      "file_path": "/media/NFS/ttao/scannet/posed_images/scene0561_00/00292.jpg",
      "transform_matrix": [
        [
          -0.462845,
          0.202211,
          -0.863067,
          4.189133
        ],
        [
          0.885996,
          0.136302,
          -0.443207,
          1.913696
        ],
        [
          0.028017,
          -0.96981,
          -0.242245,
          3.023484
        ],
        [
          0.0,
          0.0,
          0.0,
          1.0
        ]
      ]
    },
    {
      "file_path": "/media/NFS/ttao/scannet/posed_images/scene0561_00/00296.jpg",
      "transform_matrix": [
        [
          -0.492365,
          0.182159,
          -0.851114,
          4.154032
        ],
        [
          0.870211,
          0.122807,
          -0.477128,
          1.971237
        ],
        [
          0.01761,
          -0.97557,
          -0.218983,
          3.031715
        ],
        [
          0.0,
          0.0,
          0.0,
          1.0
        ]
      ]
    },
    {
      "file_path": "/media/NFS/ttao/scannet/posed_images/scene0561_00/00301.jpg",
      "transform_matrix": [
        [
          -0.5054,
          0.164375,
          -0.847084,
          4.109322
        ],
        [
          0.862874,
          0.091343,
          -0.497096,
          2.021561
        ],
        [
          -0.004335,
          -0.98216,
          -0.187999,
          3.034152
        ],
        [
          0.0,
          0.0,
          0.0,
          1.0
        ]
      ]
    },
    {
      "file_path": "/media/NFS/ttao/scannet/posed_images/scene0561_00/00305.jpg",
      "transform_matrix": [
        [
          -0.533603,
          0.139326,
          -0.834179,
          4.064998
        ],
        [
          0.845393,
          0.059838,
          -0.530782,
          2.057107
        ],
        [
          -0.024036,
          -0.988437,
          -0.149715,
          3.045278
        ],
        [
          0.0,
          0.0,
          0.0,
          1.0
        ]
      ]
    },
    {
      "file_path": "/media/NFS/ttao/scannet/posed_images/scene0561_00/00311.jpg",
      "transform_matrix": [
        [
          -0.593354,
          0.101521,
          -0.798514,
          3.980289
        ],
        [
          0.803948,
          0.025465,
          -0.594154,
          2.113912
        ],
        [
          -0.039985,
          -0.994507,
          -0.096728,
          3.046008
        ],
        [
          0.0,
          0.0,
          0.0,
          1.0
        ]
      ]
    },
    {
      "file_path": "/media/NFS/ttao/scannet/posed_images/scene0561_00/00319.jpg",
      "transform_matrix": [
        [
          -0.645878,
          0.072417,
          -0.759998,
          3.854039
        ],
        [
          0.762962,
          0.026002,
          -0.64592,
          2.195941
        ],
        [
          -0.027014,
          -0.997035,
          -0.072045,
          3.05459
        ],
        [
          0.0,
          0.0,
          0.0,
          1.0
        ]
      ]
    },
    {
      "file_path": "/media/NFS/ttao/scannet/posed_images/scene0561_00/00320.jpg",
      "transform_matrix": [
        [
          -0.650357,
          0.07164,
          -0.756243,
          3.841569
        ],
        [
          0.759059,
          0.022747,
          -0.650624,
          2.205955
        ],
        [
          -0.029408,
          -0.997171,
          -0.069173,
          3.052458
        ],
        [
          0.0,
          0.0,
          0.0,
          1.0
        ]
      ]
    },
    {
      "file_path": "/media/NFS/ttao/scannet/posed_images/scene0561_00/00325.jpg",
      "transform_matrix": [
        [
          -0.679265,
          0.055575,
          -0.731786,
          3.777341
        ],
        [
          0.732661,
          -0.006395,
          -0.680563,
          2.27088
        ],
        [
          -0.042502,
          -0.998434,
          -0.036373,
          3.06908
        ],
        [
          0.0,
          0.0,
          0.0,
          1.0
        ]
      ]
    },
    {
      "file_path": "/media/NFS/ttao/scannet/posed_images/scene0561_00/00333.jpg",
      "transform_matrix": [
        [
          -0.779514,
          0.037319,
          -0.625272,
          3.681152
        ],
        [
          0.625914,
          0.007689,
          -0.779854,
          2.401298
        ],
        [
          -0.024296,
          -0.999274,
          -0.029352,
          3.058806
        ],
        [
          0.0,
          0.0,
          0.0,
          1.0
        ]
      ]
    },
    {
      "file_path": "/media/NFS/ttao/scannet/posed_images/scene0561_00/00335.jpg",
      "transform_matrix": [
        [
          -0.79879,
          0.038996,
          -0.600344,
          3.659104
        ],
        [
          0.601108,
          0.010996,
          -0.799092,
          2.430197
        ],
        [
          -0.02456,
          -0.999179,
          -0.032224,
          3.0615
        ],
        [
          0.0,
          0.0,
          0.0,
          1.0
        ]
      ]
    },
    {
      "file_path": "/media/NFS/ttao/scannet/posed_images/scene0561_00/00339.jpg",
      "transform_matrix": [
        [
          -0.842133,
          0.0326,
          -0.538284,
          3.6184
        ],
        [
          0.53883,
          0.010543,
          -0.842349,
          2.474874
        ],
        [
          -0.021786,
          -0.999413,
          -0.026444,
          3.063862
        ],
        [
          0.0,
          0.0,
          0.0,
          1.0
        ]
      ]
    },
    {
      "file_path": "/media/NFS/ttao/scannet/posed_images/scene0561_00/00345.jpg",
      "transform_matrix": [
        [
          -0.887309,
          0.034268,
          -0.459901,
          3.570937
        ],
        [
          0.459948,
          -0.00697,
          -0.887919,
          2.49849
        ],
        [
          -0.033633,
          -0.999388,
          -0.009577,
          3.077831
        ],
        [
          0.0,
          0.0,
          0.0,
          1.0
        ]
      ]
    },
    {
      "file_path": "/media/NFS/ttao/scannet/posed_images/scene0561_00/00351.jpg",
      "transform_matrix": [
        [
          -0.927548,
          0.043345,
          -0.37118,
          3.534852
        ],
        [
          0.368283,
          -0.062517,
          -0.927609,
          2.511273
        ],
        [
          -0.063412,
          -0.997102,
          0.042024,
          3.076062
        ],
        [
          0.0,
          0.0,
          0.0,
          1.0
        ]
      ]
    },
    {
      "file_path": "/media/NFS/ttao/scannet/posed_images/scene0561_00/00356.jpg",
      "transform_matrix": [
        [
          -0.948686,
          0.059109,
          -0.310646,
          3.492352
        ],
        [
          0.306126,
          -0.074544,
          -0.949068,
          2.502586
        ],
        [
          -0.079255,
          -0.995464,
          0.052624,
          3.071363
        ],
        [
          0.0,
          0.0,
          0.0,
          1.0
        ]
      ]
    },
    {
      "file_path": "/media/NFS/ttao/scannet/posed_images/scene0561_00/00363.jpg",
      "transform_matrix": [
        [
          -0.97199,
          0.068031,
          -0.224958,
          3.448615
        ],
        [
          0.217129,
          -0.106367,
          -0.97033,
          2.499636
        ],
        [
          -0.089941,
          -0.991997,
          0.088616,
          3.079811
        ],
        [
          0.0,
          0.0,
          0.0,
          1.0
        ]
      ]
    },
    {
      "file_path": "/media/NFS/ttao/scannet/posed_images/scene0561_00/00368.jpg",
      "transform_matrix": [
        [
          -0.988768,
          0.067498,
          -0.133344,
          3.401247
        ],
        [
          0.124204,
          -0.125138,
          -0.984334,
          2.510592
        ],
        [
          -0.083127,
          -0.989841,
          0.115349,
          3.087218
        ],
        [
          0.0,
          0.0,
          0.0,
          1.0
        ]
      ]
    },
    {
      "file_path": "/media/NFS/ttao/scannet/posed_images/scene0561_00/00370.jpg",
      "transform_matrix": [
        [
          -0.992726,
          0.061879,
          -0.103276,
          3.401914
        ],
        [
          0.094872,
          -0.126069,
          -0.987474,
          2.520221
        ],
        [
          -0.074124,
          -0.99009,
          0.119281,
          3.092324
        ],
        [
          0.0,
          0.0,
          0.0,
          1.0
        ]
      ]
    },
    {
      "file_path": "/media/NFS/ttao/scannet/posed_images/scene0561_00/00375.jpg",
      "transform_matrix": [
        [
          -0.997908,
          0.051136,
          0.039547,
          3.313857
        ],
        [
          -0.044948,
          -0.109188,
          -0.993004,
          2.535281
        ],
        [
          -0.04646,
          -0.992705,
          0.111258,
          3.085635
        ],
        [
          0.0,
          0.0,
          0.0,
          1.0
        ]
      ]
    },
    {
      "file_path": "/media/NFS/ttao/scannet/posed_images/scene0561_00/00379.jpg",
      "transform_matrix": [
        [
          -0.990315,
          0.051993,
          0.128731,
          3.249229
        ],
        [
          -0.133313,
          -0.09722,
          -0.986294,
          2.545115
        ],
        [
          -0.038765,
          -0.993904,
          0.103209,
          3.082565
        ],
        [
          0.0,
          0.0,
          0.0,
          1.0
