{
  "frames": [
    {
      "file_path": "/media/NFS/ttao/scannet/posed_images/scene0345_00/00002.jpg",
      "transform_matrix": [
        [
          0.998109,
          -0.008562,
          -0.060868,
          5.112097
        ],
        [
          0.059301,
          -0.126437,
          0.990201,
          3.019306
        ],
        [
          -0.016174,
          -0.991938,
          -0.125691,
          1.586114
        ],
        [
          0.0,
          0.0,
          0.0,
          1.0
        ]
      ]
    },
    {
      "file_path": "/media/NFS/ttao/scannet/posed_images/scene0345_00/00005.jpg",
      "transform_matrix": [
        [
          0.998142,
          -0.006397,
          -0.060604,
          5.11287
        ],
        [
          0.059236,
          -0.131728,
          0.989515,
          3.019922
        ],
        [
          -0.014313,
          -0.991265,
          -0.131104,
          1.587453
        ],
        [
          0.0,
          0.0,
          0.0,
          1.0
        ]
      ]
    },
    {
      "file_path": "/media/NFS/ttao/scannet/posed_images/scene0345_00/00011.jpg",
      "transform_matrix": [
        [
          0.997846,
          -0.005482,
          -0.065372,
          5.102829
        ],
        [
          0.063818,
          -0.149699,
          0.98667,
          3.020808
        ],
        [
          -0.015195,
          -0.988716,
          -0.149027,
          1.67605
        ],
        [
          0.0,
          0.0,
          0.0,
          1.0
        ]
      ]
    },
    {
      "file_path": "/media/NFS/ttao/scannet/posed_images/scene0345_00/00016.jpg",
      "transform_matrix": [
        [
          0.997185,
          -0.007877,
          -0.074573,
          5.104519
        ],
        [
          0.072843,
          -0.134393,
          0.988247,
          3.021895
        ],
        [
          -0.017807,
          -0.990897,
          -0.133441,
          1.694658
        ],
        [
          0.0,
          0.0,
          0.0,
          1.0
        ]
      ]
    },
    {
      "file_path": "/media/NFS/ttao/scannet/posed_images/scene0345_00/00020.jpg",
      "transform_matrix": [
        [
          0.996606,
          -0.006841,
          -0.082038,
          5.108085
        ],
        [
          0.080815,
          -0.108497,
          0.990807,
          3.01903
        ],
        [
          -0.015679,
          -0.994073,
          -0.107576,
          1.690466
        ],
        [
          0.0,
          0.0,
          0.0,
          1.0
        ]
      ]
    },
    {
      "file_path": "/media/NFS/ttao/scannet/posed_images/scene0345_00/00026.jpg",
      "transform_matrix": [
        [
          0.995997,
          -0.013901,
          -0.088303,
          5.096867
        ],
        [
          0.086714,
          -0.089673,
          0.992189,
          3.011573
        ],
        [
          -0.021711,
          -0.995874,
          -0.088108,
          1.735539
        ],
        [
          0.0,
          0.0,
          0.0,
          1.0
        ]
      ]
    },
    {
      "file_path": "/media/NFS/ttao/scannet/posed_images/scene0345_00/00033.jpg",
      "transform_matrix": [
        [
          0.994778,
          -0.013295,
          -0.101194,
          5.08884
        ],
        [
          0.100309,
          -0.055693,
          0.993397,
          2.999569
        ],
        [
          -0.018843,
          -0.99836,
          -0.054068,
          1.742109
        ],
        [
          0.0,
          0.0,
          0.0,
          1.0
        ]
      ]
    },
    {
      "file_path": "/media/NFS/ttao/scannet/posed_images/scene0345_00/00037.jpg",
      "transform_matrix": [
        [
          0.992718,
          -0.01976,
          -0.11883,
          5.081943
        ],
        [
          0.117963,
          -0.040422,
          0.992195,
          2.993747
        ],
        [
          -0.024409,
          -0.998987,
          -0.037797,
          1.767155
        ],
        [
          0.0,
          0.0,
          0.0,
          1.0
        ]
      ]
    },
    {
      "file_path": "/media/NFS/ttao/scannet/posed_images/scene0345_00/00043.jpg",
      "transform_matrix": [
        [
          0.98797,
          -0.018219,
          -0.153572,
          5.068395
        ],
        [
          0.153453,
          -0.0078,
          0.988125,
          2.989353
        ],
        [
          -0.0192,
          -0.999804,
          -0.004911,
          1.778438
        ],
        [
          0.0,
          0.0,
          0.0,
          1.0
        ]
      ]
    },
    {
      "file_path": "/media/NFS/ttao/scannet/posed_images/scene0345_00/00047.jpg",
      "transform_matrix": [
        [
          0.983649,
          -0.027546,
          -0.177977,
          5.068279
        ],
        [
          0.177761,
          -0.010136,
          0.984022,
          2.983659
        ],
        [
          -0.02891,
          -0.999569,
          -0.005074,
          1.803716
        ],
        [
          0.0,
          0.0,
          0.0,
          1.0
        ]
      ]
    },
    {
      "file_path": "/media/NFS/ttao/scannet/posed_images/scene0345_00/00051.jpg",
      "transform_matrix": [
        [
          0.977045,
          -0.028108,
          -0.21117,
          5.070321
        ],
        [
          0.211023,
          -0.008143,
          0.977447,
          2.982802
        ],
        [
          -0.029193,
          -0.999572,
          -0.002024,
          1.779809
        ],
        [
          0.0,
          0.0,
          0.0,
          1.0
        ]
      ]
    },
    {
      "file_path": "/media/NFS/ttao/scannet/posed_images/scene0345_00/00056.jpg",
      "transform_matrix": [
        [
          0.965363,
          -0.018038,
          -0.260285,
          5.052022
        ],
        [
          0.259901,
          -0.021143,
          0.965404,
          2.980834
        ],
        [
          -0.022917,
          -0.999614,
          -0.015722,
          1.784372
        ],
        [
          0.0,
          0.0,
          0.0,
          1.0
        ]
      ]
    },
    {
      "file_path": "/media/NFS/ttao/scannet/posed_images/scene0345_00/00065.jpg",
      "transform_matrix": [
        [
          0.935548,
          -0.004979,
          -0.353164,
          5.00776
        ],
        [
          0.352316,
          -0.057505,
          0.934113,
          2.988302
        ],
        [
          -0.024959,
          -0.998333,
          -0.052045,
          1.746629
        ],
        [
          0.0,
          0.0,
          0.0,
          1.0
        ]
      ]
    },
    {
      "file_path": "/media/NFS/ttao/scannet/posed_images/scene0345_00/00070.jpg",
      "transform_matrix": [
        [
          0.925302,
          0.007637,
          -0.379155,
          4.969212
        ],
        [
          0.37833,
          -0.087529,
          0.921523,
          2.987148
        ],
        [
          -0.026149,
          -0.996133,
          -0.08388,
          1.72041
        ],
        [
          0.0,
          0.0,
          0.0,
          1.0
        ]
      ]
    },
    {
      "file_path": "/media/NFS/ttao/scannet/posed_images/scene0345_00/00074.jpg",
      "transform_matrix": [
        [
          0.916223,
          0.024816,
          -0.399899,
          4.967514
        ],
        [
          0.400163,
          -0.106796,
          0.9102,
          2.992829
        ],
        [
          -0.02012,
          -0.993971,
          -0.10778,
          1.68967
        ],
        [
          0.0,
          0.0,
          0.0,
          1.0
        ]
      ]
    },
    {
      "file_path": "/media/NFS/ttao/scannet/posed_images/scene0345_00/00081.jpg",
      "transform_matrix": [
        [
          0.902922,
          0.05553,
          -0.426203,
          4.930261
        ],
        [
          0.429194,
          -0.169343,
          0.887195,
          2.994629
        ],
        [
          -0.022908,
          -0.983992,
          -0.176737,
          1.647565
        ],
        [
          0.0,
          0.0,
          0.0,
          1.0
        ]
      ]
    },
    {
      "file_path": "/media/NFS/ttao/scannet/posed_images/scene0345_00/00082.jpg",
      "transform_matrix": [
        [
          0.900787,
          0.058724,
          -0.430273,
          4.928833
        ],
        [
          0.433563,
          -0.177791,
          0.88341,
          2.996231
        ],
        [
          -0.024621,
          -0.982315,
          -0.185612,
          1.639269
        ],
        [
          0.0,
          0.0,
          0.0,
          1.0
        ]
      ]
    },
    {
      "file_path": "/media/NFS/ttao/scannet/posed_images/scene0345_00/00087.jpg",
      "transform_matrix": [
        [
          0.891147,
          0.080636,
          -0.446491,
          4.907612
        ],
        [
          0.45275,
          -0.222174,
          0.863514,
          2.998148
        ],
        [
          -0.029569,
          -0.971667,
          -0.234497,
          1.620522
        ],
        [
          0.0,
          0.0,
          0.0,
          1.0
        ]
      ]
    },
    {
      "file_path": "/media/NFS/ttao/scannet/posed_images/scene0345_00/00092.jpg",
      "transform_matrix": [
        [
          0.87874,
          0.11053,
          -0.464326,
          4.907421
        ],
        [
          0.476636,
          -0.254507,
          0.841454,
          3.005988
        ],
        [
          -0.025169,
          -0.960734,
          -0.276328,
          1.603214
        ],
        [
          0.0,
          0.0,
          0.0,
          1.0
        ]
      ]
    },
    {
      "file_path": "/media/NFS/ttao/scannet/posed_images/scene0345_00/00098.jpg",
      "transform_matrix": [
        [
          0.862918,
          0.156756,
          -0.480416,
          4.887011
        ],
        [
          0.505234,
          -0.2874,
          0.81372,
          3.00439
        ],
        [
          -0.010516,
          -0.944896,
          -0.327201,
          1.569023
        ],
        [
          0.0,
          0.0,
          0.0,
          1.0
        ]
      ]
    },
    {
      "file_path": "/media/NFS/ttao/scannet/posed_images/scene0345_00/00106.jpg",
      "transform_matrix": [
        [
          0.834151,
          0.216525,
          -0.507256,
          4.868916
        ],
        [
          0.551533,
          -0.330599,
          0.765844,
          2.99966
        ],
        [
          -0.001874,
          -0.918598,
          -0.39519,
          1.527111
        ],
        [
          0.0,
          0.0,
          0.0,
          1.0
        ]
      ]
    },
    {
      "file_path": "/media/NFS/ttao/scannet/posed_images/scene0345_00/00112.jpg",
      "transform_matrix": [
        [
          0.808942,
          0.248277,
          -0.532889,
          4.851093
        ],
        [
          0.587867,
          -0.349284,
          0.729666,
          2.992159
        ],
        [
          -0.00497,
          -0.903526,
          -0.428505,
          1.504383
        ],
        [
          0.0,
          0.0,
          0.0,
          1.0
        ]
      ]
    },
    {
      "file_path": "/media/NFS/ttao/scannet/posed_images/scene0345_00/00113.jpg",
      "transform_matrix": [
        [
          0.803208,
          0.25648,
          -0.537658,
          4.851247
        ],
        [
          0.595684,
          -0.352184,
          0.721891,
          2.991341
        ],
        [
          -0.004204,
          -0.900103,
          -0.435658,
          1.501241
        ],
        [
          0.0,
          0.0,
          0.0,
          1.0
        ]
      ]
    },
    {
      "file_path": "/media/NFS/ttao/scannet/posed_images/scene0345_00/00118.jpg",
      "transform_matrix": [
        [
          0.77537,
          0.286543,
          -0.562756,
          4.847521
        ],
        [
          0.631505,
          -0.354015,
          0.689837,
          2.985818
        ],
        [
          -0.001556,
          -0.890262,
          -0.455446,
          1.487998
        ],
        [
          0.0,
          0.0,
          0.0,
          1.0
        ]
      ]
    },
    {
      "file_path": "/media/NFS/ttao/scannet/posed_images/scene0345_00/00127.jpg",
      "transform_matrix": [
        [
          0.733409,
          0.31521,
          -0.60229,
          4.859279
        ],
        [
          0.679675,
          -0.356147,
          0.64125,
          2.983584
        ],
        [
          -0.012376,
          -0.87966,
          -0.475442,
          1.472622
        ],
        [
          0.0,
          0.0,
          0.0,
          1.0
        ]
      ]
    },
    {
      "file_path": "/media/NFS/ttao/scannet/posed_images/scene0345_00/00130.jpg",
      "transform_matrix": [
        [
          0.729374,
          0.322546,
          -0.603306,
          4.863578
        ],
        [
          0.684035,
          -0.357365,
          0.635914,
          2.989859
        ],
        [
          -0.010489,
          -0.876502,
          -0.481285,
          1.475328
        ],
        [
          0.0,
          0.0,
          0.0,
          1.0
        ]
      ]
    },
    {
      "file_path": "/media/NFS/ttao/scannet/posed_images/scene0345_00/00133.jpg",
      "transform_matrix": [
        [
          0.730366,
          0.317619,
          -0.604718,
          4.867406
        ],
        [
          0.682928,
          -0.356718,
          0.637465,
          3.004065
        ],
        [
          -0.013243,
          -0.878562,
          -0.477445,
          1.478149
        ],
        [
          0.0,
          0.0,
          0.0,
          1.0
        ]
      ]
    },
    {
      "file_path": "/media/NFS/ttao/scannet/posed_images/scene0345_00/00141.jpg",
      "transform_matrix": [
        [
          0.745466,
          0.299422,
          -0.595506,
          4.868521
        ],
        [
          0.666242,
          -0.361629,
          0.652186,
          3.055481
        ],
        [
          -0.020073,
          -0.882933,
          -0.46907,
          1.491962
        ],
        [
          0.0,
          0.0,
          0.0,
          1.0
        ]
      ]
    },
    {
      "file_path": "/media/NFS/ttao/scannet/posed_images/scene0345_00/00147.jpg",
      "transform_matrix": [
        [
          0.758499,
          0.293614,
          -0.581782,
          4.861072
        ],
        [
          0.651616,
          -0.353646,
          0.671067,
          3.133792
        ],
        [
          -0.008711,
          -0.888102,
          -0.459563,
          1.514487
        ],
        [
          0.0,
          0.0,
          0.0,
          1.0
        ]
      ]
    },
    {
      "file_path": "/media/NFS/ttao/scannet/posed_images/scene0345_00/00152.jpg",
      "transform_matrix": [
        [
          0.767305,
          0.256093,
          -0.587929,
          4.850227
        ],
        [
          0.640691,
          -0.345528,
          0.685657,
          3.207656
        ],
        [
          -0.027554,
          -0.902788,
          -0.429202,
          1.529944
        ],
        [
          0.0,
          0.0,
          0.0,
          1.0
        ]
      ]
    },
    {
      "file_path": "/media/NFS/ttao/scannet/posed_images/scene0345_00/00154.jpg",
      "transform_matrix": [
        [
          0.769394,
          0.250149,
          -0.587756,
          4.852758
        ],
        [
          0.638257,
          -0.338084,
          0.691612,
          3.240305
        ],
        [
          -0.025705,
          -0.907262,
          -0.41978,
          1.530878
        ],
        [
          0.0,
          0.0,
          0.0,
          1.0
        ]
      ]
    },
    {
      "file_path": "/media/NFS/ttao/scannet/posed_images/scene0345_00/00163.jpg",
      "transform_matrix": [
        [
          0.784303,
          0.213852,
          -0.582354,
          4.836575
        ],
        [
          0.620372,
          -0.274537,
          0.734689,
          3.368048
        ],
        [
          -0.002763,
          -0.937495,
          -0.347988,
          1.564205
        ],
        [
          0.0,
          0.0,
          0.0,
          1.0
        ]
      ]
    },
    {
      "file_path": "/media/NFS/ttao/scannet/posed_images/scene0345_00/00165.jpg",
      "transform_matrix": [
        [
          0.781764,
          0.210807,
          -0.586861,
          4.83728
        ],
        [
          0.623557,
          -0.271325,
          0.733184,
          3.393203
        ],
        [
          -0.004669,
          -0.939118,
          -0.343562,
          1.56782
        ],
        [
          0.0,
          0.0,
          0.0,
          1.0
        ]
      ]
    },
    {
      "file_path": "/media/NFS/ttao/scannet/posed_images/scene0345_00/00169.jpg",
      "transform_matrix": [
        [
          0.775782,
          0.211619,
          -0.594458,
          4.8511
        ],
        [
          0.630994,
          -0.255342,
          0.732563,
          3.445493
        ],
        [
          0.003234,
          -0.943408,
          -0.33162,
          1.580227
        ],
        [
          0.0,
          0.0,
          0.0,
          1.0
        ]
      ]
    },
    {
      "file_path": "/media/NFS/ttao/scannet/posed_images/scene0345_00/00175.jpg",
      "transform_matrix": [
        [
          0.762032,
          0.194868,
          -0.617523,
          4.85832
        ],
        [
          0.647534,
          -0.225388,
          0.727942,
          3.506548
        ],
        [
          0.00267,
          -0.954582,
          -0.297936,
          1.591051
        ],
        [
          0.0,
          0.0,
          0.0,
          1.0
        ]
      ]
    },
    {
      "file_path": "/media/NFS/ttao/scannet/posed_images/scene0345_00/00183.jpg",
      "transform_matrix": [
        [
          0.707023,
          0.206692,
          -0.676312,
          4.910501
        ],
        [
          0.70687,
          -0.177756,
          0.684644,
          3.599528
        ],
        [
          0.021292,
          -0.962123,
          -0.271782,
          1.602307
        ],
        [
          0.0,
          0.0,
          0.0,
          1.0
        ]
      ]
    },
    {
      "file_path": "/media/NFS/ttao/scannet/posed_images/scene0345_00/00185.jpg",
      "transform_matrix": [
        [
          0.69096,
          0.211594,
          -0.691232,
          4.929302
        ],
        [
          0.722419,
          -0.167516,
          0.670856,
          3.624884
        ],
        [
          0.026156,
          -0.962895,
          -0.268606,
          1.604221
        ],
        [
          0.0,
          0.0,
          0.0,
          1.0
        ]
      ]
    },
    {
      "file_path": "/media/NFS/ttao/scannet/posed_images/scene0345_00/00192.jpg",
      "transform_matrix": [
        [
          0.655392,
          0.20396,
          -0.727228,
          4.95798
        ],
        [
          0.754938,
          -0.14755,
          0.638982,
          3.698728
        ],
        [
          0.023024,
          -0.967796,
          -0.250681,
          1.620139
        ],
        [
          0.0,
          0.0,
          0.0,
          1.0
        ]
      ]
    },
    {
      "file_path": "/media/NFS/ttao/scannet/posed_images/scene0345_00/00196.jpg",
      "transform_matrix": [
        [
          0.640449,
          0.195557,
          -0.742686,
          4.973948
        ],
        [
          0.767794,
          -0.140592,
          0.625081,
          3.747116
        ],
        [
          0.017823,
          -0.970563,
          -0.240189,
          1.624784
        ],
        [
          0.0,
          0.0,
          0.0,
          1.0
        ]
      ]
    },
    {
      "file_path": "/media/NFS/ttao/scannet/posed_images/scene0345_00/00200.jpg",
      "transform_matrix": [
        [
          0.627619,
          0.182527,
          -0.756822,
          4.984066
        ],
        [
          0.778467,
          -0.135684,
          0.612845,
          3.801567
        ],
        [
          0.009172,
          -0.973794,
          -0.227249,
          1.626876
        ],
        [
          0.0,
          0.0,
          0.0,
          1.0
        ]
      ]
    },
    {
      "file_path": "/media/NFS/ttao/scannet/posed_images/scene0345_00/00208.jpg",
      "transform_matrix": [
        [
          0.599227,
          0.170791,
          -0.782149,
          4.971599
        ],
        [
          0.800039,
          -0.091844,
          0.592877,
          3.920572
        ],
        [
          0.029422,
          -0.981017,
          -0.191675,
          1.627031
        ],
        [
          0.0,
          0.0,
          0.0,
          1.0
        ]
      ]
    },
    {
      "file_path": "/media/NFS/ttao/scannet/posed_images/scene0345_00/00214.jpg",
      "transform_matrix": [
        [
          0.566078,
          0.188784,
          -0.802444,
          4.969014
        ],
        [
          0.823272,
          -0.079669,
          0.562028,
          4.010495
        ],
        [
          0.042172,
          -0.978782,
          -0.200519,
          1.634491
        ],
        [
          0.0,
          0.0,
          0.0,
          1.0
        ]
      ]
    },
    {
      "file_path": "/media/NFS/ttao/scannet/posed_images/scene0345_00/00216.jpg",
      "transform_matrix": [
        [
          0.558075,
          0.1892,
          -0.807933,
          4.974415
        ],
        [
          0.828739,
          -0.078097,
          0.554159,
          4.035658
        ],
        [
          0.04175,
          -0.978828,
          -0.200381,
          1.638469
        ],
        [
          0.0,
          0.0,
          0.0,
          1.0
        ]
      ]
    },
    {
      "file_path": "/media/NFS/ttao/scannet/posed_images/scene0345_00/00225.jpg",
      "transform_matrix": [
        [
          0.489355,
          0.165696,
          -0.856199,
          5.012003
        ],
        [
          0.872001,
          -0.079318,
          0.483036,
          4.155283
        ],
        [
          0.012125,
          -0.982982,
          -0.183302,
          1.650716
        ],
        [
          0.0,
          0.0,
          0.0,
          1.0
        ]
      ]
    },
    {
      "file_path": "/media/NFS/ttao/scannet/posed_images/scene0345_00/00228.jpg",
      "transform_matrix": [
        [
          0.457317,
          0.171706,
          -0.87257,
          5.025275
        ],
        [
          0.889182,
          -0.072067,
          0.451842,
          4.188707
        ],
        [
          0.014701,
          -0.982509,
          -0.185636,
          1.645406
        ],
        [
          0.0,
          0.0,
          0.0,
          1.0
        ]
      ]
    },
    {
      "file_path": "/media/NFS/ttao/scannet/posed_images/scene0345_00/00236.jpg",
      "transform_matrix": [
        [
          0.376845,
          0.160394,
          -0.912284,
          5.093005
        ],
        [
          0.926254,
          -0.058391,
          0.37235,
          4.27183
        ],
        [
          0.006454,
          -0.985325,
          -0.17057,
          1.648194
        ],
        [
          0.0,
          0.0,
          0.0,
          1.0
        ]
      ]
    },
    {
      "file_path": "/media/NFS/ttao/scannet/posed_images/scene0345_00/00241.jpg",
      "transform_matrix": [
        [
          0.323314,
          0.162729,
          -0.932195,
          5.116141
        ],
        [
          0.946279,
          -0.050374,
          0.319405,
          4.309217
        ],
        [
          0.005019,
          -0.985384,
          -0.170274,
          1.649919
        ],
        [
          0.0,
          0.0,
          0.0,
          1.0
        ]
      ]
    },
    {
      "file_path": "/media/NFS/ttao/scannet/posed_images/scene0345_00/00245.jpg",
      "transform_matrix": [
        [
          0.277724,
          0.144835,
          -0.94968,
          5.129877
        ],
        [
          0.960658,
          -0.039456,
          0.274917,
          4.332942
        ],
        [
          0.002347,
          -0.988669,
          -0.150095,
          1.647422
        ],
        [
          0.0,
          0.0,
          0.0,
          1.0
        ]
      ]
    },
    {
      "file_path": "/media/NFS/ttao/scannet/posed_images/scene0345_00/00248.jpg",
      "transform_matrix": [
        [
          0.244213,
          0.136304,
          -0.960094,
          5.132549
        ],
        [
          0.969722,
          -0.034785,
          0.241723,
          4.349127
        ],
        [
          -0.000449,
          -0.990056,
          -0.140672,
          1.646728
        ],
        [
          0.0,
          0.0,
          0.0,
          1.0
        ]
      ]
    },
    {
      "file_path": "/media/NFS/ttao/scannet/posed_images/scene0345_00/00253.jpg",
      "transform_matrix": [
        [
          0.189947,
          0.148373,
          -0.970518,
          5.093266
        ],
        [
          0.981767,
          -0.021343,
          0.188885,
          4.391282
        ],
        [
          0.007312,
          -0.988701,
          -0.149721,
          1.654541
        ],
        [
          0.0,
          0.0,
          0.0,
          1.0
        ]
      ]
    },
    {
      "file_path": "/media/NFS/ttao/scannet/posed_images/scene0345_00/00259.jpg",
      "transform_matrix": [
        [
          0.131108,
          0.148472,
          -0.980187,
          5.064338
        ],
        [
          0.990871,
          0.011676,
          0.134306,
          4.426651
        ],
        [
          0.031385,
          -0.988848,
          -0.145586,
          1.645678
        ],
        [
          0.0,
          0.0,
          0.0,
          1.0
        ]
      ]
    },
    {
      "file_path": "/media/NFS/ttao/scannet/posed_images/scene0345_00/00264.jpg",
      "transform_matrix": [
        [
          0.073562,
          0.166363,
          -0.983317,
          5.037423
        ],
        [
          0.995975,
          0.03838,
          0.081002,
          4.475668
        ],
        [
          0.051216,
          -0.985317,
          -0.16287,
          1.650395
        ],
        [
          0.0,
          0.0,
          0.0,
          1.0
        ]
      ]
    },
    {
      "file_path": "/media/NFS/ttao/scannet/posed_images/scene0345_00/00268.jpg",
      "transform_matrix": [
        [
          0.042367,
          0.160934,
          -0.986056,
          5.021142
        ],
        [
          0.998091,
          0.037566,
          0.049015,
          4.489674
        ],
        [
          0.04493,
          -0.98625,
          -0.159035,
          1.647091
        ],
        [
          0.0,
          0.0,
          0.0,
          1.0
        ]
      ]
    },
    {
      "file_path": "/media/NFS/ttao/scannet/posed_images/scene0345_00/00273.jpg",
      "transform_matrix": [
        [
          -0.03447,
          0.15861,
          -0.98674,
          5.026322
        ],
        [
          0.999288,
          0.020667,
          -0.031586,
          4.622621
        ],
        [
          0.015383,
          -0.987125,
          -0.159209,
          1.651459
        ],
        [
          0.0,
          0.0,
          0.0,
          1.0
        ]
      ]
    },
    {
      "file_path": "/media/NFS/ttao/scannet/posed_images/scene0345_00/00278.jpg",
      "transform_matrix": [
        [
          -0.096827,
          0.165885,
          -0.98138,
          5.003082
        ],
        [
          0.995298,
          0.013751,
          -0.095876,
          4.613548
        ],
        [
          -0.00241,
          -0.986049,
          -0.166437,
          1.633882
        ],
        [
          0.0,
          0.0,
          0.0,
          1.0
        ]
      ]
    },
    {
      "file_path": "/media/NFS/ttao/scannet/posed_images/scene0345_00/00286.jpg",
      "transform_matrix": [
        [
          -0.236861,
          0.203656,
          -0.949959,
          4.967238
        ],
        [
          0.971521,
          0.043,
          -0.233019,
          4.776916
        ],
        [
          -0.006608,
          -0.978098,
          -0.208041,
          1.617794
        ],
        [
          0.0,
          0.0,
          0.0,
          1.0
        ]
      ]
    },
    {
      "file_path": "/media/NFS/ttao/scannet/posed_images/scene0345_00/00292.jpg",
      "transform_matrix": [
        [
          -0.386129,
          0.202932,
          -0.899846,
          4.911094
        ],
        [
          0.922445,
          0.085169,
          -0.376619,
          5.031938
        ],
        [
          0.000211,
          -0.975482,
          -0.22008,
          1.593087
        ],
        [
          0.0,
          0.0,
          0.0,
          1.0
        ]
      ]
    },
    {
      "file_path": "/media/NFS/ttao/scannet/posed_images/scene0345_00/00296.jpg",
      "transform_matrix": [
        [
          -0.434055,
          0.216479,
          -0.87449,
          4.906361
        ],
        [
          0.900885,
          0.102613,
          -0.421754,
          5.048547
        ],
        [
          -0.001567,
          -0.97088,
          -0.239563,
          1.586932
        ],
        [
          0.0,
          0.0,
          0.0,
          1.0
        ]
      ]
    },
    {
      "file_path": "/media/NFS/ttao/scannet/posed_images/scene0345_00/00300.jpg",
      "transform_matrix": [
        [
          -0.522918,
          0.222341,
          -0.822874,
          4.850406
        ],
        [
          0.852374,
          0.131994,
          -0.506,
          5.191068
        ],
        [
          -0.00389,
          -0.965993,
          -0.258539,
          1.568898
        ],
        [
          0.0,
          0.0,
          0.0,
          1.0
        ]
      ]
    },
    {
      "file_path": "/media/NFS/ttao/scannet/posed_images/scene0345_00/00304.jpg",
      "transform_matrix": [
        [
          -0.560899,
          0.23433,
          -0.794029,
          4.845171
        ],
        [
          0.827869,
          0.152831,
          -0.5397,
          5.191375
        ],
        [
          -0.005116,
          -0.960069,
          -0.279717,
          1.55497
        ],
        [
          0.0,
          0.0,
          0.0,
          1.0
        ]
      ]
    },
    {
      "file_path": "/media/NFS/ttao/scannet/posed_images/scene0345_00/00309.jpg",
      "transform_matrix": [
        [
          -0.600494,
          0.245801,
          -0.760913,
          4.837634
        ],
        [
          0.799615,
          0.178938,
          -0.573234,
          5.204844
        ],
        [
          -0.004745,
          -0.952661,
          -0.303997,
          1.53624
        ],
        [
          0.0,
          0.0,
          0.0,
          1.0
        ]
      ]
    },
    {
      "file_path": "/media/NFS/ttao/scannet/posed_images/scene0345_00/00315.jpg",
      "transform_matrix": [
        [
          -0.656725,
          0.262294,
          -0.707047,
          4.812972
        ],
        [
          0.754124,
          0.232412,
          -0.614233,
          5.211102
        ],
        [
          0.003216,
          -0.936582,
          -0.350432,
          1.517427
        ],
        [
          0.0,
          0.0,
          0.0,
          1.0
        ]
      ]
    },
    {
      "file_path": "/media/NFS/ttao/scannet/posed_images/scene0345_00/00321.jpg",
      "transform_matrix": [
        [
          -0.721233,
          0.272167,
          -0.636984,
          4.803289
        ],
        [
          0.69256,
          0.301361,
          -0.655395,
          5.212621
        ],
        [
          0.013585,
          -0.913842,
          -0.405844,
          1.483426
        ],
        [
          0.0,
          0.0,
          0.0,
          1.0
        ]
      ]
    },
    {
      "file_path": "/media/NFS/ttao/scannet/posed_images/scene0345_00/00324.jpg",
      "transform_matrix": [
        [
          -0.741743,
          0.271459,
          -0.613292,
          4.799031
        ],
        [
          0.670201,
          0.334714,
          -0.662418,
          5.199855
        ],
        [
          0.025458,
          -0.902373,
          -0.430204,
          1.471032
        ],
        [
          0.0,
          0.0,
          0.0,
          1.0
        ]
      ]
    },
    {
      "file_path": "/media/NFS/ttao/scannet/posed_images/scene0345_00/00332.jpg",
      "transform_matrix": [
        [
          -0.796451,
          0.272247,
          -0.539951,
          4.799708
        ],
        [
          0.604076,
          0.39883,
          -0.689946,
          5.141106
        ],
        [
          0.027513,
          -0.87568,
          -0.482107,
          1.445437
        ],
        [
          0.0,
          0.0,
          0.0,
          1.0
        ]
      ]
    },
    {
      "file_path": "/media/NFS/ttao/scannet/posed_images/scene0345_00/00338.jpg",
      "transform_matrix": [
        [
          -0.82903,
          0.26984,
          -0.489791,
          4.79886
        ],
        [
          0.558998,
          0.423652,
          -0.712769,
          5.087331
        ],
        [
          0.015168,
          -0.864699,
          -0.502061,
          1.43811
        ],
        [
          0.0,
          0.0,
          0.0,
          1.0
        ]
      ]
    },
    {
      "file_path": "/media/NFS/ttao/scannet/posed_images/scene0345_00/00340.jpg",
      "transform_matrix": [
        [
          -0.837048,
          0.265629,
          -0.478323,
          4.804408
        ],
        [
          0.546993,
          0.42584,
          -0.720735,
          5.076841
        ],
        [
          0.012241,
          -0.864929,
          -0.501746,
          1.435726
        ],
        [
          0.0,
          0.0,
          0.0,
          1.0
        ]
      ]
    },
    {
      "file_path": "/media/NFS/ttao/scannet/posed_images/scene0345_00/00348.jpg",
      "transform_matrix": [
        [
          -0.873913,
          0.241526,
          -0.421833,
          4.805684
        ],
        [
          0.48608,
          0.437835,
          -0.756325,
          4.996988
        ],
        [
          0.002021,
          -0.866006,
          -0.50003,
          1.42939
        ],
        [
          0.0,
          0.0,
          0.0,
          1.0
        ]
      ]
    },
    {
      "file_path": "/media/NFS/ttao/scannet/posed_images/scene0345_00/00354.jpg",
      "transform_matrix": [
        [
          -0.895919,
          0.226367,
          -0.382214,
          4.814958
        ],
        [
          0.444191,
          0.447051,
          -0.776427,
          4.944219
        ],
        [
          -0.004888,
          -0.865392,
          -0.501072,
          1.428605
        ],
        [
          0.0,
          0.0,
          0.0,
          1.0
        ]
      ]
    },
    {
      "file_path": "/media/NFS/ttao/scannet/posed_images/scene0345_00/00360.jpg",
      "transform_matrix": [
        [
          -0.916046,
          0.204184,
          -0.345208,
          4.81719
        ],
        [
          0.401057,
          0.458468,
          -0.79307,
          4.893354
        ],
        [
          -0.003665,
          -0.864937,
          -0.501867,
          1.436147
        ],
        [
          0.0,
          0.0,
          0.0,
          1.0
        ]
      ]
    },
    {
      "file_path": "/media/NFS/ttao/scannet/posed_images/scene0345_00/00363.jpg",
      "transform_matrix": [
        [
          -0.930478,
          0.183862,
          -0.316869,
          4.803724
        ],
        [
          0.366348,
          0.46681,
          -0.804908,
          4.874409
        ],
        [
          -7.5e-05,
          -0.865033,
          -0.501714,
          1.441464
        ],
        [
          0.0,
          0.0,
          0.0,
          1.0
        ]
      ]
    },
    {
      "file_path": "/media/NFS/ttao/scannet/posed_images/scene0345_00/00368.jpg",
      "transform_matrix": [
        [
          -0.950348,
          0.147333,
          -0.274101,
          4.773013
        ],
        [
          0.31118,
          0.456495,
          -0.833534,
          4.82497
        ],
        [
          0.002319,
          -0.877443,
          -0.479676,
          1.460551
        ],
        [
          0.0,
          0.0,
          0.0,
          1.0
        ]
      ]
    },
    {
      "file_path": "/media/NFS/ttao/scannet/posed_images/scene0345_00/00376.jpg",
      "transform_matrix": [
        [
          -0.978642,
          0.063507,
          -0.195516,
          4.72968
        ],
        [
          0.203719,
          0.426985,
          -0.881012,
          4.774927
        ],
        [
          0.027532,
          -0.902026,
          -0.430803,
          1.487438
        ],
        [
          0.0,
          0.0,
          0.0,
          1.0
        ]
      ]
    },
    {
      "file_path": "/media/NFS/ttao/scannet/posed_images/scene0345_00/00377.jpg",
      "transform_matrix": [
        [
          -0.981359,
          0.053604,
          -0.184554,
          4.72649
        ],
        [
          0.189742,
          0.42277,
          -0.886151,
          4.77112
        ],
        [
          0.030522,
          -0.904651,
          -0.42506,
          1.489904
        ],
        [
          0.0,
          0.0,
          0.0,
          1.0
        ]
      ]
    },
    {
      "file_path": "/media/NFS/ttao/scannet/posed_images/scene0345_00/00385.jpg",
      "transform_matrix": [
        [
          -0.99418,
          -0.000958,
          -0.10773,
          4.721385
        ],
        [
          0.098843,
          0.389659,
          -0.91564,
          4.691882
        ],
        [
          0.042855,
          -0.920959,
          -0.387297,
          1.51386
        ],
        [
          0.0,
          0.0,
          0.0,
          1.0
        ]
      ]
    },
    {
      "file_path": "/media/NFS/ttao/scannet/posed_images/scene0345_00/00390.jpg",
      "transform_matrix": [
        [
          -0.997793,
          -0.020448,
          -0.063183,
          4.747267
        ],
        [
          0.05096,
          0.37429,
          -0.925911,
          4.628814
        ],
        [
          0.042582,
          -0.927087,
          -0.372421,
          1.523801
        ],
        [
          0.0,
          0.0,
          0.0,
          1.0
        ]
      ]
    },
    {
      "file_path": "/media/NFS/ttao/scannet/posed_images/scene0345_00/00393.jpg",
      "transform_matrix": [
        [
          -0.998766,
          -0.035815,
          -0.034402,
          4.743599
        ],
        [
          0.01876,
          0.369314,
          -0.929115,
          4.600644
        ],
        [
          0.045981,
          -0.928614,
          -0.368186,
          1.524065
        ],
        [
          0.0,
          0.0,
          0.0,
          1.0
        ]
      ]
    },
    {
      "file_path": "/media/NFS/ttao/scannet/posed_images/scene0345_00/00400.jpg",
      "transform_matrix": [
        [
          -0.998486,
          -0.053347,
          0.013409,
          4.761032
        ],
        [
          -0.031159,
          0.347636,
          -0.937112,
          4.522841
        ],
        [
          0.045331,
          -0.936111,
          -0.348771,
          1.536727
        ],
        [
