{
  "frames": [
    {
      "file_path": "/media/NFS/ttao/scannet/posed_images/scene0410_00/00000.jpg",
      "transform_matrix": [
        [
          -0.867184,
          -0.035511,
          0.49672,
          1.169828
        ],
        [
          -0.497184,
          0.118422,
          -0.859526,
          0.963536
        ],
        [
          -0.0283,
          -0.992328,
          -0.120349,
          1.581007
        ],
        [
          0.0,
          0.0,
          0.0,
          1.0
        ]
      ]
    },
    {
      "file_path": "/media/NFS/ttao/scannet/posed_images/scene0410_00/00004.jpg",
      "transform_matrix": [
        [
          -0.863163,
          -0.029948,
          0.504036,
          1.14845
        ],
        [
          -0.504769,
          0.075969,
          -0.859905,
          0.972607
        ],
        [
          -0.012539,
          -0.99666,
          -0.080691,
          1.590667
        ],
        [
          0.0,
          0.0,
          0.0,
          1.0
        ]
      ]
    },
    {
      "file_path": "/media/NFS/ttao/scannet/posed_images/scene0410_00/00009.jpg",
      "transform_matrix": [
        [
          -0.870608,
          -0.022642,
          0.491456,
          1.137884
        ],
        [
          -0.491921,
          0.024923,
          -0.870283,
          0.97075
        ],
        [
          0.007457,
          -0.999433,
          -0.032836,
          1.604435
        ],
        [
          0.0,
          0.0,
          0.0,
          1.0
        ]
      ]
    },
    {
      "file_path": "/media/NFS/ttao/scannet/posed_images/scene0410_00/00014.jpg",
      "transform_matrix": [
        [
          -0.892552,
          -0.012006,
          0.450784,
          1.141075
        ],
        [
          -0.449979,
          -0.04165,
          -0.892067,
          0.965226
        ],
        [
          0.029485,
          -0.99906,
          0.031772,
          1.64492
        ],
        [
          0.0,
          0.0,
          0.0,
          1.0
        ]
      ]
    },
    {
      "file_path": "/media/NFS/ttao/scannet/posed_images/scene0410_00/00022.jpg",
      "transform_matrix": [
        [
          -0.909978,
          0.063191,
          0.409814,
          1.143138
        ],
        [
          -0.414176,
          -0.090938,
          -0.905643,
          0.959193
        ],
        [
          -0.019961,
          -0.99385,
          0.108924,
          1.678894
        ],
        [
          0.0,
          0.0,
          0.0,
          1.0
        ]
      ]
    },
    {
      "file_path": "/media/NFS/ttao/scannet/posed_images/scene0410_00/00026.jpg",
      "transform_matrix": [
        [
          -0.906071,
          0.089019,
          0.413655,
          1.140537
        ],
        [
          -0.421218,
          -0.097058,
          -0.901751,
          0.961401
        ],
        [
          -0.040124,
          -0.99129,
          0.125438,
          1.691582
        ],
        [
          0.0,
          0.0,
          0.0,
          1.0
        ]
      ]
    },
    {
      "file_path": "/media/NFS/ttao/scannet/posed_images/scene0410_00/00032.jpg",
      "transform_matrix": [
        [
          -0.908714,
          0.091162,
          0.407343,
          1.128916
        ],
        [
          -0.415903,
          -0.114638,
          -0.902155,
          0.966329
        ],
        [
          -0.035546,
          -0.989216,
          0.142087,
          1.695798
        ],
        [
          0.0,
          0.0,
          0.0,
          1.0
        ]
      ]
    },
    {
      "file_path": "/media/NFS/ttao/scannet/posed_images/scene0410_00/00035.jpg",
      "transform_matrix": [
        [
          -0.91146,
          0.079069,
          0.403718,
          1.123758
        ],
        [
          -0.410679,
          -0.117278,
          -0.904206,
          0.970111
        ],
        [
          -0.024148,
          -0.989946,
          0.139366,
          1.693925
        ],
        [
          0.0,
          0.0,
          0.0,
          1.0
        ]
      ]
    },
    {
      "file_path": "/media/NFS/ttao/scannet/posed_images/scene0410_00/00037.jpg",
      "transform_matrix": [
        [
          -0.908692,
          0.076507,
          0.410397,
          1.122032
        ],
        [
          -0.416888,
          -0.114536,
          -0.901713,
          0.973326
        ],
        [
          -0.021983,
          -0.990469,
          0.135973,
          1.693054
        ],
        [
          0.0,
          0.0,
          0.0,
          1.0
        ]
      ]
    },
    {
      "file_path": "/media/NFS/ttao/scannet/posed_images/scene0410_00/00042.jpg",
      "transform_matrix": [
        [
          -0.890532,
          0.068311,
          0.449762,
          1.124813
        ],
        [
          -0.454794,
          -0.11039,
          -0.883729,
          0.987504
        ],
        [
          -0.010719,
          -0.991538,
          0.129373,
          1.685469
        ],
        [
          0.0,
          0.0,
          0.0,
          1.0
        ]
      ]
    },
    {
      "file_path": "/media/NFS/ttao/scannet/posed_images/scene0410_00/00050.jpg",
      "transform_matrix": [
        [
          -0.85699,
          0.035324,
          0.514121,
          1.131819
        ],
        [
          -0.515293,
          -0.04639,
          -0.855758,
          0.995061
        ],
        [
          -0.006378,
          -0.998299,
          0.057958,
          1.653275
        ],
        [
          0.0,
          0.0,
          0.0,
          1.0
        ]
      ]
    },
    {
      "file_path": "/media/NFS/ttao/scannet/posed_images/scene0410_00/00055.jpg",
      "transform_matrix": [
        [
          -0.850816,
          -0.027475,
          0.524745,
          1.139052
        ],
        [
          -0.525348,
          0.023484,
          -0.850564,
          0.988198
        ],
        [
          0.011046,
          -0.999347,
          -0.034414,
          1.608856
        ],
        [
          0.0,
          0.0,
          0.0,
          1.0
        ]
      ]
    },
    {
      "file_path": "/media/NFS/ttao/scannet/posed_images/scene0410_00/00056.jpg",
      "transform_matrix": [
        [
          -0.849997,
          -0.036358,
          0.525531,
          1.139878
        ],
        [
          -0.52664,
          0.035084,
          -0.849364,
          0.987076
        ],
        [
          0.012444,
          -0.998723,
          -0.048968,
          1.601017
        ],
        [
          0.0,
          0.0,
          0.0,
          1.0
        ]
      ]
    },
    {
      "file_path": "/media/NFS/ttao/scannet/posed_images/scene0410_00/00065.jpg",
      "transform_matrix": [
        [
          -0.838622,
          -0.071611,
          0.539986,
          1.155735
        ],
        [
          -0.544153,
          0.1551,
          -0.824525,
          0.982926
        ],
        [
          -0.024707,
          -0.9853,
          -0.169038,
          1.54121
        ],
        [
          0.0,
          0.0,
          0.0,
          1.0
        ]
      ]
    },
    {
      "file_path": "/media/NFS/ttao/scannet/posed_images/scene0410_00/00066.jpg",
      "transform_matrix": [
        [
          -0.837539,
          -0.069927,
          0.541884,
          1.157203
        ],
        [
          -0.545629,
          0.158926,
          -0.822819,
          0.984176
        ],
        [
          -0.028582,
          -0.984811,
          -0.171261,
          1.537079
        ],
        [
          0.0,
          0.0,
          0.0,
          1.0
        ]
      ]
    },
    {
      "file_path": "/media/NFS/ttao/scannet/posed_images/scene0410_00/00072.jpg",
      "transform_matrix": [
        [
          -0.827777,
          -0.082336,
          0.554984,
          1.169055
        ],
        [
          -0.560353,
          0.170893,
          -0.810432,
          0.994344
        ],
        [
          -0.028116,
          -0.981843,
          -0.187598,
          1.510087
        ],
        [
          0.0,
          0.0,
          0.0,
          1.0
        ]
      ]
    },
    {
      "file_path": "/media/NFS/ttao/scannet/posed_images/scene0410_00/00079.jpg",
      "transform_matrix": [
        [
          -0.826156,
          -0.115379,
          0.551502,
          1.195046
        ],
        [
          -0.56291,
          0.211512,
          -0.798996,
          1.002596
        ],
        [
          -0.024462,
          -0.970541,
          -0.23969,
          1.465333
        ],
        [
          0.0,
          0.0,
          0.0,
          1.0
        ]
      ]
    },
    {
      "file_path": "/media/NFS/ttao/scannet/posed_images/scene0410_00/00082.jpg",
      "transform_matrix": [
        [
          -0.827545,
          -0.123788,
          0.547583,
          1.207502
        ],
        [
          -0.560569,
          0.235265,
          -0.793986,
          1.000868
        ],
        [
          -0.030541,
          -0.964016,
          -0.264084,
          1.448434
        ],
        [
          0.0,
          0.0,
          0.0,
          1.0
        ]
      ]
    },
    {
      "file_path": "/media/NFS/ttao/scannet/posed_images/scene0410_00/00089.jpg",
      "transform_matrix": [
        [
          -0.826439,
          -0.163442,
          0.538781,
          1.236993
        ],
        [
          -0.562912,
          0.259169,
          -0.784833,
          1.001154
        ],
        [
          -0.011361,
          -0.951902,
          -0.306191,
          1.407307
        ],
        [
          0.0,
          0.0,
          0.0,
          1.0
        ]
      ]
    },
    {
      "file_path": "/media/NFS/ttao/scannet/posed_images/scene0410_00/00092.jpg",
      "transform_matrix": [
        [
          -0.821535,
          -0.178505,
          0.541495,
          1.250791
        ],
        [
          -0.570156,
          0.259586,
          -0.779447,
          1.004749
        ],
        [
          -0.001429,
          -0.949079,
          -0.315034,
          1.390126
        ],
        [
          0.0,
          0.0,
          0.0,
          1.0
        ]
      ]
    },
    {
      "file_path": "/media/NFS/ttao/scannet/posed_images/scene0410_00/00095.jpg",
      "transform_matrix": [
        [
          -0.818386,
          -0.161792,
          0.551423,
          1.260733
        ],
        [
          -0.574649,
          0.238203,
          -0.782967,
          1.015923
        ],
        [
          -0.004673,
          -0.957644,
          -0.287916,
          1.373556
        ],
        [
          0.0,
          0.0,
          0.0,
          1.0
        ]
      ]
    },
    {
      "file_path": "/media/NFS/ttao/scannet/posed_images/scene0410_00/00104.jpg",
      "transform_matrix": [
        [
          -0.800765,
          -0.249745,
          0.544429,
          1.308442
        ],
        [
          -0.598647,
          0.303452,
          -0.741309,
          1.030068
        ],
        [
          0.019931,
          -0.919535,
          -0.392503,
          1.299843
        ],
        [
          0.0,
          0.0,
          0.0,
          1.0
        ]
      ]
    },
    {
      "file_path": "/media/NFS/ttao/scannet/posed_images/scene0410_00/00108.jpg",
      "transform_matrix": [
        [
          -0.800524,
          -0.273219,
          0.533397,
          1.333125
        ],
        [
          -0.598576,
          0.320755,
          -0.734046,
          1.02732
        ],
        [
          0.029466,
          -0.9069,
          -0.420314,
          1.274916
        ],
        [
          0.0,
          0.0,
          0.0,
          1.0
        ]
      ]
    },
    {
      "file_path": "/media/NFS/ttao/scannet/posed_images/scene0410_00/00112.jpg",
      "transform_matrix": [
        [
          -0.802782,
          -0.270769,
          0.531249,
          1.354598
        ],
        [
          -0.595922,
          0.33379,
          -0.730384,
          1.023049
        ],
        [
          0.02044,
          -0.902922,
          -0.429318,
          1.259847
        ],
        [
          0.0,
          0.0,
          0.0,
          1.0
        ]
      ]
    },
    {
      "file_path": "/media/NFS/ttao/scannet/posed_images/scene0410_00/00118.jpg",
      "transform_matrix": [
        [
          -0.805576,
          -0.286929,
          0.518381,
          1.383424
        ],
        [
          -0.591545,
          0.340034,
          -0.731062,
          1.022513
        ],
        [
          0.033496,
          -0.895571,
          -0.443655,
          1.234348
        ],
        [
          0.0,
          0.0,
          0.0,
          1.0
        ]
      ]
    },
    {
      "file_path": "/media/NFS/ttao/scannet/posed_images/scene0410_00/00119.jpg",
      "transform_matrix": [
        [
          -0.806654,
          -0.287769,
          0.516235,
          1.387454
        ],
        [
          -0.589931,
          0.338944,
          -0.73287,
          1.023121
        ],
        [
          0.035923,
          -0.895715,
          -0.443175,
          1.229753
        ],
        [
          0.0,
          0.0,
          0.0,
          1.0
        ]
      ]
    },
    {
      "file_path": "/media/NFS/ttao/scannet/posed_images/scene0410_00/00127.jpg",
      "transform_matrix": [
        [
          -0.793641,
          -0.303324,
          0.52738,
          1.410268
        ],
        [
          -0.607478,
          0.34773,
          -0.714181,
          1.035723
        ],
        [
          0.033242,
          -0.887175,
          -0.460235,
          1.184547
        ],
        [
          0.0,
          0.0,
          0.0,
          1.0
        ]
      ]
    },
    {
      "file_path": "/media/NFS/ttao/scannet/posed_images/scene0410_00/00132.jpg",
      "transform_matrix": [
        [
          -0.786722,
          -0.299377,
          0.539853,
          1.408837
        ],
        [
          -0.617002,
          0.353838,
          -0.702928,
          1.039215
        ],
        [
          0.01942,
          -0.8861,
          -0.463088,
          1.14974
        ],
        [
          0.0,
          0.0,
          0.0,
          1.0
        ]
      ]
    },
    {
      "file_path": "/media/NFS/ttao/scannet/posed_images/scene0410_00/00137.jpg",
      "transform_matrix": [
        [
          -0.781763,
          -0.288054,
          0.553056,
          1.398944
        ],
        [
          -0.623574,
          0.362835,
          -0.692464,
          1.039183
        ],
        [
          -0.001201,
          -0.886214,
          -0.463275,
          1.113041
        ],
        [
          0.0,
          0.0,
          0.0,
          1.0
        ]
      ]
    },
    {
      "file_path": "/media/NFS/ttao/scannet/posed_images/scene0410_00/00138.jpg",
      "transform_matrix": [
        [
          -0.78084,
          -0.288543,
          0.554104,
          1.396906
        ],
        [
          -0.624725,
          0.364334,
          -0.690637,
          1.039597
        ],
        [
          -0.0026,
          -0.88544,
          -0.464746,
          1.103952
        ],
        [
          0.0,
          0.0,
          0.0,
          1.0
        ]
      ]
    },
    {
      "file_path": "/media/NFS/ttao/scannet/posed_images/scene0410_00/00145.jpg",
      "transform_matrix": [
        [
          -0.764684,
          -0.308651,
          0.565679,
          1.379427
        ],
        [
          -0.644366,
          0.356514,
          -0.676528,
          1.04699
        ],
        [
          0.007138,
          -0.881835,
          -0.471505,
          1.042229
        ],
        [
          0.0,
          0.0,
          0.0,
          1.0
        ]
      ]
    },
    {
      "file_path": "/media/NFS/ttao/scannet/posed_images/scene0410_00/00151.jpg",
      "transform_matrix": [
        [
          -0.756349,
          -0.325932,
          0.567191,
          1.360597
        ],
        [
          -0.653923,
          0.352953,
          -0.669185,
          1.057414
        ],
        [
          0.017916,
          -0.877036,
          -0.48009,
          1.023229
        ],
        [
          0.0,
          0.0,
          0.0,
          1.0
        ]
      ]
    },
    {
      "file_path": "/media/NFS/ttao/scannet/posed_images/scene0410_00/00152.jpg",
      "transform_matrix": [
        [
          -0.755869,
          -0.328456,
          0.566373,
          1.358002
        ],
        [
          -0.654486,
          0.355801,
          -0.667123,
          1.058459
        ],
        [
          0.017605,
          -0.874941,
          -0.483909,
          1.02669
        ],
        [
          0.0,
          0.0,
          0.0,
          1.0
        ]
      ]
    },
    {
      "file_path": "/media/NFS/ttao/scannet/posed_images/scene0410_00/00158.jpg",
      "transform_matrix": [
        [
          -0.753035,
          -0.317751,
          0.576171,
          1.342138
        ],
        [
          -0.65798,
          0.363639,
          -0.659415,
          1.063067
        ],
        [
          1.1e-05,
          -0.875672,
          -0.482906,
          1.093088
        ],
        [
          0.0,
          0.0,
          0.0,
          1.0
        ]
      ]
    },
    {
      "file_path": "/media/NFS/ttao/scannet/posed_images/scene0410_00/00162.jpg",
      "transform_matrix": [
        [
          -0.757598,
          -0.297837,
          0.580809,
          1.333642
        ],
        [
          -0.65267,
          0.356811,
          -0.668362,
          1.066818
        ],
        [
          -0.008176,
          -0.885426,
          -0.464709,
          1.148726
        ],
        [
          0.0,
          0.0,
          0.0,
          1.0
        ]
      ]
    },
    {
      "file_path": "/media/NFS/ttao/scannet/posed_images/scene0410_00/00167.jpg",
      "transform_matrix": [
        [
          -0.776437,
          -0.275216,
          0.566923,
          1.333611
        ],
        [
          -0.629976,
          0.362688,
          -0.686723,
          1.063439
        ],
        [
          -0.016619,
          -0.890345,
          -0.454984,
          1.2163
        ],
        [
          0.0,
          0.0,
          0.0,
          1.0
        ]
      ]
    },
    {
      "file_path": "/media/NFS/ttao/scannet/posed_images/scene0410_00/00171.jpg",
      "transform_matrix": [
        [
          -0.80828,
          -0.255591,
          0.530431,
          1.34241
        ],
        [
          -0.588756,
          0.361722,
          -0.722858,
          1.060816
        ],
        [
          -0.007113,
          -0.896566,
          -0.442854,
          1.255259
        ],
        [
          0.0,
          0.0,
          0.0,
          1.0
        ]
      ]
    },
    {
      "file_path": "/media/NFS/ttao/scannet/posed_images/scene0410_00/00178.jpg",
      "transform_matrix": [
        [
          -0.868891,
          -0.188829,
          0.457571,
          1.37904
        ],
        [
          -0.494728,
          0.36203,
          -0.790049,
          1.038497
        ],
        [
          -0.01647,
          -0.91284,
          -0.407984,
          1.303581
        ],
        [
          0.0,
          0.0,
          0.0,
          1.0
        ]
      ]
    },
    {
      "file_path": "/media/NFS/ttao/scannet/posed_images/scene0410_00/00183.jpg",
      "transform_matrix": [
        [
          -0.915506,
          -0.137343,
          0.378134,
          1.432053
        ],
        [
          -0.40163,
          0.366438,
          -0.839296,
          1.012522
        ],
        [
          -0.023291,
          -0.92025,
          -0.390637,
          1.320913
        ],
        [
          0.0,
          0.0,
          0.0,
          1.0
        ]
      ]
    },
    {
      "file_path": "/media/NFS/ttao/scannet/posed_images/scene0410_00/00188.jpg",
      "transform_matrix": [
        [
          -0.94679,
          -0.100809,
          0.305656,
          1.48824
        ],
        [
          -0.321143,
          0.358852,
          -0.876409,
          0.983374
        ],
        [
          -0.021335,
          -0.927935,
          -0.372132,
          1.337903
        ],
        [
          0.0,
          0.0,
          0.0,
          1.0
        ]
      ]
    },
    {
      "file_path": "/media/NFS/ttao/scannet/posed_images/scene0410_00/00194.jpg",
      "transform_matrix": [
        [
          -0.970427,
          -0.056585,
          0.234668,
          1.548673
        ],
        [
          -0.238761,
          0.368196,
          -0.898568,
          0.956286
        ],
        [
          -0.035558,
          -0.928025,
          -0.370817,
          1.360735
        ],
        [
          0.0,
          0.0,
          0.0,
          1.0
        ]
      ]
    },
    {
      "file_path": "/media/NFS/ttao/scannet/posed_images/scene0410_00/00198.jpg",
      "transform_matrix": [
        [
          -0.976398,
          -0.026225,
          0.21438,
          1.579992
        ],
        [
          -0.208634,
          0.371174,
          -0.904822,
          0.945375
        ],
        [
          -0.055843,
          -0.928193,
          -0.367885,
          1.371274
        ],
        [
          0.0,
          0.0,
          0.0,
          1.0
        ]
      ]
    },
    {
      "file_path": "/media/NFS/ttao/scannet/posed_images/scene0410_00/00203.jpg",
      "transform_matrix": [
        [
          -0.977744,
          -0.018436,
          0.208989,
          1.609341
        ],
        [
          -0.201137,
          0.365675,
          -0.90875,
          0.935489
        ],
        [
          -0.059668,
          -0.93056,
          -0.361245,
          1.374592
        ],
        [
          0.0,
          0.0,
          0.0,
          1.0
        ]
      ]
    },
    {
      "file_path": "/media/NFS/ttao/scannet/posed_images/scene0410_00/00206.jpg",
      "transform_matrix": [
        [
          -0.975956,
          -0.023455,
          0.216702,
          1.623235
        ],
        [
          -0.21037,
          0.361568,
          -0.908303,
          0.931061
        ],
        [
          -0.057048,
          -0.932051,
          -0.357808,
          1.370695
        ],
        [
          0.0,
          0.0,
          0.0,
          1.0
        ]
      ]
    },
    {
      "file_path": "/media/NFS/ttao/scannet/posed_images/scene0410_00/00213.jpg",
      "transform_matrix": [
        [
          -0.970855,
          -0.014726,
          0.239216,
          1.652466
        ],
        [
          -0.228675,
          0.355745,
          -0.906175,
          0.922842
        ],
        [
          -0.071756,
          -0.934467,
          -0.348745,
          1.362372
        ],
        [
          0.0,
          0.0,
          0.0,
          1.0
        ]
      ]
    },
    {
      "file_path": "/media/NFS/ttao/scannet/posed_images/scene0410_00/00216.jpg",
      "transform_matrix": [
        [
          -0.970711,
          6.3e-05,
          0.24025,
          1.666068
        ],
        [
          -0.224199,
          0.359137,
          -0.905956,
          0.920208
        ],
        [
          -0.08634,
          -0.933285,
          -0.348604,
          1.357854
        ],
        [
          0.0,
          0.0,
          0.0,
          1.0
        ]
      ]
    },
    {
      "file_path": "/media/NFS/ttao/scannet/posed_images/scene0410_00/00221.jpg",
      "transform_matrix": [
        [
          -0.972216,
          -0.022509,
          0.233001,
          1.705068
        ],
        [
          -0.223994,
          0.37856,
          -0.898064,
          0.917248
        ],
        [
          -0.067991,
          -0.925303,
          -0.373084,
          1.336053
        ],
        [
          0.0,
          0.0,
          0.0,
          1.0
        ]
      ]
    },
    {
      "file_path": "/media/NFS/ttao/scannet/posed_images/scene0410_00/00227.jpg",
      "transform_matrix": [
        [
          -0.980532,
          -0.046108,
          0.190871,
          1.768635
        ],
        [
          -0.192585,
          0.415511,
          -0.888967,
          0.909466
        ],
        [
          -0.03832,
          -0.908419,
          -0.416301,
          1.305336
        ],
        [
          0.0,
          0.0,
          0.0,
          1.0
        ]
      ]
    },
    {
      "file_path": "/media/NFS/ttao/scannet/posed_images/scene0410_00/00229.jpg",
      "transform_matrix": [
        [
          -0.983592,
          -0.035867,
          0.176807,
          1.784159
        ],
        [
          -0.175289,
          0.421817,
          -0.889575,
          0.908347
        ],
        [
          -0.042673,
          -0.905971,
          -0.421183,
          1.298579
        ],
        [
          0.0,
          0.0,
          0.0,
          1.0
        ]
      ]
    },
    {
      "file_path": "/media/NFS/ttao/scannet/posed_images/scene0410_00/00234.jpg",
      "transform_matrix": [
        [
          -0.987727,
          -0.034163,
          0.152407,
          1.816249
        ],
        [
          -0.151938,
          0.436271,
          -0.886895,
          0.913558
        ],
        [
          -0.036192,
          -0.899167,
          -0.436107,
          1.268475
        ],
        [
          0.0,
          0.0,
          0.0,
          1.0
        ]
      ]
    },
    {
      "file_path": "/media/NFS/ttao/scannet/posed_images/scene0410_00/00240.jpg",
      "transform_matrix": [
        [
          -0.991419,
          -0.044892,
          0.122769,
          1.836848
        ],
        [
          -0.13006,
          0.432936,
          -0.891993,
          0.920387
        ],
        [
          -0.013108,
          -0.900306,
          -0.43506,
          1.199024
        ],
        [
          0.0,
          0.0,
          0.0,
          1.0
        ]
      ]
    },
    {
      "file_path": "/media/NFS/ttao/scannet/posed_images/scene0410_00/00243.jpg",
      "transform_matrix": [
        [
          -0.991156,
          -0.050818,
          0.122587,
          1.840906
        ],
        [
          -0.13247,
          0.433562,
          -0.891334,
          0.925005
        ],
        [
          -0.007853,
          -0.89969,
          -0.436459,
          1.162864
        ],
        [
          0.0,
          0.0,
          0.0,
          1.0
        ]
      ]
    },
    {
      "file_path": "/media/NFS/ttao/scannet/posed_images/scene0410_00/00250.jpg",
      "transform_matrix": [
        [
          -0.986349,
          -0.069124,
          0.149457,
          1.848987
        ],
        [
          -0.164654,
          0.425865,
          -0.889679,
          0.93995
        ],
        [
          -0.00215,
          -0.902143,
          -0.431433,
          1.074073
        ],
        [
          0.0,
          0.0,
          0.0,
          1.0
        ]
      ]
    },
    {
      "file_path": "/media/NFS/ttao/scannet/posed_images/scene0410_00/00256.jpg",
      "transform_matrix": [
        [
          -0.981405,
          -0.081347,
          0.173861,
          1.846737
        ],
        [
          -0.191743,
          0.45755,
          -0.868264,
          0.953252
        ],
        [
          -0.008919,
          -0.885455,
          -0.46464,
          0.991763
        ],
        [
          0.0,
          0.0,
          0.0,
          1.0
        ]
      ]
    },
    {
      "file_path": "/media/NFS/ttao/scannet/posed_images/scene0410_00/00262.jpg",
      "transform_matrix": [
        [
          -0.973985,
          -0.1059,
          0.200346,
          1.838754
        ],
        [
          -0.226471,
          0.423668,
          -0.87705,
          0.976603
        ],
        [
          0.008,
          -0.899606,
          -0.43663,
          0.89885
        ],
        [
          0.0,
          0.0,
          0.0,
          1.0
        ]
      ]
    },
    {
      "file_path": "/media/NFS/ttao/scannet/posed_images/scene0410_00/00266.jpg",
      "transform_matrix": [
        [
          -0.971946,
          -0.107828,
          0.20903,
          1.839189
        ],
        [
          -0.234979,
          0.406431,
          -0.882949,
          0.985728
        ],
        [
          0.01025,
          -0.907297,
          -0.420367,
          0.846884
        ],
        [
          0.0,
          0.0,
          0.0,
          1.0
        ]
      ]
    },
    {
      "file_path": "/media/NFS/ttao/scannet/posed_images/scene0410_00/00267.jpg",
      "transform_matrix": [
        [
          -0.971375,
          -0.103694,
          0.213726,
          1.839355
        ],
        [
          -0.237478,
          0.401244,
          -0.884651,
          0.987602
        ],
        [
          0.005976,
          -0.910083,
          -0.414383,
          0.835731
        ],
        [
          0.0,
          0.0,
          0.0,
          1.0
        ]
      ]
    },
    {
      "file_path": "/media/NFS/ttao/scannet/posed_images/scene0410_00/00276.jpg",
      "transform_matrix": [
        [
          -0.970051,
          -0.064206,
          0.234263,
          1.83351
        ],
        [
          -0.239785,
          0.407124,
          -0.881336,
          1.000028
        ],
        [
          -0.038787,
          -0.911114,
          -0.410326,
          0.738156
        ],
        [
          0.0,
          0.0,
          0.0,
          1.0
        ]
      ]
    },
    {
      "file_path": "/media/NFS/ttao/scannet/posed_images/scene0410_00/00278.jpg",
      "transform_matrix": [
        [
          -0.967807,
          -0.070554,
          0.241602,
          1.833955
        ],
        [
          -0.2496,
          0.392582,
          -0.8852,
          1.004908
        ],
        [
          -0.032394,
          -0.917007,
          -0.397554,
          0.723663
        ],
        [
          0.0,
          0.0,
          0.0,
          1.0
        ]
      ]
    },
    {
      "file_path": "/media/NFS/ttao/scannet/posed_images/scene0410_00/00285.jpg",
      "transform_matrix": [
        [
          -0.958426,
          -0.101845,
          0.266548,
          1.839206
        ],
        [
          -0.285136,
          0.377392,
          -0.881064,
          1.016427
        ],
        [
          -0.010861,
          -0.920436,
          -0.390742,
          0.68406
        ],
        [
          0.0,
          0.0,
          0.0,
          1.0
        ]
      ]
    },
    {
      "file_path": "/media/NFS/ttao/scannet/posed_images/scene0410_00/00286.jpg",
      "transform_matrix": [
        [
          -0.958155,
          -0.104144,
          0.266633,
          1.839122
        ],
        [
          -0.286101,
          0.378558,
          -0.88025,
          1.016674
        ],
        [
          -0.009263,
          -0.9197,
          -0.392513,
          0.682406
        ],
        [
          0.0,
          0.0,
          0.0,
          1.0
        ]
      ]
    },
    {
      "file_path": "/media/NFS/ttao/scannet/posed_images/scene0410_00/00293.jpg",
      "transform_matrix": [
        [
          -0.961724,
          -0.117533,
          0.247533,
          1.842518
        ],
        [
          -0.273988,
          0.426045,
          -0.862216,
          0.999329
        ],
        [
          -0.004121,
          -0.897035,
          -0.44194,
          0.7532
        ],
        [
          0.0,
          0.0,
          0.0,
          1.0
        ]
      ]
    },
    {
      "file_path": "/media/NFS/ttao/scannet/posed_images/scene0410_00/00296.jpg",
      "transform_matrix": [
        [
          -0.960208,
          -0.147583,
          0.237108,
          1.835388
        ],
        [
          -0.278352,
          0.436314,
          -0.855658,
          0.991223
        ],
        [
          0.022827,
          -0.887609,
          -0.460032,
          0.807504
        ],
        [
          0.0,
          0.0,
          0.0,
          1.0
        ]
      ]
    },
    {
      "file_path": "/media/NFS/ttao/scannet/posed_images/scene0410_00/00303.jpg",
      "transform_matrix": [
        [
          -0.950312,
          -0.184786,
          0.250521,
          1.778949
        ],
        [
          -0.308444,
          0.45019,
          -0.837969,
          0.977016
        ],
        [
          0.042063,
          -0.873603,
          -0.484817,
          0.954996
        ],
        [
          0.0,
          0.0,
          0.0,
          1.0
        ]
      ]
    },
    {
      "file_path": "/media/NFS/ttao/scannet/posed_images/scene0410_00/00309.jpg",
      "transform_matrix": [
        [
          -0.929034,
          -0.228691,
          0.290853,
          1.715989
        ],
        [
          -0.367475,
          0.478767,
          -0.797336,
          0.963902
        ],
        [
          0.043093,
          -0.847633,
          -0.52883,
          1.065099
        ],
        [
          0.0,
          0.0,
          0.0,
          1.0
        ]
      ]
    },
    {
      "file_path": "/media/NFS/ttao/scannet/posed_images/scene0410_00/00311.jpg",
      "transform_matrix": [
        [
          -0.911221,
          -0.245235,
          0.330964,
          1.684126
        ],
        [
          -0.411093,
          0.490542,
          -0.768357,
          0.958122
        ],
        [
          0.026076,
          -0.836199,
          -0.547806,
          1.107536
        ],
        [
          0.0,
          0.0,
          0.0,
          1.0
        ]
      ]
    },
    {
      "file_path": "/media/NFS/ttao/scannet/posed_images/scene0410_00/00319.jpg",
      "transform_matrix": [
        [
          -0.830822,
          -0.293888,
          0.472615,
          1.619464
        ],
        [
          -0.556445,
          0.454172,
          -0.69577,
          0.939313
        ],
        [
          -0.01017,
          -0.841046,
          -0.540869,
          1.172654
        ],
        [
          0.0,
          0.0,
          0.0,
          1.0
        ]
      ]
    },
    {
      "file_path": "/media/NFS/ttao/scannet/posed_images/scene0410_00/00321.jpg",
      "transform_matrix": [
        [
          -0.824314,
          -0.312292,
          0.472208,
          1.60745
        ],
        [
          -0.566133,
          0.454525,
          -0.687678,
          0.933484
        ],
        [
          0.000126,
          -0.834195,
          -0.55147,
          1.179721
        ],
        [
          0.0,
          0.0,
          0.0,
          1.0
        ]
      ]
    },
    {
      "file_path": "/media/NFS/ttao/scannet/posed_images/scene0410_00/00328.jpg",
      "transform_matrix": [
        [
          -0.86878,
          -0.292318,
          0.399715,
          1.543351
        ],
        [
          -0.495012,
          0.490486,
          -0.717208,
          0.896424
        ],
        [
          0.013598,
          -0.820959,
          -0.570825,
          1.201429
        ],
        [
          0.0,
          0.0,
          0.0,
          1.0
        ]
      ]
    },
    {
      "file_path": "/media/NFS/ttao/scannet/posed_images/scene0410_00/00334.jpg",
      "transform_matrix": [
        [
          -0.885076,
          -0.246102,
          0.395062,
          1.465644
        ],
        [
          -0.464291,
          0.52658,
          -0.712143,
          0.851812
        ],
        [
          -0.032771,
          -0.813725,
          -0.580326,
          1.221404
        ],
        [
          0.0,
          0.0,
          0.0,
          1.0
        ]
      ]
    },
    {
      "file_path": "/media/NFS/ttao/scannet/posed_images/scene0410_00/00338.jpg",
      "transform_matrix": [
        [
          -0.870216,
          -0.241511,
          0.429414,
          1.409958
        ],
        [
          -0.488921,
          0.530663,
          -0.692353,
          0.81555
        ],
        [
          -0.060663,
          -0.812446,
          -0.579872,
          1.226436
        ],
        [
          0.0,
          0.0,
          0.0,
          1.0
        ]
      ]
    },
    {
      "file_path": "/media/NFS/ttao/scannet/posed_images/scene0410_00/00342.jpg",
      "transform_matrix": [
        [
          -0.838141,
          -0.249533,
          0.485029,
          1.351311
        ],
        [
          -0.538807,
          0.517156,
          -0.665009,
          0.777061
        ],
        [
          -0.084894,
          -0.818708,
          -0.567899,
          1.22416
        ],
        [
          0.0,
          0.0,
          0.0,
          1.0
        ]
      ]
    },
    {
      "file_path": "/media/NFS/ttao/scannet/posed_images/scene0410_00/00344.jpg",
      "transform_matrix": [
        [
          -0.818957,
          -0.268142,
          0.507355,
          1.324391
        ],
        [
          -0.567256,
          0.511956,
          -0.645075,
          0.757103
        ],
        [
          -0.086771,
          -0.816089,
          -0.571375,
          1.222085
        ],
        [
          0.0,
          0.0,
          0.0,
          1.0
        ]
      ]
    },
    {
      "file_path": "/media/NFS/ttao/scannet/posed_images/scene0410_00/00349.jpg",
      "transform_matrix": [
        [
          -0.77139,
          -0.323616,
          0.547933,
          1.252594
        ],
        [
          -0.631421,
          0.496337,
          -0.595783,
          0.709852
        ],
        [
          -0.079155,
          -0.805557,
          -0.587207,
          1.211072
        ],
        [
          0.0,
          0.0,
          0.0,
          1.0
        ]
      ]
    },
    {
      "file_path": "/media/NFS/ttao/scannet/posed_images/scene0410_00/00357.jpg",
      "transform_matrix": [
        [
          -0.702134,
          -0.412068,
          0.580695,
          1.162452
        ],
        [
          -0.706067,
          0.508377,
          -0.492974,
          0.652263
        ],
        [
          -0.092073,
          -0.756143,
          -0.647897,
          1.164572
        ],
        [
          0.0,
          0.0,
          0.0,
          1.0
        ]
      ]
    },
    {
      "file_path": "/media/NFS/ttao/scannet/posed_images/scene0410_00/00358.jpg",
      "transform_matrix": [
        [
          -0.703201,
          -0.404157,
          0.58495,
          1.15433
        ],
        [
          -0.704002,
          0.510877,
          -0.493342,
          0.645591
        ],
        [
          -0.09945,
          -0.758724,
          -0.643776,
          1.157337
        ],
        [
          0.0,
          0.0,
          0.0,
          1.0
        ]
      ]
    },
    {
      "file_path": "/media/NFS/ttao/scannet/posed_images/scene0410_00/00364.jpg",
      "transform_matrix": [
        [
          -0.692797,
          -0.406865,
          0.595394,
          1.114835
        ],
        [
          -0.713917,
          0.503477,
          -0.486656,
          0.609556
        ],
        [
          -0.101764,
          -0.762215,
          -0.639274,
          1.101109
        ],
        [
          0.0,
          0.0,
          0.0,
          1.0
        ]
      ]
    },
    {
      "file_path": "/media/NFS/ttao/scannet/posed_images/scene0410_00/00370.jpg",
      "transform_matrix": [
        [
          -0.67957,
          -0.404745,
          0.611854,
          1.082645
        ],
        [
          -0.727251,
          0.48126,
          -0.489382,
          0.582924
