{
  "frames": [
    {
      "file_path": "/media/NFS/ttao/scannet/posed_images/scene0203_01/00000.jpg",
      "transform_matrix": [
        [
          0.972863,
          0.110832,
          -0.203113,
          3.853283
        ],
        [
          0.230685,
          -0.532775,
          0.814209,
          6.129856
        ],
        [
          -0.017973,
          -0.838968,
          -0.543884,
          1.364298
        ],
        [
          0.0,
          0.0,
          0.0,
          1.0
        ]
      ]
    },
    {
      "file_path": "/media/NFS/ttao/scannet/posed_images/scene0203_01/00004.jpg",
      "transform_matrix": [
        [
          0.97506,
          0.112557,
          -0.191282,
          3.857621
        ],
        [
          0.221939,
          -0.49846,
          0.838022,
          6.134183
        ],
        [
          -0.001021,
          -0.859574,
          -0.511009,
          1.366721
        ],
        [
          0.0,
          0.0,
          0.0,
          1.0
        ]
      ]
    },
    {
      "file_path": "/media/NFS/ttao/scannet/posed_images/scene0203_01/00012.jpg",
      "transform_matrix": [
        [
          0.985202,
          0.080969,
          -0.151068,
          3.868693
        ],
        [
          0.171195,
          -0.507829,
          0.844276,
          6.15289
        ],
        [
          -0.008356,
          -0.857644,
          -0.514175,
          1.364403
        ],
        [
          0.0,
          0.0,
          0.0,
          1.0
        ]
      ]
    },
    {
      "file_path": "/media/NFS/ttao/scannet/posed_images/scene0203_01/00013.jpg",
      "transform_matrix": [
        [
          0.985941,
          0.080615,
          -0.146364,
          3.869613
        ],
        [
          0.166991,
          -0.506467,
          0.845934,
          6.156155
        ],
        [
          -0.005934,
          -0.858482,
          -0.512808,
          1.367331
        ],
        [
          0.0,
          0.0,
          0.0,
          1.0
        ]
      ]
    },
    {
      "file_path": "/media/NFS/ttao/scannet/posed_images/scene0203_01/00022.jpg",
      "transform_matrix": [
        [
          0.994462,
          0.097198,
          0.039968,
          3.880836
        ],
        [
          0.005567,
          -0.42849,
          0.903529,
          6.186934
        ],
        [
          0.104947,
          -0.898303,
          -0.426658,
          1.41372
        ],
        [
          0.0,
          0.0,
          0.0,
          1.0
        ]
      ]
    },
    {
      "file_path": "/media/NFS/ttao/scannet/posed_images/scene0203_01/00026.jpg",
      "transform_matrix": [
        [
          0.990429,
          0.073446,
          0.116859,
          3.878267
        ],
        [
          -0.076509,
          -0.412532,
          0.907724,
          6.203247
        ],
        [
          0.114877,
          -0.907977,
          -0.402965,
          1.418393
        ],
        [
          0.0,
          0.0,
          0.0,
          1.0
        ]
      ]
    },
    {
      "file_path": "/media/NFS/ttao/scannet/posed_images/scene0203_01/00032.jpg",
      "transform_matrix": [
        [
          0.981908,
          0.024729,
          0.187737,
          3.884771
        ],
        [
          -0.161682,
          -0.406588,
          0.899191,
          6.234907
        ],
        [
          0.098567,
          -0.913277,
          -0.395234,
          1.429016
        ],
        [
          0.0,
          0.0,
          0.0,
          1.0
        ]
      ]
    },
    {
      "file_path": "/media/NFS/ttao/scannet/posed_images/scene0203_01/00035.jpg",
      "transform_matrix": [
        [
          0.981431,
          0.009321,
          0.191591,
          3.887026
        ],
        [
          -0.17033,
          -0.416992,
          0.892808,
          6.247643
        ],
        [
          0.088214,
          -0.908862,
          -0.407661,
          1.429062
        ],
        [
          0.0,
          0.0,
          0.0,
          1.0
        ]
      ]
    },
    {
      "file_path": "/media/NFS/ttao/scannet/posed_images/scene0203_01/00038.jpg",
      "transform_matrix": [
        [
          0.981532,
          -0.001433,
          0.191295,
          3.889598
        ],
        [
          -0.173902,
          -0.423358,
          0.889115,
          6.254137
        ],
        [
          0.079712,
          -0.905961,
          -0.415789,
          1.432896
        ],
        [
          0.0,
          0.0,
          0.0,
          1.0
        ]
      ]
    },
    {
      "file_path": "/media/NFS/ttao/scannet/posed_images/scene0203_01/00043.jpg",
      "transform_matrix": [
        [
          0.976678,
          0.005398,
          0.214642,
          3.887536
        ],
        [
          -0.194423,
          -0.401943,
          0.894786,
          6.257038
        ],
        [
          0.091104,
          -0.915649,
          -0.391519,
          1.44878
        ],
        [
          0.0,
          0.0,
          0.0,
          1.0
        ]
      ]
    },
    {
      "file_path": "/media/NFS/ttao/scannet/posed_images/scene0203_01/00048.jpg",
      "transform_matrix": [
        [
          0.967589,
          0.059576,
          0.245402,
          3.878347
        ],
        [
          -0.211719,
          -0.338307,
          0.91691,
          6.266809
        ],
        [
          0.137647,
          -0.939148,
          -0.314728,
          1.490489
        ],
        [
          0.0,
          0.0,
          0.0,
          1.0
        ]
      ]
    },
    {
      "file_path": "/media/NFS/ttao/scannet/posed_images/scene0203_01/00056.jpg",
      "transform_matrix": [
        [
          0.913124,
          0.089726,
          0.397686,
          3.851543
        ],
        [
          -0.371798,
          -0.216897,
          0.902619,
          6.31366
        ],
        [
          0.167245,
          -0.972062,
          -0.164693,
          1.545658
        ],
        [
          0.0,
          0.0,
          0.0,
          1.0
        ]
      ]
    },
    {
      "file_path": "/media/NFS/ttao/scannet/posed_images/scene0203_01/00060.jpg",
      "transform_matrix": [
        [
          0.83842,
          0.02116,
          0.544613,
          3.857016
        ],
        [
          -0.531879,
          -0.186368,
          0.826058,
          6.355221
        ],
        [
          0.118977,
          -0.982252,
          -0.145,
          1.568917
        ],
        [
          0.0,
          0.0,
          0.0,
          1.0
        ]
      ]
    },
    {
      "file_path": "/media/NFS/ttao/scannet/posed_images/scene0203_01/00065.jpg",
      "transform_matrix": [
        [
          0.713846,
          -0.021369,
          0.699977,
          3.845685
        ],
        [
          -0.695093,
          -0.143308,
          0.704491,
          6.393109
        ],
        [
          0.085257,
          -0.989447,
          -0.117153,
          1.594952
        ],
        [
          0.0,
          0.0,
          0.0,
          1.0
        ]
      ]
    },
    {
      "file_path": "/media/NFS/ttao/scannet/posed_images/scene0203_01/00070.jpg",
      "transform_matrix": [
        [
          0.611492,
          0.004283,
          0.791239,
          3.853738
        ],
        [
          -0.782365,
          -0.146171,
          0.605425,
          6.381662
        ],
        [
          0.118249,
          -0.98925,
          -0.086032,
          1.602008
        ],
        [
          0.0,
          0.0,
          0.0,
          1.0
        ]
      ]
    },
    {
      "file_path": "/media/NFS/ttao/scannet/posed_images/scene0203_01/00075.jpg",
      "transform_matrix": [
        [
          0.457552,
          -0.003949,
          0.889174,
          3.847537
        ],
        [
          -0.878754,
          -0.154712,
          0.451503,
          6.37358
        ],
        [
          0.135782,
          -0.987952,
          -0.074259,
          1.616864
        ],
        [
          0.0,
          0.0,
          0.0,
          1.0
        ]
      ]
    },
    {
      "file_path": "/media/NFS/ttao/scannet/posed_images/scene0203_01/00081.jpg",
      "transform_matrix": [
        [
          0.336409,
          -0.079018,
          0.938395,
          3.864491
        ],
        [
          -0.936018,
          -0.137515,
          0.323977,
          6.29947
        ],
        [
          0.103443,
          -0.987343,
          -0.120223,
          1.612588
        ],
        [
          0.0,
          0.0,
          0.0,
          1.0
        ]
      ]
    },
    {
      "file_path": "/media/NFS/ttao/scannet/posed_images/scene0203_01/00082.jpg",
      "transform_matrix": [
        [
          0.315189,
          -0.088369,
          0.944906,
          3.859507
        ],
        [
          -0.943784,
          -0.133723,
          0.302309,
          6.301013
        ],
        [
          0.09964,
          -0.987071,
          -0.125549,
          1.612785
        ],
        [
          0.0,
          0.0,
          0.0,
          1.0
        ]
      ]
    },
    {
      "file_path": "/media/NFS/ttao/scannet/posed_images/scene0203_01/00086.jpg",
      "transform_matrix": [
        [
          0.226242,
          -0.148739,
          0.962648,
          3.84157
        ],
        [
          -0.97181,
          -0.10176,
          0.212673,
          6.290021
        ],
        [
          0.066326,
          -0.983627,
          -0.167568,
          1.601006
        ],
        [
          0.0,
          0.0,
          0.0,
          1.0
        ]
      ]
    },
    {
      "file_path": "/media/NFS/ttao/scannet/posed_images/scene0203_01/00092.jpg",
      "transform_matrix": [
        [
          0.159169,
          -0.238741,
          0.95795,
          3.824594
        ],
        [
          -0.986954,
          -0.062279,
          0.148467,
          6.212062
        ],
        [
          0.024215,
          -0.969084,
          -0.245539,
          1.581775
        ],
        [
          0.0,
          0.0,
          0.0,
          1.0
        ]
      ]
    },
    {
      "file_path": "/media/NFS/ttao/scannet/posed_images/scene0203_01/00100.jpg",
      "transform_matrix": [
        [
          0.063461,
          -0.363043,
          0.929609,
          3.762782
        ],
        [
          -0.996794,
          0.022423,
          0.076804,
          6.193842
        ],
        [
          -0.048727,
          -0.931503,
          -0.360456,
          1.505306
        ],
        [
          0.0,
          0.0,
          0.0,
          1.0
        ]
      ]
    },
    {
      "file_path": "/media/NFS/ttao/scannet/posed_images/scene0203_01/00101.jpg",
      "transform_matrix": [
        [
          0.053034,
          -0.373107,
          0.926271,
          3.754638
        ],
        [
          -0.997033,
          0.032034,
          0.06999,
          6.1956
        ],
        [
          -0.055786,
          -0.927235,
          -0.370301,
          1.493302
        ],
        [
          0.0,
          0.0,
          0.0,
          1.0
        ]
      ]
    },
    {
      "file_path": "/media/NFS/ttao/scannet/posed_images/scene0203_01/00107.jpg",
      "transform_matrix": [
        [
          -0.018054,
          -0.468383,
          0.883341,
          3.71432
        ],
        [
          -0.997002,
          0.074919,
          0.019349,
          6.214024
        ],
        [
          -0.075242,
          -0.880343,
          -0.468331,
          1.455865
        ],
        [
          0.0,
          0.0,
          0.0,
          1.0
        ]
      ]
    },
    {
      "file_path": "/media/NFS/ttao/scannet/posed_images/scene0203_01/00111.jpg",
      "transform_matrix": [
        [
          -0.070886,
          -0.510426,
          0.856995,
          3.680957
        ],
        [
          -0.994953,
          0.097349,
          -0.024315,
          6.23735
        ],
        [
          -0.071016,
          -0.854394,
          -0.51475,
          1.391726
        ],
        [
          0.0,
          0.0,
          0.0,
          1.0
        ]
      ]
    },
    {
      "file_path": "/media/NFS/ttao/scannet/posed_images/scene0203_01/00116.jpg",
      "transform_matrix": [
        [
          -0.146601,
          -0.580018,
          0.801304,
          3.668889
        ],
        [
          -0.987413,
          0.134413,
          -0.083357,
          6.282619
        ],
        [
          -0.059357,
          -0.803438,
          -0.592423,
          1.37655
        ],
        [
          0.0,
          0.0,
          0.0,
          1.0
        ]
      ]
    },
    {
      "file_path": "/media/NFS/ttao/scannet/posed_images/scene0203_01/00125.jpg",
      "transform_matrix": [
        [
          -0.307332,
          -0.601162,
          0.737666,
          3.658083
        ],
        [
          -0.948967,
          0.251261,
          -0.190601,
          6.381595
        ],
        [
          -0.070764,
          -0.758598,
          -0.647704,
          1.361
        ],
        [
          0.0,
          0.0,
          0.0,
          1.0
        ]
      ]
    },
    {
      "file_path": "/media/NFS/ttao/scannet/posed_images/scene0203_01/00126.jpg",
      "transform_matrix": [
        [
          -0.320325,
          -0.595993,
          0.736332,
          3.653992
        ],
        [
          -0.944886,
          0.256555,
          -0.203394,
          6.3838
        ],
        [
          -0.067689,
          -0.760902,
          -0.645326,
          1.358579
        ],
        [
          0.0,
          0.0,
          0.0,
          1.0
        ]
      ]
    },
    {
      "file_path": "/media/NFS/ttao/scannet/posed_images/scene0203_01/00130.jpg",
      "transform_matrix": [
        [
          -0.418407,
          -0.575043,
          0.703037,
          3.637625
        ],
        [
          -0.906884,
          0.307089,
          -0.288543,
          6.406531
        ],
        [
          -0.04997,
          -0.758302,
          -0.649985,
          1.349501
        ],
        [
          0.0,
          0.0,
          0.0,
          1.0
        ]
      ]
    },
    {
      "file_path": "/media/NFS/ttao/scannet/posed_images/scene0203_01/00136.jpg",
      "transform_matrix": [
        [
          -0.560183,
          -0.527197,
          0.63895,
          3.634869
        ],
        [
          -0.827562,
          0.390207,
          -0.403584,
          6.4215
        ],
        [
          -0.036555,
          -0.754852,
          -0.654876,
          1.358274
        ],
        [
          0.0,
          0.0,
          0.0,
          1.0
        ]
      ]
    },
    {
      "file_path": "/media/NFS/ttao/scannet/posed_images/scene0203_01/00141.jpg",
      "transform_matrix": [
        [
          -0.635484,
          -0.500848,
          0.587633,
          3.595237
        ],
        [
          -0.771976,
          0.426555,
          -0.471279,
          6.398963
        ],
        [
          -0.014619,
          -0.753128,
          -0.657711,
          1.354645
        ],
        [
          0.0,
          0.0,
          0.0,
          1.0
        ]
      ]
    },
    {
      "file_path": "/media/NFS/ttao/scannet/posed_images/scene0203_01/00150.jpg",
      "transform_matrix": [
        [
          -0.794174,
          -0.424092,
          0.435241,
          3.563879
        ],
        [
          -0.607215,
          0.52545,
          -0.595981,
          6.361196
        ],
        [
          0.024053,
          -0.737597,
          -0.674813,
          1.373766
        ],
        [
          0.0,
          0.0,
          0.0,
          1.0
        ]
      ]
    },
    {
      "file_path": "/media/NFS/ttao/scannet/posed_images/scene0203_01/00154.jpg",
      "transform_matrix": [
        [
          -0.842015,
          -0.37717,
          0.385686,
          3.557277
        ],
        [
          -0.538819,
          0.553312,
          -0.635233,
          6.355936
        ],
        [
          0.026186,
          -0.74269,
          -0.669123,
          1.3728
        ],
        [
          0.0,
          0.0,
          0.0,
          1.0
        ]
      ]
    },
    {
      "file_path": "/media/NFS/ttao/scannet/posed_images/scene0203_01/00155.jpg",
      "transform_matrix": [
        [
          -0.858527,
          -0.359606,
          0.365535,
          3.560205
        ],
        [
          -0.51201,
          0.562425,
          -0.649249,
          6.35428
        ],
        [
          0.027888,
          -0.744555,
          -0.666979,
          1.37186
        ],
        [
          0.0,
          0.0,
          0.0,
          1.0
        ]
      ]
    },
    {
      "file_path": "/media/NFS/ttao/scannet/posed_images/scene0203_01/00161.jpg",
      "transform_matrix": [
        [
          -0.903109,
          -0.322895,
          0.283078,
          3.569305
        ],
        [
          -0.425979,
          0.590473,
          -0.685481,
          6.340032
        ],
        [
          0.054188,
          -0.739649,
          -0.670808,
          1.369308
        ],
        [
          0.0,
          0.0,
          0.0,
          1.0
        ]
      ]
    },
    {
      "file_path": "/media/NFS/ttao/scannet/posed_images/scene0203_01/00166.jpg",
      "transform_matrix": [
        [
          -0.93804,
          -0.28248,
          0.200714,
          3.592241
        ],
        [
          -0.338366,
          0.621696,
          -0.706401,
          6.308438
        ],
        [
          0.074761,
          -0.730547,
          -0.678757,
          1.361055
        ],
        [
          0.0,
          0.0,
          0.0,
          1.0
        ]
      ]
    },
    {
      "file_path": "/media/NFS/ttao/scannet/posed_images/scene0203_01/00170.jpg",
      "transform_matrix": [
        [
          -0.962313,
          -0.23744,
          0.132578,
          3.638165
        ],
        [
          -0.259707,
          0.657789,
          -0.707012,
          6.256194
        ],
        [
          0.080664,
          -0.714798,
          -0.694663,
          1.356285
        ],
        [
          0.0,
          0.0,
          0.0,
          1.0
        ]
      ]
    },
    {
      "file_path": "/media/NFS/ttao/scannet/posed_images/scene0203_01/00176.jpg",
      "transform_matrix": [
        [
          -0.976852,
          -0.183427,
          0.110063,
          3.747354
        ],
        [
          -0.206381,
          0.67279,
          -0.710465,
          6.129607
        ],
        [
          0.056269,
          -0.716734,
          -0.695072,
          1.374019
        ],
        [
          0.0,
          0.0,
          0.0,
          1.0
        ]
      ]
    },
    {
      "file_path": "/media/NFS/ttao/scannet/posed_images/scene0203_01/00182.jpg",
      "transform_matrix": [
        [
          -0.967425,
          -0.195157,
          0.161251,
          3.857853
        ],
        [
          -0.25145,
          0.666915,
          -0.701426,
          6.037704
        ],
        [
          0.029348,
          -0.719123,
          -0.694262,
          1.376661
        ],
        [
          0.0,
          0.0,
          0.0,
          1.0
        ]
      ]
    },
    {
      "file_path": "/media/NFS/ttao/scannet/posed_images/scene0203_01/00186.jpg",
      "transform_matrix": [
        [
          -0.965818,
          -0.200524,
          0.16427,
          3.926481
        ],
        [
          -0.257616,
          0.672133,
          -0.694169,
          5.971165
        ],
        [
          0.028787,
          -0.71276,
          -0.700817,
          1.376544
        ],
        [
          0.0,
          0.0,
          0.0,
          1.0
        ]
      ]
    },
    {
      "file_path": "/media/NFS/ttao/scannet/posed_images/scene0203_01/00191.jpg",
      "transform_matrix": [
        [
          -0.981049,
          -0.164529,
          0.102337,
          4.02014
        ],
        [
          -0.188185,
          0.683313,
          -0.705457,
          5.903038
        ],
        [
          0.04614,
          -0.711346,
          -0.701326,
          1.36743
        ],
        [
          0.0,
          0.0,
          0.0,
          1.0
        ]
      ]
    },
    {
      "file_path": "/media/NFS/ttao/scannet/posed_images/scene0203_01/00196.jpg",
      "transform_matrix": [
        [
          -0.99875,
          -0.047746,
          0.014795,
          4.121831
        ],
        [
          -0.043347,
          0.679903,
          -0.73202,
          5.824574
        ],
        [
          0.024892,
          -0.731746,
          -0.681123,
          1.366161
        ],
        [
          0.0,
          0.0,
          0.0,
          1.0
        ]
      ]
    },
    {
      "file_path": "/media/NFS/ttao/scannet/posed_images/scene0203_01/00202.jpg",
      "transform_matrix": [
        [
          -0.985547,
          0.076699,
          -0.151043,
          4.230432
        ],
        [
          0.163969,
          0.655895,
          -0.736829,
          5.739457
        ],
        [
          0.042555,
          -0.750946,
          -0.658991,
          1.37424
        ],
        [
          0.0,
          0.0,
          0.0,
          1.0
        ]
      ]
    },
    {
      "file_path": "/media/NFS/ttao/scannet/posed_images/scene0203_01/00208.jpg",
      "transform_matrix": [
        [
          -0.948958,
          0.181998,
          -0.257595,
          4.292505
        ],
        [
          0.313178,
          0.640546,
          -0.701156,
          5.628799
        ],
        [
          0.037393,
          -0.746041,
          -0.664849,
          1.380337
        ],
        [
          0.0,
          0.0,
          0.0,
          1.0
        ]
      ]
    },
    {
      "file_path": "/media/NFS/ttao/scannet/posed_images/scene0203_01/00210.jpg",
      "transform_matrix": [
        [
          -0.933212,
          0.220829,
          -0.283463,
          4.300722
        ],
        [
          0.358045,
          0.638057,
          -0.681679,
          5.58084
        ],
        [
          0.030331,
          -0.737643,
          -0.674509,
          1.374424
        ],
        [
          0.0,
          0.0,
          0.0,
          1.0
        ]
      ]
    },
    {
      "file_path": "/media/NFS/ttao/scannet/posed_images/scene0203_01/00216.jpg",
      "transform_matrix": [
        [
          -0.871761,
          0.337811,
          -0.354847,
          4.321842
        ],
        [
          0.48981,
          0.584845,
          -0.646562,
          5.455452
        ],
        [
          -0.010885,
          -0.737455,
          -0.675309,
          1.365672
        ],
        [
          0.0,
          0.0,
          0.0,
          1.0
        ]
      ]
    },
    {
      "file_path": "/media/NFS/ttao/scannet/posed_images/scene0203_01/00221.jpg",
      "transform_matrix": [
        [
          -0.817041,
          0.407163,
          -0.408244,
          4.313344
        ],
        [
          0.576158,
          0.549481,
          -0.605072,
          5.362803
        ],
        [
          -0.022041,
          -0.729582,
          -0.683538,
          1.374462
        ],
        [
          0.0,
          0.0,
          0.0,
          1.0
        ]
      ]
    },
    {
      "file_path": "/media/NFS/ttao/scannet/posed_images/scene0203_01/00226.jpg",
      "transform_matrix": [
        [
          -0.744291,
          0.461569,
          -0.482686,
          4.271956
        ],
        [
          0.666357,
          0.464861,
          -0.582985,
          5.292278
        ],
        [
          -0.044706,
          -0.755552,
          -0.653562,
          1.387814
        ],
        [
          0.0,
          0.0,
          0.0,
          1.0
        ]
      ]
    },
    {
      "file_path": "/media/NFS/ttao/scannet/posed_images/scene0203_01/00230.jpg",
      "transform_matrix": [
        [
          -0.647925,
          0.515727,
          -0.560552,
          4.235099
        ],
        [
          0.757456,
          0.358637,
          -0.545563,
          5.251112
        ],
        [
          -0.080327,
          -0.778078,
          -0.623011,
          1.400219
        ],
        [
          0.0,
          0.0,
          0.0,
          1.0
        ]
      ]
    },
    {
      "file_path": "/media/NFS/ttao/scannet/posed_images/scene0203_01/00236.jpg",
      "transform_matrix": [
        [
          -0.475071,
          0.552189,
          -0.685124,
          4.205454
        ],
        [
          0.87257,
          0.195011,
          -0.447875,
          5.195103
        ],
        [
          -0.113704,
          -0.810591,
          -0.574468,
          1.409333
        ],
        [
          0.0,
          0.0,
          0.0,
          1.0
        ]
      ]
    },
    {
      "file_path": "/media/NFS/ttao/scannet/posed_images/scene0203_01/00240.jpg",
      "transform_matrix": [
        [
          -0.368928,
          0.556229,
          -0.744649,
          4.184273
        ],
        [
          0.927463,
          0.167849,
          -0.334123,
          5.137028
        ],
        [
          -0.06086,
          -0.813902,
          -0.577806,
          1.423426
        ],
        [
          0.0,
          0.0,
          0.0,
          1.0
        ]
      ]
    },
    {
      "file_path": "/media/NFS/ttao/scannet/posed_images/scene0203_01/00246.jpg",
      "transform_matrix": [
        [
          -0.24983,
          0.517856,
          -0.818175,
          4.162368
        ],
        [
          0.967549,
          0.100458,
          -0.231857,
          5.102911
        ],
        [
          -0.037876,
          -0.849549,
          -0.526148,
          1.44809
        ],
        [
          0.0,
          0.0,
          0.0,
          1.0
        ]
      ]
    },
    {
      "file_path": "/media/NFS/ttao/scannet/posed_images/scene0203_01/00251.jpg",
      "transform_matrix": [
        [
          -0.172985,
          0.492698,
          -0.852834,
          4.147173
        ],
        [
          0.983925,
          0.047453,
          -0.172161,
          5.134991
        ],
        [
          -0.044354,
          -0.868906,
          -0.492986,
          1.463885
        ],
        [
          0.0,
          0.0,
          0.0,
          1.0
        ]
      ]
    },
    {
      "file_path": "/media/NFS/ttao/scannet/posed_images/scene0203_01/00255.jpg",
      "transform_matrix": [
        [
          -0.088438,
          0.480078,
          -0.872757,
          4.142714
        ],
        [
          0.994398,
          -0.00837,
          -0.105368,
          5.160577
        ],
        [
          -0.05789,
          -0.877186,
          -0.476648,
          1.476181
        ],
        [
          0.0,
          0.0,
          0.0,
          1.0
        ]
      ]
    },
    {
      "file_path": "/media/NFS/ttao/scannet/posed_images/scene0203_01/00261.jpg",
      "transform_matrix": [
        [
          0.044678,
          0.448965,
          -0.892432,
          4.146862
        ],
        [
          0.996489,
          -0.08334,
          0.007961,
          5.235141
        ],
        [
          -0.070801,
          -0.889655,
          -0.451112,
          1.477368
        ],
        [
          0.0,
          0.0,
          0.0,
          1.0
        ]
      ]
    },
    {
      "file_path": "/media/NFS/ttao/scannet/posed_images/scene0203_01/00265.jpg",
      "transform_matrix": [
        [
          0.149973,
          0.440108,
          -0.885332,
          4.140913
        ],
        [
          0.986404,
          -0.127469,
          0.103728,
          5.276064
        ],
        [
          -0.067201,
          -0.888851,
          -0.453241,
          1.485639
        ],
        [
          0.0,
          0.0,
          0.0,
          1.0
        ]
      ]
    },
    {
      "file_path": "/media/NFS/ttao/scannet/posed_images/scene0203_01/00271.jpg",
      "transform_matrix": [
        [
          0.257539,
          0.425424,
          -0.867576,
          4.144529
        ],
        [
          0.963942,
          -0.175377,
          0.200148,
          5.33865
        ],
        [
          -0.067005,
          -0.887839,
          -0.455251,
          1.480753
        ],
        [
          0.0,
          0.0,
          0.0,
          1.0
        ]
      ]
    },
    {
      "file_path": "/media/NFS/ttao/scannet/posed_images/scene0203_01/00276.jpg",
      "transform_matrix": [
        [
          0.332277,
          0.403257,
          -0.852629,
          4.145142
        ],
        [
          0.94117,
          -0.200773,
          0.271825,
          5.376934
        ],
        [
          -0.061569,
          -0.89279,
          -0.446246,
          1.492167
        ],
        [
          0.0,
          0.0,
          0.0,
          1.0
        ]
      ]
    },
    {
      "file_path": "/media/NFS/ttao/scannet/posed_images/scene0203_01/00281.jpg",
      "transform_matrix": [
        [
          0.35234,
          0.349876,
          -0.868011,
          4.161354
        ],
        [
          0.935457,
          -0.159296,
          0.315509,
          5.409192
        ],
        [
          -0.027882,
          -0.923153,
          -0.38342,
          1.504966
        ],
        [
          0.0,
          0.0,
          0.0,
          1.0
        ]
      ]
    },
    {
      "file_path": "/media/NFS/ttao/scannet/posed_images/scene0203_01/00286.jpg",
      "transform_matrix": [
        [
          0.342063,
          0.276296,
          -0.898139,
          4.177322
        ],
        [
          0.939662,
          -0.0951,
          0.328622,
          5.420922
        ],
        [
          0.005384,
          -0.956356,
          -0.292155,
          1.540073
        ],
        [
          0.0,
          0.0,
          0.0,
          1.0
        ]
      ]
    },
    {
      "file_path": "/media/NFS/ttao/scannet/posed_images/scene0203_01/00290.jpg",
      "transform_matrix": [
        [
          0.326196,
          0.202439,
          -0.923372,
          4.210051
        ],
        [
          0.945242,
          -0.058855,
          0.321019,
          5.437966
        ],
        [
          0.010641,
          -0.977525,
          -0.210552,
          1.547633
        ],
        [
          0.0,
          0.0,
          0.0,
          1.0
        ]
      ]
    },
    {
      "file_path": "/media/NFS/ttao/scannet/posed_images/scene0203_01/00295.jpg",
      "transform_matrix": [
        [
          0.342161,
          0.159633,
          -0.925982,
          4.231725
        ],
        [
          0.939463,
          -0.038892,
          0.340437,
          5.440934
        ],
        [
          0.018331,
          -0.98641,
          -0.163277,
          1.569178
        ],
        [
          0.0,
          0.0,
          0.0,
          1.0
        ]
      ]
    },
    {
      "file_path": "/media/NFS/ttao/scannet/posed_images/scene0203_01/00301.jpg",
      "transform_matrix": [
        [
          0.380213,
          0.13212,
          -0.915414,
          4.255559
        ],
        [
          0.924765,
          -0.037463,
          0.37869,
          5.463695
        ],
        [
          0.015739,
          -0.990525,
          -0.136423,
          1.580983
        ],
        [
          0.0,
          0.0,
          0.0,
          1.0
        ]
      ]
    },
    {
      "file_path": "/media/NFS/ttao/scannet/posed_images/scene0203_01/00302.jpg",
      "transform_matrix": [
        [
          0.391776,
          0.130076,
          -0.91082,
          4.259607
        ],
        [
          0.91991,
          -0.037468,
          0.390335,
          5.46666
        ],
        [
          0.016647,
          -0.990796,
          -0.134337,
          1.576796
        ],
        [
          0.0,
          0.0,
          0.0,
          1.0
        ]
      ]
    },
    {
      "file_path": "/media/NFS/ttao/scannet/posed_images/scene0203_01/00311.jpg",
      "transform_matrix": [
        [
          0.597562,
          0.153184,
          -0.787054,
          4.353831
        ],
        [
          0.801823,
          -0.113686,
          0.586648,
          5.465953
        ],
        [
          0.000388,
          -0.981636,
          -0.19076,
          1.552086
        ],
        [
          0.0,
          0.0,
          0.0,
          1.0
        ]
      ]
    },
    {
      "file_path": "/media/NFS/ttao/scannet/posed_images/scene0203_01/00315.jpg",
      "transform_matrix": [
        [
          0.70837,
          0.191296,
          -0.679425,
          4.338536
        ],
        [
          0.705795,
          -0.180908,
          0.684928,
          5.401012
        ],
        [
          0.008111,
          -0.964717,
          -0.263165,
          1.558714
        ],
        [
          0.0,
          0.0,
          0.0,
          1.0
        ]
      ]
    },
    {
      "file_path": "/media/NFS/ttao/scannet/posed_images/scene0203_01/00320.jpg",
      "transform_matrix": [
        [
          0.784543,
          0.202087,
          -0.58622,
          4.407335
        ],
        [
          0.619807,
          -0.227784,
          0.750968,
          5.364786
        ],
        [
          0.018229,
          -0.95251,
          -0.303961,
          1.504927
        ],
        [
          0.0,
          0.0,
          0.0,
          1.0
        ]
      ]
    },
    {
      "file_path": "/media/NFS/ttao/scannet/posed_images/scene0203_01/00321.jpg",
      "transform_matrix": [
        [
          0.793733,
          0.202744,
          -0.573484,
          4.413468
        ],
        [
          0.608073,
          -0.240649,
          0.756529,
          5.365142
        ],
        [
          0.015374,
          -0.949201,
          -0.314294,
          1.516878
        ],
        [
          0.0,
          0.0,
          0.0,
          1.0
        ]
      ]
    },
    {
      "file_path": "/media/NFS/ttao/scannet/posed_images/scene0203_01/00330.jpg",
      "transform_matrix": [
        [
          0.875588,
          0.191749,
          -0.443371,
          4.522752
        ],
        [
          0.482583,
          -0.306477,
          0.820479,
          5.352095
        ],
        [
          0.021443,
          -0.932365,
          -0.360882,
          1.46818
        ],
        [
          0.0,
          0.0,
          0.0,
          1.0
        ]
      ]
    },
    {
      "file_path": "/media/NFS/ttao/scannet/posed_images/scene0203_01/00333.jpg",
      "transform_matrix": [
        [
          0.903794,
          0.190315,
          -0.383324,
          4.518829
        ],
        [
          0.42661,
          -0.329299,
          0.842358,
          5.337202
        ],
        [
          0.034085,
          -0.924847,
          -0.378808,
          1.465036
        ],
        [
          0.0,
          0.0,
          0.0,
          1.0
        ]
      ]
    },
    {
      "file_path": "/media/NFS/ttao/scannet/posed_images/scene0203_01/00340.jpg",
      "transform_matrix": [
        [
          0.946631,
          0.151629,
          -0.284427,
          4.613849
        ],
        [
          0.320578,
          -0.351296,
          0.879671,
          5.330914
        ],
        [
          0.033465,
          -0.923904,
          -0.381157,
          1.480282
        ],
        [
          0.0,
          0.0,
          0.0,
          1.0
        ]
      ]
    },
    {
      "file_path": "/media/NFS/ttao/scannet/posed_images/scene0203_01/00345.jpg",
      "transform_matrix": [
        [
          0.978093,
          0.109389,
          -0.177111,
          4.589883
        ],
        [
          0.203041,
          -0.313629,
          0.927584,
          5.30831
        ],
        [
          0.045921,
          -0.943224,
          -0.328968,
          1.50127
        ],
        [
          0.0,
          0.0,
          0.0,
          1.0
        ]
      ]
    },
    {
      "file_path": "/media/NFS/ttao/scannet/posed_images/scene0203_01/00347.jpg",
      "transform_matrix": [
        [
          0.986744,
          0.104606,
          -0.124073,
          4.565835
        ],
        [
          0.149659,
          -0.29089,
          0.944979,
          5.298341
        ],
        [
          0.062759,
          -0.951021,
          -0.302689,
          1.507797
        ],
        [
          0.0,
          0.0,
          0.0,
          1.0
        ]
      ]
    },
    {
      "file_path": "/media/NFS/ttao/scannet/posed_images/scene0203_01/00355.jpg",
      "transform_matrix": [
        [
          0.990254,
          0.10446,
          0.092113,
          4.465929
        ],
        [
          -0.071704,
          -0.184606,
          0.980193,
          5.27775
        ],
        [
          0.119395,
          -0.977245,
          -0.175317,
          1.527941
        ],
        [
          0.0,
          0.0,
          0.0,
          1.0
        ]
      ]
    },
    {
      "file_path": "/media/NFS/ttao/scannet/posed_images/scene0203_01/00358.jpg",
      "transform_matrix": [
        [
          0.991794,
          0.092689,
          0.088059,
          4.456435
        ],
        [
          -0.070744,
          -0.175851,
          0.981871,
          5.279873
        ],
        [
          0.106494,
          -0.980043,
          -0.167851,
          1.549854
        ],
        [
          0.0,
          0.0,
          0.0,
          1.0
        ]
      ]
    },
    {
      "file_path": "/media/NFS/ttao/scannet/posed_images/scene0203_01/00362.jpg",
      "transform_matrix": [
        [
          0.986776,
          0.099236,
          0.128165,
          4.433122
        ],
        [
          -0.110269,
          -0.168562,
          0.979504,
          5.282006
        ],
        [
          0.118806,
          -0.980683,
          -0.15539,
          1.586217
        ],
        [
          0.0,
          0.0,
          0.0,
          1.0
        ]
      ]
    },
    {
      "file_path": "/media/NFS/ttao/scannet/posed_images/scene0203_01/00366.jpg",
      "transform_matrix": [
        [
          0.979141,
          0.096899,
          0.178591,
          4.420301
        ],
        [
          -0.165993,
          -0.125422,
          0.978119,
          5.265093
        ],
        [
          0.117178,
          -0.98736,
          -0.106721,
          1.593923
        ],
        [
          0.0,
          0.0,
          0.0,
          1.0
        ]
      ]
    },
    {
      "file_path": "/media/NFS/ttao/scannet/posed_images/scene0203_01/00372.jpg",
      "transform_matrix": [
        [
          0.959324,
          0.112572,
          0.258893,
          4.424462
        ],
        [
          -0.24924,
          -0.092949,
          0.963971,
          5.253065
        ],
        [
          0.13258,
          -0.989287,
          -0.061111,
          1.621646
        ],
        [
          0.0,
          0.0,
          0.0,
          1.0
        ]
      ]
    },
    {
      "file_path": "/media/NFS/ttao/scannet/posed_images/scene0203_01/00375.jpg",
      "transform_matrix": [
        [
          0.938606,
          0.135755,
          0.317158,
          4.420684
        ],
        [
          -0.310321,
          -0.069431,
          0.948093,
          5.239928
        ],
        [
          0.150729,
          -0.988306,
          -0.02304,
          1.620315
