{
  "frames": [
    {
      "file_path": "/media/NFS/ttao/scannet/posed_images/scene0346_00/00000.jpg",
      "transform_matrix": [
        [
          0.936228,
          -0.232475,
          0.2635,
          2.208191
        ],
        [
          -0.338234,
          -0.392906,
          0.855116,
          2.127603
        ],
        [
          -0.095263,
          -0.889708,
          -0.44648,
          1.389403
        ],
        [
          0.0,
          0.0,
          0.0,
          1.0
        ]
      ]
    },
    {
      "file_path": "/media/NFS/ttao/scannet/posed_images/scene0346_00/00001.jpg",
      "transform_matrix": [
        [
          0.938076,
          -0.227704,
          0.261082,
          2.20073
        ],
        [
          -0.334808,
          -0.402348,
          0.852068,
          2.126877
        ],
        [
          -0.088974,
          -0.886717,
          -0.45367,
          1.38644
        ],
        [
          0.0,
          0.0,
          0.0,
          1.0
        ]
      ]
    },
    {
      "file_path": "/media/NFS/ttao/scannet/posed_images/scene0346_00/00003.jpg",
      "transform_matrix": [
        [
          0.937268,
          -0.227968,
          0.263742,
          2.177659
        ],
        [
          -0.340793,
          -0.439855,
          0.830896,
          2.127707
        ],
        [
          -0.073409,
          -0.868653,
          -0.489952,
          1.38426
        ],
        [
          0.0,
          0.0,
          0.0,
          1.0
        ]
      ]
    },
    {
      "file_path": "/media/NFS/ttao/scannet/posed_images/scene0346_00/00006.jpg",
      "transform_matrix": [
        [
          0.932716,
          -0.218532,
          0.286852,
          2.150109
        ],
        [
          -0.357304,
          -0.452573,
          0.817014,
          2.126161
        ],
        [
          -0.048722,
          -0.864536,
          -0.500204,
          1.376078
        ],
        [
          0.0,
          0.0,
          0.0,
          1.0
        ]
      ]
    },
    {
      "file_path": "/media/NFS/ttao/scannet/posed_images/scene0346_00/00008.jpg",
      "transform_matrix": [
        [
          0.930024,
          -0.21547,
          0.297705,
          2.121205
        ],
        [
          -0.364947,
          -0.446188,
          0.817147,
          2.12392
        ],
        [
          -0.043238,
          -0.868613,
          -0.493601,
          1.37344
        ],
        [
          0.0,
          0.0,
          0.0,
          1.0
        ]
      ]
    },
    {
      "file_path": "/media/NFS/ttao/scannet/posed_images/scene0346_00/00009.jpg",
      "transform_matrix": [
        [
          0.929704,
          -0.218121,
          0.29677,
          2.110125
        ],
        [
          -0.36547,
          -0.446555,
          0.816713,
          2.123073
        ],
        [
          -0.045619,
          -0.867763,
          -0.494881,
          1.372159
        ],
        [
          0.0,
          0.0,
          0.0,
          1.0
        ]
      ]
    },
    {
      "file_path": "/media/NFS/ttao/scannet/posed_images/scene0346_00/00012.jpg",
      "transform_matrix": [
        [
          0.920223,
          -0.247022,
          0.303595,
          2.070634
        ],
        [
          -0.386973,
          -0.457954,
          0.800331,
          2.12534
        ],
        [
          -0.058667,
          -0.853967,
          -0.51701,
          1.363639
        ],
        [
          0.0,
          0.0,
          0.0,
          1.0
        ]
      ]
    },
    {
      "file_path": "/media/NFS/ttao/scannet/posed_images/scene0346_00/00013.jpg",
      "transform_matrix": [
        [
          0.917316,
          -0.255288,
          0.305548,
          2.06063
        ],
        [
          -0.393491,
          -0.464085,
          0.793593,
          2.124588
        ],
        [
          -0.060795,
          -0.848206,
          -0.526166,
          1.357717
        ],
        [
          0.0,
          0.0,
          0.0,
          1.0
        ]
      ]
    },
    {
      "file_path": "/media/NFS/ttao/scannet/posed_images/scene0346_00/00015.jpg",
      "transform_matrix": [
        [
          0.911178,
          -0.274533,
          0.307222,
          2.040119
        ],
        [
          -0.407354,
          -0.488467,
          0.771662,
          2.123693
        ],
        [
          -0.061779,
          -0.82827,
          -0.556913,
          1.34359
        ],
        [
          0.0,
          0.0,
          0.0,
          1.0
        ]
      ]
    },
    {
      "file_path": "/media/NFS/ttao/scannet/posed_images/scene0346_00/00017.jpg",
      "transform_matrix": [
        [
          0.904984,
          -0.285167,
          0.315728,
          2.006189
        ],
        [
          -0.423027,
          -0.524098,
          0.739169,
          2.123385
        ],
        [
          -0.045314,
          -0.802497,
          -0.594933,
          1.319754
        ],
        [
          0.0,
          0.0,
          0.0,
          1.0
        ]
      ]
    },
    {
      "file_path": "/media/NFS/ttao/scannet/posed_images/scene0346_00/00018.jpg",
      "transform_matrix": [
        [
          0.902087,
          -0.285108,
          0.323963,
          1.994472
        ],
        [
          -0.429898,
          -0.527976,
          0.732413,
          2.123402
        ],
        [
          -0.037772,
          -0.799972,
          -0.598848,
          1.314489
        ],
        [
          0.0,
          0.0,
          0.0,
          1.0
        ]
      ]
    },
    {
      "file_path": "/media/NFS/ttao/scannet/posed_images/scene0346_00/00021.jpg",
      "transform_matrix": [
        [
          0.897843,
          -0.28168,
          0.338427,
          1.965908
        ],
        [
          -0.439711,
          -0.533347,
          0.722631,
          2.122958
        ],
        [
          -0.023052,
          -0.79762,
          -0.60272,
          1.303008
        ],
        [
          0.0,
          0.0,
          0.0,
          1.0
        ]
      ]
    },
    {
      "file_path": "/media/NFS/ttao/scannet/posed_images/scene0346_00/00022.jpg",
      "transform_matrix": [
        [
          0.899545,
          -0.277418,
          0.337427,
          1.957847
        ],
        [
          -0.4363,
          -0.532656,
          0.725203,
          2.123244
        ],
        [
          -0.021452,
          -0.799573,
          -0.600186,
          1.302606
        ],
        [
          0.0,
          0.0,
          0.0,
          1.0
        ]
      ]
    },
    {
      "file_path": "/media/NFS/ttao/scannet/posed_images/scene0346_00/00024.jpg",
      "transform_matrix": [
        [
          0.914724,
          -0.243462,
          0.322498,
          1.946007
        ],
        [
          -0.403973,
          -0.532787,
          0.743602,
          2.124488
        ],
        [
          -0.009216,
          -0.810472,
          -0.585705,
          1.308242
        ],
        [
          0.0,
          0.0,
          0.0,
          1.0
        ]
      ]
    },
    {
      "file_path": "/media/NFS/ttao/scannet/posed_images/scene0346_00/00027.jpg",
      "transform_matrix": [
        [
          0.934971,
          -0.190757,
          0.299068,
          1.938184
        ],
        [
          -0.354647,
          -0.520324,
          0.776845,
          2.129161
        ],
        [
          0.007424,
          -0.832391,
          -0.554139,
          1.31803
        ],
        [
          0.0,
          0.0,
          0.0,
          1.0
        ]
      ]
    },
    {
      "file_path": "/media/NFS/ttao/scannet/posed_images/scene0346_00/00029.jpg",
      "transform_matrix": [
        [
          0.942291,
          -0.176054,
          0.284766,
          1.941035
        ],
        [
          -0.334688,
          -0.51669,
          0.788045,
          2.134265
        ],
        [
          0.008397,
          -0.837876,
          -0.545796,
          1.325781
        ],
        [
          0.0,
          0.0,
          0.0,
          1.0
        ]
      ]
    },
    {
      "file_path": "/media/NFS/ttao/scannet/posed_images/scene0346_00/00030.jpg",
      "transform_matrix": [
        [
          0.94719,
          -0.169115,
          0.272453,
          1.942393
        ],
        [
          -0.320627,
          -0.513684,
          0.795818,
          2.131481
        ],
        [
          0.00537,
          -0.841147,
          -0.54078,
          1.320015
        ],
        [
          0.0,
          0.0,
          0.0,
          1.0
        ]
      ]
    },
    {
      "file_path": "/media/NFS/ttao/scannet/posed_images/scene0346_00/00032.jpg",
      "transform_matrix": [
        [
          0.960005,
          -0.15452,
          0.233483,
          1.9477
        ],
        [
          -0.279912,
          -0.510908,
          0.812787,
          2.133917
        ],
        [
          -0.006304,
          -0.845634,
          -0.533726,
          1.320587
        ],
        [
          0.0,
          0.0,
          0.0,
          1.0
        ]
      ]
    },
    {
      "file_path": "/media/NFS/ttao/scannet/posed_images/scene0346_00/00034.jpg",
      "transform_matrix": [
        [
          0.971756,
          -0.137784,
          0.191589,
          1.955875
        ],
        [
          -0.235447,
          -0.511092,
          0.82665,
          2.140111
        ],
        [
          -0.01598,
          -0.848411,
          -0.529097,
          1.325655
        ],
        [
          0.0,
          0.0,
          0.0,
          1.0
        ]
      ]
    },
    {
      "file_path": "/media/NFS/ttao/scannet/posed_images/scene0346_00/00036.jpg",
      "transform_matrix": [
        [
          0.98083,
          -0.115479,
          0.15696,
          1.965743
        ],
        [
          -0.194255,
          -0.515852,
          0.834363,
          2.147366
        ],
        [
          -0.015384,
          -0.848859,
          -0.528396,
          1.331905
        ],
        [
          0.0,
          0.0,
          0.0,
          1.0
        ]
      ]
    },
    {
      "file_path": "/media/NFS/ttao/scannet/posed_images/scene0346_00/00038.jpg",
      "transform_matrix": [
        [
          0.98743,
          -0.087311,
          0.131752,
          1.9755
        ],
        [
          -0.158037,
          -0.532215,
          0.831728,
          2.154277
        ],
        [
          -0.002498,
          -0.842095,
          -0.539323,
          1.336376
        ],
        [
          0.0,
          0.0,
          0.0,
          1.0
        ]
      ]
    },
    {
      "file_path": "/media/NFS/ttao/scannet/posed_images/scene0346_00/00039.jpg",
      "transform_matrix": [
        [
          0.989889,
          -0.073448,
          0.121349,
          1.980643
        ],
        [
          -0.141766,
          -0.54101,
          0.828982,
          2.156775
        ],
        [
          0.004764,
          -0.837803,
          -0.545952,
          1.335479
        ],
        [
          0.0,
          0.0,
          0.0,
          1.0
        ]
      ]
    },
    {
      "file_path": "/media/NFS/ttao/scannet/posed_images/scene0346_00/00041.jpg",
      "transform_matrix": [
        [
          0.994834,
          -0.052632,
          0.086799,
          1.999594
        ],
        [
          -0.101405,
          -0.554207,
          0.826179,
          2.161905
        ],
        [
          0.004621,
          -0.830713,
          -0.556682,
          1.341881
        ],
        [
          0.0,
          0.0,
          0.0,
          1.0
        ]
      ]
    },
    {
      "file_path": "/media/NFS/ttao/scannet/posed_images/scene0346_00/00043.jpg",
      "transform_matrix": [
        [
          0.998251,
          -0.031892,
          0.049774,
          2.009537
        ],
        [
          -0.059104,
          -0.554307,
          0.830211,
          2.164881
        ],
        [
          0.001113,
          -0.831701,
          -0.555223,
          1.342384
        ],
        [
          0.0,
          0.0,
          0.0,
          1.0
        ]
      ]
    },
    {
      "file_path": "/media/NFS/ttao/scannet/posed_images/scene0346_00/00045.jpg",
      "transform_matrix": [
        [
          0.999914,
          -0.009475,
          0.00901,
          2.014034
        ],
        [
          -0.012752,
          -0.554258,
          0.832247,
          2.168273
        ],
        [
          -0.002892,
          -0.832291,
          -0.554332,
          1.343088
        ],
        [
          0.0,
          0.0,
          0.0,
          1.0
        ]
      ]
    },
    {
      "file_path": "/media/NFS/ttao/scannet/posed_images/scene0346_00/00046.jpg",
      "transform_matrix": [
        [
          0.999937,
          0.003808,
          -0.010568,
          2.01525
        ],
        [
          0.010903,
          -0.555536,
          0.831421,
          2.170078
        ],
        [
          -0.002704,
          -0.831484,
          -0.555542,
          1.342788
        ],
        [
          0.0,
          0.0,
          0.0,
          1.0
        ]
      ]
    },
    {
      "file_path": "/media/NFS/ttao/scannet/posed_images/scene0346_00/00049.jpg",
      "transform_matrix": [
        [
          0.996403,
          0.04451,
          -0.072112,
          2.016104
        ],
        [
          0.084675,
          -0.556937,
          0.826227,
          2.172125
        ],
        [
          -0.003387,
          -0.829361,
          -0.558702,
          1.341183
        ],
        [
          0.0,
          0.0,
          0.0,
          1.0
        ]
      ]
    },
    {
      "file_path": "/media/NFS/ttao/scannet/posed_images/scene0346_00/00051.jpg",
      "transform_matrix": [
        [
          0.991247,
          0.070315,
          -0.111738,
          2.02588
        ],
        [
          0.131932,
          -0.558768,
          0.818763,
          2.172415
        ],
        [
          -0.004865,
          -0.826338,
          -0.563154,
          1.339694
        ],
        [
          0.0,
          0.0,
          0.0,
          1.0
        ]
      ]
    },
    {
      "file_path": "/media/NFS/ttao/scannet/posed_images/scene0346_00/00053.jpg",
      "transform_matrix": [
        [
          0.985518,
          0.08703,
          -0.145529,
          2.022883
        ],
        [
          0.169081,
          -0.569324,
          0.804538,
          2.176509
        ],
        [
          -0.012834,
          -0.817494,
          -0.575795,
          1.339676
        ],
        [
          0.0,
          0.0,
          0.0,
          1.0
        ]
      ]
    },
    {
      "file_path": "/media/NFS/ttao/scannet/posed_images/scene0346_00/00054.jpg",
      "transform_matrix": [
        [
          0.981261,
          0.093983,
          -0.168208,
          2.023851
        ],
        [
          0.191483,
          -0.572913,
          0.796934,
          2.177747
        ],
        [
          -0.021471,
          -0.81421,
          -0.580174,
          1.338309
        ],
        [
          0.0,
          0.0,
          0.0,
          1.0
        ]
      ]
    },
    {
      "file_path": "/media/NFS/ttao/scannet/posed_images/scene0346_00/00057.jpg",
      "transform_matrix": [
        [
          0.962713,
          0.103898,
          -0.249777,
          2.022102
        ],
        [
          0.263982,
          -0.56263,
          0.783429,
          2.188944
        ],
        [
          -0.059136,
          -0.820154,
          -0.569078,
          1.334846
        ],
        [
          0.0,
          0.0,
          0.0,
          1.0
        ]
      ]
    },
    {
      "file_path": "/media/NFS/ttao/scannet/posed_images/scene0346_00/00059.jpg",
      "transform_matrix": [
        [
          0.952677,
          0.118783,
          -0.279814,
          2.021478
        ],
        [
          0.297418,
          -0.554496,
          0.777224,
          2.198422
        ],
        [
          -0.062835,
          -0.823665,
          -0.563584,
          1.332231
        ],
        [
          0.0,
          0.0,
          0.0,
          1.0
        ]
      ]
    },
    {
      "file_path": "/media/NFS/ttao/scannet/posed_images/scene0346_00/00060.jpg",
      "transform_matrix": [
        [
          0.948005,
          0.133522,
          -0.288892,
          2.020893
        ],
        [
          0.312823,
          -0.557942,
          0.768663,
          2.208985
        ],
        [
          -0.058551,
          -0.819068,
          -0.5707,
          1.335407
        ],
        [
          0.0,
          0.0,
          0.0,
          1.0
        ]
      ]
    },
    {
      "file_path": "/media/NFS/ttao/scannet/posed_images/scene0346_00/00061.jpg",
      "transform_matrix": [
        [
          0.942579,
          0.148685,
          -0.299059,
          2.019969
        ],
        [
          0.329594,
          -0.558779,
          0.761008,
          2.215812
        ],
        [
          -0.053958,
          -0.815879,
          -0.5757,
          1.332936
        ],
        [
          0.0,
          0.0,
          0.0,
          1.0
        ]
      ]
    },
    {
      "file_path": "/media/NFS/ttao/scannet/posed_images/scene0346_00/00063.jpg",
      "transform_matrix": [
        [
          0.923528,
          0.209039,
          -0.321555,
          2.011697
        ],
        [
          0.382635,
          -0.559422,
          0.73528,
          2.236457
        ],
        [
          -0.026183,
          -0.802091,
          -0.596628,
          1.321821
        ],
        [
          0.0,
          0.0,
          0.0,
          1.0
        ]
      ]
    },
    {
      "file_path": "/media/NFS/ttao/scannet/posed_images/scene0346_00/00066.jpg",
      "transform_matrix": [
        [
          0.891178,
          0.289271,
          -0.349462,
          2.002505
        ],
        [
          0.453418,
          -0.543139,
          0.70669,
          2.270295
        ],
        [
          0.014618,
          -0.78824,
          -0.615195,
          1.312825
        ],
        [
          0.0,
          0.0,
          0.0,
          1.0
        ]
      ]
    },
    {
      "file_path": "/media/NFS/ttao/scannet/posed_images/scene0346_00/00067.jpg",
      "transform_matrix": [
        [
          0.882805,
          0.306818,
          -0.355692,
          2.000173
        ],
        [
          0.469172,
          -0.538767,
          0.699719,
          2.279812
        ],
        [
          0.023052,
          -0.784597,
          -0.619577,
          1.311913
        ],
        [
          0.0,
          0.0,
          0.0,
          1.0
        ]
      ]
    },
    {
      "file_path": "/media/NFS/ttao/scannet/posed_images/scene0346_00/00070.jpg",
      "transform_matrix": [
        [
          0.83494,
          0.354985,
          -0.420548,
          1.980355
        ],
        [
          0.549583,
          -0.497745,
          0.670975,
          2.321846
        ],
        [
          0.02886,
          -0.791351,
          -0.610681,
          1.321321
        ],
        [
          0.0,
          0.0,
          0.0,
          1.0
        ]
      ]
    },
    {
      "file_path": "/media/NFS/ttao/scannet/posed_images/scene0346_00/00072.jpg",
      "transform_matrix": [
        [
          0.817434,
          0.367216,
          -0.443794,
          1.978324
        ],
        [
          0.575657,
          -0.493379,
          0.652071,
          2.331226
        ],
        [
          0.020492,
          -0.788499,
          -0.614695,
          1.323554
        ],
        [
          0.0,
          0.0,
          0.0,
          1.0
        ]
      ]
    },
    {
      "file_path": "/media/NFS/ttao/scannet/posed_images/scene0346_00/00074.jpg",
      "transform_matrix": [
        [
          0.803952,
          0.374369,
          -0.462069,
          1.975864
        ],
        [
          0.594619,
          -0.493722,
          0.634561,
          2.335918
        ],
        [
          0.009426,
          -0.784912,
          -0.619536,
          1.32549
        ],
        [
          0.0,
          0.0,
          0.0,
          1.0
        ]
      ]
    },
    {
      "file_path": "/media/NFS/ttao/scannet/posed_images/scene0346_00/00075.jpg",
      "transform_matrix": [
        [
          0.797985,
          0.376793,
          -0.470369,
          1.974585
        ],
        [
          0.602655,
          -0.492176,
          0.628148,
          2.335541
        ],
        [
          0.005177,
          -0.784723,
          -0.619825,
          1.324512
        ],
        [
          0.0,
          0.0,
          0.0,
          1.0
        ]
      ]
    },
    {
      "file_path": "/media/NFS/ttao/scannet/posed_images/scene0346_00/00077.jpg",
      "transform_matrix": [
        [
          0.78151,
          0.381399,
          -0.493737,
          1.977056
        ],
        [
          0.623856,
          -0.486245,
          0.611857,
          2.335533
        ],
        [
          -0.006716,
          -0.786194,
          -0.617943,
          1.323901
        ],
        [
          0.0,
          0.0,
          0.0,
          1.0
        ]
      ]
    },
    {
      "file_path": "/media/NFS/ttao/scannet/posed_images/scene0346_00/00079.jpg",
      "transform_matrix": [
        [
          0.761304,
          0.390158,
          -0.517873,
          1.9805
        ],
        [
          0.64829,
          -0.472356,
          0.597159,
          2.333227
        ],
        [
          -0.011634,
          -0.790352,
          -0.612542,
          1.326913
        ],
        [
          0.0,
          0.0,
          0.0,
          1.0
        ]
      ]
    },
    {
      "file_path": "/media/NFS/ttao/scannet/posed_images/scene0346_00/00080.jpg",
      "transform_matrix": [
        [
          0.749126,
          0.399822,
          -0.528159,
          1.987404
        ],
        [
          0.662369,
          -0.462699,
          0.589218,
          2.332044
        ],
        [
          -0.008797,
          -0.791235,
          -0.611449,
          1.324147
        ],
        [
          0.0,
          0.0,
          0.0,
          1.0
        ]
      ]
    },
    {
      "file_path": "/media/NFS/ttao/scannet/posed_images/scene0346_00/00082.jpg",
      "transform_matrix": [
        [
          0.729749,
          0.43048,
          -0.53118,
          1.995669
        ],
        [
          0.683714,
          -0.459134,
          0.567212,
          2.32856
        ],
        [
          0.000291,
          -0.777099,
          -0.629379,
          1.325104
        ],
        [
          0.0,
          0.0,
          0.0,
          1.0
        ]
      ]
    },
    {
      "file_path": "/media/NFS/ttao/scannet/posed_images/scene0346_00/00085.jpg",
      "transform_matrix": [
        [
          0.679308,
          0.468501,
          -0.564843,
          2.031728
        ],
        [
          0.733827,
          -0.427252,
          0.52816,
          2.310521
        ],
        [
          0.006113,
          -0.773281,
          -0.634034,
          1.333843
        ],
        [
          0.0,
          0.0,
          0.0,
          1.0
        ]
      ]
    },
    {
      "file_path": "/media/NFS/ttao/scannet/posed_images/scene0346_00/00086.jpg",
      "transform_matrix": [
        [
          0.670166,
          0.473798,
          -0.571308,
          2.039717
        ],
        [
          0.742157,
          -0.418492,
          0.523514,
          2.307777
        ],
        [
          0.008952,
          -0.774842,
          -0.632092,
          1.336201
        ],
        [
          0.0,
          0.0,
          0.0,
          1.0
        ]
      ]
    },
    {
      "file_path": "/media/NFS/ttao/scannet/posed_images/scene0346_00/00088.jpg",
      "transform_matrix": [
        [
          0.657415,
          0.478545,
          -0.582065,
          2.055485
        ],
        [
          0.753437,
          -0.405427,
          0.51765,
          2.300997
        ],
        [
          0.011734,
          -0.778861,
          -0.627087,
          1.339899
        ],
        [
          0.0,
          0.0,
          0.0,
          1.0
        ]
      ]
    },
    {
      "file_path": "/media/NFS/ttao/scannet/posed_images/scene0346_00/00090.jpg",
      "transform_matrix": [
        [
          0.641093,
          0.47452,
          -0.603183,
          2.075161
        ],
        [
          0.767454,
          -0.392644,
          0.506798,
          2.297883
        ],
        [
          0.00365,
          -0.78782,
          -0.615894,
          1.341923
        ],
        [
          0.0,
          0.0,
          0.0,
          1.0
        ]
      ]
    },
    {
      "file_path": "/media/NFS/ttao/scannet/posed_images/scene0346_00/00091.jpg",
      "transform_matrix": [
        [
          0.631383,
          0.477543,
          -0.610989,
          2.079351
        ],
        [
          0.77547,
          -0.387433,
          0.49854,
          2.296311
        ],
        [
          0.001357,
          -0.788573,
          -0.61494,
          1.348307
        ],
        [
          0.0,
          0.0,
          0.0,
          1.0
        ]
      ]
    },
    {
      "file_path": "/media/NFS/ttao/scannet/posed_images/scene0346_00/00093.jpg",
      "transform_matrix": [
        [
          0.609849,
          0.478026,
          -0.63212,
          2.094196
        ],
        [
          0.792503,
          -0.372633,
          0.482786,
          2.29008
        ],
        [
          -0.004765,
          -0.795384,
          -0.606087,
          1.351436
        ],
        [
          0.0,
          0.0,
          0.0,
          1.0
        ]
      ]
    },
    {
      "file_path": "/media/NFS/ttao/scannet/posed_images/scene0346_00/00095.jpg",
      "transform_matrix": [
        [
          0.58836,
          0.467375,
          -0.659843,
          2.108081
        ],
        [
          0.808366,
          -0.359586,
          0.466093,
          2.28354
        ],
        [
          -0.019431,
          -0.807625,
          -0.589376,
          1.353475
        ],
        [
          0.0,
          0.0,
          0.0,
          1.0
        ]
      ]
    },
    {
      "file_path": "/media/NFS/ttao/scannet/posed_images/scene0346_00/00097.jpg",
      "transform_matrix": [
        [
          0.556249,
          0.461239,
          -0.691264,
          2.115784
        ],
        [
          0.830092,
          -0.347609,
          0.436023,
          2.277056
        ],
        [
          -0.039179,
          -0.81635,
          -0.576227,
          1.360679
        ],
        [
          0.0,
          0.0,
          0.0,
          1.0
        ]
      ]
    },
    {
      "file_path": "/media/NFS/ttao/scannet/posed_images/scene0346_00/00100.jpg",
      "transform_matrix": [
        [
          0.485373,
          0.452348,
          -0.748194,
          2.138029
        ],
        [
          0.871776,
          -0.315464,
          0.374819,
          2.261577
        ],
        [
          -0.06648,
          -0.834185,
          -0.547464,
          1.354207
        ],
        [
          0.0,
          0.0,
          0.0,
          1.0
        ]
      ]
    },
    {
      "file_path": "/media/NFS/ttao/scannet/posed_images/scene0346_00/00101.jpg",
      "transform_matrix": [
        [
          0.463007,
          0.457126,
          -0.759381,
          2.141299
        ],
        [
          0.883434,
          -0.307494,
          0.353541,
          2.258489
        ],
        [
          -0.071893,
          -0.834556,
          -0.546213,
          1.357805
        ],
        [
          0.0,
          0.0,
          0.0,
          1.0
        ]
      ]
    },
    {
      "file_path": "/media/NFS/ttao/scannet/posed_images/scene0346_00/00103.jpg",
      "transform_matrix": [
        [
          0.424863,
          0.461276,
          -0.77892,
          2.147621
        ],
        [
          0.901673,
          -0.292125,
          0.318823,
          2.248525
        ],
        [
          -0.080476,
          -0.837788,
          -0.540033,
          1.36121
        ],
        [
          0.0,
          0.0,
          0.0,
          1.0
        ]
      ]
    },
    {
      "file_path": "/media/NFS/ttao/scannet/posed_images/scene0346_00/00105.jpg",
      "transform_matrix": [
        [
          0.381839,
          0.455836,
          -0.803998,
          2.154847
        ],
        [
          0.920466,
          -0.26598,
          0.286352,
          2.237076
        ],
        [
          -0.083318,
          -0.849393,
          -0.521143,
          1.362821
        ],
        [
          0.0,
          0.0,
          0.0,
          1.0
        ]
      ]
    },
    {
      "file_path": "/media/NFS/ttao/scannet/posed_images/scene0346_00/00107.jpg",
      "transform_matrix": [
        [
          0.339402,
          0.444255,
          -0.829122,
          2.160076
        ],
        [
          0.936503,
          -0.242176,
          0.253598,
          2.227289
        ],
        [
          -0.088131,
          -0.862548,
          -0.498242,
          1.367869
        ],
        [
          0.0,
          0.0,
          0.0,
          1.0
        ]
      ]
    },
    {
      "file_path": "/media/NFS/ttao/scannet/posed_images/scene0346_00/00108.jpg",
      "transform_matrix": [
        [
          0.324081,
          0.443124,
          -0.83583,
          2.160385
        ],
        [
          0.941908,
          -0.233519,
          0.241408,
          2.221451
        ],
        [
          -0.088209,
          -0.865511,
          -0.493061,
          1.369955
        ],
        [
          0.0,
          0.0,
          0.0,
          1.0
        ]
      ]
    },
    {
      "file_path": "/media/NFS/ttao/scannet/posed_images/scene0346_00/00111.jpg",
      "transform_matrix": [
        [
          0.287957,
          0.431688,
          -0.854825,
          2.16939
        ],
        [
          0.952065,
          -0.225254,
          0.20696,
          2.219576
        ],
        [
          -0.10321,
          -0.873445,
          -0.475859,
          1.372473
        ],
        [
          0.0,
          0.0,
          0.0,
          1.0
        ]
      ]
    },
    {
      "file_path": "/media/NFS/ttao/scannet/posed_images/scene0346_00/00112.jpg",
      "transform_matrix": [
        [
          0.281049,
          0.426467,
          -0.859731,
          2.168314
        ],
        [
          0.953774,
          -0.223468,
          0.200941,
          2.215299
        ],
        [
          -0.106427,
          -0.876463,
          -0.469559,
          1.373911
        ],
        [
          0.0,
          0.0,
          0.0,
          1.0
        ]
      ]
    },
    {
      "file_path": "/media/NFS/ttao/scannet/posed_images/scene0346_00/00114.jpg",
      "transform_matrix": [
        [
          0.265436,
          0.423435,
          -0.866167,
          2.16999
        ],
        [
          0.957734,
          -0.219105,
          0.186385,
          2.211151
        ],
        [
          -0.110859,
          -0.879031,
          -0.463696,
          1.376292
        ],
        [
          0.0,
          0.0,
          0.0,
          1.0
        ]
      ]
    },
    {
      "file_path": "/media/NFS/ttao/scannet/posed_images/scene0346_00/00116.jpg",
      "transform_matrix": [
        [
          0.25404,
          0.42769,
          -0.867493,
          2.169852
        ],
        [
          0.961219,
          -0.211179,
          0.177372,
          2.207401
        ],
        [
          -0.107336,
          -0.878911,
          -0.464752,
          1.3753
        ],
        [
          0.0,
          0.0,
          0.0,
          1.0
        ]
      ]
    },
    {
      "file_path": "/media/NFS/ttao/scannet/posed_images/scene0346_00/00118.jpg",
      "transform_matrix": [
        [
          0.24358,
          0.42749,
          -0.870587,
          2.167546
        ],
        [
          0.963976,
          -0.205604,
          0.16875,
          2.202465
        ],
        [
          -0.106858,
          -0.880329,
          -0.462171,
          1.375716
        ],
        [
          0.0,
          0.0,
          0.0,
          1.0
        ]
      ]
    },
    {
      "file_path": "/media/NFS/ttao/scannet/posed_images/scene0346_00/00120.jpg",
      "transform_matrix": [
        [
          0.208562,
          0.404188,
          -0.89058,
          2.173751
        ],
        [
          0.972962,
          -0.178136,
          0.147008,
          2.205649
        ],
        [
          -0.099225,
          -0.897162,
          -0.430412,
          1.374401
        ],
        [
          0.0,
          0.0,
          0.0,
          1.0
        ]
      ]
    },
    {
      "file_path": "/media/NFS/ttao/scannet/posed_images/scene0346_00/00122.jpg",
      "transform_matrix": [
        [
          0.184022,
          0.396599,
          -0.899358,
          2.167799
        ],
        [
          0.978809,
          -0.157554,
          0.130801,
          2.202592
        ],
        [
          -0.089822,
          -0.904371,
          -0.417188,
          1.383725
        ],
        [
          0.0,
          0.0,
          0.0,
          1.0
        ]
      ]
    },
    {
      "file_path": "/media/NFS/ttao/scannet/posed_images/scene0346_00/00123.jpg",
      "transform_matrix": [
        [
          0.180027,
          0.399701,
          -0.898793,
          2.164191
        ],
        [
          0.980003,
          -0.151614,
          0.128869,
          2.19789
        ],
        [
          -0.084761,
          -0.90402,
          -0.419003,
          1.385909
        ],
        [
          0.0,
          0.0,
          0.0,
          1.0
        ]
      ]
    },
    {
      "file_path": "/media/NFS/ttao/scannet/posed_images/scene0346_00/00125.jpg",
      "transform_matrix": [
        [
          0.16893,
          0.40127,
          -0.900247,
          2.160248
        ],
        [
          0.982944,
          -0.135948,
          0.123851,
          2.193782
        ],
        [
          -0.07269,
          -0.905815,
          -0.417392,
          1.386672
        ],
        [
          0.0,
          0.0,
          0.0,
          1.0
        ]
      ]
    },
    {
      "file_path": "/media/NFS/ttao/scannet/posed_images/scene0346_00/00127.jpg",
      "transform_matrix": [
        [
          0.155183,
          0.395775,
          -0.905141,
          2.154085
        ],
        [
          0.985581,
          -0.124578,
          0.114502,
          2.188742
        ],
        [
          -0.067444,
          -0.909858,
          -0.409401,
          1.385233
        ],
        [
          0.0,
          0.0,
          0.0,
          1.0
        ]
      ]
    },
    {
      "file_path": "/media/NFS/ttao/scannet/posed_images/scene0346_00/00129.jpg",
      "transform_matrix": [
        [
          0.137317,
          0.396083,
          -0.907889,
          2.144804
        ],
        [
          0.988338,
          -0.11569,
          0.099013,
          2.182811
        ],
        [
          -0.065817,
          -0.910898,
          -0.40735,
          1.386892
        ],
        [
          0.0,
          0.0,
          0.0,
          1.0
        ]
      ]
    },
    {
      "file_path": "/media/NFS/ttao/scannet/posed_images/scene0346_00/00132.jpg",
      "transform_matrix": [
        [
          0.107745,
          0.391672,
          -0.913775,
          2.129938
        ],
        [
          0.992839,
          -0.090087,
          0.078454,
          2.160944
        ],
        [
          -0.051591,
          -0.915684,
          -0.398574,
          1.390126
        ],
        [
          0.0,
          0.0,
          0.0,
          1.0
        ]
      ]
    },
    {
      "file_path": "/media/NFS/ttao/scannet/posed_images/scene0346_00/00133.jpg",
      "transform_matrix": [
        [
          0.095299,
          0.391367,
          -0.915287,
          2.123519
        ],
        [
          0.994178,
          -0.083861,
          0.067655,
          2.153651
        ],
        [
          -0.050279,
          -0.916406,
          -0.39708,
          1.388618
        ],
        [
          0.0,
          0.0,
          0.0,
          1.0
        ]
      ]
    },
    {
      "file_path": "/media/NFS/ttao/scannet/posed_images/scene0346_00/00135.jpg",
      "transform_matrix": [
        [
          0.070248,
          0.38916,
          -0.918488,
          2.109322
        ],
        [
          0.996184,
          -0.07517,
          0.044341,
          2.141791
        ],
        [
          -0.051787,
          -0.918098,
          -0.392956,
          1.38879
        ],
        [
          0.0,
          0.0,
          0.0,
          1.0
        ]
      ]
    },
    {
      "file_path": "/media/NFS/ttao/scannet/posed_images/scene0346_00/00137.jpg",
      "transform_matrix": [
        [
          0.046423,
          0.384684,
          -0.92188,
          2.093844
        ],
        [
          0.997562,
          -0.065987,
          0.022699,
          2.127718
        ],
        [
          -0.052101,
          -0.920687,
          -0.386809,
          1.388408
        ],
        [
          0.0,
          0.0,
          0.0,
          1.0
        ]
      ]
    },
    {
      "file_path": "/media/NFS/ttao/scannet/posed_images/scene0346_00/00139.jpg",
      "transform_matrix": [
        [
          0.01768,
          0.379834,
          -0.924886,
          2.075253
        ],
        [
          0.998775,
          -0.049472,
          -0.001225,
          2.111713
        ],
        [
          -0.046221,
          -0.923731,
          -0.380244,
          1.386913
        ],
        [
          0.0,
          0.0,
          0.0,
          1.0
        ]
      ]
    },
    {
      "file_path": "/media/NFS/ttao/scannet/posed_images/scene0346_00/00141.jpg",
      "transform_matrix": [
        [
          -0.012704,
          0.37942,
          -0.925137,
          2.052369
        ],
        [
          0.999034,
          -0.034104,
          -0.027706,
          2.105102
        ],
        [
          -0.042063,
          -0.924596,
          -0.378621,
          1.397768
        ],
        [
          0.0,
          0.0,
          0.0,
          1.0
        ]
      ]
    },
    {
      "file_path": "/media/NFS/ttao/scannet/posed_images/scene0346_00/00143.jpg",
      "transform_matrix": [
        [
          -0.034669,
          0.379521,
          -0.924533,
          2.031258
        ],
        [
          0.998713,
          -0.021121,
          -0.046121,
          2.088084
        ],
        [
          -0.037031,
          -0.924942,
          -0.3783,
          1.401054
        ],
        [
          0.0,
          0.0,
          0.0,
          1.0
        ]
      ]
    },
    {
      "file_path": "/media/NFS/ttao/scannet/posed_images/scene0346_00/00145.jpg",
      "transform_matrix": [
        [
          -0.058566,
          0.3714,
          -0.926624,
          2.01076
        ],
        [
          0.997727,
          -0.009219,
          -0.066755,
          2.072173
        ],
        [
          -0.033335,
          -0.928427,
          -0.370016,
          1.406372
        ],
