{
  "frames": [
    {
      "file_path": "/media/NFS/ttao/scannet/posed_images/scene0113_01/00001.jpg",
      "transform_matrix": [
        [
          0.965343,
          -0.231643,
          0.120226,
          2.080027
        ],
        [
          -0.240115,
          -0.607797,
          0.75692,
          2.032057
        ],
        [
          -0.102263,
          -0.759556,
          -0.642353,
          1.250131
        ],
        [
          0.0,
          0.0,
          0.0,
          1.0
        ]
      ]
    },
    {
      "file_path": "/media/NFS/ttao/scannet/posed_images/scene0113_01/00003.jpg",
      "transform_matrix": [
        [
          0.968707,
          -0.219855,
          0.115196,
          2.075589
        ],
        [
          -0.228823,
          -0.611245,
          0.757641,
          2.031749
        ],
        [
          -0.096158,
          -0.760292,
          -0.642425,
          1.249316
        ],
        [
          0.0,
          0.0,
          0.0,
          1.0
        ]
      ]
    },
    {
      "file_path": "/media/NFS/ttao/scannet/posed_images/scene0113_01/00004.jpg",
      "transform_matrix": [
        [
          0.969563,
          -0.216197,
          0.11492,
          2.075199
        ],
        [
          -0.226581,
          -0.614404,
          0.755757,
          2.033523
        ],
        [
          -0.092785,
          -0.758793,
          -0.64469,
          1.249301
        ],
        [
          0.0,
          0.0,
          0.0,
          1.0
        ]
      ]
    },
    {
      "file_path": "/media/NFS/ttao/scannet/posed_images/scene0113_01/00007.jpg",
      "transform_matrix": [
        [
          0.969842,
          -0.215541,
          0.11379,
          2.076144
        ],
        [
          -0.226102,
          -0.621285,
          0.750255,
          2.040524
        ],
        [
          -0.091015,
          -0.753357,
          -0.651283,
          1.247612
        ],
        [
          0.0,
          0.0,
          0.0,
          1.0
        ]
      ]
    },
    {
      "file_path": "/media/NFS/ttao/scannet/posed_images/scene0113_01/00009.jpg",
      "transform_matrix": [
        [
          0.969514,
          -0.217585,
          0.112693,
          2.077607
        ],
        [
          -0.227015,
          -0.624473,
          0.747327,
          2.046964
        ],
        [
          -0.092234,
          -0.750127,
          -0.654831,
          1.24629
        ],
        [
          0.0,
          0.0,
          0.0,
          1.0
        ]
      ]
    },
    {
      "file_path": "/media/NFS/ttao/scannet/posed_images/scene0113_01/00011.jpg",
      "transform_matrix": [
        [
          0.967429,
          -0.22363,
          0.118622,
          2.087356
        ],
        [
          -0.23583,
          -0.625863,
          0.743424,
          2.057298
        ],
        [
          -0.092011,
          -0.747185,
          -0.658217,
          1.248139
        ],
        [
          0.0,
          0.0,
          0.0,
          1.0
        ]
      ]
    },
    {
      "file_path": "/media/NFS/ttao/scannet/posed_images/scene0113_01/00014.jpg",
      "transform_matrix": [
        [
          0.960366,
          -0.244726,
          0.133438,
          2.094205
        ],
        [
          -0.260922,
          -0.620853,
          0.73923,
          2.073817
        ],
        [
          -0.098063,
          -0.744749,
          -0.660101,
          1.244057
        ],
        [
          0.0,
          0.0,
          0.0,
          1.0
        ]
      ]
    },
    {
      "file_path": "/media/NFS/ttao/scannet/posed_images/scene0113_01/00015.jpg",
      "transform_matrix": [
        [
          0.958102,
          -0.253221,
          0.133868,
          2.097851
        ],
        [
          -0.267114,
          -0.621184,
          0.736736,
          2.080377
        ],
        [
          -0.103401,
          -0.741626,
          -0.662797,
          1.243184
        ],
        [
          0.0,
          0.0,
          0.0,
          1.0
        ]
      ]
    },
    {
      "file_path": "/media/NFS/ttao/scannet/posed_images/scene0113_01/00019.jpg",
      "transform_matrix": [
        [
          0.945245,
          -0.292622,
          0.144514,
          2.11617
        ],
        [
          -0.300728,
          -0.608937,
          0.734002,
          2.110913
        ],
        [
          -0.126785,
          -0.737271,
          -0.663594,
          1.242334
        ],
        [
          0.0,
          0.0,
          0.0,
          1.0
        ]
      ]
    },
    {
      "file_path": "/media/NFS/ttao/scannet/posed_images/scene0113_01/00020.jpg",
      "transform_matrix": [
        [
          0.941778,
          -0.300126,
          0.151591,
          2.114747
        ],
        [
          -0.311344,
          -0.608156,
          0.730214,
          2.117546
        ],
        [
          -0.126966,
          -0.734895,
          -0.66619,
          1.239886
        ],
        [
          0.0,
          0.0,
          0.0,
          1.0
        ]
      ]
    },
    {
      "file_path": "/media/NFS/ttao/scannet/posed_images/scene0113_01/00022.jpg",
      "transform_matrix": [
        [
          0.93797,
          -0.303336,
          0.167929,
          2.125493
        ],
        [
          -0.326523,
          -0.609928,
          0.72206,
          2.133619
        ],
        [
          -0.116602,
          -0.732103,
          -0.67114,
          1.238189
        ],
        [
          0.0,
          0.0,
          0.0,
          1.0
        ]
      ]
    },
    {
      "file_path": "/media/NFS/ttao/scannet/posed_images/scene0113_01/00024.jpg",
      "transform_matrix": [
        [
          0.934334,
          -0.304871,
          0.184591,
          2.139513
        ],
        [
          -0.33937,
          -0.602875,
          0.72206,
          2.148299
        ],
        [
          -0.10885,
          -0.737289,
          -0.666751,
          1.236575
        ],
        [
          0.0,
          0.0,
          0.0,
          1.0
        ]
      ]
    },
    {
      "file_path": "/media/NFS/ttao/scannet/posed_images/scene0113_01/00027.jpg",
      "transform_matrix": [
        [
          0.931246,
          -0.29932,
          0.20782,
          2.169321
        ],
        [
          -0.351751,
          -0.589492,
          0.727166,
          2.162353
        ],
        [
          -0.095147,
          -0.750271,
          -0.654248,
          1.233278
        ],
        [
          0.0,
          0.0,
          0.0,
          1.0
        ]
      ]
    },
    {
      "file_path": "/media/NFS/ttao/scannet/posed_images/scene0113_01/00030.jpg",
      "transform_matrix": [
        [
          0.926037,
          -0.289306,
          0.242401,
          2.197264
        ],
        [
          -0.371114,
          -0.580894,
          0.724456,
          2.178154
        ],
        [
          -0.06878,
          -0.760831,
          -0.645295,
          1.232962
        ],
        [
          0.0,
          0.0,
          0.0,
          1.0
        ]
      ]
    },
    {
      "file_path": "/media/NFS/ttao/scannet/posed_images/scene0113_01/00033.jpg",
      "transform_matrix": [
        [
          0.923854,
          -0.282026,
          0.258758,
          2.239222
        ],
        [
          -0.378477,
          -0.572457,
          0.727357,
          2.186915
        ],
        [
          -0.057006,
          -0.769906,
          -0.635607,
          1.229631
        ],
        [
          0.0,
          0.0,
          0.0,
          1.0
        ]
      ]
    },
    {
      "file_path": "/media/NFS/ttao/scannet/posed_images/scene0113_01/00034.jpg",
      "transform_matrix": [
        [
          0.923648,
          -0.280739,
          0.260882,
          2.251735
        ],
        [
          -0.379363,
          -0.573172,
          0.726332,
          2.189415
        ],
        [
          -0.05438,
          -0.769844,
          -0.635911,
          1.227912
        ],
        [
          0.0,
          0.0,
          0.0,
          1.0
        ]
      ]
    },
    {
      "file_path": "/media/NFS/ttao/scannet/posed_images/scene0113_01/00037.jpg",
      "transform_matrix": [
        [
          0.927586,
          -0.267521,
          0.260802,
          2.290937
        ],
        [
          -0.370912,
          -0.575632,
          0.728747,
          2.199506
        ],
        [
          -0.044829,
          -0.77271,
          -0.633175,
          1.227347
        ],
        [
          0.0,
          0.0,
          0.0,
          1.0
        ]
      ]
    },
    {
      "file_path": "/media/NFS/ttao/scannet/posed_images/scene0113_01/00038.jpg",
      "transform_matrix": [
        [
          0.931601,
          -0.257854,
          0.256185,
          2.313114
        ],
        [
          -0.361238,
          -0.578589,
          0.731261,
          2.203293
        ],
        [
          -0.040332,
          -0.773787,
          -0.63216,
          1.229268
        ],
        [
          0.0,
          0.0,
          0.0,
          1.0
        ]
      ]
    },
    {
      "file_path": "/media/NFS/ttao/scannet/posed_images/scene0113_01/00042.jpg",
      "transform_matrix": [
        [
          0.948062,
          -0.222425,
          0.22739,
          2.368031
        ],
        [
          -0.31512,
          -0.559356,
          0.766694,
          2.206559
        ],
        [
          -0.04334,
          -0.798528,
          -0.600395,
          1.233526
        ],
        [
          0.0,
          0.0,
          0.0,
          1.0
        ]
      ]
    },
    {
      "file_path": "/media/NFS/ttao/scannet/posed_images/scene0113_01/00043.jpg",
      "transform_matrix": [
        [
          0.952504,
          -0.21391,
          0.216748,
          2.384593
        ],
        [
          -0.301421,
          -0.560835,
          0.771109,
          2.207442
        ],
        [
          -0.043388,
          -0.799816,
          -0.598675,
          1.237018
        ],
        [
          0.0,
          0.0,
          0.0,
          1.0
        ]
      ]
    },
    {
      "file_path": "/media/NFS/ttao/scannet/posed_images/scene0113_01/00046.jpg",
      "transform_matrix": [
        [
          0.963954,
          -0.183812,
          0.192369,
          2.432987
        ],
        [
          -0.263322,
          -0.55545,
          0.788757,
          2.206957
        ],
        [
          -0.038132,
          -0.81098,
          -0.58383,
          1.246539
        ],
        [
          0.0,
          0.0,
          0.0,
          1.0
        ]
      ]
    },
    {
      "file_path": "/media/NFS/ttao/scannet/posed_images/scene0113_01/00047.jpg",
      "transform_matrix": [
        [
          0.966864,
          -0.172205,
          0.188464,
          2.447779
        ],
        [
          -0.253232,
          -0.553358,
          0.793517,
          2.207279
        ],
        [
          -0.03236,
          -0.814948,
          -0.578629,
          1.248754
        ],
        [
          0.0,
          0.0,
          0.0,
          1.0
        ]
      ]
    },
    {
      "file_path": "/media/NFS/ttao/scannet/posed_images/scene0113_01/00051.jpg",
      "transform_matrix": [
        [
          0.971633,
          -0.14992,
          0.182904,
          2.492143
        ],
        [
          -0.235417,
          -0.539402,
          0.80847,
          2.213915
        ],
        [
          -0.022547,
          -0.828595,
          -0.559395,
          1.25664
        ],
        [
          0.0,
          0.0,
          0.0,
          1.0
        ]
      ]
    },
    {
      "file_path": "/media/NFS/ttao/scannet/posed_images/scene0113_01/00052.jpg",
      "transform_matrix": [
        [
          0.972605,
          -0.154467,
          0.173726,
          2.504989
        ],
        [
          -0.230362,
          -0.540075,
          0.809477,
          2.218152
        ],
        [
          -0.031212,
          -0.827321,
          -0.560862,
          1.26122
        ],
        [
          0.0,
          0.0,
          0.0,
          1.0
        ]
      ]
    },
    {
      "file_path": "/media/NFS/ttao/scannet/posed_images/scene0113_01/00055.jpg",
      "transform_matrix": [
        [
          0.976589,
          -0.157344,
          0.146688,
          2.594967
        ],
        [
          -0.209078,
          -0.533844,
          0.819328,
          2.221084
        ],
        [
          -0.050608,
          -0.830815,
          -0.554243,
          1.268414
        ],
        [
          0.0,
          0.0,
          0.0,
          1.0
        ]
      ]
    },
    {
      "file_path": "/media/NFS/ttao/scannet/posed_images/scene0113_01/00056.jpg",
      "transform_matrix": [
        [
          0.977212,
          -0.154197,
          0.145881,
          2.605921
        ],
        [
          -0.206745,
          -0.535652,
          0.818739,
          2.227437
        ],
        [
          -0.048106,
          -0.830241,
          -0.555325,
          1.271703
        ],
        [
          0.0,
          0.0,
          0.0,
          1.0
        ]
      ]
    },
    {
      "file_path": "/media/NFS/ttao/scannet/posed_images/scene0113_01/00060.jpg",
      "transform_matrix": [
        [
          0.983335,
          -0.139468,
          0.116625,
          2.638805
        ],
        [
          -0.173268,
          -0.52468,
          0.83348,
          2.257958
        ],
        [
          -0.055053,
          -0.839797,
          -0.540101,
          1.271027
        ],
        [
          0.0,
          0.0,
          0.0,
          1.0
        ]
      ]
    },
    {
      "file_path": "/media/NFS/ttao/scannet/posed_images/scene0113_01/00061.jpg",
      "transform_matrix": [
        [
          0.983545,
          -0.139777,
          0.114467,
          2.649405
        ],
        [
          -0.171707,
          -0.526167,
          0.832865,
          2.268771
        ],
        [
          -0.056186,
          -0.838815,
          -0.54151,
          1.269437
        ],
        [
          0.0,
          0.0,
          0.0,
          1.0
        ]
      ]
    },
    {
      "file_path": "/media/NFS/ttao/scannet/posed_images/scene0113_01/00063.jpg",
      "transform_matrix": [
        [
          0.9846,
          -0.13457,
          0.111599,
          2.672766
        ],
        [
          -0.166783,
          -0.53167,
          0.830368,
          2.289631
        ],
        [
          -0.052409,
          -0.836193,
          -0.545926,
          1.267464
        ],
        [
          0.0,
          0.0,
          0.0,
          1.0
        ]
      ]
    },
    {
      "file_path": "/media/NFS/ttao/scannet/posed_images/scene0113_01/00067.jpg",
      "transform_matrix": [
        [
          0.981317,
          -0.143837,
          0.127783,
          2.725807
        ],
        [
          -0.184548,
          -0.515893,
          0.836539,
          2.340549
        ],
        [
          -0.054403,
          -0.844492,
          -0.532799,
          1.275206
        ],
        [
          0.0,
          0.0,
          0.0,
          1.0
        ]
      ]
    },
    {
      "file_path": "/media/NFS/ttao/scannet/posed_images/scene0113_01/00069.jpg",
      "transform_matrix": [
        [
          0.978777,
          -0.141715,
          0.148032,
          2.756653
        ],
        [
          -0.200297,
          -0.508814,
          0.837251,
          2.36656
        ],
        [
          -0.04333,
          -0.849132,
          -0.5264,
          1.276671
        ],
        [
          0.0,
          0.0,
          0.0,
          1.0
        ]
      ]
    },
    {
      "file_path": "/media/NFS/ttao/scannet/posed_images/scene0113_01/00070.jpg",
      "transform_matrix": [
        [
          0.977753,
          -0.141541,
          0.154811,
          2.762145
        ],
        [
          -0.205875,
          -0.506106,
          0.837539,
          2.371813
        ],
        [
          -0.040196,
          -0.850778,
          -0.523986,
          1.268594
        ],
        [
          0.0,
          0.0,
          0.0,
          1.0
        ]
      ]
    },
    {
      "file_path": "/media/NFS/ttao/scannet/posed_images/scene0113_01/00072.jpg",
      "transform_matrix": [
        [
          0.979486,
          -0.134327,
          0.150212,
          2.795767
        ],
        [
          -0.198629,
          -0.517901,
          0.832061,
          2.403129
        ],
        [
          -0.033973,
          -0.844828,
          -0.533958,
          1.277048
        ],
        [
          0.0,
          0.0,
          0.0,
          1.0
        ]
      ]
    },
    {
      "file_path": "/media/NFS/ttao/scannet/posed_images/scene0113_01/00076.jpg",
      "transform_matrix": [
        [
          0.979971,
          -0.119456,
          0.159336,
          2.85422
        ],
        [
          -0.198323,
          -0.512885,
          0.835235,
          2.453277
        ],
        [
          -0.018053,
          -0.850106,
          -0.526303,
          1.277276
        ],
        [
          0.0,
          0.0,
          0.0,
          1.0
        ]
      ]
    },
    {
      "file_path": "/media/NFS/ttao/scannet/posed_images/scene0113_01/00077.jpg",
      "transform_matrix": [
        [
          0.980149,
          -0.121081,
          0.156997,
          2.867433
        ],
        [
          -0.197249,
          -0.515518,
          0.833867,
          2.465223
        ],
        [
          -0.02003,
          -0.848281,
          -0.529167,
          1.278637
        ],
        [
          0.0,
          0.0,
          0.0,
          1.0
        ]
      ]
    },
    {
      "file_path": "/media/NFS/ttao/scannet/posed_images/scene0113_01/00079.jpg",
      "transform_matrix": [
        [
          0.982139,
          -0.122882,
          0.142487,
          2.895029
        ],
        [
          -0.185928,
          -0.517644,
          0.83515,
          2.48921
        ],
        [
          -0.028867,
          -0.846726,
          -0.531245,
          1.279801
        ],
        [
          0.0,
          0.0,
          0.0,
          1.0
        ]
      ]
    },
    {
      "file_path": "/media/NFS/ttao/scannet/posed_images/scene0113_01/00082.jpg",
      "transform_matrix": [
        [
          0.989764,
          -0.096223,
          0.105397,
          2.934687
        ],
        [
          -0.139959,
          -0.510057,
          0.848677,
          2.525903
        ],
        [
          -0.027904,
          -0.854741,
          -0.518303,
          1.283916
        ],
        [
          0.0,
          0.0,
          0.0,
          1.0
        ]
      ]
    },
    {
      "file_path": "/media/NFS/ttao/scannet/posed_images/scene0113_01/00084.jpg",
      "transform_matrix": [
        [
          0.992355,
          -0.084503,
          0.089946,
          2.962896
        ],
        [
          -0.12034,
          -0.500907,
          0.857094,
          2.540515
        ],
        [
          -0.027372,
          -0.861366,
          -0.507247,
          1.272745
        ],
        [
          0.0,
          0.0,
          0.0,
          1.0
        ]
      ]
    },
    {
      "file_path": "/media/NFS/ttao/scannet/posed_images/scene0113_01/00086.jpg",
      "transform_matrix": [
        [
          0.994197,
          -0.074158,
          0.077929,
          2.991859
        ],
        [
          -0.105004,
          -0.511567,
          0.852803,
          2.556608
        ],
        [
          -0.023376,
          -0.856037,
          -0.516385,
          1.26543
        ],
        [
          0.0,
          0.0,
          0.0,
          1.0
        ]
      ]
    },
    {
      "file_path": "/media/NFS/ttao/scannet/posed_images/scene0113_01/00089.jpg",
      "transform_matrix": [
        [
          0.996053,
          -0.060624,
          0.064839,
          3.034597
        ],
        [
          -0.086981,
          -0.520843,
          0.84921,
          2.582667
        ],
        [
          -0.017711,
          -0.851497,
          -0.52406,
          1.260778
        ],
        [
          0.0,
          0.0,
          0.0,
          1.0
        ]
      ]
    },
    {
      "file_path": "/media/NFS/ttao/scannet/posed_images/scene0113_01/00090.jpg",
      "transform_matrix": [
        [
          0.995738,
          -0.064943,
          0.065489,
          3.041721
        ],
        [
          -0.08991,
          -0.525244,
          0.846189,
          2.589716
        ],
        [
          -0.020556,
          -0.84847,
          -0.528844,
          1.260291
        ],
        [
          0.0,
          0.0,
          0.0,
          1.0
        ]
      ]
    },
    {
      "file_path": "/media/NFS/ttao/scannet/posed_images/scene0113_01/00093.jpg",
      "transform_matrix": [
        [
          0.996481,
          -0.063325,
          0.054926,
          3.091709
        ],
        [
          -0.079964,
          -0.521492,
          0.849501,
          2.612294
        ],
        [
          -0.025151,
          -0.850903,
          -0.524721,
          1.265233
        ],
        [
          0.0,
          0.0,
          0.0,
          1.0
        ]
      ]
    },
    {
      "file_path": "/media/NFS/ttao/scannet/posed_images/scene0113_01/00096.jpg",
      "transform_matrix": [
        [
          0.997312,
          -0.059588,
          0.042631,
          3.142004
        ],
        [
          -0.068147,
          -0.540701,
          0.83845,
          2.629415
        ],
        [
          -0.026911,
          -0.839102,
          -0.543309,
          1.264884
        ],
        [
          0.0,
          0.0,
          0.0,
          1.0
        ]
      ]
    },
    {
      "file_path": "/media/NFS/ttao/scannet/posed_images/scene0113_01/00097.jpg",
      "transform_matrix": [
        [
          0.997578,
          -0.059947,
          0.035293,
          3.160867
        ],
        [
          -0.062537,
          -0.550593,
          0.832428,
          2.644144
        ],
        [
          -0.03047,
          -0.832619,
          -0.553008,
          1.278985
        ],
        [
          0.0,
          0.0,
          0.0,
          1.0
        ]
      ]
    },
    {
      "file_path": "/media/NFS/ttao/scannet/posed_images/scene0113_01/00100.jpg",
      "transform_matrix": [
        [
          0.997742,
          -0.048282,
          0.046695,
          3.208053
        ],
        [
          -0.065259,
          -0.53222,
          0.844087,
          2.659165
        ],
        [
          -0.015902,
          -0.845228,
          -0.534169,
          1.274846
        ],
        [
          0.0,
          0.0,
          0.0,
          1.0
        ]
      ]
    },
    {
      "file_path": "/media/NFS/ttao/scannet/posed_images/scene0113_01/00102.jpg",
      "transform_matrix": [
        [
          0.998363,
          -0.041132,
          0.039755,
          3.239192
        ],
        [
          -0.055859,
          -0.551158,
          0.832529,
          2.676136
        ],
        [
          -0.012332,
          -0.833387,
          -0.552553,
          1.280994
        ],
        [
          0.0,
          0.0,
          0.0,
          1.0
        ]
      ]
    },
    {
      "file_path": "/media/NFS/ttao/scannet/posed_images/scene0113_01/00105.jpg",
      "transform_matrix": [
        [
          0.999227,
          -0.034533,
          0.018779,
          3.288174
        ],
        [
          -0.034685,
          -0.549789,
          0.834583,
          2.704256
        ],
        [
          -0.018496,
          -0.83459,
          -0.550562,
          1.290019
        ],
        [
          0.0,
          0.0,
          0.0,
          1.0
        ]
      ]
    },
    {
      "file_path": "/media/NFS/ttao/scannet/posed_images/scene0113_01/00107.jpg",
      "transform_matrix": [
        [
          0.999526,
          -0.02588,
          0.016697,
          3.320122
        ],
        [
          -0.028167,
          -0.548863,
          0.835438,
          2.722836
        ],
        [
          -0.012456,
          -0.835512,
          -0.549331,
          1.288839
        ],
        [
          0.0,
          0.0,
          0.0,
          1.0
        ]
      ]
    },
    {
      "file_path": "/media/NFS/ttao/scannet/posed_images/scene0113_01/00110.jpg",
      "transform_matrix": [
        [
          0.999871,
          -0.015466,
          -0.004463,
          3.378623
        ],
        [
          -0.004438,
          -0.531382,
          0.847121,
          2.755531
        ],
        [
          -0.015473,
          -0.846991,
          -0.531382,
          1.284866
        ],
        [
          0.0,
          0.0,
          0.0,
          1.0
        ]
      ]
    },
    {
      "file_path": "/media/NFS/ttao/scannet/posed_images/scene0113_01/00111.jpg",
      "transform_matrix": [
        [
          0.999926,
          -0.008494,
          -0.008728,
          3.394954
        ],
        [
          0.002868,
          -0.532243,
          0.846587,
          2.765495
        ],
        [
          -0.011836,
          -0.846549,
          -0.532179,
          1.280413
        ],
        [
          0.0,
          0.0,
          0.0,
          1.0
        ]
      ]
    },
    {
      "file_path": "/media/NFS/ttao/scannet/posed_images/scene0113_01/00113.jpg",
      "transform_matrix": [
        [
          0.999852,
          -0.000158,
          -0.01723,
          3.434776
        ],
        [
          0.014416,
          -0.540085,
          0.841487,
          2.792228
        ],
        [
          -0.009438,
          -0.841611,
          -0.540003,
          1.281764
        ],
        [
          0.0,
          0.0,
          0.0,
          1.0
        ]
      ]
    },
    {
      "file_path": "/media/NFS/ttao/scannet/posed_images/scene0113_01/00115.jpg",
      "transform_matrix": [
        [
          0.99904,
          0.001178,
          -0.0438,
          3.471992
        ],
        [
          0.037275,
          -0.54828,
          0.835464,
          2.820433
        ],
        [
          -0.023031,
          -0.836294,
          -0.547797,
          1.287818
        ],
        [
          0.0,
          0.0,
          0.0,
          1.0
        ]
      ]
    },
    {
      "file_path": "/media/NFS/ttao/scannet/posed_images/scene0113_01/00117.jpg",
      "transform_matrix": [
        [
          0.996216,
          0.004594,
          -0.086797,
          3.518587
        ],
        [
          0.075558,
          -0.539377,
          0.838668,
          2.837696
        ],
        [
          -0.042964,
          -0.842052,
          -0.537683,
          1.289185
        ],
        [
          0.0,
          0.0,
          0.0,
          1.0
        ]
      ]
    },
    {
      "file_path": "/media/NFS/ttao/scannet/posed_images/scene0113_01/00121.jpg",
      "transform_matrix": [
        [
          0.995734,
          0.01305,
          -0.091346,
          3.609381
        ],
        [
          0.08372,
          -0.544021,
          0.834885,
          2.868025
        ],
        [
          -0.038799,
          -0.83897,
          -0.542793,
          1.287889
        ],
        [
          0.0,
          0.0,
          0.0,
          1.0
        ]
      ]
    },
    {
      "file_path": "/media/NFS/ttao/scannet/posed_images/scene0113_01/00123.jpg",
      "transform_matrix": [
        [
          0.994936,
          0.012361,
          -0.099752,
          3.648092
        ],
        [
          0.089927,
          -0.552812,
          0.82844,
          2.885362
        ],
        [
          -0.044904,
          -0.833215,
          -0.551124,
          1.290755
        ],
        [
          0.0,
          0.0,
          0.0,
          1.0
        ]
      ]
    },
    {
      "file_path": "/media/NFS/ttao/scannet/posed_images/scene0113_01/00124.jpg",
      "transform_matrix": [
        [
          0.994042,
          0.011403,
          -0.108401,
          3.666878
        ],
        [
          0.096382,
          -0.556406,
          0.825302,
          2.891783
        ],
        [
          -0.050904,
          -0.830832,
          -0.55419,
          1.289347
        ],
        [
          0.0,
          0.0,
          0.0,
          1.0
        ]
      ]
    },
    {
      "file_path": "/media/NFS/ttao/scannet/posed_images/scene0113_01/00128.jpg",
      "transform_matrix": [
        [
          0.991598,
          0.023051,
          -0.127287,
          3.742865
        ],
        [
          0.118711,
          -0.553088,
          0.824622,
          2.920246
        ],
        [
          -0.051392,
          -0.832804,
          -0.551177,
          1.284917
        ],
        [
          0.0,
          0.0,
          0.0,
          1.0
        ]
      ]
    },
    {
      "file_path": "/media/NFS/ttao/scannet/posed_images/scene0113_01/00130.jpg",
      "transform_matrix": [
        [
          0.988958,
          0.024239,
          -0.146203,
          3.778811
        ],
        [
          0.134801,
          -0.557032,
          0.819478,
          2.933931
        ],
        [
          -0.061577,
          -0.830138,
          -0.554148,
          1.280422
        ],
        [
          0.0,
          0.0,
          0.0,
          1.0
        ]
      ]
    },
    {
      "file_path": "/media/NFS/ttao/scannet/posed_images/scene0113_01/00131.jpg",
      "transform_matrix": [
        [
          0.986906,
          0.024781,
          -0.159382,
          3.799482
        ],
        [
          0.14593,
          -0.558111,
          0.816834,
          2.9393
        ],
        [
          -0.068711,
          -0.829397,
          -0.554419,
          1.278032
        ],
        [
          0.0,
          0.0,
          0.0,
          1.0
        ]
      ]
    },
    {
      "file_path": "/media/NFS/ttao/scannet/posed_images/scene0113_01/00133.jpg",
      "transform_matrix": [
        [
          0.982561,
          0.026057,
          -0.184106,
          3.841304
        ],
        [
          0.166815,
          -0.560913,
          0.810894,
          2.95146
        ],
        [
          -0.082138,
          -0.827465,
          -0.555478,
          1.276219
        ],
        [
          0.0,
          0.0,
          0.0,
          1.0
        ]
      ]
    },
    {
      "file_path": "/media/NFS/ttao/scannet/posed_images/scene0113_01/00137.jpg",
      "transform_matrix": [
        [
          0.972123,
          0.067644,
          -0.224501,
          3.938529
        ],
        [
          0.221749,
          -0.576346,
          0.786545,
          2.976063
        ],
        [
          -0.076185,
          -0.814402,
          -0.575279,
          1.273124
        ],
        [
          0.0,
          0.0,
          0.0,
          1.0
        ]
      ]
    },
    {
      "file_path": "/media/NFS/ttao/scannet/posed_images/scene0113_01/00139.jpg",
      "transform_matrix": [
        [
          0.970103,
          0.080415,
          -0.228985,
          3.977894
        ],
        [
          0.232495,
          -0.578593,
          0.781778,
          2.991312
        ],
        [
          -0.069622,
          -0.811642,
          -0.579991,
          1.276371
        ],
        [
          0.0,
          0.0,
          0.0,
          1.0
        ]
      ]
    },
    {
      "file_path": "/media/NFS/ttao/scannet/posed_images/scene0113_01/00141.jpg",
      "transform_matrix": [
        [
          0.967923,
          0.075631,
          -0.239594,
          3.997416
        ],
        [
          0.2386,
          -0.575456,
          0.782254,
          3.005739
        ],
        [
          -0.078713,
          -0.814328,
          -0.575042,
          1.278045
        ],
        [
          0.0,
          0.0,
          0.0,
          1.0
        ]
      ]
    },
    {
      "file_path": "/media/NFS/ttao/scannet/posed_images/scene0113_01/00142.jpg",
      "transform_matrix": [
        [
          0.966534,
          0.074491,
          -0.245488,
          4.006752
        ],
        [
          0.242963,
          -0.572977,
          0.78273,
          3.009294
        ],
        [
          -0.082353,
          -0.816179,
          -0.5719,
          1.27547
        ],
        [
          0.0,
          0.0,
          0.0,
          1.0
        ]
      ]
    },
    {
      "file_path": "/media/NFS/ttao/scannet/posed_images/scene0113_01/00146.jpg",
      "transform_matrix": [
        [
          0.961201,
          0.076097,
          -0.265146,
          4.069694
        ],
        [
          0.257999,
          -0.588165,
          0.766485,
          3.047297
        ],
        [
          -0.097622,
          -0.805153,
          -0.584977,
          1.269719
        ],
        [
          0.0,
          0.0,
          0.0,
          1.0
        ]
      ]
    },
    {
      "file_path": "/media/NFS/ttao/scannet/posed_images/scene0113_01/00147.jpg",
      "transform_matrix": [
        [
          0.95956,
          0.080245,
          -0.269824,
          4.085379
        ],
        [
          0.264319,
          -0.586599,
          0.765531,
          3.057279
        ],
        [
          -0.096849,
          -0.805892,
          -0.584087,
          1.266158
        ],
        [
          0.0,
          0.0,
          0.0,
          1.0
        ]
      ]
    },
    {
      "file_path": "/media/NFS/ttao/scannet/posed_images/scene0113_01/00150.jpg",
      "transform_matrix": [
        [
          0.956372,
          0.099204,
          -0.274791,
          4.132691
        ],
        [
          0.278424,
          -0.594413,
          0.754422,
          3.095498
        ],
        [
          -0.088498,
          -0.798017,
          -0.596102,
          1.256542
        ],
        [
          0.0,
          0.0,
          0.0,
          1.0
        ]
      ]
    },
    {
      "file_path": "/media/NFS/ttao/scannet/posed_images/scene0113_01/00153.jpg",
      "transform_matrix": [
        [
          0.95651,
          0.110308,
          -0.270037,
          4.178334
        ],
        [
          0.281472,
          -0.592002,
          0.755187,
          3.146888
        ],
        [
          -0.076559,
          -0.798352,
          -0.597305,
          1.255532
        ],
        [
          0.0,
          0.0,
          0.0,
          1.0
        ]
      ]
    },
    {
      "file_path": "/media/NFS/ttao/scannet/posed_images/scene0113_01/00155.jpg",
      "transform_matrix": [
        [
          0.95533,
          0.111349,
          -0.273761,
          4.206225
        ],
        [
          0.286626,
          -0.574869,
          0.766401,
          3.168807
        ],
        [
          -0.072038,
          -0.810634,
          -0.581106,
          1.253534
        ],
        [
          0.0,
          0.0,
          0.0,
          1.0
        ]
      ]
    },
    {
      "file_path": "/media/NFS/ttao/scannet/posed_images/scene0113_01/00156.jpg",
      "transform_matrix": [
        [
          0.954242,
          0.112906,
          -0.276901,
          4.222781
        ],
        [
          0.289776,
          -0.577776,
          0.763024,
          3.184451
        ],
        [
          -0.073837,
          -0.808349,
          -0.584056,
          1.253451
        ],
        [
          0.0,
          0.0,
          0.0,
          1.0
        ]
      ]
    },
    {
      "file_path": "/media/NFS/ttao/scannet/posed_images/scene0113_01/00159.jpg",
      "transform_matrix": [
        [
          0.958363,
          0.130629,
          -0.253922,
          4.261121
        ],
        [
          0.28228,
          -0.567621,
          0.773385,
          3.235989
        ],
        [
          -0.043105,
          -0.81286,
          -0.580861,
          1.26033
        ],
        [
          0.0,
          0.0,
          0.0,
          1.0
        ]
      ]
    },
    {
      "file_path": "/media/NFS/ttao/scannet/posed_images/scene0113_01/00162.jpg",
      "transform_matrix": [
        [
          0.957848,
          0.127201,
          -0.25758,
          4.294434
        ],
        [
          0.283807,
          -0.557911,
          0.779865,
          3.269546
        ],
        [
          -0.044507,
          -0.820095,
          -0.570495,
          1.251931
        ],
        [
          0.0,
          0.0,
          0.0,
          1.0
        ]
      ]
    },
    {
      "file_path": "/media/NFS/ttao/scannet/posed_images/scene0113_01/00163.jpg",
      "transform_matrix": [
        [
          0.955748,
          0.124379,
          -0.266599,
          4.303999
        ],
        [
          0.288716,
          -0.570502,
          0.768876,
          3.285232
        ],
        [
          -0.056463,
          -0.811823,
          -0.581167,
          1.254404
        ],
        [
          0.0,
          0.0,
          0.0,
          1.0
        ]
      ]
    },
    {
      "file_path": "/media/NFS/ttao/scannet/posed_images/scene0113_01/00165.jpg",
      "transform_matrix": [
        [
          0.952587,
          0.128848,
          -0.275637,
          4.324265
        ],
        [
          0.298126,
          -0.576331,
          0.760897,
          3.318351
        ],
        [
          -0.060818,
          -0.806995,
          -0.587419,
          1.260023
        ],
        [
          0.0,
          0.0,
          0.0,
          1.0
        ]
      ]
    },
    {
      "file_path": "/media/NFS/ttao/scannet/posed_images/scene0113_01/00169.jpg",
      "transform_matrix": [
        [
          0.948232,
          0.140707,
          -0.284706,
          4.353635
        ],
        [
          0.312131,
          -0.578241,
          0.753798,
          3.370153
        ],
        [
          -0.058564,
          -0.803641,
          -0.592226,
          1.255411
        ],
        [
          0.0,
          0.0,
          0.0,
          1.0
        ]
      ]
    },
    {
      "file_path": "/media/NFS/ttao/scannet/posed_images/scene0113_01/00171.jpg",
      "transform_matrix": [
        [
          0.940188,
          0.156233,
          -0.302718,
          4.366234
        ],
        [
          0.335326,
          -0.58104,
          0.741585,
          3.395364
        ],
        [
          -0.060031,
          -0.798739,
          -0.598676,
          1.252089
        ],
        [
          0.0,
          0.0,
          0.0,
          1.0
        ]
      ]
    },
    {
      "file_path": "/media/NFS/ttao/scannet/posed_images/scene0113_01/00172.jpg",
      "transform_matrix": [
        [
          0.936283,
          0.164033,
          -0.310591,
          4.373065
        ],
        [
          0.345983,
          -0.583187,
          0.734975,
          3.412816
        ],
        [
          -0.060572,
          -0.795604,
          -0.602781,
          1.252378
        ],
        [
          0.0,
          0.0,
          0.0,
          1.0
        ]
      ]
    },
    {
      "file_path": "/media/NFS/ttao/scannet/posed_images/scene0113_01/00174.jpg",
      "transform_matrix": [
        [
          0.927436,
          0.183105,
          -0.326089,
          4.380466
        ],
        [
          0.369865,
          -0.578089,
          0.727333,
          3.439615
        ],
        [
          -0.055331,
