{
  "frames": [
    {
      "file_path": "/media/NFS/ttao/scannet/posed_images/scene0293_00/00000.jpg",
      "transform_matrix": [
        [
          -0.874582,
          0.268207,
          -0.403944,
          5.103615
        ],
        [
          0.477697,
          0.333768,
          -0.812653,
          4.338279
        ],
        [
          -0.083136,
          -0.903694,
          -0.42003,
          1.613691
        ],
        [
          0.0,
          0.0,
          0.0,
          1.0
        ]
      ]
    },
    {
      "file_path": "/media/NFS/ttao/scannet/posed_images/scene0293_00/00005.jpg",
      "transform_matrix": [
        [
          -0.87347,
          0.270172,
          -0.405039,
          5.109626
        ],
        [
          0.480053,
          0.339098,
          -0.80905,
          4.336566
        ],
        [
          -0.081235,
          -0.901121,
          -0.425889,
          1.592937
        ],
        [
          0.0,
          0.0,
          0.0,
          1.0
        ]
      ]
    },
    {
      "file_path": "/media/NFS/ttao/scannet/posed_images/scene0293_00/00007.jpg",
      "transform_matrix": [
        [
          -0.874267,
          0.272147,
          -0.401987,
          5.10444
        ],
        [
          0.478331,
          0.341683,
          -0.808983,
          4.336374
        ],
        [
          -0.08281,
          -0.899549,
          -0.428898,
          1.598927
        ],
        [
          0.0,
          0.0,
          0.0,
          1.0
        ]
      ]
    },
    {
      "file_path": "/media/NFS/ttao/scannet/posed_images/scene0293_00/00012.jpg",
      "transform_matrix": [
        [
          -0.868634,
          0.262223,
          -0.420374,
          5.155988
        ],
        [
          0.491768,
          0.353001,
          -0.795961,
          4.291989
        ],
        [
          -0.060326,
          -0.898126,
          -0.435582,
          1.584717
        ],
        [
          0.0,
          0.0,
          0.0,
          1.0
        ]
      ]
    },
    {
      "file_path": "/media/NFS/ttao/scannet/posed_images/scene0293_00/00016.jpg",
      "transform_matrix": [
        [
          -0.870496,
          0.265988,
          -0.41411,
          5.149039
        ],
        [
          0.488221,
          0.360212,
          -0.794914,
          4.27843
        ],
        [
          -0.06227,
          -0.894146,
          -0.443424,
          1.575193
        ],
        [
          0.0,
          0.0,
          0.0,
          1.0
        ]
      ]
    },
    {
      "file_path": "/media/NFS/ttao/scannet/posed_images/scene0293_00/00020.jpg",
      "transform_matrix": [
        [
          -0.872641,
          0.275564,
          -0.40319,
          5.131128
        ],
        [
          0.483594,
          0.372493,
          -0.792078,
          4.251409
        ],
        [
          -0.068083,
          -0.886179,
          -0.458313,
          1.586271
        ],
        [
          0.0,
          0.0,
          0.0,
          1.0
        ]
      ]
    },
    {
      "file_path": "/media/NFS/ttao/scannet/posed_images/scene0293_00/00022.jpg",
      "transform_matrix": [
        [
          -0.873743,
          0.274241,
          -0.401703,
          5.129358
        ],
        [
          0.481679,
          0.373233,
          -0.792895,
          4.231422
        ],
        [
          -0.067515,
          -0.886278,
          -0.458206,
          1.586157
        ],
        [
          0.0,
          0.0,
          0.0,
          1.0
        ]
      ]
    },
    {
      "file_path": "/media/NFS/ttao/scannet/posed_images/scene0293_00/00027.jpg",
      "transform_matrix": [
        [
          -0.881118,
          0.267249,
          -0.390141,
          5.11735
        ],
        [
          0.467751,
          0.371137,
          -0.802164,
          4.171216
        ],
        [
          -0.069582,
          -0.889289,
          -0.452021,
          1.582695
        ],
        [
          0.0,
          0.0,
          0.0,
          1.0
        ]
      ]
    },
    {
      "file_path": "/media/NFS/ttao/scannet/posed_images/scene0293_00/00033.jpg",
      "transform_matrix": [
        [
          -0.895249,
          0.238235,
          -0.376529,
          5.064157
        ],
        [
          0.442216,
          0.371629,
          -0.816294,
          4.10311
        ],
        [
          -0.054541,
          -0.897294,
          -0.438052,
          1.610558
        ],
        [
          0.0,
          0.0,
          0.0,
          1.0
        ]
      ]
    },
    {
      "file_path": "/media/NFS/ttao/scannet/posed_images/scene0293_00/00035.jpg",
      "transform_matrix": [
        [
          -0.901802,
          0.221265,
          -0.371208,
          5.054279
        ],
        [
          0.430136,
          0.376763,
          -0.820386,
          4.076027
        ],
        [
          -0.041665,
          -0.899495,
          -0.434939,
          1.613562
        ],
        [
          0.0,
          0.0,
          0.0,
          1.0
        ]
      ]
    },
    {
      "file_path": "/media/NFS/ttao/scannet/posed_images/scene0293_00/00041.jpg",
      "transform_matrix": [
        [
          -0.910965,
          0.182747,
          -0.369793,
          5.022373
        ],
        [
          0.412401,
          0.38557,
          -0.825385,
          4.010982
        ],
        [
          -0.008255,
          -0.9044,
          -0.426606,
          1.598873
        ],
        [
          0.0,
          0.0,
          0.0,
          1.0
        ]
      ]
    },
    {
      "file_path": "/media/NFS/ttao/scannet/posed_images/scene0293_00/00042.jpg",
      "transform_matrix": [
        [
          -0.911739,
          0.183544,
          -0.367483,
          5.017055
        ],
        [
          0.410677,
          0.388216,
          -0.825005,
          3.998755
        ],
        [
          -0.008762,
          -0.903106,
          -0.429329,
          1.6004
        ],
        [
          0.0,
          0.0,
          0.0,
          1.0
        ]
      ]
    },
    {
      "file_path": "/media/NFS/ttao/scannet/posed_images/scene0293_00/00045.jpg",
      "transform_matrix": [
        [
          -0.913398,
          0.189367,
          -0.360339,
          5.001511
        ],
        [
          0.406823,
          0.393926,
          -0.824208,
          3.963078
        ],
        [
          -0.014131,
          -0.899423,
          -0.43685,
          1.60197
        ],
        [
          0.0,
          0.0,
          0.0,
          1.0
        ]
      ]
    },
    {
      "file_path": "/media/NFS/ttao/scannet/posed_images/scene0293_00/00050.jpg",
      "transform_matrix": [
        [
          -0.921153,
          0.182284,
          -0.343876,
          4.988174
        ],
        [
          0.389024,
          0.404562,
          -0.827641,
          3.896403
        ],
        [
          -0.011747,
          -0.89616,
          -0.443576,
          1.597727
        ],
        [
          0.0,
          0.0,
          0.0,
          1.0
        ]
      ]
    },
    {
      "file_path": "/media/NFS/ttao/scannet/posed_images/scene0293_00/00053.jpg",
      "transform_matrix": [
        [
          -0.922985,
          0.177595,
          -0.341407,
          4.983308
        ],
        [
          0.384706,
          0.402773,
          -0.830527,
          3.84969
        ],
        [
          -0.009988,
          -0.897905,
          -0.440076,
          1.595206
        ],
        [
          0.0,
          0.0,
          0.0,
          1.0
        ]
      ]
    },
    {
      "file_path": "/media/NFS/ttao/scannet/posed_images/scene0293_00/00060.jpg",
      "transform_matrix": [
        [
          -0.91635,
          0.174932,
          -0.360141,
          4.991381
        ],
        [
          0.400337,
          0.387397,
          -0.830455,
          3.721112
        ],
        [
          -0.005756,
          -0.905165,
          -0.425023,
          1.596617
        ],
        [
          0.0,
          0.0,
          0.0,
          1.0
        ]
      ]
    },
    {
      "file_path": "/media/NFS/ttao/scannet/posed_images/scene0293_00/00062.jpg",
      "transform_matrix": [
        [
          -0.915654,
          0.18954,
          -0.354477,
          4.995649
        ],
        [
          0.401481,
          0.387812,
          -0.829708,
          3.683881
        ],
        [
          -0.019793,
          -0.902041,
          -0.431198,
          1.597114
        ],
        [
          0.0,
          0.0,
          0.0,
          1.0
        ]
      ]
    },
    {
      "file_path": "/media/NFS/ttao/scannet/posed_images/scene0293_00/00067.jpg",
      "transform_matrix": [
        [
          -0.909905,
          0.211524,
          -0.356836,
          5.003749
        ],
        [
          0.41283,
          0.377628,
          -0.828836,
          3.595306
        ],
        [
          -0.040568,
          -0.901474,
          -0.430928,
          1.606147
        ],
        [
          0.0,
          0.0,
          0.0,
          1.0
        ]
      ]
    },
    {
      "file_path": "/media/NFS/ttao/scannet/posed_images/scene0293_00/00070.jpg",
      "transform_matrix": [
        [
          -0.906984,
          0.229363,
          -0.353233,
          5.006383
        ],
        [
          0.418036,
          0.388192,
          -0.821312,
          3.540546
        ],
        [
          -0.051256,
          -0.89258,
          -0.447965,
          1.620541
        ],
        [
          0.0,
          0.0,
          0.0,
          1.0
        ]
      ]
    },
    {
      "file_path": "/media/NFS/ttao/scannet/posed_images/scene0293_00/00075.jpg",
      "transform_matrix": [
        [
          -0.905981,
          0.229338,
          -0.355814,
          5.00098
        ],
        [
          0.420494,
          0.390592,
          -0.818916,
          3.464448
        ],
        [
          -0.04883,
          -0.891539,
          -0.450304,
          1.618695
        ],
        [
          0.0,
          0.0,
          0.0,
          1.0
        ]
      ]
    },
    {
      "file_path": "/media/NFS/ttao/scannet/posed_images/scene0293_00/00077.jpg",
      "transform_matrix": [
        [
          -0.906081,
          0.231037,
          -0.354455,
          4.994503
        ],
        [
          0.419952,
          0.389016,
          -0.819943,
          3.43574
        ],
        [
          -0.051548,
          -0.891789,
          -0.449505,
          1.615468
        ],
        [
          0.0,
          0.0,
          0.0,
          1.0
        ]
      ]
    },
    {
      "file_path": "/media/NFS/ttao/scannet/posed_images/scene0293_00/00084.jpg",
      "transform_matrix": [
        [
          -0.891091,
          0.237783,
          -0.386544,
          4.950012
        ],
        [
          0.451316,
          0.37488,
          -0.809802,
          3.323213
        ],
        [
          -0.04765,
          -0.89606,
          -0.441367,
          1.621121
        ],
        [
          0.0,
          0.0,
          0.0,
          1.0
        ]
      ]
    },
    {
      "file_path": "/media/NFS/ttao/scannet/posed_images/scene0293_00/00087.jpg",
      "transform_matrix": [
        [
          -0.882559,
          0.234422,
          -0.407597,
          4.930871
        ],
        [
          0.468293,
          0.360196,
          -0.806821,
          3.272614
        ],
        [
          -0.042322,
          -0.902942,
          -0.427673,
          1.625385
        ],
        [
          0.0,
          0.0,
          0.0,
          1.0
        ]
      ]
    },
    {
      "file_path": "/media/NFS/ttao/scannet/posed_images/scene0293_00/00089.jpg",
      "transform_matrix": [
        [
          -0.878987,
          0.233454,
          -0.415789,
          4.916645
        ],
        [
          0.474884,
          0.349564,
          -0.807645,
          3.241607
        ],
        [
          -0.043203,
          -0.907361,
          -0.418126,
          1.624837
        ],
        [
          0.0,
          0.0,
          0.0,
          1.0
        ]
      ]
    },
    {
      "file_path": "/media/NFS/ttao/scannet/posed_images/scene0293_00/00095.jpg",
      "transform_matrix": [
        [
          -0.858845,
          0.231379,
          -0.457,
          4.883682
        ],
        [
          0.512037,
          0.362965,
          -0.778508,
          3.152497
        ],
        [
          -0.014256,
          -0.902619,
          -0.430205,
          1.639882
        ],
        [
          0.0,
          0.0,
          0.0,
          1.0
        ]
      ]
    },
    {
      "file_path": "/media/NFS/ttao/scannet/posed_images/scene0293_00/00096.jpg",
      "transform_matrix": [
        [
          -0.856086,
          0.23201,
          -0.461832,
          4.8779
        ],
        [
          0.516723,
          0.365718,
          -0.774111,
          3.139003
        ],
        [
          -0.010701,
          -0.901345,
          -0.43297,
          1.642108
        ],
        [
          0.0,
          0.0,
          0.0,
          1.0
        ]
      ]
    },
    {
      "file_path": "/media/NFS/ttao/scannet/posed_images/scene0293_00/00100.jpg",
      "transform_matrix": [
        [
          -0.842036,
          0.235399,
          -0.485348,
          4.868919
        ],
        [
          0.539421,
          0.366623,
          -0.758032,
          3.079515
        ],
        [
          -0.0005,
          -0.900097,
          -0.435689,
          1.642656
        ],
        [
          0.0,
          0.0,
          0.0,
          1.0
        ]
      ]
    },
    {
      "file_path": "/media/NFS/ttao/scannet/posed_images/scene0293_00/00104.jpg",
      "transform_matrix": [
        [
          -0.829544,
          0.247003,
          -0.500845,
          4.857887
        ],
        [
          0.558403,
          0.377353,
          -0.738777,
          3.019704
        ],
        [
          0.006515,
          -0.892521,
          -0.450958,
          1.638952
        ],
        [
          0.0,
          0.0,
          0.0,
          1.0
        ]
      ]
    },
    {
      "file_path": "/media/NFS/ttao/scannet/posed_images/scene0293_00/00110.jpg",
      "transform_matrix": [
        [
          -0.802227,
          0.259694,
          -0.537579,
          4.858249
        ],
        [
          0.596857,
          0.369812,
          -0.71204,
          2.916878
        ],
        [
          0.013891,
          -0.892075,
          -0.451674,
          1.634546
        ],
        [
          0.0,
          0.0,
          0.0,
          1.0
        ]
      ]
    },
    {
      "file_path": "/media/NFS/ttao/scannet/posed_images/scene0293_00/00111.jpg",
      "transform_matrix": [
        [
          -0.798956,
          0.26438,
          -0.540159,
          4.858974
        ],
        [
          0.60131,
          0.365753,
          -0.710388,
          2.899662
        ],
        [
          0.009753,
          -0.892372,
          -0.451195,
          1.63345
        ],
        [
          0.0,
          0.0,
          0.0,
          1.0
        ]
      ]
    },
    {
      "file_path": "/media/NFS/ttao/scannet/posed_images/scene0293_00/00117.jpg",
      "transform_matrix": [
        [
          -0.758161,
          0.290392,
          -0.583836,
          4.875236
        ],
        [
          0.651947,
          0.320366,
          -0.687264,
          2.79041
        ],
        [
          -0.012534,
          -0.901686,
          -0.432209,
          1.645022
        ],
        [
          0.0,
          0.0,
          0.0,
          1.0
        ]
      ]
    },
    {
      "file_path": "/media/NFS/ttao/scannet/posed_images/scene0293_00/00122.jpg",
      "transform_matrix": [
        [
          -0.732908,
          0.317915,
          -0.601479,
          4.87467
        ],
        [
          0.678775,
          0.28199,
          -0.678046,
          2.721013
        ],
        [
          -0.04595,
          -0.905214,
          -0.422465,
          1.660781
        ],
        [
          0.0,
          0.0,
          0.0,
          1.0
        ]
      ]
    },
    {
      "file_path": "/media/NFS/ttao/scannet/posed_images/scene0293_00/00124.jpg",
      "transform_matrix": [
        [
          -0.723192,
          0.326358,
          -0.608674,
          4.876206
        ],
        [
          0.688703,
          0.274688,
          -0.670995,
          2.693005
        ],
        [
          -0.051789,
          -0.904454,
          -0.423416,
          1.665449
        ],
        [
          0.0,
          0.0,
          0.0,
          1.0
        ]
      ]
    },
    {
      "file_path": "/media/NFS/ttao/scannet/posed_images/scene0293_00/00130.jpg",
      "transform_matrix": [
        [
          -0.701598,
          0.330312,
          -0.631391,
          4.845329
        ],
        [
          0.711053,
          0.266697,
          -0.650597,
          2.632639
        ],
        [
          -0.04651,
          -0.90541,
          -0.421983,
          1.678946
        ],
        [
          0.0,
          0.0,
          0.0,
          1.0
        ]
      ]
    },
    {
      "file_path": "/media/NFS/ttao/scannet/posed_images/scene0293_00/00132.jpg",
      "transform_matrix": [
        [
          -0.686994,
          0.336933,
          -0.643828,
          4.837386
        ],
        [
          0.7248,
          0.25432,
          -0.640302,
          2.60938
        ],
        [
          -0.052001,
          -0.90653,
          -0.418925,
          1.67836
        ],
        [
          0.0,
          0.0,
          0.0,
          1.0
        ]
      ]
    },
    {
      "file_path": "/media/NFS/ttao/scannet/posed_images/scene0293_00/00135.jpg",
      "transform_matrix": [
        [
          -0.668336,
          0.348059,
          -0.657405,
          4.819761
        ],
        [
          0.741445,
          0.240565,
          -0.626408,
          2.572891
        ],
        [
          -0.059878,
          -0.906081,
          -0.418845,
          1.677726
        ],
        [
          0.0,
          0.0,
          0.0,
          1.0
        ]
      ]
    },
    {
      "file_path": "/media/NFS/ttao/scannet/posed_images/scene0293_00/00140.jpg",
      "transform_matrix": [
        [
          -0.631998,
          0.354085,
          -0.689349,
          4.775906
        ],
        [
          0.771665,
          0.205464,
          -0.601928,
          2.521691
        ],
        [
          -0.071497,
          -0.912364,
          -0.403088,
          1.678122
        ],
        [
          0.0,
          0.0,
          0.0,
          1.0
        ]
      ]
    },
    {
      "file_path": "/media/NFS/ttao/scannet/posed_images/scene0293_00/00145.jpg",
      "transform_matrix": [
        [
          -0.591371,
          0.35154,
          -0.725741,
          4.734841
        ],
        [
          0.802161,
          0.164295,
          -0.57406,
          2.474778
        ],
        [
          -0.08257,
          -0.921643,
          -0.379152,
          1.683289
        ],
        [
          0.0,
          0.0,
          0.0,
          1.0
        ]
      ]
    },
    {
      "file_path": "/media/NFS/ttao/scannet/posed_images/scene0293_00/00146.jpg",
      "transform_matrix": [
        [
          -0.580811,
          0.351639,
          -0.734172,
          4.725329
        ],
        [
          0.809996,
          0.159879,
          -0.564221,
          2.465248
        ],
        [
          -0.081024,
          -0.922382,
          -0.377686,
          1.687196
        ],
        [
          0.0,
          0.0,
          0.0,
          1.0
        ]
      ]
    },
    {
      "file_path": "/media/NFS/ttao/scannet/posed_images/scene0293_00/00150.jpg",
      "transform_matrix": [
        [
          -0.528972,
          0.350738,
          -0.772769,
          4.701745
        ],
        [
          0.846241,
          0.149593,
          -0.511369,
          2.427013
        ],
        [
          -0.063756,
          -0.924448,
          -0.375939,
          1.694648
        ],
        [
          0.0,
          0.0,
          0.0,
          1.0
        ]
      ]
    },
    {
      "file_path": "/media/NFS/ttao/scannet/posed_images/scene0293_00/00154.jpg",
      "transform_matrix": [
        [
          -0.471241,
          0.363726,
          -0.803515,
          4.678979
        ],
        [
          0.880563,
          0.141947,
          -0.452173,
          2.393453
        ],
        [
          -0.050411,
          -0.920627,
          -0.387175,
          1.692305
        ],
        [
          0.0,
          0.0,
          0.0,
          1.0
        ]
      ]
    },
    {
      "file_path": "/media/NFS/ttao/scannet/posed_images/scene0293_00/00160.jpg",
      "transform_matrix": [
        [
          -0.371102,
          0.394555,
          -0.840601,
          4.648288
        ],
        [
          0.927703,
          0.11793,
          -0.354202,
          2.350513
        ],
        [
          -0.04062,
          -0.911273,
          -0.409794,
          1.69484
        ],
        [
          0.0,
          0.0,
          0.0,
          1.0
        ]
      ]
    },
    {
      "file_path": "/media/NFS/ttao/scannet/posed_images/scene0293_00/00164.jpg",
      "transform_matrix": [
        [
          -0.24626,
          0.414875,
          -0.875919,
          4.63231
        ],
        [
          0.968024,
          0.060713,
          -0.243398,
          2.309545
        ],
        [
          -0.0478,
          -0.907851,
          -0.41656,
          1.693129
        ],
        [
          0.0,
          0.0,
          0.0,
          1.0
        ]
      ]
    },
    {
      "file_path": "/media/NFS/ttao/scannet/posed_images/scene0293_00/00166.jpg",
      "transform_matrix": [
        [
          -0.19725,
          0.428644,
          -0.881678,
          4.625566
        ],
        [
          0.978765,
          0.034928,
          -0.201989,
          2.293111
        ],
        [
          -0.055786,
          -0.902798,
          -0.426432,
          1.695869
        ],
        [
          0.0,
          0.0,
          0.0,
          1.0
        ]
      ]
    },
    {
      "file_path": "/media/NFS/ttao/scannet/posed_images/scene0293_00/00170.jpg",
      "transform_matrix": [
        [
          -0.118194,
          0.463073,
          -0.878404,
          4.607049
        ],
        [
          0.989631,
          -0.01777,
          -0.142528,
          2.272796
        ],
        [
          -0.08161,
          -0.886142,
          -0.456171,
          1.713002
        ],
        [
          0.0,
          0.0,
          0.0,
          1.0
        ]
      ]
    },
    {
      "file_path": "/media/NFS/ttao/scannet/posed_images/scene0293_00/00175.jpg",
      "transform_matrix": [
        [
          -0.038421,
          0.48036,
          -0.87623,
          4.595833
        ],
        [
          0.996908,
          -0.041718,
          -0.066582,
          2.245197
        ],
        [
          -0.068538,
          -0.876079,
          -0.477272,
          1.709136
        ],
        [
          0.0,
          0.0,
          0.0,
          1.0
        ]
      ]
    },
    {
      "file_path": "/media/NFS/ttao/scannet/posed_images/scene0293_00/00180.jpg",
      "transform_matrix": [
        [
          0.006747,
          0.489847,
          -0.871783,
          4.578288
        ],
        [
          0.998373,
          -0.052663,
          -0.021864,
          2.235792
        ],
        [
          -0.05662,
          -0.870217,
          -0.489405,
          1.705618
        ],
        [
          0.0,
          0.0,
          0.0,
          1.0
        ]
      ]
    },
    {
      "file_path": "/media/NFS/ttao/scannet/posed_images/scene0293_00/00182.jpg",
      "transform_matrix": [
        [
          0.024217,
          0.491089,
          -0.870773,
          4.570496
        ],
        [
          0.998286,
          -0.0583,
          -0.005116,
          2.235946
        ],
        [
          -0.053278,
          -0.869157,
          -0.491659,
          1.698238
        ],
        [
          0.0,
          0.0,
          0.0,
          1.0
        ]
      ]
    },
    {
      "file_path": "/media/NFS/ttao/scannet/posed_images/scene0293_00/00188.jpg",
      "transform_matrix": [
        [
          0.066478,
          0.501321,
          -0.862704,
          4.526133
        ],
        [
          0.996032,
          -0.084613,
          0.027583,
          2.247062
        ],
        [
          -0.059168,
          -0.861114,
          -0.504957,
          1.690776
        ],
        [
          0.0,
          0.0,
          0.0,
          1.0
        ]
      ]
    },
    {
      "file_path": "/media/NFS/ttao/scannet/posed_images/scene0293_00/00192.jpg",
      "transform_matrix": [
        [
          0.089515,
          0.506503,
          -0.857579,
          4.479606
        ],
        [
          0.994325,
          -0.09514,
          0.047597,
          2.264787
        ],
        [
          -0.057482,
          -0.856974,
          -0.512145,
          1.687309
        ],
        [
          0.0,
          0.0,
          0.0,
          1.0
        ]
      ]
    },
    {
      "file_path": "/media/NFS/ttao/scannet/posed_images/scene0293_00/00193.jpg",
      "transform_matrix": [
        [
          0.093036,
          0.508252,
          -0.856168,
          4.466334
        ],
        [
          0.994071,
          -0.096028,
          0.051016,
          2.269823
        ],
        [
          -0.056288,
          -0.855838,
          -0.514173,
          1.684633
        ],
        [
          0.0,
          0.0,
          0.0,
          1.0
        ]
      ]
    },
    {
      "file_path": "/media/NFS/ttao/scannet/posed_images/scene0293_00/00200.jpg",
      "transform_matrix": [
        [
          0.097132,
          0.527208,
          -0.844167,
          4.356643
        ],
        [
          0.994175,
          -0.091206,
          0.057431,
          2.31387
        ],
        [
          -0.046715,
          -0.844827,
          -0.532996,
          1.671252
        ],
        [
          0.0,
          0.0,
          0.0,
          1.0
        ]
      ]
    },
    {
      "file_path": "/media/NFS/ttao/scannet/posed_images/scene0293_00/00201.jpg",
      "transform_matrix": [
        [
          0.096811,
          0.530111,
          -0.842384,
          4.341383
        ],
        [
          0.994374,
          -0.088068,
          0.058857,
          2.320325
        ],
        [
          -0.042986,
          -0.843342,
          -0.535654,
          1.669256
        ],
        [
          0.0,
          0.0,
          0.0,
          1.0
        ]
      ]
    },
    {
      "file_path": "/media/NFS/ttao/scannet/posed_images/scene0293_00/00207.jpg",
      "transform_matrix": [
        [
          0.098824,
          0.547047,
          -0.831248,
          4.257093
        ],
        [
          0.994919,
          -0.070456,
          0.071915,
          2.354543
        ],
        [
          -0.019225,
          -0.834132,
          -0.55123,
          1.659759
        ],
        [
          0.0,
          0.0,
          0.0,
          1.0
        ]
      ]
    },
    {
      "file_path": "/media/NFS/ttao/scannet/posed_images/scene0293_00/00211.jpg",
      "transform_matrix": [
        [
          0.1029,
          0.565827,
          -0.818078,
          4.209524
        ],
        [
          0.994552,
          -0.072321,
          0.075076,
          2.370303
        ],
        [
          -0.016684,
          -0.821346,
          -0.570186,
          1.656288
        ],
        [
          0.0,
          0.0,
          0.0,
          1.0
        ]
      ]
    },
    {
      "file_path": "/media/NFS/ttao/scannet/posed_images/scene0293_00/00215.jpg",
      "transform_matrix": [
        [
          0.113435,
          0.581256,
          -0.805775,
          4.167345
        ],
        [
          0.99335,
          -0.08245,
          0.080366,
          2.381706
        ],
        [
          -0.019723,
          -0.809533,
          -0.586743,
          1.651237
        ],
        [
          0.0,
          0.0,
          0.0,
          1.0
        ]
      ]
    },
    {
      "file_path": "/media/NFS/ttao/scannet/posed_images/scene0293_00/00216.jpg",
      "transform_matrix": [
        [
          0.117594,
          0.585431,
          -0.802149,
          4.157084
        ],
        [
          0.992902,
          -0.08382,
          0.084384,
          2.383064
        ],
        [
          -0.017835,
          -0.806378,
          -0.591132,
          1.64926
        ],
        [
          0.0,
          0.0,
          0.0,
          1.0
        ]
      ]
    },
    {
      "file_path": "/media/NFS/ttao/scannet/posed_images/scene0293_00/00219.jpg",
      "transform_matrix": [
        [
          0.133576,
          0.598206,
          -0.790131,
          4.12619
        ],
        [
          0.990932,
          -0.092337,
          0.097615,
          2.38179
        ],
        [
          -0.014564,
          -0.796005,
          -0.605115,
          1.643965
        ],
        [
          0.0,
          0.0,
          0.0,
          1.0
        ]
      ]
    },
    {
      "file_path": "/media/NFS/ttao/scannet/posed_images/scene0293_00/00226.jpg",
      "transform_matrix": [
        [
          0.184275,
          0.588888,
          -0.786927,
          4.057848
        ],
        [
          0.982872,
          -0.112403,
          0.146044,
          2.348397
        ],
        [
          -0.00245,
          -0.80036,
          -0.599515,
          1.638186
        ],
        [
          0.0,
          0.0,
          0.0,
          1.0
        ]
      ]
    },
    {
      "file_path": "/media/NFS/ttao/scannet/posed_images/scene0293_00/00230.jpg",
      "transform_matrix": [
        [
          0.218528,
          0.568193,
          -0.793349,
          4.024515
        ],
        [
          0.975822,
          -0.130696,
          0.175186,
          2.318467
        ],
        [
          -0.004148,
          -0.81245,
          -0.583016,
          1.632634
        ],
        [
          0.0,
          0.0,
          0.0,
          1.0
        ]
      ]
    },
    {
      "file_path": "/media/NFS/ttao/scannet/posed_images/scene0293_00/00235.jpg",
      "transform_matrix": [
        [
          0.295302,
          0.54244,
          -0.786483,
          3.966982
        ],
        [
          0.954957,
          -0.192755,
          0.225615,
          2.271356
        ],
        [
          -0.029216,
          -0.817682,
          -0.574928,
          1.634739
        ],
        [
          0.0,
          0.0,
          0.0,
          1.0
        ]
      ]
    },
    {
      "file_path": "/media/NFS/ttao/scannet/posed_images/scene0293_00/00238.jpg",
      "transform_matrix": [
        [
          0.339671,
          0.528203,
          -0.778219,
          3.935567
        ],
        [
          0.939573,
          -0.228153,
          0.255242,
          2.245936
        ],
        [
          -0.042734,
          -0.817892,
          -0.573783,
          1.633996
        ],
        [
          0.0,
          0.0,
          0.0,
          1.0
        ]
      ]
    },
    {
      "file_path": "/media/NFS/ttao/scannet/posed_images/scene0293_00/00241.jpg",
      "transform_matrix": [
        [
          0.387836,
          0.519155,
          -0.761618,
          3.904942
        ],
        [
          0.920384,
          -0.262736,
          0.289591,
          2.215984
        ],
        [
          -0.049762,
          -0.813295,
          -0.579721,
          1.635465
        ],
        [
          0.0,
          0.0,
          0.0,
          1.0
        ]
      ]
    },
    {
      "file_path": "/media/NFS/ttao/scannet/posed_images/scene0293_00/00246.jpg",
      "transform_matrix": [
        [
          0.46745,
          0.493697,
          -0.733317,
          3.868879
        ],
        [
          0.881806,
          -0.319063,
          0.347299,
          2.189218
        ],
        [
          -0.062514,
          -0.808988,
          -0.584491,
          1.628901
        ],
        [
          0.0,
          0.0,
          0.0,
          1.0
        ]
      ]
    },
    {
      "file_path": "/media/NFS/ttao/scannet/posed_images/scene0293_00/00248.jpg",
      "transform_matrix": [
        [
          0.499426,
          0.482147,
          -0.719797,
          3.858408
        ],
        [
          0.863692,
          -0.342196,
          0.370051,
          2.184418
        ],
        [
          -0.067893,
          -0.806496,
          -0.587328,
          1.627478
        ],
        [
          0.0,
          0.0,
          0.0,
          1.0
        ]
      ]
    },
    {
      "file_path": "/media/NFS/ttao/scannet/posed_images/scene0293_00/00251.jpg",
      "transform_matrix": [
        [
          0.549851,
          0.461645,
          -0.696095,
          3.846584
        ],
        [
          0.831587,
          -0.380665,
          0.404423,
          2.18147
        ],
        [
          -0.078279,
          -0.801236,
          -0.593207,
          1.627186
        ],
        [
          0.0,
          0.0,
          0.0,
          1.0
        ]
      ]
    },
    {
      "file_path": "/media/NFS/ttao/scannet/posed_images/scene0293_00/00255.jpg",
      "transform_matrix": [
        [
          0.598706,
          0.440697,
          -0.668833,
          3.837805
        ],
        [
          0.797179,
          -0.408992,
          0.444108,
          2.179595
        ],
        [
          -0.077831,
          -0.799069,
          -0.59618,
          1.619879
        ],
        [
          0.0,
          0.0,
          0.0,
          1.0
        ]
      ]
    },
    {
      "file_path": "/media/NFS/ttao/scannet/posed_images/scene0293_00/00261.jpg",
      "transform_matrix": [
        [
          0.615831,
          0.440692,
          -0.653102,
          3.835681
        ],
        [
          0.784446,
          -0.420249,
          0.456109,
          2.182897
        ],
        [
          -0.073462,
          -0.79321,
          -0.604501,
          1.61471
        ],
        [
          0.0,
          0.0,
          0.0,
          1.0
        ]
      ]
    },
    {
      "file_path": "/media/NFS/ttao/scannet/posed_images/scene0293_00/00264.jpg",
      "transform_matrix": [
        [
          0.608474,
          0.444766,
          -0.657224,
          3.838203
        ],
        [
          0.790293,
          -0.414851,
          0.450928,
          2.182721
        ],
        [
          -0.072093,
          -0.793777,
          -0.603921,
          1.611883
        ],
        [
          0.0,
          0.0,
          0.0,
          1.0
        ]
      ]
    },
    {
      "file_path": "/media/NFS/ttao/scannet/posed_images/scene0293_00/00269.jpg",
      "transform_matrix": [
        [
          0.605701,
          0.447568,
          -0.657883,
          3.846953
        ],
        [
          0.792229,
          -0.416279,
          0.44619,
          2.18662
        ],
        [
          -0.074162,
          -0.791451,
          -0.606717,
          1.611272
        ],
        [
          0.0,
          0.0,
          0.0,
          1.0
        ]
      ]
    },
    {
      "file_path": "/media/NFS/ttao/scannet/posed_images/scene0293_00/00272.jpg",
      "transform_matrix": [
        [
          0.600054,
          0.448471,
          -0.662427,
          3.856139
        ],
        [
          0.796326,
          -0.413707,
          0.441262,
          2.191541
        ],
        [
          -0.076157,
          -0.792288,
          -0.605375,
          1.611221
        ],
        [
          0.0,
          0.0,
          0.0,
          1.0
        ]
      ]
    },
    {
      "file_path": "/media/NFS/ttao/scannet/posed_images/scene0293_00/00275.jpg",
      "transform_matrix": [
        [
          0.593132,
          0.454337,
          -0.66466,
          3.865051
        ],
        [
          0.801707,
          -0.409083,
          0.435796,
          2.196258
        ],
        [
          -0.073903,
          -0.791346,
          -0.606885,
          1.612895
        ],
        [
          0.0,
          0.0,
          0.0,
          1.0
        ]
      ]
    },
    {
      "file_path": "/media/NFS/ttao/scannet/posed_images/scene0293_00/00279.jpg",
      "transform_matrix": [
        [
          0.571828,
          0.461275,
          -0.678409,
          3.884279
        ],
        [
          0.816725,
          -0.398,
          0.417799,
          2.209144
        ],
        [
          -0.077286,
          -0.792983,
          -0.604322,
          1.611817
        ],
        [
          0.0,
          0.0,
          0.0,
          1.0
        ]
      ]
    },
    {
      "file_path": "/media/NFS/ttao/scannet/posed_images/scene0293_00/00282.jpg",
      "transform_matrix": [
        [
          0.539455,
          0.475816,
          -0.694685,
          3.90546
        ],
        [
          0.83809,
          -0.382987,
          0.388494,
          2.228003
        ],
        [
          -0.081203,
          -0.791783,
          -0.605381,
          1.612003
        ],
        [
          0.0,
          0.0,
          0.0,
          1.0
        ]
      ]
    },
    {
      "file_path": "/media/NFS/ttao/scannet/posed_images/scene0293_00/00286.jpg",
      "transform_matrix": [
        [
          0.502587,
          0.49479,
          -0.708936,
          3.926733
        ],
        [
          0.861885,
          -0.350823,
          0.366166,
          2.239476
        ],
        [
          -0.067536,
          -0.795051,
          -0.602771,
          1.612231
        ],
        [
          0.0,
          0.0,
          0.0,
          1.0
        ]
      ]
    },
    {
      "file_path": "/media/NFS/ttao/scannet/posed_images/scene0293_00/00293.jpg",
      "transform_matrix": [
        [
          0.373094,
          0.527981,
          -0.762913,
          3.999438
        ],
        [
          0.925447,
          -0.270223,
          0.265569,
          2.293651
        ],
        [
          -0.065942,
          -0.805118,
          -0.589437,
          1.604136
        ],
        [
          0.0,
          0.0,
          0.0,
          1.0
        ]
      ]
    },
    {
      "file_path": "/media/NFS/ttao/scannet/posed_images/scene0293_00/00296.jpg",
      "transform_matrix": [
        [
          0.316591,
          0.54998,
          -0.772847,
          4.028536
        ],
        [
          0.946473,
          -0.237197,
          0.21892,
          2.312228
        ],
        [
          -0.062916,
          -0.800787,
          -0.595635,
          1.598758
        ],
        [
          0.0,
          0.0,
          0.0,
          1.0
        ]
      ]
    },
    {
      "file_path": "/media/NFS/ttao/scannet/posed_images/scene0293_00/00300.jpg",
      "transform_matrix": [
        [
          0.240015,
          0.57621,
          -0.781265,
          4.062953
        ],
        [
          0.968857,
          -0.192672,
          0.155544,
          2.338678
        ],
        [
          -0.060902,
          -0.794267,
