{
  "frames": [
    {
      "file_path": "/media/NFS/ttao/scannet/posed_images/scene0123_01/00000.jpg",
      "transform_matrix": [
        [
          0.875174,
          -0.279037,
          0.395232,
          4.077541
        ],
        [
          -0.476541,
          -0.356119,
          0.803796,
          4.966524
        ],
        [
          -0.083539,
          -0.891806,
          -0.444638,
          1.465262
        ],
        [
          0.0,
          0.0,
          0.0,
          1.0
        ]
      ]
    },
    {
      "file_path": "/media/NFS/ttao/scannet/posed_images/scene0123_01/00002.jpg",
      "transform_matrix": [
        [
          0.874661,
          -0.278851,
          0.396499,
          4.066606
        ],
        [
          -0.478082,
          -0.361193,
          0.80061,
          4.970473
        ],
        [
          -0.080038,
          -0.889821,
          -0.449235,
          1.456804
        ],
        [
          0.0,
          0.0,
          0.0,
          1.0
        ]
      ]
    },
    {
      "file_path": "/media/NFS/ttao/scannet/posed_images/scene0123_01/00005.jpg",
      "transform_matrix": [
        [
          0.868292,
          -0.282354,
          0.407855,
          4.045402
        ],
        [
          -0.490369,
          -0.364444,
          0.791656,
          4.980005
        ],
        [
          -0.074887,
          -0.887388,
          -0.454902,
          1.451591
        ],
        [
          0.0,
          0.0,
          0.0,
          1.0
        ]
      ]
    },
    {
      "file_path": "/media/NFS/ttao/scannet/posed_images/scene0123_01/00007.jpg",
      "transform_matrix": [
        [
          0.866365,
          -0.287464,
          0.408383,
          4.030768
        ],
        [
          -0.493534,
          -0.367725,
          0.788164,
          4.988294
        ],
        [
          -0.076396,
          -0.884388,
          -0.460457,
          1.448219
        ],
        [
          0.0,
          0.0,
          0.0,
          1.0
        ]
      ]
    },
    {
      "file_path": "/media/NFS/ttao/scannet/posed_images/scene0123_01/00010.jpg",
      "transform_matrix": [
        [
          0.860095,
          -0.292845,
          0.417707,
          3.984077
        ],
        [
          -0.505341,
          -0.37711,
          0.776157,
          5.014848
        ],
        [
          -0.069771,
          -0.878652,
          -0.472337,
          1.439922
        ],
        [
          0.0,
          0.0,
          0.0,
          1.0
        ]
      ]
    },
    {
      "file_path": "/media/NFS/ttao/scannet/posed_images/scene0123_01/00012.jpg",
      "transform_matrix": [
        [
          0.85371,
          -0.297606,
          0.42733,
          3.952904
        ],
        [
          -0.516494,
          -0.379214,
          0.767744,
          5.027446
        ],
        [
          -0.066436,
          -0.876144,
          -0.477451,
          1.424752
        ],
        [
          0.0,
          0.0,
          0.0,
          1.0
        ]
      ]
    },
    {
      "file_path": "/media/NFS/ttao/scannet/posed_images/scene0123_01/00016.jpg",
      "transform_matrix": [
        [
          0.825031,
          -0.316329,
          0.468252,
          3.878584
        ],
        [
          -0.562341,
          -0.378004,
          0.735449,
          5.062423
        ],
        [
          -0.055643,
          -0.870086,
          -0.48975,
          1.406211
        ],
        [
          0.0,
          0.0,
          0.0,
          1.0
        ]
      ]
    },
    {
      "file_path": "/media/NFS/ttao/scannet/posed_images/scene0123_01/00017.jpg",
      "transform_matrix": [
        [
          0.818381,
          -0.319366,
          0.477763,
          3.858463
        ],
        [
          -0.572061,
          -0.37352,
          0.730225,
          5.072355
        ],
        [
          -0.054755,
          -0.870912,
          -0.488379,
          1.404392
        ],
        [
          0.0,
          0.0,
          0.0,
          1.0
        ]
      ]
    },
    {
      "file_path": "/media/NFS/ttao/scannet/posed_images/scene0123_01/00020.jpg",
      "transform_matrix": [
        [
          0.81125,
          -0.326482,
          0.48506,
          3.800152
        ],
        [
          -0.582094,
          -0.372731,
          0.72266,
          5.094792
        ],
        [
          -0.055138,
          -0.868609,
          -0.492421,
          1.408544
        ],
        [
          0.0,
          0.0,
          0.0,
          1.0
        ]
      ]
    },
    {
      "file_path": "/media/NFS/ttao/scannet/posed_images/scene0123_01/00023.jpg",
      "transform_matrix": [
        [
          0.795791,
          -0.345488,
          0.497348,
          3.741244
        ],
        [
          -0.603617,
          -0.38661,
          0.697266,
          5.115489
        ],
        [
          -0.048617,
          -0.855085,
          -0.516203,
          1.410623
        ],
        [
          0.0,
          0.0,
          0.0,
          1.0
        ]
      ]
    },
    {
      "file_path": "/media/NFS/ttao/scannet/posed_images/scene0123_01/00026.jpg",
      "transform_matrix": [
        [
          0.776672,
          -0.346907,
          0.525772,
          3.696623
        ],
        [
          -0.62848,
          -0.37065,
          0.683836,
          5.12168
        ],
        [
          -0.04235,
          -0.861553,
          -0.505898,
          1.415825
        ],
        [
          0.0,
          0.0,
          0.0,
          1.0
        ]
      ]
    },
    {
      "file_path": "/media/NFS/ttao/scannet/posed_images/scene0123_01/00028.jpg",
      "transform_matrix": [
        [
          0.766858,
          -0.349604,
          0.538244,
          3.66611
        ],
        [
          -0.640722,
          -0.368031,
          0.673816,
          5.117846
        ],
        [
          -0.037478,
          -0.861586,
          -0.506227,
          1.416724
        ],
        [
          0.0,
          0.0,
          0.0,
          1.0
        ]
      ]
    },
    {
      "file_path": "/media/NFS/ttao/scannet/posed_images/scene0123_01/00032.jpg",
      "transform_matrix": [
        [
          0.73512,
          -0.363507,
          0.572242,
          3.596341
        ],
        [
          -0.677384,
          -0.359758,
          0.641659,
          5.118848
        ],
        [
          -0.027379,
          -0.859324,
          -0.510699,
          1.415689
        ],
        [
          0.0,
          0.0,
          0.0,
          1.0
        ]
      ]
    },
    {
      "file_path": "/media/NFS/ttao/scannet/posed_images/scene0123_01/00033.jpg",
      "transform_matrix": [
        [
          0.728041,
          -0.369394,
          0.577499,
          3.575764
        ],
        [
          -0.684863,
          -0.354641,
          0.636548,
          5.118164
        ],
        [
          -0.030332,
          -0.85894,
          -0.511177,
          1.414491
        ],
        [
          0.0,
          0.0,
          0.0,
          1.0
        ]
      ]
    },
    {
      "file_path": "/media/NFS/ttao/scannet/posed_images/scene0123_01/00035.jpg",
      "transform_matrix": [
        [
          0.716178,
          -0.376922,
          0.587383,
          3.546865
        ],
        [
          -0.696855,
          -0.339762,
          0.631629,
          5.121542
        ],
        [
          -0.038505,
          -0.86168,
          -0.50599,
          1.419417
        ],
        [
          0.0,
          0.0,
          0.0,
          1.0
        ]
      ]
    },
    {
      "file_path": "/media/NFS/ttao/scannet/posed_images/scene0123_01/00039.jpg",
      "transform_matrix": [
        [
          0.678804,
          -0.400712,
          0.61535,
          3.484457
        ],
        [
          -0.732885,
          -0.317327,
          0.601817,
          5.109527
        ],
        [
          -0.045888,
          -0.859496,
          -0.509078,
          1.423995
        ],
        [
          0.0,
          0.0,
          0.0,
          1.0
        ]
      ]
    },
    {
      "file_path": "/media/NFS/ttao/scannet/posed_images/scene0123_01/00041.jpg",
      "transform_matrix": [
        [
          0.658989,
          -0.417424,
          0.625692,
          3.458571
        ],
        [
          -0.750158,
          -0.304215,
          0.587125,
          5.1108
        ],
        [
          -0.054735,
          -0.856277,
          -0.513609,
          1.434839
        ],
        [
          0.0,
          0.0,
          0.0,
          1.0
        ]
      ]
    },
    {
      "file_path": "/media/NFS/ttao/scannet/posed_images/scene0123_01/00044.jpg",
      "transform_matrix": [
        [
          0.645508,
          -0.423099,
          0.635851,
          3.42612
        ],
        [
          -0.76104,
          -0.286205,
          0.582156,
          5.114431
        ],
        [
          -0.064326,
          -0.859694,
          -0.506743,
          1.449745
        ],
        [
          0.0,
          0.0,
          0.0,
          1.0
        ]
      ]
    },
    {
      "file_path": "/media/NFS/ttao/scannet/posed_images/scene0123_01/00047.jpg",
      "transform_matrix": [
        [
          0.633853,
          -0.407923,
          0.657137,
          3.395691
        ],
        [
          -0.771354,
          -0.270831,
          0.575903,
          5.12292
        ],
        [
          -0.056951,
          -0.871923,
          -0.48632,
          1.466003
        ],
        [
          0.0,
          0.0,
          0.0,
          1.0
        ]
      ]
    },
    {
      "file_path": "/media/NFS/ttao/scannet/posed_images/scene0123_01/00048.jpg",
      "transform_matrix": [
        [
          0.629192,
          -0.403632,
          0.664228,
          3.381973
        ],
        [
          -0.775372,
          -0.266593,
          0.572474,
          5.123821
        ],
        [
          -0.05399,
          -0.87522,
          -0.480703,
          1.468558
        ],
        [
          0.0,
          0.0,
          0.0,
          1.0
        ]
      ]
    },
    {
      "file_path": "/media/NFS/ttao/scannet/posed_images/scene0123_01/00051.jpg",
      "transform_matrix": [
        [
          0.598386,
          -0.394253,
          0.697495,
          3.346218
        ],
        [
          -0.799572,
          -0.238238,
          0.551296,
          5.136569
        ],
        [
          -0.05118,
          -0.887585,
          -0.457792,
          1.481131
        ],
        [
          0.0,
          0.0,
          0.0,
          1.0
        ]
      ]
    },
    {
      "file_path": "/media/NFS/ttao/scannet/posed_images/scene0123_01/00054.jpg",
      "transform_matrix": [
        [
          0.576657,
          -0.389521,
          0.71815,
          3.321996
        ],
        [
          -0.815533,
          -0.222037,
          0.53442,
          5.161881
        ],
        [
          -0.048712,
          -0.893853,
          -0.445707,
          1.488466
        ],
        [
          0.0,
          0.0,
          0.0,
          1.0
        ]
      ]
    },
    {
      "file_path": "/media/NFS/ttao/scannet/posed_images/scene0123_01/00056.jpg",
      "transform_matrix": [
        [
          0.558273,
          -0.390753,
          0.731876,
          3.304292
        ],
        [
          -0.82814,
          -0.209133,
          0.520046,
          5.181453
        ],
        [
          -0.05015,
          -0.896424,
          -0.440351,
          1.490049
        ],
        [
          0.0,
          0.0,
          0.0,
          1.0
        ]
      ]
    },
    {
      "file_path": "/media/NFS/ttao/scannet/posed_images/scene0123_01/00058.jpg",
      "transform_matrix": [
        [
          0.536616,
          -0.399073,
          0.743495,
          3.291669
        ],
        [
          -0.841849,
          -0.19289,
          0.504068,
          5.201051
        ],
        [
          -0.057747,
          -0.896401,
          -0.439467,
          1.492685
        ],
        [
          0.0,
          0.0,
          0.0,
          1.0
        ]
      ]
    },
    {
      "file_path": "/media/NFS/ttao/scannet/posed_images/scene0123_01/00061.jpg",
      "transform_matrix": [
        [
          0.49251,
          -0.416564,
          0.764139,
          3.266149
        ],
        [
          -0.867252,
          -0.161409,
          0.470979,
          5.240819
        ],
        [
          -0.072854,
          -0.894663,
          -0.440761,
          1.477005
        ],
        [
          0.0,
          0.0,
          0.0,
          1.0
        ]
      ]
    },
    {
      "file_path": "/media/NFS/ttao/scannet/posed_images/scene0123_01/00064.jpg",
      "transform_matrix": [
        [
          0.468055,
          -0.428628,
          0.772789,
          3.249658
        ],
        [
          -0.879604,
          -0.141881,
          0.454055,
          5.283723
        ],
        [
          -0.084977,
          -0.892271,
          -0.443431,
          1.483335
        ],
        [
          0.0,
          0.0,
          0.0,
          1.0
        ]
      ]
    },
    {
      "file_path": "/media/NFS/ttao/scannet/posed_images/scene0123_01/00066.jpg",
      "transform_matrix": [
        [
          0.447268,
          -0.429586,
          0.784479,
          3.235509
        ],
        [
          -0.890048,
          -0.127355,
          0.437717,
          5.294213
        ],
        [
          -0.088129,
          -0.894,
          -0.439314,
          1.483561
        ],
        [
          0.0,
          0.0,
          0.0,
          1.0
        ]
      ]
    },
    {
      "file_path": "/media/NFS/ttao/scannet/posed_images/scene0123_01/00069.jpg",
      "transform_matrix": [
        [
          0.397082,
          -0.444515,
          0.802952,
          3.221572
        ],
        [
          -0.91353,
          -0.107298,
          0.392365,
          5.309961
        ],
        [
          -0.088256,
          -0.889322,
          -0.448684,
          1.485968
        ],
        [
          0.0,
          0.0,
          0.0,
          1.0
        ]
      ]
    },
    {
      "file_path": "/media/NFS/ttao/scannet/posed_images/scene0123_01/00072.jpg",
      "transform_matrix": [
        [
          0.353328,
          -0.452836,
          0.818596,
          3.215467
        ],
        [
          -0.93106,
          -0.085072,
          0.35481,
          5.321736
        ],
        [
          -0.091031,
          -0.887526,
          -0.451676,
          1.489647
        ],
        [
          0.0,
          0.0,
          0.0,
          1.0
        ]
      ]
    },
    {
      "file_path": "/media/NFS/ttao/scannet/posed_images/scene0123_01/00075.jpg",
      "transform_matrix": [
        [
          0.32776,
          -0.451773,
          0.829744,
          3.205217
        ],
        [
          -0.940334,
          -0.071077,
          0.332745,
          5.313381
        ],
        [
          -0.09135,
          -0.889297,
          -0.448114,
          1.491773
        ],
        [
          0.0,
          0.0,
          0.0,
          1.0
        ]
      ]
    },
    {
      "file_path": "/media/NFS/ttao/scannet/posed_images/scene0123_01/00078.jpg",
      "transform_matrix": [
        [
          0.305295,
          -0.455758,
          0.83611,
          3.194594
        ],
        [
          -0.947851,
          -0.06107,
          0.312807,
          5.299181
        ],
        [
          -0.091503,
          -0.888007,
          -0.450635,
          1.493197
        ],
        [
          0.0,
          0.0,
          0.0,
          1.0
        ]
      ]
    },
    {
      "file_path": "/media/NFS/ttao/scannet/posed_images/scene0123_01/00079.jpg",
      "transform_matrix": [
        [
          0.296714,
          -0.456794,
          0.83863,
          3.190852
        ],
        [
          -0.95022,
          -0.053775,
          0.306905,
          5.295639
        ],
        [
          -0.095095,
          -0.887946,
          -0.450011,
          1.495437
        ],
        [
          0.0,
          0.0,
          0.0,
          1.0
        ]
      ]
    },
    {
      "file_path": "/media/NFS/ttao/scannet/posed_images/scene0123_01/00083.jpg",
      "transform_matrix": [
        [
          0.265058,
          -0.456876,
          0.849122,
          3.169912
        ],
        [
          -0.957985,
          -0.024695,
          0.285753,
          5.255459
        ],
        [
          -0.109585,
          -0.889188,
          -0.444226,
          1.499504
        ],
        [
          0.0,
          0.0,
          0.0,
          1.0
        ]
      ]
    },
    {
      "file_path": "/media/NFS/ttao/scannet/posed_images/scene0123_01/00085.jpg",
      "transform_matrix": [
        [
          0.251424,
          -0.454717,
          0.854411,
          3.151752
        ],
        [
          -0.961883,
          -0.019301,
          0.272778,
          5.234418
        ],
        [
          -0.107546,
          -0.890427,
          -0.442238,
          1.502436
        ],
        [
          0.0,
          0.0,
          0.0,
          1.0
        ]
      ]
    },
    {
      "file_path": "/media/NFS/ttao/scannet/posed_images/scene0123_01/00087.jpg",
      "transform_matrix": [
        [
          0.244897,
          -0.451248,
          0.858138,
          3.130598
        ],
        [
          -0.96382,
          -0.017232,
          0.265995,
          5.193245
        ],
        [
          -0.105242,
          -0.892232,
          -0.439142,
          1.50859
        ],
        [
          0.0,
          0.0,
          0.0,
          1.0
        ]
      ]
    },
    {
      "file_path": "/media/NFS/ttao/scannet/posed_images/scene0123_01/00089.jpg",
      "transform_matrix": [
        [
          0.237455,
          -0.441122,
          0.865463,
          3.113052
        ],
        [
          -0.966279,
          -0.015912,
          0.257006,
          5.168897
        ],
        [
          -0.0996,
          -0.897306,
          -0.430025,
          1.507765
        ],
        [
          0.0,
          0.0,
          0.0,
          1.0
        ]
      ]
    },
    {
      "file_path": "/media/NFS/ttao/scannet/posed_images/scene0123_01/00091.jpg",
      "transform_matrix": [
        [
          0.221805,
          -0.440142,
          0.870102,
          3.104352
        ],
        [
          -0.970887,
          -0.01692,
          0.238937,
          5.158175
        ],
        [
          -0.090444,
          -0.897769,
          -0.431081,
          1.524378
        ],
        [
          0.0,
          0.0,
          0.0,
          1.0
        ]
      ]
    },
    {
      "file_path": "/media/NFS/ttao/scannet/posed_images/scene0123_01/00095.jpg",
      "transform_matrix": [
        [
          0.187149,
          -0.431954,
          0.882265,
          3.07408
        ],
        [
          -0.978719,
          -0.005036,
          0.205143,
          5.138811
        ],
        [
          -0.084169,
          -0.901882,
          -0.423704,
          1.537126
        ],
        [
          0.0,
          0.0,
          0.0,
          1.0
        ]
      ]
    },
    {
      "file_path": "/media/NFS/ttao/scannet/posed_images/scene0123_01/00096.jpg",
      "transform_matrix": [
        [
          0.185963,
          -0.429096,
          0.883909,
          3.072561
        ],
        [
          -0.978926,
          -0.003649,
          0.204182,
          5.136121
        ],
        [
          -0.084388,
          -0.903252,
          -0.420732,
          1.540445
        ],
        [
          0.0,
          0.0,
          0.0,
          1.0
        ]
      ]
    },
    {
      "file_path": "/media/NFS/ttao/scannet/posed_images/scene0123_01/00100.jpg",
      "transform_matrix": [
        [
          0.151497,
          -0.400755,
          0.903573,
          3.020877
        ],
        [
          -0.985316,
          0.011601,
          0.170347,
          5.130157
        ],
        [
          -0.07875,
          -0.916112,
          -0.393113,
          1.532871
        ],
        [
          0.0,
          0.0,
          0.0,
          1.0
        ]
      ]
    },
    {
      "file_path": "/media/NFS/ttao/scannet/posed_images/scene0123_01/00103.jpg",
      "transform_matrix": [
        [
          0.124559,
          -0.400823,
          0.907648,
          3.002323
        ],
        [
          -0.98861,
          0.02774,
          0.147919,
          5.107048
        ],
        [
          -0.084468,
          -0.915735,
          -0.392803,
          1.543146
        ],
        [
          0.0,
          0.0,
          0.0,
          1.0
        ]
      ]
    },
    {
      "file_path": "/media/NFS/ttao/scannet/posed_images/scene0123_01/00104.jpg",
      "transform_matrix": [
        [
          0.115497,
          -0.399626,
          0.909373,
          2.995109
        ],
        [
          -0.989707,
          0.031586,
          0.139581,
          5.11293
        ],
        [
          -0.084503,
          -0.916134,
          -0.391864,
          1.545742
        ],
        [
          0.0,
          0.0,
          0.0,
          1.0
        ]
      ]
    },
    {
      "file_path": "/media/NFS/ttao/scannet/posed_images/scene0123_01/00108.jpg",
      "transform_matrix": [
        [
          0.087437,
          -0.389251,
          0.916972,
          2.962737
        ],
        [
          -0.993349,
          0.03515,
          0.109641,
          5.125907
        ],
        [
          -0.074909,
          -0.920461,
          -0.383589,
          1.55699
        ],
        [
          0.0,
          0.0,
          0.0,
          1.0
        ]
      ]
    },
    {
      "file_path": "/media/NFS/ttao/scannet/posed_images/scene0123_01/00111.jpg",
      "transform_matrix": [
        [
          0.061301,
          -0.379796,
          0.923037,
          2.927077
        ],
        [
          -0.995811,
          0.039583,
          0.082421,
          5.15832
        ],
        [
          -0.06784,
          -0.924223,
          -0.375779,
          1.550848
        ],
        [
          0.0,
          0.0,
          0.0,
          1.0
        ]
      ]
    },
    {
      "file_path": "/media/NFS/ttao/scannet/posed_images/scene0123_01/00112.jpg",
      "transform_matrix": [
        [
          0.051393,
          -0.378376,
          0.924224,
          2.912262
        ],
        [
          -0.996596,
          0.040305,
          0.071918,
          5.17535
        ],
        [
          -0.064463,
          -0.924774,
          -0.375016,
          1.549546
        ],
        [
          0.0,
          0.0,
          0.0,
          1.0
        ]
      ]
    },
    {
      "file_path": "/media/NFS/ttao/scannet/posed_images/scene0123_01/00114.jpg",
      "transform_matrix": [
        [
          0.033563,
          -0.376159,
          0.925947,
          2.89654
        ],
        [
          -0.997178,
          0.049651,
          0.056316,
          5.188331
        ],
        [
          -0.067158,
          -0.925224,
          -0.373431,
          1.555123
        ],
        [
          0.0,
          0.0,
          0.0,
          1.0
        ]
      ]
    },
    {
      "file_path": "/media/NFS/ttao/scannet/posed_images/scene0123_01/00118.jpg",
      "transform_matrix": [
        [
          -0.01812,
          -0.367364,
          0.929901,
          2.846513
        ],
        [
          -0.996931,
          0.077482,
          0.011183,
          5.21097
        ],
        [
          -0.076159,
          -0.926844,
          -0.367641,
          1.555813
        ],
        [
          0.0,
          0.0,
          0.0,
          1.0
        ]
      ]
    },
    {
      "file_path": "/media/NFS/ttao/scannet/posed_images/scene0123_01/00119.jpg",
      "transform_matrix": [
        [
          -0.029114,
          -0.360968,
          0.932124,
          2.832928
        ],
        [
          -0.996485,
          0.083756,
          0.00131,
          5.219425
        ],
        [
          -0.078544,
          -0.92881,
          -0.362138,
          1.551775
        ],
        [
          0.0,
          0.0,
          0.0,
          1.0
        ]
      ]
    },
    {
      "file_path": "/media/NFS/ttao/scannet/posed_images/scene0123_01/00123.jpg",
      "transform_matrix": [
        [
          -0.078096,
          -0.347893,
          0.934276,
          2.767717
        ],
        [
          -0.993666,
          0.103122,
          -0.044662,
          5.24952
        ],
        [
          -0.080807,
          -0.931846,
          -0.353742,
          1.538176
        ],
        [
          0.0,
          0.0,
          0.0,
          1.0
        ]
      ]
    },
    {
      "file_path": "/media/NFS/ttao/scannet/posed_images/scene0123_01/00124.jpg",
      "transform_matrix": [
        [
          -0.085828,
          -0.352987,
          0.931683,
          2.751897
        ],
        [
          -0.993015,
          0.106293,
          -0.051206,
          5.242898
        ],
        [
          -0.080956,
          -0.929571,
          -0.359645,
          1.545662
        ],
        [
          0.0,
          0.0,
          0.0,
          1.0
        ]
      ]
    },
    {
      "file_path": "/media/NFS/ttao/scannet/posed_images/scene0123_01/00129.jpg",
      "transform_matrix": [
        [
          -0.170094,
          -0.358332,
          0.917968,
          2.71461
        ],
        [
          -0.982776,
          0.129984,
          -0.131362,
          5.236802
        ],
        [
          -0.07225,
          -0.924501,
          -0.37427,
          1.552605
        ],
        [
          0.0,
          0.0,
          0.0,
          1.0
        ]
      ]
    },
    {
      "file_path": "/media/NFS/ttao/scannet/posed_images/scene0123_01/00130.jpg",
      "transform_matrix": [
        [
          -0.19043,
          -0.351981,
          0.916431,
          2.694175
        ],
        [
          -0.978991,
          0.137404,
          -0.150656,
          5.243333
        ],
        [
          -0.072893,
          -0.925867,
          -0.370752,
          1.545687
        ],
        [
          0.0,
          0.0,
          0.0,
          1.0
        ]
      ]
    },
    {
      "file_path": "/media/NFS/ttao/scannet/posed_images/scene0123_01/00134.jpg",
      "transform_matrix": [
        [
          -0.249287,
          -0.350892,
          0.902624,
          2.667236
        ],
        [
          -0.966773,
          0.144665,
          -0.210766,
          5.225889
        ],
        [
          -0.056622,
          -0.925174,
          -0.375296,
          1.528098
        ],
        [
          0.0,
          0.0,
          0.0,
          1.0
        ]
      ]
    },
    {
      "file_path": "/media/NFS/ttao/scannet/posed_images/scene0123_01/00135.jpg",
      "transform_matrix": [
        [
          -0.264959,
          -0.353113,
          0.897278,
          2.670403
        ],
        [
          -0.962847,
          0.147247,
          -0.226374,
          5.225474
        ],
        [
          -0.052186,
          -0.923921,
          -0.379008,
          1.524299
        ],
        [
          0.0,
          0.0,
          0.0,
          1.0
        ]
      ]
    },
    {
      "file_path": "/media/NFS/ttao/scannet/posed_images/scene0123_01/00139.jpg",
      "transform_matrix": [
        [
          -0.322809,
          -0.365211,
          0.873164,
          2.68089
        ],
        [
          -0.944963,
          0.176299,
          -0.275615,
          5.214012
        ],
        [
          -0.05328,
          -0.914078,
          -0.402022,
          1.522833
        ],
        [
          0.0,
          0.0,
          0.0,
          1.0
        ]
      ]
    },
    {
      "file_path": "/media/NFS/ttao/scannet/posed_images/scene0123_01/00141.jpg",
      "transform_matrix": [
        [
          -0.337787,
          -0.360166,
          0.869587,
          2.670852
        ],
        [
          -0.938708,
          0.196395,
          -0.283294,
          5.183246
        ],
        [
          -0.06875,
          -0.911981,
          -0.40443,
          1.506412
        ],
        [
          0.0,
          0.0,
          0.0,
          1.0
        ]
      ]
    },
    {
      "file_path": "/media/NFS/ttao/scannet/posed_images/scene0123_01/00144.jpg",
      "transform_matrix": [
        [
          -0.364649,
          -0.365878,
          0.85625,
          2.693232
        ],
        [
          -0.928097,
          0.217155,
          -0.302456,
          5.17153
        ],
        [
          -0.075277,
          -0.904974,
          -0.418756,
          1.506019
        ],
        [
          0.0,
          0.0,
          0.0,
          1.0
        ]
      ]
    },
    {
      "file_path": "/media/NFS/ttao/scannet/posed_images/scene0123_01/00146.jpg",
      "transform_matrix": [
        [
          -0.380281,
          -0.36888,
          0.848124,
          2.715929
        ],
        [
          -0.921645,
          0.227664,
          -0.314227,
          5.166494
        ],
        [
          -0.077175,
          -0.901164,
          -0.426553,
          1.499342
        ],
        [
          0.0,
          0.0,
          0.0,
          1.0
        ]
      ]
    },
    {
      "file_path": "/media/NFS/ttao/scannet/posed_images/scene0123_01/00149.jpg",
      "transform_matrix": [
        [
          -0.394517,
          -0.371167,
          0.84059,
          2.74232
        ],
        [
          -0.915226,
          0.240315,
          -0.323434,
          5.155027
        ],
        [
          -0.081959,
          -0.89693,
          -0.43451,
          1.487381
        ],
        [
          0.0,
          0.0,
          0.0,
          1.0
        ]
      ]
    },
    {
      "file_path": "/media/NFS/ttao/scannet/posed_images/scene0123_01/00150.jpg",
      "transform_matrix": [
        [
          -0.39975,
          -0.371921,
          0.83778,
          2.756004
        ],
        [
          -0.912951,
          0.243291,
          -0.327613,
          5.1546
        ],
        [
          -0.081979,
          -0.895815,
          -0.436801,
          1.484808
        ],
        [
          0.0,
          0.0,
          0.0,
          1.0
        ]
      ]
    },
    {
      "file_path": "/media/NFS/ttao/scannet/posed_images/scene0123_01/00153.jpg",
      "transform_matrix": [
        [
          -0.413388,
          -0.3717,
          0.831234,
          2.801474
        ],
        [
          -0.906336,
          0.255748,
          -0.336376,
          5.130505
        ],
        [
          -0.087556,
          -0.892431,
          -0.442608,
          1.482896
        ],
        [
          0.0,
          0.0,
          0.0,
          1.0
        ]
      ]
    },
    {
      "file_path": "/media/NFS/ttao/scannet/posed_images/scene0123_01/00157.jpg",
      "transform_matrix": [
        [
          -0.448708,
          -0.360623,
          0.817687,
          2.867207
        ],
        [
          -0.888983,
          0.273785,
          -0.367085,
          5.101542
        ],
        [
          -0.091491,
          -0.891624,
          -0.443437,
          1.489632
        ],
        [
          0.0,
          0.0,
          0.0,
          1.0
        ]
      ]
    },
    {
      "file_path": "/media/NFS/ttao/scannet/posed_images/scene0123_01/00159.jpg",
      "transform_matrix": [
        [
          -0.46038,
          -0.358199,
          0.812246,
          2.895381
        ],
        [
          -0.882976,
          0.27926,
          -0.377317,
          5.089502
        ],
        [
          -0.091674,
          -0.890903,
          -0.444847,
          1.488618
        ],
        [
          0.0,
          0.0,
          0.0,
          1.0
        ]
      ]
    },
    {
      "file_path": "/media/NFS/ttao/scannet/posed_images/scene0123_01/00162.jpg",
      "transform_matrix": [
        [
          -0.477474,
          -0.35489,
          0.803786,
          2.936353
        ],
        [
          -0.873892,
          0.286843,
          -0.392471,
          5.083751
        ],
        [
          -0.091276,
          -0.889817,
          -0.447096,
          1.483996
        ],
        [
          0.0,
          0.0,
          0.0,
          1.0
        ]
      ]
    },
    {
      "file_path": "/media/NFS/ttao/scannet/posed_images/scene0123_01/00164.jpg",
      "transform_matrix": [
        [
          -0.48368,
          -0.358763,
          0.798338,
          2.962565
        ],
        [
          -0.870639,
          0.290674,
          -0.396859,
          5.069881
        ],
        [
          -0.089678,
          -0.887016,
          -0.452946,
          1.484857
        ],
        [
          0.0,
          0.0,
          0.0,
          1.0
        ]
      ]
    },
    {
      "file_path": "/media/NFS/ttao/scannet/posed_images/scene0123_01/00165.jpg",
      "transform_matrix": [
        [
          -0.490065,
          -0.361511,
          0.793187,
          2.97987
        ],
        [
          -0.867317,
          0.293212,
          -0.402228,
          5.075321
        ],
        [
          -0.087162,
          -0.885063,
          -0.457238,
          1.485635
        ],
        [
          0.0,
          0.0,
          0.0,
          1.0
        ]
      ]
    },
    {
      "file_path": "/media/NFS/ttao/scannet/posed_images/scene0123_01/00168.jpg",
      "transform_matrix": [
        [
          -0.496411,
          -0.363372,
          0.788376,
          3.021621
        ],
        [
          -0.864229,
          0.292407,
          -0.409399,
          5.055128
        ],
        [
          -0.081763,
          -0.884567,
          -0.45919,
          1.485936
        ],
        [
          0.0,
          0.0,
          0.0,
          1.0
        ]
      ]
    },
    {
      "file_path": "/media/NFS/ttao/scannet/posed_images/scene0123_01/00171.jpg",
      "transform_matrix": [
        [
          -0.519054,
          -0.361111,
          0.774715,
          3.079535
        ],
        [
          -0.851997,
          0.291162,
          -0.435116,
          5.046266
        ],
        [
          -0.068442,
          -0.885903,
          -0.458794,
          1.489739
        ],
        [
          0.0,
          0.0,
          0.0,
          1.0
        ]
      ]
    },
    {
      "file_path": "/media/NFS/ttao/scannet/posed_images/scene0123_01/00173.jpg",
      "transform_matrix": [
        [
          -0.535038,
          -0.360225,
          0.76418,
          3.11969
        ],
        [
          -0.842738,
          0.291149,
          -0.452797,
          5.050661
        ],
        [
          -0.059381,
          -0.886268,
          -0.459351,
          1.493922
        ],
        [
          0.0,
          0.0,
          0.0,
          1.0
        ]
      ]
    },
    {
      "file_path": "/media/NFS/ttao/scannet/posed_images/scene0123_01/00177.jpg",
      "transform_matrix": [
        [
          -0.563287,
          -0.356985,
          0.745164,
          3.184776
        ],
        [
          -0.825461,
          0.282823,
          -0.488494,
          5.06858
        ],
        [
          -0.036365,
          -0.890266,
          -0.453988,
          1.491697
        ],
        [
          0.0,
          0.0,
          0.0,
          1.0
        ]
      ]
    },
    {
      "file_path": "/media/NFS/ttao/scannet/posed_images/scene0123_01/00179.jpg",
      "transform_matrix": [
        [
          -0.576633,
          -0.365,
          0.730937,
          3.222856
        ],
        [
          -0.816536,
          0.287729,
          -0.500481,
          5.077226
        ],
        [
          -0.027636,
          -0.885431,
          -0.46395,
          1.495947
        ],
        [
          0.0,
          0.0,
          0.0,
          1.0
        ]
      ]
    },
    {
      "file_path": "/media/NFS/ttao/scannet/posed_images/scene0123_01/00181.jpg",
      "transform_matrix": [
        [
          -0.580299,
          -0.368852,
          0.726087,
          3.266914
        ],
        [
          -0.814162,
          0.284448,
          -0.506191,
          5.086471
        ],
        [
          -0.019824,
          -0.884894,
          -0.46537,
          1.493584
        ],
        [
          0.0,
          0.0,
          0.0,
          1.0
        ]
      ]
    },
    {
      "file_path": "/media/NFS/ttao/scannet/posed_images/scene0123_01/00185.jpg",
      "transform_matrix": [
        [
          -0.582331,
          -0.368145,
          0.724817,
          3.325234
        ],
        [
          -0.812846,
          0.278073,
          -0.511817,
          5.092117
        ],
        [
          -0.01313,
          -0.887212,
          -0.461176,
          1.499646
        ],
        [
          0.0,
          0.0,
          0.0,
          1.0
        ]
      ]
    },
    {
      "file_path": "/media/NFS/ttao/scannet/posed_images/scene0123_01/00186.jpg",
      "transform_matrix": [
        [
          -0.586478,
          -0.367933,
          0.721574,
          3.335339
        ],
        [
          -0.809893,
          0.278268,
          -0.516372,
          5.095355
        ],
        [
          -0.010801,
          -0.887239,
          -0.461184,
          1.493873
        ],
        [
          0.0,
          0.0,
          0.0,
          1.0
        ]
      ]
    },
    {
      "file_path": "/media/NFS/ttao/scannet/posed_images/scene0123_01/00188.jpg",
      "transform_matrix": [
        [
          -0.596374,
          -0.377278,
          0.70852,
          3.359258
        ],
        [
          -0.802691,
          0.28591,
          -0.523396,
          5.095635
        ],
        [
          -0.005107,
          -0.880862,
          -0.473346,
          1.493015
        ],
        [
          0.0,
          0.0,
          0.0,
          1.0
        ]
      ]
    },
    {
      "file_path": "/media/NFS/ttao/scannet/posed_images/scene0123_01/00191.jpg",
      "transform_matrix": [
        [
          -0.613167,
          -0.372496,
          0.696616,
          3.417341
        ],
        [
          -0.78994,
          0.29437,
          -0.537905,
          5.08392
        ],
        [
          -0.004696,
          -0.88011,
          -0.474747,
          1.490554
        ],
        [
          0.0,
          0.0,
          0.0,
          1.0
        ]
      ]
    },
    {
      "file_path": "/media/NFS/ttao/scannet/posed_images/scene0123_01/00193.jpg",
      "transform_matrix": [
        [
          -0.616309,
          -0.365384,
          0.697609,
          3.444008
        ],
        [
          -0.787466,
          0.294692,
          -0.541345,
          5.076307
        ],
        [
          -0.007781,
          -0.882979,
          -0.469349,
          1.491809
        ],
        [
          0.0,
          0.0,
          0.0,
          1.0
        ]
      ]
    },
    {
      "file_path": "/media/NFS/ttao/scannet/posed_images/scene0123_01/00196.jpg",
      "transform_matrix": [
        [
          -0.622488,
          -0.360948,
          0.694424,
          3.481751
        ],
        [
          -0.782612,
          0.293016,
          -0.549236,
          5.064634
        ],
        [
