{
  "frames": [
    {
      "file_path": "/media/NFS/ttao/scannet/posed_images/scene0647_00/00000.jpg",
      "transform_matrix": [
        [
          -0.800286,
          -0.023201,
          0.59917,
          5.279716
        ],
        [
          -0.598526,
          0.091218,
          -0.795893,
          6.214609
        ],
        [
          -0.036189,
          -0.995561,
          -0.086887,
          1.541094
        ],
        [
          0.0,
          0.0,
          0.0,
          1.0
        ]
      ]
    },
    {
      "file_path": "/media/NFS/ttao/scannet/posed_images/scene0647_00/00003.jpg",
      "transform_matrix": [
        [
          -0.799129,
          -0.02669,
          0.600567,
          5.286338
        ],
        [
          -0.600189,
          0.09217,
          -0.79453,
          6.21868
        ],
        [
          -0.034148,
          -0.995385,
          -0.089675,
          1.530583
        ],
        [
          0.0,
          0.0,
          0.0,
          1.0
        ]
      ]
    },
    {
      "file_path": "/media/NFS/ttao/scannet/posed_images/scene0647_00/00007.jpg",
      "transform_matrix": [
        [
          -0.797708,
          -0.026019,
          0.602483,
          5.283679
        ],
        [
          -0.602012,
          0.092785,
          -0.793078,
          6.214519
        ],
        [
          -0.035266,
          -0.995346,
          -0.089679,
          1.542558
        ],
        [
          0.0,
          0.0,
          0.0,
          1.0
        ]
      ]
    },
    {
      "file_path": "/media/NFS/ttao/scannet/posed_images/scene0647_00/00010.jpg",
      "transform_matrix": [
        [
          -0.798889,
          -0.027167,
          0.600865,
          5.284447
        ],
        [
          -0.600566,
          0.091043,
          -0.794375,
          6.213173
        ],
        [
          -0.033123,
          -0.995476,
          -0.089049,
          1.543372
        ],
        [
          0.0,
          0.0,
          0.0,
          1.0
        ]
      ]
    },
    {
      "file_path": "/media/NFS/ttao/scannet/posed_images/scene0647_00/00015.jpg",
      "transform_matrix": [
        [
          -0.810229,
          -0.028499,
          0.58542,
          5.289629
        ],
        [
          -0.585371,
          0.089589,
          -0.8058,
          6.213899
        ],
        [
          -0.029483,
          -0.995571,
          -0.08927,
          1.534958
        ],
        [
          0.0,
          0.0,
          0.0,
          1.0
        ]
      ]
    },
    {
      "file_path": "/media/NFS/ttao/scannet/posed_images/scene0647_00/00020.jpg",
      "transform_matrix": [
        [
          -0.829702,
          -0.029994,
          0.5574,
          5.328048
        ],
        [
          -0.557109,
          0.107078,
          -0.823507,
          6.229963
        ],
        [
          -0.034984,
          -0.993798,
          -0.105553,
          1.554132
        ],
        [
          0.0,
          0.0,
          0.0,
          1.0
        ]
      ]
    },
    {
      "file_path": "/media/NFS/ttao/scannet/posed_images/scene0647_00/00021.jpg",
      "transform_matrix": [
        [
          -0.834084,
          -0.027514,
          0.550951,
          5.336066
        ],
        [
          -0.550499,
          0.105649,
          -0.828124,
          6.237324
        ],
        [
          -0.035422,
          -0.994023,
          -0.103267,
          1.542607
        ],
        [
          0.0,
          0.0,
          0.0,
          1.0
        ]
      ]
    },
    {
      "file_path": "/media/NFS/ttao/scannet/posed_images/scene0647_00/00027.jpg",
      "transform_matrix": [
        [
          -0.854387,
          -0.01767,
          0.519337,
          5.368162
        ],
        [
          -0.5172,
          0.125594,
          -0.846599,
          6.253664
        ],
        [
          -0.050266,
          -0.991924,
          -0.116445,
          1.54927
        ],
        [
          0.0,
          0.0,
          0.0,
          1.0
        ]
      ]
    },
    {
      "file_path": "/media/NFS/ttao/scannet/posed_images/scene0647_00/00030.jpg",
      "transform_matrix": [
        [
          -0.861809,
          -0.009979,
          0.507135,
          5.397251
        ],
        [
          -0.504035,
          0.128946,
          -0.854003,
          6.261283
        ],
        [
          -0.056871,
          -0.991601,
          -0.116157,
          1.562266
        ],
        [
          0.0,
          0.0,
          0.0,
          1.0
        ]
      ]
    },
    {
      "file_path": "/media/NFS/ttao/scannet/posed_images/scene0647_00/00032.jpg",
      "transform_matrix": [
        [
          -0.862794,
          -0.009097,
          0.505475,
          5.396097
        ],
        [
          -0.502262,
          0.129378,
          -0.854982,
          6.25984
        ],
        [
          -0.057619,
          -0.991554,
          -0.116196,
          1.555666
        ],
        [
          0.0,
          0.0,
          0.0,
          1.0
        ]
      ]
    },
    {
      "file_path": "/media/NFS/ttao/scannet/posed_images/scene0647_00/00037.jpg",
      "transform_matrix": [
        [
          -0.871856,
          -0.023353,
          0.489205,
          5.41532
        ],
        [
          -0.487501,
          0.13725,
          -0.862268,
          6.24134
        ],
        [
          -0.047007,
          -0.990261,
          -0.131047,
          1.537489
        ],
        [
          0.0,
          0.0,
          0.0,
          1.0
        ]
      ]
    },
    {
      "file_path": "/media/NFS/ttao/scannet/posed_images/scene0647_00/00039.jpg",
      "transform_matrix": [
        [
          -0.877374,
          -0.027664,
          0.47901,
          5.427092
        ],
        [
          -0.477813,
          0.141323,
          -0.86702,
          6.232976
        ],
        [
          -0.043709,
          -0.989577,
          -0.137211,
          1.541544
        ],
        [
          0.0,
          0.0,
          0.0,
          1.0
        ]
      ]
    },
    {
      "file_path": "/media/NFS/ttao/scannet/posed_images/scene0647_00/00046.jpg",
      "transform_matrix": [
        [
          -0.918071,
          -0.016069,
          0.396091,
          5.534096
        ],
        [
          -0.39338,
          0.160354,
          -0.905284,
          6.210874
        ],
        [
          -0.048968,
          -0.986929,
          -0.153537,
          1.568292
        ],
        [
          0.0,
          0.0,
          0.0,
          1.0
        ]
      ]
    },
    {
      "file_path": "/media/NFS/ttao/scannet/posed_images/scene0647_00/00047.jpg",
      "transform_matrix": [
        [
          -0.920824,
          -0.01375,
          0.389737,
          5.539508
        ],
        [
          -0.386917,
          0.157223,
          -0.908612,
          6.20786
        ],
        [
          -0.048782,
          -0.987467,
          -0.150095,
          1.553746
        ],
        [
          0.0,
          0.0,
          0.0,
          1.0
        ]
      ]
    },
    {
      "file_path": "/media/NFS/ttao/scannet/posed_images/scene0647_00/00050.jpg",
      "transform_matrix": [
        [
          -0.93123,
          -0.015007,
          0.364122,
          5.585445
        ],
        [
          -0.36152,
          0.164089,
          -0.917812,
          6.216742
        ],
        [
          -0.045974,
          -0.986331,
          -0.15823,
          1.552676
        ],
        [
          0.0,
          0.0,
          0.0,
          1.0
        ]
      ]
    },
    {
      "file_path": "/media/NFS/ttao/scannet/posed_images/scene0647_00/00056.jpg",
      "transform_matrix": [
        [
          -0.943668,
          -0.02651,
          0.329832,
          5.634483
        ],
        [
          -0.328819,
          0.186615,
          -0.925771,
          6.205075
        ],
        [
          -0.037009,
          -0.982075,
          -0.18482,
          1.538982
        ],
        [
          0.0,
          0.0,
          0.0,
          1.0
        ]
      ]
    },
    {
      "file_path": "/media/NFS/ttao/scannet/posed_images/scene0647_00/00060.jpg",
      "transform_matrix": [
        [
          -0.940102,
          -0.033484,
          0.339244,
          5.653304
        ],
        [
          -0.339248,
          0.18952,
          -0.921408,
          6.175537
        ],
        [
          -0.033441,
          -0.981306,
          -0.189527,
          1.558341
        ],
        [
          0.0,
          0.0,
          0.0,
          1.0
        ]
      ]
    },
    {
      "file_path": "/media/NFS/ttao/scannet/posed_images/scene0647_00/00061.jpg",
      "transform_matrix": [
        [
          -0.940514,
          -0.034053,
          0.338043,
          5.657544
        ],
        [
          -0.338215,
          0.188427,
          -0.922012,
          6.17221
        ],
        [
          -0.032299,
          -0.981497,
          -0.188735,
          1.557018
        ],
        [
          0.0,
          0.0,
          0.0,
          1.0
        ]
      ]
    },
    {
      "file_path": "/media/NFS/ttao/scannet/posed_images/scene0647_00/00066.jpg",
      "transform_matrix": [
        [
          -0.951503,
          -0.030194,
          0.306155,
          5.716801
        ],
        [
          -0.306156,
          0.190566,
          -0.932713,
          6.157188
        ],
        [
          -0.03018,
          -0.98121,
          -0.190568,
          1.55636
        ],
        [
          0.0,
          0.0,
          0.0,
          1.0
        ]
      ]
    },
    {
      "file_path": "/media/NFS/ttao/scannet/posed_images/scene0647_00/00071.jpg",
      "transform_matrix": [
        [
          -0.964091,
          -0.014985,
          0.26515,
          5.809263
        ],
        [
          -0.262776,
          0.198365,
          -0.944246,
          6.142007
        ],
        [
          -0.038447,
          -0.980014,
          -0.195179,
          1.569758
        ],
        [
          0.0,
          0.0,
          0.0,
          1.0
        ]
      ]
    },
    {
      "file_path": "/media/NFS/ttao/scannet/posed_images/scene0647_00/00074.jpg",
      "transform_matrix": [
        [
          -0.970116,
          0.00286,
          0.242623,
          5.853833
        ],
        [
          -0.237555,
          0.192456,
          -0.952118,
          6.132426
        ],
        [
          -0.049418,
          -0.981301,
          -0.186025,
          1.566761
        ],
        [
          0.0,
          0.0,
          0.0,
          1.0
        ]
      ]
    },
    {
      "file_path": "/media/NFS/ttao/scannet/posed_images/scene0647_00/00079.jpg",
      "transform_matrix": [
        [
          -0.978003,
          0.035735,
          0.205508,
          5.909053
        ],
        [
          -0.193852,
          0.208072,
          -0.958711,
          6.106713
        ],
        [
          -0.07702,
          -0.977461,
          -0.196568,
          1.58255
        ],
        [
          0.0,
          0.0,
          0.0,
          1.0
        ]
      ]
    },
    {
      "file_path": "/media/NFS/ttao/scannet/posed_images/scene0647_00/00080.jpg",
      "transform_matrix": [
        [
          -0.980347,
          0.036452,
          0.193886,
          5.928489
        ],
        [
          -0.182605,
          0.204316,
          -0.961723,
          6.093929
        ],
        [
          -0.07467,
          -0.978226,
          -0.193644,
          1.567494
        ],
        [
          0.0,
          0.0,
          0.0,
          1.0
        ]
      ]
    },
    {
      "file_path": "/media/NFS/ttao/scannet/posed_images/scene0647_00/00083.jpg",
      "transform_matrix": [
        [
          -0.983702,
          0.033873,
          0.176588,
          5.944695
        ],
        [
          -0.165752,
          0.209829,
          -0.963586,
          6.074497
        ],
        [
          -0.069693,
          -0.977151,
          -0.200794,
          1.574964
        ],
        [
          0.0,
          0.0,
          0.0,
          1.0
        ]
      ]
    },
    {
      "file_path": "/media/NFS/ttao/scannet/posed_images/scene0647_00/00086.jpg",
      "transform_matrix": [
        [
          -0.988296,
          0.031246,
          0.149315,
          5.969543
        ],
        [
          -0.139754,
          0.206941,
          -0.96832,
          6.044282
        ],
        [
          -0.061156,
          -0.977854,
          -0.200152,
          1.579161
        ],
        [
          0.0,
          0.0,
          0.0,
          1.0
        ]
      ]
    },
    {
      "file_path": "/media/NFS/ttao/scannet/posed_images/scene0647_00/00093.jpg",
      "transform_matrix": [
        [
          -0.99619,
          0.040501,
          0.077232,
          6.029564
        ],
        [
          -0.068775,
          0.179651,
          -0.981323,
          5.968986
        ],
        [
          -0.05362,
          -0.982896,
          -0.176181,
          1.551739
        ],
        [
          0.0,
          0.0,
          0.0,
          1.0
        ]
      ]
    },
    {
      "file_path": "/media/NFS/ttao/scannet/posed_images/scene0647_00/00096.jpg",
      "transform_matrix": [
        [
          -0.998449,
          0.03429,
          0.043851,
          6.051221
        ],
        [
          -0.036819,
          0.184017,
          -0.982233,
          5.942402
        ],
        [
          -0.04175,
          -0.982325,
          -0.18247,
          1.551494
        ],
        [
          0.0,
          0.0,
          0.0,
          1.0
        ]
      ]
    },
    {
      "file_path": "/media/NFS/ttao/scannet/posed_images/scene0647_00/00100.jpg",
      "transform_matrix": [
        [
          -0.999281,
          0.037849,
          -0.002008,
          6.082579
        ],
        [
          0.009076,
          0.187522,
          -0.982218,
          5.903564
        ],
        [
          -0.0368,
          -0.981531,
          -0.187731,
          1.555034
        ],
        [
          0.0,
          0.0,
          0.0,
          1.0
        ]
      ]
    },
    {
      "file_path": "/media/NFS/ttao/scannet/posed_images/scene0647_00/00104.jpg",
      "transform_matrix": [
        [
          -0.997011,
          0.04312,
          -0.064102,
          6.140266
        ],
        [
          0.070779,
          0.177301,
          -0.981608,
          5.87182
        ],
        [
          -0.030961,
          -0.983212,
          -0.179823,
          1.541044
        ],
        [
          0.0,
          0.0,
          0.0,
          1.0
        ]
      ]
    },
    {
      "file_path": "/media/NFS/ttao/scannet/posed_images/scene0647_00/00105.jpg",
      "transform_matrix": [
        [
          -0.99645,
          0.045209,
          -0.071017,
          6.139778
        ],
        [
          0.078019,
          0.178995,
          -0.980752,
          5.867477
        ],
        [
          -0.031627,
          -0.982811,
          -0.181886,
          1.54878
        ],
        [
          0.0,
          0.0,
          0.0,
          1.0
        ]
      ]
    },
    {
      "file_path": "/media/NFS/ttao/scannet/posed_images/scene0647_00/00109.jpg",
      "transform_matrix": [
        [
          -0.991116,
          0.056899,
          -0.12021,
          6.187319
        ],
        [
          0.1286,
          0.179539,
          -0.975309,
          5.836085
        ],
        [
          -0.033912,
          -0.982104,
          -0.185261,
          1.542571
        ],
        [
          0.0,
          0.0,
          0.0,
          1.0
        ]
      ]
    },
    {
      "file_path": "/media/NFS/ttao/scannet/posed_images/scene0647_00/00115.jpg",
      "transform_matrix": [
        [
          -0.975545,
          0.089758,
          -0.200639,
          6.272426
        ],
        [
          0.214259,
          0.18465,
          -0.959165,
          5.791372
        ],
        [
          -0.049045,
          -0.978697,
          -0.199365,
          1.556241
        ],
        [
          0.0,
          0.0,
          0.0,
          1.0
        ]
      ]
    },
    {
      "file_path": "/media/NFS/ttao/scannet/posed_images/scene0647_00/00116.jpg",
      "transform_matrix": [
        [
          -0.972809,
          0.092269,
          -0.212436,
          6.294668
        ],
        [
          0.226056,
          0.178626,
          -0.957597,
          5.788157
        ],
        [
          -0.05041,
          -0.979581,
          -0.194627,
          1.549819
        ],
        [
          0.0,
          0.0,
          0.0,
          1.0
        ]
      ]
    },
    {
      "file_path": "/media/NFS/ttao/scannet/posed_images/scene0647_00/00121.jpg",
      "transform_matrix": [
        [
          -0.958897,
          0.127328,
          -0.253583,
          6.342802
        ],
        [
          0.273228,
          0.173158,
          -0.946236,
          5.763645
        ],
        [
          -0.076572,
          -0.976629,
          -0.20083,
          1.56315
        ],
        [
          0.0,
          0.0,
          0.0,
          1.0
        ]
      ]
    },
    {
      "file_path": "/media/NFS/ttao/scannet/posed_images/scene0647_00/00124.jpg",
      "transform_matrix": [
        [
          -0.948196,
          0.139586,
          -0.285378,
          6.389376
        ],
        [
          0.306974,
          0.171257,
          -0.936183,
          5.75309
        ],
        [
          -0.081804,
          -0.975288,
          -0.205235,
          1.563172
        ],
        [
          0.0,
          0.0,
          0.0,
          1.0
        ]
      ]
    },
    {
      "file_path": "/media/NFS/ttao/scannet/posed_images/scene0647_00/00127.jpg",
      "transform_matrix": [
        [
          -0.941522,
          0.141537,
          -0.305783,
          6.41232
        ],
        [
          0.326912,
          0.163841,
          -0.930744,
          5.752591
        ],
        [
          -0.081635,
          -0.97628,
          -0.20053,
          1.563853
        ],
        [
          0.0,
          0.0,
          0.0,
          1.0
        ]
      ]
    },
    {
      "file_path": "/media/NFS/ttao/scannet/posed_images/scene0647_00/00131.jpg",
      "transform_matrix": [
        [
          -0.92991,
          0.135914,
          -0.341753,
          6.448121
        ],
        [
          0.362102,
          0.175586,
          -0.915452,
          5.727564
        ],
        [
          -0.064416,
          -0.975037,
          -0.212494,
          1.552419
        ],
        [
          0.0,
          0.0,
          0.0,
          1.0
        ]
      ]
    },
    {
      "file_path": "/media/NFS/ttao/scannet/posed_images/scene0647_00/00137.jpg",
      "transform_matrix": [
        [
          -0.915983,
          0.137997,
          -0.37674,
          6.458505
        ],
        [
          0.397668,
          0.187621,
          -0.898142,
          5.695498
        ],
        [
          -0.053256,
          -0.972499,
          -0.226735,
          1.544591
        ],
        [
          0.0,
          0.0,
          0.0,
          1.0
        ]
      ]
    },
    {
      "file_path": "/media/NFS/ttao/scannet/posed_images/scene0647_00/00140.jpg",
      "transform_matrix": [
        [
          -0.904151,
          0.141599,
          -0.403063,
          6.478125
        ],
        [
          0.423689,
          0.176284,
          -0.888489,
          5.663988
        ],
        [
          -0.054756,
          -0.974101,
          -0.219381,
          1.537523
        ],
        [
          0.0,
          0.0,
          0.0,
          1.0
        ]
      ]
    },
    {
      "file_path": "/media/NFS/ttao/scannet/posed_images/scene0647_00/00141.jpg",
      "transform_matrix": [
        [
          -0.902804,
          0.143802,
          -0.405297,
          6.477591
        ],
        [
          0.426353,
          0.175943,
          -0.887281,
          5.661963
        ],
        [
          -0.056284,
          -0.97384,
          -0.220152,
          1.539358
        ],
        [
          0.0,
          0.0,
          0.0,
          1.0
        ]
      ]
    },
    {
      "file_path": "/media/NFS/ttao/scannet/posed_images/scene0647_00/00147.jpg",
      "transform_matrix": [
        [
          -0.885984,
          0.148739,
          -0.439214,
          6.494226
        ],
        [
          0.460738,
          0.1752,
          -0.870072,
          5.615479
        ],
        [
          -0.052464,
          -0.973232,
          -0.223755,
          1.536696
        ],
        [
          0.0,
          0.0,
          0.0,
          1.0
        ]
      ]
    },
    {
      "file_path": "/media/NFS/ttao/scannet/posed_images/scene0647_00/00149.jpg",
      "transform_matrix": [
        [
          -0.875068,
          0.155277,
          -0.458415,
          6.499533
        ],
        [
          0.481364,
          0.180497,
          -0.857735,
          5.602491
        ],
        [
          -0.050444,
          -0.971241,
          -0.232692,
          1.531769
        ],
        [
          0.0,
          0.0,
          0.0,
          1.0
        ]
      ]
    },
    {
      "file_path": "/media/NFS/ttao/scannet/posed_images/scene0647_00/00155.jpg",
      "transform_matrix": [
        [
          -0.852757,
          0.176954,
          -0.491418,
          6.524681
        ],
        [
          0.520771,
          0.215951,
          -0.825932,
          5.537143
        ],
        [
          -0.04003,
          -0.960236,
          -0.276306,
          1.535326
        ],
        [
          0.0,
          0.0,
          0.0,
          1.0
        ]
      ]
    },
    {
      "file_path": "/media/NFS/ttao/scannet/posed_images/scene0647_00/00159.jpg",
      "transform_matrix": [
        [
          -0.841146,
          0.187843,
          -0.507137,
          6.548792
        ],
        [
          0.539314,
          0.221703,
          -0.812397,
          5.495357
        ],
        [
          -0.04017,
          -0.95685,
          -0.287791,
          1.534313
        ],
        [
          0.0,
          0.0,
          0.0,
          1.0
        ]
      ]
    },
    {
      "file_path": "/media/NFS/ttao/scannet/posed_images/scene0647_00/00160.jpg",
      "transform_matrix": [
        [
          -0.836608,
          0.188211,
          -0.514454,
          6.565336
        ],
        [
          0.546315,
          0.217524,
          -0.80884,
          5.487871
        ],
        [
          -0.040326,
          -0.957737,
          -0.284805,
          1.529153
        ],
        [
          0.0,
          0.0,
          0.0,
          1.0
        ]
      ]
    },
    {
      "file_path": "/media/NFS/ttao/scannet/posed_images/scene0647_00/00163.jpg",
      "transform_matrix": [
        [
          -0.824549,
          0.209641,
          -0.525518,
          6.591772
        ],
        [
          0.563141,
          0.2143,
          -0.79809,
          5.455457
        ],
        [
          -0.054694,
          -0.954005,
          -0.294758,
          1.535564
        ],
        [
          0.0,
          0.0,
          0.0,
          1.0
        ]
      ]
    },
    {
      "file_path": "/media/NFS/ttao/scannet/posed_images/scene0647_00/00168.jpg",
      "transform_matrix": [
        [
          -0.799132,
          0.236915,
          -0.552503,
          6.642411
        ],
        [
          0.595489,
          0.186073,
          -0.781517,
          5.404356
        ],
        [
          -0.082347,
          -0.953545,
          -0.289777,
          1.553639
        ],
        [
          0.0,
          0.0,
          0.0,
          1.0
        ]
      ]
    },
    {
      "file_path": "/media/NFS/ttao/scannet/posed_images/scene0647_00/00173.jpg",
      "transform_matrix": [
        [
          -0.792463,
          0.251433,
          -0.555683,
          6.675497
        ],
        [
          0.602786,
          0.183922,
          -0.776416,
          5.364939
        ],
        [
          -0.093014,
          -0.950239,
          -0.297312,
          1.554341
        ],
        [
          0.0,
          0.0,
          0.0,
          1.0
        ]
      ]
    },
    {
      "file_path": "/media/NFS/ttao/scannet/posed_images/scene0647_00/00174.jpg",
      "transform_matrix": [
        [
          -0.79324,
          0.251268,
          -0.554649,
          6.674812
        ],
        [
          0.601792,
          0.184642,
          -0.777016,
          5.355784
        ],
        [
          -0.092828,
          -0.950143,
          -0.297676,
          1.552548
        ],
        [
          0.0,
          0.0,
          0.0,
          1.0
        ]
      ]
    },
    {
      "file_path": "/media/NFS/ttao/scannet/posed_images/scene0647_00/00178.jpg",
      "transform_matrix": [
        [
          -0.796945,
          0.241244,
          -0.553787,
          6.692165
        ],
        [
          0.598775,
          0.194579,
          -0.776922,
          5.310418
        ],
        [
          -0.079673,
          -0.950758,
          -0.29952,
          1.552142
        ],
        [
          0.0,
          0.0,
          0.0,
          1.0
        ]
      ]
    },
    {
      "file_path": "/media/NFS/ttao/scannet/posed_images/scene0647_00/00182.jpg",
      "transform_matrix": [
        [
          -0.807272,
          0.22812,
          -0.544309,
          6.704216
        ],
        [
          0.585489,
          0.193513,
          -0.787245,
          5.254616
        ],
        [
          -0.074256,
          -0.954208,
          -0.28978,
          1.560198
        ],
        [
          0.0,
          0.0,
          0.0,
          1.0
        ]
      ]
    },
    {
      "file_path": "/media/NFS/ttao/scannet/posed_images/scene0647_00/00185.jpg",
      "transform_matrix": [
        [
          -0.815588,
          0.222357,
          -0.534204,
          6.701851
        ],
        [
          0.573751,
          0.191083,
          -0.796428,
          5.224096
        ],
        [
          -0.075014,
          -0.956057,
          -0.283423,
          1.562012
        ],
        [
          0.0,
          0.0,
          0.0,
          1.0
        ]
      ]
    },
    {
      "file_path": "/media/NFS/ttao/scannet/posed_images/scene0647_00/00189.jpg",
      "transform_matrix": [
        [
          -0.828495,
          0.220389,
          -0.514805,
          6.696312
        ],
        [
          0.554072,
          0.189252,
          -0.810671,
          5.153555
        ],
        [
          -0.081235,
          -0.956876,
          -0.278906,
          1.579441
        ],
        [
          0.0,
          0.0,
          0.0,
          1.0
        ]
      ]
    },
    {
      "file_path": "/media/NFS/ttao/scannet/posed_images/scene0647_00/00195.jpg",
      "transform_matrix": [
        [
          -0.845103,
          0.187797,
          -0.500533,
          6.725904
        ],
        [
          0.531722,
          0.198195,
          -0.823402,
          5.064171
        ],
        [
          -0.055429,
          -0.962004,
          -0.267351,
          1.57208
        ],
        [
          0.0,
          0.0,
          0.0,
          1.0
        ]
      ]
    },
    {
      "file_path": "/media/NFS/ttao/scannet/posed_images/scene0647_00/00196.jpg",
      "transform_matrix": [
        [
          -0.844648,
          0.185966,
          -0.501983,
          6.72896
        ],
        [
          0.53271,
          0.199461,
          -0.822457,
          5.054079
        ],
        [
          -0.052822,
          -0.962098,
          -0.26754,
          1.571171
        ],
        [
          0.0,
          0.0,
          0.0,
          1.0
        ]
      ]
    },
    {
      "file_path": "/media/NFS/ttao/scannet/posed_images/scene0647_00/00200.jpg",
      "transform_matrix": [
        [
          -0.831609,
          0.179281,
          -0.525628,
          6.750676
        ],
        [
          0.553699,
          0.194465,
          -0.809692,
          4.99454
        ],
        [
          -0.042946,
          -0.964387,
          -0.260986,
          1.583394
        ],
        [
          0.0,
          0.0,
          0.0,
          1.0
        ]
      ]
    },
    {
      "file_path": "/media/NFS/ttao/scannet/posed_images/scene0647_00/00205.jpg",
      "transform_matrix": [
        [
          -0.81173,
          0.186401,
          -0.553487,
          6.790465
        ],
        [
          0.581963,
          0.178443,
          -0.793396,
          4.920736
        ],
        [
          -0.049124,
          -0.966133,
          -0.253326,
          1.595497
        ],
        [
          0.0,
          0.0,
          0.0,
          1.0
        ]
      ]
    },
    {
      "file_path": "/media/NFS/ttao/scannet/posed_images/scene0647_00/00207.jpg",
      "transform_matrix": [
        [
          -0.806478,
          0.193585,
          -0.558675,
          6.804264
        ],
        [
          0.588656,
          0.174229,
          -0.789385,
          4.894162
        ],
        [
          -0.055476,
          -0.965489,
          -0.254466,
          1.602853
        ],
        [
          0.0,
          0.0,
          0.0,
          1.0
        ]
      ]
    },
    {
      "file_path": "/media/NFS/ttao/scannet/posed_images/scene0647_00/00213.jpg",
      "transform_matrix": [
        [
          -0.772361,
          0.245356,
          -0.585883,
          6.877832
        ],
        [
          0.625712,
          0.135194,
          -0.76825,
          4.79425
        ],
        [
          -0.109287,
          -0.95996,
          -0.25794,
          1.617923
        ],
        [
          0.0,
          0.0,
          0.0,
          1.0
        ]
      ]
    },
    {
      "file_path": "/media/NFS/ttao/scannet/posed_images/scene0647_00/00217.jpg",
      "transform_matrix": [
        [
          -0.757699,
          0.257496,
          -0.599657,
          6.911001
        ],
        [
          0.642563,
          0.133795,
          -0.754461,
          4.735516
        ],
        [
          -0.11404,
          -0.956972,
          -0.266834,
          1.624657
        ],
        [
          0.0,
          0.0,
          0.0,
          1.0
        ]
      ]
    },
    {
      "file_path": "/media/NFS/ttao/scannet/posed_images/scene0647_00/00221.jpg",
      "transform_matrix": [
        [
          -0.751742,
          0.240248,
          -0.614137,
          6.937287
        ],
        [
          0.652457,
          0.135635,
          -0.745589,
          4.673108
        ],
        [
          -0.095828,
          -0.961189,
          -0.258714,
          1.629328
        ],
        [
          0.0,
          0.0,
          0.0,
          1.0
        ]
      ]
    },
    {
      "file_path": "/media/NFS/ttao/scannet/posed_images/scene0647_00/00222.jpg",
      "transform_matrix": [
        [
          -0.750408,
          0.23886,
          -0.616307,
          6.940312
        ],
        [
          0.654361,
          0.13688,
          -0.743691,
          4.661741
        ],
        [
          -0.093278,
          -0.961358,
          -0.259017,
          1.629169
        ],
        [
          0.0,
          0.0,
          0.0,
          1.0
        ]
      ]
    },
    {
      "file_path": "/media/NFS/ttao/scannet/posed_images/scene0647_00/00226.jpg",
      "transform_matrix": [
        [
          -0.741575,
          0.232713,
          -0.629215,
          6.944031
        ],
        [
          0.664755,
          0.128551,
          -0.735918,
          4.591535
        ],
        [
          -0.090372,
          -0.964012,
          -0.250027,
          1.633821
        ],
        [
          0.0,
          0.0,
          0.0,
          1.0
        ]
      ]
    },
    {
      "file_path": "/media/NFS/ttao/scannet/posed_images/scene0647_00/00230.jpg",
      "transform_matrix": [
        [
          -0.723991,
          0.228915,
          -0.650719,
          6.941374
        ],
        [
          0.683683,
          0.11268,
          -0.721027,
          4.517827
        ],
        [
          -0.091731,
          -0.966903,
          -0.238084,
          1.64267
        ],
        [
          0.0,
          0.0,
          0.0,
          1.0
        ]
      ]
    },
    {
      "file_path": "/media/NFS/ttao/scannet/posed_images/scene0647_00/00233.jpg",
      "transform_matrix": [
        [
          -0.712256,
          0.221115,
          -0.666183,
          6.924309
        ],
        [
          0.694719,
          0.086475,
          -0.714064,
          4.452576
        ],
        [
          -0.100282,
          -0.971406,
          -0.215205,
          1.649033
        ],
        [
          0.0,
          0.0,
          0.0,
          1.0
        ]
      ]
    },
    {
      "file_path": "/media/NFS/ttao/scannet/posed_images/scene0647_00/00238.jpg",
      "transform_matrix": [
        [
          -0.707911,
          0.216997,
          -0.672141,
          6.898102
        ],
        [
          0.700264,
          0.091463,
          -0.708001,
          4.356434
        ],
        [
          -0.092158,
          -0.971878,
          -0.216703,
          1.655473
        ],
        [
          0.0,
          0.0,
          0.0,
          1.0
        ]
      ]
    },
    {
      "file_path": "/media/NFS/ttao/scannet/posed_images/scene0647_00/00241.jpg",
      "transform_matrix": [
        [
          -0.698827,
          0.218159,
          -0.68121,
          6.873755
        ],
        [
          0.711186,
          0.110039,
          -0.694338,
          4.295385
        ],
        [
          -0.076516,
          -0.96969,
          -0.23205,
          1.653574
        ],
        [
          0.0,
          0.0,
          0.0,
          1.0
        ]
      ]
    },
    {
      "file_path": "/media/NFS/ttao/scannet/posed_images/scene0647_00/00245.jpg",
      "transform_matrix": [
        [
          -0.667238,
          0.215609,
          -0.712956,
          6.863467
        ],
        [
          0.742472,
          0.116185,
          -0.659724,
          4.214252
        ],
        [
          -0.059408,
          -0.969543,
          -0.237607,
          1.650055
        ],
        [
          0.0,
          0.0,
          0.0,
          1.0
        ]
      ]
    },
    {
      "file_path": "/media/NFS/ttao/scannet/posed_images/scene0647_00/00249.jpg",
      "transform_matrix": [
        [
          -0.624231,
          0.222729,
          -0.748818,
          6.847189
        ],
        [
          0.779365,
          0.111161,
          -0.616631,
          4.100422
        ],
        [
          -0.054102,
          -0.968522,
          -0.242977,
          1.652934
        ],
        [
          0.0,
          0.0,
          0.0,
          1.0
        ]
      ]
    },
    {
      "file_path": "/media/NFS/ttao/scannet/posed_images/scene0647_00/00254.jpg",
      "transform_matrix": [
        [
          -0.573532,
          0.256164,
          -0.778101,
          6.82488
        ],
        [
          0.814742,
          0.079595,
          -0.574335,
          3.998756
        ],
        [
          -0.085191,
          -0.963351,
          -0.254358,
          1.66844
        ],
        [
          0.0,
          0.0,
          0.0,
          1.0
        ]
      ]
    },
    {
      "file_path": "/media/NFS/ttao/scannet/posed_images/scene0647_00/00255.jpg",
      "transform_matrix": [
        [
          -0.563807,
          0.260744,
          -0.783668,
          6.825471
        ],
        [
          0.820955,
          0.073178,
          -0.566285,
          3.980067
        ],
        [
          -0.090307,
          -0.962631,
          -0.255317,
          1.667022
        ],
        [
          0.0,
          0.0,
          0.0,
          1.0
        ]
      ]
    },
    {
      "file_path": "/media/NFS/ttao/scannet/posed_images/scene0647_00/00259.jpg",
      "transform_matrix": [
        [
          -0.506266,
          0.282728,
          -0.814715,
          6.809263
        ],
        [
          0.855397,
          0.04467,
          -0.516044,
          3.910131
        ],
        [
          -0.109507,
          -0.958159,
          -0.264459,
          1.675492
        ],
        [
          0.0,
          0.0,
          0.0,
          1.0
        ]
      ]
    },
    {
      "file_path": "/media/NFS/ttao/scannet/posed_images/scene0647_00/00264.jpg",
      "transform_matrix": [
        [
          -0.456019,
          0.307119,
          -0.835299,
          6.771475
        ],
        [
          0.884332,
          0.050886,
          -0.464078,
          3.818024
        ],
        [
          -0.100022,
          -0.95031,
          -0.2948,
          1.68138
        ],
        [
          0.0,
          0.0,
          0.0,
          1.0
        ]
      ]
    },
    {
      "file_path": "/media/NFS/ttao/scannet/posed_images/scene0647_00/00268.jpg",
      "transform_matrix": [
        [
          -0.447004,
          0.314157,
          -0.837552,
          6.729515
        ],
        [
          0.888815,
          0.050293,
          -0.455499,
          3.753606
        ],
        [
          -0.100975,
          -0.948038,
          -0.301708,
          1.680301
        ],
        [
          0.0,
          0.0,
          0.0,
          1.0
        ]
      ]
    },
    {
      "file_path": "/media/NFS/ttao/scannet/posed_images/scene0647_00/00269.jpg",
      "transform_matrix": [
        [
          -0.446791,
          0.312456,
          -0.838301,
          6.72411
        ],
        [
          0.889123,
          0.051195,
          -0.454796,
          3.742249
        ],
        [
          -0.099187,
          -0.948552,
          -0.300685,
          1.679854
        ],
        [
          0.0,
          0.0,
          0.0,
          1.0
        ]
      ]
    },
    {
      "file_path": "/media/NFS/ttao/scannet/posed_images/scene0647_00/00276.jpg",
      "transform_matrix": [
        [
          -0.46204,
          0.270551,
          -0.844583,
          6.623683
        ],
        [
          0.881977,
          0.040385,
          -0.46956,
          3.634319
        ],
        [
          -0.092931,
          -0.961858,
          -0.257279,
          1.699528
        ],
        [
          0.0,
          0.0,
          0.0,
          1.0
        ]
      ]
    },
    {
      "file_path": "/media/NFS/ttao/scannet/posed_images/scene0647_00/00279.jpg",
      "transform_matrix": [
        [
          -0.464796,
          0.248968,
          -0.849694,
          6.588818
        ],
        [
          0.88176,
          0.043011,
          -0.469734,
          3.60059
        ],
        [
          -0.080403,
          -0.967556,
          -0.239521,
          1.704981
        ],
        [
          0.0,
          0.0,
          0.0,
          1.0
        ]
      ]
    },
    {
      "file_path": "/media/NFS/ttao/scannet/posed_images/scene0647_00/00282.jpg",
      "transform_matrix": [
        [
          -0.477317,
          0.241424,
          -0.844916,
          6.550236
        ],
        [
          0.875838,
          0.052738,
          -0.479716,
          3.565578
        ],
        [
