{
  "frames": [
    {
      "file_path": "/media/NFS/ttao/scannet/posed_images/scene0451_04/00002.jpg",
      "transform_matrix": [
        [
          0.512592,
          0.41891,
          -0.749509,
          3.693965
        ],
        [
          0.858626,
          -0.246828,
          0.449263,
          1.404923
        ],
        [
          0.003201,
          -0.873837,
          -0.486209,
          1.544558
        ],
        [
          0.0,
          0.0,
          0.0,
          1.0
        ]
      ]
    },
    {
      "file_path": "/media/NFS/ttao/scannet/posed_images/scene0451_04/00007.jpg",
      "transform_matrix": [
        [
          0.507437,
          0.419464,
          -0.752701,
          3.68506
        ],
        [
          0.86167,
          -0.241191,
          0.446488,
          1.39576
        ],
        [
          0.005741,
          -0.875144,
          -0.483828,
          1.545736
        ],
        [
          0.0,
          0.0,
          0.0,
          1.0
        ]
      ]
    },
    {
      "file_path": "/media/NFS/ttao/scannet/posed_images/scene0451_04/00010.jpg",
      "transform_matrix": [
        [
          0.511767,
          0.423123,
          -0.747704,
          3.679126
        ],
        [
          0.859061,
          -0.241471,
          0.451338,
          1.392407
        ],
        [
          0.010423,
          -0.873303,
          -0.487066,
          1.546775
        ],
        [
          0.0,
          0.0,
          0.0,
          1.0
        ]
      ]
    },
    {
      "file_path": "/media/NFS/ttao/scannet/posed_images/scene0451_04/00015.jpg",
      "transform_matrix": [
        [
          0.526358,
          0.412217,
          -0.743656,
          3.681338
        ],
        [
          0.850204,
          -0.244902,
          0.466021,
          1.405326
        ],
        [
          0.009979,
          -0.877554,
          -0.479375,
          1.553916
        ],
        [
          0.0,
          0.0,
          0.0,
          1.0
        ]
      ]
    },
    {
      "file_path": "/media/NFS/ttao/scannet/posed_images/scene0451_04/00025.jpg",
      "transform_matrix": [
        [
          0.618791,
          0.364689,
          -0.695772,
          3.697952
        ],
        [
          0.78534,
          -0.266456,
          0.558786,
          1.439592
        ],
        [
          0.01839,
          -0.89219,
          -0.451286,
          1.562721
        ],
        [
          0.0,
          0.0,
          0.0,
          1.0
        ]
      ]
    },
    {
      "file_path": "/media/NFS/ttao/scannet/posed_images/scene0451_04/00027.jpg",
      "transform_matrix": [
        [
          0.638566,
          0.354791,
          -0.682903,
          3.702405
        ],
        [
          0.769303,
          -0.271043,
          0.578541,
          1.449855
        ],
        [
          0.020165,
          -0.894796,
          -0.44602,
          1.564509
        ],
        [
          0.0,
          0.0,
          0.0,
          1.0
        ]
      ]
    },
    {
      "file_path": "/media/NFS/ttao/scannet/posed_images/scene0451_04/00037.jpg",
      "transform_matrix": [
        [
          0.744627,
          0.31954,
          -0.586025,
          3.744084
        ],
        [
          0.66743,
          -0.345622,
          0.659608,
          1.506915
        ],
        [
          0.008228,
          -0.882292,
          -0.47063,
          1.551456
        ],
        [
          0.0,
          0.0,
          0.0,
          1.0
        ]
      ]
    },
    {
      "file_path": "/media/NFS/ttao/scannet/posed_images/scene0451_04/00042.jpg",
      "transform_matrix": [
        [
          0.799235,
          0.279248,
          -0.532208,
          3.78198
        ],
        [
          0.601006,
          -0.377243,
          0.704613,
          1.551705
        ],
        [
          -0.00401,
          -0.883011,
          -0.469335,
          1.55449
        ],
        [
          0.0,
          0.0,
          0.0,
          1.0
        ]
      ]
    },
    {
      "file_path": "/media/NFS/ttao/scannet/posed_images/scene0451_04/00047.jpg",
      "transform_matrix": [
        [
          0.844842,
          0.249696,
          -0.473174,
          3.826768
        ],
        [
          0.534992,
          -0.402638,
          0.742743,
          1.589275
        ],
        [
          -0.005058,
          -0.880644,
          -0.473751,
          1.55618
        ],
        [
          0.0,
          0.0,
          0.0,
          1.0
        ]
      ]
    },
    {
      "file_path": "/media/NFS/ttao/scannet/posed_images/scene0451_04/00052.jpg",
      "transform_matrix": [
        [
          0.870685,
          0.220992,
          -0.439397,
          3.880195
        ],
        [
          0.491829,
          -0.397437,
          0.774692,
          1.631275
        ],
        [
          -0.003432,
          -0.890621,
          -0.454733,
          1.563436
        ],
        [
          0.0,
          0.0,
          0.0,
          1.0
        ]
      ]
    },
    {
      "file_path": "/media/NFS/ttao/scannet/posed_images/scene0451_04/00059.jpg",
      "transform_matrix": [
        [
          0.896693,
          0.204594,
          -0.392534,
          3.937697
        ],
        [
          0.442454,
          -0.387675,
          0.808667,
          1.671691
        ],
        [
          0.013273,
          -0.898804,
          -0.438149,
          1.581586
        ],
        [
          0.0,
          0.0,
          0.0,
          1.0
        ]
      ]
    },
    {
      "file_path": "/media/NFS/ttao/scannet/posed_images/scene0451_04/00064.jpg",
      "transform_matrix": [
        [
          0.900821,
          0.163787,
          -0.402113,
          3.973077
        ],
        [
          0.434188,
          -0.33706,
          0.835387,
          1.689995
        ],
        [
          0.001289,
          -0.927127,
          -0.374745,
          1.607477
        ],
        [
          0.0,
          0.0,
          0.0,
          1.0
        ]
      ]
    },
    {
      "file_path": "/media/NFS/ttao/scannet/posed_images/scene0451_04/00071.jpg",
      "transform_matrix": [
        [
          0.902601,
          0.134756,
          -0.408843,
          4.012138
        ],
        [
          0.430364,
          -0.260581,
          0.864224,
          1.707695
        ],
        [
          0.009923,
          -0.956001,
          -0.293195,
          1.639071
        ],
        [
          0.0,
          0.0,
          0.0,
          1.0
        ]
      ]
    },
    {
      "file_path": "/media/NFS/ttao/scannet/posed_images/scene0451_04/00076.jpg",
      "transform_matrix": [
        [
          0.900871,
          0.114402,
          -0.418741,
          4.028504
        ],
        [
          0.433975,
          -0.215428,
          0.874789,
          1.70819
        ],
        [
          0.009869,
          -0.969795,
          -0.243721,
          1.65409
        ],
        [
          0.0,
          0.0,
          0.0,
          1.0
        ]
      ]
    },
    {
      "file_path": "/media/NFS/ttao/scannet/posed_images/scene0451_04/00079.jpg",
      "transform_matrix": [
        [
          0.904222,
          0.109267,
          -0.412847,
          4.036707
        ],
        [
          0.426899,
          -0.20458,
          0.880854,
          1.708279
        ],
        [
          0.011788,
          -0.972732,
          -0.231632,
          1.659955
        ],
        [
          0.0,
          0.0,
          0.0,
          1.0
        ]
      ]
    },
    {
      "file_path": "/media/NFS/ttao/scannet/posed_images/scene0451_04/00084.jpg",
      "transform_matrix": [
        [
          0.905023,
          0.079082,
          -0.417946,
          4.024558
        ],
        [
          0.425352,
          -0.161403,
          0.890519,
          1.720527
        ],
        [
          0.002966,
          -0.983715,
          -0.179712,
          1.687541
        ],
        [
          0.0,
          0.0,
          0.0,
          1.0
        ]
      ]
    },
    {
      "file_path": "/media/NFS/ttao/scannet/posed_images/scene0451_04/00093.jpg",
      "transform_matrix": [
        [
          0.947338,
          0.042419,
          -0.317414,
          4.016654
        ],
        [
          0.320228,
          -0.118408,
          0.939912,
          1.717738
        ],
        [
          0.002286,
          -0.992059,
          -0.125756,
          1.700613
        ],
        [
          0.0,
          0.0,
          0.0,
          1.0
        ]
      ]
    },
    {
      "file_path": "/media/NFS/ttao/scannet/posed_images/scene0451_04/00096.jpg",
      "transform_matrix": [
        [
          0.960472,
          0.040737,
          -0.275379,
          4.011678
        ],
        [
          0.278251,
          -0.110809,
          0.954095,
          1.725125
        ],
        [
          0.008353,
          -0.993007,
          -0.117764,
          1.708745
        ],
        [
          0.0,
          0.0,
          0.0,
          1.0
        ]
      ]
    },
    {
      "file_path": "/media/NFS/ttao/scannet/posed_images/scene0451_04/00103.jpg",
      "transform_matrix": [
        [
          0.990424,
          0.022726,
          -0.136178,
          3.924351
        ],
        [
          0.137613,
          -0.08309,
          0.986995,
          1.694647
        ],
        [
          0.011115,
          -0.996283,
          -0.085422,
          1.654189
        ],
        [
          0.0,
          0.0,
          0.0,
          1.0
        ]
      ]
    },
    {
      "file_path": "/media/NFS/ttao/scannet/posed_images/scene0451_04/00106.jpg",
      "transform_matrix": [
        [
          0.994008,
          0.023401,
          -0.106768,
          3.966333
        ],
        [
          0.108342,
          -0.081734,
          0.990748,
          1.707934
        ],
        [
          0.014458,
          -0.996379,
          -0.083779,
          1.640287
        ],
        [
          0.0,
          0.0,
          0.0,
          1.0
        ]
      ]
    },
    {
      "file_path": "/media/NFS/ttao/scannet/posed_images/scene0451_04/00111.jpg",
      "transform_matrix": [
        [
          0.999806,
          0.019538,
          0.002425,
          3.905298
        ],
        [
          -0.000366,
          -0.104689,
          0.994505,
          1.71251
        ],
        [
          0.019684,
          -0.994313,
          -0.104661,
          1.677698
        ],
        [
          0.0,
          0.0,
          0.0,
          1.0
        ]
      ]
    },
    {
      "file_path": "/media/NFS/ttao/scannet/posed_images/scene0451_04/00119.jpg",
      "transform_matrix": [
        [
          0.995293,
          0.000822,
          0.096911,
          3.965643
        ],
        [
          -0.096285,
          -0.105363,
          0.989762,
          1.726248
        ],
        [
          0.011025,
          -0.994434,
          -0.104788,
          1.656501
        ],
        [
          0.0,
          0.0,
          0.0,
          1.0
        ]
      ]
    },
    {
      "file_path": "/media/NFS/ttao/scannet/posed_images/scene0451_04/00126.jpg",
      "transform_matrix": [
        [
          0.983483,
          -0.01302,
          0.180529,
          3.994543
        ],
        [
          -0.180688,
          -0.128999,
          0.975044,
          1.73677
        ],
        [
          0.010593,
          -0.991559,
          -0.129221,
          1.673051
        ],
        [
          0.0,
          0.0,
          0.0,
          1.0
        ]
      ]
    },
    {
      "file_path": "/media/NFS/ttao/scannet/posed_images/scene0451_04/00128.jpg",
      "transform_matrix": [
        [
          0.978931,
          -0.01621,
          0.203548,
          3.99427
        ],
        [
          -0.203968,
          -0.124398,
          0.971042,
          1.729576
        ],
        [
          0.00958,
          -0.9921,
          -0.125083,
          1.640423
        ],
        [
          0.0,
          0.0,
          0.0,
          1.0
        ]
      ]
    },
    {
      "file_path": "/media/NFS/ttao/scannet/posed_images/scene0451_04/00133.jpg",
      "transform_matrix": [
        [
          0.962206,
          -0.031255,
          0.270524,
          3.9942
        ],
        [
          -0.272191,
          -0.141371,
          0.951802,
          1.739869
        ],
        [
          0.008495,
          -0.989463,
          -0.144535,
          1.641143
        ],
        [
          0.0,
          0.0,
          0.0,
          1.0
        ]
      ]
    },
    {
      "file_path": "/media/NFS/ttao/scannet/posed_images/scene0451_04/00143.jpg",
      "transform_matrix": [
        [
          0.912169,
          -0.089737,
          0.399869,
          4.038507
        ],
        [
          -0.409606,
          -0.168488,
          0.896568,
          1.74948
        ],
        [
          -0.013083,
          -0.981611,
          -0.190446,
          1.601184
        ],
        [
          0.0,
          0.0,
          0.0,
          1.0
        ]
      ]
    },
    {
      "file_path": "/media/NFS/ttao/scannet/posed_images/scene0451_04/00148.jpg",
      "transform_matrix": [
        [
          0.863533,
          -0.118474,
          0.490178,
          4.090899
        ],
        [
          -0.504252,
          -0.190504,
          0.842282,
          1.770217
        ],
        [
          -0.006407,
          -0.974511,
          -0.224247,
          1.569058
        ],
        [
          0.0,
          0.0,
          0.0,
          1.0
        ]
      ]
    },
    {
      "file_path": "/media/NFS/ttao/scannet/posed_images/scene0451_04/00155.jpg",
      "transform_matrix": [
        [
          0.818213,
          -0.134172,
          0.55904,
          4.161966
        ],
        [
          -0.574882,
          -0.180375,
          0.798108,
          1.799515
        ],
        [
          -0.006247,
          -0.974404,
          -0.224718,
          1.550152
        ],
        [
          0.0,
          0.0,
          0.0,
          1.0
        ]
      ]
    },
    {
      "file_path": "/media/NFS/ttao/scannet/posed_images/scene0451_04/00158.jpg",
      "transform_matrix": [
        [
          0.801185,
          -0.134222,
          0.58317,
          4.199216
        ],
        [
          -0.598402,
          -0.186469,
          0.779194,
          1.808452
        ],
        [
          0.004158,
          -0.973249,
          -0.229715,
          1.542301
        ],
        [
          0.0,
          0.0,
          0.0,
          1.0
        ]
      ]
    },
    {
      "file_path": "/media/NFS/ttao/scannet/posed_images/scene0451_04/00165.jpg",
      "transform_matrix": [
        [
          0.777559,
          -0.128713,
          0.615496,
          4.276464
        ],
        [
          -0.628282,
          -0.199161,
          0.752062,
          1.838281
        ],
        [
          0.025782,
          -0.971477,
          -0.235727,
          1.558454
        ],
        [
          0.0,
          0.0,
          0.0,
          1.0
        ]
      ]
    },
    {
      "file_path": "/media/NFS/ttao/scannet/posed_images/scene0451_04/00167.jpg",
      "transform_matrix": [
        [
          0.773991,
          -0.11668,
          0.622353,
          4.293794
        ],
        [
          -0.63245,
          -0.19017,
          0.750894,
          1.847952
        ],
        [
          0.030739,
          -0.974793,
          -0.220985,
          1.552128
        ],
        [
          0.0,
          0.0,
          0.0,
          1.0
        ]
      ]
    },
    {
      "file_path": "/media/NFS/ttao/scannet/posed_images/scene0451_04/00173.jpg",
      "transform_matrix": [
        [
          0.740087,
          -0.12457,
          0.660873,
          4.355261
        ],
        [
          -0.671919,
          -0.178173,
          0.718874,
          1.891539
        ],
        [
          0.028199,
          -0.976082,
          -0.215564,
          1.514942
        ],
        [
          0.0,
          0.0,
          0.0,
          1.0
        ]
      ]
    },
    {
      "file_path": "/media/NFS/ttao/scannet/posed_images/scene0451_04/00182.jpg",
      "transform_matrix": [
        [
          0.653015,
          -0.155802,
          0.741146,
          4.412001
        ],
        [
          -0.756966,
          -0.165238,
          0.632218,
          1.997697
        ],
        [
          0.023964,
          -0.97387,
          -0.225839,
          1.526298
        ],
        [
          0.0,
          0.0,
          0.0,
          1.0
        ]
      ]
    },
    {
      "file_path": "/media/NFS/ttao/scannet/posed_images/scene0451_04/00187.jpg",
      "transform_matrix": [
        [
          0.630641,
          -0.173067,
          0.756531,
          4.422329
        ],
        [
          -0.775658,
          -0.172504,
          0.607122,
          2.063654
        ],
        [
          0.025431,
          -0.969686,
          -0.243029,
          1.535727
        ],
        [
          0.0,
          0.0,
          0.0,
          1.0
        ]
      ]
    },
    {
      "file_path": "/media/NFS/ttao/scannet/posed_images/scene0451_04/00192.jpg",
      "transform_matrix": [
        [
          0.597246,
          -0.167376,
          0.784399,
          4.413031
        ],
        [
          -0.801851,
          -0.146791,
          0.579212,
          2.128996
        ],
        [
          0.018196,
          -0.974904,
          -0.221881,
          1.542928
        ],
        [
          0.0,
          0.0,
          0.0,
          1.0
        ]
      ]
    },
    {
      "file_path": "/media/NFS/ttao/scannet/posed_images/scene0451_04/00197.jpg",
      "transform_matrix": [
        [
          0.567353,
          -0.185014,
          0.802421,
          4.408175
        ],
        [
          -0.82343,
          -0.13758,
          0.550486,
          2.188724
        ],
        [
          0.008549,
          -0.973058,
          -0.230403,
          1.543416
        ],
        [
          0.0,
          0.0,
          0.0,
          1.0
        ]
      ]
    },
    {
      "file_path": "/media/NFS/ttao/scannet/posed_images/scene0451_04/00200.jpg",
      "transform_matrix": [
        [
          0.543116,
          -0.194891,
          0.816727,
          4.40425
        ],
        [
          -0.839594,
          -0.138038,
          0.525383,
          2.228214
        ],
        [
          0.010346,
          -0.971063,
          -0.2386,
          1.560491
        ],
        [
          0.0,
          0.0,
          0.0,
          1.0
        ]
      ]
    },
    {
      "file_path": "/media/NFS/ttao/scannet/posed_images/scene0451_04/00209.jpg",
      "transform_matrix": [
        [
          0.476335,
          -0.206302,
          0.854719,
          4.435756
        ],
        [
          -0.878973,
          -0.136728,
          0.45685,
          2.294547
        ],
        [
          0.022615,
          -0.968889,
          -0.246463,
          1.544559
        ],
        [
          0.0,
          0.0,
          0.0,
          1.0
        ]
      ]
    },
    {
      "file_path": "/media/NFS/ttao/scannet/posed_images/scene0451_04/00212.jpg",
      "transform_matrix": [
        [
          0.452191,
          -0.205171,
          0.868003,
          4.457726
        ],
        [
          -0.890978,
          -0.148669,
          0.429018,
          2.321748
        ],
        [
          0.041023,
          -0.967369,
          -0.250029,
          1.553344
        ],
        [
          0.0,
          0.0,
          0.0,
          1.0
        ]
      ]
    },
    {
      "file_path": "/media/NFS/ttao/scannet/posed_images/scene0451_04/00220.jpg",
      "transform_matrix": [
        [
          0.39033,
          -0.181116,
          0.902685,
          4.528808
        ],
        [
          -0.919744,
          -0.120799,
          0.373469,
          2.392961
        ],
        [
          0.041402,
          -0.976015,
          -0.213731,
          1.574879
        ],
        [
          0.0,
          0.0,
          0.0,
          1.0
        ]
      ]
    },
    {
      "file_path": "/media/NFS/ttao/scannet/posed_images/scene0451_04/00227.jpg",
      "transform_matrix": [
        [
          0.33296,
          -0.18176,
          0.925257,
          4.613679
        ],
        [
          -0.942597,
          -0.090663,
          0.32139,
          2.447564
        ],
        [
          0.025471,
          -0.979155,
          -0.201513,
          1.571652
        ],
        [
          0.0,
          0.0,
          0.0,
          1.0
        ]
      ]
    },
    {
      "file_path": "/media/NFS/ttao/scannet/posed_images/scene0451_04/00229.jpg",
      "transform_matrix": [
        [
          0.319127,
          -0.18335,
          0.929807,
          4.638041
        ],
        [
          -0.947236,
          -0.092805,
          0.306808,
          2.458998
        ],
        [
          0.030038,
          -0.978657,
          -0.203292,
          1.578028
        ],
        [
          0.0,
          0.0,
          0.0,
          1.0
        ]
      ]
    },
    {
      "file_path": "/media/NFS/ttao/scannet/posed_images/scene0451_04/00234.jpg",
      "transform_matrix": [
        [
          0.265693,
          -0.188902,
          0.945369,
          4.676639
        ],
        [
          -0.9632,
          -0.093364,
          0.252048,
          2.480126
        ],
        [
          0.040651,
          -0.977548,
          -0.206756,
          1.583689
        ],
        [
          0.0,
          0.0,
          0.0,
          1.0
        ]
      ]
    },
    {
      "file_path": "/media/NFS/ttao/scannet/posed_images/scene0451_04/00244.jpg",
      "transform_matrix": [
        [
          0.114923,
          -0.227012,
          0.967087,
          4.727156
        ],
        [
          -0.993019,
          -0.052294,
          0.105729,
          2.549129
        ],
        [
          0.026571,
          -0.972487,
          -0.231437,
          1.607562
        ],
        [
          0.0,
          0.0,
          0.0,
          1.0
        ]
      ]
    },
    {
      "file_path": "/media/NFS/ttao/scannet/posed_images/scene0451_04/00246.jpg",
      "transform_matrix": [
        [
          0.090155,
          -0.228733,
          0.969306,
          4.725655
        ],
        [
          -0.995849,
          -0.032963,
          0.084846,
          2.549988
        ],
        [
          0.012544,
          -0.972931,
          -0.230755,
          1.599289
        ],
        [
          0.0,
          0.0,
          0.0,
          1.0
        ]
      ]
    },
    {
      "file_path": "/media/NFS/ttao/scannet/posed_images/scene0451_04/00254.jpg",
      "transform_matrix": [
        [
          -0.035536,
          -0.243765,
          0.969183,
          4.734577
        ],
        [
          -0.999353,
          0.003187,
          -0.03584,
          2.585674
        ],
        [
          0.005648,
          -0.969829,
          -0.243721,
          1.635854
        ],
        [
          0.0,
          0.0,
          0.0,
          1.0
        ]
      ]
    },
    {
      "file_path": "/media/NFS/ttao/scannet/posed_images/scene0451_04/00257.jpg",
      "transform_matrix": [
        [
          -0.079832,
          -0.248512,
          0.965334,
          4.733611
        ],
        [
          -0.996749,
          0.009269,
          -0.080044,
          2.584729
        ],
        [
          0.010945,
          -0.968585,
          -0.248444,
          1.633248
        ],
        [
          0.0,
          0.0,
          0.0,
          1.0
        ]
      ]
    },
    {
      "file_path": "/media/NFS/ttao/scannet/posed_images/scene0451_04/00263.jpg",
      "transform_matrix": [
        [
          -0.166735,
          -0.194339,
          0.96666,
          4.729472
        ],
        [
          -0.985837,
          0.014939,
          -0.167039,
          2.622833
        ],
        [
          0.018021,
          -0.980821,
          -0.194078,
          1.607128
        ],
        [
          0.0,
          0.0,
          0.0,
          1.0
        ]
      ]
    },
    {
      "file_path": "/media/NFS/ttao/scannet/posed_images/scene0451_04/00271.jpg",
      "transform_matrix": [
        [
          -0.204605,
          -0.116367,
          0.971903,
          4.747796
        ],
        [
          -0.978378,
          -0.006356,
          -0.206729,
          2.624107
        ],
        [
          0.030233,
          -0.993186,
          -0.11255,
          1.613686
        ],
        [
          0.0,
          0.0,
          0.0,
          1.0
        ]
      ]
    },
    {
      "file_path": "/media/NFS/ttao/scannet/posed_images/scene0451_04/00274.jpg",
      "transform_matrix": [
        [
          -0.205028,
          -0.085632,
          0.975003,
          4.749295
        ],
        [
          -0.978571,
          -0.001462,
          -0.205907,
          2.622613
        ],
        [
          0.019058,
          -0.996326,
          -0.083497,
          1.634162
        ],
        [
          0.0,
          0.0,
          0.0,
          1.0
        ]
      ]
    },
    {
      "file_path": "/media/NFS/ttao/scannet/posed_images/scene0451_04/00281.jpg",
      "transform_matrix": [
        [
          -0.24933,
          -0.020808,
          0.968195,
          4.754632
        ],
        [
          -0.968399,
          -0.001078,
          -0.249405,
          2.673752
        ],
        [
          0.006234,
          -0.999783,
          -0.019882,
          1.64999
        ],
        [
          0.0,
          0.0,
          0.0,
          1.0
        ]
      ]
    },
    {
      "file_path": "/media/NFS/ttao/scannet/posed_images/scene0451_04/00289.jpg",
      "transform_matrix": [
        [
          -0.299172,
          0.057558,
          0.952461,
          4.752951
        ],
        [
          -0.95403,
          0.000747,
          -0.29971,
          2.658042
        ],
        [
          -0.017962,
          -0.998342,
          0.054689,
          1.683861
        ],
        [
          0.0,
          0.0,
          0.0,
          1.0
        ]
      ]
    },
    {
      "file_path": "/media/NFS/ttao/scannet/posed_images/scene0451_04/00291.jpg",
      "transform_matrix": [
        [
          -0.347342,
          0.051786,
          0.936308,
          4.763382
        ],
        [
          -0.937498,
          0.003426,
          -0.347973,
          2.725497
        ],
        [
          -0.021228,
          -0.998653,
          0.047359,
          1.707035
        ],
        [
          0.0,
          0.0,
          0.0,
          1.0
        ]
      ]
    },
    {
      "file_path": "/media/NFS/ttao/scannet/posed_images/scene0451_04/00300.jpg",
      "transform_matrix": [
        [
          -0.467345,
          0.075668,
          0.880831,
          4.766565
        ],
        [
          -0.883474,
          -0.003225,
          -0.46847,
          2.752564
        ],
        [
          -0.032608,
          -0.997128,
          0.068358,
          1.722299
        ],
        [
          0.0,
          0.0,
          0.0,
          1.0
        ]
      ]
    },
    {
      "file_path": "/media/NFS/ttao/scannet/posed_images/scene0451_04/00301.jpg",
      "transform_matrix": [
        [
          -0.479121,
          0.074436,
          0.874587,
          4.763581
        ],
        [
          -0.87718,
          -0.004749,
          -0.480138,
          2.752041
        ],
        [
          -0.031586,
          -0.997214,
          0.067569,
          1.72239
        ],
        [
          0.0,
          0.0,
          0.0,
          1.0
        ]
      ]
    },
    {
      "file_path": "/media/NFS/ttao/scannet/posed_images/scene0451_04/00311.jpg",
      "transform_matrix": [
        [
          -0.582482,
          0.05218,
          0.811167,
          4.76043
        ],
        [
          -0.812671,
          -0.016826,
          -0.58248,
          2.742859
        ],
        [
          -0.016745,
          -0.998496,
          0.052206,
          1.72244
        ],
        [
          0.0,
          0.0,
          0.0,
          1.0
        ]
      ]
    },
    {
      "file_path": "/media/NFS/ttao/scannet/posed_images/scene0451_04/00313.jpg",
      "transform_matrix": [
        [
          -0.599813,
          0.043744,
          0.798943,
          4.759127
        ],
        [
          -0.800003,
          -0.014324,
          -0.599824,
          2.741284
        ],
        [
          -0.014795,
          -0.99894,
          0.043587,
          1.731745
        ],
        [
          0.0,
          0.0,
          0.0,
          1.0
        ]
      ]
    },
    {
      "file_path": "/media/NFS/ttao/scannet/posed_images/scene0451_04/00318.jpg",
      "transform_matrix": [
        [
          -0.643489,
          0.023739,
          0.765087,
          4.758877
        ],
        [
          -0.765455,
          -0.018875,
          -0.643213,
          2.729666
        ],
        [
          -0.000828,
          -0.99954,
          0.030317,
          1.721356
        ],
        [
          0.0,
          0.0,
          0.0,
          1.0
        ]
      ]
    },
    {
      "file_path": "/media/NFS/ttao/scannet/posed_images/scene0451_04/00328.jpg",
      "transform_matrix": [
        [
          -0.730094,
          -0.029264,
          0.682719,
          4.761124
        ],
        [
          -0.683143,
          0.00688,
          -0.730252,
          2.72695
        ],
        [
          0.016673,
          -0.999548,
          -0.025014,
          1.724981
        ],
        [
          0.0,
          0.0,
          0.0,
          1.0
        ]
      ]
    },
    {
      "file_path": "/media/NFS/ttao/scannet/posed_images/scene0451_04/00333.jpg",
      "transform_matrix": [
        [
          -0.758565,
          -0.059487,
          0.648877,
          4.757964
        ],
        [
          -0.651269,
          0.037573,
          -0.757916,
          2.720907
        ],
        [
          0.020706,
          -0.997522,
          -0.067244,
          1.720344
        ],
        [
          0.0,
          0.0,
          0.0,
          1.0
        ]
      ]
    },
    {
      "file_path": "/media/NFS/ttao/scannet/posed_images/scene0451_04/00340.jpg",
      "transform_matrix": [
        [
          -0.79238,
          -0.10836,
          0.600327,
          4.776565
        ],
        [
          -0.609617,
          0.10452,
          -0.785775,
          2.715365
        ],
        [
          0.022401,
          -0.988602,
          -0.148878,
          1.733809
        ],
        [
          0.0,
          0.0,
          0.0,
          1.0
        ]
      ]
    },
    {
      "file_path": "/media/NFS/ttao/scannet/posed_images/scene0451_04/00345.jpg",
      "transform_matrix": [
        [
          -0.803284,
          -0.132464,
          0.580679,
          4.768053
        ],
        [
          -0.594904,
          0.131475,
          -0.792971,
          2.700814
        ],
        [
          0.028696,
          -0.982429,
          -0.184415,
          1.663088
        ],
        [
          0.0,
          0.0,
          0.0,
          1.0
        ]
      ]
    },
    {
      "file_path": "/media/NFS/ttao/scannet/posed_images/scene0451_04/00347.jpg",
      "transform_matrix": [
        [
          -0.810516,
          -0.145938,
          0.567244,
          4.77182
        ],
        [
          -0.585024,
          0.154632,
          -0.796138,
          2.695271
        ],
        [
          0.028473,
          -0.977134,
          -0.210709,
          1.657164
        ],
        [
          0.0,
          0.0,
          0.0,
          1.0
        ]
      ]
    },
    {
      "file_path": "/media/NFS/ttao/scannet/posed_images/scene0451_04/00357.jpg",
      "transform_matrix": [
        [
          -0.84815,
          -0.240196,
          0.472173,
          4.846345
        ],
        [
          -0.528135,
          0.313709,
          -0.789088,
          2.680363
        ],
        [
          0.041411,
          -0.918636,
          -0.392928,
          1.613196
        ],
        [
          0.0,
          0.0,
          0.0,
          1.0
        ]
      ]
    },
    {
      "file_path": "/media/NFS/ttao/scannet/posed_images/scene0451_04/00362.jpg",
      "transform_matrix": [
        [
          -0.856205,
          -0.279825,
          0.434294,
          4.877418
        ],
        [
          -0.513578,
          0.369667,
          -0.774329,
          2.682275
        ],
        [
          0.056132,
          -0.886028,
          -0.460222,
          1.546247
        ],
        [
          0.0,
          0.0,
          0.0,
          1.0
        ]
      ]
    },
    {
      "file_path": "/media/NFS/ttao/scannet/posed_images/scene0451_04/00364.jpg",
      "transform_matrix": [
        [
          -0.857977,
          -0.29437,
          0.420976,
          4.888628
        ],
        [
          -0.509689,
          0.38578,
          -0.76902,
          2.677972
        ],
        [
          0.063972,
          -0.874368,
          -0.481028,
          1.523547
        ],
        [
          0.0,
          0.0,
          0.0,
          1.0
        ]
      ]
    },
    {
      "file_path": "/media/NFS/ttao/scannet/posed_images/scene0451_04/00374.jpg",
      "transform_matrix": [
        [
          -0.865208,
          -0.345453,
          0.363425,
          4.97348
        ],
        [
          -0.498561,
          0.515502,
          -0.696918,
          2.585801
        ],
        [
          0.053406,
          -0.784168,
          -0.618245,
          1.503166
        ],
        [
          0.0,
          0.0,
          0.0,
          1.0
        ]
      ]
    },
    {
      "file_path": "/media/NFS/ttao/scannet/posed_images/scene0451_04/00379.jpg",
      "transform_matrix": [
        [
          -0.864787,
          -0.366122,
          0.343653,
          5.048419
        ],
        [
          -0.499603,
          0.558668,
          -0.662033,
          2.548391
        ],
        [
          0.050397,
          -0.744208,
          -0.666045,
          1.50132
        ],
        [
          0.0,
          0.0,
          0.0,
          1.0
        ]
      ]
    },
    {
      "file_path": "/media/NFS/ttao/scannet/posed_images/scene0451_04/00380.jpg",
      "transform_matrix": [
        [
          -0.860902,
          -0.369241,
          0.350011,
          5.057884
        ],
        [
          -0.50659,
          0.558515,
          -0.656831,
          2.539981
        ],
        [
          0.047042,
          -0.74278,
          -0.667881,
          1.504578
        ],
        [
          0.0,
          0.0,
          0.0,
          1.0
        ]
      ]
    },
    {
      "file_path": "/media/NFS/ttao/scannet/posed_images/scene0451_04/00389.jpg",
      "transform_matrix": [
        [
          -0.869483,
          -0.382658,
          0.312366,
          5.186881
        ],
        [
          -0.491134,
          0.602124,
          -0.629471,
          2.509929
        ],
        [
          0.052789,
          -0.700727,
          -0.711474,
          1.488259
        ],
        [
          0.0,
          0.0,
          0.0,
          1.0
        ]
      ]
    },
    {
      "file_path": "/media/NFS/ttao/scannet/posed_images/scene0451_04/00392.jpg",
      "transform_matrix": [
        [
          -0.885813,
          -0.35688,
          0.296601,
          5.228942
        ],
        [
          -0.461549,
          0.611403,
          -0.642775,
          2.50899
        ],
        [
          0.04805,
          -0.706274,
          -0.706306,
          1.483238
        ],
        [
          0.0,
          0.0,
          0.0,
          1.0
        ]
      ]
    },
    {
      "file_path": "/media/NFS/ttao/scannet/posed_images/scene0451_04/00397.jpg",
      "transform_matrix": [
        [
          -0.925721,
          -0.291804,
          0.240606,
          5.317488
        ],
        [
          -0.376346,
          0.647687,
          -0.662469,
          2.506971
        ],
        [
          0.037474,
          -0.703812,
          -0.709397,
          1.488251
        ],
        [
          0.0,
          0.0,
          0.0,
          1.0
        ]
      ]
    },
    {
      "file_path": "/media/NFS/ttao/scannet/posed_images/scene0451_04/00404.jpg",
      "transform_matrix": [
        [
          -0.971729,
          -0.16445,
          0.169409,
          5.425678
        ],
        [
          -0.235929,
          0.703668,
          -0.670216,
          2.510212
        ],
        [
          -0.00899,
          -0.691236,
          -0.722573,
          1.501771
        ],
        [
          0.0,
          0.0,
          0.0,
          1.0
        ]
      ]
    },
    {
      "file_path": "/media/NFS/ttao/scannet/posed_images/scene0451_04/00409.jpg",
      "transform_matrix": [
        [
          -0.988435,
          -0.091352,
          0.121039,
          5.487187
        ],
        [
          -0.150401,
          0.692513,
          -0.705553,
          2.514184
        ],
        [
          -0.019367,
          -0.715598,
          -0.698244,
          1.51419
        ],
        [
          0.0,
          0.0,
          0.0,
          1.0
        ]
      ]
    },
    {
      "file_path": "/media/NFS/ttao/scannet/posed_images/scene0451_04/00417.jpg",
      "transform_matrix": [
        [
          -0.999362,
          0.016391,
          0.031725,
          5.558785
        ],
        [
          -0.01214,
          0.679552,
          -0.733527,
          2.473407
        ],
        [
          -0.033582,
          -0.733445,
          -0.678919,
          1.547513
        ],
        [
          0.0,
          0.0,
          0.0,
          1.0
        ]
      ]
    },
    {
      "file_path": "/media/NFS/ttao/scannet/posed_images/scene0451_04/00422.jpg",
      "transform_matrix": [
        [
          -0.99602,
          0.085514,
          -0.025103,
          5.612669
        ],
        [
          0.074978,
          0.651743,
          -0.754725,
          2.449863
        ],
        [
          -0.048179,
          -0.753604,
          -0.655561,
          1.550804
        ],
        [
          0.0,
          0.0,
          0.0,
          1.0
        ]
      ]
    },
    {
      "file_path": "/media/NFS/ttao/scannet/posed_images/scene0451_04/00426.jpg",
      "transform_matrix": [
        [
          -0.990706,
          0.126516,
          -0.049943,
          5.644024
        ],
        [
          0.11937,
          0.632703,
          -0.765139,
          2.434755
        ],
        [
          -0.065203,
          -0.76399,
          -0.641925,
          1.556465
        ],
        [
          0.0,
          0.0,
          0.0,
          1.0
        ]
      ]
    },
    {
      "file_path": "/media/NFS/ttao/scannet/posed_images/scene0451_04/00434.jpg",
      "transform_matrix": [
        [
          -0.96049,
          0.216657,
          -0.174697,
          5.687522
        ],
        [
          0.272686,
          0.606973,
          -0.746476,
          2.425716
        ],
        [
          -0.055693,
          -0.76462,
          -0.64207,
